3 79
4 80
7 9
4 20
10 11
2 22
9 7
1 55
1 19
1 75
2 7
9 42
4 27
7 72
1 96
5 21
4 55
1 6
8 87
5 19
7 97
5 6
1 5
4 65
9 95
8 96
10 48
1 54
5 92
10 98
3 45
4 93
2 69
4 55
4 12
3 40
3 85
6 22
9 80
10 45
5 95
5 50
6 78
1 57
5 76
2 2
9 83
2 78
2 96
2 96
7 81
7 46
6 35
3 14
5 32
4 56
8 46
10 22
2 78
3 20
9 29
10 91
10 5
9 100
10 95
6 99
8 57
2 23
1 71
4 91
7 80
4 42
6 83
7 42
1 99
7 66
5 61
8 11
3 36
1 83
6 8
5 70
1 100
2 88
4 25
10 63
5 56
1 58
8 31
5 68
5 58
7 100
5 41
10 62
3 27
9 50
1 33
5 48
2 35
9 4
8 4
4 92
5 9
6 93
2 7
9 3
8 30
3 66
10 17
9 14
1 71
2 17
3 67
9 45
1 29
4 33
2 94
6 49
3 90
9 30
7 25
3 63
2 59
3 83
7 89
1 88
7 30
9 58
6 38
3 61
10 75
4 15
9 93
6 78
7 64
8 35
2 94
9 28
7 42
2 68
5 69
2 1
9 67
10 27
1 98
1 16
5 12
9 80
9 31
7 75
1 82
10 9
2 90
8 91
5 66
7 33
3 57
6 80
7 39
7 97
4 7
2 19
4 88
8 98
5 70
2 17
4 92
4 27
4 25
8 34
8 36
6 13
2 29
7 61
10 57
7 51
2 77
5 12
5 24
7 85
6 27
9 6
7 63
2 91
2 55
8 55
10 27
5 77
9 8
8 48
5 90
5 50
4 12
6 93
2 47
7 91
7 2
2 24
4 27
5 58
9 71
4 81
1 23
10 81
4 88
6 53
10 57
3 58
7 47
7 65
3 34
7 30
2 59
9 42
2 54
2 8
1 35
8 76
10 17
1 16
1 43
6 37
6 94
9 6
2 96
7 12
10 48
5 70
5 18
3 24
5 54
1 60
7 53
1 76
8 21
2 39
7 51
9 50
7 74
6 63
2 89
10 2
2 98
4 41
5 7
3 82
6 31
2 35
8 79
5 29
3 61
6 82
4 26
5 74
7 32
5 73
8 24
1 24
5 66
6 61
3 6
9 40
3 32
6 80
1 19
5 72
4 7
1 36
5 45
6 92
9 16
1 87
9 7
2 88
10 47
7 30
8 70
5 91
9 5
10 84
2 66
4 79
4 23
4 26
8 16
9 72
7 39
6 42
6 55
9 72
9 6
10 53
1 97
10 89
8 38
4 87
8 24
4 88
1 48
2 59
10 39
6 90
4 81
10 46
10 88
7 83
7 10
8 54
10 49
6 32
8 17
5 44
8 25
9 74
4 10
1 57
7 70
9 6
10 72
6 94
6 78
10 93
6 12
4 93
9 48
5 7
9 3
5 1
1 29
7 97
7 70
6 62
4 17
5 21
3 27
7 31
1 53
5 70
5 18
6 65
1 96
4 46
7 42
10 95
2 12
7 17
4 31
9 42
10 100
2 42
9 27
7 28
6 45
8 62
9 3
8 11
7 54
8 45
10 89
4 29
4 54
8 63
9 53
5 46
10 74
10 44
8 90
6 27
1 38
1 34
10 64
9 95
10 66
3 29
2 57
7 21
5 99
4 85
4 73
1 30
7 45
5 33
4 72
6 94
7 79
6 12
2 64
6 48
2 96
5 40
3 45
1 28
9 10
9 49
1 55
6 14
10 71
5 77
1 95
3 77
6 30
7 14
7 24
10 91
2 88
9 24
9 74
6 53
10 25
9 18
6 89
7 73
8 13
8 74
10 90
5 41
9 57
2 63
7 47
3 7
10 90
4 32
1 14
6 57
6 78
3 36
5 54
2 68
4 96
3 37
3 30
5 6
2 14
5 63
2 89
5 13
6 49
4 76
9 24
5 60
8 22
10 75
8 7
1 78
7 26
4 39
5 45
4 88
4 71
2 15
6 31
1 5
3 47
5 48
10 14
4 17
1 50
4 8
1 6
8 48
2 4
9 39
8 87
6 74
6 93
1 9
8 68
9 63
7 47
10 49
10 28
5 13
10 80
1 89
2 74
4 98
2 78
5 33
5 51
7 37
1 32
6 43
1 16
6 98
4 56
9 61
2 62
5 28
8 49
2 92
9 72
1 60
3 100
4 17
10 17
3 28
6 4
5 55
5 96
3 87
3 31
6 6
8 93
7 93
10 41
2 92
5 7
6 61
10 13
4 23
2 98
8 21
10 29
3 19
3 8
10 1
1 12
6 87
1 37
3 49
10 95
3 65
8 32
4 70
5 47
4 35
4 41
8 69
4 11
6 70
6 55
4 81
7 88
2 4
2 68
3 48
7 61
1 59
9 58
5 90
7 5
3 14
6 54
8 91
3 89
4 97
6 61
5 55
8 85
4 21
9 32
4 69
2 90
8 74
2 53
5 18
6 86
3 55
5 78
8 33
8 5
6 42
2 10
8 42
7 64
4 46
4 13
3 13
4 13
1 6
4 26
7 50
5 15
8 49
8 28
1 88
6 13
2 38
10 59
6 7
7 16
4 67
9 34
10 64
7 12
5 68
5 24
2 97
7 9
3 50
5 89
4 35
8 59
4 10
2 8
5 18
6 19
3 97
8 71
2 93
3 21
2 3
8 24
4 4
9 42
3 66
6 80
3 67
9 25
10 77
2 40
3 10
9 4
10 87
7 5
10 57
3 77
4 91
8 93
4 79
6 55
6 11
6 22
1 72
2 64
10 47
6 83
5 97
4 26
5 73
6 79
2 59
2 1
6 92
9 92
3 69
7 4
8 62
4 65
7 77
1 12
10 80
4 82
4 72
2 43
8 15
7 38
9 49
7 67
7 86
3 31
1 63
3 13
8 36
6 32
1 100
5 9
8 96
2 88
2 42
1 97
4 17
10 45
3 17
5 64
3 37
8 45
4 61
1 18
4 88
4 68
9 66
7 63
9 80
6 65
2 81
4 69
6 75
4 60
10 55
1 99
8 22
8 99
3 46
10 47
2 94
8 4
10 50
6 30
4 98
8 70
8 89
3 64
8 70
8 100
1 56
4 26
6 68
5 23
3 71
7 55
3 34
7 25
2 94
8 82
8 12
8 82
9 88
10 32
4 76
2 65
5 12
4 84
2 15
9 81
10 36
3 8
8 64
5 1
10 86
4 31
2 1
6 70
6 16
6 22
8 79
9 93
3 11
3 97
7 39
1 52
5 80
2 92
3 45
5 83
5 52
2 96
5 21
6 65
7 1
1 14
3 54
9 42
7 92
4 36
7 80
8 20
2 36
2 93
8 59
3 4
5 2
3 43
3 44
2 91
7 9
5 87
4 85
3 72
5 36
3 6
10 10
6 14
10 72
2 45
3 32
4 39
9 4
4 98
5 71
6 33
2 41
1 71
1 33
1 82
10 74
7 84
9 85
10 41
8 51
4 93
1 39
2 37
5 44
4 82
3 64
9 7
10 16
2 73
10 56
2 96
7 75
6 72
8 86
6 45
8 58
9 45
1 68
1 89
2 84
2 79
9 29
3 95
4 12
2 92
6 100
4 83
6 95
7 67
1 68
3 55
2 45
8 9
1 71
1 87
9 36
8 82
6 97
1 59
5 82
5 66
7 44
5 94
10 78
6 53
3 63
1 86
1 79
9 93
9 72
4 24
8 6
2 100
6 8
8 11
4 34
2 97
9 96
1 29
4 95
8 78
5 19
5 3
2 57
3 33
6 56
2 3
1 79
5 12
6 54
8 2
9 75
7 18
1 12
4 65
2 90
2 34
3 88
9 33
9 3
4 72
9 22
9 17
9 94
3 85
9 64
8 24
10 86
2 77
10 56
6 25
8 29
7 17
5 31
9 37
9 96
3 40
10 65
1 85
7 5
10 59
7 52
9 2
10 2
4 67
6 48
5 46
9 90
10 66
4 42
1 26
6 37
1 16
1 75
4 95
5 17
3 82
2 64
9 55
6 69
1 30
5 29
1 43
10 6
2 19
4 43
9 40
7 81
3 91
2 51
2 12
8 90
4 49
6 18
10 27
3 9
2 46
6 74
8 37
9 8
8 18
10 25
3 80
5 17
6 90
6 50
1 91
3 35
8 29
8 16
8 95
1 18
3 5
1 91
5 91
4 69
3 89
5 72
7 89
8 61
5 6
6 50
9 57
2 93
5 15
2 42
1 71
2 17
7 66
9 40
10 49
2 41
8 86
1 48
5 91
5 45
3 57
6 77
1 45
1 11
1 41
2 62
10 90
7 86
4 80
3 93
8 76
10 51
8 42
6 37
9 87
10 28
10 32
8 70
7 39
7 95
9 96
4 97
6 52
8 100
7 69
7 90
3 15
1 88
10 85
8 12
3 45
7 39
9 19
9 97
10 88
1 46
3 40
4 72
5 97
10 49
5 71
1 4
2 98
1 92
