1 15
8 10
9 5
6 19
5 9
6 23
3 63
9 99
3 57
2 87
1 59
7 79
10 61
4 79
2 36
2 49
8 29
7 62
3 10
8 31
1 62
6 32
4 44
7 68
7 46
1 51
1 20
8 100
2 17
3 41
1 95
6 77
7 44
3 66
10 92
9 22
5 45
5 12
9 89
10 72
6 91
1 19
7 19
9 76
2 48
4 41
1 4
6 74
6 23
1 69
6 8
8 29
8 42
4 37
4 54
3 18
1 51
5 93
1 22
10 96
9 87
2 3
2 71
1 11
2 88
1 35
9 32
10 83
8 8
5 78
8 4
1 3
3 17
4 24
1 76
8 68
6 79
10 60
7 93
4 45
1 81
9 96
5 67
7 18
8 53
1 23
9 2
3 71
2 78
1 24
5 18
2 52
4 86
6 62
6 13
2 19
10 35
7 8
8 70
4 51
3 4
3 96
3 93
5 81
2 94
5 90
1 54
10 71
9 21
10 59
4 95
4 43
1 90
7 4
9 4
4 21
4 40
7 45
1 88
7 78
8 1
5 88
10 15
3 62
1 52
5 6
1 68
8 58
5 90
7 70
1 6
9 6
6 75
7 27
7 84
6 6
1 52
3 12
8 94
5 44
3 59
6 83
8 43
8 47
3 23
1 88
6 59
6 99
4 15
5 57
6 96
7 64
2 40
5 49
8 70
5 30
1 89
9 34
9 45
4 20
8 13
10 77
1 99
5 11
7 93
6 22
5 28
10 81
3 44
3 11
4 48
4 48
7 48
10 96
7 5
3 98
3 64
2 81
7 23
6 88
2 93
2 92
4 53
5 73
7 59
9 86
1 91
10 33
8 99
3 23
3 3
6 76
9 100
1 76
6 66
9 91
10 55
9 55
8 22
9 51
2 9
1 46
7 63
3 46
6 33
1 5
7 84
10 27
7 8
8 11
1 65
6 7
6 59
1 85
10 92
3 92
4 77
7 32
3 77
10 27
6 24
5 37
1 15
5 43
6 50
9 4
6 51
7 57
9 49
4 51
6 82
9 96
8 89
4 42
10 100
8 32
5 26
7 27
7 37
7 4
1 80
4 65
5 44
1 9
4 77
4 66
10 96
10 90
4 59
4 46
8 45
1 40
6 16
1 71
3 33
9 53
8 75
3 81
2 45
3 58
6 86
6 93
4 75
1 3
2 60
7 99
6 91
2 11
10 46
3 85
9 48
6 87
8 56
8 40
3 53
5 73
9 34
6 67
10 66
4 6
3 96
1 85
1 38
2 95
6 56
6 34
1 81
3 49
9 1
9 34
6 41
5 30
10 31
6 75
9 22
7 45
6 95
7 24
5 31
5 6
9 78
7 8
9 24
10 96
8 91
7 27
1 4
1 80
5 23
3 94
10 58
7 70
8 61
10 89
10 78
7 40
10 88
6 29
1 86
9 72
1 74
6 71
6 26
7 72
5 56
3 81
3 6
7 17
2 46
4 78
10 65
5 11
6 42
8 40
10 34
9 40
9 42
6 75
5 56
7 18
6 67
10 89
1 19
3 3
6 26
6 85
1 54
10 33
6 71
5 41
4 100
9 33
7 58
1 26
8 54
10 33
3 60
10 68
9 4
6 92
5 97
6 37
4 1
6 14
5 13
7 77
8 45
7 15
4 52
10 16
7 62
10 46
7 67
7 100
9 94
9 32
1 34
2 98
6 49
6 52
5 38
1 6
10 21
5 37
4 74
2 61
10 22
6 89
7 88
3 68
8 16
8 82
9 67
3 92
9 70
10 37
3 72
5 46
9 74
10 48
9 50
7 41
5 86
1 73
8 63
6 8
2 98
3 55
6 2
8 75
6 57
5 9
3 17
4 75
3 15
7 12
10 98
4 24
8 13
3 19
5 76
9 49
4 9
9 22
5 37
9 56
8 25
4 78
6 6
8 15
6 1
3 84
6 72
9 7
10 67
1 87
9 46
1 21
8 93
9 68
10 62
10 29
3 18
3 33
8 71
5 45
5 70
6 17
7 90
4 45
9 97
2 68
5 43
9 30
1 48
3 49
8 82
10 88
6 61
7 77
4 80
4 53
8 49
8 51
9 69
2 94
2 10
8 67
2 97
8 75
3 76
8 37
6 25
7 32
5 77
4 56
2 97
8 12
8 55
8 97
7 65
5 54
8 46
3 28
7 70
5 31
2 97
4 71
1 67
5 13
10 51
10 39
2 10
1 8
3 75
5 56
6 62
4 17
7 82
10 42
9 32
10 53
2 94
9 67
5 24
5 79
7 94
10 70
7 31
5 71
9 38
9 16
1 100
4 55
2 25
4 78
8 60
6 66
5 23
3 15
8 8
2 31
7 83
7 60
7 7
5 96
8 67
6 48
8 26
9 29
4 20
9 63
9 10
5 23
7 57
2 69
5 38
8 15
4 69
3 46
6 72
1 99
1 22
6 33
2 78
3 33
5 66
3 54
8 38
7 45
10 87
8 14
5 88
7 57
9 24
5 87
9 36
10 100
6 64
1 78
1 74
4 53
5 4
7 51
6 48
5 19
7 13
1 49
7 56
2 76
8 25
2 5
5 76
6 19
2 84
5 13
2 60
3 76
6 81
2 58
7 52
3 12
8 52
9 99
10 100
7 4
9 39
4 73
2 77
9 41
1 31
7 35
7 50
5 98
2 97
6 38
2 57
6 98
10 4
4 96
6 86
8 81
7 70
4 22
4 97
10 12
9 48
10 31
1 17
4 31
8 77
10 48
6 29
8 77
1 19
1 95
3 91
8 4
8 63
4 98
6 9
6 98
10 44
6 87
5 49
8 80
5 36
3 35
8 91
9 67
1 7
6 53
10 87
8 99
7 50
2 18
2 49
9 70
7 89
7 48
10 31
1 43
9 87
5 20
8 58
5 5
5 4
4 38
6 18
10 8
8 62
6 5
6 49
5 4
2 54
1 37
2 97
8 54
3 93
5 11
8 47
10 100
9 65
8 69
6 8
4 82
3 31
6 88
7 76
3 60
4 28
4 100
9 31
4 80
2 6
3 32
7 78
5 43
4 38
4 59
4 21
3 44
10 73
4 55
7 56
1 87
8 37
6 42
7 19
1 69
6 51
7 78
6 44
7 38
3 4
2 60
9 89
3 85
6 85
1 70
5 100
2 23
10 25
2 46
2 36
1 57
4 99
5 13
3 79
9 29
4 82
7 11
2 55
9 82
7 87
2 28
1 7
2 50
8 35
6 90
9 61
1 17
2 87
7 87
10 96
8 44
7 33
4 25
10 29
1 84
4 85
9 89
7 98
9 99
10 83
5 31
1 68
6 75
6 18
5 50
10 14
4 88
2 100
8 86
1 97
7 16
8 70
2 99
8 10
4 34
2 86
10 48
1 87
6 13
1 68
6 7
4 63
1 15
5 55
3 85
8 65
4 81
9 31
9 20
8 41
7 51
6 75
7 6
8 4
3 86
7 74
9 25
7 78
2 27
2 43
5 71
9 43
9 7
1 18
2 25
7 12
7 10
8 30
7 69
9 13
9 78
5 15
6 29
9 10
5 71
3 23
5 28
3 8
8 74
2 15
7 41
10 91
1 28
2 24
1 77
10 79
9 89
1 88
3 35
7 97
2 99
2 52
2 27
1 32
1 90
9 5
3 93
2 42
8 91
6 76
9 49
10 38
2 31
5 72
10 78
1 25
7 87
9 29
6 61
8 3
3 55
9 8
3 73
8 1
3 1
1 55
3 33
1 58
2 77
9 35
1 99
6 75
1 68
9 66
1 33
9 37
2 2
1 52
5 80
3 40
5 33
10 72
10 75
5 47
1 9
5 42
10 46
10 48
3 56
3 88
3 92
10 34
4 6
4 71
9 63
1 58
6 59
9 92
1 37
1 12
6 21
5 72
4 50
4 18
3 5
3 98
10 82
8 5
6 98
2 74
5 22
1 73
2 67
9 50
10 3
1 75
9 28
2 82
7 64
9 74
6 2
6 9
10 59
9 64
5 56
1 59
1 48
3 99
7 66
3 86
5 71
5 71
8 18
8 51
6 24
6 44
6 35
10 20
4 2
8 21
1 56
9 49
7 54
4 86
9 42
7 81
1 23
10 75
2 23
6 20
10 25
8 99
7 12
3 43
10 24
2 66
8 72
7 1
2 16
5 80
2 25
6 54
3 43
5 12
6 68
4 23
5 20
4 89
10 45
2 67
5 80
8 77
3 77
5 50
10 61
9 54
6 70
8 82
7 21
7 67
4 47
2 19
8 77
1 9
10 79
9 32
8 35
8 31
10 24
6 84
10 30
6 60
2 73
1 64
2 31
7 50
2 38
1 93
6 19
8 50
9 56
1 92
9 9
5 5
5 12
10 44
7 74
9 50
8 98
9 100
3 13
6 74
3 76
3 72
7 67
2 42
1 54
2 85
9 50
4 37
6 5
6 10
7 79
5 8
4 74
8 95
4 89
5 3
4 69
7 21
7 64
8 99
1 16
8 91
3 77
