7 60
3 13
5 52
2 76
1 70
2 88
6 25
4 63
9 39
10 14
1 15
7 46
6 5
10 66
1 8
10 11
10 36
10 67
2 28
10 35
3 96
4 12
8 10
9 17
2 8
9 96
8 18
7 22
5 91
8 49
7 39
1 41
3 39
3 23
8 49
5 74
2 89
3 79
8 81
8 72
7 26
5 25
7 89
8 49
8 74
5 52
1 63
7 38
9 57
8 43
5 71
7 21
5 47
2 64
8 51
5 44
2 73
6 26
2 88
9 53
4 67
8 4
4 32
5 41
3 58
5 12
3 71
9 95
9 65
2 15
5 7
5 12
4 69
8 65
2 26
3 46
9 95
6 79
5 20
1 24
6 29
2 27
6 16
10 37
9 79
9 4
2 86
9 26
1 98
10 20
5 47
6 18
6 4
4 15
6 18
4 93
1 64
9 19
6 2
10 47
10 92
7 95
3 19
5 7
5 87
6 10
10 8
6 95
10 91
9 83
2 83
1 100
4 78
2 76
5 86
8 40
3 10
5 88
9 26
5 70
1 42
4 59
5 44
4 17
8 36
3 71
7 29
8 94
6 26
5 86
8 83
2 97
1 3
5 36
10 24
8 9
10 17
5 39
8 19
5 86
3 18
1 71
1 68
3 75
3 86
8 6
4 2
6 66
10 40
4 78
2 96
9 40
3 62
6 95
1 94
5 32
8 31
1 31
1 51
5 51
10 12
9 66
5 58
6 86
7 29
5 38
4 26
8 65
9 43
9 29
3 52
7 35
10 70
3 64
9 14
3 85
3 41
8 32
4 67
10 50
1 47
7 68
2 79
8 74
9 81
6 91
6 94
8 96
4 86
1 4
8 98
3 9
5 21
4 38
1 58
8 81
9 15
5 36
7 63
2 95
4 44
4 16
3 55
2 83
1 65
10 97
8 98
1 69
3 52
7 70
8 31
8 69
5 20
8 42
9 77
2 25
6 72
4 12
7 80
5 36
4 33
3 26
9 78
2 27
8 30
9 43
6 76
2 48
8 89
5 27
2 41
1 40
3 21
6 15
2 24
6 6
6 95
6 99
9 23
1 8
10 79
7 50
9 92
10 98
2 34
7 69
2 75
7 60
2 47
8 74
3 11
10 46
9 23
4 12
2 36
5 11
1 7
8 25
8 60
3 88
2 22
7 74
1 88
6 20
6 54
7 11
7 66
9 40
10 86
1 6
10 46
4 5
2 70
10 30
7 74
9 78
3 63
5 29
3 32
6 25
10 69
9 64
8 8
1 19
1 13
5 27
5 48
4 22
2 19
7 39
6 21
3 36
10 67
4 86
9 66
9 91
10 50
10 47
2 65
5 80
9 99
7 65
1 3
7 13
8 72
8 2
5 70
8 93
8 72
7 50
5 74
5 61
7 63
1 10
9 54
8 98
6 19
3 91
9 34
9 48
5 39
1 70
10 8
10 70
8 88
3 3
8 52
9 36
6 41
9 93
9 27
4 70
1 93
6 41
9 57
4 48
1 85
2 32
7 36
9 6
9 12
4 95
10 1
10 3
10 9
4 38
8 74
6 16
8 28
3 35
4 33
7 8
10 22
2 66
1 77
2 34
7 24
8 56
5 77
4 52
9 45
4 58
2 17
5 20
1 42
10 73
2 45
8 70
3 99
6 17
8 11
2 78
1 32
1 28
8 11
3 16
5 18
9 6
6 44
7 97
3 73
3 32
2 41
8 78
5 74
8 26
7 51
6 30
7 4
3 70
1 75
8 14
3 40
4 37
1 78
6 84
1 11
8 14
6 54
8 78
1 79
10 76
4 88
8 69
2 4
5 83
9 30
8 72
6 59
10 34
1 99
5 96
2 26
10 69
1 4
4 56
3 24
1 63
3 67
8 100
4 75
3 5
9 55
6 31
7 7
9 92
9 96
9 94
1 67
5 68
10 49
2 32
4 76
9 23
9 99
3 26
2 55
6 38
9 62
6 2
1 7
5 80
9 76
3 86
9 46
1 75
3 88
7 8
6 55
1 72
2 92
2 52
8 42
6 28
6 64
2 90
2 69
5 79
9 92
9 19
1 63
10 99
6 62
10 57
3 80
9 75
9 75
9 22
9 66
5 25
7 44
3 67
6 91
10 22
8 39
7 82
3 94
8 38
1 97
9 22
6 49
3 58
1 71
10 27
3 33
4 32
10 95
6 37
10 15
6 59
8 13
8 23
9 86
1 94
2 5
9 93
5 60
10 11
4 1
1 60
3 88
9 81
1 16
9 71
1 27
3 20
4 47
9 37
10 61
2 73
7 12
5 67
10 6
3 33
5 4
2 85
4 99
1 33
5 24
3 42
6 68
1 36
8 48
6 86
8 18
9 93
10 25
5 28
2 43
10 4
3 96
9 45
7 58
9 62
5 14
10 49
5 82
7 87
8 61
5 99
10 4
6 29
3 89
7 31
10 51
9 20
8 10
3 1
9 61
3 22
5 86
4 13
3 77
2 2
6 45
9 51
6 93
8 42
4 50
10 9
3 30
9 50
6 49
5 1
7 40
7 88
9 97
1 26
6 81
2 51
6 77
7 84
5 51
3 2
6 72
9 50
2 36
2 80
3 98
1 76
4 87
9 19
7 42
3 75
1 58
9 48
6 99
6 74
3 91
3 79
6 73
2 77
5 53
9 68
7 72
9 23
1 22
10 34
10 25
2 17
8 52
8 55
8 62
2 51
5 9
2 83
6 12
4 11
2 17
2 77
1 47
4 14
1 60
4 14
10 75
2 20
4 66
1 90
6 51
1 37
2 85
10 20
1 6
4 83
8 51
9 79
6 60
1 80
6 23
4 32
8 24
5 11
8 10
10 20
9 68
8 56
5 99
3 53
1 13
10 82
5 77
1 38
8 99
9 50
1 33
5 45
2 94
1 3
1 70
1 46
5 45
10 65
10 87
9 26
7 5
2 40
5 21
2 54
6 66
4 80
4 23
2 52
1 59
9 4
6 68
8 42
7 37
1 100
3 33
9 44
7 77
5 21
1 97
3 56
5 19
10 57
10 21
4 100
9 43
5 17
6 30
1 90
3 48
2 81
2 80
4 5
6 37
10 92
5 7
3 30
3 46
10 46
5 43
8 28
2 97
10 43
4 49
10 32
8 91
6 7
7 82
7 11
8 6
9 74
2 32
4 50
5 62
7 47
6 25
4 97
8 77
3 78
3 5
7 6
6 45
1 43
1 41
9 8
9 91
3 18
5 24
10 87
1 99
7 11
2 47
2 52
9 48
2 49
8 26
10 55
6 6
9 53
3 22
3 18
7 40
1 33
1 67
9 61
3 6
5 51
4 61
5 90
1 65
9 1
3 68
1 67
9 27
5 16
10 46
1 100
4 18
5 79
2 41
2 28
7 94
3 23
10 3
4 93
10 5
7 86
7 15
8 35
1 44
10 5
9 23
2 95
8 92
3 91
10 70
9 29
1 95
9 50
4 4
3 15
4 75
9 79
8 71
8 9
1 51
10 91
9 18
2 97
3 59
8 62
6 57
5 94
4 78
3 13
5 50
8 51
3 7
7 45
1 67
3 15
6 79
3 92
10 35
1 84
5 34
1 76
5 16
7 17
2 51
9 27
2 83
5 53
9 46
2 79
10 41
3 44
8 25
4 30
1 6
8 46
6 66
2 85
4 69
4 53
2 32
9 13
10 93
5 58
8 3
5 47
2 55
3 92
7 71
4 9
9 87
9 77
3 74
7 40
6 70
7 66
1 80
5 75
4 10
5 32
6 71
6 42
7 27
10 99
6 20
7 62
7 57
5 36
10 54
3 17
9 25
9 56
5 8
5 69
2 43
9 5
4 49
1 55
6 47
6 1
8 21
4 13
7 46
6 43
10 23
5 6
1 87
2 36
5 74
7 66
4 4
5 3
4 77
9 60
3 12
9 10
1 45
8 53
2 76
6 19
3 4
7 21
3 60
6 92
7 53
6 71
1 37
6 68
5 32
1 50
5 98
7 27
1 49
5 56
8 61
5 86
6 77
4 94
2 16
4 90
9 38
6 95
2 82
6 39
5 82
9 44
5 89
1 87
8 32
5 75
10 71
5 34
9 19
9 91
5 35
5 69
9 72
8 87
10 99
9 17
3 5
4 60
4 5
4 14
7 86
3 1
7 83
5 42
7 30
6 42
10 81
5 17
8 56
7 71
1 63
1 80
9 11
9 83
7 42
10 76
6 28
4 48
2 73
4 2
9 76
8 15
6 86
6 50
8 81
9 34
2 36
8 50
7 32
8 68
7 35
7 97
2 85
3 89
2 73
5 66
5 72
3 44
3 49
6 28
8 55
10 29
8 44
2 97
1 19
7 33
9 58
10 61
9 66
6 39
3 79
5 82
9 3
5 47
3 44
4 51
2 43
9 72
2 85
9 95
6 96
3 75
6 45
2 37
6 26
9 67
9 71
2 11
1 15
6 56
7 97
3 8
9 44
3 7
8 13
6 23
3 84
3 1
