10 37
7 67
2 21
1 46
5 52
4 89
2 3
2 86
3 2
3 23
4 93
3 65
9 10
2 51
8 36
1 28
10 17
4 16
4 17
8 49
1 31
8 18
7 18
6 37
9 17
6 30
7 7
6 76
2 11
6 36
7 95
6 69
4 4
8 15
4 18
1 8
10 66
8 44
6 46
8 97
8 17
9 81
4 16
4 32
4 45
10 73
7 74
2 52
4 66
4 6
8 61
6 90
5 89
9 50
2 6
6 13
1 2
10 78
2 37
10 86
2 29
9 43
5 18
3 43
9 79
3 67
10 85
3 61
1 68
8 13
1 31
9 7
7 92
9 47
5 94
4 37
9 76
9 93
5 79
4 24
1 63
9 89
5 70
8 90
8 95
3 2
10 35
4 44
7 34
9 39
8 90
9 70
10 12
4 43
6 88
4 51
5 69
10 80
9 65
8 88
1 33
9 86
5 86
9 15
10 26
1 67
5 89
1 17
8 86
1 13
7 25
9 26
9 3
2 77
1 94
8 85
1 44
6 67
8 91
2 18
8 91
1 61
9 59
7 30
1 6
6 63
4 38
3 99
4 40
8 74
4 92
8 34
1 78
6 39
9 94
2 18
5 32
5 19
8 37
10 40
1 51
4 34
7 56
10 34
7 59
3 9
6 7
6 42
5 44
2 5
6 76
2 6
8 27
2 55
3 19
6 7
9 35
7 44
6 7
8 20
9 97
3 36
8 12
4 82
3 31
2 85
7 76
2 27
8 74
8 67
6 36
9 65
1 21
9 11
7 17
3 77
3 67
2 85
9 98
10 42
2 69
1 24
4 58
1 21
4 94
10 34
5 88
2 12
5 100
9 62
8 45
2 21
2 75
5 7
7 53
4 49
4 95
10 92
1 15
5 63
2 79
10 36
2 15
2 40
2 42
4 69
1 8
2 19
1 70
9 27
2 22
5 28
7 1
1 39
2 42
8 87
9 37
8 61
1 99
9 63
6 57
10 76
3 60
8 44
9 40
4 11
6 72
10 31
7 38
2 80
2 60
4 98
9 4
9 78
6 13
8 27
8 79
5 64
9 89
7 96
9 89
8 97
1 28
5 17
8 56
5 39
4 80
3 19
9 36
3 54
9 27
5 85
9 90
4 31
1 6
2 38
6 57
3 3
1 93
4 35
1 46
3 44
10 79
7 24
9 21
1 20
2 80
3 80
10 63
3 31
2 11
10 71
7 23
10 79
8 39
7 69
8 15
2 3
1 84
7 61
4 70
4 10
5 5
1 69
1 62
8 75
10 28
1 82
9 65
2 92
7 83
8 86
3 25
1 36
7 79
8 68
9 97
10 19
9 57
3 39
8 31
10 79
10 2
8 52
1 65
7 22
3 40
7 31
7 54
5 100
5 57
5 55
1 96
3 48
6 12
4 8
8 22
8 39
10 93
8 1
3 69
3 62
6 15
3 96
8 75
7 18
1 93
4 42
7 21
7 71
5 23
6 94
8 98
8 47
1 64
7 9
2 11
3 98
9 47
8 24
5 61
6 86
10 20
5 39
8 30
3 90
6 61
7 81
1 25
4 32
3 15
3 55
2 44
5 52
8 69
9 40
8 90
1 52
10 25
7 36
1 56
8 95
10 47
6 47
10 81
9 36
2 79
4 28
5 52
9 23
4 64
1 12
2 51
4 68
3 40
1 1
3 55
10 32
9 28
8 1
6 16
8 89
4 95
6 23
10 99
10 18
9 20
2 95
9 36
3 98
9 10
1 20
1 27
5 72
6 49
8 98
6 88
1 90
3 95
5 1
5 73
7 80
8 66
5 66
4 84
1 31
10 10
7 50
5 72
9 67
2 1
8 28
10 22
2 99
7 32
2 34
10 58
10 38
7 65
9 56
2 21
3 17
6 29
10 38
4 62
9 98
9 32
6 96
6 15
3 96
8 5
9 53
10 58
5 69
4 5
10 10
4 78
7 78
7 58
9 42
4 89
4 63
10 87
5 54
3 13
1 78
10 39
7 7
6 45
3 38
1 31
4 88
5 26
5 93
1 49
2 31
2 100
4 48
4 81
4 29
9 73
7 43
5 97
1 56
1 10
3 72
10 58
2 66
4 95
7 34
6 15
10 81
4 45
2 16
5 90
8 82
5 66
7 9
9 16
3 72
10 39
3 86
7 31
4 63
10 79
4 66
6 67
4 39
1 58
2 15
7 3
1 64
9 94
1 3
6 63
10 34
8 90
5 2
6 45
7 56
4 11
3 59
10 34
8 58
1 17
8 49
4 92
3 28
6 8
7 5
8 58
10 78
4 44
10 36
1 5
6 52
9 55
2 83
4 67
6 69
1 68
5 30
4 51
7 14
2 44
4 7
10 82
3 2
10 62
8 2
2 66
7 33
4 7
3 69
1 34
7 98
3 84
3 50
8 51
9 94
6 1
5 69
2 46
9 40
10 10
9 38
7 84
5 76
2 43
1 44
7 40
8 10
6 57
1 90
1 5
10 43
3 48
10 100
9 94
10 36
7 49
2 30
8 36
6 16
9 99
10 35
5 52
7 4
7 47
9 97
1 11
5 78
8 10
9 79
10 19
10 72
5 79
1 72
2 17
1 75
10 15
8 87
3 75
1 78
9 70
3 55
7 57
8 14
4 33
5 1
1 61
2 62
6 59
8 71
5 60
3 86
3 99
1 73
2 8
2 89
1 66
10 56
5 77
10 28
4 6
3 76
1 63
5 54
9 35
7 83
4 8
6 36
7 62
1 6
3 43
9 60
6 26
3 32
8 66
9 16
9 25
3 80
5 21
8 74
6 22
8 100
8 33
2 94
6 78
4 76
6 81
9 49
9 64
8 39
6 97
6 37
2 74
9 23
5 39
5 56
4 71
1 75
1 16
10 32
5 45
10 13
9 13
6 29
2 54
5 74
6 80
4 48
6 65
5 82
5 14
8 4
8 76
3 70
8 32
1 93
3 96
8 72
8 52
9 99
9 90
9 31
2 11
7 1
1 82
10 70
5 98
8 64
1 15
4 79
2 74
9 34
1 47
7 81
3 77
2 69
9 86
8 20
4 8
1 4
4 84
7 42
7 69
7 81
8 37
8 1
9 9
9 59
4 99
4 25
2 49
7 48
4 87
1 72
6 58
3 52
1 9
4 85
7 98
4 78
8 74
6 80
6 57
10 20
1 14
4 26
7 23
9 11
4 65
8 19
2 18
6 37
3 95
9 90
3 6
2 9
10 63
10 84
4 99
10 56
3 17
6 30
4 71
9 99
4 36
7 2
4 54
4 49
10 100
5 50
4 31
9 79
7 34
2 2
8 22
7 7
3 67
6 80
3 82
7 28
8 8
9 7
4 30
6 30
1 90
3 62
1 41
2 56
8 95
6 60
7 83
8 79
4 34
4 84
9 55
6 41
3 53
5 76
8 25
6 68
2 62
3 3
6 23
3 39
6 72
10 8
5 61
4 46
5 73
3 42
7 2
9 3
10 47
1 100
8 47
7 25
8 8
1 63
2 13
9 9
4 52
8 97
2 81
9 88
7 23
8 6
9 76
10 34
4 2
3 82
8 97
6 75
7 48
5 20
2 23
10 9
1 46
4 11
4 65
2 15
3 90
7 92
4 97
8 57
6 9
10 41
2 66
1 18
8 10
10 37
2 22
3 36
10 80
10 74
4 32
5 93
2 76
10 85
6 91
3 21
3 70
8 74
2 70
9 52
10 74
9 90
3 46
9 22
3 20
4 54
5 95
5 98
10 46
4 100
7 97
7 22
6 87
3 18
5 90
6 71
2 16
4 100
7 82
10 19
3 44
6 4
3 16
9 99
6 16
7 73
3 64
2 95
4 53
4 22
7 33
6 27
7 75
1 9
4 30
1 90
9 34
8 46
7 75
3 12
4 83
7 64
7 34
6 5
2 44
8 52
1 12
8 69
6 9
3 47
10 71
6 88
10 39
1 42
7 15
4 65
2 17
9 49
3 74
9 76
9 8
5 74
4 42
5 85
6 12
8 25
5 88
5 36
6 47
1 59
6 36
4 93
5 34
4 8
4 9
4 91
2 9
9 23
4 96
10 23
3 98
6 54
1 65
3 75
4 58
10 21
6 91
7 29
1 24
10 58
8 78
8 7
4 15
1 76
4 32
1 78
2 37
7 69
2 67
5 73
10 92
3 97
10 39
8 5
6 58
1 37
1 2
10 72
4 54
9 83
3 45
6 95
7 94
3 15
2 25
4 81
7 89
3 93
10 92
8 44
5 8
4 35
3 48
10 13
6 98
5 1
1 17
6 46
7 77
4 29
9 12
10 97
10 92
4 63
2 39
3 99
3 97
1 59
6 16
2 31
5 18
10 19
6 100
4 14
4 50
10 56
3 83
3 54
4 83
10 85
4 100
8 77
9 6
9 65
3 87
1 61
1 20
9 4
2 10
5 60
5 89
9 90
8 43
10 51
6 80
10 5
8 89
8 55
2 68
6 18
8 20
1 45
