6 58
2 31
10 40
3 66
9 76
4 24
1 21
3 24
8 43
1 32
9 7
9 53
4 64
5 17
5 83
6 56
1 66
9 63
7 58
5 42
9 43
10 31
6 73
3 20
8 42
2 34
7 28
9 21
6 28
9 17
2 36
5 54
7 53
5 36
9 82
4 37
7 2
4 29
9 68
5 93
6 90
2 52
9 99
4 22
7 79
4 18
9 33
2 35
3 59
10 7
6 70
9 85
4 1
4 93
1 49
2 74
5 59
7 36
5 82
7 40
3 95
6 34
4 7
7 90
2 24
3 98
8 56
3 20
6 19
7 91
8 21
1 20
5 65
6 24
9 48
9 49
5 77
3 91
2 17
10 96
8 32
8 23
7 76
10 26
8 38
10 55
7 83
4 39
7 59
3 79
7 66
3 15
8 9
9 96
3 100
10 20
9 34
1 73
5 73
8 41
4 36
7 82
4 43
8 10
5 19
6 69
5 75
1 42
3 55
10 33
10 11
6 87
2 20
7 57
9 87
2 6
1 19
4 54
6 30
1 78
4 27
7 6
4 95
1 72
7 91
8 2
1 42
7 89
9 60
8 25
6 59
5 100
10 81
5 33
1 15
1 55
9 13
2 79
10 43
1 51
7 12
2 79
7 46
3 42
5 11
1 94
10 92
10 85
1 35
1 70
1 46
10 80
1 51
7 98
6 18
3 67
4 36
9 77
2 94
4 1
4 90
7 1
4 50
5 2
3 25
5 37
4 8
4 42
3 82
4 89
6 9
7 69
1 66
2 70
4 19
8 63
7 91
2 45
4 34
2 47
2 27
9 34
9 61
7 29
9 78
9 83
9 7
2 77
9 53
6 24
5 40
7 83
8 95
6 86
8 91
5 99
8 53
5 70
8 15
6 60
1 63
4 24
1 93
4 87
9 94
2 42
5 70
5 78
10 70
1 64
3 38
10 79
4 3
2 55
6 13
8 60
6 25
3 60
3 98
2 70
10 98
10 52
4 35
1 80
10 48
6 67
3 94
9 87
3 53
1 71
3 56
7 73
10 44
2 51
8 58
3 67
10 35
1 26
2 70
5 4
9 56
4 47
1 4
1 6
10 90
6 13
9 10
9 54
5 100
10 78
6 62
1 74
4 90
9 41
5 36
6 96
10 72
3 57
9 23
6 73
4 100
5 49
1 63
2 12
8 64
1 43
7 45
5 14
4 11
2 7
5 64
5 33
8 27
9 44
7 11
7 83
8 85
6 55
9 41
2 14
9 98
5 92
5 67
5 72
5 78
9 98
2 19
2 94
4 40
6 28
9 73
5 17
1 91
10 71
10 39
5 18
3 92
7 12
6 33
7 91
7 30
2 49
8 35
6 53
1 56
5 17
9 100
2 63
6 20
10 70
8 54
4 41
6 87
4 63
6 67
5 100
1 29
10 4
8 83
8 34
2 44
3 67
7 28
8 9
4 93
2 58
7 96
2 62
2 48
8 90
5 3
1 99
5 10
8 31
10 36
6 71
2 66
2 30
5 90
4 66
4 98
2 49
4 41
9 27
8 37
7 39
4 100
7 64
9 12
5 86
5 49
6 98
8 15
4 39
10 22
5 27
1 51
9 94
5 48
9 13
4 99
7 92
4 15
10 26
6 93
8 46
1 63
1 15
6 39
8 92
8 31
4 11
5 76
7 93
5 45
2 16
10 30
1 31
5 98
9 10
9 71
2 42
1 29
3 32
9 70
1 11
10 57
3 63
5 12
6 38
2 73
4 79
9 70
8 78
4 53
3 99
7 47
7 9
5 11
7 71
7 28
9 11
4 4
4 71
3 77
8 2
9 27
7 63
2 59
2 68
10 10
8 14
5 77
7 37
4 6
10 12
5 65
4 36
2 5
2 34
10 66
7 71
2 27
4 99
6 52
4 86
5 76
10 11
2 1
6 37
9 89
10 61
3 52
6 11
3 56
10 82
8 6
7 91
7 34
8 24
2 67
2 50
2 84
6 93
5 79
4 58
2 81
10 68
6 7
8 58
7 47
4 96
6 39
10 29
10 39
1 18
4 98
10 9
5 84
10 97
8 79
1 78
1 89
6 57
6 44
9 71
1 9
4 59
9 23
9 21
1 99
5 48
1 71
3 76
8 68
9 99
9 85
1 79
2 69
7 54
5 36
3 20
6 91
4 77
6 51
1 19
4 45
9 47
5 56
5 22
7 98
2 82
7 4
9 64
7 70
8 93
2 48
8 11
6 75
2 38
5 91
7 87
3 38
2 75
9 26
8 75
10 69
9 67
10 78
3 44
2 79
9 58
2 62
3 51
1 1
2 56
4 99
8 86
2 4
5 64
5 73
5 71
5 54
5 86
1 57
7 73
1 17
6 86
10 99
1 53
9 100
5 77
5 87
7 18
1 62
10 13
10 69
7 54
6 71
6 87
10 83
2 59
1 83
10 57
7 67
4 35
2 76
8 42
4 83
8 97
9 65
3 50
10 26
10 73
3 52
10 45
10 18
8 52
5 93
4 39
2 10
4 91
6 89
7 54
6 51
1 42
3 60
1 61
2 68
2 54
4 80
8 60
5 99
1 90
3 16
8 35
4 28
5 27
5 9
2 6
6 14
5 37
9 56
1 12
4 39
8 43
9 19
5 46
10 30
4 47
10 67
1 30
9 12
10 17
10 89
8 2
1 82
3 14
10 87
5 60
1 30
3 31
2 14
4 17
6 95
8 41
1 31
4 71
7 36
10 60
10 43
8 49
4 13
1 66
4 16
1 100
10 39
5 58
3 52
1 65
10 78
8 11
4 3
9 32
3 66
3 20
9 26
5 40
4 25
5 55
6 16
4 93
8 36
2 85
10 9
8 35
10 71
1 81
6 11
2 34
9 40
5 18
10 7
1 58
9 44
4 87
4 30
7 47
10 99
6 10
3 42
7 83
6 26
1 12
9 52
2 100
4 88
9 92
2 21
4 21
10 67
2 53
9 47
8 9
3 66
4 50
7 58
2 37
2 22
2 30
9 57
6 88
2 3
7 28
5 44
3 91
3 46
5 89
9 66
10 20
4 18
1 50
8 42
3 48
2 73
2 1
4 71
6 43
6 29
5 92
8 53
1 88
3 73
2 23
2 43
10 43
4 3
9 73
9 73
1 33
7 73
3 71
2 73
4 20
6 11
2 54
3 64
10 61
4 80
6 28
4 39
8 80
6 49
10 67
5 24
2 12
8 12
4 58
1 92
3 92
1 18
5 38
2 95
3 58
7 47
1 98
5 17
3 73
5 52
10 12
10 53
7 88
2 80
3 65
5 78
2 71
10 9
6 22
4 12
4 55
1 94
7 99
5 82
9 54
6 40
10 93
7 59
9 70
8 54
4 33
8 62
10 9
2 83
5 87
9 55
5 95
7 32
5 98
2 33
2 65
3 9
3 92
5 84
2 97
5 74
8 28
8 21
3 29
6 32
7 82
10 39
2 83
6 91
1 47
4 78
10 27
5 90
5 75
10 12
5 31
9 28
2 60
9 90
3 63
9 63
2 53
1 84
7 19
7 65
8 50
1 18
5 95
6 93
1 37
10 11
6 77
9 48
4 31
5 14
1 41
4 70
9 98
2 39
2 66
3 19
6 51
7 12
5 39
1 20
5 45
1 98
3 18
4 18
2 31
4 59
4 25
10 43
9 72
9 99
8 53
1 42
9 91
6 45
3 80
8 61
7 90
1 76
8 12
9 77
3 99
8 68
7 88
4 67
2 12
9 5
6 83
2 72
4 80
5 64
8 98
4 6
8 73
5 86
5 16
4 39
7 32
2 2
2 13
5 7
8 32
2 60
7 9
2 98
4 52
4 65
6 76
4 52
6 75
4 67
8 21
2 19
8 76
10 4
5 61
4 21
7 33
3 36
1 11
2 36
7 34
6 49
5 51
3 15
4 53
6 92
2 61
3 8
5 88
5 83
7 68
7 38
4 20
8 14
10 21
6 50
7 38
6 23
10 22
8 79
4 46
2 72
10 33
8 19
5 61
8 70
5 13
3 50
9 36
3 21
9 58
5 31
5 76
10 36
10 74
6 20
10 86
9 63
1 96
6 32
2 86
7 53
1 69
8 48
2 73
8 54
1 82
4 5
3 93
1 55
10 67
10 54
5 65
3 58
9 24
4 88
8 99
1 73
9 16
3 62
7 83
4 68
8 79
7 91
5 19
2 5
2 73
1 60
6 95
1 80
8 94
3 61
6 28
3 57
6 85
8 63
4 6
1 43
2 19
1 64
10 52
3 77
10 99
4 40
1 28
9 2
5 21
5 20
4 85
1 66
3 81
2 70
1 31
2 56
8 71
10 2
1 55
10 43
3 42
10 84
10 77
5 27
10 86
3 52
1 91
9 63
2 67
4 5
9 36
6 86
5 58
6 71
2 24
9 23
2 37
8 26
8 32
4 91
8 61
1 99
4 80
5 60
8 45
3 58
6 91
5 54
7 33
2 24
5 31
10 27
7 41
