5 54
3 54
10 13
9 50
3 32
6 85
3 15
10 60
10 41
2 81
1 16
9 69
5 95
3 56
1 85
9 98
8 92
6 32
8 12
1 9
6 31
10 85
1 18
3 21
4 61
10 93
10 40
2 58
1 30
4 31
6 80
2 19
2 91
10 86
2 78
2 98
1 39
7 28
9 33
5 28
7 81
9 14
2 69
8 15
9 37
6 40
3 93
9 50
9 72
7 39
8 20
10 92
4 22
10 72
5 49
5 78
6 75
5 24
3 16
4 64
4 48
1 7
8 4
10 16
4 49
10 99
10 97
10 88
7 58
3 60
1 85
1 7
2 72
2 27
3 25
1 60
9 3
5 49
3 38
6 24
6 39
1 6
2 18
5 62
5 73
6 76
5 34
1 86
6 68
3 63
10 79
9 84
3 94
7 96
7 99
4 56
9 10
6 76
4 82
5 25
10 97
4 20
4 43
10 12
5 67
1 24
2 2
8 56
7 41
5 74
1 53
5 76
2 46
2 94
10 61
1 74
9 64
10 85
5 52
3 88
6 77
4 63
3 59
5 35
2 12
1 74
7 82
7 42
9 3
9 74
4 20
2 41
8 80
8 29
8 22
10 72
8 26
7 67
5 21
3 98
9 50
4 28
6 38
10 36
2 17
4 50
2 90
2 13
3 86
8 46
2 68
10 5
6 30
8 64
10 28
6 57
3 37
5 13
5 16
1 11
4 67
6 97
10 64
5 75
1 46
4 47
3 87
4 6
2 44
1 26
10 9
7 83
2 91
6 67
2 32
9 78
8 87
5 19
8 61
6 27
10 64
3 32
4 74
2 53
1 50
7 41
6 51
7 1
3 42
1 52
4 63
1 90
5 27
7 28
3 98
10 92
4 52
2 61
3 62
4 71
3 90
5 13
3 79
8 67
4 56
4 50
5 48
9 3
2 65
4 1
1 90
9 35
2 97
1 34
9 25
3 19
9 81
1 2
5 88
2 76
4 46
4 67
3 48
5 24
2 79
1 84
3 5
5 64
9 49
6 76
6 18
8 23
9 68
7 17
3 71
8 1
1 52
8 30
8 18
2 50
6 2
7 83
3 100
7 10
7 58
2 93
6 18
9 60
4 73
10 21
5 14
9 58
4 26
2 75
5 34
8 44
1 46
6 65
10 58
10 86
6 62
9 19
1 15
4 89
10 21
10 58
3 40
7 18
7 8
5 95
4 45
4 48
8 15
2 86
2 47
5 96
7 55
3 41
1 53
8 40
8 72
5 52
8 2
4 18
9 46
9 12
10 14
5 24
8 81
5 78
4 60
2 75
6 82
9 59
10 55
2 42
6 70
8 95
10 87
1 45
4 76
4 28
5 38
9 96
8 40
8 10
5 92
1 4
1 68
4 37
8 73
9 10
3 90
4 88
6 20
7 52
3 57
7 26
8 16
7 70
6 48
8 80
1 64
1 10
7 79
6 80
1 52
5 13
2 90
3 1
4 71
3 7
5 59
6 26
1 32
1 95
9 28
1 98
6 39
3 82
8 24
9 90
7 19
2 75
8 69
1 8
4 79
9 78
5 40
4 24
7 7
8 54
7 58
4 18
6 82
8 8
7 19
6 29
8 54
10 83
2 34
3 8
8 5
9 24
2 1
3 84
4 40
10 53
3 76
7 78
9 100
4 24
6 7
4 80
2 78
7 90
3 62
3 1
2 64
4 2
2 31
5 87
2 84
4 85
1 19
10 42
9 85
5 85
6 46
9 75
2 55
7 20
4 78
7 47
2 97
5 31
1 80
5 43
7 62
7 94
8 44
6 88
10 50
4 100
9 75
1 86
6 27
9 12
3 92
10 50
6 55
6 89
8 97
7 2
6 54
5 7
3 49
3 17
7 90
4 56
2 29
1 14
5 77
5 47
9 9
9 67
3 78
8 1
5 62
6 95
5 1
1 29
1 11
8 90
1 10
5 14
2 73
9 97
5 50
2 65
2 49
8 65
1 83
2 46
8 35
3 94
9 94
9 99
5 50
7 30
2 21
9 30
8 72
9 13
7 56
3 1
9 68
1 59
7 61
9 50
2 39
2 51
6 54
9 2
2 74
6 28
1 91
3 44
5 88
6 13
3 46
8 12
2 18
1 51
9 25
8 18
5 60
7 35
7 4
8 54
7 94
10 59
9 37
8 83
4 26
7 40
8 61
3 90
4 46
4 96
8 46
10 73
8 57
6 80
4 52
9 83
9 68
2 68
8 98
4 27
10 90
10 77
7 96
5 2
9 66
5 23
6 28
8 56
9 97
8 4
9 95
3 96
9 75
10 4
1 63
6 14
8 84
5 81
6 44
5 5
4 1
4 30
10 4
9 31
7 14
8 2
6 73
10 78
6 98
4 24
10 35
1 34
7 96
8 53
9 72
7 23
1 78
3 35
1 49
1 85
10 34
6 62
1 80
10 84
1 19
1 54
7 86
5 12
3 14
10 94
2 92
6 15
3 90
7 53
9 52
2 55
9 70
2 44
10 54
5 11
4 36
7 72
2 1
10 59
5 5
10 83
7 89
3 10
1 26
5 75
5 84
10 89
7 34
3 44
3 11
3 11
4 66
9 65
1 71
1 28
5 71
8 52
6 94
2 60
6 8
7 28
6 73
2 23
9 74
3 15
6 38
6 51
9 17
7 61
2 69
1 95
6 26
10 89
1 48
7 80
3 89
5 77
6 88
3 12
2 78
6 15
9 11
9 80
4 93
9 61
1 26
2 63
10 72
5 26
5 74
5 3
7 85
10 71
9 60
6 20
3 98
5 82
7 7
4 22
9 18
8 99
2 42
3 81
2 39
7 7
7 92
3 16
9 36
2 79
9 38
10 61
9 42
3 75
5 41
4 72
3 32
1 97
3 42
5 21
10 72
10 97
1 31
3 65
8 61
9 7
2 9
2 97
2 85
8 78
9 2
10 7
2 83
10 29
10 25
6 98
7 99
10 14
6 90
10 27
3 66
10 69
5 13
5 40
4 61
6 44
2 96
2 55
6 66
3 25
9 92
6 25
5 64
7 12
4 98
7 41
8 58
2 80
9 83
6 68
10 8
4 95
10 30
9 80
8 71
7 48
6 94
6 14
7 71
7 30
8 18
2 57
6 32
9 64
4 99
3 26
4 92
2 97
6 54
5 29
6 16
6 39
1 35
3 84
8 32
1 84
10 55
9 16
3 22
1 26
9 95
3 21
8 47
1 12
6 64
10 82
8 55
6 64
10 48
5 36
1 19
3 35
7 55
3 62
8 2
3 28
5 29
5 23
1 98
2 66
7 84
6 40
1 18
6 57
4 93
2 94
7 75
7 61
3 13
9 58
1 25
9 60
10 41
9 65
3 73
2 82
1 75
1 31
4 54
1 24
5 4
9 29
9 46
7 32
4 6
3 52
7 95
9 33
3 22
9 19
7 28
2 56
2 89
1 27
5 83
9 91
4 31
1 78
8 90
8 99
6 4
10 46
6 32
9 83
2 48
2 100
2 47
5 21
2 100
5 79
1 45
2 61
10 18
5 56
10 25
9 90
9 11
7 50
4 28
9 98
7 48
5 9
3 46
2 71
9 31
8 52
4 100
5 70
7 16
9 9
2 13
10 69
3 46
6 57
2 79
1 42
8 93
3 86
4 28
2 68
1 3
5 38
7 76
4 43
6 9
5 63
6 11
10 92
6 93
7 46
8 77
3 75
10 79
8 30
3 15
6 3
8 38
8 60
9 21
7 66
6 62
4 74
3 27
7 39
2 89
3 2
2 62
5 50
1 23
4 54
7 98
2 4
2 72
1 15
3 6
1 41
9 62
3 47
2 37
9 95
7 53
7 29
5 45
9 14
8 53
8 13
7 8
9 35
3 75
6 95
9 85
3 3
5 14
7 26
9 41
9 27
3 21
5 98
8 40
1 31
1 51
5 32
7 50
4 92
7 50
10 11
4 88
7 100
2 65
8 63
9 63
5 2
8 30
5 30
9 53
5 21
4 76
7 39
9 73
8 52
3 62
10 84
5 33
3 4
4 27
2 77
8 10
8 86
7 96
6 81
8 1
10 12
4 45
2 98
10 35
5 13
9 5
3 89
1 86
2 43
2 89
2 69
8 92
7 7
2 81
1 23
10 29
10 52
3 72
5 64
9 65
9 25
8 67
9 79
8 8
8 73
3 66
1 14
6 91
8 39
6 88
10 87
1 43
5 46
8 4
1 22
1 71
2 31
10 47
6 94
10 27
10 63
5 6
7 61
7 93
5 80
5 10
8 37
1 20
2 48
7 66
8 3
6 85
2 91
4 57
4 10
8 39
3 24
5 66
8 70
6 40
6 48
10 69
2 59
7 60
8 80
2 21
3 88
3 66
4 9
8 10
9 34
2 12
8 44
6 94
7 36
8 49
10 85
9 20
8 39
5 18
9 97
5 50
3 29
2 84
8 10
3 21
7 59
8 18
10 31
8 1
3 73
10 93
7 14
1 80
3 97
