5 70
4 30
1 81
1 49
7 68
8 31
10 12
4 29
3 58
10 94
8 6
10 36
1 19
3 41
9 4
1 2
3 81
9 11
8 44
4 95
10 58
3 88
4 50
8 23
3 56
2 26
9 12
4 62
8 24
3 12
9 8
5 47
3 92
9 16
8 78
2 30
4 50
9 30
5 4
7 16
10 86
7 12
6 31
6 83
7 72
8 61
10 62
2 96
7 49
6 80
3 23
10 59
4 56
5 83
5 35
2 23
3 15
1 83
5 76
1 88
1 81
4 76
4 38
6 58
10 74
9 71
7 16
9 98
4 28
5 93
2 18
6 61
1 46
9 87
10 70
1 25
1 65
3 93
10 92
6 53
10 64
6 1
7 37
6 82
4 62
2 59
1 21
3 38
3 76
8 40
7 78
7 70
8 61
10 73
6 49
1 97
10 32
9 30
4 68
3 16
3 93
2 97
6 49
4 49
1 41
4 26
10 19
7 66
3 9
4 19
3 69
3 5
4 56
6 95
8 75
8 55
5 79
1 4
10 77
3 31
4 53
4 62
9 9
1 62
5 5
7 11
9 3
8 2
1 65
1 10
5 6
4 36
4 34
4 66
5 41
1 52
2 24
4 38
3 77
1 53
6 37
7 5
9 15
8 47
2 51
8 57
5 96
8 7
7 92
2 9
8 10
5 59
2 78
4 64
8 66
5 80
9 65
5 13
1 78
7 21
6 58
2 35
3 49
8 39
7 11
5 24
9 84
5 69
9 55
5 83
7 57
1 31
2 4
1 99
2 11
7 16
8 29
5 4
5 42
4 42
1 36
9 15
3 49
8 18
3 3
9 7
8 29
4 61
6 44
5 44
3 82
7 4
5 14
7 52
2 22
10 13
6 23
3 22
7 28
2 53
9 50
1 1
8 46
5 48
7 63
4 43
10 32
3 56
4 8
1 80
2 42
6 91
9 72
1 13
3 34
1 75
1 75
7 99
5 65
1 17
2 47
7 60
3 96
6 21
9 18
5 30
4 57
2 34
1 11
8 33
5 61
5 28
1 16
3 31
2 93
6 75
2 34
10 11
10 87
5 26
3 10
3 80
6 35
7 19
6 91
1 12
3 80
8 47
4 7
6 4
6 95
10 32
10 33
3 16
5 100
6 28
4 50
7 17
6 85
10 5
3 90
3 88
3 36
4 93
3 17
4 65
3 6
3 100
3 52
3 31
2 12
6 43
9 83
3 89
2 2
9 13
10 19
1 72
9 32
8 97
3 18
8 21
5 10
2 81
2 99
2 37
5 5
6 14
5 69
9 92
10 27
2 27
8 37
10 44
7 77
7 53
5 94
9 57
8 52
4 17
4 18
2 56
6 42
2 62
9 48
6 18
10 79
1 10
9 29
1 92
4 58
5 46
2 89
9 14
10 23
10 57
4 13
7 98
7 5
8 39
3 100
2 55
2 91
2 99
8 88
1 60
1 40
6 59
7 47
10 29
5 84
6 96
9 24
9 14
9 42
7 97
6 93
1 32
6 85
9 2
3 92
7 69
8 81
10 42
3 80
2 76
7 10
10 67
10 3
3 76
10 77
4 11
3 55
8 20
4 88
5 74
2 10
1 26
4 32
5 64
5 36
8 9
8 65
10 46
4 69
10 88
9 31
1 21
5 29
9 51
4 33
1 52
8 50
6 62
1 94
3 93
5 50
9 75
4 18
2 88
9 28
1 51
2 55
10 93
7 85
8 57
4 66
7 80
7 72
6 15
8 5
9 84
6 88
9 82
8 68
10 6
5 14
5 11
10 6
4 69
6 29
6 98
10 83
1 65
1 44
5 77
1 69
3 14
4 12
2 47
5 60
7 19
7 52
10 78
1 67
6 53
1 23
10 15
9 55
4 44
9 29
2 46
1 5
4 22
10 16
5 88
3 29
7 93
1 82
8 11
9 39
4 51
1 97
8 98
9 14
9 28
2 65
4 51
2 93
1 37
4 66
10 63
9 80
9 34
10 20
10 26
7 77
7 61
5 16
8 53
5 57
7 55
2 91
9 57
4 70
8 71
5 7
1 91
3 24
2 10
3 22
8 31
3 61
6 95
2 40
7 75
4 11
2 67
9 54
9 67
9 11
6 35
3 83
8 4
9 73
10 50
8 20
10 67
6 44
7 46
9 49
2 20
10 24
4 48
8 11
7 89
1 72
6 51
3 70
7 14
2 40
4 70
10 90
9 96
10 1
4 78
3 59
7 84
10 61
6 99
3 87
3 11
4 26
10 48
3 24
5 49
4 84
9 46
7 28
1 84
1 93
6 75
9 90
8 75
7 34
1 48
8 40
3 85
8 96
2 33
2 40
1 85
6 25
9 85
8 45
4 70
3 39
10 92
1 38
4 98
1 69
3 19
4 87
8 64
7 27
9 88
1 28
8 19
6 92
2 72
8 95
4 98
3 51
8 38
6 46
1 35
6 28
4 75
1 40
7 6
9 34
10 70
3 3
3 86
10 97
3 55
8 100
1 36
3 22
9 1
8 76
5 40
2 67
1 81
10 39
10 33
8 6
3 86
7 76
8 53
6 94
9 37
5 74
9 92
6 87
8 48
6 82
3 68
9 21
9 72
1 3
1 48
2 54
8 77
6 81
7 79
8 9
4 87
2 87
7 26
6 35
5 32
2 38
4 15
5 10
7 6
1 78
3 63
5 10
2 83
3 92
1 69
2 10
8 88
2 72
7 15
9 81
2 56
5 54
4 73
2 11
9 24
2 7
2 82
6 23
10 87
8 74
10 80
4 88
4 13
3 41
3 46
7 1
6 62
4 15
9 63
10 79
7 85
7 33
2 49
1 96
5 38
10 83
6 13
7 91
7 78
10 14
8 35
5 32
6 67
8 97
9 92
3 15
2 67
5 94
8 1
1 37
5 76
3 79
6 18
3 16
5 30
9 91
2 58
1 21
4 26
10 4
1 51
6 70
7 71
5 84
1 72
7 43
10 52
10 22
4 45
5 46
7 71
7 60
9 11
8 49
5 89
9 88
6 18
7 100
4 32
2 60
9 32
3 82
9 23
9 100
4 21
3 2
2 42
10 60
6 38
5 99
4 37
8 89
2 72
9 90
5 51
7 30
4 92
10 88
7 5
7 57
2 26
9 35
2 26
9 41
2 76
4 48
9 69
6 6
9 33
10 99
4 80
1 58
1 12
1 84
1 65
8 40
2 52
8 41
3 29
10 41
1 88
3 63
8 58
4 45
6 50
7 24
1 7
1 24
4 89
4 67
3 36
7 19
6 12
4 13
4 44
10 62
5 86
8 8
4 16
5 76
4 37
4 20
10 19
4 4
10 69
9 87
5 94
4 96
7 28
10 2
10 54
3 70
1 62
1 8
10 63
4 1
7 16
7 95
10 24
10 22
3 50
8 72
3 78
8 57
1 70
3 93
7 56
2 10
4 16
8 38
10 22
1 2
5 62
2 74
6 56
10 62
5 74
1 96
10 69
8 16
4 25
5 17
10 70
2 14
6 60
5 46
1 70
4 60
6 43
1 68
4 73
6 83
3 87
8 14
7 50
7 26
1 9
4 30
10 63
10 30
9 99
4 17
1 46
10 71
7 31
5 22
10 56
3 31
8 4
1 15
3 47
8 71
2 78
2 41
9 96
3 38
6 75
9 70
10 79
5 43
3 38
8 71
8 92
9 40
10 34
3 5
3 74
8 39
3 9
1 49
9 45
6 58
1 42
1 90
6 17
2 32
2 89
8 19
4 6
9 95
1 11
9 64
7 27
6 46
2 48
9 27
7 49
8 10
6 55
5 40
3 39
10 86
8 6
5 35
2 90
3 92
4 44
7 58
9 35
7 84
5 73
10 6
4 61
4 65
2 82
1 21
3 46
3 73
6 43
10 46
1 7
4 83
9 10
2 54
7 94
10 24
8 11
1 43
8 97
7 37
10 39
10 8
2 50
6 97
4 23
3 37
8 14
10 88
9 72
1 81
4 24
7 96
1 42
7 40
6 52
9 28
10 43
1 17
2 94
5 9
8 70
10 71
1 54
8 55
4 82
4 77
1 92
3 10
9 46
4 80
7 59
3 56
2 40
4 29
3 63
7 87
6 16
1 65
2 17
3 92
2 36
8 54
7 27
2 12
9 75
3 4
1 62
5 47
4 100
2 63
10 73
9 45
6 26
2 2
10 61
4 35
2 78
1 95
4 92
1 40
6 42
1 55
4 44
4 90
1 42
9 75
3 55
6 60
6 14
6 34
6 58
2 100
7 77
1 4
10 92
2 7
9 74
10 58
9 58
6 29
6 18
1 14
9 78
9 92
10 26
9 34
3 14
6 58
9 100
2 58
9 47
2 74
1 70
3 27
1 16
8 8
9 76
2 68
9 98
8 5
2 5
8 25
9 91
7 66
10 50
6 48
9 97
9 19
2 96
2 61
4 81
7 43
2 97
2 8
1 62
9 47
8 87
8 71
4 13
7 45
5 25
7 78
4 29
