8 64
6 21
5 88
9 7
8 9
7 4
10 25
6 27
8 87
3 87
5 98
6 89
7 88
1 96
2 74
5 64
9 65
2 67
4 21
8 49
1 14
9 6
4 9
1 70
3 57
7 4
5 51
8 36
5 19
3 16
6 76
4 10
6 8
6 24
3 66
10 69
8 57
1 80
5 30
9 99
4 77
4 86
6 65
7 74
3 14
4 5
3 1
4 88
2 99
6 97
2 18
9 10
10 49
2 75
1 99
7 67
1 32
7 30
9 12
4 60
6 33
5 94
3 16
3 47
8 35
6 9
8 10
2 18
3 28
8 89
3 13
9 18
9 50
7 35
8 93
2 50
4 44
6 92
4 57
7 95
1 32
8 39
9 1
6 35
3 52
9 44
3 91
2 40
1 23
8 57
6 12
7 91
9 67
9 56
10 73
1 23
3 46
8 37
2 47
4 85
9 63
6 43
8 85
8 92
6 55
7 20
1 47
4 32
10 38
9 15
9 75
8 8
2 45
6 27
8 37
10 13
1 47
3 58
8 56
6 3
8 58
4 72
2 100
4 60
8 96
5 71
1 20
10 14
1 37
4 11
7 43
4 95
1 65
10 69
9 24
5 4
5 24
9 66
3 67
5 85
4 91
9 74
6 27
5 96
8 98
7 43
1 83
1 15
6 29
4 57
4 43
7 68
8 5
5 40
8 35
5 28
7 50
9 59
10 76
1 99
8 47
7 85
8 56
4 68
2 43
2 72
5 56
10 95
2 48
4 92
7 76
7 68
2 84
5 14
9 100
2 26
5 78
6 71
4 95
8 19
10 95
10 80
7 4
3 48
2 19
1 81
10 55
5 3
2 90
2 68
5 2
6 7
2 33
5 44
3 78
5 95
10 61
8 60
6 29
1 92
3 8
6 35
7 15
6 46
10 49
7 39
2 67
2 52
1 42
5 52
9 68
9 74
9 16
1 12
4 86
6 79
3 20
7 30
6 49
1 45
5 67
8 21
2 2
5 25
7 95
6 51
2 10
9 65
7 2
7 76
7 84
1 76
10 24
9 30
3 52
2 7
4 5
5 80
10 71
7 99
8 33
10 58
8 43
8 95
1 46
2 4
10 42
4 4
9 10
3 96
2 48
8 12
8 75
7 26
10 55
10 30
6 24
5 47
4 40
8 14
2 99
1 1
1 37
8 79
1 63
1 55
4 94
5 54
7 97
3 50
1 45
4 38
10 56
10 24
3 100
7 63
1 66
7 57
3 44
10 76
5 63
7 34
3 69
8 75
8 30
7 97
10 90
5 66
5 9
4 64
1 75
4 77
9 63
10 10
3 83
10 80
3 65
2 27
4 38
4 4
1 92
5 85
7 57
7 31
2 59
5 47
1 42
4 41
7 63
4 7
1 11
2 3
6 87
2 89
7 44
3 8
1 6
7 80
3 91
1 100
2 49
9 5
1 8
3 67
4 4
4 56
6 7
3 28
4 72
4 89
1 35
5 92
10 63
4 8
9 98
9 74
7 89
1 51
8 26
10 43
5 59
6 86
7 12
8 80
9 35
6 41
4 68
7 16
1 24
1 11
9 89
6 85
9 89
8 39
2 27
4 48
9 67
3 43
4 9
2 11
10 22
8 27
9 34
10 48
5 6
10 12
3 21
7 44
3 55
6 47
4 63
7 82
4 6
5 33
1 10
9 24
3 27
5 18
9 22
10 47
1 75
7 11
1 5
4 80
2 69
5 46
6 39
1 79
7 87
10 82
2 84
7 56
10 19
4 69
10 63
4 29
3 32
2 93
1 86
10 97
9 44
5 80
8 26
1 9
6 97
5 84
9 86
9 59
4 98
1 79
10 41
9 8
3 85
8 64
3 14
6 91
10 64
9 41
2 25
8 32
6 58
7 50
3 81
6 68
2 97
10 49
3 97
3 74
5 78
2 6
1 88
2 85
6 73
2 65
8 23
4 94
1 80
2 9
9 68
6 88
1 2
4 88
1 54
4 43
5 7
8 50
2 53
2 63
1 71
2 49
10 80
2 53
10 92
2 19
5 55
7 14
8 1
7 5
8 21
7 57
6 24
1 79
1 20
3 91
8 22
5 7
6 81
1 77
7 51
4 58
8 23
1 56
1 20
2 78
2 85
5 78
7 8
7 40
2 74
2 7
1 30
2 45
2 90
7 48
9 87
10 84
1 47
8 75
8 94
7 37
3 62
10 62
3 61
4 38
4 74
7 76
1 11
4 66
8 45
6 88
4 85
9 43
4 64
6 90
6 94
4 9
3 61
3 67
7 49
9 46
3 68
6 57
5 68
4 6
8 48
1 69
5 93
7 14
8 25
6 15
9 10
2 30
3 37
3 23
10 50
6 45
10 33
10 75
2 63
7 93
7 87
9 17
7 6
10 13
1 66
10 35
3 64
5 33
2 3
10 14
8 38
10 10
7 96
2 70
1 54
6 36
3 61
2 42
7 6
1 21
1 16
3 61
7 22
6 72
8 58
10 62
6 14
9 4
9 45
10 25
1 54
1 33
7 82
8 100
2 52
2 44
7 98
10 75
5 26
4 49
6 47
6 8
8 30
7 18
8 33
9 65
7 27
6 30
3 39
4 9
5 27
10 72
1 37
3 82
4 85
7 71
2 97
3 11
5 10
4 77
8 96
2 89
8 1
2 26
8 35
5 30
1 57
8 43
4 16
9 97
7 39
9 94
8 48
7 1
9 66
6 2
5 32
5 95
3 64
2 29
6 74
10 34
6 12
10 79
10 12
1 2
9 76
6 78
3 29
4 27
5 6
10 50
7 48
6 97
4 80
7 79
10 89
1 63
3 97
8 19
1 11
5 78
10 64
9 3
5 3
7 25
4 89
3 55
4 45
2 15
6 85
6 60
5 12
4 34
2 8
8 60
1 48
9 12
8 7
5 97
7 62
9 30
9 77
4 31
10 93
8 15
5 51
4 13
9 77
2 43
8 98
5 64
2 44
6 77
6 44
2 41
3 19
10 51
7 21
3 93
1 48
4 22
6 97
1 12
8 38
6 45
8 40
10 25
9 6
7 45
3 93
10 26
3 9
3 47
1 56
7 5
7 72
5 95
1 93
7 43
2 95
5 97
2 57
3 37
2 7
8 51
4 64
5 88
5 49
9 20
4 35
2 92
6 44
8 52
7 77
1 65
3 95
7 82
7 60
6 74
8 89
7 20
10 39
6 87
7 42
8 35
7 2
4 88
3 41
7 22
4 59
6 54
3 42
6 29
7 77
3 31
9 27
1 20
9 64
2 35
7 97
9 87
3 22
6 31
4 21
2 45
5 41
4 23
10 37
3 30
10 63
7 20
3 82
1 42
3 40
7 48
6 89
2 86
4 33
7 59
6 76
4 96
6 28
7 10
1 15
9 41
3 100
1 82
9 69
6 3
5 63
5 55
6 82
7 25
3 32
1 2
3 25
2 64
8 92
2 17
7 17
8 85
1 62
5 91
1 37
4 71
8 81
9 78
4 65
6 27
6 10
2 7
6 8
10 92
6 93
9 42
10 66
10 99
3 83
5 49
6 53
1 17
3 10
4 23
10 61
1 81
10 65
3 83
3 86
9 89
1 83
8 31
9 70
4 62
2 33
6 95
9 13
2 42
2 18
2 93
4 87
8 7
3 48
4 68
3 54
10 83
10 38
4 7
1 78
1 83
5 53
3 65
2 82
10 78
10 25
1 4
9 18
4 29
8 98
4 64
9 68
1 62
8 69
8 74
2 21
9 14
5 3
8 31
4 95
7 60
2 6
9 80
5 94
2 18
7 33
5 97
3 81
10 9
10 94
4 25
1 52
3 26
1 47
9 25
10 93
10 81
5 23
1 54
3 60
3 30
5 31
3 97
7 80
6 1
2 4
10 22
10 6
2 64
2 77
3 92
10 71
4 57
1 50
8 33
6 71
5 7
8 50
5 47
9 54
10 81
4 46
5 23
3 95
10 92
5 9
6 78
10 53
6 83
9 37
4 80
6 40
10 67
9 52
3 7
5 98
4 22
9 29
1 19
4 92
1 2
5 62
2 5
10 4
3 48
1 62
7 81
4 2
4 23
5 70
8 58
7 41
1 32
1 65
10 6
3 96
10 89
8 38
8 80
2 83
4 40
6 62
8 75
7 73
10 90
5 12
7 58
7 37
3 30
2 27
9 92
2 20
8 41
1 99
1 87
1 3
6 62
9 29
10 19
3 22
3 5
8 18
2 49
10 61
2 33
7 89
5 9
1 79
7 12
10 19
1 58
2 35
8 79
1 7
5 43
4 84
6 56
5 8
1 38
5 10
4 61
2 40
6 86
6 13
8 84
8 72
4 33
3 63
8 86
5 8
9 52
6 92
1 98
3 25
8 48
8 31
5 33
8 23
8 9
5 7
8 93
1 99
3 53
5 84
10 61
7 56
4 55
9 49
10 12
5 27
6 2
10 85
3 6
8 4
8 100
10 92
3 65
2 16
6 37
1 5
10 65
