6 24
4 35
5 50
8 96
8 22
2 60
3 6
6 17
3 70
9 57
2 43
4 80
3 46
4 51
1 4
2 31
6 37
10 39
4 33
4 54
2 51
10 53
4 89
2 33
2 1
4 74
5 79
6 53
9 36
2 56
8 51
1 11
8 63
9 94
10 100
8 46
5 26
2 26
8 49
9 56
7 95
4 60
1 13
5 33
1 37
1 78
1 48
3 89
7 25
7 100
4 94
10 24
3 39
8 79
8 53
10 13
8 16
5 24
6 25
10 85
7 83
5 51
10 76
10 23
4 33
3 25
8 24
10 83
9 18
10 37
8 13
3 33
10 27
6 72
1 62
9 53
2 12
6 82
7 39
5 10
8 5
7 70
6 69
6 84
1 87
6 10
10 66
6 16
2 86
8 6
3 56
6 64
4 18
5 27
10 23
3 73
10 35
1 38
7 93
7 91
9 10
9 72
6 8
2 13
1 63
5 60
8 47
3 11
8 39
7 74
3 50
5 1
10 5
3 65
9 65
2 64
2 75
6 85
10 70
3 61
9 27
9 36
4 72
10 14
9 80
10 63
10 12
10 6
3 48
7 50
7 28
7 30
1 37
9 43
6 48
8 55
4 90
3 61
5 75
3 69
2 61
6 15
1 72
2 44
3 80
7 76
5 55
2 81
9 86
2 9
4 82
2 29
7 20
10 12
7 11
5 19
8 18
2 37
2 34
6 46
9 53
10 48
9 17
7 19
6 36
8 83
3 77
9 81
5 5
6 51
8 76
7 12
2 35
8 44
1 75
4 56
7 91
10 83
9 10
4 30
7 60
2 10
10 25
4 99
6 1
7 84
10 7
7 42
5 51
2 74
5 70
3 92
6 46
7 42
1 11
3 82
1 14
2 100
9 25
7 92
4 24
1 65
1 19
5 51
10 24
5 82
9 43
8 100
8 82
5 64
5 31
1 37
3 11
8 27
5 93
7 60
4 10
1 92
1 72
1 95
2 69
8 49
9 31
7 48
7 38
9 29
4 11
6 21
1 61
4 46
2 94
8 63
5 2
10 48
4 15
9 8
7 65
3 81
10 86
7 54
2 68
8 33
4 14
5 78
5 84
1 17
9 35
2 12
10 86
10 9
4 51
7 71
2 97
6 4
6 63
6 40
2 94
10 96
4 41
9 34
10 94
2 96
6 92
1 24
7 40
7 84
4 49
4 95
1 86
9 52
5 62
8 50
6 2
8 10
2 55
8 27
1 74
1 11
2 10
2 6
7 10
2 91
2 64
6 46
7 22
5 11
1 11
7 74
3 54
2 96
8 100
3 57
1 84
10 87
1 8
3 75
4 26
5 32
1 9
2 41
2 42
9 48
9 43
9 82
4 83
10 57
7 45
3 69
7 99
8 34
9 95
8 79
1 17
8 2
9 34
5 88
9 46
1 88
3 46
2 26
10 49
9 29
1 73
8 67
7 85
5 34
4 6
7 66
6 51
2 80
9 2
3 34
6 70
7 49
8 10
3 4
1 44
9 56
3 84
8 47
1 36
3 50
6 13
5 7
8 64
10 89
9 22
7 28
9 30
10 60
6 2
5 30
7 100
9 94
2 55
10 92
4 29
9 34
3 73
3 15
6 44
10 2
9 49
7 74
5 93
5 86
1 79
9 16
7 41
10 27
4 21
9 43
9 28
10 3
3 66
4 17
9 75
4 36
1 12
10 51
7 17
2 26
9 83
5 79
2 51
8 88
7 79
9 88
5 41
10 7
10 98
6 18
8 4
1 92
1 25
5 88
10 96
3 96
1 30
3 91
7 17
5 79
7 88
2 46
4 92
7 32
8 83
3 74
6 13
7 65
1 75
3 36
7 52
6 28
3 74
3 56
4 5
5 98
4 73
5 74
7 49
2 28
5 93
8 100
2 60
9 86
5 39
1 60
3 63
8 70
10 62
6 37
10 57
7 52
10 1
1 15
8 56
4 89
7 35
2 57
1 75
6 1
1 88
5 72
9 94
8 95
6 71
3 55
4 71
9 57
7 8
4 42
3 73
5 42
10 45
2 93
10 80
8 86
7 43
3 80
1 70
10 37
7 87
9 94
7 37
9 45
9 27
7 59
3 79
5 39
1 60
4 27
8 24
5 63
9 59
5 83
9 93
6 98
9 66
7 25
5 76
5 73
6 37
3 14
8 20
1 25
10 59
6 56
6 59
7 97
5 80
10 86
10 4
5 77
3 71
6 73
10 96
5 31
1 23
4 94
8 78
7 42
6 91
9 28
6 61
1 45
5 79
10 52
9 86
10 54
1 58
9 77
3 1
1 9
5 60
5 20
10 35
7 16
8 91
3 42
1 46
3 74
5 27
8 86
9 77
9 37
8 91
9 30
9 63
4 66
2 12
4 35
5 61
8 74
6 67
3 75
3 94
3 88
6 81
5 36
4 100
8 19
7 4
10 56
3 46
10 86
1 96
1 32
10 33
4 8
7 64
2 39
7 57
9 91
4 72
5 41
5 70
9 22
6 62
5 27
8 13
1 17
10 3
8 27
2 39
5 98
6 37
8 41
9 62
9 35
10 48
6 7
5 17
1 56
7 11
1 66
8 6
6 28
6 62
1 75
7 19
1 4
1 18
8 98
8 87
1 9
1 18
1 3
5 27
5 88
4 66
8 85
7 3
9 5
5 88
6 73
1 29
8 2
4 84
4 54
1 46
6 71
3 53
1 96
1 10
5 10
1 68
8 14
2 10
6 6
4 77
8 77
1 44
2 89
9 19
3 72
7 41
4 23
1 46
10 16
8 68
1 42
2 44
6 15
2 13
3 14
1 90
6 78
7 38
2 96
8 70
6 69
1 70
1 16
10 8
5 8
10 22
3 48
9 94
3 73
6 65
8 1
4 74
10 9
9 54
10 51
3 17
9 53
4 66
4 2
8 91
7 91
8 60
4 25
8 19
8 47
6 2
7 91
1 90
2 10
4 95
10 70
8 68
8 47
1 73
1 77
7 56
4 34
5 90
7 64
3 67
5 86
5 28
3 20
4 13
8 65
4 14
9 29
10 32
10 36
3 15
2 10
1 30
6 77
5 100
6 84
1 96
10 42
1 31
8 97
1 39
8 61
6 12
7 24
10 45
6 83
3 48
8 19
6 54
6 7
8 41
2 35
3 84
6 14
5 19
10 36
2 25
2 10
2 95
8 68
6 50
4 37
10 56
2 74
10 35
7 53
3 23
1 76
7 15
6 39
1 40
10 23
7 74
5 42
2 40
6 4
9 19
3 30
9 34
2 54
7 1
3 71
4 41
1 12
2 12
8 13
4 70
10 33
6 7
9 59
1 11
3 31
2 21
6 86
9 52
8 35
4 77
7 44
7 6
7 21
9 83
10 43
3 40
8 14
3 39
3 17
5 96
7 91
9 51
3 88
1 25
7 21
8 83
9 77
7 67
1 41
10 85
3 50
1 64
9 18
1 78
6 29
2 31
5 92
7 33
6 61
1 48
4 72
1 65
3 69
6 37
10 74
2 93
8 50
7 24
10 74
4 33
10 19
1 3
5 24
10 100
8 100
4 94
5 5
6 69
3 66
9 82
2 78
1 76
1 18
6 57
9 84
7 56
10 55
5 98
5 60
8 39
8 55
4 79
10 50
5 23
6 86
4 59
5 60
9 85
7 55
3 83
8 46
2 17
5 60
8 51
1 21
9 23
2 91
8 80
6 97
7 54
9 41
8 88
9 53
2 60
7 21
3 95
8 11
6 42
7 67
2 65
6 50
1 99
9 43
4 83
7 65
4 46
3 25
1 69
6 15
2 38
3 15
7 86
4 7
5 71
10 20
6 37
1 55
2 63
9 61
5 29
9 34
3 64
1 87
10 9
5 87
3 22
2 54
5 59
8 94
6 19
5 18
6 84
4 40
10 92
6 18
10 29
7 1
6 63
9 94
4 18
9 98
1 61
2 66
4 81
8 12
10 26
7 94
4 72
6 17
9 70
6 5
6 53
4 84
9 71
2 56
2 35
3 47
10 42
7 78
8 4
7 26
3 5
10 3
5 70
9 58
5 71
9 87
2 60
4 13
10 61
10 98
3 99
3 10
2 53
5 59
6 36
3 74
9 63
8 91
1 94
9 72
6 65
7 96
1 9
3 58
7 41
6 60
8 24
4 27
7 23
4 21
2 40
10 86
4 37
8 3
7 16
7 22
2 8
10 31
10 38
4 61
2 25
3 17
10 16
6 78
5 19
2 75
9 73
5 29
10 6
7 58
7 31
9 76
7 91
8 65
4 29
7 33
9 48
1 42
8 24
3 80
8 10
8 70
9 80
1 67
3 46
7 34
10 77
6 90
7 26
9 78
10 20
10 14
10 87
7 94
1 100
10 51
3 23
7 17
9 39
2 33
7 42
5 68
2 69
1 20
3 42
4 13
5 61
10 69
7 72
3 38
8 96
10 41
10 82
7 5
3 7
6 81
3 61
4 3
4 74
1 34
7 62
3 75
