3 90
2 80
7 16
5 71
2 19
6 97
2 59
7 15
10 95
9 36
3 98
6 48
10 72
1 89
4 52
1 37
10 68
7 71
5 85
8 38
3 38
7 77
1 76
9 84
5 68
10 64
5 81
5 62
1 68
9 46
6 74
8 76
8 41
3 86
6 91
10 5
8 8
3 75
4 51
8 74
2 78
2 44
5 43
1 51
5 34
9 31
2 56
4 42
10 60
3 39
10 19
7 92
8 87
2 87
4 77
9 13
4 8
2 59
6 97
2 33
2 78
4 24
5 71
6 74
1 39
4 41
5 79
4 74
8 1
9 70
8 70
3 80
10 56
3 17
4 66
1 20
1 60
8 77
7 30
4 1
6 33
8 40
1 30
2 44
5 24
2 10
4 73
9 56
5 32
1 94
10 38
9 9
7 80
5 50
4 81
4 99
7 21
7 93
5 9
3 74
3 2
8 61
7 38
3 61
7 42
1 51
8 82
10 16
9 81
4 75
1 1
9 100
1 76
6 38
5 55
1 35
5 16
10 62
5 9
3 26
2 28
3 98
4 41
9 1
10 97
1 60
10 1
4 99
6 23
9 53
10 53
7 84
7 6
7 65
2 71
8 16
2 11
1 21
1 32
2 39
1 26
3 22
6 54
5 25
10 64
2 1
2 65
2 29
1 16
10 94
10 48
9 67
5 79
4 87
5 10
7 83
1 42
3 56
9 43
9 85
6 92
10 66
2 30
8 77
2 2
8 78
9 30
4 86
4 32
4 32
5 60
4 17
4 83
3 90
5 96
2 84
2 83
10 36
6 5
9 21
6 32
10 31
1 96
5 62
4 74
6 76
8 49
1 56
3 70
9 24
2 78
10 70
2 77
4 63
4 21
4 100
9 74
5 91
10 99
7 31
10 9
1 63
6 37
4 89
2 24
5 38
4 9
7 6
1 57
8 27
10 83
4 88
2 79
2 49
6 17
7 76
8 36
1 78
3 77
5 67
6 39
4 17
1 63
7 13
4 9
9 33
10 85
10 11
4 77
7 9
3 14
5 58
1 41
10 43
3 4
2 28
7 4
3 15
7 34
6 31
4 15
9 96
6 74
6 69
8 30
1 31
7 44
8 84
3 3
6 92
6 10
3 13
8 14
10 50
7 18
6 76
4 5
1 72
8 64
2 95
1 27
9 27
6 6
9 23
3 85
10 72
4 76
3 93
9 95
7 37
7 90
9 91
7 21
6 21
4 51
7 41
10 81
6 37
6 5
2 47
9 36
8 67
7 78
2 22
5 74
8 48
10 18
7 48
4 41
6 71
4 11
6 11
6 98
7 82
4 71
5 56
8 41
8 62
3 54
3 81
8 71
2 19
8 47
5 65
1 75
7 14
2 53
10 36
9 31
7 25
6 60
3 57
9 74
10 67
8 39
9 33
9 37
10 70
7 100
9 32
7 68
3 91
2 25
5 93
8 80
9 62
3 79
1 63
7 96
6 92
5 62
8 4
9 61
6 34
8 62
4 93
8 20
3 72
8 33
5 25
5 81
8 89
1 60
3 89
1 63
8 67
7 25
10 15
7 76
3 37
3 28
5 30
3 11
1 75
10 60
1 73
5 1
3 22
3 11
10 81
6 75
7 78
6 79
2 57
8 16
7 9
3 26
6 13
1 13
9 27
9 27
1 17
2 74
8 65
1 5
6 76
3 39
9 92
3 81
5 4
9 42
8 21
7 25
5 62
10 73
9 100
7 28
8 4
1 71
2 19
5 58
2 17
3 69
2 93
8 2
3 81
7 30
5 61
9 84
5 87
1 13
5 66
9 55
3 67
4 27
5 43
5 29
5 82
9 92
1 26
6 31
5 59
9 40
10 2
5 19
5 90
2 44
1 14
6 82
2 54
4 67
9 9
3 74
5 20
4 7
8 17
5 3
10 3
10 76
2 82
1 47
3 11
3 29
6 71
10 12
8 9
9 56
5 97
1 78
5 2
7 52
7 40
6 90
8 69
5 74
1 91
5 44
4 87
9 33
6 56
4 50
7 11
2 12
1 51
7 56
1 41
3 53
6 34
1 65
9 76
5 73
7 27
3 85
9 82
3 69
7 43
7 18
10 24
4 60
2 15
9 24
1 13
7 91
3 71
10 20
4 37
4 15
3 48
7 6
10 100
10 59
1 31
9 92
5 94
6 80
3 34
9 67
2 37
7 62
4 43
9 69
8 32
9 78
4 89
1 79
8 72
9 72
7 36
10 14
5 55
5 88
8 18
3 25
7 43
6 94
10 70
8 98
1 64
10 56
8 87
1 21
9 51
3 52
10 47
8 95
3 91
6 40
7 1
9 36
2 8
3 3
5 53
3 51
6 14
7 87
9 64
4 24
1 65
9 87
2 50
3 36
1 8
8 48
2 54
10 98
8 3
3 65
3 22
10 58
4 46
5 8
10 21
3 51
10 5
2 68
2 63
3 31
10 48
6 59
4 9
9 23
6 10
2 80
8 7
5 14
7 43
8 99
9 91
2 14
8 68
5 25
4 33
4 52
2 75
7 35
8 38
8 18
10 81
1 35
5 47
8 84
7 98
10 40
2 89
4 14
1 57
2 73
4 4
7 58
5 15
9 54
4 70
8 75
9 38
10 84
1 46
1 62
1 79
10 35
6 47
9 18
2 21
3 11
9 56
3 93
10 78
1 82
8 43
1 59
9 47
2 45
2 4
5 20
10 69
3 32
6 25
8 94
7 88
5 69
6 89
6 54
4 24
5 69
4 31
5 25
6 52
2 96
3 70
6 89
8 61
8 95
10 63
7 35
7 22
8 13
5 88
1 28
10 3
2 56
5 37
5 22
6 71
5 75
2 78
1 93
10 87
2 51
6 62
1 84
7 54
5 68
2 60
5 47
2 13
10 11
2 57
5 29
1 38
10 11
5 66
4 77
8 94
2 86
5 97
8 6
9 25
3 18
4 4
8 68
8 18
8 78
3 15
8 46
9 97
6 96
9 97
8 52
8 11
9 86
6 75
2 16
2 74
6 39
5 90
1 79
9 63
10 1
4 76
10 30
9 58
2 6
3 51
3 22
2 18
2 9
7 62
7 86
1 34
1 87
5 65
2 54
4 100
8 8
6 66
9 12
4 3
4 33
5 44
8 60
6 90
10 37
6 57
7 73
6 9
10 98
9 98
5 7
6 17
1 30
8 83
1 21
1 32
3 49
3 24
8 10
8 8
5 15
5 37
2 29
5 74
4 60
10 71
2 54
5 17
10 73
6 62
6 92
2 86
3 94
6 52
9 6
2 87
8 71
1 48
10 60
1 3
4 89
4 62
3 30
7 25
4 32
8 67
10 33
7 73
9 43
10 87
3 3
6 80
1 61
3 20
9 40
9 65
3 24
5 9
8 63
3 20
4 38
8 14
10 5
6 1
5 50
7 40
8 78
4 31
1 5
5 23
7 25
7 51
2 43
8 22
7 86
6 44
9 24
9 39
2 39
8 37
10 5
6 61
4 97
5 68
6 99
3 3
5 90
3 67
2 12
9 28
8 78
10 10
10 11
10 30
1 4
4 22
8 90
8 37
5 47
9 2
9 18
5 3
7 55
6 61
4 92
6 67
1 88
7 17
1 53
3 32
5 95
7 87
3 87
7 41
1 89
5 94
7 44
2 63
10 77
1 23
10 75
8 16
4 79
8 11
10 27
10 56
6 64
4 2
4 81
1 39
5 18
6 99
5 71
9 16
10 43
5 47
7 2
8 9
7 55
6 77
6 57
6 2
3 76
5 61
7 76
8 41
10 3
10 18
10 57
6 52
6 78
2 85
5 71
10 96
4 73
3 2
4 43
1 46
8 26
10 12
6 44
7 57
4 35
9 75
9 44
3 33
8 37
6 67
7 98
10 96
6 72
2 75
7 32
7 4
10 3
9 64
10 97
9 61
8 34
10 54
9 21
1 18
5 40
4 39
9 57
7 33
1 48
4 68
7 86
10 24
10 26
5 29
4 91
2 52
7 53
2 14
3 12
9 3
4 80
5 89
8 91
5 63
6 86
9 45
3 32
6 79
10 40
3 18
3 37
2 19
7 99
9 72
8 54
5 68
7 92
1 87
10 96
7 2
3 98
5 57
8 77
7 56
3 11
4 1
10 73
10 8
7 29
8 87
7 88
9 69
10 56
2 55
10 67
3 23
7 7
1 5
7 50
3 91
2 2
4 71
7 69
9 89
1 58
4 44
5 65
5 15
1 21
10 9
4 94
1 68
4 97
2 56
8 52
7 56
3 30
1 91
7 47
9 36
9 18
7 19
3 52
2 24
6 43
5 23
3 39
4 31
3 64
5 59
4 93
8 35
6 73
2 23
8 49
2 99
9 82
3 39
2 37
9 66
3 9
9 22
2 59
5 87
7 6
10 74
3 66
9 96
2 43
6 96
7 48
2 77
1 29
1 5
8 19
2 96
10 71
5 5
8 66
6 64
4 92
3 60
8 95
7 16
4 51
2 65
