10 92
3 80
7 31
9 1
7 57
2 96
9 11
3 50
2 85
4 50
6 16
10 4
5 5
8 78
1 4
10 13
7 49
9 46
8 11
1 32
1 51
1 44
6 56
9 83
7 97
5 74
1 10
7 54
4 45
10 54
8 81
5 56
3 70
4 6
3 45
7 87
10 1
8 33
10 59
9 68
3 82
2 45
1 80
10 6
4 22
9 79
9 95
4 57
8 53
6 66
10 76
6 1
7 7
3 13
3 4
8 70
5 12
7 3
10 21
3 71
10 34
8 35
3 77
5 97
1 95
2 72
7 16
10 35
5 17
7 91
5 52
9 61
8 15
4 57
10 2
7 82
3 11
1 31
2 88
3 84
3 84
2 50
10 62
1 56
6 3
6 15
9 66
8 9
10 43
7 14
6 94
3 91
4 27
6 88
7 43
3 86
7 4
10 86
1 73
2 73
1 89
10 1
5 79
10 77
5 20
5 18
6 9
10 33
4 72
2 53
8 70
9 5
5 19
3 23
1 89
9 34
10 10
5 50
8 30
4 34
8 66
8 93
1 60
4 66
6 27
2 90
5 46
7 84
10 17
1 33
6 27
3 62
6 72
1 20
9 99
6 75
10 53
4 71
9 30
9 71
5 56
10 75
4 82
6 1
9 1
5 56
1 3
9 31
1 13
6 93
4 71
8 5
9 20
10 48
5 20
6 27
8 91
2 48
6 14
7 37
7 21
5 29
5 76
1 46
4 91
2 80
9 90
7 88
3 37
2 13
3 1
9 52
10 84
6 74
8 91
4 72
6 91
3 66
10 50
2 34
6 40
1 33
8 90
8 100
7 22
8 16
3 93
3 54
7 67
9 71
2 93
10 45
3 40
6 73
7 9
8 93
2 97
3 96
9 73
7 100
4 52
6 47
3 49
1 23
10 15
4 77
2 31
8 57
4 69
4 1
7 30
4 43
3 50
6 5
10 67
1 64
5 36
6 57
8 72
1 53
9 14
5 3
5 57
8 68
2 24
4 86
4 37
9 78
4 99
10 85
7 55
8 78
4 32
4 98
8 83
4 29
5 42
2 17
6 3
10 5
4 70
5 96
10 57
3 32
8 44
8 38
1 73
10 88
6 65
7 47
2 9
10 86
4 57
4 59
3 94
1 69
7 55
7 40
3 34
8 98
6 93
10 42
3 6
1 75
3 47
5 94
6 46
7 29
9 89
2 54
2 30
10 75
6 7
4 48
5 61
9 51
1 30
10 76
5 1
1 78
5 50
2 33
1 83
10 34
10 87
10 84
7 98
3 9
5 66
8 62
10 33
7 24
2 63
5 56
4 87
8 90
9 73
7 51
7 35
4 88
2 31
6 71
1 90
1 29
5 67
10 41
10 90
6 49
2 43
4 7
9 54
8 59
5 26
4 64
1 11
2 96
7 93
10 70
8 71
1 59
2 56
7 41
10 89
2 97
2 92
3 43
10 5
9 48
7 92
7 80
9 26
2 6
6 61
7 65
1 44
9 100
3 83
5 94
3 93
10 17
5 4
6 86
8 46
7 74
10 10
5 23
1 53
2 33
4 71
2 36
6 97
7 12
1 50
4 64
3 7
7 48
5 80
8 82
9 9
1 29
9 45
3 5
1 67
10 90
8 39
3 11
4 87
2 75
7 39
3 64
3 26
2 24
3 12
3 61
7 66
3 52
7 74
3 19
8 32
6 40
5 4
10 15
7 17
7 28
5 31
2 92
3 31
9 35
7 44
3 98
4 74
4 20
1 3
9 91
8 81
2 65
8 84
6 82
5 68
6 23
2 14
1 70
10 32
8 41
9 64
1 17
8 61
7 93
4 57
10 51
4 25
7 7
8 81
7 22
4 75
8 66
7 73
5 69
6 88
7 15
6 48
2 99
5 25
6 82
1 96
7 30
7 80
3 62
1 96
9 46
6 2
7 15
5 29
9 21
2 8
2 53
8 88
10 66
3 65
3 60
4 16
8 33
3 55
7 75
2 54
1 6
3 18
4 19
6 9
3 79
10 15
3 23
1 28
5 92
2 90
9 14
6 9
7 98
1 53
6 58
1 29
6 46
1 15
8 21
10 4
1 9
8 14
1 100
4 79
8 76
10 14
9 30
5 62
1 70
10 3
4 23
5 38
6 43
4 23
1 46
6 74
4 25
10 67
6 17
6 51
9 98
9 49
3 6
6 33
10 70
4 44
10 37
10 77
1 31
4 36
8 50
1 78
1 69
8 65
1 70
6 6
3 30
5 53
10 18
5 40
6 13
9 33
6 45
9 82
6 68
3 70
5 100
10 10
4 67
8 17
7 70
9 22
10 88
6 65
1 67
1 93
10 47
1 65
4 54
4 81
4 17
3 20
4 34
2 48
9 94
2 18
6 66
8 37
10 41
2 62
2 57
6 82
5 16
2 72
6 54
6 9
9 86
9 34
4 85
7 25
5 14
2 53
6 57
6 60
10 83
5 58
3 12
9 16
7 4
4 11
2 78
5 88
7 27
3 57
10 84
5 58
4 72
6 85
10 72
9 3
6 68
6 1
5 87
6 64
2 8
9 61
2 5
10 100
3 88
8 48
4 93
1 33
8 54
6 46
5 59
4 26
5 3
1 70
9 63
4 88
2 82
4 87
3 73
2 31
9 90
10 72
5 52
6 19
6 22
4 93
10 49
9 5
6 20
9 57
7 15
8 41
2 24
8 16
10 7
6 59
1 84
10 12
6 7
7 28
2 59
1 13
7 32
1 80
5 39
3 38
6 49
5 50
3 65
3 96
4 18
1 65
4 1
6 64
3 12
6 67
6 61
5 83
10 69
6 6
2 53
7 63
7 82
2 73
9 9
4 96
5 71
10 33
3 35
6 81
9 51
8 6
4 84
3 22
2 83
1 85
5 44
8 57
10 5
4 25
8 96
1 51
5 18
4 23
4 49
10 26
8 46
6 64
4 12
7 78
6 36
4 59
9 22
9 74
3 44
4 85
9 26
6 94
9 55
4 43
1 76
3 3
2 18
9 12
8 22
2 28
8 17
6 38
9 70
2 77
9 32
2 39
1 84
8 36
1 41
5 77
8 94
10 61
9 50
7 80
3 92
6 19
4 49
5 80
7 28
1 55
1 60
4 73
8 73
5 77
4 84
6 77
4 9
3 24
9 48
10 82
7 52
1 92
6 33
6 46
7 84
10 27
1 65
5 25
10 41
8 30
3 10
4 59
6 28
10 27
10 97
5 7
2 57
7 14
6 5
8 40
8 94
5 33
5 7
5 81
9 72
9 54
8 21
9 50
6 58
9 58
7 81
10 76
1 27
7 13
4 48
4 38
6 79
2 2
10 25
8 22
2 58
8 62
8 9
10 8
10 22
10 29
9 71
5 91
6 2
2 30
5 23
7 24
1 21
5 18
3 44
7 84
10 63
3 45
3 56
3 75
1 97
6 17
2 60
10 81
9 7
8 52
6 22
6 6
4 62
3 3
5 4
6 47
7 83
8 51
9 64
4 68
2 12
4 34
6 44
7 41
4 88
5 76
7 24
10 92
8 49
7 16
2 89
4 47
9 19
9 9
3 9
6 47
1 56
8 55
1 2
1 33
1 59
10 97
2 54
2 2
3 54
1 98
2 34
10 23
1 54
4 30
10 9
5 9
8 31
9 44
9 87
6 56
6 19
10 79
8 48
1 15
9 37
8 87
4 67
9 29
7 16
1 59
9 46
5 84
3 91
7 70
2 42
4 38
7 20
5 15
8 29
7 44
3 91
6 46
5 58
8 28
9 13
7 23
8 88
1 36
3 55
3 32
9 40
6 14
7 30
5 85
3 82
5 14
9 54
2 36
2 17
6 63
6 9
8 54
5 45
8 83
9 63
5 22
7 13
3 61
3 73
8 35
7 91
5 7
8 48
6 72
5 72
4 48
1 64
3 81
6 67
9 48
7 16
6 93
6 81
8 100
2 62
7 3
10 19
4 8
7 28
3 75
10 1
7 89
2 99
10 32
7 94
3 51
5 36
2 20
8 71
9 93
7 83
4 85
3 19
8 81
9 70
5 76
8 70
2 39
3 5
4 97
10 96
1 75
6 77
9 8
8 64
7 89
9 10
5 84
5 63
6 46
1 6
10 7
3 95
2 58
9 18
1 86
6 94
10 22
10 18
9 4
9 55
9 96
4 2
7 36
2 70
8 47
10 69
10 29
8 58
10 74
1 18
8 11
7 95
3 98
5 18
4 56
2 85
6 46
6 15
6 54
5 49
10 72
1 45
5 21
8 32
1 43
3 17
2 27
10 9
1 20
10 92
10 61
7 22
3 95
4 73
5 73
4 83
5 65
3 32
5 100
1 28
10 69
7 71
3 98
2 1
2 76
10 81
9 19
2 33
7 79
7 9
2 53
5 85
2 25
5 33
10 77
6 96
3 11
6 53
5 25
5 59
3 98
3 42
7 36
2 3
10 69
9 17
3 71
4 95
10 66
7 92
10 88
5 93
