6 19
7 71
1 25
5 34
10 97
10 67
5 100
9 78
1 43
9 12
8 20
7 22
8 30
7 75
3 5
6 37
8 55
2 25
10 78
6 56
8 18
10 76
6 35
9 95
9 27
10 23
5 94
3 9
1 68
10 55
8 18
2 70
6 70
9 69
3 13
1 10
1 72
2 43
3 31
9 97
6 61
1 40
10 78
9 70
5 59
8 99
10 40
5 13
9 84
1 78
3 45
8 31
9 97
4 1
5 15
2 87
4 4
5 42
1 42
7 17
3 3
7 19
7 38
6 40
9 28
10 13
10 58
5 80
3 99
8 80
2 21
9 26
3 79
2 50
8 22
4 57
2 78
5 99
5 29
4 64
6 47
10 72
9 41
7 5
3 56
10 38
6 29
2 14
10 51
10 13
1 21
8 63
3 31
7 51
3 59
1 16
7 78
2 72
1 93
8 97
2 85
1 66
6 79
5 58
2 5
10 52
7 7
3 3
7 74
3 8
7 7
3 26
10 67
6 82
10 22
7 69
8 58
4 16
4 80
5 91
4 31
5 77
10 49
4 84
1 98
6 8
8 2
4 87
2 7
8 25
5 57
5 21
4 35
9 4
7 88
2 96
3 18
1 50
1 30
8 35
4 33
1 5
10 22
4 58
6 10
6 9
6 10
2 84
2 76
10 26
1 81
5 55
1 30
10 58
7 26
6 31
1 21
6 62
3 15
5 64
9 20
4 94
3 35
3 43
5 73
8 51
4 22
9 94
8 51
5 66
6 58
4 53
7 47
5 87
3 36
10 45
7 77
1 52
5 10
10 41
3 90
2 82
6 100
8 13
1 13
6 12
1 50
2 65
4 67
2 93
8 61
3 61
2 89
10 31
10 51
8 72
3 86
10 94
5 61
5 6
2 47
1 61
5 56
9 99
9 65
8 98
6 35
5 35
1 87
8 28
9 41
4 30
10 59
6 89
3 69
8 50
2 19
5 98
4 63
10 70
10 89
10 55
7 69
5 11
9 73
6 86
2 20
1 79
5 87
2 19
7 54
10 16
7 64
3 94
4 96
6 47
10 71
4 21
2 75
7 95
7 89
6 57
3 61
10 60
7 20
5 30
3 7
2 18
2 37
9 49
9 5
1 61
9 31
4 99
7 38
4 61
8 9
6 17
8 23
5 13
6 20
10 99
2 41
6 9
1 3
9 23
5 53
9 6
10 57
4 33
9 18
4 90
6 71
5 18
7 83
4 10
10 24
1 7
8 50
4 1
3 83
6 72
1 81
1 79
2 84
9 59
8 73
7 73
9 52
5 76
5 92
1 22
4 44
2 53
5 2
1 73
8 95
2 89
10 92
7 31
4 78
2 74
8 78
7 7
4 36
10 8
10 74
5 26
4 4
4 49
2 56
10 82
6 100
2 96
10 39
4 32
8 77
3 52
6 66
2 92
10 43
9 48
5 42
6 81
8 32
10 59
5 44
3 91
2 54
2 87
10 89
5 55
2 98
4 75
2 3
2 19
10 97
1 66
4 43
7 92
5 92
9 87
5 46
3 97
5 53
2 85
7 54
8 43
7 98
2 82
9 36
10 21
8 22
6 65
3 89
7 3
3 63
2 69
3 88
2 80
6 32
1 22
5 91
10 69
10 75
2 1
4 50
1 18
9 82
8 21
1 69
8 61
9 11
4 38
9 47
10 68
4 61
2 22
5 99
3 37
4 10
6 72
1 60
6 9
3 12
9 71
4 71
10 87
3 50
3 69
3 21
1 100
1 55
9 17
3 63
4 31
8 31
8 55
2 75
5 11
6 38
10 25
5 10
10 41
4 18
2 37
1 49
10 69
1 65
8 48
4 42
10 6
10 10
3 2
3 30
2 59
3 26
8 97
1 66
1 51
2 65
7 56
9 56
10 10
5 92
10 34
2 80
1 22
2 2
1 98
2 41
2 91
8 78
1 81
10 7
5 100
4 72
2 70
1 37
10 8
6 81
9 66
8 86
9 65
1 1
8 98
3 93
5 41
9 16
1 19
3 99
1 8
9 79
7 85
7 24
1 23
3 34
10 54
2 83
1 77
9 94
3 78
8 85
10 81
9 1
3 10
3 23
2 37
8 94
9 14
9 54
1 6
8 4
3 58
4 60
6 7
7 36
7 50
7 10
8 12
5 97
5 3
6 97
2 25
10 17
7 2
1 91
7 14
10 19
8 88
2 12
2 26
9 60
6 70
6 99
1 2
6 60
1 40
2 12
3 8
6 24
5 48
3 69
1 47
3 23
10 53
8 19
2 19
10 19
4 82
2 52
4 23
7 86
9 79
1 53
2 20
1 35
10 80
1 87
10 72
2 96
8 66
6 78
4 34
2 71
10 35
2 74
1 90
10 71
9 10
9 91
2 19
9 93
6 30
2 70
7 46
7 6
10 86
2 13
5 66
8 69
10 44
6 92
9 52
6 91
7 19
9 14
1 49
8 28
9 34
10 88
6 65
5 24
2 81
9 74
2 80
1 21
6 32
1 51
4 76
7 89
9 81
10 35
8 80
7 58
6 13
10 40
10 12
3 40
1 35
1 59
7 40
8 95
9 53
3 74
4 36
10 79
8 88
6 73
9 30
10 49
5 61
4 83
3 72
2 12
9 8
1 76
3 69
10 31
4 55
4 46
7 93
10 7
5 53
10 17
8 67
5 11
1 64
3 44
3 53
1 94
6 96
3 44
6 12
4 80
5 12
7 25
2 38
6 86
3 94
3 22
1 45
9 41
10 93
1 72
4 34
9 40
7 56
9 63
2 80
3 68
6 65
2 22
1 69
4 97
7 69
9 33
7 10
8 67
8 48
4 18
4 4
5 27
9 11
10 22
4 3
2 97
2 75
8 6
10 87
7 70
10 56
5 29
7 2
7 17
6 61
6 6
9 39
6 19
6 33
4 64
5 11
10 81
6 61
3 36
7 15
2 86
2 53
7 62
8 26
5 15
7 72
3 33
8 58
9 32
4 54
4 29
2 16
6 6
7 91
9 49
9 90
2 85
6 91
7 13
7 58
5 33
7 26
1 18
8 22
2 54
8 6
5 94
7 95
1 90
6 81
8 95
1 44
9 79
8 23
9 29
4 82
1 79
2 94
8 14
8 27
8 17
4 85
7 62
10 88
4 43
10 99
6 29
10 37
1 55
6 55
9 94
10 53
7 36
3 59
2 32
10 12
3 13
2 48
6 22
6 79
6 2
7 41
3 24
10 32
9 51
3 73
3 25
9 52
2 38
4 91
7 72
6 34
6 17
1 25
2 25
10 83
3 3
5 92
3 75
7 33
8 94
9 51
3 45
10 54
3 59
10 6
3 71
10 53
7 15
8 26
5 36
1 57
4 26
4 75
5 47
10 14
5 99
7 55
5 95
4 1
1 64
3 98
4 4
5 68
5 17
3 70
5 30
9 24
6 38
6 34
3 74
2 41
9 87
9 92
7 14
3 74
3 50
9 36
6 44
8 36
4 88
10 21
6 83
10 73
4 53
5 41
4 71
10 59
4 59
3 35
3 99
8 80
3 75
9 45
4 46
10 32
3 73
10 91
6 8
9 72
6 34
5 52
4 4
8 23
10 37
2 46
1 57
9 89
7 44
4 36
10 22
8 41
10 22
1 85
5 68
8 41
4 60
9 35
1 57
4 62
4 26
9 94
5 12
4 74
6 81
10 77
1 97
2 87
4 16
8 41
2 48
2 15
9 69
7 35
6 6
7 72
3 26
4 60
7 77
9 22
3 54
5 32
7 54
8 46
2 47
6 41
8 7
6 55
5 11
1 26
5 72
6 80
6 13
5 71
1 59
10 22
9 26
10 9
7 6
6 17
9 47
10 8
5 77
10 84
8 67
6 42
9 47
3 27
3 87
1 39
8 39
7 46
2 31
5 52
3 20
9 89
6 71
1 18
2 7
3 43
3 77
1 98
9 81
2 93
9 31
6 84
10 96
9 46
5 12
2 26
1 9
2 45
10 69
6 55
8 28
5 68
1 97
6 30
5 72
2 17
9 35
9 98
4 82
7 41
9 28
8 94
9 19
6 54
2 32
8 72
5 97
3 18
6 19
5 98
9 36
4 28
8 74
10 42
8 66
9 88
7 97
4 11
8 97
1 40
2 7
10 7
2 41
4 47
9 31
2 35
3 40
2 14
8 67
3 46
1 55
3 70
1 29
10 39
3 48
1 11
4 52
5 98
3 76
4 76
10 89
6 11
5 28
9 94
4 83
3 96
1 10
7 24
1 13
2 74
1 79
3 90
1 53
9 100
8 51
5 88
10 68
6 68
3 45
4 97
6 71
1 43
8 14
5 58
4 41
3 54
3 63
10 73
1 23
1 17
3 77
8 89
10 30
6 89
7 58
9 22
9 97
9 79
8 95
5 75
7 33
7 96
9 70
3 38
10 30
9 57
4 27
2 47
5 37
6 94
7 76
10 79
4 46
5 88
5 18
8 100
7 53
8 33
5 91
6 67
