8 63
1 95
8 20
9 22
4 17
5 57
4 94
8 92
7 58
9 38
1 65
1 74
2 35
7 41
5 39
9 13
8 52
3 64
10 59
2 11
4 18
1 82
2 45
2 22
2 92
3 91
6 53
7 28
10 48
1 1
6 53
4 15
6 25
2 58
1 13
9 60
2 51
10 94
3 79
9 37
2 88
2 83
7 29
8 65
7 3
7 13
10 55
6 36
5 40
10 77
2 55
9 69
4 53
2 64
3 83
10 77
10 20
2 39
5 55
10 55
2 56
3 89
1 86
9 51
2 18
2 54
2 39
6 9
7 30
7 47
4 54
9 41
9 53
2 65
4 82
5 98
8 14
5 65
4 13
7 98
9 56
10 92
5 57
5 49
3 23
6 1
2 47
9 2
8 12
3 79
3 27
2 67
6 95
2 10
5 53
4 30
7 44
8 18
2 88
1 80
7 4
9 38
2 66
1 44
6 83
5 12
4 53
2 74
7 45
3 59
3 69
2 18
5 59
1 2
1 16
6 48
7 77
2 88
2 88
7 94
4 35
10 88
2 85
8 67
10 57
9 44
6 42
7 4
2 21
2 39
10 50
1 35
1 62
10 49
7 72
7 93
5 68
4 75
5 17
8 21
8 96
5 37
6 54
4 45
7 50
3 54
7 81
5 57
2 90
2 43
3 95
10 97
4 93
8 37
9 64
8 29
1 44
4 98
5 68
3 76
9 1
2 57
1 21
6 59
10 23
4 60
1 44
7 13
1 76
3 19
4 99
5 27
8 34
2 44
7 45
5 50
4 12
8 30
6 71
10 73
1 35
10 95
5 19
2 86
5 28
7 64
9 97
4 62
5 10
7 61
1 24
9 43
10 94
9 11
5 7
4 71
8 32
6 100
2 89
6 8
10 44
9 59
1 51
2 71
1 72
3 83
9 90
1 46
9 66
4 22
4 16
1 84
6 16
3 59
10 21
6 70
3 98
7 94
2 36
9 25
10 56
4 33
4 41
8 24
1 85
4 70
6 86
9 69
1 40
4 69
3 12
10 1
8 28
7 28
10 80
1 37
7 93
4 11
10 56
6 49
7 40
7 51
3 1
6 97
8 69
1 81
5 33
2 48
4 43
2 90
10 52
5 7
7 1
7 9
1 60
4 65
4 57
5 2
2 94
7 69
3 21
10 54
9 24
5 80
8 11
4 2
1 55
6 11
7 6
6 11
4 36
5 15
1 37
4 65
5 93
5 13
1 69
4 50
7 74
6 93
5 100
6 94
7 22
4 28
4 6
5 30
7 77
8 55
1 76
1 26
10 76
10 77
1 20
5 28
6 30
9 95
2 86
10 73
9 67
1 70
1 99
2 20
9 58
2 87
1 82
10 64
9 98
3 76
8 8
1 21
6 41
1 77
6 89
10 98
10 73
4 43
8 10
10 87
9 27
7 57
1 27
3 67
10 84
7 95
10 12
2 91
2 50
6 80
10 33
9 55
10 38
6 65
7 51
4 70
3 73
3 53
10 78
2 3
10 16
8 9
8 31
8 39
4 50
9 79
3 90
10 80
6 30
7 61
10 90
2 5
8 11
2 44
9 41
5 72
5 97
10 31
10 55
1 98
10 96
9 35
10 79
5 43
2 21
8 70
5 83
10 45
7 98
9 74
5 63
6 71
6 32
2 5
6 26
1 91
10 40
2 96
4 26
4 34
8 32
2 29
9 62
10 24
8 65
2 3
6 99
4 50
4 8
1 66
7 90
10 70
10 6
7 22
6 5
8 35
5 43
7 54
7 31
5 48
7 68
6 54
2 46
1 23
3 82
5 35
1 97
10 63
4 52
10 64
9 1
7 76
9 69
5 72
6 18
10 91
8 36
4 48
4 85
5 5
7 65
7 96
4 60
9 51
4 7
7 10
8 67
6 12
9 10
1 44
10 74
7 83
7 4
8 97
2 42
1 44
2 26
10 56
5 79
9 12
8 61
3 98
1 17
1 67
5 59
4 62
10 9
2 83
9 1
6 48
6 6
3 96
10 79
2 28
1 86
9 44
6 21
7 10
3 44
8 38
9 83
10 78
10 41
10 44
7 94
9 66
8 25
7 86
7 43
9 48
5 73
3 45
9 68
6 87
9 76
2 83
5 14
2 75
5 99
10 28
3 63
4 75
2 39
8 60
5 43
8 35
2 67
3 81
6 93
6 36
6 29
10 24
3 17
1 41
7 47
8 16
2 37
9 46
9 4
3 28
6 73
4 54
4 50
2 68
1 65
9 14
8 74
6 55
6 7
3 78
9 34
10 33
3 27
9 92
1 59
10 93
4 13
7 89
8 73
5 60
7 87
6 65
6 93
6 94
2 53
10 43
4 42
4 10
2 98
10 88
6 30
3 27
7 38
2 79
2 11
6 90
8 43
4 72
8 92
9 84
8 86
3 23
5 3
9 43
8 45
3 79
7 63
9 86
1 52
8 89
3 25
7 11
3 26
8 32
5 65
1 70
10 30
1 88
5 59
2 68
5 20
1 97
6 60
3 54
1 60
1 63
6 4
3 54
2 91
6 61
6 50
10 42
2 34
10 11
5 45
1 41
1 4
10 10
10 39
7 92
5 93
7 8
6 10
10 22
10 70
10 54
10 9
3 22
10 6
2 12
6 53
4 75
3 20
1 97
7 93
5 70
10 3
3 57
5 68
4 1
9 36
2 24
10 24
1 60
9 12
10 2
5 38
2 37
9 1
8 91
2 38
6 90
6 47
8 62
8 90
4 91
1 89
7 11
8 84
2 78
7 94
3 30
7 58
3 54
10 10
7 99
1 42
8 91
4 28
6 66
4 72
7 42
10 96
1 18
4 85
2 19
9 72
6 52
3 71
9 88
2 100
9 54
1 93
7 65
10 47
1 70
2 90
7 52
4 45
8 34
3 55
2 43
4 17
7 11
6 2
10 90
9 22
9 84
7 63
6 36
2 99
8 53
5 35
8 87
3 56
10 38
7 29
10 47
10 49
10 56
10 11
6 9
3 32
8 44
8 8
2 5
6 85
2 53
10 25
9 17
1 6
2 64
6 61
2 89
1 1
8 94
2 10
8 55
8 11
4 3
5 96
1 10
8 12
1 4
6 98
2 37
10 7
4 6
3 50
1 87
5 88
8 59
8 3
3 26
2 42
3 21
1 38
1 5
8 16
6 22
6 76
6 35
4 54
7 20
2 59
6 92
2 11
3 84
9 70
2 96
6 45
8 82
9 8
7 93
10 78
4 8
5 5
3 11
7 79
1 59
6 94
7 80
10 56
9 20
7 15
6 3
8 45
8 69
8 28
3 38
10 41
5 42
4 90
3 90
10 10
5 83
3 21
2 99
3 86
4 45
7 70
3 54
7 45
2 46
9 23
9 36
2 38
10 100
10 47
1 35
3 56
8 76
1 49
6 53
5 11
1 4
1 50
1 33
1 6
6 87
3 46
6 40
2 23
9 57
2 65
3 93
3 81
10 81
5 98
5 6
6 27
7 20
5 85
7 21
2 43
6 2
3 43
3 24
4 55
2 66
3 89
10 58
8 4
10 91
1 33
4 71
1 18
4 63
6 29
5 24
7 69
1 63
5 59
6 42
6 40
1 70
7 42
7 13
9 5
2 53
7 91
9 27
1 17
4 50
3 99
9 20
8 39
8 36
2 86
9 9
6 10
2 2
1 31
4 23
10 41
10 89
6 55
4 6
8 4
2 52
7 20
10 28
10 69
5 47
10 43
9 41
3 89
5 98
3 12
3 82
4 71
3 16
9 92
2 8
5 89
5 75
5 14
7 48
2 92
4 68
10 44
4 82
1 78
1 5
10 92
6 43
10 43
6 45
5 30
4 57
4 55
5 52
4 54
8 92
4 79
4 37
6 68
3 8
5 13
3 72
10 77
8 7
10 94
2 86
9 88
2 69
2 11
1 70
7 32
7 36
6 67
2 32
9 94
6 87
4 29
8 55
10 17
6 1
8 51
3 100
1 12
4 5
3 31
4 42
4 24
6 69
6 43
4 41
5 52
1 76
10 18
2 22
7 37
6 1
6 3
1 86
8 60
3 95
8 35
4 20
7 61
8 13
4 71
5 45
6 84
1 86
4 96
3 24
6 82
8 59
8 33
8 17
8 86
9 53
7 1
3 3
7 21
6 46
4 60
2 84
3 15
5 81
3 28
3 57
9 30
3 16
8 98
4 41
4 24
3 54
6 100
8 40
10 11
2 83
10 93
7 74
9 57
1 69
1 50
9 43
8 70
9 26
4 33
9 89
1 75
7 50
1 77
2 71
1 18
2 68
10 87
8 90
9 47
9 70
4 45
6 8
6 26
4 3
8 58
10 3
7 55
9 58
2 18
3 15
2 67
1 73
8 69
10 25
8 75
10 52
10 33
7 24
6 54
7 93
4 2
3 68
7 12
10 20
5 23
4 5
4 27
10 6
1 39
10 71
5 53
8 68
1 7
2 97
8 61
7 18
9 76
3 23
