9 45
3 87
8 53
9 74
4 35
7 12
2 9
5 43
2 62
7 25
6 55
9 34
8 90
3 41
8 85
10 26
10 43
9 98
5 28
9 60
4 62
6 5
8 100
4 95
8 55
9 90
9 96
5 84
3 98
1 19
9 81
6 57
7 40
3 7
1 36
5 94
2 5
3 33
2 90
10 80
3 29
8 3
7 21
3 43
1 16
4 57
5 78
10 29
8 100
9 65
5 29
8 92
6 67
2 30
2 18
9 46
10 91
8 95
4 12
8 4
7 85
1 59
9 78
5 37
4 26
7 60
9 72
6 62
3 42
3 42
8 49
8 41
10 3
1 83
1 48
1 19
3 31
10 73
5 48
9 43
7 20
7 77
4 81
1 91
1 49
5 27
6 38
2 56
6 44
4 61
4 98
2 55
7 66
5 27
9 81
3 40
8 4
9 22
10 23
6 40
5 19
1 35
10 97
5 24
1 29
4 66
1 44
7 74
8 8
8 26
9 11
1 68
1 100
8 21
4 22
4 84
6 17
3 13
2 31
3 92
6 88
1 19
8 2
9 13
3 16
8 96
5 86
4 66
5 98
6 76
1 50
5 16
1 7
3 25
2 15
5 85
9 35
9 39
10 66
9 43
7 38
2 55
5 68
7 95
3 96
1 85
1 48
8 4
7 30
4 48
8 69
8 3
7 91
10 46
9 91
3 6
10 21
10 66
5 56
2 83
10 100
4 39
8 32
8 3
9 44
4 80
8 38
5 69
6 56
3 24
2 46
9 90
3 3
8 41
1 19
7 41
3 99
9 67
2 13
7 78
2 45
3 83
2 97
4 88
1 42
5 93
7 89
4 13
6 2
3 52
5 83
9 22
5 25
6 7
5 11
5 25
1 63
8 40
4 51
5 68
2 41
8 18
4 4
1 77
6 75
2 96
4 56
5 29
3 70
1 40
3 95
7 99
1 97
8 79
5 3
1 16
4 9
8 21
6 6
7 50
9 59
6 91
5 48
3 16
8 69
8 43
4 92
4 57
7 59
5 76
6 42
1 26
3 90
4 72
7 15
10 50
10 96
8 43
10 54
8 49
1 88
9 91
4 38
8 91
8 8
9 27
7 15
5 87
7 47
10 98
6 36
4 51
8 51
9 67
8 15
1 64
2 42
4 48
5 2
6 80
7 30
3 36
9 86
5 14
9 42
6 11
9 80
4 73
4 88
9 19
1 49
6 70
10 54
1 54
10 35
2 93
1 51
1 92
10 92
4 21
8 21
5 47
2 15
9 74
7 10
1 31
7 52
3 99
3 58
4 86
8 66
8 98
2 12
2 82
2 64
1 68
7 38
4 35
3 26
5 4
2 99
9 23
3 35
9 67
6 72
1 26
7 46
4 70
3 33
3 18
4 50
6 81
9 99
3 41
1 96
5 55
4 66
1 48
3 62
7 73
7 85
2 64
4 3
10 18
3 63
9 52
2 15
6 98
1 33
10 51
4 6
6 48
8 58
5 12
2 86
9 9
7 69
10 34
1 6
2 53
3 83
9 84
1 35
8 15
8 44
10 12
1 39
6 55
1 73
8 53
4 78
1 1
5 20
5 46
2 67
4 85
5 56
4 74
5 1
6 77
4 32
4 20
3 64
9 44
10 81
7 18
9 14
2 19
8 10
9 63
6 64
10 84
4 65
1 39
10 57
3 80
1 41
2 19
6 92
4 70
2 3
8 63
9 59
5 76
6 3
5 54
7 60
10 46
4 50
5 61
2 15
5 40
10 83
6 2
3 19
10 14
5 99
6 52
10 24
9 79
3 39
2 5
4 28
7 28
10 82
3 30
5 52
6 68
2 50
3 95
9 70
3 60
8 62
1 14
8 70
2 77
6 70
4 98
7 70
7 62
1 99
9 41
9 72
8 57
2 29
9 76
2 44
5 67
7 57
1 19
7 52
8 66
10 63
1 55
10 65
3 48
2 67
2 74
7 46
5 3
4 62
2 75
6 69
5 36
7 99
9 1
1 59
5 29
6 40
4 58
7 94
4 85
2 4
5 38
5 6
3 37
5 79
1 74
5 38
4 18
2 51
5 43
3 22
3 92
7 35
9 50
4 84
10 86
4 20
9 47
2 68
7 88
6 93
7 77
5 51
6 14
5 53
10 77
1 89
4 64
3 5
6 48
7 100
3 54
5 44
4 7
2 77
10 87
4 93
8 10
10 26
6 72
2 100
9 91
2 33
5 96
6 90
10 78
5 49
6 62
5 12
8 28
1 9
8 44
5 41
4 54
2 37
1 76
7 30
4 33
4 13
2 62
3 35
10 61
10 79
2 46
5 8
7 60
2 39
9 88
7 70
9 42
2 96
7 69
9 69
9 40
4 37
2 70
7 22
10 86
3 39
2 42
5 52
1 38
3 11
2 62
3 72
4 45
7 78
6 92
7 79
6 62
8 22
2 98
1 79
2 60
4 32
6 41
6 44
9 23
9 26
6 88
6 55
2 82
3 39
3 88
8 66
8 17
5 92
8 88
7 88
3 31
9 47
4 92
8 75
5 33
5 87
8 27
5 43
7 12
7 72
9 70
5 99
7 68
2 37
8 96
2 68
5 7
7 55
5 58
6 63
2 74
1 50
4 86
7 63
5 84
1 4
9 70
9 82
7 95
7 68
9 84
10 7
9 4
6 4
8 40
4 14
8 72
2 96
4 90
8 13
1 51
7 92
3 95
3 79
2 7
4 2
6 5
9 76
1 11
3 83
9 90
1 34
7 89
5 56
3 11
6 51
8 22
4 7
1 54
3 10
10 62
1 77
7 14
4 93
3 54
1 7
6 47
5 33
6 48
10 39
6 21
4 7
2 71
4 97
4 51
1 86
5 62
2 33
5 85
9 4
6 99
2 9
7 12
7 84
7 45
9 92
1 39
1 23
7 4
6 71
5 9
10 73
10 77
9 8
7 71
8 78
3 41
7 68
10 93
8 63
3 21
3 48
5 10
6 76
9 68
8 32
10 90
8 86
5 69
8 89
3 40
8 15
4 88
7 60
9 45
1 38
9 50
7 50
8 77
1 70
1 31
4 57
7 55
4 12
6 81
5 77
5 11
6 23
1 32
8 10
9 21
7 61
1 74
1 66
2 33
9 53
10 34
4 5
3 27
6 93
4 18
4 2
8 45
1 42
3 66
6 33
7 85
3 92
1 20
3 49
9 18
4 9
4 83
6 25
9 28
3 39
1 70
8 32
5 90
6 56
2 80
5 50
3 8
6 75
1 75
1 62
1 39
7 38
9 56
8 15
8 86
7 75
1 47
2 73
4 57
9 97
1 56
1 96
7 51
9 62
10 18
2 57
6 49
2 96
8 47
4 46
2 59
7 89
10 27
2 36
2 19
8 21
6 1
9 79
6 74
1 72
10 10
4 79
8 88
10 70
5 38
4 63
5 69
10 81
8 60
5 74
6 43
4 55
3 15
6 52
9 28
2 7
4 28
4 56
5 79
8 78
10 36
7 36
2 20
9 19
7 81
5 49
6 30
3 85
1 62
4 43
1 78
9 89
5 9
8 30
5 55
9 46
5 2
3 49
2 73
8 63
5 70
9 65
2 96
3 41
10 66
4 66
6 96
6 83
4 12
1 19
3 72
10 4
10 94
3 37
1 88
1 29
3 56
9 29
5 57
3 9
3 4
9 67
2 9
6 21
4 60
3 19
5 5
2 62
1 10
1 52
6 41
6 80
10 77
10 77
4 72
9 87
3 86
9 46
2 46
3 99
2 100
2 73
8 47
6 77
10 28
8 35
4 55
3 62
5 3
8 38
3 66
8 32
4 90
1 62
1 51
6 5
8 73
6 9
1 22
7 13
1 98
6 61
7 99
3 97
3 76
3 3
1 22
9 40
6 55
9 55
7 35
6 51
4 80
9 84
8 49
4 6
2 47
6 58
7 65
7 86
1 34
3 76
9 65
9 19
5 5
1 14
7 55
8 89
9 46
1 25
9 45
1 48
3 27
9 27
1 84
6 70
9 80
8 2
9 83
6 49
4 68
9 14
1 31
8 87
6 13
6 53
5 6
3 35
2 71
3 80
6 9
1 51
2 71
2 56
9 71
6 26
7 37
7 27
3 74
4 28
7 15
2 95
5 31
8 7
6 37
9 15
4 59
9 6
6 49
5 71
8 6
6 49
9 14
8 82
9 81
7 30
8 51
7 27
1 33
7 3
5 87
6 83
1 32
8 87
5 4
1 66
7 80
9 4
9 93
4 27
1 11
8 87
5 53
9 14
10 75
4 49
3 76
4 85
2 54
9 38
6 74
10 74
4 81
4 17
8 5
6 96
7 93
2 69
9 14
8 63
3 71
4 63
5 88
7 83
2 5
5 7
3 69
9 70
7 16
2 58
9 10
9 84
3 75
8 10
7 84
2 35
6 82
5 3
2 75
4 76
3 70
9 45
5 44
4 82
3 97
3 85
1 84
3 16
7 29
4 47
9 45
2 73
3 51
