7 94
3 58
10 99
6 5
5 32
1 84
8 34
8 27
7 19
5 29
7 18
5 65
8 49
6 30
10 16
5 46
1 64
10 91
9 70
5 26
8 55
4 98
3 81
7 30
6 88
10 62
4 78
8 4
3 56
2 55
7 39
9 53
4 12
5 79
2 1
3 97
6 52
9 7
1 69
10 59
2 23
6 77
3 60
9 40
6 16
8 86
1 45
8 14
1 81
3 62
5 91
3 54
2 87
9 85
4 45
9 71
10 74
3 46
7 43
8 7
8 63
10 28
4 40
4 3
9 26
8 52
7 36
4 96
10 92
1 12
6 77
10 2
8 15
1 91
4 80
8 73
9 95
9 24
10 30
7 4
3 48
4 17
2 49
2 20
6 70
7 94
10 46
6 40
9 68
3 17
7 58
9 72
2 66
10 85
9 91
9 43
6 48
2 2
5 5
3 54
6 51
3 28
8 59
2 40
9 67
4 13
8 6
2 22
7 33
8 33
4 42
8 98
5 12
7 98
10 97
2 85
4 22
6 39
7 33
2 95
1 49
7 14
2 74
2 23
3 100
2 60
1 91
4 57
7 73
7 68
2 16
6 74
9 90
10 6
9 55
7 92
7 62
7 88
7 9
9 4
8 87
1 100
1 75
10 22
3 99
6 94
7 91
6 21
2 84
3 21
4 66
1 80
2 66
9 27
10 24
10 61
1 29
5 55
2 25
3 19
4 2
9 76
9 97
10 21
4 29
6 84
4 57
5 83
5 73
1 19
5 38
4 22
5 80
2 95
4 30
3 84
1 26
6 52
6 26
6 7
8 59
4 75
9 52
2 20
9 87
9 9
10 56
5 46
9 47
2 78
7 17
4 2
2 58
9 11
7 91
9 50
3 59
1 18
7 64
2 56
3 3
5 55
5 20
5 58
4 81
8 3
8 90
2 9
4 84
7 42
7 71
2 35
7 41
9 26
2 100
6 19
8 83
7 71
10 97
5 49
5 16
3 2
3 86
9 5
9 82
7 76
6 94
4 46
7 57
5 74
5 76
4 65
9 33
3 16
5 76
2 25
7 34
2 3
7 72
5 33
4 82
1 29
6 77
3 83
2 26
5 66
10 21
10 33
1 7
9 10
6 24
6 63
3 96
2 67
6 81
3 70
5 74
7 49
5 32
5 77
5 22
10 82
2 78
9 55
9 51
10 1
3 46
1 86
8 58
2 73
8 80
4 71
5 59
8 68
7 89
3 93
4 16
1 94
3 64
4 77
6 42
2 77
8 89
4 72
10 24
7 64
3 69
4 90
7 62
10 3
7 3
6 94
4 67
8 50
5 54
7 49
3 12
9 99
5 17
10 30
1 14
6 78
6 77
1 41
4 85
4 8
2 83
8 69
1 49
1 55
3 45
5 99
2 57
10 41
6 71
3 87
8 100
4 74
3 84
1 48
5 73
7 89
6 47
1 78
6 84
6 7
7 88
5 33
4 93
2 13
10 98
2 20
7 66
10 13
7 76
8 40
9 18
10 57
2 42
10 81
4 93
6 12
2 95
1 45
5 84
5 26
7 79
6 1
8 92
10 21
3 47
4 53
1 23
8 92
4 65
6 9
6 100
1 81
1 63
10 23
4 38
9 96
6 53
3 38
9 33
5 71
1 73
4 62
6 18
4 10
7 79
5 87
9 89
9 10
2 31
2 57
3 98
10 92
9 68
9 38
3 7
3 32
9 37
4 9
3 66
3 27
7 57
6 82
9 28
6 56
5 96
3 89
5 74
3 60
7 53
3 10
2 68
10 95
5 67
1 95
9 82
2 88
9 38
10 67
2 77
2 21
4 21
1 23
3 12
5 10
4 79
8 85
4 21
5 68
1 36
6 55
7 3
10 24
3 6
1 10
1 44
9 51
5 90
6 29
2 46
6 72
6 91
4 76
2 91
6 35
3 23
7 55
1 42
1 47
5 78
1 14
2 52
6 36
2 20
4 44
10 94
10 60
5 76
8 23
7 20
6 57
3 28
9 88
8 65
8 5
9 10
1 4
3 7
7 82
9 58
8 27
7 97
10 1
8 6
7 49
2 89
4 16
7 60
3 13
2 57
9 38
7 68
8 96
1 27
2 28
4 81
3 60
4 83
1 88
10 10
3 75
10 98
6 6
1 18
1 11
10 90
4 34
7 82
10 17
8 78
6 75
5 48
5 52
6 32
10 39
3 23
8 41
2 18
8 73
2 47
7 54
6 96
6 37
1 36
10 68
3 18
7 29
3 47
4 87
5 24
8 72
9 78
7 70
9 31
6 55
5 50
6 29
5 83
8 72
9 4
1 33
3 96
1 51
7 91
10 32
5 23
6 53
7 2
7 63
4 52
1 3
4 8
1 33
1 11
8 42
9 85
9 15
7 64
4 10
7 47
7 28
1 13
4 100
10 15
8 64
6 60
10 14
8 60
8 82
2 19
2 59
3 12
4 91
3 30
8 57
4 100
5 42
2 93
1 8
4 50
1 72
7 29
3 58
6 46
7 7
7 37
5 63
7 23
9 85
1 98
1 88
4 17
5 75
9 57
1 77
6 39
5 72
6 25
4 41
10 63
3 5
4 23
1 90
7 10
5 56
8 32
10 39
3 46
4 47
2 7
4 32
3 100
6 44
7 37
5 29
1 74
5 60
5 87
9 100
2 60
10 5
1 100
1 26
2 100
6 54
8 4
8 19
5 91
8 67
3 22
3 52
9 84
9 99
7 11
3 62
2 93
10 8
7 9
8 42
3 82
1 59
3 73
6 60
9 96
10 42
10 2
7 73
4 15
10 59
3 84
9 71
2 98
4 100
9 25
9 70
1 69
8 47
4 16
9 26
3 30
5 96
9 18
7 85
4 18
3 8
5 30
4 91
2 34
3 46
9 58
7 1
6 36
6 13
5 54
5 76
4 45
5 23
10 70
7 14
7 7
6 73
2 85
2 90
3 61
8 69
1 94
1 69
6 88
8 10
3 15
1 13
4 94
6 49
9 41
2 70
3 86
9 59
10 29
8 24
7 76
3 99
4 7
1 77
7 72
6 98
3 3
5 38
2 84
7 82
1 37
7 39
4 23
7 86
10 22
8 85
2 19
8 38
5 98
6 46
5 4
8 28
4 57
9 4
6 3
7 91
4 9
6 75
8 27
9 77
7 32
6 86
2 96
10 98
5 75
4 70
10 45
3 50
5 51
6 44
2 44
5 68
8 12
1 85
1 6
10 85
6 66
2 9
5 74
10 8
10 50
1 83
6 2
8 45
1 36
6 45
6 71
3 17
8 88
4 9
1 15
8 41
7 18
8 64
9 30
3 76
5 91
4 71
10 51
9 72
3 7
2 70
10 54
7 21
3 3
2 7
2 70
5 67
7 86
1 18
2 74
3 38
4 30
1 16
2 53
2 57
6 29
6 9
10 8
4 5
7 14
10 28
10 84
4 33
9 31
8 75
8 49
10 57
6 78
9 17
5 3
4 88
3 27
8 26
8 26
5 4
8 65
8 34
2 100
5 99
2 42
6 7
1 72
5 62
5 53
3 58
9 50
10 59
7 39
2 43
2 74
8 43
9 72
10 19
6 78
3 58
2 41
10 35
7 66
3 76
2 50
6 52
4 93
1 48
3 90
8 14
6 83
7 66
2 19
9 22
3 23
7 86
5 65
2 73
6 52
8 44
6 92
5 9
9 41
7 68
3 8
3 97
3 6
4 21
5 82
7 39
7 86
5 67
6 62
2 99
7 93
4 2
2 64
7 63
4 61
6 2
4 37
8 54
9 70
1 3
7 13
2 26
3 52
10 12
5 76
7 20
9 29
8 34
3 71
2 53
10 25
1 95
10 81
2 96
9 36
2 9
6 56
8 12
3 24
5 18
4 94
5 96
10 61
3 79
10 43
8 19
2 70
5 78
8 31
1 71
9 7
2 86
1 14
7 83
1 22
6 44
1 94
2 51
3 100
9 81
4 61
3 45
2 19
5 33
4 49
10 95
6 3
8 91
6 17
5 45
9 99
3 59
6 27
7 54
6 3
9 78
6 13
7 27
8 53
3 94
1 66
8 53
8 25
7 60
9 11
5 57
4 2
1 39
8 72
10 43
9 53
2 28
5 46
4 89
10 75
5 65
10 89
8 71
4 88
5 24
5 77
7 63
7 8
5 23
7 39
7 8
10 14
2 4
7 90
6 4
4 69
1 88
8 39
5 99
5 89
10 92
4 16
3 95
9 64
7 13
5 94
8 16
8 7
3 93
9 56
8 91
8 72
10 81
7 29
10 8
9 7
6 24
2 86
3 85
3 83
4 78
5 86
7 47
3 95
4 80
1 43
2 98
6 71
1 24
9 13
10 58
4 74
8 35
6 44
4 6
1 68
4 41
9 75
6 33
10 43
6 37
10 45
2 17
2 67
7 94
9 12
4 13
10 75
7 22
3 70
3 37
7 63
9 52
2 41
7 98
3 86
1 83
4 16
9 36
8 79
7 95
