10 84
8 34
8 47
5 22
8 16
5 36
8 12
2 91
5 53
9 64
3 70
4 93
7 61
3 21
1 66
6 66
7 18
2 46
9 62
7 30
5 26
7 88
1 23
10 13
3 1
3 81
9 89
5 8
1 15
4 53
1 8
6 36
3 61
10 92
9 51
4 88
5 90
2 25
6 41
6 38
7 60
8 87
2 26
4 66
2 74
9 79
4 52
9 8
1 20
3 75
9 68
3 56
8 28
6 82
4 8
8 65
6 29
8 98
6 92
10 12
2 32
4 8
7 59
7 88
4 73
7 24
5 9
9 69
6 44
5 51
5 52
6 83
10 6
1 46
6 4
1 58
6 39
10 7
10 40
1 28
1 2
7 32
9 69
2 4
8 10
2 33
7 68
3 99
8 81
9 20
8 53
7 39
4 65
7 16
4 48
5 2
7 92
3 96
2 44
3 17
3 29
5 94
7 92
8 90
8 55
9 10
9 100
1 4
9 23
9 83
5 78
10 64
1 60
7 10
6 19
6 47
7 59
9 8
9 12
7 60
7 32
8 54
5 48
2 84
6 65
3 20
7 58
1 46
2 56
4 68
10 97
10 51
2 10
7 13
10 34
7 5
3 100
6 87
7 61
10 89
5 99
2 27
2 85
8 54
5 45
4 49
8 30
10 36
3 96
9 75
8 47
10 64
5 99
8 53
9 84
10 41
1 64
8 45
6 82
5 26
5 15
10 78
7 27
10 32
10 47
3 18
5 77
9 30
9 41
4 37
3 64
2 88
8 50
9 68
3 58
9 62
5 5
6 21
3 12
8 9
5 28
5 92
7 55
3 14
6 90
8 61
3 93
4 39
9 8
6 90
5 80
9 51
3 65
4 7
8 23
9 35
1 15
4 42
6 62
6 33
7 74
9 91
5 28
10 94
7 97
7 10
2 8
5 21
6 42
4 13
10 2
6 87
10 64
1 25
1 97
5 87
9 28
1 21
1 92
6 45
5 55
7 68
6 43
6 48
8 35
2 94
1 77
5 37
5 71
8 99
6 61
8 95
1 94
3 97
3 58
10 99
6 76
4 57
9 64
3 23
4 86
7 90
5 79
7 53
10 44
1 66
4 24
5 66
6 38
3 46
3 53
7 61
9 61
6 83
4 16
10 43
6 85
10 89
10 12
10 18
10 31
6 21
9 9
1 36
9 17
1 68
1 98
6 70
3 46
4 24
5 66
3 92
5 17
8 51
2 13
9 77
3 11
10 21
5 98
3 40
8 39
5 48
3 76
8 19
2 43
3 94
7 50
7 5
4 66
10 73
5 37
5 77
10 26
6 40
5 15
3 99
10 49
3 88
5 83
3 72
1 48
9 31
10 53
3 91
10 64
2 17
2 65
10 15
10 42
4 11
5 32
2 81
1 13
2 82
3 96
1 45
10 29
6 66
7 38
7 53
4 51
4 41
2 8
2 7
4 48
10 7
4 34
5 97
4 31
5 93
5 34
9 25
6 22
9 88
2 34
10 32
5 15
5 12
5 10
4 16
7 81
9 83
7 37
4 56
1 61
1 53
8 82
10 69
5 7
2 63
2 40
1 68
8 64
9 6
4 92
7 28
10 31
4 91
2 39
2 18
5 46
4 14
2 23
4 32
6 47
4 57
8 89
8 9
6 74
2 79
1 9
3 92
10 39
5 31
4 34
5 82
10 58
7 36
4 57
3 79
5 100
7 72
6 59
1 34
2 40
7 7
1 6
9 47
8 73
8 31
8 18
3 49
1 72
1 64
9 93
6 74
9 92
9 70
10 25
1 59
3 100
8 27
2 54
10 47
5 21
1 80
10 82
4 67
6 26
5 52
7 82
2 52
4 84
7 66
4 80
7 22
4 80
1 26
3 73
2 17
3 90
5 8
2 26
8 67
6 22
8 62
1 61
7 18
3 25
5 76
8 55
1 1
1 5
2 83
8 64
5 24
1 30
9 45
6 3
5 78
4 13
7 73
6 49
10 32
3 49
2 9
10 19
1 97
9 76
7 24
3 18
8 13
5 23
3 18
2 64
6 68
5 31
9 5
10 46
6 21
7 81
7 11
2 66
2 9
6 3
10 9
8 20
10 64
10 27
1 79
6 50
6 80
4 4
5 66
3 41
7 26
8 77
7 44
8 39
7 42
3 99
5 96
7 97
5 68
4 96
2 68
4 92
3 91
6 56
4 52
5 9
1 23
9 56
3 31
6 83
3 16
2 24
7 30
10 13
2 22
4 72
3 58
1 46
9 52
2 59
10 24
8 43
7 27
3 84
6 68
1 85
6 86
6 58
7 68
7 89
6 82
8 69
8 83
7 85
8 84
9 97
2 33
10 98
2 31
6 52
8 63
10 10
4 81
3 60
8 73
10 76
7 3
5 88
3 9
3 29
8 19
8 58
6 35
9 35
6 23
10 35
5 48
7 61
8 45
1 96
5 81
3 27
9 26
7 65
4 71
9 84
1 93
3 69
10 98
4 20
7 26
2 31
9 7
7 18
5 1
9 45
5 20
7 45
3 55
9 92
2 13
2 24
4 41
7 64
3 86
6 28
4 37
4 90
10 25
4 90
10 74
9 26
10 18
2 27
4 25
4 37
2 99
8 65
4 92
6 97
4 55
5 56
8 76
8 1
4 61
8 64
9 64
5 64
9 27
9 7
10 25
1 27
10 13
2 98
7 57
7 38
7 66
2 26
4 30
7 61
7 99
3 76
6 50
10 68
10 52
2 92
6 94
5 84
10 44
2 15
7 65
4 65
8 5
7 62
10 20
1 44
4 51
2 43
2 85
5 32
5 56
9 63
10 82
3 22
7 94
9 72
7 68
8 31
10 82
9 43
6 54
9 23
9 57
5 89
7 33
2 41
9 59
7 63
5 87
8 91
7 41
5 79
4 62
1 36
9 36
8 53
8 7
4 66
2 29
5 53
2 77
7 11
10 1
6 29
4 97
2 49
4 12
8 45
7 42
1 24
3 99
5 33
2 80
7 100
8 92
8 39
8 26
3 86
5 38
6 7
1 65
4 65
10 7
4 68
6 33
3 27
9 43
6 86
6 48
6 3
10 76
4 47
3 16
4 58
7 58
7 24
4 87
10 4
1 46
1 27
9 78
1 41
2 73
9 40
7 81
1 54
2 95
3 90
4 22
2 86
10 94
4 81
2 67
3 48
5 62
9 19
5 30
3 97
8 99
4 16
5 93
3 56
10 80
10 92
5 89
10 84
6 84
2 61
6 76
8 42
4 9
2 43
3 85
6 69
9 15
5 98
1 80
1 39
8 7
5 28
3 72
6 98
5 90
3 1
2 55
9 82
4 29
5 80
3 66
1 11
7 44
2 48
6 91
8 65
1 17
1 94
8 85
9 26
10 71
5 44
7 59
1 27
7 73
10 89
1 18
2 45
1 6
7 53
10 62
9 19
2 32
4 22
1 70
6 62
5 99
6 30
7 54
10 51
3 85
4 6
4 33
1 37
4 37
8 34
9 1
8 9
3 86
6 13
3 63
6 15
10 46
6 44
9 89
8 9
6 49
1 60
7 38
5 100
2 85
7 1
8 95
7 47
4 65
3 79
10 93
9 58
5 89
2 77
8 31
8 16
3 81
1 58
5 34
6 94
5 15
4 34
8 89
5 29
6 87
8 43
3 72
10 37
6 66
5 69
10 74
7 29
8 46
7 40
8 73
10 67
10 34
1 75
2 14
1 59
7 83
3 45
4 60
5 81
5 87
1 1
9 59
2 81
5 71
3 23
10 38
2 79
2 21
7 86
2 35
8 81
3 22
7 78
1 88
3 69
3 39
3 65
8 73
4 30
7 23
2 91
4 38
4 10
5 38
8 51
2 76
6 27
5 90
7 57
7 93
3 79
8 98
5 92
4 5
4 57
1 48
5 94
5 77
1 24
3 93
9 65
5 32
8 40
6 93
3 22
5 66
3 18
8 100
2 6
9 79
5 86
1 17
2 27
2 42
3 96
4 12
10 20
4 12
1 22
5 41
9 34
4 8
9 61
8 54
4 43
10 43
2 45
3 67
7 19
9 78
3 60
7 56
6 5
1 8
6 87
9 36
1 44
10 51
6 90
2 6
4 24
8 96
4 90
7 80
2 72
10 25
1 54
7 66
3 27
8 4
1 52
10 9
1 61
5 98
8 39
2 82
8 65
9 6
8 89
2 90
1 93
5 90
8 100
6 49
1 87
5 95
4 78
10 88
7 96
3 7
5 34
2 33
2 81
3 79
7 61
7 71
4 19
7 82
3 76
2 65
6 4
4 69
2 99
5 82
7 94
8 99
2 77
2 47
8 32
7 13
9 24
2 77
3 93
5 33
9 75
6 86
7 99
5 36
2 60
9 49
3 49
4 89
5 1
6 96
6 59
8 49
3 92
7 31
6 52
10 34
5 45
1 24
1 30
3 10
3 73
5 63
5 68
6 99
9 58
9 44
2 61
4 66
1 99
1 86
9 91
5 6
