9 16
1 87
7 42
9 93
5 50
2 88
2 85
3 83
8 18
1 26
6 8
9 4
7 13
4 49
6 47
6 16
2 90
4 83
9 53
7 7
5 23
1 23
5 18
1 12
1 28
4 52
1 88
5 49
9 4
7 77
2 17
1 75
6 40
2 4
6 61
7 36
3 85
7 69
1 94
1 99
10 82
4 1
6 8
1 63
7 81
9 61
3 51
10 5
2 8
3 74
5 26
9 57
5 86
4 40
4 24
4 70
6 50
9 41
3 96
4 32
6 4
9 73
8 14
5 18
6 60
7 13
9 53
10 42
5 20
2 30
9 96
3 37
4 34
1 12
2 87
10 90
1 48
7 6
1 12
7 62
9 42
3 42
10 65
5 30
6 97
5 98
10 14
5 46
1 47
1 43
2 13
2 81
3 79
3 30
7 28
5 8
3 31
3 87
7 30
2 38
2 86
4 4
10 71
2 3
10 5
2 49
1 87
9 38
9 32
4 15
6 11
1 69
7 84
1 62
2 49
10 45
10 83
5 4
1 71
10 100
10 92
2 58
8 84
5 69
4 50
1 99
4 51
10 80
3 39
4 18
1 89
7 69
3 88
8 79
1 64
4 10
2 76
9 22
1 48
6 30
4 38
10 28
3 28
6 34
8 9
1 43
7 75
7 4
10 64
10 7
6 97
9 41
7 17
3 41
5 64
7 40
8 9
1 49
1 17
10 87
1 65
4 93
8 82
3 58
3 9
8 10
10 63
3 53
6 27
7 27
8 40
9 96
2 97
4 99
2 86
7 10
1 37
1 77
3 47
4 64
8 98
4 43
3 72
10 81
3 42
2 41
6 14
2 74
1 27
10 88
8 4
3 40
3 88
1 61
6 49
10 18
8 42
8 94
5 28
8 38
7 33
4 5
1 85
4 29
3 91
5 46
9 34
8 73
8 45
5 43
9 88
4 4
2 31
2 27
2 13
3 52
6 70
8 49
3 34
2 34
5 81
6 15
7 32
3 20
7 86
7 78
2 37
7 37
2 71
1 54
5 90
3 94
1 43
4 76
2 35
7 12
1 72
8 29
3 79
9 51
9 9
7 34
3 7
3 14
6 71
2 32
8 4
5 37
10 30
8 58
6 87
3 64
8 82
2 67
3 43
2 99
3 96
4 51
2 71
3 62
7 71
5 23
6 9
4 20
4 57
7 19
7 27
3 90
6 14
7 94
10 94
9 43
2 97
8 25
7 32
9 38
10 15
8 97
3 89
6 17
6 85
3 80
9 10
2 50
6 71
4 92
10 63
6 25
7 41
5 53
1 54
3 6
10 67
4 17
8 47
3 73
7 66
9 39
9 9
6 23
9 35
5 10
8 59
2 21
4 32
8 82
10 50
5 46
3 83
9 87
3 11
3 67
10 72
7 34
2 15
8 2
4 28
4 73
4 68
2 65
6 34
3 47
5 51
1 73
10 59
1 43
3 41
10 1
4 63
1 76
8 32
6 90
6 3
10 40
3 65
4 63
3 7
6 2
8 69
9 32
5 87
4 82
9 95
8 40
4 23
4 1
8 61
8 36
10 36
10 79
4 63
6 67
6 14
5 27
3 73
10 22
5 54
8 42
7 66
10 35
3 63
3 77
4 65
10 12
9 71
8 54
9 21
9 43
3 77
6 48
7 43
1 36
10 86
3 37
4 64
4 31
8 21
4 65
7 97
10 33
2 24
10 9
6 32
2 33
1 70
1 66
10 74
5 70
1 73
7 26
7 28
1 12
8 24
7 55
9 96
10 76
2 51
4 77
1 79
8 81
5 51
1 18
5 34
6 7
2 68
4 77
10 79
10 34
10 71
7 1
7 46
3 41
2 56
3 72
4 26
7 44
8 22
2 79
7 19
6 92
7 52
4 42
9 96
3 92
10 55
8 70
3 16
10 92
9 30
8 28
5 18
5 14
4 52
8 49
4 26
1 37
1 3
9 65
8 95
5 35
9 8
7 58
3 33
3 12
7 83
9 56
6 54
3 23
9 54
10 96
8 63
8 89
7 22
1 43
9 77
5 98
1 11
4 61
1 18
8 37
7 77
4 40
5 47
2 66
6 90
2 64
1 77
6 65
4 81
5 22
7 74
7 90
5 98
9 47
1 42
3 37
3 78
10 76
8 44
8 20
8 21
2 53
7 80
4 69
5 39
3 12
3 68
5 11
9 18
9 21
7 89
8 86
3 20
6 25
8 17
9 97
9 91
7 52
8 33
2 36
2 86
7 76
5 9
4 4
10 82
3 61
5 56
5 40
4 56
6 25
6 95
1 8
9 11
2 95
6 71
6 79
3 89
6 22
4 9
5 94
8 44
9 33
7 35
7 89
4 34
4 62
4 93
8 42
7 7
8 36
10 10
8 74
1 79
7 50
7 23
10 69
3 39
3 88
9 56
6 59
3 22
4 99
5 36
4 50
2 34
6 78
5 75
10 72
9 94
10 33
8 63
5 48
4 62
10 78
2 53
9 14
6 100
1 56
7 39
10 89
1 7
6 29
9 1
2 10
8 40
7 49
4 58
5 76
2 15
4 55
8 34
3 100
2 84
10 65
7 79
10 3
2 44
2 10
1 41
7 68
8 34
9 64
7 35
7 69
6 36
7 100
8 30
2 10
6 50
9 30
5 18
7 56
4 15
10 35
2 66
3 45
4 13
6 5
7 51
3 82
3 50
4 67
4 5
5 39
9 65
10 72
6 67
8 23
3 61
8 18
2 25
7 82
4 95
6 80
6 37
10 32
8 98
2 78
4 88
9 73
8 23
10 17
2 59
5 69
10 30
1 18
6 60
8 95
1 85
6 49
6 5
9 35
8 90
1 20
1 6
4 25
8 94
7 79
3 56
9 89
5 22
3 23
2 78
4 63
1 43
7 37
7 76
2 58
3 83
3 33
5 7
4 27
4 20
7 89
1 22
9 80
9 89
6 85
4 64
8 71
1 8
9 38
3 85
9 74
1 41
5 25
2 28
2 86
7 91
6 51
2 72
5 38
9 19
7 80
7 21
9 59
2 62
10 34
4 89
3 91
9 15
3 12
10 52
1 71
5 88
6 53
4 90
3 70
6 60
1 76
1 82
1 70
3 96
9 88
8 7
9 32
2 99
9 87
10 44
9 5
9 35
7 72
9 29
2 53
1 79
4 70
9 13
4 21
3 9
2 44
3 75
5 82
1 20
6 16
7 11
4 86
3 56
7 62
5 20
3 83
5 22
4 81
7 41
5 7
7 23
4 78
1 70
6 52
2 85
1 61
3 14
7 16
10 83
2 85
4 15
2 36
1 84
8 25
7 47
6 37
6 8
5 86
8 83
3 92
10 36
6 77
2 56
9 7
2 84
10 48
3 99
3 67
2 52
10 42
1 66
4 95
5 45
5 69
8 19
6 27
8 43
7 100
10 81
7 48
6 91
3 11
4 24
7 16
3 15
4 88
8 39
8 33
3 42
3 77
3 81
3 48
5 55
5 95
9 50
5 99
7 31
7 46
10 20
9 17
3 65
1 51
4 13
8 54
1 31
8 28
10 93
7 77
7 4
10 40
2 66
9 40
4 74
3 53
1 22
4 92
9 94
2 24
2 100
5 59
4 24
2 93
7 68
1 23
6 6
9 45
10 82
10 58
8 30
9 49
4 23
4 5
5 74
3 37
10 53
7 47
2 1
9 12
3 77
7 21
9 65
4 24
9 73
3 21
2 4
1 88
3 57
5 70
2 73
8 84
8 63
1 67
6 58
8 77
5 61
4 21
1 21
3 35
4 59
8 15
3 73
4 72
5 39
10 97
10 19
8 20
4 47
6 35
6 31
3 81
5 59
7 36
7 18
9 53
7 21
3 94
8 39
5 96
3 94
2 34
10 36
1 13
7 64
10 94
1 83
6 90
6 92
10 73
6 96
7 2
7 54
10 7
10 71
8 68
1 1
5 91
2 92
10 36
7 98
1 38
5 72
4 50
3 14
5 90
2 58
1 99
4 71
3 89
6 41
3 25
2 5
6 10
5 10
3 83
1 94
6 40
3 20
8 40
6 16
5 56
7 22
7 34
5 31
10 61
3 60
4 69
9 21
8 83
8 40
8 8
4 91
4 43
4 28
10 24
3 47
7 86
4 38
2 21
10 26
4 23
4 38
6 54
8 29
6 44
2 48
4 13
6 66
7 37
5 33
10 98
8 81
3 13
4 87
6 31
1 9
6 82
2 34
8 86
7 78
5 66
4 19
6 56
5 86
8 58
7 53
5 34
9 82
10 13
6 2
8 52
6 95
8 35
3 71
4 27
7 31
6 60
7 69
8 40
9 43
6 52
7 97
3 21
2 65
4 90
4 73
2 72
5 73
8 22
6 23
10 16
1 61
8 20
2 22
10 42
7 26
5 5
2 45
6 45
5 90
9 75
3 17
8 99
6 6
6 62
5 68
5 90
3 43
10 67
6 10
9 68
6 66
9 30
1 40
7 28
7 62
7 84
