5 49
1 87
3 43
5 57
10 97
9 92
8 96
8 30
3 81
2 44
1 18
2 10
9 13
8 68
4 34
9 12
3 4
1 94
8 45
8 93
5 45
5 87
6 58
3 39
10 10
6 51
6 80
10 59
9 32
2 2
5 38
2 92
7 55
10 51
10 88
5 88
1 68
9 41
1 89
5 52
10 3
7 5
4 73
9 61
5 29
2 73
5 86
9 11
5 100
4 88
3 73
1 34
2 8
10 45
9 91
6 89
6 37
3 18
3 10
7 61
3 55
10 15
3 19
9 77
6 81
4 26
6 43
6 37
3 19
1 14
4 56
2 64
1 89
7 19
4 30
2 47
3 44
8 57
7 52
1 9
4 64
7 70
3 91
5 99
10 14
1 30
7 63
1 3
8 77
2 3
9 90
9 14
7 43
7 60
2 74
5 28
6 74
10 35
7 39
9 16
2 65
7 97
4 92
5 2
10 30
6 37
5 5
1 43
2 79
7 47
2 92
10 1
2 99
10 21
10 6
6 57
9 60
6 25
2 56
7 67
8 56
5 59
2 80
5 58
9 1
10 62
3 27
10 69
5 3
10 12
1 85
5 22
6 58
4 40
9 74
2 44
5 23
10 93
10 26
5 34
3 66
5 9
1 58
6 48
2 54
6 84
8 87
1 47
2 49
9 52
5 15
6 93
10 83
3 45
5 27
5 40
7 40
9 80
6 53
1 9
6 16
8 42
7 61
4 59
6 76
9 55
2 62
7 75
5 43
6 36
8 44
2 43
6 52
10 19
4 69
7 21
10 52
4 96
4 97
2 51
5 86
3 96
9 63
1 62
3 53
6 43
2 56
5 24
10 14
10 15
3 73
1 80
5 100
2 28
3 70
8 94
10 65
4 63
6 19
10 98
10 23
10 85
1 55
7 75
8 78
6 23
8 89
7 58
6 98
6 13
10 81
9 22
4 51
5 40
8 57
2 70
7 67
10 82
1 70
10 4
9 75
10 87
5 18
5 70
6 84
4 51
5 69
7 60
6 21
3 4
1 34
8 63
6 63
10 30
8 37
2 62
2 99
5 75
7 23
6 84
2 100
3 22
10 11
6 71
5 99
9 58
5 41
5 88
6 60
3 77
2 18
8 42
1 89
6 15
4 1
7 30
1 71
1 54
7 38
1 89
3 65
10 21
2 66
7 15
10 39
1 56
2 96
3 83
3 40
9 59
10 63
6 2
8 37
4 52
4 50
1 79
8 71
1 67
1 74
8 86
1 6
5 45
7 28
7 10
8 54
2 76
6 54
10 32
9 54
1 90
3 84
6 36
1 29
3 95
4 41
10 1
10 22
4 26
7 76
8 31
1 1
5 28
2 69
2 34
5 6
9 90
5 35
3 53
2 71
9 62
8 5
5 73
4 3
9 2
7 39
5 50
3 46
3 1
1 76
10 62
8 85
2 75
4 44
1 34
3 21
7 98
6 68
7 82
6 80
3 89
5 78
1 10
7 21
8 86
2 84
3 76
7 27
4 81
1 62
4 19
6 98
6 36
2 22
7 47
7 63
7 7
6 16
6 88
10 18
4 67
9 48
1 90
2 11
7 53
6 53
10 7
6 32
2 61
6 70
7 66
8 59
6 24
4 54
3 79
10 21
3 45
4 41
4 78
10 95
2 21
4 26
8 99
9 45
7 32
2 16
6 4
6 31
5 97
6 7
5 24
9 66
3 18
9 54
2 84
6 21
2 35
1 28
5 82
9 70
8 41
6 69
9 56
10 12
9 73
4 47
10 23
4 37
2 92
4 59
1 74
1 31
7 69
1 100
1 25
7 12
1 52
4 44
10 64
6 31
10 88
6 75
10 19
1 97
7 21
5 17
3 81
7 55
1 89
4 17
5 84
4 5
3 70
4 89
4 49
3 66
5 70
4 51
6 25
4 40
2 27
6 19
9 72
10 98
1 30
1 3
4 54
7 22
1 73
4 13
4 6
5 22
4 95
6 93
3 9
6 84
7 25
7 2
4 97
1 20
2 49
1 43
8 84
5 67
1 55
8 75
4 60
5 55
1 91
6 39
9 2
3 99
7 96
8 85
2 29
3 25
7 32
10 88
3 46
7 19
3 26
9 36
2 75
9 73
1 6
10 89
5 69
4 3
6 86
8 72
5 84
8 33
9 29
6 35
8 3
10 20
5 36
2 67
1 46
10 80
3 65
10 41
2 10
2 61
8 96
8 52
7 53
4 4
1 34
2 91
2 52
1 57
4 60
5 77
8 30
10 80
5 31
2 22
6 52
10 49
7 3
6 72
2 73
6 18
5 57
1 8
9 41
7 37
5 75
9 85
5 55
1 64
9 40
8 49
1 56
4 7
7 54
5 1
2 51
7 82
10 37
9 51
6 25
2 62
6 31
3 27
4 32
10 26
2 96
2 4
8 78
10 71
4 13
3 50
6 40
6 2
2 26
5 52
2 53
7 42
3 26
1 92
4 82
9 84
6 23
2 23
6 73
3 49
1 36
2 67
7 68
9 96
3 5
2 29
3 81
4 58
8 74
4 95
6 25
4 72
2 13
1 97
7 94
2 53
10 11
9 69
9 95
3 1
3 88
2 44
1 64
8 15
8 9
2 49
8 80
8 48
8 27
9 58
3 65
6 2
3 63
8 71
10 100
8 74
9 13
8 97
9 35
9 99
4 2
9 92
3 32
8 37
8 60
1 59
9 89
8 66
2 15
6 66
5 48
5 53
6 31
8 19
6 61
4 63
2 62
1 95
4 1
10 51
1 80
7 31
10 95
8 23
8 98
1 57
9 62
10 55
10 33
5 90
10 32
5 75
6 87
8 48
5 78
3 74
7 67
4 14
1 34
10 35
2 50
9 73
5 87
2 56
4 10
1 43
9 78
10 42
7 15
2 91
6 32
9 42
5 93
4 41
10 64
5 52
10 26
4 1
5 23
10 12
8 59
1 73
4 63
2 10
10 16
1 76
4 3
1 19
5 74
3 40
5 75
2 11
3 63
6 1
7 29
9 30
10 85
5 64
2 24
9 10
7 36
3 64
8 98
4 37
5 51
7 17
9 71
6 64
7 23
5 82
6 7
4 100
1 29
1 57
6 21
7 49
6 26
6 63
5 54
7 31
7 46
8 91
7 81
9 71
6 64
1 51
1 50
10 97
7 42
9 24
4 38
5 65
7 82
4 84
3 94
10 19
5 57
6 47
4 69
2 52
5 4
3 4
2 89
4 48
9 55
3 47
4 90
2 36
7 24
9 11
4 32
10 83
10 3
1 15
4 31
7 3
2 61
3 62
1 78
5 54
3 38
9 13
3 42
6 31
1 65
5 25
1 98
10 24
5 88
3 6
9 50
1 47
4 82
10 100
5 33
6 36
3 87
1 87
8 29
1 62
3 39
7 45
2 60
1 79
7 52
4 69
4 27
8 30
8 47
8 43
7 40
4 28
5 12
9 19
5 72
2 21
7 68
9 19
2 27
5 22
9 28
2 63
8 17
9 23
3 77
5 78
6 17
6 63
7 63
3 76
4 27
1 28
10 27
8 88
8 99
10 50
9 2
7 45
1 1
1 37
2 94
2 6
6 33
10 81
2 50
10 59
1 6
6 95
10 48
6 99
2 40
3 75
1 88
10 82
7 11
7 45
4 100
7 42
7 75
1 46
1 91
4 39
6 28
10 22
7 43
8 41
9 45
4 61
4 25
2 10
9 27
10 4
9 62
3 66
6 100
7 82
7 65
8 89
5 14
7 1
7 33
8 21
10 51
7 75
6 65
5 94
8 44
5 100
3 96
5 71
8 63
3 16
4 88
6 24
1 47
6 95
2 24
2 27
1 17
8 79
1 80
4 13
2 18
9 66
6 30
1 56
10 66
7 94
3 100
7 32
5 20
3 42
10 30
6 32
4 12
3 64
4 47
9 44
6 55
5 18
6 100
7 18
2 31
8 91
9 74
3 90
2 21
4 16
6 34
7 59
10 76
7 57
1 12
2 46
3 89
2 67
1 30
3 44
6 98
9 66
1 20
1 93
8 77
6 70
2 12
10 21
4 16
8 16
6 85
5 71
1 21
4 27
7 1
1 54
4 53
9 44
4 88
2 82
9 9
7 37
4 76
6 1
6 2
8 23
9 1
1 80
2 26
2 45
3 44
5 29
5 14
10 98
9 97
4 72
5 45
5 15
10 98
10 12
9 35
4 39
4 24
8 36
3 33
4 8
9 23
9 100
10 69
8 54
7 67
7 99
1 16
1 57
1 3
4 53
3 70
8 92
9 74
7 4
9 10
7 62
3 10
1 28
10 59
6 5
7 26
5 56
4 47
6 91
4 66
10 32
2 53
9 42
4 63
10 79
6 84
9 13
8 21
7 92
4 8
1 47
2 27
6 39
5 10
9 8
5 58
10 2
6 64
7 25
4 92
3 73
9 72
1 67
2 8
4 100
8 8
7 12
2 36
2 46
6 24
7 66
7 1
3 90
9 89
