9 78
6 67
9 42
8 94
4 60
3 93
4 75
6 69
4 25
4 72
3 72
7 48
2 3
9 51
5 14
4 39
2 93
4 56
7 14
7 61
3 61
7 13
8 41
7 12
4 49
1 3
9 69
4 8
8 12
9 10
9 60
3 90
10 24
3 68
4 61
6 45
9 11
2 29
10 36
2 84
2 49
6 74
6 44
6 21
1 29
2 32
5 32
6 14
2 33
8 55
3 100
4 15
9 40
8 9
9 3
4 44
9 39
9 26
3 44
3 5
6 98
10 8
10 22
2 94
3 34
7 10
2 54
6 63
6 7
9 2
3 46
2 58
5 84
6 76
10 21
10 77
9 79
7 78
10 59
1 39
8 96
4 92
8 48
7 8
7 11
5 91
10 42
8 19
4 76
10 15
6 4
4 25
3 88
8 46
1 51
5 17
8 63
4 68
3 77
9 67
4 58
2 27
6 46
3 34
3 23
9 31
5 97
7 48
8 1
8 37
1 49
1 3
2 51
7 12
6 30
2 87
5 22
5 64
3 54
9 88
10 45
7 40
8 6
3 35
5 90
3 97
2 21
10 26
2 76
2 40
6 85
7 10
3 88
6 45
1 51
5 41
9 54
1 42
3 57
9 62
5 63
7 48
4 83
2 93
1 50
10 62
5 29
9 81
9 80
10 63
8 16
6 21
3 14
6 26
4 66
4 36
5 87
1 81
9 32
9 62
3 65
1 31
6 80
4 3
6 2
5 56
4 70
8 83
3 100
8 50
9 64
4 2
6 28
9 52
9 12
3 79
5 36
9 96
2 34
8 42
4 46
3 2
7 80
9 60
6 46
7 92
6 47
8 3
9 100
6 17
6 58
4 44
5 45
6 56
1 87
6 55
6 92
9 15
7 39
8 51
9 71
3 7
3 88
9 40
1 97
2 76
8 42
8 58
4 18
3 15
9 100
7 82
6 80
3 9
10 34
4 29
9 50
3 91
8 98
3 49
9 41
9 41
2 80
4 17
6 92
4 93
5 1
8 14
6 74
8 79
7 9
7 38
1 28
2 88
9 58
3 74
4 97
10 33
6 1
7 29
2 40
9 94
10 100
7 84
9 5
2 57
10 33
10 85
7 13
4 74
6 23
7 98
9 9
4 35
9 29
3 81
2 20
2 11
6 67
4 47
1 39
7 32
8 57
9 35
2 13
2 98
1 73
3 86
5 1
1 79
1 11
8 98
9 81
1 50
1 70
10 20
6 38
4 14
5 25
1 68
10 16
4 46
7 77
3 69
6 65
1 53
7 31
6 7
6 95
6 49
5 48
8 3
1 52
8 65
10 94
5 63
8 42
4 52
4 90
7 8
5 93
5 77
1 10
7 33
4 14
10 47
5 33
2 43
5 27
3 96
5 64
3 97
1 7
5 11
9 81
3 27
4 52
9 43
8 31
9 44
10 21
7 68
5 50
6 54
7 28
7 59
7 9
8 90
9 3
7 7
2 45
2 49
4 60
5 40
9 62
3 8
9 22
5 32
10 22
4 9
2 3
1 6
3 8
2 49
9 34
1 53
8 30
7 40
5 51
10 43
6 60
1 64
4 52
3 8
10 54
4 99
9 16
7 1
5 2
9 55
5 23
3 63
1 13
7 41
2 39
3 68
7 4
10 9
5 74
5 70
4 29
6 14
1 39
8 57
1 45
7 16
7 84
9 11
2 33
10 47
2 18
8 67
2 31
7 42
1 42
9 8
8 63
5 31
2 87
1 48
9 92
10 95
6 47
10 32
4 23
2 36
8 73
3 64
1 28
8 16
10 82
7 49
8 41
6 85
7 82
9 76
5 92
6 65
7 57
6 69
3 54
1 8
9 68
7 95
4 92
6 67
3 23
3 1
6 10
7 1
6 99
1 4
5 84
8 41
5 78
2 5
5 74
10 81
6 91
2 45
7 49
10 34
9 37
1 96
4 87
4 39
2 41
8 20
9 29
9 25
7 74
5 77
4 16
10 41
10 38
8 72
8 34
2 62
9 52
10 42
2 91
9 18
1 61
7 12
6 2
1 38
6 81
9 94
6 87
4 93
6 41
1 86
5 21
8 99
7 100
8 59
10 83
4 51
10 40
5 88
7 72
2 67
7 19
6 49
1 32
6 80
3 100
9 70
3 78
5 17
6 93
1 40
8 33
9 46
5 72
3 65
6 81
6 50
3 48
4 36
5 94
10 95
6 39
9 4
6 77
6 35
3 15
4 96
2 48
5 86
4 74
3 66
6 32
1 64
7 88
4 13
6 73
4 58
2 37
2 20
7 7
3 69
3 45
7 15
10 9
5 16
10 14
2 18
1 66
7 9
5 70
7 99
2 2
2 84
1 76
7 75
4 11
4 25
5 61
8 69
10 38
5 100
7 44
4 23
10 73
9 48
8 84
5 98
2 68
6 82
5 94
1 99
8 70
10 73
6 9
8 30
2 83
3 53
5 52
7 73
3 89
9 98
6 92
8 55
1 32
3 83
9 44
8 54
1 7
10 61
9 11
6 75
1 91
10 88
7 93
8 26
3 45
6 50
8 60
3 88
5 65
3 93
3 26
2 31
9 99
10 67
7 29
6 6
9 94
5 68
6 17
4 59
6 49
7 69
4 50
10 31
9 84
5 34
2 28
8 2
9 89
1 81
3 88
6 17
1 17
1 7
2 59
7 5
4 46
8 75
5 31
1 95
3 92
2 10
3 62
4 3
9 29
8 91
8 88
3 15
2 83
10 51
7 30
7 59
7 43
2 67
1 95
8 44
7 61
6 22
10 92
4 35
2 20
5 34
1 65
6 44
2 24
10 64
10 31
3 97
3 56
6 71
5 90
9 86
8 96
2 70
10 46
3 88
2 53
4 98
1 23
9 8
6 49
4 95
9 51
3 3
4 86
8 4
1 20
3 73
6 68
3 98
7 48
5 32
3 37
10 7
1 42
6 3
9 98
5 52
4 40
1 93
8 16
6 25
2 4
1 81
10 85
9 53
10 65
8 90
3 7
2 96
3 2
2 98
3 49
3 63
8 31
2 64
5 23
9 56
7 52
4 83
6 40
6 36
10 79
4 10
7 71
6 62
10 6
1 11
4 40
2 67
7 32
5 94
3 26
10 62
1 95
7 62
8 33
3 31
10 68
9 92
9 94
1 21
4 4
1 8
8 75
5 81
8 95
8 97
2 2
3 82
1 48
6 61
4 82
5 61
1 22
3 100
8 55
6 32
4 58
7 80
3 21
9 16
1 31
9 96
10 66
8 13
6 65
5 35
6 1
2 31
8 19
5 22
10 59
3 72
10 78
2 87
1 94
7 86
9 6
9 91
3 30
8 87
3 20
9 17
2 22
2 92
10 16
5 91
9 69
10 36
9 34
2 5
4 99
1 60
10 51
2 62
10 3
8 39
8 98
4 12
10 24
10 53
5 33
1 78
1 29
10 94
6 47
5 19
4 39
1 97
9 29
8 89
5 72
1 54
2 55
4 93
7 19
1 50
8 70
8 51
9 72
4 3
8 53
7 72
1 95
6 51
9 14
10 81
9 49
9 80
3 23
6 14
3 92
9 18
1 27
6 70
9 17
8 94
10 92
3 19
2 18
1 79
7 72
7 16
3 63
6 4
2 10
4 45
7 90
1 23
7 24
7 83
4 85
1 57
5 24
8 22
5 36
2 92
8 100
1 28
5 42
9 39
5 28
10 17
9 22
10 98
4 4
8 66
7 31
6 1
4 29
6 72
9 90
7 95
9 22
4 24
10 100
5 85
3 65
6 30
1 51
4 38
5 93
10 64
4 80
1 69
8 14
3 29
4 15
10 64
3 94
7 32
1 20
7 21
10 96
6 28
4 65
7 41
6 89
3 16
9 11
4 58
2 17
4 50
7 56
1 43
7 64
10 45
10 27
5 60
9 35
8 96
4 65
6 16
6 66
1 94
2 88
6 68
7 24
6 41
8 44
2 95
4 44
8 69
9 31
1 38
4 60
9 60
8 98
8 86
3 2
7 70
9 8
6 99
10 65
9 80
7 91
10 32
6 34
3 6
4 92
9 78
4 53
7 62
5 57
9 12
10 14
2 48
6 34
8 14
3 42
9 82
8 94
10 64
4 50
1 6
1 40
2 69
4 100
10 37
7 13
8 50
2 42
4 20
5 38
5 18
10 64
6 27
3 68
8 1
6 23
1 15
2 14
7 82
5 2
9 25
8 86
8 91
2 62
1 99
10 1
3 38
6 39
1 23
7 82
6 52
1 91
8 60
3 7
5 47
6 19
6 82
8 25
7 80
5 58
2 7
9 10
10 31
5 63
7 94
2 27
10 8
3 52
6 2
3 13
1 62
2 83
9 13
9 37
5 9
8 78
5 54
5 94
2 41
10 100
10 5
10 27
2 22
5 83
1 35
1 64
7 83
8 34
2 60
7 87
7 5
6 50
4 75
7 84
1 63
4 82
10 34
9 51
6 86
9 48
10 16
5 10
5 75
