2 29
2 69
4 86
5 64
6 13
4 26
7 80
4 22
9 32
9 16
6 2
7 8
7 96
6 38
1 39
9 6
9 66
10 85
3 38
8 100
7 98
7 30
1 50
1 54
10 33
1 39
7 12
6 55
6 30
4 30
7 37
10 84
7 11
7 14
9 27
4 40
6 74
2 31
7 83
2 34
2 79
5 24
10 9
8 80
4 74
5 14
1 89
8 8
8 19
5 61
5 65
6 55
5 47
2 67
9 2
7 99
8 97
5 56
4 18
8 46
10 100
3 78
5 72
10 15
3 65
1 24
4 53
4 98
1 99
8 85
5 39
9 29
1 37
9 64
7 2
10 50
9 84
2 50
5 12
10 92
8 55
6 29
8 74
4 76
10 48
8 29
3 79
9 8
4 29
6 18
2 37
7 60
9 53
6 27
9 89
7 57
2 75
10 71
6 81
10 50
1 100
8 3
7 61
3 23
10 3
8 20
5 40
2 96
6 45
8 80
3 81
10 64
4 30
5 22
3 93
2 16
5 8
8 51
7 89
2 58
10 41
2 5
6 22
1 9
1 71
4 5
7 19
1 49
1 69
8 66
7 94
2 73
5 20
1 6
9 16
1 11
2 96
4 81
5 60
7 99
6 42
2 98
7 16
10 82
2 54
6 83
6 49
3 14
6 64
4 71
7 61
8 60
3 100
10 41
2 25
2 84
8 95
9 19
7 26
4 92
2 62
9 9
10 42
9 95
1 40
3 5
1 21
7 14
6 29
9 11
9 85
6 86
6 35
3 36
4 77
10 98
2 28
9 5
1 55
3 3
3 43
3 46
4 63
7 92
8 71
1 9
2 29
4 57
4 16
4 10
7 56
10 62
9 78
6 37
5 74
8 79
3 55
4 97
7 96
3 99
7 34
1 49
3 89
3 95
1 11
4 99
8 3
3 69
10 47
7 91
6 23
4 39
2 95
6 83
10 95
9 35
8 77
4 17
2 3
4 98
1 56
3 21
4 38
5 47
3 35
1 78
7 21
10 74
2 50
2 26
8 88
5 91
9 62
6 12
7 25
9 78
9 71
9 15
3 46
7 67
3 53
2 18
7 76
3 29
4 29
8 64
3 100
10 32
7 31
3 39
1 59
8 45
2 88
10 77
1 55
4 42
10 66
4 36
10 57
5 48
6 69
1 47
3 58
5 70
5 30
7 4
8 16
1 5
5 66
5 92
7 16
10 3
3 7
10 74
1 39
4 34
9 80
9 61
9 15
8 64
10 69
1 9
1 24
10 90
5 99
7 26
5 73
2 59
2 94
10 22
10 42
1 100
3 47
10 17
7 70
2 19
1 1
8 52
8 12
1 85
3 46
7 93
4 91
6 22
8 28
8 95
2 23
1 29
1 14
9 51
8 59
2 15
10 46
2 79
8 19
3 42
4 82
10 100
2 81
4 55
5 33
7 57
7 77
8 55
10 65
7 80
4 55
8 27
5 8
9 41
1 1
4 1
8 20
3 31
3 3
3 56
8 85
6 80
6 97
7 24
5 60
2 30
1 17
2 28
5 59
1 94
8 71
5 81
5 17
10 22
7 2
4 50
9 72
9 88
9 14
2 80
8 2
6 87
1 77
3 29
4 51
7 71
4 44
5 99
10 99
6 53
2 9
4 32
5 58
4 49
10 33
9 100
9 57
4 18
8 48
2 8
2 7
6 78
9 9
2 35
3 91
5 44
6 61
1 40
1 62
2 56
5 25
10 84
1 67
10 63
4 26
9 79
6 45
4 73
3 9
7 96
4 13
7 12
1 1
3 11
10 58
1 44
6 18
5 8
3 58
3 98
2 38
1 38
4 48
6 23
10 93
2 19
6 61
7 88
8 54
5 96
5 24
6 93
5 1
2 63
6 84
7 79
4 52
7 6
5 3
6 84
10 80
7 7
5 26
1 35
1 63
2 16
5 66
8 43
10 69
10 26
1 38
6 87
5 93
3 55
3 27
8 8
5 98
4 37
2 90
2 96
3 8
9 35
9 58
3 62
1 94
10 24
4 32
3 64
7 80
3 25
2 53
5 39
7 24
3 21
10 100
6 68
2 46
10 96
9 25
5 98
4 69
5 90
5 87
5 12
4 13
8 59
7 7
9 65
3 13
2 99
6 91
5 60
8 20
5 60
6 75
8 28
1 90
5 8
3 12
10 6
7 29
1 62
6 90
9 79
4 66
10 46
5 17
9 57
4 2
5 83
4 100
5 30
2 7
4 22
7 38
4 98
8 59
6 1
3 78
5 24
2 46
10 91
2 36
10 33
10 37
3 52
2 88
2 78
2 71
9 91
8 76
2 68
4 100
2 38
3 31
7 12
8 29
1 17
10 65
1 30
3 41
3 20
2 3
9 31
7 87
6 24
2 38
10 21
8 3
8 58
1 8
4 39
7 52
3 65
6 24
5 39
8 33
7 31
5 65
6 61
10 65
4 24
6 99
10 79
8 64
2 72
6 79
7 41
3 98
4 67
7 1
7 4
7 33
4 8
7 69
7 81
9 45
10 100
5 49
1 20
4 20
6 70
7 87
2 70
5 68
9 42
8 16
1 17
6 93
5 76
7 89
2 41
1 93
8 20
8 38
10 71
4 26
7 45
6 11
1 59
5 69
6 59
8 1
4 87
9 86
4 99
3 67
4 87
10 88
3 23
1 31
5 80
2 15
10 24
6 85
5 95
9 5
2 74
8 28
9 96
2 84
8 56
10 45
3 1
10 79
7 2
2 41
4 99
4 94
3 16
5 15
10 45
3 97
10 30
5 97
9 6
3 37
2 20
5 93
5 73
7 76
7 69
8 50
4 60
6 32
5 13
4 86
1 91
1 64
6 73
7 87
5 68
2 60
6 82
5 4
7 30
2 27
1 39
1 63
9 48
10 16
10 66
9 50
4 93
1 23
3 96
3 60
8 90
9 94
6 92
3 2
1 37
4 47
8 17
7 56
1 9
10 18
2 56
1 19
7 41
3 5
1 42
3 62
3 32
10 45
5 16
10 75
7 52
1 12
5 99
8 13
2 25
2 71
9 95
2 13
1 24
9 34
10 77
4 54
9 79
10 49
2 78
1 43
10 64
7 62
6 8
8 73
6 67
8 50
1 27
9 8
5 83
3 31
3 85
4 28
3 53
4 37
5 31
9 26
7 26
3 31
6 61
2 98
5 55
9 27
10 39
2 76
1 89
3 75
9 76
10 48
9 64
4 57
9 83
9 96
5 21
10 64
1 70
10 14
5 54
5 19
10 95
8 88
7 42
7 91
5 16
1 30
8 79
1 41
9 14
7 60
7 21
8 11
5 62
10 27
10 82
1 18
5 81
4 66
10 66
1 38
1 25
6 46
8 42
7 66
9 15
6 44
1 38
4 99
7 50
5 35
6 45
1 46
7 91
9 76
4 57
9 85
1 84
2 28
3 65
6 12
9 95
4 54
7 20
9 85
10 62
1 44
9 41
4 22
9 5
8 36
1 31
6 86
5 37
8 24
10 64
9 22
8 17
6 83
7 72
1 36
1 17
3 76
7 36
6 31
5 61
8 12
10 33
4 88
9 68
1 22
2 72
10 64
1 62
8 60
3 29
3 40
8 76
1 60
7 5
5 59
6 37
8 73
2 34
8 28
3 88
4 25
5 23
4 75
6 58
5 67
10 70
5 38
5 19
4 88
9 52
5 89
5 57
9 51
3 97
4 85
8 14
6 82
1 63
7 26
2 89
3 73
2 13
2 54
8 61
2 48
1 6
4 50
10 51
4 38
7 84
5 64
4 34
4 86
3 83
9 9
9 30
4 42
5 9
8 30
3 51
2 11
10 73
2 89
1 76
6 42
7 71
7 67
4 67
1 3
3 87
6 45
6 5
7 18
6 19
10 16
4 80
9 59
4 67
9 87
9 3
2 51
9 64
4 77
9 70
3 2
7 71
2 73
6 68
4 20
2 33
4 60
8 54
10 15
7 71
5 55
3 18
4 33
5 12
4 47
3 82
3 47
6 40
5 50
3 57
5 18
5 37
2 5
1 59
4 94
9 53
8 17
1 70
1 99
2 36
1 24
3 25
9 26
1 4
3 35
1 29
3 39
5 57
2 95
2 99
10 98
4 69
2 30
10 7
5 19
7 99
3 25
5 72
2 75
2 69
2 85
9 7
9 70
9 3
8 23
6 19
1 89
8 71
7 85
7 88
9 15
6 77
2 85
7 90
10 62
3 50
7 87
10 24
9 100
1 98
8 44
7 3
8 68
2 52
7 3
6 58
5 93
7 50
6 24
1 1
6 23
7 27
4 97
8 60
7 98
9 95
2 91
9 19
8 59
10 2
1 99
3 72
4 91
9 18
1 27
9 50
5 25
8 20
2 24
8 30
4 22
6 44
2 91
7 6
10 10
4 91
3 2
7 92
1 2
6 46
1 93
3 56
10 54
4 30
1 55
8 39
8 33
9 38
8 76
4 57
3 17
7 18
10 42
3 39
