6 69
10 29
2 85
9 6
6 76
6 29
3 74
6 89
1 82
7 61
9 17
8 13
1 88
5 7
7 48
2 85
6 61
4 95
4 52
7 79
9 74
6 37
7 75
1 65
2 72
3 24
7 29
3 56
2 18
2 15
7 93
3 79
5 86
2 3
4 91
3 14
8 31
4 54
8 81
8 84
4 49
9 3
3 11
7 3
1 49
6 41
9 73
4 65
6 95
8 39
6 37
5 78
4 5
4 43
4 27
7 66
4 48
7 64
6 47
6 78
1 52
3 53
1 71
5 79
2 38
6 6
2 11
7 4
7 85
10 80
6 18
3 19
9 95
8 14
2 32
7 84
5 6
8 32
8 27
7 91
7 18
7 40
4 92
4 52
8 11
1 73
2 37
1 34
10 100
4 61
9 54
6 38
8 44
1 60
4 14
8 19
5 66
9 73
8 88
3 77
8 26
6 30
7 80
8 64
1 81
3 26
1 66
7 16
10 99
5 47
5 7
6 3
1 91
2 38
7 80
3 92
8 8
7 95
5 72
10 12
7 92
9 31
5 71
6 37
10 49
8 8
2 23
5 9
6 58
7 45
3 40
5 65
7 52
10 72
4 84
5 19
4 66
9 78
7 1
9 26
6 7
8 23
7 56
1 3
3 93
9 40
1 98
9 63
2 5
10 98
4 53
9 37
5 71
8 78
10 65
6 62
1 49
8 76
7 9
4 85
9 53
10 30
5 96
2 95
8 13
4 24
1 2
10 26
6 31
2 11
6 30
3 51
1 99
7 52
6 72
3 53
4 46
10 55
8 94
2 80
9 78
2 42
7 92
4 29
8 58
10 73
6 77
6 74
1 93
9 1
6 41
1 40
8 96
2 63
6 99
2 92
9 5
4 60
4 34
2 6
6 56
6 28
6 49
5 90
4 50
8 97
7 68
7 13
4 15
8 94
9 51
9 4
9 38
6 34
6 8
8 67
5 65
4 36
4 59
1 85
3 36
1 47
7 42
7 34
10 18
6 5
3 3
5 67
9 21
3 57
1 7
3 2
4 5
5 78
8 98
4 28
5 61
6 67
2 19
1 24
5 55
6 2
5 22
3 51
5 34
6 11
7 98
2 64
2 99
3 65
8 94
7 51
7 91
8 61
6 62
3 7
9 72
6 31
4 9
9 97
2 29
7 26
8 69
5 92
4 85
9 89
10 88
9 53
10 40
9 85
8 99
10 50
3 43
3 63
1 39
4 9
2 34
10 49
8 85
1 51
9 69
9 78
6 3
6 43
5 5
7 99
10 90
1 22
9 34
8 90
9 96
9 78
2 49
9 20
5 77
9 5
4 64
1 64
2 12
8 8
5 11
5 48
5 97
1 54
10 42
6 61
6 21
9 21
3 9
7 7
6 46
5 45
2 19
10 15
8 82
4 13
6 28
6 91
5 13
2 92
3 12
6 34
6 13
3 37
2 52
1 50
3 99
1 64
8 88
1 48
10 97
5 90
8 61
6 80
9 76
4 61
9 62
10 71
1 12
9 83
8 96
7 22
3 97
2 42
8 84
8 77
9 2
8 35
10 57
1 83
3 53
9 48
10 73
4 94
6 95
5 15
8 67
3 21
6 39
6 70
7 79
9 8
1 88
3 67
2 26
6 48
2 21
3 99
6 52
9 81
4 74
9 48
9 95
4 69
7 97
4 17
3 76
7 76
3 3
8 94
8 99
3 35
5 87
10 55
2 81
5 83
5 36
4 43
8 49
5 65
6 8
9 71
3 41
2 9
3 84
10 62
10 23
10 5
2 75
9 95
9 31
8 20
10 25
2 96
4 9
4 41
9 51
1 99
3 57
9 60
4 79
4 53
1 76
6 49
8 74
5 37
1 1
5 5
3 65
8 59
6 11
7 2
10 27
3 30
2 71
7 79
6 87
8 88
7 44
10 75
2 51
8 98
6 53
6 44
6 73
8 67
5 27
10 30
5 91
9 28
5 37
3 92
8 44
8 78
8 69
4 79
10 51
4 77
9 97
7 71
6 9
7 4
10 76
8 55
2 27
4 8
3 33
9 5
7 66
10 4
1 21
4 17
2 1
10 36
5 71
5 97
9 84
6 8
6 28
2 23
9 64
1 19
5 84
1 48
1 38
6 18
5 89
9 29
8 74
5 16
7 77
3 46
6 38
9 17
5 26
2 84
6 13
8 56
10 7
5 24
10 32
2 35
9 45
10 48
6 53
8 72
7 72
10 18
1 79
1 24
2 41
8 25
5 23
3 45
5 52
5 70
10 83
3 52
4 57
10 60
3 86
7 77
6 60
5 29
6 44
6 4
7 26
3 75
8 53
7 40
7 84
6 48
1 27
8 97
7 9
8 67
4 54
8 87
10 65
7 28
7 81
5 2
7 82
6 16
1 43
7 69
7 2
2 83
3 41
9 57
1 48
5 88
9 100
2 97
1 91
7 81
10 81
4 54
10 63
5 94
5 66
1 89
2 40
8 76
4 76
6 41
9 100
7 11
1 24
2 100
8 97
4 62
8 92
1 47
1 70
8 99
6 49
4 56
7 17
8 30
8 60
6 73
6 40
8 80
6 83
10 64
9 1
7 34
1 51
10 94
7 23
7 53
5 77
3 98
3 9
6 45
9 98
6 8
10 11
8 4
3 45
10 48
8 58
9 85
6 13
10 71
1 10
5 99
10 49
8 26
3 39
7 17
4 65
9 91
4 38
3 77
6 12
5 73
4 71
8 79
7 22
2 21
8 71
5 1
4 85
1 13
3 68
9 66
6 30
7 42
2 18
7 33
2 14
4 7
10 25
3 45
2 83
9 97
1 25
5 16
9 78
3 94
4 61
7 65
3 8
10 8
5 41
6 7
1 87
3 1
9 85
2 69
5 51
10 38
7 58
1 50
7 43
5 98
8 56
8 53
2 24
9 22
5 12
3 31
7 74
9 56
6 41
1 53
3 43
1 94
1 13
6 53
8 17
1 1
9 50
10 33
7 40
3 72
9 7
4 45
4 51
9 32
10 66
1 16
6 14
1 51
6 53
10 43
8 55
3 51
10 67
7 75
4 31
10 5
5 46
5 22
10 43
1 84
4 96
2 38
9 45
4 37
9 55
5 58
1 18
2 71
3 47
3 46
2 2
5 18
9 29
1 36
1 97
2 1
2 47
9 27
1 59
5 37
9 44
7 13
5 25
1 86
2 50
9 31
7 32
8 74
2 99
2 25
9 50
8 15
1 59
3 27
8 84
9 75
10 46
10 13
10 80
9 75
4 76
4 96
8 6
5 51
4 78
2 44
8 5
5 53
3 95
1 31
2 61
4 23
3 94
8 72
6 28
2 87
4 36
4 51
1 54
6 14
3 52
3 81
4 66
9 88
5 49
6 38
3 85
7 20
8 36
5 100
7 64
8 58
3 12
3 86
6 51
9 38
6 59
9 44
3 6
2 55
3 44
3 75
5 96
6 15
2 8
1 39
5 92
7 63
4 46
9 7
3 10
4 81
2 65
2 29
3 100
2 72
4 43
6 28
2 11
6 27
9 69
8 23
8 89
3 83
8 76
5 13
8 38
1 24
1 31
5 92
8 25
4 84
10 99
5 93
2 82
10 62
2 21
6 15
2 90
10 62
10 4
8 52
7 96
2 54
7 85
2 10
2 8
3 62
8 13
4 12
5 75
7 21
2 15
5 99
9 64
7 23
4 63
8 41
8 55
9 57
9 27
1 2
6 1
1 64
8 95
3 58
1 65
4 3
4 38
8 32
6 90
6 19
10 65
1 86
6 63
9 78
5 97
5 20
6 57
8 11
3 18
4 100
1 29
5 46
10 32
5 100
5 25
2 94
1 26
4 93
5 17
6 16
3 59
8 28
3 8
3 27
2 26
7 45
2 89
10 11
2 43
4 41
1 80
8 91
7 10
10 73
2 84
9 41
10 57
4 78
10 72
9 71
10 55
9 16
4 89
5 69
9 60
10 66
3 83
4 11
6 77
9 18
7 29
7 10
8 7
10 26
3 51
3 24
6 80
6 51
10 63
5 17
4 23
6 55
3 47
8 70
3 43
5 44
6 47
4 94
4 72
7 13
1 65
1 81
5 87
2 82
8 53
6 51
5 76
8 84
9 83
7 99
10 75
4 99
6 50
8 98
4 2
1 14
7 9
9 63
4 87
4 27
5 51
3 70
4 95
10 1
9 16
8 55
6 63
3 36
1 3
4 54
4 99
8 13
5 11
8 90
7 19
2 48
3 8
10 32
8 52
6 67
4 33
1 78
8 37
5 93
2 25
1 1
1 44
7 46
3 16
1 53
10 32
10 31
7 13
2 98
4 7
1 92
9 6
3 35
1 31
2 4
10 81
3 45
5 58
9 73
3 55
10 25
8 39
6 54
7 68
4 19
9 35
2 54
3 84
3 39
10 75
6 64
3 86
9 43
8 3
4 6
3 12
2 2
9 38
8 76
7 68
4 77
1 38
7 52
7 2
3 34
