5 73
1 89
3 39
5 6
9 60
10 82
2 5
3 32
8 43
10 75
9 86
10 7
1 38
10 60
5 33
3 94
6 35
8 6
9 30
6 9
9 69
7 3
3 55
3 100
7 96
6 11
9 89
3 71
7 74
4 79
10 73
2 97
1 5
2 59
10 77
9 22
6 31
3 32
1 38
1 30
7 76
3 84
6 73
10 22
8 93
7 11
10 76
10 88
2 4
7 94
1 11
1 49
5 64
5 94
1 89
2 55
7 43
7 23
10 50
9 45
3 72
5 18
3 37
4 24
2 56
2 9
7 21
10 97
1 74
9 39
3 81
2 59
4 97
9 6
4 49
10 55
8 34
2 71
8 12
8 12
4 81
3 58
6 74
6 95
7 27
5 93
10 1
1 29
3 66
10 87
10 97
9 81
4 17
3 11
3 86
3 25
3 91
4 35
1 22
6 10
8 29
4 23
5 17
8 78
4 26
4 25
8 51
6 27
1 100
4 48
9 74
8 55
6 22
10 19
9 66
7 43
5 5
5 45
6 14
10 54
2 57
7 36
1 34
2 61
4 6
10 64
7 4
1 58
8 89
6 18
4 29
5 86
5 47
10 59
2 47
7 8
8 42
1 100
9 82
4 46
3 89
7 13
3 97
10 29
2 22
6 73
7 8
3 50
7 55
1 21
8 29
10 97
9 99
9 94
5 88
9 26
3 59
3 1
9 16
2 61
6 72
10 50
4 90
6 16
4 1
1 4
2 27
10 1
3 14
2 37
4 99
5 31
8 10
7 91
9 66
6 61
4 90
9 59
1 31
10 44
7 37
8 82
6 37
10 31
7 93
8 92
4 80
2 19
3 36
3 67
3 66
4 70
5 97
9 95
2 96
3 10
5 14
6 53
6 92
9 40
1 74
3 41
8 6
8 95
1 50
4 86
5 65
3 4
3 61
8 6
1 84
4 53
4 70
4 56
8 23
2 32
4 54
2 83
7 45
4 14
7 100
5 90
5 41
9 54
4 67
9 100
4 4
10 97
7 99
1 47
1 15
6 74
7 29
6 23
5 6
3 49
4 54
4 93
8 37
4 49
3 93
9 65
7 67
5 40
10 7
1 38
10 11
10 95
1 7
5 95
8 24
8 32
3 20
9 30
7 22
2 73
4 92
2 78
4 9
6 4
2 56
6 45
3 15
10 6
5 56
1 4
10 76
1 6
3 21
8 100
2 63
1 61
8 11
6 81
7 59
2 9
9 67
7 89
9 44
10 49
3 8
2 67
3 13
4 92
5 3
10 58
2 93
7 34
10 80
2 96
10 48
9 25
8 40
10 13
9 77
6 53
2 35
7 23
10 44
9 6
4 97
3 85
6 6
10 20
9 26
5 58
3 13
1 18
4 23
3 53
9 99
5 45
6 68
5 72
10 23
2 67
2 14
1 78
6 57
10 14
10 20
5 31
6 85
3 32
6 88
1 69
4 45
8 47
8 65
4 6
1 89
1 48
4 59
4 30
3 15
9 73
6 48
2 47
9 25
2 45
5 19
5 37
8 99
2 44
7 48
4 81
2 63
3 89
6 97
10 92
3 31
2 1
10 96
4 83
1 47
2 71
4 4
3 97
5 70
1 23
2 42
8 82
4 95
6 49
1 22
5 95
10 74
9 61
3 85
4 93
4 46
9 94
6 34
7 61
4 97
9 90
1 56
10 68
1 21
7 41
1 59
8 73
10 23
1 90
10 4
3 51
1 87
6 79
10 63
4 26
7 17
10 58
3 36
6 10
2 68
9 40
5 12
5 70
6 2
9 40
4 91
1 40
2 77
4 30
3 17
7 3
5 65
2 66
5 19
3 38
3 68
4 88
3 69
10 36
10 8
5 2
6 27
8 84
10 37
6 83
6 25
7 52
8 94
1 20
6 81
4 95
2 22
1 3
1 34
4 53
5 72
9 81
1 20
2 7
1 57
2 5
4 36
1 21
8 54
4 93
7 6
7 62
9 69
9 41
6 70
2 67
7 43
8 97
4 37
6 21
7 96
10 25
3 64
8 2
7 32
5 84
5 53
6 97
1 69
2 87
10 75
4 44
9 28
3 21
9 8
5 79
6 31
3 71
2 26
6 84
9 9
1 10
4 68
8 86
4 67
4 65
5 55
10 63
7 47
6 18
5 100
3 20
1 25
2 82
1 98
5 33
3 96
5 63
6 74
5 71
3 35
2 83
2 100
10 44
4 41
8 40
2 64
7 39
1 19
6 31
1 68
5 11
1 46
5 98
7 50
8 74
8 56
3 64
8 96
3 55
2 49
6 94
7 34
1 26
2 36
1 29
2 52
4 17
2 81
6 44
9 5
10 6
4 14
1 57
9 28
10 69
5 40
6 77
4 12
9 40
10 100
3 33
9 65
4 79
2 52
2 41
7 40
5 67
1 41
8 69
2 97
7 13
5 53
10 96
4 59
10 66
4 24
9 79
1 9
7 65
1 4
6 45
10 41
7 90
6 66
3 93
3 53
10 26
9 52
3 36
6 3
4 74
7 11
4 35
7 94
2 87
6 88
5 15
1 17
4 25
5 9
1 97
5 53
6 94
7 94
10 9
5 20
8 2
3 34
4 68
8 2
5 86
3 73
10 23
5 72
1 10
10 48
10 17
9 88
5 52
10 50
5 87
2 98
2 5
5 7
7 78
1 11
2 44
3 2
6 83
3 22
10 76
3 34
5 60
8 24
1 17
2 89
1 29
4 61
6 46
2 61
10 67
4 38
2 43
9 47
7 9
7 47
7 11
4 36
9 51
8 24
4 75
4 74
8 36
10 97
3 15
10 86
2 37
9 19
2 98
9 13
9 1
10 26
4 87
2 84
8 1
4 23
4 51
6 70
1 3
9 82
8 48
10 98
7 57
8 10
2 77
10 43
4 44
3 21
3 8
7 25
4 67
8 95
7 58
2 4
7 99
2 95
3 19
4 65
4 54
9 99
4 53
9 58
5 46
9 87
6 19
10 12
4 33
2 10
5 99
10 48
4 44
4 22
4 66
8 4
4 53
7 6
6 44
6 13
4 35
10 39
8 26
8 28
9 70
3 2
8 50
8 98
5 58
8 93
6 79
3 91
3 14
7 63
5 84
9 88
8 94
6 82
9 43
1 74
3 91
7 5
6 67
6 84
4 60
9 5
1 36
7 37
7 100
8 34
8 67
10 80
4 12
10 5
3 41
7 13
7 72
6 12
1 59
6 3
7 98
10 15
6 48
9 38
3 64
10 6
7 7
7 44
2 17
2 46
3 16
10 2
6 56
1 11
5 80
6 17
7 30
7 49
9 39
9 83
10 38
6 17
4 87
5 85
10 68
6 50
9 28
6 55
6 48
3 14
1 56
4 5
1 2
9 60
6 10
3 87
10 10
2 25
2 88
9 34
9 94
4 21
9 6
7 39
3 76
9 1
9 13
5 20
8 67
5 28
2 67
9 26
4 11
5 87
10 52
1 47
10 39
6 11
2 48
1 71
2 43
4 27
1 97
6 73
10 100
6 37
2 92
3 61
1 9
3 3
10 84
4 25
5 34
3 84
7 12
2 45
4 58
2 62
6 92
3 1
3 22
4 58
4 23
6 3
5 2
7 6
10 37
9 95
9 8
5 87
2 9
4 33
7 97
10 37
5 40
9 83
2 41
10 37
4 86
6 69
6 87
10 62
6 18
4 98
4 52
8 6
7 11
9 10
8 31
2 63
6 46
8 23
6 56
8 84
5 76
2 86
9 39
3 35
9 55
6 49
3 75
1 95
1 26
7 76
8 73
9 33
3 43
1 34
8 24
9 57
1 38
10 70
5 68
3 3
10 8
9 72
7 25
6 12
3 90
1 76
9 3
2 24
3 34
6 95
8 85
8 98
6 66
2 22
6 35
5 29
9 61
7 64
8 34
8 35
7 68
3 45
3 68
6 74
4 6
10 2
2 42
4 81
3 82
2 42
10 4
2 45
4 3
3 72
1 93
3 69
3 82
4 27
9 41
7 48
10 69
5 56
8 72
6 96
3 92
7 92
10 22
3 38
8 29
3 53
8 3
2 86
10 34
2 27
10 14
4 90
8 99
5 25
5 87
4 88
6 66
9 14
1 82
9 98
1 46
2 38
3 87
9 10
2 67
2 92
4 22
8 28
1 26
2 100
9 46
8 13
10 55
1 20
2 76
9 67
7 40
8 52
7 42
3 41
1 25
6 19
1 2
2 22
7 24
6 85
6 10
7 11
8 67
8 29
7 39
6 6
8 42
1 18
7 8
1 11
6 36
8 51
10 25
9 51
4 39
7 76
4 70
7 69
8 99
2 5
2 56
2 55
6 73
9 12
6 8
4 80
2 53
8 85
10 69
2 9
1 65
9 18
8 72
2 5
10 17
5 29
6 82
6 10
10 27
10 83
8 23
3 76
1 14
8 72
1 56
2 74
8 25
8 95
10 30
3 74
5 39
7 64
10 31
10 11
3 26
8 42
7 33
