5 21
1 30
2 73
1 45
2 60
2 81
4 30
10 29
4 27
6 26
2 16
5 82
5 5
9 65
10 28
3 73
4 62
2 4
3 3
8 7
6 19
1 53
6 34
10 77
8 41
8 52
9 99
5 73
8 15
10 48
7 31
6 54
3 78
10 71
2 19
1 12
6 54
3 95
7 32
3 58
10 52
4 65
6 89
1 65
4 23
7 35
5 2
3 4
10 17
4 3
9 96
3 44
5 61
7 8
9 9
9 84
9 19
10 42
6 46
5 83
1 53
4 74
4 33
4 46
8 2
1 64
2 98
6 24
1 63
7 87
4 60
2 98
9 100
1 97
1 91
6 51
4 17
10 37
6 77
2 82
10 75
7 91
3 66
10 100
2 34
1 60
4 37
6 41
7 74
7 28
1 39
1 88
3 15
2 77
3 41
8 57
9 31
8 7
2 12
4 44
5 92
3 55
1 53
3 8
3 24
4 58
6 46
3 27
9 23
4 97
5 57
4 18
2 33
7 84
7 70
1 55
3 15
6 28
4 27
3 32
6 68
3 23
6 81
2 47
2 49
8 17
7 38
6 78
6 26
4 90
10 94
5 14
10 29
7 84
5 72
5 13
8 36
3 31
1 52
2 25
3 41
6 17
7 76
7 29
6 31
7 85
9 32
4 8
8 51
2 37
5 63
2 31
10 49
2 46
5 10
10 57
1 2
3 21
6 41
2 86
10 74
5 89
4 55
7 86
4 25
1 77
2 33
10 45
2 11
10 57
8 19
7 39
7 74
8 1
10 95
1 18
2 72
1 7
7 11
1 96
8 59
5 27
8 28
5 32
5 30
9 18
2 31
3 86
5 3
3 86
10 70
7 89
3 85
7 93
8 13
8 58
2 41
9 43
4 63
3 55
8 66
8 23
2 43
4 43
3 95
7 78
4 33
5 78
3 69
9 41
3 80
3 3
5 67
7 73
6 47
2 32
8 3
4 95
8 7
9 89
6 96
2 83
5 8
7 74
2 20
6 30
3 57
3 16
9 96
1 46
8 14
6 72
8 49
7 14
3 65
5 37
1 55
2 96
2 88
4 45
7 45
2 48
4 55
8 36
9 78
7 72
6 20
8 26
7 56
5 76
3 56
10 71
2 88
2 41
3 4
2 30
4 30
6 20
1 22
10 52
1 39
2 73
3 40
1 40
2 79
1 61
5 69
7 42
1 31
10 30
1 81
9 14
4 46
6 4
9 51
8 24
3 93
7 28
8 86
9 31
5 100
8 58
1 82
5 79
7 76
1 24
3 6
9 61
8 92
8 10
2 9
3 83
4 26
6 53
3 83
8 14
8 25
8 78
1 15
6 22
7 50
7 97
5 19
2 38
7 25
5 68
9 49
5 18
4 47
3 76
4 46
7 50
8 19
5 84
7 38
6 83
6 59
10 83
3 41
8 2
2 78
8 24
9 42
1 37
3 60
2 61
9 83
7 55
3 15
3 78
4 62
10 1
6 70
3 89
8 51
8 12
6 25
3 53
10 8
10 59
6 1
10 37
4 43
1 12
5 27
5 16
8 28
7 92
6 34
9 67
1 14
3 34
8 71
8 20
8 60
10 97
4 54
6 3
8 38
3 59
3 80
4 44
8 34
3 54
2 32
10 5
2 5
5 38
9 88
8 23
3 25
1 7
2 71
2 58
4 10
7 73
9 26
8 43
3 56
9 29
7 53
6 48
3 76
2 92
8 48
3 96
1 4
6 73
7 36
1 92
2 29
8 33
8 8
1 14
7 57
6 61
7 55
6 70
4 84
4 85
6 70
4 25
6 12
8 78
9 20
1 12
9 27
5 77
3 48
8 4
5 93
10 100
5 19
8 9
2 44
3 1
2 36
7 84
8 34
1 54
2 37
10 23
10 15
6 37
7 1
1 21
7 53
5 24
4 21
6 48
1 61
5 92
7 17
4 76
2 24
2 6
3 33
3 47
9 93
9 27
3 94
8 9
5 4
2 97
3 85
3 83
8 82
5 5
6 60
10 93
5 81
6 70
6 82
4 6
7 82
1 45
8 45
5 68
7 6
10 29
3 91
4 14
9 59
10 1
3 51
5 12
7 86
5 58
3 26
2 14
6 9
7 79
4 92
4 78
1 44
7 5
7 26
3 25
1 9
2 83
9 20
10 11
1 1
9 21
3 42
3 73
10 7
5 3
1 13
1 80
2 29
3 96
2 68
8 5
6 72
9 64
10 84
6 100
3 66
7 56
4 90
9 46
5 75
8 39
9 62
8 9
4 10
1 20
3 96
10 32
4 58
4 96
6 27
1 73
4 48
8 39
5 6
5 46
9 89
5 23
6 44
1 13
2 54
4 34
7 37
4 24
7 61
8 27
6 25
1 68
6 95
10 29
1 38
4 3
10 94
2 17
3 51
4 16
1 2
9 34
5 44
10 80
1 97
10 88
10 46
8 100
10 48
7 71
3 98
2 50
6 33
8 19
5 79
1 74
1 73
6 39
4 6
6 4
8 13
8 99
6 58
5 38
8 14
6 9
2 18
7 84
9 51
3 13
7 75
4 43
3 7
9 74
8 89
2 68
6 69
8 50
9 57
3 84
2 58
6 50
5 89
8 24
7 7
9 8
3 61
4 4
4 5
7 82
2 62
5 41
7 50
1 11
8 91
2 28
2 58
10 47
8 25
3 90
2 89
8 48
8 24
7 71
6 94
9 13
2 5
6 33
9 91
10 51
2 27
8 100
6 53
4 11
5 80
3 50
2 54
10 89
2 43
3 30
9 14
10 49
1 46
9 86
2 72
1 13
8 47
7 10
10 45
8 55
8 52
2 72
9 9
1 66
10 84
3 52
9 58
6 42
5 32
8 79
8 58
2 22
5 41
8 77
4 14
9 31
1 39
10 81
5 71
4 64
2 77
4 25
10 46
5 81
9 81
5 96
8 37
2 58
8 86
10 2
4 72
6 31
3 82
8 55
6 27
4 94
1 63
8 93
9 92
4 50
9 76
1 49
6 83
8 64
3 7
9 23
10 96
7 22
3 65
3 16
1 49
7 38
8 78
7 25
1 22
4 97
9 20
3 7
3 71
9 73
3 34
1 25
2 82
5 21
4 92
1 19
2 94
5 14
2 43
7 15
2 68
9 69
2 51
3 88
5 18
5 61
4 52
7 73
8 32
5 47
10 87
10 88
4 73
5 22
6 51
5 65
3 9
7 18
2 55
1 10
5 90
4 19
1 73
10 42
7 85
6 89
4 42
7 51
6 83
8 3
5 21
6 22
5 21
1 78
3 5
8 96
1 6
3 8
3 60
8 44
1 86
7 35
4 68
6 65
8 39
1 1
10 76
10 78
2 81
10 51
9 81
7 46
7 27
5 84
4 87
3 31
7 49
5 92
5 91
8 88
9 29
4 87
10 48
9 65
3 60
2 78
2 27
4 8
7 4
9 50
3 41
5 55
1 22
1 30
1 73
9 10
4 26
1 15
10 12
10 56
8 59
8 98
5 35
9 62
6 22
7 71
2 41
3 49
10 3
8 66
3 12
9 10
3 98
3 98
5 42
8 5
2 81
3 20
4 13
6 20
9 44
9 87
7 37
8 11
10 35
2 19
5 46
3 20
6 95
1 51
10 100
5 66
9 58
5 64
9 89
6 23
4 34
7 69
3 95
10 79
3 51
5 95
1 44
3 96
9 91
7 92
2 92
5 42
8 95
6 57
3 38
6 50
9 73
2 86
3 76
7 40
1 97
9 14
10 54
2 6
6 34
8 50
4 52
4 93
9 95
1 32
1 6
4 45
3 4
9 6
2 4
2 22
9 85
3 62
9 72
9 99
1 47
8 100
2 9
7 51
2 23
5 93
4 48
6 40
5 4
1 60
9 56
8 5
6 65
2 57
7 90
9 94
8 22
9 79
7 23
9 80
9 66
6 55
2 15
7 91
7 32
7 1
5 65
1 26
8 40
9 88
9 52
7 78
8 24
3 15
2 50
4 49
10 93
1 3
2 8
8 82
3 80
7 8
5 2
7 23
5 99
3 22
3 90
2 45
6 60
10 55
8 74
2 92
9 78
1 5
7 35
5 70
3 29
5 46
8 38
2 34
2 36
1 68
7 19
10 38
8 62
2 64
7 90
10 39
4 12
4 20
10 20
4 57
6 42
1 23
7 49
7 98
6 43
10 42
8 17
5 78
5 15
3 90
6 28
7 85
8 96
10 41
7 31
7 57
10 16
6 87
10 70
1 51
5 91
1 31
3 98
7 95
1 11
5 24
9 79
9 14
1 92
4 32
10 48
7 81
10 18
5 93
4 19
6 53
2 72
8 40
5 44
2 59
1 8
2 99
3 90
2 90
10 56
5 24
4 63
7 25
8 93
9 6
9 34
8 16
2 47
4 52
6 17
6 44
7 1
1 15
9 34
2 26
7 51
3 30
10 56
5 18
5 27
6 45
2 13
6 57
7 43
4 89
7 18
3 56
2 43
8 67
