10 49
3 79
3 29
6 2
3 56
8 12
9 48
1 4
7 10
4 71
2 13
4 1
5 3
10 91
2 93
1 78
5 80
5 16
1 2
1 94
4 56
9 78
2 93
9 50
6 77
4 59
10 3
6 56
9 53
9 39
7 27
3 74
9 83
7 38
10 27
6 10
6 96
7 35
5 28
7 53
9 36
9 85
7 13
9 1
7 37
10 94
10 76
4 45
9 68
1 98
4 51
1 13
10 48
7 14
3 94
7 80
5 21
10 59
9 42
1 20
10 90
2 41
5 95
7 62
1 88
5 42
2 59
3 88
4 24
9 43
10 70
10 96
3 14
10 87
1 51
9 100
1 6
3 9
5 53
4 54
4 15
4 80
8 21
7 66
3 36
3 82
4 84
7 61
8 80
9 27
2 19
8 14
1 59
7 65
6 52
8 56
6 65
4 19
9 4
6 97
3 20
5 39
3 57
8 98
7 47
5 10
8 19
3 29
5 42
9 77
8 64
10 53
1 58
7 71
9 21
1 87
1 88
4 7
9 28
3 60
6 79
10 92
10 98
4 31
4 24
5 13
5 88
4 77
6 6
6 76
1 11
10 16
8 44
2 69
8 66
7 19
5 68
9 74
9 48
7 62
4 47
7 73
5 32
10 43
6 9
2 19
3 87
2 57
3 19
9 72
4 66
1 58
3 5
9 22
1 18
5 38
2 88
10 9
10 81
9 13
8 19
9 94
5 80
1 50
7 27
9 90
3 84
3 90
8 36
4 38
10 11
7 24
6 35
1 18
6 58
2 56
9 15
3 55
5 42
2 67
7 42
2 75
1 61
4 18
6 63
3 29
6 27
2 28
7 8
4 35
8 91
1 35
8 43
6 1
5 50
8 63
10 42
2 61
4 64
5 28
9 64
8 39
5 11
2 18
1 43
1 96
10 29
8 48
2 9
9 68
5 63
1 55
1 29
3 25
3 42
6 69
8 5
7 72
5 59
5 53
5 83
4 93
9 96
6 19
5 58
7 80
9 89
2 18
9 56
6 76
10 82
9 32
1 47
9 76
8 57
2 42
10 30
8 50
9 54
10 46
1 43
10 33
9 57
9 41
5 47
10 45
2 84
1 95
6 63
8 79
4 80
7 100
9 46
10 11
4 2
8 27
7 18
3 28
10 27
8 32
10 50
2 84
7 1
9 19
4 3
7 22
5 93
7 100
9 69
4 73
3 89
9 18
4 100
2 16
10 73
7 23
4 1
3 41
6 68
1 40
6 8
4 96
4 50
5 14
5 29
7 86
8 53
6 53
9 81
5 80
6 62
10 93
8 76
6 52
9 18
4 9
3 77
1 33
9 30
1 49
6 75
5 20
6 37
9 50
2 68
1 10
6 87
3 99
4 82
7 13
9 86
7 31
8 92
1 57
5 54
2 35
1 67
8 18
8 70
5 33
4 75
2 54
6 6
5 88
3 57
1 5
1 92
8 69
6 24
1 24
4 13
2 77
9 9
3 36
8 23
4 84
3 81
5 26
1 87
7 1
5 43
2 67
1 73
1 56
8 56
9 70
5 72
6 46
1 1
10 14
6 89
10 65
7 57
10 43
7 92
3 46
1 30
6 62
7 73
5 32
3 66
9 68
8 78
3 72
10 95
8 37
8 95
9 72
5 1
9 10
5 96
7 6
2 20
6 92
9 2
3 60
4 32
6 24
1 39
7 48
1 7
7 16
8 17
3 47
5 39
7 34
6 76
3 90
3 54
8 53
7 2
9 13
5 12
6 44
6 80
6 29
3 41
1 66
6 36
8 92
1 36
9 43
2 26
7 30
3 76
9 99
1 77
5 95
9 68
8 31
7 49
3 72
8 60
5 65
2 51
3 67
8 81
5 77
1 18
5 5
9 38
2 83
9 14
4 6
8 41
8 5
9 96
9 9
9 34
10 44
4 39
5 69
5 64
7 92
9 22
2 60
2 60
5 22
9 1
5 93
9 23
2 15
10 27
4 79
4 9
10 59
6 7
4 18
3 46
4 28
2 73
1 71
5 74
4 23
3 19
9 76
8 86
3 55
2 10
9 43
4 86
3 51
5 91
10 78
7 58
8 90
6 96
4 33
3 20
9 86
8 59
4 41
8 62
4 31
5 15
10 49
5 49
2 94
8 64
5 12
1 58
7 48
3 85
9 95
5 85
5 91
7 14
2 74
2 10
3 38
6 97
10 32
2 55
5 62
1 77
1 37
1 97
6 4
2 92
10 97
4 35
3 78
10 98
6 84
3 16
8 79
5 73
8 61
8 26
3 46
5 67
8 24
4 47
6 13
2 4
9 26
10 88
5 80
8 14
5 62
3 51
8 97
10 93
8 80
2 58
6 42
8 33
9 71
10 59
9 88
1 45
10 3
8 2
1 43
7 88
6 73
4 66
1 49
7 37
9 100
1 85
2 86
4 48
5 79
7 14
5 47
6 64
8 64
6 19
9 61
7 68
5 45
3 70
5 36
2 84
7 10
4 82
2 58
2 34
8 43
6 53
9 39
10 36
1 48
3 96
4 81
5 78
6 33
9 68
5 51
4 38
2 62
6 53
6 35
2 6
2 17
3 6
9 93
1 65
8 92
1 9
5 27
3 23
4 30
1 86
8 48
7 20
3 23
8 57
9 59
1 57
3 98
3 2
3 60
6 48
8 36
3 90
8 11
4 83
7 51
4 13
6 45
8 89
5 94
3 56
4 60
9 45
5 57
5 21
7 88
1 29
9 19
3 43
9 33
8 20
4 78
10 37
7 57
6 65
9 42
2 96
5 49
4 66
6 7
4 87
1 49
6 66
2 54
2 72
5 50
3 13
10 61
3 82
10 97
9 33
1 12
4 30
10 98
6 39
1 40
4 88
4 51
10 9
7 80
6 21
3 9
3 19
1 36
10 92
9 71
10 97
7 48
5 58
1 52
1 80
2 40
7 8
9 86
5 62
1 55
4 1
7 53
8 32
8 53
5 26
8 24
4 59
4 30
8 16
5 81
1 86
10 22
8 10
9 75
8 20
3 9
9 22
7 20
4 80
3 65
5 94
8 49
9 78
7 93
3 36
5 10
4 40
2 38
6 4
7 97
5 99
10 6
10 50
5 66
2 29
9 39
6 3
2 85
1 15
5 94
1 38
5 32
9 50
4 26
6 12
7 60
2 72
7 11
8 95
2 13
2 66
1 53
5 40
10 28
10 72
4 64
2 14
3 10
8 57
5 56
3 44
5 16
3 10
8 52
5 35
3 78
3 76
9 40
8 74
6 90
4 92
4 29
1 84
1 64
6 5
3 25
5 58
8 57
10 22
9 9
7 7
2 54
7 93
1 12
8 98
9 63
8 56
10 74
1 31
10 78
3 48
2 12
10 11
8 67
6 67
2 81
1 31
3 72
10 89
6 72
9 22
1 80
9 83
10 14
5 93
9 9
7 25
8 18
3 35
3 43
9 89
4 93
7 11
1 36
3 55
9 65
1 15
7 35
7 2
7 95
3 52
2 15
3 9
5 11
3 74
8 67
2 89
1 20
3 75
5 86
10 63
10 58
5 13
9 2
9 84
2 98
5 29
3 82
3 70
3 26
7 36
2 81
5 26
4 95
2 7
10 6
4 9
10 24
6 60
1 60
10 9
3 78
6 9
1 17
10 27
7 60
7 1
3 24
2 88
8 70
4 18
9 88
10 51
9 91
7 55
8 13
6 18
5 44
1 38
1 92
7 57
10 9
10 13
3 76
4 12
9 60
2 30
1 41
8 18
5 47
7 56
3 73
2 70
10 8
5 9
3 99
6 35
3 68
2 99
4 2
3 50
1 78
6 85
2 80
2 28
2 15
8 30
6 84
10 22
7 30
1 82
9 26
7 50
4 74
9 97
5 56
10 53
7 92
3 9
5 44
2 60
7 88
2 100
9 15
9 77
1 5
9 85
2 73
4 85
7 94
6 57
3 64
10 1
8 58
5 64
4 71
4 43
7 21
10 59
7 81
7 43
4 57
3 41
6 89
1 76
5 22
5 29
6 52
3 38
10 55
7 63
3 9
2 100
9 39
7 12
6 41
5 9
8 52
8 36
9 9
8 40
2 64
8 55
10 10
6 66
6 67
2 46
6 28
6 59
8 6
2 37
3 85
3 46
4 80
8 65
6 13
1 80
7 36
6 36
6 57
2 78
3 92
5 89
4 29
10 73
6 1
5 39
8 81
1 15
1 10
4 7
6 81
2 65
1 47
10 40
4 82
7 68
3 68
7 24
8 13
10 34
4 77
1 10
3 7
3 95
3 97
2 95
7 13
7 18
6 45
5 51
4 83
5 27
2 3
1 35
8 99
2 28
10 46
4 78
7 68
3 74
1 34
9 94
1 5
3 47
7 98
6 57
4 38
2 100
7 23
10 66
7 11
10 26
7 3
1 27
9 33
5 73
9 45
5 46
7 38
7 37
2 89
3 70
4 37
2 46
5 90
4 4
1 89
3 41
6 13
