9 93
6 70
6 85
1 10
1 9
1 73
7 81
5 51
2 48
3 24
6 51
6 15
7 25
6 69
2 3
6 98
10 65
9 20
4 49
10 69
3 32
9 38
9 91
5 14
5 75
9 3
5 29
6 18
3 2
8 54
6 34
8 83
6 80
5 62
4 98
1 44
10 39
8 9
2 40
5 14
7 63
5 74
5 87
10 58
8 100
4 68
4 22
1 87
1 66
1 98
10 49
8 38
10 66
3 10
9 15
1 54
1 32
1 16
2 16
10 92
7 100
2 33
7 34
2 33
2 27
3 55
2 13
7 44
6 1
2 73
8 33
10 23
8 42
4 93
9 16
2 83
1 3
3 59
2 6
7 30
5 95
5 1
10 11
4 90
6 4
7 90
4 49
9 85
7 37
2 21
8 4
1 20
7 83
10 13
7 43
7 10
5 57
5 64
3 78
8 40
1 70
4 66
10 83
8 80
7 84
7 96
6 55
1 47
8 25
1 91
5 4
2 64
10 35
7 28
3 38
10 9
5 53
2 60
8 16
9 47
5 81
6 62
5 82
1 75
3 25
2 54
7 54
6 77
7 36
3 73
9 68
8 77
7 99
8 80
10 59
7 87
10 30
8 40
8 72
7 97
6 34
7 68
9 100
5 21
2 11
6 56
2 79
4 62
8 69
6 18
8 37
1 19
1 9
3 56
7 45
6 77
1 98
5 19
3 86
5 79
4 89
2 88
4 92
4 42
3 72
2 90
2 33
5 16
3 100
1 72
6 70
9 19
1 92
1 53
3 69
4 40
6 55
1 81
10 26
10 86
8 50
1 16
10 28
1 78
1 48
2 71
5 10
2 70
5 35
5 20
3 64
1 80
9 7
10 67
1 26
6 5
3 80
9 41
10 77
8 48
3 5
5 45
6 22
10 90
10 45
7 75
6 64
9 46
4 22
1 70
5 18
9 80
9 30
10 67
9 12
5 11
2 87
3 31
1 85
3 49
6 52
10 99
5 84
6 39
10 36
4 6
8 45
6 23
7 7
1 68
2 98
9 75
7 18
2 99
8 31
6 9
6 78
6 6
10 28
4 46
4 81
4 84
1 16
7 21
9 5
5 7
1 50
4 47
7 86
10 63
7 5
5 26
5 17
1 37
6 21
5 21
1 49
10 39
9 73
6 63
7 83
4 100
1 56
8 100
4 47
8 54
6 39
6 18
8 74
1 41
2 74
9 21
8 55
5 10
4 32
7 37
6 60
2 71
5 25
6 6
9 80
8 36
1 83
3 39
1 9
10 25
2 20
10 81
5 73
10 3
2 4
4 66
9 34
8 13
7 77
1 80
6 35
4 53
2 63
5 97
6 94
8 9
5 66
5 47
7 33
5 54
9 17
5 83
1 11
10 32
2 6
6 95
10 54
1 81
5 59
5 66
10 21
2 41
7 76
7 60
2 81
2 61
2 20
9 64
8 64
3 2
10 95
1 47
6 15
6 88
3 82
4 79
10 17
10 21
10 71
8 27
7 95
1 93
6 28
6 8
1 10
4 54
5 49
8 39
7 92
3 95
10 88
5 83
5 28
10 86
2 59
2 2
4 88
2 43
7 33
9 100
6 43
2 20
9 34
4 68
6 22
6 81
1 42
6 16
4 88
10 99
8 22
10 70
4 88
2 6
8 96
1 43
2 60
10 60
2 29
3 46
7 61
8 53
2 11
8 51
3 75
5 51
8 2
1 66
9 75
5 38
3 32
8 31
3 41
7 59
8 83
4 100
4 89
4 61
8 19
3 60
10 87
2 16
3 35
8 4
10 85
3 43
6 50
1 42
6 97
6 47
1 87
8 15
8 34
8 21
5 15
8 86
2 65
9 25
3 20
7 9
3 66
1 17
9 1
10 24
2 54
4 74
7 6
7 67
1 24
10 79
3 7
8 6
6 94
1 39
10 5
6 36
5 78
6 73
2 22
9 54
4 35
2 39
10 23
4 31
3 11
9 48
6 29
3 32
7 24
2 32
9 59
8 94
5 61
10 53
1 40
4 76
1 23
2 46
10 82
1 48
7 26
3 73
8 47
4 55
5 92
8 42
2 97
6 27
8 66
7 95
2 39
1 82
6 60
5 31
3 12
5 42
1 55
6 65
9 9
1 48
1 13
8 15
8 95
8 34
5 99
6 62
5 8
6 47
2 68
6 14
9 40
1 24
6 100
1 88
9 90
7 82
5 61
4 77
3 14
9 92
9 78
9 98
10 62
3 84
2 56
2 55
6 87
7 31
8 51
5 38
2 18
5 66
9 71
1 99
9 14
3 77
1 12
2 43
5 65
6 40
7 32
5 19
10 36
3 94
5 94
10 79
8 10
10 12
8 43
6 21
4 69
6 92
3 78
6 53
6 2
3 4
9 36
3 61
4 20
2 14
10 50
6 40
1 73
5 48
2 100
9 4
3 73
4 79
10 70
2 5
5 1
5 68
10 52
10 25
4 1
7 95
7 79
1 51
5 32
4 73
3 67
8 10
8 14
1 51
2 65
4 49
8 73
4 100
9 28
10 95
9 30
4 49
8 13
6 94
5 6
3 63
4 81
1 25
6 15
7 55
6 99
4 87
3 94
1 15
2 76
8 71
8 96
2 95
6 72
10 92
2 23
2 52
8 40
5 60
6 4
5 93
10 51
9 54
5 92
9 50
9 80
4 61
7 1
7 46
6 92
9 65
4 84
4 78
8 85
2 79
6 54
8 89
1 3
3 38
2 4
8 12
7 95
3 66
3 93
7 81
5 92
5 29
2 48
1 58
3 52
2 86
7 48
7 16
7 46
7 32
5 58
10 54
4 31
7 89
5 51
6 1
6 18
1 13
4 96
2 59
3 17
3 53
10 11
6 54
1 71
7 30
3 33
8 84
1 50
2 82
3 91
8 82
1 48
6 91
6 87
7 62
2 28
7 89
3 82
7 63
3 52
5 22
6 21
9 61
1 89
5 97
1 26
9 48
9 36
4 25
4 5
1 79
3 1
6 76
2 25
3 46
2 7
8 10
7 74
1 6
5 40
4 10
1 87
9 46
8 28
9 50
7 59
9 41
4 67
7 8
3 61
10 20
1 21
3 36
3 37
5 59
6 72
4 89
7 2
2 48
3 9
5 2
9 52
3 53
7 44
8 48
4 69
7 77
9 71
4 31
8 50
4 7
1 43
10 87
1 100
8 8
8 59
5 33
3 17
4 79
5 78
7 28
4 58
7 52
1 31
7 20
6 28
6 59
1 10
4 10
5 49
8 24
10 66
4 39
1 25
6 70
8 51
9 32
10 79
10 38
2 78
7 93
5 87
1 19
9 96
10 16
10 31
10 65
9 74
8 68
3 100
2 91
3 25
10 4
8 72
3 98
3 15
10 56
3 32
8 74
8 71
4 8
7 8
3 26
10 51
7 57
2 7
4 42
7 13
4 9
5 46
4 74
5 16
5 79
10 78
6 97
3 62
3 78
2 12
6 16
5 93
10 53
8 53
4 58
9 47
9 50
2 56
7 12
9 64
2 16
2 5
5 28
7 80
1 2
10 34
3 87
9 32
3 56
4 63
2 28
5 3
5 46
5 27
5 8
5 27
3 38
4 90
4 90
6 71
6 77
3 82
1 50
9 11
8 30
6 52
1 20
5 85
2 27
1 46
3 35
2 80
7 37
1 12
9 44
9 69
2 89
8 93
4 74
2 80
9 59
2 97
2 97
2 73
8 25
8 9
6 41
2 96
4 90
3 44
8 2
2 99
3 64
3 14
4 79
9 21
10 79
6 92
6 28
2 15
4 74
6 69
9 74
4 52
3 39
3 21
1 99
2 26
5 77
7 30
5 56
5 3
9 15
9 40
6 77
7 86
5 83
2 86
7 69
4 98
1 82
4 91
8 68
9 16
3 28
6 16
1 86
7 62
8 22
1 50
10 19
1 56
4 61
8 54
3 86
5 87
4 90
6 87
9 73
2 62
1 61
4 44
4 33
4 47
1 40
9 17
1 51
4 47
8 79
9 7
10 43
5 23
4 74
4 85
10 97
1 15
5 29
5 43
1 36
7 12
6 37
10 94
7 49
3 29
8 37
7 97
10 38
9 62
7 85
8 79
9 33
9 97
8 98
7 80
1 80
3 57
3 9
2 7
5 20
6 40
6 43
8 31
6 56
5 44
4 60
2 67
10 32
8 35
3 14
8 56
1 56
1 80
6 84
8 63
8 37
7 37
1 29
6 5
9 68
8 25
7 96
6 21
4 60
7 49
10 44
6 34
7 58
7 8
10 79
9 47
6 31
3 44
9 19
5 40
9 43
3 20
2 38
2 20
9 6
9 82
3 35
1 18
3 68
2 61
3 56
1 62
8 68
2 5
10 98
2 99
4 9
3 75
5 25
10 100
8 53
1 31
8 6
5 57
7 26
8 34
3 37
2 9
5 65
7 100
1 53
9 26
7 89
5 36
8 4
8 34
8 35
4 13
2 86
10 34
6 37
