9 58
9 88
10 19
6 67
10 26
10 30
7 85
9 32
6 97
10 94
9 39
7 42
8 89
10 93
8 32
2 20
7 1
4 88
3 61
1 71
10 38
3 75
8 15
5 66
2 47
4 12
2 31
1 45
1 3
9 55
5 23
4 28
10 23
9 56
3 64
2 51
10 10
9 58
7 51
9 69
8 42
8 69
3 70
10 75
6 22
10 25
6 70
7 27
9 28
6 94
2 16
5 27
3 33
5 16
2 66
1 61
7 94
4 48
2 49
10 82
6 95
8 62
2 90
2 81
1 15
9 13
10 46
4 10
9 65
7 71
4 84
10 5
8 74
6 60
3 35
6 90
8 78
3 16
9 82
1 25
7 34
8 45
1 1
3 1
9 20
3 85
9 27
10 70
10 44
9 94
2 20
9 21
3 46
3 51
2 66
2 84
5 7
3 11
10 82
7 28
5 91
1 80
8 26
9 64
2 18
10 59
8 1
3 49
4 41
7 25
5 7
2 33
2 67
8 61
9 36
5 6
4 38
8 38
3 74
1 38
1 93
7 44
5 17
6 74
8 38
3 95
1 49
10 33
6 59
1 17
1 36
9 88
2 89
9 54
9 25
10 29
8 6
2 39
10 17
9 5
10 4
2 18
2 70
10 16
9 41
5 54
6 33
3 77
8 24
6 89
6 62
10 85
10 19
4 74
10 72
5 18
3 97
7 5
6 72
5 25
8 78
6 64
1 55
6 3
10 11
3 9
10 58
8 97
4 89
2 36
5 79
1 89
6 75
2 60
1 39
10 18
5 18
10 71
2 15
1 88
6 34
7 31
1 76
5 86
4 40
4 9
10 13
5 65
8 59
9 39
3 6
3 84
2 53
6 67
9 4
3 32
7 65
9 16
1 41
3 12
1 91
8 6
2 58
1 3
3 13
2 62
10 73
10 2
6 82
7 20
10 70
4 92
3 83
5 39
2 20
10 34
7 88
1 5
3 87
8 27
6 17
4 41
8 25
8 58
10 95
9 91
5 74
6 32
4 90
9 32
2 61
6 97
3 70
9 92
9 91
1 84
9 11
10 1
9 73
4 53
1 11
6 51
2 60
2 16
3 60
7 3
1 93
5 60
1 56
6 98
2 78
9 11
9 39
4 33
1 89
6 26
8 37
7 96
9 78
5 55
9 99
10 16
10 35
1 8
6 72
9 99
8 89
8 63
10 1
10 29
5 34
4 90
8 46
4 46
2 22
7 74
10 85
5 56
7 64
5 9
10 32
9 63
1 36
4 69
5 61
10 61
9 88
5 25
8 51
1 81
7 100
10 72
8 67
8 41
5 55
2 91
8 73
6 42
3 98
6 53
1 14
7 21
10 29
2 54
6 54
7 25
2 75
7 38
8 93
9 45
10 9
2 33
10 79
8 37
4 35
3 15
9 66
6 73
10 95
9 82
4 20
1 7
5 7
3 88
4 99
9 95
2 64
3 60
7 70
3 90
8 79
5 46
9 11
5 66
8 34
3 29
7 81
7 77
10 45
4 78
4 77
9 75
10 7
5 3
6 42
4 3
10 75
6 43
7 63
1 42
8 37
5 58
5 93
5 5
5 76
3 7
7 3
7 93
8 91
6 28
8 91
4 39
8 3
5 13
4 16
2 83
5 40
3 66
6 24
4 70
1 81
1 100
9 40
1 6
6 22
4 68
10 5
3 90
5 57
7 73
9 83
2 68
10 16
2 9
3 25
8 84
8 35
8 60
5 66
9 80
2 48
4 66
1 4
5 88
9 100
10 35
6 72
10 45
3 56
4 30
2 58
4 72
9 74
10 16
3 63
6 17
7 64
3 44
4 71
3 77
9 21
5 50
5 35
4 66
9 17
3 2
6 94
2 68
3 55
6 92
1 21
5 56
2 78
9 11
5 52
2 78
7 26
9 75
3 8
9 12
9 38
7 45
10 52
8 26
10 33
7 11
4 82
6 89
7 35
8 54
4 37
8 18
5 35
4 54
9 34
5 49
9 95
8 10
9 85
3 56
7 25
7 26
10 87
7 48
2 94
1 30
6 7
7 48
3 46
6 75
6 7
2 79
1 17
8 10
10 54
10 52
3 90
1 37
5 40
6 33
5 31
3 31
7 19
3 78
2 18
8 29
2 66
5 53
6 15
10 96
2 25
5 61
4 12
2 75
8 57
6 77
6 43
3 80
9 59
1 52
4 20
7 64
4 98
3 43
7 62
9 34
2 31
4 100
2 92
2 45
10 74
2 59
10 58
3 91
7 80
4 80
8 98
1 26
8 4
4 25
8 61
3 82
9 92
6 39
1 21
7 15
2 27
4 82
4 18
1 33
3 46
8 79
1 60
7 85
9 65
6 20
9 76
6 16
4 48
7 64
1 88
4 65
7 52
5 20
2 5
6 9
8 88
1 10
1 13
4 89
5 55
4 38
10 92
2 61
4 18
8 37
8 20
6 38
5 48
7 32
5 55
7 53
3 84
8 60
3 93
10 16
5 95
4 85
4 84
9 57
8 8
9 24
6 94
5 58
2 85
2 59
8 91
8 69
9 77
5 97
7 41
5 44
4 77
8 44
9 41
7 92
7 37
6 8
4 76
8 94
5 85
9 23
3 13
7 67
9 6
4 53
1 96
2 17
9 21
5 23
4 62
7 69
2 72
8 33
7 1
10 74
2 30
8 78
3 58
5 13
8 21
7 36
9 22
8 45
9 19
6 66
1 87
2 33
7 51
7 44
9 66
5 22
7 38
2 46
6 49
1 47
2 72
4 18
3 80
1 93
9 54
1 29
5 85
10 99
5 76
8 23
5 21
9 33
7 42
9 57
2 39
5 59
1 21
7 100
4 29
5 84
2 16
2 41
4 32
1 12
4 8
6 100
1 22
3 16
6 30
9 82
7 71
10 71
5 86
10 5
6 46
7 64
7 80
10 48
8 94
6 80
10 7
1 25
2 68
4 87
3 42
3 62
1 41
9 39
10 4
9 41
6 2
8 90
3 85
10 12
1 97
8 91
8 45
3 56
4 27
2 69
7 6
4 87
4 90
2 69
1 27
2 68
9 58
3 38
7 80
6 100
1 13
6 28
4 18
8 56
2 76
3 51
5 38
4 18
8 29
10 35
5 35
9 58
7 89
10 27
2 18
8 60
6 73
8 99
2 86
1 22
10 82
6 89
6 98
7 4
1 51
7 13
5 91
8 51
9 59
5 14
2 57
8 80
2 45
10 54
9 69
5 52
8 6
6 34
7 81
4 52
3 79
5 36
1 49
4 40
10 69
3 42
2 82
5 25
5 46
3 91
2 15
8 64
2 82
4 99
2 33
9 34
6 1
2 44
6 8
3 27
6 22
3 37
6 17
2 69
7 63
10 43
6 11
6 36
2 93
6 35
1 60
1 46
8 42
6 61
8 27
5 10
3 10
10 85
7 54
7 50
10 64
9 85
4 39
7 2
10 53
4 75
8 40
4 64
9 53
1 74
2 40
3 44
3 54
6 66
9 32
4 67
4 22
6 50
7 13
4 81
8 78
9 59
7 23
4 97
5 71
8 32
6 57
4 33
8 22
1 21
7 37
7 44
2 1
4 54
8 54
4 46
6 96
4 39
7 78
6 75
6 27
8 50
9 31
2 53
1 4
2 62
9 44
7 13
8 91
4 48
1 63
1 39
8 20
7 30
3 97
3 100
7 65
9 78
8 82
9 93
1 78
2 89
5 20
9 35
5 91
9 97
9 18
7 65
8 62
3 9
4 64
3 35
4 82
5 78
4 95
3 75
10 52
1 25
8 47
1 96
5 78
1 37
10 24
3 89
2 64
7 35
4 51
2 32
8 17
5 74
10 95
9 17
7 57
5 26
10 75
9 10
1 2
4 43
7 41
2 14
5 21
2 17
10 86
1 27
2 3
4 3
3 13
4 54
9 93
5 6
7 21
6 16
7 90
9 36
3 8
8 48
9 78
5 75
8 80
6 5
2 31
1 81
6 56
10 38
6 89
6 67
9 81
3 6
9 79
3 4
8 47
9 19
7 1
5 36
7 87
2 84
9 29
2 23
4 16
1 41
1 40
8 26
10 39
4 96
7 36
5 58
3 13
1 27
7 34
7 62
1 77
3 82
6 94
7 55
10 4
2 92
4 51
2 30
3 7
7 62
8 22
9 99
4 29
1 29
6 87
4 82
7 24
3 34
7 34
7 38
9 58
8 85
2 49
9 60
10 33
8 32
7 56
7 23
5 13
8 27
4 87
4 3
5 74
1 4
4 75
7 55
2 20
5 90
9 18
7 88
3 9
10 39
6 42
3 89
9 83
4 79
5 35
9 3
5 20
9 48
5 79
1 76
6 8
5 90
6 39
10 25
1 6
6 86
7 9
8 70
5 68
9 20
5 17
5 34
6 66
4 22
2 18
4 46
10 92
10 13
5 15
7 48
3 82
10 53
7 88
5 22
2 92
2 10
3 5
9 2
9 40
3 27
7 59
4 36
