3 44
2 30
7 28
6 40
8 98
8 59
3 72
5 42
2 35
1 77
2 56
10 3
5 95
9 28
3 74
8 68
6 6
1 3
7 70
6 63
7 72
1 59
4 58
6 30
2 70
10 62
1 23
8 47
7 48
10 19
4 66
2 83
4 35
3 28
8 9
4 73
7 82
4 54
5 70
2 42
2 54
1 25
6 53
10 60
1 91
1 19
8 47
9 82
1 54
3 67
2 91
3 15
4 36
2 64
5 53
6 87
10 19
6 72
5 30
7 56
4 53
10 71
1 5
5 86
2 1
1 23
1 21
1 1
2 37
10 43
8 58
2 37
3 96
3 22
8 26
10 81
10 76
8 46
10 14
6 2
4 31
1 80
1 9
1 62
8 15
2 24
5 85
3 27
4 39
5 67
7 83
1 7
8 8
3 26
9 56
1 100
4 31
10 90
2 54
8 47
10 40
6 92
4 95
7 14
10 58
10 59
4 58
6 24
7 31
7 39
1 39
4 93
4 74
6 37
1 45
4 32
2 45
10 45
2 79
6 98
10 95
2 51
2 93
5 97
4 8
9 59
6 58
8 76
9 45
10 58
6 5
1 84
1 42
9 33
3 33
6 42
1 20
2 61
3 87
2 13
4 75
2 71
4 57
4 87
9 18
9 80
4 98
8 36
1 19
4 55
7 54
7 95
4 2
3 79
4 93
1 66
8 11
8 80
7 100
10 55
9 78
5 70
5 85
4 55
1 100
1 28
8 90
1 57
2 53
9 44
10 38
7 85
3 38
5 81
3 69
1 7
3 5
8 22
6 38
7 75
8 37
1 98
10 39
1 83
8 61
10 44
1 43
6 22
7 6
8 62
7 21
2 65
2 35
10 15
7 3
7 37
5 98
2 87
3 88
10 42
7 78
1 51
10 26
3 100
7 60
1 23
8 94
7 98
9 68
2 38
10 26
9 28
6 63
10 1
9 78
3 18
6 4
2 25
2 10
3 96
1 36
6 100
5 67
2 29
9 48
4 77
3 19
10 30
7 91
8 66
4 59
10 2
9 86
7 71
5 8
2 17
10 46
8 57
9 93
2 75
3 62
7 22
8 93
9 76
7 56
4 85
6 83
9 27
1 46
8 16
1 15
7 37
3 86
10 19
10 15
6 8
10 40
4 35
3 88
2 6
7 8
5 66
5 64
6 69
2 35
9 95
6 16
10 90
2 36
6 89
4 94
4 35
9 76
4 30
2 65
7 35
4 97
5 9
3 65
4 63
7 60
1 86
4 77
1 44
6 36
4 95
1 68
6 25
3 68
10 86
1 39
3 68
3 73
8 43
2 59
4 82
4 42
5 28
1 81
6 52
5 94
9 25
9 32
5 74
5 98
3 35
10 27
7 88
2 97
1 2
8 48
5 17
6 98
8 86
7 41
3 42
1 77
5 43
8 36
6 81
6 15
7 26
5 100
10 72
9 33
4 96
8 92
4 89
8 98
5 54
10 36
8 6
7 43
6 89
5 12
8 71
9 87
8 33
10 30
10 48
3 49
4 36
10 42
5 94
9 47
4 90
4 47
2 27
8 86
3 16
4 24
9 60
8 54
7 94
3 2
5 68
3 97
2 94
1 54
2 48
6 45
9 20
4 77
8 69
9 83
7 54
8 77
9 35
2 68
7 68
2 67
10 71
2 53
10 30
10 25
9 98
8 24
1 22
4 74
3 74
3 11
8 17
6 75
7 61
3 13
2 79
2 22
7 81
10 40
8 85
7 94
5 41
4 7
6 43
3 35
7 88
7 100
2 84
2 76
8 18
2 33
10 23
3 14
7 80
4 8
2 97
3 37
9 24
1 52
8 80
1 51
8 56
8 75
4 19
10 38
4 93
9 15
5 36
8 19
7 2
3 83
3 56
7 43
2 16
6 2
2 59
7 7
6 25
5 12
8 35
4 73
9 79
7 9
4 75
8 22
3 72
10 51
2 37
9 87
4 89
8 36
4 70
1 58
8 28
3 47
9 58
9 40
7 16
1 73
10 22
1 98
2 77
9 50
1 64
7 62
5 67
2 36
6 51
3 56
9 25
1 3
5 26
2 43
2 75
2 33
1 95
10 44
2 2
8 77
4 37
9 31
9 33
4 64
7 72
7 70
4 71
2 6
4 21
10 19
4 13
10 47
9 85
8 71
8 67
4 80
8 24
1 35
4 47
3 45
4 80
7 79
2 43
10 83
7 73
10 39
10 50
9 92
3 36
7 47
8 67
2 55
5 50
6 100
8 27
3 51
8 43
2 40
1 97
8 89
7 69
8 80
1 21
2 16
2 24
3 1
9 31
9 22
9 62
9 33
8 39
9 26
10 89
6 12
9 80
4 65
2 21
10 77
8 3
8 83
4 62
10 12
2 23
10 69
1 23
10 95
10 8
9 22
1 7
1 3
10 73
6 36
6 2
6 46
9 63
5 69
3 8
6 29
7 98
6 56
10 71
5 5
7 77
10 83
2 52
5 82
5 40
5 88
10 14
1 76
8 99
1 70
5 52
9 23
9 33
10 58
6 97
8 100
2 95
6 81
8 39
3 1
5 100
5 62
10 51
6 47
5 61
1 90
3 57
9 6
6 84
4 65
7 2
2 2
7 50
9 95
8 6
1 46
3 30
2 18
7 92
3 65
3 9
2 64
8 67
9 91
8 22
10 43
6 12
7 98
10 69
4 11
5 68
7 95
9 10
5 28
9 73
1 40
9 36
7 78
6 34
8 29
6 20
5 90
1 89
3 33
8 97
10 91
3 30
9 100
5 7
1 4
4 42
6 52
8 58
6 18
3 62
10 21
9 38
1 32
7 79
3 10
4 6
6 29
5 46
9 24
7 70
9 73
9 11
8 24
10 51
6 13
6 4
6 10
6 67
9 70
3 12
1 90
3 39
5 79
3 42
4 7
1 47
8 1
2 25
1 96
1 78
5 72
5 90
10 5
9 36
3 64
10 59
4 84
9 17
10 54
9 76
8 46
9 57
1 87
6 74
2 84
9 39
2 93
8 2
9 33
10 13
4 70
1 57
8 12
8 44
6 6
10 14
2 80
4 53
3 98
6 40
9 10
8 36
3 29
10 39
9 22
10 69
4 12
7 16
3 11
9 31
1 87
10 51
9 9
10 83
1 95
2 18
9 39
8 19
9 76
4 17
3 1
6 97
2 58
7 89
9 28
3 83
7 69
4 87
1 22
8 74
10 67
8 84
10 65
8 61
1 22
6 56
5 49
9 88
9 36
8 17
10 88
10 47
5 60
9 7
7 35
3 47
4 12
8 43
4 51
4 97
2 46
2 77
5 10
7 52
4 93
7 47
10 66
6 77
2 80
10 61
2 2
9 25
10 63
9 45
6 50
7 96
5 62
7 10
9 89
8 14
2 7
10 11
7 62
3 91
5 80
2 43
4 49
7 38
4 64
6 60
2 45
8 50
9 81
9 69
5 77
5 97
2 32
4 93
9 9
9 21
2 66
8 88
7 12
1 23
9 11
9 22
3 13
9 50
7 38
5 93
7 59
5 19
9 50
10 53
3 14
4 48
2 64
6 96
7 46
1 59
1 95
8 9
7 60
5 69
10 34
4 50
5 46
6 49
2 51
1 80
1 30
1 12
6 12
8 87
10 59
7 48
3 66
1 56
8 41
6 31
9 34
1 8
9 91
10 59
6 32
1 8
8 76
9 85
1 60
10 81
7 48
9 99
6 83
3 3
2 78
2 56
9 40
3 23
9 25
2 92
4 65
6 71
2 24
10 94
5 73
8 58
3 64
5 95
3 29
7 31
8 79
5 19
5 57
7 88
7 40
9 80
9 82
4 52
5 95
8 72
10 87
10 47
10 36
2 45
5 58
3 18
6 8
5 92
1 9
9 98
3 77
3 69
1 83
3 35
10 64
5 58
1 2
10 79
3 67
1 57
5 44
2 2
7 90
4 61
8 24
9 24
10 67
9 45
5 60
2 48
9 28
1 17
7 2
1 42
5 89
5 71
8 52
8 54
6 37
5 64
6 66
1 28
2 79
2 25
7 48
5 100
7 22
10 69
9 39
1 36
4 51
10 14
9 14
3 2
9 87
1 45
2 67
7 98
4 72
2 100
4 89
3 25
5 23
7 74
4 60
4 37
1 96
4 71
1 46
8 70
3 39
7 54
8 22
3 96
8 94
10 23
2 69
2 61
5 29
8 43
1 51
9 1
2 85
1 77
3 48
9 82
9 74
9 52
5 1
5 31
1 98
4 74
4 66
6 79
9 87
4 93
1 2
10 29
6 61
6 33
2 32
7 58
9 98
1 46
2 26
6 32
7 99
2 60
9 86
10 59
9 86
4 83
10 7
7 87
9 56
2 15
3 42
6 87
5 54
6 54
6 50
4 54
8 42
4 83
10 2
8 21
1 57
4 98
4 88
4 77
2 39
8 38
9 89
10 48
1 3
4 37
10 74
3 21
8 78
10 4
10 74
3 25
7 49
1 50
