3 91
6 23
8 81
3 93
1 64
7 10
4 32
10 81
10 90
10 56
6 7
2 80
2 12
7 77
4 95
3 3
9 8
1 24
6 74
1 77
10 65
6 27
4 40
3 41
6 27
9 98
5 17
1 9
6 28
2 26
6 42
8 55
2 15
4 31
8 77
6 8
7 21
8 67
10 47
10 66
4 38
3 18
6 65
10 63
4 66
3 74
2 90
6 62
7 90
9 78
5 5
7 18
4 54
4 81
4 44
4 68
7 21
9 66
8 85
3 23
3 38
6 30
8 66
7 43
2 83
4 79
5 2
7 97
10 6
6 61
4 4
2 10
6 94
8 12
9 93
5 25
5 76
10 43
2 10
1 72
6 28
2 81
8 72
2 39
9 2
4 55
2 86
8 94
3 31
8 98
8 60
9 81
9 32
10 12
2 67
6 19
10 27
10 15
10 36
1 85
1 94
9 99
10 43
10 9
3 1
10 75
5 22
5 14
3 93
10 77
10 84
9 52
5 77
8 88
4 66
7 70
5 22
5 66
6 6
5 2
10 52
10 7
4 99
9 76
6 61
8 50
9 58
7 36
6 86
10 53
1 57
2 31
10 38
4 42
3 7
10 87
7 100
2 27
3 24
9 5
4 70
5 31
8 72
10 23
4 26
5 83
1 73
10 24
3 2
5 65
10 87
8 49
4 69
3 81
10 45
1 35
2 89
4 100
5 94
6 49
4 29
7 31
6 15
10 80
5 66
3 54
7 33
5 23
8 75
8 43
5 49
7 90
8 50
9 98
1 9
3 77
7 67
7 27
5 86
7 44
10 93
10 33
9 13
1 26
9 78
1 71
6 84
4 88
8 9
10 39
5 52
3 48
2 15
7 61
3 10
1 92
3 29
10 99
3 32
7 50
1 62
4 19
1 23
2 59
1 54
1 61
3 56
6 13
3 71
1 72
8 64
3 19
2 24
6 90
5 38
8 30
5 38
2 50
3 21
6 79
7 69
1 55
10 12
9 86
7 94
2 8
4 43
3 26
6 36
7 8
4 97
9 55
8 28
5 9
2 58
5 54
10 2
9 29
8 72
3 80
8 87
2 38
1 8
6 77
4 83
5 63
4 19
6 5
3 70
1 30
5 31
3 10
7 5
7 64
5 5
4 50
7 27
10 100
4 62
7 35
9 50
2 97
9 64
7 99
5 57
5 19
6 79
1 27
1 14
9 34
6 42
8 38
10 26
9 44
7 98
4 85
1 85
3 21
3 19
9 42
7 85
4 74
2 7
8 66
7 100
4 33
5 32
9 57
4 29
5 53
8 42
5 82
3 76
10 27
10 40
7 2
4 50
4 69
3 98
6 83
2 61
2 24
3 74
9 30
5 50
8 67
8 1
7 32
4 43
1 72
9 52
9 34
4 4
3 15
4 21
7 98
10 95
9 15
6 29
6 94
9 6
10 42
9 64
3 57
1 14
1 78
10 46
5 79
9 39
10 64
10 23
6 42
10 99
10 90
10 96
1 69
9 28
2 98
6 18
5 81
7 57
4 67
5 67
6 8
4 7
3 81
1 16
8 16
10 13
4 97
9 11
10 55
2 70
9 7
1 52
10 65
3 27
8 42
8 18
5 51
6 8
8 32
5 9
1 20
9 81
5 96
9 79
8 23
1 95
3 22
6 76
8 93
4 2
9 23
2 75
10 62
8 46
1 27
4 33
5 49
9 55
9 64
5 67
8 93
7 10
2 98
1 93
6 77
1 24
1 70
3 15
6 13
10 80
2 65
6 40
1 60
3 27
5 16
3 71
2 83
9 89
8 50
8 12
1 100
1 11
8 7
1 45
4 53
5 95
10 66
9 75
10 8
7 93
10 71
4 72
1 83
10 26
8 5
1 44
1 83
3 93
9 91
8 6
6 10
6 28
10 34
9 6
2 90
10 53
10 43
2 85
9 90
6 31
1 28
4 66
3 45
2 67
8 28
2 17
2 76
8 53
1 45
8 19
6 78
10 86
3 80
5 63
10 55
7 74
9 76
7 73
9 23
5 69
7 88
4 2
3 38
3 19
10 7
8 49
7 88
8 70
4 56
8 1
8 51
10 92
2 42
2 1
9 97
3 19
4 2
10 14
2 77
9 74
3 13
4 45
7 7
9 15
3 100
5 76
3 74
10 25
3 76
10 95
3 19
4 33
6 34
5 17
9 88
1 6
2 42
5 85
3 47
10 46
6 97
7 43
3 55
4 89
1 40
7 30
9 52
5 7
6 64
4 85
9 92
10 23
6 78
5 28
1 10
8 8
10 70
9 38
5 11
10 92
6 85
10 39
5 17
2 16
6 49
3 20
8 81
1 1
3 69
3 63
5 26
10 63
6 67
1 54
2 14
3 85
8 87
1 49
10 29
4 42
3 55
9 98
9 51
7 55
7 39
2 93
9 100
1 52
2 56
4 38
3 83
5 58
9 66
5 8
9 9
7 11
9 8
5 74
9 29
6 39
3 64
8 59
5 43
2 11
8 77
5 83
8 51
10 9
4 95
6 89
6 45
6 9
10 71
1 44
2 80
8 32
5 29
10 24
9 56
10 52
8 7
4 48
7 58
5 76
4 100
7 67
9 48
2 10
9 28
5 21
5 47
6 29
1 12
8 68
10 43
7 82
5 24
1 5
1 19
8 29
7 99
1 83
4 83
2 27
5 63
3 64
4 39
9 27
7 59
4 56
9 79
2 59
8 94
8 55
10 15
7 26
1 79
2 32
5 34
8 88
6 40
7 29
3 96
4 82
7 53
4 68
6 21
7 22
9 8
5 73
3 9
3 45
1 72
6 86
2 48
4 69
6 16
3 77
1 97
5 31
7 98
4 2
5 45
3 58
2 74
5 68
5 31
5 91
4 62
5 34
2 14
9 14
2 61
5 71
3 3
5 52
7 11
10 88
6 10
6 4
6 32
7 63
2 2
6 88
8 78
1 67
8 60
10 55
6 77
4 80
1 38
2 58
8 90
2 70
5 26
9 73
10 15
3 18
1 61
5 88
9 94
2 82
2 93
7 68
4 47
7 87
2 50
5 84
5 21
2 51
10 90
8 67
9 13
8 2
2 42
2 94
7 4
8 62
10 74
4 40
7 51
4 57
7 70
10 92
5 51
8 15
8 64
6 23
2 76
1 50
2 46
5 60
9 39
7 47
10 55
10 13
4 66
8 81
8 54
6 21
5 92
10 58
7 88
9 97
10 87
6 87
9 69
7 77
4 35
1 26
2 7
2 85
1 62
1 47
6 56
8 26
8 12
2 82
4 86
4 9
9 18
10 88
8 78
2 48
6 72
7 7
4 43
1 46
6 49
8 20
3 38
9 89
8 91
7 64
8 17
8 51
6 41
1 93
6 22
2 15
3 74
10 72
9 91
1 22
5 69
7 27
3 36
4 60
8 5
5 86
9 34
4 42
1 48
9 3
7 72
10 100
6 86
8 55
1 74
1 98
3 32
3 5
4 84
2 72
8 99
9 39
10 57
3 12
10 20
3 5
2 85
10 8
1 87
10 4
3 5
1 98
3 53
10 13
10 96
2 82
8 72
9 28
8 9
4 55
7 63
5 12
9 69
1 59
10 12
6 18
2 28
10 2
3 76
10 91
9 24
3 28
7 7
6 60
3 3
6 85
1 59
8 71
2 19
2 49
2 91
4 65
4 18
8 14
5 10
7 60
8 65
8 39
5 14
8 91
9 43
9 8
5 15
8 59
2 25
6 18
6 99
7 30
2 36
2 70
2 41
7 83
8 83
7 83
3 53
4 50
5 44
7 82
3 71
9 39
2 44
7 90
2 77
5 48
7 93
3 94
5 63
8 40
10 94
7 83
6 94
3 97
2 87
1 17
10 75
3 47
5 79
9 17
8 59
9 95
1 11
2 41
8 27
6 28
6 73
2 69
1 42
7 46
2 67
3 86
4 12
6 92
3 84
7 38
9 31
5 36
2 52
4 1
5 25
3 79
4 49
9 36
7 2
10 20
1 82
5 97
5 40
9 41
10 40
2 67
3 75
5 27
5 40
4 80
4 73
7 44
4 82
6 59
1 57
2 24
10 65
10 18
2 37
8 18
5 70
3 63
7 21
3 70
6 56
9 83
8 39
8 87
5 95
4 96
7 39
5 56
8 19
2 60
3 6
8 28
9 11
5 45
2 16
1 24
6 8
6 47
2 24
9 85
6 29
9 9
9 8
9 19
5 78
2 69
5 91
7 6
7 23
6 54
7 100
7 14
8 48
6 10
4 22
2 37
4 79
4 71
5 92
8 42
8 27
7 28
7 100
7 89
5 9
6 78
5 70
7 6
10 7
9 77
4 7
10 87
2 35
7 82
1 8
3 40
2 57
6 52
3 85
9 4
1 30
10 1
7 20
8 67
3 58
1 40
7 74
5 16
8 38
7 30
3 6
7 70
9 14
10 63
9 87
1 40
8 18
3 8
7 44
6 2
7 76
3 23
6 71
6 19
8 51
