1 35
9 66
5 100
8 92
5 26
8 52
9 30
6 90
2 61
4 59
2 68
2 78
4 30
8 79
3 21
9 34
8 15
2 88
6 55
1 54
5 71
2 17
3 91
9 11
6 69
6 25
2 27
6 64
9 38
10 61
1 83
5 85
6 85
4 74
7 38
4 94
6 51
4 82
7 79
2 90
4 96
7 8
1 71
2 30
7 18
6 1
9 27
2 44
4 39
6 75
2 60
3 67
5 89
2 99
7 85
1 95
1 67
6 28
9 56
4 39
5 98
3 56
9 86
5 65
10 22
4 7
7 34
5 53
2 52
6 4
5 66
4 64
10 8
4 93
8 47
3 88
2 78
8 89
1 43
4 14
5 98
10 7
10 7
2 94
8 17
5 33
5 16
2 90
2 96
5 99
4 24
5 81
9 22
9 51
5 47
9 72
4 63
1 33
3 11
4 80
10 17
7 74
10 79
2 32
6 6
5 7
1 97
9 29
1 73
9 72
2 57
3 26
2 13
5 23
6 79
2 3
10 78
10 88
3 54
6 40
1 88
6 75
5 28
10 41
7 97
4 23
1 62
7 85
7 100
9 47
9 35
9 5
7 73
8 25
10 73
9 15
4 93
5 9
6 89
2 93
10 85
2 37
6 97
1 85
8 15
2 31
6 89
6 100
5 30
3 31
10 44
9 97
3 21
9 84
1 95
2 64
8 88
6 88
10 94
5 45
7 92
4 62
7 55
7 16
9 1
5 65
7 72
1 1
9 71
8 72
1 82
9 31
6 59
4 46
7 18
10 94
5 29
5 61
9 93
6 11
8 30
6 19
7 97
6 20
6 36
4 86
2 43
9 54
6 23
9 33
1 28
3 48
9 16
7 90
10 46
7 79
9 84
1 26
9 58
6 13
3 61
4 92
3 57
4 92
5 10
1 95
7 85
8 50
4 47
3 95
7 66
8 72
5 49
9 76
7 43
10 89
8 64
10 92
10 32
9 98
5 69
4 39
1 96
10 37
9 43
10 6
10 46
9 39
7 60
1 51
4 33
8 12
10 38
6 5
10 13
7 91
7 88
5 37
2 37
6 1
8 84
6 89
8 77
9 28
6 60
4 10
6 47
6 73
7 79
3 79
9 7
2 69
6 91
3 30
2 5
8 73
1 66
5 51
1 95
10 19
10 18
1 29
5 93
1 94
10 79
2 14
10 67
1 30
5 58
2 100
7 27
10 58
1 93
5 92
4 93
1 51
5 31
4 72
5 52
8 8
3 78
3 42
5 16
2 62
2 4
10 33
1 87
5 99
6 89
5 77
6 46
7 53
2 53
10 35
6 71
2 54
3 76
8 39
8 39
7 26
9 43
10 28
8 86
2 38
10 85
8 76
9 95
8 57
1 29
3 90
4 51
1 54
9 20
2 78
9 27
4 86
1 1
10 97
8 4
3 89
4 91
10 63
1 67
1 54
10 31
9 98
7 79
1 65
4 96
1 74
4 12
5 22
3 76
1 32
4 76
5 36
6 74
6 41
6 87
8 53
8 47
1 66
6 16
9 46
3 82
8 19
1 79
10 21
8 86
3 77
2 74
3 32
9 89
6 2
10 86
9 21
1 96
5 25
9 73
8 66
9 28
6 1
6 99
8 40
9 68
10 5
3 67
7 61
7 65
8 14
9 40
4 83
4 80
6 70
9 90
9 69
3 28
9 80
1 68
8 18
4 22
7 78
9 98
5 63
10 75
3 81
9 66
9 87
6 50
8 86
10 72
6 22
7 75
5 76
2 79
5 48
7 93
3 54
6 35
2 73
9 77
5 35
1 39
8 45
4 77
7 66
4 46
5 38
8 25
8 30
1 24
5 2
7 50
4 60
3 15
1 20
4 48
3 45
4 28
6 96
3 99
5 59
10 4
7 77
6 62
3 20
2 85
10 60
1 68
4 80
8 57
4 87
9 12
7 26
10 40
6 17
6 42
8 39
4 51
7 2
2 94
10 56
8 81
3 97
6 46
2 18
8 94
6 40
7 85
3 50
2 43
5 75
6 23
3 92
1 47
1 90
2 5
7 77
5 69
4 22
8 20
4 87
4 33
8 100
3 46
4 53
5 94
7 87
10 6
7 89
2 47
7 93
3 63
6 63
8 59
10 86
8 25
2 57
2 78
4 6
6 97
1 55
9 88
6 97
3 7
3 38
7 91
4 78
9 3
9 31
5 15
8 74
5 47
3 42
4 54
4 12
7 77
6 76
1 30
3 20
2 66
3 83
2 91
1 54
9 23
2 15
5 75
6 74
8 76
2 37
2 44
1 63
2 69
9 53
5 59
4 13
2 15
8 25
3 68
2 57
5 29
6 89
10 22
7 81
3 45
7 2
4 49
10 26
4 35
5 21
9 7
4 56
4 70
1 26
10 74
2 22
10 67
7 47
8 49
5 28
10 79
8 89
6 24
5 86
5 49
8 79
7 7
6 52
3 11
5 12
1 83
2 18
7 91
1 31
5 50
7 7
10 60
2 62
6 30
1 51
4 8
7 73
9 74
6 47
7 81
3 38
6 18
8 20
5 74
3 100
2 85
3 1
5 25
5 78
2 34
4 20
9 56
8 75
5 65
7 70
3 98
2 52
5 68
4 98
3 52
1 3
6 77
4 23
3 26
3 91
10 68
8 70
9 89
5 15
5 35
3 36
1 48
5 46
4 23
5 26
4 13
9 2
9 50
3 57
4 7
6 35
8 21
7 33
4 95
9 14
1 20
2 75
6 24
9 17
8 35
2 76
1 17
4 94
5 68
6 6
2 51
2 61
6 8
9 21
9 58
7 37
3 41
7 67
6 34
7 43
10 99
1 29
1 12
3 16
9 37
10 59
6 60
9 13
3 29
2 21
10 42
1 55
9 13
9 10
10 94
5 22
8 59
3 17
3 30
5 27
4 6
7 28
10 84
7 16
3 17
8 41
8 6
7 16
1 37
5 94
7 12
2 1
3 31
7 80
7 78
1 59
6 21
7 36
10 85
2 84
9 64
5 87
8 40
4 24
3 80
7 47
8 92
10 40
9 12
9 1
4 26
9 28
4 37
3 76
3 61
4 11
5 32
9 73
1 14
6 95
3 67
5 54
6 30
3 55
6 90
7 73
4 100
7 18
1 31
8 40
3 54
1 15
10 20
7 75
6 94
9 49
10 84
3 91
4 30
4 2
3 8
6 79
8 13
1 10
9 26
7 55
1 58
9 70
10 77
1 27
8 78
6 79
6 2
9 18
7 72
10 42
4 14
3 60
2 38
5 3
9 98
6 22
9 62
5 47
7 41
10 79
2 55
10 84
6 74
1 6
4 35
1 29
8 21
2 88
5 53
4 24
7 76
7 5
2 58
9 90
9 39
3 71
1 13
3 99
10 27
10 72
6 88
1 5
1 52
6 83
1 99
10 79
2 100
10 83
4 18
9 48
6 20
10 85
2 88
9 90
5 50
6 88
6 76
9 57
5 51
3 36
6 52
3 95
2 16
7 61
8 37
6 83
10 3
9 18
2 72
9 81
7 25
8 49
5 61
3 17
4 71
6 83
5 8
10 45
2 18
10 74
9 5
6 61
1 69
1 69
2 73
3 2
8 91
3 20
5 84
1 97
8 23
8 22
2 78
10 71
6 86
8 4
8 45
9 97
7 21
9 84
4 67
1 78
4 57
3 44
7 81
6 6
5 72
1 75
3 4
9 95
8 31
7 9
2 8
1 35
6 55
3 16
5 9
8 86
9 50
9 75
1 44
5 90
5 25
7 67
9 29
7 71
2 1
2 93
6 68
4 35
2 100
2 1
7 49
9 29
3 67
1 62
4 97
2 91
10 71
9 33
9 40
9 69
8 81
8 49
7 95
8 49
7 47
7 82
3 81
4 19
6 3
5 32
6 40
5 84
1 69
10 46
7 66
9 64
6 62
1 89
10 42
4 6
7 5
10 8
9 19
1 52
2 78
7 55
8 77
1 53
6 35
10 26
3 100
1 45
10 93
3 45
4 17
6 64
5 69
7 94
4 45
1 84
3 13
5 64
5 27
6 62
4 22
8 4
4 16
6 90
6 5
9 68
10 40
2 57
5 84
7 86
9 36
6 76
7 83
5 50
4 68
4 88
5 53
8 45
8 23
1 100
6 26
6 35
1 19
9 80
4 80
3 85
7 68
9 18
10 20
2 79
7 6
4 5
2 44
7 57
7 17
6 60
7 69
3 61
1 50
7 69
6 72
3 10
3 89
4 28
5 57
3 68
2 42
7 95
7 88
10 3
8 98
7 45
7 1
8 67
1 17
4 48
2 1
10 27
10 35
9 33
1 70
1 32
6 5
7 92
1 77
5 76
9 58
5 15
9 83
5 53
5 40
5 46
8 61
10 33
5 90
1 21
2 86
10 9
6 77
2 62
7 70
1 44
1 69
2 2
7 98
9 26
8 22
3 21
6 12
10 75
7 17
9 36
1 25
4 88
6 91
9 25
7 15
10 78
