6 50
4 72
7 66
2 1
7 67
2 97
10 35
9 35
10 4
2 8
3 84
2 17
4 27
7 42
1 16
3 69
5 27
6 88
5 38
4 52
6 70
4 52
9 17
2 54
3 70
8 37
4 86
7 27
6 14
7 5
3 74
7 33
8 28
8 48
1 50
6 74
1 39
5 95
8 24
3 100
9 16
4 75
3 48
10 76
10 49
10 22
3 42
2 86
10 3
3 94
7 73
2 97
9 9
9 67
9 31
5 33
6 76
10 7
9 9
3 90
3 97
3 89
5 1
1 83
8 50
1 60
8 55
5 54
3 62
10 2
4 90
6 72
9 48
9 40
10 46
6 51
7 36
4 34
9 74
10 5
9 63
10 53
6 37
10 80
8 81
1 78
7 18
8 78
6 18
6 50
10 89
5 96
10 51
8 33
9 41
6 84
4 48
10 53
4 10
9 60
6 5
6 6
2 38
4 51
8 51
1 9
9 2
4 12
7 30
4 19
3 59
8 68
3 62
8 96
10 63
10 66
8 12
5 50
3 71
5 10
10 79
10 57
8 36
2 28
7 41
1 38
5 27
6 76
9 41
7 26
10 23
3 33
6 64
10 42
6 12
9 100
9 14
4 70
8 79
6 28
7 68
6 40
4 94
2 48
4 33
3 92
4 90
8 98
9 14
10 15
6 25
10 16
10 76
1 61
2 11
6 7
2 83
8 48
7 35
7 22
10 30
10 92
10 57
7 41
7 83
4 23
4 75
4 91
7 69
1 13
5 22
10 46
6 17
9 74
8 31
6 40
2 63
5 36
4 31
1 29
7 49
8 60
2 45
1 97
9 96
3 25
1 13
10 21
4 24
1 86
2 21
3 14
4 70
4 47
3 85
6 35
4 61
1 37
7 84
9 66
10 15
10 71
6 26
8 47
4 94
2 73
4 45
4 62
8 50
7 9
1 58
9 67
5 91
3 22
1 55
3 41
3 20
10 75
6 60
2 49
5 45
4 41
10 28
6 26
3 34
5 50
3 95
3 28
5 54
2 87
2 90
9 99
9 77
1 55
10 52
7 63
8 35
7 84
7 77
8 54
2 43
7 83
7 82
2 31
1 84
7 4
3 86
10 47
5 32
4 20
2 9
7 20
2 97
5 17
1 49
4 80
10 58
7 86
9 14
1 92
10 52
7 78
2 87
5 46
9 82
5 47
9 31
9 57
5 83
5 36
8 19
7 78
8 25
7 9
10 16
3 74
3 77
2 95
4 91
2 60
10 8
6 59
9 67
4 65
4 37
9 49
6 55
4 76
9 33
2 55
8 43
6 42
3 49
2 77
5 80
8 21
7 4
7 88
7 97
10 14
10 35
9 77
1 26
5 24
6 78
7 100
4 36
4 63
7 50
2 55
1 18
8 32
3 59
10 70
1 31
4 50
6 93
10 26
7 35
6 88
3 28
8 12
9 5
2 15
8 97
10 81
4 68
6 30
1 12
9 49
5 63
7 45
9 50
10 38
6 43
4 88
1 47
7 39
5 13
1 24
6 30
2 19
10 46
2 30
10 1
4 53
3 73
1 100
4 12
3 92
4 93
8 69
2 58
9 90
2 53
1 42
8 66
3 38
3 37
5 9
4 41
1 11
3 40
8 55
9 78
9 4
7 33
4 59
5 75
2 52
10 56
8 94
10 43
6 4
3 36
8 23
1 63
6 30
3 52
5 6
2 19
4 82
9 20
5 18
8 69
4 100
5 99
7 80
1 53
5 99
1 59
3 47
5 17
5 38
1 78
2 20
9 44
2 46
10 69
10 17
8 39
4 68
9 9
3 4
1 98
8 82
9 39
2 6
4 81
10 75
3 37
10 26
10 74
2 45
10 69
1 13
7 42
1 47
10 38
6 21
9 81
4 69
10 76
6 96
9 93
10 37
3 70
6 79
2 91
10 65
2 3
4 98
10 19
9 26
10 19
1 48
1 21
5 20
10 24
8 72
3 39
1 36
9 28
10 20
2 8
8 76
4 91
10 99
3 12
10 43
1 7
9 100
9 76
7 27
5 1
9 11
5 64
1 21
9 51
9 93
7 1
5 49
3 26
8 61
5 50
8 72
6 22
6 86
4 12
5 27
6 63
7 61
2 32
3 82
9 12
9 74
3 18
7 92
6 91
6 3
1 25
10 43
4 85
5 78
4 39
8 51
1 1
4 41
5 15
6 85
5 46
5 2
9 6
10 1
3 11
7 34
4 21
1 26
7 28
10 95
3 99
6 10
3 27
3 96
10 85
4 65
2 62
10 58
5 11
3 45
7 93
2 90
7 93
7 100
10 74
5 19
5 61
7 62
7 10
7 94
8 73
7 38
2 35
4 13
4 36
9 10
1 1
9 63
7 99
2 58
1 75
8 47
8 29
4 58
7 5
4 74
6 89
1 77
10 13
5 24
6 32
2 30
3 12
2 8
7 34
5 18
1 27
1 54
1 51
1 35
9 85
6 53
1 67
3 4
1 73
4 87
8 56
6 12
9 22
8 13
1 9
5 85
4 43
6 82
6 91
9 23
5 69
5 11
7 49
2 45
9 86
8 41
4 89
6 64
9 5
6 68
10 37
2 72
5 51
8 84
3 93
7 8
3 49
5 11
8 13
2 94
7 37
5 43
6 37
1 78
7 3
4 55
2 23
6 66
6 42
8 7
3 32
10 13
9 66
8 66
9 88
9 61
10 89
6 77
7 93
7 30
1 8
7 55
2 41
1 99
5 64
2 64
3 90
4 65
3 75
3 20
2 3
10 69
2 66
6 82
8 21
8 57
1 59
3 99
7 24
4 23
2 94
2 7
2 57
5 11
3 69
5 12
7 76
3 7
5 73
9 39
8 65
5 17
3 60
4 100
6 60
8 90
3 67
6 35
6 43
7 84
1 99
3 51
8 100
2 33
3 37
9 56
6 13
6 92
1 88
8 38
9 69
9 21
4 39
2 9
4 74
6 45
8 33
1 80
3 55
9 5
10 95
3 48
2 52
1 97
10 30
1 56
1 51
3 3
9 83
2 33
1 79
7 79
3 76
1 5
3 16
8 89
6 26
2 60
2 24
9 24
7 26
5 19
7 70
3 7
4 2
3 66
4 54
4 80
4 23
5 7
8 97
9 3
5 58
2 48
5 12
5 41
8 9
1 91
8 57
3 35
5 1
1 41
9 3
8 82
10 27
10 13
8 33
7 42
10 12
8 99
6 87
7 93
2 75
8 11
9 90
5 6
10 75
3 54
10 70
3 8
3 99
9 61
2 3
4 34
8 3
4 46
6 94
3 22
7 50
5 96
3 99
3 53
4 32
8 76
4 47
5 66
5 63
9 68
6 41
8 28
1 8
9 89
1 78
7 70
5 29
10 94
3 2
7 54
7 53
8 76
2 22
5 65
3 64
10 53
1 81
9 54
2 14
2 15
8 5
2 100
7 1
7 4
4 53
3 94
8 94
8 70
1 94
10 31
7 62
4 42
3 96
6 2
7 98
5 93
3 96
9 28
5 72
3 7
7 45
9 6
7 89
5 33
2 97
8 98
10 31
9 92
1 26
10 66
7 39
1 99
5 71
8 46
4 14
7 15
1 2
9 77
3 32
7 78
3 65
3 24
10 9
1 2
3 87
7 40
10 89
4 68
4 74
10 95
2 41
1 15
5 24
1 95
8 15
2 8
6 31
10 63
5 88
4 30
6 75
2 8
7 17
6 89
1 65
1 73
1 95
5 48
2 47
3 16
5 81
7 84
2 56
9 47
1 59
5 1
3 6
9 4
2 70
6 9
5 27
3 10
9 40
10 26
9 87
9 21
5 10
3 10
2 86
6 14
2 94
4 78
3 52
8 41
9 32
7 2
5 54
5 65
10 59
3 88
6 92
2 68
6 59
6 34
1 50
8 29
2 46
10 66
9 48
8 4
8 44
9 22
4 36
3 42
4 28
6 35
4 41
8 75
10 7
8 79
5 84
8 13
9 22
6 33
6 56
7 56
1 14
9 85
5 47
9 85
2 36
4 59
3 60
3 69
1 2
6 18
9 40
6 36
4 70
2 14
9 55
10 4
8 56
4 48
3 73
10 26
6 19
2 15
6 63
8 18
9 33
9 54
9 18
10 16
9 19
3 74
1 80
5 46
1 56
10 31
7 23
9 86
5 3
8 8
1 67
2 98
2 48
9 29
1 53
3 68
3 41
3 69
5 36
6 10
10 58
4 66
2 10
6 7
7 74
6 41
5 93
3 69
10 30
5 68
8 55
7 93
6 38
2 54
10 19
4 82
7 1
2 84
7 48
5 43
2 24
3 87
1 71
5 99
8 79
6 62
8 6
6 73
8 72
4 46
7 49
10 35
2 9
8 30
3 70
3 45
3 91
2 54
2 10
8 5
7 31
10 77
1 72
9 37
6 71
3 25
4 74
10 66
1 83
4 43
6 71
3 37
8 46
1 74
1 46
5 18
3 31
8 62
2 7
5 78
2 14
7 50
