5 15
7 3
10 100
2 43
3 92
10 44
1 88
1 62
2 39
2 13
8 86
1 43
2 94
2 15
10 88
7 15
10 31
3 94
6 18
8 8
3 96
1 32
5 90
8 33
6 76
7 12
8 21
8 74
6 6
9 66
2 30
7 62
6 79
4 15
4 75
2 47
8 94
6 47
6 25
3 42
8 69
9 73
7 46
1 49
8 78
1 31
2 42
10 2
10 28
3 24
9 92
4 39
3 45
10 63
10 3
4 42
5 88
5 39
3 64
8 52
7 6
3 58
8 16
7 91
3 94
10 80
3 44
3 89
7 95
3 66
7 82
2 72
8 86
2 18
9 83
4 22
7 70
8 91
1 9
6 32
10 57
9 35
9 68
3 61
2 42
9 2
5 86
9 53
2 27
1 58
1 32
8 96
5 73
2 71
5 8
1 70
9 1
10 73
2 58
5 74
8 55
10 46
4 86
5 41
3 11
10 87
1 62
1 33
4 69
9 24
8 58
5 49
5 94
9 42
4 73
2 25
4 62
2 59
2 10
6 60
7 73
7 81
1 81
7 10
7 37
10 12
10 94
5 88
2 72
7 63
9 7
2 73
10 31
7 83
5 75
4 5
3 51
10 25
7 10
10 75
3 100
9 10
4 40
5 60
1 18
2 2
3 32
6 35
8 18
7 68
1 92
9 80
8 56
5 6
1 21
9 88
9 92
7 94
8 61
2 49
8 54
10 45
10 52
10 67
9 59
10 28
2 85
1 91
5 59
4 20
9 9
3 92
4 7
10 69
5 36
7 94
2 70
6 27
10 76
4 1
3 98
10 29
10 3
6 40
5 2
9 27
1 82
8 68
9 10
10 93
5 74
2 68
5 20
9 4
1 8
2 48
5 27
3 34
10 82
2 16
10 47
9 3
7 92
6 15
7 85
10 52
6 62
1 54
8 42
9 45
5 50
2 81
8 37
3 35
6 96
4 86
2 75
4 64
5 40
10 63
7 24
1 24
4 8
5 1
5 21
4 92
10 36
4 23
5 74
1 81
5 75
8 79
4 10
4 59
9 10
9 69
8 15
5 51
10 97
1 57
7 61
10 83
7 6
7 19
1 96
1 22
7 43
7 91
7 40
2 14
9 24
1 92
2 18
6 88
6 8
3 14
1 78
10 52
9 67
8 53
1 100
9 100
7 31
10 53
6 21
7 7
1 52
3 94
6 9
1 72
3 54
2 7
2 52
5 53
4 23
8 61
10 43
8 78
7 75
7 86
7 29
5 53
10 62
6 32
8 80
2 65
2 2
2 37
7 7
5 25
7 7
3 82
5 31
5 72
6 8
2 86
5 32
2 36
2 41
2 17
1 22
7 61
3 88
5 47
7 58
8 16
4 82
5 12
9 9
6 70
3 57
8 52
10 77
6 1
2 57
7 22
5 21
3 78
6 21
3 58
1 67
5 55
6 81
4 45
5 9
1 24
10 91
8 37
2 42
6 98
1 31
10 47
9 79
7 6
5 53
1 78
2 16
1 28
3 71
5 39
2 3
10 31
5 53
8 68
8 29
5 13
5 62
6 91
2 53
9 84
6 54
10 59
1 31
4 61
2 32
3 23
9 26
8 53
2 7
1 99
10 68
9 84
5 63
3 31
1 4
1 44
5 14
9 76
2 54
2 93
7 65
5 88
5 84
2 8
1 66
6 32
10 81
4 65
4 85
10 95
9 34
4 43
10 81
7 17
2 58
3 20
2 81
6 27
4 44
2 55
8 85
7 3
1 97
3 35
2 57
2 67
3 28
8 31
9 38
2 32
3 43
2 26
9 65
8 16
5 57
4 66
9 85
9 77
2 64
7 71
9 33
3 10
4 22
5 34
4 5
9 35
2 81
4 23
2 92
7 34
4 60
9 65
1 41
6 18
8 30
5 43
5 32
1 84
1 84
3 19
10 39
4 99
3 72
5 92
1 15
7 46
6 66
4 72
1 49
2 78
8 79
10 32
10 43
1 91
1 85
8 13
4 15
10 63
3 48
5 75
6 68
5 40
1 33
9 16
1 66
8 28
6 99
1 91
4 20
8 37
1 3
9 63
8 37
6 60
9 73
3 30
3 46
2 55
8 14
2 80
10 19
1 41
6 85
4 91
3 55
2 2
4 40
9 94
7 90
8 46
2 99
5 20
8 86
9 12
6 89
9 100
1 37
10 17
3 95
8 72
6 71
10 8
6 74
1 71
5 26
5 96
2 17
3 69
2 74
6 19
6 86
7 20
4 15
9 23
1 19
1 10
8 60
1 48
8 47
8 39
3 35
3 71
5 29
7 73
9 18
9 35
1 25
1 4
8 33
10 12
4 11
1 9
1 35
7 73
8 68
2 29
3 8
10 27
8 77
7 93
2 85
8 69
8 93
3 68
3 68
6 11
3 5
6 38
8 15
2 21
9 46
9 48
6 14
6 51
6 30
5 27
3 51
9 81
10 72
5 52
9 12
10 93
10 46
7 52
3 96
9 29
5 23
6 75
4 91
9 8
7 28
7 13
8 33
8 58
2 64
2 21
6 75
8 10
10 51
7 66
1 43
3 13
9 44
1 91
1 59
9 42
7 95
8 50
8 18
8 17
5 39
6 6
10 55
3 65
6 14
10 62
2 19
4 92
9 41
6 61
5 52
5 96
5 99
5 10
1 66
3 1
6 71
7 75
1 32
8 96
5 35
9 27
5 33
2 87
8 85
6 70
2 21
6 91
8 72
3 65
3 46
10 24
10 2
10 36
5 77
9 40
7 24
8 46
6 76
2 46
10 6
3 44
8 91
3 66
3 58
5 95
6 50
6 12
3 98
2 29
10 10
10 28
6 28
3 25
5 29
5 12
2 91
5 69
9 72
2 39
6 93
2 33
1 20
3 17
6 64
3 99
6 88
8 38
9 79
1 10
8 59
4 10
9 95
2 16
9 88
5 60
2 60
6 18
7 6
4 12
7 80
9 48
5 14
10 35
9 48
8 43
7 30
1 15
6 24
2 49
2 13
2 49
3 13
7 97
10 56
5 81
7 70
7 82
5 76
2 86
3 17
3 10
6 19
8 16
2 28
7 89
8 26
8 75
8 82
6 44
6 21
8 4
6 57
2 32
4 91
8 44
8 60
10 74
7 21
2 37
3 92
6 14
9 8
10 22
5 5
4 99
5 29
1 32
7 47
4 62
4 99
3 53
10 34
1 52
8 76
6 10
5 4
3 78
6 69
7 82
1 88
7 52
3 61
10 54
1 43
5 56
8 50
4 92
9 8
4 38
7 93
7 58
7 88
10 39
7 21
2 50
5 80
7 40
5 24
7 69
3 96
10 58
2 43
10 22
8 60
1 97
4 24
9 38
5 68
7 75
1 18
3 47
10 37
6 84
2 51
1 30
3 40
3 17
9 3
7 35
2 39
9 30
5 100
10 81
7 28
5 9
3 15
6 24
6 55
9 31
4 53
5 57
5 49
6 83
4 32
5 94
2 97
5 44
1 9
3 84
2 32
1 10
1 57
3 18
3 30
5 8
8 14
4 65
8 36
8 90
9 17
1 80
4 17
10 87
6 51
2 31
10 8
5 20
2 22
5 89
6 42
2 21
6 67
8 64
7 85
6 65
7 23
2 41
7 77
4 63
5 67
2 34
8 15
8 37
7 38
7 33
4 74
1 6
1 75
5 75
6 4
2 16
9 65
4 72
10 56
6 92
6 97
4 16
2 67
4 91
2 72
4 41
7 96
4 29
3 95
3 65
7 73
2 20
9 32
5 30
10 73
3 99
4 24
2 69
3 34
7 76
3 44
2 62
1 30
7 52
7 82
9 44
1 68
4 23
9 11
1 99
7 70
2 62
7 44
5 47
7 17
8 51
6 23
1 59
1 86
1 89
1 92
2 45
1 61
9 3
7 2
6 10
2 29
2 31
3 9
5 80
3 73
8 76
3 60
6 53
6 90
4 22
9 26
3 59
4 71
2 30
3 90
10 4
9 31
6 45
6 12
3 29
6 40
7 12
6 67
6 64
7 59
8 62
5 3
5 39
4 80
9 50
7 14
2 52
3 1
3 48
3 37
1 69
5 51
1 33
9 61
8 11
4 42
2 17
5 92
8 81
8 30
6 14
9 15
5 16
9 41
10 24
7 91
2 1
7 90
1 33
2 58
8 39
10 37
5 16
3 76
10 12
8 23
4 19
10 68
3 65
2 56
2 90
4 30
9 93
1 56
3 75
9 48
8 92
3 84
3 25
7 7
9 57
1 21
8 23
1 25
10 38
7 66
1 80
10 95
8 56
8 55
9 34
9 13
5 58
9 1
4 86
1 6
8 64
1 17
8 87
10 79
6 9
10 46
2 96
4 85
4 95
2 2
4 53
7 13
8 20
5 11
7 77
7 4
8 52
3 51
10 20
8 21
1 99
4 82
5 85
3 12
1 2
9 96
5 17
1 27
5 26
9 30
7 56
3 78
10 34
6 31
4 29
8 84
9 88
