4 20
1 38
3 62
8 75
6 93
6 27
4 35
8 79
9 89
8 53
7 76
4 83
8 33
9 70
7 83
9 19
8 57
4 29
10 1
2 55
6 97
7 38
5 41
5 98
7 89
8 42
7 69
7 34
2 59
8 21
10 50
4 64
7 69
3 90
8 50
4 74
7 77
5 7
8 97
7 46
9 55
2 63
8 82
8 6
6 95
2 33
2 92
8 32
4 88
2 84
8 32
1 36
4 17
7 18
2 3
8 39
3 65
7 59
2 2
6 52
9 32
9 57
9 71
1 70
3 42
9 99
6 63
9 11
5 93
6 47
5 52
1 28
4 72
2 54
2 6
2 31
2 11
9 85
5 79
7 43
1 55
2 43
2 40
1 32
8 89
8 43
9 23
9 34
2 8
5 72
1 80
4 69
3 13
8 53
8 95
7 3
1 99
9 68
6 18
3 18
4 97
5 45
2 33
8 21
6 36
10 53
3 43
10 59
10 24
8 73
4 75
9 61
6 30
2 91
8 69
7 75
5 64
2 44
6 93
8 52
7 70
10 66
6 100
5 72
6 37
1 1
1 52
10 58
3 8
5 6
2 66
3 92
5 96
7 54
9 31
3 40
8 17
3 30
10 58
4 82
9 28
3 34
3 73
7 74
9 16
10 35
6 41
7 89
5 31
7 54
8 72
1 28
7 52
9 44
3 2
1 62
10 33
6 47
4 42
8 5
3 4
1 65
8 32
3 77
10 35
2 9
9 83
2 13
5 69
7 6
9 94
7 3
3 75
8 55
8 52
4 74
4 82
2 28
4 10
4 85
8 74
6 9
3 69
3 99
7 98
6 52
2 45
4 91
9 60
1 29
1 23
5 97
7 99
4 76
8 16
3 8
7 41
8 24
8 89
1 98
10 64
2 16
4 84
3 11
6 31
7 66
2 85
8 12
5 7
9 93
2 56
1 51
8 64
9 89
8 27
8 1
6 7
9 91
1 14
1 74
1 3
9 15
1 60
10 69
3 67
7 36
10 6
2 2
9 83
1 52
8 28
10 53
6 87
9 94
2 28
8 90
1 54
1 85
9 40
6 20
9 41
5 84
6 84
8 77
2 90
4 1
6 83
7 9
2 64
5 12
4 29
8 80
3 22
9 70
6 8
5 19
6 25
8 60
8 48
8 95
2 49
1 4
9 93
7 75
3 46
2 96
9 37
8 7
8 92
8 84
5 68
1 88
10 25
10 70
5 66
8 100
5 23
6 29
6 21
2 76
6 73
6 52
10 57
5 56
9 28
3 2
8 21
2 79
4 100
9 85
7 53
5 50
2 30
5 29
3 31
7 95
5 29
3 84
2 92
7 3
7 70
2 56
9 74
6 42
8 78
3 22
9 21
4 31
9 72
7 2
1 60
6 50
8 57
2 98
9 63
9 36
3 70
7 62
2 16
4 31
1 26
9 59
1 23
5 16
10 19
3 18
7 68
8 54
8 43
8 4
6 53
8 58
2 64
10 13
9 82
10 62
2 90
2 38
2 46
7 4
2 77
9 72
5 89
6 22
1 73
1 64
1 98
6 97
8 72
6 75
4 16
5 36
10 40
6 14
8 27
4 72
7 19
5 5
9 57
4 55
1 12
3 4
2 35
7 95
2 77
6 66
1 79
10 37
5 37
1 34
3 5
9 32
3 89
2 47
10 68
5 77
9 81
4 19
5 59
10 98
2 45
4 53
4 18
3 97
5 9
10 29
3 81
4 95
7 71
8 35
9 29
8 76
7 74
7 37
10 59
2 35
1 22
4 4
7 62
2 99
9 44
3 56
2 41
2 42
10 81
9 98
8 44
1 71
10 88
5 35
9 62
7 1
1 58
3 51
2 30
2 44
8 90
4 80
8 24
10 45
9 35
6 59
1 82
10 42
4 51
2 99
10 49
4 17
1 27
10 59
9 42
10 56
6 27
7 46
7 95
6 47
5 17
4 22
10 82
2 55
2 95
2 51
3 82
8 91
7 18
1 14
7 59
10 78
1 47
6 36
7 76
3 49
2 42
1 15
4 92
2 12
10 87
4 13
10 4
7 78
2 3
6 94
10 84
7 99
2 90
9 72
8 35
5 3
4 72
5 18
3 49
4 17
5 9
8 91
5 44
1 23
6 14
7 94
5 14
1 38
6 19
4 13
7 7
10 60
6 53
7 47
8 33
6 88
2 88
10 88
10 64
7 2
8 63
1 2
2 28
9 20
6 76
4 79
5 52
9 13
4 35
7 27
5 18
9 95
8 71
10 49
8 88
6 58
3 30
1 38
6 30
4 61
4 75
8 19
2 95
1 70
2 84
4 21
1 55
4 54
6 19
4 28
5 71
4 72
10 63
3 62
9 45
8 85
5 46
1 31
5 19
9 6
5 5
5 89
2 33
5 39
9 85
6 39
6 33
10 95
6 13
5 71
3 49
2 75
7 3
4 65
9 80
7 94
1 38
2 59
10 38
3 84
2 91
2 20
9 3
10 49
2 58
8 75
2 52
2 24
5 63
10 52
6 7
9 66
3 15
3 43
5 38
7 89
6 26
10 49
3 28
9 84
9 52
8 60
4 48
10 35
5 86
1 44
7 63
7 57
10 56
4 33
9 51
1 92
8 74
10 13
4 4
10 88
5 9
1 85
5 77
5 85
2 32
4 33
8 17
9 88
5 57
2 18
6 63
5 83
3 3
8 20
1 80
9 22
3 75
10 18
9 66
8 54
7 73
5 67
5 60
9 2
5 30
1 76
6 66
10 66
8 53
10 83
1 8
4 2
7 67
8 91
4 3
4 49
5 21
10 46
4 29
8 25
1 26
9 69
3 83
1 42
7 27
7 28
8 30
4 92
8 61
1 53
8 9
3 40
3 75
6 63
1 35
6 54
9 71
8 96
9 90
4 47
7 79
3 41
4 24
6 7
4 5
1 50
7 15
1 60
8 21
7 89
6 50
4 32
5 71
6 73
10 20
10 57
8 55
10 29
3 18
6 96
6 7
7 92
7 29
1 12
7 61
6 95
3 87
3 49
1 47
9 73
2 77
10 39
1 37
3 16
3 7
1 42
4 23
4 2
2 8
6 10
7 37
5 60
6 45
5 74
9 20
7 50
5 83
10 2
8 35
5 66
6 67
1 63
7 56
8 48
2 24
9 26
7 83
4 25
1 100
8 78
2 36
7 34
2 16
10 10
6 78
2 39
10 55
1 8
3 60
3 58
4 71
4 46
4 32
6 35
8 9
3 7
7 100
8 36
7 56
3 94
6 19
2 3
8 38
10 100
5 2
8 81
6 87
3 52
3 44
10 19
1 8
5 86
9 28
7 83
9 61
4 19
9 16
9 55
3 45
4 57
2 25
1 51
5 60
9 80
4 87
2 15
2 68
3 2
4 84
1 74
10 38
3 92
4 42
10 46
9 27
3 80
5 38
6 78
7 81
7 64
8 45
6 77
4 61
5 1
1 7
1 54
1 72
5 10
6 76
2 88
7 80
10 52
3 30
8 36
5 6
5 26
3 74
5 32
1 27
3 100
6 47
5 64
2 25
7 57
8 56
3 49
6 1
10 22
5 83
9 55
7 60
9 18
2 38
9 16
2 31
6 94
6 31
4 5
4 97
3 56
3 21
7 61
8 85
9 34
2 94
5 83
5 78
2 78
9 88
7 65
3 53
1 20
7 82
2 31
6 27
5 49
10 26
3 68
2 25
8 99
9 59
4 98
1 69
3 56
7 34
1 28
7 100
10 38
10 82
5 8
6 87
6 69
10 81
6 43
6 80
2 11
5 57
8 41
3 100
2 20
3 46
5 80
6 96
7 39
5 25
6 47
6 6
9 3
4 56
8 36
8 62
1 99
6 94
3 89
9 47
4 44
6 94
4 28
9 17
8 53
8 24
1 8
6 23
2 29
4 41
1 53
10 100
7 42
10 57
8 5
9 91
6 93
4 92
5 58
9 84
1 13
8 51
7 76
8 86
8 100
3 94
7 53
2 85
9 46
4 21
1 33
9 47
2 26
9 57
10 1
10 45
8 74
6 34
9 97
1 84
1 67
5 4
1 28
6 42
10 51
8 68
8 17
1 64
2 69
1 25
1 21
10 39
2 38
1 33
3 17
10 13
7 75
3 87
10 67
8 46
10 47
6 4
2 5
3 57
9 71
2 48
3 19
5 30
8 33
10 32
9 43
9 63
4 68
5 7
8 40
8 73
10 4
2 51
1 41
3 90
8 84
1 78
10 85
3 31
2 57
1 51
7 79
3 76
4 53
6 72
9 53
8 60
9 86
5 19
7 46
2 60
5 55
9 47
5 49
4 5
10 100
6 77
10 85
7 56
9 79
6 53
8 1
8 34
5 23
3 69
4 6
6 70
1 9
1 18
8 2
2 28
5 74
8 20
7 49
5 18
7 86
7 40
10 72
4 8
10 93
10 97
2 39
10 21
7 37
2 57
7 24
10 13
4 33
2 82
8 43
2 94
4 41
