2 19
4 8
1 64
2 20
6 50
4 15
2 72
4 71
9 80
6 2
4 60
10 42
7 70
8 1
1 98
1 46
8 100
4 10
3 48
1 17
1 47
6 13
4 47
4 22
8 35
6 27
5 64
6 16
2 87
1 1
2 9
10 36
2 81
5 12
8 37
8 54
7 77
8 4
9 45
9 5
8 86
5 83
8 47
3 53
10 86
1 45
4 39
2 73
2 88
5 51
9 92
6 35
4 94
3 66
9 5
4 24
4 14
6 58
9 6
1 35
1 3
7 34
6 98
6 9
9 95
1 71
9 44
8 95
3 55
3 86
2 64
1 13
5 32
5 65
7 13
5 30
9 73
2 78
10 69
10 67
9 92
4 81
6 62
2 91
6 64
6 56
9 81
1 49
8 74
6 39
10 78
3 23
2 66
6 51
5 69
10 39
9 100
2 92
5 85
4 2
6 41
7 4
10 100
1 39
8 77
4 59
7 47
3 50
2 24
9 75
5 1
2 3
5 83
9 100
2 17
5 42
3 94
5 83
6 54
7 61
8 33
1 19
9 52
5 23
8 13
6 40
8 65
9 1
4 13
1 57
1 11
4 57
10 83
6 39
1 42
3 64
8 46
2 39
10 32
3 97
8 59
7 69
10 66
8 66
3 30
5 87
5 18
6 11
4 36
2 2
5 45
8 48
9 4
1 33
5 23
7 77
6 87
10 91
7 60
6 1
9 82
10 79
6 34
1 93
2 52
4 47
10 94
7 20
5 90
4 2
5 10
7 35
9 17
8 80
9 53
1 47
9 44
4 87
7 52
1 7
1 1
10 62
7 41
6 9
9 94
3 43
4 96
1 38
1 45
2 2
8 3
5 16
10 10
1 1
4 24
9 53
8 13
1 15
6 47
6 47
1 34
8 91
2 97
3 59
9 83
10 11
5 70
5 51
7 22
9 36
1 64
2 62
8 81
1 18
4 87
6 1
6 20
4 90
3 38
8 37
9 43
8 65
10 45
4 69
5 94
5 20
10 78
10 95
4 30
10 23
1 2
4 84
6 74
10 88
5 27
4 81
2 77
1 95
2 52
3 66
1 68
10 69
8 66
3 51
5 54
1 91
3 11
4 55
10 97
1 69
9 43
6 15
4 100
3 89
3 40
2 46
5 13
4 11
1 11
8 63
6 94
4 25
2 54
1 59
6 42
6 94
10 42
5 59
2 86
10 72
7 8
3 96
5 69
9 83
8 93
8 71
6 94
4 73
5 24
8 100
3 27
9 41
6 68
7 72
7 41
3 10
5 1
5 100
4 100
2 32
1 89
7 31
5 74
2 75
2 60
1 46
8 21
4 8
2 54
4 63
2 30
3 13
3 38
1 64
4 38
4 5
6 38
8 94
2 37
4 95
10 19
5 92
2 3
4 98
5 16
3 19
8 14
4 96
10 91
5 86
7 51
7 72
3 45
4 37
7 17
4 49
4 36
7 79
6 47
1 79
5 24
5 61
2 83
2 11
3 69
7 18
10 63
1 40
7 25
5 95
9 33
4 6
2 11
7 26
9 36
5 83
3 93
2 1
1 10
6 70
2 87
2 46
7 9
8 22
10 42
5 53
6 16
3 45
4 45
5 34
4 97
3 15
9 32
9 30
4 51
8 93
9 93
5 95
7 75
1 64
3 25
9 99
3 72
6 34
6 98
8 87
1 76
5 97
4 23
9 77
8 65
5 1
2 48
6 12
5 27
1 56
7 9
10 12
3 87
3 57
2 84
3 77
6 11
3 99
6 46
2 66
9 22
9 28
7 80
8 67
8 79
8 89
8 11
6 85
1 18
8 26
4 21
4 83
2 16
9 84
10 83
8 68
10 41
6 96
6 12
6 81
3 9
6 30
6 82
4 30
6 61
8 33
2 37
3 65
3 57
5 84
10 57
6 52
1 65
5 20
7 80
6 30
9 38
10 82
3 86
5 50
3 16
1 27
2 71
7 73
1 87
3 11
6 37
3 14
5 64
3 16
4 84
4 25
1 38
9 30
6 64
5 66
7 95
3 2
8 83
3 65
5 74
7 81
8 73
9 10
6 64
6 32
7 69
7 11
6 29
1 19
6 19
8 42
1 82
5 16
3 58
6 78
9 34
10 87
2 41
5 35
9 27
8 4
7 11
2 96
1 15
4 98
6 44
9 25
2 81
4 64
10 35
10 83
8 19
7 23
8 44
4 89
8 39
2 61
9 89
5 47
9 60
6 69
9 2
5 92
7 55
10 94
7 86
7 29
5 97
1 11
6 10
10 30
6 1
8 58
1 87
7 69
7 99
6 10
3 26
2 87
3 78
9 90
7 20
10 16
5 87
9 86
3 60
7 88
1 93
9 91
2 46
7 9
2 46
9 12
10 50
5 81
5 4
2 53
5 25
6 7
1 51
4 72
1 49
4 3
4 15
9 92
8 9
5 16
1 24
1 23
6 73
7 83
6 59
5 85
3 40
8 43
2 75
4 25
5 61
4 76
6 75
8 25
7 80
1 58
6 52
6 68
4 92
2 1
10 53
9 80
6 81
6 68
2 65
8 14
1 89
9 39
6 92
1 42
2 64
6 27
4 7
5 25
2 26
6 58
4 7
3 29
2 72
2 57
7 79
8 69
7 12
4 88
1 96
8 87
1 56
9 50
5 38
8 80
1 52
4 79
10 13
8 8
3 2
5 91
9 18
4 16
4 51
1 54
6 1
4 89
1 45
6 100
3 99
7 16
7 100
7 64
10 91
1 85
9 15
6 38
10 30
3 82
8 37
2 66
2 13
10 19
4 42
10 52
9 39
1 65
3 45
5 28
3 89
5 97
6 41
1 5
1 35
9 83
6 99
5 48
1 22
4 97
6 75
7 95
5 18
5 75
7 92
2 96
3 87
9 90
6 63
2 49
1 29
1 35
7 64
8 79
2 73
8 91
7 21
9 85
9 28
5 78
5 96
7 95
10 33
10 2
9 62
4 98
3 72
10 98
5 76
3 80
9 23
8 65
7 92
10 5
10 68
7 10
5 54
7 19
9 78
3 88
1 64
6 39
9 95
8 89
4 88
10 98
7 22
3 100
4 62
2 16
7 64
8 92
7 20
5 30
9 68
6 40
10 41
10 61
2 84
5 86
8 99
9 91
2 43
6 26
2 49
5 70
9 58
4 75
1 13
1 24
7 1
6 22
4 35
5 15
4 30
3 95
1 41
2 36
5 73
1 97
10 45
5 63
3 100
8 71
7 99
9 10
4 74
10 70
9 93
4 86
10 80
7 51
7 3
6 64
10 54
2 88
8 29
10 86
6 28
1 20
3 38
2 80
9 20
1 68
9 40
1 22
10 39
5 2
8 33
5 45
8 93
7 47
7 53
10 75
7 84
1 38
5 38
9 94
1 93
6 45
7 98
2 79
1 16
9 57
8 13
6 60
9 66
9 6
7 6
2 84
6 10
6 33
3 12
1 15
10 2
4 96
1 27
4 32
6 73
7 78
3 42
6 32
6 92
5 97
2 35
6 59
2 99
4 78
9 84
4 60
3 31
2 65
8 62
2 82
8 83
3 35
2 77
5 67
2 4
1 37
5 53
7 16
7 23
8 39
5 96
2 92
8 12
5 64
4 31
10 52
2 78
9 46
4 24
5 34
10 87
4 56
10 15
2 77
6 50
4 10
7 39
4 84
6 84
10 97
10 2
9 64
5 10
8 97
1 98
1 44
7 55
8 52
6 69
5 24
6 8
10 98
2 14
2 68
3 13
3 72
2 36
9 99
10 50
6 83
6 44
4 59
10 17
9 36
8 28
8 5
7 20
8 35
2 11
1 63
8 78
3 14
10 45
9 16
10 44
7 24
9 93
2 56
6 61
10 4
4 11
8 30
6 52
2 69
8 38
8 42
7 38
2 74
2 64
8 21
2 75
2 25
5 54
4 34
2 31
5 5
6 62
2 13
7 27
2 81
7 5
7 61
9 58
6 36
4 33
2 15
9 14
3 92
2 10
1 50
9 83
5 21
2 46
2 86
6 40
9 10
5 63
7 92
4 67
6 8
10 45
6 41
2 43
10 43
1 89
9 72
6 77
8 10
10 59
9 82
6 8
9 11
7 93
2 62
9 63
2 34
10 95
8 100
4 44
1 37
8 52
6 47
2 84
6 2
8 12
10 97
8 12
6 54
6 5
7 95
7 19
3 26
4 87
4 72
4 78
4 78
5 87
7 92
1 62
6 55
2 41
3 19
1 14
6 58
10 35
8 77
7 31
2 61
6 78
1 56
8 89
5 62
4 76
5 51
2 13
1 24
10 94
5 39
6 35
2 75
1 1
6 90
6 7
1 57
2 84
10 22
9 21
3 81
3 93
8 63
9 27
5 90
2 80
4 46
10 3
7 54
5 18
8 42
9 55
6 76
4 51
1 15
2 74
4 24
10 38
9 21
10 6
6 27
5 3
6 60
2 42
3 53
2 91
10 75
9 59
7 21
7 89
1 38
