7 58
7 27
5 11
8 11
3 15
7 35
5 26
7 37
8 100
2 78
6 6
9 41
10 54
2 41
9 58
6 9
4 52
4 88
6 29
4 86
2 32
5 28
8 26
2 32
10 81
8 97
9 90
8 51
2 92
2 50
1 6
3 73
9 57
7 62
8 20
6 97
6 25
2 46
8 85
1 96
1 27
2 52
8 5
10 23
6 32
7 23
6 48
10 5
7 45
4 73
9 32
1 75
6 53
2 39
5 38
8 16
7 81
5 89
8 12
5 36
1 62
5 81
4 89
4 15
9 31
6 18
2 82
2 85
7 98
1 14
9 5
3 61
9 81
3 78
5 30
7 59
5 66
4 58
7 16
8 12
4 41
9 80
9 22
9 2
10 90
3 39
1 27
4 10
7 62
10 2
9 40
5 8
1 56
10 84
6 46
10 71
1 13
2 14
10 90
4 64
10 11
10 71
3 67
2 85
2 35
7 29
2 33
2 23
5 12
7 14
3 25
2 25
5 5
4 99
1 85
4 52
2 19
5 40
6 10
4 59
6 1
9 11
10 81
9 43
2 74
3 80
5 64
5 14
1 59
2 40
4 72
6 5
5 87
4 28
8 91
7 63
2 21
6 56
2 21
6 77
8 57
4 94
8 28
2 73
10 52
5 62
10 77
3 17
2 15
7 42
7 18
7 63
10 85
2 32
7 68
5 68
2 3
9 12
8 76
1 99
5 76
4 2
1 48
1 5
4 15
5 33
4 12
2 100
3 30
2 96
1 74
7 49
5 6
4 47
2 97
5 24
10 67
6 58
4 39
10 28
5 3
2 72
9 56
8 86
4 20
4 99
6 76
3 96
6 32
5 22
4 82
5 23
10 17
8 24
5 8
6 59
2 23
6 44
5 7
7 60
2 11
6 29
2 42
3 9
2 11
1 76
3 71
9 57
3 70
5 71
6 91
4 62
9 94
6 86
5 64
1 70
2 82
1 62
4 95
3 11
2 20
1 47
6 21
10 70
6 78
10 11
4 55
9 85
5 58
1 63
1 48
1 50
9 51
4 62
8 95
1 19
1 35
9 3
9 27
6 69
1 5
1 8
9 48
2 43
2 21
7 41
9 93
4 74
6 61
7 45
4 54
1 68
8 32
9 74
4 66
7 39
7 18
4 67
6 99
6 21
9 41
6 74
5 2
8 51
2 95
2 76
9 41
7 79
6 55
9 13
5 93
7 60
7 27
7 30
4 19
7 70
5 8
7 61
6 100
7 60
6 71
2 29
1 84
8 64
5 27
10 1
4 84
6 27
2 86
7 95
5 21
7 71
5 23
5 14
3 14
6 70
10 47
3 62
7 58
9 74
8 90
3 9
5 88
8 9
5 72
7 93
6 32
4 100
3 62
2 78
3 45
8 49
9 28
4 70
9 19
4 2
1 71
2 29
6 100
10 74
3 9
10 32
8 5
5 36
3 57
6 31
9 75
10 1
3 22
5 5
3 28
5 16
1 45
5 9
5 73
7 45
7 73
9 8
1 2
7 48
4 36
6 91
5 55
4 97
7 37
6 56
5 68
6 39
6 57
3 41
6 78
5 75
10 100
5 30
9 14
5 24
7 95
10 21
7 82
6 49
1 13
2 53
9 47
7 76
5 8
7 73
4 63
6 95
7 2
6 8
10 98
6 99
4 86
8 73
1 7
3 63
10 46
9 66
5 54
4 31
8 88
9 14
10 65
4 46
7 67
3 60
2 56
6 6
7 68
5 31
2 39
8 69
5 80
6 58
1 40
6 15
10 70
3 2
4 51
1 28
7 3
6 77
8 28
9 73
1 51
4 51
2 65
3 11
9 46
4 41
7 58
2 53
1 18
3 39
3 42
7 17
4 97
7 19
5 33
9 71
5 17
7 53
4 77
8 15
4 38
9 83
2 87
2 25
8 40
10 72
7 41
5 28
1 59
7 50
7 23
1 21
6 8
8 46
8 76
4 71
6 10
5 16
4 35
6 66
6 12
7 45
9 48
2 18
6 43
9 66
7 75
6 27
10 98
3 61
1 97
6 43
10 60
2 12
4 15
1 41
4 93
8 51
9 48
2 10
2 67
5 16
10 56
7 16
10 60
5 74
9 96
8 37
1 22
9 76
10 79
6 70
3 69
7 44
10 8
1 89
3 25
9 51
2 26
10 97
8 78
5 29
6 50
1 11
1 1
5 39
9 9
4 52
4 23
9 70
6 65
8 75
10 70
8 34
6 6
9 13
1 12
3 6
8 59
6 73
6 77
8 4
7 59
7 84
6 2
4 36
5 22
8 64
7 54
6 15
10 95
7 54
9 86
5 33
5 62
9 29
7 30
10 45
1 17
3 97
3 47
8 13
1 80
6 3
3 97
3 21
8 90
1 78
5 100
8 51
7 67
3 89
5 100
9 10
10 22
9 81
10 31
2 76
8 77
8 85
1 99
2 61
8 18
10 25
2 14
3 14
10 42
8 93
9 19
4 65
2 82
10 98
1 44
7 18
4 16
8 69
6 31
6 93
4 8
6 64
3 31
4 44
2 100
4 98
3 15
8 63
3 2
10 48
9 47
9 56
7 6
1 16
1 35
1 19
5 83
7 59
7 93
1 88
9 73
3 68
4 51
1 41
3 41
5 20
1 32
10 75
5 82
2 22
3 30
7 69
5 47
4 22
5 90
10 98
1 20
7 43
10 81
8 42
3 83
6 86
8 27
3 94
8 81
3 94
5 43
4 37
2 21
10 100
6 40
2 39
2 57
10 46
6 87
9 14
4 69
10 46
6 75
1 68
3 77
5 77
2 52
3 94
8 4
1 94
5 1
6 13
8 52
7 74
2 95
10 89
9 99
2 51
10 14
4 91
8 93
4 95
1 79
3 40
10 56
1 39
9 38
2 58
8 18
5 91
7 3
2 47
1 100
6 50
3 3
2 99
4 26
10 63
8 65
8 16
2 70
9 52
2 67
6 61
10 31
6 84
10 4
3 89
2 68
4 30
8 73
10 98
1 15
5 82
5 46
5 28
10 66
10 65
1 64
7 53
3 86
8 78
10 26
4 1
6 7
9 4
8 26
4 85
2 5
7 44
5 46
6 86
8 67
8 78
2 53
4 69
5 91
4 72
5 85
9 97
7 62
8 100
8 36
6 45
3 15
6 36
10 37
7 13
10 57
6 22
10 98
7 22
5 59
1 27
5 45
6 32
2 89
1 22
5 28
5 81
9 97
1 91
4 7
9 61
3 60
3 58
2 90
6 21
9 45
2 67
3 18
6 42
3 22
7 81
6 82
1 85
7 44
1 29
2 92
6 50
9 57
5 53
4 71
5 31
7 21
9 48
6 75
10 75
1 28
9 41
6 74
6 93
3 51
7 21
8 27
7 20
5 28
6 96
3 3
9 78
9 96
10 41
10 2
6 31
4 48
4 84
10 12
6 1
1 71
5 80
1 58
4 92
5 68
1 31
1 100
5 64
8 89
6 6
9 1
8 91
3 100
9 96
5 20
9 66
7 59
9 10
8 55
3 100
4 41
9 33
2 28
9 4
7 37
2 17
8 58
9 74
6 96
9 70
4 50
5 18
3 87
10 54
4 68
1 94
2 63
4 15
7 16
9 82
6 35
2 100
8 99
9 64
1 66
3 69
4 85
9 87
3 84
2 45
2 59
7 41
7 55
3 45
9 60
4 43
7 4
5 76
10 53
9 17
8 33
6 26
3 51
9 84
1 85
8 99
3 85
7 5
5 37
9 22
3 20
8 85
9 19
5 88
8 12
7 13
3 2
9 41
4 94
1 93
1 23
9 11
2 58
3 38
8 28
2 19
6 60
1 38
1 36
7 9
9 96
7 44
6 67
9 61
3 12
8 70
7 77
5 6
2 2
4 37
8 68
4 52
5 32
4 5
9 40
8 47
7 61
8 82
7 52
1 19
3 83
4 96
8 55
7 27
2 97
2 12
1 22
6 36
5 12
6 86
2 50
6 17
4 27
9 28
8 28
9 51
6 16
7 61
7 42
7 84
5 7
7 77
9 93
3 76
9 27
9 1
9 34
3 32
1 78
2 25
9 3
8 16
1 3
7 19
2 25
7 98
10 3
10 43
2 1
9 80
8 67
1 14
10 89
8 92
6 90
9 13
8 66
3 51
1 24
6 89
2 85
10 40
10 63
10 46
1 3
7 51
6 58
3 5
2 62
2 48
1 94
1 52
3 56
6 88
7 11
2 39
5 73
3 32
4 33
3 62
9 18
6 26
6 22
9 23
5 18
7 25
9 48
10 86
1 5
3 26
10 76
4 1
8 45
9 27
10 99
1 23
2 23
4 73
8 25
2 59
6 76
10 95
9 2
2 59
8 74
9 2
3 91
4 11
7 86
3 16
7 11
9 58
7 25
3 91
5 80
10 89
7 41
1 29
10 77
6 40
3 30
9 88
3 19
10 6
5 87
2 5
5 54
1 85
1 8
4 17
3 51
1 37
3 72
5 4
