8 44
3 24
4 15
9 47
2 45
9 79
1 98
3 52
3 78
10 49
3 40
6 87
10 32
9 11
6 43
6 5
1 15
6 63
8 96
6 19
8 43
1 33
8 94
10 21
9 13
6 62
10 52
10 64
7 89
4 83
6 76
7 57
1 15
10 89
6 52
2 42
8 36
3 68
8 2
2 5
3 19
4 97
4 13
4 96
5 46
3 34
6 92
4 97
2 59
2 6
1 64
1 82
6 46
7 15
7 27
7 28
6 35
1 49
9 28
2 53
8 10
6 86
7 63
10 99
7 65
1 66
1 63
2 59
2 85
8 34
6 12
7 45
3 19
7 50
3 36
6 76
5 74
9 57
9 88
7 21
1 43
7 81
7 54
8 55
3 43
9 65
7 37
2 49
2 61
6 85
9 74
5 76
2 51
2 57
10 39
7 71
9 59
9 15
7 36
5 44
4 7
2 4
9 91
7 7
8 43
9 84
5 97
5 47
10 3
2 76
8 52
4 39
10 23
5 89
7 13
6 94
10 77
1 76
2 69
2 20
5 67
4 41
4 50
7 14
3 19
10 69
2 100
8 71
3 4
7 38
10 2
4 50
4 96
9 63
6 76
5 8
8 14
9 23
2 39
10 25
8 35
6 85
4 39
3 35
5 34
2 14
2 14
9 100
8 78
6 59
1 39
8 19
9 32
1 69
4 23
4 99
1 99
6 38
3 59
4 65
2 1
2 57
6 57
9 96
8 49
6 19
1 42
10 8
5 73
7 34
6 87
2 33
6 27
5 41
7 63
6 99
4 65
6 47
7 48
7 17
5 2
10 19
8 90
10 52
1 69
3 11
6 90
6 23
6 62
6 15
4 64
8 57
6 14
1 76
9 42
4 80
6 89
3 24
10 95
9 70
2 80
5 13
4 97
3 56
10 22
5 63
8 4
2 88
7 68
9 73
2 88
4 25
4 46
3 72
5 67
7 95
9 13
10 21
6 38
6 9
1 41
10 21
10 23
8 32
10 42
4 52
4 29
7 63
9 53
6 65
5 68
6 39
9 38
4 46
6 4
2 65
4 65
3 25
10 31
2 89
9 58
4 15
3 6
4 63
10 14
3 1
4 90
7 9
7 81
6 55
8 48
2 93
10 20
7 67
9 15
5 2
9 42
10 57
3 78
6 24
7 93
3 50
2 92
3 30
4 76
3 22
6 1
10 97
8 11
3 32
5 20
8 56
5 4
6 2
6 13
9 95
10 98
8 99
3 46
3 54
1 29
1 75
2 84
4 5
2 27
3 10
2 32
6 71
2 90
4 34
8 52
2 44
8 40
4 40
8 5
3 84
5 97
4 72
2 20
2 68
2 62
9 83
4 91
6 94
2 49
4 30
1 10
8 63
5 29
10 94
7 48
9 29
9 84
10 50
6 61
3 79
5 41
2 10
6 20
5 54
9 45
8 44
2 96
9 59
5 87
4 3
9 48
8 29
7 38
6 62
8 16
5 13
8 3
9 19
6 23
6 74
8 78
8 50
10 37
2 65
3 28
6 29
5 56
10 15
10 83
4 51
8 20
1 71
2 26
4 90
5 40
2 67
6 44
3 31
9 77
9 56
10 70
9 15
5 64
8 16
10 91
8 89
3 86
4 29
7 9
7 76
10 57
1 49
4 11
1 19
2 1
4 97
7 30
3 97
10 97
1 84
2 82
10 68
1 21
2 86
6 15
8 83
7 31
8 28
9 74
6 2
7 96
3 100
7 16
10 39
1 58
9 98
10 83
8 16
7 85
7 88
6 10
4 41
4 76
4 83
9 95
1 9
1 67
4 52
8 68
4 5
10 19
7 23
3 56
2 26
8 31
6 72
8 48
6 69
9 59
5 18
8 52
2 70
6 89
7 14
4 70
9 67
9 69
9 87
2 79
7 92
4 54
6 13
6 79
10 87
10 49
7 39
9 79
5 23
1 46
9 82
8 61
9 90
8 40
4 17
10 50
5 32
2 51
9 21
1 93
6 83
7 93
3 56
3 70
6 55
10 71
7 23
2 11
3 9
1 11
1 22
4 43
10 97
9 69
10 57
1 11
8 9
2 79
2 46
9 74
1 34
1 11
5 26
4 87
9 88
6 18
2 90
7 47
3 19
3 32
2 36
7 65
5 94
7 88
9 32
3 99
8 48
4 15
7 67
3 96
7 59
5 13
3 96
10 98
8 58
4 45
5 55
2 35
4 29
10 20
8 11
10 53
10 37
7 18
5 50
3 79
4 94
9 25
5 69
4 88
1 71
2 19
5 14
10 13
9 25
8 25
1 11
2 60
9 94
4 16
3 10
7 57
2 69
7 50
5 40
6 73
9 52
5 3
1 88
5 82
5 48
6 1
3 47
10 96
1 49
9 38
9 39
9 84
3 53
9 7
3 58
3 73
9 75
5 100
8 30
6 20
2 9
2 32
7 44
2 5
7 28
6 51
8 31
9 17
5 85
2 40
4 87
10 43
5 55
6 62
6 96
5 14
8 45
5 69
1 22
1 47
7 38
7 12
10 28
6 36
6 32
5 14
7 67
6 53
1 36
9 18
10 53
10 59
6 46
10 36
3 92
10 57
5 31
2 8
10 66
10 21
8 40
4 4
10 21
2 42
4 22
1 72
2 22
8 60
6 42
9 38
6 59
8 97
8 3
6 99
7 58
3 84
4 5
8 90
9 6
8 13
5 49
6 94
4 98
5 70
1 67
5 70
5 59
10 21
3 99
1 30
3 68
10 16
2 29
1 1
3 69
1 27
6 50
3 74
4 55
8 79
9 27
8 9
2 63
5 18
2 25
2 13
7 32
6 91
6 33
7 44
9 52
3 20
5 95
4 24
9 71
3 96
10 21
10 46
6 52
10 96
9 15
5 18
2 21
7 12
4 66
8 100
7 40
1 21
3 46
6 79
2 94
3 73
10 50
7 41
4 42
8 16
1 28
3 95
2 100
3 34
9 83
2 44
6 16
3 100
4 30
7 67
6 94
8 78
3 24
1 79
10 80
6 67
9 40
2 96
3 25
9 34
8 32
7 40
4 14
8 58
4 11
2 29
6 20
3 14
4 64
8 95
7 3
6 80
3 91
5 24
4 87
3 41
7 37
7 17
7 71
1 58
4 6
9 24
8 23
1 71
6 11
8 54
3 91
1 38
1 25
7 39
10 95
5 65
9 66
10 87
5 22
9 90
5 29
6 64
3 29
7 92
10 8
9 35
10 11
7 33
10 47
4 6
5 60
4 47
10 23
8 28
2 8
7 73
1 42
7 94
7 59
8 60
10 11
5 2
2 96
7 45
6 19
6 68
3 12
6 63
4 85
9 58
2 69
4 54
2 75
4 18
5 81
7 13
7 8
2 92
7 6
9 89
1 19
1 26
7 68
8 73
8 11
3 1
3 44
1 43
5 10
7 34
4 26
7 57
9 75
10 8
9 80
8 62
10 46
7 51
8 95
8 88
2 97
4 56
1 70
5 22
2 86
10 37
8 63
7 25
6 93
5 91
1 79
6 77
4 84
4 51
8 99
7 46
7 11
10 15
4 83
9 65
5 99
5 92
6 15
4 85
3 32
4 64
8 58
2 8
5 58
10 67
8 33
5 94
2 49
4 27
1 58
4 78
3 94
6 9
10 55
5 85
5 74
7 91
6 74
4 88
5 98
2 6
5 32
3 59
2 47
2 59
6 12
3 94
9 53
5 75
8 35
5 1
2 34
5 37
3 47
5 9
6 18
5 88
7 86
4 15
10 14
5 56
2 49
4 41
9 14
10 23
6 79
8 65
4 76
7 89
9 37
4 11
9 72
5 62
7 24
1 64
5 88
10 53
2 44
10 3
9 24
4 84
2 86
1 61
6 32
9 4
10 15
6 30
1 86
1 76
9 29
9 59
7 7
9 66
8 58
7 80
8 3
1 59
10 80
4 93
4 51
6 85
10 82
6 58
6 27
7 77
5 43
5 4
8 82
7 20
10 67
8 19
4 83
10 35
9 31
6 12
5 15
9 53
10 61
1 79
10 36
10 73
9 83
2 95
10 17
1 74
7 62
5 2
6 84
7 12
6 1
3 32
1 82
8 50
6 81
4 28
10 3
2 12
9 72
7 36
3 68
7 40
6 32
5 3
4 43
7 75
7 39
10 87
10 95
3 31
1 98
8 91
1 49
10 75
1 43
3 31
1 76
7 67
7 77
3 100
10 70
6 79
10 40
2 98
1 14
6 33
2 51
2 6
5 75
2 94
4 68
2 32
10 92
9 47
7 76
2 15
1 7
6 37
7 93
10 66
4 71
1 30
1 62
8 74
4 72
4 68
9 78
9 86
5 23
1 95
5 94
7 54
8 65
5 4
8 6
7 17
6 46
2 94
5 8
9 51
6 44
8 69
2 42
2 91
6 35
5 99
7 67
5 63
3 52
10 20
9 58
10 48
8 4
5 56
6 56
1 66
8 23
2 1
3 76
4 21
1 59
7 55
5 42
