1 56
7 33
9 46
7 50
10 13
7 11
7 33
5 91
2 69
2 75
5 3
7 79
7 6
10 57
7 66
9 37
5 83
6 26
9 43
9 93
9 34
2 28
4 84
7 22
10 82
2 70
7 77
6 9
2 96
2 73
6 16
9 69
3 59
7 91
2 75
2 82
10 69
4 24
10 71
3 83
8 86
4 65
4 32
5 14
7 37
8 68
9 61
2 45
10 20
3 11
8 6
5 60
8 94
3 33
6 6
5 83
6 56
3 42
9 5
3 67
8 15
6 96
2 24
8 90
1 18
8 38
10 97
1 88
6 58
9 14
6 62
5 30
3 42
7 68
8 31
6 47
4 45
6 71
10 22
4 55
1 36
2 96
4 59
8 22
9 3
1 67
9 46
8 19
3 87
5 36
8 74
2 39
9 22
5 39
4 53
6 81
4 52
8 14
1 65
7 66
10 14
1 21
8 51
1 55
6 34
5 8
5 15
4 99
8 35
2 30
2 88
1 20
6 4
5 74
9 82
3 83
2 70
4 98
9 80
9 90
3 65
7 30
2 97
7 67
2 97
7 27
2 60
8 67
2 46
1 54
1 78
8 73
7 49
2 40
2 81
6 47
10 34
2 9
2 29
1 86
8 38
10 2
4 32
7 51
3 80
8 93
7 26
10 90
4 90
3 89
7 83
6 3
5 38
5 100
1 26
9 24
10 87
3 88
2 13
1 4
8 59
10 71
3 1
8 96
5 16
6 15
10 65
10 62
5 73
6 22
5 76
10 23
10 60
7 3
4 85
9 58
1 67
2 36
7 64
9 55
1 65
4 77
6 84
9 39
9 88
3 20
10 96
10 13
4 17
5 61
4 55
5 96
1 28
1 100
1 86
5 93
6 75
9 20
8 7
9 27
2 5
3 59
8 49
1 22
6 42
3 45
1 88
3 34
4 34
1 52
1 79
3 12
9 23
1 42
2 18
8 37
5 60
10 28
5 60
10 68
3 99
8 54
6 39
2 30
3 61
10 66
7 48
8 44
6 30
9 69
5 2
10 63
8 7
1 97
3 92
4 69
10 91
8 79
3 49
5 42
10 45
5 32
3 1
10 3
2 66
1 35
6 6
5 58
9 17
8 64
2 13
3 41
2 12
3 29
5 57
4 15
10 98
3 1
7 80
7 67
9 20
4 26
5 47
9 69
3 69
5 88
4 48
10 82
10 96
8 53
8 11
5 16
4 95
1 77
3 15
4 76
4 8
8 33
7 40
1 94
6 85
3 13
8 40
4 26
1 1
1 28
5 48
3 90
3 86
10 24
10 42
10 92
6 25
5 52
6 45
7 22
2 31
4 36
7 54
5 33
1 5
9 41
6 87
5 65
10 33
1 59
2 20
3 37
2 57
8 56
8 83
10 44
10 89
7 55
5 65
1 13
1 25
8 87
2 16
9 40
6 73
8 100
8 49
9 91
9 47
7 75
10 41
7 30
4 85
1 28
3 62
5 19
9 57
2 57
3 60
10 12
6 66
1 41
10 18
3 72
4 22
3 27
6 28
2 53
1 32
4 42
3 36
2 42
2 77
9 52
3 99
3 28
7 100
5 89
3 2
4 49
2 28
3 62
7 23
2 8
4 90
4 49
5 99
4 60
8 29
7 73
4 39
6 6
10 95
5 84
5 93
5 81
1 71
7 70
7 79
2 25
6 87
3 73
2 84
7 38
8 61
7 89
2 63
1 44
3 15
2 18
7 32
8 58
4 56
3 82
2 14
8 5
5 55
2 78
2 22
8 100
9 100
8 58
1 24
7 58
3 64
5 87
2 79
5 21
3 59
3 3
10 23
10 23
7 18
4 44
10 41
8 33
8 36
3 42
1 56
1 94
4 54
7 76
8 64
7 54
5 21
10 79
9 99
1 60
7 67
1 24
10 58
9 74
8 76
4 64
6 51
9 13
7 4
8 63
9 57
3 68
9 23
3 48
10 97
4 60
8 84
9 1
8 84
6 70
10 23
4 24
8 23
8 86
10 16
10 2
5 90
2 48
1 24
8 24
9 2
3 54
7 15
4 63
8 76
8 35
9 18
5 47
1 75
3 59
2 64
8 52
2 62
6 21
6 79
1 61
7 36
4 79
7 90
9 6
10 53
5 66
6 13
9 87
2 24
8 57
9 26
9 49
2 97
3 36
6 32
2 14
6 78
8 35
4 31
3 34
8 100
2 6
10 49
9 70
9 88
1 88
2 84
9 34
1 88
2 9
1 26
10 15
10 5
2 13
2 27
8 79
1 92
3 29
5 12
6 42
3 39
3 59
9 91
4 49
8 26
4 56
6 99
6 97
4 72
9 98
6 38
8 50
3 13
6 16
6 11
10 57
6 92
3 63
1 39
9 60
8 28
3 16
4 45
2 94
2 84
7 94
9 32
6 77
1 84
3 46
3 65
5 10
9 3
3 67
1 72
6 57
1 17
3 66
10 38
2 36
9 84
6 32
4 77
3 34
1 88
2 84
7 32
8 18
10 69
4 16
6 2
7 34
8 13
9 93
1 64
3 58
8 12
9 85
9 57
3 16
7 10
7 86
8 27
7 7
2 37
1 2
5 29
9 94
2 1
10 30
8 92
10 20
9 45
9 33
1 72
8 43
2 73
3 92
9 77
9 27
10 87
10 41
3 56
9 85
9 8
10 81
2 78
7 74
7 54
6 71
3 53
8 75
6 29
3 1
4 64
4 24
8 64
1 60
3 65
5 56
8 63
2 77
4 6
2 56
9 24
7 24
6 82
4 81
6 99
8 69
4 34
4 16
4 15
9 4
5 79
7 5
7 41
3 95
1 100
10 35
9 22
9 56
8 25
5 92
7 90
4 2
9 97
4 46
2 53
3 100
1 89
4 86
8 10
7 3
10 32
3 45
5 64
9 82
4 92
3 51
5 83
7 58
4 27
6 94
6 25
9 25
8 28
2 10
3 67
4 13
6 97
1 24
9 67
10 31
4 33
10 44
5 97
7 2
4 37
7 41
6 24
8 7
4 44
3 61
10 15
9 8
7 33
3 7
9 66
7 47
1 89
7 86
4 56
7 25
8 39
10 9
2 40
8 9
3 66
8 99
7 75
7 84
8 70
2 22
10 70
9 5
6 64
5 70
8 1
6 4
1 41
1 16
1 52
9 56
4 40
8 36
8 50
2 23
1 54
2 21
3 14
3 18
8 34
4 38
3 59
1 87
6 3
6 77
10 81
1 96
5 3
5 37
3 28
3 3
5 63
3 76
2 10
7 89
2 19
6 19
5 75
10 65
10 24
7 79
1 10
6 92
1 58
7 4
10 66
3 72
2 2
4 36
2 59
5 80
6 59
1 22
8 84
7 59
8 94
1 89
3 64
8 21
1 3
9 91
9 87
2 40
3 75
5 92
10 84
5 52
7 62
2 2
5 99
4 69
3 52
4 64
3 45
3 79
10 61
8 25
8 92
10 33
9 46
4 88
2 90
6 40
3 7
4 87
7 42
9 58
9 93
6 9
7 80
5 1
5 7
8 38
3 40
4 31
5 31
4 24
5 96
1 90
1 72
3 73
6 48
8 15
5 66
7 73
4 86
6 48
9 63
3 46
2 44
9 56
4 70
4 24
5 90
9 23
4 15
7 32
3 90
6 60
3 12
5 51
4 78
1 100
7 59
9 30
2 86
1 94
9 79
10 48
2 57
6 90
7 21
7 89
3 2
9 60
10 53
10 26
9 9
4 68
2 80
7 16
7 49
2 13
9 45
6 48
7 24
4 73
4 23
3 55
4 64
8 44
8 22
5 8
1 54
8 1
1 51
10 18
2 2
5 86
9 86
5 29
10 92
5 89
4 59
5 33
1 19
8 31
4 99
6 77
7 13
2 31
5 66
2 79
5 28
5 41
4 12
10 78
10 24
5 37
6 34
8 41
10 31
7 71
2 64
5 3
7 71
6 53
5 78
9 3
3 92
1 54
3 4
10 3
7 69
8 11
3 52
1 38
9 57
4 6
8 81
3 40
2 11
2 88
4 83
3 58
4 44
5 8
9 31
4 64
5 1
9 88
2 49
6 33
10 8
8 92
9 45
9 86
8 66
7 48
1 12
9 72
2 79
9 60
6 47
3 85
8 35
10 91
6 52
7 36
8 80
5 30
1 50
5 75
8 31
2 12
8 19
4 34
7 18
6 38
5 77
5 59
6 8
6 77
1 99
9 53
5 30
3 24
4 22
5 70
8 46
3 17
4 23
6 39
8 96
5 49
2 25
2 72
8 59
6 98
1 13
10 14
4 10
5 86
9 39
7 51
9 80
9 63
5 39
6 46
2 38
3 6
10 23
4 74
2 29
2 89
8 53
9 97
9 95
8 11
7 39
6 50
5 28
9 17
6 37
8 93
3 79
8 20
9 55
9 72
9 100
1 75
8 24
3 85
7 89
4 88
10 83
7 92
10 23
1 60
3 19
4 47
3 11
8 24
4 16
3 22
3 55
1 16
