10 34
4 31
9 27
2 14
2 15
1 4
1 97
10 89
1 55
10 95
10 93
4 97
10 71
6 95
7 78
8 27
7 90
4 26
5 75
8 92
6 94
2 31
8 32
1 20
8 6
9 17
8 4
3 88
8 8
5 51
10 34
2 73
10 95
3 91
8 58
3 13
6 75
8 17
10 7
6 98
10 69
5 20
2 68
6 10
10 78
3 65
2 13
1 15
5 88
2 92
4 77
4 63
9 22
1 20
1 38
7 91
2 71
7 4
6 50
5 28
3 27
4 49
5 66
2 23
7 35
9 96
3 11
8 82
9 27
5 35
4 10
2 94
1 71
7 29
2 61
3 26
6 60
6 20
3 90
5 78
5 74
6 31
9 32
10 83
3 34
6 6
1 27
2 79
2 18
5 75
7 62
7 48
6 45
2 28
10 40
8 83
4 14
6 54
6 65
6 90
6 86
10 85
5 3
4 8
2 68
6 42
5 16
1 85
10 70
5 43
9 24
8 52
10 99
7 79
5 77
2 43
9 5
6 40
4 65
9 71
2 65
3 27
3 43
10 22
9 51
1 80
10 87
2 90
5 89
4 44
1 77
9 81
5 97
8 4
3 78
1 100
8 77
8 68
3 96
2 30
7 12
2 67
8 76
4 16
2 32
3 39
8 84
4 20
1 63
6 39
2 52
10 13
3 12
7 47
5 62
2 78
9 89
1 72
8 52
5 60
4 56
8 86
7 62
7 34
6 12
9 51
4 66
5 72
5 78
9 11
1 98
3 94
1 98
4 64
10 66
8 59
4 37
6 68
8 32
8 65
1 26
2 79
10 57
3 73
5 35
10 56
8 95
3 77
6 78
9 77
9 43
9 84
1 87
2 65
8 17
3 38
7 50
3 71
6 56
2 62
1 15
7 83
2 17
10 21
2 11
3 17
4 93
10 61
7 29
10 90
9 50
10 60
3 16
2 48
7 8
9 65
8 9
10 58
10 29
3 95
2 27
5 23
1 95
8 55
8 93
10 77
10 62
5 68
10 3
5 40
4 64
7 50
1 75
3 43
3 82
1 26
1 39
7 55
6 38
8 85
1 85
3 72
5 57
9 22
3 69
7 21
5 40
3 23
3 35
5 100
9 13
6 36
4 32
7 53
1 32
2 24
9 34
9 30
6 40
5 81
3 25
5 13
2 17
8 69
3 66
7 39
10 89
7 41
4 68
8 25
10 9
3 36
7 69
3 55
9 74
1 86
6 86
7 34
4 78
7 7
6 28
7 7
8 50
1 47
4 100
2 88
9 8
3 53
5 64
9 59
2 96
1 25
1 58
5 79
4 12
1 83
3 77
9 65
2 73
4 56
1 84
3 56
4 1
2 78
2 16
7 50
9 1
5 93
6 3
8 29
10 50
5 62
1 21
4 7
1 73
8 89
6 95
2 19
4 97
4 99
8 1
10 53
8 37
9 7
10 39
9 42
4 64
5 32
3 12
6 22
6 19
10 37
4 87
8 72
4 35
5 10
2 91
9 2
3 37
7 91
1 24
6 100
4 47
3 84
4 30
4 87
8 50
3 97
10 31
1 43
4 8
5 93
8 65
10 55
8 92
2 76
6 15
3 53
3 46
1 75
1 95
8 13
9 46
1 40
1 26
7 64
7 35
8 16
7 37
7 55
1 3
5 39
2 20
6 79
7 62
6 52
3 82
2 60
7 48
3 12
3 26
7 32
5 48
10 97
4 61
5 98
8 49
6 20
8 67
2 9
3 62
5 64
7 17
9 76
4 48
1 3
3 89
5 33
6 88
3 18
8 63
10 96
3 75
5 2
1 80
10 47
1 23
3 87
9 58
7 34
3 56
6 13
5 36
10 45
3 62
2 55
2 97
4 94
1 87
1 18
4 2
8 14
2 99
2 73
10 23
7 48
4 54
3 92
10 56
9 43
10 6
3 90
1 29
8 94
2 76
3 72
2 39
6 36
8 9
4 93
4 94
4 52
2 74
10 46
8 39
4 11
8 25
5 89
2 93
3 86
9 91
8 67
2 49
9 7
7 46
9 76
4 80
8 28
1 3
10 7
10 70
5 29
9 11
5 96
4 86
9 13
2 50
2 76
7 2
9 85
3 57
1 93
4 45
1 38
10 17
3 100
10 68
8 82
9 6
5 1
8 16
4 11
8 5
5 7
2 80
4 40
6 7
4 9
1 37
9 65
1 9
3 13
7 11
4 84
4 57
5 82
6 51
5 36
3 19
10 43
6 96
5 3
8 54
3 56
8 12
3 22
4 74
3 34
5 2
9 85
8 33
6 63
1 22
2 97
3 72
10 17
7 79
3 87
1 49
10 85
2 77
1 91
9 28
10 22
9 93
7 88
1 100
3 25
9 23
3 96
2 29
9 24
4 79
10 2
9 65
2 94
6 90
7 98
8 80
2 22
10 3
6 93
3 26
6 92
5 17
9 67
8 69
3 30
9 85
6 42
8 41
4 20
9 42
7 89
5 46
4 38
1 66
4 64
6 5
8 60
3 27
7 72
9 37
1 80
9 96
10 81
2 6
6 74
4 64
9 30
4 68
9 1
5 36
1 9
8 96
8 56
6 15
7 37
3 64
10 93
2 94
3 57
9 22
7 22
10 10
7 60
7 57
7 20
5 34
3 44
4 20
4 53
8 59
7 58
4 90
1 43
5 34
7 49
2 96
1 80
6 26
4 36
6 54
5 98
2 92
1 14
10 55
10 35
2 36
2 93
2 28
8 3
9 76
6 21
3 22
3 94
5 57
8 100
1 41
3 52
2 34
4 46
5 73
3 97
6 2
2 71
7 69
9 64
3 99
3 22
3 48
4 14
10 3
5 9
6 9
9 90
2 12
3 20
7 37
6 88
5 30
4 45
5 69
9 56
7 40
4 2
8 50
5 49
3 48
2 92
1 19
3 35
10 26
9 60
1 19
1 23
2 93
7 98
3 53
7 56
1 28
7 71
1 1
3 26
3 96
2 44
4 34
7 73
7 4
1 94
7 24
7 55
6 98
4 53
6 25
1 47
6 33
3 76
10 45
8 90
6 23
1 73
4 43
5 81
1 6
5 50
2 59
2 12
4 24
2 37
2 48
3 15
9 16
2 97
9 44
8 76
1 89
5 71
1 45
6 90
3 35
6 93
1 96
1 42
1 55
10 43
6 2
1 93
9 93
8 30
10 28
9 46
4 73
4 42
4 28
7 70
9 57
2 22
10 60
9 24
8 78
9 4
2 51
3 88
1 44
5 99
10 61
8 14
6 9
3 7
4 73
7 14
10 26
3 53
7 50
2 38
8 59
2 57
4 64
3 17
1 1
9 65
6 42
1 80
2 91
3 100
9 31
6 29
6 95
6 98
10 55
7 50
10 100
10 16
2 77
8 72
5 20
2 90
8 79
1 6
7 53
6 67
8 35
4 20
2 4
4 1
7 2
8 46
2 11
7 51
1 45
3 40
10 20
9 84
10 73
1 98
10 81
6 87
6 40
7 11
9 6
7 54
4 36
5 7
7 18
4 13
7 92
4 2
2 39
6 70
7 47
3 80
6 80
4 44
9 46
8 81
8 99
7 78
7 35
5 8
3 2
8 14
3 42
9 90
2 79
5 56
8 14
7 29
10 22
7 42
5 90
6 99
4 43
5 27
1 22
5 66
3 35
10 11
5 53
2 79
10 14
5 74
7 9
4 93
3 71
3 94
4 24
10 17
10 48
7 19
9 38
6 65
1 89
8 42
9 26
9 22
1 70
2 48
8 8
9 72
8 67
8 22
6 74
8 66
3 5
5 25
7 86
10 24
2 72
10 65
8 83
8 31
9 40
4 23
5 48
4 41
4 82
4 84
9 26
10 67
1 22
4 97
4 19
7 8
9 75
10 86
2 3
6 49
1 72
3 94
5 41
6 81
10 75
4 87
3 84
4 40
6 6
1 3
3 99
2 57
7 32
4 79
6 27
4 17
10 6
5 97
8 41
5 47
7 80
3 55
3 19
10 12
5 71
8 36
4 17
10 18
2 2
1 51
6 90
2 35
3 70
6 12
1 14
10 1
6 31
9 80
4 91
10 48
2 71
9 54
4 22
5 64
8 32
7 11
6 52
10 62
5 36
5 63
6 84
10 68
7 82
2 2
6 53
5 28
3 47
8 27
9 1
10 39
2 3
3 9
10 66
9 59
3 40
10 50
10 6
1 31
7 59
10 2
8 20
5 15
7 95
4 14
7 35
10 46
5 84
7 99
7 83
2 38
8 29
7 61
3 60
2 84
6 7
4 10
5 48
1 18
2 52
10 11
6 51
8 30
1 29
5 31
3 16
8 26
7 13
2 21
9 18
9 20
8 67
3 72
5 6
6 13
1 4
10 70
6 97
7 31
2 91
10 79
9 72
9 16
1 74
8 21
10 38
10 38
4 45
9 99
5 1
10 11
1 19
4 32
8 22
1 84
7 18
4 82
6 52
5 8
3 30
10 33
10 65
4 71
