9 72
5 77
7 39
4 21
1 64
8 22
4 66
5 74
4 24
8 29
8 5
10 17
2 49
2 90
6 77
3 15
9 2
3 27
1 87
6 25
3 78
8 48
1 30
8 19
2 22
6 38
9 41
3 49
3 93
9 33
8 82
7 90
10 61
8 93
4 19
10 71
6 37
5 74
4 33
1 58
8 15
1 65
6 17
4 93
8 21
8 43
3 6
10 94
1 18
6 29
2 82
1 30
4 39
10 76
4 42
8 80
9 95
4 96
3 40
4 5
8 49
2 7
9 84
5 71
8 99
10 85
8 85
9 44
1 58
1 59
3 30
8 53
5 90
3 69
9 88
5 88
3 21
5 45
1 84
10 25
3 89
6 67
9 15
6 46
4 99
4 65
6 47
5 72
3 64
6 27
8 13
8 64
8 100
3 17
9 54
8 51
1 27
2 69
7 56
5 35
6 59
8 28
1 72
8 58
7 77
3 22
3 59
6 6
7 36
9 32
8 55
10 38
5 11
1 46
3 97
9 33
10 32
10 63
7 66
2 91
6 65
6 54
10 83
3 69
3 44
6 60
1 23
4 21
4 84
4 78
4 81
6 85
5 91
10 82
9 72
1 14
8 31
9 7
6 81
3 39
8 23
9 23
10 33
2 61
5 54
5 26
8 45
7 62
5 16
2 1
9 15
4 72
8 1
6 21
7 52
5 65
9 11
3 56
9 77
5 70
8 76
2 40
2 56
9 97
2 79
8 73
1 50
7 57
2 85
4 49
6 96
6 34
3 46
6 39
6 48
10 11
4 71
10 58
8 78
8 74
3 39
3 64
9 57
5 92
7 25
3 14
6 89
8 3
5 69
8 100
1 85
5 6
9 72
7 87
10 100
4 92
10 2
2 100
9 81
9 34
4 63
9 100
1 32
6 88
8 12
1 95
4 36
6 100
4 81
8 3
2 81
10 100
9 10
7 64
9 77
9 3
4 28
10 31
5 33
1 56
9 51
5 45
5 74
4 100
8 19
5 26
2 6
3 54
9 33
8 12
9 42
9 78
2 88
5 51
10 67
7 32
3 30
7 8
5 23
2 56
5 94
10 88
8 26
1 17
4 17
6 36
8 7
6 40
3 95
7 24
2 14
10 48
3 45
7 18
1 41
1 76
4 50
4 62
6 85
5 14
7 36
6 93
1 68
5 100
2 81
8 51
5 35
3 3
10 20
3 50
7 30
1 94
7 75
3 18
4 4
6 29
10 16
8 93
10 70
8 52
10 22
7 47
1 9
7 42
7 78
8 36
2 38
10 36
2 69
10 86
4 86
10 25
9 86
10 42
6 32
2 93
8 54
8 84
10 16
2 13
1 53
7 37
5 80
1 75
4 95
10 93
8 28
9 43
9 30
2 43
3 35
10 78
8 32
3 14
2 1
7 55
10 47
6 95
4 68
9 70
8 99
1 87
4 73
6 55
10 92
9 20
6 34
8 41
5 62
7 21
6 87
9 33
9 86
7 4
8 95
3 98
7 63
7 92
1 90
8 44
2 48
4 69
7 90
2 95
3 30
7 33
7 63
8 67
10 72
4 2
5 96
1 7
6 81
6 65
7 70
3 99
6 81
5 14
1 37
1 7
9 81
7 14
7 60
2 40
10 70
4 23
5 4
1 76
4 59
3 72
3 81
3 76
7 57
4 72
10 10
8 83
1 4
7 93
7 39
6 45
3 48
6 2
10 66
4 50
2 94
3 51
5 8
5 42
1 62
6 65
6 94
7 60
10 93
4 33
9 22
9 86
6 14
4 7
5 30
10 12
3 34
8 81
4 30
4 54
2 58
1 71
7 63
4 33
8 25
2 54
9 48
9 46
7 84
9 83
8 37
10 52
8 43
8 10
6 99
1 100
9 27
1 45
1 65
8 40
8 32
3 80
4 54
6 6
7 66
7 36
4 22
5 100
6 77
5 74
8 100
4 67
8 82
3 31
8 59
4 94
8 50
4 23
4 95
9 13
2 16
4 68
5 78
5 28
10 44
2 86
3 60
1 60
7 88
4 61
6 1
1 66
5 86
2 88
4 80
9 16
9 57
1 2
2 68
1 66
10 84
8 52
9 100
9 10
5 79
2 84
9 68
3 65
4 38
9 69
10 47
7 47
7 83
10 54
3 76
1 55
5 32
1 70
4 11
3 34
2 52
1 18
1 47
2 67
10 33
7 36
10 19
5 62
7 4
2 8
5 91
10 2
7 98
6 6
10 54
6 24
5 95
4 21
2 50
6 47
4 22
3 16
8 73
9 84
6 5
9 80
2 8
10 57
5 84
3 82
9 64
10 88
10 39
2 40
6 54
9 14
7 58
5 57
4 64
4 14
4 75
1 83
8 48
6 37
5 63
8 30
9 33
7 41
10 10
3 3
6 55
9 76
4 14
3 91
8 45
7 31
7 44
3 83
5 30
7 30
8 48
10 12
2 54
8 68
7 39
1 2
8 3
9 36
9 20
4 26
10 3
10 57
8 21
1 6
2 2
3 87
3 77
1 89
9 18
4 52
8 77
5 78
7 13
9 51
5 81
5 43
3 94
10 29
5 54
6 95
5 1
1 57
1 83
6 58
5 10
7 38
4 29
7 85
7 34
10 25
8 37
10 5
3 75
2 70
2 67
1 50
9 38
7 99
5 26
3 10
10 41
5 82
10 80
1 1
9 64
7 77
3 48
5 3
5 97
5 18
2 7
8 79
10 30
1 98
8 18
10 68
7 3
7 56
5 80
4 41
1 10
10 68
8 82
1 39
1 13
4 70
1 16
3 83
9 64
6 38
5 62
2 19
5 65
6 31
2 54
1 92
6 41
1 78
6 38
4 40
8 58
10 61
2 81
2 96
10 100
7 47
3 24
2 48
4 42
2 71
4 94
8 53
5 12
7 34
1 50
7 39
2 76
8 76
1 73
2 72
5 51
5 48
1 67
10 64
3 75
10 66
6 24
3 77
8 100
5 21
6 93
6 54
4 8
5 91
7 6
8 62
4 1
8 78
4 86
4 8
4 43
1 30
5 72
8 81
5 76
9 27
5 62
5 55
5 73
1 33
4 10
2 82
9 64
2 8
3 47
9 74
3 66
3 96
1 42
10 62
4 36
4 95
9 2
5 81
1 72
2 7
7 78
4 100
2 26
9 35
4 8
3 20
2 9
8 99
5 45
6 15
3 73
9 58
5 22
5 71
7 64
6 49
7 74
7 40
1 19
5 83
8 22
9 1
1 59
7 92
5 95
4 64
4 98
2 56
6 92
9 28
2 89
4 59
9 26
7 63
6 78
6 59
5 9
5 81
10 21
5 83
6 54
6 69
9 60
5 60
7 89
5 65
6 56
5 32
2 26
6 55
5 43
7 40
4 57
3 69
9 74
2 27
8 84
9 2
1 66
7 91
7 77
6 7
5 60
4 100
3 6
9 14
3 95
10 46
7 50
4 39
4 42
3 97
8 11
3 75
3 40
9 40
1 68
2 23
9 86
10 17
9 26
7 75
5 9
10 40
9 64
1 25
7 6
7 25
6 44
2 49
3 95
3 37
4 29
1 91
2 89
10 5
10 93
6 30
7 74
10 47
6 7
8 37
2 85
8 46
5 7
2 6
10 38
4 75
1 90
8 25
1 45
3 20
8 45
6 64
2 16
8 15
2 10
1 17
7 36
4 77
5 4
7 100
10 30
5 17
2 6
8 64
5 47
6 4
4 44
8 51
4 34
7 56
4 71
5 64
10 82
10 10
7 87
7 30
6 38
6 77
6 92
5 84
4 19
5 46
10 16
6 41
10 98
5 85
8 96
6 83
9 31
9 16
10 32
3 60
6 55
5 80
1 34
7 62
5 7
1 61
8 23
9 100
2 52
2 34
2 51
8 24
8 40
9 72
1 99
1 19
7 31
7 26
6 74
9 60
5 57
7 15
9 90
6 86
9 88
4 20
1 46
6 37
10 21
6 6
5 55
7 25
7 41
7 66
5 65
1 92
6 21
9 1
1 29
8 26
9 59
3 71
2 42
9 60
7 36
9 65
7 82
7 20
10 74
1 4
9 87
1 73
1 30
9 35
5 48
10 96
2 41
5 27
1 47
3 87
2 31
5 90
8 54
10 47
8 80
6 74
8 52
3 55
8 72
8 44
8 11
7 37
6 100
3 39
1 61
4 53
6 30
7 72
2 85
7 2
3 67
5 98
2 80
7 82
7 68
9 21
7 86
10 23
1 79
6 88
4 28
5 6
5 84
7 61
4 49
4 89
1 42
6 1
2 63
3 90
4 97
7 74
8 56
10 72
1 47
9 18
9 84
8 11
6 53
1 63
10 99
2 88
4 93
1 22
4 13
9 87
4 99
6 34
1 99
2 3
10 90
8 20
7 17
3 14
4 2
4 30
3 59
1 19
8 89
3 82
2 74
7 54
5 51
2 86
7 34
8 4
10 92
1 87
5 6
7 53
1 94
3 99
8 41
9 83
1 57
7 37
