2 57
3 79
7 26
4 38
1 37
6 59
6 72
10 37
1 69
2 89
1 42
2 35
1 78
3 57
6 85
9 50
4 3
9 68
8 97
6 40
7 5
4 43
6 66
9 71
1 77
9 38
8 59
5 24
1 10
2 8
2 98
2 13
9 78
1 7
3 84
2 44
1 16
2 94
9 92
1 39
8 96
10 1
2 21
8 8
7 51
9 17
1 62
6 92
5 9
10 10
7 11
2 21
8 60
5 82
4 62
5 62
6 1
8 77
8 32
7 35
9 44
2 16
2 16
5 8
1 94
4 16
2 25
3 48
7 34
2 10
5 1
6 28
6 26
5 62
8 1
3 99
9 68
5 2
5 32
8 68
8 76
5 93
9 42
5 93
7 42
3 22
10 84
6 68
6 82
10 29
1 44
9 26
10 25
9 54
3 47
6 82
10 90
4 6
10 10
7 88
9 52
8 35
7 16
2 79
9 4
10 64
7 44
3 45
2 89
1 72
5 32
1 59
7 38
5 69
7 30
9 100
2 24
7 7
4 60
4 45
6 86
2 25
1 69
7 31
7 42
5 4
3 100
3 54
2 70
2 80
7 2
4 5
3 77
5 48
1 64
9 65
2 54
8 14
4 79
3 33
2 10
7 66
3 90
9 37
4 24
8 22
4 81
7 37
7 81
1 88
4 33
10 72
6 85
4 57
6 7
1 27
6 30
6 58
5 3
2 9
8 62
10 95
1 55
10 38
8 35
3 65
3 50
1 5
5 56
4 17
5 77
7 12
2 90
3 33
5 2
5 49
8 53
1 87
2 44
8 9
3 30
1 18
2 52
4 34
4 85
4 91
7 88
10 21
1 22
9 1
2 71
8 54
3 17
6 50
5 49
7 93
4 83
6 80
7 38
4 73
6 9
1 57
8 92
9 74
6 86
7 100
9 87
7 64
7 10
4 29
10 34
6 7
4 27
9 41
2 92
10 58
6 3
1 16
10 38
2 62
4 61
4 37
2 41
1 14
8 12
4 46
7 18
7 63
9 96
4 63
10 95
2 62
5 37
7 49
9 5
5 98
8 53
2 40
10 41
9 93
3 70
3 31
5 81
6 32
6 35
7 12
3 26
9 17
4 70
5 47
5 61
7 18
5 37
3 9
1 52
7 65
6 98
6 59
6 100
3 71
4 56
10 86
6 90
6 79
8 30
3 54
6 47
7 97
7 100
7 57
2 62
5 53
7 51
8 46
5 74
3 100
2 99
4 64
7 6
9 99
2 88
4 10
3 42
10 4
5 75
6 94
5 1
6 90
3 40
9 28
6 51
9 18
3 16
2 2
3 22
8 38
2 69
6 95
7 15
2 91
5 19
8 70
5 27
5 64
9 10
6 18
9 88
8 34
6 82
2 5
2 15
4 31
9 50
8 94
10 41
5 41
10 90
7 100
6 12
10 54
2 50
1 94
2 8
5 51
4 63
2 31
4 92
10 59
9 93
3 10
1 17
8 35
8 65
6 44
8 95
2 93
9 22
10 6
6 48
2 99
8 26
7 94
1 34
10 14
6 27
3 26
4 25
2 57
8 52
3 82
3 52
6 29
1 79
2 69
7 87
8 84
3 66
5 72
1 48
2 56
7 56
4 88
5 20
7 10
10 59
2 35
1 8
10 65
5 97
7 27
8 42
1 26
4 100
8 83
8 59
9 88
8 64
6 3
7 91
10 7
4 26
8 21
6 82
5 38
3 88
2 52
6 68
6 42
4 49
4 66
2 46
2 59
1 55
2 44
10 9
1 27
9 44
5 90
4 71
7 40
4 40
2 56
7 45
10 60
9 43
3 14
1 89
6 36
1 37
5 81
7 59
4 24
7 43
1 9
7 6
2 14
6 24
8 64
1 10
9 52
4 67
1 29
3 5
5 60
9 77
1 80
8 75
7 43
2 69
2 34
1 23
8 1
8 46
7 3
2 70
4 17
3 89
8 73
4 29
5 15
8 77
4 39
9 40
6 99
5 80
10 5
4 79
1 12
8 49
2 48
8 25
9 20
7 17
2 92
4 53
4 80
5 95
10 84
10 87
3 94
5 62
3 42
10 45
1 49
7 20
3 73
5 64
3 48
10 82
1 24
7 98
8 100
7 5
10 38
3 95
2 57
4 56
4 93
3 46
7 45
3 44
4 82
9 15
1 43
5 22
7 56
9 55
1 87
7 89
9 81
10 53
5 79
8 30
5 31
1 17
2 67
1 62
3 73
8 28
8 34
9 28
10 88
2 1
6 32
3 24
9 62
7 20
2 66
6 76
10 71
5 22
10 77
9 28
6 35
8 62
3 16
5 31
3 13
3 31
1 72
1 14
8 35
1 84
8 23
4 78
8 29
9 30
5 52
6 11
3 5
10 94
2 67
5 77
2 93
8 74
5 35
4 87
7 6
10 42
1 81
2 60
3 77
6 49
2 76
5 67
4 22
5 94
9 8
3 20
7 18
2 65
3 56
8 59
5 38
9 13
10 38
5 30
9 87
5 77
6 36
3 92
10 41
1 14
10 62
6 61
1 91
4 20
1 88
1 10
6 35
2 74
2 39
1 64
5 95
2 56
4 85
3 81
3 40
3 4
2 50
7 12
1 44
4 92
1 99
2 28
2 33
1 36
5 99
9 53
4 70
2 46
8 2
10 48
3 43
9 22
1 36
4 45
7 69
8 36
10 80
1 8
7 4
7 35
7 23
5 27
4 27
4 94
6 96
9 80
9 28
6 40
6 95
7 20
5 26
4 81
1 56
5 72
8 29
8 16
9 99
3 76
9 42
4 32
5 83
2 8
7 57
8 41
5 73
9 97
5 48
7 74
6 91
3 46
10 34
7 82
4 30
8 21
4 7
10 17
6 6
5 25
9 40
6 50
9 67
7 80
2 29
2 51
10 84
8 12
7 49
9 38
2 38
10 31
4 82
2 52
1 46
5 44
1 71
8 65
1 32
6 48
5 27
2 33
6 28
1 48
3 65
8 3
10 56
7 76
3 47
8 93
9 11
6 19
7 85
2 85
5 98
4 63
10 85
6 35
10 67
1 23
9 70
8 49
1 47
6 37
3 3
9 89
4 73
8 63
1 70
8 55
2 53
6 4
5 43
6 62
4 40
7 9
10 52
3 77
7 53
4 46
7 48
6 11
5 79
2 72
4 15
2 33
6 11
8 98
7 81
4 9
9 40
2 98
8 52
3 26
4 18
10 35
1 84
7 20
5 13
10 86
2 26
2 83
4 22
1 74
1 95
2 60
10 10
9 94
1 44
6 93
9 72
7 67
1 42
4 11
3 81
1 21
1 41
10 52
10 74
1 100
5 62
3 84
7 51
7 5
5 86
2 97
7 45
5 32
2 66
3 45
6 93
10 77
1 34
6 8
10 1
3 4
1 33
4 16
1 63
5 71
5 61
2 74
4 57
9 100
3 88
7 77
2 30
8 29
1 99
6 55
8 13
6 22
9 4
7 65
9 50
3 19
8 65
1 89
1 70
7 69
4 9
8 95
5 95
2 83
6 11
9 99
3 86
5 38
4 99
7 82
9 71
9 31
8 34
1 86
2 66
8 57
5 7
10 80
9 45
5 65
8 99
3 89
8 38
9 52
3 90
2 63
7 83
4 13
3 52
3 11
5 65
1 86
8 64
10 15
7 36
10 93
8 21
7 27
4 47
9 20
10 49
2 25
8 93
6 2
6 68
2 78
2 20
9 14
8 27
8 57
5 11
8 45
6 51
1 40
4 25
6 93
7 48
3 36
1 50
10 59
1 72
8 43
5 47
6 10
6 60
7 69
8 75
8 54
10 95
9 21
4 14
7 81
7 20
3 46
8 54
9 42
10 6
10 21
2 74
3 78
8 55
5 23
9 63
9 24
5 39
6 33
5 83
7 42
8 20
5 69
4 85
5 40
6 13
4 80
3 80
9 62
3 37
10 92
4 25
2 59
7 26
2 33
7 91
7 18
6 16
7 97
10 58
7 21
6 69
2 17
8 22
9 17
9 100
10 71
9 31
6 59
3 44
1 67
3 52
6 35
6 12
6 85
6 70
9 37
4 82
9 3
5 72
10 53
4 66
5 56
1 21
10 84
8 22
5 66
2 23
8 58
9 8
1 17
2 40
8 47
4 37
3 14
7 1
7 49
3 14
3 72
5 41
6 46
10 18
1 83
2 84
6 3
1 89
8 18
9 53
1 61
5 36
5 47
2 42
4 72
4 20
4 23
1 12
9 40
9 22
8 17
2 86
4 54
2 97
2 83
2 57
9 30
10 17
3 2
1 26
3 96
9 92
10 88
2 41
5 88
9 45
4 33
10 30
5 47
7 6
7 84
5 47
3 13
1 23
5 49
3 55
4 59
7 46
6 11
5 10
7 56
1 75
7 25
9 59
5 38
3 39
5 78
4 20
10 59
4 54
9 31
10 6
1 58
3 86
4 49
4 20
3 13
3 32
7 16
2 50
3 15
6 20
8 29
4 52
