5 14
7 24
10 61
7 7
4 56
3 36
7 76
3 30
8 74
1 19
1 62
9 22
4 75
10 50
10 52
10 51
6 28
4 41
7 59
1 33
1 14
10 82
1 50
6 81
10 12
1 20
2 28
3 31
2 40
5 65
4 23
7 28
2 48
6 18
9 85
1 20
9 6
4 59
4 44
2 13
7 26
2 62
7 27
1 89
8 40
1 34
1 57
3 58
1 32
9 98
4 35
7 89
3 32
2 57
4 34
8 17
2 78
9 76
4 48
6 42
10 84
4 82
5 82
1 32
4 26
2 53
2 28
8 3
3 88
7 75
3 5
3 99
4 34
6 17
3 14
10 19
4 45
10 79
6 48
7 75
9 64
10 95
3 20
2 24
10 29
9 77
1 9
4 39
8 52
7 54
4 33
9 3
7 13
6 67
1 65
9 87
5 7
5 40
1 52
2 89
4 61
4 35
7 76
3 79
7 97
7 64
5 54
4 20
10 9
7 33
10 9
4 87
1 40
5 68
5 39
1 29
10 67
1 94
9 40
2 65
6 21
1 20
8 9
4 71
4 13
4 32
8 34
9 76
6 13
6 48
8 6
7 14
9 6
8 4
2 41
10 57
3 32
3 4
7 21
2 23
5 9
2 3
3 99
6 17
7 51
5 3
8 8
2 57
2 63
1 35
6 74
2 65
1 70
5 26
3 70
8 70
4 64
10 27
6 97
8 11
5 33
7 77
10 53
3 65
6 59
3 81
6 11
4 43
2 95
10 69
2 56
2 25
5 12
10 49
9 62
4 2
3 9
2 74
5 6
7 11
10 60
8 48
6 41
8 35
9 35
6 89
9 72
7 87
9 72
7 74
9 10
4 81
8 38
10 22
1 38
4 23
7 59
8 20
6 79
9 75
10 65
4 90
4 22
10 53
10 11
3 12
3 12
6 66
1 95
6 65
5 18
3 96
8 52
9 11
6 66
8 65
8 67
2 49
4 93
3 47
9 15
2 53
7 24
5 22
5 66
9 84
3 45
1 24
2 70
5 58
6 53
1 33
2 43
8 77
1 53
10 36
6 38
7 28
5 67
8 68
5 13
7 37
3 71
6 80
3 87
10 42
10 64
3 65
5 55
9 25
10 74
9 78
3 57
4 77
9 24
7 78
5 66
4 2
7 73
8 55
3 54
3 82
4 28
1 50
7 61
2 19
4 25
4 42
9 16
6 69
7 51
7 5
6 79
4 10
7 2
6 19
1 70
8 38
2 68
7 19
8 26
5 50
1 66
5 23
3 19
4 98
2 97
6 52
4 97
6 37
7 91
9 80
5 53
3 18
6 97
7 38
8 50
2 86
9 96
5 71
8 14
6 2
5 18
4 80
10 96
1 12
1 31
3 52
7 93
7 54
8 98
6 96
9 41
4 96
6 55
7 18
3 21
2 96
10 32
3 97
6 56
1 93
1 26
5 89
7 4
4 22
10 59
1 37
8 79
1 42
4 32
5 22
10 60
4 44
8 9
9 38
3 61
8 90
7 41
8 95
2 48
2 27
1 9
4 60
10 12
8 34
5 18
1 93
7 18
9 26
8 33
4 32
3 58
1 54
1 39
4 40
8 38
7 55
3 91
10 54
10 47
9 43
3 85
10 59
3 17
2 50
6 15
6 3
2 25
9 33
3 25
1 58
1 90
9 72
5 98
10 70
7 82
8 93
3 38
3 58
7 23
5 20
7 35
5 62
1 73
1 39
9 50
6 1
4 24
8 89
5 41
6 86
2 52
8 12
2 48
7 4
4 90
8 41
1 66
5 34
1 65
10 52
9 3
2 71
4 40
7 30
6 72
8 11
1 12
1 36
8 24
4 89
10 72
5 16
3 91
1 71
3 83
9 28
5 35
3 62
2 37
8 68
8 16
7 100
7 47
10 58
6 49
4 26
10 58
1 61
9 47
3 100
2 81
6 80
8 38
4 22
1 49
7 53
1 25
4 63
4 86
2 49
2 3
2 47
10 64
5 84
6 13
4 66
1 8
1 27
8 17
9 44
10 78
2 75
7 5
1 69
3 39
9 92
5 71
7 60
7 62
5 93
10 25
7 53
3 80
3 32
10 27
7 8
2 42
10 5
2 78
5 65
10 79
9 85
9 69
1 68
5 60
3 24
9 36
4 92
4 33
7 65
1 44
7 98
7 27
6 75
9 96
4 72
8 74
2 55
5 99
1 76
7 74
6 34
1 45
9 72
4 55
2 30
3 89
9 97
3 50
6 85
7 98
1 6
6 79
5 39
7 48
3 76
8 43
5 25
8 85
9 57
6 98
5 45
5 17
9 34
9 24
9 7
1 16
3 19
5 56
9 71
5 45
3 63
1 41
4 31
4 23
7 74
9 1
9 27
10 37
10 57
5 31
1 5
4 95
2 18
4 36
6 9
3 20
7 38
7 87
3 35
7 11
9 64
10 10
4 17
2 76
5 33
9 56
6 4
6 78
10 11
4 14
6 39
9 16
7 28
7 88
10 41
1 66
2 78
5 52
10 70
1 39
8 95
4 74
3 35
9 73
2 80
2 52
3 91
9 10
1 2
8 97
10 94
9 35
7 66
1 6
6 94
5 5
4 74
2 55
6 61
7 93
5 55
5 36
2 68
1 33
8 8
7 39
10 36
7 51
10 38
5 81
7 93
6 62
3 99
6 2
10 52
6 62
7 1
8 64
6 86
1 94
3 90
1 8
8 25
4 9
7 78
4 90
9 3
1 99
6 6
3 22
6 72
10 46
3 41
10 70
1 46
5 60
1 43
9 41
4 84
10 57
7 83
10 71
10 1
7 15
4 19
2 97
9 15
10 20
1 40
8 51
3 46
7 95
8 44
2 94
7 4
8 84
9 97
5 21
3 37
2 95
1 1
2 97
10 26
2 81
10 74
6 71
9 88
1 48
10 8
6 11
2 92
4 29
7 76
10 24
6 1
7 58
7 73
6 24
2 90
5 59
3 14
1 46
4 15
4 82
10 44
6 91
10 17
9 45
4 91
6 72
1 16
3 60
7 2
5 44
5 74
4 45
6 97
5 40
6 99
4 94
8 64
6 40
10 100
6 79
5 79
2 60
5 98
6 30
4 1
8 38
1 42
5 76
2 51
5 24
5 8
2 39
7 96
3 85
1 2
5 55
2 3
9 2
3 19
3 99
6 54
6 58
10 50
10 63
7 27
5 96
1 30
9 9
8 67
9 57
1 53
7 74
5 36
3 21
3 8
10 27
4 8
2 28
6 90
7 83
1 62
6 23
7 66
3 73
3 13
7 53
9 39
5 68
7 54
6 28
7 23
5 16
7 28
3 28
1 3
3 47
4 15
9 28
8 74
7 54
7 40
2 10
1 71
7 71
1 20
9 65
2 70
7 7
7 30
6 6
9 83
1 31
6 76
7 68
2 12
6 81
6 78
9 90
1 13
5 45
1 76
1 26
4 12
4 42
2 70
10 65
3 56
6 44
3 55
3 100
3 99
10 25
5 12
1 10
9 46
3 70
1 31
9 60
3 97
5 40
7 59
5 59
9 13
9 9
10 84
4 74
4 35
3 14
2 1
3 62
4 84
5 41
8 40
5 87
2 33
8 86
3 1
8 86
9 54
4 75
10 12
1 79
6 56
5 69
6 14
6 82
3 85
6 78
5 17
10 11
4 60
9 43
6 86
9 36
2 27
3 41
3 51
9 27
5 23
2 29
6 59
5 6
4 12
5 46
3 70
2 32
1 82
6 27
5 4
3 19
4 49
6 59
9 17
5 62
1 6
10 51
2 87
7 34
4 29
8 36
6 57
10 14
3 52
5 3
5 91
2 64
9 14
6 66
2 85
6 71
8 11
9 34
7 79
7 73
1 12
6 4
2 36
4 97
7 97
2 86
8 81
1 67
8 28
6 25
10 16
1 80
7 41
1 82
5 7
10 37
7 33
8 15
8 100
7 12
4 61
6 33
2 20
9 52
6 86
6 1
3 21
5 28
7 100
6 44
8 94
6 40
3 12
2 69
1 44
6 17
8 48
3 11
4 20
5 83
10 20
1 53
6 34
1 50
8 36
9 72
1 73
2 20
7 50
7 57
6 77
10 82
3 54
8 28
5 55
6 44
1 98
1 54
10 20
9 80
2 25
7 20
1 16
2 31
8 18
3 51
5 67
4 49
9 68
7 1
1 94
5 59
1 96
8 78
5 54
8 52
2 48
10 22
3 50
3 14
4 84
4 95
6 65
9 12
3 72
8 42
1 48
5 43
10 51
10 60
7 74
2 35
8 99
7 46
7 4
7 9
7 48
4 6
9 40
8 24
4 76
2 25
5 27
9 30
6 5
9 93
1 57
2 61
4 96
2 63
7 81
5 80
8 6
9 84
1 68
10 49
10 91
9 12
8 28
4 42
3 36
2 19
4 78
10 86
7 62
2 33
1 67
9 67
4 78
3 95
6 84
4 43
1 65
6 87
5 83
1 33
6 3
1 30
3 26
