1 81
5 17
6 60
4 25
7 94
2 17
6 62
4 64
8 47
5 10
2 21
3 63
10 1
1 40
6 15
5 65
6 91
1 80
4 41
7 6
9 90
5 67
9 77
6 92
1 74
4 94
9 50
4 90
1 68
5 17
10 49
6 57
6 47
1 57
6 23
4 70
10 37
9 63
9 65
1 57
6 97
8 40
9 71
7 77
10 9
9 50
2 74
2 83
2 19
10 31
8 79
8 90
8 33
8 34
2 5
5 78
10 26
2 38
8 43
7 91
7 52
2 54
2 40
5 88
9 81
3 14
2 44
9 10
2 4
4 90
4 42
3 64
2 47
9 23
8 58
7 62
2 24
5 95
3 42
1 32
8 66
9 30
2 47
3 58
4 71
2 73
4 42
6 98
7 41
7 72
9 29
7 95
2 91
3 53
9 37
1 90
4 99
4 3
4 19
1 69
4 78
7 2
4 25
6 34
3 85
2 71
3 19
1 29
5 71
3 10
6 40
1 39
4 38
6 90
1 20
10 24
5 41
7 52
9 30
6 93
6 85
6 22
10 33
8 30
7 34
1 87
5 32
10 3
2 32
2 81
1 7
4 86
6 64
8 6
2 33
8 90
7 74
10 8
3 70
5 51
5 94
9 53
2 64
7 77
3 33
7 74
5 31
10 36
4 39
1 65
3 71
5 7
5 91
9 56
2 42
2 43
6 8
8 59
6 48
10 90
5 97
1 4
3 93
1 82
7 89
2 54
3 35
5 89
1 94
9 68
8 74
5 12
1 40
5 41
10 65
1 70
1 51
10 35
5 16
1 51
10 64
1 22
1 69
2 47
8 30
2 72
9 1
4 63
3 74
4 63
6 54
1 40
7 37
8 92
2 100
6 60
5 22
1 23
1 30
10 18
10 95
1 62
2 88
9 47
1 38
7 69
10 52
5 9
4 5
10 13
6 6
5 77
6 61
9 87
3 49
7 94
7 28
9 72
3 82
10 37
2 88
10 24
2 90
5 53
1 69
5 68
8 73
9 34
10 51
3 77
5 79
9 19
4 2
10 96
6 99
8 13
4 88
10 66
4 32
2 99
1 47
9 96
3 50
10 22
5 89
7 97
1 19
8 24
6 78
6 32
1 64
8 26
4 22
2 57
4 55
3 64
5 84
4 44
1 80
1 5
1 79
6 12
7 70
4 58
4 46
7 3
1 40
8 17
10 77
4 72
8 90
4 91
8 65
3 46
4 31
1 21
5 33
6 24
5 2
3 44
10 83
4 57
6 80
6 14
5 67
8 11
10 2
3 26
3 76
5 86
4 4
8 68
10 27
1 55
7 18
10 35
7 97
8 43
5 59
8 92
7 42
9 46
6 66
5 3
9 30
2 98
1 10
4 6
3 1
3 8
1 43
9 47
9 84
9 63
6 5
4 64
5 19
4 58
1 98
7 34
9 71
6 24
5 82
8 17
9 51
2 87
10 56
5 27
9 72
7 11
6 59
8 14
1 7
9 5
8 91
5 80
6 14
5 90
10 23
7 7
4 65
8 8
7 54
3 20
7 81
5 17
9 40
1 25
3 4
8 69
7 12
2 45
5 81
4 90
8 18
3 24
7 14
1 7
4 59
5 62
4 30
10 59
8 93
8 54
10 79
9 97
1 2
7 41
3 19
4 43
3 45
9 42
6 72
5 52
10 46
2 68
9 37
10 96
1 29
7 49
4 95
1 17
8 80
4 35
3 7
5 61
6 91
2 67
8 45
4 32
9 16
8 95
3 72
9 89
10 69
2 57
5 2
7 37
8 58
9 12
9 63
9 29
1 21
4 95
10 26
2 18
9 56
9 55
3 73
1 92
5 55
4 71
4 15
9 37
10 69
9 23
10 65
6 9
3 5
3 32
2 27
9 46
1 79
5 59
2 2
1 83
9 30
6 83
10 30
5 38
6 16
7 93
2 90
1 7
2 47
10 48
9 64
6 60
3 96
6 96
5 100
6 48
6 91
9 16
9 70
2 2
7 88
9 18
8 14
5 34
5 62
6 23
1 25
9 56
6 43
6 6
9 99
8 77
5 89
7 7
5 9
8 27
1 24
6 78
2 29
10 26
6 22
3 58
10 54
6 54
6 9
2 80
5 35
5 1
7 21
6 84
3 77
9 8
4 57
1 20
1 11
9 79
3 88
1 85
5 55
8 83
7 89
9 51
3 64
9 32
2 17
7 82
3 67
9 53
8 29
4 32
2 76
4 41
5 15
5 28
1 64
3 5
3 40
4 83
4 10
9 75
5 12
9 50
1 87
10 66
1 91
3 80
10 16
5 36
2 87
8 38
7 40
7 90
8 41
1 71
8 100
10 60
3 15
4 63
10 85
4 76
3 48
9 6
8 82
1 81
7 85
1 60
4 29
8 77
8 24
4 60
8 16
4 9
2 13
4 62
4 21
5 77
10 63
1 35
7 8
2 95
6 89
10 25
9 49
2 42
6 66
3 73
8 9
3 77
6 79
8 99
6 3
7 99
5 93
3 22
4 8
7 41
7 29
7 91
3 90
3 62
10 26
7 48
9 74
4 76
9 4
3 18
8 23
8 45
8 44
9 92
10 84
9 70
4 20
5 27
1 30
8 63
3 65
9 38
3 68
8 66
7 88
10 34
1 9
4 83
6 11
2 57
2 42
7 87
9 67
1 84
4 86
7 83
3 54
10 74
3 24
9 31
7 60
1 48
9 24
7 13
3 3
3 36
9 87
2 25
5 44
6 80
9 22
4 65
8 57
6 94
5 72
3 39
10 99
10 15
1 82
6 59
7 47
4 30
6 67
1 5
2 71
8 84
3 26
2 4
5 75
7 27
10 9
5 59
2 37
4 100
4 17
3 70
9 16
2 91
5 82
5 21
7 94
3 63
8 14
9 91
4 83
9 41
5 79
3 82
5 11
2 27
9 7
4 13
7 61
8 42
5 16
1 39
2 27
9 26
5 2
3 47
10 54
6 51
9 86
7 44
1 5
8 64
1 54
2 51
8 38
6 48
2 69
4 18
9 38
1 93
10 89
1 61
4 67
2 1
3 21
6 97
1 82
10 22
9 31
4 14
9 100
9 33
7 65
9 26
3 90
10 28
8 29
4 74
10 47
10 89
4 90
5 45
7 10
8 74
10 82
6 74
6 54
1 56
4 68
2 99
4 43
7 90
1 96
6 44
4 48
7 17
3 40
4 12
5 21
8 27
9 63
2 41
1 53
4 62
4 53
1 42
3 62
1 20
8 44
1 37
6 9
7 98
7 78
7 39
8 80
2 98
9 70
8 12
2 52
2 23
2 66
6 5
5 62
2 49
8 71
4 28
7 15
4 31
7 6
3 52
4 27
3 7
2 50
1 80
3 43
5 34
5 9
8 70
10 76
2 54
2 62
10 33
4 69
9 25
3 2
2 73
2 69
4 89
1 33
2 52
8 11
3 88
8 27
6 64
5 23
3 23
10 45
3 61
4 16
9 52
2 91
3 29
6 10
3 85
8 6
9 20
9 7
1 45
10 88
3 19
3 64
6 71
2 60
9 78
2 2
5 40
4 81
8 80
10 31
10 31
8 68
2 4
10 56
10 88
4 68
10 15
8 37
4 71
5 31
7 54
8 14
3 60
8 52
3 83
6 51
9 38
9 12
2 84
3 73
2 46
1 31
2 69
10 85
10 79
6 2
1 28
10 45
7 36
2 20
5 12
8 86
6 67
6 3
10 16
7 62
9 54
2 33
3 15
7 25
3 22
3 53
7 44
8 70
8 2
7 89
2 41
2 45
3 94
9 63
4 37
5 92
9 13
8 78
10 67
7 95
3 93
6 87
2 46
5 82
5 96
8 27
5 69
6 79
5 74
1 17
4 29
3 78
2 15
6 50
1 28
3 39
4 44
2 22
9 70
3 32
10 26
8 53
3 48
4 49
1 96
10 53
10 58
6 9
8 84
9 92
2 38
2 96
10 42
2 72
4 36
5 36
5 58
9 21
8 18
9 66
7 68
3 67
7 55
6 72
2 59
4 30
2 61
10 10
8 80
5 27
5 69
9 87
9 90
9 65
4 91
9 38
3 25
3 43
8 64
4 75
5 41
1 58
6 13
10 66
5 86
9 29
10 36
2 36
9 62
5 83
5 43
9 98
4 100
5 16
3 2
8 71
3 13
1 50
8 83
1 59
8 47
1 87
8 17
2 23
3 24
2 69
2 3
1 30
7 1
6 72
4 7
9 71
4 88
2 24
2 74
7 45
5 88
7 45
6 84
7 73
2 46
4 68
10 90
6 28
7 31
3 54
4 89
1 24
1 34
9 29
9 25
1 13
4 96
6 79
10 53
5 10
9 20
9 12
9 67
6 18
6 63
7 93
1 79
8 13
9 63
2 81
5 34
7 42
2 69
8 13
2 20
8 9
4 52
4 53
7 88
2 80
8 20
6 34
9 40
10 35
9 58
8 80
2 36
5 37
8 89
2 3
3 50
2 38
4 24
