8 63
3 56
1 67
8 41
8 33
6 22
10 3
6 90
7 91
7 15
3 38
4 52
7 79
5 25
1 47
8 61
10 79
9 4
6 65
6 63
7 20
3 34
2 76
10 4
9 91
5 78
2 67
5 10
3 36
2 54
9 93
2 82
6 23
4 11
5 99
3 50
2 29
5 41
10 41
7 93
4 90
9 62
9 90
7 35
6 54
10 58
3 94
2 96
5 9
7 33
10 43
7 23
4 84
2 97
4 95
8 41
10 11
7 23
7 38
3 45
2 99
8 3
7 22
4 70
7 43
3 58
1 91
5 58
10 89
2 25
5 33
3 39
10 36
4 33
4 83
7 54
4 57
10 19
8 91
7 61
2 7
4 94
4 43
8 18
9 92
7 49
1 19
2 92
1 35
1 8
7 74
10 86
4 38
3 52
2 100
8 57
7 83
5 93
9 66
4 40
4 41
8 98
1 98
8 71
6 66
8 13
5 34
9 83
9 47
7 4
9 90
2 37
7 93
10 40
7 88
10 40
4 27
4 54
5 6
10 17
9 43
9 14
8 75
10 34
7 32
8 82
10 43
3 86
2 27
5 86
4 78
9 41
6 96
2 35
8 41
4 94
9 55
5 77
7 46
8 38
9 97
1 66
1 34
7 36
2 90
5 91
1 19
9 16
5 62
1 56
8 5
5 42
7 58
8 33
4 98
7 97
7 42
9 69
9 40
9 94
2 22
4 15
5 83
6 1
8 75
6 16
1 30
3 76
4 24
4 70
9 100
5 44
3 95
2 33
4 56
2 9
7 3
1 14
6 83
5 75
8 5
3 46
5 59
6 88
2 61
2 28
6 59
9 43
6 68
10 92
2 83
10 29
6 21
7 28
3 78
7 55
7 73
9 7
4 72
6 56
7 89
3 60
6 96
6 29
10 68
10 5
3 64
1 89
9 83
8 98
9 9
6 72
10 51
4 96
4 70
7 26
2 87
5 16
7 70
4 19
3 81
2 56
6 43
9 42
3 87
4 50
8 83
6 87
9 7
2 78
7 80
9 83
4 41
8 82
10 61
4 12
4 93
9 45
9 69
4 67
10 71
9 14
2 57
4 72
3 13
2 48
10 42
2 78
8 77
1 97
3 14
3 70
6 49
9 68
5 73
2 82
9 57
6 69
3 94
9 51
2 13
8 29
9 17
10 96
1 77
4 17
6 16
9 22
9 70
4 54
6 56
2 68
6 91
4 15
3 26
5 63
7 42
3 15
3 9
3 41
9 43
7 14
10 7
1 99
7 94
3 41
6 69
9 12
8 86
9 72
1 54
1 49
7 62
1 26
6 76
6 88
10 44
1 69
9 12
3 63
1 90
5 47
9 29
9 100
4 70
1 9
2 37
8 4
9 84
4 12
2 96
7 26
3 96
3 4
2 7
3 51
5 94
6 95
10 26
2 33
7 28
6 48
2 80
10 37
3 31
2 90
4 21
9 7
9 51
5 9
3 19
1 6
1 90
4 33
7 55
2 2
9 54
5 99
8 98
4 64
1 24
7 17
8 42
3 42
9 41
5 87
6 40
3 93
4 9
4 37
7 41
5 21
10 44
7 13
3 99
10 17
8 51
10 76
3 83
7 44
1 46
8 29
3 38
5 36
4 45
2 28
9 38
3 19
2 4
2 74
1 76
10 55
5 73
6 79
4 21
9 69
10 70
10 38
3 82
4 43
10 29
3 28
5 42
5 67
1 33
6 70
5 64
6 70
8 4
10 78
3 19
10 68
1 36
4 71
8 16
9 9
10 44
9 11
3 40
9 79
4 90
2 74
1 32
6 32
9 37
3 69
10 42
3 70
7 38
10 1
5 26
8 50
10 47
2 48
9 56
8 8
10 41
9 72
1 11
6 31
3 83
1 29
5 89
3 31
10 2
4 45
3 83
3 24
7 15
9 7
7 71
3 85
6 8
3 6
4 21
9 60
1 68
6 40
4 52
4 26
9 82
1 98
10 24
10 13
7 98
8 40
7 28
2 31
9 77
4 7
2 87
8 38
2 27
9 40
5 44
6 36
10 40
6 36
4 91
7 66
10 17
6 71
1 91
8 26
4 50
4 35
6 44
7 34
10 19
6 68
2 52
2 89
8 17
5 47
9 28
10 38
1 8
4 85
3 57
4 82
7 4
10 74
6 45
10 32
4 98
9 72
5 69
7 4
8 97
10 99
8 74
8 94
9 51
7 44
3 33
2 42
7 43
7 76
6 85
5 27
2 22
8 84
10 30
3 30
5 92
4 8
10 21
6 18
5 2
8 34
10 84
4 38
6 63
9 58
10 48
10 36
5 96
2 97
2 51
6 78
4 98
5 35
2 17
10 13
4 69
2 66
3 69
7 52
4 4
6 6
4 75
3 83
3 5
10 89
2 53
8 69
9 47
7 31
7 76
8 80
4 79
3 8
10 61
10 46
8 9
7 74
2 81
3 83
9 63
2 90
10 51
5 15
9 42
9 19
7 39
4 83
4 2
1 96
2 3
1 52
10 92
4 89
3 63
2 81
10 55
7 15
1 74
9 8
4 45
10 69
8 52
2 33
10 44
10 51
4 7
2 28
6 44
7 63
7 40
1 61
1 13
9 36
5 41
3 55
3 70
4 53
8 82
8 67
3 15
2 19
2 26
8 20
3 44
1 4
9 57
9 18
7 12
8 53
4 40
5 21
7 67
9 1
6 42
3 89
2 17
5 2
9 63
6 32
6 77
5 69
9 56
10 65
1 70
9 74
1 48
8 1
5 26
8 50
10 75
7 70
6 47
7 79
5 79
6 78
4 52
3 96
3 8
3 38
2 50
7 52
4 93
1 68
9 52
5 21
3 41
3 91
7 77
7 26
8 69
3 20
8 3
3 55
2 18
5 80
5 71
4 85
6 73
6 50
6 46
10 85
3 1
8 3
4 87
9 99
8 81
2 86
7 71
2 37
8 41
2 40
9 47
6 71
9 86
4 19
3 34
5 90
1 63
10 100
10 53
7 19
3 76
5 38
2 16
7 6
2 22
8 97
9 32
6 73
1 16
2 62
7 53
4 100
7 25
4 64
6 51
4 64
5 65
2 18
7 30
2 94
3 99
8 41
4 43
8 95
4 14
8 80
1 94
3 95
3 37
7 7
1 92
10 52
4 81
8 34
1 65
7 17
9 15
1 26
10 16
4 13
2 48
10 56
8 19
10 7
7 95
5 50
4 70
5 58
8 39
10 31
8 100
5 68
6 11
3 96
8 92
3 68
7 15
1 95
6 23
1 81
3 2
2 49
5 80
9 50
9 87
4 1
9 61
6 82
2 74
2 80
6 33
2 14
9 82
4 53
7 85
4 52
7 90
3 36
6 53
6 4
5 86
1 80
4 43
2 38
5 9
1 94
5 75
9 29
1 53
7 57
9 11
1 32
9 80
6 26
1 22
2 24
8 71
6 75
10 85
8 94
3 19
5 70
3 76
4 88
1 13
10 4
6 99
2 69
7 3
2 60
2 48
2 99
6 59
9 95
1 48
9 73
4 60
8 55
9 51
8 79
10 22
4 70
9 19
10 19
5 32
2 61
4 5
10 19
10 81
10 44
8 33
1 12
6 69
5 70
3 3
5 94
6 10
8 54
7 53
9 74
5 58
4 6
4 18
8 74
2 57
10 25
7 58
10 53
3 77
3 94
9 82
9 81
5 31
7 93
9 54
7 23
9 21
3 39
5 87
9 15
7 56
8 71
5 44
6 46
6 32
10 16
8 58
3 33
6 41
3 99
8 54
1 4
5 62
3 44
3 96
5 90
8 33
10 1
1 83
2 1
2 7
5 48
10 5
6 9
1 95
6 79
7 9
10 3
5 92
7 80
7 40
6 51
5 65
5 40
6 71
7 84
7 42
6 17
5 97
6 4
9 77
7 66
4 87
10 75
4 12
2 68
9 25
3 39
3 7
10 96
1 39
9 82
2 80
5 65
9 43
3 24
5 96
5 40
2 23
9 84
4 49
8 23
10 78
3 16
7 99
1 49
9 89
8 12
9 57
8 21
2 55
2 36
5 3
8 4
10 51
3 51
4 15
1 62
8 86
4 8
1 94
10 6
1 12
1 20
1 17
5 48
3 45
7 45
9 35
8 63
7 33
5 10
3 67
2 5
8 2
8 78
5 84
4 15
5 83
9 59
2 33
4 48
8 53
5 21
5 87
7 37
7 63
10 67
5 16
6 75
4 71
10 6
5 95
2 98
2 95
4 54
7 1
6 34
3 23
1 98
9 39
9 45
4 19
8 56
5 99
7 25
10 67
3 8
3 93
2 69
8 89
4 8
10 100
8 85
1 78
6 11
5 28
2 72
1 54
9 39
10 47
2 51
3 23
7 56
3 46
1 61
2 39
7 89
3 22
8 2
7 20
10 11
7 25
5 42
10 77
6 99
2 56
4 12
4 51
4 43
5 93
9 69
9 46
6 93
2 4
4 45
4 19
1 29
1 95
7 90
