5 49
7 34
9 49
7 62
4 53
9 91
7 28
2 52
1 39
1 86
4 97
2 33
2 22
2 26
2 2
4 57
7 81
6 85
8 85
4 53
5 80
5 90
8 87
9 51
10 23
9 20
10 40
4 53
10 20
5 10
7 87
6 76
4 46
1 55
7 57
4 70
8 30
3 29
5 62
7 74
9 99
7 4
1 73
9 44
9 38
4 61
8 15
9 51
3 56
7 56
6 84
1 64
3 29
8 44
4 54
7 54
5 81
6 36
7 91
8 42
4 68
9 38
9 96
9 35
8 15
6 77
1 90
10 88
5 58
10 36
7 71
5 98
5 61
4 50
2 59
7 13
6 54
3 49
6 32
10 51
8 79
8 80
10 60
1 34
6 77
3 35
9 64
1 100
6 81
2 92
2 60
6 71
4 63
6 78
8 11
10 16
3 59
9 99
3 9
7 17
5 18
5 7
8 97
9 45
5 36
8 60
1 66
9 40
7 89
4 81
1 68
8 30
3 69
4 37
10 22
7 38
7 77
2 31
5 27
10 69
2 21
10 57
1 82
10 34
8 54
2 50
6 15
3 12
7 84
6 70
7 58
7 61
9 74
8 75
2 57
9 51
6 66
9 7
2 24
3 23
2 8
10 6
9 73
4 19
3 3
3 94
3 73
2 13
2 57
9 95
2 67
7 40
1 5
6 91
3 34
5 79
5 73
3 4
7 13
7 59
1 47
8 42
4 4
4 39
5 26
8 71
9 74
4 31
8 44
9 47
4 14
4 3
10 22
3 72
8 60
6 23
3 21
1 88
5 83
1 47
5 97
6 32
5 97
8 49
5 49
10 29
2 40
9 83
3 23
8 6
10 13
8 32
1 71
6 58
10 96
10 96
7 49
4 100
2 57
3 26
5 97
4 43
5 11
1 31
4 56
1 98
9 16
6 46
6 54
8 99
8 33
4 79
2 99
1 41
10 5
9 21
4 40
9 35
2 67
6 46
10 85
9 80
5 46
10 68
8 34
3 39
3 78
6 43
5 64
10 78
7 57
2 56
10 30
3 52
9 1
9 29
7 30
8 93
6 6
10 43
9 59
2 62
2 50
10 66
3 46
9 43
7 18
1 84
10 19
5 63
4 84
7 92
5 71
10 71
8 37
7 30
10 9
8 81
10 69
4 2
4 62
5 28
2 16
6 80
6 47
2 6
3 80
4 38
9 55
4 4
5 22
6 23
4 23
9 58
3 28
3 3
6 48
2 46
4 17
6 90
2 21
2 83
2 90
4 36
4 48
10 63
5 77
1 100
6 15
3 83
5 50
4 2
8 44
4 43
9 59
8 31
7 3
7 80
9 14
4 57
7 76
1 60
2 35
3 13
10 24
6 7
2 92
8 67
4 70
8 45
3 66
2 46
8 83
1 11
4 6
4 66
1 25
7 12
6 87
9 71
3 45
1 17
8 77
1 18
7 22
8 15
8 65
9 96
5 7
5 55
5 1
7 63
3 5
4 41
5 46
7 42
6 51
6 80
9 37
7 18
10 12
9 77
6 56
5 13
8 93
8 29
2 20
6 36
8 1
3 41
10 11
3 18
2 95
1 21
7 85
5 84
9 79
7 3
6 28
10 84
4 62
4 55
9 9
3 68
2 81
7 54
7 50
4 86
9 95
6 21
9 28
5 55
10 1
6 89
6 60
10 70
9 90
2 22
6 3
9 8
8 77
2 46
5 40
9 19
3 100
3 5
2 78
6 48
4 4
10 8
5 1
9 75
5 17
6 31
1 19
6 71
4 85
4 72
8 60
8 20
5 58
2 84
8 52
5 55
5 53
9 15
9 54
1 18
5 35
4 77
2 84
5 34
3 81
8 29
9 55
6 39
8 97
6 62
6 66
8 84
1 73
2 13
1 99
8 4
3 4
3 80
10 83
7 49
3 72
10 35
4 56
3 89
5 40
3 23
3 55
10 50
4 94
4 20
7 37
8 89
6 28
5 52
5 91
4 84
7 44
10 12
4 59
10 33
3 93
3 47
1 15
1 97
10 53
6 63
7 51
7 4
6 54
1 53
10 36
8 14
3 3
5 62
4 69
2 85
7 51
7 6
1 54
10 79
10 38
10 7
5 89
4 66
8 16
7 88
8 43
6 71
8 63
8 95
8 98
1 58
10 93
6 73
3 17
4 66
6 17
1 58
6 32
9 55
10 12
3 43
7 91
5 41
2 22
3 38
6 24
6 95
2 4
4 38
1 12
3 11
2 37
6 78
3 16
5 70
3 24
10 16
8 25
1 26
2 49
10 63
2 21
5 93
7 1
5 11
7 74
5 89
9 20
6 41
3 96
5 52
8 30
3 30
2 72
9 51
7 44
10 91
8 33
4 56
4 14
3 47
1 75
3 9
10 84
10 21
1 16
9 96
8 91
8 37
7 4
2 99
2 59
5 52
1 23
8 35
7 64
7 6
9 23
4 35
4 39
9 69
1 20
3 76
2 47
3 29
5 22
10 63
6 58
9 96
6 19
2 68
7 59
4 77
9 7
2 30
3 35
6 54
1 69
4 90
7 30
5 7
8 21
3 99
4 25
4 38
3 86
7 36
2 3
4 50
3 63
4 19
6 22
4 74
5 83
5 42
8 80
8 21
10 34
2 94
5 4
4 50
1 87
5 30
9 52
1 47
5 70
4 66
8 46
6 15
8 21
6 49
2 41
10 33
9 48
10 29
8 58
5 72
9 35
4 28
8 34
10 38
5 48
1 26
8 48
2 15
3 19
8 99
6 5
10 74
3 16
3 48
6 93
3 36
7 16
1 82
2 92
1 29
1 26
6 12
2 60
5 100
6 98
7 24
6 83
5 92
5 33
2 42
9 55
8 6
10 65
9 34
4 20
8 51
5 31
7 20
2 66
9 65
8 13
4 95
5 25
7 91
4 95
7 84
8 2
4 15
2 12
6 10
9 92
8 81
9 91
9 93
9 22
4 78
3 8
10 53
3 21
2 55
4 94
7 62
3 76
5 94
6 21
5 18
10 18
10 89
9 3
4 36
10 71
7 28
7 4
9 1
5 44
9 21
8 80
5 79
5 78
5 39
8 68
3 68
2 16
8 33
8 66
8 5
2 43
9 41
8 44
6 76
9 31
4 75
2 54
5 100
2 24
5 90
5 94
3 30
10 59
6 91
2 89
8 11
6 64
10 7
2 41
3 54
10 100
7 19
3 62
6 24
9 6
7 95
5 51
2 96
7 23
5 65
4 59
1 3
2 88
6 4
10 58
10 7
10 8
2 36
5 31
2 17
10 48
9 30
8 29
9 60
8 20
2 78
7 73
2 56
6 13
10 98
6 7
6 14
9 3
7 86
5 66
7 12
1 94
4 52
10 31
3 35
9 94
7 18
5 46
1 32
1 20
10 28
3 73
8 63
2 49
8 61
1 10
10 56
9 56
6 7
3 2
9 24
8 69
6 54
1 22
8 60
2 74
8 31
8 8
9 68
4 57
7 6
5 36
6 11
3 49
5 37
9 88
9 9
2 41
8 80
2 74
6 91
10 57
1 93
3 54
1 15
8 41
6 47
5 71
7 22
6 79
5 77
4 41
1 43
9 25
5 78
8 33
10 99
5 90
4 36
9 73
8 73
7 24
3 6
1 91
6 21
7 52
10 95
8 79
6 62
7 55
9 31
3 31
9 29
6 85
3 94
4 81
9 45
4 17
8 50
9 17
8 59
9 65
10 96
10 33
2 49
8 25
5 83
7 25
7 41
3 81
8 65
10 13
7 32
6 9
3 79
7 48
9 25
9 59
2 94
2 12
8 25
9 48
6 58
4 95
10 38
4 8
10 52
7 49
3 18
10 69
1 25
1 32
2 86
5 28
2 67
3 26
9 89
6 1
10 24
1 19
9 45
4 25
5 31
1 42
7 50
5 11
6 5
3 2
5 71
5 85
4 13
3 35
5 23
5 74
9 74
1 60
7 73
1 23
9 19
1 71
9 13
9 76
2 53
5 46
8 64
4 2
7 50
2 62
7 56
9 80
3 34
2 7
2 43
9 63
9 50
5 73
10 7
6 76
2 7
9 18
7 53
1 55
7 73
7 87
1 63
9 47
9 54
3 10
10 27
7 94
6 18
10 43
5 75
5 47
3 62
4 5
10 45
9 67
6 83
4 86
7 78
2 83
2 29
3 49
6 60
6 6
4 62
5 57
8 74
6 73
9 46
2 96
7 8
4 92
5 94
5 73
4 74
5 27
8 31
10 94
5 19
7 12
3 78
6 76
3 16
4 21
6 7
4 61
9 12
9 41
5 56
4 21
7 6
9 5
1 96
1 71
9 20
3 24
10 90
5 51
5 16
5 29
4 1
2 80
1 79
5 53
2 51
10 76
1 64
7 32
2 4
8 100
5 91
2 34
7 50
2 38
3 95
3 32
10 28
9 23
8 26
9 18
8 13
10 53
2 89
8 31
10 28
1 40
10 91
2 66
5 43
4 42
9 29
