6 79
3 94
2 82
2 76
3 80
4 18
9 78
6 14
6 52
6 13
6 94
3 24
4 41
9 25
3 36
5 35
4 36
7 70
2 38
1 57
4 25
2 23
4 69
2 60
8 86
2 49
7 25
8 2
1 25
3 41
1 82
1 21
2 60
5 20
10 42
7 81
8 70
1 74
7 94
8 15
8 89
6 85
5 20
7 34
2 31
10 36
8 84
6 85
1 51
3 7
3 49
1 9
10 23
4 83
8 65
1 42
7 9
1 52
2 50
2 63
2 67
2 68
7 74
9 80
7 13
1 23
7 100
10 65
8 72
9 74
8 72
2 34
6 86
1 14
9 48
1 14
2 2
3 84
6 45
9 2
7 30
1 12
3 81
2 1
9 48
1 80
6 12
1 90
1 16
2 7
8 1
6 67
9 22
4 60
2 12
1 62
7 22
9 38
1 24
1 24
7 69
10 67
10 87
10 39
10 94
5 64
6 10
9 49
2 44
1 56
10 19
9 9
8 84
7 86
8 7
2 66
3 85
8 25
8 20
10 81
4 94
1 19
5 18
8 93
3 83
5 65
10 95
9 58
1 94
10 50
6 33
8 29
8 17
6 85
10 60
4 32
3 2
2 34
4 49
10 63
6 81
2 73
4 44
1 7
1 62
10 24
8 83
1 63
1 38
7 96
6 18
2 99
5 51
4 4
7 76
2 51
4 29
8 2
10 13
4 14
8 73
3 23
9 95
2 17
7 98
9 88
10 6
5 46
7 6
3 45
6 87
6 92
5 22
4 15
10 62
4 11
6 7
6 91
9 37
6 86
9 46
10 94
10 85
3 87
9 5
8 1
7 32
6 38
4 46
1 32
7 87
9 43
6 8
3 64
8 36
5 75
4 6
1 55
6 15
3 76
10 45
10 36
6 85
2 71
7 35
9 61
10 41
9 18
5 48
4 7
4 56
3 48
7 21
10 82
8 90
8 34
10 18
7 3
3 70
10 9
5 38
8 19
5 40
7 92
5 43
9 94
5 45
7 12
9 77
3 59
1 57
3 100
6 55
9 76
10 94
10 44
4 80
7 44
5 83
7 24
8 69
2 43
7 24
4 24
5 45
7 86
9 61
7 39
6 18
7 93
5 73
1 54
5 95
10 74
7 14
3 15
7 50
3 21
2 77
8 32
2 72
3 87
3 40
6 71
5 34
9 33
4 39
6 65
3 52
2 28
5 22
10 9
3 89
6 96
1 7
10 47
7 84
9 95
3 93
2 91
2 98
3 60
4 2
3 1
7 7
1 54
8 58
5 65
3 48
5 40
5 82
5 54
3 7
3 88
6 49
9 32
2 8
10 10
7 39
10 84
8 87
7 76
6 34
1 32
1 1
6 1
6 55
3 85
6 6
5 84
8 47
2 54
2 66
7 96
8 84
8 68
3 62
1 14
5 79
1 53
6 82
5 92
1 65
10 35
7 62
8 62
1 24
7 76
1 26
6 92
5 16
6 29
7 39
7 97
2 84
4 41
4 25
6 83
6 8
7 13
8 25
5 98
10 79
3 7
4 74
5 40
7 68
5 32
3 97
2 43
3 54
3 44
10 39
10 76
2 9
7 10
9 100
2 84
3 24
1 31
6 3
3 3
2 99
5 9
2 54
1 50
7 4
7 49
10 20
3 38
1 40
8 8
7 90
5 100
3 64
1 71
2 37
5 65
3 41
4 64
9 8
10 93
8 50
8 62
7 8
5 85
4 3
10 21
2 1
7 79
10 26
7 52
1 92
1 38
1 55
1 32
5 72
9 20
6 5
9 8
8 71
9 13
5 16
2 53
6 100
5 24
8 7
10 25
6 79
5 74
2 57
7 26
4 31
10 31
3 65
8 54
6 88
4 51
6 43
3 5
8 95
3 10
9 22
9 72
1 100
6 82
5 57
8 26
10 35
4 35
5 96
6 62
6 17
6 25
9 35
2 1
7 81
7 47
2 27
2 43
5 2
10 28
7 26
8 19
10 77
2 94
2 72
6 65
1 5
1 97
4 80
9 93
6 67
5 78
3 35
2 82
2 32
5 22
4 57
10 26
2 48
6 10
5 9
10 6
8 19
10 98
9 95
4 56
4 14
2 76
3 9
4 94
5 88
10 15
10 68
3 14
3 30
4 70
10 90
5 26
8 49
3 8
10 91
10 59
6 36
9 91
8 50
6 47
4 80
6 95
6 62
10 76
4 22
2 62
8 47
4 53
2 61
6 63
3 13
2 65
1 38
10 37
10 57
10 9
8 85
3 43
9 88
1 76
3 27
7 82
7 45
7 70
5 20
4 16
6 68
10 11
1 16
5 85
1 94
7 15
8 51
5 21
5 97
8 54
4 63
8 71
8 39
10 22
6 34
4 73
7 28
7 25
7 66
5 91
8 18
6 94
1 11
4 95
2 90
8 17
8 64
7 87
3 66
2 29
5 39
4 88
5 6
8 63
3 28
5 71
7 4
5 5
6 82
7 75
10 50
2 78
5 36
9 56
1 53
1 34
7 79
6 24
2 29
8 40
4 46
5 93
5 61
3 81
4 91
9 43
6 77
8 40
5 45
6 28
2 36
2 22
10 18
5 85
9 13
8 85
6 87
1 29
5 72
9 42
8 73
4 46
8 4
10 60
3 76
2 77
7 80
10 17
9 40
1 51
2 95
9 13
2 53
1 40
3 30
7 68
7 44
8 80
7 58
10 22
2 37
4 79
4 40
1 94
6 44
1 86
2 75
8 13
6 83
6 76
1 41
1 78
10 51
2 90
3 68
10 49
4 80
6 32
5 77
2 82
10 72
7 66
5 96
2 77
3 92
1 3
7 96
10 81
4 4
3 58
7 5
10 94
2 25
9 5
10 57
9 21
2 26
9 60
6 94
3 84
9 45
10 44
1 32
9 84
2 21
9 6
3 25
7 1
10 44
3 75
9 23
7 6
9 76
2 35
10 98
1 55
1 54
7 95
1 79
10 4
4 64
10 41
3 89
6 29
9 44
8 85
6 85
5 62
9 4
1 19
3 27
10 50
8 52
4 17
7 1
7 13
7 91
2 63
1 92
7 47
2 75
3 3
5 83
5 24
6 39
2 40
7 49
5 76
7 85
6 36
1 41
3 14
3 87
10 68
9 67
8 3
4 19
1 53
4 37
5 58
1 25
1 18
2 45
3 94
7 21
4 34
7 3
3 64
1 68
5 8
3 93
7 41
5 66
8 87
1 93
6 45
5 86
1 77
10 14
1 100
1 82
4 86
10 12
8 27
5 18
9 44
3 90
2 68
10 62
2 33
5 16
3 52
2 70
10 74
3 5
8 81
8 35
3 48
1 67
4 63
10 49
4 66
5 47
9 52
2 64
4 88
1 96
2 17
4 93
5 48
9 25
2 14
7 32
3 40
4 69
9 11
2 24
3 60
1 64
3 27
10 40
8 78
9 28
10 5
4 54
8 6
6 26
7 87
7 68
2 66
4 45
10 3
3 37
6 69
5 7
9 31
4 34
10 69
4 9
4 12
5 15
9 78
2 37
5 91
8 77
9 94
2 95
4 17
6 27
3 69
5 34
5 88
10 46
9 56
8 74
8 5
6 38
1 20
4 41
1 23
9 25
10 25
10 48
2 11
10 65
8 88
7 81
5 91
3 52
6 27
3 79
6 25
3 37
6 94
9 71
2 39
10 89
8 58
9 67
8 57
10 68
9 83
8 23
2 64
8 44
1 23
6 93
5 91
3 98
9 17
5 46
9 2
8 49
9 49
1 76
10 49
3 37
4 76
2 44
1 39
10 29
10 78
9 19
2 32
2 6
5 54
3 31
2 53
1 2
7 34
2 48
1 57
2 74
3 17
4 81
9 47
4 69
6 90
3 82
7 4
7 54
8 64
1 77
7 80
10 41
7 65
6 39
3 9
8 20
8 85
7 29
8 33
4 98
10 26
10 49
10 15
2 24
10 7
4 24
9 38
3 61
8 26
1 51
9 70
9 83
1 64
1 12
8 85
8 38
2 14
6 13
2 32
8 81
1 75
10 29
1 88
6 33
10 74
9 95
10 100
3 67
8 86
9 27
4 38
1 7
6 18
5 56
2 79
2 44
6 92
8 59
6 25
6 89
1 87
10 8
8 3
1 100
7 63
4 45
9 33
4 26
2 42
1 25
7 74
1 51
7 59
2 22
4 71
3 88
6 99
6 52
10 58
10 29
3 48
2 39
5 61
8 75
9 78
10 1
5 75
4 93
1 82
8 79
1 80
7 96
7 93
7 99
10 46
7 92
2 8
1 24
10 8
1 10
5 75
10 67
10 75
6 17
1 63
10 85
2 28
10 43
7 29
5 39
9 55
8 55
8 42
1 57
3 31
4 59
5 4
6 16
6 37
4 49
4 53
10 1
10 88
6 83
8 28
10 51
1 28
8 8
8 72
4 17
7 5
5 70
6 92
2 66
5 2
7 47
5 12
10 42
7 28
2 42
10 88
4 24
9 90
