3 87
10 14
1 41
9 75
6 24
1 53
4 100
6 65
2 11
7 42
2 9
5 33
7 17
2 33
1 89
1 2
8 81
6 47
2 16
6 14
2 4
3 93
2 36
10 86
8 25
8 58
1 91
1 20
1 91
1 54
3 62
4 70
6 44
5 75
5 6
9 14
4 25
2 24
9 1
2 81
6 70
10 40
5 75
7 74
6 37
6 45
10 78
8 50
8 36
10 31
10 40
1 19
7 28
5 88
6 30
8 36
9 46
2 3
8 56
4 56
9 54
4 38
1 25
1 35
6 20
7 54
5 9
8 23
2 73
4 79
5 47
9 33
6 85
10 26
1 94
6 90
10 84
2 89
6 54
8 45
1 22
10 92
2 82
4 40
7 16
4 39
9 52
7 32
4 98
2 4
9 6
3 99
1 17
2 95
10 93
10 12
10 29
8 97
7 94
10 18
6 85
9 15
4 35
8 54
4 11
1 18
2 87
4 64
7 31
8 26
3 91
1 51
2 100
1 37
10 25
3 15
6 20
9 19
2 85
4 59
2 78
7 17
3 34
4 77
8 44
5 36
5 7
6 14
6 20
10 100
3 32
5 73
9 53
3 68
6 20
6 19
7 53
1 65
9 22
10 13
7 93
5 56
6 66
3 95
1 22
3 51
7 63
9 36
1 27
10 88
4 39
6 53
3 82
4 15
6 72
10 89
2 70
6 26
3 71
1 95
10 68
6 45
8 16
7 25
4 36
8 41
9 83
2 9
5 42
4 22
1 99
8 4
4 43
5 94
6 78
7 5
2 39
4 93
1 37
1 84
10 2
5 93
5 51
8 81
5 21
9 46
4 35
9 52
3 88
1 37
4 92
7 3
2 31
9 29
5 22
1 33
10 87
10 46
2 43
7 87
10 31
7 15
5 81
8 27
10 45
6 45
1 44
7 98
8 68
2 29
2 86
3 3
4 81
7 91
10 84
4 8
3 60
5 41
7 88
6 1
4 78
2 48
1 19
4 62
1 66
7 31
9 1
9 43
10 21
2 93
9 6
2 47
3 64
4 9
6 76
3 31
4 86
8 37
4 100
3 90
5 100
2 12
1 4
9 21
9 15
4 22
7 55
3 13
5 46
4 37
9 70
5 5
5 59
4 28
7 15
6 7
3 16
3 65
10 62
1 20
3 7
2 56
6 97
3 94
4 84
1 43
8 14
5 15
8 99
1 81
4 13
10 5
5 52
8 77
2 63
1 37
9 13
6 13
7 4
5 33
9 72
7 74
5 30
6 52
10 91
3 8
2 13
2 79
6 46
8 16
7 72
10 55
3 65
8 43
8 47
8 43
5 32
1 10
8 44
10 49
8 12
4 29
9 12
4 22
8 12
6 58
7 49
8 31
4 55
7 73
2 90
3 92
9 82
6 79
4 36
7 33
9 72
5 29
3 61
4 93
6 7
1 79
7 85
2 53
8 38
3 95
5 38
10 12
5 27
2 33
1 33
2 85
2 84
2 3
2 76
1 49
8 100
8 48
4 8
7 17
2 96
2 10
3 54
1 82
9 3
1 49
4 75
6 53
2 88
10 7
9 2
10 66
3 93
1 63
6 6
7 70
9 59
1 64
7 63
1 38
4 90
10 22
7 55
7 9
3 52
6 89
4 86
3 48
6 47
4 98
2 8
8 73
8 24
9 67
7 24
9 58
10 40
2 59
4 92
10 92
4 95
4 93
4 9
9 38
6 93
6 4
7 94
1 77
10 48
4 94
8 13
1 64
5 9
5 6
9 43
10 19
9 27
10 79
4 90
7 37
4 25
5 5
1 10
7 31
6 29
8 65
9 7
1 4
4 73
7 10
9 19
1 85
1 7
4 64
8 25
1 36
1 6
9 49
5 11
6 83
7 60
4 28
8 45
2 16
7 75
10 80
6 64
1 47
6 18
5 43
8 27
5 76
4 55
7 21
5 6
9 76
4 33
6 47
1 23
5 93
7 25
1 78
3 79
7 21
7 82
6 16
6 76
2 85
7 74
7 39
8 85
5 3
4 47
3 59
10 46
2 62
1 77
5 14
3 51
8 34
9 9
1 3
10 26
1 19
6 17
1 29
10 56
10 64
3 88
9 62
9 18
10 33
6 93
2 19
8 49
8 87
3 48
8 68
10 35
8 77
6 30
9 22
10 93
8 70
4 91
2 66
8 86
4 31
3 59
2 60
4 48
6 12
2 47
10 23
8 95
1 55
1 71
5 30
6 15
8 42
5 83
1 82
1 26
4 52
5 76
10 4
7 36
5 92
5 18
9 93
4 69
3 55
5 97
9 9
2 55
3 84
7 30
1 34
4 94
8 83
1 100
3 4
6 6
9 92
9 53
7 12
10 97
3 39
3 96
3 31
2 39
3 36
8 18
2 94
7 99
9 13
6 99
1 49
6 13
6 88
7 76
1 38
5 16
6 24
3 64
10 9
2 31
9 77
1 25
2 78
7 97
2 54
3 89
2 84
10 22
9 47
8 39
6 86
2 73
4 13
6 45
5 65
6 86
6 59
8 77
8 15
5 59
5 89
9 10
8 75
9 76
7 74
5 25
10 80
7 12
5 3
3 59
5 17
8 40
6 4
10 15
4 68
1 21
3 7
3 29
8 24
7 52
4 61
9 80
1 92
5 78
2 54
7 49
1 4
7 46
9 70
1 31
7 5
4 40
5 39
10 12
3 10
8 92
1 87
1 2
8 79
3 3
6 57
7 1
2 70
9 91
6 33
8 93
1 42
10 39
1 94
5 42
1 29
10 15
9 81
6 13
3 59
1 90
4 81
6 97
2 51
9 15
4 98
10 45
2 39
9 62
3 4
4 62
8 70
6 98
2 31
4 95
7 50
2 27
4 74
4 99
4 60
3 71
7 57
4 50
9 56
6 18
8 93
4 37
3 87
4 52
4 56
10 41
3 35
6 22
6 71
1 29
10 31
5 62
2 86
5 98
10 13
1 18
5 28
5 68
8 46
1 18
8 41
2 35
2 94
5 8
3 25
7 72
8 14
2 1
1 4
4 71
2 67
7 79
8 38
7 61
1 90
5 38
3 2
8 45
3 59
3 45
2 88
4 68
7 60
10 15
8 88
6 11
8 41
2 56
10 14
5 97
7 55
7 71
5 90
9 91
7 47
4 79
7 67
5 89
3 33
8 49
9 30
5 52
8 11
4 25
1 25
3 20
7 17
9 18
10 22
1 21
1 92
10 85
8 31
7 51
3 1
1 6
8 85
6 99
10 17
3 35
3 67
7 70
7 48
1 90
5 37
6 79
2 84
1 36
6 80
9 98
8 48
3 66
7 10
7 29
8 7
7 74
6 27
6 10
7 28
9 52
3 45
5 16
9 46
1 18
2 85
1 97
10 19
6 82
2 4
1 24
5 10
8 56
2 86
7 86
4 42
5 90
3 92
3 42
8 98
2 27
4 83
2 90
7 84
8 69
7 41
8 5
4 64
10 55
7 76
7 28
2 17
9 67
1 18
5 35
10 92
10 41
5 89
8 40
3 57
7 83
4 22
7 15
9 95
10 27
3 81
5 86
8 53
3 57
3 92
4 28
8 68
9 3
8 8
4 22
3 41
3 97
8 66
4 68
2 10
6 31
6 48
2 10
9 38
7 88
10 22
1 10
7 74
5 98
5 76
6 85
7 64
6 19
9 99
2 7
3 57
9 11
8 81
5 62
3 52
9 52
1 4
3 43
8 19
3 68
8 45
7 90
3 31
4 35
6 10
7 48
5 24
1 56
2 10
10 76
2 75
5 54
9 45
10 68
10 38
7 13
2 2
4 19
5 56
5 72
8 50
4 74
9 67
4 33
8 29
10 41
2 68
7 74
2 70
7 57
2 27
4 60
8 72
8 73
5 81
6 27
5 17
10 34
1 87
1 31
7 2
7 41
2 1
1 26
4 10
6 46
9 62
10 49
4 62
4 80
7 52
6 54
1 28
8 49
6 58
2 97
4 71
10 68
4 72
9 81
2 22
2 38
8 79
2 72
7 42
3 96
8 3
1 32
5 58
7 29
2 38
2 35
7 50
8 34
6 68
4 36
2 82
7 23
3 70
2 74
9 53
2 56
10 81
2 82
10 97
6 91
5 62
4 70
4 23
7 62
4 61
2 33
9 21
2 72
1 20
4 63
1 78
2 90
1 26
3 23
4 10
8 43
2 58
6 1
2 8
2 82
8 43
4 56
10 76
1 48
2 92
2 34
8 11
8 25
6 71
1 64
8 96
6 13
3 23
2 64
8 35
3 89
2 59
5 91
9 39
1 76
4 94
6 51
10 49
1 36
5 70
4 100
7 28
5 53
3 95
8 80
10 16
6 14
1 24
5 37
7 74
10 65
10 30
2 91
6 95
4 69
8 45
9 87
9 46
10 79
2 8
2 5
5 76
10 26
5 77
5 79
10 68
1 53
8 96
10 45
6 74
8 38
7 71
4 22
2 41
6 86
10 20
10 82
4 63
