5 37
2 98
2 93
8 42
4 88
1 25
9 4
9 10
4 43
1 39
8 48
4 85
6 72
9 90
10 37
7 45
3 77
7 60
2 26
3 62
10 89
8 25
3 13
1 33
9 87
1 23
1 4
7 17
5 7
7 90
4 51
2 42
8 53
3 39
3 61
5 19
10 6
8 27
5 46
6 93
4 71
5 31
8 63
2 71
8 23
7 34
7 82
6 65
9 63
4 80
6 97
10 79
1 60
1 34
4 52
4 25
4 24
1 29
5 77
7 23
10 6
5 10
5 42
10 83
10 60
9 2
3 94
5 87
9 45
6 65
2 29
9 26
1 82
9 67
4 71
8 24
6 10
2 59
10 1
8 72
6 5
1 24
3 73
1 11
3 98
1 17
5 49
7 16
5 61
8 36
10 80
10 75
7 81
10 80
2 49
3 55
6 20
6 12
2 89
10 58
7 27
10 23
1 82
9 42
7 1
9 44
3 52
3 7
6 69
5 45
9 46
10 18
7 25
5 33
1 27
6 21
6 15
4 64
8 59
4 77
4 42
9 27
5 72
4 50
10 24
4 6
9 39
7 42
5 30
10 32
10 46
8 16
8 48
1 50
4 65
7 92
5 32
3 81
6 100
8 86
5 56
2 31
8 96
8 34
10 34
3 71
3 79
3 30
2 53
9 43
5 10
2 77
4 91
2 75
9 70
1 59
2 54
3 33
2 26
8 40
9 41
9 84
6 85
8 76
7 61
4 74
1 58
3 90
6 78
2 40
7 16
4 78
3 70
9 66
5 60
10 25
7 46
8 89
9 60
1 9
2 90
4 3
10 7
6 47
1 55
5 35
8 14
5 43
3 88
7 84
3 54
4 100
9 31
3 84
8 93
8 74
8 46
7 91
4 4
4 57
4 56
8 98
4 23
2 90
2 75
2 90
10 37
4 42
6 14
4 36
3 35
6 51
3 50
10 36
3 74
2 68
7 3
2 61
5 15
5 62
1 69
6 68
4 41
3 63
10 88
3 2
2 66
2 4
7 74
1 4
8 19
9 88
1 26
7 98
1 11
4 84
7 97
9 10
2 96
6 94
3 34
6 96
7 27
5 36
5 50
2 53
3 75
6 56
9 86
7 66
9 38
9 67
7 66
6 48
4 73
10 88
2 86
9 55
8 34
3 60
1 6
7 93
9 64
7 25
4 39
8 90
6 89
5 76
3 58
9 11
1 53
1 13
6 89
3 28
3 18
4 63
9 18
9 75
3 33
8 70
8 13
1 69
6 23
7 71
9 79
6 69
4 82
7 100
6 71
7 62
1 67
1 26
10 26
5 76
3 23
9 40
1 84
1 10
8 8
4 99
4 14
8 8
5 79
5 82
2 87
6 29
8 1
6 9
10 22
5 34
4 84
1 87
8 92
2 87
10 53
6 42
3 55
8 47
9 29
8 95
7 67
8 97
1 33
4 36
6 65
10 87
7 8
5 43
8 68
1 44
3 77
5 21
4 6
2 74
3 55
10 66
6 86
4 90
10 3
2 30
6 65
8 89
10 62
4 23
7 70
2 95
7 37
1 51
1 31
2 34
1 90
5 16
8 91
3 21
6 90
4 71
7 16
5 90
1 54
2 80
1 92
9 82
5 72
7 22
9 26
4 77
1 49
9 81
7 44
10 44
3 66
1 89
1 31
8 1
6 29
1 81
5 60
9 43
7 10
8 87
7 23
3 73
7 56
6 84
4 79
8 73
7 99
3 22
3 23
4 66
3 54
2 75
10 92
8 12
7 64
3 41
8 37
10 24
3 52
2 94
5 73
4 3
6 86
5 87
4 18
1 22
8 89
8 58
1 49
4 100
7 49
9 81
6 30
1 88
3 68
6 94
1 79
5 58
3 51
1 91
7 77
1 3
3 87
10 53
6 48
10 95
9 22
4 35
6 20
4 72
5 81
5 54
3 71
10 2
5 33
8 63
3 48
7 99
4 44
2 9
6 3
9 98
5 34
8 98
2 13
10 21
10 34
1 31
10 54
6 72
10 4
1 31
3 82
3 61
5 10
2 98
9 50
3 31
7 49
5 3
9 71
10 13
5 83
2 92
5 44
9 94
6 5
6 58
6 77
1 84
5 71
7 84
3 99
8 84
1 36
2 38
3 67
6 37
8 69
2 79
2 96
6 18
6 31
6 37
8 72
8 27
5 23
10 6
7 89
7 63
5 62
10 58
1 13
4 46
2 63
3 13
8 64
3 59
3 70
9 84
5 86
7 71
5 69
3 12
7 52
1 2
1 72
2 40
8 29
6 95
6 18
3 14
3 7
6 57
9 91
7 94
6 5
6 29
6 33
4 20
7 83
2 20
9 65
10 28
1 31
9 80
4 73
5 9
10 20
8 56
3 5
5 56
5 7
5 18
4 56
2 68
10 36
6 26
9 10
6 73
3 75
10 77
1 1
2 47
2 81
10 36
6 1
8 53
6 41
2 93
3 45
10 8
3 1
9 90
8 94
6 64
3 1
1 2
3 56
4 51
2 44
10 30
10 62
3 99
2 92
4 65
4 33
7 30
1 11
2 2
8 85
4 13
10 92
4 76
2 13
5 34
8 18
10 80
10 69
2 52
9 42
10 85
5 51
3 72
5 66
4 44
2 64
4 59
1 42
10 42
6 61
7 60
3 91
1 84
8 20
7 100
2 76
8 42
9 63
2 18
8 91
7 10
6 2
9 99
5 17
9 3
1 2
2 49
10 83
3 85
5 98
7 57
6 46
2 1
4 46
5 97
9 4
3 79
7 91
1 28
9 91
5 61
1 20
6 80
10 94
10 3
7 88
1 36
2 99
3 95
2 11
3 85
4 37
2 87
9 60
3 47
2 74
9 11
10 86
2 9
3 88
7 90
7 5
10 24
2 45
10 86
5 43
6 90
6 64
7 19
2 72
4 52
6 15
4 6
4 76
6 22
9 65
7 3
3 30
10 59
2 63
9 24
3 93
4 71
9 52
5 17
2 80
8 23
4 38
8 16
7 63
1 85
9 76
2 88
3 37
5 62
5 4
10 40
6 1
9 53
2 1
8 35
3 67
4 95
10 11
7 63
9 38
10 11
8 19
4 35
7 37
6 41
2 66
3 42
1 48
9 20
9 50
1 64
7 74
10 85
5 2
4 93
2 93
3 51
1 80
5 35
7 67
2 11
5 51
7 58
6 41
8 95
1 21
8 72
10 68
6 8
3 3
3 84
8 93
9 10
5 9
2 12
9 90
3 81
8 40
3 29
6 5
5 15
6 16
5 43
4 69
6 30
1 57
5 31
3 46
6 100
10 36
10 26
5 39
7 78
8 9
7 82
5 31
5 83
1 24
9 33
9 98
6 24
1 2
7 74
6 26
2 36
4 74
9 74
5 37
5 91
6 70
9 68
1 31
8 21
6 17
10 42
1 22
6 61
1 97
5 2
5 48
7 95
10 63
3 26
3 84
2 8
1 31
4 45
1 22
2 78
8 51
7 95
2 54
9 47
6 41
1 89
1 65
7 65
7 47
9 100
10 45
2 69
5 84
5 32
1 83
9 81
10 74
6 55
7 69
10 11
2 63
9 85
9 55
10 49
10 50
8 87
10 95
4 29
5 53
2 2
8 23
7 8
7 78
3 14
1 39
4 64
3 55
2 49
7 65
9 64
3 76
6 3
10 59
5 4
5 14
3 77
9 65
2 4
8 55
3 20
2 93
1 83
3 26
6 17
6 84
1 94
3 61
3 40
10 68
3 100
8 38
4 10
2 57
7 32
10 49
5 57
9 70
1 56
8 42
1 5
7 87
9 82
7 57
6 2
9 58
8 79
2 55
4 22
9 60
8 74
10 67
7 41
10 23
10 99
3 8
1 41
4 55
5 93
10 51
9 89
1 42
1 90
2 27
2 76
10 62
10 91
4 39
9 49
3 47
3 91
2 15
4 86
3 11
9 51
6 84
6 6
1 51
9 52
6 55
6 12
1 25
2 54
4 23
10 12
2 70
5 68
7 37
6 78
2 91
2 87
1 93
8 80
8 78
8 90
4 95
10 58
4 3
8 37
1 68
6 13
4 73
3 60
1 93
6 35
1 24
8 98
8 8
7 55
6 18
7 36
5 100
2 63
1 36
3 49
7 71
6 34
5 95
4 57
7 2
6 52
2 93
8 27
9 70
6 27
7 75
1 25
2 76
7 45
6 83
4 69
2 42
4 98
10 5
6 88
8 26
4 81
7 23
1 28
4 7
4 76
3 10
6 2
2 16
2 18
7 52
9 54
3 70
10 82
9 26
3 28
6 71
7 90
7 21
7 95
1 75
5 86
8 6
4 35
6 47
5 32
2 4
4 36
6 79
3 4
2 98
5 54
4 2
9 59
5 71
3 16
4 18
3 6
4 76
2 31
2 47
9 49
5 98
6 54
10 100
7 50
2 90
5 98
5 20
4 17
7 74
9 64
10 32
8 31
1 27
1 15
10 83
4 73
3 7
1 41
