6 5
2 57
2 50
5 14
8 47
2 67
3 53
4 97
7 49
1 93
2 9
10 47
4 35
1 60
3 75
3 75
9 100
8 80
8 80
2 13
9 79
6 75
9 42
1 69
9 98
7 96
7 7
8 51
10 18
1 54
9 35
2 51
1 55
3 8
1 79
1 100
3 54
10 48
7 50
1 26
8 27
2 74
8 64
3 6
3 55
4 84
5 15
3 22
6 4
1 9
2 48
3 47
5 9
5 24
5 72
6 100
9 65
6 8
10 81
5 70
2 57
7 54
8 80
5 27
3 57
5 44
8 38
1 89
10 69
1 6
10 93
2 2
3 49
4 80
3 69
1 15
10 6
9 33
4 97
7 91
6 8
5 23
3 69
7 67
8 60
2 6
4 92
5 97
1 97
9 20
8 1
5 3
3 28
3 43
5 83
7 42
2 42
5 64
2 6
5 1
8 79
3 4
7 1
7 53
8 82
7 11
9 100
5 51
1 65
10 34
7 57
2 20
6 23
6 30
1 25
10 94
1 54
9 76
3 85
3 37
4 60
10 85
7 15
1 42
9 11
7 93
10 76
1 52
9 11
5 21
10 92
3 27
8 92
2 11
4 15
4 42
7 87
8 42
10 45
3 90
5 55
2 92
4 78
10 2
3 46
6 90
3 5
1 15
6 35
10 24
10 76
5 12
10 3
2 2
10 98
3 28
1 30
2 56
1 78
1 48
6 80
1 15
10 16
8 15
6 38
6 54
9 55
2 82
4 95
7 66
1 3
3 52
2 66
7 27
3 49
9 32
1 44
3 98
9 84
4 99
1 76
8 91
3 20
9 29
6 49
9 84
9 99
3 9
2 56
9 10
4 6
5 83
9 8
7 57
2 17
10 67
8 63
7 7
2 36
7 96
8 95
1 26
2 22
1 72
4 20
9 6
8 46
7 20
5 66
5 66
9 64
3 30
2 81
9 68
6 50
8 52
5 75
1 43
4 89
8 12
4 41
3 58
1 23
7 16
8 80
5 28
4 76
1 45
6 3
8 63
8 43
4 1
6 83
9 91
7 16
10 62
5 97
6 62
6 80
2 7
4 44
2 31
5 14
4 47
9 13
3 69
8 30
7 63
6 84
10 63
7 29
8 74
1 51
4 38
5 74
7 4
5 3
2 68
2 1
7 2
6 11
9 61
1 27
8 53
1 71
8 61
8 22
7 20
3 98
1 99
3 48
9 52
4 89
5 13
7 97
9 99
4 73
6 63
3 79
5 92
1 10
2 75
4 99
9 83
8 76
7 87
4 11
10 83
8 18
6 68
2 63
2 61
3 99
2 67
7 45
8 51
9 66
2 67
8 63
6 52
3 79
4 76
5 50
4 28
2 14
1 84
9 86
3 6
10 13
8 21
7 2
5 96
4 6
4 7
5 42
9 42
7 28
3 5
8 53
2 76
10 21
6 25
3 7
1 67
7 47
10 37
6 37
3 52
7 12
5 58
9 13
7 74
5 43
3 54
10 21
9 79
7 3
5 19
6 53
10 3
7 76
4 20
3 87
1 18
7 87
2 21
1 11
4 36
4 40
7 59
4 89
5 4
7 91
6 10
1 24
1 43
6 58
1 25
6 95
6 8
8 30
1 18
7 85
7 99
3 59
2 44
6 78
4 92
10 11
5 35
4 77
10 11
1 43
2 23
9 17
8 39
4 87
8 46
1 42
5 12
1 28
4 97
10 7
8 19
9 49
3 56
10 27
1 18
3 4
9 8
6 58
9 2
6 32
8 26
5 30
6 7
4 11
3 79
8 12
7 84
6 55
10 63
9 95
4 9
1 94
8 48
7 37
5 14
7 19
1 45
8 78
2 76
3 23
10 21
10 82
9 84
9 51
2 43
5 4
3 60
7 7
4 85
10 58
6 15
8 6
6 59
6 97
8 18
8 58
9 43
2 76
5 94
7 98
8 12
6 90
8 90
5 80
7 80
9 38
8 97
1 74
1 60
10 64
3 49
8 54
6 17
4 67
2 44
5 28
8 62
2 14
4 73
10 93
7 14
3 44
8 27
9 91
4 72
10 54
7 35
5 49
1 11
7 46
1 96
6 1
10 69
5 71
1 98
9 61
6 62
5 1
8 97
8 89
6 16
10 100
7 90
2 53
1 17
2 13
2 14
5 5
3 30
3 66
10 56
2 18
10 40
7 48
1 17
9 32
4 18
8 68
4 90
7 11
7 56
9 77
9 59
8 92
8 92
10 26
4 9
7 3
9 32
8 14
10 93
10 84
6 36
7 53
4 73
5 63
5 39
3 41
6 39
9 5
10 71
8 43
7 29
9 87
9 14
9 38
5 41
10 92
4 65
9 68
5 65
6 45
10 21
2 50
8 54
7 94
8 71
2 38
10 45
9 40
10 39
6 28
2 47
6 50
3 65
7 39
4 34
3 25
6 88
3 23
10 3
4 10
4 64
3 6
10 73
2 52
2 37
10 53
6 45
5 28
7 85
9 86
6 6
9 75
1 36
4 96
3 75
10 60
4 6
7 52
7 89
2 44
3 6
5 8
10 3
10 56
6 75
9 72
9 87
1 59
8 15
8 42
5 53
8 25
2 46
9 39
3 16
10 69
1 53
5 85
1 31
2 32
5 40
2 41
8 73
8 76
6 74
5 20
6 10
4 86
8 2
2 76
9 7
10 17
1 70
10 13
9 83
6 69
9 45
6 50
3 73
1 16
7 38
7 43
6 54
7 21
3 28
4 78
6 2
7 5
3 77
5 96
8 91
7 15
2 13
10 26
8 87
1 57
7 2
2 54
3 21
10 63
3 7
8 69
2 52
3 29
9 78
2 69
9 45
4 86
8 52
7 37
9 15
8 93
3 34
4 10
9 26
2 24
6 39
6 90
6 10
3 80
10 58
8 12
1 95
9 42
8 6
9 92
4 40
7 50
7 42
7 98
3 54
5 19
9 80
4 64
8 56
4 92
6 84
1 25
2 61
7 75
6 80
3 35
7 51
10 13
5 34
9 58
3 12
1 82
3 3
6 15
8 93
9 52
9 31
8 17
10 52
8 88
4 44
2 76
8 76
6 22
4 58
8 51
8 61
3 52
6 66
2 88
4 2
3 75
1 33
7 48
1 52
3 83
9 24
8 25
3 38
8 57
1 83
6 24
1 17
10 76
6 7
8 75
8 26
3 19
10 10
1 33
1 73
6 39
6 7
5 58
4 26
9 98
10 100
3 81
6 39
3 28
10 89
8 98
8 2
4 38
10 40
10 16
2 94
6 3
7 32
1 26
6 31
9 73
1 69
3 35
4 80
3 70
8 20
10 43
1 58
7 41
10 48
10 33
9 4
1 28
6 2
2 57
7 62
7 33
1 50
1 77
9 16
2 12
2 40
6 94
10 94
3 36
2 75
1 69
7 67
4 7
10 34
10 52
10 63
6 80
4 3
7 28
1 46
6 44
5 65
2 78
6 49
10 71
10 84
6 88
10 22
9 62
1 25
1 70
6 62
1 25
8 44
10 99
4 75
2 75
2 52
6 63
5 40
10 78
9 39
1 97
4 90
5 86
6 56
4 52
5 34
7 55
2 18
10 39
4 63
3 53
9 76
2 62
9 42
4 93
3 8
9 16
1 38
3 87
5 6
8 89
9 27
5 51
5 59
4 95
1 5
6 6
2 20
5 74
9 40
8 48
8 71
4 54
9 59
8 65
8 75
5 89
3 71
6 65
1 89
2 51
3 74
1 10
4 42
1 12
3 18
6 75
7 28
7 98
6 65
3 75
7 95
4 69
10 80
7 6
2 47
9 36
8 58
5 100
1 90
5 51
6 71
10 41
1 40
4 16
7 35
7 7
10 6
3 56
8 3
3 24
9 97
6 57
8 96
7 14
10 38
7 51
5 9
7 44
8 30
3 57
4 95
3 84
10 28
6 15
2 63
1 24
4 35
1 3
4 69
6 31
3 51
6 81
8 21
5 70
6 77
2 84
8 22
3 9
8 90
4 33
9 37
10 49
6 66
8 29
4 33
10 90
2 94
8 36
6 58
6 52
2 51
3 94
6 55
5 60
1 2
5 78
9 97
3 25
1 60
9 47
5 47
2 20
2 66
4 77
3 46
7 10
5 4
10 62
6 76
2 35
9 94
6 71
10 58
3 47
9 15
10 62
1 28
8 14
2 99
5 55
10 73
7 37
7 82
7 41
3 46
2 11
9 49
5 19
1 13
4 82
9 82
7 57
3 64
3 94
4 77
7 54
1 33
3 39
8 82
4 30
2 52
7 80
5 35
6 79
9 26
3 40
8 25
6 69
8 58
8 17
6 4
2 31
1 60
6 8
1 49
9 81
1 71
4 6
5 49
1 74
8 41
8 75
6 32
8 81
2 63
8 67
1 56
10 13
3 87
3 58
8 62
5 47
2 99
9 29
2 1
2 84
5 13
6 28
1 44
2 89
8 6
6 84
1 38
3 45
5 41
9 76
5 93
9 15
4 71
