1 57
2 21
1 9
2 3
7 100
3 100
7 34
7 66
1 40
2 51
5 92
2 15
10 8
3 6
9 10
3 46
7 14
10 28
4 16
10 64
10 44
10 18
3 68
3 83
5 46
1 81
6 75
3 28
3 71
3 79
1 26
3 87
5 84
9 78
2 95
5 51
1 3
1 5
8 55
2 83
8 17
6 69
5 82
10 5
8 34
4 21
10 80
6 64
8 67
5 87
5 68
4 79
9 67
8 32
10 81
5 50
9 64
7 97
1 47
3 10
10 17
2 46
2 57
10 53
5 39
5 68
4 86
4 57
3 17
7 12
9 57
1 52
3 38
2 98
6 6
2 58
4 27
2 5
1 84
3 84
2 92
6 75
6 43
1 20
2 29
5 11
9 80
8 68
5 15
8 65
1 70
3 22
3 82
8 30
1 85
9 6
4 93
2 42
7 11
4 74
6 27
5 47
8 53
6 30
10 38
1 32
6 51
8 66
10 8
3 1
4 25
2 46
1 32
8 72
9 98
1 56
4 27
5 66
10 77
2 68
3 81
4 81
9 26
7 61
8 50
7 78
8 71
2 46
10 87
4 36
8 97
8 77
1 81
9 98
5 26
1 76
3 54
6 39
8 26
1 80
4 9
4 14
9 8
8 31
3 64
8 25
4 91
1 19
2 96
2 14
1 87
4 67
3 6
1 67
10 52
7 74
7 43
9 75
8 27
9 89
5 69
3 28
4 33
4 3
5 50
4 43
3 13
1 96
6 62
5 39
9 79
8 36
3 45
1 43
9 60
9 3
1 51
1 14
1 26
5 28
9 6
5 47
9 83
8 96
9 32
8 12
8 83
10 22
3 35
6 41
9 92
8 98
6 78
5 68
5 99
1 84
10 59
4 51
4 34
2 15
8 93
7 95
7 49
5 88
9 73
4 65
7 2
5 13
9 74
3 1
5 7
5 12
3 10
2 4
3 17
10 92
8 25
4 75
6 100
4 29
8 82
10 59
3 63
5 61
9 7
5 61
4 54
2 63
9 23
7 1
10 88
8 100
7 55
9 80
9 21
8 61
3 24
2 40
6 50
1 74
9 69
2 52
8 65
10 47
7 23
5 74
10 96
4 67
4 89
8 94
3 51
5 78
2 98
4 54
5 48
7 44
6 19
1 86
8 47
3 65
8 56
9 91
4 76
5 60
7 70
5 37
4 46
1 2
10 95
7 19
8 48
5 38
1 23
4 19
6 93
6 8
6 55
9 96
8 81
10 68
9 33
8 62
1 55
9 42
9 5
4 94
5 14
2 57
3 31
3 48
10 26
3 21
6 19
4 38
8 66
7 30
9 60
4 63
9 21
10 61
9 54
7 31
8 54
5 84
7 37
3 55
7 42
5 84
4 46
5 23
8 79
9 68
4 89
1 18
6 73
10 44
9 47
8 90
1 62
2 68
7 3
4 66
5 74
1 16
3 15
7 17
4 81
9 8
8 13
7 58
4 86
2 75
8 100
8 67
6 51
10 33
10 58
5 44
9 81
3 50
6 37
9 11
4 79
7 14
5 61
6 91
9 24
7 69
7 65
3 23
1 67
3 50
8 94
4 53
1 92
8 6
8 14
10 33
8 50
3 15
8 11
5 17
8 76
9 11
7 58
3 32
4 49
3 60
6 59
1 6
5 74
6 11
3 36
9 47
1 17
6 27
2 20
1 73
2 33
10 49
5 27
5 20
1 10
4 27
8 41
9 85
1 60
1 70
8 13
3 78
6 68
1 42
5 51
4 69
4 100
1 86
10 4
4 6
3 21
4 78
3 36
6 96
3 56
8 3
2 91
1 72
9 80
8 83
1 82
7 75
9 72
5 47
3 28
2 14
1 55
1 34
9 72
9 45
9 97
2 9
4 43
5 87
3 24
8 55
5 56
8 42
5 9
10 28
5 33
7 24
1 43
9 79
4 29
9 90
8 88
10 45
6 97
10 34
9 1
2 41
8 73
9 98
4 24
1 68
8 5
10 33
6 97
6 96
9 18
6 78
2 95
4 27
6 49
4 21
9 82
2 55
7 68
9 15
6 56
4 20
3 14
10 23
6 38
4 86
8 45
2 6
6 66
6 34
7 50
1 72
6 87
8 90
10 26
7 89
2 70
9 24
2 6
7 32
1 21
10 61
9 4
5 56
6 60
6 51
8 34
2 35
6 81
9 61
10 36
7 25
8 41
6 95
2 82
7 75
2 50
2 32
2 88
10 14
10 93
6 66
8 20
8 63
7 39
8 62
3 36
5 49
3 62
3 58
3 26
3 80
7 26
1 48
1 29
8 54
7 58
8 42
8 99
7 50
3 50
7 46
10 39
6 31
1 84
2 97
8 70
7 71
1 69
2 85
5 68
5 78
3 58
1 48
4 69
7 22
8 9
9 96
7 65
6 70
3 83
1 95
7 10
1 93
2 98
3 14
10 43
5 45
1 45
3 28
8 68
1 42
8 29
9 89
3 38
1 98
1 8
8 53
4 70
6 84
10 17
2 32
4 58
4 3
8 96
9 57
5 21
3 22
1 84
9 77
9 86
6 51
3 6
9 86
6 53
2 50
1 70
2 79
4 35
9 49
10 83
6 52
4 57
1 38
5 9
5 96
10 33
6 46
5 81
5 8
3 41
7 18
3 98
2 50
7 73
7 45
7 84
2 16
8 50
10 19
4 29
6 37
9 10
5 29
3 26
4 84
7 89
9 64
8 65
8 2
8 52
10 49
3 37
4 78
9 13
3 27
8 75
5 68
3 83
5 94
9 33
1 77
1 8
10 52
1 78
1 19
9 99
1 24
4 78
8 34
4 53
2 4
1 48
10 99
1 42
3 56
5 40
3 17
6 59
6 10
8 37
8 48
1 99
2 26
10 30
5 64
3 72
7 33
7 74
1 100
4 49
9 43
5 53
4 1
6 75
10 11
6 38
9 46
3 53
9 27
1 81
10 11
1 93
3 46
8 32
7 64
3 6
7 59
9 100
8 80
9 78
10 29
9 78
6 84
2 91
9 43
1 52
6 36
8 19
8 55
9 87
5 78
9 30
2 49
3 48
2 68
2 9
2 34
9 37
6 15
6 90
10 79
10 6
6 38
9 84
2 20
8 22
9 35
9 5
9 47
5 29
5 90
5 80
10 25
3 98
10 11
5 34
5 49
5 52
6 38
3 14
4 62
4 14
6 99
5 27
6 71
1 16
4 5
6 83
7 74
9 49
4 96
4 79
8 83
3 33
10 40
9 99
1 83
6 14
7 69
4 80
1 92
1 96
3 59
8 97
10 97
2 91
3 53
2 29
1 100
6 65
6 96
2 25
3 5
4 22
4 94
8 16
9 22
10 14
2 73
5 28
1 43
5 87
10 99
6 40
5 16
7 69
3 53
1 49
6 11
3 3
10 34
4 51
2 57
8 1
2 62
6 51
9 10
2 1
1 1
7 100
9 31
4 76
9 68
1 95
1 41
8 60
7 72
6 76
5 45
10 25
8 23
5 97
4 76
7 22
8 72
6 92
9 33
2 47
3 28
7 3
8 64
1 62
9 77
7 85
10 58
7 79
6 32
8 39
8 4
6 65
2 76
8 18
1 99
1 77
7 2
8 89
6 74
10 36
6 65
6 48
5 89
7 38
2 28
8 6
6 14
9 27
6 33
1 20
6 48
8 74
8 50
8 97
5 97
7 6
10 11
8 79
9 17
7 59
10 24
3 60
9 90
10 95
6 6
1 99
8 39
7 7
1 11
6 82
3 43
2 41
9 56
1 32
1 10
10 45
10 8
7 10
5 36
7 82
8 79
1 96
10 54
4 27
4 50
4 78
5 86
1 64
6 63
9 92
9 40
4 96
4 68
5 24
4 29
2 3
3 14
7 5
4 29
7 35
4 87
1 91
2 89
4 12
10 42
1 11
7 67
1 93
7 39
10 22
1 63
3 30
4 57
8 15
8 42
6 90
3 65
7 35
2 37
4 44
9 82
2 9
6 63
3 3
10 53
7 92
4 56
10 100
6 13
10 70
9 62
5 64
2 73
3 84
5 84
2 88
7 86
4 94
4 97
2 15
9 100
5 18
9 75
1 20
5 85
10 53
4 38
2 82
3 15
9 27
8 68
6 93
6 56
9 94
7 88
10 8
2 74
8 31
1 88
1 6
3 18
2 70
1 49
7 3
8 94
9 84
5 7
5 30
2 13
6 49
4 52
7 47
6 7
9 29
1 87
2 23
1 60
3 20
2 43
10 4
3 83
2 75
7 43
6 40
3 49
6 74
4 5
8 58
4 29
2 66
5 73
1 22
2 30
10 30
2 8
1 92
7 50
10 52
2 3
7 18
10 79
2 75
5 31
10 32
1 50
8 20
7 32
6 8
9 53
10 90
1 4
7 8
3 90
7 79
2 99
5 68
10 100
8 86
7 66
3 2
3 90
2 9
9 62
4 8
10 5
6 22
9 43
4 39
2 20
6 76
4 32
4 35
3 43
