5 60
3 8
8 38
1 21
10 96
7 71
10 91
1 79
9 21
2 15
2 95
5 16
1 79
3 47
4 94
8 56
7 9
6 98
10 46
4 46
8 70
7 18
1 75
5 90
5 84
9 23
7 89
6 24
8 21
1 59
5 85
7 19
10 4
3 16
7 18
10 25
8 70
9 6
7 56
10 39
6 3
3 72
2 31
7 27
4 3
4 56
2 12
9 95
7 27
2 9
3 77
5 13
10 96
8 22
3 100
2 67
2 92
1 2
1 36
10 74
8 62
5 7
1 64
5 4
8 28
7 97
8 31
5 35
6 71
2 58
1 6
1 18
6 72
2 73
6 81
5 72
1 56
6 81
5 79
4 50
8 13
2 41
4 1
1 31
3 53
7 18
6 8
6 47
1 92
10 30
5 88
2 86
4 74
7 21
2 1
2 44
8 23
5 71
8 10
3 69
1 9
6 51
4 14
7 87
6 58
7 87
2 24
4 32
4 44
5 39
1 9
1 19
1 22
8 61
1 42
10 28
8 42
5 83
10 72
9 46
8 95
10 70
9 34
1 38
7 30
2 43
8 99
7 26
4 70
7 69
7 70
5 97
1 45
10 8
10 95
5 71
2 47
6 82
7 1
6 3
2 27
4 5
10 92
2 27
4 27
9 21
5 34
8 91
1 78
6 93
7 23
5 15
2 9
5 79
6 82
10 16
1 57
4 45
2 31
10 51
10 21
4 44
2 69
4 87
5 86
8 42
4 42
3 18
9 27
3 65
7 40
3 28
1 47
1 44
8 4
4 25
5 47
2 59
10 59
1 81
8 43
10 3
1 2
8 91
10 80
2 40
10 27
7 84
6 60
3 49
3 20
10 51
4 3
6 20
2 48
4 4
1 90
8 64
6 75
7 55
6 67
3 36
8 72
5 48
1 73
4 3
6 2
5 2
8 27
2 68
8 29
6 17
5 90
4 73
7 4
6 50
3 74
7 86
7 82
10 3
9 95
9 88
5 27
6 33
2 85
10 68
10 34
9 20
4 81
9 51
8 33
8 35
3 79
2 45
8 34
8 90
7 76
1 32
8 50
7 53
9 23
2 67
10 10
1 20
9 90
10 29
5 91
2 55
9 99
8 93
2 27
10 65
10 69
2 9
8 56
9 98
2 94
2 45
6 89
5 43
10 52
1 23
6 57
10 25
8 71
10 74
7 94
3 51
5 34
2 36
10 3
1 27
3 70
2 10
8 4
6 22
2 45
4 57
3 8
7 55
3 73
7 40
9 57
9 97
9 35
8 66
6 10
3 90
1 11
8 78
4 90
2 56
9 23
10 35
8 11
3 75
7 38
5 15
6 47
4 59
5 32
6 74
4 2
3 20
1 89
9 10
4 71
2 83
4 11
10 93
10 82
2 13
7 53
6 76
4 13
3 60
4 69
6 44
8 30
4 40
2 12
8 40
10 60
4 67
7 46
10 36
2 74
5 74
4 92
10 34
1 5
3 81
7 53
3 48
1 83
6 84
4 32
8 86
10 28
5 74
8 98
6 54
2 15
9 10
8 94
4 53
3 51
4 34
1 90
6 74
7 27
6 8
10 37
6 63
10 24
4 74
10 76
8 33
3 51
9 1
3 79
9 69
1 74
9 66
4 42
9 55
3 45
1 58
6 58
9 63
2 39
5 71
5 56
1 84
5 92
1 14
6 46
1 70
8 46
4 46
2 59
6 81
3 38
9 36
1 61
9 22
8 5
5 87
9 49
8 23
3 38
7 54
5 20
2 12
10 16
10 22
2 27
1 70
8 41
9 50
6 56
9 45
2 99
10 19
5 57
1 67
1 12
4 4
3 30
7 75
8 51
2 73
8 31
3 33
6 39
9 62
2 88
5 86
1 61
6 22
10 43
4 82
8 50
9 25
6 22
2 4
6 91
2 32
1 55
3 74
9 63
10 42
6 53
5 31
1 93
8 94
4 50
4 98
10 73
10 9
5 25
9 46
7 53
10 95
4 23
1 53
7 69
3 58
6 92
10 75
7 57
5 48
5 52
3 74
9 68
2 12
8 35
5 21
7 68
7 57
7 43
7 90
8 10
4 96
6 50
6 14
6 9
6 36
8 23
5 26
7 11
10 65
4 60
9 1
1 17
2 27
5 91
2 54
6 29
5 21
1 82
4 32
4 24
5 1
9 52
3 66
6 43
8 52
10 32
5 98
5 71
9 33
2 86
9 60
1 55
7 80
3 63
9 86
4 66
6 96
4 83
4 46
10 83
4 75
7 79
7 69
9 27
5 46
1 74
10 15
9 71
1 27
2 85
9 10
5 8
6 12
8 93
10 10
1 60
3 76
2 56
6 96
5 16
8 91
3 86
5 49
8 77
7 7
3 80
2 98
5 13
4 43
5 92
7 63
7 65
10 44
8 5
8 73
5 42
1 43
1 1
4 45
4 78
6 4
8 67
10 16
4 53
1 95
6 20
2 84
2 27
3 54
10 12
8 99
1 98
1 39
10 20
6 84
3 61
9 37
2 27
2 42
4 73
1 84
1 63
5 65
7 65
8 11
9 83
7 62
3 15
8 39
3 52
4 44
1 23
2 51
1 1
6 76
9 81
2 95
7 12
7 94
10 7
4 83
8 92
3 6
7 37
5 99
3 19
10 99
1 3
9 29
3 59
4 40
10 60
1 48
6 38
5 59
2 94
10 53
6 20
6 39
9 77
6 46
10 94
4 72
5 29
5 97
5 14
10 47
10 38
10 6
1 23
7 48
9 33
5 54
2 43
6 46
9 99
3 9
3 97
3 51
4 82
1 24
1 38
2 2
3 67
8 75
3 1
3 22
4 56
9 58
4 97
4 6
10 82
6 7
8 16
2 100
2 5
1 97
9 23
2 68
2 52
8 44
3 94
3 31
3 68
6 64
1 74
6 54
6 62
3 45
8 94
1 23
8 43
10 34
6 5
3 32
4 49
10 28
10 24
2 9
1 97
5 93
7 38
4 68
4 3
4 3
3 41
6 4
4 71
7 100
1 20
5 85
9 68
3 37
3 64
6 99
9 41
7 65
3 41
8 63
10 58
10 48
4 8
1 72
7 46
8 82
1 36
8 20
8 76
3 64
7 14
7 77
9 63
10 95
7 50
2 8
1 75
6 97
5 38
5 33
6 23
9 34
1 12
1 30
1 18
7 76
5 14
3 35
3 88
8 32
10 19
8 45
5 81
10 70
1 36
7 73
9 18
1 73
7 30
10 20
6 56
10 58
10 32
2 74
3 82
9 84
10 66
3 56
7 100
4 23
6 3
1 87
6 39
7 46
4 48
3 88
6 26
4 78
8 52
2 12
2 4
9 10
3 85
3 84
2 84
4 19
1 97
5 72
5 32
5 59
10 47
8 60
1 58
5 11
6 17
10 83
9 87
8 11
6 2
6 96
2 6
4 10
7 3
9 50
4 70
5 9
6 83
9 23
4 67
8 58
2 81
6 78
9 18
3 3
10 54
3 39
5 78
4 82
1 93
4 2
4 31
10 87
2 77
6 9
5 6
10 95
5 22
8 93
3 30
9 53
8 33
6 70
9 7
1 85
6 27
7 93
10 54
5 90
1 75
4 87
4 89
7 77
9 58
9 48
9 70
4 74
1 31
7 46
8 41
10 51
1 53
6 34
8 84
5 94
5 90
7 51
5 32
4 29
1 19
9 56
2 35
10 41
10 24
3 88
6 13
5 82
7 54
6 1
7 52
6 82
5 69
7 19
2 2
5 35
7 34
6 55
7 95
9 35
8 80
5 54
7 46
8 72
10 80
7 2
4 91
6 11
3 82
6 77
1 91
1 62
2 15
8 91
6 21
9 20
3 79
5 74
3 64
1 65
8 86
1 29
7 32
8 97
8 84
9 27
7 64
5 39
8 2
1 71
6 94
6 68
3 96
5 3
4 4
8 39
4 7
9 23
9 95
9 3
9 62
3 92
8 44
3 66
2 71
5 19
7 92
1 54
1 49
4 45
5 81
3 16
10 84
3 10
2 65
4 14
1 58
2 69
1 55
8 74
9 94
3 87
2 43
1 71
3 56
7 85
3 56
3 64
10 26
10 16
5 33
9 42
5 58
3 28
10 42
10 36
2 99
3 83
9 42
4 18
4 6
2 81
2 64
2 77
3 27
4 44
4 3
8 14
10 63
6 91
3 40
5 48
2 57
1 52
3 73
2 72
4 8
1 39
3 93
5 65
5 20
9 82
4 64
8 63
9 90
1 72
7 38
2 77
6 58
9 16
8 53
9 25
6 24
5 82
4 16
3 64
1 29
6 70
1 100
8 93
5 37
7 5
4 63
8 88
3 92
4 81
8 61
5 1
4 99
4 50
6 77
6 91
2 14
10 52
3 90
8 27
3 93
3 5
5 96
8 69
7 69
1 34
7 77
4 91
9 25
4 55
3 78
5 94
3 19
1 89
6 94
2 62
6 2
5 92
3 32
2 3
7 39
6 23
3 46
5 68
