7 92
2 12
9 81
1 82
4 68
4 52
5 18
3 41
4 14
8 59
8 43
1 60
9 7
7 45
1 80
10 46
5 82
5 52
2 72
3 15
7 1
6 59
2 3
1 43
7 20
4 65
5 19
4 89
9 6
6 33
4 90
1 82
10 28
5 89
9 8
3 93
3 3
2 100
6 7
2 61
7 46
10 62
9 99
3 16
7 87
4 25
1 96
2 4
2 68
2 51
5 1
2 49
9 44
7 68
4 8
6 68
6 50
8 86
4 39
4 36
6 58
4 73
3 82
3 29
7 32
2 26
2 80
10 10
7 93
5 78
10 9
7 20
9 70
8 30
9 78
7 78
3 82
10 65
4 9
5 16
2 54
1 99
7 52
1 74
2 47
2 45
3 35
7 80
1 95
2 92
2 52
2 98
7 97
4 89
6 33
9 6
3 71
8 73
2 37
8 14
10 16
5 44
5 4
8 21
2 65
8 50
1 14
7 63
5 89
1 98
9 60
5 55
5 16
8 91
6 56
10 18
10 97
10 72
2 92
4 27
8 92
5 75
1 19
5 98
10 44
3 87
9 16
4 42
9 35
3 95
7 56
7 53
10 6
7 6
10 29
8 13
2 8
2 35
4 83
10 90
1 36
6 64
4 37
3 69
10 12
2 12
4 10
1 76
9 78
3 67
1 42
7 52
7 41
4 86
10 51
5 25
5 35
3 21
10 38
4 17
10 61
5 99
9 57
3 95
9 35
8 93
3 8
6 71
4 63
10 20
9 83
9 81
4 19
5 50
1 55
7 89
9 29
8 66
10 58
2 1
5 48
2 74
10 73
3 48
7 22
9 14
8 13
10 50
5 85
4 40
7 1
7 19
8 72
8 43
5 88
1 91
2 20
9 61
8 85
10 29
9 37
1 83
10 15
7 69
6 37
10 61
6 11
5 12
4 65
9 40
2 7
4 100
3 1
1 74
9 10
9 14
10 86
10 78
3 97
4 22
10 3
6 23
6 85
1 51
6 78
4 87
7 60
7 57
9 61
4 30
9 63
3 32
3 3
5 13
5 46
5 65
3 90
5 85
3 92
7 89
9 5
3 27
8 46
7 2
4 85
7 31
10 81
9 3
6 10
5 96
8 10
6 61
6 72
7 79
5 44
10 50
9 3
10 37
9 93
3 19
2 97
10 35
3 70
8 95
10 77
6 69
4 74
5 39
6 52
6 37
7 51
3 73
4 21
1 99
6 74
2 19
2 81
5 88
4 66
1 3
10 1
2 49
2 21
4 22
6 9
9 75
9 52
5 19
5 49
6 54
3 89
8 63
10 9
10 32
2 31
8 32
3 14
5 69
7 100
2 71
6 37
6 2
10 96
2 48
9 80
6 7
2 45
7 34
2 89
2 42
8 100
3 97
5 24
6 72
1 66
4 34
4 54
7 8
9 81
10 31
1 42
2 45
4 46
6 1
7 45
10 15
2 90
10 87
6 63
6 9
9 79
1 98
7 45
5 99
10 30
2 85
3 22
7 84
1 28
3 8
5 93
8 5
7 79
8 30
1 39
1 94
1 28
5 21
8 50
1 98
4 24
7 78
4 86
7 76
2 56
3 3
3 8
1 2
4 71
10 38
7 35
8 47
4 16
6 100
1 61
7 1
2 22
1 53
1 33
3 69
5 74
9 81
1 64
1 60
9 1
7 42
10 5
7 6
2 68
8 14
8 26
5 49
2 45
2 99
1 30
2 48
5 53
7 34
6 7
2 25
2 25
7 7
8 35
4 33
10 39
10 65
4 17
1 32
6 32
4 60
6 3
7 31
2 1
4 100
8 54
1 48
9 40
2 4
10 35
2 74
4 69
3 58
6 90
2 56
10 75
9 11
7 42
7 88
8 70
6 69
4 58
1 53
6 53
9 86
1 55
1 23
6 71
10 40
5 72
3 47
8 83
9 69
8 76
5 18
9 29
2 50
5 81
4 49
7 60
9 89
8 76
5 83
6 8
10 96
1 37
6 43
6 43
5 9
2 2
10 93
4 22
10 42
10 16
10 42
10 46
7 76
1 83
9 90
6 77
3 94
9 51
5 15
4 32
4 81
4 30
1 65
8 100
9 54
8 35
4 86
5 79
5 20
1 98
6 29
8 13
1 53
1 20
7 12
1 37
4 70
9 49
3 99
9 43
6 94
6 57
4 36
10 25
1 25
8 65
4 54
6 8
4 30
10 94
5 72
10 58
3 19
8 51
4 57
9 92
5 89
1 92
4 43
6 82
4 71
2 86
1 75
8 55
3 33
4 78
1 24
9 68
9 78
7 11
7 1
1 82
9 48
5 31
5 2
6 2
9 9
8 96
2 18
10 37
3 73
10 64
1 69
1 10
2 32
9 43
8 66
2 41
2 47
10 45
2 34
8 36
8 91
4 59
4 29
8 55
7 87
1 92
7 46
9 61
2 53
6 66
7 96
8 22
4 81
9 64
9 36
3 96
3 35
2 50
7 31
2 64
9 63
10 42
4 27
9 24
4 16
5 75
5 91
2 56
10 79
6 2
8 1
3 63
5 75
7 95
3 81
10 25
1 44
4 78
3 8
6 80
5 54
7 92
9 75
1 52
3 20
5 88
7 52
10 72
9 99
2 52
2 45
9 73
1 55
2 44
4 25
10 79
1 30
3 59
7 21
1 57
10 94
9 31
3 12
9 84
2 77
8 14
9 93
3 4
5 88
1 19
1 59
5 48
6 33
1 69
7 51
7 8
7 39
8 29
3 88
8 90
2 71
4 85
9 43
1 79
1 54
10 37
9 5
7 64
2 99
10 86
10 95
7 3
10 15
7 31
1 21
8 18
1 85
9 82
6 9
5 41
6 66
8 96
8 62
10 9
3 60
9 46
10 64
8 17
2 44
3 45
7 20
3 49
4 8
6 23
6 90
4 50
6 31
6 98
4 24
10 95
5 59
1 13
9 90
2 71
6 99
3 18
10 54
7 94
4 24
1 20
3 82
8 39
2 54
3 25
4 22
7 13
3 100
6 59
10 85
6 68
9 19
9 96
7 69
2 78
1 37
7 27
6 26
3 79
5 79
7 90
3 85
9 3
1 69
4 88
10 62
8 57
3 34
3 54
10 87
4 92
3 54
10 83
8 60
3 19
1 78
1 25
1 7
6 98
10 20
8 39
5 59
8 36
6 57
10 19
7 63
9 100
2 84
7 56
1 86
4 82
3 70
3 50
2 26
10 37
7 50
7 2
1 54
8 24
9 76
7 13
2 13
6 59
4 43
2 93
4 23
8 41
9 52
10 81
1 96
1 8
4 86
10 95
6 22
10 66
3 34
8 54
6 77
1 96
9 78
10 20
9 27
1 43
9 11
6 98
6 51
3 16
8 61
6 44
1 15
6 73
8 8
9 91
10 40
1 92
2 46
9 39
4 54
7 32
7 85
8 80
8 82
2 53
1 47
3 47
1 13
2 78
10 41
5 100
6 77
6 46
2 10
10 79
2 24
6 41
7 51
10 37
6 69
7 17
1 67
7 81
8 29
6 32
8 26
9 41
10 27
8 18
5 96
3 96
1 53
6 97
3 36
4 56
4 37
8 43
4 2
3 42
4 37
4 75
1 55
2 70
9 76
2 13
3 57
9 26
6 14
5 17
8 98
5 44
2 88
2 100
4 40
4 26
6 63
9 92
9 64
6 63
4 23
2 2
10 12
3 41
3 26
8 24
7 50
3 46
8 44
2 74
9 68
1 1
3 90
9 30
5 92
4 72
3 9
7 70
2 75
8 97
6 21
10 78
1 47
8 98
5 80
8 64
10 91
2 11
3 22
9 70
6 39
2 53
8 68
4 12
5 19
3 94
10 83
9 44
8 38
4 13
7 92
9 51
6 69
4 20
10 87
1 7
4 91
3 89
7 57
1 100
4 39
9 84
4 28
2 89
2 91
1 41
2 52
6 50
8 69
8 60
1 65
6 73
7 26
1 26
3 1
2 99
7 77
5 22
4 92
5 86
5 82
4 23
2 28
7 26
10 68
1 34
6 24
10 25
4 57
7 30
3 55
3 53
7 14
3 78
2 20
2 50
2 54
7 26
7 81
8 30
8 50
3 99
9 41
10 34
10 59
7 50
7 99
4 24
9 21
7 94
9 59
9 13
2 47
8 48
1 77
5 14
1 50
8 48
3 43
9 69
7 13
3 86
5 41
7 58
5 24
2 47
9 92
1 12
10 39
10 20
1 14
8 75
1 61
5 11
8 78
3 5
8 43
8 79
7 6
2 79
6 24
8 10
3 1
10 82
5 60
8 69
3 63
1 52
1 14
2 73
3 38
8 58
10 20
9 11
6 80
9 78
9 88
9 57
3 53
3 32
1 79
1 61
3 88
6 70
10 51
7 2
3 95
2 61
5 25
7 55
1 41
2 35
2 53
4 89
5 9
6 21
8 95
7 98
2 65
6 36
8 38
4 86
8 65
1 97
3 2
5 2
8 95
9 31
5 27
