10 96
5 2
10 25
7 93
6 87
1 30
3 34
3 59
4 97
6 44
3 56
5 52
10 79
9 52
4 4
3 15
1 12
4 42
3 92
5 33
4 27
1 61
4 44
2 24
7 34
10 36
9 58
1 45
9 86
8 79
2 93
9 36
10 75
8 38
6 83
2 28
9 91
4 88
9 68
8 70
10 64
10 11
8 68
1 8
4 32
9 74
10 34
9 83
8 81
4 60
5 84
10 39
10 99
10 40
1 19
1 36
4 35
2 21
4 74
3 17
10 3
3 68
9 51
5 1
9 54
3 83
2 99
6 38
5 62
6 70
3 76
9 2
6 38
9 78
4 47
7 39
6 8
9 99
10 73
4 54
6 42
10 39
8 31
1 13
5 94
7 39
9 16
1 6
5 83
4 62
10 75
9 15
9 35
9 71
1 39
6 89
1 41
9 44
3 88
4 31
6 45
9 33
1 53
2 46
10 25
7 25
4 66
5 80
8 92
5 70
10 90
1 59
1 70
4 31
2 35
8 69
9 97
8 50
9 94
4 39
8 39
4 92
7 65
9 23
10 79
3 81
7 77
5 84
3 63
9 90
6 95
9 34
1 84
3 57
6 96
3 92
8 55
2 33
3 48
6 56
9 55
2 89
6 92
4 23
10 30
9 47
1 69
1 95
3 27
5 14
9 90
8 30
2 75
9 62
1 66
7 50
6 22
9 49
3 76
4 41
1 20
3 81
4 92
2 84
7 54
10 30
1 9
8 45
1 12
4 14
5 19
8 98
1 39
10 9
8 96
8 18
9 17
8 28
2 57
5 68
9 9
8 31
7 39
2 45
5 70
3 57
1 96
1 40
7 85
7 49
5 45
9 21
7 17
9 80
5 86
7 24
2 72
4 55
7 11
8 33
9 21
8 64
3 28
6 95
2 45
9 69
2 10
5 67
6 60
9 78
3 58
1 28
9 55
10 57
3 26
4 25
9 89
10 81
1 99
7 44
3 76
9 1
10 35
2 31
1 38
6 28
8 90
4 71
6 10
6 9
7 71
1 51
8 42
7 62
1 94
8 35
2 100
3 54
8 21
2 66
1 39
5 76
6 68
8 26
7 68
3 39
6 3
6 49
3 60
8 90
9 40
4 3
6 46
3 54
2 83
7 68
1 95
4 65
6 100
5 25
3 31
2 75
8 93
1 91
7 86
10 9
5 38
8 69
5 18
5 7
1 54
5 25
8 1
3 75
1 37
9 27
3 53
1 77
4 41
10 55
2 58
1 3
10 91
8 37
6 28
2 44
5 85
5 44
5 39
7 26
3 43
5 65
2 24
2 26
8 20
4 11
6 94
3 92
4 7
10 90
6 88
9 61
5 40
8 50
8 71
7 86
7 83
2 23
4 86
7 97
1 29
2 27
2 80
4 60
4 23
5 61
2 13
8 39
7 48
8 58
2 87
3 56
10 84
1 92
6 60
5 86
5 48
8 37
1 14
3 52
10 87
10 74
1 25
9 84
4 44
5 17
7 85
1 15
2 42
8 65
6 2
9 29
6 14
9 3
9 45
9 7
5 9
6 48
8 11
5 78
6 57
2 39
10 94
2 22
10 42
9 45
3 12
1 78
10 55
6 61
4 13
10 72
7 39
5 24
8 6
6 32
5 10
8 36
7 70
10 7
2 67
5 6
9 42
5 53
9 14
7 21
7 90
4 81
9 93
7 9
5 7
4 49
9 44
8 95
1 9
5 93
8 78
5 66
3 32
2 67
9 83
7 73
5 80
1 22
8 6
3 89
4 71
8 12
6 65
6 29
3 15
4 69
10 86
10 53
6 18
7 66
10 30
2 9
7 55
8 21
6 58
4 2
7 96
7 42
6 72
6 33
6 83
10 89
10 84
8 40
1 47
10 44
10 52
8 66
7 55
6 23
3 58
8 40
3 27
7 20
7 38
3 40
7 59
5 35
3 79
7 31
7 81
9 88
3 89
7 12
6 87
7 25
9 85
1 20
5 64
6 59
1 42
2 82
9 90
7 37
9 87
6 46
7 54
2 74
9 72
5 15
6 17
4 58
7 75
6 54
8 67
5 82
2 41
5 86
1 3
6 61
4 69
10 20
4 60
8 59
4 81
8 50
10 67
5 86
2 41
10 22
8 91
5 80
7 97
3 85
6 4
7 82
2 80
7 58
9 1
10 13
4 8
3 94
2 79
6 77
9 83
2 71
8 54
4 51
10 5
10 23
5 19
3 24
2 20
5 87
7 10
6 70
6 26
5 67
3 39
8 75
9 52
10 18
3 27
10 15
2 54
10 51
6 13
6 80
2 42
9 76
10 51
4 37
8 35
8 32
2 56
7 69
2 92
6 50
10 69
8 34
5 51
7 90
7 26
5 32
4 54
2 49
5 72
1 89
3 42
2 18
4 94
4 57
2 83
7 56
2 94
6 89
8 81
7 24
3 58
6 86
8 91
8 14
6 41
8 29
7 83
2 4
7 89
1 41
3 14
6 56
2 12
2 65
7 35
6 4
6 85
5 97
6 21
10 34
4 94
5 66
7 23
9 3
1 41
8 40
8 73
1 30
7 100
3 57
7 53
5 3
8 71
3 61
9 32
1 82
6 18
4 77
1 1
4 19
3 82
2 78
3 86
1 85
8 26
7 5
7 100
9 61
4 4
10 30
7 41
1 61
6 75
5 23
1 45
3 12
2 15
4 15
9 48
5 57
8 74
10 29
3 11
1 89
8 47
5 40
3 36
8 68
1 23
9 98
3 40
10 29
6 94
2 91
2 48
8 76
8 32
6 37
3 59
7 64
7 46
10 40
7 4
9 83
5 100
9 48
4 65
6 38
1 9
10 51
7 28
5 52
9 36
7 10
9 39
3 34
8 51
1 64
2 17
9 45
10 12
3 56
3 85
4 89
2 14
5 98
2 48
7 70
8 22
7 42
5 95
4 6
8 64
1 38
4 79
10 43
7 64
3 54
4 99
8 60
6 23
3 80
3 66
1 25
2 77
5 39
3 44
10 5
8 71
1 77
3 23
1 61
1 96
2 55
5 12
3 4
2 81
1 97
10 97
8 38
1 63
9 24
7 41
8 63
5 33
5 73
9 1
3 34
3 88
8 1
3 99
9 68
10 16
7 33
7 74
3 89
8 86
3 9
1 11
3 67
10 90
7 78
4 100
10 91
10 100
3 42
9 100
3 1
3 16
1 24
4 43
7 65
9 76
6 6
3 53
5 58
10 18
4 17
8 44
8 84
7 56
4 73
1 4
2 15
3 29
6 54
7 96
9 79
7 19
10 84
6 15
1 19
6 25
10 96
5 58
4 92
7 80
6 14
8 62
8 57
10 83
7 12
2 8
9 59
8 8
3 33
9 2
7 28
1 23
3 9
5 33
3 100
3 15
5 33
5 98
5 40
9 54
6 53
1 7
6 88
1 43
5 91
4 41
3 46
10 63
4 15
6 49
5 76
10 99
7 10
2 33
4 44
10 86
5 57
8 34
7 51
5 36
8 85
8 33
10 12
8 27
4 74
7 51
3 11
4 82
5 69
4 26
10 76
9 46
3 96
9 4
4 52
7 79
6 15
3 73
9 36
6 85
1 66
7 22
4 50
4 26
9 79
9 18
3 85
5 8
4 2
3 41
1 90
10 68
10 69
4 81
9 91
8 75
7 47
6 71
6 97
2 73
10 27
2 36
8 99
5 62
8 31
2 86
7 18
1 83
6 15
1 90
7 56
3 27
9 98
1 17
9 11
3 32
10 5
7 65
3 69
4 41
6 92
1 54
1 64
3 71
4 46
5 3
8 53
1 26
7 61
1 84
10 13
9 83
3 37
1 20
7 24
3 89
3 64
10 22
6 11
9 98
6 88
8 85
1 43
10 17
3 78
10 93
6 3
5 10
3 3
2 33
5 40
7 90
3 79
4 81
2 12
4 94
3 51
4 67
7 13
9 30
7 96
3 12
9 28
5 89
6 7
4 65
1 16
7 28
10 97
5 52
1 58
3 69
4 14
5 30
8 61
4 74
9 87
4 7
1 49
1 60
3 2
9 91
1 25
5 31
7 94
4 70
4 31
3 73
7 97
3 61
1 92
3 88
7 91
3 9
1 82
2 7
9 86
3 40
4 11
6 27
8 86
2 31
6 48
4 71
7 52
10 20
9 53
9 62
7 9
8 11
10 26
2 21
1 37
2 11
5 57
8 40
1 30
3 12
3 56
5 27
10 64
2 56
8 21
1 59
5 23
9 95
3 6
9 16
9 86
2 68
2 64
6 45
7 100
1 4
7 73
4 41
6 3
1 64
6 36
4 18
3 83
8 52
2 69
10 34
8 1
9 88
6 84
2 72
1 94
8 11
9 52
10 41
6 91
1 96
8 93
1 5
9 92
5 95
3 92
4 48
8 7
8 74
6 84
1 67
9 11
4 22
10 13
5 91
6 79
5 9
9 77
9 34
9 78
10 51
1 83
5 59
7 54
9 19
8 49
