2 100
2 56
3 89
3 89
7 39
10 63
6 3
9 90
9 84
1 44
8 49
9 43
3 22
10 45
4 55
4 9
5 56
3 61
5 44
2 79
8 8
10 86
6 78
8 73
2 43
6 15
6 75
1 88
7 53
2 12
6 83
8 2
4 76
9 43
1 16
2 37
10 57
10 14
9 16
10 30
2 16
6 58
3 15
9 35
3 30
6 15
6 12
4 87
2 22
8 2
5 66
6 2
8 70
8 97
6 1
5 63
2 41
7 99
2 76
7 8
7 12
1 22
3 33
6 82
6 91
4 27
2 50
3 83
3 51
9 22
9 56
3 61
2 47
7 40
6 63
2 30
8 21
6 78
9 23
1 67
8 87
10 64
4 47
8 67
7 20
9 85
5 17
6 72
2 6
1 95
9 22
9 74
7 91
8 26
1 69
7 84
5 98
7 35
10 25
3 23
5 4
6 10
4 37
2 99
1 38
2 10
2 9
3 67
7 43
5 13
7 19
1 91
1 44
5 59
6 56
2 59
7 65
8 62
9 71
7 11
10 63
10 44
4 46
10 74
1 49
1 93
2 58
6 48
5 85
6 80
2 97
4 42
8 38
3 63
10 99
6 95
6 16
4 10
1 44
2 47
6 65
4 41
9 45
4 41
7 96
8 75
5 20
4 18
8 42
3 51
3 94
2 48
2 43
2 54
10 80
10 81
1 67
4 22
2 85
2 8
4 95
2 66
3 35
8 96
8 63
8 81
6 55
7 2
6 66
8 97
5 56
10 13
2 91
1 74
5 21
4 49
6 4
7 99
9 97
8 23
9 99
1 77
7 3
3 36
7 43
7 32
6 8
3 59
9 89
1 47
10 49
1 78
1 100
5 96
6 79
4 29
6 87
9 79
2 25
9 91
9 20
3 2
9 50
8 50
1 32
7 4
5 50
2 9
10 52
10 59
8 83
4 66
3 35
9 39
1 98
8 31
1 54
6 67
6 69
7 51
10 30
1 20
8 95
3 10
4 46
1 3
9 77
4 76
6 87
6 10
6 56
9 48
5 13
5 35
7 94
5 38
5 1
9 13
3 93
4 98
2 59
9 89
3 60
5 17
9 3
9 78
7 26
8 97
6 49
1 74
8 83
8 7
4 3
8 55
5 79
10 85
9 3
6 87
2 12
10 54
2 3
8 1
5 25
3 14
10 2
10 17
3 72
6 25
8 14
4 12
1 1
10 75
8 22
2 91
4 65
3 62
8 87
1 30
7 12
1 41
4 28
8 58
4 92
2 36
5 87
1 82
1 20
8 51
10 76
5 59
5 61
10 50
6 74
1 45
5 100
5 56
10 99
4 27
1 51
3 2
6 94
2 3
6 79
7 30
7 4
2 65
6 29
6 94
1 14
5 62
10 91
9 68
1 86
9 83
4 94
4 29
2 39
10 61
7 3
4 43
3 92
10 12
6 55
6 69
4 57
9 14
2 52
3 32
4 11
1 46
3 56
3 57
2 66
2 3
8 71
5 96
5 6
5 12
5 14
7 40
10 65
1 3
2 20
8 17
10 32
4 5
10 13
2 75
2 91
3 21
4 99
8 90
1 36
1 38
8 3
1 58
9 4
8 71
6 50
7 87
10 51
2 82
7 66
3 31
10 78
3 36
5 16
2 84
6 72
9 80
6 25
10 61
8 63
10 97
7 39
2 45
3 86
4 70
9 22
2 53
6 22
2 90
1 89
4 16
4 55
3 24
3 84
1 35
7 34
7 9
7 46
8 44
4 98
3 90
2 18
9 32
10 9
2 13
4 3
2 15
2 89
5 92
8 77
5 16
9 5
8 75
4 91
10 99
2 15
9 33
5 25
1 33
9 45
1 63
8 17
4 68
6 71
10 98
9 44
10 73
6 96
6 100
8 91
10 76
2 93
10 71
9 16
2 68
2 88
4 22
3 100
3 28
9 74
7 70
10 23
7 74
3 31
5 22
9 25
1 17
3 56
4 12
10 97
9 40
10 96
9 57
7 34
10 95
2 9
6 90
2 60
8 67
7 70
1 95
9 54
5 66
2 64
8 17
3 67
3 50
2 14
10 25
6 38
4 97
2 35
3 35
5 11
9 15
5 16
9 74
8 89
8 73
1 89
7 92
1 16
2 29
1 94
6 52
8 25
5 93
4 44
3 58
2 67
6 87
4 43
1 47
8 50
10 63
9 46
9 31
2 72
9 87
9 96
10 64
1 62
1 99
9 47
4 57
9 24
7 11
9 85
4 62
9 94
9 51
8 21
3 57
8 3
4 25
3 16
8 75
1 30
9 73
8 94
5 82
10 47
2 66
5 51
10 99
5 44
5 15
3 96
9 9
5 26
3 70
8 54
10 39
4 35
8 13
6 31
1 84
7 11
8 49
5 66
3 87
8 97
7 32
2 89
7 6
7 92
2 72
5 17
3 59
8 100
9 72
4 95
4 8
3 73
4 87
8 16
10 24
9 60
8 38
8 74
2 77
9 38
9 88
2 39
7 48
4 26
6 17
1 3
4 64
6 68
7 1
8 78
6 84
4 37
10 76
8 20
6 27
6 51
10 49
6 95
6 12
2 40
5 41
8 21
3 57
1 84
5 91
6 64
5 34
2 89
5 39
3 79
6 89
8 56
10 89
5 100
7 76
3 87
7 12
9 82
10 40
10 26
6 57
8 78
1 74
2 87
4 82
10 59
6 30
2 56
6 93
8 27
9 89
6 34
5 93
5 30
3 60
5 97
5 94
1 99
7 4
4 40
6 2
6 20
4 6
1 59
7 72
8 76
2 14
9 1
7 37
6 64
6 61
10 14
9 22
8 97
3 57
9 71
8 63
2 54
7 37
1 54
3 92
8 8
8 47
9 17
9 8
7 14
5 43
4 56
8 7
3 35
9 51
4 73
10 45
1 24
4 11
7 64
4 74
9 9
8 80
1 45
4 69
4 7
8 50
3 79
10 83
9 80
6 76
5 41
4 63
10 4
7 4
9 10
5 29
7 64
4 37
5 82
9 57
4 66
3 19
6 28
10 91
6 98
9 31
10 11
1 70
6 16
10 57
9 91
2 34
1 32
5 55
1 75
8 71
8 21
5 32
8 10
1 74
2 99
2 52
5 63
10 61
4 26
10 88
4 43
10 53
3 19
8 32
9 20
2 89
1 10
4 59
7 14
9 53
8 28
7 95
4 67
1 45
10 72
9 23
10 39
10 49
10 28
8 82
3 90
8 57
3 34
6 35
9 91
9 12
3 49
5 12
1 72
3 74
1 75
6 25
8 90
10 99
3 38
2 100
5 52
4 15
4 86
5 72
4 81
8 66
6 70
6 68
10 16
4 91
3 67
5 70
8 81
3 83
7 87
5 78
5 55
8 24
9 16
4 34
5 5
6 4
6 63
6 57
5 38
10 77
7 40
2 87
6 87
7 84
4 1
4 48
10 46
3 36
3 5
4 26
9 94
5 42
8 40
2 21
10 3
9 28
1 42
2 82
2 61
6 75
7 86
4 7
7 45
6 35
8 100
5 34
7 49
2 99
7 9
7 55
8 90
1 27
4 29
5 37
4 85
3 100
9 84
6 81
10 65
5 48
2 67
4 64
4 21
4 80
6 85
3 19
10 92
10 91
10 97
2 42
4 22
9 86
3 28
10 64
6 29
3 80
4 97
3 95
6 74
1 61
10 38
6 85
4 60
10 64
5 98
10 99
3 17
5 78
5 58
9 11
4 82
7 30
9 90
8 59
1 89
2 21
5 42
3 90
7 38
1 97
6 71
5 3
9 24
5 80
7 86
1 30
10 55
1 80
4 89
8 24
7 73
5 57
10 67
5 72
3 79
5 59
3 62
7 51
9 47
3 23
8 91
6 97
1 28
3 95
9 43
8 42
3 23
8 61
5 59
10 77
8 82
3 94
2 5
8 37
5 93
5 44
3 87
3 24
7 90
2 74
1 61
2 34
9 42
7 56
9 31
8 32
7 47
1 45
7 89
1 59
9 94
3 43
5 81
1 32
4 92
9 47
4 57
6 42
8 19
10 79
8 31
8 37
4 31
4 49
6 58
3 71
4 63
3 47
1 8
6 35
2 51
10 63
1 80
1 12
6 45
3 34
9 63
10 92
4 10
5 82
6 57
4 99
10 23
10 53
3 66
8 43
3 2
8 97
8 86
9 27
2 4
2 84
6 3
8 30
3 75
8 67
1 92
10 86
8 58
10 29
7 97
8 3
7 6
6 42
6 95
6 7
6 1
1 6
5 59
9 73
5 46
5 57
1 95
5 72
1 81
4 90
2 94
4 71
10 33
10 6
10 39
9 28
2 99
4 11
3 74
9 75
2 3
7 60
9 64
10 2
9 60
7 41
1 98
10 23
4 74
8 45
1 94
3 59
4 70
4 1
10 26
8 15
2 19
7 95
8 34
2 42
4 69
7 37
9 63
7 40
7 26
5 22
2 63
6 6
6 35
7 49
2 22
4 77
7 50
3 43
