4 34
3 55
2 80
7 15
6 57
1 27
2 89
6 14
8 64
1 24
2 66
4 61
8 51
3 40
1 35
4 28
5 10
4 36
4 2
3 21
6 30
3 33
3 80
7 73
1 47
10 66
2 95
9 90
8 13
1 59
5 10
1 10
1 21
6 61
6 70
5 58
2 79
6 69
10 73
10 1
6 94
4 4
6 7
5 80
10 89
7 13
7 11
6 77
9 46
2 48
5 72
6 66
2 3
7 71
10 77
7 26
6 51
10 61
4 51
10 4
1 7
9 8
8 71
4 32
7 87
1 88
3 75
9 75
8 68
6 79
4 99
9 67
6 13
9 89
4 2
3 33
4 75
8 99
2 60
6 37
10 99
5 5
3 31
3 11
5 40
9 14
8 64
10 97
9 87
3 28
4 32
9 97
2 25
7 86
9 66
7 85
10 97
2 84
8 41
8 34
3 80
2 87
9 51
6 96
4 35
3 51
1 86
4 18
2 33
10 90
4 84
9 23
4 70
7 59
2 72
4 18
7 17
6 82
7 5
3 31
6 79
9 16
9 92
3 12
1 26
7 25
3 86
8 77
10 18
4 84
2 36
2 89
3 73
2 83
10 29
1 95
6 100
7 21
7 60
8 61
2 82
7 41
3 21
6 12
7 90
1 38
8 10
9 15
6 41
6 62
10 11
10 8
5 98
2 21
4 80
8 99
6 79
10 52
6 16
7 23
3 96
1 25
7 65
9 17
10 44
5 3
3 12
3 65
2 45
3 76
8 56
2 14
10 19
8 12
6 75
9 84
6 73
9 73
1 62
7 11
6 96
7 27
3 83
9 31
4 85
8 22
4 35
4 79
9 48
10 52
1 83
7 36
3 76
1 98
7 72
5 81
7 56
6 4
4 89
2 57
4 2
9 87
1 69
1 38
5 79
1 17
1 47
5 94
8 19
1 96
3 40
3 34
8 24
3 28
10 1
3 41
6 67
9 8
5 39
9 23
5 100
7 89
10 88
4 19
1 97
6 80
9 13
3 39
4 91
2 70
9 31
9 25
1 54
10 47
4 96
4 21
5 87
4 30
6 37
9 95
5 97
5 1
3 59
3 31
4 27
10 42
3 100
5 77
9 98
8 26
8 4
5 33
4 36
3 66
8 71
8 77
1 97
10 67
9 7
1 24
7 10
7 49
4 39
10 18
1 2
2 40
1 36
7 82
2 47
7 59
4 53
10 82
7 63
5 98
3 12
3 23
8 49
3 89
10 89
7 64
9 59
7 93
1 40
6 49
8 59
8 12
7 63
8 86
1 21
5 26
1 22
9 91
8 76
3 4
8 9
1 43
4 50
3 78
2 15
3 22
3 62
2 42
3 86
4 96
2 21
6 15
7 42
9 34
6 91
3 12
4 51
2 50
1 69
4 13
8 17
5 65
2 82
8 11
10 37
4 22
8 52
4 58
9 4
6 17
7 38
8 11
9 44
4 90
5 37
4 20
1 58
6 57
9 13
6 28
1 96
3 81
5 26
10 73
10 95
6 71
1 57
3 56
5 35
9 62
3 14
6 69
2 63
6 47
4 25
4 82
10 32
5 20
8 59
4 26
6 35
4 65
7 88
4 44
9 45
5 19
10 64
9 70
10 36
8 26
8 95
5 60
8 69
9 72
1 3
10 56
8 16
5 27
7 62
1 85
3 25
10 33
1 26
1 66
3 47
7 23
6 44
10 10
8 73
2 72
1 89
8 35
6 35
3 21
6 53
2 41
7 48
3 64
7 86
4 22
6 59
8 14
10 70
1 76
2 11
8 74
10 39
10 72
3 36
8 86
8 48
10 82
7 21
5 67
7 43
7 88
1 61
1 94
8 5
10 66
10 24
4 3
3 87
6 93
7 6
9 27
10 42
6 62
9 44
8 31
8 72
3 85
2 3
8 85
9 71
9 65
8 90
6 75
8 23
1 36
5 33
5 3
3 56
4 80
5 66
8 47
7 11
8 26
9 61
6 84
4 39
3 15
4 41
5 1
2 29
3 11
6 97
10 39
10 10
10 92
3 94
4 36
4 22
8 2
7 37
8 70
2 49
1 50
8 63
6 6
6 7
8 68
2 43
3 31
4 81
5 63
9 68
9 86
10 18
1 57
10 82
4 77
1 92
3 97
8 31
5 22
9 99
1 42
5 31
5 50
8 75
1 67
5 57
2 44
5 91
10 47
7 61
8 33
2 42
5 64
8 30
6 16
6 30
2 50
7 12
4 73
5 16
2 94
7 44
7 91
4 29
8 48
8 12
3 44
5 97
10 71
2 94
10 85
2 60
9 10
8 90
10 4
8 10
9 43
9 46
6 3
7 100
7 25
5 59
6 40
3 34
5 59
1 87
6 20
6 1
4 79
6 10
6 98
2 76
7 6
10 14
6 47
1 80
5 4
9 81
2 57
6 58
5 22
4 63
6 59
1 52
1 6
7 67
9 4
2 90
4 11
7 81
6 69
10 73
9 95
4 70
5 81
9 23
3 50
1 61
3 44
10 43
10 78
3 65
7 2
3 19
4 6
2 78
4 62
4 46
3 57
9 91
3 94
5 98
2 22
1 54
8 31
7 85
9 67
6 29
7 3
4 49
2 39
2 57
2 29
6 65
5 34
6 11
5 24
5 43
4 14
4 40
3 41
5 5
2 61
9 66
1 52
6 50
6 31
3 79
1 20
1 16
2 82
5 98
10 17
6 53
10 18
4 87
6 18
10 69
9 85
9 45
1 33
5 7
7 5
3 91
8 79
2 93
5 50
6 77
10 23
3 50
10 54
2 22
6 26
9 35
10 57
4 9
3 85
6 64
10 93
7 5
3 100
4 30
10 60
2 19
10 10
5 69
2 19
8 69
2 12
10 68
7 99
1 70
9 73
10 54
10 15
1 46
9 89
4 32
3 54
7 33
9 83
3 29
8 11
9 33
10 4
10 12
1 21
4 21
5 8
8 22
8 35
6 34
5 6
7 23
3 27
4 78
1 34
8 100
3 100
1 85
8 64
4 75
6 53
7 98
7 44
6 47
5 65
2 60
5 48
1 11
1 15
6 91
8 47
3 60
6 13
2 41
1 86
7 41
4 22
1 43
5 87
3 20
6 26
9 52
4 11
6 96
5 2
3 91
9 85
3 82
7 74
4 46
8 55
7 26
8 1
2 27
3 17
3 81
4 40
7 6
4 3
9 94
1 49
10 30
1 81
6 30
5 15
1 99
8 42
6 66
9 28
7 71
8 63
9 97
2 37
4 75
9 67
1 85
6 66
8 37
10 71
3 81
8 21
5 25
1 4
7 53
1 81
8 29
8 77
2 94
8 36
4 27
5 32
1 48
8 43
3 95
10 98
4 92
2 66
6 95
7 85
1 90
6 22
3 16
2 71
1 22
7 93
10 1
2 10
7 5
9 18
5 76
4 3
2 54
4 28
2 14
4 16
3 75
7 57
6 93
9 52
3 19
4 89
8 85
8 8
10 6
10 29
6 97
7 9
9 54
2 82
6 13
8 63
6 62
4 13
3 19
1 81
1 23
8 98
3 91
10 59
5 36
4 76
6 34
9 45
8 48
1 92
8 36
1 15
4 76
5 23
6 79
10 53
4 23
3 30
3 64
3 50
5 48
9 81
1 25
9 23
1 91
4 74
1 48
2 51
9 65
5 77
10 92
1 33
8 59
3 47
10 64
5 43
8 56
9 53
3 52
10 83
10 29
1 44
3 92
3 17
4 26
9 4
9 66
5 85
6 71
10 35
7 50
8 55
10 93
8 9
7 83
10 24
10 32
2 59
5 56
5 33
10 37
1 89
4 2
7 21
6 75
4 25
2 90
3 65
2 95
7 92
6 93
3 83
4 54
7 77
7 29
3 85
10 18
3 91
3 99
1 100
5 55
8 2
8 5
9 75
9 10
7 37
6 30
6 95
9 37
9 16
4 99
7 15
6 83
2 90
2 82
3 35
9 86
8 60
10 58
5 22
8 86
8 59
10 19
8 5
2 30
8 83
5 20
3 27
5 31
8 26
4 58
4 93
7 14
1 73
10 65
5 29
6 82
8 19
6 75
4 25
4 61
8 2
2 99
4 71
3 18
4 95
1 3
9 27
3 61
5 27
7 55
3 81
5 60
4 10
10 23
8 82
6 58
1 14
1 9
5 84
2 35
10 54
6 22
10 33
4 49
2 92
2 55
4 6
9 42
7 89
3 54
8 1
4 53
7 5
2 72
6 45
7 4
2 93
2 2
1 34
8 96
3 91
5 10
7 72
5 10
1 58
1 76
7 98
4 13
8 93
3 68
8 48
8 27
3 30
3 76
2 15
6 27
4 60
8 51
2 42
6 10
8 7
9 2
4 96
5 48
3 72
8 11
4 14
9 17
10 16
10 79
9 8
9 10
4 28
2 35
10 97
1 11
2 55
1 87
7 5
3 17
8 56
5 56
6 15
1 18
7 51
4 83
10 88
10 53
4 49
6 21
1 8
