10 86
7 31
6 36
9 86
7 58
2 91
1 24
4 87
8 63
2 26
3 96
10 50
7 66
6 84
6 39
1 38
9 30
3 44
10 36
9 51
7 78
5 16
10 11
8 81
1 51
9 99
3 51
1 64
1 48
8 55
7 100
3 91
7 20
3 49
2 44
8 26
5 31
8 5
9 51
1 26
5 26
2 52
5 65
9 73
7 10
6 84
9 59
3 64
4 78
7 44
4 75
5 47
4 95
1 46
4 83
10 29
4 65
9 75
4 67
7 74
5 4
7 23
10 53
2 50
2 97
1 99
5 6
6 49
5 44
3 20
8 4
5 11
6 14
6 83
10 95
10 59
5 70
10 80
10 98
1 1
3 73
2 97
7 96
3 85
3 24
1 26
3 5
7 63
4 86
8 48
8 64
8 47
10 52
6 4
9 60
6 72
4 50
10 38
9 66
10 75
6 21
3 84
1 62
4 10
10 25
10 30
10 79
9 43
10 38
6 21
5 86
5 44
8 64
4 30
6 3
9 6
9 56
9 70
2 20
10 12
2 19
4 97
6 19
4 22
5 8
9 65
2 77
9 81
6 39
1 49
10 35
4 31
8 70
7 84
6 75
5 72
7 43
8 29
8 17
4 42
10 13
10 63
4 55
3 26
2 78
3 100
7 11
7 49
8 29
10 11
1 57
7 95
8 3
3 67
8 39
4 45
8 63
9 39
1 60
1 96
7 19
2 13
1 2
6 30
3 74
1 97
3 56
2 45
6 1
9 54
4 84
8 35
4 100
5 65
3 62
6 86
9 17
8 14
4 28
1 95
8 44
8 88
9 56
4 94
4 15
7 54
2 10
6 41
5 17
9 49
10 12
1 45
3 7
4 30
4 30
9 75
1 93
9 67
1 48
7 29
7 27
10 83
4 45
5 91
6 27
8 15
8 3
2 1
9 46
4 69
9 84
6 20
9 16
4 6
4 12
1 10
4 39
8 53
6 81
10 9
6 24
1 8
2 97
1 14
2 15
8 68
9 64
7 47
2 33
6 85
2 37
7 19
9 77
1 84
10 87
6 30
3 81
3 99
6 62
3 75
5 16
6 85
2 81
9 95
7 91
4 48
7 34
7 10
5 34
1 77
6 51
7 23
10 58
1 32
7 9
1 29
1 34
6 58
7 76
8 50
9 59
2 48
8 56
2 19
4 50
5 54
10 11
3 63
7 43
2 87
7 10
5 51
7 29
10 37
7 99
4 33
9 82
7 15
1 58
9 12
9 85
5 73
6 66
9 55
3 35
1 4
5 49
6 91
10 1
5 64
10 89
4 19
2 50
7 67
7 64
8 83
3 19
5 29
9 45
7 87
4 40
6 43
9 67
8 74
7 85
9 2
5 27
5 10
1 68
10 55
7 79
1 4
6 51
3 66
3 34
4 98
7 93
6 57
3 80
2 23
9 63
4 67
6 48
3 87
7 36
1 35
3 78
1 85
3 95
9 100
1 57
3 1
2 77
7 37
9 39
5 76
3 74
9 68
4 37
3 21
9 38
8 28
9 41
7 8
10 34
7 8
10 8
10 60
8 49
1 75
9 28
3 34
6 9
6 95
1 69
2 17
2 78
10 16
1 81
1 89
9 47
8 45
4 90
6 75
3 98
1 63
9 44
9 12
3 90
7 58
10 88
6 51
5 84
1 17
9 54
4 65
3 99
2 42
4 56
7 69
2 54
1 45
9 58
7 47
1 11
6 84
7 83
1 2
3 23
5 97
1 63
7 4
5 43
3 73
7 8
10 82
6 38
8 45
3 22
7 27
5 13
9 61
2 42
4 39
4 5
1 14
5 96
2 38
6 25
3 25
7 90
7 32
8 66
7 80
1 5
2 79
9 84
4 89
3 67
8 70
5 64
8 47
1 25
4 18
5 78
1 38
6 48
1 5
7 78
6 76
7 7
1 65
2 36
8 32
10 16
9 74
10 34
6 9
1 99
5 57
5 50
10 17
10 41
9 29
4 42
1 7
1 22
8 94
5 53
7 71
7 1
8 96
5 81
9 90
4 86
1 31
5 65
6 44
9 94
3 38
2 62
2 32
2 84
2 1
5 71
9 4
6 96
6 96
3 10
8 43
7 53
10 59
10 38
8 29
3 25
8 94
10 77
4 55
5 85
4 68
8 82
10 73
7 36
9 45
2 53
9 93
6 8
8 62
7 67
2 39
4 58
4 65
9 17
6 8
10 48
10 87
7 9
3 5
10 58
5 8
2 86
10 31
10 88
3 51
4 15
10 38
5 48
1 69
9 24
2 64
8 17
3 56
2 22
1 40
5 72
9 65
2 41
10 9
5 32
4 19
5 73
5 50
9 19
8 96
7 12
10 49
9 97
7 9
8 99
2 42
7 94
6 99
9 30
2 87
2 68
3 78
9 91
6 15
4 84
10 22
9 63
10 9
7 71
10 86
2 62
9 72
10 47
8 39
8 73
2 45
1 81
7 64
8 55
1 46
7 90
8 5
8 94
5 7
1 100
6 97
9 81
8 56
9 27
10 37
6 89
6 16
3 50
5 64
7 86
4 6
1 9
2 35
6 33
8 83
7 23
5 56
4 53
9 60
4 91
2 56
4 44
3 39
8 64
9 15
3 60
6 50
2 30
2 56
6 20
1 49
4 72
3 67
4 30
3 23
6 54
10 21
9 88
6 25
6 42
10 40
8 29
3 36
3 9
1 29
8 87
8 90
10 36
7 44
8 84
1 25
9 48
6 48
6 83
9 80
1 56
5 40
5 9
7 83
4 24
6 62
6 82
4 44
1 10
10 9
2 35
7 82
10 78
10 88
2 55
6 83
3 99
8 31
2 92
7 76
3 33
2 83
3 48
4 5
7 75
9 86
3 79
7 18
4 48
2 82
3 29
1 27
8 87
3 32
8 50
2 45
2 88
7 79
8 43
4 92
8 10
2 84
3 60
2 14
3 40
10 45
8 49
3 58
6 90
7 1
6 79
10 56
1 36
5 91
10 90
4 41
6 95
9 59
7 1
10 89
1 49
4 62
5 71
7 50
7 78
1 23
1 82
5 23
8 61
5 2
8 48
2 28
10 59
10 11
9 84
9 46
6 72
4 5
3 63
3 1
3 39
9 53
10 81
8 68
9 92
6 98
9 58
5 89
4 85
10 35
6 75
6 15
10 91
5 62
4 97
9 73
3 24
1 89
4 38
9 70
8 88
6 68
2 41
4 92
9 34
8 32
6 8
4 55
9 93
7 92
3 64
3 61
3 57
10 63
4 38
2 5
1 18
5 83
7 87
1 6
7 77
9 37
5 61
1 43
7 71
1 44
9 2
4 49
6 43
3 37
6 37
10 26
10 97
6 45
6 41
2 2
2 30
6 12
2 3
9 41
7 100
2 45
9 45
3 46
4 53
5 13
1 72
8 79
7 73
2 27
4 43
8 28
7 14
3 75
1 6
6 39
4 9
8 8
8 31
2 6
4 84
6 35
9 37
2 66
4 35
3 96
8 37
9 44
8 60
10 38
8 50
9 19
8 85
7 53
1 70
1 47
10 47
6 21
3 72
10 42
6 42
10 13
5 10
9 38
6 89
9 14
8 95
7 7
2 92
2 56
9 3
1 20
1 14
10 33
7 11
1 59
1 42
4 2
1 92
6 18
2 32
7 3
4 21
8 50
5 51
2 96
7 50
3 49
4 6
5 71
10 1
9 81
8 16
7 71
5 74
4 53
2 86
5 92
9 19
2 65
9 37
9 50
8 20
1 26
7 82
3 49
4 78
7 28
3 4
5 47
8 7
5 14
3 9
4 15
8 27
6 18
1 51
10 81
9 26
1 15
4 82
8 21
10 9
9 61
1 53
1 55
5 12
7 13
10 92
8 21
9 63
3 39
5 96
4 54
9 71
7 65
3 99
6 75
8 52
3 98
10 47
4 10
6 58
9 78
1 68
3 61
3 29
9 42
3 32
9 21
1 66
2 70
2 25
3 45
7 65
6 41
1 26
5 9
10 63
6 93
4 63
6 69
6 91
4 61
5 40
3 21
4 27
1 72
1 15
1 48
10 97
1 69
3 20
6 40
9 24
1 58
4 33
4 94
7 74
4 63
1 3
3 3
10 17
10 70
2 37
5 67
10 36
10 46
6 66
3 26
8 97
3 74
6 69
6 39
9 6
2 92
7 54
4 11
10 58
1 96
7 23
10 68
8 10
3 92
4 62
5 8
4 62
9 51
8 7
10 65
10 67
5 93
7 44
10 84
6 80
3 98
10 66
6 84
5 11
3 16
5 39
10 86
7 51
1 27
8 20
8 72
9 21
9 48
5 29
8 95
7 100
1 20
10 74
1 43
6 39
10 72
1 70
5 67
7 55
9 25
8 35
7 3
8 80
6 71
1 6
1 80
1 43
7 19
4 94
3 84
8 46
2 86
5 50
9 32
3 80
2 57
5 93
10 11
9 36
9 36
3 91
5 54
5 19
7 98
2 90
8 92
