8 6
1 71
3 67
1 54
3 3
8 82
2 75
4 52
4 33
3 78
5 83
8 51
9 95
2 53
2 90
1 24
9 62
3 46
8 24
8 43
7 36
9 67
4 49
5 42
4 69
2 81
8 51
2 12
2 18
7 60
6 50
10 30
10 19
4 33
7 53
9 5
1 8
1 25
4 99
1 8
8 64
4 8
7 61
4 32
8 2
7 77
4 44
4 36
4 29
4 2
4 73
7 64
7 41
6 38
10 62
10 28
8 78
1 29
9 52
5 68
1 46
10 80
4 40
8 3
6 31
10 79
7 68
10 90
3 8
6 12
1 17
10 91
4 87
2 11
6 16
1 76
6 69
4 77
3 59
10 19
3 3
5 27
4 35
2 1
8 5
9 50
5 45
7 17
5 58
2 66
8 34
6 79
5 5
2 9
5 72
7 35
5 44
1 38
1 53
10 77
8 52
5 56
1 85
10 77
9 33
3 2
9 33
7 30
3 76
2 30
1 84
3 20
8 77
8 72
4 10
7 48
9 33
2 78
9 37
1 56
4 22
7 55
10 42
9 85
9 83
3 58
3 10
2 54
5 39
8 6
10 71
9 88
4 3
7 32
8 74
5 25
1 19
5 6
8 60
5 27
4 79
9 36
2 23
4 56
7 27
4 30
1 71
1 45
8 4
3 7
2 75
9 45
10 70
3 53
5 63
1 1
10 78
10 28
6 46
1 67
7 95
9 42
4 27
1 69
3 30
9 57
5 89
9 4
10 68
9 14
8 36
1 99
6 81
9 78
9 71
3 39
10 8
1 53
9 54
5 77
9 59
8 84
5 75
2 58
2 53
2 64
7 83
6 56
3 80
1 94
9 87
3 39
6 78
4 43
7 21
1 20
9 29
3 31
2 42
9 10
9 73
7 27
8 18
9 49
10 58
6 53
6 49
10 20
9 73
6 16
2 99
7 36
9 89
8 90
10 48
8 20
5 12
6 48
1 43
3 97
10 97
2 70
2 90
3 98
4 21
6 8
8 36
9 46
1 92
4 70
7 32
7 18
6 38
3 97
4 34
10 29
4 56
4 4
1 57
6 44
4 45
3 56
5 61
7 98
4 52
1 13
9 11
3 14
5 54
9 92
3 78
6 1
1 22
8 21
9 90
3 35
8 91
5 50
7 73
9 51
10 54
7 32
4 4
7 17
3 14
1 27
6 75
10 57
6 37
5 85
6 38
3 70
6 5
3 16
6 36
3 58
4 82
5 48
8 72
9 86
7 16
1 12
9 34
7 16
10 71
1 58
6 48
10 46
7 57
3 21
2 7
6 74
10 87
3 88
9 1
5 98
8 82
5 50
10 78
3 3
10 1
2 53
8 57
2 51
2 37
5 57
9 98
4 88
1 31
10 96
6 70
6 61
10 78
8 41
1 44
2 37
1 75
5 71
4 4
7 5
8 14
4 61
3 51
6 12
7 21
10 100
7 92
1 10
1 85
2 2
6 3
5 80
4 21
1 75
1 41
8 79
9 97
6 87
6 36
1 46
5 12
5 85
5 30
5 82
10 87
1 43
9 19
9 25
4 3
2 97
1 9
7 22
9 36
8 93
4 93
1 65
10 14
3 29
2 65
4 65
4 60
4 70
4 25
6 71
7 25
2 41
3 79
8 37
5 36
8 25
2 25
8 54
3 1
2 98
1 80
6 58
8 100
1 94
9 36
5 64
10 75
4 83
7 96
3 90
2 20
8 45
3 76
1 92
9 90
9 95
10 63
6 78
10 91
2 51
7 93
3 81
5 57
6 75
8 87
3 66
5 34
7 72
3 95
9 80
3 13
3 20
6 87
5 69
3 41
5 9
2 75
4 93
3 94
6 78
1 33
9 88
5 17
10 75
3 9
2 42
8 54
9 93
2 7
3 2
9 49
6 12
7 50
9 45
6 40
3 59
10 89
2 6
10 56
7 8
9 15
5 1
3 37
4 30
2 40
4 86
10 9
7 61
6 63
4 97
1 13
8 17
3 31
10 85
10 9
2 12
9 32
1 70
3 86
2 35
10 13
6 25
3 95
1 86
10 69
3 52
9 10
1 38
2 48
7 24
2 58
2 64
9 84
4 57
4 21
3 37
2 70
9 62
6 61
10 21
3 45
2 63
5 76
10 42
5 63
9 16
7 45
3 15
4 40
10 94
1 33
2 55
10 32
7 46
5 33
4 49
7 86
1 78
7 5
2 35
10 32
10 33
10 16
8 9
10 11
6 28
10 92
1 97
2 98
9 20
3 48
10 2
4 8
8 48
3 2
3 10
5 48
8 23
7 8
1 26
10 34
5 43
2 40
2 55
2 49
8 42
9 26
2 40
2 16
6 39
4 71
1 32
5 62
8 5
5 61
10 98
8 12
9 77
3 15
9 9
9 88
9 70
10 27
8 83
1 13
1 100
9 15
10 36
5 99
2 47
4 31
10 14
2 66
1 36
2 55
5 39
4 43
2 68
1 47
1 72
5 72
4 42
6 24
2 98
5 6
3 47
3 78
8 32
8 14
10 48
5 85
3 66
9 15
3 17
10 66
4 22
2 4
2 11
1 49
9 30
8 32
6 55
6 22
10 2
9 59
4 59
9 41
7 5
7 63
10 1
3 11
8 21
6 41
5 71
3 89
9 52
3 4
7 3
2 26
10 27
9 94
1 79
6 67
2 83
8 96
10 16
9 28
10 57
6 64
4 59
5 54
8 65
2 26
10 45
4 64
3 83
5 33
10 60
3 3
6 74
5 13
2 61
8 36
2 58
1 36
8 63
4 86
4 19
10 79
8 55
9 50
5 99
7 92
6 80
5 53
9 18
2 38
7 45
8 10
2 40
1 46
9 91
10 70
9 36
9 26
8 45
8 66
2 25
7 2
7 57
9 77
2 73
2 52
5 31
2 71
2 72
9 49
1 58
8 35
3 19
7 47
3 41
8 82
3 14
8 31
10 19
4 82
4 12
9 78
6 80
8 48
4 16
8 10
7 29
2 63
7 56
8 19
1 13
2 39
5 55
2 72
1 7
1 30
3 40
9 5
4 8
5 31
1 70
2 16
8 60
3 71
7 35
1 54
10 33
3 29
2 99
10 4
6 77
9 31
1 4
6 20
3 15
8 25
9 33
4 71
10 90
5 71
1 88
10 11
3 91
4 68
10 50
5 59
5 41
8 79
1 28
8 84
5 100
10 30
10 77
2 60
6 60
7 30
8 44
6 2
7 45
9 92
10 4
3 22
4 58
5 100
9 92
9 100
7 36
9 9
3 50
2 14
4 62
10 22
10 66
7 27
10 35
9 17
4 38
7 21
3 5
10 7
9 88
1 84
7 34
5 56
3 69
2 73
2 19
9 34
3 49
4 55
10 62
4 42
6 50
4 70
10 14
6 20
6 12
8 89
4 23
7 90
10 8
10 18
8 40
9 49
3 3
7 66
7 54
7 21
9 14
2 91
7 72
6 19
1 89
8 70
5 51
2 38
10 77
6 33
10 20
1 1
8 88
3 63
9 35
10 53
10 69
3 84
8 40
7 84
2 34
7 91
10 65
1 26
2 79
8 48
8 100
6 84
2 86
4 34
10 56
6 65
1 22
9 92
2 1
9 71
3 91
9 97
2 26
5 76
2 18
2 17
7 76
5 55
8 38
6 27
9 94
5 2
10 60
2 39
7 64
1 63
7 64
1 71
1 22
4 22
2 2
10 4
4 36
7 42
2 61
1 51
1 9
10 13
10 92
6 42
10 37
2 6
8 25
1 86
5 36
10 42
5 15
6 36
6 7
6 17
2 10
2 50
6 4
9 36
7 71
9 32
8 76
5 71
6 14
2 17
2 13
4 93
4 6
10 81
5 18
4 52
1 1
9 83
8 68
7 48
6 46
2 94
1 92
1 13
2 4
10 97
8 17
3 83
7 98
10 24
3 64
2 87
5 14
9 26
1 56
7 93
9 28
6 63
9 85
3 1
1 29
6 9
5 59
4 68
4 86
9 48
5 62
4 14
6 65
10 16
9 9
6 83
2 9
1 15
9 1
2 79
9 19
4 41
1 96
9 56
10 4
1 58
5 40
10 49
9 34
9 68
4 99
9 37
5 29
8 39
4 78
1 16
6 33
5 90
6 52
1 82
1 84
1 85
2 1
2 43
3 94
10 50
1 33
1 25
10 44
5 2
2 5
5 30
9 23
10 43
6 26
1 96
4 52
1 61
9 75
5 94
2 80
1 75
8 17
3 66
6 58
10 69
10 53
7 62
8 33
9 29
10 11
8 1
7 37
6 35
4 35
7 60
4 47
6 22
2 76
3 63
6 40
10 39
1 19
8 3
6 68
4 3
10 43
2 76
10 76
2 46
8 24
4 46
4 9
3 76
4 13
5 66
5 8
3 56
5 95
5 83
5 30
1 49
7 77
4 90
6 56
6 11
3 28
5 64
5 66
2 60
10 82
4 53
1 60
10 29
10 40
5 17
7 45
10 96
3 82
