5 31
9 87
9 23
5 35
4 38
4 49
9 78
4 15
4 38
5 59
6 2
5 5
3 30
3 21
3 94
5 29
9 20
1 66
8 2
8 48
1 41
9 23
6 100
6 96
5 70
6 25
4 20
6 62
5 64
5 97
9 93
10 9
4 41
9 59
3 52
3 38
8 11
7 97
4 46
10 87
6 34
5 3
9 7
2 58
8 58
1 39
5 31
10 77
1 75
6 100
2 9
9 89
7 47
6 36
10 60
7 61
8 52
1 23
7 100
1 98
3 96
9 35
9 67
8 86
6 55
8 44
5 78
1 47
9 33
10 63
9 23
6 30
4 66
4 76
10 78
4 74
6 22
4 1
7 22
3 64
2 3
2 55
4 66
7 66
6 88
4 58
10 2
3 74
3 86
9 86
10 85
10 53
9 77
1 58
7 26
6 39
9 32
4 37
5 42
1 35
1 74
5 53
3 70
10 16
10 13
1 29
5 34
3 68
7 18
10 44
6 58
1 34
4 2
4 30
2 13
5 61
6 13
3 48
2 98
10 69
2 63
2 86
1 92
7 79
9 60
3 9
3 64
2 5
3 65
9 99
5 47
7 69
8 18
2 39
7 74
8 13
6 56
8 39
8 92
3 9
3 26
8 4
8 100
4 10
9 73
5 22
10 1
5 95
3 66
5 87
5 79
4 75
3 79
7 14
8 21
8 79
1 24
6 13
8 98
2 75
6 22
9 97
7 18
2 98
8 39
8 62
7 16
1 60
6 54
2 94
3 48
4 49
6 97
2 97
2 11
10 80
5 71
2 35
6 87
6 99
6 74
2 90
1 78
6 35
7 68
8 95
9 67
10 10
7 83
8 66
4 54
6 63
10 34
10 12
5 31
6 86
2 63
1 62
6 16
3 13
9 20
7 73
8 77
6 51
1 100
2 62
5 68
9 62
4 41
1 28
2 91
1 82
4 13
1 94
4 10
10 22
4 36
1 60
7 95
9 48
2 5
10 19
1 36
2 97
10 98
7 4
6 6
5 36
10 18
9 55
1 25
2 42
3 82
1 69
10 87
8 96
9 66
5 55
6 71
8 6
3 43
9 2
9 24
5 23
4 25
5 43
1 40
10 28
2 67
9 42
4 37
5 64
2 3
2 9
2 36
9 71
10 5
8 32
8 65
8 41
2 77
6 40
4 40
4 97
6 23
5 45
5 88
10 88
4 12
5 25
3 71
9 40
9 16
6 69
10 19
8 76
3 96
9 49
5 88
9 48
1 42
8 9
6 76
10 75
7 81
2 48
3 25
9 43
6 68
3 9
1 91
7 36
2 28
8 6
2 25
7 86
10 28
7 30
1 74
8 74
6 66
4 32
10 57
2 62
6 29
6 60
8 31
10 22
4 54
9 51
4 77
4 59
9 13
4 48
6 29
8 36
6 43
2 87
4 40
10 29
3 7
1 42
2 62
2 78
4 46
6 8
2 3
2 22
5 89
3 44
1 70
5 91
6 63
6 84
7 21
3 33
9 10
4 28
3 45
7 8
7 36
2 9
6 1
7 21
7 92
5 76
10 3
5 20
7 16
4 35
9 8
9 26
7 65
8 8
9 91
7 59
7 88
10 99
7 99
5 9
8 77
3 18
7 31
1 98
4 52
10 48
2 2
10 60
3 82
4 80
8 1
5 76
1 90
10 33
9 5
10 29
1 10
3 81
8 100
8 83
10 41
5 43
4 46
10 66
2 23
6 75
8 74
2 22
8 86
10 38
4 4
10 79
10 81
5 13
5 74
8 52
2 49
2 9
9 81
8 17
8 69
8 45
3 22
8 19
7 76
6 93
6 87
5 39
1 75
8 70
6 53
6 65
3 69
5 48
1 66
9 29
3 85
3 47
5 14
6 100
2 67
1 87
7 3
4 95
7 4
2 93
9 46
6 65
1 37
6 42
7 9
3 45
10 97
1 39
2 25
9 44
10 45
6 85
10 39
3 1
4 9
9 96
10 53
6 44
8 17
4 82
5 3
4 14
5 62
1 15
8 52
1 9
9 28
1 52
3 56
5 65
10 68
8 29
9 84
4 56
7 93
7 64
10 23
4 99
10 32
9 9
8 66
1 48
8 10
8 66
7 73
1 5
10 25
3 7
2 62
10 47
2 97
9 88
9 90
1 29
2 35
5 79
8 47
3 96
10 25
4 45
9 46
5 75
8 82
2 46
4 4
8 86
1 96
10 75
10 91
9 28
8 2
2 20
7 72
9 54
8 58
4 44
9 52
9 35
5 98
7 62
1 12
5 88
2 100
8 63
10 59
1 44
6 79
1 64
9 88
3 22
3 73
6 63
10 50
4 23
9 45
6 47
4 34
2 22
8 47
1 74
8 57
7 48
2 65
4 28
3 23
7 68
5 86
6 74
9 29
5 57
7 10
3 57
8 100
1 100
7 95
1 47
8 45
4 40
3 31
9 26
1 6
5 39
3 13
10 74
8 4
8 21
9 19
1 49
1 93
4 69
9 46
7 42
2 72
3 30
3 7
1 32
5 53
2 79
1 97
9 41
5 55
10 77
2 2
2 58
6 98
7 43
3 85
6 27
8 65
8 52
4 95
8 41
1 15
7 26
4 84
4 57
10 87
4 71
5 4
2 16
10 29
6 39
4 88
1 22
2 96
4 71
5 68
9 81
10 52
6 6
1 53
1 77
1 95
4 59
3 37
8 59
9 38
5 72
5 91
3 68
2 42
4 86
6 38
2 84
10 29
3 15
1 63
6 21
5 32
9 22
3 53
10 75
5 87
1 8
1 58
5 27
10 18
4 98
10 41
3 6
8 49
6 67
2 100
6 61
7 13
1 76
6 76
10 84
6 87
5 15
7 25
5 89
5 61
8 87
9 69
1 96
2 88
3 96
1 26
4 30
5 30
8 37
1 10
2 79
2 15
3 31
8 60
5 57
6 30
3 56
2 10
5 32
9 83
4 42
1 98
6 22
10 56
3 80
9 35
4 79
5 61
7 70
5 99
6 7
1 66
7 86
5 68
9 32
5 69
6 51
9 92
8 79
3 2
1 18
1 3
8 95
7 61
7 56
7 37
9 16
1 12
1 49
9 14
5 55
7 67
5 81
7 68
4 4
4 17
7 38
1 5
6 73
3 86
3 95
2 24
2 2
6 88
6 36
1 66
4 13
5 56
8 100
9 70
9 5
6 92
7 42
10 3
10 89
10 100
5 65
3 22
3 59
6 91
6 48
8 26
2 74
1 36
6 30
8 50
8 46
1 51
5 79
2 11
2 13
10 8
8 42
8 48
1 81
10 32
6 41
1 72
1 91
5 92
7 69
9 84
1 91
3 59
6 28
8 55
6 90
4 57
8 15
6 82
4 94
10 55
2 2
1 94
4 90
2 28
6 25
9 67
4 81
6 55
9 47
4 45
8 41
8 3
8 20
9 32
6 17
3 61
3 60
5 29
2 73
6 74
4 88
5 33
2 42
9 96
10 81
5 98
7 61
3 19
9 61
6 42
4 90
1 30
8 83
2 73
9 7
4 56
9 87
3 20
3 32
2 57
6 29
1 42
7 2
7 16
3 53
9 48
9 86
6 69
5 66
9 98
3 24
9 78
3 45
5 49
5 70
6 51
6 44
10 69
10 64
1 15
3 65
6 66
9 63
2 14
6 58
3 12
7 68
3 23
3 84
4 17
10 36
5 77
8 90
5 11
7 51
9 23
1 69
2 44
6 83
1 37
4 71
3 47
5 55
1 79
6 65
7 78
10 90
3 55
10 11
4 68
7 80
3 17
10 92
3 93
3 57
3 83
8 20
3 59
9 78
2 67
6 20
9 97
3 73
1 94
7 14
7 67
4 81
9 64
1 27
7 67
10 93
4 32
10 66
6 15
8 4
2 98
9 28
10 62
7 91
9 37
8 3
9 18
10 40
9 84
10 49
7 44
4 47
6 11
5 85
10 57
7 4
7 93
4 2
3 89
4 50
6 24
1 12
7 91
8 64
1 22
9 40
8 46
9 15
3 88
10 68
8 79
10 52
7 6
6 33
4 50
2 97
2 24
2 19
3 56
10 13
5 1
7 53
8 47
9 62
8 91
7 80
8 47
5 95
4 100
7 14
8 96
9 20
3 60
6 49
1 39
10 95
9 30
3 19
7 40
7 18
3 25
8 80
9 31
1 70
1 89
4 81
9 53
1 63
3 21
8 25
10 81
1 26
5 95
3 52
10 97
2 49
9 74
2 41
2 20
10 83
3 89
10 14
8 99
5 91
5 38
9 24
6 26
2 7
5 83
8 29
7 54
8 94
10 69
2 67
8 70
5 72
8 68
9 20
10 80
5 18
5 44
1 26
9 6
5 13
3 84
10 57
6 19
7 73
9 74
10 18
8 53
5 40
9 63
6 16
10 54
5 2
8 42
8 18
6 61
10 51
10 62
8 5
8 56
2 26
8 26
5 1
1 17
9 78
7 62
1 53
7 14
8 29
1 68
3 45
