9 33
3 25
4 73
8 17
5 13
4 27
10 93
1 67
6 15
1 8
9 28
1 72
1 76
1 57
2 9
10 21
3 12
8 90
3 40
10 80
1 7
5 53
10 19
5 32
5 74
6 61
10 31
10 32
7 18
3 41
7 86
2 41
10 29
9 92
8 28
1 7
7 78
6 24
5 100
7 17
10 71
2 61
6 65
10 15
2 5
6 41
7 55
9 12
4 85
4 15
1 46
6 30
2 20
7 46
9 23
2 2
10 32
9 36
1 27
8 78
6 67
4 73
8 45
4 81
5 25
6 63
10 77
9 16
1 74
8 33
9 16
2 100
9 62
3 7
5 92
9 24
2 39
1 9
3 31
1 33
8 47
6 21
1 73
5 41
5 48
6 75
7 52
7 99
5 33
4 88
1 45
5 11
7 68
6 42
6 22
9 24
4 80
8 12
5 47
2 23
4 98
8 23
10 2
5 75
7 57
9 1
10 85
2 72
4 83
4 94
2 65
1 49
4 16
2 55
8 62
5 60
9 3
10 10
5 71
4 59
6 82
9 21
2 88
9 66
6 60
5 55
10 24
9 53
2 70
9 100
5 51
3 69
8 73
10 82
4 62
10 88
7 72
4 56
4 95
9 26
2 56
3 60
10 88
5 80
1 88
5 54
4 9
4 81
4 63
8 5
10 92
4 33
1 42
4 2
2 49
10 52
9 77
9 41
7 44
6 33
7 29
1 10
8 16
8 9
1 20
3 41
8 71
6 23
2 62
10 12
1 75
1 44
2 52
9 71
6 25
9 85
10 52
5 42
9 89
2 37
6 49
4 48
4 86
3 10
8 26
5 68
5 4
9 81
2 96
4 84
7 86
5 64
3 35
5 72
10 59
3 49
4 39
7 97
8 10
2 45
2 56
9 52
9 80
2 91
7 51
10 46
10 47
2 85
4 72
8 43
6 95
5 96
10 8
2 64
4 2
7 33
9 82
8 19
3 64
2 16
8 24
3 27
1 57
4 81
5 28
9 58
7 80
9 22
10 41
7 50
10 31
5 90
4 53
4 33
7 27
2 18
1 74
10 1
6 43
4 24
7 23
4 100
1 38
10 93
10 14
7 97
8 51
5 100
7 57
8 86
9 98
9 25
1 35
8 31
6 14
7 53
3 86
5 38
6 26
8 87
10 19
7 63
8 5
7 2
7 82
3 90
7 24
1 39
4 49
1 82
10 1
3 61
2 43
5 77
2 15
9 92
4 24
9 79
7 54
3 88
4 8
3 10
7 53
1 54
5 65
1 40
6 68
10 7
5 42
2 2
9 98
10 46
1 49
6 16
4 61
2 52
9 43
10 48
9 90
8 98
10 44
3 27
9 44
4 53
8 57
9 47
3 70
4 95
10 9
6 85
5 95
5 96
6 87
9 86
9 55
8 5
2 92
7 85
10 72
9 36
5 47
4 34
4 47
5 3
2 78
9 91
1 23
8 81
2 68
9 83
7 18
9 73
7 62
6 72
9 93
9 39
3 43
9 62
4 6
8 76
2 78
8 35
10 97
5 94
2 89
3 11
9 49
4 82
8 42
8 63
5 46
7 68
8 75
3 19
8 10
10 68
1 19
1 6
5 10
9 16
5 96
6 14
6 28
4 98
6 55
3 98
4 35
3 24
10 33
4 18
7 60
3 19
3 43
3 23
4 53
3 75
6 51
1 1
8 82
7 7
2 87
10 66
8 81
6 34
8 39
1 81
1 19
3 87
9 95
6 21
8 50
9 26
8 63
10 50
10 35
5 65
3 89
1 61
6 43
5 8
10 63
9 6
5 88
1 81
3 59
10 91
9 74
8 94
2 68
1 71
8 64
3 74
8 56
3 41
2 2
6 71
9 82
10 24
9 22
6 64
10 67
1 50
3 13
5 62
7 2
5 3
5 44
4 11
4 70
5 48
9 33
6 34
4 32
8 55
7 69
2 42
6 71
5 27
2 97
6 92
4 89
3 78
3 31
7 43
5 81
7 32
5 37
4 11
10 73
9 43
2 6
5 80
6 3
3 35
2 45
9 42
7 57
10 96
9 90
2 40
10 6
7 48
2 56
2 91
3 37
2 92
6 20
8 58
9 26
6 80
5 54
9 8
1 42
3 21
2 21
3 31
7 37
7 85
10 5
10 57
5 12
10 82
6 7
8 31
4 82
5 40
1 22
7 16
2 100
3 66
4 54
1 100
1 51
6 33
3 77
3 54
5 61
1 26
2 16
7 20
8 42
4 70
8 57
9 27
1 54
6 5
9 71
3 22
9 25
1 90
8 23
6 6
8 2
3 83
8 2
10 68
8 37
8 54
6 65
6 24
4 74
2 100
5 80
6 62
7 26
4 42
9 48
9 36
1 81
2 29
10 82
4 97
9 48
7 77
5 41
1 73
4 14
4 74
8 16
2 83
10 25
1 79
9 2
10 85
3 92
9 8
10 91
3 20
6 31
5 1
2 18
2 35
1 96
1 95
8 59
5 30
2 58
8 48
6 56
6 21
2 25
9 36
6 46
4 64
2 87
9 36
3 30
3 18
8 2
1 100
5 58
6 43
3 8
8 93
6 39
4 63
6 9
4 21
5 18
1 51
5 82
8 64
5 85
7 89
7 61
2 35
8 84
6 6
8 73
6 67
6 22
9 88
6 52
4 60
7 95
6 18
4 61
4 43
4 98
5 13
7 89
3 86
6 42
9 50
2 67
4 92
4 90
1 56
9 86
6 31
3 70
1 64
9 51
7 84
7 33
3 45
1 74
10 71
9 55
3 4
2 100
2 90
5 26
8 14
2 99
7 20
5 6
10 86
7 70
4 32
4 59
10 26
8 36
7 32
8 3
9 67
1 98
1 60
10 74
9 67
1 63
5 98
7 84
1 84
2 61
9 53
2 11
1 60
7 39
1 24
4 99
4 52
10 94
2 26
1 27
3 31
7 78
10 73
6 83
3 58
1 43
3 49
6 13
8 35
3 66
5 63
5 10
2 95
8 12
5 32
9 84
8 9
7 35
2 1
4 19
5 23
4 46
6 34
4 70
3 66
9 95
3 34
8 13
8 35
2 20
8 6
9 74
3 42
8 92
8 19
6 5
10 23
4 84
2 50
6 53
7 94
9 1
3 23
9 95
9 9
3 38
4 77
1 64
9 26
6 47
7 26
7 84
4 56
3 43
6 32
8 11
1 54
3 95
6 44
10 100
3 13
10 46
9 3
1 38
9 64
10 62
5 57
7 97
7 88
6 85
10 16
8 83
3 3
6 90
4 24
5 17
10 95
2 59
3 2
3 41
4 41
10 51
10 98
1 83
7 4
4 27
3 43
8 78
2 49
8 74
3 27
2 93
5 42
9 51
9 9
3 100
3 69
1 75
7 72
10 94
7 75
6 93
8 67
8 6
10 55
3 84
6 9
7 17
1 62
4 44
8 8
6 24
7 51
4 74
1 100
4 19
6 26
7 71
9 94
1 82
7 6
10 34
10 86
8 16
4 17
3 48
2 75
5 68
9 92
10 76
4 60
3 41
7 13
10 9
8 91
6 19
9 74
5 89
1 43
1 14
5 21
1 5
7 66
8 24
7 51
4 61
6 81
1 73
6 95
10 62
7 13
3 16
10 58
7 44
5 14
8 72
7 22
10 8
2 74
10 81
7 54
8 93
9 36
2 34
3 29
10 76
5 3
7 18
4 83
5 5
9 93
3 73
6 94
9 53
1 2
6 66
7 46
9 16
2 52
3 77
6 3
1 26
8 62
9 63
3 5
6 11
10 15
6 46
4 91
5 16
2 66
4 100
6 98
1 9
10 45
1 36
5 44
5 39
6 39
5 74
9 79
3 21
2 80
3 34
4 33
7 33
10 46
9 82
5 12
7 10
5 59
8 10
4 9
3 72
5 59
8 76
6 10
1 93
7 36
10 58
7 90
8 24
2 66
1 40
5 81
4 1
3 34
1 8
8 54
1 78
7 37
6 12
5 70
5 65
9 56
6 4
3 12
1 57
8 94
4 11
4 80
3 55
5 63
9 56
1 82
6 55
2 52
1 15
4 30
6 42
3 22
7 35
6 47
7 71
6 54
5 42
10 35
8 1
7 49
10 42
4 38
8 28
9 62
3 60
4 15
5 77
2 20
10 8
3 52
9 60
3 87
4 10
9 67
2 93
9 39
3 77
6 9
4 29
6 15
7 55
6 41
7 56
10 69
7 58
9 59
10 62
6 24
6 70
1 91
4 56
6 71
4 9
5 73
4 98
3 57
3 57
2 51
3 88
1 17
1 10
5 8
7 58
4 81
3 75
8 33
3 82
1 72
7 87
2 72
4 83
5 86
4 37
4 30
8 37
1 92
10 90
3 6
1 73
2 90
9 11
1 58
10 55
4 43
6 78
2 70
5 11
9 100
6 72
5 58
7 14
5 38
8 33
3 2
10 33
7 63
2 77
2 45
10 66
7 90
8 98
3 84
1 36
3 49
10 21
8 54
