1 42
1 52
1 86
1 86
9 8
8 92
7 85
9 15
5 82
6 71
6 88
4 27
1 19
10 36
2 58
2 84
4 52
10 46
8 79
4 1
7 67
3 86
3 81
9 71
10 81
7 29
5 9
9 67
4 97
10 49
8 33
6 60
1 26
6 45
8 5
6 31
8 49
1 59
3 4
7 43
10 78
7 95
3 22
7 16
4 41
5 54
8 68
10 2
6 10
1 17
6 41
5 32
8 27
10 25
2 69
3 71
10 39
1 67
7 61
8 11
2 15
4 51
6 12
7 90
2 18
2 79
1 82
1 18
4 73
4 30
6 25
9 92
9 53
5 2
1 93
4 47
3 22
8 21
3 89
2 53
9 92
7 5
3 32
7 39
6 8
4 29
9 51
10 2
2 60
5 61
10 19
8 90
8 88
3 86
9 73
5 31
6 37
2 85
5 36
2 11
5 62
6 47
9 7
4 9
8 48
4 7
2 54
3 38
10 15
7 8
4 90
4 83
5 17
6 90
9 86
10 11
3 35
6 50
4 58
6 20
5 93
5 40
8 99
6 35
7 65
7 66
6 4
8 91
1 60
2 76
1 44
9 7
1 89
1 51
8 47
9 60
5 51
6 68
1 4
5 14
9 48
7 60
1 94
2 24
5 38
6 75
3 80
4 67
10 87
1 19
5 31
7 89
5 58
5 92
5 80
8 39
1 61
5 71
9 96
9 41
6 87
2 28
2 34
6 58
1 76
10 29
7 33
7 38
4 66
3 74
9 44
8 94
5 88
6 25
2 87
3 96
3 26
5 13
10 17
8 61
9 86
2 17
10 97
9 60
7 2
2 88
6 55
10 6
3 61
1 15
6 98
6 46
7 53
6 44
4 41
10 79
3 83
7 15
4 8
8 31
10 4
2 37
10 2
1 24
4 12
4 46
1 61
3 6
3 82
9 96
8 11
4 18
6 61
9 55
7 73
6 74
6 74
6 61
7 72
5 23
4 61
5 65
10 69
7 53
2 75
6 69
9 78
5 3
1 86
1 50
1 1
4 46
2 30
5 8
8 65
10 77
4 27
5 72
3 54
9 27
7 46
2 3
7 83
8 21
1 79
9 26
9 19
5 22
9 2
1 94
8 6
5 43
3 84
2 75
7 54
1 43
1 84
3 70
9 17
5 54
8 52
7 13
7 11
9 11
5 83
4 39
9 82
5 20
6 82
10 15
10 43
9 82
1 77
9 15
1 28
8 23
6 69
1 58
4 10
9 69
2 33
4 28
5 41
8 78
10 63
8 38
7 29
4 52
9 53
3 85
9 37
7 87
2 82
4 9
8 11
3 80
5 88
10 36
8 16
10 90
4 61
5 38
4 83
9 32
4 44
7 91
3 95
10 52
4 31
1 82
2 75
1 95
1 52
5 19
7 7
6 55
5 21
5 98
10 37
2 87
6 98
1 27
1 23
1 79
6 15
6 22
2 17
2 95
3 61
3 33
10 29
7 22
8 15
6 46
10 64
3 49
6 27
7 53
2 68
7 51
3 32
8 71
9 81
3 91
2 82
8 26
10 82
9 43
8 27
5 22
4 11
7 29
4 30
7 51
10 46
9 94
9 44
3 75
8 56
3 68
8 37
9 18
3 46
3 73
2 37
10 90
10 27
9 68
9 33
1 86
8 18
8 13
9 53
9 37
7 57
10 66
1 85
7 98
6 14
2 26
3 61
2 34
6 43
3 30
10 90
2 39
5 83
8 59
6 1
3 13
2 69
10 33
8 1
2 52
7 78
6 7
2 59
7 83
8 47
10 94
4 31
10 5
9 18
1 37
7 93
6 27
9 51
7 36
2 34
2 74
10 49
5 3
2 35
9 72
8 16
3 69
8 62
7 44
10 74
7 91
9 89
4 39
4 48
1 39
6 8
1 99
5 15
8 96
9 60
5 85
8 69
4 26
7 28
4 72
10 71
7 100
3 53
9 58
2 71
8 44
2 92
4 55
6 61
6 94
4 88
6 38
4 63
1 51
8 45
3 89
5 14
10 97
2 97
8 15
8 64
3 81
7 60
2 75
3 2
9 43
7 89
2 87
2 81
7 33
6 37
10 95
1 42
1 74
1 65
1 45
2 76
6 23
3 60
9 29
2 74
4 17
7 36
3 76
5 23
3 23
2 40
7 99
6 40
2 94
3 13
4 74
9 86
4 65
5 22
5 11
1 74
6 36
10 94
8 74
8 2
7 15
1 30
8 19
2 11
7 78
5 89
6 89
8 42
6 48
7 25
9 64
10 17
5 50
9 81
5 68
7 65
4 46
4 43
7 73
5 47
4 70
6 48
2 59
1 73
8 16
8 21
7 71
1 8
7 69
3 66
5 85
9 45
1 92
10 78
2 96
1 93
7 81
8 28
8 98
3 31
7 68
1 93
5 3
4 50
3 49
3 93
4 11
2 25
4 100
2 53
5 76
6 40
8 24
4 39
10 44
2 78
7 81
7 31
2 41
7 79
8 60
8 49
10 58
9 33
1 95
4 30
4 50
1 1
2 15
6 46
10 47
9 61
6 39
3 45
7 42
3 16
2 44
3 100
10 4
4 6
5 60
9 46
1 56
4 95
2 65
3 93
9 49
6 57
2 37
10 100
10 19
10 84
9 37
7 17
10 46
2 76
7 32
3 22
8 76
10 43
8 51
1 16
2 17
6 72
1 24
9 65
7 54
9 88
8 8
1 83
3 49
7 85
3 43
4 64
8 57
9 16
6 68
3 63
5 4
7 57
9 84
1 10
3 33
9 71
6 53
10 40
2 52
1 67
10 56
7 97
3 83
2 22
9 6
5 50
8 88
9 25
5 4
3 60
1 75
10 30
8 92
9 94
7 51
6 50
5 9
10 1
9 42
3 26
10 59
7 21
10 66
8 43
6 81
7 83
3 8
5 48
2 36
1 42
10 70
6 37
2 47
9 20
9 62
8 95
4 23
4 28
4 47
6 68
2 7
4 58
1 13
7 89
6 70
8 84
9 61
1 16
7 21
5 69
2 55
5 65
7 27
10 98
6 22
9 59
1 53
10 7
2 52
4 30
7 18
5 60
9 36
7 72
3 61
1 30
6 2
8 5
3 15
9 53
2 11
9 80
5 88
2 69
6 63
4 26
4 95
8 38
9 92
2 44
3 28
4 74
1 14
7 87
1 3
8 3
4 26
8 40
4 15
4 79
3 1
5 25
2 26
4 54
1 60
2 92
1 85
5 40
4 43
8 9
4 22
2 58
1 55
1 10
6 31
1 95
8 82
3 24
5 70
5 28
9 88
2 41
5 49
7 37
7 85
7 81
6 41
3 20
8 23
2 87
8 40
7 91
10 82
2 11
3 32
8 52
1 24
2 47
2 64
3 50
2 60
6 43
1 63
5 82
9 16
10 34
3 22
5 68
3 33
10 53
3 80
8 77
10 8
3 88
7 89
9 9
8 56
7 62
4 9
9 52
4 28
1 12
7 20
1 58
1 84
3 78
4 22
2 29
7 68
9 22
6 81
1 27
6 86
8 70
2 87
7 46
2 42
1 35
2 99
2 89
2 89
5 46
2 33
6 38
8 85
7 77
8 84
4 8
8 48
3 56
5 21
5 8
6 58
5 34
6 50
3 85
5 38
9 2
7 10
4 82
8 5
3 52
8 5
2 96
6 32
4 67
10 42
6 78
4 16
1 74
1 15
5 86
1 98
3 46
2 24
7 79
9 74
6 55
10 97
3 63
3 5
8 60
8 27
2 7
10 33
3 45
7 67
9 52
6 29
10 8
6 32
8 90
7 67
7 51
1 48
8 88
1 83
1 6
3 3
6 81
2 95
5 99
9 69
4 35
10 55
4 7
7 50
7 35
5 36
8 43
9 49
5 81
1 67
10 9
7 87
4 50
1 100
6 47
6 19
5 74
2 32
8 8
2 5
2 50
9 13
10 64
8 37
1 17
9 35
6 10
3 63
8 52
10 43
1 89
10 78
4 35
3 57
8 9
2 94
10 23
6 71
2 5
8 68
5 55
7 57
9 64
6 82
5 89
7 100
6 26
1 57
1 100
7 57
8 46
3 29
4 17
6 44
8 58
1 49
10 44
4 19
6 12
2 89
9 78
8 51
1 93
2 1
5 6
4 43
4 41
3 22
3 18
3 62
4 88
3 17
1 17
9 19
6 53
10 52
4 79
7 60
4 62
6 2
10 98
10 65
3 9
5 20
7 73
8 84
5 58
9 59
3 76
8 72
9 31
5 38
5 20
9 100
7 42
10 67
8 50
10 67
7 83
8 31
5 45
6 46
6 65
6 57
3 62
3 31
9 23
1 100
7 29
3 6
7 97
4 50
8 35
5 35
3 1
4 93
3 31
1 68
1 8
8 45
8 19
1 74
6 68
4 30
1 42
7 49
9 17
6 36
2 5
5 22
6 71
2 84
8 76
5 75
6 7
1 47
7 83
8 11
10 71
1 48
4 71
6 99
7 8
3 60
