1 6
6 22
9 78
4 23
3 9
3 85
7 75
4 6
3 97
5 32
7 99
4 96
3 83
6 64
8 32
9 52
7 15
8 10
3 90
5 84
7 43
3 99
1 92
7 85
10 81
6 70
5 25
9 88
1 70
6 42
5 57
1 17
3 3
7 19
4 11
5 24
6 33
5 14
10 38
4 4
7 22
3 31
2 31
9 82
2 88
6 100
9 34
9 84
5 46
4 85
10 58
3 100
10 66
2 47
10 36
1 8
5 68
10 7
4 24
7 9
7 75
6 34
4 56
7 94
5 84
3 24
4 2
1 27
1 88
7 99
5 19
7 80
3 86
1 67
9 68
6 34
6 8
9 44
8 51
7 26
4 57
8 21
6 40
4 19
4 18
8 45
1 17
5 66
7 50
7 41
5 60
10 12
2 15
9 71
5 1
2 77
9 49
3 90
4 27
5 53
2 99
7 97
6 82
9 28
4 39
8 3
2 35
3 100
6 68
2 49
1 44
1 87
1 59
10 53
8 67
5 28
8 53
10 83
1 32
2 42
10 84
8 60
8 21
6 98
8 55
5 72
8 76
2 27
9 65
9 77
8 61
5 6
1 26
4 15
8 18
9 89
6 71
8 83
7 55
4 86
5 100
10 47
8 96
7 74
8 33
4 82
10 44
3 60
8 31
8 42
6 65
10 13
8 30
3 63
3 1
7 15
1 91
4 86
5 8
5 40
7 92
8 8
4 96
7 33
4 76
2 18
3 19
1 86
3 50
5 29
4 89
8 26
6 63
9 81
6 65
9 52
2 30
5 55
8 34
7 55
7 53
10 53
9 16
9 95
2 15
4 74
2 42
2 26
3 2
1 53
9 14
7 32
3 100
5 28
10 90
6 59
6 6
9 70
7 35
5 33
6 17
6 83
7 89
7 44
9 22
7 52
9 36
4 13
1 32
3 58
1 98
2 56
1 3
9 97
9 52
1 3
5 52
10 39
2 60
2 40
3 4
10 28
8 30
1 82
8 18
6 28
1 97
4 16
5 48
4 18
10 12
8 82
1 84
1 82
10 55
1 50
2 29
4 36
5 60
6 93
8 64
6 72
9 8
5 52
6 93
4 58
1 38
5 10
4 85
1 8
5 56
8 37
7 23
9 32
10 31
4 46
2 37
7 38
7 5
7 67
7 93
7 71
10 38
2 67
8 11
6 33
6 34
7 14
3 23
8 52
3 74
1 18
2 45
5 100
2 60
6 94
6 94
1 79
3 41
3 36
8 85
7 5
1 2
10 32
1 25
3 56
10 30
7 77
7 19
3 71
4 43
7 5
4 42
4 45
2 54
5 14
7 33
1 9
2 38
1 44
8 60
1 48
1 22
2 63
2 17
6 36
4 9
3 59
9 6
10 1
10 86
7 40
4 13
2 95
7 42
7 30
3 14
7 25
2 34
10 7
10 29
8 42
1 83
4 89
10 71
7 19
4 72
7 75
8 6
4 41
5 24
9 89
1 22
4 10
9 87
7 54
4 12
3 69
5 63
3 95
2 55
9 35
9 9
1 71
8 45
1 74
4 51
3 58
6 39
1 27
6 8
6 40
9 26
4 41
6 73
1 37
4 43
4 58
10 7
10 7
6 60
6 98
5 76
3 37
1 59
7 56
3 46
2 56
8 31
10 34
10 96
2 58
5 91
7 83
3 53
7 88
7 8
8 14
2 57
7 97
8 8
9 61
10 4
1 23
6 67
10 64
1 68
8 30
2 50
8 97
2 76
9 18
3 17
5 52
7 22
1 39
3 4
8 22
5 30
1 8
10 66
1 32
3 53
6 35
10 62
7 38
9 23
8 1
8 79
1 62
8 74
1 91
5 81
3 88
3 9
8 1
5 16
2 28
4 45
7 71
4 18
9 85
9 55
4 44
9 81
7 30
2 89
8 96
2 16
8 2
6 48
2 76
10 1
3 66
8 49
1 54
7 93
7 19
4 50
6 91
6 5
3 82
9 3
10 51
4 9
6 95
7 100
5 13
7 32
5 69
7 47
1 78
9 5
7 46
9 3
9 52
7 17
3 61
2 94
4 92
2 24
7 77
10 68
10 69
10 75
10 77
6 46
3 81
3 24
1 4
4 59
2 93
9 19
1 76
9 43
7 94
5 41
3 36
2 8
6 36
2 100
4 23
6 79
5 11
1 31
2 39
8 89
9 98
3 73
7 93
4 16
5 14
4 7
1 50
9 29
3 70
1 97
1 9
1 77
5 61
4 15
8 37
5 30
4 93
4 77
1 82
10 4
7 68
8 48
10 60
1 50
5 90
6 92
2 17
8 76
2 43
6 66
5 57
7 93
10 64
9 33
1 69
7 76
2 63
10 94
6 51
10 40
8 65
2 90
10 70
1 1
9 81
8 17
8 96
10 22
5 67
9 66
10 88
8 59
4 60
5 3
1 82
8 22
4 10
9 75
3 64
4 20
5 2
2 72
6 12
10 66
6 71
7 60
9 78
8 78
1 90
2 41
10 89
5 9
5 14
10 23
4 67
2 43
5 39
8 46
7 50
7 64
2 32
9 63
3 51
5 71
10 59
8 25
5 84
9 3
6 37
9 42
9 79
1 92
3 32
1 21
3 95
7 93
3 62
2 83
1 44
2 53
8 41
7 36
6 31
10 79
3 94
3 40
6 4
4 91
8 36
3 84
1 30
8 12
10 84
6 51
6 83
8 69
3 80
8 44
4 6
6 26
1 2
3 56
6 51
1 55
8 100
4 14
9 47
8 85
9 23
10 9
4 2
1 46
3 13
5 6
6 38
7 31
3 49
2 12
9 83
2 40
8 19
6 21
8 98
5 5
1 31
8 23
9 100
7 69
5 56
7 57
10 38
3 59
7 98
9 50
2 40
9 87
3 82
9 15
6 43
1 23
5 51
1 35
6 21
8 20
2 73
4 11
6 14
6 88
6 11
5 80
7 74
10 27
1 93
2 81
1 87
2 100
7 16
7 67
4 25
10 94
4 87
5 27
3 66
4 89
6 41
9 40
2 9
5 37
7 60
9 51
4 84
7 59
3 49
1 32
1 52
9 20
4 43
7 13
5 10
4 95
7 11
9 59
9 45
8 52
5 42
2 5
1 12
8 56
2 68
1 87
7 15
7 45
1 52
1 64
4 50
4 37
9 7
6 57
10 55
8 80
7 56
6 79
1 14
6 100
9 66
4 90
1 20
3 54
1 91
2 89
1 15
3 4
2 97
6 34
2 65
9 26
3 17
8 77
3 18
3 94
10 46
3 70
5 1
6 90
3 36
3 97
1 47
5 23
10 83
10 38
6 29
4 53
7 70
7 99
3 28
2 31
10 70
3 22
5 53
8 37
7 95
5 38
2 16
3 22
8 7
8 89
1 98
9 26
7 87
5 97
1 77
5 2
1 19
9 36
8 72
4 96
5 23
1 77
8 61
5 46
1 17
9 71
1 16
7 32
10 52
3 46
1 63
6 64
5 60
2 87
9 46
10 90
7 52
8 22
4 26
7 22
6 63
1 87
9 28
10 23
5 88
1 84
4 4
1 67
8 38
5 22
8 95
6 20
3 88
7 25
2 83
5 23
1 51
9 23
8 96
7 96
2 87
5 85
3 47
7 98
9 65
10 11
9 68
7 57
3 21
1 78
5 21
1 72
4 13
9 25
7 42
3 50
3 7
10 18
10 32
9 66
9 85
6 60
5 88
9 89
10 20
5 21
5 30
3 53
4 42
8 7
1 48
8 74
4 10
10 27
1 43
7 86
3 81
5 91
4 2
1 37
1 64
8 53
10 28
5 63
3 62
7 87
5 24
9 55
7 65
5 73
3 56
1 67
8 74
6 42
4 40
3 28
2 38
4 8
1 6
3 25
4 17
7 78
4 33
3 33
8 11
4 46
8 88
8 23
8 99
10 46
8 66
9 19
5 98
2 84
1 4
9 20
6 38
1 60
7 4
8 61
8 61
10 67
10 82
9 89
2 25
8 55
1 82
1 77
4 91
4 71
4 50
9 7
9 82
6 85
5 27
8 66
8 27
8 71
4 57
8 42
4 60
6 41
5 93
5 95
1 22
1 55
4 45
1 50
10 89
3 33
10 87
5 77
2 36
7 96
3 87
2 41
5 39
9 40
6 72
1 63
2 3
7 9
2 51
4 30
9 34
9 88
1 17
1 33
6 73
7 77
5 79
6 19
8 11
10 7
7 18
3 16
4 49
5 9
8 22
10 74
1 78
3 29
8 32
5 30
2 98
9 1
6 6
6 99
9 44
8 100
9 83
9 23
9 81
4 91
3 49
6 55
10 8
9 82
9 76
8 33
2 2
3 2
1 26
9 45
9 85
6 98
10 35
2 30
6 95
5 27
9 44
10 16
4 1
8 78
3 89
6 73
10 46
6 10
8 57
5 62
2 99
1 76
2 34
8 89
4 2
3 5
2 75
1 77
3 13
6 40
7 28
10 27
1 18
3 18
10 93
5 61
10 90
