1 62
2 72
9 87
5 15
7 95
3 14
9 34
8 89
5 66
9 71
1 73
7 22
10 97
6 17
9 11
5 36
4 64
1 67
1 86
1 97
4 63
4 32
2 31
9 78
8 69
2 70
5 93
2 46
9 93
5 57
1 82
7 46
2 33
6 7
3 39
6 11
10 78
8 71
2 94
3 80
7 61
5 57
8 80
1 15
6 66
10 81
4 78
7 77
4 21
3 81
7 77
3 8
5 86
7 61
7 44
2 83
7 34
8 26
6 54
10 2
5 37
6 97
1 14
7 92
5 91
2 11
10 17
1 90
6 30
6 73
3 36
2 50
4 7
6 26
4 88
7 58
1 34
9 6
2 79
10 61
8 89
9 67
8 90
7 86
8 61
5 99
2 82
1 34
5 26
1 78
7 9
4 53
4 25
5 42
6 8
7 33
8 58
10 19
4 48
3 87
10 25
3 95
8 83
7 47
2 78
9 1
3 2
3 4
7 34
9 19
5 38
2 3
2 33
1 21
10 24
3 15
1 88
4 45
2 18
8 40
6 42
9 35
2 33
1 18
8 29
8 32
1 28
8 76
3 43
2 100
4 33
6 27
8 79
10 62
2 44
3 6
3 19
4 76
6 37
10 45
10 9
5 29
2 66
1 40
6 81
4 68
7 44
9 2
6 94
4 72
3 16
7 24
9 78
8 96
7 32
1 50
3 16
9 82
8 81
9 78
4 69
5 38
1 40
3 42
5 77
5 73
9 50
10 43
1 81
1 92
8 22
3 76
10 21
7 11
10 84
4 79
2 64
1 20
5 89
2 32
4 80
9 68
2 63
8 51
3 89
3 6
6 67
10 80
6 99
9 37
10 95
10 59
8 54
1 72
3 84
10 51
5 15
2 97
3 59
1 20
3 82
5 76
7 4
6 34
4 91
7 71
5 71
3 25
5 91
6 61
3 100
5 37
3 10
3 76
2 92
1 61
8 76
6 69
2 1
8 14
7 97
6 80
4 28
4 34
1 7
4 55
1 49
8 15
6 1
4 66
3 20
2 95
7 94
10 29
9 68
5 19
10 86
5 98
5 12
10 10
5 17
3 70
4 56
3 24
5 31
1 61
2 87
1 69
3 74
3 24
3 44
1 10
10 60
2 8
2 22
10 100
7 39
5 74
8 53
10 97
6 78
7 43
2 52
2 64
1 51
6 42
6 86
1 6
2 88
3 19
3 27
2 93
4 100
1 84
10 27
5 14
2 36
3 63
4 87
10 28
3 16
8 44
3 32
8 60
7 21
4 65
5 81
10 33
4 31
2 34
1 70
9 30
7 98
7 49
8 29
4 57
10 3
7 17
2 46
6 4
7 97
8 56
9 88
5 15
7 73
10 6
9 82
2 99
8 64
3 61
8 53
2 54
8 90
1 80
1 95
3 37
1 75
8 91
4 6
3 16
4 31
3 91
2 84
1 58
4 67
6 3
4 87
5 83
10 94
2 47
8 27
6 32
1 90
10 21
9 26
1 31
8 55
8 81
4 76
2 10
4 25
2 28
6 60
5 10
9 83
9 34
3 46
6 97
8 16
8 36
6 97
4 54
2 78
2 72
10 1
5 29
1 99
1 74
7 87
3 61
7 5
5 75
4 61
9 63
10 35
5 48
1 17
6 22
1 28
5 81
9 23
4 43
2 92
1 27
6 37
6 57
1 64
4 83
9 48
4 99
4 96
4 35
10 10
6 26
2 85
1 34
4 3
6 58
8 86
4 42
3 93
8 89
3 44
8 83
6 30
8 21
4 24
9 51
10 82
8 68
2 72
10 9
10 64
1 52
6 92
6 3
3 80
7 70
9 97
8 22
1 71
1 44
3 29
8 86
2 80
1 73
1 91
1 53
9 90
7 1
9 21
5 82
3 57
8 96
4 14
7 92
10 48
5 89
7 76
3 90
2 77
1 33
1 37
5 10
3 58
10 51
7 71
3 40
3 64
2 58
5 5
10 13
5 20
5 12
9 21
5 54
3 67
10 27
3 65
10 12
10 27
9 92
1 44
4 91
2 78
9 41
7 84
8 17
6 35
8 44
8 87
1 2
9 18
6 60
1 81
2 95
1 82
3 36
9 17
6 33
10 86
10 49
5 5
2 12
10 30
8 70
1 64
1 39
2 97
2 79
2 79
7 12
4 90
7 28
2 99
5 5
1 13
9 85
2 86
6 87
1 28
2 46
7 3
9 51
10 68
2 73
6 72
4 33
10 100
9 60
2 92
4 67
7 9
1 94
9 48
2 85
2 18
8 3
7 79
10 84
6 72
6 78
8 96
2 88
5 46
1 100
8 93
9 99
2 5
5 72
9 3
3 46
4 79
2 74
4 50
6 12
8 16
2 18
10 11
9 44
6 23
4 75
1 37
8 70
8 67
5 30
3 83
10 54
5 52
10 79
6 86
1 25
3 100
5 72
1 57
10 89
1 32
7 50
2 38
2 78
3 23
9 21
10 36
6 73
6 40
6 65
3 36
1 67
7 97
4 68
10 6
9 71
2 72
3 85
1 27
5 13
3 89
4 45
9 6
10 99
6 71
8 53
8 29
4 88
6 30
8 84
2 2
8 27
5 44
6 63
4 80
5 50
2 62
1 81
6 81
1 17
5 30
6 14
3 51
4 57
3 100
1 46
6 5
2 47
2 98
4 17
2 96
4 37
2 78
2 26
6 72
9 81
5 92
6 29
4 63
7 35
8 50
9 83
1 86
7 81
9 1
2 62
8 12
6 90
5 12
2 51
1 65
10 97
10 53
10 78
2 40
9 96
10 49
3 18
8 11
2 40
6 78
5 44
3 73
5 81
7 64
6 57
4 54
9 8
2 94
7 73
7 56
6 14
5 48
10 28
8 62
2 68
9 8
7 72
2 37
2 7
10 79
10 12
1 45
5 66
5 91
3 77
8 38
10 12
5 51
5 73
4 92
8 41
8 60
10 33
3 81
7 82
2 56
2 76
5 84
4 35
5 6
3 91
2 57
9 71
8 35
6 16
7 29
7 15
9 97
3 41
8 49
4 4
8 83
3 12
9 68
2 20
6 90
10 46
8 59
8 25
3 99
9 98
6 58
6 95
2 75
1 97
10 49
2 80
4 69
10 45
8 85
8 15
2 64
10 83
5 66
1 59
8 35
9 3
3 93
2 20
7 59
8 20
4 29
9 86
7 1
7 34
5 55
4 94
4 34
9 26
4 16
10 18
10 32
10 82
3 51
8 61
2 20
7 7
1 29
9 90
10 100
1 5
9 38
4 64
9 67
4 99
4 79
4 57
6 34
9 24
2 87
3 40
6 11
3 74
3 40
3 53
7 41
5 55
7 26
7 57
7 100
8 41
8 72
4 84
10 35
5 25
1 51
9 57
1 35
4 81
3 40
4 85
5 80
9 55
8 94
8 89
3 32
7 4
7 83
4 23
1 38
10 96
4 54
5 78
8 64
10 31
6 52
6 8
7 58
1 79
1 56
7 65
9 64
8 6
10 92
2 78
4 56
9 50
6 91
2 56
10 19
6 60
9 11
3 41
3 82
4 28
5 10
2 83
3 43
6 13
2 75
2 2
3 51
10 51
7 48
9 96
1 99
7 54
8 70
2 100
5 57
3 33
3 94
6 93
3 78
5 34
6 28
9 89
6 83
4 98
1 87
1 53
10 25
1 83
1 45
6 93
9 38
2 7
3 38
5 70
5 3
3 84
7 38
6 61
9 6
8 20
1 89
7 75
4 68
7 40
9 73
9 48
1 34
3 70
2 23
3 62
8 93
7 68
7 27
1 69
4 51
6 68
2 18
10 38
3 100
10 36
5 88
9 10
1 76
3 69
8 81
7 29
2 5
10 30
9 77
2 5
8 71
8 52
9 34
9 62
5 94
4 100
2 70
9 53
5 96
9 86
4 8
2 91
6 25
2 69
3 50
4 69
6 24
9 30
1 41
7 83
10 17
3 88
7 17
7 75
4 15
2 78
2 16
4 73
6 1
4 34
2 72
2 50
6 58
4 2
6 19
4 94
6 98
2 83
3 24
3 7
3 36
6 56
5 97
5 53
1 52
5 65
2 64
6 54
5 39
7 89
4 52
1 45
1 28
10 82
7 95
8 85
6 19
7 2
7 23
10 77
7 6
5 81
2 94
2 59
2 42
7 87
6 44
10 74
1 79
5 45
9 17
1 17
2 29
8 20
8 74
4 100
1 39
4 11
3 26
8 60
1 12
9 80
5 14
3 28
3 72
10 43
1 16
2 48
5 30
8 32
3 77
9 50
9 37
1 59
6 28
3 41
9 55
3 3
10 44
7 23
8 3
4 29
2 6
3 56
2 72
6 96
2 94
9 43
5 73
1 24
2 44
8 34
6 3
3 53
1 96
7 52
10 58
1 87
8 96
4 67
9 90
6 76
7 7
6 36
5 49
4 7
8 14
5 63
4 35
2 97
1 100
1 77
2 63
3 20
2 22
4 52
7 9
8 42
