1 5
3 37
7 66
6 45
1 14
10 69
7 67
8 68
9 25
10 92
4 83
7 51
6 28
8 23
7 67
9 80
7 67
5 89
2 60
6 66
9 43
9 25
4 84
8 45
10 98
7 59
2 64
10 60
2 32
3 32
6 97
7 84
6 74
6 97
2 13
5 84
1 30
4 46
10 93
3 89
6 7
9 48
2 38
3 60
8 27
7 77
1 6
8 13
2 29
6 40
3 90
6 12
6 99
3 3
1 39
4 7
8 27
8 86
4 2
9 16
3 54
8 43
2 69
8 62
2 22
2 54
3 66
4 89
4 61
6 4
3 21
10 84
10 65
5 81
8 15
8 72
8 58
6 7
10 71
8 28
6 11
7 7
8 61
4 28
2 30
9 25
6 99
6 100
4 14
3 57
6 86
10 92
4 93
8 10
7 55
7 43
9 73
7 35
6 48
8 97
3 41
3 74
5 54
6 94
1 6
6 99
4 22
8 63
2 8
3 63
3 1
5 66
10 76
10 10
1 78
6 68
2 89
3 31
8 93
8 35
1 25
10 13
4 67
1 94
1 43
1 74
9 58
7 38
10 84
3 57
2 63
3 72
7 7
7 25
10 100
9 27
10 35
8 65
2 58
1 48
7 50
10 3
3 90
3 54
6 37
4 55
2 44
8 30
8 72
5 2
4 48
2 33
7 84
9 13
6 74
9 82
1 32
3 22
2 15
5 87
1 47
5 8
3 97
3 57
4 98
4 64
8 77
7 82
4 4
9 67
3 55
10 44
7 51
10 11
7 47
10 33
6 42
5 20
6 37
10 26
2 46
9 54
5 65
4 90
10 87
2 23
5 54
2 38
8 6
10 23
4 86
5 12
8 54
7 59
1 60
7 5
2 100
4 64
4 7
2 100
5 65
8 79
9 11
9 67
8 84
7 57
1 83
5 31
4 22
9 85
7 82
4 53
2 76
7 39
7 16
6 33
4 61
8 64
7 73
4 63
6 79
3 24
10 14
4 18
7 80
9 71
10 64
9 51
3 66
9 49
2 58
8 57
5 53
5 87
2 16
10 56
9 21
3 66
4 96
10 7
4 58
4 87
3 70
7 39
2 18
2 16
9 97
9 75
1 43
1 79
8 76
9 40
10 91
7 7
8 44
5 84
1 77
10 83
4 43
3 68
6 87
10 98
4 71
2 76
1 52
6 40
7 39
10 68
6 53
4 69
7 14
9 10
7 54
3 66
5 43
7 80
1 83
10 81
7 43
5 96
2 72
1 54
9 66
6 83
6 39
3 61
8 15
6 36
8 35
4 92
10 98
1 8
8 84
6 44
4 66
8 18
5 71
1 9
4 99
9 14
3 69
3 96
9 78
7 47
5 21
8 54
7 33
9 75
9 52
1 55
3 70
6 3
9 89
10 5
4 93
1 29
10 47
3 13
6 96
4 51
6 92
1 18
4 4
1 39
7 9
4 11
6 43
4 14
5 18
4 99
7 77
7 79
2 5
10 44
1 52
10 7
6 31
5 34
3 98
7 76
2 12
9 46
4 51
2 9
2 10
3 38
5 98
4 25
8 82
8 73
7 95
2 24
9 68
3 57
10 67
2 64
5 57
6 42
3 65
3 65
3 1
6 85
2 92
2 39
9 80
5 52
2 76
10 66
5 82
6 22
5 56
7 53
1 52
3 58
6 34
8 13
6 90
4 94
1 84
10 36
8 57
5 98
5 39
7 32
9 12
10 76
8 64
6 27
3 45
5 2
9 44
3 63
6 87
3 5
7 9
3 45
8 87
10 97
10 53
9 31
4 12
3 44
6 59
3 19
8 16
1 78
3 55
6 40
5 78
9 92
2 88
5 53
1 48
6 55
10 49
6 35
9 56
3 31
5 74
9 9
1 53
3 82
2 38
4 63
8 33
5 60
7 88
4 82
6 53
9 35
5 32
8 19
5 50
1 34
4 8
5 21
9 23
1 15
6 17
4 14
9 62
3 6
7 18
3 86
2 90
10 57
3 89
1 56
5 84
2 99
3 42
2 58
5 64
4 35
5 57
6 78
1 2
1 49
6 48
9 61
2 95
3 73
8 20
1 26
4 3
2 44
9 39
4 89
10 10
10 56
1 89
1 62
6 37
4 73
3 5
4 41
10 24
4 59
8 74
7 68
6 11
9 64
2 36
1 66
9 47
7 53
4 49
3 80
6 23
9 34
6 59
2 11
5 13
4 92
3 82
6 79
7 80
5 16
5 72
4 96
7 61
5 82
2 2
5 65
2 32
2 92
9 70
4 34
5 1
10 71
1 36
6 43
2 25
1 74
5 27
10 8
4 61
6 64
3 27
10 12
10 47
1 91
4 34
1 4
7 70
10 39
8 37
9 91
10 8
6 67
10 22
9 93
7 31
2 53
3 77
4 90
10 50
5 68
5 40
4 50
6 11
6 14
2 25
3 8
4 4
6 100
4 40
1 65
2 67
7 51
2 71
2 71
1 24
10 18
2 79
5 100
7 51
10 80
1 23
10 74
4 24
6 36
1 17
7 89
10 53
9 40
4 46
10 6
8 72
5 37
1 48
8 33
9 63
9 71
3 79
4 84
5 22
2 27
3 94
8 28
9 57
10 18
7 93
10 96
1 20
3 53
10 74
10 18
9 84
2 8
4 26
6 23
10 72
4 97
8 39
1 8
4 26
10 44
5 52
7 9
6 78
10 14
1 74
8 18
6 100
7 68
9 3
9 54
6 83
5 82
2 78
8 90
3 38
1 34
3 4
8 64
2 35
6 100
8 91
6 46
6 64
8 74
2 74
3 62
1 19
9 23
4 14
9 93
4 15
10 49
5 100
9 94
7 7
3 72
3 61
4 86
2 80
10 94
6 80
4 31
7 21
7 46
7 76
7 87
4 43
5 27
8 56
5 19
3 98
4 32
8 53
6 94
10 48
7 80
7 28
10 97
5 26
7 25
1 30
9 49
8 48
2 10
10 77
9 66
3 72
5 98
2 94
2 89
9 79
1 60
2 59
9 3
4 97
5 15
7 60
1 54
5 31
2 45
6 91
1 36
5 97
10 41
1 77
2 19
5 55
6 22
7 8
3 30
5 89
10 8
4 4
1 64
6 1
4 52
10 29
6 33
4 45
9 93
10 37
5 66
7 63
2 43
10 47
5 25
7 78
1 80
8 89
9 100
6 80
6 75
10 99
8 20
4 55
10 11
1 6
8 8
5 94
1 14
3 13
4 97
10 87
10 59
8 24
9 69
10 9
10 6
4 61
9 42
5 25
7 65
9 25
8 46
8 81
1 70
1 21
2 34
8 58
3 18
2 31
3 80
10 3
4 93
2 96
9 51
2 37
1 41
8 33
5 83
6 29
8 5
1 16
7 60
6 41
3 96
4 82
6 1
6 32
1 93
2 84
4 6
9 29
2 49
9 91
1 100
6 40
2 91
5 1
8 26
9 58
8 48
8 43
3 7
7 83
4 49
4 59
2 8
6 51
6 55
5 42
6 49
3 35
1 30
3 13
2 52
6 95
5 76
10 53
8 79
2 55
1 53
6 88
6 97
2 12
5 78
4 82
7 49
10 66
1 79
8 23
6 88
3 77
6 88
10 53
5 89
4 98
2 37
6 72
5 88
4 68
8 95
8 80
1 85
8 37
9 95
1 83
4 68
7 52
7 18
6 49
4 36
7 6
4 73
8 69
9 62
3 87
8 20
7 3
1 57
4 48
7 37
4 46
4 1
2 68
9 95
6 73
7 65
10 32
8 13
4 43
6 2
2 69
3 91
3 8
5 4
3 47
5 13
10 79
7 66
7 69
4 88
10 72
6 84
10 41
2 58
7 77
4 90
1 34
8 26
6 62
9 59
2 29
2 75
10 54
4 4
4 62
1 52
8 10
4 28
2 87
2 31
9 23
5 27
6 77
9 47
4 45
3 82
2 72
7 11
10 48
1 39
10 73
7 39
6 43
10 62
8 35
2 95
7 13
3 96
4 76
4 5
10 86
5 76
9 22
2 26
9 85
6 58
8 65
10 61
8 1
2 74
6 5
9 100
9 48
3 19
7 73
8 36
9 61
3 38
10 21
1 30
7 7
8 50
5 37
6 38
2 33
10 71
3 48
6 74
6 8
8 21
3 70
8 81
1 96
2 76
1 35
1 65
7 53
4 99
6 62
5 74
1 93
5 58
2 14
1 83
2 36
2 37
5 73
6 54
7 77
1 81
5 9
2 26
3 36
10 60
10 69
4 14
9 12
2 63
6 90
4 88
7 44
1 33
7 67
10 97
7 100
4 54
8 47
6 41
4 50
1 22
4 40
8 17
3 59
2 61
4 75
4 78
9 45
4 94
6 49
3 84
2 44
1 79
7 61
10 30
6 14
10 57
3 4
3 71
9 53
1 37
10 99
7 92
2 98
10 7
3 17
3 5
6 33
9 23
7 23
9 25
3 5
7 56
2 65
7 76
6 7
3 31
2 96
5 10
4 47
4 50
