10 50
9 72
9 95
5 87
9 1
9 50
3 69
8 53
2 65
3 19
4 25
7 5
2 8
6 1
6 54
2 68
10 60
9 1
4 20
9 73
9 4
7 72
2 42
4 12
6 22
1 58
3 48
5 94
10 72
9 96
3 80
4 9
2 9
3 7
8 90
4 26
6 91
8 76
8 98
2 48
6 8
2 84
8 94
4 48
4 78
6 51
8 62
5 65
3 25
9 42
7 46
6 79
7 66
5 67
5 100
4 89
7 87
3 1
8 84
3 93
8 15
9 98
4 17
4 48
5 88
9 63
4 59
8 68
1 20
3 64
9 81
3 23
4 51
8 61
9 6
3 27
8 61
7 53
2 69
1 69
6 18
9 8
9 50
3 60
5 47
9 22
4 100
2 61
3 24
3 57
3 78
8 94
1 9
8 97
10 72
5 85
1 78
3 82
2 46
8 100
10 57
3 83
8 53
7 16
9 65
7 7
2 38
8 83
1 63
10 40
9 60
9 76
7 14
9 34
5 15
1 95
7 84
2 79
3 61
7 96
8 16
1 1
4 34
10 42
7 67
4 40
5 65
9 34
5 100
3 51
4 22
6 86
9 38
5 68
1 31
5 100
9 19
3 90
7 45
5 59
3 29
8 20
2 66
8 54
4 70
7 13
9 18
10 41
7 100
5 7
4 76
9 33
8 51
3 94
5 19
6 21
6 8
9 8
4 99
3 56
8 54
2 40
10 71
10 28
2 19
7 9
4 51
1 82
8 9
6 38
2 13
3 77
4 54
6 24
5 97
6 94
5 61
6 13
1 2
10 22
1 33
4 53
10 40
6 13
2 87
4 12
2 22
6 78
4 9
9 81
6 3
1 58
8 59
7 38
3 71
6 48
1 75
9 55
4 60
3 95
3 6
4 30
10 47
4 37
1 11
10 97
3 14
3 84
4 36
10 69
10 25
10 97
4 24
9 11
1 14
4 95
1 62
3 26
3 11
6 46
10 62
3 62
5 16
2 26
4 44
8 1
5 48
2 22
1 42
9 49
10 31
6 19
8 51
6 74
7 10
10 73
10 91
3 15
3 92
3 34
2 51
3 2
4 64
4 23
10 80
7 33
9 78
4 24
9 4
6 49
1 5
8 25
10 94
4 28
9 4
5 92
5 49
1 8
7 86
1 52
4 89
8 100
3 71
6 89
9 35
6 36
1 71
4 70
7 3
10 5
3 80
10 54
8 42
6 79
3 38
6 8
3 79
4 49
1 67
10 51
2 67
9 49
10 9
4 42
10 98
1 30
9 8
5 58
6 33
1 60
10 11
6 7
6 16
1 27
5 82
1 54
2 75
6 61
10 82
2 51
8 35
7 83
10 65
4 24
5 80
3 41
7 89
7 35
4 66
8 24
5 58
8 42
10 37
2 69
8 62
3 66
9 78
2 61
1 51
4 69
2 65
6 84
1 64
9 30
4 27
3 28
9 13
1 2
1 59
9 60
2 46
8 70
6 87
7 55
9 17
8 97
7 25
8 12
6 73
6 49
5 76
1 21
9 19
10 23
10 26
8 58
4 45
9 24
3 9
10 37
5 51
4 20
7 52
10 17
8 72
9 7
8 37
7 88
6 19
6 52
1 46
7 91
4 68
10 64
7 50
3 67
9 89
6 85
9 50
4 35
1 24
7 53
10 6
1 38
9 81
4 94
5 95
10 27
10 6
9 49
4 8
3 37
7 56
7 57
4 7
4 34
1 89
3 83
8 71
3 18
6 86
3 41
2 49
2 11
6 51
4 84
9 20
6 47
7 72
4 40
1 79
8 63
6 16
10 68
7 19
9 24
1 53
9 28
10 4
8 1
10 48
7 73
2 62
2 14
8 84
5 5
8 46
6 65
4 40
3 73
6 52
8 56
10 98
6 100
8 52
2 59
2 64
1 67
4 3
1 73
7 76
3 65
2 72
2 68
5 93
3 10
4 81
9 14
4 78
9 93
4 36
6 44
8 68
1 51
5 77
1 51
6 32
7 47
3 80
5 84
9 96
9 2
10 73
4 63
5 65
9 70
6 54
5 56
10 75
3 37
8 92
6 34
6 10
5 72
10 96
5 57
7 80
1 66
1 49
5 57
7 21
9 24
1 56
1 91
1 74
5 76
4 82
2 6
7 39
5 20
4 50
4 55
1 90
2 26
5 62
4 2
3 41
1 91
6 40
2 30
3 39
2 53
2 14
8 37
5 37
8 67
4 44
10 59
2 17
7 5
5 82
4 25
1 42
9 30
6 12
3 3
5 53
9 24
5 8
3 40
8 15
7 32
8 32
4 63
10 5
10 12
9 18
4 22
8 82
6 2
2 33
5 84
7 49
3 44
6 67
6 28
5 82
10 32
7 15
9 57
10 43
5 30
9 46
8 25
4 69
8 83
7 75
6 64
8 62
2 2
4 57
4 84
10 45
5 22
2 1
9 8
6 83
1 29
8 14
2 94
9 49
2 4
2 30
10 95
2 57
8 29
9 96
2 84
8 8
7 35
6 66
3 16
4 27
1 2
6 58
7 78
7 88
9 2
1 10
6 65
6 68
4 67
10 9
2 96
3 28
9 47
8 6
9 77
5 25
6 48
5 53
4 36
4 30
5 33
1 3
6 11
1 2
5 17
9 20
9 56
7 1
8 93
9 16
9 24
3 57
8 73
10 65
9 3
2 50
5 24
6 41
6 31
3 64
5 94
3 73
9 96
7 61
8 86
7 18
4 15
1 34
7 70
10 44
6 9
5 28
9 40
7 43
2 19
8 1
10 60
6 8
6 85
3 70
7 94
8 23
10 52
3 100
6 43
10 60
9 78
5 29
10 52
6 95
6 73
10 42
9 68
3 65
9 14
10 8
3 93
6 78
6 10
9 88
2 43
7 39
3 80
5 97
8 10
6 91
9 79
1 46
9 30
6 44
6 71
2 10
2 46
5 13
4 73
5 73
3 7
4 38
7 40
7 2
4 51
9 57
6 93
9 69
5 89
8 77
2 84
1 96
8 61
4 62
4 49
5 44
5 6
6 25
7 87
6 58
7 2
8 7
8 9
10 36
5 42
1 35
10 61
7 67
4 20
6 82
5 90
10 68
5 41
9 36
3 32
6 41
3 89
3 66
6 60
7 46
5 32
8 84
1 66
1 74
8 73
4 61
4 29
10 57
8 4
6 95
4 23
3 73
1 85
1 22
8 87
9 36
2 56
10 38
4 4
7 94
3 72
3 3
7 33
4 56
6 31
7 66
8 72
6 13
5 86
3 55
10 93
8 9
7 66
2 46
2 29
8 22
2 31
8 20
2 25
8 4
10 37
5 61
9 39
7 66
5 75
4 93
9 21
9 33
10 37
9 1
10 51
1 78
3 76
9 96
2 63
4 86
5 19
2 28
5 64
7 42
10 84
9 36
1 58
7 9
5 11
6 85
5 93
10 43
8 27
9 43
9 91
1 61
7 52
5 98
8 36
1 33
3 79
3 19
10 25
10 40
8 61
10 59
6 83
2 16
2 46
3 60
10 47
3 61
4 65
2 69
4 18
7 42
7 38
5 40
1 27
9 90
1 18
10 7
6 25
8 45
6 59
10 57
10 100
7 23
7 86
2 35
7 57
3 89
10 66
1 21
2 9
2 48
6 64
3 53
1 4
6 83
6 6
6 32
8 83
2 62
7 26
7 65
10 63
3 3
2 46
2 92
5 5
7 46
2 95
3 56
3 70
8 6
1 65
5 87
8 59
10 51
2 54
4 72
2 100
1 99
1 79
4 43
10 41
2 19
8 69
10 54
7 77
8 73
6 97
8 80
2 44
4 1
9 82
6 70
8 2
1 93
1 61
2 75
7 4
9 67
4 84
9 70
5 24
4 84
5 69
7 4
10 90
7 4
1 89
6 100
5 26
9 2
8 84
1 100
6 46
8 23
10 65
2 7
3 51
5 39
4 55
2 35
6 41
3 21
4 88
9 62
10 49
4 26
9 55
8 30
3 52
1 22
6 91
3 42
2 70
10 99
8 44
5 73
3 5
4 79
8 51
6 36
9 10
7 15
2 10
5 97
1 52
8 40
8 7
10 24
6 66
5 72
4 4
8 22
1 83
4 19
2 85
8 57
8 53
6 31
4 59
5 41
5 96
1 94
6 93
8 71
9 45
1 33
2 78
8 66
7 21
9 56
9 27
6 23
4 70
6 34
4 72
9 18
4 70
4 27
9 8
7 52
6 5
5 54
7 3
1 60
1 17
4 26
9 73
5 56
10 25
6 7
10 45
2 8
9 24
9 24
2 49
9 39
6 53
9 20
2 58
5 46
9 62
10 14
1 38
7 46
8 39
4 14
5 28
7 62
7 49
2 96
9 84
1 52
1 89
8 58
7 72
5 66
4 68
1 3
4 99
9 67
8 66
3 56
5 91
9 66
4 54
7 19
6 32
2 79
5 41
6 32
4 25
4 54
5 92
6 62
4 4
3 45
7 72
9 40
8 86
