4 75
6 96
3 72
7 12
9 61
10 36
9 37
7 62
5 27
1 11
6 38
6 24
1 33
1 40
6 60
8 37
9 93
9 21
2 84
6 20
1 98
6 45
8 60
6 1
5 20
5 47
6 40
7 79
1 89
1 70
5 12
8 100
2 51
1 61
4 86
5 76
8 88
1 2
1 51
8 24
4 24
8 53
4 36
3 18
3 64
3 39
7 6
1 75
1 2
10 5
9 57
3 3
5 5
1 67
10 94
1 89
8 95
5 47
4 50
10 41
4 7
10 10
3 7
5 11
5 86
7 83
6 2
10 75
3 83
2 65
2 49
5 88
3 1
8 75
4 5
4 56
8 13
10 35
3 70
5 35
1 27
1 1
2 51
2 37
7 4
2 99
2 57
4 75
4 66
5 64
6 77
3 38
2 76
1 26
4 28
2 77
6 21
4 38
3 48
6 72
4 6
8 52
6 26
1 12
5 78
1 26
9 6
4 11
4 79
7 96
5 24
7 58
7 36
10 30
4 59
3 97
1 42
1 62
5 42
9 47
3 57
10 77
5 9
8 61
1 89
10 67
4 63
6 53
9 39
5 81
1 67
3 68
1 44
4 37
10 59
5 66
10 46
3 77
3 98
8 94
3 96
6 13
1 67
9 48
7 12
4 92
1 1
3 17
1 52
3 3
3 45
9 63
10 3
10 43
8 43
3 99
3 34
1 45
6 7
7 20
2 30
7 29
10 23
10 31
10 86
3 29
6 11
5 42
10 18
1 49
2 11
5 71
2 73
1 15
9 64
9 76
9 68
4 70
3 37
8 42
5 41
9 52
9 65
2 88
10 33
9 77
2 79
10 43
7 11
10 83
6 45
9 53
4 95
2 66
8 49
7 40
1 35
2 15
10 88
6 13
10 86
9 2
7 89
6 55
9 77
8 65
9 3
6 83
6 23
10 37
7 22
2 27
6 3
7 58
7 27
4 37
9 58
9 16
3 13
2 58
5 51
9 94
4 32
2 65
9 5
5 55
2 65
6 44
9 60
5 77
4 63
7 67
6 41
7 95
4 10
1 45
10 97
2 8
5 55
8 1
4 35
8 84
3 24
5 50
8 28
9 80
10 55
9 40
8 71
4 60
10 12
8 12
3 99
1 61
9 85
5 96
9 53
5 72
6 99
6 82
2 41
4 63
8 15
5 44
4 12
8 61
5 83
4 46
3 8
8 40
1 49
5 21
1 1
2 96
1 17
4 28
7 96
5 87
8 28
5 58
2 20
4 24
9 69
3 60
3 74
4 33
3 48
8 34
5 10
5 99
4 94
5 15
4 29
10 22
5 78
1 83
6 59
8 76
10 55
1 34
10 44
10 29
2 69
9 7
8 24
6 9
5 75
9 28
10 68
2 38
4 19
4 18
5 80
8 53
1 23
8 7
8 17
2 30
7 8
9 34
8 94
2 18
8 39
1 70
2 33
9 10
3 1
1 48
1 29
3 15
9 32
7 92
1 46
10 54
4 2
10 81
7 86
5 6
4 26
8 39
7 96
7 94
7 76
3 13
8 96
7 86
8 23
7 69
2 72
1 71
10 26
3 60
2 90
8 82
7 65
10 53
4 53
3 39
10 19
9 49
7 90
9 99
5 55
5 65
5 69
7 63
5 100
6 9
10 31
9 8
6 87
3 16
10 87
4 27
10 94
10 55
8 32
2 60
6 24
3 57
7 18
2 53
3 93
10 82
2 70
10 46
7 41
4 2
8 24
4 60
5 53
1 32
6 100
10 23
4 55
1 65
5 91
1 89
10 65
4 63
5 73
4 35
5 86
6 81
5 42
3 13
9 14
1 99
2 43
5 43
7 84
4 12
7 68
7 40
4 31
6 82
7 13
1 3
2 95
8 93
2 46
10 46
6 90
8 33
9 13
3 28
10 97
1 91
6 53
6 60
3 79
6 89
10 97
10 82
9 22
2 75
4 49
5 59
4 71
1 30
7 50
3 14
5 80
1 17
6 33
8 31
1 61
9 92
9 11
8 40
7 94
10 63
5 49
2 40
1 8
1 45
2 37
8 6
8 65
2 20
10 38
8 12
4 14
6 32
7 50
10 46
8 13
1 53
10 39
6 25
1 22
10 3
7 76
6 26
3 83
10 57
1 90
4 27
10 94
9 69
7 18
5 54
4 79
10 36
5 35
8 19
2 44
8 40
5 6
3 92
6 22
8 7
10 39
3 20
7 96
7 83
1 10
8 30
7 76
6 57
3 57
8 73
6 19
2 60
3 58
7 95
7 91
1 52
8 19
3 15
9 24
5 49
2 68
1 81
1 77
9 27
8 77
4 66
3 37
1 18
8 57
5 47
10 81
7 33
2 67
2 77
4 74
7 92
3 2
10 99
4 61
3 71
5 98
1 64
9 97
4 38
2 4
2 4
7 37
6 45
3 60
1 60
1 31
5 55
7 9
3 84
6 9
7 33
4 86
7 55
3 65
3 46
3 41
2 35
2 86
9 94
7 84
1 10
10 71
4 68
6 97
8 1
4 48
4 93
7 99
10 33
9 93
8 20
6 25
5 70
9 52
5 13
7 60
6 14
6 17
9 33
2 98
3 8
9 27
4 26
3 87
5 51
8 25
10 36
10 68
8 11
4 4
4 25
5 43
4 80
9 29
2 30
4 48
2 59
9 53
5 97
3 96
1 18
3 2
3 68
6 26
2 57
4 29
9 24
4 51
2 92
2 20
10 72
5 51
8 45
9 46
8 9
6 11
8 21
10 32
6 70
10 35
7 88
7 36
9 51
8 95
2 75
9 73
10 83
8 19
1 6
4 7
4 83
9 44
6 96
4 69
4 38
3 10
9 72
6 80
10 77
4 94
2 47
10 72
2 70
6 72
1 18
6 7
7 39
5 35
4 7
8 87
7 86
3 65
8 41
9 33
4 99
8 6
3 78
9 94
6 91
9 89
7 10
4 91
8 72
5 4
8 94
10 14
2 52
10 39
7 15
7 20
6 33
3 69
8 23
1 58
3 35
1 68
1 12
8 90
4 8
1 63
9 66
6 93
3 28
5 91
7 59
6 32
9 18
5 85
9 42
1 37
6 73
7 63
1 78
10 24
1 20
9 84
7 9
8 56
1 24
6 10
4 92
10 86
1 27
5 36
10 7
4 82
3 11
8 59
3 83
10 38
1 31
6 35
6 61
4 44
7 25
7 29
8 70
3 93
5 72
10 23
10 30
9 98
8 10
9 53
9 55
4 35
3 99
4 47
5 77
8 20
1 66
5 10
4 85
2 17
2 33
3 10
9 56
6 99
10 21
4 79
3 26
4 4
10 12
2 78
7 77
8 29
9 49
3 42
1 9
6 63
4 25
5 5
3 71
7 44
8 65
4 2
10 68
2 28
2 76
10 34
6 77
4 18
2 95
4 1
3 42
1 38
3 88
7 100
9 69
4 18
7 58
5 38
6 2
8 52
2 17
9 52
8 50
4 88
3 72
7 75
10 33
7 43
4 12
6 74
10 21
10 40
5 55
2 94
9 30
2 70
9 75
1 92
10 30
5 49
8 47
4 47
4 89
3 57
8 91
8 97
10 95
8 55
8 53
3 56
3 70
2 77
9 92
5 19
10 91
1 84
6 9
3 51
8 97
2 20
9 57
7 8
9 84
2 81
1 4
1 19
9 21
4 86
6 82
6 23
1 16
3 94
10 21
7 86
5 67
10 85
10 100
10 50
6 38
1 57
5 47
5 18
6 7
2 75
7 69
3 60
3 45
9 1
10 88
4 87
3 15
3 59
4 62
9 60
1 11
9 60
5 95
10 83
8 60
6 24
3 79
8 40
8 58
4 93
6 66
6 24
10 87
9 59
3 59
10 79
1 21
10 33
5 84
7 12
2 9
3 96
8 70
5 26
7 95
8 29
3 23
10 3
7 92
9 16
9 100
8 73
7 94
1 17
1 37
7 67
2 68
5 71
10 18
4 38
3 9
9 69
4 98
4 37
4 95
3 31
5 65
3 7
3 73
2 51
6 95
7 10
8 79
7 42
8 28
7 27
4 94
3 82
1 60
1 22
3 19
1 99
8 82
4 37
7 90
2 23
4 98
4 54
7 13
5 92
3 44
7 79
2 64
2 75
1 64
10 38
1 84
2 12
10 66
2 23
7 30
5 46
2 81
3 95
5 62
10 77
4 18
3 8
10 94
10 28
8 71
4 1
3 82
2 3
5 70
6 68
4 87
9 71
7 93
10 61
5 42
6 78
9 89
2 79
4 68
5 42
2 85
1 99
1 49
4 99
4 18
2 26
10 31
4 91
9 18
6 3
10 49
9 19
2 98
3 64
8 94
9 12
1 30
9 4
3 22
6 64
8 73
2 64
9 49
6 25
5 51
9 99
4 12
5 54
3 57
5 27
7 57
10 63
3 41
1 48
6 75
10 83
2 44
3 13
7 1
9 85
5 5
6 88
7 50
1 69
8 81
10 40
6 59
2 70
6 78
