1 63
4 34
5 97
3 5
7 84
4 89
3 17
1 27
3 81
4 35
9 87
7 84
2 39
2 33
4 45
6 73
2 81
9 70
10 34
5 3
7 20
10 21
8 9
7 26
10 89
5 90
10 87
5 17
4 8
10 6
7 53
10 5
6 65
3 72
10 48
8 37
2 53
6 56
9 95
7 25
7 95
3 20
7 1
4 65
4 64
10 62
2 94
9 16
10 24
6 35
8 96
3 95
2 21
6 8
10 60
3 52
3 69
5 37
4 72
5 10
10 30
4 83
4 7
6 45
5 54
3 43
3 2
6 68
2 25
1 78
3 10
8 85
10 84
9 93
9 33
1 88
7 21
8 84
6 77
2 30
8 31
1 76
1 37
6 37
1 73
4 11
2 68
3 82
3 96
5 60
10 38
10 21
3 58
1 53
2 55
9 64
4 83
4 51
8 49
10 6
10 60
5 98
4 92
10 12
2 33
10 11
5 71
5 91
9 18
9 19
6 73
7 42
2 18
4 6
7 59
6 94
8 64
5 87
4 66
10 58
10 39
2 48
10 99
1 22
5 59
10 60
4 60
10 54
10 72
5 71
1 94
5 38
7 4
4 78
2 30
8 77
2 57
4 89
9 70
10 100
7 50
10 90
5 95
2 21
4 53
10 37
10 86
5 86
2 23
2 19
1 85
8 21
5 85
5 53
10 5
10 19
4 99
1 36
1 31
1 55
7 32
2 56
4 72
10 73
5 43
2 55
5 54
3 13
3 50
7 48
1 71
4 95
2 42
1 86
3 79
2 31
1 11
5 84
7 51
3 20
3 90
6 56
5 2
7 6
6 19
2 70
6 60
9 66
9 95
8 32
1 35
9 50
10 20
9 17
4 32
1 15
9 33
9 68
9 16
10 80
3 33
6 88
4 45
7 62
4 65
1 50
10 24
5 59
3 93
9 16
2 10
1 37
2 45
3 22
2 1
4 14
1 57
6 96
5 41
3 63
10 98
5 53
10 41
5 71
6 24
1 63
9 17
3 39
2 84
8 38
8 28
7 73
1 77
9 60
2 49
3 3
5 60
3 27
9 15
1 18
6 18
7 76
10 54
1 33
2 51
3 24
7 1
5 93
2 98
9 75
9 40
7 55
5 61
2 70
3 93
8 28
6 39
10 42
5 13
2 34
5 6
5 64
9 81
9 89
8 40
8 61
3 39
1 30
7 39
7 33
10 40
1 32
1 19
9 9
4 48
1 15
2 56
6 27
10 7
4 26
7 87
10 30
6 97
9 94
3 95
10 84
10 30
6 82
3 94
2 10
5 17
9 55
8 71
6 80
10 60
7 44
8 95
4 86
4 50
7 56
1 58
10 64
1 82
7 16
8 44
5 15
8 68
2 3
4 18
2 50
5 95
4 46
2 35
9 98
5 23
9 68
10 22
1 59
3 49
7 56
1 92
3 6
3 16
6 43
1 92
6 27
5 28
7 61
4 53
7 48
3 35
1 49
6 20
1 94
6 10
7 91
5 32
9 97
4 61
10 67
8 15
7 67
4 88
3 48
4 15
7 18
6 70
3 80
2 92
1 10
4 38
5 72
5 58
9 90
7 16
7 2
8 49
1 88
8 74
4 76
5 71
3 95
4 73
2 4
10 13
1 70
9 47
3 84
6 56
3 84
2 20
9 93
2 19
10 63
6 31
8 69
2 55
9 3
3 12
8 62
3 25
6 14
8 12
8 47
2 16
6 43
1 46
10 43
7 89
7 73
2 70
3 95
10 40
10 67
7 37
4 82
7 83
6 78
7 94
9 28
9 55
10 60
8 57
1 54
10 63
9 73
3 27
2 85
1 51
2 1
8 42
1 36
9 98
7 19
3 24
9 56
4 1
1 29
7 25
5 31
10 97
4 43
5 43
7 12
7 70
10 31
2 63
3 39
8 4
1 51
10 15
2 23
4 50
4 60
6 51
8 89
1 95
2 59
1 97
10 15
7 46
2 35
10 95
8 80
9 55
8 32
1 86
10 96
4 66
7 20
7 34
3 62
6 61
8 21
5 6
1 8
4 2
8 15
3 98
9 50
1 68
7 77
6 81
8 68
6 21
10 77
5 55
5 19
5 75
6 21
8 85
9 36
3 60
3 50
5 97
9 74
7 79
5 58
10 89
7 79
1 23
5 31
8 5
8 87
1 100
6 24
1 7
9 46
9 31
8 25
5 7
6 68
4 44
9 79
4 45
3 100
1 79
2 78
9 68
3 83
2 42
1 61
10 91
6 72
4 98
5 26
1 25
5 3
9 23
8 52
8 6
10 12
6 11
3 79
10 21
10 99
3 83
6 63
1 85
8 79
6 75
6 38
1 34
5 60
1 84
2 89
8 99
4 95
9 29
7 40
8 63
3 34
1 48
3 100
8 62
5 74
2 12
2 90
7 82
6 19
6 3
9 43
8 40
1 84
4 31
4 83
3 31
4 97
5 22
6 100
7 41
9 78
5 79
9 57
8 26
10 4
7 43
6 65
10 26
3 84
7 11
6 43
3 84
7 56
9 99
10 81
10 90
8 95
10 66
2 11
10 29
2 14
8 62
3 63
6 48
7 54
1 78
10 56
8 22
6 46
9 48
5 64
9 74
8 69
5 14
3 76
10 40
3 41
8 90
4 81
2 87
4 32
9 36
10 66
4 46
8 77
4 53
9 58
5 80
2 87
9 83
8 88
4 38
9 7
9 81
9 79
7 66
3 64
6 45
4 77
5 15
9 6
7 5
6 46
7 77
10 33
6 57
2 8
8 32
3 2
8 37
7 17
2 93
4 74
5 65
5 78
3 18
6 64
4 98
8 24
1 24
3 93
9 40
8 74
4 40
10 54
5 19
1 12
9 57
5 7
6 44
2 96
8 2
2 29
5 95
1 28
4 42
8 17
2 56
4 28
5 77
4 77
9 59
1 87
7 69
6 27
1 1
6 95
2 91
3 61
5 23
5 70
7 94
9 45
10 36
2 29
1 64
3 5
6 61
10 45
6 58
2 22
9 30
6 51
4 74
2 53
7 32
10 55
6 80
4 55
10 86
7 21
9 99
6 78
1 33
8 40
5 99
10 95
4 10
10 40
1 82
6 13
8 64
6 45
10 89
4 57
9 60
3 17
1 54
4 78
5 15
3 60
6 8
3 23
8 40
8 90
1 88
7 81
4 20
3 94
5 60
8 63
2 96
4 59
5 20
7 83
5 11
2 71
10 70
5 97
2 29
6 46
5 87
9 24
10 9
7 41
5 9
1 3
4 84
5 4
2 89
2 1
6 36
2 22
1 72
8 70
4 2
2 58
6 4
3 55
6 45
3 30
10 5
3 79
4 41
9 61
2 94
5 9
5 24
3 98
7 35
2 14
3 13
3 24
6 46
4 54
5 57
7 13
5 24
10 95
9 55
4 13
10 14
6 67
7 17
7 42
4 38
9 93
10 91
5 51
4 93
8 92
7 13
5 2
10 93
1 85
2 98
4 4
7 45
9 99
2 5
7 38
10 90
3 86
8 72
10 91
6 82
10 6
9 60
6 62
4 64
3 23
5 18
10 42
9 44
2 88
3 74
7 90
5 14
1 62
9 15
9 24
6 96
6 96
2 64
10 12
1 33
6 21
1 67
6 16
9 31
1 55
6 5
5 70
3 54
7 84
5 30
5 71
10 47
4 53
9 12
7 11
2 77
2 12
8 84
8 60
2 68
10 28
2 54
6 74
6 55
2 45
9 56
2 18
6 44
6 70
5 99
1 49
5 52
3 80
5 79
3 36
6 93
7 10
2 45
5 35
2 24
7 73
10 12
6 47
6 19
2 86
3 39
8 22
1 41
3 1
2 19
4 95
9 30
10 90
1 18
2 40
1 41
10 63
3 16
4 49
6 6
6 50
6 66
2 20
10 80
10 54
10 59
3 8
1 6
6 39
3 49
3 65
1 31
10 72
5 6
4 80
10 79
9 30
9 89
2 48
10 33
7 52
1 40
2 46
10 1
1 66
3 53
7 14
5 17
9 12
10 88
6 56
10 86
8 42
5 48
6 47
7 73
9 51
8 63
2 10
6 92
8 43
4 72
2 15
1 24
1 90
4 76
3 89
10 94
2 61
10 95
4 16
8 36
4 14
3 38
9 57
7 38
4 50
3 89
2 80
6 99
8 95
6 79
2 16
6 83
9 24
2 90
7 23
3 73
8 54
3 66
8 8
6 8
1 42
1 75
4 18
2 47
8 47
9 13
7 56
10 54
3 94
2 25
7 16
3 24
3 14
7 39
3 2
8 93
7 19
7 35
5 7
4 47
9 73
4 10
4 20
1 70
5 24
10 8
2 83
6 42
9 31
6 21
4 27
9 77
9 87
8 57
3 89
8 39
9 6
3 62
10 14
5 32
7 34
10 79
3 100
7 86
8 89
7 99
5 27
10 77
8 64
3 70
2 43
7 84
8 66
1 56
3 58
5 31
6 83
4 81
3 88
8 64
7 15
