2 42
4 52
7 6
4 79
7 34
8 57
4 79
3 48
1 23
2 50
2 59
10 73
5 48
5 78
9 17
10 25
10 95
8 67
3 20
10 96
4 10
3 47
9 51
4 89
7 32
8 19
6 47
4 73
8 10
9 45
6 25
5 99
1 84
1 11
1 51
8 4
3 3
8 40
6 5
4 98
2 98
7 15
2 46
6 15
9 2
8 48
3 14
4 29
4 63
7 24
4 47
6 8
10 71
7 26
10 6
1 60
4 52
9 59
6 12
4 66
3 60
3 59
10 100
2 80
3 38
10 22
2 73
1 48
5 35
4 27
9 41
4 23
2 87
3 85
6 74
1 11
9 60
2 90
4 86
1 39
7 55
10 86
10 36
1 83
9 43
10 38
9 59
2 58
5 8
1 63
5 35
6 14
6 69
1 29
7 40
6 88
2 7
8 14
3 100
3 34
10 64
2 7
4 31
10 6
1 77
5 27
9 84
10 86
9 85
10 13
3 90
3 76
6 59
3 60
9 78
4 21
3 36
10 18
6 77
7 79
6 35
6 15
7 80
3 64
1 10
8 29
2 78
6 34
10 13
5 55
3 89
4 63
5 55
8 16
10 38
5 8
1 90
10 50
6 48
1 80
1 50
8 69
4 1
6 7
2 82
5 15
5 14
8 41
7 67
5 79
8 13
8 90
1 34
2 24
8 95
9 21
10 51
2 81
3 81
10 15
6 21
7 12
3 72
9 2
7 31
8 45
2 19
10 97
1 39
5 2
2 89
4 40
3 66
9 5
9 81
9 26
5 24
3 3
1 24
5 79
1 15
1 9
8 43
4 40
7 32
4 98
1 63
8 88
1 7
3 38
6 78
7 67
2 86
8 30
5 53
4 16
4 90
6 59
3 17
8 24
4 83
2 42
3 76
1 26
4 22
2 30
8 31
10 58
10 30
2 83
3 83
5 37
7 65
9 63
5 94
1 69
6 83
4 53
2 92
10 94
3 15
1 75
7 89
7 65
2 98
8 73
7 75
7 89
3 33
5 85
10 97
1 90
4 39
8 15
6 80
10 40
9 34
8 76
5 10
3 74
5 92
5 32
1 36
8 29
5 80
1 33
10 63
1 44
8 4
2 60
1 84
8 47
3 62
10 45
9 13
5 54
10 6
4 16
9 86
2 64
1 75
3 56
5 59
4 90
7 23
2 44
3 90
4 40
7 13
6 94
7 100
7 76
3 86
10 78
3 74
10 16
9 26
5 29
6 5
8 53
6 54
6 83
4 89
8 50
2 37
3 99
4 91
3 73
2 89
4 60
5 100
9 6
4 49
6 12
7 6
2 53
2 34
6 86
9 82
7 2
2 88
6 53
8 50
10 17
6 31
1 92
9 35
7 89
7 20
7 9
9 93
2 54
1 91
10 100
5 67
4 76
2 84
2 58
2 66
3 63
3 4
8 13
8 11
1 7
7 79
7 28
1 83
6 15
5 65
9 41
4 28
1 72
7 46
9 44
4 71
4 32
3 16
2 51
10 100
10 17
6 77
1 37
7 79
9 5
9 23
7 53
1 55
10 57
2 70
3 18
1 67
5 12
1 78
1 22
2 99
10 74
5 16
6 1
2 66
2 79
10 23
10 88
6 79
7 27
4 32
2 60
8 44
7 26
1 28
10 46
2 76
5 7
3 34
8 47
3 18
2 30
6 48
3 14
9 9
10 32
5 72
8 43
3 2
3 39
2 36
6 23
1 13
8 68
5 41
2 83
6 74
9 74
9 57
2 68
1 3
5 22
10 14
1 81
6 8
9 74
7 8
10 78
7 17
8 72
9 31
4 13
3 63
5 26
6 75
9 53
2 45
9 14
1 70
3 84
1 66
6 21
5 70
7 62
5 53
7 56
7 69
10 97
10 92
6 24
4 3
2 48
1 45
1 75
1 16
3 18
2 25
5 94
9 99
6 87
4 75
6 28
6 43
2 99
9 10
6 61
10 47
5 67
6 2
5 18
7 7
3 69
3 48
6 89
2 84
10 5
10 23
6 36
3 77
1 56
4 51
3 44
6 88
8 73
3 29
3 79
8 89
5 80
6 4
3 7
3 75
4 68
1 4
5 79
7 91
6 58
3 74
2 95
7 18
8 39
8 12
1 93
6 8
6 84
4 80
1 92
9 89
1 40
9 42
7 97
7 89
7 51
5 76
1 83
5 53
3 11
5 59
7 13
8 33
4 99
8 37
3 52
9 22
7 38
2 26
3 36
4 63
5 34
5 4
5 55
2 69
1 87
2 93
1 75
3 57
3 34
8 57
9 10
10 85
1 73
7 75
2 38
7 73
10 39
5 91
7 36
3 78
10 26
9 34
6 90
6 2
3 6
7 43
2 67
9 40
1 68
9 73
10 35
4 34
4 10
10 84
7 38
6 59
5 40
10 83
9 7
5 1
8 58
5 64
3 98
7 22
7 37
10 61
4 97
1 48
8 52
10 47
7 76
5 34
9 97
2 31
2 38
4 74
4 42
3 98
10 69
9 94
4 24
2 22
7 77
7 17
2 79
4 21
4 59
3 5
10 25
1 66
9 6
4 4
5 10
1 29
3 25
3 98
3 19
1 81
7 82
8 18
9 69
2 45
5 31
9 30
7 72
8 37
3 60
2 49
7 10
8 80
5 17
10 40
6 75
6 53
2 74
5 11
7 5
1 75
5 23
8 15
6 11
3 79
5 8
5 20
8 51
10 7
3 83
8 13
7 53
5 46
7 98
4 48
6 7
1 92
4 36
1 37
7 5
7 65
4 61
6 52
4 8
9 35
9 20
7 61
3 16
3 73
7 54
10 73
7 35
6 80
2 6
9 92
1 69
6 10
10 12
5 67
3 4
3 31
6 15
6 32
4 60
2 6
2 33
1 18
7 2
10 58
10 52
5 68
4 93
5 11
5 20
4 39
10 49
10 99
2 21
7 14
10 89
1 95
2 44
2 95
10 74
3 30
9 91
9 97
7 97
3 34
6 7
10 29
3 22
8 52
8 38
10 15
10 71
8 46
8 19
4 80
8 77
1 84
3 82
2 75
9 27
4 86
8 90
10 73
7 32
5 89
1 30
4 83
1 43
7 83
7 97
6 44
2 82
2 29
10 83
2 18
2 100
9 85
5 28
3 67
2 69
5 23
1 4
8 53
1 99
8 81
5 95
7 33
6 9
10 41
10 64
2 93
6 13
5 59
5 63
5 75
2 83
4 97
8 33
1 55
4 25
1 56
9 96
4 73
7 10
7 75
7 77
10 14
5 41
8 16
3 64
3 81
2 56
10 64
3 88
6 80
10 20
4 33
4 85
6 6
9 61
1 47
7 63
3 75
10 48
2 57
8 71
9 61
2 42
7 51
1 98
10 59
6 56
5 11
6 6
8 78
4 34
5 9
1 30
1 57
3 46
2 94
7 47
5 47
7 56
2 70
10 35
4 25
1 33
6 35
8 47
3 62
7 86
9 46
6 42
7 13
4 59
5 85
10 33
10 14
1 90
7 42
7 70
6 2
5 15
5 56
4 11
10 90
9 20
8 78
4 62
5 61
5 84
3 40
5 72
4 12
4 13
7 54
2 20
9 2
3 67
8 86
6 15
4 58
10 72
10 72
1 27
6 34
10 59
10 51
1 49
3 59
3 55
4 62
10 89
3 89
3 27
6 50
10 30
5 6
8 62
6 72
3 60
5 80
9 42
4 53
7 16
4 1
5 78
1 19
10 12
3 47
9 61
5 43
8 77
8 10
4 70
2 79
10 6
3 3
3 16
6 58
1 4
2 4
4 21
2 53
8 10
2 84
8 24
2 62
10 84
3 49
10 88
1 48
4 93
1 70
10 29
2 7
5 87
4 37
6 96
8 42
5 71
2 68
10 44
7 98
3 98
9 89
6 81
8 43
6 69
6 99
6 69
1 15
9 82
9 84
2 47
2 9
1 6
6 7
8 62
7 39
8 45
10 84
5 80
7 5
6 97
1 77
2 37
3 15
5 8
6 77
2 14
8 63
10 28
4 64
10 44
8 26
6 62
7 12
2 41
2 21
7 18
6 43
4 35
7 90
5 11
2 32
9 10
8 62
10 9
6 17
10 52
9 94
9 12
5 51
7 32
5 68
6 15
10 3
10 53
5 52
6 4
3 48
4 49
2 41
9 60
5 100
9 93
9 56
9 29
7 10
10 85
6 61
9 1
1 83
6 50
1 2
7 46
4 55
8 49
10 65
9 82
6 34
7 6
2 43
6 97
10 49
2 64
1 53
1 56
8 28
6 54
9 35
6 58
5 72
8 17
8 69
5 46
10 99
1 6
4 43
7 2
7 92
1 70
10 2
3 91
4 62
10 93
9 100
9 84
1 22
1 77
10 42
8 94
6 51
8 42
9 13
3 22
5 47
7 5
3 63
5 59
2 97
7 51
3 80
10 7
6 10
6 25
5 63
10 67
3 50
8 71
5 8
3 98
9 42
10 55
10 6
3 44
