6 6
10 24
4 33
8 33
9 7
1 78
6 57
7 26
5 56
4 97
10 63
10 89
1 72
3 11
1 18
8 71
7 33
7 21
9 46
8 86
7 22
8 23
10 38
5 20
3 40
3 82
8 25
4 99
4 43
2 91
3 54
8 29
6 68
7 86
7 29
4 11
7 57
3 18
2 93
2 55
4 86
6 70
4 74
10 63
9 31
1 87
1 42
8 65
4 97
9 10
2 98
5 23
1 96
7 88
1 67
8 34
10 100
9 69
2 15
7 25
5 62
1 55
7 35
7 41
6 5
7 30
6 55
5 91
4 31
5 75
6 19
4 18
8 23
4 67
2 31
1 4
4 82
8 55
5 36
2 15
1 96
1 87
5 27
10 51
1 62
5 33
5 14
4 75
8 23
2 77
8 74
9 29
1 56
10 3
9 25
3 39
10 98
7 38
7 83
1 10
4 44
8 25
9 27
7 49
7 8
10 93
10 81
9 44
4 93
2 92
2 7
8 46
4 19
1 81
5 33
9 77
3 31
10 59
3 95
2 39
4 81
8 41
2 43
9 76
2 99
2 41
6 25
7 88
10 82
7 6
6 57
8 64
1 78
3 47
1 37
1 93
6 12
4 32
8 65
7 86
3 71
6 46
10 96
7 13
9 61
10 56
8 54
3 34
7 52
8 22
10 89
5 49
7 32
9 70
4 6
4 70
10 17
5 51
6 31
5 68
2 26
4 43
3 84
10 72
8 34
7 30
8 88
10 13
9 16
5 67
8 78
5 87
6 16
2 12
5 70
6 70
1 71
9 96
5 32
3 90
2 25
3 9
1 25
10 77
1 29
4 52
9 26
9 62
10 90
9 29
1 90
8 6
9 86
9 65
7 45
8 99
4 27
2 66
2 57
9 63
6 4
3 39
1 46
1 91
5 46
8 34
6 78
1 53
8 52
9 88
7 59
9 32
8 45
10 81
7 74
5 61
1 43
7 42
9 4
7 29
6 47
2 40
4 3
7 23
5 49
4 24
10 55
8 40
5 7
8 58
9 35
6 59
7 51
10 100
1 98
10 85
4 75
6 98
5 24
6 40
4 25
8 65
4 80
5 9
1 1
5 54
8 10
5 99
2 88
8 45
10 48
6 94
5 76
2 12
7 6
8 27
8 28
8 87
8 11
6 20
9 91
1 63
2 23
5 78
6 98
6 33
4 33
10 54
5 67
6 6
2 32
8 84
8 10
2 34
2 47
3 32
2 84
6 63
9 26
3 35
4 69
10 72
3 37
3 78
3 60
10 24
6 54
2 29
9 75
2 74
10 73
7 55
7 46
1 21
9 20
3 16
2 12
6 99
5 9
1 21
5 31
1 55
9 61
3 16
8 67
1 92
2 4
10 90
5 7
10 37
2 29
7 94
3 33
10 12
1 32
1 9
1 8
2 89
9 68
4 78
2 93
9 75
2 20
1 17
7 9
10 3
8 4
9 53
1 42
6 17
2 31
7 19
6 51
7 28
6 35
9 46
2 43
7 7
8 66
9 87
8 50
9 75
4 69
6 80
9 97
9 1
9 17
6 35
8 8
8 55
6 3
1 93
3 79
9 64
4 81
4 33
9 35
3 81
4 44
5 80
1 4
6 88
1 30
5 56
8 15
1 2
3 43
1 95
6 42
7 86
6 26
4 22
5 1
5 94
3 15
9 36
10 16
2 19
4 19
7 59
9 47
9 1
10 60
9 71
8 17
8 73
4 8
2 67
4 94
4 65
1 59
6 50
5 98
4 60
8 11
3 71
8 58
7 12
7 81
1 62
10 6
3 22
2 19
5 4
2 63
2 42
5 58
10 23
7 44
2 89
7 34
7 85
8 30
5 88
9 91
8 100
8 38
8 51
1 24
4 5
4 51
1 17
1 95
1 78
4 31
6 60
2 61
3 13
6 77
1 31
2 81
4 88
7 1
9 26
3 94
9 13
10 40
2 62
2 15
9 57
4 70
1 95
2 24
1 30
7 69
6 15
5 27
2 83
9 90
1 10
3 21
2 36
4 29
3 25
7 9
2 13
4 59
9 1
7 30
8 25
10 91
5 15
10 34
7 9
9 19
4 15
1 2
2 80
6 13
4 23
10 53
7 97
5 1
2 14
2 15
2 30
6 39
6 47
3 57
3 89
9 79
3 94
8 49
4 91
1 66
8 11
6 44
9 15
5 39
3 31
1 51
2 53
6 33
5 12
10 89
7 68
4 45
1 61
6 49
2 26
3 42
10 25
6 17
2 28
4 39
10 2
4 67
2 89
7 89
8 48
1 89
7 90
1 7
7 14
8 26
8 92
8 7
2 53
2 9
4 51
5 27
1 65
8 51
5 50
6 90
6 61
4 57
2 62
3 91
5 99
5 8
8 74
9 75
10 3
2 39
2 66
7 21
9 99
1 2
10 62
10 22
8 81
1 50
5 37
7 34
9 94
3 96
4 48
1 83
5 27
10 92
3 98
7 19
5 8
8 8
7 15
5 12
2 50
4 71
8 30
6 25
9 14
2 46
10 57
5 19
8 90
8 23
2 6
3 82
2 40
9 41
5 62
8 27
2 67
1 21
9 91
3 2
3 24
2 33
3 98
10 79
6 66
7 64
7 67
10 78
5 63
8 18
6 62
3 80
9 33
6 79
5 70
5 30
6 70
1 5
8 3
3 35
10 13
10 44
10 13
6 19
3 46
1 67
1 92
3 88
10 62
3 57
7 99
7 68
8 25
3 7
3 31
1 86
7 10
1 18
2 27
7 93
7 87
8 35
2 92
4 93
1 100
9 28
9 47
10 22
4 6
6 70
8 71
9 74
7 77
7 58
6 46
8 19
4 100
10 82
3 13
1 92
10 45
8 63
2 58
3 51
8 40
2 66
8 95
8 50
2 98
6 1
4 98
1 31
7 8
3 69
2 92
5 13
3 39
9 71
7 44
3 79
6 63
7 56
2 14
8 97
4 82
9 67
2 22
10 16
9 63
10 39
2 97
3 60
3 9
8 23
10 76
3 89
7 19
6 39
3 45
6 92
3 43
2 66
1 67
2 69
8 65
7 88
6 71
4 13
5 67
8 35
7 39
7 18
9 44
6 12
9 36
6 48
1 39
10 52
2 5
6 79
9 31
10 85
5 79
5 31
1 78
3 52
3 52
4 67
5 35
3 82
4 82
9 79
8 97
7 93
7 43
3 79
6 7
1 57
4 88
1 12
1 20
7 5
1 32
2 18
8 15
4 86
9 24
5 30
7 1
9 84
3 10
4 91
5 15
1 13
9 36
3 19
4 79
4 11
9 63
3 88
2 91
9 54
9 70
5 81
4 55
6 57
1 46
4 28
9 50
10 56
5 61
8 47
2 65
6 13
3 5
2 69
5 93
4 41
4 47
1 16
1 64
6 57
9 58
10 82
8 36
5 79
8 7
9 21
3 80
7 80
6 17
1 89
1 64
2 96
3 52
7 11
5 38
5 75
10 43
10 89
9 93
1 33
5 79
5 74
9 59
3 43
7 12
8 56
1 21
3 6
8 48
10 1
10 71
1 84
6 9
1 65
9 77
8 82
1 97
6 52
2 39
2 38
5 21
6 34
2 38
8 24
1 41
6 56
4 82
10 55
1 19
3 69
7 13
10 19
4 77
5 20
10 82
4 98
8 65
8 6
10 81
7 12
10 72
7 30
5 35
2 64
1 90
9 99
2 44
7 51
1 30
8 22
5 58
3 22
6 8
1 90
9 68
2 41
5 16
4 89
3 34
9 64
4 21
1 98
3 57
9 94
4 25
10 6
1 81
5 82
9 13
8 76
3 41
9 28
10 87
10 83
8 71
7 82
10 54
8 53
6 98
2 1
4 69
7 47
4 65
10 83
3 69
4 66
9 47
2 4
1 34
3 29
9 70
10 51
4 14
10 17
1 3
10 80
2 24
2 35
8 25
4 100
10 88
10 86
10 50
7 6
2 28
7 19
10 88
10 74
5 28
6 91
8 2
9 5
7 3
6 13
1 49
7 6
1 69
10 5
8 35
4 1
7 51
1 33
7 80
10 35
1 10
2 5
9 76
9 27
8 81
8 76
4 22
10 48
4 9
2 31
1 4
8 97
5 52
9 95
3 6
6 35
10 5
7 60
8 62
1 11
7 84
8 90
3 6
1 11
2 56
9 96
2 59
3 7
10 54
9 73
6 42
3 18
7 69
6 48
9 47
10 31
4 77
4 33
6 43
7 46
8 69
1 84
4 71
8 78
7 59
2 31
6 68
2 70
1 17
10 5
1 98
10 95
9 39
5 38
2 48
3 33
2 81
10 43
3 8
3 75
1 68
6 53
8 80
9 85
7 34
6 74
6 61
4 9
9 51
10 57
6 73
9 53
10 96
1 41
9 26
2 93
6 60
10 46
7 75
3 23
9 43
5 73
6 32
2 3
10 41
1 50
2 82
3 97
3 53
10 1
2 17
8 68
10 8
2 64
9 40
3 43
5 97
