3 23
9 30
2 88
4 5
7 7
3 86
9 62
6 60
9 99
5 14
10 86
9 67
4 84
9 25
2 90
2 17
10 82
1 65
10 82
3 30
5 73
5 9
6 96
2 42
7 46
8 29
4 41
7 97
7 74
2 78
10 55
8 15
9 39
6 41
8 34
8 99
4 55
5 98
9 89
9 49
9 50
3 55
9 43
6 89
3 57
10 64
5 8
1 43
4 75
10 42
6 23
9 35
2 89
7 2
6 59
10 60
3 75
8 96
7 97
2 59
3 82
8 66
5 98
1 10
6 38
3 8
9 34
2 15
2 71
8 51
8 29
6 28
4 73
1 88
1 82
4 26
6 94
6 20
6 75
3 64
2 60
10 3
7 66
9 23
3 97
1 23
1 56
7 49
4 12
8 7
8 58
1 7
10 23
1 78
6 10
7 60
3 44
4 79
1 80
5 54
8 98
2 81
9 34
5 58
3 92
6 70
2 62
9 90
10 82
3 77
9 88
10 60
10 24
3 65
7 67
10 81
10 32
7 37
5 11
2 64
4 68
1 91
7 57
9 74
10 83
10 55
7 28
7 33
2 55
3 8
3 99
7 7
2 49
6 87
3 85
2 70
3 66
9 4
3 47
1 40
7 90
3 46
4 19
4 26
2 60
4 56
5 13
3 97
5 15
6 15
6 63
7 82
3 72
9 60
6 17
1 55
9 94
6 65
2 31
4 53
9 8
7 65
3 16
8 3
10 76
8 14
10 70
10 97
10 87
2 11
6 35
3 44
1 97
10 64
10 55
4 2
2 76
1 19
3 80
4 93
8 25
4 34
9 72
6 50
8 16
2 58
1 11
3 31
9 38
2 91
8 60
4 51
10 98
8 18
3 98
6 90
4 46
10 9
4 25
9 11
10 85
3 39
4 52
1 36
5 92
7 10
1 13
8 50
10 67
4 23
6 42
3 75
3 75
7 82
3 44
7 65
4 83
5 100
8 91
8 66
2 25
2 30
1 3
9 39
10 15
6 80
4 83
2 71
9 36
7 25
9 85
6 84
6 66
7 59
9 74
3 42
5 87
8 90
9 97
1 44
1 74
9 87
4 49
7 11
5 32
4 22
6 97
4 67
7 62
8 2
6 33
5 71
1 87
7 53
1 51
7 27
1 88
5 11
2 100
4 47
9 33
8 18
9 3
5 3
2 83
2 52
2 42
4 70
9 69
3 21
10 30
6 40
9 65
10 72
6 9
2 58
10 2
1 91
8 79
10 75
8 68
8 6
7 36
2 67
8 77
6 81
9 53
10 73
7 52
4 95
1 32
8 82
6 10
5 7
9 18
4 52
2 51
4 22
2 96
2 61
5 3
6 46
6 5
8 48
8 67
4 26
5 99
10 40
8 75
6 29
10 15
9 62
8 66
2 61
9 96
6 17
4 79
1 18
3 41
4 25
8 52
1 11
7 49
2 23
7 47
9 9
9 55
3 8
5 3
5 24
2 28
5 55
5 17
5 43
8 33
5 50
1 32
9 48
10 19
2 21
2 43
1 47
10 77
5 23
1 72
3 46
7 26
8 78
9 36
3 52
1 70
10 49
2 52
6 87
10 99
4 34
7 75
7 23
7 22
2 95
5 62
8 43
8 33
3 59
2 10
9 12
4 59
1 18
2 94
7 67
5 21
2 60
10 67
4 98
6 72
7 60
7 1
9 11
5 50
7 50
7 97
5 61
7 65
4 90
6 7
1 49
9 24
1 53
1 83
7 34
3 74
6 45
4 29
1 34
8 91
2 47
8 23
4 63
5 3
2 5
7 99
10 75
2 52
4 42
4 67
10 97
3 37
3 86
2 98
2 29
7 64
10 97
8 10
6 48
3 33
10 79
2 94
10 43
2 21
5 38
10 31
5 22
9 40
3 93
4 44
2 2
10 100
10 48
1 23
9 66
5 92
10 27
6 92
9 83
5 93
4 22
6 18
9 41
9 44
7 88
4 3
10 67
3 87
1 86
4 30
8 67
4 83
7 26
9 60
4 17
6 29
8 54
5 86
9 50
4 19
9 56
5 30
3 3
4 18
4 73
6 47
6 81
1 15
4 91
9 28
4 76
8 31
10 77
10 61
7 38
4 76
3 44
4 59
7 10
7 56
9 25
6 66
6 75
6 23
5 36
1 38
1 68
5 14
3 96
4 57
3 91
2 72
10 97
10 32
10 41
10 25
4 31
2 63
1 81
8 3
2 46
3 28
3 42
4 87
5 26
9 24
2 3
10 6
7 71
8 59
2 54
3 6
3 19
8 46
3 40
3 44
6 88
2 8
1 88
10 93
2 97
2 3
6 37
7 47
8 93
9 98
10 6
9 54
6 21
6 78
4 90
9 45
10 36
2 19
5 16
3 96
5 7
5 14
3 73
9 98
4 60
10 18
1 54
4 30
7 52
10 85
2 73
4 47
2 75
10 37
7 44
6 85
3 84
5 1
10 11
6 47
8 63
8 31
9 97
9 13
1 33
5 41
5 47
2 93
10 28
4 7
10 14
7 12
8 61
10 12
4 64
8 7
8 56
6 5
4 51
5 96
10 52
8 44
10 6
1 56
7 8
7 74
3 6
4 3
1 98
3 27
1 46
7 77
9 61
9 100
2 32
2 89
7 64
2 68
3 65
3 54
2 91
10 49
10 70
2 68
4 55
9 82
5 71
7 10
7 14
6 36
4 89
3 63
9 98
4 2
8 45
8 10
6 25
8 63
1 87
9 3
9 87
9 36
7 22
10 41
8 85
3 21
1 88
5 64
6 37
5 66
10 20
10 21
1 45
4 4
5 34
6 11
8 79
10 43
7 95
8 30
6 99
9 78
7 11
4 44
5 23
7 4
6 80
5 62
1 27
1 7
10 57
7 24
3 47
1 37
6 18
5 10
9 39
2 29
9 93
4 71
10 1
7 88
4 83
1 46
5 17
6 22
3 30
6 75
6 86
5 59
10 23
1 44
5 31
9 68
5 61
7 38
1 82
10 54
6 3
4 83
6 65
10 15
7 56
9 75
4 33
1 90
5 75
6 49
3 72
10 97
3 94
9 48
10 68
5 77
1 83
6 32
9 16
8 71
4 100
5 97
8 79
4 92
8 76
3 28
8 46
4 98
4 9
7 14
3 40
8 83
3 8
8 50
2 37
9 83
8 24
6 8
7 37
8 50
4 80
4 5
6 68
6 32
2 23
6 23
8 85
6 63
6 24
8 44
3 61
4 61
5 9
7 68
1 71
10 100
7 58
10 85
1 23
7 55
4 5
6 76
8 13
9 72
7 24
5 71
5 12
9 62
10 56
6 14
8 21
10 50
9 42
8 59
4 94
8 15
6 34
8 28
8 13
10 55
9 5
10 74
1 37
3 30
5 88
9 17
5 46
3 15
3 40
4 80
4 66
8 28
6 54
3 11
7 72
6 48
8 42
3 37
3 49
8 84
2 45
10 30
1 58
10 13
7 61
9 43
2 31
6 26
1 97
3 70
1 8
8 28
2 79
9 17
1 96
9 54
5 3
8 44
6 87
1 87
3 83
10 81
6 13
9 76
4 35
7 48
2 22
7 77
8 72
7 37
4 49
2 87
8 6
9 55
2 7
3 8
2 76
3 13
10 47
6 44
5 12
5 70
5 25
3 48
6 41
5 22
3 29
8 58
1 15
4 24
2 75
10 74
7 91
6 19
7 34
10 8
8 49
1 11
2 22
1 36
5 39
5 79
10 91
2 65
5 12
4 94
3 22
8 47
10 100
7 47
8 89
6 22
6 80
10 55
8 33
9 15
4 12
1 88
6 1
7 50
10 91
9 66
3 37
10 52
7 11
4 63
9 21
4 84
3 67
6 7
4 45
4 80
8 86
3 74
10 65
5 30
6 83
3 83
5 92
1 5
7 8
9 36
7 50
5 47
10 85
2 74
4 87
9 30
10 52
1 92
8 51
6 50
3 80
4 45
10 66
6 42
6 12
8 100
8 63
5 7
1 98
6 65
5 67
1 39
3 70
3 43
2 80
7 32
4 94
1 65
10 92
10 43
2 93
9 58
2 17
3 40
8 95
10 63
9 72
8 5
10 16
4 10
3 92
7 5
6 2
7 34
5 94
8 48
2 57
4 27
1 52
5 6
8 18
2 93
10 3
9 70
4 55
9 21
6 27
2 40
9 94
3 45
10 91
9 69
1 23
2 2
9 71
6 45
1 13
6 85
1 4
7 48
2 53
6 69
1 96
6 47
6 44
6 9
6 44
4 49
7 11
4 20
8 39
2 13
6 58
8 86
3 82
5 60
4 28
4 81
9 12
8 93
1 35
2 30
9 73
2 14
4 21
6 56
8 72
3 46
6 15
3 33
5 34
9 14
7 23
6 90
3 58
9 26
8 71
7 53
8 73
1 66
3 94
1 94
1 69
6 95
1 15
1 64
7 40
7 14
5 66
6 31
3 28
8 61
2 72
7 73
3 29
2 27
3 4
5 7
5 15
