6 38
2 92
1 23
9 48
8 30
10 77
5 90
10 59
10 95
8 12
10 37
5 61
10 42
2 92
8 75
5 59
1 99
5 40
3 57
4 64
6 7
3 1
9 88
10 20
2 2
6 21
6 40
1 76
9 12
5 88
9 89
6 89
2 77
1 34
6 94
5 18
10 91
2 22
7 74
7 36
1 88
6 30
3 49
1 21
7 62
5 98
1 73
1 24
7 76
8 4
8 75
5 69
9 88
5 62
10 44
4 47
1 1
8 21
2 50
7 11
1 100
1 90
9 83
4 12
2 44
1 80
2 39
5 22
8 15
1 19
9 47
2 44
9 9
2 25
7 90
5 20
10 49
7 100
7 72
8 72
6 17
5 44
1 2
3 48
6 25
10 8
8 39
9 32
1 68
3 46
10 38
3 53
4 19
7 60
2 3
2 68
6 99
2 99
7 77
9 24
4 24
6 81
8 54
7 79
4 29
5 72
10 80
2 61
4 97
1 11
9 16
4 62
4 53
6 70
5 87
5 26
9 21
4 42
8 19
8 24
2 82
3 3
7 44
3 77
3 78
10 72
4 4
2 8
10 89
8 95
5 69
7 53
2 12
2 75
8 67
7 84
8 17
1 4
4 96
9 45
2 88
9 42
7 2
3 95
7 54
9 16
8 18
9 35
10 29
9 88
6 40
10 11
6 68
7 65
4 35
2 64
9 53
10 76
8 39
6 62
7 63
9 83
4 22
10 61
4 99
5 98
8 6
10 88
5 45
8 72
1 34
8 83
6 62
7 15
5 46
9 2
2 13
4 98
4 46
9 82
5 12
4 96
6 47
8 48
6 97
7 12
2 55
5 94
8 79
6 48
8 20
4 63
5 96
10 24
6 45
4 88
9 82
1 2
4 90
6 3
10 89
10 13
6 90
2 5
4 40
2 67
1 64
2 73
6 17
2 33
6 32
9 87
3 43
9 44
2 24
6 24
10 71
9 35
9 85
10 87
5 5
10 89
6 70
6 59
10 22
5 17
2 74
2 73
5 61
6 38
9 79
5 24
1 88
3 43
5 43
4 100
2 2
8 9
9 23
7 5
9 4
7 57
6 43
7 24
6 2
2 72
8 3
2 14
8 36
4 15
5 1
4 66
2 59
5 31
3 10
5 41
8 38
2 68
4 52
8 32
10 64
8 11
9 14
7 59
4 94
9 9
6 53
4 99
2 43
5 99
9 43
4 73
5 94
7 77
10 28
2 79
8 92
6 6
7 95
7 19
8 100
6 44
2 71
10 83
4 80
2 25
3 43
3 41
3 67
4 94
9 36
6 91
3 46
7 100
9 23
8 10
4 65
9 48
5 86
4 80
6 84
7 14
10 30
5 91
3 92
5 70
9 87
4 64
8 14
1 15
9 72
3 91
5 80
1 21
5 34
10 52
7 61
10 76
8 66
1 89
2 79
10 34
3 45
6 48
6 100
2 31
10 86
3 19
3 99
10 63
9 28
7 87
7 37
6 61
1 41
1 15
5 34
3 100
7 67
1 65
6 55
5 26
10 68
2 49
9 76
5 15
10 19
2 42
1 49
9 44
2 71
1 71
9 34
4 18
7 93
2 19
9 73
2 29
1 62
5 26
7 32
9 11
4 79
5 13
1 53
9 65
3 99
9 79
5 60
7 38
2 69
6 11
2 92
4 33
5 85
10 86
6 59
2 21
2 61
8 100
8 65
1 8
3 29
2 71
8 26
7 2
4 69
3 85
10 98
8 13
4 96
7 97
6 65
8 8
8 1
4 82
4 57
8 17
10 90
8 13
1 49
3 21
4 5
7 17
8 1
10 1
8 75
5 58
7 62
7 8
4 77
10 56
8 85
6 41
6 85
5 11
1 97
6 71
9 32
7 58
9 94
8 21
9 55
3 46
2 82
6 29
6 79
5 62
5 21
1 79
9 35
5 65
7 53
7 85
1 38
10 13
9 46
8 97
1 75
10 52
5 45
2 52
10 19
1 27
8 28
10 59
9 47
9 100
9 63
7 37
10 28
2 58
5 71
5 37
6 64
10 37
4 46
9 51
2 8
8 72
10 28
9 48
8 77
7 92
4 62
6 45
10 61
5 64
3 46
8 18
10 1
9 17
2 11
9 92
10 26
1 100
8 63
3 61
3 66
8 17
4 5
4 72
9 58
2 48
6 43
7 35
5 27
10 51
2 51
10 26
4 14
3 72
9 62
4 3
4 25
6 6
8 66
8 18
9 66
4 81
2 49
6 52
7 61
4 48
8 45
5 57
6 43
2 4
4 82
6 95
4 99
10 24
10 63
3 31
10 61
4 36
8 74
3 77
2 63
4 92
4 82
3 85
2 18
2 52
2 9
10 90
3 63
9 39
9 45
7 63
4 44
10 65
3 33
3 70
1 34
8 98
3 6
6 91
2 6
8 75
10 12
7 95
7 61
9 22
8 44
2 70
9 18
6 44
2 65
5 91
8 29
10 35
7 1
2 57
6 43
7 78
1 63
5 86
1 70
3 58
4 100
5 37
4 75
7 36
7 83
5 25
10 4
1 35
10 95
8 45
6 34
5 92
9 78
2 11
3 18
3 2
6 13
2 79
8 56
8 74
10 12
1 46
2 24
6 61
7 84
3 85
4 94
3 18
7 96
5 10
6 55
3 67
9 71
7 12
7 65
7 53
4 90
10 60
4 5
3 70
10 16
1 91
5 83
4 80
5 95
8 7
3 55
4 13
2 14
3 76
6 73
6 2
6 30
1 90
1 21
10 74
10 27
8 75
5 42
10 70
2 10
4 19
2 2
5 96
6 50
9 47
1 52
5 25
4 88
8 36
2 39
4 52
7 65
2 87
9 27
7 15
6 88
9 41
5 55
3 43
8 26
9 21
7 70
6 37
4 80
1 67
7 68
2 69
8 1
4 80
1 73
6 95
4 11
3 96
8 74
10 66
9 8
7 35
2 16
9 51
1 26
1 61
10 94
2 21
3 29
1 59
6 24
2 52
5 21
1 74
4 36
10 63
8 82
10 43
9 10
9 15
2 70
2 68
9 81
5 63
5 95
9 31
8 56
1 32
2 39
7 11
4 44
7 12
5 49
2 55
6 19
5 12
6 43
8 50
4 39
4 60
9 88
4 92
9 23
8 56
10 89
6 73
7 6
3 34
3 82
5 14
1 59
9 96
1 7
2 25
7 75
7 100
8 44
1 98
3 22
2 11
10 39
9 85
6 71
6 72
4 11
6 36
8 34
3 76
8 12
10 72
6 62
6 94
9 51
1 89
6 11
3 98
7 77
9 4
9 74
3 23
1 85
10 2
3 73
3 39
7 72
5 95
9 30
4 99
9 89
10 85
4 37
3 77
10 87
7 33
4 96
2 87
6 76
3 90
4 60
5 19
7 81
4 39
6 39
10 58
1 70
4 95
7 45
7 23
8 69
6 48
1 32
10 31
10 15
7 30
7 34
5 4
8 100
9 70
4 99
2 81
8 42
3 82
5 22
2 41
8 46
4 53
3 7
4 8
9 64
7 93
2 75
4 4
9 45
10 26
7 57
5 21
3 9
4 17
6 68
8 71
5 32
1 84
8 88
8 94
7 14
4 94
3 32
1 25
3 28
5 46
2 2
10 57
4 10
4 18
1 100
10 24
6 73
5 82
3 51
1 28
5 28
4 48
10 80
6 35
7 69
9 86
5 48
3 31
2 79
9 81
7 17
5 53
10 59
2 73
4 73
7 31
6 20
9 12
10 43
1 27
10 48
7 90
5 47
2 16
5 90
5 48
6 80
5 85
7 100
4 27
4 21
4 63
7 44
3 51
5 78
5 9
1 29
3 98
10 98
8 55
4 85
7 24
3 76
10 14
6 25
5 55
9 56
2 67
3 62
3 50
2 40
1 65
9 79
1 99
10 13
6 86
9 66
5 30
3 98
9 90
6 58
8 89
1 5
1 52
9 44
4 63
1 38
2 30
9 60
10 99
3 37
6 18
3 38
7 33
6 36
9 77
10 47
1 73
8 72
9 10
6 43
6 96
7 35
6 81
8 2
8 96
1 41
1 62
2 33
8 37
9 57
4 5
6 84
2 55
4 90
1 24
8 91
7 4
8 48
9 2
3 75
7 65
2 37
7 4
4 71
7 2
4 95
6 31
9 21
2 48
3 6
4 51
9 20
5 28
9 20
4 12
7 57
3 98
2 86
3 33
6 68
6 56
1 50
10 58
7 29
2 71
9 88
2 67
10 73
9 6
9 7
8 64
8 85
4 64
1 87
6 16
2 27
7 43
10 34
5 8
1 58
2 11
2 49
7 11
8 72
8 51
8 34
5 13
3 91
2 1
1 41
2 26
10 22
5 76
1 28
6 50
4 31
2 98
4 65
3 64
4 68
10 80
8 60
3 5
2 47
1 11
8 39
6 11
3 56
10 46
8 87
7 32
3 43
4 12
5 15
2 14
10 80
2 40
3 77
9 61
10 89
1 12
6 14
6 22
