2 54
2 60
7 56
2 15
4 68
5 72
2 1
10 17
4 72
5 38
3 3
9 1
10 36
7 66
7 59
3 99
1 87
8 86
7 9
7 8
8 6
5 44
7 81
9 49
8 41
1 20
8 37
2 80
9 46
3 96
1 97
9 27
2 46
7 100
1 77
3 44
3 1
3 62
8 18
7 73
3 40
10 61
2 46
4 23
3 1
4 55
3 27
10 49
10 65
1 36
8 61
10 68
4 99
7 98
3 18
2 34
1 35
6 16
1 15
8 21
1 67
6 65
9 18
9 62
3 10
2 41
4 95
3 32
10 89
4 4
6 93
8 48
9 79
2 19
6 3
2 80
3 87
10 96
5 57
6 42
7 42
9 83
7 35
5 99
10 39
9 1
6 86
3 18
1 56
10 62
9 55
6 32
8 8
1 51
3 29
5 80
3 69
1 30
3 99
10 74
9 13
4 83
8 93
6 81
6 94
10 43
8 78
10 91
10 95
3 83
7 49
1 17
2 39
4 54
8 62
8 57
10 11
7 12
6 95
7 1
10 49
1 55
1 17
6 35
8 5
2 74
8 85
5 76
10 68
2 72
4 9
4 99
8 72
2 11
5 95
9 78
6 25
7 83
10 22
8 52
2 60
1 6
3 90
7 39
3 12
1 87
7 34
9 69
3 2
10 96
6 73
7 71
2 62
9 94
10 12
5 60
1 53
6 1
2 67
2 88
4 70
10 59
1 5
3 55
5 19
7 19
3 6
5 36
7 52
6 40
5 20
1 41
1 28
9 73
8 53
9 71
10 84
8 76
2 21
1 4
5 65
9 33
9 30
3 67
8 86
2 61
4 88
5 43
7 93
7 33
3 23
6 5
4 68
3 62
9 30
7 81
3 98
6 88
8 80
6 10
10 18
9 89
7 4
8 4
8 24
7 49
8 74
9 82
8 36
3 9
5 97
6 74
3 40
2 30
3 84
9 25
8 14
7 52
8 19
10 34
1 88
3 78
9 68
7 14
7 58
7 90
10 85
1 62
8 53
9 98
4 18
9 26
3 19
9 87
2 25
4 81
5 19
3 86
7 20
9 48
1 7
3 51
3 26
4 26
8 38
8 12
6 71
6 71
2 61
8 49
3 7
9 6
9 40
2 7
8 87
7 61
3 64
3 62
4 9
10 89
6 43
3 4
5 15
4 68
6 8
2 78
10 92
9 69
4 14
7 27
8 95
8 72
3 15
8 42
9 65
7 29
3 48
8 11
7 96
4 42
10 92
3 10
1 48
6 54
8 34
2 8
5 24
4 78
10 45
9 83
5 7
1 32
8 20
4 47
2 81
9 65
7 53
7 9
1 12
5 32
8 33
5 89
5 85
8 27
3 21
4 13
4 74
5 22
1 85
8 82
10 55
9 97
2 67
3 75
4 68
9 76
10 85
10 79
8 2
3 90
7 1
9 41
1 91
2 72
4 74
6 7
3 100
10 45
1 6
10 81
2 6
2 18
5 83
8 28
2 80
9 44
5 44
3 9
2 49
10 90
8 26
4 66
9 64
8 70
7 97
4 33
1 1
4 37
5 11
1 82
9 86
2 89
4 45
9 63
1 40
6 4
10 87
4 51
6 49
1 16
8 50
4 25
1 82
10 62
1 73
2 83
5 56
5 76
9 38
9 82
4 97
3 41
8 39
3 78
3 14
3 2
5 63
4 44
4 3
1 40
1 92
4 77
1 35
1 79
3 37
1 82
1 23
5 42
2 47
2 88
2 72
5 77
10 98
2 78
8 11
9 76
10 46
6 39
7 15
4 15
3 24
2 31
6 51
3 42
9 79
1 51
4 21
6 20
6 97
5 87
7 71
5 98
6 86
1 2
6 30
9 23
6 25
2 21
1 24
5 46
6 83
4 61
7 65
2 81
2 1
3 4
5 86
6 22
2 27
2 40
8 39
8 77
1 61
1 25
5 70
9 30
8 55
4 93
4 3
1 49
5 22
5 63
3 9
4 47
5 95
5 22
10 63
6 65
6 64
4 42
2 90
1 10
5 51
3 27
5 83
5 23
8 20
7 62
2 79
2 74
2 28
2 65
6 64
8 53
2 42
5 27
1 79
5 73
6 99
7 7
3 9
2 5
10 67
3 52
10 80
6 82
4 19
6 44
1 29
6 7
3 31
8 86
8 85
3 100
1 43
2 58
5 11
8 28
2 27
6 29
2 57
2 72
10 64
6 75
8 99
2 59
6 38
9 23
5 41
6 54
5 2
8 30
9 70
4 91
3 75
5 1
6 5
2 44
1 47
8 86
1 45
3 39
7 65
2 60
9 19
5 72
6 2
1 61
6 24
4 59
2 85
6 37
3 73
2 65
10 48
10 17
10 88
6 69
3 26
7 30
10 26
7 62
7 17
3 18
1 52
9 12
2 44
1 15
7 32
2 92
8 67
4 17
1 71
4 5
9 55
5 62
9 66
8 47
10 100
2 1
4 95
10 30
2 31
3 53
1 14
1 73
4 76
1 44
2 90
7 84
2 54
10 59
9 3
2 88
3 64
6 66
3 28
3 52
2 7
8 2
5 64
8 4
5 58
8 52
1 46
1 58
2 60
2 21
6 18
5 37
7 39
7 89
6 35
1 99
7 84
7 74
3 9
3 20
7 83
5 40
6 70
9 43
1 38
4 88
2 83
8 57
9 54
5 19
3 13
3 2
1 59
6 97
9 46
4 29
1 61
4 16
1 87
10 98
6 70
6 56
5 37
6 1
2 89
7 86
1 14
7 42
9 94
1 55
9 98
7 61
5 26
10 64
4 68
2 24
6 69
4 97
3 52
6 93
7 79
1 8
1 64
3 15
9 2
5 37
1 25
10 66
1 48
8 69
10 49
1 97
1 99
5 48
2 77
4 56
2 70
5 24
7 85
8 84
2 82
1 33
9 24
1 48
4 48
4 57
10 87
7 64
5 67
8 23
4 15
4 67
3 57
10 50
4 29
3 22
4 96
5 49
7 15
9 29
10 18
10 86
4 57
8 18
7 23
10 72
4 18
10 94
7 27
7 66
7 75
2 37
5 63
7 44
9 28
10 35
7 90
6 7
1 64
6 50
4 74
4 22
9 71
4 4
7 42
2 1
10 27
7 96
6 38
8 10
2 21
1 10
6 88
9 64
7 83
6 17
7 3
10 81
7 1
2 70
8 68
5 61
4 86
5 64
4 11
10 7
8 6
7 48
8 44
4 33
5 23
4 55
2 28
2 94
1 25
5 40
8 50
5 24
3 23
5 53
10 80
9 8
8 38
4 26
2 74
3 26
5 50
3 32
8 39
10 27
6 2
3 49
6 25
2 41
3 63
1 90
3 54
8 75
4 33
5 87
3 13
10 68
8 59
4 11
5 29
6 14
6 41
5 10
4 43
4 32
2 33
6 88
2 86
6 22
10 96
1 45
2 95
2 49
4 39
3 61
2 66
9 18
6 28
10 75
5 65
6 81
6 17
5 35
6 70
1 40
3 2
8 17
10 10
9 27
9 36
5 13
9 50
3 47
4 30
6 87
5 75
3 73
1 76
4 42
9 23
1 13
1 79
2 11
6 40
3 49
5 74
7 72
7 5
10 5
10 24
4 75
5 72
9 30
3 69
9 6
1 45
7 5
6 16
10 38
7 39
8 63
10 44
1 18
9 15
3 92
1 21
9 39
6 62
6 42
10 97
9 31
5 47
5 76
10 16
9 43
1 32
10 25
6 42
3 18
8 52
3 76
1 46
9 14
1 44
9 52
2 95
7 8
6 59
9 75
4 100
3 53
3 11
9 8
7 1
4 33
1 35
10 26
7 29
10 33
9 45
6 8
7 47
9 74
7 16
8 8
5 99
8 94
7 88
9 34
1 8
9 67
9 26
8 13
1 81
9 83
9 39
2 70
5 50
8 8
10 65
5 45
3 26
7 68
6 63
6 53
8 99
2 28
5 20
10 29
3 3
4 33
10 76
3 86
4 91
3 4
10 56
2 85
8 8
9 15
4 48
8 96
3 67
1 31
2 80
10 10
5 14
4 11
1 93
3 93
8 39
2 11
8 43
5 68
4 93
7 28
10 39
1 11
2 48
1 52
7 87
2 88
4 71
10 33
3 26
7 89
5 97
7 68
1 35
3 51
7 66
7 95
3 55
3 42
10 24
5 33
5 13
3 47
4 5
4 38
9 11
6 28
6 57
3 65
9 4
2 72
8 30
5 48
6 34
7 33
9 14
10 76
1 94
2 8
8 100
7 51
2 88
2 85
7 76
9 59
8 22
7 29
10 18
8 50
10 74
7 65
6 71
6 57
3 26
7 53
10 89
9 51
10 45
5 84
9 97
5 5
7 77
2 96
1 1
1 25
2 52
3 36
3 57
1 26
8 73
4 44
4 79
1 11
10 2
6 17
5 1
8 49
9 25
3 71
4 27
4 31
3 33
6 68
3 99
8 45
8 35
10 40
10 27
8 31
10 51
9 61
9 55
1 80
