2 34
7 98
3 10
4 51
10 1
3 62
8 38
5 69
6 94
10 98
9 46
7 55
6 46
2 29
8 91
8 68
4 34
8 10
10 51
7 1
4 1
3 7
9 11
10 37
10 44
3 4
9 8
4 52
9 32
2 62
4 37
4 26
4 60
10 46
5 41
5 83
7 2
10 50
1 19
7 38
2 80
7 12
4 86
7 20
7 96
3 60
5 51
6 31
5 14
1 76
2 76
3 41
8 14
8 7
6 96
1 63
10 96
10 76
10 52
1 4
1 46
9 90
9 21
6 46
4 90
4 15
3 37
2 30
6 2
1 74
4 65
3 14
7 30
9 83
9 5
2 19
7 2
8 12
2 4
9 48
10 62
6 91
2 27
4 83
8 91
2 88
4 3
1 49
3 8
3 93
5 41
8 47
5 12
4 30
3 60
4 13
10 28
8 44
7 75
5 91
1 67
1 15
6 4
3 100
2 39
8 27
10 5
4 85
10 83
3 40
10 39
3 76
4 25
1 67
4 71
6 87
10 27
2 77
7 24
6 44
5 8
4 47
2 20
3 32
2 21
8 42
8 76
2 62
1 45
8 38
1 86
2 79
6 79
4 21
3 94
7 49
4 21
8 23
4 83
1 14
5 76
7 25
1 20
6 47
3 76
3 95
9 62
1 46
9 19
9 27
9 90
4 3
1 7
6 41
9 81
8 72
10 33
2 23
2 17
1 42
3 6
2 89
4 83
4 90
10 22
7 83
1 84
2 49
9 9
8 87
7 10
9 65
10 37
6 86
5 94
8 44
5 31
3 100
3 41
4 28
1 18
7 42
8 69
2 88
5 41
9 72
5 35
9 91
2 34
2 45
3 32
10 81
10 39
6 64
6 97
3 23
5 14
8 22
3 85
2 27
10 82
2 48
4 39
2 35
7 77
4 100
3 50
3 96
10 41
7 65
10 15
9 33
2 53
3 65
10 11
10 11
3 76
7 4
6 7
5 20
9 22
2 11
9 17
2 2
6 87
6 55
9 26
1 87
9 45
9 30
3 11
7 4
6 86
6 82
4 70
1 39
2 89
2 43
7 40
9 71
4 27
4 63
10 26
8 68
7 52
10 89
10 66
4 77
6 1
10 28
10 68
4 4
7 49
9 78
5 15
5 18
7 47
3 48
6 99
8 41
1 3
4 74
9 11
9 76
7 86
5 69
8 26
4 6
10 72
6 30
1 15
9 52
2 5
3 42
3 62
2 38
6 86
1 5
2 6
8 82
8 31
2 57
10 7
8 94
7 88
3 30
3 87
5 13
2 50
2 85
9 7
1 66
5 89
5 79
1 44
2 46
4 65
1 12
8 56
7 84
5 11
2 42
9 32
9 8
2 90
7 93
4 1
9 38
9 32
1 98
1 81
4 86
3 64
4 66
10 100
1 19
6 47
8 26
2 97
6 10
1 73
5 70
8 84
8 98
9 3
1 48
3 27
7 78
10 100
2 64
6 71
7 12
5 90
6 79
3 6
7 34
6 95
4 61
5 81
9 13
2 78
7 16
9 44
7 44
1 9
1 8
2 42
2 47
4 98
2 3
6 44
8 90
6 52
1 49
3 59
1 12
3 92
6 66
2 52
6 6
2 39
10 16
4 28
8 3
9 48
2 64
8 38
6 7
6 20
10 30
2 90
6 87
7 59
5 95
7 98
1 1
6 25
8 27
8 50
3 45
9 80
4 89
3 81
6 80
8 2
5 40
2 71
7 85
2 17
6 53
2 42
1 8
6 93
3 53
10 91
4 37
2 10
7 30
2 56
8 51
5 16
9 15
4 1
1 87
3 100
9 46
4 89
5 88
5 17
3 2
7 20
8 58
2 98
8 39
1 68
4 45
1 72
3 95
7 49
2 53
8 18
2 40
7 46
1 93
8 43
6 23
7 40
1 13
4 23
1 92
1 3
1 9
7 47
5 20
3 38
6 6
2 16
4 61
1 78
9 58
6 1
7 38
9 47
1 90
5 55
10 78
10 64
4 93
5 34
7 51
3 37
8 47
7 54
8 96
10 84
10 4
8 64
9 53
1 10
9 84
7 8
8 55
10 12
3 38
2 39
10 7
5 88
5 100
4 36
8 77
3 68
10 98
9 24
6 31
10 64
10 64
4 72
7 49
3 13
4 55
8 11
8 68
7 10
7 32
7 98
7 77
10 47
6 26
2 49
2 8
6 17
3 74
5 25
1 71
7 19
2 62
6 14
9 78
6 36
4 68
7 72
3 94
6 36
1 82
8 63
5 32
8 86
2 81
6 40
9 89
8 5
8 64
6 92
10 45
10 25
7 15
6 58
10 34
1 28
9 62
4 6
8 80
1 82
9 78
5 2
8 67
6 7
1 36
1 56
6 18
10 58
9 38
3 23
5 32
4 46
3 28
2 10
4 42
3 78
9 48
1 29
4 50
1 90
3 51
10 32
3 55
4 53
7 53
1 81
4 32
7 98
1 69
3 14
9 56
4 77
7 68
8 14
3 20
1 49
4 21
10 31
1 98
4 81
7 60
5 70
6 62
7 5
6 8
7 96
10 96
4 16
6 62
3 53
6 99
6 56
6 9
10 56
9 66
8 71
7 94
4 63
7 86
4 62
4 63
7 38
5 4
3 70
4 74
4 97
6 26
6 72
1 28
9 68
1 51
4 98
2 20
10 1
7 85
2 46
4 39
1 57
8 40
9 79
7 19
8 56
7 21
10 81
9 54
2 64
3 53
4 99
5 53
3 78
1 53
9 100
5 20
2 70
8 10
6 48
2 46
9 57
9 84
4 89
9 18
9 62
8 52
10 57
4 11
4 79
9 56
2 12
3 21
5 31
1 83
7 48
2 18
2 59
1 80
7 75
3 21
9 19
3 13
1 28
6 35
3 96
8 41
9 59
3 11
7 57
10 24
9 48
5 16
6 87
1 99
9 20
6 71
10 31
4 55
1 93
4 20
10 49
9 20
3 64
9 37
5 48
7 52
6 59
3 96
10 10
9 11
3 58
3 99
1 82
9 77
3 35
3 88
8 53
8 81
10 16
7 80
2 72
10 38
5 89
3 94
9 26
10 43
3 52
4 54
10 32
7 5
9 99
2 28
7 30
1 65
9 42
2 36
1 100
8 21
9 31
6 61
6 64
1 50
2 39
9 4
6 72
10 58
4 28
8 35
4 99
8 62
10 94
9 57
9 26
4 6
8 88
10 97
8 88
2 71
5 50
7 76
3 52
3 65
6 34
6 62
1 39
10 86
9 45
9 50
5 9
8 34
1 1
4 40
4 58
7 51
2 54
7 79
10 71
10 56
4 42
9 69
7 28
2 68
10 3
10 100
10 48
6 38
6 13
7 76
7 46
6 19
9 26
9 25
9 8
9 25
5 15
1 79
8 72
8 16
9 66
6 38
7 25
3 68
9 20
7 6
3 64
4 92
8 78
2 1
9 8
1 3
9 6
4 1
5 100
10 98
6 68
3 37
10 82
5 2
8 23
8 57
7 43
2 97
7 31
1 96
3 92
1 73
9 50
8 43
5 84
9 54
5 1
1 5
10 60
7 23
9 13
3 86
7 33
10 62
8 88
6 14
8 2
3 54
8 67
8 37
9 64
5 25
4 72
4 49
3 87
3 91
6 3
7 61
8 40
2 95
5 2
1 58
1 7
1 83
2 6
5 26
6 60
6 37
3 57
1 54
8 67
9 71
7 100
4 65
2 86
7 48
9 92
3 89
5 11
4 21
9 74
4 46
1 92
1 88
9 81
10 12
1 16
6 53
6 68
5 59
4 65
7 65
9 18
3 54
1 94
8 37
3 72
6 19
5 72
1 81
3 83
6 26
9 2
7 3
3 84
1 27
4 70
2 51
5 29
1 99
10 47
5 21
10 35
6 7
6 23
4 84
1 72
8 65
10 37
4 27
2 83
8 16
1 21
2 52
8 36
2 93
3 32
6 63
1 39
5 6
10 7
2 22
8 58
4 89
6 72
5 71
9 98
6 71
3 34
7 90
4 16
7 47
8 56
4 90
1 81
10 66
8 82
2 25
2 40
9 34
8 33
7 2
4 88
6 24
5 77
9 48
10 16
10 27
8 46
1 74
6 53
1 44
10 18
8 55
2 48
5 51
6 70
10 57
1 13
9 94
2 58
7 38
2 69
1 22
7 8
3 56
5 33
5 43
2 97
7 58
2 46
4 20
4 53
8 78
8 42
1 22
7 89
3 97
9 29
5 68
6 76
3 26
7 63
7 17
7 20
8 80
3 10
6 66
1 12
4 23
8 63
8 16
3 89
9 67
1 39
9 100
7 99
5 30
8 99
7 23
9 39
8 4
5 45
3 45
6 36
5 98
7 26
7 11
5 16
9 70
4 12
1 30
7 17
5 35
3 44
5 93
3 62
2 70
6 83
9 77
7 25
1 25
2 29
1 96
2 76
2 97
2 94
4 12
4 70
3 57
10 66
2 90
8 17
5 47
10 62
9 65
