1 97
10 22
10 75
4 79
2 82
5 21
7 27
10 48
5 54
2 24
8 17
6 82
6 78
6 8
1 4
8 29
5 14
2 6
9 70
10 14
3 2
7 73
9 26
7 70
5 82
2 7
7 53
7 82
2 71
5 50
2 71
2 78
10 66
1 50
4 13
4 28
6 89
3 42
9 66
9 64
3 33
2 32
6 59
1 74
4 40
6 94
5 45
6 73
2 22
8 97
7 3
3 4
4 34
4 64
6 91
1 64
5 88
10 31
1 76
5 71
1 46
1 65
1 62
10 68
4 68
2 100
8 14
7 82
6 70
9 42
5 60
5 64
9 94
8 47
1 2
5 88
1 52
4 35
9 81
10 77
3 76
1 47
10 25
10 30
10 72
6 96
9 67
9 55
5 80
8 65
8 6
1 37
7 75
2 84
2 84
7 35
7 57
10 37
2 55
7 53
7 56
8 12
4 91
8 97
3 5
3 33
5 80
10 42
7 86
4 11
3 17
1 14
6 47
7 67
1 61
10 37
5 7
3 8
10 11
2 22
9 41
10 26
3 55
3 59
2 57
7 9
6 26
2 27
6 35
10 17
7 76
10 32
8 80
9 52
4 80
5 47
6 69
8 57
9 81
2 8
10 13
7 1
2 61
6 68
4 80
7 50
9 62
3 69
1 68
10 70
5 23
10 94
10 37
10 22
8 49
1 57
3 13
6 24
7 39
2 95
6 62
10 63
9 100
9 32
10 13
2 20
6 66
2 5
6 79
10 100
1 38
3 79
3 62
2 18
2 40
9 7
9 58
5 87
8 14
1 37
8 98
1 26
6 50
7 15
4 33
7 44
3 58
5 97
8 27
9 55
1 36
9 96
1 43
6 8
4 52
8 25
7 29
8 38
9 87
9 72
1 27
1 49
6 99
1 11
4 97
7 22
3 67
9 62
5 86
9 27
10 10
10 98
3 94
10 77
7 97
5 64
3 68
3 93
4 50
1 61
3 47
9 3
9 37
1 97
7 46
10 47
7 99
5 2
8 25
8 74
1 64
3 51
4 84
6 37
2 55
7 19
1 45
7 20
8 82
7 25
5 36
6 30
10 5
4 48
2 63
10 39
9 11
9 90
6 40
8 100
6 46
4 26
10 60
8 47
9 42
8 15
7 75
7 57
2 42
5 44
7 4
8 25
10 68
1 71
10 99
2 100
4 71
5 40
4 7
1 9
1 88
2 2
1 7
2 100
8 12
7 62
7 31
8 16
2 53
9 56
3 90
8 10
9 86
8 3
9 14
8 97
3 94
4 86
5 13
4 78
7 93
10 54
9 72
5 19
4 84
8 12
2 96
1 46
5 47
5 2
9 10
6 8
8 26
10 79
1 88
5 52
2 26
4 68
3 19
4 23
6 59
5 3
10 41
4 43
5 14
2 97
2 74
6 18
7 93
6 81
9 17
1 41
10 68
8 57
8 46
4 19
7 87
5 42
7 34
8 90
8 70
6 64
3 87
4 62
7 76
3 60
1 47
3 82
7 97
9 28
4 94
9 85
2 53
7 71
9 82
10 94
1 77
4 75
4 64
8 61
7 29
8 61
7 82
2 47
1 58
7 53
10 21
9 14
10 99
3 28
10 5
8 48
7 5
6 15
4 58
7 3
9 9
1 58
8 67
5 12
9 18
4 60
2 6
2 89
9 10
1 31
9 44
4 76
3 24
2 38
9 40
7 15
4 56
10 53
4 73
2 56
3 95
3 85
5 62
6 36
1 81
10 46
7 59
2 93
4 24
7 86
10 38
1 38
6 25
10 1
2 8
1 71
7 48
10 4
2 16
3 60
1 58
6 36
8 61
7 92
5 34
4 22
5 73
6 60
4 14
7 42
2 53
9 83
3 96
9 82
7 92
4 76
4 60
3 65
5 6
1 77
7 58
1 70
8 88
8 28
4 70
6 5
5 80
1 22
6 9
5 90
3 11
8 30
2 18
6 26
8 6
3 48
5 96
10 3
3 84
6 39
5 36
6 64
5 44
9 41
4 1
3 48
3 52
9 87
7 6
1 33
9 50
1 12
10 64
7 59
10 44
2 49
10 42
6 93
7 17
3 71
1 74
5 96
1 8
5 86
2 22
6 56
1 98
10 9
9 57
9 52
5 60
5 49
8 22
10 26
10 31
1 85
8 90
3 18
3 26
7 57
6 80
6 78
10 97
3 61
3 1
3 44
2 57
4 48
8 45
2 5
10 75
5 15
10 10
4 6
5 91
4 33
6 86
2 27
3 51
2 30
10 23
9 81
1 66
3 77
3 92
10 77
1 45
9 84
4 6
3 85
3 22
1 5
6 33
1 35
8 60
4 53
7 66
3 30
2 88
6 30
10 69
8 51
3 92
2 29
3 82
3 5
10 35
10 2
5 89
2 30
5 97
3 41
10 31
10 80
9 70
4 17
4 21
3 45
4 44
9 50
6 38
1 24
1 15
5 72
7 82
4 9
8 10
6 47
10 51
7 1
10 64
4 94
8 63
7 68
4 50
10 86
6 69
2 89
4 85
5 34
4 92
4 14
3 34
1 51
9 92
10 63
2 47
4 82
7 21
7 41
3 69
9 30
6 73
2 100
8 61
9 85
9 38
1 27
5 37
6 16
4 99
1 12
9 18
1 85
4 42
7 15
3 17
3 70
1 41
7 49
9 88
3 77
8 30
2 51
10 56
3 59
8 16
8 50
6 26
6 3
2 62
9 18
10 59
1 9
5 52
5 65
2 14
1 37
3 99
4 94
5 82
1 92
6 39
4 88
1 10
7 59
10 40
2 10
7 30
8 72
5 55
4 54
3 97
4 34
9 52
3 72
4 75
9 30
1 96
6 86
1 14
6 10
6 9
10 51
7 71
6 31
1 3
2 34
7 7
5 16
1 58
6 94
5 32
10 74
2 18
10 81
4 31
4 11
7 34
8 42
2 9
9 29
10 14
7 60
2 44
4 42
2 50
3 66
4 88
9 39
8 99
4 39
8 16
4 95
9 85
7 70
3 17
4 67
2 9
2 64
2 59
2 9
1 18
10 34
8 20
10 43
10 58
5 50
9 70
6 18
10 27
1 30
6 29
6 37
6 16
5 66
1 56
4 93
9 59
10 89
7 67
2 64
3 22
7 52
1 44
4 92
3 72
6 8
7 72
1 70
8 79
8 7
1 20
6 9
7 25
7 23
8 38
9 54
8 12
2 39
10 31
1 88
10 44
10 67
9 91
4 79
8 10
4 49
6 50
7 30
9 24
2 36
10 52
10 2
4 29
10 10
2 6
4 51
3 7
2 24
4 85
1 71
9 88
1 58
4 51
3 52
6 68
10 88
3 73
10 72
3 55
9 38
3 69
6 20
5 49
3 57
9 31
6 52
7 11
5 97
7 86
8 2
4 72
10 24
3 6
3 100
2 55
5 77
3 33
9 36
5 53
1 68
2 95
7 47
6 65
10 86
3 51
6 33
4 70
7 27
6 46
10 29
3 49
4 25
10 49
9 99
4 53
8 71
9 60
8 71
7 76
2 61
10 83
5 40
6 1
2 92
2 5
1 36
1 77
10 28
8 5
6 36
5 19
4 76
4 35
9 6
1 70
3 10
2 9
3 81
7 24
7 93
3 8
5 52
4 74
7 60
5 46
10 64
7 9
2 18
9 51
4 29
4 60
6 73
5 38
3 25
1 24
8 10
7 3
5 27
1 6
7 60
1 3
1 39
7 17
1 13
8 21
5 63
8 98
3 43
7 61
4 99
9 62
7 89
6 72
2 86
7 68
6 60
6 25
8 80
5 56
3 74
7 56
10 14
2 96
6 27
7 74
4 93
3 40
2 43
10 42
5 36
3 19
5 9
5 99
7 60
1 38
10 91
3 20
2 67
10 34
10 9
7 6
3 48
10 3
1 13
6 74
8 47
5 61
2 1
8 26
3 87
8 27
7 82
8 10
7 53
6 96
7 5
4 93
2 80
5 3
2 6
3 6
1 4
5 28
9 26
6 37
3 40
8 99
1 98
7 21
8 50
9 82
5 55
7 45
8 36
3 56
2 29
9 78
10 22
8 73
9 23
2 64
9 40
1 70
2 51
4 34
6 55
1 88
1 87
10 32
8 49
1 9
5 84
7 100
4 34
3 88
1 80
4 56
9 3
10 40
6 69
3 32
1 7
3 97
8 38
2 74
6 62
2 48
5 47
3 22
9 44
2 49
7 17
6 92
8 92
7 36
5 32
7 55
7 67
9 51
10 19
6 50
4 16
3 56
5 68
6 28
6 95
5 44
1 50
8 89
9 80
3 44
10 61
4 72
7 51
5 36
7 70
6 96
7 35
6 40
5 9
2 89
7 21
9 37
7 44
5 70
2 51
9 22
10 42
7 86
10 62
10 37
2 79
4 57
2 46
9 37
5 4
6 94
7 87
3 64
4 97
10 11
4 48
2 12
1 93
5 34
8 2
10 67
6 26
10 40
1 38
5 36
1 95
