4 29
8 15
5 28
5 49
10 23
3 83
4 75
3 79
8 8
7 78
7 96
9 58
5 21
9 84
2 50
6 3
9 2
9 63
7 20
10 36
5 63
8 91
2 34
5 35
1 60
7 80
2 64
2 14
4 23
5 57
4 59
7 74
1 51
3 33
8 12
6 89
9 77
10 50
5 66
5 38
5 52
5 8
1 73
1 37
5 6
4 13
9 19
3 54
4 46
3 63
10 80
8 76
3 9
6 90
1 83
5 40
7 62
1 13
4 84
6 12
7 40
3 6
7 41
5 18
5 49
1 84
9 63
9 53
5 87
6 58
10 88
8 28
2 12
5 79
3 84
8 87
3 50
3 25
4 78
5 39
10 97
3 32
3 9
6 99
6 94
7 78
10 21
1 14
6 4
6 58
8 1
2 94
6 73
3 59
4 17
9 56
4 27
10 92
10 63
7 3
10 28
6 14
7 19
10 12
1 67
8 59
7 68
4 68
9 75
8 95
10 50
10 71
2 17
8 98
8 44
8 88
4 79
1 59
4 5
3 28
6 17
7 100
9 33
10 22
7 41
7 97
6 98
5 33
3 12
4 44
2 65
4 27
3 61
4 43
7 44
9 90
4 30
4 39
8 31
2 79
2 2
5 93
7 60
4 21
1 12
3 84
5 97
4 64
8 44
7 64
5 38
2 84
2 38
10 3
7 58
2 60
9 56
3 87
8 37
2 45
10 5
6 100
7 24
8 3
6 57
7 49
9 62
7 84
2 65
1 92
10 94
8 21
8 26
9 99
9 64
4 46
1 10
10 7
5 83
10 71
10 92
10 98
1 10
5 30
1 11
7 46
9 100
5 54
4 23
4 14
7 9
10 39
3 57
10 22
9 9
4 100
3 9
2 35
3 86
2 72
10 16
10 81
7 28
2 38
5 9
2 67
3 17
6 17
8 25
5 83
6 55
4 76
6 4
9 40
5 34
9 32
6 7
1 82
10 85
6 9
6 78
9 29
9 84
7 32
10 41
2 67
6 16
6 89
6 89
3 93
8 27
6 98
1 10
9 59
5 15
1 5
6 24
6 94
5 16
6 64
8 7
4 11
6 44
7 84
1 16
6 11
3 1
10 47
10 55
6 90
5 98
1 60
8 5
3 54
7 35
3 76
9 53
5 90
8 96
8 56
2 29
1 5
5 79
8 31
3 19
2 46
10 59
6 7
7 46
7 19
7 1
4 21
8 72
2 44
4 31
7 14
3 39
8 3
5 5
10 90
9 70
2 11
2 66
5 77
8 55
1 2
2 85
8 2
5 16
7 5
4 98
4 82
1 56
1 1
5 63
8 95
3 24
6 41
9 90
5 83
4 100
1 68
3 23
6 12
7 41
4 41
10 60
7 39
2 22
9 71
9 10
7 67
8 69
8 20
3 83
7 5
8 33
3 12
2 44
9 19
4 47
4 73
10 21
4 58
9 98
6 29
7 42
10 10
7 53
6 45
10 26
4 98
7 37
5 66
1 63
1 70
10 34
6 31
10 78
3 83
8 32
6 96
2 10
3 71
4 84
6 51
2 26
5 91
4 2
10 98
2 20
8 66
4 86
2 33
4 34
3 57
4 97
1 99
3 46
1 91
4 82
10 38
5 63
5 4
10 7
1 24
10 36
3 79
2 86
8 82
10 30
9 37
9 15
1 41
10 18
1 49
7 78
5 30
1 58
1 4
4 83
6 1
9 39
7 52
2 100
7 10
4 97
9 95
4 78
8 24
4 56
1 66
6 34
3 23
5 66
7 32
1 47
3 19
7 27
5 38
5 30
3 29
7 68
5 86
10 32
2 40
3 97
5 54
10 4
4 73
9 8
4 36
9 40
2 8
1 27
5 81
10 74
6 32
5 9
8 75
4 100
6 43
9 7
8 5
4 58
10 85
8 75
5 91
7 100
6 3
9 16
9 24
4 66
7 37
3 27
1 94
9 94
5 30
10 81
7 6
8 98
10 69
8 7
2 98
5 4
2 48
8 60
6 56
2 91
7 6
7 15
5 10
8 97
2 26
9 96
2 58
7 13
1 11
10 73
9 20
9 68
10 59
10 55
8 69
1 77
4 42
4 8
2 12
4 91
6 18
4 19
9 8
8 39
3 18
10 93
7 43
8 32
10 68
9 23
8 46
10 60
4 9
10 11
10 63
5 98
4 26
8 2
1 57
10 16
9 14
4 77
1 20
2 100
5 84
3 98
1 60
7 32
4 87
4 78
4 81
8 83
10 94
3 38
3 37
6 88
9 11
9 63
10 90
1 11
8 62
10 76
3 95
9 57
2 93
7 80
7 27
9 2
7 74
9 39
4 79
9 42
9 38
3 19
4 87
6 27
5 25
10 68
5 98
2 71
6 49
3 22
9 68
5 15
1 2
1 51
6 84
5 24
10 93
1 68
3 24
6 34
10 23
3 38
5 30
3 37
8 1
2 87
2 2
10 14
8 87
3 32
1 84
6 9
8 6
3 62
4 57
4 26
3 88
7 11
4 50
2 25
10 91
6 80
5 2
5 35
7 52
4 46
7 15
8 96
8 8
3 26
6 33
9 37
3 38
5 39
2 40
8 45
5 89
7 72
7 92
8 54
4 45
6 96
4 88
7 3
10 39
9 19
7 69
2 24
3 38
7 76
8 97
1 35
8 19
7 15
9 19
4 19
8 50
3 18
10 43
2 88
4 43
7 46
3 100
4 91
3 81
6 20
3 52
4 1
6 31
6 74
9 8
1 57
4 19
3 5
10 82
10 76
9 96
10 30
9 35
5 94
5 42
8 55
3 23
5 52
4 2
9 72
1 82
10 26
9 40
7 40
8 63
10 51
6 47
2 79
4 54
6 69
8 65
1 59
5 3
3 96
4 57
3 10
6 98
6 20
2 86
3 76
9 86
5 61
3 11
10 62
6 81
3 80
2 98
4 35
5 8
9 21
10 15
2 87
7 56
6 100
10 15
6 64
2 93
6 90
2 99
2 42
8 91
1 23
1 73
3 60
9 21
4 95
9 75
9 11
4 15
5 19
10 25
3 20
3 86
7 86
2 93
8 60
7 89
10 66
1 38
5 12
4 66
9 6
1 72
7 55
5 93
4 47
7 71
8 61
8 37
9 65
7 53
9 15
3 94
7 4
4 82
3 83
1 81
9 5
4 55
2 34
6 75
2 25
2 45
2 6
2 12
1 10
10 17
3 19
6 63
10 31
2 48
9 72
9 12
7 98
7 1
1 16
3 40
4 5
10 55
8 63
6 13
6 11
10 86
5 33
7 88
4 29
5 11
3 19
6 12
1 55
6 59
8 70
2 54
3 11
5 74
10 29
8 4
10 78
4 77
2 72
1 44
9 39
2 85
5 73
2 8
2 34
5 55
7 8
8 93
9 2
5 88
6 16
7 19
7 65
4 61
10 57
2 84
10 82
4 86
1 49
3 25
4 49
6 3
6 77
6 19
8 36
3 59
8 55
4 67
4 14
6 2
4 75
1 4
2 24
8 80
9 7
9 75
4 5
9 54
5 21
2 82
5 8
5 42
2 2
5 47
7 2
4 44
5 90
1 99
4 86
5 96
7 88
10 2
3 58
8 20
6 17
2 43
2 25
3 69
1 57
10 53
2 13
8 3
9 15
4 38
5 96
10 71
4 8
9 1
6 56
1 26
9 20
10 5
1 4
4 80
4 61
8 82
9 99
9 55
4 25
10 85
6 42
7 44
7 21
4 84
1 99
3 86
6 18
8 73
2 74
6 76
7 46
10 50
8 4
5 97
2 37
6 27
8 59
8 39
6 77
4 77
7 83
9 18
1 80
2 79
4 69
1 67
7 95
10 80
4 88
1 11
7 38
7 21
4 29
2 24
8 16
4 50
9 64
2 16
4 33
9 14
3 62
2 91
3 28
1 33
9 66
7 27
2 68
5 15
3 94
6 19
4 33
10 43
8 46
7 74
7 42
2 51
9 69
4 31
7 62
10 92
7 36
1 92
2 8
9 16
1 60
10 45
2 48
3 26
7 8
1 11
4 22
7 18
3 38
1 7
4 44
9 34
9 24
4 22
1 17
4 29
5 93
4 40
5 50
3 41
3 40
10 12
5 57
6 86
6 73
9 99
6 2
8 71
2 44
1 62
10 84
4 26
9 11
1 42
7 26
10 84
1 12
3 83
9 92
10 96
1 41
9 63
1 25
10 67
4 26
2 94
10 76
9 98
10 72
3 42
8 33
2 29
2 81
10 22
2 27
8 87
3 12
10 32
3 64
6 25
2 43
9 4
5 34
4 86
6 1
4 64
2 94
9 82
9 51
9 23
5 100
3 93
3 21
2 28
5 52
10 62
4 76
3 7
10 93
8 50
6 78
7 68
9 93
1 71
7 70
5 84
8 69
5 12
8 75
1 41
3 52
7 41
4 11
2 35
9 33
7 49
10 95
1 14
4 87
3 82
7 18
4 96
2 22
2 4
5 35
6 66
2 24
10 31
