4 60
6 14
4 41
9 87
4 38
8 17
1 3
6 90
6 69
10 22
7 43
2 6
3 98
3 65
7 27
8 90
9 13
9 4
3 1
5 86
6 71
3 88
10 50
7 18
8 43
9 60
5 66
2 71
2 51
10 35
7 73
10 50
4 62
6 8
9 26
5 49
3 80
4 97
9 59
7 59
1 75
3 6
10 70
6 89
10 46
9 29
6 83
6 40
8 81
7 1
6 56
4 63
6 45
6 13
10 43
5 56
1 11
1 92
2 40
1 20
8 98
7 11
9 58
7 2
6 83
2 100
6 76
2 13
2 38
2 75
6 70
9 3
1 52
8 48
4 74
1 58
2 4
2 81
6 5
9 90
5 92
8 3
9 89
1 23
6 59
8 66
8 46
7 85
7 82
6 23
5 44
3 89
5 69
4 52
7 16
10 8
6 84
3 48
7 68
6 49
5 80
5 20
6 97
8 37
10 20
1 46
3 13
4 53
1 23
10 6
6 28
2 73
2 34
6 69
4 100
8 42
1 64
9 28
7 71
7 5
9 72
4 44
7 85
8 92
7 11
2 49
8 48
7 5
2 76
9 92
6 94
3 6
2 69
10 87
10 87
6 29
1 17
7 45
7 49
5 32
2 73
2 76
7 13
3 36
5 37
8 72
6 80
8 14
5 29
1 7
3 5
9 31
7 66
4 77
1 64
6 81
5 5
9 47
10 6
5 45
10 68
8 53
1 21
10 74
4 14
8 46
3 6
3 13
2 65
3 56
9 94
4 93
9 47
2 26
7 15
6 77
1 59
9 12
3 82
9 14
3 54
4 10
8 81
5 75
6 28
10 98
9 68
7 1
7 10
9 61
9 41
4 19
7 96
8 27
9 89
7 9
3 70
3 37
6 71
1 47
9 65
3 16
10 49
9 68
10 84
2 53
2 12
7 12
10 96
6 60
9 14
3 76
4 62
5 82
7 83
2 55
1 62
8 69
2 78
3 8
1 20
10 96
8 22
8 44
8 51
5 57
4 88
4 7
7 10
3 42
7 9
1 99
10 100
9 85
6 78
8 70
3 53
6 68
3 1
8 95
8 41
5 8
2 87
4 33
9 54
6 43
10 50
8 93
1 99
4 60
7 82
7 50
3 12
4 36
9 1
6 76
2 38
6 76
2 76
3 19
7 46
2 98
8 13
4 43
1 35
9 82
3 61
10 7
6 46
4 64
6 53
10 91
4 14
5 34
4 82
10 81
2 10
9 48
5 51
3 93
7 87
4 27
9 99
3 66
2 93
6 40
4 5
2 14
1 69
3 84
8 94
2 94
3 29
8 100
7 35
9 8
7 53
6 8
4 97
9 62
10 86
5 97
1 74
9 43
8 55
2 68
2 14
8 31
6 9
7 62
2 13
10 88
6 4
5 11
6 82
7 37
6 73
6 57
9 83
4 35
4 43
2 16
2 53
6 19
1 48
9 90
4 2
2 49
6 43
1 50
3 38
4 25
9 94
3 26
10 48
3 61
6 71
9 90
8 37
8 99
6 32
8 92
7 21
9 82
8 20
1 68
9 58
2 66
7 20
2 47
10 18
8 82
1 33
10 61
4 18
1 39
3 3
6 33
1 47
10 28
4 89
4 37
6 62
5 49
7 81
5 68
6 17
2 58
2 58
2 78
8 32
8 47
1 42
2 75
4 27
4 10
3 75
6 21
7 60
8 50
1 32
3 13
8 7
4 16
9 79
1 83
2 28
9 66
5 77
7 84
5 45
7 14
4 38
3 69
7 26
8 13
7 36
5 19
1 43
7 69
5 78
1 61
2 26
9 81
6 4
5 99
6 14
3 14
8 35
5 47
6 40
9 29
4 51
1 12
9 82
1 77
6 44
9 29
2 52
3 79
4 35
8 36
2 13
9 70
8 35
9 85
9 33
3 46
6 31
5 78
5 26
4 11
5 93
8 62
3 65
6 73
8 6
3 59
2 91
2 31
5 37
6 58
7 21
1 94
9 13
10 4
9 78
1 72
9 44
6 76
9 86
7 15
10 72
4 65
8 31
3 45
10 40
8 82
8 37
10 67
7 97
5 50
3 31
5 40
4 27
1 71
1 49
5 36
7 99
2 52
7 29
8 95
10 60
3 17
5 44
4 2
6 91
2 28
3 80
7 54
3 77
3 51
7 30
3 26
3 41
5 98
6 18
1 39
8 96
10 60
10 95
4 86
9 55
9 34
4 38
7 59
4 25
7 49
6 95
4 22
1 88
3 18
5 74
7 98
3 58
6 93
10 89
7 68
4 65
2 92
9 56
9 83
5 17
4 67
10 11
2 59
9 70
5 88
10 63
9 95
4 32
7 46
3 6
1 64
3 13
10 7
10 34
5 73
5 31
2 43
7 35
7 19
7 96
7 48
7 15
5 56
10 8
9 46
10 51
6 49
9 94
4 26
3 37
8 34
5 28
9 64
1 37
3 86
2 6
2 6
10 90
2 66
2 92
8 33
3 23
3 48
9 18
4 49
7 96
5 14
6 88
4 14
1 53
1 70
7 88
3 51
9 23
8 8
4 49
1 11
6 87
1 61
8 8
2 76
3 24
9 32
7 40
8 65
6 1
10 57
5 30
9 38
4 14
7 27
7 67
9 24
1 78
2 47
2 31
1 27
1 12
9 17
3 25
1 14
8 12
5 56
3 12
3 94
4 92
1 7
2 78
8 13
6 9
5 87
4 8
4 98
7 88
1 84
1 14
7 47
5 95
3 6
9 62
10 1
4 72
10 55
2 50
8 92
1 6
1 97
7 59
3 62
9 73
7 78
2 86
2 50
10 20
9 84
3 35
2 94
10 46
8 40
3 2
10 15
4 8
2 24
6 28
8 81
8 10
5 91
9 17
7 66
8 51
10 26
4 97
5 30
3 59
5 70
6 48
1 53
6 64
6 61
7 99
5 37
2 36
6 3
8 2
3 83
5 79
7 39
1 62
1 27
7 19
5 44
1 7
5 70
9 32
8 16
6 20
3 1
6 2
7 5
2 59
6 65
2 72
8 100
7 48
8 95
1 88
8 99
3 54
10 50
6 16
9 64
8 95
1 85
4 85
5 86
7 82
8 68
2 63
8 8
6 9
6 96
3 25
3 47
5 42
6 86
9 79
9 62
6 28
3 30
5 63
2 5
2 25
10 13
5 55
2 57
3 90
1 76
8 43
6 35
2 88
6 52
2 25
8 78
1 14
7 74
7 15
6 31
9 18
6 26
10 68
4 1
10 87
10 18
10 16
8 64
3 54
3 54
8 43
1 43
8 55
4 11
10 42
7 52
3 50
2 37
5 51
4 76
10 44
9 63
7 68
6 74
10 41
9 59
1 76
5 74
7 17
2 68
8 70
9 72
6 49
7 57
9 95
3 95
1 5
2 65
5 85
8 20
5 13
6 43
2 88
3 3
2 62
7 93
5 11
2 22
7 83
10 2
10 45
6 14
6 46
2 89
4 46
6 3
7 46
4 78
4 28
1 37
4 16
1 90
5 8
7 51
8 84
5 48
1 76
10 45
2 19
7 24
4 88
5 11
2 4
2 92
1 76
7 85
2 12
10 31
2 49
2 34
10 24
4 96
2 9
5 35
2 31
1 17
3 9
4 15
8 42
7 6
1 78
2 38
3 26
2 56
2 55
2 68
6 6
4 48
1 95
7 89
7 20
4 72
7 73
1 96
10 86
7 42
8 100
3 98
5 90
3 98
9 93
6 25
3 68
1 98
6 50
5 63
6 12
10 41
8 54
7 61
4 74
8 30
10 78
3 78
7 36
3 60
5 99
8 92
10 60
4 1
9 79
8 40
10 8
7 52
8 83
3 48
3 8
1 5
1 55
2 29
9 20
4 54
10 98
9 34
4 20
10 37
10 33
8 89
8 21
10 2
4 61
5 3
1 82
7 79
3 19
8 81
7 42
6 92
9 74
8 27
6 26
8 6
5 89
9 61
3 49
9 73
4 14
9 66
2 41
4 1
10 31
4 35
4 21
9 90
6 69
5 14
8 3
5 81
4 13
10 97
8 5
4 67
7 90
10 30
7 18
10 61
8 34
3 14
6 39
10 88
10 66
6 100
1 47
8 76
3 100
6 37
6 77
8 67
3 28
5 47
2 79
2 69
8 13
5 32
3 30
9 67
9 34
8 45
3 14
5 29
5 36
1 96
3 9
9 13
5 80
10 45
3 21
6 75
9 3
6 18
10 35
6 77
8 39
9 8
5 20
6 7
10 9
6 32
4 80
7 9
5 46
6 75
5 27
4 33
9 60
7 95
6 3
6 36
3 52
10 50
7 1
9 14
7 27
6 26
7 88
9 32
6 67
6 54
3 55
5 34
9 25
3 29
8 16
10 63
9 2
4 71
6 45
4 26
8 35
1 17
9 20
10 96
3 39
6 69
2 40
4 26
2 65
4 93
1 55
2 6
9 24
9 54
8 31
5 27
10 85
7 3
6 19
3 95
6 61
2 13
