4 74
7 42
10 25
9 81
4 39
2 41
7 75
5 84
7 36
8 80
9 86
8 32
10 27
4 17
6 47
2 85
7 8
6 4
6 87
1 52
9 36
1 83
1 16
9 11
5 74
10 86
10 95
3 79
1 19
6 9
10 14
3 27
1 19
8 6
9 28
10 28
7 83
7 98
10 34
1 49
4 67
7 21
7 38
2 46
10 67
6 20
4 71
7 2
3 75
3 39
7 5
6 14
1 92
8 73
1 59
4 74
10 39
1 69
7 82
10 44
6 99
1 96
10 42
3 26
10 20
7 28
7 17
7 2
10 96
7 48
6 98
6 53
10 9
5 62
8 19
8 62
9 62
7 95
4 32
6 82
5 57
7 87
9 5
7 16
3 24
3 47
7 36
7 59
10 39
3 65
5 70
4 8
8 69
6 32
4 40
2 71
4 20
10 69
5 68
7 11
3 95
7 27
6 83
7 39
8 11
3 68
3 90
7 10
4 73
1 27
2 11
9 92
7 51
8 91
4 10
6 91
4 16
6 86
5 27
6 87
1 42
2 65
2 28
5 31
8 48
5 40
4 12
5 62
9 83
5 28
10 32
3 58
7 63
1 86
10 58
2 45
6 57
9 63
2 47
1 79
3 55
2 71
6 8
8 77
10 17
5 44
6 14
1 50
2 71
4 22
5 87
6 85
8 62
6 98
9 35
7 28
10 66
10 25
6 66
4 92
6 99
7 47
2 34
4 40
6 22
7 14
10 47
9 64
8 98
3 78
1 37
8 88
6 17
10 61
2 50
10 20
2 62
2 73
6 46
6 11
7 34
5 42
7 20
10 94
5 53
9 23
4 72
3 43
2 16
6 2
3 85
4 85
2 50
8 47
6 74
1 28
2 88
8 59
7 86
7 3
2 27
4 42
10 25
4 83
7 38
8 18
2 78
9 82
3 51
3 63
6 64
10 11
3 69
2 39
7 79
8 46
2 84
5 38
1 19
4 94
2 33
5 40
7 13
2 16
8 40
10 67
6 87
6 39
6 99
3 60
3 50
7 72
10 31
2 87
3 18
3 8
4 96
10 81
3 79
7 83
4 7
2 74
9 48
8 13
10 55
1 25
6 60
3 36
4 58
1 21
6 63
9 15
2 70
3 79
2 44
8 82
8 47
2 68
5 33
6 40
9 17
8 2
8 91
3 60
2 95
7 16
2 22
3 53
1 60
2 88
5 94
10 18
9 95
9 73
9 58
10 86
3 96
3 67
3 35
8 85
3 16
10 24
4 85
4 90
5 67
5 42
2 91
2 91
2 68
8 2
1 34
8 97
9 42
4 20
6 91
4 50
5 31
9 42
2 86
9 88
7 45
3 43
8 79
1 20
4 3
5 85
3 9
10 37
8 42
1 82
1 15
7 33
7 21
9 60
5 93
8 24
10 79
9 22
5 45
9 10
8 46
7 28
6 20
2 100
5 43
4 31
3 8
3 71
8 54
2 68
7 37
1 33
5 29
5 16
7 77
2 45
9 46
8 98
8 58
1 71
7 67
4 29
6 57
2 67
10 43
4 89
5 18
8 33
8 39
5 23
8 72
3 80
4 95
4 71
8 55
9 41
6 36
10 63
2 70
10 46
6 89
1 11
3 41
9 77
10 81
8 24
4 21
3 60
8 77
9 91
5 96
7 96
3 67
6 41
3 64
10 12
8 71
6 46
1 33
8 97
5 2
5 76
7 41
10 85
8 100
2 11
7 17
8 17
2 4
9 55
5 46
10 57
5 68
6 99
9 70
6 12
2 4
8 26
9 75
10 2
10 59
8 13
4 12
4 8
10 71
3 46
10 1
1 64
4 64
7 56
1 25
7 35
6 33
9 54
4 3
9 44
3 16
5 3
2 76
4 28
7 84
10 76
4 56
6 65
10 10
3 31
9 94
4 85
4 95
4 68
6 54
9 95
3 9
9 83
7 18
10 18
2 55
7 15
8 28
7 54
4 100
2 83
5 39
6 24
7 36
8 4
3 43
2 54
9 44
5 59
7 60
4 53
9 24
6 86
2 76
5 21
7 56
3 92
7 51
7 57
6 1
2 51
9 51
7 78
5 95
4 7
2 77
6 62
7 27
6 61
1 40
6 75
6 87
7 14
5 23
9 95
8 99
4 95
9 81
7 14
10 55
6 37
6 22
2 77
2 43
8 28
5 9
4 39
5 58
2 81
1 85
3 72
3 56
2 2
1 69
2 59
1 93
7 26
7 58
6 18
7 74
2 60
10 30
7 58
7 55
6 38
3 40
4 45
2 13
3 31
4 100
6 85
7 91
4 87
2 10
5 40
5 10
8 83
7 83
1 92
6 47
2 16
9 89
2 97
7 21
10 22
1 38
5 60
1 66
7 87
8 37
2 64
7 21
4 31
6 93
2 24
5 78
3 58
1 47
2 89
1 38
9 59
4 73
9 39
6 9
8 81
9 11
2 93
10 81
1 23
10 92
10 15
2 47
3 26
8 11
1 69
6 95
4 35
2 15
8 31
5 54
4 52
6 77
5 88
7 91
5 79
4 22
3 41
2 40
6 91
2 36
7 97
5 43
3 64
10 64
3 99
7 68
8 29
5 62
1 69
9 51
8 83
10 6
5 57
1 20
2 34
2 70
1 56
10 68
1 44
10 23
2 100
3 22
4 89
9 15
1 75
7 1
10 47
8 89
9 40
6 98
2 61
3 78
3 39
4 56
5 58
8 36
2 10
8 42
10 29
2 7
1 11
10 17
1 3
2 1
3 85
5 48
7 30
3 91
5 73
1 61
9 74
8 28
4 45
9 70
5 23
5 50
4 81
8 50
7 36
8 6
6 58
7 4
5 8
9 38
5 27
4 65
1 92
10 14
10 4
9 76
3 9
8 81
7 25
5 54
5 33
10 94
9 93
9 3
6 67
10 2
9 33
6 69
3 92
2 54
5 11
9 62
3 34
5 11
10 46
6 80
9 38
2 40
4 30
8 58
1 23
8 7
5 50
8 5
6 71
10 33
8 92
9 85
1 6
8 49
2 24
5 63
3 23
4 37
9 79
7 19
3 16
1 86
8 23
5 9
1 28
6 90
9 29
8 9
9 46
7 26
1 41
9 40
6 64
6 95
5 45
1 43
8 26
9 31
8 36
6 81
6 46
4 70
8 19
5 74
4 36
4 58
5 15
1 4
8 69
9 82
7 43
1 17
10 38
6 4
10 36
2 92
4 23
9 68
4 93
5 68
8 86
5 58
3 70
5 25
7 23
4 9
3 23
8 7
9 30
10 63
3 52
2 28
3 98
8 61
4 12
2 75
6 86
8 14
4 16
6 76
5 36
1 12
6 82
3 64
6 68
1 24
3 80
3 48
7 68
7 60
4 52
3 10
5 18
7 52
9 83
6 69
2 14
3 95
8 96
2 36
6 35
4 86
9 59
9 11
3 7
7 69
2 68
6 79
3 69
8 42
10 7
4 40
4 64
4 11
4 12
4 18
5 47
8 65
4 70
7 26
7 33
4 65
5 17
8 96
10 60
8 96
9 46
9 53
7 78
6 32
9 99
9 35
7 69
1 74
8 73
9 10
6 64
2 67
6 35
6 7
10 93
7 97
10 90
2 51
8 21
4 33
7 32
8 16
7 47
2 60
3 19
6 37
4 78
8 92
5 85
1 54
4 46
6 41
3 83
2 24
10 23
2 70
7 40
5 99
9 15
9 43
2 1
8 40
3 14
4 87
9 60
10 10
5 29
9 1
2 54
4 19
6 86
7 48
5 35
1 45
5 68
7 68
2 10
6 83
4 64
7 68
9 8
5 39
7 28
5 40
4 31
3 27
9 89
1 42
3 64
8 62
2 74
8 46
1 24
9 14
2 37
3 20
1 4
10 21
2 14
8 22
9 62
5 13
4 76
10 20
10 93
5 46
7 41
3 62
10 57
8 77
1 27
6 46
5 49
10 88
2 47
7 96
6 2
10 6
9 15
6 59
7 39
2 33
2 61
8 31
7 61
3 99
5 20
8 98
8 66
7 84
10 96
3 45
2 36
1 48
9 54
1 2
7 25
6 67
7 6
3 66
8 45
2 94
1 19
9 97
1 29
9 52
1 79
10 62
7 52
6 4
6 61
3 82
10 49
4 83
5 45
4 78
5 81
10 36
3 72
5 75
4 72
1 62
3 54
4 18
6 81
9 66
8 85
10 22
4 36
1 95
4 29
1 67
4 33
2 63
4 59
3 75
2 95
7 81
3 12
5 78
9 28
3 86
2 13
1 51
2 9
2 53
3 30
6 78
7 28
5 29
4 56
3 65
10 11
2 60
5 73
7 53
4 88
10 87
2 56
10 4
9 41
8 27
3 60
5 38
1 3
6 47
1 4
8 98
4 60
4 64
7 77
2 95
9 14
5 23
9 73
2 29
10 80
8 67
2 51
6 35
7 21
9 41
4 33
8 5
2 74
7 54
8 88
2 89
10 26
9 85
5 21
7 39
5 33
