3 27
6 56
4 60
10 88
9 36
2 50
2 29
5 24
4 35
10 35
4 100
2 19
1 65
7 27
1 69
9 1
3 58
4 36
2 27
3 98
4 30
7 69
1 86
7 2
3 5
6 50
10 45
2 76
1 61
8 75
9 79
10 85
6 4
7 2
7 16
3 68
10 12
10 39
1 6
8 33
10 88
10 3
4 30
5 48
8 66
9 36
6 18
4 60
8 9
6 53
6 22
2 2
2 62
2 75
10 100
6 60
1 68
1 92
1 66
8 24
1 70
4 5
2 32
10 77
8 1
6 56
9 21
1 91
5 12
8 66
7 57
7 64
3 53
5 36
5 5
1 63
9 63
10 77
2 20
4 89
8 12
7 61
6 5
5 79
3 77
8 26
4 84
5 25
7 55
8 15
3 92
7 75
3 70
10 46
2 4
8 44
5 73
3 96
6 95
4 92
3 59
5 41
7 29
9 47
10 34
10 61
1 94
10 25
4 91
10 31
8 36
3 13
7 66
8 71
3 51
10 4
8 56
7 1
10 69
5 81
3 25
4 55
9 40
7 56
3 78
2 53
2 16
6 21
1 86
9 63
2 36
8 32
3 50
2 40
2 84
4 80
4 42
2 59
6 21
5 81
1 51
8 22
4 1
4 71
1 28
9 81
8 82
9 71
10 67
9 25
4 12
9 11
8 99
4 31
6 33
2 36
5 93
3 28
4 7
3 93
8 77
10 40
3 25
3 42
10 100
5 16
9 67
2 7
7 29
1 10
6 93
8 64
2 26
6 6
10 13
9 89
9 74
8 60
2 66
5 41
3 57
6 18
8 41
4 72
2 49
10 76
8 72
10 98
10 69
7 43
6 79
9 47
5 17
8 65
6 17
6 47
10 74
10 69
9 1
4 1
5 65
6 53
4 95
7 94
4 77
6 49
10 25
6 92
9 71
1 63
7 21
6 37
2 3
2 91
8 67
2 3
5 18
2 25
6 1
7 83
2 24
8 44
10 48
6 80
4 44
7 74
9 62
1 47
3 68
10 23
3 72
6 10
2 80
10 81
10 86
5 2
9 92
5 90
6 8
5 59
9 60
4 47
10 37
4 4
9 85
8 9
5 15
3 9
3 91
6 43
10 91
1 87
9 78
1 97
3 80
1 12
3 35
8 52
4 21
2 1
9 62
5 81
7 92
6 77
8 66
8 17
6 27
4 69
5 46
10 75
1 32
8 16
9 56
4 99
10 6
1 34
7 6
2 75
9 68
9 98
2 87
8 78
10 43
3 25
6 96
6 58
5 89
6 30
9 93
7 43
5 69
2 38
1 71
5 23
2 75
10 59
8 8
5 74
3 46
6 55
9 84
5 17
7 46
10 56
10 56
3 89
9 17
3 94
6 47
2 58
2 59
2 97
5 99
3 9
9 93
4 10
7 50
2 4
10 19
2 27
2 27
10 27
5 23
7 70
6 35
3 91
1 7
8 16
4 2
1 68
1 43
7 67
1 57
5 92
8 25
1 66
10 52
10 66
4 18
1 85
10 7
3 10
4 48
6 59
10 75
5 89
1 36
7 90
10 83
4 75
1 11
10 19
8 4
4 55
4 86
1 24
10 91
9 55
3 56
3 7
8 56
9 50
10 33
9 82
5 23
9 79
5 38
7 15
9 83
7 85
4 24
10 47
7 31
9 10
3 35
8 8
9 62
8 2
10 13
6 44
5 44
3 26
4 53
1 5
3 73
7 52
8 36
6 29
5 23
3 19
6 23
5 9
6 93
2 97
8 64
1 16
5 59
5 78
8 68
3 58
3 66
7 84
2 56
1 27
7 91
10 15
10 63
8 63
2 33
4 35
7 7
10 57
8 37
9 3
7 84
7 10
5 86
7 81
10 51
6 24
10 79
7 28
1 16
4 34
2 22
1 4
1 5
1 32
4 44
2 31
5 5
5 5
8 9
7 79
4 42
10 22
9 14
4 76
9 12
6 13
4 47
6 21
7 99
1 84
8 21
6 59
4 61
4 82
9 47
2 67
9 27
9 78
7 86
7 38
8 31
6 69
7 14
6 72
8 76
1 42
2 88
1 12
2 30
1 86
9 91
2 72
3 9
4 71
1 49
10 6
7 15
5 74
3 97
10 23
6 49
6 42
1 37
6 60
1 44
10 40
9 47
10 78
5 69
4 7
6 45
6 49
6 95
8 79
7 10
8 61
1 9
10 24
3 95
9 61
3 98
9 5
2 85
3 21
8 62
5 27
5 36
4 89
8 92
7 21
9 3
6 6
4 76
1 71
9 40
3 82
4 24
7 9
3 2
10 89
8 93
4 82
7 23
4 92
9 84
10 11
2 49
4 55
2 7
6 60
6 19
9 20
5 39
5 91
2 11
4 62
2 17
1 62
1 22
4 56
3 27
4 30
7 80
8 50
5 5
1 82
5 87
5 33
4 2
6 92
10 18
6 81
10 82
2 68
2 65
1 55
5 36
2 78
5 77
4 41
3 79
7 74
4 38
3 30
6 66
6 100
5 44
4 68
10 89
1 63
8 16
6 24
3 31
4 95
9 58
8 42
6 28
1 40
9 54
7 76
5 34
9 78
8 29
6 77
2 25
10 1
8 15
5 88
4 36
9 88
6 27
1 99
7 80
1 100
9 4
6 42
10 6
4 11
1 32
6 95
3 51
3 83
10 37
4 49
7 52
8 78
9 18
7 15
10 24
10 5
3 52
4 32
9 27
10 91
7 11
8 22
3 42
5 12
7 12
3 93
2 15
7 96
3 22
2 63
10 15
4 36
5 82
7 94
2 76
7 53
6 93
4 55
3 62
1 45
7 34
1 38
10 4
2 55
5 50
7 65
5 2
2 32
1 58
7 72
3 21
5 14
9 37
2 40
7 88
8 70
7 73
5 70
8 55
6 19
4 72
6 66
4 56
5 42
10 72
8 39
4 47
10 10
2 41
4 43
10 31
4 66
6 63
1 84
6 53
4 100
5 10
1 19
5 37
7 82
1 16
2 1
7 6
10 24
4 63
7 86
6 72
3 39
5 13
1 20
8 13
8 5
4 90
10 3
6 14
10 75
9 86
2 4
2 89
3 37
8 64
4 39
7 34
7 42
1 83
9 91
7 27
1 46
8 42
5 22
3 42
1 98
8 33
6 67
3 76
8 44
3 60
10 37
3 77
1 86
9 73
6 19
10 96
9 25
9 43
8 80
6 38
1 51
7 79
8 94
10 7
10 47
2 88
6 57
8 46
4 53
2 3
9 42
1 24
4 4
6 21
10 29
5 81
6 97
2 66
7 25
9 71
6 87
2 30
1 13
6 52
1 23
7 41
10 3
4 69
10 20
5 12
9 6
10 15
1 61
6 55
7 69
10 72
6 79
2 58
5 15
5 84
6 10
7 11
4 50
3 85
7 84
7 52
7 25
5 5
2 67
3 38
2 76
4 65
8 41
1 50
3 41
5 5
7 88
9 64
1 11
7 12
5 61
10 36
10 80
10 94
2 6
8 39
10 28
3 22
8 26
6 93
1 73
4 19
2 41
8 38
5 42
8 49
1 51
4 26
1 86
7 59
10 31
2 46
1 40
4 68
9 2
7 26
3 10
6 75
9 3
5 55
7 91
7 76
6 81
10 49
1 91
10 99
8 94
2 35
1 60
3 74
4 32
5 35
8 20
7 89
10 68
7 17
5 43
4 38
3 72
2 56
10 19
2 78
5 78
7 10
8 40
9 100
10 57
8 14
9 48
2 55
2 40
6 58
8 25
8 38
10 100
8 80
5 87
3 37
7 88
4 35
5 4
8 95
3 24
5 33
10 84
9 87
3 8
9 23
4 89
5 37
5 88
2 50
4 57
8 72
10 100
6 98
9 37
10 70
5 10
6 82
3 10
5 29
2 4
4 100
9 11
5 30
5 89
8 88
9 55
5 37
5 89
2 54
7 21
3 42
4 59
6 66
7 96
6 48
4 88
9 49
4 75
10 57
9 47
1 27
5 24
9 50
3 80
7 4
8 38
7 14
4 46
3 21
4 76
3 68
7 67
5 22
4 5
10 3
7 65
5 75
6 56
6 31
9 56
8 5
9 83
6 14
9 17
5 95
2 81
6 66
10 54
10 31
1 46
3 83
9 88
4 68
5 99
9 31
7 31
6 3
6 68
10 59
6 57
1 28
2 76
5 5
10 81
6 4
7 84
7 6
8 83
1 42
3 86
5 70
5 59
9 19
10 21
3 1
1 73
1 72
3 91
2 97
5 75
6 44
5 25
8 79
7 56
5 92
4 7
2 89
2 44
7 45
3 95
9 82
5 55
7 42
9 40
3 47
9 37
3 29
1 12
2 2
10 9
1 92
6 36
10 23
7 83
3 89
9 84
8 76
9 20
10 12
10 21
6 67
9 74
8 1
4 29
1 92
10 70
9 1
3 64
3 85
3 52
3 87
5 18
10 91
7 15
9 48
2 12
7 75
7 95
4 70
10 77
1 84
4 28
