6 8
9 95
10 21
6 36
10 59
6 21
4 47
1 29
5 33
7 16
2 95
8 90
10 30
6 86
3 74
1 5
9 62
2 27
10 65
1 70
8 21
2 77
1 18
5 44
5 59
3 31
4 74
8 36
2 50
10 71
10 79
7 14
6 69
8 34
1 44
1 9
8 100
6 8
7 86
8 77
7 60
5 23
6 43
6 50
10 22
7 67
6 62
8 4
2 44
2 76
1 39
9 90
5 97
8 33
6 10
8 1
9 52
5 100
8 57
3 76
7 6
10 100
3 59
2 10
6 33
6 49
7 50
10 25
3 89
3 81
2 30
3 27
4 87
7 62
2 24
7 49
4 89
7 88
3 63
6 2
6 27
8 46
10 51
8 50
3 82
5 69
9 79
3 24
9 16
10 46
2 93
2 42
10 41
10 18
6 94
10 74
5 66
9 30
2 1
6 64
3 45
10 2
9 16
8 88
9 17
8 39
10 52
1 66
6 40
3 38
8 79
5 82
9 5
8 60
1 25
2 72
2 73
5 2
6 13
6 98
1 28
4 57
10 43
1 31
5 15
1 17
3 2
8 19
5 66
1 14
7 17
6 49
2 32
10 35
9 99
7 7
2 55
10 88
10 12
8 14
6 71
7 97
9 95
5 61
1 55
8 71
4 100
8 77
2 89
4 48
8 93
7 83
5 80
6 100
6 79
4 66
8 10
7 96
8 56
2 28
4 29
2 36
5 3
10 37
10 68
1 22
2 28
5 42
8 52
1 9
10 51
6 9
8 97
3 32
1 70
8 43
7 100
9 27
3 21
6 40
8 52
5 75
9 99
9 51
4 63
4 80
8 48
3 96
5 84
10 35
10 43
8 23
3 8
10 62
8 67
9 4
9 98
7 28
6 23
8 6
7 69
1 11
2 27
7 62
5 95
8 16
8 42
2 15
3 81
10 51
9 60
6 18
4 7
4 38
1 31
9 81
8 50
8 20
9 3
7 65
1 53
5 60
10 52
9 52
4 7
2 80
7 68
4 61
4 45
10 12
3 79
4 58
9 98
2 14
9 53
10 26
3 56
1 93
10 36
9 70
3 98
1 8
4 76
1 42
4 37
9 26
5 84
9 21
7 9
9 45
7 80
6 44
2 27
6 73
7 66
2 37
1 58
6 60
5 15
7 17
3 99
10 44
5 81
3 88
6 43
10 22
4 28
9 49
6 49
6 38
4 99
2 40
5 6
8 86
2 58
10 10
2 43
1 58
2 99
5 4
9 55
3 83
6 58
4 18
4 99
5 50
9 78
2 88
6 44
8 51
1 36
7 16
3 85
3 37
3 21
9 72
4 19
2 50
8 65
8 2
9 62
9 84
4 84
5 32
5 82
1 44
7 69
1 59
2 97
3 63
2 7
10 42
2 41
4 29
5 18
9 94
2 16
10 4
9 56
6 29
2 53
7 36
4 58
5 33
2 90
10 10
3 94
3 35
8 10
6 30
5 84
4 22
7 82
2 11
8 7
6 43
3 98
9 83
7 58
4 88
2 38
9 97
1 61
2 55
1 90
6 68
7 71
8 17
4 96
9 47
8 24
5 81
7 75
8 45
2 46
10 20
4 7
3 84
3 37
1 81
6 45
8 52
8 68
3 40
2 2
2 94
8 3
2 20
8 53
9 94
3 81
5 43
5 7
1 43
3 53
5 46
2 3
9 64
4 94
5 47
4 16
1 75
10 13
5 16
3 72
2 83
6 55
5 95
7 28
10 15
2 45
7 30
10 24
3 42
5 38
5 17
4 46
4 30
6 13
7 97
1 83
3 70
1 37
5 20
6 63
5 10
9 62
1 68
5 72
5 16
10 79
10 99
2 7
10 19
2 23
7 62
4 16
10 77
4 55
10 4
9 60
4 26
8 99
8 69
8 71
9 88
4 30
10 45
3 37
10 98
5 20
5 83
9 66
3 79
8 67
1 85
9 95
4 10
2 13
5 4
7 56
3 5
7 6
10 6
2 26
4 99
9 84
6 86
6 72
7 20
3 43
10 31
9 56
1 58
8 47
4 74
3 45
2 47
4 87
5 91
2 48
8 11
6 1
6 73
6 48
2 49
10 59
5 40
5 67
7 30
2 89
1 63
2 76
2 91
2 1
3 24
1 65
5 97
1 45
5 24
10 64
9 96
9 6
8 98
7 48
9 78
3 52
1 87
7 3
2 31
1 26
8 100
2 50
1 65
4 92
7 57
9 81
4 10
6 76
5 17
5 94
6 75
3 15
9 97
2 64
1 29
4 91
3 20
5 91
4 83
4 21
8 86
2 88
9 96
6 54
10 35
1 51
8 7
4 11
9 94
8 96
3 95
3 94
7 48
7 88
1 95
3 60
8 63
1 27
5 57
3 87
4 29
8 69
1 28
4 51
4 13
9 83
10 83
9 98
6 59
4 53
1 69
3 50
4 13
4 91
6 77
6 51
3 14
5 30
2 5
1 20
5 43
2 53
2 5
10 12
10 66
1 98
6 62
10 6
7 92
10 60
7 76
8 15
2 32
5 20
9 58
9 45
8 12
3 50
6 39
7 51
2 12
5 78
2 64
10 61
6 56
3 25
3 51
5 86
6 44
5 72
2 15
10 70
3 99
3 53
9 90
10 64
9 74
1 11
10 93
3 50
3 80
3 100
3 24
9 53
9 2
6 54
10 65
10 48
1 81
5 80
5 71
9 10
10 16
8 60
8 44
3 13
2 57
1 92
4 49
8 71
2 77
4 26
4 82
1 90
1 82
2 34
6 44
2 97
1 42
5 100
3 21
2 59
9 55
7 100
3 21
2 81
1 22
6 36
6 4
3 52
7 14
3 86
4 87
9 10
8 63
5 32
9 33
7 39
3 9
6 14
4 67
7 34
10 28
7 52
10 18
2 3
9 40
5 90
4 3
6 56
2 76
1 49
2 62
4 22
3 76
6 92
5 74
5 94
9 84
4 69
1 4
9 82
2 60
5 48
7 25
5 7
10 32
2 77
1 6
6 51
2 3
7 71
4 35
6 94
4 10
9 45
3 46
6 66
9 16
5 5
1 11
10 52
3 16
6 85
8 35
9 82
5 32
6 99
9 83
8 69
1 6
3 86
10 84
4 90
6 82
10 37
2 18
9 47
3 96
3 25
6 35
7 64
10 64
7 88
6 87
10 92
5 23
10 98
1 95
5 95
2 14
6 24
3 31
3 66
4 4
2 65
6 53
1 97
5 34
6 14
3 90
9 2
7 50
9 67
5 22
2 40
8 90
2 10
3 69
4 28
6 95
9 36
8 74
9 31
6 88
4 49
1 20
5 71
10 18
5 46
6 12
9 61
4 64
10 15
4 92
9 46
4 42
10 88
4 24
4 100
8 91
4 81
4 17
1 100
10 68
7 48
8 11
8 71
9 100
1 11
2 36
6 6
8 56
3 36
10 81
1 36
2 82
4 2
4 17
5 88
5 8
6 27
8 82
9 13
3 24
5 61
7 5
2 88
10 94
9 3
1 19
2 26
7 95
4 7
4 24
10 56
9 53
2 7
4 58
5 56
8 10
1 83
10 36
5 86
4 40
10 6
6 16
3 2
9 87
1 2
6 51
4 35
9 64
1 26
5 73
7 95
10 26
3 3
2 59
4 55
3 69
2 46
3 91
4 9
10 49
1 5
8 44
2 93
8 93
4 67
7 45
1 94
7 25
2 51
3 4
4 32
9 94
8 61
8 52
3 66
5 43
4 2
4 77
2 51
1 44
7 22
8 73
1 30
1 43
9 45
5 46
5 35
5 95
3 28
4 24
2 69
7 90
1 91
6 49
8 36
9 8
8 42
9 24
2 34
5 72
1 10
5 25
3 100
7 19
2 99
3 93
7 7
7 85
2 5
10 56
8 85
10 61
8 13
3 60
7 79
6 19
5 38
8 81
6 86
3 28
8 90
3 77
5 43
7 1
4 4
2 63
6 25
10 85
9 65
4 45
10 60
8 85
6 29
8 11
6 21
1 51
6 57
3 59
7 50
5 86
9 40
3 76
6 76
9 50
2 71
2 77
5 89
9 6
1 47
7 17
1 61
2 3
7 71
2 3
1 55
4 35
2 13
4 13
10 3
6 76
4 20
2 70
10 71
9 41
1 68
3 61
9 3
6 46
8 98
8 29
6 11
5 17
7 82
2 44
4 45
2 49
10 66
4 6
6 81
4 15
1 15
9 78
4 95
7 12
6 41
7 21
5 53
2 68
3 29
6 55
10 15
8 15
2 30
3 35
3 100
10 95
7 98
4 68
4 52
7 38
1 27
8 99
6 85
7 83
9 61
7 98
8 52
10 94
8 20
9 84
4 27
2 38
8 11
8 47
10 86
3 92
10 85
5 64
2 64
3 95
6 81
3 7
5 61
2 96
1 75
2 33
1 70
5 16
10 4
9 51
7 30
10 14
5 64
7 11
5 13
1 44
5 50
9 11
7 96
8 26
2 17
7 47
3 50
7 17
