7 51
5 23
10 23
3 69
10 82
8 41
8 94
5 38
7 85
3 13
8 70
9 100
10 32
7 16
3 2
10 27
6 13
4 16
6 85
3 3
7 50
4 17
2 74
5 92
6 85
8 99
9 14
7 18
1 6
1 57
8 46
4 51
2 21
8 26
7 7
10 81
2 27
9 59
4 96
7 59
6 86
8 53
1 28
5 73
3 66
6 58
7 83
9 42
2 36
5 33
7 55
5 27
8 71
9 87
7 21
5 91
10 5
3 78
2 27
9 46
4 35
3 7
2 24
8 64
3 22
4 65
10 77
3 73
8 59
2 50
10 71
6 31
2 48
4 54
7 12
9 33
3 27
9 44
7 10
8 40
4 43
10 98
2 84
6 78
5 39
3 31
3 41
3 88
7 52
10 10
2 89
1 45
2 28
3 1
8 20
9 23
6 43
4 52
3 28
4 86
2 54
4 57
6 68
9 74
5 25
7 4
5 86
7 87
9 28
8 18
7 46
3 16
4 10
1 24
9 1
10 47
8 86
5 2
7 15
2 49
8 87
5 6
6 50
9 71
3 77
5 60
7 53
6 89
3 36
4 8
6 17
3 83
4 18
7 89
7 51
8 28
5 53
7 34
2 9
8 96
6 68
8 34
10 84
6 100
4 9
9 18
6 5
1 26
5 21
5 31
10 62
6 67
10 89
7 86
5 91
8 47
6 17
8 83
1 32
1 9
1 44
9 81
1 23
3 42
3 97
5 78
1 59
1 76
5 85
3 33
6 78
2 4
10 8
9 81
2 32
10 5
4 11
6 37
4 46
9 37
5 16
9 4
2 95
10 85
1 75
3 12
1 99
5 42
5 33
5 80
2 76
6 16
10 36
6 19
10 83
1 31
5 95
2 43
6 49
9 30
1 1
9 61
8 16
3 58
8 59
9 74
7 57
7 78
9 9
9 29
5 37
7 85
8 19
6 73
5 22
10 49
10 89
3 82
2 68
5 68
2 28
4 64
7 82
7 94
6 16
6 53
10 20
10 83
4 66
1 89
5 85
6 32
3 73
9 21
9 72
2 19
6 38
8 51
4 56
6 13
8 10
8 14
9 25
3 17
2 65
8 76
8 90
5 95
9 2
2 40
2 3
4 20
7 11
9 6
10 86
6 34
1 35
1 60
2 48
9 86
6 8
6 84
4 98
2 63
1 44
7 6
10 86
9 94
4 33
10 29
5 21
7 78
2 71
6 59
4 19
5 91
2 2
3 42
9 12
10 96
3 23
1 7
1 3
6 47
6 37
9 48
9 47
6 37
9 26
1 11
5 32
3 92
1 73
3 27
5 65
5 22
10 79
7 56
4 21
2 93
1 68
6 39
10 79
9 62
3 16
4 24
4 87
2 16
9 48
3 10
4 76
6 64
6 71
4 3
8 81
3 72
4 16
6 90
8 38
3 46
7 32
4 7
7 71
4 28
6 50
9 23
10 25
1 7
4 69
10 10
5 10
3 17
5 2
4 94
3 95
1 13
8 52
3 23
2 64
2 47
8 29
10 54
5 9
1 11
8 71
9 52
7 37
5 92
1 33
4 30
5 3
3 10
3 22
2 64
1 27
9 30
3 35
8 3
9 43
5 75
7 47
2 49
4 48
10 49
8 83
2 14
4 76
8 27
1 8
3 34
6 67
7 1
6 1
7 15
10 100
7 92
1 99
2 37
4 82
6 11
1 83
7 14
2 69
6 5
1 96
10 9
1 33
5 88
7 43
4 80
3 63
5 37
3 68
9 32
1 64
2 15
3 5
9 6
2 51
9 95
1 75
9 89
8 32
5 22
4 37
9 16
6 44
2 92
1 91
5 27
5 45
3 68
5 64
8 10
6 41
5 67
8 69
2 47
6 48
5 36
4 63
9 6
6 68
9 2
6 6
9 96
1 6
7 43
6 29
3 19
3 60
8 73
10 30
6 9
3 54
5 69
10 61
9 14
9 46
8 82
7 18
9 57
10 34
3 12
3 33
3 39
7 71
6 43
4 62
6 85
4 93
9 30
7 79
3 84
4 31
6 50
1 6
5 25
4 65
5 23
7 90
8 100
9 38
8 7
4 37
3 22
1 50
3 67
9 5
1 89
7 26
3 91
9 36
2 80
4 48
7 31
7 81
2 9
9 94
5 41
1 99
9 20
3 32
2 32
3 58
7 63
8 48
1 32
6 15
5 78
6 2
7 8
4 34
8 22
3 50
10 79
9 47
5 72
2 15
7 68
7 72
6 12
9 7
4 78
3 66
8 71
4 76
5 12
9 13
4 75
5 63
9 11
5 27
8 92
3 72
10 35
5 57
9 27
9 2
5 45
6 39
7 80
9 93
5 21
9 82
9 17
1 92
4 97
1 89
3 54
9 74
7 63
6 26
2 32
5 2
7 33
8 24
3 56
5 33
10 52
5 41
7 58
9 9
10 18
6 99
1 88
10 82
4 34
2 63
9 51
3 30
3 89
7 15
2 22
5 21
9 28
6 13
10 28
9 95
9 26
7 31
1 8
9 7
7 85
7 73
9 100
7 11
4 34
2 34
8 36
3 80
2 30
10 44
7 26
3 5
8 53
9 2
10 29
9 13
6 27
10 42
4 32
4 15
8 15
8 94
8 34
5 11
5 10
2 100
1 64
7 12
8 54
5 96
5 28
10 21
8 93
6 23
2 30
3 89
8 57
4 23
7 46
3 33
6 7
2 91
8 78
3 55
5 74
2 69
7 99
8 38
10 63
2 99
4 53
2 70
4 24
6 73
3 5
3 39
7 22
7 15
6 33
5 38
2 85
1 5
2 79
7 61
8 36
9 100
7 11
10 29
3 11
9 12
6 60
9 15
4 63
5 65
10 7
6 74
1 94
3 96
1 97
7 5
10 65
7 1
7 51
2 7
6 23
2 71
1 86
5 40
6 89
9 33
8 66
4 78
5 94
3 69
10 24
3 86
10 30
1 81
6 34
8 39
3 36
2 40
3 59
7 87
3 65
4 19
9 65
2 7
8 4
9 10
9 4
6 45
2 94
7 66
5 10
1 1
9 5
4 74
10 23
2 98
4 35
5 67
1 32
10 92
8 37
4 50
1 77
4 85
2 86
10 26
6 33
1 6
2 51
5 80
6 18
10 73
2 50
7 77
10 95
5 33
5 25
8 68
5 52
4 55
7 66
3 2
2 33
3 77
4 86
8 39
7 96
6 27
9 47
3 5
5 82
3 79
4 88
6 25
7 3
7 58
1 17
1 94
2 80
9 6
3 25
6 80
6 10
2 16
8 6
8 2
1 18
4 9
7 13
4 13
5 68
3 79
9 28
4 35
5 85
10 54
9 97
8 65
4 35
9 77
4 54
7 14
4 85
2 8
2 17
9 33
10 85
3 1
8 90
3 7
8 61
10 29
2 62
9 11
5 6
1 33
5 76
9 39
2 93
1 51
3 79
7 27
10 16
3 8
10 49
7 58
10 22
9 6
7 7
10 26
7 6
5 8
5 43
1 47
10 9
3 23
5 100
7 64
7 64
1 89
8 54
7 22
7 37
1 73
9 37
10 82
2 100
6 39
1 69
4 96
8 33
2 46
9 84
1 67
8 22
9 3
4 76
4 98
1 19
10 78
9 40
4 7
9 77
2 10
2 63
4 23
4 65
10 95
4 38
8 70
6 28
2 6
3 73
7 82
2 7
2 94
7 55
8 60
5 46
6 35
10 36
6 16
1 86
1 19
10 19
7 12
9 88
8 11
2 6
3 29
1 69
3 77
3 11
3 19
6 77
7 44
9 34
2 71
10 82
3 61
9 23
9 84
5 64
10 74
3 27
9 16
9 29
3 70
5 71
5 15
1 4
7 1
6 70
7 84
9 19
6 14
6 78
3 48
10 82
8 9
8 3
6 12
1 87
3 13
8 85
7 63
8 74
2 5
2 60
9 71
8 68
2 40
2 87
4 58
1 37
4 94
8 15
1 11
10 60
7 78
1 18
5 60
1 99
3 52
5 35
1 71
7 41
3 30
10 18
7 4
5 94
1 45
4 46
3 50
9 42
8 2
9 77
2 11
5 15
1 27
6 16
3 30
1 98
5 9
4 1
4 60
4 15
7 61
4 89
3 33
3 23
2 89
5 52
5 26
4 43
6 81
10 50
7 22
7 100
9 40
4 6
4 63
7 41
1 66
1 40
8 88
3 14
2 54
5 32
3 50
7 37
8 19
7 90
8 97
5 73
5 32
1 41
9 29
10 9
1 77
5 31
4 79
4 95
4 61
3 8
9 71
10 19
5 60
2 4
5 65
4 79
8 92
2 96
8 62
9 2
5 33
5 73
8 46
3 78
9 35
1 66
6 41
9 24
8 4
9 95
7 7
2 13
5 68
3 69
3 50
9 44
3 31
8 2
4 68
4 8
8 63
10 15
7 83
9 84
1 24
10 100
5 32
3 78
6 5
2 60
7 44
6 91
8 62
10 92
9 43
8 19
5 81
5 54
