5 55
10 14
7 76
1 36
1 8
3 52
9 12
3 20
7 75
1 89
10 23
9 81
9 86
10 87
10 25
9 14
8 88
3 86
1 91
7 35
5 74
9 13
3 96
10 69
7 11
8 74
8 100
6 2
7 49
2 84
8 57
6 71
8 46
6 18
8 35
9 92
10 85
4 82
1 37
8 80
7 33
8 45
7 14
7 11
10 39
6 87
7 99
8 17
6 29
5 89
6 69
9 82
8 91
3 36
9 25
10 33
4 42
3 97
9 34
6 80
5 57
2 20
5 51
1 52
3 22
6 71
10 60
2 74
1 14
7 42
10 10
7 54
10 10
5 89
9 92
7 20
8 46
8 88
4 46
2 23
2 27
1 36
3 5
10 32
10 96
3 56
6 76
3 57
10 77
8 84
9 14
8 20
6 76
5 25
8 67
6 95
8 16
2 4
3 90
8 67
9 11
9 62
5 34
5 59
10 91
9 3
3 38
7 51
1 50
8 61
5 51
10 3
10 23
7 95
3 50
1 80
8 72
4 92
1 4
8 39
9 76
10 43
7 100
7 63
8 24
5 23
9 69
8 5
2 39
7 86
8 18
7 94
8 27
6 82
6 91
4 42
2 95
1 69
7 63
6 97
4 5
4 82
8 45
4 67
5 4
4 19
6 13
9 91
1 16
9 5
7 70
1 36
2 54
8 8
5 11
3 56
6 66
1 97
4 76
2 81
3 65
6 16
7 24
4 68
2 31
8 48
2 61
10 8
4 27
3 19
9 89
5 22
9 72
7 65
9 53
7 24
7 7
6 84
7 74
6 20
5 96
9 63
10 5
8 36
2 52
6 68
1 4
2 80
7 89
5 95
6 5
6 4
5 27
3 87
6 47
1 33
1 34
7 10
3 34
10 73
10 31
4 27
9 13
1 10
8 58
5 8
1 99
2 89
10 7
9 65
10 40
9 96
6 67
4 29
3 90
4 22
3 41
1 86
5 99
4 11
1 31
1 55
3 47
10 78
1 88
4 55
7 52
5 84
5 41
2 48
5 47
8 65
5 78
3 75
9 58
7 12
8 84
6 4
8 82
9 8
5 6
2 7
4 88
5 11
5 94
3 16
5 29
5 34
10 34
3 4
3 79
10 8
3 61
4 51
7 27
8 38
5 9
10 75
2 22
1 90
9 48
9 91
10 15
3 55
1 61
8 27
6 1
3 72
9 58
3 52
6 3
8 94
10 45
5 26
5 41
5 28
4 40
7 87
3 9
5 46
2 95
6 47
10 93
10 64
4 2
3 35
6 65
7 65
7 34
1 44
8 87
10 31
9 27
8 71
2 100
4 75
6 36
5 68
4 18
4 99
9 51
8 57
10 69
8 30
9 64
8 93
7 32
10 12
1 75
1 35
10 63
8 56
1 39
9 34
6 24
6 14
6 36
4 17
6 100
8 23
5 98
7 70
4 12
8 2
3 92
4 16
4 67
6 43
4 90
5 54
3 72
8 57
1 8
1 58
6 46
7 29
10 90
3 29
6 72
8 42
4 76
10 24
10 31
2 88
3 15
2 70
1 77
8 8
3 80
7 23
8 41
9 39
9 86
8 36
5 92
1 76
4 10
8 81
8 23
5 32
7 32
10 72
9 92
4 26
8 52
4 45
2 75
5 6
10 35
4 2
8 15
10 27
4 74
7 25
4 12
6 7
1 31
7 35
8 68
4 43
6 93
4 97
8 4
4 26
10 53
3 87
7 57
9 32
8 51
4 14
4 5
9 81
4 13
4 71
6 37
2 17
8 9
5 79
6 71
7 70
7 37
6 43
10 15
1 51
9 67
2 91
3 3
2 53
1 2
6 92
9 32
3 74
7 16
8 52
4 92
2 39
10 21
8 74
9 8
2 87
5 52
4 61
6 89
2 100
9 46
9 95
9 84
2 42
6 92
5 23
10 52
5 17
1 94
1 81
2 20
5 41
7 43
5 22
3 67
6 22
7 13
1 54
8 94
3 3
6 48
8 76
3 58
3 8
3 67
5 74
7 84
10 5
3 65
4 59
7 50
4 34
8 67
2 83
8 89
10 23
1 56
10 91
9 6
7 51
6 34
9 79
6 43
5 6
4 88
7 1
7 49
5 17
3 92
5 65
7 1
1 22
3 19
6 20
5 5
1 34
2 46
4 99
1 74
4 1
4 37
5 15
5 57
4 54
4 51
7 36
8 87
6 78
1 43
2 52
9 63
5 47
2 18
7 34
3 88
2 34
6 4
4 97
8 73
1 78
2 82
4 48
2 62
9 41
1 38
2 77
10 34
10 96
8 60
3 40
10 73
9 28
3 24
8 79
8 94
4 57
7 75
8 37
1 27
5 99
5 77
7 49
4 77
7 45
10 86
7 50
3 90
1 88
8 59
2 77
1 30
8 95
10 7
9 60
10 61
10 26
4 44
9 91
5 61
2 12
8 97
5 6
10 99
6 62
2 20
1 84
10 92
8 15
7 99
6 43
9 9
5 31
4 84
8 43
5 16
6 7
10 38
8 14
10 26
1 85
10 82
7 22
3 1
8 54
9 13
10 8
3 74
9 77
2 26
3 69
7 42
8 74
3 31
10 93
7 85
5 42
1 19
10 9
3 71
9 99
8 46
5 86
6 24
6 54
9 89
5 45
7 29
8 7
7 49
3 35
8 76
4 29
3 29
3 24
8 70
3 35
2 54
6 33
9 96
7 43
2 96
2 56
6 60
5 47
4 36
7 100
4 26
5 53
1 81
2 91
10 93
4 70
8 21
1 26
10 89
8 100
9 47
6 33
10 68
5 29
7 79
5 44
7 95
5 95
1 59
7 23
3 20
10 87
10 10
2 3
7 43
3 48
10 89
8 79
4 31
2 63
7 52
10 64
2 84
8 34
10 27
9 58
1 32
1 19
8 59
10 90
8 47
4 60
10 36
8 64
6 57
2 42
9 22
6 75
2 20
9 99
2 25
7 78
7 24
7 46
1 59
1 73
1 57
3 7
8 14
1 92
3 72
7 98
1 88
5 60
5 12
5 30
6 13
7 13
1 4
2 24
2 73
8 2
4 75
4 19
6 21
3 21
3 55
9 46
2 68
6 17
9 58
10 15
4 71
1 33
6 61
8 76
7 2
4 48
1 23
7 25
10 19
10 44
6 75
1 51
7 60
4 5
1 93
10 85
3 63
8 5
10 11
5 74
10 71
8 83
2 25
6 40
5 81
5 46
10 54
2 48
5 93
5 89
4 67
1 49
1 100
6 61
1 44
4 80
8 22
1 20
1 100
7 66
6 75
9 62
2 88
6 35
4 3
3 91
6 36
2 58
3 16
7 30
6 39
3 12
1 84
4 17
6 40
3 80
6 37
4 48
6 7
9 69
4 6
5 57
1 20
9 41
2 97
4 6
3 97
1 50
7 85
8 56
4 18
2 53
9 63
10 24
7 82
6 33
6 2
7 53
9 80
8 50
7 25
2 19
9 40
1 60
3 5
6 24
5 77
7 46
6 13
6 34
7 54
4 97
7 43
1 81
3 8
7 73
1 22
9 100
7 59
3 16
5 64
1 13
4 38
7 51
1 34
6 82
9 9
10 18
2 81
6 84
9 78
5 37
1 93
5 81
5 51
3 46
2 45
9 95
3 100
2 32
3 24
6 85
5 75
2 23
8 44
1 23
8 37
4 86
6 6
1 30
10 51
10 12
8 22
1 98
3 11
4 88
4 21
1 58
1 27
6 34
8 39
4 32
8 22
1 30
1 89
3 7
9 36
7 76
2 98
10 3
8 76
10 51
3 79
10 48
5 93
9 16
1 28
5 96
8 47
4 63
3 22
8 76
8 41
10 46
6 12
9 56
3 74
9 19
10 76
5 77
9 90
6 36
3 29
9 76
8 44
4 86
9 4
8 82
5 2
2 99
3 13
5 51
7 38
1 2
9 37
6 5
3 97
5 84
10 47
10 71
8 40
2 22
10 5
5 20
6 32
10 59
6 34
1 11
8 31
9 69
1 46
10 14
5 6
3 1
5 75
1 13
8 75
6 24
10 52
8 26
1 54
2 26
2 93
10 56
4 17
6 71
5 87
5 81
7 26
2 22
8 83
2 82
2 69
3 76
10 44
6 36
6 69
6 3
6 3
3 70
7 65
2 29
6 52
5 35
3 45
9 88
4 60
9 2
10 71
3 29
2 99
7 74
9 36
5 75
3 44
9 90
3 22
9 79
9 25
7 35
4 13
3 7
1 14
7 14
6 1
3 100
4 83
1 36
7 39
4 82
2 44
2 2
6 17
4 64
4 30
8 65
5 20
8 78
10 21
2 25
4 94
1 93
9 81
1 43
4 15
3 95
8 39
1 20
6 97
4 5
7 55
2 53
2 50
4 54
3 60
3 38
6 18
3 71
9 33
5 42
7 7
5 47
8 76
8 7
9 99
5 38
9 83
3 67
10 78
10 63
9 25
7 59
10 10
3 31
6 67
6 36
4 44
3 1
