8 39
2 27
1 68
5 93
2 10
2 96
7 50
10 30
6 15
3 26
9 21
6 7
3 20
5 88
7 51
7 40
4 7
5 80
8 14
8 25
6 34
2 38
10 11
7 87
7 43
2 3
1 90
7 83
1 74
5 79
10 82
6 36
1 36
8 93
2 75
3 83
4 91
8 56
8 16
9 62
5 94
1 81
7 61
8 7
3 92
2 9
4 27
10 52
1 54
7 62
10 68
4 94
7 30
8 10
3 74
1 48
5 72
6 1
6 49
5 70
10 37
7 13
3 47
2 92
3 73
4 81
5 21
1 59
7 79
6 24
9 16
10 96
4 13
3 57
8 98
5 61
7 47
8 54
7 81
4 2
2 36
6 59
9 4
9 33
3 82
3 90
10 87
4 15
9 89
8 91
2 13
10 16
5 8
5 94
4 17
6 7
5 13
3 21
8 87
3 9
3 15
8 5
2 10
7 85
3 11
3 77
6 46
9 31
7 42
4 60
4 52
6 26
4 50
3 22
4 10
6 39
10 94
5 40
1 74
2 5
7 13
2 57
6 39
1 53
2 71
10 61
3 73
7 37
2 61
3 2
5 8
2 43
2 95
6 94
5 54
2 4
8 89
5 98
8 30
10 79
7 84
2 59
7 49
8 69
8 36
10 65
1 25
7 76
2 90
10 97
5 34
4 38
9 92
9 60
4 87
5 16
7 97
2 64
10 75
8 30
9 32
2 91
8 74
6 71
7 74
7 17
1 31
6 98
3 59
6 36
7 81
10 50
5 7
6 55
1 91
4 31
3 90
1 5
1 82
7 39
6 17
5 20
2 8
8 13
3 80
6 96
1 76
1 94
10 95
5 71
2 42
2 93
2 12
7 53
1 78
1 1
9 57
7 20
2 89
5 3
9 52
2 62
1 13
2 99
8 68
1 19
2 12
8 27
9 39
7 33
4 25
5 77
6 55
10 91
6 31
6 19
2 27
7 25
3 59
1 43
6 45
6 52
8 23
6 82
1 90
6 12
3 91
9 99
2 24
10 39
2 82
1 66
6 88
1 61
7 95
6 3
10 98
6 35
10 21
9 46
9 27
4 70
7 69
2 86
2 30
9 79
6 36
2 80
8 33
2 62
10 20
4 66
5 74
3 53
9 54
2 7
10 1
7 75
2 26
10 50
2 90
2 71
8 44
4 92
6 17
4 48
6 58
4 5
5 23
5 68
8 33
4 40
9 19
10 24
7 51
10 53
6 48
5 31
5 71
6 79
5 15
6 72
10 14
4 56
3 11
8 86
1 14
7 34
1 95
2 79
6 99
5 49
1 20
5 12
2 47
10 49
10 53
1 4
3 35
6 98
2 40
6 90
4 2
9 60
4 59
3 10
7 62
5 79
4 45
7 48
1 24
7 49
6 33
3 82
1 38
8 100
5 96
5 100
7 40
3 67
8 77
3 40
4 57
10 94
8 97
4 1
4 56
6 68
9 44
8 13
7 58
2 6
1 60
7 17
2 32
6 19
6 47
10 37
3 19
3 95
1 91
1 14
8 26
7 66
3 79
7 13
10 99
8 47
9 100
6 47
5 15
7 79
6 74
3 69
6 77
9 90
10 18
1 83
6 11
8 90
9 96
6 78
2 98
1 85
6 16
3 12
6 88
2 8
5 74
9 4
1 30
10 10
9 11
5 80
8 45
2 53
8 32
9 61
7 14
6 85
3 68
2 59
2 68
9 22
7 95
2 6
2 6
5 68
5 47
10 86
10 100
4 90
8 90
8 76
5 60
1 26
5 71
1 52
2 74
1 72
3 25
2 60
7 30
10 4
10 20
1 31
4 22
6 3
7 24
7 1
6 99
6 30
1 11
5 95
8 23
9 75
5 63
8 57
4 97
10 25
1 67
2 1
3 26
5 45
10 53
4 7
5 40
7 37
8 10
1 52
5 70
5 11
2 87
2 77
5 36
6 44
1 8
4 95
3 21
8 71
4 21
8 98
9 86
8 40
3 14
9 11
1 75
7 79
3 16
6 40
6 66
8 9
1 23
1 41
5 49
1 31
10 95
1 22
4 85
7 23
5 25
9 5
7 83
6 76
3 33
2 82
9 44
3 67
8 16
3 79
5 10
4 58
8 52
9 83
1 49
1 18
10 25
6 65
1 81
9 18
1 3
8 68
3 49
7 83
3 98
5 41
6 35
2 15
9 97
10 90
1 48
6 40
1 16
10 31
10 70
7 96
2 47
8 12
4 13
8 5
1 35
2 52
10 76
6 80
5 76
1 41
6 95
7 54
9 19
3 7
10 88
10 23
1 59
2 8
9 97
7 96
3 74
4 34
9 62
8 42
9 82
5 10
1 100
5 92
1 62
10 1
5 54
8 7
5 32
2 59
6 96
1 97
4 6
5 61
3 32
7 84
1 39
2 60
2 10
4 9
7 65
10 77
3 10
10 79
1 82
10 89
6 50
9 3
9 80
4 44
4 46
3 32
6 27
9 3
9 70
7 18
8 7
3 48
4 76
7 40
9 73
6 2
7 84
7 52
9 9
9 43
6 61
2 83
1 2
6 47
10 75
6 19
2 70
3 56
2 84
9 6
7 85
10 94
1 5
3 29
4 95
4 78
9 84
2 52
3 4
3 41
9 34
6 75
8 41
9 19
7 87
2 32
10 53
3 98
8 22
4 65
1 15
10 6
9 44
9 52
3 40
5 95
6 38
8 15
1 23
3 48
9 65
4 87
10 87
1 28
3 22
7 10
4 57
10 41
4 44
7 87
4 20
2 63
10 75
6 74
6 58
10 27
2 65
1 95
3 54
4 14
1 78
1 69
10 65
2 65
10 29
6 36
5 30
9 36
2 58
6 1
4 60
6 97
8 67
9 79
1 49
9 51
3 61
2 70
7 38
10 5
7 82
2 88
3 88
4 98
9 2
1 60
4 78
7 8
10 47
7 88
3 93
7 95
8 27
8 76
10 46
5 9
10 35
1 27
1 84
7 21
10 51
6 99
3 24
8 98
6 19
4 13
3 95
6 14
4 61
8 52
9 44
7 49
5 17
10 69
4 27
4 34
7 78
9 17
3 70
1 98
9 12
8 75
3 45
8 89
9 2
2 97
8 43
6 61
5 51
7 41
7 61
5 99
2 7
7 43
3 24
3 43
9 88
5 26
4 100
7 15
3 15
9 60
10 49
9 62
10 9
7 19
2 78
1 22
1 72
4 60
9 2
7 80
3 90
5 14
9 12
8 71
1 3
10 61
6 40
3 59
1 4
7 61
4 18
1 42
10 8
5 5
4 56
1 54
5 19
6 98
7 13
10 63
2 58
7 27
3 77
10 39
10 24
5 89
3 13
4 79
10 8
5 42
8 34
1 26
8 70
4 39
9 10
9 54
2 65
1 12
10 44
10 44
10 87
9 63
10 59
10 65
5 26
2 74
2 91
9 53
1 19
10 96
8 13
9 60
10 27
4 21
2 13
4 74
4 76
4 24
1 83
10 8
4 90
8 95
4 45
2 25
6 31
2 34
3 77
7 86
8 1
3 5
6 64
4 79
8 64
7 16
5 99
7 100
1 66
6 94
7 74
9 64
1 73
3 41
7 89
8 34
10 18
7 82
10 9
7 32
8 17
3 71
9 53
4 26
9 81
3 22
9 59
10 93
8 34
2 25
3 18
10 82
6 42
6 65
4 64
1 46
2 11
10 84
4 99
4 93
6 36
1 17
1 29
3 24
1 65
7 33
5 45
7 53
3 26
6 21
5 8
8 4
6 16
6 92
7 71
6 65
8 97
9 19
4 86
7 26
10 67
1 37
4 56
1 51
5 53
10 27
8 59
7 46
10 35
6 55
7 46
5 82
7 64
8 22
5 39
10 49
5 7
7 83
4 92
7 32
5 80
5 23
2 43
5 68
2 61
3 36
9 84
10 72
9 68
6 84
9 76
4 43
3 17
1 73
10 89
10 48
9 2
5 8
1 46
10 26
5 16
9 68
2 65
6 91
8 45
1 98
1 80
10 19
1 38
1 64
8 27
2 68
9 91
1 19
2 34
4 56
8 16
4 38
7 69
9 80
10 99
2 67
2 93
9 5
1 41
8 71
3 18
5 30
9 92
5 20
10 80
6 95
7 39
10 68
3 80
10 74
1 83
10 76
7 70
9 17
4 34
1 79
4 10
10 72
10 84
6 66
6 96
8 5
7 52
5 72
1 90
1 88
5 65
1 97
7 34
8 91
1 62
6 72
2 38
6 33
2 68
1 78
1 22
9 80
2 56
7 2
10 90
6 24
3 16
4 97
4 75
7 51
10 29
1 25
5 60
9 37
2 63
6 44
10 74
7 87
7 25
3 55
7 98
4 66
6 40
9 69
5 31
10 38
2 69
5 59
5 74
3 52
2 69
8 27
1 48
4 22
8 47
5 7
2 68
10 64
10 26
5 60
6 87
10 63
9 92
9 94
1 6
2 35
8 3
3 12
10 80
9 34
6 89
6 34
