2 52
10 87
4 81
6 54
4 12
10 46
6 75
3 67
6 29
7 1
1 82
2 85
4 13
2 55
8 60
3 93
1 88
2 75
3 62
7 19
9 61
6 51
6 9
9 69
10 73
6 51
1 98
7 70
5 57
1 57
6 28
8 95
7 52
5 89
4 90
8 37
3 100
5 64
9 3
1 75
8 56
3 63
2 4
10 10
1 29
6 90
5 58
2 21
1 82
1 7
5 10
6 36
4 98
4 26
6 14
9 79
7 98
10 27
8 91
3 18
9 65
4 61
6 30
6 52
7 89
1 84
4 17
1 50
7 93
3 36
7 65
6 98
2 3
3 57
5 15
6 62
8 32
6 75
7 81
2 96
8 77
1 39
3 72
3 45
7 6
1 49
7 33
5 52
10 14
6 64
3 17
9 93
10 52
10 22
7 47
5 36
7 13
5 3
2 2
3 57
3 57
10 51
8 21
6 72
8 69
5 84
4 48
8 48
2 3
2 72
2 54
9 69
1 43
8 93
9 47
10 20
2 77
4 86
5 57
3 79
10 70
4 26
3 13
2 35
2 34
8 51
3 77
8 15
7 9
5 78
7 56
4 4
7 12
10 40
4 98
1 84
3 26
9 28
8 47
8 89
9 53
3 37
8 57
10 81
6 28
8 55
2 52
1 53
5 33
4 86
2 24
5 28
9 2
10 92
6 11
2 83
5 28
4 17
6 80
7 60
5 5
7 66
9 24
4 20
3 95
9 93
5 97
9 67
4 68
10 65
5 40
2 76
7 27
5 84
1 9
3 44
9 62
5 37
5 15
10 9
4 40
6 80
9 99
2 64
3 97
9 7
10 86
7 54
5 98
4 84
1 89
7 16
1 8
3 91
8 50
4 20
3 54
5 99
2 78
9 85
2 85
7 50
5 78
2 87
7 49
8 6
2 51
2 29
1 15
1 100
7 12
8 24
9 26
8 54
10 85
6 75
1 72
5 46
6 71
2 15
2 68
10 75
10 80
8 19
10 46
7 97
9 49
4 38
2 36
9 49
9 80
1 65
1 89
2 59
3 69
9 31
6 50
4 26
9 47
3 69
6 75
8 36
4 86
5 42
7 20
1 76
7 44
3 33
9 62
4 90
2 29
7 79
5 97
8 43
7 100
1 36
10 25
8 63
2 58
10 39
2 26
7 88
6 88
3 16
2 34
5 98
9 43
1 43
4 31
8 34
10 8
4 91
10 83
7 21
9 65
6 54
10 38
5 92
2 68
9 81
5 32
6 59
6 45
2 2
8 6
5 3
9 74
10 67
5 47
6 34
9 32
7 34
3 96
7 96
4 81
5 21
7 37
9 65
9 61
2 89
5 84
8 15
10 59
10 80
1 35
4 14
4 99
1 40
10 48
3 24
4 83
10 80
9 26
4 16
8 23
3 11
1 42
9 72
10 54
5 50
9 40
7 57
2 65
9 20
4 17
8 20
5 16
9 41
3 49
8 40
9 14
6 53
3 52
4 64
9 32
3 36
7 42
3 92
5 6
8 94
8 29
7 92
3 42
6 69
9 63
10 78
2 54
8 19
1 70
2 86
9 91
2 39
8 5
4 41
7 62
10 17
6 38
10 77
7 5
8 80
6 40
2 76
7 48
3 5
1 48
6 86
1 22
8 18
5 57
7 26
9 34
3 46
10 74
10 49
7 56
2 81
6 64
4 48
10 35
10 34
8 66
2 68
1 26
1 99
9 22
9 70
9 94
6 32
9 79
7 58
10 71
10 5
9 31
3 53
8 36
8 59
2 87
4 89
5 97
9 23
3 60
6 77
6 80
8 40
4 62
9 11
1 15
5 88
8 12
5 39
9 14
1 43
8 33
6 3
3 23
5 37
2 59
4 79
2 35
9 22
3 19
7 64
4 59
3 49
3 33
7 99
2 37
7 31
2 18
9 52
8 27
8 59
1 62
2 64
10 28
6 57
2 86
7 25
6 84
6 77
9 65
1 87
6 86
7 99
6 16
4 99
9 41
4 34
8 67
1 97
4 89
6 30
2 27
8 75
4 5
10 56
3 35
3 21
3 84
4 66
7 41
9 56
10 74
5 89
9 12
3 81
8 50
1 5
10 53
6 76
6 58
1 89
4 84
6 59
10 8
2 29
9 50
8 27
1 49
10 57
5 66
8 47
4 65
7 82
7 78
3 14
8 28
3 93
5 17
5 99
8 77
6 68
10 11
5 64
8 42
10 94
4 26
2 77
7 1
1 12
7 93
4 76
7 78
5 7
5 28
10 28
1 75
1 50
9 96
1 56
3 2
2 47
10 2
6 23
1 23
4 87
9 41
4 2
4 77
8 37
5 74
9 47
7 39
7 48
5 37
7 82
7 97
4 82
2 71
1 11
7 65
10 53
5 15
1 44
3 68
4 69
4 43
5 10
4 4
6 98
9 14
5 33
9 53
10 76
10 65
1 2
2 67
8 20
2 36
1 79
8 43
5 7
5 95
6 23
6 39
9 88
8 47
6 15
5 36
5 24
3 19
4 57
2 20
5 64
10 14
3 77
9 67
3 88
9 49
1 64
7 95
9 17
8 19
6 19
8 50
10 48
4 71
9 99
2 76
3 87
6 98
5 96
1 35
8 20
7 15
10 15
9 65
8 57
3 20
3 54
7 38
1 40
8 8
4 32
6 92
8 91
3 96
7 7
10 96
10 39
10 52
3 59
1 27
7 65
8 92
2 10
8 56
8 34
10 9
3 12
4 19
9 80
10 96
6 58
9 9
2 4
9 71
3 40
8 76
5 9
5 77
1 53
6 49
2 72
3 12
6 19
2 21
3 24
6 94
3 77
6 14
9 52
8 86
6 95
4 5
4 37
6 97
9 53
7 40
8 2
5 91
9 37
6 55
10 88
6 29
2 40
4 28
9 82
4 23
1 90
10 60
8 68
2 89
4 88
3 70
8 78
6 84
2 27
5 72
6 87
1 35
5 48
3 11
4 19
5 19
1 91
4 81
10 31
1 25
6 73
6 18
3 70
8 73
5 60
7 33
6 7
8 27
7 11
3 13
1 99
5 94
6 64
3 99
1 98
2 37
6 29
2 12
2 34
5 55
8 44
1 33
7 85
4 76
7 91
4 88
5 74
9 24
8 87
7 58
5 100
6 85
5 26
9 61
9 64
10 86
1 75
8 61
4 29
8 59
9 11
10 28
5 43
1 57
7 83
1 51
4 18
6 5
1 45
1 48
1 66
4 94
6 5
10 52
9 70
9 49
1 59
5 72
3 14
7 49
4 57
7 9
3 4
5 73
8 55
6 22
8 96
8 82
1 58
8 78
8 81
9 20
9 63
9 52
7 89
4 56
10 3
1 97
1 89
6 100
7 67
2 62
4 7
4 88
3 91
9 48
6 13
9 13
2 68
8 33
2 10
7 6
3 31
1 1
1 70
3 32
6 61
7 56
9 3
9 39
2 74
5 57
6 92
1 56
1 76
2 98
1 46
5 14
3 55
1 96
7 70
8 79
4 77
9 17
3 68
3 70
8 9
10 41
9 100
6 33
10 37
5 55
2 100
1 30
8 37
3 32
1 86
3 7
1 83
6 36
6 41
9 75
6 55
10 49
3 1
6 27
9 18
1 5
1 33
10 80
3 72
7 5
6 18
4 54
9 20
8 26
1 67
5 28
7 12
3 81
6 72
2 4
6 47
9 92
5 25
7 45
9 1
3 71
9 26
10 21
3 46
5 42
3 97
8 38
1 44
8 51
1 49
6 19
4 56
9 22
9 91
6 22
2 22
9 11
6 17
4 72
10 39
4 44
4 21
1 65
2 20
2 97
9 52
2 55
8 50
6 10
10 52
6 85
8 100
9 97
10 64
7 7
4 22
3 41
8 25
1 90
4 42
5 87
2 68
5 10
6 55
8 45
2 44
7 79
2 96
1 75
2 58
1 62
9 63
5 24
2 5
1 70
4 48
6 56
8 9
1 46
8 9
4 21
7 30
10 92
9 5
10 96
3 36
7 17
6 94
3 26
5 10
8 68
7 85
4 48
8 89
2 28
5 35
8 61
10 23
6 39
3 71
8 41
2 46
1 35
3 52
1 30
6 16
9 59
3 17
3 88
5 54
8 48
6 37
2 94
8 87
7 62
4 2
8 68
2 79
10 14
9 95
2 48
9 42
5 7
6 60
4 99
9 13
1 82
9 47
2 67
6 61
6 80
2 70
6 1
8 53
2 4
4 21
1 57
4 10
1 75
1 95
7 18
3 41
10 22
4 45
9 17
6 62
3 20
2 52
5 22
7 5
10 15
2 97
8 37
8 17
8 9
5 4
5 88
2 95
9 92
5 11
8 35
8 50
10 52
1 58
9 30
9 38
10 61
6 7
3 82
2 86
7 99
2 37
10 13
4 23
8 60
7 22
7 85
10 84
10 38
3 2
10 86
4 70
4 7
8 75
2 14
4 7
5 51
8 57
7 82
1 88
6 57
5 65
8 56
7 93
