4 76
1 95
2 71
4 13
2 96
4 54
1 38
4 77
5 70
2 79
3 35
9 8
1 85
9 32
7 92
7 42
7 27
10 5
4 78
10 23
9 10
2 44
9 36
2 15
8 34
1 60
6 45
4 78
4 66
2 56
2 100
10 79
5 79
9 10
6 97
1 75
7 55
9 78
1 11
8 92
1 92
10 50
5 85
10 64
8 51
10 9
5 22
10 73
9 48
4 11
4 11
1 60
8 45
10 76
2 30
9 80
7 25
8 2
3 10
9 10
8 8
2 45
8 19
3 68
5 2
6 38
6 21
10 55
3 18
2 67
9 25
6 75
4 72
9 98
3 1
4 67
5 57
7 71
8 58
1 83
6 17
5 49
6 61
1 8
3 100
4 17
6 25
3 24
2 47
10 44
10 81
10 20
10 65
5 55
6 68
4 83
8 9
4 58
2 98
3 2
9 4
6 56
10 13
7 48
10 85
5 71
4 46
5 73
8 66
4 33
10 44
4 100
9 50
8 39
3 73
3 38
7 58
7 75
10 2
7 18
9 82
6 55
3 53
6 37
5 90
1 2
3 66
1 33
2 51
1 59
7 100
5 24
9 54
9 66
2 87
5 80
10 77
8 68
3 85
9 37
6 63
1 12
7 79
9 39
1 30
7 95
3 79
1 95
6 55
8 45
1 64
9 71
3 15
8 6
9 15
10 97
1 95
8 21
8 70
9 54
4 89
8 9
5 73
5 44
1 7
3 8
7 34
10 50
5 1
8 90
5 74
3 68
5 51
4 16
5 27
7 69
3 93
9 75
1 14
1 27
5 53
1 12
8 12
5 19
10 93
8 62
8 27
2 71
6 91
2 9
8 99
8 57
10 98
9 23
8 67
3 75
3 60
8 11
10 79
8 95
7 40
1 68
4 45
5 38
7 75
10 12
2 2
5 90
2 77
2 47
10 55
6 41
9 58
2 47
1 90
6 21
6 38
7 87
4 36
10 8
2 39
2 18
3 63
4 35
5 56
2 70
8 18
8 97
3 73
6 55
5 14
6 54
4 55
10 39
6 81
5 46
5 47
1 61
5 46
7 85
7 83
7 4
7 69
2 14
6 30
6 27
10 89
10 22
4 19
7 100
8 23
8 87
1 50
7 7
10 67
3 44
5 80
6 14
1 80
1 53
5 54
6 75
6 22
4 49
5 54
7 87
2 10
10 65
10 38
4 95
6 91
9 19
10 2
2 46
4 73
3 21
9 35
1 20
3 18
5 66
10 55
8 54
2 91
9 81
4 26
4 69
3 58
1 35
7 45
1 34
6 46
1 7
10 46
2 16
3 88
8 41
4 100
10 55
8 70
4 34
2 41
5 73
6 67
8 4
6 52
10 89
5 99
3 71
7 14
9 17
8 25
5 40
4 3
8 73
8 49
10 98
7 72
1 15
3 10
3 5
8 36
5 55
7 27
4 65
6 21
6 62
8 55
6 93
3 54
8 60
8 10
9 70
9 28
5 4
5 31
2 87
8 30
8 60
4 42
9 12
10 70
2 99
5 5
10 9
6 39
4 100
8 9
1 57
10 71
3 62
8 39
7 13
7 48
8 32
4 49
5 57
1 4
5 64
2 100
10 99
8 19
1 78
8 97
7 85
1 30
5 59
2 18
5 92
9 15
9 36
5 99
3 87
6 5
5 97
1 91
8 36
6 74
10 68
2 2
8 51
6 69
5 2
8 23
3 48
2 11
4 58
6 93
5 75
4 99
7 99
1 23
1 72
6 52
1 88
8 41
9 34
7 36
2 71
6 70
1 73
7 56
9 8
2 30
1 73
4 36
10 20
5 79
10 46
5 97
4 65
2 57
2 16
3 18
5 58
7 84
2 22
9 10
8 85
9 82
3 45
3 66
10 26
9 87
1 55
5 29
4 71
9 55
3 2
6 41
8 36
6 72
9 84
5 1
2 49
2 30
6 54
2 14
1 8
4 8
9 63
3 36
9 22
7 34
1 51
5 4
8 35
7 34
10 10
8 93
6 92
3 81
2 29
4 36
2 10
1 41
2 17
7 37
10 38
3 34
5 64
4 70
5 69
8 67
3 5
1 1
8 6
7 20
10 33
10 52
1 21
10 3
4 50
4 10
3 75
4 28
7 21
1 44
3 49
1 86
1 25
5 63
4 28
6 22
2 71
3 66
9 7
3 85
1 6
7 17
4 62
6 75
3 21
1 99
3 43
8 52
5 46
10 65
3 41
7 35
5 43
7 22
8 74
6 75
9 36
9 68
4 66
10 28
5 49
6 97
6 43
1 72
5 83
4 60
5 76
6 24
6 36
1 23
10 16
9 10
6 17
2 73
8 11
1 82
3 17
8 51
4 65
8 31
7 88
6 45
7 39
5 40
7 71
7 15
2 99
8 45
3 8
2 25
6 73
3 49
3 93
2 89
3 10
7 76
10 91
10 30
5 2
6 44
5 20
8 16
3 34
5 53
5 11
6 92
2 68
8 14
6 52
7 55
4 44
10 67
9 18
3 68
5 83
5 7
2 46
6 60
7 58
5 77
6 75
3 66
9 44
6 64
1 18
4 5
3 69
5 33
5 54
3 79
10 99
8 21
5 62
6 1
10 89
3 93
8 63
5 35
7 90
9 8
4 33
8 55
4 40
8 29
6 42
9 82
7 99
9 35
2 44
6 56
5 77
5 58
7 93
6 63
2 5
3 57
9 95
1 20
4 17
2 83
6 23
7 19
6 70
6 44
5 87
6 41
10 68
2 47
5 62
5 78
3 45
8 12
9 52
4 94
2 96
7 16
4 97
4 33
1 76
7 13
4 100
1 20
2 76
9 17
8 38
7 95
1 14
3 91
1 46
7 79
10 34
10 99
1 35
9 99
7 77
10 41
8 47
9 93
9 68
2 35
9 24
1 20
6 52
1 29
8 19
7 57
2 81
3 65
10 86
1 15
10 61
2 25
10 31
10 36
1 48
6 33
7 9
3 99
8 43
6 71
8 19
5 58
10 51
5 17
5 90
1 19
4 68
5 56
7 21
9 33
9 13
1 92
10 24
8 9
6 91
5 72
3 63
8 71
7 39
2 68
2 14
10 84
2 95
8 14
2 77
7 35
7 49
7 27
4 90
10 71
2 61
3 97
2 11
8 56
4 89
2 25
4 51
5 95
7 1
1 8
1 50
10 16
4 66
10 27
8 79
6 75
8 24
2 36
8 87
6 81
9 53
7 44
3 13
1 42
3 29
1 85
9 53
6 78
1 50
10 39
9 62
2 22
10 88
9 4
1 62
7 38
6 52
1 34
10 11
7 42
2 78
2 13
6 1
8 39
8 23
7 96
8 13
9 24
2 69
10 74
8 93
8 67
10 72
4 82
8 26
1 99
3 1
1 81
9 12
10 41
5 12
5 97
5 1
10 21
4 51
3 81
1 64
4 51
10 79
10 37
9 61
7 16
6 7
3 56
1 80
2 61
8 66
6 86
6 57
8 52
8 47
2 54
2 26
8 44
4 100
1 94
10 30
4 7
7 57
4 63
10 17
9 31
4 7
6 76
10 7
4 19
4 71
7 91
7 16
9 44
10 75
7 53
5 35
10 71
5 13
6 85
5 20
7 3
4 13
3 70
6 88
9 65
2 93
10 99
10 5
10 69
2 48
10 75
7 36
3 43
9 57
9 71
6 37
1 53
4 22
5 36
6 27
6 17
6 40
1 68
1 66
2 9
1 91
6 15
2 2
1 29
1 24
7 16
8 72
3 45
8 96
10 67
9 61
4 56
8 72
8 22
4 47
10 49
10 49
3 38
9 89
5 3
7 86
6 8
4 40
2 98
8 98
2 6
9 66
8 23
5 25
3 57
1 44
1 18
7 12
6 31
1 81
1 54
2 47
10 40
3 18
6 30
3 56
6 58
8 69
7 16
7 59
4 46
6 36
2 30
8 38
7 94
8 41
9 26
10 72
4 43
2 65
4 27
10 67
4 50
10 31
8 80
6 31
9 85
2 20
8 42
6 26
5 8
1 66
6 59
6 39
7 70
1 26
7 55
1 77
7 87
5 4
9 31
7 32
6 8
9 7
3 81
4 80
4 13
4 71
5 5
3 74
3 20
2 41
2 92
7 12
1 72
3 19
9 13
1 77
6 86
2 18
6 81
2 32
3 83
5 14
5 52
2 8
9 13
5 62
2 55
4 59
9 97
3 85
4 58
10 32
1 56
8 93
5 57
4 39
4 32
5 100
3 88
6 73
10 30
9 76
10 48
6 22
7 59
6 82
5 21
8 84
4 32
7 100
5 32
4 91
1 16
5 88
8 1
2 1
4 34
6 43
9 99
6 81
9 49
1 49
8 12
7 86
7 82
1 94
8 56
3 74
8 90
8 16
5 70
7 89
6 94
3 13
2 32
10 48
5 64
6 39
4 54
2 20
3 44
1 99
5 55
10 3
6 50
4 29
9 77
2 43
6 77
2 88
10 11
7 100
3 43
1 100
