10 37
2 75
1 43
6 37
7 16
6 53
6 79
8 76
4 12
10 8
4 51
7 95
3 54
3 72
4 33
7 76
4 5
5 79
2 78
8 56
4 70
7 79
6 44
2 67
7 46
1 53
3 47
8 32
3 68
7 61
7 42
1 7
6 73
3 29
1 5
9 33
7 26
6 29
7 38
4 59
6 42
2 90
3 77
1 93
7 58
10 49
8 61
9 91
1 75
3 74
2 87
4 95
6 36
2 92
2 8
2 51
9 22
3 5
1 84
3 97
6 57
10 71
9 47
6 55
4 17
4 51
6 56
4 66
3 28
6 90
5 54
9 65
3 44
1 84
6 5
8 73
1 55
7 15
8 83
3 68
9 4
10 99
1 93
8 64
1 37
3 61
2 69
8 62
9 81
5 93
2 43
3 49
2 5
1 26
5 6
5 10
2 65
10 62
10 41
5 27
1 77
8 100
6 8
1 98
2 89
3 19
4 62
7 88
5 95
4 62
9 83
10 84
10 62
7 4
9 1
3 59
3 74
6 67
2 44
6 80
1 48
9 59
7 75
4 87
5 41
1 37
5 14
9 71
9 40
6 25
2 8
8 50
6 18
8 50
2 72
10 33
3 74
10 55
3 93
6 66
3 91
8 22
5 92
2 59
2 31
9 18
9 58
10 34
8 51
7 26
3 8
10 49
5 75
2 21
4 17
4 32
1 21
1 81
1 64
10 24
10 98
6 1
10 92
2 19
9 78
8 57
8 53
10 47
10 39
4 35
5 6
1 34
9 14
5 58
1 14
10 25
9 55
3 32
1 78
7 75
6 35
5 65
1 22
1 84
3 82
2 63
9 69
3 40
6 56
7 69
2 95
6 74
4 45
2 82
3 30
8 40
10 50
5 41
9 8
10 51
6 95
10 36
8 45
1 89
9 1
9 70
6 83
3 49
5 75
4 63
4 98
9 2
4 87
10 85
9 62
3 89
4 24
7 86
5 46
2 42
7 55
1 98
3 84
1 72
1 47
7 12
7 2
10 51
8 62
2 93
9 48
4 34
7 7
5 62
7 56
8 51
10 32
6 24
10 4
8 67
9 35
4 11
2 97
9 81
6 3
6 9
10 23
2 78
10 62
1 98
8 29
9 99
5 25
10 92
9 75
6 60
4 80
1 89
3 11
10 76
4 37
1 78
8 78
10 68
1 59
2 12
7 34
4 99
8 10
3 22
1 48
7 93
1 7
10 43
3 29
7 74
6 10
3 66
5 78
8 17
1 39
6 46
8 81
4 47
2 43
6 74
4 91
3 14
6 26
2 84
4 18
1 64
7 84
6 83
7 86
3 40
6 58
7 98
10 65
5 66
3 16
2 60
8 53
3 16
7 10
5 80
1 46
6 45
4 29
9 72
10 55
6 78
9 84
7 44
5 43
3 33
4 85
5 89
5 81
4 39
1 87
2 99
1 90
9 11
10 35
10 41
4 48
9 75
4 21
1 98
8 94
5 31
4 69
5 75
3 4
1 91
6 68
10 54
4 33
3 43
8 59
3 30
1 21
4 54
6 24
2 65
9 59
10 41
4 66
5 88
8 25
8 19
6 3
6 59
8 8
4 33
1 61
1 4
5 47
4 40
6 59
8 82
8 53
1 99
1 43
1 31
8 16
7 60
2 55
7 72
7 38
3 56
1 9
5 89
8 85
6 37
1 97
9 51
3 52
4 53
6 43
6 92
3 42
8 34
4 51
8 60
1 96
4 97
7 87
7 87
4 3
4 49
8 37
5 54
2 37
5 74
2 59
8 32
2 74
8 64
7 69
7 94
4 37
5 91
10 55
3 21
5 2
2 55
6 41
7 26
7 27
9 39
8 88
9 1
1 25
10 99
7 35
10 73
2 93
4 39
3 24
4 27
10 21
7 83
6 31
2 96
10 74
7 47
9 84
10 33
9 46
9 50
8 62
7 74
9 89
7 97
4 44
10 57
9 57
10 79
6 92
8 86
5 15
10 3
3 60
5 62
10 73
10 47
9 2
6 22
9 64
6 13
8 73
7 95
7 81
7 81
5 8
1 85
8 22
8 59
4 84
7 94
6 51
5 43
10 83
9 62
1 23
6 62
3 85
6 82
8 94
3 33
9 91
8 34
8 61
9 3
3 8
7 72
2 48
10 93
5 17
4 69
4 49
8 21
4 66
10 85
3 79
7 73
9 77
6 20
5 3
1 62
8 7
1 97
10 94
7 87
5 36
6 75
4 78
5 77
4 25
3 99
10 64
1 79
5 54
1 43
2 85
1 1
5 7
9 23
9 83
1 50
5 100
3 100
6 47
7 51
2 3
1 90
3 30
10 7
2 78
3 3
3 33
9 43
2 11
3 32
6 67
3 45
7 45
9 20
8 3
4 95
3 6
3 53
6 48
4 47
2 64
8 76
1 43
7 77
4 50
10 66
9 25
2 6
7 26
1 3
1 39
10 36
9 74
5 77
6 87
9 5
2 2
7 95
2 37
3 31
5 17
1 43
10 45
8 6
10 85
7 38
5 78
10 23
4 29
4 68
6 14
7 97
4 6
5 10
1 70
10 100
3 5
4 90
7 4
5 68
4 88
1 23
3 44
9 4
3 10
6 88
8 81
2 100
1 70
4 31
7 43
8 33
3 20
3 87
2 69
10 62
9 85
9 4
7 38
8 59
2 33
1 92
10 69
2 30
4 88
10 85
8 66
8 66
8 19
9 7
3 52
4 77
10 70
3 60
3 79
4 15
1 89
8 27
1 37
6 91
8 29
8 84
8 79
8 70
1 6
10 48
6 26
8 100
9 72
3 47
5 20
3 56
5 24
6 7
2 50
9 14
10 1
5 60
9 61
4 95
5 17
8 12
4 6
10 12
5 31
1 2
1 24
5 40
8 52
9 8
1 71
3 92
3 44
7 66
5 36
6 34
7 48
8 30
2 89
10 41
6 43
6 75
9 59
2 85
3 38
3 64
8 88
8 77
10 18
2 84
10 24
1 82
2 78
9 38
8 94
1 30
5 20
7 48
3 14
3 71
3 91
3 45
7 58
2 56
6 23
2 68
6 46
9 49
3 45
3 44
9 34
2 12
4 1
1 19
9 64
5 24
9 1
9 5
9 28
3 6
8 22
4 25
5 54
6 35
9 4
2 88
2 20
3 55
10 68
9 74
1 34
3 86
9 45
10 82
2 63
5 62
8 85
3 83
7 27
2 13
6 38
7 18
5 4
2 14
10 96
10 85
9 39
1 97
7 99
4 19
1 22
9 69
9 82
3 10
7 17
6 3
9 64
8 27
7 15
6 90
3 28
4 70
4 80
5 59
4 50
3 72
6 89
10 59
7 63
2 66
6 9
3 25
8 31
10 74
10 52
6 63
8 77
4 14
8 75
7 37
1 76
6 6
6 77
6 88
1 70
5 44
6 10
2 74
4 5
10 75
2 56
9 76
4 52
10 78
10 31
1 18
5 72
2 63
5 18
7 71
3 48
2 42
10 80
7 51
5 75
2 54
5 74
7 38
6 15
10 72
2 57
3 100
9 85
3 89
9 10
1 73
10 38
9 10
2 76
4 36
8 65
10 31
5 42
4 81
1 51
3 18
9 79
4 84
8 73
3 58
10 99
10 77
8 6
5 87
8 86
6 76
5 27
10 66
5 77
1 40
4 84
7 83
9 81
10 50
1 42
3 64
8 77
2 36
7 20
5 73
9 36
6 44
8 1
1 40
3 78
1 36
10 98
1 95
5 42
4 89
10 69
7 30
7 7
4 38
8 54
5 5
9 36
5 8
6 42
9 95
3 45
10 21
10 53
10 83
8 26
3 6
3 62
1 45
7 65
4 2
5 95
9 53
1 38
7 19
9 80
6 45
7 39
10 46
6 60
8 45
6 2
3 49
9 37
10 3
4 60
3 45
8 15
6 38
1 37
6 38
1 17
6 21
8 28
7 20
5 93
5 39
9 5
5 45
2 98
1 62
8 27
8 31
4 5
6 45
3 53
7 32
1 91
3 75
6 71
3 6
3 78
3 20
7 48
1 59
3 29
10 44
3 94
1 80
4 43
10 25
9 27
5 22
4 60
7 56
9 80
2 10
3 97
5 24
4 62
9 74
2 86
5 7
5 10
1 67
4 87
7 86
3 58
8 76
4 53
2 18
3 28
3 85
7 76
3 11
4 43
5 83
8 5
2 70
9 15
8 84
8 18
9 80
1 23
10 78
9 99
3 35
4 26
5 10
8 4
5 57
1 84
7 10
5 61
2 2
5 15
4 33
9 73
4 80
4 9
8 79
4 52
1 97
3 58
10 63
9 14
1 59
10 88
5 83
10 36
4 61
2 44
5 40
5 6
10 24
8 92
5 80
9 33
9 74
2 25
2 17
5 4
3 15
4 43
10 33
2 40
6 56
2 90
1 49
10 98
8 46
6 37
5 44
4 77
2 5
8 54
7 44
9 71
3 95
9 70
7 24
6 51
1 96
8 96
4 78
