4 15
8 2
2 90
5 83
9 49
7 11
4 81
3 96
10 38
1 10
3 90
1 95
5 45
10 37
3 90
4 7
3 68
1 97
3 47
8 25
2 62
8 30
2 37
5 90
9 3
6 65
3 95
10 82
4 53
1 3
4 49
7 89
7 67
1 21
2 41
10 9
7 74
1 20
3 84
5 37
8 78
8 27
10 20
2 58
3 7
1 13
2 32
10 38
1 61
3 82
3 93
9 94
2 90
8 23
3 85
7 53
4 33
3 100
8 59
8 56
3 34
2 28
3 52
3 21
10 70
6 72
4 26
8 78
7 42
7 81
3 100
4 9
6 33
3 77
1 3
3 39
7 92
5 82
2 64
4 43
9 79
9 44
5 12
2 50
9 22
9 93
7 70
5 94
7 98
5 100
1 61
7 92
2 71
4 4
3 16
8 4
6 66
7 33
10 32
5 77
1 34
8 39
2 66
4 39
10 84
7 95
5 39
10 87
5 33
7 43
5 61
3 83
6 52
9 70
1 89
10 52
4 14
2 43
7 49
2 98
10 43
1 81
8 16
7 52
3 84
1 18
1 59
10 97
3 72
8 89
5 20
4 3
2 65
10 82
10 94
8 100
2 67
8 54
8 33
9 34
1 25
3 5
9 84
10 30
6 100
8 10
4 16
7 50
6 81
5 90
6 9
8 12
9 83
1 6
4 57
6 5
10 88
9 52
8 19
9 37
1 27
10 71
3 93
5 68
1 57
9 61
6 47
6 48
8 69
6 66
10 69
1 55
9 5
5 91
3 17
2 31
1 40
1 9
3 28
1 21
4 56
8 98
10 31
5 65
8 35
3 68
8 96
9 82
1 4
7 15
4 80
5 32
10 17
10 69
8 28
2 27
9 11
9 9
10 38
10 2
2 99
1 6
4 27
6 27
3 49
4 54
3 76
9 47
8 24
2 98
7 78
8 40
8 38
3 46
4 51
7 88
2 15
10 99
2 44
4 97
4 91
9 86
8 11
1 81
8 2
8 44
1 69
6 53
8 62
2 41
2 67
4 15
7 4
6 51
5 22
4 49
6 80
10 14
7 80
5 53
3 75
3 39
4 53
5 77
2 77
8 43
8 5
2 6
1 90
10 78
9 22
7 27
8 30
1 42
7 56
7 57
8 27
2 71
10 87
5 97
9 67
2 94
2 97
2 31
7 17
1 20
9 42
9 42
4 39
1 86
5 25
4 87
6 34
4 88
7 26
10 33
2 50
8 12
7 68
9 31
7 49
1 22
7 46
3 7
1 25
1 11
3 63
9 35
9 64
5 63
7 95
3 92
10 37
4 4
8 33
5 69
4 42
10 94
10 33
4 42
5 61
3 51
8 28
6 78
5 37
6 78
10 37
3 91
6 68
1 42
7 12
6 27
4 36
3 62
6 55
10 90
7 23
1 72
9 87
2 60
7 53
3 7
2 84
6 26
6 10
6 22
9 98
3 17
1 31
5 25
2 28
5 68
8 35
3 13
2 37
10 33
8 31
4 89
2 21
9 56
2 29
3 33
10 87
3 81
2 86
8 7
8 30
6 20
1 85
2 54
4 40
10 44
5 65
6 96
3 16
5 30
5 39
6 5
3 5
7 45
3 47
6 80
6 34
6 93
1 41
7 83
1 44
6 74
2 29
8 25
3 83
6 32
9 97
3 28
4 35
5 49
6 92
9 9
4 98
9 44
7 75
2 84
1 44
7 62
8 21
8 50
1 28
6 73
3 3
9 29
4 50
9 51
10 62
2 84
5 33
4 37
10 38
5 70
8 16
10 53
7 95
6 45
8 27
4 94
7 33
9 40
3 56
6 1
2 13
4 83
9 72
3 91
3 64
9 79
3 77
1 27
6 76
1 73
6 11
3 22
10 23
1 33
5 56
6 71
8 49
3 85
7 26
4 67
7 91
4 85
8 94
5 76
1 24
1 22
2 64
3 87
6 49
5 5
4 7
6 23
7 66
5 6
10 79
7 96
7 41
10 67
8 7
4 51
9 71
8 40
10 75
6 75
6 43
6 66
4 8
9 47
9 96
4 18
2 32
10 60
10 60
2 17
1 85
4 28
7 17
1 47
4 75
9 70
9 65
7 26
5 24
3 7
1 59
3 73
2 81
7 96
10 45
1 91
7 79
1 9
8 86
7 91
8 8
9 25
8 62
10 64
1 50
9 100
10 87
1 44
7 92
4 27
8 64
1 46
1 94
3 28
3 61
8 9
2 31
3 44
6 80
7 60
2 50
5 30
7 99
2 49
3 68
7 39
4 45
8 28
1 17
6 62
7 12
10 92
4 32
5 31
4 53
6 58
6 53
8 89
4 77
5 98
4 98
4 5
1 56
5 51
8 45
2 82
5 1
7 84
10 41
5 25
3 63
10 38
3 94
3 52
8 23
6 66
10 64
2 1
7 53
3 98
8 21
7 5
10 42
6 89
6 13
2 63
10 20
4 81
6 46
2 92
6 55
1 49
3 73
9 6
1 39
4 57
3 81
9 7
9 37
10 83
4 41
5 84
8 1
6 21
5 28
1 36
9 11
7 48
9 42
10 69
8 24
8 60
1 58
1 63
3 7
5 6
4 99
7 85
8 30
10 4
7 53
9 58
1 96
6 69
4 70
8 33
9 82
2 59
9 63
3 14
9 12
8 11
8 66
6 6
3 3
5 97
2 63
9 12
10 42
7 70
3 2
1 91
10 95
2 7
7 88
8 56
1 48
1 80
2 67
4 83
3 56
2 20
7 41
3 98
5 45
10 65
3 33
3 51
3 13
8 43
6 38
9 56
6 51
6 51
9 69
9 3
1 33
7 61
8 28
6 69
2 93
5 28
2 11
9 76
7 65
1 82
7 69
10 35
4 77
8 71
7 25
8 15
9 85
2 97
4 42
8 17
9 46
1 90
9 21
4 84
5 91
9 34
4 76
7 37
2 66
9 48
5 18
1 42
10 38
3 94
6 23
9 5
8 15
1 12
8 14
6 20
9 55
6 46
8 67
5 61
10 65
10 31
7 80
10 69
2 26
1 38
8 74
9 87
7 46
3 84
3 87
4 3
9 45
6 51
4 54
3 28
3 12
3 50
10 88
3 48
4 99
5 60
6 71
3 44
1 5
7 47
1 91
1 79
8 61
3 67
6 26
3 62
2 89
6 79
10 29
1 98
1 47
5 16
4 83
2 43
6 10
4 10
8 34
1 53
1 67
1 72
10 71
8 6
8 78
10 40
4 76
2 88
8 43
3 62
8 45
1 98
10 11
8 56
1 37
8 76
9 43
7 16
4 59
9 1
9 41
9 55
1 44
5 86
6 15
5 10
10 49
5 38
8 37
4 81
6 15
3 69
10 12
9 65
8 57
6 3
1 67
4 91
9 29
4 55
8 67
8 61
2 96
4 10
6 73
6 5
3 61
9 100
1 100
3 82
7 46
9 3
7 4
10 73
8 80
5 64
1 51
1 1
5 45
3 11
9 57
6 60
10 66
10 76
10 29
10 84
10 4
7 2
4 4
7 67
8 33
6 41
6 71
8 68
10 97
2 61
1 9
5 7
9 34
5 26
8 36
4 45
1 99
7 35
10 27
1 82
3 50
6 57
10 95
8 97
1 15
4 67
9 27
3 24
4 34
7 26
5 37
7 67
9 18
7 79
1 53
10 71
6 9
9 77
4 3
3 80
1 64
8 70
9 30
9 89
7 2
8 3
4 61
1 56
1 73
4 30
4 29
7 13
10 54
1 65
9 86
3 49
1 67
4 26
6 46
4 73
2 24
2 18
4 74
6 58
7 64
5 16
10 41
9 4
9 84
8 40
2 30
1 89
1 60
1 26
5 98
2 68
4 22
6 43
10 28
4 100
4 24
8 76
4 4
2 8
7 19
9 95
2 57
7 98
2 20
5 15
1 16
3 34
7 68
3 29
1 1
10 90
10 41
7 11
10 1
4 90
10 52
7 18
3 52
4 6
4 42
8 21
5 66
7 44
2 53
9 29
2 12
8 89
3 90
5 64
1 49
6 36
3 14
7 12
8 87
4 76
9 79
2 51
6 5
5 36
1 85
1 94
10 25
10 67
4 3
5 80
5 73
2 20
8 81
5 38
7 94
1 48
3 50
1 54
7 66
6 100
5 97
5 90
4 71
8 98
7 57
7 71
3 39
8 56
10 62
5 96
6 21
4 10
9 99
9 18
5 71
6 39
6 72
7 67
7 28
9 28
7 67
6 81
5 68
8 94
3 100
8 13
10 100
6 71
5 67
1 34
5 21
9 73
9 82
3 73
2 2
2 47
4 85
7 57
4 84
10 53
8 76
7 10
3 43
1 69
8 81
2 3
6 43
2 94
7 56
5 65
4 18
1 66
10 100
10 100
5 55
3 94
7 69
5 90
3 94
5 42
6 42
3 69
1 99
5 27
2 38
1 99
3 72
7 54
9 3
3 89
1 28
10 31
4 56
2 3
1 20
1 33
6 77
4 59
