2 15
7 47
7 42
10 66
3 60
7 50
8 15
1 84
8 49
9 43
2 68
9 2
6 79
1 28
7 71
2 58
10 71
2 39
5 16
3 57
6 52
5 36
3 13
9 97
8 15
4 53
7 35
7 36
5 28
6 53
6 21
10 16
8 55
9 15
2 49
9 74
10 62
1 18
1 52
1 49
4 91
10 40
2 20
2 13
1 68
2 80
4 89
6 90
9 21
4 42
2 6
4 24
1 42
3 63
2 62
4 47
3 10
4 44
3 2
10 78
1 60
1 82
9 11
8 77
6 79
3 48
7 46
4 56
4 19
10 61
2 10
7 99
9 5
7 73
2 90
9 70
6 93
10 53
6 24
6 16
4 54
2 9
5 50
6 70
1 51
4 8
2 66
8 47
6 42
9 84
1 7
8 19
2 37
6 7
9 52
7 17
3 10
3 42
3 37
7 38
10 80
5 78
2 62
9 13
5 22
8 27
6 5
2 6
10 85
3 83
3 90
4 46
5 71
10 85
4 24
7 51
6 12
8 92
3 10
3 49
3 93
5 52
3 17
9 46
8 44
3 73
4 50
9 23
1 93
9 64
8 70
8 26
2 85
6 11
2 95
8 41
5 71
1 42
3 66
8 97
9 12
1 73
5 37
7 37
2 36
9 14
2 23
9 46
3 60
9 2
5 1
7 79
1 32
6 85
6 85
6 44
5 68
3 56
6 98
1 16
7 88
4 51
5 100
5 48
8 53
9 5
1 38
1 83
10 19
2 1
1 33
7 90
1 19
5 12
7 17
5 7
1 93
2 63
7 64
10 96
4 36
1 84
9 24
6 15
6 2
5 38
6 66
7 92
1 55
10 71
10 99
5 80
8 22
10 67
7 84
3 57
4 97
7 47
1 7
7 53
5 4
4 24
2 73
5 6
10 18
9 28
6 75
2 28
8 53
8 17
7 51
5 17
2 48
4 59
5 78
8 49
8 56
4 64
1 45
10 95
8 98
8 11
2 10
5 50
6 96
8 19
1 69
8 89
6 89
2 42
7 5
2 9
7 95
7 45
7 79
2 36
8 1
3 48
5 31
4 16
9 76
8 84
1 7
8 60
9 96
3 50
7 93
8 94
4 82
9 23
2 90
8 73
3 72
7 27
10 95
9 27
8 14
10 52
9 12
2 44
5 96
2 90
9 49
2 55
4 95
7 18
7 86
7 54
4 67
4 61
5 4
5 6
1 44
6 55
3 9
5 9
5 15
6 58
7 98
6 74
10 11
10 18
7 44
5 94
6 98
10 32
4 85
7 34
9 15
5 41
1 93
3 21
9 67
3 30
1 43
5 48
5 38
2 15
10 23
8 57
2 5
8 6
3 67
10 63
4 11
9 39
3 53
7 6
2 73
1 75
5 73
8 49
10 12
3 82
4 64
1 97
3 47
1 66
3 5
4 16
3 83
8 47
5 55
8 24
4 9
3 95
2 70
9 72
9 8
3 34
8 54
9 96
7 46
3 68
5 4
3 34
6 45
2 47
1 6
2 29
8 40
7 24
2 21
9 26
6 28
5 46
9 85
6 62
6 33
6 73
7 22
4 9
6 48
2 46
3 3
9 19
5 84
2 29
10 55
9 14
10 67
8 44
1 38
1 37
5 19
1 35
6 22
6 32
8 23
5 52
5 92
8 90
6 57
6 14
10 62
3 25
7 44
10 44
2 28
3 47
2 41
4 88
4 37
6 12
1 20
3 13
7 9
6 16
5 9
5 11
7 26
3 19
1 41
3 76
10 64
4 76
7 24
6 66
5 46
6 9
6 33
9 2
6 93
9 91
6 79
2 88
7 78
8 56
9 4
8 9
6 97
10 81
3 50
8 91
4 58
8 6
4 16
3 61
8 88
3 3
5 43
6 10
8 94
5 43
9 74
1 52
10 36
6 18
10 72
6 82
3 60
5 72
8 91
3 44
8 31
3 97
4 80
9 11
6 75
8 53
4 99
8 52
4 56
9 75
7 78
2 75
7 68
9 71
3 71
2 62
8 81
6 97
4 48
5 29
3 100
10 77
3 99
4 85
7 69
5 15
5 32
4 99
4 59
1 86
4 76
8 75
7 50
3 59
8 9
3 95
5 5
3 36
3 10
10 35
3 52
2 3
3 81
5 64
6 28
10 46
1 94
2 7
3 7
8 66
7 56
7 77
6 71
7 82
10 64
8 2
3 60
3 75
7 91
7 44
9 88
8 95
1 68
3 86
2 96
7 71
10 21
5 99
2 57
4 67
6 69
6 71
1 69
5 26
5 33
2 58
9 62
8 72
10 96
5 57
10 19
6 42
6 8
2 50
7 84
4 34
4 65
9 52
3 4
5 29
2 74
8 82
10 2
8 66
9 17
4 83
2 94
1 70
1 17
9 4
1 55
1 83
1 27
9 27
9 29
9 47
3 36
9 36
7 89
5 64
4 22
4 67
5 73
10 16
6 88
4 67
6 95
3 28
8 57
5 63
9 90
5 57
7 37
3 32
6 30
6 36
6 45
10 11
10 71
8 3
8 93
9 14
2 63
2 39
2 49
6 44
9 13
8 71
3 34
8 63
6 86
3 100
1 60
10 22
6 24
9 92
8 48
3 85
5 35
4 8
9 68
8 74
1 50
3 29
5 59
7 31
9 28
4 76
2 36
6 49
1 5
4 19
4 56
6 60
2 68
4 1
7 99
1 21
9 44
9 74
7 96
7 78
9 88
2 97
5 89
10 90
9 61
2 48
3 51
10 59
1 69
8 100
9 80
5 62
3 71
10 63
10 57
9 75
7 95
8 11
7 31
4 15
2 13
7 6
1 47
10 91
1 14
3 70
4 100
9 3
2 76
6 95
9 54
2 26
7 84
4 82
9 74
4 58
7 24
5 10
9 89
7 75
8 56
8 98
3 7
7 58
10 18
5 39
1 7
9 3
10 12
7 61
2 30
3 25
5 90
3 47
4 82
1 38
3 47
3 53
4 16
3 46
6 62
6 27
2 60
10 55
7 86
7 5
9 31
9 91
10 80
10 90
3 96
2 34
10 33
10 82
8 61
1 43
2 31
8 31
3 28
4 24
6 91
8 85
1 65
8 25
9 13
10 51
3 56
7 39
7 29
4 11
10 77
1 78
5 9
6 30
1 5
7 96
8 2
10 18
7 95
3 33
2 46
6 41
8 78
2 27
2 60
8 42
9 67
1 41
5 61
9 40
9 37
9 14
2 23
3 100
7 71
9 37
7 62
7 69
3 54
6 63
3 68
8 55
3 25
2 30
9 22
3 3
7 89
7 22
4 26
1 18
9 75
2 75
2 1
1 23
6 63
1 80
4 68
1 52
7 29
10 83
6 97
2 65
5 2
8 20
8 57
10 54
10 93
8 49
6 36
10 54
10 75
5 33
1 93
6 59
7 84
9 42
2 45
10 27
6 82
8 100
1 45
8 61
6 23
1 54
7 82
9 64
6 61
9 97
2 90
9 72
4 38
10 34
7 38
8 48
7 18
5 91
4 32
1 6
1 86
10 46
4 56
3 58
5 76
2 7
3 64
8 48
3 16
3 56
9 13
3 49
5 6
10 87
5 49
6 15
8 86
8 33
7 17
6 19
1 77
10 52
10 26
10 7
9 7
6 82
4 77
2 22
3 98
9 94
6 73
1 84
9 31
1 32
2 65
7 5
1 21
7 81
3 77
6 77
7 18
2 90
8 75
4 54
2 69
8 95
3 63
7 55
9 41
5 26
5 9
1 56
4 98
10 83
9 47
10 81
5 100
10 38
3 2
1 42
3 61
6 30
1 96
5 46
5 19
3 18
1 96
6 26
1 93
1 100
4 87
1 92
6 17
3 20
9 27
5 82
4 84
2 20
10 27
9 50
2 15
1 54
4 75
10 77
2 38
9 26
3 94
2 13
10 52
4 91
4 64
10 45
1 100
6 27
9 84
10 94
5 96
3 25
5 97
10 49
3 29
8 80
2 2
1 86
2 67
7 79
3 8
7 68
5 19
2 76
6 60
2 15
3 61
8 96
2 67
9 91
7 46
10 82
6 51
8 68
7 16
2 97
1 52
9 59
6 11
2 12
4 70
9 81
2 15
1 61
5 76
5 11
5 92
10 97
9 76
10 38
10 41
5 47
6 46
5 85
9 46
5 6
1 66
9 91
2 91
4 26
3 84
1 53
4 73
6 15
1 21
10 70
5 12
4 55
5 74
7 91
4 9
2 6
7 25
2 34
1 11
7 81
2 48
7 24
7 92
3 74
6 71
2 41
9 46
6 44
4 99
3 4
8 12
3 36
2 19
6 9
5 76
7 76
5 19
5 65
2 8
10 5
10 17
7 62
9 87
9 61
1 65
6 14
7 99
4 1
4 79
2 46
3 22
9 98
2 61
1 60
7 86
9 67
5 31
4 18
10 35
3 37
5 9
3 26
10 61
6 11
5 93
5 3
10 13
9 7
10 43
7 40
3 23
10 67
7 78
9 53
