7 97
9 79
6 72
10 25
9 21
5 43
10 82
4 54
3 85
9 46
9 87
10 31
3 58
10 34
10 56
7 64
3 27
10 2
8 27
10 73
7 21
9 44
4 62
4 29
2 31
10 20
9 9
1 64
4 12
4 84
3 10
1 62
8 93
9 24
6 93
5 15
6 66
9 97
6 30
9 34
5 52
3 47
2 60
9 20
2 65
9 57
2 14
5 16
1 93
4 77
2 75
10 50
2 89
9 70
4 63
4 58
9 55
6 92
3 21
7 8
1 95
10 68
3 80
10 11
1 77
5 54
8 56
3 99
6 1
10 40
8 52
5 56
9 94
2 69
7 39
8 87
3 16
9 25
8 84
7 74
7 95
7 37
3 64
7 78
10 76
7 9
8 33
3 74
8 3
1 92
8 47
10 66
3 41
4 68
3 44
8 66
7 81
2 20
3 24
7 6
9 81
7 99
10 79
7 30
4 71
1 88
2 48
2 5
2 54
2 81
6 61
2 31
4 100
1 42
5 51
3 24
2 23
1 69
8 17
1 88
3 99
10 77
3 42
7 67
3 91
1 25
1 85
7 20
8 88
4 11
1 38
8 80
2 68
8 79
8 4
1 93
6 89
5 79
2 62
9 37
9 56
7 86
10 67
1 74
4 1
9 92
5 32
2 85
5 30
7 41
1 63
2 89
6 90
3 67
2 11
8 83
1 5
9 18
3 48
2 61
2 55
3 83
5 10
5 44
10 59
5 84
4 82
9 4
9 17
8 51
8 18
9 88
4 42
2 24
1 83
6 32
3 74
6 70
1 78
6 37
10 97
5 70
7 14
2 69
7 12
7 57
9 66
7 21
5 82
10 80
1 1
9 92
3 38
5 47
3 95
8 87
4 81
1 93
3 10
10 97
5 50
2 60
3 59
4 30
1 7
3 34
3 45
5 65
4 79
9 80
6 90
10 91
2 67
2 8
9 67
8 3
10 67
1 72
10 74
9 74
2 3
6 99
8 55
6 2
1 84
2 80
6 21
2 9
6 83
10 79
7 64
10 37
5 54
1 13
4 18
6 34
5 64
6 53
4 88
10 16
4 43
8 24
8 44
10 84
7 32
9 98
10 37
6 96
4 8
1 39
2 48
7 98
6 16
1 82
1 3
10 55
3 46
7 30
10 30
8 25
8 8
8 97
10 39
1 11
4 98
1 27
4 83
2 29
8 100
5 13
2 16
8 78
8 94
10 92
4 27
6 56
2 6
4 21
3 89
6 48
1 2
3 87
1 80
7 76
5 60
5 50
3 4
7 90
9 43
4 52
3 72
10 36
8 9
9 72
9 80
1 56
6 37
10 89
1 10
8 47
8 92
1 53
9 27
8 39
3 66
7 36
3 68
3 2
2 7
1 96
6 31
3 14
9 35
10 40
7 85
7 73
1 28
9 23
4 4
7 28
6 97
3 47
9 87
9 66
4 54
9 88
8 35
9 19
7 52
1 44
3 54
2 7
10 84
8 6
2 3
6 50
6 52
6 85
2 82
1 95
5 51
3 100
3 62
1 95
5 4
4 73
3 24
5 36
4 67
8 36
5 96
6 5
6 73
5 63
4 73
8 98
10 11
9 20
3 3
1 22
4 67
4 40
9 23
5 98
5 79
7 76
5 12
6 60
9 91
3 75
3 86
4 94
8 60
6 93
4 7
2 39
3 88
7 51
7 24
6 54
1 55
7 54
6 63
8 100
4 86
10 15
5 31
8 88
7 23
9 13
8 81
5 30
5 13
9 76
3 75
3 71
7 50
2 98
9 24
3 9
1 93
7 54
10 68
8 56
6 31
4 18
7 78
8 85
3 72
1 10
5 70
9 99
2 33
10 8
10 71
6 90
7 17
10 12
4 16
1 82
7 22
5 95
7 28
5 10
6 27
1 81
1 39
10 63
8 1
8 97
2 36
1 72
7 47
9 89
7 67
6 17
1 71
5 100
8 30
1 2
3 44
7 1
5 46
6 58
7 12
4 91
7 72
4 58
2 5
1 93
3 10
10 98
4 93
4 21
3 81
1 12
1 24
6 91
1 6
10 2
8 95
2 20
9 15
8 53
8 80
10 33
6 84
2 60
5 94
4 18
2 60
5 9
1 87
9 65
9 63
1 40
1 22
2 11
5 32
8 77
3 24
5 91
1 42
2 76
3 40
10 12
10 4
6 49
1 33
4 41
3 10
2 7
8 53
7 72
5 47
2 82
8 33
4 21
9 27
4 54
3 73
9 81
4 80
5 79
8 10
9 50
3 74
7 97
8 47
6 71
6 61
3 83
8 51
3 86
10 31
6 26
8 35
7 23
10 20
8 68
2 50
5 76
10 44
10 79
5 2
1 21
7 1
10 41
8 98
7 6
7 95
3 75
7 11
8 21
7 37
4 96
8 9
8 51
4 63
6 92
8 53
7 44
8 7
7 83
1 82
5 93
4 98
9 6
1 13
5 67
4 94
7 42
2 30
1 67
2 71
8 13
9 95
10 54
7 60
6 42
8 70
1 71
6 5
1 66
7 81
8 50
1 72
9 75
9 71
8 60
9 1
4 58
6 85
2 66
2 23
4 66
8 60
7 1
7 75
7 48
2 39
4 48
4 38
10 75
4 82
1 43
3 72
10 70
6 96
8 64
9 57
4 71
7 54
2 58
10 96
10 100
2 11
9 27
7 8
4 93
2 17
7 79
3 53
6 82
3 42
7 8
8 29
8 28
3 73
6 21
5 81
7 61
8 84
7 9
6 7
5 62
1 82
9 36
8 19
10 14
3 4
1 38
1 84
6 41
7 46
2 44
10 33
4 56
8 48
9 36
3 30
10 97
7 30
1 46
6 58
6 42
7 78
8 31
8 45
7 4
5 59
4 11
7 21
10 77
7 17
6 51
6 98
10 68
9 85
9 85
5 99
9 61
8 32
7 97
1 44
6 11
6 13
10 96
10 84
9 55
9 81
10 31
4 62
7 96
8 63
10 69
7 17
10 67
7 58
2 78
2 94
4 27
6 72
5 40
7 34
2 31
3 50
7 94
8 6
3 72
8 72
10 59
10 25
3 82
7 56
1 81
3 42
9 23
4 3
4 20
8 52
5 13
9 61
2 38
6 55
4 50
3 56
5 34
6 90
8 92
10 89
5 70
7 8
1 28
8 60
1 3
3 65
6 36
9 2
1 73
3 8
10 67
10 35
2 86
7 21
4 85
7 51
7 1
8 65
5 86
3 2
2 93
8 78
3 57
6 13
5 25
4 2
9 91
6 12
2 11
2 8
2 7
4 100
9 3
9 96
6 72
4 24
8 94
3 86
3 88
2 34
8 33
7 40
6 73
6 45
5 93
8 14
9 100
8 82
1 50
6 90
1 35
2 100
1 94
9 42
7 92
5 29
4 29
7 98
6 18
10 84
1 76
5 60
5 24
6 47
5 36
4 78
10 35
6 4
3 45
4 45
4 54
2 34
6 94
4 49
9 17
1 66
1 72
8 93
2 64
5 60
4 44
3 45
9 3
9 97
9 52
7 91
9 54
2 48
6 6
8 68
9 19
7 36
3 62
6 18
5 8
1 9
9 62
7 34
1 12
2 12
2 50
2 9
10 67
1 9
3 67
1 56
5 24
5 52
1 93
1 25
9 56
3 6
4 38
10 85
8 50
4 87
6 54
6 78
8 94
3 83
2 23
9 24
6 83
1 99
5 49
4 41
2 67
8 87
5 53
8 59
7 72
8 55
5 95
9 98
5 86
7 12
3 48
4 29
1 14
6 25
5 82
9 95
1 38
5 88
3 5
7 91
5 99
2 28
2 18
6 50
6 9
1 70
2 89
2 2
2 34
7 62
1 72
6 94
2 53
1 4
5 76
7 90
2 86
4 33
9 24
6 45
6 57
7 14
3 63
3 71
7 26
7 1
7 24
9 43
1 71
1 1
7 17
8 11
1 3
5 64
2 78
3 64
9 2
10 72
7 24
1 41
1 28
7 44
9 12
6 68
8 37
10 97
3 56
2 78
8 68
9 48
2 98
9 98
2 53
8 92
9 78
4 15
5 89
10 2
9 62
1 16
3 90
1 82
1 13
5 28
4 5
2 64
2 26
4 64
1 82
2 50
7 7
10 13
1 64
7 18
5 21
2 21
8 79
7 34
2 12
3 96
3 11
8 62
8 73
4 73
7 69
4 26
5 73
1 92
2 14
7 45
1 21
9 55
3 32
3 22
3 46
8 91
10 74
10 72
10 35
7 49
5 13
5 51
7 87
3 63
2 3
5 8
4 26
10 22
6 29
10 71
4 57
5 92
6 66
2 87
5 100
5 65
2 75
9 71
2 85
7 51
3 46
8 89
2 32
9 7
1 93
3 95
1 19
8 51
5 94
6 19
1 17
7 92
7 18
9 48
7 32
7 15
1 4
9 77
3 92
6 26
7 69
1 11
9 99
6 9
6 7
3 28
1 64
6 83
6 83
2 32
8 46
6 96
6 81
