6 9
3 48
8 39
7 32
10 31
7 83
8 79
10 67
5 25
8 23
5 55
6 80
3 66
1 78
9 34
10 88
7 91
3 44
10 31
6 96
9 84
6 18
7 21
7 67
10 17
6 57
6 1
9 55
4 28
6 62
4 21
4 21
7 99
4 61
4 8
2 43
10 72
3 84
6 2
8 80
6 99
4 34
5 90
8 28
4 76
7 94
7 40
2 61
10 83
1 91
7 86
5 62
8 73
1 88
6 37
7 9
4 90
8 67
2 35
3 14
7 66
2 30
6 99
2 20
10 33
6 15
9 54
8 17
2 73
1 1
4 2
9 23
5 85
10 34
1 95
4 94
3 66
5 47
6 87
8 42
10 99
5 35
9 15
6 79
10 34
3 1
8 18
1 97
10 25
7 21
3 6
4 92
5 68
7 20
8 64
6 38
2 91
9 65
8 74
3 22
10 58
5 32
6 60
1 32
1 95
1 67
10 1
6 11
1 87
3 80
3 8
5 49
8 66
3 44
4 46
8 7
9 74
8 80
2 12
2 80
5 37
5 8
9 67
6 60
5 81
1 69
4 74
6 35
9 57
3 64
5 92
2 49
1 50
6 34
6 7
2 76
8 16
1 32
10 69
8 27
2 16
5 6
1 71
4 71
10 82
7 57
7 78
7 50
4 78
3 7
7 93
1 97
5 84
5 75
5 22
2 79
4 10
10 7
4 77
6 42
6 6
4 56
2 43
1 86
2 58
6 22
4 88
9 11
2 37
8 74
10 54
8 33
10 5
5 29
5 8
6 44
2 85
4 11
6 92
7 11
7 33
2 39
3 82
4 10
6 87
3 27
3 18
4 45
7 18
8 50
1 67
6 20
4 34
7 28
5 83
4 27
10 69
7 90
1 3
8 37
2 22
6 4
4 22
1 98
2 45
1 32
7 26
2 11
10 15
4 70
1 32
8 70
1 57
5 35
7 42
9 40
9 29
3 56
4 88
2 1
1 10
8 22
9 17
7 96
5 27
8 69
4 94
10 50
2 8
5 43
3 39
1 25
3 58
1 27
7 66
7 2
6 45
8 28
8 53
10 88
7 69
5 13
9 97
5 25
6 31
7 92
6 79
2 30
2 91
2 25
6 68
2 72
4 46
10 38
8 18
8 19
2 7
7 42
7 66
1 59
3 19
10 48
2 49
7 3
5 62
2 87
7 65
10 56
8 17
4 16
7 83
5 41
9 15
9 53
2 12
4 69
8 66
9 2
9 54
2 58
9 29
8 7
10 13
4 94
7 53
8 91
1 96
7 57
4 26
3 84
7 75
3 91
3 93
1 86
3 97
8 13
4 93
7 55
10 25
7 61
4 32
10 13
10 38
6 72
6 88
1 45
6 76
3 29
9 12
9 12
6 14
6 72
6 78
9 58
1 32
3 70
4 20
3 12
7 8
6 21
8 45
7 91
10 50
4 30
8 75
6 28
8 74
2 52
8 44
2 24
6 46
6 100
2 30
2 79
2 86
7 21
9 77
1 74
7 66
4 63
3 42
1 3
9 32
2 29
3 19
9 29
8 92
5 85
8 87
9 82
6 53
10 52
3 52
7 43
10 19
6 92
1 64
1 12
1 57
3 79
8 75
4 1
9 10
5 27
10 49
1 73
2 45
3 93
6 90
1 40
3 10
5 12
1 91
9 26
2 52
2 5
1 48
5 5
9 70
4 74
7 97
10 69
6 80
1 17
5 2
9 70
8 94
10 100
2 93
1 95
2 1
9 16
9 73
9 83
10 10
2 23
1 11
4 16
1 60
1 20
7 74
9 30
9 63
1 91
3 12
4 63
3 61
5 12
6 12
7 49
4 82
4 74
9 27
6 60
9 29
3 66
9 28
3 51
6 10
6 10
3 14
1 52
7 83
1 80
3 75
1 78
7 65
7 75
3 77
6 60
8 82
8 14
4 46
1 69
9 62
2 53
5 92
3 27
4 68
1 73
6 15
7 14
9 11
4 61
10 12
9 80
8 15
9 56
2 50
8 48
10 67
6 16
4 99
7 13
8 11
9 18
4 45
8 54
4 29
5 41
4 58
6 24
7 29
10 6
7 97
2 69
7 18
8 6
3 37
10 53
4 84
10 73
6 79
2 16
4 14
10 70
4 97
1 45
2 35
1 30
2 99
3 86
3 7
8 80
9 91
9 23
10 92
3 3
7 62
2 34
8 23
6 13
9 95
4 45
9 86
5 76
4 92
8 57
2 5
4 5
10 100
5 27
5 82
2 63
1 62
3 66
3 75
2 22
8 38
5 2
7 40
4 66
4 24
2 17
3 24
8 66
3 38
9 9
10 19
4 55
6 39
4 62
9 70
6 69
4 39
1 91
9 92
3 70
10 55
7 42
2 64
2 95
10 8
1 93
3 62
2 24
1 52
8 69
5 25
10 13
6 26
6 20
7 16
3 40
7 77
1 8
1 66
5 72
8 25
10 24
9 15
8 49
3 31
4 96
3 11
6 30
9 67
10 77
7 8
2 94
4 86
2 79
3 82
6 76
3 55
4 65
7 23
6 3
4 71
1 85
4 37
4 10
4 22
5 86
5 68
1 90
2 33
3 52
6 79
2 3
4 72
3 27
7 42
7 26
2 19
4 77
8 62
10 15
2 83
7 11
6 37
10 64
5 72
3 9
3 65
1 71
8 46
8 56
9 6
4 6
6 73
2 93
8 14
3 18
7 46
4 85
9 83
6 53
4 29
6 64
3 12
9 46
4 43
3 56
3 21
3 18
5 59
5 48
10 90
6 62
4 3
3 87
7 69
2 77
7 37
4 88
10 85
10 65
7 88
7 17
9 99
2 43
4 34
6 38
2 53
5 60
1 37
10 77
7 95
2 16
5 36
8 73
4 64
1 23
8 69
1 88
8 19
10 76
7 74
9 63
2 68
8 4
7 34
7 47
9 17
6 85
3 22
2 3
5 40
1 53
2 90
3 86
5 41
6 14
5 27
2 67
6 22
1 5
4 28
5 29
9 20
5 65
6 31
4 46
5 1
7 75
2 95
3 74
8 38
9 37
2 93
8 19
4 11
10 80
9 36
10 55
7 92
6 28
1 63
8 95
8 72
4 44
7 31
9 56
1 65
5 76
8 84
10 49
2 84
7 81
4 22
10 82
8 92
9 13
10 98
10 49
2 16
3 5
10 8
6 92
4 78
8 16
8 64
8 95
6 8
1 19
8 83
5 81
3 68
7 53
10 40
6 32
3 41
3 98
10 93
3 46
6 74
3 41
4 48
10 88
2 4
5 79
1 41
3 15
2 20
7 87
1 12
5 52
9 44
1 78
4 65
10 43
3 17
1 50
6 6
7 4
8 39
3 33
10 84
8 6
2 70
1 60
2 84
9 5
7 84
5 90
5 49
9 1
9 53
7 32
1 56
1 59
3 54
3 84
10 78
10 74
9 11
5 16
8 82
2 59
7 34
6 42
7 10
2 34
9 69
3 15
6 16
2 62
7 75
4 25
2 26
6 25
5 25
2 47
4 4
4 39
6 9
7 33
5 74
2 81
1 74
1 50
8 64
5 11
7 89
3 64
7 80
1 60
8 39
1 44
8 48
6 43
2 85
8 52
5 10
4 50
10 10
8 42
8 81
7 12
1 77
1 64
6 79
8 76
7 26
8 88
3 63
1 57
10 23
3 66
5 98
6 37
8 81
8 7
1 15
2 24
10 30
6 66
6 17
4 96
8 57
3 2
6 49
1 48
8 3
9 21
8 98
6 58
1 17
10 24
10 70
10 75
4 13
6 57
7 52
6 28
2 100
1 39
10 34
1 12
8 7
7 42
8 54
1 26
9 76
5 18
9 34
10 77
2 60
6 35
2 33
10 28
5 28
5 91
4 54
3 97
3 9
4 60
1 49
6 60
8 42
7 85
5 15
6 87
1 34
5 5
9 24
3 20
1 1
10 9
9 52
1 84
1 17
2 57
4 57
9 59
10 78
5 100
6 65
2 35
5 40
7 38
7 53
3 20
1 65
8 26
9 94
8 79
3 18
7 58
4 84
2 65
1 52
7 20
9 75
2 79
10 25
4 52
2 88
10 85
9 50
5 26
6 91
8 84
1 84
10 47
4 12
1 58
9 73
8 56
10 51
4 49
6 74
5 4
5 57
5 42
8 48
1 5
8 82
4 22
9 72
8 7
9 71
5 24
1 21
6 2
4 55
7 99
1 94
3 10
10 40
4 63
4 58
8 90
5 93
2 25
5 89
5 3
2 82
7 48
5 6
4 87
5 37
8 13
1 45
3 21
6 5
2 16
7 20
10 9
6 54
10 53
7 48
5 86
4 65
7 19
10 34
1 30
4 83
2 57
10 52
9 34
5 3
6 45
5 91
8 60
6 70
1 2
4 44
5 37
3 68
3 12
4 65
7 53
1 34
2 36
7 70
5 52
6 84
7 46
3 42
8 13
6 69
10 9
6 65
4 76
8 23
2 83
9 13
5 17
