5 33
8 40
9 15
5 75
3 89
10 22
10 89
3 48
8 65
9 61
7 79
8 20
1 29
4 79
2 53
8 53
10 30
1 68
9 14
3 68
8 36
7 29
4 30
9 81
3 64
4 42
2 82
3 95
8 29
10 33
9 90
9 38
9 84
4 94
2 20
2 95
9 66
1 83
10 39
2 48
1 74
4 16
5 76
8 70
9 73
6 17
3 44
3 40
7 87
4 36
4 29
7 39
9 33
8 62
7 12
1 18
8 62
7 19
4 98
10 37
6 60
10 96
9 69
3 83
3 15
9 9
4 78
7 33
9 86
10 77
4 34
3 67
7 86
5 63
10 22
9 19
8 40
6 44
5 29
3 67
6 95
5 26
2 14
4 81
2 77
8 16
5 100
8 90
10 57
7 40
3 56
1 65
5 44
5 3
8 91
7 15
5 89
9 1
10 66
3 31
9 50
2 28
6 43
9 24
10 74
7 23
4 86
3 39
4 27
8 20
3 35
4 32
3 11
1 11
3 53
9 38
9 17
9 27
9 98
8 72
4 11
1 94
10 3
6 77
2 58
1 55
2 2
9 77
5 15
5 53
7 27
8 26
2 70
4 47
8 85
2 56
5 74
2 87
7 84
10 42
10 29
2 64
1 79
8 91
7 15
9 6
1 21
6 93
6 8
2 62
3 17
2 94
8 76
4 85
2 87
10 90
6 93
10 39
1 70
1 46
6 20
9 50
1 26
10 45
8 77
6 58
4 69
2 10
10 17
8 96
8 96
1 91
10 16
5 37
1 100
1 45
8 66
3 77
5 19
1 91
6 59
3 26
7 34
4 53
8 78
3 88
9 58
9 51
7 94
7 69
9 4
5 97
6 93
6 71
1 23
9 26
9 60
4 94
6 51
1 7
9 37
5 78
5 53
8 42
2 13
4 10
5 7
6 38
6 29
2 25
5 74
5 99
6 82
8 91
4 44
8 60
2 38
10 16
2 33
5 94
1 36
2 50
3 80
8 31
5 26
1 14
3 61
6 34
3 74
8 99
4 94
7 59
8 83
4 44
8 48
9 29
6 59
10 76
4 40
1 65
10 92
5 25
3 19
6 90
1 56
8 80
8 36
1 37
6 79
4 9
10 91
4 11
8 93
9 69
10 78
2 72
4 83
1 96
1 61
9 16
4 100
5 45
9 15
9 57
1 53
5 55
5 40
3 58
4 56
6 91
8 78
4 4
9 74
6 82
6 2
6 92
5 6
7 10
1 34
1 41
8 83
7 70
9 6
5 88
7 42
10 68
2 29
4 24
7 19
6 8
6 79
8 77
1 2
6 15
5 5
9 63
3 31
2 50
5 34
2 93
7 4
9 10
9 42
8 48
9 68
6 92
10 46
5 88
1 88
9 60
9 41
8 79
3 7
5 80
6 59
2 55
1 10
1 51
1 94
10 29
2 74
10 99
8 86
9 24
6 91
1 94
8 10
7 22
2 33
2 78
8 13
2 24
1 25
9 58
10 24
9 7
3 21
2 22
9 92
9 91
3 89
6 99
6 6
4 64
5 74
7 58
2 1
1 44
10 95
5 56
2 32
9 66
9 73
9 92
1 99
6 11
5 64
8 21
1 19
5 80
2 34
9 51
8 51
1 52
8 20
1 35
5 55
7 69
10 10
6 9
3 16
1 28
6 98
6 59
9 41
7 4
8 17
3 45
8 49
2 60
6 38
4 68
3 36
8 29
6 80
9 5
6 77
4 7
10 93
2 61
4 79
7 77
10 43
9 100
6 61
1 12
9 76
8 16
2 20
10 22
10 83
6 97
6 61
3 76
2 26
2 92
6 65
10 22
9 40
9 5
3 67
9 27
6 77
3 74
8 94
4 83
3 79
6 83
8 81
9 67
6 89
5 34
7 4
10 81
8 87
2 18
7 34
7 22
2 91
7 30
1 50
6 45
8 19
1 65
3 28
1 83
2 98
8 80
1 43
3 35
2 34
3 21
1 22
1 68
8 92
10 100
9 1
1 96
7 61
9 98
5 3
2 29
3 65
7 55
6 58
10 51
6 19
4 77
9 16
3 71
5 58
6 32
4 58
3 55
9 47
5 58
10 81
8 72
1 54
2 62
5 62
2 90
3 68
1 70
4 19
6 32
8 75
4 83
6 30
7 3
1 23
8 57
3 38
3 54
5 76
2 89
10 99
8 12
10 87
9 40
6 16
7 6
6 64
8 11
2 56
2 19
4 23
8 63
3 3
8 36
4 61
5 12
8 43
8 24
8 85
6 3
8 66
2 11
7 13
6 50
4 28
8 56
8 32
3 24
4 47
8 49
3 11
5 72
7 84
8 39
6 54
8 72
6 17
3 96
3 50
6 39
9 15
10 34
9 78
5 81
10 38
3 27
5 92
1 47
2 82
1 21
6 6
10 46
2 74
4 20
7 71
9 50
9 72
10 89
6 97
3 57
7 9
9 39
7 98
8 39
5 36
2 97
7 93
2 64
8 4
7 33
9 88
2 47
1 60
2 52
8 73
4 28
6 32
9 12
4 14
4 27
7 98
1 44
7 7
8 88
6 20
4 4
1 56
3 11
9 74
9 16
8 58
8 54
1 38
6 51
3 80
1 63
9 25
10 54
7 40
6 22
5 45
4 72
4 61
3 52
10 14
6 40
3 15
9 19
3 71
4 48
9 88
6 43
1 96
4 74
5 51
8 72
3 55
2 91
4 81
6 56
9 61
2 33
5 86
10 59
8 31
6 78
7 94
5 67
5 60
10 5
8 58
4 63
1 99
1 74
6 18
2 58
8 50
1 39
2 42
4 11
1 15
9 59
8 34
5 87
7 92
8 11
5 35
7 12
4 48
5 68
7 94
10 74
1 70
9 46
1 94
3 41
4 3
1 28
5 12
6 36
3 44
1 3
9 68
3 34
4 27
8 2
6 26
5 64
10 16
4 37
3 59
3 51
3 70
2 84
1 12
10 21
5 45
2 94
1 47
2 93
7 19
10 72
6 66
9 60
1 97
2 32
9 65
6 72
4 8
7 9
8 9
4 46
7 46
7 47
4 37
3 85
1 64
6 45
6 54
10 79
5 16
5 9
1 9
1 52
9 26
1 35
9 1
9 15
5 12
8 72
3 46
2 74
6 7
5 22
3 6
3 28
3 5
10 62
10 85
9 76
10 51
8 64
8 74
9 12
3 22
2 62
7 78
5 4
8 63
4 43
4 50
6 62
1 65
3 60
8 25
8 6
1 63
9 62
8 57
4 37
4 52
10 100
1 81
2 60
3 81
3 99
10 14
5 51
2 67
5 70
6 43
6 44
4 31
7 21
5 47
3 91
3 71
4 48
6 23
7 68
7 96
2 75
10 94
3 14
7 31
1 93
2 22
8 89
1 74
8 91
8 78
8 85
6 62
9 39
9 8
2 34
2 20
3 7
7 73
1 72
4 90
1 61
3 2
10 96
10 33
6 14
10 63
8 42
2 26
6 25
9 43
1 65
4 6
8 78
3 1
7 35
8 76
4 37
10 86
8 4
1 79
2 62
10 26
1 80
7 98
7 17
7 78
6 97
5 21
7 57
9 36
7 57
3 23
4 54
2 64
3 30
2 96
5 49
7 10
9 71
8 86
6 80
5 95
5 51
8 46
5 96
3 11
1 48
8 70
7 24
6 78
6 55
2 33
5 97
2 21
7 89
9 39
6 17
4 75
2 77
5 92
5 26
2 78
8 26
1 26
7 54
7 5
3 48
1 25
10 46
8 2
9 55
3 85
10 21
8 71
7 53
3 60
9 68
10 9
1 78
1 1
8 41
6 14
6 23
8 69
7 5
6 36
4 38
4 38
4 56
9 45
1 2
2 25
5 1
8 20
8 1
4 90
6 41
8 91
4 38
2 84
3 94
5 1
5 65
6 88
9 1
2 66
8 16
5 39
2 71
8 75
7 53
10 74
2 49
8 77
8 52
7 67
5 81
2 19
8 100
1 51
4 94
9 86
4 19
8 83
7 20
10 50
3 87
5 80
3 98
4 72
2 81
10 89
9 13
8 27
9 19
3 2
1 4
2 1
4 59
7 24
5 68
3 57
9 52
5 93
5 52
1 79
6 10
2 82
3 87
1 57
6 50
10 73
10 46
6 66
9 4
8 34
6 44
3 19
1 63
10 40
10 30
1 68
1 45
5 67
4 23
8 57
10 21
10 85
2 38
2 23
5 63
1 94
6 80
6 78
9 92
2 81
6 29
5 58
7 48
7 35
7 64
7 83
2 69
5 37
2 65
5 95
6 59
8 24
2 60
1 100
1 83
3 53
5 72
5 100
10 26
8 38
5 91
5 95
8 1
3 81
10 42
8 97
7 92
7 46
3 67
7 35
8 92
6 87
3 48
2 48
1 31
4 21
4 55
6 61
6 21
5 22
10 22
2 2
10 82
2 78
1 42
4 49
1 88
7 20
9 33
8 48
5 7
9 40
2 81
5 9
4 65
9 68
7 13
