5 85
7 97
4 33
8 95
2 68
9 29
4 33
2 70
3 19
4 54
7 56
10 76
6 4
1 35
8 41
8 96
2 1
8 71
3 88
10 87
7 13
4 15
2 28
9 100
5 30
4 17
3 8
2 83
4 73
1 33
10 80
5 11
10 91
9 43
9 83
1 25
6 68
5 14
1 11
1 56
7 27
10 49
1 58
4 81
1 86
8 17
5 93
1 38
8 69
10 95
10 41
3 61
3 52
3 69
7 99
6 95
2 67
4 22
3 45
3 31
7 4
2 100
3 33
3 10
8 8
7 43
4 34
2 30
5 7
8 32
9 56
6 61
7 7
2 24
3 38
4 52
10 17
8 92
6 79
10 19
1 97
5 29
5 55
7 29
2 12
4 47
9 36
6 69
2 49
3 99
3 24
3 42
9 70
4 39
9 23
8 44
8 82
4 62
6 91
5 77
9 46
10 91
6 86
4 24
4 98
10 96
2 31
9 86
2 35
5 36
10 74
2 94
2 88
5 27
6 39
4 39
3 26
6 38
10 71
7 6
9 22
5 82
2 32
1 95
9 32
4 11
4 47
8 76
8 95
6 75
9 62
2 75
3 77
4 62
4 33
8 94
8 93
8 24
6 66
6 23
3 96
7 40
1 95
2 43
7 19
9 81
4 36
8 81
8 77
9 6
8 55
7 37
9 75
4 40
10 58
7 15
10 29
8 16
6 29
1 87
10 43
7 56
8 90
1 48
9 47
2 17
9 66
4 39
5 87
9 53
3 99
3 86
9 10
5 5
9 49
10 72
2 1
7 97
9 83
5 32
1 19
7 42
2 9
2 23
4 23
6 12
7 13
1 77
6 42
3 65
4 52
4 41
2 4
1 1
10 84
7 47
9 33
2 54
9 33
2 14
9 94
1 99
3 61
2 8
6 43
1 83
5 34
7 27
1 23
5 85
5 76
8 67
4 17
5 74
8 9
6 12
4 11
4 68
2 6
6 82
9 31
7 51
10 49
3 33
8 84
4 91
4 19
10 61
10 99
3 83
5 69
9 4
8 71
8 78
8 29
9 100
8 19
7 85
5 59
10 16
5 81
10 65
3 94
3 36
2 6
9 96
10 66
6 55
4 63
6 68
8 49
9 38
2 23
2 41
2 100
6 44
5 43
6 74
2 92
8 93
6 92
5 37
3 59
7 9
5 69
2 69
7 46
9 12
4 55
8 96
5 91
1 52
10 90
10 82
1 94
8 72
7 39
5 90
10 73
6 29
2 10
8 62
3 53
2 65
7 19
5 32
6 44
10 65
1 94
6 74
8 47
5 40
9 65
2 91
10 75
8 56
8 70
5 60
2 65
7 53
10 87
8 71
10 84
5 43
4 55
3 84
1 67
2 70
5 84
2 44
8 25
6 33
8 21
9 60
8 55
1 46
4 3
4 56
4 70
5 69
8 45
10 86
8 59
2 14
3 69
5 82
8 12
2 26
3 18
4 44
5 90
7 54
9 26
3 19
2 99
1 12
5 48
5 62
7 50
7 63
10 40
9 47
9 39
7 88
8 7
1 66
6 98
4 57
1 34
5 65
9 41
3 56
1 7
10 58
4 37
9 78
10 85
8 69
3 51
10 82
5 91
9 33
6 48
3 1
1 61
5 68
9 67
2 69
7 8
6 5
5 7
3 19
2 12
6 23
7 35
7 98
9 69
4 17
7 72
8 7
5 81
9 62
3 7
4 14
1 29
1 76
10 72
10 1
5 41
6 17
5 72
10 69
2 35
4 31
10 8
8 10
9 88
4 77
5 85
1 43
3 36
5 65
9 69
6 89
2 4
2 60
10 92
2 87
9 31
8 49
8 74
2 20
2 23
5 63
6 61
5 81
10 79
3 54
3 22
3 75
2 72
4 30
2 30
10 67
2 78
8 77
1 78
10 62
8 42
9 79
4 92
8 40
1 79
8 85
2 37
10 98
4 63
10 13
3 59
4 73
8 12
2 2
8 83
8 60
6 29
5 5
3 30
2 32
10 40
2 96
9 88
10 75
5 71
9 24
7 5
7 71
1 85
4 88
5 41
7 85
3 52
4 74
3 49
6 52
6 42
1 42
5 3
10 1
9 50
4 15
8 76
8 95
1 85
8 11
2 73
8 98
10 23
1 24
2 44
9 17
9 89
6 27
8 21
10 70
1 10
5 74
4 11
9 66
9 100
6 79
5 38
4 63
1 41
9 81
10 96
2 27
4 53
3 48
1 74
10 52
3 12
5 49
3 14
8 3
5 78
2 100
9 84
1 47
4 36
7 44
9 7
3 17
4 46
8 15
1 71
9 3
4 20
6 8
9 50
10 31
5 19
8 35
6 76
7 51
10 59
5 13
1 89
10 8
6 51
8 14
6 63
2 40
9 22
4 32
8 70
4 2
2 50
6 87
1 6
7 14
6 9
4 28
2 4
7 68
8 38
10 24
6 67
6 75
6 94
8 96
10 2
8 43
3 57
6 44
6 72
6 57
8 15
7 17
2 95
1 88
7 13
4 85
3 50
3 28
6 32
10 75
9 79
2 35
8 74
10 50
1 9
8 4
6 6
1 45
4 27
7 81
8 78
4 25
1 48
7 98
9 31
7 99
10 21
7 50
9 54
9 9
7 62
5 31
3 76
4 2
10 2
6 66
2 83
7 24
7 34
9 70
5 37
4 24
3 98
4 88
7 82
7 9
6 77
6 1
6 46
10 42
9 68
4 96
9 41
7 62
2 63
10 59
7 80
1 48
5 77
5 56
6 12
6 99
3 97
8 19
6 24
9 16
3 96
1 23
3 72
1 72
6 27
8 62
4 98
4 9
10 75
7 2
10 73
7 29
6 95
9 40
7 46
1 44
5 18
3 35
9 80
6 45
10 83
5 43
1 37
7 61
7 90
9 12
8 29
3 29
1 86
8 29
6 35
5 2
9 27
6 7
1 1
5 5
5 39
4 5
5 82
3 50
10 61
3 60
6 95
2 14
8 63
10 74
3 25
7 39
10 82
10 64
3 71
5 44
5 18
4 78
1 30
10 99
8 97
2 30
3 49
10 48
4 73
3 66
7 63
6 93
3 27
8 89
3 81
1 70
5 28
3 15
4 71
6 92
6 21
4 11
1 66
7 83
1 56
7 71
8 20
4 10
4 63
3 79
3 5
6 43
5 5
4 75
1 89
7 53
2 54
5 55
3 41
6 92
6 89
7 66
5 85
5 49
3 49
1 70
2 93
3 76
3 22
8 8
7 10
7 27
8 3
7 86
3 24
6 2
6 19
10 82
8 67
8 46
10 90
2 54
8 7
7 72
6 59
7 7
9 53
4 80
6 36
10 47
4 61
3 40
5 23
10 1
5 68
9 65
7 53
3 50
3 73
4 38
10 95
5 47
2 50
5 54
4 74
10 11
9 45
7 68
9 52
8 47
5 89
1 94
6 30
1 82
8 8
7 80
2 22
1 69
6 16
6 76
2 4
8 26
3 52
7 45
8 38
7 54
5 86
5 98
9 30
1 76
5 28
4 57
4 8
6 1
2 77
5 86
4 75
9 79
7 7
9 83
8 14
5 72
10 59
7 3
8 1
5 10
7 29
7 94
10 98
10 78
8 55
5 12
9 94
7 83
6 95
5 15
5 16
10 90
1 8
1 95
5 97
3 37
10 99
3 37
10 64
2 57
8 67
2 19
4 29
10 94
7 19
3 11
9 54
9 51
10 57
9 93
7 89
10 60
3 42
7 20
4 85
7 70
9 14
2 97
5 49
10 99
9 74
3 25
6 98
3 96
7 49
2 93
3 70
7 24
8 46
7 30
8 77
1 64
3 98
1 28
5 65
9 23
5 84
1 8
4 36
6 33
5 58
4 80
9 54
8 73
6 15
7 71
3 65
8 60
6 36
3 43
1 78
9 29
9 4
10 20
3 15
9 93
1 26
6 68
8 60
9 6
4 84
2 39
5 92
3 66
1 80
6 6
9 55
5 62
8 88
2 73
5 27
9 13
8 67
5 59
2 21
1 64
1 3
10 94
9 22
3 73
7 41
4 93
4 77
4 54
4 18
7 87
5 97
6 96
8 87
10 15
3 84
5 15
8 50
1 36
5 36
6 66
7 37
10 84
8 63
2 65
2 92
1 51
7 20
6 24
8 31
8 18
5 98
1 50
2 26
6 78
5 61
10 84
10 27
7 68
9 9
1 82
6 32
9 60
10 68
8 3
4 91
4 79
9 90
10 2
2 63
10 87
4 14
8 93
7 18
8 99
7 7
4 26
1 51
6 5
10 38
9 1
5 47
4 46
1 4
9 15
7 73
5 54
4 98
1 15
9 16
10 67
2 39
2 76
3 41
4 48
2 1
9 68
1 11
6 100
2 73
4 88
2 12
3 41
8 34
10 38
9 51
2 27
4 82
2 89
6 66
10 88
8 22
10 57
3 3
1 55
10 8
8 66
9 16
7 20
1 49
5 95
8 92
10 35
9 50
4 29
