9 36
5 93
5 59
1 89
6 37
2 64
4 41
7 30
9 4
4 50
1 5
3 53
3 81
1 78
3 71
7 3
9 80
5 47
3 49
1 64
10 78
2 31
9 64
3 91
8 86
1 87
4 82
9 32
5 3
8 46
2 78
7 50
8 22
1 11
3 45
7 87
8 14
5 85
4 49
6 97
6 62
5 26
3 86
4 100
4 47
4 91
5 94
5 56
9 8
4 67
10 70
1 93
5 15
7 53
7 93
10 75
1 74
6 17
4 25
10 66
3 56
10 95
10 99
6 88
5 40
4 85
6 37
9 27
2 7
4 67
8 11
2 10
9 16
2 15
3 44
5 69
5 24
7 88
5 55
5 19
2 23
9 68
2 53
9 29
10 27
8 48
5 87
1 66
9 86
9 52
8 34
2 14
2 10
6 5
7 9
4 77
8 30
8 100
5 10
9 42
4 71
1 10
4 62
2 22
3 9
8 68
5 92
2 81
1 13
8 98
7 74
7 81
8 75
7 65
9 45
8 12
1 79
4 83
1 59
3 27
2 37
6 31
2 9
5 45
2 46
6 11
1 96
5 92
1 63
8 20
2 41
5 56
10 31
3 54
3 31
6 5
4 22
3 69
7 69
4 27
6 82
9 73
7 15
1 13
5 93
7 55
10 3
6 73
8 18
2 39
7 13
4 79
8 28
5 47
2 73
1 47
7 87
6 26
5 77
5 26
2 71
10 36
9 10
5 21
10 30
4 14
9 94
2 58
6 98
1 64
9 12
9 12
2 30
1 88
4 9
2 88
1 96
9 2
6 95
4 100
1 61
2 83
6 81
10 90
5 70
5 64
6 79
5 3
4 83
5 58
8 48
9 78
5 8
5 33
10 65
1 79
2 41
10 46
2 98
2 50
4 95
5 63
7 29
7 48
8 2
10 32
4 88
2 34
9 42
4 25
1 80
6 90
4 80
10 64
10 22
1 87
2 4
5 1
4 67
2 54
7 79
10 38
8 97
7 1
9 3
8 54
2 40
4 73
9 88
5 68
8 48
4 85
4 30
1 71
4 44
8 58
6 41
8 68
7 46
5 66
10 4
1 61
2 71
3 27
8 11
5 10
9 45
10 23
5 34
9 83
3 32
9 96
4 26
1 71
5 91
7 7
10 59
8 52
9 10
4 73
10 82
10 30
1 95
3 18
4 62
5 99
8 48
2 47
8 85
5 13
2 37
9 25
8 53
8 25
4 7
6 7
2 13
3 88
2 73
1 6
2 83
7 98
5 15
2 80
3 73
6 32
8 67
4 91
6 66
7 35
1 21
9 76
4 72
7 24
6 1
7 58
10 5
5 64
7 17
10 38
4 75
9 67
1 53
4 79
9 58
6 54
8 77
10 1
5 62
2 43
7 99
4 39
10 4
3 65
4 95
4 23
10 4
6 34
3 36
7 62
10 81
7 22
9 18
5 58
9 1
10 43
3 59
4 97
8 44
9 41
8 88
10 60
5 90
5 17
6 19
9 43
6 39
2 36
4 25
3 2
7 80
4 22
6 22
1 35
1 4
10 33
3 57
7 32
4 50
5 65
2 3
2 47
2 71
8 78
9 17
7 82
10 86
8 39
6 24
7 42
9 66
4 79
2 9
6 13
7 84
9 48
1 27
6 54
5 43
9 82
5 42
1 61
7 97
1 46
5 28
10 26
10 33
3 9
4 57
4 48
3 60
3 72
9 96
9 39
2 61
2 95
5 37
3 88
7 47
9 64
3 6
8 22
10 56
2 30
4 80
3 81
6 77
9 60
6 13
7 55
10 83
9 81
6 5
4 51
3 13
8 99
9 98
4 99
4 76
10 34
5 10
5 99
3 25
6 72
5 6
6 74
8 7
8 48
7 6
5 34
4 11
3 13
1 42
7 40
2 50
3 85
7 80
7 15
10 43
6 64
4 64
9 12
1 22
7 41
10 41
8 44
6 81
4 77
10 67
3 82
10 32
9 92
8 89
5 100
7 42
5 68
4 98
2 68
6 64
10 50
3 82
2 90
2 19
10 86
4 47
8 57
9 3
4 38
4 86
6 35
9 4
6 73
5 76
8 10
1 41
4 29
6 79
9 47
2 49
2 15
8 61
8 65
4 67
3 6
10 78
1 96
9 99
4 74
10 27
2 56
3 81
6 37
3 7
6 12
5 99
2 9
10 66
9 77
2 28
9 34
1 77
8 30
2 48
3 66
5 83
6 100
4 64
9 30
3 11
4 89
1 9
8 41
7 77
5 50
6 73
4 77
5 4
6 87
3 11
1 15
3 66
6 54
1 10
3 96
8 69
5 77
3 2
10 56
2 10
1 91
3 72
8 67
1 22
9 80
9 12
9 65
5 31
7 23
6 34
5 63
1 1
1 94
9 76
1 96
9 90
7 93
2 4
8 97
9 16
4 40
5 47
7 30
7 99
10 87
2 10
2 19
4 85
7 13
10 57
4 7
4 12
2 40
10 100
9 13
5 13
4 85
5 8
2 15
3 44
10 78
4 60
1 13
10 28
8 97
4 2
5 52
1 13
5 48
10 89
1 69
1 89
9 44
5 23
2 33
7 78
5 11
5 86
1 76
9 79
8 56
6 24
2 3
8 8
8 48
2 80
2 76
2 29
7 68
2 87
7 35
1 71
5 67
2 86
7 76
1 20
8 82
3 33
8 9
7 86
2 12
1 63
10 98
6 20
7 90
5 66
2 1
5 42
7 18
10 69
8 69
2 91
9 25
4 14
3 16
10 14
4 50
7 47
2 15
8 39
6 22
5 42
2 31
1 72
4 47
8 51
1 19
2 23
9 31
8 51
5 38
10 48
2 56
9 4
3 27
6 69
2 7
10 29
5 61
2 43
8 87
7 32
9 38
9 80
4 41
10 39
1 26
4 69
4 43
7 66
1 19
8 42
6 42
3 45
3 19
9 91
7 45
6 32
4 39
3 54
9 30
3 100
6 8
10 56
3 98
10 25
4 9
10 79
6 19
9 75
7 2
6 94
3 19
2 91
1 53
8 62
1 71
6 45
4 24
5 49
10 98
5 69
3 91
3 55
9 41
7 71
9 60
6 23
6 83
2 85
8 55
2 100
2 44
4 13
1 2
2 85
3 95
3 45
7 20
3 83
10 49
10 73
10 83
5 19
2 5
1 45
1 27
2 91
1 92
3 34
4 22
5 88
10 44
10 43
4 12
5 14
3 15
3 73
10 58
8 52
8 78
8 5
9 49
7 3
4 4
4 50
5 57
3 24
6 10
2 57
4 95
3 4
3 6
6 3
7 69
1 30
4 82
7 55
1 95
7 13
8 87
3 78
7 14
4 7
2 85
2 85
9 2
1 90
10 79
7 67
6 25
9 56
7 25
7 52
9 66
5 68
6 55
5 11
5 73
2 89
4 64
9 25
2 79
10 44
6 13
9 32
7 24
2 90
10 90
8 61
1 51
4 64
6 2
8 15
10 18
9 17
3 72
10 82
8 44
4 80
10 2
3 36
1 52
8 5
5 86
1 84
2 45
4 78
3 12
5 39
7 69
8 55
4 29
6 72
9 36
8 48
9 68
5 41
5 60
9 28
1 92
6 34
4 44
6 82
9 6
9 87
7 14
9 16
9 46
7 75
3 35
10 72
2 35
9 97
9 40
3 51
3 45
6 95
9 88
4 90
10 40
7 66
9 22
3 43
6 64
3 47
8 17
1 19
5 44
8 70
3 12
2 27
9 5
6 63
8 41
2 96
3 74
1 58
8 63
4 73
6 74
7 20
7 78
1 81
4 3
5 17
5 12
10 55
1 23
7 37
4 64
4 16
5 83
7 98
5 87
5 77
2 78
1 58
1 47
4 19
4 36
5 30
8 60
5 96
4 56
4 91
7 63
2 25
8 36
8 85
10 65
2 51
10 34
8 28
2 59
4 36
6 18
4 17
3 9
9 89
3 48
6 36
9 56
10 79
5 17
1 13
8 17
2 84
1 90
4 96
3 25
1 97
3 74
1 70
10 82
2 59
4 82
10 19
10 54
10 51
1 61
3 4
6 100
5 11
4 59
2 96
2 63
7 85
9 39
5 61
9 78
6 93
5 8
9 21
1 93
10 96
8 1
7 87
1 68
3 45
1 69
4 41
5 76
4 64
10 95
5 14
10 95
8 35
3 3
8 23
3 1
4 23
5 100
1 26
6 19
4 13
6 60
5 32
3 29
8 59
1 67
3 72
2 45
8 58
3 42
6 83
8 66
4 99
4 63
9 73
4 80
5 12
10 15
3 79
4 36
5 5
6 46
8 45
10 38
9 53
4 7
4 82
8 29
10 76
5 90
4 100
2 54
6 96
4 83
8 51
9 43
10 6
6 78
2 67
8 23
9 52
10 10
10 72
10 84
10 75
4 80
1 87
3 60
8 24
8 75
3 16
2 68
8 75
8 64
8 75
7 89
9 64
1 49
7 61
9 93
4 51
3 67
3 38
6 47
1 1
5 65
