4 73
5 35
2 92
8 82
1 19
10 65
8 66
10 45
3 29
7 54
2 66
10 67
2 93
9 23
2 6
10 10
10 85
10 5
1 81
7 11
3 16
4 45
3 52
5 68
5 44
2 90
7 61
5 87
5 20
9 31
3 68
7 51
1 61
6 80
3 76
9 39
2 97
8 2
10 32
8 88
7 29
8 26
10 96
6 81
2 68
7 32
10 87
7 90
8 7
8 25
10 8
4 72
7 91
1 58
5 27
3 88
9 82
10 60
8 39
1 17
8 47
2 52
8 22
9 20
3 16
5 86
7 30
3 48
2 20
10 44
1 12
8 13
9 48
5 2
1 68
10 26
2 47
8 65
5 34
1 73
3 52
6 85
2 77
9 47
1 65
5 100
8 55
8 87
10 83
9 31
2 49
2 53
7 2
5 58
5 66
6 29
8 76
8 93
7 85
8 94
7 98
10 39
10 33
7 69
2 55
2 75
1 2
7 62
4 58
6 27
10 74
9 23
8 9
8 10
1 3
3 73
2 30
6 47
3 1
3 100
5 72
9 62
3 54
10 72
10 52
1 56
6 7
6 84
10 46
8 72
4 54
10 36
2 47
6 90
9 24
10 76
4 74
8 60
10 53
8 48
1 57
2 77
9 85
1 95
10 26
6 52
3 26
5 90
4 84
10 51
4 69
9 64
6 77
1 90
4 96
1 81
8 59
8 82
9 22
3 37
2 89
8 48
6 88
8 12
1 4
6 82
10 4
10 57
6 52
1 10
7 18
6 52
9 79
4 84
8 96
3 46
1 22
4 82
1 76
7 41
10 21
8 35
5 18
2 66
8 25
7 90
9 15
3 61
1 57
4 2
2 83
3 5
2 83
4 45
2 28
10 19
2 61
7 10
4 82
5 45
1 62
1 45
8 68
10 68
4 88
6 95
8 6
3 43
3 34
6 29
5 26
6 31
4 69
4 20
3 93
2 99
2 77
7 23
6 41
9 60
9 78
4 9
4 61
8 84
8 84
1 22
10 94
8 12
3 69
5 31
9 6
8 91
6 4
8 41
7 85
6 42
2 86
1 84
7 89
7 47
8 54
3 1
7 39
3 100
3 5
10 85
2 53
7 31
5 8
10 17
3 80
7 17
1 99
8 54
1 21
3 37
5 50
4 56
3 9
3 100
5 93
8 17
3 43
8 40
5 29
2 81
3 70
3 78
3 38
7 89
5 2
6 46
5 45
5 25
6 53
4 59
1 1
8 23
6 39
5 26
1 19
7 95
10 84
9 77
4 52
7 7
3 42
2 41
3 87
9 95
7 70
1 23
4 41
2 75
8 54
8 16
2 6
4 77
2 6
4 42
10 23
4 30
4 24
8 67
1 7
6 10
8 41
6 37
6 33
4 82
4 79
2 55
5 30
2 26
8 74
2 88
7 40
10 17
3 54
9 88
4 51
8 62
8 33
2 16
8 92
10 38
6 50
2 70
3 94
8 46
6 95
5 72
1 19
2 84
2 16
10 27
8 18
7 19
7 82
4 94
2 88
1 33
1 60
1 82
1 76
7 34
5 66
10 45
7 76
6 7
1 70
7 65
2 63
8 49
2 17
6 64
5 55
6 98
6 41
3 99
8 62
4 52
1 29
9 28
3 27
3 63
2 49
10 30
10 72
4 89
2 41
5 89
5 2
9 97
5 35
10 4
4 22
4 70
5 76
3 13
7 72
5 94
7 1
7 37
3 35
7 82
3 67
9 50
9 70
8 74
10 12
8 14
3 42
3 51
3 25
1 71
8 98
6 70
4 89
5 83
10 45
5 88
10 62
9 71
6 5
1 33
5 8
1 53
4 91
8 43
7 27
5 91
9 95
5 18
3 69
7 88
10 63
9 43
2 82
1 75
3 84
5 79
10 6
7 29
3 25
6 70
7 59
10 77
7 17
5 6
6 93
10 27
4 19
10 59
3 80
2 23
5 63
7 38
6 6
1 25
5 44
2 76
5 71
6 12
2 50
2 38
7 86
1 33
9 26
6 60
3 47
1 31
5 89
9 52
4 69
7 9
2 44
10 26
1 19
5 5
7 56
10 99
3 32
10 73
6 3
9 3
10 32
4 74
10 56
4 72
6 58
8 99
5 37
8 54
7 30
4 36
3 48
4 79
1 54
3 92
4 8
3 59
10 38
4 53
1 75
10 6
9 9
5 85
10 95
10 18
9 80
6 36
1 90
10 32
7 48
6 54
6 48
7 47
6 98
7 20
3 49
5 67
1 83
6 36
6 78
6 57
3 86
2 18
9 54
3 61
2 10
8 71
10 75
4 17
5 34
7 10
6 76
4 37
7 16
4 79
4 29
9 39
8 71
6 54
9 72
9 50
4 6
6 46
7 88
6 97
7 89
5 64
9 98
3 30
1 38
3 35
7 54
1 36
4 91
2 83
10 56
6 71
2 1
7 56
7 4
5 5
1 44
4 82
8 8
3 40
2 44
1 32
8 15
7 77
6 75
4 18
3 22
1 68
10 81
5 88
3 80
5 38
4 9
1 59
6 87
4 41
4 39
6 1
10 17
1 16
8 46
10 59
5 69
8 2
9 65
10 75
7 6
7 9
4 96
2 88
3 97
10 44
1 65
2 67
4 4
7 55
5 33
2 73
9 75
10 91
9 30
10 77
10 19
10 61
6 68
5 68
6 7
4 69
5 86
3 21
1 41
2 5
9 83
3 89
9 30
2 69
2 19
3 70
5 71
2 38
2 77
6 69
7 28
9 9
6 68
10 89
10 14
6 70
1 5
9 30
7 52
2 55
2 56
7 73
9 54
2 36
4 68
9 45
2 30
5 42
10 98
10 69
3 71
4 62
10 58
7 86
10 87
8 69
1 14
9 79
6 60
6 87
4 68
8 56
8 12
4 34
5 33
3 21
6 18
6 89
6 46
4 75
9 32
6 75
1 57
5 51
8 33
2 60
3 50
8 7
4 58
5 96
7 75
7 95
2 10
2 84
6 70
2 61
3 7
9 62
6 11
8 34
2 92
3 61
9 92
1 74
1 99
2 76
2 64
8 28
9 7
8 30
7 61
4 57
6 92
2 52
6 10
1 48
1 27
9 16
5 93
2 97
8 65
8 66
10 54
2 55
5 52
10 6
7 23
6 15
7 3
5 11
3 54
4 64
10 40
7 60
7 79
4 27
4 74
3 82
1 88
9 78
6 99
2 70
6 93
4 71
4 4
4 6
4 46
10 87
2 21
4 37
3 42
7 81
6 75
9 65
1 91
4 42
7 30
8 53
1 71
4 80
3 2
3 93
7 10
7 29
3 12
9 83
4 46
1 42
8 44
5 41
4 61
6 95
6 82
6 4
7 51
10 87
5 59
5 100
7 15
10 41
5 6
9 42
8 32
9 79
8 93
4 92
5 46
9 24
7 27
10 25
10 55
2 99
4 57
7 63
2 36
8 88
5 7
5 39
4 24
2 16
5 62
6 85
4 88
1 42
1 97
2 86
10 35
5 93
6 30
5 47
9 30
4 86
6 39
10 76
10 40
9 1
8 83
3 88
2 90
6 48
5 12
4 65
5 78
10 85
6 92
7 87
4 36
1 10
7 30
5 75
6 23
2 41
10 92
4 9
6 13
4 47
6 4
1 56
8 68
8 59
3 76
6 70
4 6
9 89
10 60
1 19
8 38
1 85
3 88
1 81
2 67
1 19
1 61
3 22
9 10
5 22
4 83
7 70
8 93
8 71
2 73
8 60
3 75
9 24
6 93
1 10
3 100
2 16
7 91
8 8
9 19
5 38
10 83
10 75
4 32
2 47
5 88
7 3
1 10
9 71
10 42
4 98
4 27
7 17
7 69
1 100
2 88
5 9
9 29
3 87
7 19
10 82
9 47
1 86
9 41
9 38
8 26
4 80
7 60
7 35
6 9
2 36
3 52
9 29
7 24
7 35
10 91
10 84
5 56
1 95
2 87
9 16
10 90
2 96
2 4
5 49
7 57
5 30
6 47
8 75
3 2
2 28
1 4
1 72
9 1
4 32
6 13
1 18
9 54
4 14
3 6
5 44
8 18
4 36
1 10
7 90
7 54
10 41
4 97
2 15
1 24
1 95
3 41
5 28
7 99
3 98
2 78
2 56
8 1
9 17
8 4
8 55
3 15
6 86
8 78
7 85
2 62
5 39
5 95
1 85
1 27
2 77
4 1
3 32
9 92
10 25
9 62
2 18
10 75
9 11
4 87
10 37
3 51
3 33
7 93
2 66
2 42
8 97
6 87
2 21
2 60
5 72
10 55
3 86
2 20
3 48
6 9
6 32
3 95
10 47
8 38
3 71
8 54
6 40
2 90
5 83
5 33
9 63
9 52
1 56
2 55
10 21
9 48
4 1
1 34
4 95
7 83
10 60
3 82
1 21
4 100
9 61
1 90
1 29
8 75
3 44
10 65
9 59
4 79
4 74
1 60
4 47
5 98
1 59
4 14
9 84
4 21
5 80
