8 8
2 26
4 97
5 41
5 37
5 68
10 21
10 32
4 89
8 41
2 59
7 51
4 6
2 22
3 47
8 57
4 98
8 15
9 55
10 94
10 95
5 65
7 82
1 93
1 12
2 49
7 57
9 84
8 42
5 97
3 30
5 85
6 93
7 75
2 92
4 17
1 26
1 2
6 40
8 14
2 13
2 35
3 80
4 85
1 66
3 25
2 19
2 66
3 25
4 50
7 17
9 53
8 35
4 20
3 62
8 21
4 33
1 5
10 64
1 6
4 10
5 36
1 95
1 40
3 38
8 49
4 62
10 39
8 7
5 89
8 72
10 46
8 75
5 8
10 74
4 46
4 97
2 53
10 33
5 22
2 28
4 30
1 98
5 35
5 64
4 79
2 71
4 26
7 13
7 5
7 25
1 54
6 5
10 56
10 93
1 5
5 34
1 87
3 29
6 88
8 7
1 88
3 34
7 37
10 78
9 83
9 45
5 78
3 5
1 9
9 20
5 33
2 82
4 35
8 80
9 47
8 84
6 22
4 78
6 47
2 54
5 10
10 11
9 25
9 52
5 73
6 10
5 33
1 67
4 46
1 22
7 60
2 91
8 88
3 18
5 99
6 40
2 82
3 62
2 80
1 27
4 74
1 73
8 14
3 16
1 4
6 55
5 18
5 64
2 50
1 18
4 18
2 9
2 3
1 59
8 71
3 11
10 58
1 19
7 72
3 62
2 78
3 60
8 6
6 38
2 97
8 51
4 87
5 18
4 6
10 85
3 49
6 2
1 8
4 52
10 58
4 6
7 86
6 8
7 27
2 11
8 95
6 88
10 99
5 81
3 74
7 73
10 23
8 53
6 80
10 19
10 65
9 6
4 90
6 8
2 75
10 6
1 34
1 6
2 38
10 55
9 86
8 17
8 41
4 16
9 22
3 72
6 17
9 75
10 49
9 43
4 12
9 6
5 56
3 28
10 80
5 92
8 16
1 8
9 42
4 67
10 99
9 44
6 21
3 33
3 11
4 98
3 74
4 32
10 55
8 19
7 68
6 8
10 71
1 99
6 47
2 98
8 53
6 34
7 94
7 52
8 92
10 84
4 82
8 93
8 30
10 82
4 19
3 7
2 100
6 97
1 71
5 16
5 22
4 91
3 80
2 12
4 68
1 49
4 80
7 75
9 54
7 85
2 88
1 25
9 25
5 95
2 76
3 99
9 45
5 82
6 98
2 96
6 96
5 82
3 40
2 95
9 37
5 65
1 88
3 29
5 32
8 15
7 95
2 13
8 74
5 43
4 49
6 2
3 23
4 14
8 37
1 33
8 73
6 49
3 91
8 1
2 27
1 4
2 99
3 60
2 13
10 67
5 68
10 89
6 8
8 93
9 28
7 77
2 64
8 45
4 40
1 99
10 8
4 31
7 78
1 50
5 82
10 25
5 65
7 32
5 89
1 32
5 76
8 66
5 32
3 70
4 76
5 25
10 98
3 35
2 69
6 72
4 97
1 74
9 97
7 80
2 6
5 59
1 19
7 26
9 16
3 31
7 71
9 13
9 53
4 93
3 51
6 58
7 23
7 5
8 39
7 66
7 25
8 96
4 58
9 52
8 4
10 49
2 64
9 68
1 22
9 72
4 86
4 52
4 99
5 10
6 77
9 4
10 19
8 54
3 84
9 11
9 89
7 87
9 52
1 46
6 87
7 100
8 67
4 6
6 81
5 14
9 44
4 7
7 41
2 30
4 3
3 53
10 73
10 62
5 59
10 99
7 2
10 34
5 33
8 92
7 61
2 9
6 56
3 95
2 14
9 46
5 28
1 72
3 46
8 85
7 84
10 99
3 58
3 81
2 70
9 34
3 7
3 93
2 48
7 52
8 9
7 82
10 10
2 73
9 95
8 56
3 72
7 2
10 7
4 30
2 31
7 60
1 71
8 44
6 53
3 89
3 92
1 28
2 10
3 52
9 12
2 52
9 55
10 100
4 13
9 76
5 15
7 29
6 70
6 22
8 58
6 8
7 51
7 22
3 20
8 41
3 65
10 20
4 20
3 60
9 44
1 67
3 87
7 67
6 87
6 6
10 96
1 12
1 48
2 84
4 11
1 32
9 74
8 53
3 4
5 12
4 13
10 84
1 71
5 84
7 94
2 84
7 91
8 24
1 65
6 69
7 1
1 41
7 56
9 94
8 63
1 6
2 94
5 46
4 30
10 49
2 47
2 45
10 10
1 97
1 44
2 54
9 35
3 60
6 5
4 47
8 12
10 24
7 41
1 90
8 70
2 51
8 58
10 92
3 90
9 36
5 91
4 9
9 40
8 76
1 71
8 25
4 88
3 76
7 45
4 47
4 36
7 56
9 71
8 65
1 67
8 59
9 37
2 33
9 94
8 31
6 93
4 11
6 47
7 79
9 26
8 77
3 23
10 65
7 31
3 17
4 69
10 19
1 26
2 95
2 57
4 64
7 51
2 50
10 72
5 37
6 64
3 93
7 85
4 6
7 8
2 3
9 19
8 28
8 87
10 1
4 91
6 86
9 77
10 61
1 72
6 38
4 80
3 18
2 2
2 83
1 48
5 84
9 5
8 14
8 90
4 91
2 18
7 34
5 3
2 64
8 30
3 18
3 100
2 61
1 12
1 7
3 50
4 87
5 13
7 9
3 9
4 8
10 74
1 60
9 58
5 100
9 63
5 85
3 54
2 29
9 29
1 32
10 54
5 81
8 57
6 1
3 34
6 96
8 65
3 48
5 29
6 44
7 15
1 59
3 77
4 70
10 85
3 80
9 60
1 45
4 46
8 29
9 47
2 59
10 49
6 22
7 68
3 25
9 54
7 15
2 41
3 33
5 26
5 17
4 13
4 79
5 35
10 91
4 83
1 75
3 70
3 70
10 27
1 86
9 31
7 63
4 82
5 26
4 46
2 61
1 11
8 92
3 13
3 77
6 11
7 93
6 2
5 28
9 38
10 43
5 67
4 13
1 12
1 31
5 97
5 98
8 32
2 23
7 36
2 93
10 53
5 39
4 91
1 8
4 57
2 1
6 13
2 78
8 76
8 22
8 44
3 38
4 39
4 5
3 79
10 85
10 19
3 40
10 45
10 97
7 60
1 100
1 86
2 71
5 96
4 43
5 35
8 70
6 92
5 13
8 51
4 22
10 79
3 61
4 78
1 61
9 12
3 30
2 70
7 78
4 58
4 69
10 62
1 90
4 3
9 91
7 11
3 24
9 7
4 65
3 11
9 94
4 24
5 73
6 17
9 40
2 33
4 8
5 88
7 66
9 41
10 24
10 69
2 87
1 10
10 33
5 71
5 94
8 48
7 17
2 82
5 1
6 49
6 13
6 78
9 97
3 68
6 87
3 67
8 71
5 12
7 59
3 72
8 71
2 44
10 33
2 78
1 17
4 86
9 47
9 40
6 69
10 54
9 80
1 5
6 28
6 58
3 2
10 43
8 50
7 44
1 45
8 16
10 23
6 37
9 94
7 5
7 49
5 42
5 4
3 5
6 86
10 94
5 7
6 8
10 79
7 89
6 50
1 45
3 81
9 72
9 39
8 42
8 80
4 56
8 23
7 40
9 80
5 18
2 53
6 98
6 50
6 5
6 83
10 57
9 18
4 81
3 42
7 90
5 84
1 20
4 48
6 97
1 44
5 33
10 53
2 6
5 83
3 18
1 32
1 11
5 49
5 35
3 13
9 87
10 63
5 50
4 23
1 14
7 84
1 91
5 73
1 47
1 94
5 87
7 2
8 96
2 95
10 34
3 3
4 70
1 66
3 66
6 89
4 68
7 33
1 100
7 36
2 98
1 51
6 44
4 73
10 4
5 37
10 14
6 37
1 6
9 77
5 21
7 77
3 43
4 24
1 80
8 11
4 91
7 61
4 37
4 51
10 34
6 53
5 20
10 17
4 53
7 12
3 70
7 7
5 82
7 31
3 19
3 97
6 90
9 42
10 94
10 90
4 23
6 96
1 94
6 98
9 60
10 55
8 33
2 88
1 38
7 15
9 38
7 55
4 66
6 8
8 84
4 82
7 43
1 74
7 30
10 13
8 42
8 38
9 2
1 95
7 46
7 60
3 4
6 72
4 72
3 68
8 45
3 14
10 85
2 43
9 35
4 9
7 24
10 17
6 5
6 93
6 99
10 66
4 41
5 76
10 95
5 87
7 11
6 62
5 98
1 11
3 77
2 19
8 94
4 100
7 54
8 21
1 89
5 41
8 9
2 32
9 20
3 71
4 13
3 99
7 82
7 17
1 12
1 14
2 52
7 6
8 98
4 55
10 60
7 92
5 60
6 87
9 15
8 61
9 71
7 76
10 68
4 11
5 68
3 78
4 21
3 29
8 64
6 4
3 79
3 81
2 82
5 54
7 35
5 37
6 58
1 30
6 5
3 52
1 9
1 28
4 21
7 43
4 4
2 35
9 51
6 50
6 56
6 96
9 1
2 62
1 20
1 60
9 9
