8 13
6 77
6 8
7 64
4 30
8 40
6 24
7 68
1 24
9 60
10 99
4 43
7 47
7 4
5 52
6 57
1 10
10 83
9 56
9 45
1 52
3 15
9 48
2 42
2 83
3 59
3 72
3 94
1 16
10 70
2 28
5 72
2 24
10 92
10 7
5 99
2 23
1 94
4 16
6 43
6 33
6 4
3 98
5 9
1 50
3 67
3 94
2 67
7 87
9 69
9 1
5 31
10 36
2 45
7 28
6 99
10 18
6 25
6 22
3 35
3 44
8 14
10 70
8 92
7 71
7 36
8 95
3 89
7 84
7 41
5 21
10 21
1 41
3 76
6 31
6 97
7 66
8 55
4 76
10 53
4 32
7 67
5 28
2 80
10 53
8 4
9 86
1 42
8 72
8 68
1 30
2 51
4 55
4 43
2 57
4 98
1 17
4 37
8 17
2 69
10 20
8 96
5 96
8 37
3 38
10 73
5 37
10 72
9 33
8 16
10 92
8 17
10 76
4 78
9 57
6 20
4 57
1 84
2 62
9 67
5 62
7 95
10 15
8 21
7 94
8 40
3 34
7 92
10 59
5 78
6 93
7 68
4 87
3 44
2 68
4 44
6 86
9 2
1 77
5 26
6 3
4 53
9 62
6 71
6 80
5 38
4 4
3 62
8 56
3 97
1 23
10 24
1 24
3 75
2 25
6 82
7 76
7 17
10 69
10 60
9 69
5 84
5 22
7 21
6 7
5 29
7 26
8 74
8 73
9 68
6 71
9 90
8 69
2 99
4 94
9 45
2 87
10 82
4 31
2 15
8 7
6 46
10 82
8 59
8 93
1 95
3 66
2 54
10 98
1 67
9 81
3 70
7 34
8 91
6 81
8 46
7 46
1 11
9 6
5 10
7 36
4 67
6 98
4 93
9 15
6 66
5 31
5 89
6 10
7 43
7 17
9 22
6 26
10 16
2 27
5 60
10 10
1 52
9 24
2 96
10 20
8 98
2 79
4 4
6 31
6 6
6 69
2 84
8 16
9 33
4 47
6 13
5 83
4 6
4 67
8 50
2 25
4 53
4 74
4 99
5 33
1 4
4 28
8 52
4 68
4 62
8 41
4 28
9 23
9 98
7 16
3 53
6 5
6 22
9 19
9 59
9 96
6 2
5 11
7 94
9 30
6 47
8 11
5 83
3 82
3 26
8 77
1 46
7 6
6 21
5 70
5 64
5 99
2 18
9 21
7 9
7 22
10 85
7 73
1 55
10 11
3 84
5 41
1 100
6 30
2 54
2 60
4 82
7 4
4 14
10 43
7 30
5 20
4 15
3 15
2 47
3 68
9 43
6 26
2 1
4 83
9 69
4 4
2 100
6 49
2 25
2 40
8 100
2 100
10 44
10 82
8 9
4 15
7 47
1 8
10 50
10 99
6 23
7 51
2 31
8 35
2 43
1 32
6 49
3 74
8 7
8 21
5 1
7 5
8 88
2 87
6 67
7 83
7 82
9 8
7 23
7 87
1 5
5 28
6 18
10 9
1 1
5 17
8 37
7 46
4 27
5 8
6 35
5 19
2 12
1 63
3 35
8 23
5 33
6 83
1 18
8 75
4 71
4 89
9 83
2 19
9 34
4 95
4 78
8 55
8 40
9 33
2 72
9 32
1 73
10 66
5 39
7 26
9 10
5 10
9 39
10 78
10 63
1 70
6 26
3 99
9 82
2 97
4 37
10 86
5 99
2 100
9 46
2 68
6 8
3 51
5 15
2 31
9 9
4 56
8 81
8 43
3 90
7 28
3 39
4 73
1 1
4 9
3 26
4 91
2 31
3 60
1 85
4 80
8 8
6 54
6 4
5 50
8 81
6 41
1 70
8 12
6 38
3 2
9 68
2 16
8 26
1 38
3 73
3 20
5 40
3 94
1 46
2 18
10 25
8 45
1 82
2 37
3 42
1 90
9 48
3 43
6 17
6 12
4 9
3 3
2 41
2 32
8 44
2 53
7 12
10 59
9 86
10 11
10 74
9 9
7 98
9 100
4 84
5 19
9 3
7 76
5 51
6 98
9 18
7 77
9 33
10 87
4 66
3 17
3 72
1 32
5 69
9 59
6 28
4 66
4 63
3 17
5 51
7 63
8 63
5 88
9 100
8 66
9 96
1 25
9 82
9 51
8 93
3 51
3 11
1 13
4 55
4 40
4 32
10 36
1 21
7 7
2 5
4 39
8 66
2 21
6 47
5 89
9 84
4 6
8 43
6 77
2 81
1 74
10 26
8 91
8 33
6 30
3 40
10 42
8 33
7 50
3 35
6 62
2 80
7 15
3 91
5 57
6 77
7 87
4 1
7 28
1 70
5 57
7 2
6 92
2 24
6 76
4 58
8 71
3 81
5 93
4 23
7 42
7 52
1 35
4 17
9 49
7 46
5 44
3 45
6 44
2 8
2 83
5 88
10 7
2 37
4 66
4 51
3 27
7 30
4 30
8 6
8 89
7 57
9 19
1 39
3 47
2 21
1 95
1 78
8 62
5 14
1 24
2 80
5 68
2 75
9 100
8 5
8 85
3 17
6 18
9 11
4 80
5 58
2 16
3 42
9 77
4 60
7 44
8 68
4 42
9 50
9 89
10 17
9 27
3 40
5 37
6 89
9 20
1 76
7 10
5 82
1 79
4 25
5 2
4 9
5 48
5 88
9 1
10 25
7 83
5 2
5 71
7 94
7 50
7 19
7 40
5 17
5 73
7 7
5 2
8 38
2 63
5 40
9 15
2 87
9 56
9 89
4 54
10 76
10 58
8 78
5 60
6 15
1 2
10 2
9 64
1 95
2 90
3 56
4 65
8 23
8 18
3 99
1 68
3 97
6 1
4 98
10 40
10 84
1 74
10 40
4 8
2 48
9 61
9 17
8 33
6 87
4 22
8 16
10 94
3 59
4 82
6 67
1 62
3 53
7 62
5 75
1 66
9 69
9 25
6 82
4 93
4 48
2 3
8 25
8 8
10 28
2 85
10 36
3 60
10 68
6 58
6 3
5 69
6 31
8 1
7 65
2 43
4 35
8 89
8 94
9 2
10 7
5 75
5 38
9 59
2 83
2 56
6 90
3 35
8 88
3 62
6 63
3 28
9 39
5 69
5 99
10 96
8 56
5 96
4 85
8 19
3 53
4 86
3 77
5 62
7 58
4 31
10 55
3 88
3 48
3 98
5 59
3 30
1 100
8 99
9 52
5 20
3 86
3 96
1 95
7 83
1 60
4 13
4 22
8 15
2 34
9 37
1 91
2 24
3 93
4 52
2 56
7 66
5 98
9 53
5 50
2 31
8 66
3 87
6 88
1 29
3 5
9 17
7 99
2 58
6 81
1 51
8 9
3 21
1 53
3 5
8 27
7 40
6 4
5 33
10 93
8 58
5 34
1 23
2 30
7 63
3 87
3 49
8 22
7 9
7 36
8 37
8 78
5 43
9 31
9 68
5 84
5 89
8 27
1 78
9 85
9 9
8 79
4 70
10 36
4 5
4 46
6 96
7 30
10 28
9 5
1 19
4 85
3 84
2 98
9 82
8 83
1 18
4 9
8 25
1 39
8 43
7 62
1 87
6 36
9 55
2 16
6 54
3 94
9 1
10 58
9 56
1 42
2 96
5 49
1 54
4 34
2 1
2 14
1 32
8 63
4 24
6 87
2 62
8 33
5 86
6 67
1 87
1 83
4 89
5 36
10 93
9 22
8 65
3 41
10 46
1 16
2 54
3 18
5 62
6 67
3 29
2 65
3 80
1 93
7 58
3 56
1 43
10 94
5 9
5 60
1 91
6 87
9 23
9 53
7 87
8 39
10 19
9 92
5 61
1 86
6 11
4 67
7 20
8 43
2 22
6 89
9 59
4 92
6 49
3 45
9 92
1 38
2 92
6 9
3 37
2 67
5 28
10 40
4 79
6 21
6 36
9 18
10 38
5 14
2 10
9 32
3 26
7 96
1 4
5 35
3 62
10 15
6 85
3 15
3 40
8 36
4 95
1 94
9 21
8 86
6 28
7 36
2 96
2 80
4 7
4 61
8 100
8 55
2 6
2 36
10 88
1 19
7 55
3 84
3 36
7 7
3 52
6 43
3 74
5 59
1 5
4 13
10 51
3 7
7 90
7 56
8 14
8 59
2 36
8 74
10 57
4 70
6 22
9 15
8 13
9 97
3 42
5 46
8 72
5 55
6 95
10 5
10 82
3 39
4 77
5 40
7 71
9 59
4 50
2 8
4 100
4 45
4 53
8 33
2 7
6 22
3 99
2 45
2 53
2 36
10 56
5 88
4 7
10 13
6 4
7 36
2 60
2 8
9 76
3 40
3 27
1 96
6 92
10 31
6 62
6 94
5 31
7 96
4 43
3 65
3 52
6 4
6 16
5 73
8 13
2 5
3 56
5 15
8 8
6 99
10 14
10 40
6 8
2 50
3 71
3 87
7 66
6 53
2 84
3 78
