8 78
8 20
3 12
2 55
4 62
6 79
10 21
8 84
2 64
4 38
3 38
4 45
7 30
10 4
6 48
10 14
3 67
8 24
1 57
2 70
7 91
5 45
6 39
8 81
3 8
2 69
8 69
3 40
3 69
4 15
6 3
2 41
4 94
5 10
7 92
8 69
9 57
4 21
3 51
8 39
2 72
7 46
4 69
8 96
7 70
7 53
4 86
9 67
2 77
1 37
7 33
2 52
7 58
7 51
7 50
1 10
5 66
4 7
1 91
9 42
10 53
10 40
7 2
1 87
4 98
10 89
9 58
2 38
2 72
7 91
6 27
8 53
3 64
5 39
1 9
5 6
10 14
2 55
7 78
2 70
1 31
9 46
9 10
1 76
5 81
3 78
7 27
1 5
9 24
6 26
10 54
6 39
8 20
9 58
6 78
6 76
10 62
1 40
9 98
6 41
5 22
9 82
2 37
6 45
10 68
2 93
4 3
3 46
5 77
1 81
6 79
6 92
2 84
8 99
3 40
6 58
9 59
5 77
6 6
10 79
8 53
7 98
9 91
9 10
2 43
7 16
2 80
6 59
2 1
7 44
5 47
3 15
4 4
2 74
3 4
10 21
7 55
2 83
4 31
8 92
3 56
1 84
10 37
3 49
6 45
8 57
9 52
7 92
2 49
5 81
6 70
6 15
10 94
1 78
4 22
10 52
6 62
9 20
5 99
4 85
9 60
9 8
8 62
2 32
4 14
4 94
9 77
5 86
3 54
6 1
9 40
6 33
8 10
10 67
8 2
5 80
9 46
1 52
4 54
1 88
8 18
1 90
1 63
7 82
8 35
6 15
8 82
9 65
10 92
4 99
1 45
10 46
3 19
8 97
2 63
6 11
1 31
4 11
9 16
10 54
5 8
8 89
9 95
7 93
6 12
5 55
9 76
2 38
7 30
9 12
2 5
1 94
9 11
2 99
5 19
6 72
6 19
4 53
4 52
3 56
8 74
7 40
9 31
4 9
4 57
8 87
1 25
6 29
7 20
8 77
3 60
8 17
4 10
6 68
8 56
4 12
1 22
2 76
7 95
10 99
3 94
3 80
9 6
2 63
6 80
4 17
1 100
3 36
9 7
5 47
5 59
8 98
2 52
6 77
7 96
5 43
9 31
7 33
9 97
7 13
3 40
8 75
3 98
8 55
3 52
9 61
10 98
3 41
2 4
6 13
5 12
10 14
8 6
8 68
8 29
10 87
3 76
10 3
5 98
2 95
3 46
7 66
7 36
2 58
1 93
10 94
1 58
7 20
4 16
3 32
8 82
9 60
9 24
1 62
5 89
3 79
9 26
3 34
10 54
8 49
10 69
10 15
8 95
4 100
2 61
9 14
1 81
2 1
6 48
6 30
8 50
4 56
8 10
7 69
5 47
3 85
9 6
1 53
5 53
2 23
5 61
10 76
7 66
3 18
9 100
9 25
3 30
3 86
2 86
10 96
2 19
2 91
5 77
3 74
2 44
8 72
5 84
6 43
2 79
5 86
9 24
7 90
4 16
9 92
10 52
2 81
5 63
4 15
6 14
8 56
2 75
6 60
2 46
9 84
7 70
2 18
9 56
2 53
6 93
9 63
10 99
8 26
6 23
1 96
3 46
2 5
2 58
3 99
7 62
6 58
5 23
6 98
2 75
10 22
8 20
5 87
9 63
3 54
3 69
7 79
3 67
1 55
8 25
6 13
7 70
10 85
4 21
3 49
5 39
2 26
8 61
4 19
4 63
5 37
3 95
7 8
1 37
1 49
1 77
9 17
5 13
7 77
4 44
6 96
1 66
2 51
3 45
2 40
10 49
10 55
6 21
4 82
8 30
5 95
7 46
4 20
1 38
5 27
9 73
4 47
2 81
3 39
5 3
7 10
10 35
10 81
7 70
10 38
1 37
7 34
10 83
10 5
8 2
9 37
2 59
2 53
9 12
1 45
4 56
5 36
1 14
6 73
6 66
8 87
5 22
9 44
9 80
6 89
6 58
7 25
3 38
8 51
10 91
8 93
8 23
4 3
6 87
1 85
4 82
4 43
1 56
3 43
10 98
10 36
8 76
3 77
5 47
2 1
3 38
3 23
4 76
2 23
2 20
1 12
1 29
2 80
2 81
6 1
8 80
3 74
4 65
1 51
10 1
3 74
1 45
7 84
6 20
2 79
6 90
6 42
2 83
10 6
3 3
5 60
1 26
10 62
7 65
3 54
3 73
2 63
6 12
10 34
3 22
5 8
9 36
1 71
4 61
6 62
5 75
8 67
5 57
3 49
4 96
2 63
2 70
8 71
4 3
10 63
3 55
2 10
8 60
10 56
1 27
8 24
2 5
10 63
8 80
2 42
6 85
7 44
1 85
9 36
8 37
2 98
7 58
1 60
7 25
5 31
4 51
8 44
1 49
3 26
2 48
2 62
10 30
1 59
8 13
1 44
1 28
4 7
7 39
6 43
5 11
3 70
2 3
4 77
4 91
7 82
2 80
6 65
3 13
1 50
1 70
9 43
8 10
3 2
6 11
5 30
10 21
3 3
5 43
8 72
6 99
1 25
10 1
8 94
2 88
1 83
4 81
2 82
4 73
7 95
10 73
9 3
4 29
7 36
7 46
5 84
5 57
3 29
9 70
10 94
2 21
3 65
9 81
4 37
8 27
2 27
3 50
7 36
4 37
9 77
5 76
3 91
8 53
4 97
5 11
7 25
10 6
2 17
8 26
5 100
1 29
1 20
3 13
4 5
10 90
8 56
10 98
9 46
3 66
1 33
8 85
4 14
9 77
4 65
1 57
6 74
5 79
9 8
5 74
3 47
10 24
10 58
2 27
8 44
10 18
3 18
5 27
9 22
4 55
3 42
8 54
10 32
1 89
10 78
9 86
4 30
7 75
8 92
7 36
2 91
2 83
9 86
10 97
1 97
3 40
10 33
10 72
3 57
7 27
6 38
8 60
1 98
8 43
6 41
7 28
5 12
3 90
8 31
4 24
9 82
1 84
9 73
9 99
2 66
2 17
6 4
6 77
8 54
4 4
10 24
7 23
2 70
7 12
4 52
2 4
3 30
6 3
4 38
2 47
2 71
6 22
8 61
4 84
6 95
6 62
5 60
5 78
6 42
8 71
3 57
6 32
4 97
3 80
5 32
9 69
9 7
4 36
1 91
6 73
6 56
9 69
4 82
8 48
3 88
2 44
3 98
9 100
6 62
4 9
8 39
5 13
5 7
6 9
1 84
6 97
7 66
2 88
1 51
4 38
2 56
8 95
6 83
4 24
1 70
10 21
5 8
10 41
5 83
1 27
2 51
8 72
9 77
8 57
2 36
4 3
6 85
6 76
6 25
3 41
3 97
6 55
5 73
3 96
4 23
9 68
9 20
2 60
10 36
10 2
2 23
2 75
9 3
10 86
5 34
8 79
4 98
1 12
2 72
1 75
4 34
9 85
2 7
10 99
3 93
4 4
5 2
8 7
7 72
9 35
10 68
5 92
2 62
8 53
10 48
4 8
8 88
2 46
6 4
6 5
1 41
9 68
2 88
10 22
9 54
4 62
7 6
10 91
4 21
8 28
4 45
8 91
7 91
1 51
10 80
4 5
5 3
1 36
1 57
2 97
10 49
10 66
4 60
10 65
1 90
8 98
10 95
5 11
5 77
7 68
5 17
8 87
5 93
7 21
2 18
6 47
4 67
1 96
2 58
2 56
7 82
1 55
2 39
5 4
10 46
9 89
8 9
9 92
7 27
9 3
6 13
2 32
6 74
10 37
3 45
2 88
2 100
2 55
4 95
8 27
5 76
6 2
4 83
6 75
6 15
8 25
2 40
6 41
5 11
2 63
3 15
1 68
8 46
2 69
2 9
4 79
7 5
3 38
1 99
9 32
7 27
1 97
10 9
2 65
5 33
10 95
5 30
8 76
3 61
6 3
6 4
1 28
2 65
1 87
5 5
7 80
4 28
5 30
2 22
4 21
8 9
10 21
8 33
3 60
7 84
5 60
4 60
3 43
3 30
8 27
2 86
10 47
9 17
8 55
9 74
10 12
7 98
2 5
1 24
3 17
3 97
6 47
5 45
7 75
1 98
5 80
2 4
5 19
3 67
2 98
9 2
1 79
9 82
9 79
7 87
2 87
6 21
7 66
10 79
8 57
10 9
10 88
1 49
10 71
5 58
4 61
4 80
5 48
4 31
4 74
2 94
8 77
4 19
7 87
8 79
4 80
2 97
2 4
3 68
10 16
10 85
3 41
5 30
3 14
3 73
6 64
4 2
4 99
7 41
4 79
6 19
4 56
2 95
7 52
7 1
5 64
10 9
10 15
7 26
1 14
10 98
2 16
9 9
8 50
1 20
7 6
3 5
10 66
1 70
6 68
5 16
9 42
1 94
2 17
8 42
4 59
1 59
10 1
7 73
9 85
10 67
6 72
5 52
8 58
3 32
10 44
3 26
10 67
8 35
