4 2
8 68
5 69
2 30
4 45
3 71
3 27
9 37
3 77
10 37
7 85
1 10
1 61
6 95
10 61
5 72
8 68
9 96
7 26
4 52
7 94
1 44
6 68
2 4
5 84
8 25
2 75
9 10
3 98
3 81
2 53
5 51
9 88
4 93
7 17
9 90
8 75
5 34
2 32
9 20
5 19
7 44
10 20
6 43
7 89
1 84
4 89
3 85
2 79
4 83
9 38
6 51
4 36
5 31
5 86
7 37
2 43
5 10
7 9
3 70
4 65
4 20
6 50
9 29
4 22
7 71
2 72
1 17
2 46
9 86
6 82
9 98
6 89
10 84
10 29
4 70
5 60
6 51
9 15
1 64
6 7
9 31
8 3
6 97
7 54
10 54
9 81
9 100
9 55
8 36
4 21
8 80
10 76
4 27
9 16
8 58
10 63
7 33
10 24
9 74
3 27
2 50
5 71
9 78
10 66
8 84
5 100
8 72
3 38
7 6
7 14
1 10
1 78
6 64
4 2
2 6
9 92
9 31
3 18
9 45
8 17
3 11
4 82
10 82
3 55
7 66
1 45
8 5
5 7
10 80
6 58
9 90
1 17
9 6
1 64
10 45
10 46
9 5
6 100
9 73
9 93
4 42
5 95
7 67
1 20
1 9
9 35
1 33
10 93
6 56
6 41
1 70
7 20
4 82
1 1
7 45
9 5
5 6
5 99
7 47
7 84
7 87
3 81
3 16
8 6
8 23
9 36
3 39
6 50
3 39
4 6
1 92
9 71
2 30
6 98
5 90
4 30
3 91
3 29
1 79
6 2
7 93
10 33
10 37
6 58
3 22
9 38
6 96
6 31
4 19
3 90
9 16
5 84
10 47
2 46
3 1
7 55
7 69
1 1
2 11
9 22
2 89
10 9
2 62
5 48
2 47
8 39
6 28
1 44
4 1
8 5
3 39
8 23
6 91
8 95
10 42
3 96
2 83
3 88
9 9
5 8
9 16
9 11
7 63
2 35
3 8
6 53
1 25
2 43
4 12
1 23
9 14
9 14
5 100
10 70
8 94
4 86
10 49
1 37
10 25
6 30
6 24
7 42
5 66
4 43
5 98
6 70
4 54
3 9
8 68
5 24
10 73
9 21
6 18
9 90
5 97
4 67
5 81
5 1
6 48
5 15
6 63
7 75
7 31
8 21
4 59
8 97
1 77
10 46
2 15
9 44
5 72
1 47
2 64
8 25
5 52
2 71
7 46
3 91
2 65
8 62
9 97
1 93
6 51
8 74
1 81
5 47
1 61
3 41
9 11
10 59
2 69
8 54
8 99
9 21
4 3
2 80
3 55
4 69
5 71
3 35
4 2
5 29
7 82
4 7
10 12
3 94
9 73
4 34
2 50
1 46
4 50
4 30
7 16
9 40
9 68
4 94
5 16
6 21
4 100
1 12
9 54
6 3
2 100
3 57
2 83
8 45
8 22
9 34
1 44
10 99
1 79
10 87
7 14
10 48
1 26
3 48
1 93
6 1
5 39
6 85
6 58
4 86
10 42
6 3
7 35
9 29
5 56
2 62
6 64
8 56
6 10
7 18
6 25
9 96
8 6
4 80
4 12
8 18
1 31
4 4
1 93
8 35
2 62
3 27
8 82
6 97
3 77
7 79
10 98
10 44
10 61
1 32
1 32
10 28
4 21
4 30
5 95
8 92
2 58
6 53
8 28
9 50
1 26
2 16
5 57
4 11
7 43
2 39
1 2
5 5
6 7
5 30
1 19
5 76
3 88
2 42
1 99
5 51
9 19
8 39
6 80
3 98
2 85
4 18
4 70
9 27
1 6
8 6
3 59
6 28
6 51
6 37
3 25
8 13
5 61
8 9
10 13
8 95
6 75
10 81
1 24
10 89
3 74
6 15
1 58
9 23
2 24
1 61
4 40
6 3
6 63
10 50
9 35
9 73
3 76
8 76
9 60
10 5
1 30
8 77
5 88
1 21
4 74
4 39
7 99
3 1
4 55
3 98
8 70
8 45
8 45
3 62
4 11
9 67
8 59
2 100
1 77
6 63
4 11
10 52
2 62
3 24
7 42
4 53
1 30
1 70
1 26
5 33
8 87
7 11
10 5
8 56
5 49
2 16
4 32
3 22
1 81
8 39
9 39
4 39
2 64
4 61
5 66
3 88
2 62
2 50
7 95
1 68
10 65
5 41
5 24
10 30
7 97
6 27
6 51
2 95
4 26
3 9
9 74
4 38
4 51
8 8
9 58
1 22
10 43
8 69
2 41
5 68
1 100
5 83
6 70
1 11
5 2
7 46
3 57
3 21
9 86
3 76
8 82
6 5
9 77
8 69
6 28
5 72
3 40
9 44
7 3
4 89
2 11
9 73
7 80
9 43
5 96
3 18
8 38
10 84
4 10
8 40
3 57
2 85
9 56
6 73
5 67
2 7
1 17
2 81
8 15
7 41
4 19
9 90
8 75
10 32
6 98
5 18
9 67
3 61
4 52
3 30
8 58
2 15
4 52
7 94
1 18
8 59
5 17
7 30
9 20
6 66
7 41
7 60
5 3
4 27
10 100
8 60
9 60
1 74
3 13
2 1
8 32
10 89
4 97
10 83
9 30
8 24
9 8
4 69
3 80
1 66
1 28
8 54
2 100
8 68
6 62
5 38
4 30
6 7
10 58
4 71
4 85
5 3
2 22
2 70
10 15
3 100
2 93
3 88
2 58
7 29
2 53
4 95
1 31
2 41
6 3
4 41
2 53
8 87
5 26
2 66
3 80
9 67
8 86
2 27
2 32
9 29
10 17
1 7
4 48
1 99
4 37
8 42
9 5
2 92
5 46
3 1
4 6
6 24
1 62
5 7
10 32
6 24
9 66
5 11
10 17
5 77
6 13
7 61
3 66
10 41
6 49
1 44
6 39
5 55
5 87
7 34
4 46
7 30
3 4
6 45
1 61
9 22
8 28
6 10
3 91
1 64
10 3
1 34
7 72
5 72
7 21
7 67
5 43
10 86
7 15
7 21
7 30
9 40
7 8
5 34
9 45
10 24
2 61
9 60
8 92
7 35
7 70
5 63
2 31
10 14
6 11
6 29
9 69
6 85
10 3
8 20
4 8
10 64
7 61
5 69
4 41
9 32
6 59
3 52
10 58
6 60
9 33
4 12
6 29
10 18
1 8
9 77
1 16
8 97
9 65
9 41
3 100
1 7
10 93
3 78
1 67
9 70
7 96
5 35
10 84
4 80
8 99
6 64
4 100
6 44
2 72
4 41
1 48
6 95
7 43
3 15
7 3
6 18
1 12
3 20
10 14
3 37
2 57
1 90
6 96
5 31
2 58
2 100
7 22
3 78
10 29
3 70
5 66
4 61
4 13
4 19
3 89
4 54
5 84
4 14
6 66
5 23
8 39
2 75
10 62
1 82
6 23
3 80
10 3
2 87
1 11
6 99
9 91
10 15
1 74
10 64
6 24
9 32
5 79
2 1
2 11
2 85
7 1
8 55
10 79
1 44
3 94
7 40
8 29
4 47
1 82
4 17
6 31
7 50
5 47
4 34
4 46
1 49
7 11
3 43
9 57
10 72
4 75
3 74
5 14
7 76
6 20
8 72
3 42
10 1
2 25
10 95
4 59
9 75
7 42
4 50
3 23
8 15
5 9
10 78
7 39
2 93
2 32
3 61
10 82
9 37
3 43
9 35
9 85
9 55
3 12
4 59
8 55
10 17
2 19
2 40
10 20
2 89
3 74
8 93
5 75
3 85
9 20
3 71
10 61
10 97
8 7
7 91
4 9
5 57
7 59
8 91
3 68
1 22
6 86
1 84
4 20
4 51
10 56
1 78
3 91
7 85
2 78
4 20
6 86
2 45
3 17
9 43
4 60
4 94
1 21
7 72
10 6
2 65
10 91
3 64
9 94
8 19
7 57
7 90
6 50
3 15
1 83
1 33
2 19
7 42
5 42
8 15
10 21
4 81
7 98
3 90
10 3
1 39
2 65
5 12
9 65
7 52
7 10
1 100
10 47
1 71
9 5
2 85
2 76
9 33
4 83
4 80
4 53
1 36
1 48
6 78
10 2
10 61
1 63
6 4
6 6
8 75
4 54
7 73
7 100
8 86
8 100
6 24
2 62
5 32
9 56
2 13
9 26
7 24
2 85
6 54
1 20
9 55
3 41
2 15
4 29
4 96
7 52
6 72
7 4
9 61
5 40
9 32
7 48
2 50
10 96
8 90
3 74
7 43
3 54
1 16
1 74
3 99
5 3
10 28
10 35
7 61
5 4
5 31
9 69
8 95
3 36
10 14
6 12
3 2
3 46
7 91
4 96
5 87
10 45
1 55
1 96
10 70
3 64
6 47
3 29
10 51
10 45
10 84
1 62
5 42
6 95
4 17
10 30
9 52
5 6
1 73
4 71
1 81
5 72
8 87
9 39
9 93
4 80
6 52
3 39
7 54
7 27
5 41
2 2
