9 23
6 13
5 99
5 85
8 65
4 66
7 17
5 32
1 36
5 41
7 94
4 84
6 99
2 52
8 12
8 5
1 79
3 58
4 15
10 2
2 55
7 89
2 78
9 20
10 6
9 18
4 74
3 55
4 8
5 73
8 8
9 9
7 63
6 7
6 52
10 40
6 5
3 42
4 46
9 86
10 96
3 61
10 85
2 87
7 80
9 98
7 88
6 92
9 13
5 46
2 75
8 45
7 11
3 25
4 68
8 88
10 15
5 60
10 8
2 50
9 62
4 24
7 13
3 18
6 90
2 14
2 47
1 9
8 57
1 14
8 64
1 42
7 15
6 26
5 42
9 62
4 1
10 66
2 66
7 54
4 2
5 67
4 32
5 41
9 99
3 74
1 23
2 37
2 56
3 35
5 7
9 79
7 98
10 52
4 11
3 10
2 77
4 77
9 31
3 21
1 77
10 71
1 44
7 81
8 34
2 87
1 80
3 66
2 14
2 74
9 17
3 11
10 71
2 28
3 91
4 37
10 95
6 79
8 12
3 38
10 37
3 94
2 29
2 11
3 39
6 36
1 51
7 36
1 19
2 44
5 8
2 52
5 20
3 81
4 58
7 47
6 77
1 9
2 32
2 86
7 14
7 35
2 94
8 99
8 23
3 66
9 35
5 99
1 98
9 17
2 54
5 85
3 1
2 54
3 99
1 54
10 71
10 69
4 45
7 25
2 18
2 69
9 52
4 66
5 99
2 87
8 45
4 8
7 27
8 67
9 66
6 16
3 14
7 92
3 13
10 81
6 95
9 48
9 69
4 48
2 65
2 83
9 14
9 43
5 1
10 79
2 60
6 91
4 14
2 83
7 81
5 16
3 4
8 34
1 20
5 38
5 98
2 85
7 86
4 43
9 37
1 58
10 69
4 17
4 21
6 22
2 37
7 22
6 79
6 8
1 17
9 47
7 99
2 34
2 12
7 11
10 29
5 12
9 42
2 51
9 18
7 29
1 90
3 78
9 41
9 83
5 95
3 12
4 48
4 33
6 44
7 81
9 86
10 22
3 94
10 20
10 40
3 56
8 91
4 65
9 42
3 64
10 86
4 65
5 77
5 98
2 43
7 2
1 4
4 95
6 90
1 6
10 53
9 88
2 92
2 7
10 38
7 57
2 67
2 5
4 82
5 57
10 16
7 61
1 55
6 70
3 29
2 18
8 75
4 59
10 74
7 83
1 21
1 52
2 93
2 82
8 55
6 42
3 8
4 76
2 95
5 65
4 7
5 31
3 35
6 19
2 37
10 14
6 11
5 12
2 1
3 33
5 71
5 37
6 50
3 96
1 68
1 91
2 53
8 38
8 49
7 71
9 39
6 84
6 72
7 49
2 50
3 73
4 16
7 59
9 67
4 80
7 69
2 100
7 54
5 23
2 93
2 95
10 71
8 12
3 75
5 79
3 44
4 88
3 8
10 39
4 14
9 57
7 36
5 9
8 87
6 54
2 43
3 12
3 94
8 35
6 42
5 35
5 20
9 99
9 65
2 61
7 91
1 31
8 83
7 48
5 71
3 34
9 19
1 76
8 58
10 21
5 87
10 99
5 73
7 5
8 25
10 25
2 99
1 66
7 76
8 99
10 82
1 87
9 85
10 49
7 95
6 49
3 40
4 49
6 72
4 63
3 89
1 35
1 33
5 69
2 29
4 89
1 49
5 7
9 53
4 17
4 19
7 28
9 11
1 20
2 28
5 45
7 93
3 51
4 9
8 97
1 79
7 30
2 35
5 4
9 6
2 30
9 73
8 21
4 85
2 72
9 17
3 26
5 33
8 70
3 68
4 57
1 34
4 38
2 29
5 51
8 14
9 31
4 26
6 70
7 78
7 45
9 68
4 51
8 25
3 22
6 33
3 98
2 2
8 57
7 6
9 79
6 19
5 69
2 8
8 53
7 50
2 52
4 36
2 36
5 29
8 37
4 81
5 28
5 83
1 40
7 50
9 93
4 62
8 2
6 19
10 18
1 85
9 59
8 50
4 48
1 89
7 94
6 19
2 74
7 65
9 29
6 54
9 13
10 43
7 59
8 33
8 2
4 35
8 16
3 41
9 16
7 100
7 77
10 32
10 41
8 52
5 98
3 69
2 22
3 54
10 81
9 29
8 41
3 27
5 10
8 2
7 72
4 92
5 14
1 67
1 29
5 68
7 22
2 40
7 41
5 55
8 35
8 76
7 43
6 91
6 77
2 23
3 23
10 23
7 26
10 68
9 69
6 40
5 85
1 38
8 25
1 22
9 29
9 60
8 7
2 73
6 97
3 67
4 6
6 19
7 55
9 76
2 66
2 6
5 7
6 32
5 12
6 91
1 51
9 81
4 38
3 11
2 14
4 47
2 17
4 98
9 15
5 70
1 16
2 92
1 1
5 97
5 56
1 66
1 85
10 98
7 67
4 19
1 81
10 70
7 27
1 93
10 61
6 10
8 14
9 71
1 61
7 73
9 17
5 23
10 80
2 43
3 11
9 86
6 53
3 25
4 77
7 80
7 21
2 85
8 37
6 55
1 13
6 69
6 89
5 93
8 31
3 61
8 98
9 89
8 5
2 78
4 11
3 83
4 71
5 31
4 97
9 40
1 68
9 80
6 58
6 81
7 13
5 3
2 68
6 66
3 19
5 72
9 12
2 38
1 52
9 95
2 85
10 62
3 30
1 90
7 68
8 100
10 32
4 29
9 52
5 66
2 74
4 80
9 65
7 93
9 90
6 29
6 94
10 93
3 99
4 28
8 88
1 64
9 79
2 92
8 74
8 40
1 59
8 69
1 97
6 8
5 59
2 29
1 44
1 33
9 75
7 33
10 90
6 86
8 91
1 31
3 72
8 18
10 96
3 96
4 54
9 46
1 82
5 88
10 78
5 30
2 35
3 66
9 10
5 82
10 74
9 59
7 4
2 27
4 95
4 40
4 53
9 65
7 3
5 58
1 61
3 67
4 34
6 94
9 67
6 92
4 94
4 43
3 19
1 54
9 94
3 13
8 9
5 95
7 70
8 82
3 96
7 74
7 79
4 38
9 54
8 40
2 53
2 96
3 52
10 81
8 39
6 88
5 16
10 18
4 95
6 76
1 1
2 73
2 96
9 97
6 94
5 14
10 1
3 49
10 60
2 22
9 69
7 20
1 75
1 84
9 94
3 20
5 93
4 2
10 4
9 19
1 72
2 6
2 37
5 86
8 3
2 99
4 72
6 93
9 37
10 94
10 84
10 71
5 99
5 47
9 40
3 65
2 80
10 99
7 25
5 16
2 28
4 94
10 41
10 88
7 44
3 36
9 4
5 25
8 57
10 73
3 30
4 62
1 70
8 71
2 78
3 2
5 12
1 56
10 66
9 37
5 81
3 14
5 18
3 45
3 96
7 12
4 32
2 99
3 49
5 40
1 30
6 80
2 79
3 33
8 77
8 54
7 35
1 84
5 82
1 91
6 76
2 44
9 56
2 11
9 66
10 91
5 91
7 31
10 4
7 97
4 57
3 10
7 48
6 57
9 20
9 84
8 72
10 81
5 4
9 62
5 88
8 97
2 40
4 47
5 24
9 12
3 18
8 46
9 93
10 35
5 100
6 43
8 52
8 59
2 59
1 65
7 36
8 28
2 93
6 46
7 87
8 81
7 88
6 68
6 93
8 49
1 59
7 72
6 90
8 21
4 74
9 39
3 78
3 61
8 18
10 47
6 16
10 46
7 27
3 80
7 49
1 34
4 96
10 20
6 44
8 53
6 7
5 21
7 65
10 8
8 15
10 11
3 60
2 5
9 96
8 20
9 29
2 8
3 6
3 38
5 63
1 82
3 32
6 54
1 15
2 69
3 100
2 20
6 7
4 96
7 89
2 63
10 48
3 37
4 76
10 11
4 42
5 55
7 23
8 22
10 65
8 87
3 10
2 74
4 68
9 81
6 92
7 2
4 75
4 6
3 39
3 82
9 82
8 97
8 58
10 90
9 62
5 68
6 44
2 47
2 56
10 65
7 44
10 71
3 26
6 67
8 76
8 60
2 39
5 76
6 76
10 61
6 40
3 46
3 90
8 42
10 75
4 17
6 73
4 86
6 77
4 100
8 11
5 56
2 97
4 33
8 73
10 44
9 99
1 67
1 88
10 92
8 20
6 39
5 43
5 17
6 15
3 57
8 5
10 74
6 91
6 38
5 25
8 6
6 81
9 17
10 66
5 59
3 88
7 84
7 15
5 91
4 24
8 6
10 89
5 11
1 61
9 64
5 29
8 67
7 8
6 78
10 28
10 27
6 74
4 52
4 23
1 17
10 46
4 19
7 7
7 10
5 97
4 66
8 32
2 88
4 68
2 64
8 3
9 50
3 23
4 22
3 73
8 9
10 63
10 51
1 91
5 99
8 61
1 94
3 37
4 92
8 87
2 40
2 54
3 95
5 83
4 92
8 88
10 67
10 31
10 76
4 41
9 7
1 53
