2 66
7 71
8 29
6 67
10 40
5 23
5 12
10 66
8 76
3 1
1 35
8 57
5 92
5 81
2 67
10 59
7 27
1 55
2 86
6 30
5 38
6 53
5 78
6 23
4 92
7 19
7 91
6 52
3 11
10 51
9 38
8 59
10 90
6 65
8 17
9 69
1 83
5 97
4 82
10 85
3 28
4 93
6 42
2 96
6 92
6 6
7 5
1 96
8 21
6 47
2 86
4 43
7 32
5 47
9 37
1 43
9 6
7 90
4 80
9 22
1 75
1 64
2 37
8 65
8 38
2 35
8 15
10 81
10 58
8 72
6 50
5 15
9 12
8 6
7 30
9 81
10 44
9 87
6 97
2 8
3 75
4 36
2 19
5 91
9 83
4 22
10 82
10 7
3 28
7 1
9 35
6 82
2 66
4 46
7 53
10 53
4 54
6 66
10 63
2 9
1 20
8 95
9 32
8 23
8 40
7 43
2 88
9 9
1 67
10 70
4 18
6 98
3 36
5 74
2 13
7 18
8 53
9 37
7 61
2 64
9 89
8 5
4 4
10 46
10 37
2 29
3 39
2 73
5 21
2 50
3 53
4 71
7 58
3 50
7 43
2 50
9 23
1 13
9 88
8 36
8 14
6 48
7 45
3 79
8 17
5 84
7 81
9 99
6 23
6 33
3 21
8 45
1 94
3 49
2 31
10 92
2 8
10 4
7 34
2 63
7 68
4 55
5 3
10 67
8 16
5 87
6 72
4 4
4 78
5 52
7 73
4 41
5 4
9 64
9 57
1 42
3 58
2 67
5 23
7 87
1 88
10 86
7 30
5 24
9 7
2 74
5 79
5 16
10 42
4 100
6 60
6 75
8 63
1 68
3 100
9 71
2 33
3 40
8 31
10 8
5 52
7 43
6 24
7 41
10 87
9 40
7 51
4 48
9 70
6 70
10 46
3 22
9 77
5 7
7 2
6 49
1 51
7 71
9 65
7 67
10 24
2 48
2 50
8 87
10 25
9 94
8 94
9 100
3 34
3 37
6 19
3 63
8 47
3 19
2 9
4 27
5 96
1 57
5 54
10 36
7 70
10 70
10 51
1 11
2 82
1 37
7 31
7 89
3 19
8 10
5 60
2 73
1 58
9 97
4 19
5 33
9 63
4 16
7 18
5 41
7 50
5 3
10 81
6 64
9 16
8 3
2 75
1 8
4 78
1 58
3 24
10 28
3 50
2 15
1 18
9 7
3 98
8 28
1 49
4 36
7 50
10 64
4 45
10 61
5 67
7 91
4 61
3 57
4 56
8 23
6 8
9 100
9 34
8 26
6 4
5 57
5 70
8 85
7 31
8 16
10 83
5 64
9 86
6 17
7 41
10 32
6 22
2 53
4 82
9 91
7 46
4 74
2 66
10 16
2 84
3 1
5 28
4 9
9 100
8 24
1 13
1 51
5 95
7 42
7 50
4 98
10 1
9 59
7 95
7 90
3 57
8 75
4 15
9 35
5 55
2 50
9 8
1 50
7 100
8 58
5 70
8 67
3 31
5 62
5 24
6 60
9 60
7 46
10 41
2 32
9 22
2 30
2 86
3 75
8 99
1 26
7 70
7 6
1 84
7 5
6 79
3 29
4 16
7 40
1 100
5 66
4 49
1 37
3 35
7 21
2 32
10 98
6 97
5 3
8 87
1 73
9 27
6 37
1 78
3 7
7 29
8 96
1 28
4 94
4 46
1 28
3 58
9 17
10 85
7 34
9 68
5 37
8 19
4 48
2 36
7 83
7 100
10 34
10 89
9 55
6 41
8 76
10 77
10 24
6 4
2 36
8 16
10 54
10 93
3 50
9 14
8 73
8 52
2 32
4 65
4 5
5 78
6 73
6 78
6 42
10 79
2 52
10 18
7 68
2 59
9 91
6 51
6 57
9 15
2 6
5 34
2 91
4 50
8 24
1 100
3 41
9 30
1 2
9 55
3 90
5 54
5 28
2 95
5 55
1 12
6 1
5 87
10 27
9 78
7 95
4 99
8 79
3 17
6 26
5 42
10 69
6 27
8 32
9 55
8 14
3 82
1 19
2 53
10 18
1 76
9 72
9 72
6 32
1 84
9 92
6 3
6 40
7 96
10 79
2 34
6 27
2 3
9 6
8 63
7 19
8 73
8 46
8 26
1 94
2 87
2 80
6 39
8 33
2 98
5 65
4 12
8 86
8 33
6 57
5 89
1 55
9 65
2 9
5 62
8 18
5 78
4 87
1 61
9 78
6 29
8 58
1 70
2 98
5 45
5 56
7 32
10 78
2 100
4 61
7 51
6 91
10 69
7 51
1 38
1 99
3 100
3 6
2 48
6 76
4 27
5 7
8 12
6 84
4 13
10 47
10 26
1 11
5 11
5 46
4 41
2 94
7 49
10 58
2 44
3 87
5 91
4 43
4 7
4 24
2 42
9 85
9 22
9 39
7 98
2 51
6 66
8 40
5 23
2 64
1 76
6 29
10 85
8 18
1 95
9 18
7 82
4 81
10 19
7 43
5 80
6 98
1 10
3 16
9 97
4 6
1 52
2 11
2 57
10 42
7 24
6 16
8 84
6 2
1 42
9 94
2 59
7 16
9 52
3 16
4 21
4 11
8 63
1 32
5 95
1 78
2 1
8 4
8 33
10 56
4 62
2 89
5 45
10 23
2 45
3 97
10 33
6 23
10 41
3 34
2 95
3 54
4 18
5 19
2 78
1 47
3 7
1 91
2 35
5 29
3 32
8 27
5 58
7 30
1 39
1 14
6 72
6 38
4 84
8 12
10 29
9 95
7 22
2 81
3 9
4 12
8 1
4 97
10 72
1 93
9 60
3 79
10 92
3 90
10 42
1 44
9 19
4 13
8 31
6 51
5 7
5 2
4 73
1 44
5 99
5 66
7 81
2 31
1 41
4 27
5 93
7 11
9 84
1 52
3 61
9 57
9 9
5 18
7 75
1 91
8 91
6 95
10 61
7 59
8 29
7 88
9 71
3 88
1 40
3 71
8 12
8 94
10 43
1 85
8 52
10 95
8 12
6 39
6 96
2 74
2 70
3 4
5 59
9 44
7 47
4 56
9 36
4 94
2 68
1 5
9 63
4 100
8 26
1 62
4 23
2 18
4 97
7 53
1 51
5 43
2 60
4 19
5 22
9 19
2 70
4 40
4 56
6 18
5 89
5 76
6 37
1 44
7 18
5 82
3 67
10 60
10 77
1 94
4 26
7 75
5 71
2 56
1 44
8 4
4 72
5 82
2 43
8 19
10 33
1 80
7 19
9 24
4 5
4 74
3 15
9 51
8 81
7 55
1 43
9 11
3 73
9 6
9 56
8 28
2 10
1 69
3 68
5 82
6 91
2 32
7 61
10 62
9 86
2 12
1 67
6 42
7 86
1 14
3 80
3 71
6 16
10 99
3 78
6 96
1 24
1 87
10 32
6 89
5 91
6 43
4 98
5 22
2 12
8 49
9 44
5 47
9 5
5 57
7 28
4 56
8 81
5 11
3 9
10 32
10 8
5 49
7 100
7 75
3 28
9 87
3 63
3 97
7 72
8 70
1 6
6 74
2 100
3 20
5 28
5 22
7 17
5 60
6 92
9 24
10 56
9 96
5 62
8 65
1 40
1 92
1 16
9 91
8 22
6 58
8 100
5 24
5 14
1 34
5 98
3 42
4 81
5 88
7 16
10 78
3 43
5 71
5 31
5 27
7 83
2 77
6 65
10 14
10 3
3 42
4 99
3 21
3 75
3 84
3 53
10 53
6 75
2 49
1 79
10 90
4 71
9 50
3 28
7 47
6 32
5 48
8 34
10 100
6 14
5 74
5 42
4 54
2 25
2 4
2 91
10 59
2 66
1 19
9 8
9 92
6 77
10 48
6 31
3 8
5 97
3 84
3 58
9 80
6 9
3 10
6 99
3 7
4 55
3 50
7 89
6 57
4 17
7 94
2 31
2 13
5 82
7 93
9 70
2 76
7 59
1 57
10 20
3 81
10 8
2 58
10 84
9 97
10 10
10 70
1 38
1 94
5 95
2 5
2 89
9 46
4 15
2 20
10 93
9 15
9 27
10 44
6 32
6 41
1 98
3 57
1 66
1 8
6 18
6 68
2 72
5 49
4 89
3 43
7 22
7 66
5 82
3 46
2 22
10 9
5 82
6 58
2 6
1 39
3 1
6 59
8 22
4 2
6 16
8 39
3 56
4 77
9 99
9 5
5 5
8 60
3 74
10 45
1 91
7 94
1 6
10 48
4 19
6 61
1 34
7 34
8 66
3 6
1 19
1 54
9 25
2 67
3 86
2 38
6 43
4 10
3 15
2 93
7 4
2 61
2 94
10 78
8 77
2 42
10 66
8 60
9 83
5 70
6 42
4 97
2 2
9 43
8 29
3 65
7 36
5 83
8 67
10 69
5 52
4 80
2 80
2 35
5 83
7 68
2 54
10 78
3 94
6 84
