6 26
6 91
5 64
1 93
5 99
2 5
4 14
10 16
2 4
10 47
9 37
6 17
9 7
2 46
7 89
6 85
10 19
6 6
7 16
1 71
7 77
7 34
10 47
9 5
1 65
9 41
2 36
6 11
3 60
6 84
7 72
5 65
3 25
4 61
2 31
1 47
5 58
4 15
3 16
4 24
3 1
8 100
7 28
1 5
9 73
8 21
4 29
4 93
5 52
5 6
9 46
4 25
8 16
2 41
7 34
10 94
3 16
4 81
4 74
7 7
6 13
6 80
6 68
5 58
5 3
7 59
7 80
1 28
10 76
10 46
6 96
4 47
4 33
4 99
3 65
5 89
5 2
2 69
9 62
3 4
7 80
1 71
8 89
3 5
6 69
2 84
4 63
2 15
9 10
6 1
10 50
1 2
1 22
1 29
5 10
7 38
4 13
9 18
2 50
6 91
8 57
2 6
5 18
5 37
3 21
8 81
9 80
8 55
7 26
8 54
3 85
1 13
10 16
3 28
3 59
8 67
5 39
6 12
1 41
7 97
7 11
3 27
2 4
1 31
10 58
1 82
9 70
9 60
10 19
4 73
9 78
10 93
1 47
3 58
9 73
10 85
1 45
1 61
3 73
2 28
3 74
8 4
4 61
4 93
2 75
8 5
3 42
4 53
1 64
10 60
5 69
6 79
1 37
10 81
8 27
10 83
9 10
4 51
6 35
9 17
5 44
8 61
6 72
1 34
2 91
9 31
4 73
1 99
6 88
1 69
1 71
9 35
4 58
5 98
6 71
10 55
4 46
2 32
8 66
8 53
3 29
6 94
1 58
7 55
8 86
10 15
9 72
10 10
3 54
5 82
10 86
2 29
10 13
4 90
2 56
1 69
7 44
4 80
4 48
7 29
5 70
1 10
4 31
10 77
8 94
10 12
9 79
1 64
4 29
5 15
2 16
9 51
7 85
10 83
8 58
8 33
4 58
4 42
5 99
7 15
4 25
8 29
4 38
8 35
7 85
2 67
3 21
8 79
4 4
2 7
2 4
7 97
7 33
9 31
1 4
3 69
9 97
3 95
1 56
6 12
4 31
3 18
3 20
5 84
7 85
6 82
6 50
8 11
5 6
4 42
8 23
3 87
8 84
5 12
6 4
9 64
3 25
8 37
3 43
9 99
7 36
2 93
4 1
7 15
1 27
10 5
9 23
10 28
2 31
7 39
1 75
6 26
2 37
6 70
5 50
6 88
10 29
9 17
8 53
9 99
4 22
1 66
3 85
10 13
2 18
10 12
10 68
9 48
2 53
9 87
3 15
10 67
3 99
2 57
6 84
2 88
1 80
5 24
2 100
10 50
7 42
1 12
3 60
2 63
5 30
8 59
9 25
2 35
8 64
9 96
8 45
1 81
9 73
7 19
5 60
9 87
10 69
5 5
2 62
10 70
5 48
5 62
1 81
9 24
4 78
6 9
8 41
5 96
7 14
5 3
9 18
7 7
10 8
7 21
3 50
4 78
5 27
8 21
1 41
7 72
5 15
4 29
9 34
10 10
10 57
5 49
9 17
6 38
2 58
1 83
2 13
4 59
1 19
6 98
3 49
7 97
8 41
10 25
6 8
3 39
1 30
5 55
8 70
3 62
5 65
3 23
4 30
7 64
2 32
8 7
7 56
3 67
3 9
4 42
9 14
10 38
3 67
5 87
10 4
9 81
4 52
10 5
6 5
2 2
1 78
6 3
3 46
6 64
7 51
4 38
3 92
4 80
5 59
7 12
1 80
4 91
2 30
7 93
8 67
5 85
7 45
10 49
3 80
9 78
8 27
10 95
9 6
1 44
2 17
7 70
5 12
3 14
10 61
4 7
9 4
1 20
7 44
5 68
1 5
6 13
9 93
9 80
3 13
2 63
7 11
5 33
3 43
8 72
1 99
7 80
5 10
6 84
4 89
7 1
5 89
2 23
7 57
4 13
8 41
8 89
10 91
3 13
6 62
4 37
5 9
3 19
10 28
4 49
9 42
4 29
8 5
5 94
7 63
3 99
2 1
3 50
6 11
1 99
6 95
8 70
1 95
6 44
10 63
7 10
7 48
9 81
6 52
9 22
4 62
4 68
1 73
10 65
4 81
3 45
8 34
2 27
3 90
6 99
4 5
3 96
3 79
9 51
10 75
7 88
7 16
8 26
9 54
5 95
3 18
4 37
6 74
5 12
5 40
2 76
2 5
10 31
2 67
10 29
7 61
2 4
1 23
5 52
2 87
2 67
5 70
10 10
3 63
9 88
10 85
3 27
5 76
7 2
3 64
10 62
1 55
3 90
8 89
5 69
10 16
2 62
1 37
5 100
5 98
6 100
4 79
9 77
5 85
7 50
7 14
2 39
9 79
8 5
9 24
10 72
5 98
4 40
5 91
2 84
7 18
5 48
5 53
6 20
10 69
1 11
5 13
10 10
6 32
9 54
2 17
4 6
9 12
5 28
8 16
6 64
1 19
9 7
10 31
9 42
4 63
1 88
7 49
8 80
10 100
3 9
6 8
9 4
6 67
9 56
3 39
3 90
9 10
10 26
10 36
10 94
3 79
7 58
4 97
9 30
1 79
7 1
9 25
9 99
2 50
2 21
1 70
5 76
5 75
3 8
10 85
2 16
8 42
8 68
4 19
6 7
9 21
8 79
2 12
4 17
1 86
5 86
5 3
7 48
9 44
9 14
5 99
3 1
5 63
2 72
10 65
9 67
4 51
4 86
5 85
8 64
5 78
5 97
4 24
3 37
5 60
8 60
8 24
5 59
3 83
5 40
6 9
10 10
2 84
9 7
1 31
5 35
6 66
1 18
3 47
1 67
9 60
3 74
2 33
3 24
10 57
3 32
5 73
10 72
1 69
6 86
2 72
9 63
5 11
1 59
4 49
10 23
5 54
4 11
5 94
8 66
2 94
1 25
2 98
7 86
9 9
3 91
9 78
7 6
8 96
3 46
2 30
7 11
2 6
9 76
2 59
6 35
6 88
3 3
2 76
10 58
8 29
5 37
7 47
7 49
6 14
8 60
9 26
10 25
2 70
10 40
7 12
7 66
2 90
1 22
6 83
10 86
9 72
5 37
9 33
9 77
6 59
9 52
10 97
3 24
2 96
7 80
5 53
10 68
5 61
1 9
1 43
2 53
2 6
3 46
2 89
6 29
8 10
8 79
6 19
1 24
4 12
10 4
6 49
7 67
10 3
10 17
2 76
1 95
6 8
10 17
5 15
7 41
1 65
9 76
5 88
8 65
8 25
6 8
3 90
6 97
7 52
9 89
10 13
2 96
5 1
10 14
5 56
10 81
8 28
3 77
6 3
5 35
9 87
8 55
6 74
2 72
4 11
1 30
8 44
6 8
8 66
2 64
5 69
3 41
1 87
5 40
5 94
2 63
5 43
10 89
4 27
8 82
9 20
2 12
7 36
4 12
9 14
9 60
6 89
8 2
8 91
1 29
10 71
7 63
9 96
8 48
9 11
4 6
6 72
10 98
10 76
1 39
4 89
9 38
4 3
4 86
1 76
4 74
2 92
1 25
6 83
6 62
10 27
8 88
9 82
7 41
8 57
7 28
1 16
8 73
5 43
2 95
8 93
5 53
8 83
7 80
8 27
2 92
8 35
5 5
4 34
7 29
4 7
9 13
3 38
5 94
6 56
8 80
5 22
2 62
7 85
9 68
5 33
6 89
8 27
9 87
3 81
6 38
4 35
7 30
4 96
7 65
9 76
10 89
6 47
5 34
10 46
1 37
3 3
9 38
1 91
4 20
2 99
3 23
5 7
3 9
9 53
6 30
10 57
5 66
10 81
9 61
10 50
8 44
4 28
4 39
6 75
7 59
7 54
10 92
4 48
8 43
8 58
5 40
5 100
2 60
4 12
9 63
4 89
2 83
2 65
9 47
8 43
5 28
2 40
4 59
6 25
7 25
8 97
8 31
3 66
1 37
4 83
1 59
9 11
8 8
7 40
10 27
10 27
2 23
8 69
8 50
3 88
4 78
7 45
10 33
2 49
4 63
5 46
8 38
10 20
2 98
1 41
9 3
7 14
6 8
7 60
8 78
6 12
7 46
6 47
8 88
4 66
1 37
2 69
1 71
5 59
10 13
4 7
8 22
7 54
4 55
8 61
6 74
5 88
1 77
5 9
8 48
2 45
1 35
9 54
8 36
1 78
5 85
1 46
3 61
7 25
9 37
5 69
7 91
9 30
2 75
10 59
3 22
9 69
9 61
9 22
3 74
6 99
5 98
9 39
5 7
1 76
1 9
3 7
10 97
3 96
10 32
5 64
7 66
6 44
1 7
4 87
7 28
9 59
1 25
6 45
8 30
6 99
8 87
4 72
10 55
4 59
6 89
5 84
10 68
8 45
5 30
2 88
9 28
8 99
2 72
3 76
9 64
8 90
5 87
2 79
7 54
1 80
5 21
2 76
7 19
8 43
8 72
9 2
3 35
