6 97
1 8
10 44
3 77
9 55
10 72
1 62
6 92
9 6
5 11
6 7
8 22
4 63
5 87
4 28
10 18
5 25
8 100
9 29
7 32
3 74
3 87
6 42
8 20
5 56
6 17
2 10
8 61
10 90
7 87
6 16
2 15
10 79
9 29
6 68
8 83
8 8
9 80
6 88
4 48
2 8
5 58
5 37
1 10
9 4
3 19
7 33
1 32
8 53
2 75
3 36
4 50
7 66
2 36
7 73
6 57
6 96
3 22
9 7
9 16
2 60
6 19
5 42
3 78
10 21
5 90
8 14
4 73
4 4
7 37
6 40
8 66
2 97
2 85
10 77
3 48
10 26
4 35
7 68
4 28
8 60
8 66
1 97
6 91
9 38
8 5
5 9
9 9
6 44
6 52
2 82
6 9
8 61
7 15
3 94
8 32
5 42
3 68
9 5
2 9
3 100
2 23
9 25
4 91
3 75
4 21
4 3
8 16
7 34
10 88
4 65
3 26
9 23
9 70
2 15
4 38
7 82
10 27
4 71
5 87
4 3
2 86
1 27
4 93
6 90
8 100
10 24
9 84
5 15
3 34
1 18
2 23
8 44
6 25
3 88
7 87
2 15
4 98
9 98
2 100
8 3
3 33
6 15
5 84
3 10
4 27
10 15
10 44
8 94
6 18
10 59
8 56
10 1
7 73
9 25
6 56
6 78
7 42
6 11
10 6
2 20
4 61
4 29
9 1
10 23
10 72
9 97
8 1
7 92
2 15
3 51
10 57
5 67
1 99
6 71
9 96
2 28
4 53
5 56
8 85
4 45
3 33
10 12
7 15
4 43
7 80
9 1
2 85
2 22
5 52
8 56
8 12
10 60
1 1
2 53
5 64
2 6
6 32
6 59
4 10
1 92
10 45
6 30
4 6
8 91
6 26
8 81
3 86
8 6
8 63
6 23
10 28
9 63
7 97
6 67
10 42
1 21
4 77
8 6
3 77
10 74
10 59
2 86
3 79
3 84
10 17
5 19
7 79
7 48
8 60
6 31
2 58
2 28
5 19
6 46
6 69
9 94
3 61
8 72
4 31
10 68
8 17
4 4
6 30
2 22
10 45
6 48
7 99
7 91
3 9
6 81
9 63
7 57
8 83
6 74
3 10
2 87
9 42
6 38
7 72
3 79
3 81
3 20
5 80
9 83
3 67
4 16
8 71
3 41
4 25
2 97
7 27
4 41
2 77
5 14
1 26
9 96
5 75
8 82
9 54
9 52
4 59
8 82
3 52
7 28
5 31
10 20
8 79
9 6
4 84
9 95
1 16
9 72
1 66
7 11
9 17
9 78
2 18
4 44
8 75
4 44
5 26
4 95
7 98
8 98
1 76
2 58
7 41
2 25
4 4
7 30
4 52
2 9
5 41
6 12
9 76
6 62
3 56
5 39
2 59
10 89
6 10
4 46
1 10
10 10
2 80
5 88
5 12
9 64
10 15
2 53
1 50
4 66
3 59
9 71
6 27
6 2
3 97
2 59
1 15
2 2
3 7
3 28
8 73
9 77
6 80
10 72
10 2
9 4
6 66
1 68
9 53
2 67
2 21
1 30
1 91
8 27
10 39
4 46
4 98
5 55
1 4
5 59
3 72
8 68
6 93
5 29
3 34
7 71
8 22
7 10
7 87
7 7
7 46
10 31
9 20
8 61
9 99
7 66
9 67
8 18
3 8
10 86
6 46
3 1
6 65
9 56
2 99
10 95
3 30
6 86
3 75
5 84
10 5
5 64
8 32
4 74
8 87
6 20
9 57
1 34
4 36
8 27
8 94
8 63
5 29
10 39
6 6
9 33
1 11
9 25
9 11
1 7
8 11
3 98
6 58
9 86
4 41
6 76
6 5
3 60
8 94
5 47
8 18
1 34
5 92
10 54
3 55
2 43
3 18
7 53
5 78
8 86
5 42
8 62
3 27
2 56
9 22
1 66
3 67
6 44
2 83
6 98
2 73
2 8
3 90
6 16
6 64
6 60
7 33
8 93
1 58
2 79
5 75
2 75
8 80
1 51
8 27
2 69
10 28
2 68
5 10
8 76
4 89
8 69
2 1
2 98
9 11
8 7
4 70
8 30
10 66
3 31
7 53
7 40
2 18
5 73
9 14
9 23
4 85
4 32
1 35
6 28
3 77
5 43
2 76
5 91
6 21
3 4
10 22
5 87
7 4
5 12
5 34
3 4
5 99
7 87
7 17
1 35
6 38
10 31
1 48
7 7
10 100
9 41
8 19
5 28
7 97
7 81
4 39
10 96
9 76
8 33
6 65
5 36
7 35
8 42
8 74
10 70
10 100
4 80
5 98
2 53
2 51
7 92
9 71
10 74
6 64
6 77
2 49
3 47
6 60
8 21
2 50
2 3
4 60
2 72
4 85
6 86
1 47
6 13
4 92
1 71
3 95
10 57
3 63
7 2
3 72
5 57
2 64
10 94
9 14
6 8
1 19
3 98
7 25
10 32
3 85
1 49
9 80
1 99
2 30
7 51
5 4
6 76
3 17
10 63
8 67
8 17
10 20
6 9
10 40
2 76
10 82
10 99
7 59
4 81
2 39
10 38
7 43
6 3
6 95
7 7
6 18
5 40
8 28
6 88
5 49
10 27
4 15
8 6
3 82
1 69
5 96
8 46
9 94
6 34
10 96
3 82
6 65
10 31
7 32
9 74
5 91
2 7
4 69
2 97
1 99
3 44
4 30
8 47
2 25
9 93
4 83
9 83
6 97
6 91
10 54
5 68
8 63
5 18
2 58
6 53
8 58
10 30
9 78
8 50
4 92
3 52
1 100
9 42
2 25
8 56
9 96
2 89
3 41
6 78
1 40
9 61
7 85
1 39
10 79
2 2
2 34
5 63
4 31
2 68
10 51
5 98
6 25
5 97
2 32
10 32
5 50
4 49
4 30
8 23
8 21
6 8
3 79
5 73
9 45
1 80
7 64
8 56
8 61
10 77
3 41
10 9
4 99
7 6
3 49
4 9
5 76
3 79
5 93
6 100
5 8
8 62
4 47
10 88
6 44
6 48
6 8
3 87
5 74
10 51
1 96
7 67
6 32
9 11
2 38
6 83
2 18
4 19
8 30
2 17
10 55
7 95
5 5
4 62
2 36
7 1
7 1
2 19
1 2
3 53
3 91
10 49
6 2
8 46
7 30
9 14
4 92
4 85
2 67
5 96
2 54
5 91
7 72
9 3
8 80
2 32
1 11
7 99
2 56
8 60
3 34
10 60
3 5
1 98
10 22
2 80
9 21
9 29
2 62
3 37
6 44
8 29
10 71
8 69
4 72
6 88
1 99
7 36
7 17
2 79
10 8
6 6
5 52
10 68
5 71
1 15
9 33
9 19
9 35
7 55
9 82
10 71
10 69
3 20
7 20
5 39
10 87
3 45
3 59
9 51
2 15
2 11
8 27
3 98
7 6
2 10
6 23
6 27
7 44
4 89
3 54
2 7
2 52
6 27
6 78
10 39
9 73
9 86
2 62
4 43
6 53
6 11
3 61
9 67
10 71
1 23
9 99
9 46
8 30
3 94
10 13
3 39
7 58
5 84
1 39
8 37
10 28
6 93
10 78
2 33
9 38
8 98
6 12
10 52
8 18
1 87
7 68
8 35
9 62
3 49
3 16
5 85
4 58
4 63
5 65
9 29
9 47
4 98
6 27
5 2
6 76
6 63
10 20
8 68
1 28
4 56
10 43
9 6
1 64
8 65
5 46
9 95
1 12
7 59
8 2
6 75
7 99
1 48
3 11
4 93
10 37
1 67
9 95
4 53
5 26
7 82
1 38
7 96
3 73
6 80
1 60
5 48
5 52
9 23
3 51
6 71
5 36
8 17
7 80
10 60
1 47
4 52
1 3
5 11
3 68
5 27
5 97
4 40
1 67
1 80
4 11
5 73
2 22
6 5
10 54
7 78
7 96
4 49
5 51
10 13
2 3
3 90
6 93
3 44
2 71
7 86
10 99
9 7
9 15
9 73
6 53
4 24
8 29
1 90
7 84
8 61
7 70
7 35
10 53
7 3
2 21
1 99
10 84
4 74
3 43
4 99
8 50
3 28
5 77
6 11
2 44
5 4
7 31
6 72
10 27
8 29
4 12
7 38
4 68
2 41
1 69
1 64
8 11
3 90
10 5
1 8
9 54
3 53
10 100
5 50
9 73
5 14
5 58
5 22
5 93
3 93
5 70
5 32
6 22
8 25
5 45
3 53
2 98
10 92
6 69
10 85
9 66
9 76
1 25
2 5
10 74
8 41
2 9
8 23
7 94
3 49
3 16
8 26
9 9
4 34
8 8
7 9
8 62
4 48
2 9
9 25
5 75
7 90
8 19
9 41
4 59
4 71
9 75
5 19
3 49
7 42
9 3
9 34
5 85
5 20
3 47
9 7
6 16
7 26
9 24
8 58
1 5
1 30
3 45
3 12
5 32
5 61
9 42
