3 61
3 55
2 64
3 12
1 53
10 69
1 99
9 88
10 30
5 4
7 98
5 57
2 96
10 67
2 35
3 4
1 8
9 2
6 87
10 42
6 47
10 70
2 28
8 14
7 79
10 64
1 2
6 1
3 30
6 8
6 59
1 90
7 88
8 80
6 49
3 82
6 38
3 60
1 5
10 19
4 71
10 21
3 7
8 58
1 76
8 88
7 70
1 58
4 33
2 69
1 58
8 87
10 40
7 78
9 22
5 42
8 38
7 31
5 42
9 34
7 26
3 29
9 95
10 90
2 51
5 49
9 75
3 3
3 87
7 76
6 100
3 55
2 80
4 22
9 74
4 21
8 4
4 45
6 19
8 82
6 30
6 76
7 56
6 23
7 56
6 14
10 82
2 84
1 65
2 90
5 75
4 28
1 9
5 63
2 5
2 11
3 18
6 19
8 63
1 74
3 43
4 37
10 5
2 47
2 8
3 64
1 26
4 11
7 83
6 3
1 77
8 53
10 42
1 88
4 99
6 86
7 92
3 35
6 44
1 81
8 63
7 75
9 79
6 10
1 100
5 45
7 8
3 68
1 84
6 25
5 89
1 72
4 83
4 2
1 68
7 25
4 12
4 47
9 24
8 4
2 30
1 1
4 89
6 39
3 42
1 81
1 95
5 44
10 80
2 49
7 84
2 52
3 89
3 56
7 72
3 62
3 55
1 72
1 73
9 43
1 74
6 28
6 52
4 5
2 86
7 84
6 44
2 38
8 56
7 98
7 64
2 91
1 28
1 60
6 71
10 51
2 50
6 27
10 97
3 24
3 3
9 47
2 33
2 50
6 38
6 77
1 62
4 12
5 89
5 71
8 68
2 33
6 99
3 48
9 41
1 60
6 45
1 6
6 14
4 73
10 91
3 2
5 33
9 21
6 42
4 28
1 30
2 75
1 77
2 49
6 85
6 62
3 22
5 58
6 19
5 79
4 59
10 99
5 82
9 62
8 27
3 47
6 4
4 5
6 44
1 40
8 28
10 94
8 60
7 42
3 93
10 59
5 10
7 6
10 96
8 70
4 32
10 56
5 87
5 100
3 92
2 35
9 10
10 11
2 60
10 57
6 72
3 58
3 28
1 54
2 44
5 38
8 100
3 72
9 53
5 16
6 37
8 1
6 52
5 71
6 70
4 49
7 23
10 80
5 29
10 79
10 21
6 73
1 93
6 89
7 38
2 80
7 30
4 75
1 93
9 3
4 10
7 89
1 22
6 32
3 28
1 10
6 11
7 92
9 73
4 13
1 81
2 42
2 13
10 71
10 2
1 2
10 24
5 82
1 45
4 83
4 23
6 93
3 39
2 67
1 10
4 47
9 46
2 87
4 28
2 42
2 98
10 38
5 48
10 58
1 33
2 5
9 48
1 62
1 36
2 89
6 10
10 51
5 26
3 70
3 73
5 5
5 53
8 24
8 90
6 51
9 78
1 77
9 37
1 99
9 7
1 87
3 6
6 89
1 28
6 89
3 18
5 99
6 100
7 27
8 6
2 15
5 38
10 20
2 44
2 22
2 47
4 85
3 78
10 21
7 8
6 53
7 8
3 16
3 98
2 64
1 47
4 60
9 20
7 14
10 38
9 94
6 24
7 90
7 78
5 92
1 27
3 33
9 32
5 16
10 40
10 99
6 7
8 89
10 85
8 74
2 7
7 24
9 7
4 19
2 98
10 68
6 48
10 86
2 32
9 63
9 49
5 31
3 20
1 47
3 31
4 13
1 67
4 62
3 36
9 84
3 26
5 19
7 16
5 100
8 68
4 46
4 65
8 21
9 79
1 88
10 50
8 70
7 50
8 89
6 81
5 36
1 10
3 52
4 30
3 78
10 86
4 67
9 85
4 69
4 52
2 82
4 89
8 70
10 96
5 78
1 68
4 64
9 50
2 27
2 95
3 61
8 81
8 68
2 61
3 30
7 60
10 51
10 64
5 9
7 4
6 68
9 77
10 48
8 1
4 40
10 58
9 97
1 9
3 28
1 43
1 73
3 5
5 45
8 23
10 3
7 16
2 11
4 99
5 23
7 13
4 72
10 27
4 61
10 65
1 91
7 9
9 30
9 23
3 95
5 95
7 67
7 79
9 75
10 78
6 82
9 8
10 77
3 43
6 74
4 43
10 65
8 31
2 4
4 16
7 1
1 100
8 30
7 68
1 13
3 35
6 13
2 67
7 21
5 61
1 44
2 13
2 15
3 96
6 44
9 71
9 16
10 49
10 55
2 28
5 51
6 9
8 63
5 54
5 55
10 34
5 34
7 36
10 59
2 4
6 89
1 64
1 90
7 98
4 99
2 60
9 43
1 44
6 29
10 85
2 99
6 29
8 57
8 93
1 67
6 64
4 89
5 86
7 73
10 36
10 30
6 94
3 27
1 49
6 87
3 36
5 13
10 26
8 9
6 90
5 14
1 39
8 22
4 59
10 35
2 94
7 44
8 11
3 21
6 67
7 96
1 11
7 74
4 6
8 21
2 64
6 32
10 17
4 56
3 37
3 22
3 32
8 32
3 43
7 8
9 67
2 37
10 38
10 76
7 20
5 38
1 18
7 77
8 91
10 64
7 33
4 9
9 31
7 31
4 54
2 53
10 64
6 77
8 21
8 17
1 37
8 88
2 34
10 70
9 65
10 6
8 71
2 13
4 30
6 52
4 35
1 22
9 15
3 22
10 79
4 84
3 56
5 78
7 71
7 77
2 53
2 86
9 95
1 16
6 74
8 88
8 56
9 37
8 3
7 38
3 42
4 77
3 57
4 93
7 13
1 64
10 45
8 75
2 33
1 100
2 82
4 19
9 39
1 64
7 36
7 21
10 20
7 100
10 41
3 16
6 27
9 69
5 73
10 46
6 61
5 31
6 99
2 32
10 34
3 9
6 95
2 76
4 95
5 13
6 51
9 49
4 71
9 66
1 52
5 94
7 35
3 67
5 8
2 28
6 19
3 31
5 35
10 99
8 77
10 25
9 24
1 54
6 91
9 47
5 94
7 97
10 75
2 7
1 77
3 79
6 60
4 55
4 44
7 66
7 87
1 34
9 99
6 3
8 32
10 30
4 28
7 24
1 56
3 63
8 23
2 48
3 31
4 87
1 55
6 24
7 53
7 66
7 80
5 45
2 50
8 56
10 97
8 94
4 60
7 40
3 93
5 32
4 49
7 100
8 8
2 2
5 79
4 60
1 12
2 20
1 13
2 58
5 58
4 53
2 29
5 56
6 27
7 87
1 30
2 23
4 26
3 55
7 33
2 40
8 18
5 8
6 65
8 95
3 66
1 78
3 28
2 1
4 46
1 72
3 94
1 7
3 77
2 32
6 51
2 98
4 99
6 64
6 30
8 82
7 5
10 44
3 22
6 82
4 98
9 20
10 97
6 100
6 69
6 41
2 76
2 63
6 42
6 89
4 36
3 94
3 56
4 4
10 45
3 31
6 46
10 27
9 18
1 94
5 63
7 25
6 90
1 17
8 79
6 46
9 63
4 80
2 14
7 10
6 94
7 80
5 58
6 76
6 67
8 77
7 23
5 81
4 47
9 18
4 79
5 48
2 70
9 85
2 84
8 6
6 65
4 37
4 94
9 32
2 95
5 54
10 95
1 13
7 97
8 49
10 78
9 95
6 95
4 70
6 81
8 99
6 58
2 75
1 95
9 99
2 29
5 87
9 14
2 97
3 94
7 34
6 74
4 94
2 84
6 25
6 65
7 45
6 28
7 20
6 49
4 72
7 18
2 50
1 37
10 100
1 31
4 41
10 1
7 71
10 46
3 64
2 77
3 38
9 57
2 22
1 98
10 100
10 87
6 86
8 62
8 14
4 28
10 26
8 83
5 51
7 34
2 78
6 40
7 96
8 68
7 100
2 85
6 23
4 54
10 51
8 65
3 25
9 49
6 86
6 23
9 9
3 42
3 87
10 43
2 83
2 4
8 26
4 11
5 44
10 76
2 53
3 81
5 67
3 90
7 91
10 93
9 15
5 47
2 56
8 29
10 85
9 22
2 4
8 78
1 12
7 85
6 69
1 98
10 92
5 83
4 43
3 30
1 13
1 65
2 47
6 46
2 52
4 31
1 11
10 90
10 38
8 53
2 65
8 45
5 54
10 68
4 81
6 1
4 93
4 79
10 90
10 31
7 33
6 85
5 33
5 94
8 88
8 23
6 51
2 53
1 67
5 88
1 93
7 74
7 81
1 55
2 35
6 39
9 43
4 53
5 48
6 78
3 35
6 89
8 78
3 82
4 63
7 65
1 19
7 98
8 46
9 24
8 92
10 11
2 31
8 79
2 67
1 2
3 10
7 2
8 58
1 61
1 72
6 9
10 44
8 1
5 11
8 41
5 24
2 42
7 88
8 51
3 22
9 43
1 47
8 29
9 63
5 9
7 12
3 2
2 50
5 29
1 85
4 80
7 48
9 21
7 4
9 81
1 49
2 33
2 35
