3 92
5 42
6 54
1 74
5 86
2 38
10 9
7 50
7 2
5 82
8 48
3 48
9 5
4 93
4 51
2 7
8 77
4 67
2 77
5 32
8 69
7 28
5 68
6 18
8 43
6 90
8 38
1 86
6 10
8 49
1 32
3 66
2 12
3 63
1 31
3 43
2 10
10 63
7 88
8 49
2 4
1 59
2 49
2 36
5 11
6 28
7 48
10 42
5 23
2 62
9 4
1 49
6 64
8 26
2 25
9 39
3 31
5 17
8 86
6 21
9 96
4 69
6 86
2 86
4 55
4 56
10 89
5 31
8 81
8 29
7 93
5 79
5 97
2 29
4 84
10 66
9 37
10 71
8 46
5 20
9 40
1 37
8 13
5 28
6 24
8 85
6 39
2 14
5 90
8 65
10 55
1 43
10 90
7 80
8 73
9 89
5 82
8 2
9 41
4 94
7 40
6 84
8 100
8 100
6 58
4 99
1 12
3 68
4 95
10 7
8 78
2 52
9 73
5 90
8 100
1 6
3 2
6 80
2 74
7 44
3 9
1 14
3 78
7 8
8 60
3 53
3 86
8 67
6 41
4 61
6 54
1 15
8 34
3 40
8 24
4 19
10 83
3 66
9 14
8 47
4 49
10 16
10 28
7 3
9 58
6 71
7 68
2 82
2 77
9 40
1 47
2 49
10 44
4 75
1 39
8 47
7 57
1 13
5 16
8 91
3 44
6 8
6 61
4 27
5 69
10 44
4 74
2 21
2 16
5 77
4 13
5 18
5 34
9 33
8 7
5 21
5 74
10 36
7 10
7 82
8 31
10 4
3 82
10 28
5 50
8 84
2 21
8 5
1 54
7 87
5 85
9 62
3 42
2 72
8 26
6 94
9 66
5 13
8 34
10 74
7 47
7 73
8 58
8 59
9 26
9 19
6 100
3 33
5 10
1 35
9 1
8 11
6 100
1 81
9 2
1 58
2 96
1 71
5 25
3 45
7 58
1 1
5 34
5 96
8 23
1 84
5 20
2 11
8 52
3 90
10 43
9 93
9 23
6 74
5 69
10 11
8 99
1 66
10 7
4 52
10 78
7 25
8 70
9 84
4 33
5 95
3 64
5 30
6 61
5 22
2 86
10 68
9 91
6 60
7 94
5 56
5 69
5 49
5 60
7 99
7 37
5 96
2 2
6 23
1 18
5 39
8 85
9 17
7 11
7 77
6 67
10 89
8 65
1 37
4 57
10 67
3 2
10 61
6 76
8 10
4 82
8 85
3 73
3 38
7 10
6 31
3 95
9 99
7 14
6 19
7 73
6 41
3 69
6 58
4 74
10 71
3 17
8 33
5 95
3 86
3 38
4 48
4 85
9 89
3 19
4 73
1 5
4 25
2 51
7 100
4 45
2 11
1 31
5 6
4 78
6 26
7 26
5 32
10 6
10 44
5 90
2 90
10 100
1 2
3 2
7 94
3 24
1 14
8 64
2 15
8 66
10 62
8 97
9 89
3 12
1 76
2 74
5 34
3 15
4 33
8 71
2 4
10 32
5 28
6 79
8 46
1 88
8 13
3 45
1 96
8 82
3 40
5 10
7 1
6 33
3 26
5 14
2 14
9 92
1 12
2 22
3 71
2 36
1 16
1 32
3 62
7 58
4 1
7 64
8 99
3 94
6 8
9 74
3 64
5 21
10 31
5 95
1 60
4 4
7 59
2 3
4 90
9 64
1 63
5 30
6 52
6 3
7 96
1 5
4 30
2 97
10 88
6 91
9 78
3 18
4 41
5 78
4 31
2 4
2 17
4 17
4 81
8 36
4 45
8 10
2 16
2 43
2 76
9 95
1 78
4 34
7 75
6 54
7 95
6 63
10 48
3 14
3 77
3 83
5 5
3 40
6 75
1 96
8 63
1 97
7 75
9 79
5 57
10 77
10 86
3 73
8 56
7 7
3 79
4 98
1 14
10 93
7 98
9 30
2 81
3 62
2 13
10 45
2 26
5 3
10 58
9 28
10 72
7 13
6 45
6 57
2 32
7 71
10 1
8 17
9 17
8 82
9 84
8 57
8 95
4 98
3 53
2 31
2 73
2 52
6 51
9 7
9 28
3 51
9 52
6 8
2 48
3 69
6 16
5 66
4 27
6 85
7 41
10 63
3 15
7 67
10 7
8 100
1 46
3 5
9 11
3 83
10 41
7 74
9 18
2 20
7 72
10 92
5 52
7 74
8 9
4 60
1 54
2 69
6 74
6 34
6 75
7 75
5 21
6 23
1 56
1 76
8 7
3 26
5 5
3 8
3 96
2 6
1 57
1 9
9 3
8 4
2 38
10 19
3 80
4 51
7 24
6 70
1 91
6 32
2 36
6 59
1 91
1 48
9 87
7 33
8 34
4 83
4 50
6 23
7 89
1 65
5 5
3 88
10 2
8 39
2 73
10 86
5 80
6 16
1 72
4 24
1 22
8 69
2 2
1 12
4 61
9 19
5 15
4 1
8 9
2 1
9 9
1 70
3 84
9 56
9 96
10 34
4 61
8 65
1 50
7 90
7 60
7 39
8 94
9 42
6 79
3 55
10 51
2 65
1 38
3 21
10 43
7 76
9 68
7 74
4 62
9 35
10 53
2 26
4 90
1 45
9 2
10 97
4 2
7 15
10 72
1 95
8 6
1 89
6 66
3 62
10 62
9 58
5 89
9 16
1 68
2 81
1 55
2 59
3 60
1 27
9 19
6 82
8 35
1 77
6 93
6 83
2 51
8 84
7 80
6 57
4 82
1 59
2 49
1 93
9 20
10 17
2 15
1 38
10 100
4 57
2 18
7 83
3 59
8 19
1 85
6 89
9 66
8 66
9 2
8 39
9 79
1 97
4 35
3 51
4 48
8 65
1 96
1 84
8 44
2 22
1 45
7 60
10 71
1 83
4 39
5 84
5 79
2 45
10 68
3 41
9 67
2 8
5 16
7 39
2 1
10 66
3 60
10 74
1 5
3 73
2 35
9 34
10 9
7 50
8 17
10 84
2 97
6 42
6 42
10 96
10 34
6 2
6 73
7 30
4 93
6 60
8 23
2 56
8 34
4 74
4 63
3 7
5 7
10 59
2 97
6 63
5 84
2 75
1 1
7 18
5 89
5 33
8 99
3 85
3 37
4 56
3 74
9 76
4 55
5 56
6 43
9 36
7 61
6 80
6 16
6 60
9 27
9 19
1 90
3 14
10 46
8 41
10 1
7 37
10 15
9 33
9 97
8 71
4 3
10 65
10 65
2 93
2 58
2 7
3 26
7 87
3 25
4 60
1 61
3 56
5 54
9 69
10 54
3 87
7 64
6 51
4 13
8 42
8 85
9 68
1 4
4 76
3 31
2 33
8 58
1 15
4 4
7 48
10 32
6 54
10 46
2 17
2 60
9 73
6 74
1 98
3 95
5 70
7 98
3 13
2 32
8 95
5 49
3 6
1 83
6 98
3 100
2 64
4 73
10 47
2 77
10 98
6 49
5 78
4 100
2 12
8 6
6 36
10 5
1 4
3 29
7 61
3 79
10 51
5 13
6 44
8 60
6 8
9 70
5 75
9 15
9 16
9 68
2 66
4 4
7 54
4 4
4 73
6 53
6 62
10 11
4 100
10 69
7 10
10 40
2 88
5 85
9 84
1 36
7 13
8 83
9 71
7 80
7 71
10 39
1 22
7 40
7 11
2 86
3 66
2 89
5 69
6 74
3 33
2 8
3 84
8 73
5 31
7 95
2 43
2 78
3 70
7 100
3 88
2 73
1 36
5 45
1 85
6 60
1 49
9 8
5 85
6 46
9 71
5 63
4 49
3 25
1 23
7 79
6 41
4 53
4 63
7 62
10 34
1 4
10 55
5 14
9 47
3 58
6 14
1 84
7 41
10 52
1 80
3 92
9 60
6 86
8 99
1 26
5 58
3 27
4 40
5 60
8 45
7 97
4 52
7 52
5 95
2 59
8 2
9 88
10 87
8 97
10 9
4 97
10 58
8 60
10 43
5 6
7 88
6 32
2 22
1 97
5 91
1 34
4 95
6 38
2 4
4 52
7 100
1 80
6 2
10 26
4 1
1 14
9 77
1 17
6 7
9 23
4 16
3 86
5 94
5 47
9 100
6 89
3 32
2 23
9 66
4 31
5 13
8 74
7 50
9 50
9 40
1 39
8 56
10 82
1 44
8 83
2 28
9 71
7 6
1 54
8 42
10 91
3 3
1 66
3 48
2 78
7 4
8 41
1 61
8 81
2 67
6 90
1 94
5 86
1 29
9 84
5 62
2 56
6 4
8 68
7 59
10 5
1 16
10 21
4 57
4 49
2 7
5 67
5 6
4 42
9 70
9 62
3 6
3 36
2 91
5 30
10 35
10 67
10 43
8 34
3 70
2 9
7 75
5 83
5 74
9 39
3 24
6 40
10 50
1 17
5 93
1 48
10 32
6 80
2 93
9 1
8 97
6 74
3 47
10 93
