9 56
7 30
7 63
8 78
2 93
10 17
1 20
1 10
6 36
10 49
10 16
8 99
10 74
6 97
1 61
1 73
5 49
5 88
9 12
8 60
6 20
7 36
9 18
8 63
6 42
6 46
9 53
10 71
7 12
6 31
6 78
2 99
6 2
6 30
4 6
4 94
1 4
3 78
2 11
7 90
7 2
4 55
9 49
8 61
9 53
1 53
4 39
4 99
9 69
1 34
9 37
5 72
3 27
2 78
10 2
1 65
6 34
2 58
6 69
7 64
3 15
1 44
9 53
3 42
3 7
7 95
2 10
2 26
5 2
1 89
7 19
6 8
4 59
7 81
9 68
7 21
8 20
6 31
3 15
7 27
8 40
10 69
9 17
10 27
1 37
5 61
3 71
3 40
8 89
4 83
5 79
8 67
3 30
1 58
8 38
8 3
9 64
1 8
5 56
8 28
7 87
6 7
8 41
1 45
10 28
4 32
10 72
1 100
1 50
6 73
6 56
3 82
8 31
4 80
6 81
2 25
4 54
10 12
4 26
8 47
5 80
2 97
5 34
7 10
2 61
1 8
1 12
2 3
4 85
7 93
1 28
9 5
8 25
8 95
3 93
3 65
9 44
3 72
1 62
10 41
9 81
3 83
9 35
6 43
10 73
3 84
4 100
3 85
9 63
10 60
7 42
4 96
9 62
1 31
6 11
10 62
6 87
9 59
8 44
10 78
7 13
6 28
1 25
7 8
3 90
7 55
2 82
6 44
1 88
8 61
10 30
4 57
8 70
7 59
6 60
2 95
8 19
5 57
6 100
6 43
4 12
5 64
2 64
10 44
6 76
1 58
3 97
7 78
1 28
7 31
3 49
7 4
8 61
8 3
5 36
10 98
3 38
2 56
7 29
2 45
6 48
9 22
1 31
7 28
2 36
10 99
9 54
3 94
10 57
9 94
8 30
8 29
10 60
7 17
10 12
8 66
6 41
6 69
2 65
5 56
2 2
6 35
5 12
6 4
6 60
8 66
3 13
2 15
3 42
8 97
7 9
7 61
6 72
2 16
8 38
4 13
6 53
9 27
1 82
2 12
3 38
7 12
5 73
2 77
9 96
10 43
9 53
2 79
5 91
6 97
4 51
6 96
3 50
6 72
4 73
7 66
5 71
1 6
2 19
6 66
3 22
2 63
4 3
1 71
6 47
4 14
3 47
8 81
4 50
2 60
2 4
1 76
9 19
5 86
9 62
2 39
4 56
2 25
5 88
9 19
4 35
10 62
3 94
10 4
8 75
3 89
4 27
3 76
7 94
8 11
10 87
8 20
8 10
10 58
6 15
2 60
6 81
7 13
5 5
6 40
8 42
3 10
8 51
6 30
4 60
10 25
8 81
3 21
4 55
8 88
7 93
2 97
3 76
8 63
5 95
8 9
9 47
5 63
2 91
9 92
6 68
10 41
3 80
10 73
8 57
3 37
4 48
5 95
2 15
9 24
9 41
4 97
8 6
9 36
10 88
4 56
8 96
3 33
2 53
7 60
2 46
2 44
6 31
2 66
5 40
8 65
8 74
4 50
6 63
8 26
8 17
1 10
2 58
10 7
8 43
10 64
7 79
3 17
4 43
4 30
5 21
6 61
6 62
3 73
4 30
6 11
10 98
9 51
7 64
6 13
3 67
5 51
9 68
2 44
2 71
4 86
4 16
1 47
10 54
10 17
9 74
3 73
10 92
2 27
8 68
10 61
8 72
4 22
4 78
2 81
2 32
9 95
3 87
5 69
10 73
5 67
7 69
6 51
4 62
7 42
8 39
3 98
6 38
3 36
7 83
1 61
7 24
5 68
1 71
1 83
8 4
10 59
9 81
4 69
10 73
5 11
2 5
8 13
7 42
1 50
1 12
7 71
2 50
3 26
5 48
10 71
2 34
7 56
3 60
1 11
4 88
4 67
5 42
8 40
9 11
1 8
5 96
5 58
1 35
1 17
1 62
2 98
10 44
4 55
4 24
7 18
2 11
7 54
8 82
9 40
4 62
7 45
4 5
8 100
3 18
6 92
4 41
3 29
4 4
1 96
4 14
9 84
7 95
10 27
10 49
8 98
2 50
7 86
6 74
10 96
9 44
5 100
1 68
10 31
10 1
7 98
2 2
7 59
7 67
4 59
2 90
3 73
8 15
9 15
6 82
7 87
9 76
4 89
7 13
4 12
8 44
4 22
9 56
2 74
3 32
7 89
2 31
8 73
7 2
5 27
4 83
10 87
10 6
10 70
5 91
5 72
1 99
7 84
2 8
2 9
9 1
3 70
9 31
8 38
1 50
9 71
3 7
5 42
4 91
9 96
4 1
7 39
5 66
7 43
4 86
3 76
6 86
10 14
3 77
6 57
1 80
2 95
2 31
9 10
10 78
5 99
7 44
8 85
5 96
4 72
2 50
8 71
6 24
9 93
9 66
8 64
2 91
6 18
6 31
5 65
4 67
10 90
9 61
9 19
9 61
7 67
9 39
8 15
1 66
4 86
7 66
4 93
8 100
6 81
7 92
6 58
7 7
6 26
3 94
3 44
2 38
9 7
10 19
9 18
3 5
3 30
2 26
3 2
2 2
1 71
8 28
1 70
9 26
3 31
10 28
2 11
10 30
2 57
6 84
1 98
8 96
6 4
8 68
3 9
6 69
1 50
4 55
1 67
8 99
8 80
9 19
10 51
8 73
10 100
10 40
3 66
8 96
2 41
10 81
4 5
4 18
9 23
4 3
2 46
10 98
8 54
7 71
5 53
3 40
8 94
1 5
7 94
3 67
10 9
6 76
3 47
4 16
9 45
9 51
10 32
1 79
8 41
1 20
6 66
3 35
7 24
3 8
1 82
7 20
3 59
9 19
7 73
3 99
4 86
8 99
5 12
5 63
10 72
1 17
8 87
1 76
1 1
3 65
8 99
4 60
3 76
6 5
2 21
7 52
5 55
8 46
6 30
10 34
10 36
4 16
1 6
2 77
6 63
5 76
1 47
6 22
8 12
10 13
8 13
1 79
6 84
6 93
8 10
4 35
6 96
4 52
4 61
10 66
7 87
6 77
2 36
1 23
7 83
6 29
7 15
5 26
1 44
3 57
4 96
10 50
5 34
2 24
1 79
1 38
5 45
8 48
9 17
3 77
1 12
1 3
4 50
7 31
9 12
6 20
5 73
8 19
6 71
10 45
8 40
6 17
10 92
8 32
8 14
4 59
1 19
4 9
4 35
6 2
1 39
4 31
8 31
9 31
6 10
7 72
10 72
10 44
7 65
2 3
10 75
2 62
9 14
3 37
3 68
6 62
5 18
4 46
10 48
1 66
2 61
10 91
5 76
9 62
5 3
2 99
2 33
4 97
9 83
3 68
2 58
2 95
8 85
9 65
10 43
7 11
2 17
8 63
2 62
5 48
4 83
1 14
4 66
8 53
10 78
6 46
7 94
2 98
4 80
1 64
5 40
7 66
6 5
4 12
7 92
8 69
9 81
8 34
7 28
3 93
7 65
9 79
8 31
4 82
8 66
3 75
10 27
8 36
4 79
3 66
10 69
3 61
6 84
4 44
3 70
8 57
8 50
4 99
2 13
8 40
1 3
5 49
9 61
1 64
3 44
6 52
2 81
6 65
5 97
2 89
6 99
5 14
9 21
6 21
1 84
1 47
9 29
6 84
5 4
10 74
8 31
4 88
2 96
8 72
10 88
3 39
1 66
8 43
1 92
1 95
10 32
3 39
10 90
8 23
10 42
6 91
8 42
8 33
4 15
5 67
3 85
4 58
8 28
3 93
9 77
10 91
3 94
5 77
5 79
6 17
4 54
8 6
7 90
5 66
8 16
10 97
4 47
1 48
6 22
9 3
7 92
5 67
10 16
10 76
7 47
1 79
4 68
2 56
5 34
8 8
5 65
5 38
4 54
6 68
1 85
3 65
4 78
3 37
8 96
2 29
2 83
8 69
10 32
10 12
3 75
5 96
1 73
6 15
6 24
4 98
3 96
10 40
7 87
9 23
7 25
3 3
1 91
1 39
7 6
2 35
10 29
9 44
1 92
5 39
4 71
5 81
3 67
3 3
10 23
2 43
6 55
3 58
3 86
10 70
8 83
2 87
9 44
8 93
5 98
2 63
2 64
4 35
10 94
6 71
9 73
1 86
10 26
4 55
4 29
10 43
7 17
9 99
6 35
7 3
9 35
3 54
8 34
7 70
10 81
5 35
7 34
1 84
7 59
10 93
6 36
10 25
6 86
10 9
1 42
4 14
2 44
8 32
4 54
5 19
7 96
10 35
5 58
3 65
7 64
9 17
6 26
4 23
1 65
9 41
5 31
10 42
10 75
7 26
8 88
6 55
6 12
8 92
3 68
2 44
4 15
7 6
1 84
2 13
1 34
1 75
5 20
7 87
10 18
8 91
9 11
7 44
7 39
10 73
10 57
9 59
9 35
2 53
5 26
1 30
1 94
7 100
7 13
