7 21
9 95
5 98
8 14
6 16
3 95
5 23
7 38
10 19
8 54
9 18
2 76
2 32
2 73
4 13
4 59
3 86
2 97
5 44
6 20
5 94
9 43
4 66
10 65
6 19
5 43
6 34
2 56
5 55
5 18
6 92
10 8
7 54
4 37
2 75
10 17
8 44
3 57
9 46
10 77
3 48
3 27
10 73
4 67
3 33
9 75
4 91
10 16
9 21
1 34
5 96
4 18
5 57
7 90
2 33
7 26
4 66
10 82
8 88
2 3
1 80
5 52
8 67
7 23
2 18
3 4
6 38
7 18
9 59
4 84
8 3
10 92
6 48
6 44
9 22
8 61
10 73
1 13
5 7
4 48
4 35
10 43
10 33
4 50
8 52
8 73
6 39
10 22
7 4
2 25
1 96
10 32
5 64
1 18
8 72
3 60
9 14
1 32
7 70
3 90
9 78
1 56
6 1
7 77
9 33
6 86
3 77
10 69
1 13
1 48
3 73
6 63
8 53
7 33
10 20
2 25
5 51
2 89
10 90
4 80
3 90
2 57
5 33
9 20
10 59
2 69
2 14
4 68
7 78
2 80
10 4
5 20
7 52
10 12
8 45
7 4
4 16
10 16
9 97
2 24
1 16
3 63
7 64
9 84
2 75
8 16
9 77
10 99
7 13
1 13
4 22
4 33
7 83
8 14
7 53
5 42
2 19
8 69
6 42
4 30
8 82
6 49
3 99
9 21
5 90
1 69
2 18
10 66
2 84
6 51
5 75
2 82
10 23
1 27
6 29
8 80
8 4
3 75
2 35
9 23
6 43
5 94
6 68
4 72
4 81
2 20
7 61
9 63
7 25
7 85
10 64
1 71
1 81
7 19
6 28
3 13
3 44
3 14
1 85
2 63
1 99
1 31
3 43
6 39
6 18
9 68
4 43
10 98
2 25
10 31
1 7
5 10
10 49
1 24
4 84
7 51
10 73
6 58
7 56
5 39
5 72
2 42
1 3
1 27
1 27
4 57
3 23
7 11
3 1
8 40
1 90
4 71
3 93
6 72
9 36
9 25
5 76
1 57
6 31
3 23
6 9
4 20
4 12
1 92
9 82
9 59
9 86
7 3
9 2
6 37
1 67
2 29
6 10
1 84
3 40
10 30
10 58
5 20
10 95
1 84
3 6
8 3
8 88
9 65
7 99
7 57
7 23
1 91
9 6
2 15
7 17
1 39
7 61
1 41
6 88
9 76
8 19
1 14
3 61
10 15
6 86
9 24
10 29
9 78
7 48
3 18
8 42
7 11
5 20
8 35
1 61
10 68
10 27
8 50
10 72
8 61
5 17
3 62
2 51
4 15
5 79
8 13
10 52
8 5
9 1
9 11
7 72
2 79
8 75
4 65
4 22
9 41
1 9
5 44
6 36
1 42
8 81
5 93
6 38
9 46
3 37
6 92
1 21
2 50
2 87
4 98
9 18
7 57
7 79
3 33
6 89
1 74
9 84
10 56
10 49
4 2
6 48
5 85
5 43
1 37
7 67
8 5
3 36
6 29
6 69
10 44
9 41
8 100
5 70
2 8
1 56
5 92
3 18
1 80
7 74
5 55
7 27
10 31
4 1
1 50
5 28
2 63
5 56
8 80
6 41
10 60
7 40
5 78
1 59
1 88
8 95
5 85
3 91
5 34
2 24
1 68
6 40
4 6
7 47
2 69
2 87
10 88
6 92
3 61
8 91
5 18
10 65
2 46
8 51
4 56
5 5
1 63
10 64
9 71
8 46
3 16
4 26
7 8
4 16
2 68
6 46
1 52
8 24
8 44
7 66
9 36
3 97
7 46
5 50
4 83
8 67
9 16
10 23
5 1
3 65
8 13
8 79
2 60
4 77
3 5
7 58
4 74
10 20
9 22
10 49
4 43
5 61
8 51
10 10
2 5
2 82
5 21
7 44
4 36
8 52
8 53
5 93
1 38
4 41
9 59
1 68
10 62
9 1
1 66
3 7
5 10
7 99
6 31
10 76
6 2
10 3
1 45
8 76
5 16
7 72
8 68
7 81
6 76
8 25
5 8
1 61
8 11
1 65
2 84
4 98
3 33
6 29
9 53
7 16
3 69
6 70
9 2
8 46
10 45
6 64
6 39
9 38
6 24
6 79
8 72
9 39
10 21
4 15
1 69
9 59
3 31
3 46
9 8
1 64
8 61
1 51
5 96
2 13
4 61
2 34
10 66
5 55
2 3
8 23
9 92
2 2
7 96
3 36
7 56
6 43
6 49
2 89
3 62
9 85
8 14
8 89
8 19
7 82
10 41
5 4
10 55
2 1
2 59
10 45
9 51
6 11
8 39
10 7
10 51
9 84
4 36
4 97
3 43
10 81
8 77
5 19
4 65
8 84
9 52
3 24
3 96
6 40
8 21
1 88
9 60
9 88
6 50
7 37
2 13
5 13
8 6
1 27
4 39
10 2
6 79
8 38
5 33
9 50
3 70
10 72
2 48
2 66
3 51
8 85
7 90
10 73
2 52
3 17
3 65
8 69
1 45
6 14
2 11
4 85
3 50
2 20
9 77
7 38
9 81
5 90
8 22
4 32
8 71
6 36
9 86
1 16
10 68
4 84
7 21
8 33
10 53
5 83
2 72
5 36
8 48
1 31
2 20
9 98
4 63
4 52
2 39
3 54
2 70
8 9
9 80
8 37
1 12
2 74
7 44
5 92
8 58
5 57
6 57
1 46
4 1
4 26
1 36
3 85
6 26
10 68
10 32
3 79
4 29
7 52
8 94
8 6
5 68
5 79
6 89
3 46
5 67
3 85
9 69
10 47
8 88
6 78
2 17
8 85
5 54
4 25
10 22
7 42
9 79
9 53
7 7
5 12
9 79
9 54
2 53
3 61
2 92
4 50
4 94
9 60
2 70
9 38
8 19
9 63
7 58
5 28
4 56
7 73
6 88
3 36
1 44
1 71
2 10
6 61
9 80
5 61
1 73
4 90
8 2
6 51
3 88
5 15
5 35
8 53
2 42
10 59
7 44
1 25
5 15
6 2
10 46
6 62
2 59
7 6
8 47
7 96
3 28
2 83
2 66
3 44
8 69
6 100
8 71
8 11
10 57
4 69
9 85
7 92
6 64
10 45
4 21
6 36
2 11
3 27
4 91
3 82
9 10
9 55
10 89
1 73
7 86
2 67
4 29
2 51
7 56
5 59
8 37
6 5
8 78
4 7
2 86
1 99
1 43
9 62
6 28
1 87
7 17
5 79
10 89
8 91
1 80
4 21
10 31
3 44
3 6
8 16
2 72
5 11
3 38
6 79
5 34
9 12
2 86
5 49
10 50
2 47
4 51
7 75
5 94
8 61
3 33
8 9
3 61
10 10
1 14
7 26
7 91
6 74
4 22
3 14
6 84
7 69
9 5
8 91
9 47
6 4
10 33
2 15
10 73
6 71
7 79
1 58
9 89
6 79
10 39
3 54
4 10
1 87
1 6
9 63
3 58
4 89
2 41
5 69
7 27
10 32
8 5
4 67
7 14
6 53
10 95
6 99
5 97
8 63
8 86
8 87
8 38
1 80
3 93
7 15
2 64
5 63
1 60
3 26
6 54
6 50
5 84
2 4
2 37
3 59
9 73
7 82
8 16
2 45
2 34
9 38
8 87
4 34
8 9
7 34
9 79
7 63
9 92
7 70
4 17
7 77
2 32
3 68
8 56
8 87
2 58
9 10
8 69
7 59
3 70
6 19
10 42
9 88
8 66
6 95
1 82
2 35
3 38
10 66
5 73
10 76
8 99
4 61
8 6
9 31
7 9
5 62
2 14
3 17
1 74
5 58
9 20
4 18
5 75
7 7
9 36
1 86
3 80
10 81
5 70
3 10
8 61
4 30
5 69
3 42
9 69
9 100
3 94
8 98
10 83
1 11
8 77
8 39
2 20
7 86
3 60
6 72
2 62
9 20
9 56
3 83
2 29
10 24
6 61
1 79
3 90
4 39
7 19
10 17
9 10
9 7
4 100
10 33
6 56
10 7
9 11
2 96
2 28
4 95
2 29
10 81
9 16
9 46
5 23
9 61
5 27
2 8
8 48
9 13
1 44
8 40
6 37
8 24
10 65
1 16
9 89
9 91
8 26
1 73
10 64
2 59
10 80
4 26
9 38
6 47
9 80
5 98
2 23
9 1
2 12
10 39
1 98
7 83
2 22
8 75
8 51
7 95
6 98
3 72
5 31
6 77
2 50
8 85
8 88
4 53
5 5
7 25
4 47
10 79
7 62
4 57
8 100
5 9
8 40
10 70
10 14
4 81
7 93
5 18
5 14
10 65
3 32
1 69
6 10
7 29
10 49
3 30
7 79
6 61
8 93
1 21
10 4
7 45
2 69
4 12
9 46
7 50
6 62
8 76
8 76
10 7
6 11
1 22
7 23
3 54
9 15
1 65
3 37
1 27
3 98
8 71
7 91
1 90
9 17
10 61
9 88
