2 62
3 75
3 83
2 91
7 7
9 67
8 33
6 33
1 38
6 31
4 12
10 80
7 55
10 67
7 87
5 7
4 79
9 48
10 21
5 98
5 50
3 3
10 57
10 88
10 48
10 65
4 4
6 82
6 87
1 51
9 83
9 14
8 33
9 84
10 47
5 82
5 35
2 40
3 34
1 45
1 82
9 69
2 45
7 35
6 94
5 69
2 41
3 50
5 43
10 36
9 32
9 41
5 42
9 4
7 27
1 17
7 39
3 73
10 67
4 23
10 82
10 9
10 34
6 27
9 15
7 31
5 45
3 4
8 23
4 45
2 77
1 67
7 54
3 59
6 79
4 67
5 41
8 79
1 1
3 60
9 31
2 33
2 97
3 62
2 90
7 46
5 31
2 80
9 88
5 50
4 76
1 35
2 28
4 56
1 31
6 58
7 33
3 30
10 60
7 93
2 95
3 79
4 25
10 24
3 6
3 23
2 51
3 11
4 95
6 30
9 83
3 24
8 67
5 10
7 43
3 14
1 45
6 36
8 24
8 22
2 94
8 76
10 19
5 26
4 94
2 55
7 6
1 92
1 66
10 2
3 97
5 4
8 42
4 6
3 99
8 11
10 5
7 78
10 32
10 33
3 1
9 34
4 78
3 79
9 46
7 100
10 70
6 37
9 56
8 67
10 50
1 15
1 23
8 58
3 7
7 55
1 68
7 51
10 86
3 12
3 83
8 66
9 95
7 38
4 88
9 41
3 98
10 97
8 16
9 79
9 55
2 13
3 75
4 14
8 43
4 1
6 77
1 7
3 36
3 62
6 55
5 38
1 91
3 38
7 36
3 25
9 21
5 39
9 22
9 20
2 95
4 27
1 68
3 79
4 100
10 79
10 11
2 92
5 88
3 30
9 3
2 44
3 60
5 16
6 28
1 39
10 98
6 5
9 55
3 30
9 15
8 38
4 5
7 71
1 25
2 12
6 68
3 56
8 40
3 53
4 15
10 29
6 95
5 37
3 72
7 1
4 89
4 94
2 17
6 17
5 82
4 57
1 45
6 2
2 82
1 86
10 81
2 9
3 22
1 52
8 45
1 18
3 63
2 56
1 19
8 95
9 4
7 57
10 32
3 56
6 17
7 63
9 83
4 15
6 60
9 33
9 32
2 11
2 41
3 100
6 90
5 86
5 59
5 59
2 22
7 16
7 30
3 3
4 58
7 71
1 44
9 82
4 75
2 59
8 94
6 1
2 36
7 57
3 45
6 52
6 16
1 49
5 28
1 98
6 80
9 77
8 42
5 12
2 91
8 2
1 70
3 36
7 59
3 68
9 17
5 51
5 96
3 99
2 47
7 90
10 26
4 86
10 3
2 46
7 36
8 52
4 26
7 53
6 57
8 15
5 20
7 74
4 19
7 34
2 76
10 65
7 76
1 24
8 83
5 81
4 38
4 61
1 69
6 3
9 100
10 62
7 16
8 35
2 17
4 63
3 62
1 51
2 17
8 65
10 16
1 5
5 61
7 86
6 75
10 59
9 98
3 81
10 21
8 18
4 22
2 64
1 6
6 90
10 83
7 44
5 80
10 41
3 53
10 1
9 77
10 21
4 85
10 17
3 66
3 72
1 90
1 51
10 27
9 68
8 93
3 13
2 23
4 90
10 98
9 80
7 38
1 20
9 54
1 92
2 87
9 73
2 96
10 15
2 97
1 61
7 30
5 21
3 96
2 40
4 23
2 14
6 43
4 77
5 13
3 88
10 80
10 25
7 98
2 20
7 89
5 87
6 84
5 38
7 59
7 86
4 6
2 87
9 7
7 80
3 74
6 68
3 39
3 19
3 54
7 34
10 2
10 48
10 53
7 38
8 89
4 17
10 69
9 63
8 30
4 20
2 81
2 20
10 45
4 40
6 54
5 49
4 69
4 48
5 30
5 67
5 45
9 9
8 58
7 59
3 61
5 30
5 5
10 65
9 72
10 63
1 76
1 98
1 49
5 57
6 100
10 15
8 100
2 77
4 27
9 33
1 28
8 38
7 96
9 93
1 3
4 65
6 89
8 95
6 87
8 69
7 61
3 85
6 77
5 54
2 69
4 23
4 29
1 91
9 36
1 6
4 31
4 78
4 89
5 34
3 70
8 40
6 6
6 89
1 56
3 16
5 56
10 32
9 54
3 10
6 11
6 19
8 87
5 26
1 29
5 22
6 78
1 15
10 91
1 28
5 82
4 22
5 68
5 76
10 3
6 35
5 19
9 64
3 23
8 52
9 22
7 95
8 72
4 18
3 7
5 76
2 82
2 21
6 41
10 71
10 43
9 21
5 65
2 69
7 88
1 45
1 67
1 81
7 91
3 85
5 84
3 43
8 1
7 73
5 43
9 37
5 10
9 77
10 38
5 14
4 58
8 60
9 59
7 57
2 43
2 67
5 53
1 64
1 38
6 73
1 74
2 95
1 1
4 38
9 100
5 95
4 11
4 2
9 54
7 77
1 25
5 45
10 29
9 3
9 9
7 34
7 49
2 63
4 59
7 45
4 52
9 89
3 49
4 35
6 7
1 23
2 5
8 66
5 90
3 24
8 91
1 59
7 94
6 75
10 40
6 54
8 74
9 79
1 16
2 30
5 56
9 10
3 13
3 32
5 22
8 47
5 67
10 34
4 31
8 26
3 45
5 93
1 49
9 52
5 19
10 12
8 91
3 54
10 27
7 52
9 42
7 13
4 90
3 16
1 30
6 32
7 10
2 25
2 91
7 82
7 98
5 53
7 65
4 71
1 71
5 33
4 6
8 20
6 35
7 20
5 93
3 54
2 66
9 79
5 59
4 45
10 82
8 80
3 43
2 78
6 64
2 1
10 42
3 2
1 54
6 12
4 13
3 46
4 33
6 98
2 8
5 19
6 58
8 6
8 31
5 9
4 66
10 45
6 54
3 90
10 84
9 81
6 2
1 86
10 47
10 15
6 23
6 22
8 75
7 91
8 10
2 6
7 98
3 8
6 10
1 28
9 76
8 7
10 8
6 92
1 85
10 30
1 29
2 28
4 7
9 82
2 44
8 8
8 87
6 88
7 70
5 100
3 83
5 93
3 95
9 90
7 87
1 75
9 92
7 19
5 5
3 52
6 84
3 27
5 98
5 38
3 70
9 27
9 44
5 72
4 51
7 43
7 51
3 77
8 85
9 22
8 3
4 1
9 100
9 67
5 38
5 85
1 37
7 75
9 99
7 3
8 87
7 83
1 56
2 61
8 20
3 77
7 17
9 48
7 27
8 76
4 87
7 35
3 13
6 62
8 1
6 63
6 37
8 79
10 71
1 98
10 13
7 40
4 95
4 22
3 8
1 6
1 78
9 57
8 60
9 99
1 98
2 56
5 11
7 29
8 66
2 89
10 36
2 24
1 62
9 7
1 73
1 26
3 22
6 94
10 23
4 94
2 56
7 77
7 99
7 99
8 25
2 62
10 1
6 15
10 74
2 30
2 64
2 79
8 48
2 19
2 31
7 31
7 73
9 59
8 63
8 96
8 6
4 32
7 15
3 31
1 42
10 8
9 86
4 69
3 95
2 48
9 82
8 22
4 21
4 46
5 16
7 72
4 8
2 32
8 92
2 55
10 42
2 33
1 8
10 96
3 91
10 56
4 49
10 28
5 23
2 22
2 50
5 59
10 16
3 74
10 66
6 63
3 42
5 64
3 84
5 80
6 29
5 64
4 56
6 39
5 27
6 58
6 65
1 69
4 92
7 1
5 63
5 31
10 95
6 18
8 3
3 65
10 36
10 100
2 58
2 65
7 50
4 10
3 13
9 39
6 8
2 86
4 89
1 68
8 65
7 6
5 16
2 84
1 61
5 55
7 73
3 41
7 63
5 92
6 66
1 83
2 67
1 85
2 53
7 40
8 15
8 25
7 21
6 88
5 55
9 14
2 44
7 3
6 18
4 50
3 64
1 91
8 73
1 57
6 31
1 41
2 85
9 95
9 21
4 88
1 63
4 5
8 54
6 4
10 52
1 9
9 87
9 94
8 83
1 3
4 55
2 14
7 71
3 36
9 68
7 74
10 19
6 55
7 93
3 22
4 77
7 60
3 14
2 8
3 60
7 83
8 25
8 43
5 47
5 23
8 69
9 30
6 90
10 49
10 99
4 23
8 59
6 100
10 31
8 9
5 12
9 84
3 77
7 4
1 94
8 57
2 57
8 22
4 33
3 39
5 21
4 61
5 37
10 81
7 48
2 34
1 72
3 79
10 11
8 57
5 62
8 5
4 57
10 67
1 90
6 76
3 96
3 74
3 56
9 70
9 62
8 5
7 75
5 72
2 62
3 75
8 50
3 88
2 87
2 94
7 65
5 17
6 54
7 89
6 22
3 32
7 77
2 96
2 70
5 50
8 4
7 52
6 63
7 10
7 16
1 26
9 17
2 33
5 36
5 10
10 51
10 54
6 66
1 46
2 72
2 18
2 23
3 54
3 88
6 95
