7 56
3 9
1 46
3 60
2 25
6 83
1 63
3 90
1 52
4 67
6 63
9 82
6 39
6 15
5 77
6 30
9 8
6 95
7 14
3 52
7 81
7 89
2 90
6 99
5 17
10 85
8 47
9 55
2 17
5 96
1 51
3 79
8 94
9 74
5 3
8 20
8 84
5 38
4 12
1 81
5 78
3 42
9 99
2 50
2 26
4 37
5 90
5 83
9 79
7 75
1 29
7 76
6 3
1 44
5 80
1 3
6 52
7 62
10 21
5 87
4 1
4 86
7 68
9 45
2 84
10 76
7 29
4 75
8 10
6 13
8 42
2 55
9 87
10 10
10 67
3 42
10 9
10 52
10 60
4 6
4 43
10 54
1 11
10 22
1 97
6 100
7 31
6 67
7 44
4 76
3 17
4 10
7 8
10 5
4 39
6 62
5 45
8 26
5 49
8 80
7 84
1 29
1 98
4 67
5 96
2 62
4 2
2 87
7 56
8 67
6 35
7 76
2 18
7 23
4 58
1 38
5 19
8 88
7 24
9 20
2 58
9 79
6 94
6 15
2 58
5 73
6 39
10 97
10 45
3 21
4 23
8 92
5 69
9 46
5 28
4 2
1 97
7 83
9 94
9 56
6 86
4 87
6 32
10 61
5 28
8 40
10 38
10 65
10 80
3 85
6 50
5 80
7 53
6 30
10 29
3 15
5 72
3 33
10 1
8 67
6 34
8 56
4 7
10 95
8 82
8 19
7 23
2 48
1 9
7 69
9 84
7 7
2 12
8 23
9 71
10 80
9 26
6 86
1 72
9 27
10 53
2 11
4 79
8 75
10 63
1 90
7 86
8 17
5 18
7 5
10 93
4 96
4 42
9 68
1 40
3 8
8 15
6 37
1 96
10 36
7 93
8 91
4 7
4 53
2 82
1 60
9 91
8 98
10 8
3 80
4 56
6 40
6 77
8 41
6 24
2 65
1 89
6 67
9 96
7 86
10 95
5 19
2 94
1 23
8 37
8 61
10 90
6 79
7 35
7 47
5 95
7 59
3 69
5 86
4 100
10 41
4 83
1 78
4 65
10 63
9 17
5 99
2 30
6 71
4 37
10 64
6 76
7 21
7 54
8 36
5 96
6 82
1 29
9 33
8 97
4 33
10 97
3 30
1 58
7 86
10 87
2 23
9 3
2 76
8 4
4 1
10 79
5 32
1 20
6 56
8 77
8 70
8 90
2 15
3 69
8 77
6 41
2 31
5 1
8 40
3 79
1 18
7 86
2 44
3 5
1 55
4 77
6 97
4 43
8 16
10 48
6 83
10 7
7 10
1 33
7 4
1 27
9 53
6 19
4 10
4 88
6 19
8 18
6 79
1 23
3 3
3 89
10 37
4 24
5 39
9 47
5 89
2 3
5 20
7 93
5 13
9 53
3 86
5 7
8 28
6 94
10 3
3 48
1 91
9 6
8 75
4 100
8 3
3 65
4 54
7 53
3 38
10 76
6 10
9 41
3 8
7 99
2 96
8 4
8 68
6 59
8 96
8 68
8 49
8 88
6 39
10 49
1 89
3 13
2 54
5 47
10 42
5 12
9 46
5 25
5 69
6 13
7 20
8 41
3 32
8 47
9 91
5 37
10 93
5 72
8 66
1 78
8 15
4 83
9 65
3 48
5 77
1 78
3 85
8 54
2 84
6 11
3 79
4 36
8 19
9 73
2 39
10 96
5 82
7 34
5 86
8 84
5 74
8 71
2 57
7 60
5 28
3 17
5 73
3 14
5 47
2 79
6 63
6 20
7 68
10 19
1 3
1 21
9 2
5 8
3 55
9 25
1 97
6 51
10 23
1 32
6 36
3 72
5 92
1 47
8 69
6 3
5 70
10 84
1 5
1 65
2 8
6 73
7 71
9 94
10 48
8 5
6 23
6 2
3 69
1 7
10 61
1 98
8 78
4 40
2 96
8 70
9 62
10 50
5 1
6 2
7 32
1 37
10 80
3 71
8 18
4 72
5 95
8 68
7 79
1 74
7 47
9 43
3 34
3 39
3 88
10 43
5 67
1 9
8 54
7 45
10 67
2 97
6 100
1 89
4 93
2 97
5 38
7 40
2 73
3 1
4 80
1 81
5 45
6 97
8 50
1 13
3 76
5 46
9 39
7 85
7 73
3 82
6 40
9 16
2 86
8 10
1 8
7 79
6 19
8 51
5 63
8 11
9 77
1 64
5 49
7 19
7 21
4 84
4 90
6 73
1 97
8 6
6 29
9 75
6 43
7 41
8 51
4 83
8 99
8 2
5 2
2 49
6 47
3 75
6 32
9 5
9 34
1 55
2 74
9 27
3 35
3 19
2 47
6 33
8 1
4 88
3 89
7 93
9 22
2 84
5 41
3 85
10 9
7 28
2 13
6 9
8 82
6 96
3 74
4 93
7 55
7 95
4 87
5 21
3 2
1 30
3 90
5 62
9 55
9 26
6 80
2 3
10 44
2 92
7 86
4 43
9 85
2 7
7 88
9 43
7 67
4 74
10 30
2 10
6 50
5 83
10 63
1 38
9 78
5 92
3 24
1 98
10 35
1 26
10 59
7 28
8 26
7 62
7 22
9 94
3 44
6 7
9 59
2 91
5 90
7 83
4 47
7 84
1 73
5 51
3 33
6 68
7 85
2 33
9 70
1 50
5 80
4 57
2 20
9 28
5 14
7 94
2 17
6 35
4 64
4 19
1 10
10 71
2 34
10 73
6 65
10 70
2 10
10 57
7 46
4 6
1 72
6 60
5 67
3 100
7 50
7 28
6 37
2 13
9 44
5 74
3 97
5 1
2 10
6 91
1 4
2 16
3 6
6 97
10 80
5 96
9 45
4 33
7 27
10 46
8 79
8 52
3 83
10 57
8 81
5 88
9 87
2 88
2 95
10 58
8 90
7 21
5 76
6 51
1 32
1 34
9 35
5 20
2 58
4 49
1 17
6 32
5 70
3 85
3 83
5 78
3 34
10 36
1 47
4 65
2 99
7 32
4 72
7 54
10 68
3 48
2 4
1 26
3 78
10 7
8 19
1 22
6 59
2 85
7 46
8 72
3 53
3 6
9 82
8 73
4 6
2 4
10 61
8 26
10 75
5 37
9 21
5 61
4 58
5 92
5 30
4 79
4 50
5 34
5 58
9 73
7 27
2 39
7 92
3 65
5 52
3 8
7 87
5 99
7 51
4 92
8 53
4 46
6 13
8 2
6 43
9 58
5 44
6 66
7 73
2 10
2 47
6 41
6 56
9 41
5 5
3 99
3 5
6 86
6 71
7 40
4 17
6 89
1 5
3 69
6 44
3 9
1 93
3 6
3 16
5 98
7 25
4 51
8 21
2 98
4 56
7 85
1 88
4 14
8 49
4 4
2 90
4 75
9 21
7 84
6 39
7 39
2 43
6 38
1 85
2 55
2 39
5 49
4 60
1 80
6 45
10 79
4 65
4 96
9 89
4 11
7 81
3 23
8 38
5 14
1 97
5 48
9 65
4 60
8 93
5 23
3 53
10 38
6 79
10 30
4 41
7 95
1 75
1 42
4 79
8 85
9 62
4 9
10 5
5 54
1 60
2 84
10 36
9 77
10 63
4 11
6 79
2 28
8 35
5 37
7 26
5 93
9 6
1 7
1 29
9 91
6 36
6 62
2 75
2 79
5 89
9 47
9 77
5 30
3 55
3 23
7 98
10 19
3 95
3 13
3 54
1 83
9 29
1 85
3 94
6 14
2 86
10 93
4 40
7 76
1 74
3 85
6 24
4 71
9 16
6 88
7 79
3 77
6 7
5 70
6 36
1 56
5 4
3 85
8 87
3 100
10 68
5 78
1 96
5 57
2 9
9 51
3 18
4 63
8 58
9 4
4 46
6 31
6 13
3 24
2 87
6 60
2 77
2 79
9 97
7 45
7 22
10 63
9 88
4 91
8 38
8 68
7 68
9 73
9 67
10 81
4 16
1 46
7 58
8 55
8 48
9 38
8 3
4 82
8 96
4 94
8 23
2 65
5 77
9 11
3 48
4 5
10 53
3 4
4 53
4 42
2 73
4 6
9 85
9 51
7 72
10 89
8 86
4 56
9 46
2 9
9 63
7 39
7 35
3 43
8 60
8 65
4 23
2 75
3 78
9 95
2 5
5 26
9 70
8 51
4 39
1 47
7 88
8 15
5 9
4 59
7 46
7 31
9 39
5 71
8 88
2 56
1 22
7 18
5 43
10 1
6 31
8 53
10 12
1 86
9 13
7 40
3 83
5 44
4 65
8 72
4 18
8 38
9 25
1 13
4 69
5 95
3 75
8 71
6 5
1 27
8 13
3 54
6 11
3 81
5 72
7 71
6 4
3 80
5 23
9 99
3 84
3 12
2 74
3 29
5 25
6 51
2 37
3 49
3 23
4 37
8 37
10 45
3 42
9 54
6 67
10 15
9 85
9 73
8 57
6 98
10 23
9 33
4 11
