4 35
1 19
9 81
2 27
8 67
4 95
2 77
10 47
3 41
5 16
1 39
3 47
3 70
4 2
2 49
2 61
9 23
8 87
10 72
3 94
5 88
1 33
9 13
6 45
1 12
7 87
8 81
7 22
4 6
6 77
5 71
8 73
4 3
6 74
7 82
10 51
4 91
5 55
8 29
4 49
7 91
2 20
1 49
2 45
4 53
4 67
4 91
1 10
10 49
1 12
2 11
3 33
6 27
8 37
2 18
9 68
10 40
4 33
9 33
6 40
3 68
5 47
2 57
2 96
6 19
7 13
3 16
2 9
10 62
1 55
1 42
7 53
5 20
4 7
2 27
5 90
6 91
5 44
1 69
3 46
1 90
1 86
9 41
7 6
3 75
7 69
7 20
9 53
2 88
2 63
7 51
6 8
7 39
2 96
3 100
7 33
2 23
2 70
8 40
8 94
4 41
3 88
10 77
1 96
2 10
10 88
2 52
8 34
3 94
7 47
2 86
9 89
4 92
10 100
1 99
8 39
5 90
6 71
6 43
1 82
8 39
9 10
7 6
3 15
2 40
3 99
6 73
9 97
6 98
9 2
5 26
3 37
8 16
7 58
5 50
2 18
1 7
4 57
1 22
3 76
1 95
2 42
3 76
7 82
7 57
1 60
4 52
8 45
2 88
10 97
9 65
1 69
2 22
7 97
2 91
7 100
5 74
8 54
5 48
8 8
6 60
9 4
9 77
10 3
10 86
4 32
10 88
9 78
2 39
6 91
5 13
6 61
7 13
2 77
4 59
7 50
5 17
10 59
9 86
3 7
3 15
3 100
6 28
10 70
1 96
10 9
8 97
3 72
8 83
8 98
2 37
4 21
9 67
10 70
10 30
4 52
1 5
5 43
9 60
6 29
3 40
6 61
3 87
10 20
9 89
5 85
1 64
10 12
6 21
6 96
4 86
1 11
9 100
5 67
9 76
6 38
2 6
6 90
8 89
5 87
7 40
7 94
5 39
2 93
1 33
10 65
1 9
2 55
9 66
1 71
2 1
1 14
10 20
4 44
9 50
1 34
5 18
6 54
6 47
6 21
4 85
4 61
1 75
7 58
1 98
4 79
6 91
8 41
2 48
3 39
2 27
3 40
4 100
3 72
7 94
6 27
8 14
5 28
10 29
4 73
2 35
1 79
8 32
7 62
9 79
1 11
2 90
10 3
1 18
5 47
2 88
7 45
2 52
9 23
8 50
7 15
10 87
3 79
10 51
8 54
2 49
2 69
5 6
6 72
1 8
8 37
6 4
6 64
9 47
7 68
4 38
5 62
1 12
5 60
5 45
4 13
7 6
1 15
4 28
3 82
10 74
4 97
3 34
1 36
6 67
9 9
5 6
5 95
4 64
6 48
9 96
10 90
5 54
2 39
7 99
2 83
5 20
10 100
8 18
9 52
8 64
1 25
1 6
8 21
8 29
7 93
9 51
4 78
4 53
1 4
6 60
9 36
10 49
4 8
9 22
7 33
4 22
2 48
9 1
4 49
2 32
5 2
3 19
10 81
9 83
4 86
8 42
9 12
8 43
3 42
4 31
9 62
1 45
1 14
7 23
9 11
3 49
9 79
1 51
3 2
2 19
7 34
3 41
9 92
1 97
3 59
3 55
7 8
4 44
4 92
5 36
1 14
3 68
10 41
5 40
2 74
4 87
10 30
6 26
5 80
10 34
6 34
9 89
2 87
2 69
5 48
8 69
9 100
2 25
6 66
1 45
9 93
7 49
6 100
10 60
2 63
10 87
1 99
5 38
1 50
6 14
9 24
6 14
10 30
1 72
1 72
3 78
7 38
9 90
3 35
5 20
6 91
8 100
2 22
7 5
8 26
6 93
8 3
2 94
1 43
2 84
6 97
5 32
3 58
7 91
3 86
6 33
8 89
1 1
4 24
7 82
1 75
6 44
5 1
10 41
9 61
1 83
1 35
7 10
3 45
8 74
5 79
6 43
10 4
2 39
10 7
8 54
1 65
1 64
10 82
2 3
4 92
5 63
2 85
3 1
3 66
1 64
1 22
9 11
3 78
2 95
7 25
1 21
5 39
5 9
1 2
8 53
8 82
2 86
2 4
9 4
2 86
9 21
5 53
9 49
4 55
10 60
4 84
10 61
6 25
7 35
3 37
4 23
1 29
3 10
3 74
1 95
5 96
5 5
7 42
10 55
3 21
3 49
4 66
4 33
10 73
10 98
5 32
6 4
2 89
6 56
7 24
4 59
6 37
10 96
1 51
10 79
9 10
8 94
3 27
4 10
7 33
10 49
7 74
10 4
6 80
9 96
1 23
10 39
4 33
8 97
9 26
10 61
6 14
2 10
5 1
10 90
10 77
10 82
7 99
6 48
2 8
9 94
6 50
2 16
2 4
5 14
5 38
1 36
10 3
3 39
10 5
3 16
2 39
6 32
4 35
1 7
2 69
10 46
1 17
8 17
4 93
6 45
1 43
7 4
10 91
10 83
10 68
7 49
8 21
9 78
6 94
1 73
4 65
6 92
5 60
9 75
8 49
5 36
3 70
7 86
9 18
9 51
1 97
7 60
2 51
8 45
7 33
3 39
10 30
4 24
8 19
7 32
1 39
5 93
7 1
8 1
4 77
5 31
9 35
1 74
8 19
10 50
6 94
7 52
8 84
1 1
10 7
8 15
10 24
2 17
5 42
2 73
9 8
4 19
9 28
4 82
3 95
2 11
10 23
8 17
8 12
9 85
7 99
6 13
1 80
1 49
4 76
10 75
6 91
5 39
9 72
8 8
8 3
8 97
7 67
4 41
7 34
4 10
5 70
5 52
7 71
2 23
10 75
2 98
2 45
6 63
5 17
9 93
3 65
8 36
9 42
4 73
7 78
1 90
5 10
3 32
2 20
4 91
7 31
6 91
6 27
4 59
8 21
1 72
6 79
1 20
1 44
7 72
5 91
8 47
9 74
10 84
6 20
8 59
2 88
2 45
5 13
1 55
10 78
6 42
8 1
5 61
5 65
9 86
6 90
1 82
5 55
4 4
9 70
9 30
2 70
5 97
9 34
2 30
1 34
4 6
4 8
4 98
9 58
1 60
8 67
7 79
10 63
5 13
3 27
2 68
9 26
1 6
6 83
6 74
9 48
7 52
6 84
7 61
4 65
6 33
10 17
4 78
3 24
7 78
2 83
4 20
3 43
7 80
7 63
6 1
4 40
1 37
5 9
6 24
7 36
2 33
4 93
5 95
10 56
10 71
2 33
8 16
3 32
7 8
1 43
3 61
10 62
7 16
10 74
6 73
4 54
7 73
2 58
2 62
9 93
4 45
9 38
9 2
7 11
8 41
6 83
5 40
8 87
1 10
9 4
7 6
3 63
6 13
10 77
10 70
9 86
7 72
9 94
8 23
5 20
4 79
10 39
4 7
10 62
4 6
10 31
9 64
7 7
2 35
8 18
1 9
2 91
4 22
1 48
6 44
10 33
8 19
10 50
5 62
4 38
4 28
2 38
3 28
6 51
1 58
2 17
4 29
6 81
9 6
5 57
2 87
5 64
6 1
5 17
4 65
1 85
10 37
4 26
7 40
7 77
3 31
5 17
8 4
8 58
7 33
4 65
2 1
10 99
4 47
1 43
9 28
1 98
4 100
6 70
1 73
3 23
10 32
10 71
4 44
5 84
10 13
3 3
5 22
3 88
2 88
7 61
5 75
6 54
5 62
1 51
2 38
9 64
3 53
6 74
3 82
1 54
5 57
6 68
7 97
9 54
4 45
6 59
6 37
5 71
2 54
3 97
7 13
2 64
2 72
9 99
10 54
8 52
10 18
9 20
5 56
4 57
5 72
10 5
9 48
3 46
3 13
9 96
8 53
9 75
6 80
1 54
10 88
3 82
9 43
9 54
1 46
9 1
3 49
2 82
6 62
9 72
1 69
2 87
3 13
3 30
9 26
4 66
6 56
8 4
10 9
1 7
8 66
6 15
3 14
10 30
6 13
4 52
1 49
6 70
3 19
7 39
6 36
7 76
5 78
10 74
1 27
10 27
4 2
9 41
2 86
10 95
7 11
2 10
1 66
6 63
6 85
2 12
1 42
7 52
1 38
4 49
10 61
4 21
7 80
7 1
2 50
10 23
4 85
9 14
3 50
2 80
4 93
8 92
6 26
5 26
5 4
7 44
3 32
9 78
8 21
5 62
5 28
4 75
2 31
7 17
9 57
6 70
8 65
8 83
7 91
8 33
5 47
10 55
2 87
6 66
10 86
5 32
5 32
2 34
8 29
2 69
1 26
7 60
10 78
2 1
2 78
10 97
8 45
4 90
3 51
2 4
6 89
7 3
4 41
5 81
7 3
1 8
10 57
2 79
7 56
4 90
9 29
9 60
8 52
8 1
8 31
3 9
9 27
2 32
10 7
1 64
2 5
6 64
9 31
9 23
3 27
3 39
8 88
1 32
4 69
9 80
5 19
7 4
