4 17
4 46
7 19
10 43
4 38
6 85
3 28
4 53
9 100
10 79
7 44
7 66
3 55
10 42
10 52
10 85
5 76
5 82
10 60
2 6
1 24
4 52
4 12
4 45
2 2
9 13
3 83
7 69
9 31
3 94
10 28
10 6
6 83
5 47
7 47
3 77
3 39
7 10
6 90
5 45
9 30
2 58
4 38
4 78
2 77
3 30
5 13
6 35
2 36
7 57
6 59
1 32
7 77
10 49
1 99
8 18
10 2
3 22
6 5
2 64
1 45
3 10
5 83
5 65
8 69
8 64
9 17
6 95
8 31
9 59
2 38
6 79
10 11
10 46
8 94
6 36
4 62
8 54
5 56
4 23
9 28
4 25
5 80
9 85
8 9
10 31
1 4
7 97
2 17
3 52
7 60
1 61
6 62
3 83
3 6
10 31
8 10
4 26
10 76
9 11
7 27
2 17
7 43
4 36
9 72
10 58
1 16
5 40
3 11
8 27
4 45
5 5
1 15
8 41
5 2
8 88
8 85
1 89
6 58
3 72
8 56
3 26
3 8
2 65
4 46
3 52
1 28
7 31
3 47
6 81
2 21
3 85
3 31
5 91
9 94
8 4
10 17
5 78
10 56
7 19
4 32
5 29
4 43
7 51
8 58
5 86
1 70
3 54
10 28
10 23
6 57
6 57
4 99
10 5
8 58
7 44
6 43
3 73
2 3
6 33
9 67
1 96
5 100
8 95
2 22
4 2
9 15
6 10
1 86
6 87
4 73
4 49
5 48
3 87
2 31
6 27
10 92
9 31
2 59
3 91
9 83
3 38
2 95
9 72
6 41
2 1
10 98
1 33
3 55
1 68
4 56
4 14
10 84
7 43
1 92
4 30
10 65
7 33
3 5
3 43
8 42
7 1
5 43
7 82
8 4
1 61
8 29
7 13
5 34
7 73
9 18
9 70
6 46
4 42
8 98
10 95
6 71
10 89
9 92
6 5
5 38
2 43
6 82
6 42
1 51
8 76
2 42
6 1
6 63
2 78
1 17
2 23
6 61
8 80
1 99
8 45
4 51
3 93
4 80
2 58
3 32
7 20
5 47
3 76
3 52
3 63
2 82
9 99
1 33
10 98
5 43
2 35
3 70
8 79
8 22
6 77
6 67
8 41
1 65
10 46
8 77
1 18
3 98
3 93
1 89
4 39
1 57
3 99
9 26
7 13
6 1
5 58
3 89
1 59
8 69
8 40
4 94
9 68
6 16
7 43
5 14
7 63
9 63
3 96
4 4
7 3
7 36
4 74
7 14
3 26
8 6
4 66
6 75
5 8
9 69
5 62
5 12
5 27
7 33
5 3
3 13
9 69
8 91
3 97
1 54
2 67
9 93
4 7
1 68
1 18
5 96
2 33
4 54
6 73
1 10
6 56
3 15
1 16
1 99
2 10
4 84
8 57
9 21
10 72
6 12
6 14
5 50
5 25
4 82
3 71
1 2
6 54
9 51
7 14
3 67
7 50
10 54
6 95
5 46
3 61
10 25
1 100
3 90
10 78
9 99
6 4
8 34
9 46
1 37
3 93
3 56
5 64
5 59
5 11
4 5
4 77
5 9
6 25
4 16
7 31
2 20
3 24
8 29
4 24
9 9
2 96
7 85
5 1
4 74
7 17
8 18
4 1
4 94
5 63
10 33
5 89
5 27
3 95
8 87
2 83
10 75
1 27
6 42
10 17
3 33
4 43
6 7
9 68
3 14
7 24
1 44
7 20
10 14
3 42
2 9
3 20
3 78
8 79
2 48
4 16
3 10
9 22
7 66
5 52
5 98
4 23
8 50
10 47
6 90
5 3
8 98
10 11
1 20
3 54
1 59
1 5
2 86
2 63
7 27
3 95
10 42
8 24
3 2
10 75
4 88
3 44
9 23
7 55
3 28
1 58
3 69
1 85
1 13
7 53
3 41
8 13
7 74
4 19
9 76
1 44
4 10
4 4
7 3
1 93
4 93
10 30
8 16
4 47
4 91
6 56
1 8
4 92
10 74
3 56
10 5
8 37
9 37
5 19
5 3
9 80
5 8
6 6
6 36
6 72
10 80
1 68
7 13
6 37
5 86
1 56
4 4
10 11
5 89
4 25
10 49
3 42
6 22
1 74
1 96
6 76
8 40
4 77
1 59
2 47
7 18
4 86
1 90
1 22
3 21
9 26
10 60
5 80
7 85
1 58
3 8
10 90
3 23
7 52
7 66
8 16
8 37
1 73
3 26
1 33
2 91
7 19
7 97
4 77
7 66
8 22
4 9
7 31
10 37
10 35
9 67
8 69
8 25
2 23
6 52
8 13
7 14
10 55
1 27
7 27
2 25
6 87
8 62
6 15
2 25
5 12
7 58
10 78
2 8
6 15
9 57
10 65
8 25
4 69
4 51
8 79
3 82
7 4
1 35
5 74
4 1
6 30
5 1
10 6
9 40
7 18
8 32
9 58
10 34
4 55
2 7
10 4
2 52
1 20
7 97
3 31
5 95
7 49
9 39
1 42
7 35
7 34
4 10
4 16
4 95
5 45
9 86
1 80
2 45
2 98
6 56
8 6
6 28
7 97
3 1
6 97
10 34
3 1
3 34
2 83
3 61
1 85
5 5
6 36
3 4
8 75
5 74
9 89
8 40
6 42
5 29
6 52
3 81
6 74
1 80
5 34
7 8
2 76
6 7
8 31
10 12
6 8
2 69
3 2
10 80
6 29
5 95
3 71
2 76
10 33
1 89
1 14
5 92
2 3
7 33
7 83
6 63
8 58
2 33
7 13
10 2
6 89
1 73
3 6
1 87
5 2
9 56
4 70
9 13
4 33
5 46
1 29
6 67
2 39
9 57
8 56
5 6
1 97
9 77
9 16
1 2
8 89
8 42
6 68
2 39
1 93
6 74
1 48
9 45
9 77
8 57
2 85
1 2
5 63
2 87
3 97
8 68
9 14
7 78
7 45
9 70
1 81
5 38
4 53
10 45
10 83
7 54
7 44
7 17
4 82
2 90
8 55
7 47
10 34
6 48
6 48
2 6
8 93
1 69
4 52
2 51
7 17
10 27
3 27
5 47
2 39
10 26
9 40
4 85
4 7
8 69
1 23
1 14
5 35
2 16
2 21
8 67
10 35
5 53
5 40
6 35
4 88
8 80
4 41
3 4
4 19
2 33
5 11
1 8
1 73
3 46
9 7
9 81
3 22
6 99
7 63
5 59
1 7
7 31
6 29
7 70
4 41
8 18
3 15
8 58
8 81
4 91
7 90
9 77
9 52
7 5
10 5
1 77
5 43
1 60
5 61
2 20
4 42
8 54
5 80
2 25
8 53
1 36
10 68
3 54
1 95
2 84
9 26
8 98
2 39
10 58
2 33
10 74
7 88
7 93
4 78
10 78
7 12
10 80
5 51
3 58
5 38
1 87
6 82
4 98
1 30
6 34
1 48
2 88
7 60
10 98
7 1
8 11
6 18
1 76
1 88
10 11
9 13
2 59
3 92
2 25
4 33
1 38
1 35
7 66
2 83
1 41
2 36
9 85
10 32
4 67
8 98
10 55
8 84
1 87
5 45
3 91
1 25
7 81
9 70
4 12
1 88
2 15
9 71
7 44
3 84
3 58
7 34
4 52
3 96
6 15
5 13
5 96
2 75
8 56
7 4
10 58
5 87
7 83
9 56
9 44
1 100
10 39
7 96
8 91
2 71
2 88
3 91
4 52
5 93
6 17
2 58
5 71
10 76
5 81
1 17
9 28
5 2
9 41
10 79
7 56
1 91
7 45
8 24
5 91
8 89
7 20
4 56
5 73
4 7
4 38
5 98
8 18
5 64
8 89
4 32
5 83
4 95
4 79
4 51
5 8
7 6
6 96
5 73
9 74
10 80
1 78
5 9
5 29
9 57
1 89
10 87
9 60
8 31
7 17
4 13
7 93
3 64
4 61
8 94
7 96
8 4
8 83
4 20
1 8
5 98
7 21
3 99
6 87
10 35
5 23
3 6
7 8
1 68
5 92
8 67
5 33
1 34
2 60
7 51
7 72
7 77
10 4
3 73
3 44
8 35
4 30
1 38
2 47
6 24
6 44
4 11
2 22
2 74
7 66
6 88
2 82
1 40
9 74
9 32
9 70
10 56
10 38
1 80
8 80
9 46
8 37
8 55
4 47
7 16
9 7
10 37
1 28
3 73
6 84
9 78
7 83
7 88
3 81
3 25
2 48
5 37
1 80
8 43
10 36
2 24
10 83
4 66
5 23
5 2
6 9
10 5
8 41
7 61
3 33
3 24
10 87
10 25
10 20
8 26
9 9
1 14
6 44
2 97
3 27
9 22
9 85
5 41
8 14
4 78
2 26
6 62
3 41
5 94
1 14
8 93
4 22
3 43
5 20
4 56
4 48
5 53
6 1
2 51
2 8
1 7
8 27
7 39
2 18
2 76
4 97
4 23
10 3
8 21
3 95
9 39
