7 84
3 85
2 3
10 77
4 12
1 67
2 87
8 15
10 42
6 48
7 84
8 56
10 6
2 90
8 11
5 56
6 28
4 49
10 38
1 49
9 76
6 87
5 5
10 37
9 56
7 80
7 99
9 14
3 50
6 33
4 20
1 61
5 48
6 59
2 78
9 21
2 20
2 34
10 50
3 95
9 58
3 63
8 69
3 93
3 43
7 16
3 98
8 85
10 50
2 81
9 91
10 85
7 65
5 7
5 97
3 49
1 34
10 94
6 79
8 6
1 47
10 52
1 83
10 67
2 4
6 84
5 15
6 28
3 61
1 42
1 95
2 53
4 10
5 39
10 68
7 77
10 17
2 95
10 42
9 72
7 52
4 29
5 47
10 43
4 33
5 27
6 99
2 5
8 19
1 20
6 77
2 41
9 20
7 67
3 96
7 68
9 23
1 47
5 49
3 58
1 33
9 98
10 17
9 33
5 93
10 48
7 61
8 3
1 82
1 67
6 99
10 38
7 73
9 74
9 4
7 52
9 73
9 3
9 14
6 30
10 76
10 55
1 45
8 75
3 5
5 50
10 67
4 68
3 70
8 66
5 25
9 38
7 13
8 35
1 13
10 48
8 72
10 33
5 84
2 20
6 98
3 67
3 39
8 35
9 18
9 43
8 19
1 7
9 40
2 88
2 47
1 7
6 17
2 74
4 50
2 19
10 93
9 7
7 11
6 22
2 9
3 1
8 51
5 53
7 96
1 40
8 67
3 26
8 63
6 23
8 76
7 7
9 94
4 51
1 48
5 35
1 86
10 29
10 20
7 37
4 39
7 98
3 57
6 94
7 17
1 59
5 25
2 82
6 17
9 92
7 1
10 75
7 23
10 50
8 90
7 82
3 7
4 18
3 26
8 79
5 69
6 49
9 61
9 65
1 38
2 93
2 22
3 1
3 94
2 76
4 6
7 34
6 38
6 53
8 37
7 76
1 29
5 7
10 65
9 3
9 5
9 29
10 28
5 98
4 1
8 71
2 91
10 22
7 57
10 53
7 27
8 86
7 75
2 40
2 77
8 66
5 6
1 26
1 59
10 98
1 66
6 87
8 33
1 38
3 37
2 12
4 87
8 88
4 69
6 49
7 47
1 79
1 92
6 52
1 29
1 84
6 82
7 64
7 69
7 1
1 32
6 72
2 77
9 40
5 16
5 100
6 22
3 13
1 49
2 77
3 1
3 29
7 33
8 35
5 43
8 47
10 19
2 95
9 22
9 27
3 96
8 27
6 15
8 6
2 99
4 94
5 64
5 77
5 71
5 14
9 97
8 66
2 29
1 60
10 25
10 44
8 53
3 96
5 24
2 75
10 32
9 36
8 16
10 39
4 64
4 35
1 30
10 88
8 24
4 40
1 11
6 1
6 39
2 73
8 52
4 39
7 18
5 62
5 28
10 32
4 100
6 53
5 59
9 86
8 15
1 85
5 3
3 87
7 6
4 45
10 100
5 16
8 62
2 100
4 73
9 12
6 67
9 32
8 30
7 83
5 85
5 93
1 26
4 61
7 97
4 89
1 11
7 67
2 20
1 50
10 50
9 70
8 72
8 69
6 31
10 56
5 92
2 82
7 66
6 24
7 50
6 39
8 54
1 47
5 24
2 84
4 40
3 3
1 9
1 54
10 20
3 53
9 78
6 2
9 46
7 84
4 31
10 28
5 4
2 33
10 14
6 27
4 30
1 71
2 52
8 41
3 48
5 70
7 73
6 16
7 39
5 65
7 42
5 1
8 62
4 1
3 69
1 77
10 24
8 13
10 47
2 72
1 36
4 18
5 35
3 80
7 27
5 34
3 5
1 57
7 2
3 46
7 19
5 92
2 59
7 98
4 80
8 37
1 62
1 61
4 85
5 83
9 98
4 84
7 77
9 80
8 91
10 45
5 27
9 83
10 58
6 93
7 4
6 79
6 46
5 9
1 7
4 15
9 95
9 98
1 38
3 22
7 14
10 18
10 64
10 74
9 90
9 16
4 87
6 23
2 43
6 100
3 9
9 50
6 54
4 89
4 44
1 95
8 69
1 24
4 71
4 9
8 18
1 97
4 93
5 23
3 37
4 6
7 63
2 11
9 28
5 45
8 79
4 68
3 44
4 52
6 33
5 21
9 74
9 84
8 34
5 69
1 44
6 93
3 56
3 34
8 24
7 45
5 59
5 96
2 74
6 62
9 8
10 68
9 27
1 54
7 66
8 59
8 13
7 23
5 78
5 83
6 71
3 30
4 84
4 86
7 59
5 13
6 77
7 20
3 8
10 63
6 60
1 91
5 40
3 72
10 100
7 62
2 15
9 80
9 42
1 32
2 67
5 30
3 20
7 52
1 94
1 59
9 46
7 16
9 20
4 62
9 53
9 63
6 11
9 70
4 12
1 21
7 68
1 77
10 93
8 56
4 56
6 77
4 39
10 98
8 73
7 23
3 6
9 23
9 37
10 25
8 28
4 90
8 23
10 61
4 68
8 52
10 99
3 58
10 70
4 14
5 56
7 35
6 28
9 21
5 5
3 85
4 28
10 77
6 10
8 87
4 16
10 68
1 5
7 37
5 96
6 86
9 48
9 24
9 1
8 65
8 55
10 45
9 65
4 40
9 36
6 99
1 19
4 13
10 13
7 15
2 46
9 60
4 17
3 91
2 74
5 95
10 76
8 94
6 71
3 5
2 6
4 24
6 16
5 29
9 20
9 40
6 6
10 19
3 16
9 75
2 27
4 59
8 28
8 68
8 63
7 46
3 63
9 47
9 74
10 30
5 96
9 32
5 5
8 90
6 53
7 2
7 96
5 97
10 77
6 74
4 47
8 90
9 87
6 40
10 58
9 75
4 81
4 62
8 23
4 100
3 98
1 53
4 85
5 26
5 94
6 17
4 95
7 89
6 71
5 78
8 65
8 20
8 50
3 78
5 43
2 94
2 17
9 76
10 29
7 60
5 56
5 41
5 1
10 48
4 7
2 50
10 93
5 57
9 3
5 30
7 51
10 77
1 82
8 10
10 58
3 29
7 69
2 81
3 92
7 45
1 41
4 63
3 59
9 47
3 81
4 44
5 54
8 74
9 8
4 16
1 30
5 60
9 89
8 82
1 44
7 58
8 96
10 90
3 79
5 56
3 47
6 49
10 63
4 88
6 27
2 61
6 87
1 21
8 14
7 23
3 56
7 94
6 1
6 59
1 89
7 18
5 94
4 44
5 36
8 46
6 40
5 55
8 95
2 5
10 31
1 58
8 9
7 73
10 58
3 38
3 96
9 44
4 28
7 34
5 87
8 38
5 86
5 51
6 71
7 62
3 17
1 16
10 84
5 15
5 50
7 62
5 22
1 90
2 20
6 91
5 6
1 40
2 10
2 44
7 23
4 26
9 70
1 64
6 87
4 20
9 38
5 96
6 54
4 40
1 87
5 78
3 95
7 30
9 39
5 28
10 8
3 43
9 74
8 84
4 11
6 20
6 61
6 15
4 63
3 34
6 84
8 24
8 71
10 97
8 53
9 8
10 67
1 35
5 52
9 5
7 68
8 56
2 4
4 36
9 19
6 37
5 32
10 49
2 22
1 46
3 29
9 71
9 27
1 29
10 100
10 6
2 98
1 87
10 42
1 91
10 64
8 16
9 13
10 68
8 84
1 68
8 14
5 62
4 63
7 50
9 11
10 77
2 1
4 25
1 83
8 4
6 3
9 78
1 34
10 82
10 81
4 79
4 76
1 1
1 51
3 8
4 84
8 87
2 9
10 98
5 4
2 30
4 36
7 85
9 72
2 79
5 80
6 79
3 44
6 88
5 62
3 73
10 63
4 75
5 10
6 42
3 72
3 89
5 67
1 80
10 38
3 14
5 3
7 72
8 54
9 78
10 58
4 55
4 25
8 39
2 71
3 61
5 56
6 35
4 92
3 40
3 57
4 20
5 57
10 99
5 49
8 83
9 29
5 32
2 77
7 100
5 22
6 32
3 43
10 14
6 83
8 11
10 88
9 33
1 25
8 78
7 49
1 29
1 16
2 63
10 20
4 69
3 77
8 73
2 85
5 39
3 84
4 31
5 47
3 48
4 84
1 39
6 47
8 6
3 56
7 4
8 25
1 35
2 17
5 90
8 35
5 21
4 58
1 91
8 15
1 98
9 11
9 81
2 82
7 87
4 75
4 28
2 60
1 46
9 19
8 58
2 84
9 33
9 11
10 54
7 71
3 6
5 20
3 36
5 50
4 95
7 30
6 21
10 34
6 82
9 33
7 33
2 37
10 31
9 34
8 6
1 36
5 14
3 12
8 16
3 92
8 83
9 9
8 49
4 3
8 6
7 20
10 68
6 17
2 50
10 98
1 35
7 97
10 84
10 35
5 42
6 51
2 7
5 80
6 55
5 73
1 58
5 28
6 41
6 40
10 67
3 20
1 39
1 10
3 24
7 57
7 32
2 20
4 14
10 2
1 51
4 43
1 40
