1 51
9 49
10 25
1 56
6 46
3 20
10 4
1 26
7 100
5 63
9 4
3 12
5 52
3 52
4 76
5 63
2 8
10 89
5 21
5 11
10 76
10 5
8 19
9 30
3 75
1 65
5 25
4 10
9 31
7 40
3 88
2 93
2 58
1 53
7 100
7 80
7 95
7 59
5 72
2 69
7 1
9 95
1 88
5 43
4 85
7 56
8 74
10 11
10 85
7 63
3 3
1 62
10 9
9 85
5 8
6 51
6 6
4 83
9 51
10 39
1 75
5 81
8 74
7 85
5 66
6 73
3 73
2 26
8 68
8 10
6 57
5 64
5 22
10 12
4 33
10 68
3 45
7 88
7 1
4 92
6 95
4 94
8 2
2 59
4 50
2 84
4 55
7 23
5 37
9 14
10 71
10 27
1 6
4 42
3 22
6 32
3 92
9 54
10 71
8 78
3 33
4 14
5 37
5 36
6 7
10 73
6 4
9 43
3 92
9 53
10 50
5 97
3 91
6 6
9 83
1 59
1 58
7 37
5 67
7 65
6 60
6 98
10 1
9 22
5 38
8 39
2 84
3 58
4 39
2 24
3 39
3 78
9 57
9 75
8 70
10 16
10 27
7 55
6 44
8 69
2 11
1 67
7 24
8 12
1 84
1 70
10 86
9 38
7 74
4 18
10 13
7 10
3 70
3 66
10 76
9 40
9 41
2 97
10 35
2 91
8 29
6 51
10 5
9 96
10 21
1 4
9 80
6 78
10 95
2 30
8 78
5 30
2 38
4 37
1 24
5 26
6 32
7 83
7 71
9 19
10 10
10 19
5 92
8 77
6 52
5 99
6 77
6 80
7 11
6 64
1 88
2 42
7 51
2 54
3 76
9 5
4 64
8 34
4 41
3 31
7 27
3 77
8 94
8 29
9 72
6 69
8 6
6 90
4 43
8 48
4 85
9 59
10 73
8 81
7 49
9 43
5 21
2 73
2 100
2 42
1 97
2 83
6 98
7 60
5 72
3 17
10 29
3 24
2 16
8 69
10 95
6 42
1 70
4 85
8 71
7 55
6 26
5 60
2 5
7 45
3 58
8 46
5 49
6 30
9 84
6 4
6 20
8 40
4 90
2 87
9 12
7 24
4 99
2 39
10 54
4 24
7 25
9 86
6 72
5 58
3 14
2 84
4 6
9 80
3 41
9 34
3 54
5 84
8 56
3 29
9 18
10 55
2 61
2 81
2 38
5 35
4 22
1 92
6 24
8 91
10 87
3 82
3 50
6 7
6 13
2 8
6 48
3 71
5 74
6 3
3 64
10 78
4 17
7 100
3 3
6 85
2 36
6 27
7 83
4 67
1 93
3 97
7 100
8 7
7 96
2 24
2 45
2 31
3 77
8 36
6 30
2 5
4 88
5 1
6 49
1 70
9 2
3 65
8 99
9 69
3 86
10 72
5 54
9 82
10 43
10 100
9 14
6 28
1 38
8 96
4 97
4 21
7 42
9 83
3 25
3 26
1 46
2 100
2 38
6 2
1 54
3 53
6 30
8 18
7 63
5 33
10 62
8 15
5 78
1 23
10 48
3 65
5 78
1 87
1 81
6 91
4 8
3 45
9 26
3 58
6 100
5 67
9 5
3 77
1 46
9 9
5 98
9 48
8 35
5 32
1 96
10 7
8 12
7 26
6 71
1 69
3 47
8 90
9 17
4 3
4 47
5 62
4 7
4 44
10 98
9 1
4 22
7 44
2 97
3 95
7 100
7 34
10 33
1 22
4 54
4 8
7 55
10 80
9 2
7 4
1 73
5 21
9 48
5 47
5 45
9 24
4 10
6 19
1 94
5 79
4 61
5 93
3 3
3 85
10 71
2 33
6 13
1 41
4 33
2 27
7 14
4 17
2 52
8 94
2 10
4 1
9 65
9 50
5 66
4 3
9 79
9 75
7 78
6 19
5 73
2 69
5 81
8 66
2 22
8 95
3 21
4 61
3 95
1 70
3 50
6 84
4 49
1 53
5 7
8 1
7 13
6 73
10 31
7 76
2 97
8 67
1 83
3 50
6 42
8 90
9 66
3 44
10 2
8 96
9 18
6 14
6 24
5 6
3 10
5 22
3 76
5 50
2 8
2 35
6 38
4 98
2 89
1 65
3 56
5 44
6 94
1 30
3 19
4 81
8 79
10 8
8 56
7 24
10 7
6 22
5 76
6 81
3 97
9 80
6 86
3 92
9 86
1 89
2 1
3 30
7 90
8 42
1 20
1 8
10 98
9 87
8 88
3 64
1 52
3 30
3 6
4 77
5 44
6 55
1 66
6 36
9 98
3 52
9 65
8 51
7 31
7 68
2 80
1 3
8 27
8 74
9 80
9 51
9 70
8 88
4 39
5 88
9 53
6 34
10 29
10 16
10 23
1 86
5 66
10 85
9 50
10 43
6 88
4 29
2 65
4 29
2 56
10 49
10 74
8 36
10 71
2 28
3 59
9 66
4 18
9 91
4 94
3 51
10 3
10 88
1 70
3 49
3 75
9 97
7 52
2 79
3 76
10 15
1 45
1 71
9 47
3 1
8 61
4 86
7 33
8 100
9 63
9 47
2 54
9 70
10 1
5 94
3 54
8 41
1 2
8 69
4 13
4 74
3 83
8 6
1 12
10 44
7 69
2 25
10 45
10 4
1 15
10 69
6 37
9 1
2 38
5 56
4 77
8 11
10 86
3 33
10 15
10 65
10 92
2 67
3 47
1 76
5 91
1 64
2 56
8 12
1 69
8 28
3 54
10 91
4 65
3 45
8 19
1 19
9 87
6 19
4 84
5 50
7 89
3 7
9 99
4 41
3 62
9 98
8 32
7 4
4 8
7 100
7 38
2 85
10 40
5 38
4 45
10 22
2 78
6 39
5 79
1 5
10 95
1 4
1 80
4 43
1 98
5 73
1 68
1 4
2 90
1 21
7 97
7 59
2 12
6 70
8 43
9 100
6 27
5 44
4 70
3 3
10 36
6 80
8 19
1 11
3 60
3 3
3 57
10 18
4 83
8 46
10 75
1 33
5 61
1 69
3 4
4 82
2 75
8 61
4 94
5 88
6 44
3 48
8 32
9 74
8 73
8 26
3 64
4 21
7 23
5 47
4 45
6 37
2 81
5 29
3 46
5 76
9 72
5 56
10 26
2 29
6 57
7 6
7 90
1 68
5 39
6 94
3 34
6 99
9 15
4 7
2 21
5 6
7 57
6 43
5 76
9 76
5 78
8 74
5 91
8 49
8 30
4 54
7 45
9 50
10 77
8 22
1 87
8 32
3 71
4 66
7 77
2 94
5 66
8 46
5 10
1 93
1 84
5 72
8 13
9 79
8 31
3 80
3 91
3 79
10 26
2 11
9 53
6 93
4 19
10 43
8 80
3 72
6 17
10 46
3 87
8 41
5 81
3 4
10 73
2 11
7 62
2 60
6 73
8 46
5 51
3 91
2 87
1 81
4 21
5 34
10 14
7 18
4 47
1 3
3 85
6 43
1 31
2 48
8 5
9 88
7 72
4 8
6 2
9 17
3 64
2 43
5 67
6 71
3 68
7 43
2 77
8 88
9 85
7 75
8 48
3 8
5 55
6 41
6 74
5 16
6 50
5 49
3 69
4 95
5 82
4 73
1 86
6 45
6 12
10 17
4 42
10 98
8 88
2 54
8 66
4 29
5 50
2 29
4 36
6 11
6 60
4 34
2 38
10 15
5 23
5 7
8 75
8 85
6 47
9 36
10 51
9 9
5 50
9 61
9 17
10 31
7 13
1 69
8 72
7 66
5 48
10 35
1 20
6 59
5 16
7 65
6 36
2 32
2 48
9 27
5 31
7 70
1 90
10 38
8 97
4 65
7 65
10 91
5 81
9 37
2 71
2 75
6 49
6 81
4 77
2 6
10 27
1 74
5 15
5 5
2 44
3 33
3 52
9 78
7 61
10 42
5 23
9 32
8 19
6 81
6 86
10 97
3 68
5 32
8 64
5 63
4 49
4 86
5 23
2 40
9 44
2 48
10 6
10 34
10 53
6 64
3 89
10 94
5 10
5 27
3 2
9 98
5 13
4 16
8 75
3 49
3 46
3 27
2 86
5 48
2 64
4 9
6 15
2 93
4 94
4 1
1 98
2 16
10 64
10 66
6 28
4 81
3 24
7 13
5 77
5 23
6 43
7 57
8 48
6 40
4 76
7 22
7 99
3 51
7 88
7 20
8 74
2 4
7 70
4 60
10 49
10 97
8 78
10 47
10 96
6 77
7 22
6 12
6 92
1 25
5 8
1 68
7 25
10 19
5 47
5 48
3 3
2 79
7 30
3 92
9 51
2 62
5 62
6 17
9 53
2 6
9 89
2 4
1 48
6 93
5 59
3 87
2 71
2 30
1 94
1 44
5 96
4 53
1 40
9 57
9 9
6 8
5 85
9 72
3 33
10 14
3 91
9 47
6 29
7 97
1 67
9 31
