9 85
5 39
1 95
5 33
7 66
1 96
2 57
7 11
3 57
5 89
8 87
9 88
4 45
2 17
10 31
1 89
10 15
7 6
3 54
1 4
2 88
8 31
5 94
8 79
2 7
10 84
9 24
8 80
1 81
3 21
5 78
3 80
1 95
1 56
4 52
10 89
7 8
9 18
2 96
6 38
4 20
2 15
9 87
8 99
1 22
9 32
7 60
1 7
7 51
1 22
4 57
2 48
7 33
2 66
7 18
1 95
3 29
4 80
3 68
2 50
2 6
1 45
6 71
6 15
3 92
9 39
10 78
2 40
9 53
7 10
1 69
8 11
6 16
7 6
7 18
3 40
7 62
9 61
8 98
5 8
1 86
10 87
8 70
7 70
5 78
3 5
6 28
6 77
3 10
5 72
10 49
3 67
4 2
3 90
5 75
2 25
4 37
2 70
5 17
10 29
3 18
1 85
10 72
4 22
1 71
1 89
10 98
6 37
3 45
4 98
5 94
7 55
4 69
4 12
9 64
1 87
4 99
5 69
7 8
8 2
7 55
9 82
8 80
1 14
3 61
3 7
2 87
9 30
8 62
2 89
8 19
8 18
7 46
8 30
9 28
2 96
10 33
3 56
8 71
5 47
8 37
10 27
2 59
7 61
9 76
4 82
6 92
8 74
5 19
2 26
4 97
7 2
5 91
2 20
8 20
7 32
10 96
1 97
3 82
10 61
6 90
6 13
5 14
8 100
8 54
9 91
8 46
8 69
5 8
6 65
10 27
5 53
4 12
10 17
3 99
6 49
5 38
4 52
3 14
5 48
9 19
6 27
2 11
3 60
5 35
6 26
10 22
1 49
7 67
6 79
8 46
1 55
9 42
7 10
10 74
3 70
8 22
7 16
4 25
2 25
10 17
4 1
8 56
6 73
5 54
2 92
10 72
6 85
7 3
6 3
4 81
10 73
6 74
1 25
7 43
8 48
5 91
10 78
10 30
5 16
4 81
4 98
2 88
7 63
4 30
8 43
5 76
9 2
7 17
9 86
7 86
8 47
7 71
8 27
8 42
6 83
5 48
2 51
8 98
1 14
4 37
4 15
5 30
5 24
6 98
4 80
2 61
9 48
3 38
2 86
8 35
5 74
4 7
3 22
1 19
5 30
3 85
6 69
4 36
8 100
6 64
3 61
9 53
7 40
9 56
1 61
1 50
4 13
5 18
9 63
7 94
1 79
10 10
8 3
5 53
6 10
8 48
3 87
4 81
2 54
6 25
4 38
3 18
3 3
1 97
4 70
7 24
4 84
7 28
9 12
7 41
8 2
3 35
6 93
10 49
3 55
10 77
4 36
7 36
10 21
4 76
8 72
7 52
1 26
10 22
1 68
8 1
5 63
4 55
8 87
8 94
5 30
4 59
3 75
9 19
2 70
7 22
5 43
9 14
6 28
7 34
4 83
5 68
1 97
2 57
7 49
6 19
1 77
6 69
10 23
4 67
2 83
2 97
3 45
9 55
5 91
2 63
3 94
4 43
3 90
10 37
9 95
2 57
9 34
3 90
10 93
4 97
1 52
9 67
7 69
8 86
1 3
10 56
2 75
1 81
8 68
1 66
4 97
4 43
7 25
8 65
10 63
8 52
3 40
9 97
7 71
5 76
3 95
5 15
3 84
4 42
10 92
1 70
2 96
6 9
1 92
4 67
9 59
5 45
8 8
4 52
9 63
7 88
3 73
9 78
4 72
4 23
9 69
3 40
6 7
10 76
4 77
3 41
6 56
5 83
2 52
10 74
1 85
7 27
4 46
9 86
7 39
1 31
6 24
5 71
10 50
2 27
7 60
5 1
2 86
2 10
10 35
2 36
4 94
9 8
4 97
1 67
4 53
4 55
4 49
8 85
2 9
6 99
3 38
7 48
10 21
8 99
3 34
7 58
3 73
5 19
3 12
10 97
9 2
7 74
1 7
4 36
7 48
4 59
7 67
8 98
3 66
3 90
8 45
6 27
10 17
5 65
1 87
4 92
1 79
4 56
4 67
10 42
1 71
9 31
9 35
6 83
3 63
7 49
3 23
8 33
6 88
8 45
2 92
10 24
9 26
5 58
10 53
4 61
4 15
2 72
9 49
1 91
7 26
10 18
2 13
9 15
1 81
1 23
8 25
8 5
2 81
9 96
7 16
4 90
9 79
1 97
7 66
2 49
1 10
10 77
3 99
10 72
3 81
2 20
7 19
9 14
1 35
8 88
5 53
9 45
9 26
7 3
4 73
2 3
3 35
5 97
2 84
9 78
3 70
10 8
5 21
4 33
1 16
3 4
1 28
5 82
5 90
4 77
3 20
4 7
4 93
2 66
9 69
7 15
7 78
9 77
8 60
8 16
2 16
4 96
10 84
10 44
6 39
9 75
9 92
8 99
3 36
6 5
3 30
9 24
4 31
9 45
1 16
10 89
3 28
5 23
4 30
1 33
4 95
8 34
4 100
7 5
4 73
1 93
9 14
10 86
8 43
1 92
2 92
7 62
10 18
1 17
9 58
1 40
5 27
10 33
6 46
3 38
7 82
10 98
5 34
4 11
3 61
1 97
8 73
6 84
3 80
8 51
10 7
7 68
9 36
1 1
5 67
1 46
9 93
5 53
3 58
10 4
4 42
4 96
10 70
10 63
3 57
7 72
2 18
6 27
8 1
7 33
7 90
3 29
4 29
6 53
4 81
9 48
2 48
2 30
2 45
4 15
8 45
7 12
6 90
10 83
5 98
8 38
2 36
2 7
10 66
2 35
1 76
8 13
5 12
3 82
8 36
10 84
3 32
10 12
6 61
2 5
6 59
6 99
7 73
9 20
4 57
1 34
3 66
10 14
3 27
7 37
9 43
6 2
3 6
5 43
2 52
4 82
5 56
9 72
10 53
3 28
5 68
4 23
6 45
6 27
1 56
10 94
6 4
7 57
10 80
9 34
5 46
5 36
7 77
9 38
4 35
9 83
7 93
3 17
2 7
6 23
7 7
2 57
3 76
9 100
2 77
2 72
2 9
5 56
5 35
2 96
8 7
8 48
8 50
6 40
10 28
8 28
10 44
2 99
3 98
2 21
7 100
4 2
10 50
5 65
1 1
4 70
8 67
7 13
6 45
5 77
1 69
8 8
8 99
4 35
5 52
4 10
4 23
3 27
9 45
7 85
1 35
10 37
5 37
3 80
8 97
6 91
1 50
4 96
5 29
5 62
3 79
10 29
1 25
7 79
9 13
10 7
6 45
2 81
3 38
1 6
7 62
1 90
6 19
3 80
8 64
9 31
3 35
10 24
2 67
4 55
9 42
10 62
10 19
1 20
1 17
6 68
5 65
7 15
3 3
8 72
2 66
10 31
4 23
8 100
9 95
10 74
10 98
10 32
7 13
5 60
2 15
1 24
2 36
6 98
3 19
4 28
7 18
9 76
7 24
9 97
10 23
4 97
8 27
7 59
4 56
1 13
6 36
6 27
1 77
1 57
6 94
5 12
9 16
6 1
6 49
6 3
5 33
5 59
9 18
2 33
10 86
7 90
7 71
8 45
9 31
6 79
3 93
2 100
9 8
10 71
8 91
8 78
7 75
5 32
2 78
8 68
1 37
2 71
8 17
1 93
2 74
9 57
9 40
7 35
1 79
8 12
2 66
2 86
6 4
9 85
2 32
4 41
5 96
7 53
6 94
6 5
8 70
3 89
4 62
1 79
7 87
10 28
8 78
1 58
10 53
7 81
7 92
5 52
5 99
8 99
1 61
3 80
8 39
10 75
10 76
8 47
2 26
7 46
6 74
4 32
6 64
7 69
2 38
6 9
5 55
5 42
6 47
5 25
6 42
3 65
6 86
5 98
1 19
4 74
9 55
8 14
6 70
8 68
8 21
4 64
8 58
10 77
9 99
1 94
4 77
3 74
3 32
5 13
2 14
3 49
2 40
6 70
2 36
8 90
7 33
9 9
5 46
3 56
5 15
6 37
9 2
6 83
3 57
9 28
3 27
4 26
9 50
6 94
8 33
4 56
3 60
9 19
1 9
6 92
3 53
5 83
3 56
1 62
1 13
3 52
5 82
10 93
6 61
5 99
2 97
2 53
7 8
5 32
3 25
7 28
5 45
5 64
9 11
9 35
2 82
1 27
6 28
2 27
6 40
5 81
4 48
4 34
8 62
9 34
8 89
4 49
5 68
1 17
6 19
4 53
6 2
10 93
2 96
2 87
2 84
5 72
9 70
4 58
2 9
2 67
7 5
7 94
8 54
4 40
8 9
4 20
1 97
5 100
1 97
6 38
7 37
3 4
3 12
10 69
6 58
7 29
5 46
5 15
5 55
7 65
5 99
9 80
10 17
2 91
7 69
6 7
5 86
4 5
2 41
6 32
9 13
10 33
5 58
3 89
6 54
9 54
9 27
1 95
10 72
5 18
1 27
7 43
8 64
7 27
4 92
2 30
1 81
6 39
1 83
9 11
2 36
