4 42
8 91
8 96
5 55
5 99
4 4
2 63
5 99
6 97
8 41
3 63
10 16
8 28
6 64
1 48
7 24
4 29
6 86
9 8
2 100
3 15
3 56
3 100
10 19
4 88
6 78
4 85
2 29
5 69
8 21
5 85
6 46
1 87
4 78
1 61
10 62
5 55
5 51
4 55
4 76
2 71
8 26
9 55
8 92
6 93
6 58
7 31
10 14
2 76
10 16
1 36
3 27
4 31
10 67
9 20
3 57
1 31
4 45
6 56
4 96
1 42
5 32
3 77
2 41
10 72
5 46
8 20
9 12
9 22
9 30
9 48
1 10
5 48
9 20
5 48
8 10
5 34
10 97
7 63
2 79
10 19
7 33
1 26
7 32
9 70
3 87
1 34
2 49
7 70
2 65
10 88
10 94
2 39
1 95
3 78
2 7
3 5
3 50
5 1
2 20
3 46
6 42
5 55
10 4
3 16
5 46
3 63
5 27
7 2
2 8
4 37
6 82
4 78
5 12
8 57
4 7
10 65
6 63
2 70
5 3
10 68
8 78
6 38
6 50
9 83
9 66
10 65
1 23
4 9
1 67
6 35
4 63
8 25
4 63
2 83
5 44
3 56
10 41
9 24
3 91
3 38
5 20
6 33
4 19
10 40
4 55
5 43
8 78
4 88
8 100
5 15
6 61
5 6
1 7
10 22
6 85
6 75
1 10
2 38
4 54
4 9
4 73
6 75
3 60
8 51
3 56
2 29
1 98
7 88
5 49
2 2
6 41
3 1
3 65
1 18
1 60
3 90
10 67
7 73
10 43
3 47
2 18
7 33
10 73
10 8
3 65
7 99
6 3
5 2
3 87
9 52
9 4
9 37
5 27
1 37
9 85
5 82
7 6
9 20
2 60
3 56
8 61
10 18
1 86
1 84
8 62
4 5
4 31
9 95
3 11
6 98
5 90
3 21
6 4
4 46
10 75
7 1
6 12
3 5
7 91
6 81
6 64
4 72
2 96
7 40
8 21
7 96
8 71
1 35
9 69
8 77
8 4
7 47
5 54
3 4
2 74
7 63
5 91
1 26
9 64
2 48
2 4
8 100
4 20
10 70
9 55
7 8
10 37
3 70
4 15
10 98
1 38
1 47
10 78
9 9
8 95
9 19
2 1
1 5
10 5
4 69
8 24
3 24
7 78
6 85
7 96
2 95
7 100
6 30
8 6
10 20
1 24
1 76
6 46
10 95
5 81
10 92
2 7
2 79
8 8
4 34
10 55
9 64
6 7
5 10
9 73
8 4
9 61
5 61
2 81
3 15
9 53
3 82
3 100
8 37
7 19
2 48
4 54
9 4
8 53
4 32
5 81
1 36
5 19
8 65
10 88
2 85
9 9
8 69
9 87
1 20
7 95
2 38
4 51
8 100
10 71
2 27
7 28
5 53
5 57
5 95
10 37
1 71
8 32
4 19
6 56
9 27
7 19
5 22
2 36
8 87
1 40
3 73
8 96
8 89
2 9
7 41
10 43
6 76
4 99
4 85
2 79
9 87
7 88
1 98
6 37
5 37
10 18
8 93
4 28
1 95
6 71
5 9
9 55
1 5
4 57
7 3
8 25
7 58
5 30
5 39
7 68
9 7
1 22
10 79
7 20
4 33
2 41
4 20
9 27
4 64
10 75
1 13
1 61
4 56
2 4
1 65
9 26
4 100
6 63
6 66
2 73
4 27
5 97
7 74
8 48
9 48
6 41
5 7
10 23
2 64
9 39
6 77
3 52
10 8
6 55
2 15
1 53
1 5
4 32
4 67
5 91
6 82
6 22
3 45
4 19
6 34
4 98
5 48
4 93
6 56
2 27
10 47
8 6
2 8
6 85
4 39
3 75
9 17
6 16
10 27
4 25
8 27
2 2
3 5
7 92
9 16
8 90
1 40
2 95
9 68
7 29
9 14
6 88
3 46
6 84
8 57
4 29
3 22
9 19
7 59
9 76
5 95
2 22
8 35
7 16
10 55
5 95
2 80
8 82
10 92
3 57
6 6
7 36
4 31
8 53
10 54
5 54
1 29
8 60
6 44
9 65
7 71
8 61
3 48
9 33
7 83
4 81
4 16
7 97
5 39
8 7
9 49
2 39
9 58
8 47
8 67
10 26
9 28
5 73
9 68
4 54
5 16
10 29
7 97
6 100
10 21
7 53
1 58
3 72
5 47
8 96
4 20
6 92
3 85
2 87
3 58
2 43
2 66
9 20
7 22
3 1
7 18
8 69
7 35
7 87
7 96
5 67
8 11
9 29
3 82
8 85
10 96
5 22
3 18
1 35
1 67
3 100
10 17
9 77
1 82
4 94
4 44
6 31
1 87
8 11
9 20
4 13
9 88
7 74
7 47
6 46
6 41
4 69
9 51
2 2
4 17
9 52
6 63
5 73
5 22
9 53
8 38
8 55
7 23
5 99
8 33
5 92
9 70
10 29
4 2
2 39
4 89
9 49
2 53
6 1
7 78
8 19
5 41
8 16
7 69
10 37
6 21
9 74
7 10
4 46
6 61
6 93
10 62
7 42
6 56
3 30
9 13
10 65
2 20
1 88
2 66
10 5
3 39
7 96
1 31
6 74
10 65
9 56
8 8
7 29
6 37
4 25
2 49
1 11
3 75
4 39
5 94
5 1
5 1
9 61
2 8
6 40
4 73
5 19
7 63
3 52
7 38
3 74
6 43
9 14
10 87
9 28
3 33
5 23
8 5
3 78
4 1
5 68
9 66
6 91
2 62
5 25
1 38
5 72
8 31
2 53
2 80
7 40
1 18
3 42
2 35
3 75
9 33
4 14
4 6
3 24
4 47
5 34
1 90
1 76
3 53
10 12
7 92
4 50
4 31
2 62
6 14
7 3
6 10
3 35
1 48
1 97
3 9
2 30
7 65
1 22
10 17
7 39
4 33
3 8
7 22
8 23
5 14
5 75
7 94
8 65
9 25
6 31
9 47
6 30
5 71
9 21
6 83
4 50
3 3
7 51
4 77
3 85
9 28
6 83
2 98
1 70
2 28
9 42
3 6
10 12
9 33
2 10
10 43
1 49
1 89
8 42
4 74
3 13
7 75
8 74
2 66
9 81
10 58
1 17
2 43
2 74
4 90
1 89
1 80
2 100
10 83
1 19
5 30
5 41
4 31
4 5
5 95
9 22
1 38
5 57
8 20
8 34
6 15
9 53
4 96
3 24
6 29
4 39
3 26
6 95
2 13
1 28
6 59
3 53
5 20
6 78
7 62
3 94
10 43
4 67
8 45
1 72
5 29
7 85
5 28
6 22
8 36
3 86
8 18
3 87
5 33
4 59
8 13
9 49
1 15
4 83
4 25
7 100
5 40
3 98
7 49
8 2
10 73
9 76
4 90
4 10
5 52
9 37
8 89
7 95
1 2
6 4
1 18
1 68
4 76
9 30
5 44
2 63
6 31
4 9
2 42
3 12
7 18
1 68
10 38
6 5
7 84
7 87
8 13
8 12
6 52
8 33
8 51
4 62
4 95
6 22
8 42
6 92
9 30
7 43
10 91
9 85
6 90
5 39
4 42
4 77
7 25
2 14
1 49
7 85
10 24
5 55
1 57
3 74
6 28
5 39
5 34
3 5
4 75
10 65
7 25
5 49
7 90
3 5
9 41
9 6
4 6
4 76
2 92
10 14
6 69
10 40
1 58
3 72
5 39
1 93
6 26
4 6
2 64
8 40
1 93
3 20
2 14
10 20
10 20
6 8
5 20
2 73
7 14
5 94
7 39
9 7
6 53
3 27
4 25
4 9
6 75
4 79
8 11
7 20
2 7
2 32
5 10
8 99
3 43
3 75
2 87
5 66
2 33
7 96
8 56
4 81
9 37
3 63
10 9
3 15
10 94
2 3
2 90
1 21
8 74
5 87
4 41
1 63
2 80
1 85
4 63
8 23
6 37
9 85
8 53
3 35
8 53
10 60
1 4
9 56
1 41
7 6
9 60
5 97
5 28
6 78
9 14
4 56
5 24
9 91
4 23
4 17
1 60
5 11
8 81
3 60
7 1
9 41
10 97
8 1
7 63
7 72
1 17
3 32
5 10
10 63
8 26
2 72
2 43
4 16
6 64
1 77
10 50
9 87
6 2
7 3
3 75
9 61
3 97
10 30
10 71
9 32
7 10
10 38
6 42
10 19
6 82
3 86
6 80
2 52
7 3
2 51
4 9
10 63
3 18
9 95
6 95
7 62
7 19
1 68
7 96
8 24
2 38
6 20
10 62
10 60
4 30
3 4
3 69
2 21
10 6
2 23
10 69
10 53
5 54
7 49
6 43
1 76
3 13
7 98
9 50
7 91
3 94
8 38
3 91
1 39
1 67
8 97
6 43
9 97
5 43
6 42
10 97
1 26
8 73
1 13
7 15
6 89
2 80
7 31
8 63
9 58
6 65
10 78
9 3
1 62
6 64
1 23
8 92
5 98
1 89
6 29
