5 22
9 77
4 96
10 94
4 96
10 83
2 74
5 12
4 99
10 20
6 55
9 84
7 70
8 24
10 25
10 30
9 96
5 49
6 34
8 24
9 9
1 19
1 7
5 87
10 42
9 36
2 32
7 76
3 75
4 83
10 29
2 17
8 32
1 94
6 73
3 14
8 50
1 86
4 94
1 79
7 81
10 39
9 6
2 29
3 90
5 38
3 29
10 70
7 11
7 8
10 94
2 32
2 19
7 71
1 64
8 36
3 81
10 33
3 35
5 24
5 18
5 49
7 6
6 83
5 98
6 52
2 47
7 89
2 89
7 1
1 53
6 69
1 22
9 86
2 59
3 28
5 17
9 81
6 47
6 22
5 43
5 48
2 39
8 30
3 37
4 98
2 100
10 31
1 29
2 15
5 58
6 47
6 77
9 60
1 37
9 31
9 55
8 54
10 68
1 42
9 70
5 17
5 57
8 89
5 43
3 47
1 61
10 42
1 51
1 92
8 99
2 36
10 78
5 37
6 66
10 90
1 31
10 7
4 5
4 25
2 59
4 70
2 96
2 20
9 96
10 28
6 73
3 83
10 95
9 17
7 49
5 6
5 56
3 86
6 67
1 24
5 4
8 84
1 17
5 79
3 14
5 92
6 12
10 4
10 76
6 86
9 14
3 73
8 88
8 83
6 19
6 13
9 62
6 69
6 3
3 40
4 66
4 76
4 7
4 57
10 12
1 28
9 49
3 84
4 17
4 31
8 14
2 14
7 60
10 89
6 11
3 82
3 28
5 28
4 19
10 28
9 86
10 11
10 81
2 83
10 25
6 29
8 3
9 52
7 4
4 9
3 59
6 58
10 56
4 69
4 3
2 77
3 40
9 40
4 98
4 26
9 21
6 85
6 95
9 94
6 12
1 63
10 63
8 8
5 65
10 97
2 47
7 45
10 20
9 86
2 12
1 56
8 34
2 75
8 45
2 77
6 94
3 65
9 1
9 19
5 21
2 18
6 80
10 40
9 15
1 9
1 36
7 5
9 74
7 20
6 82
6 13
2 92
3 94
4 36
4 36
6 59
10 23
8 53
3 90
3 93
7 73
7 50
3 39
2 66
3 98
4 9
7 97
5 71
5 54
1 9
2 83
9 6
8 84
8 59
10 86
3 51
5 50
6 33
10 24
10 66
8 55
10 70
2 39
9 47
3 62
8 6
9 23
6 63
7 1
10 93
10 37
2 35
8 60
8 5
5 20
10 66
3 9
10 62
3 36
9 36
10 64
9 19
6 25
4 39
10 10
9 27
4 47
9 17
8 8
1 99
2 25
2 1
1 62
9 20
1 43
1 86
1 86
4 3
4 45
1 96
5 100
8 18
6 83
5 95
9 5
1 66
1 13
10 61
2 94
6 100
1 2
5 24
6 99
1 26
9 34
4 47
10 46
1 17
7 94
4 92
2 86
8 14
4 52
9 20
8 7
3 39
3 45
2 48
7 15
4 53
9 61
10 24
7 83
3 81
6 27
2 27
2 57
9 60
5 8
10 40
10 74
1 61
8 54
9 9
7 74
7 27
3 50
4 83
3 61
6 81
7 51
2 62
1 46
7 31
2 55
2 43
4 24
2 92
8 71
7 18
2 40
7 40
2 92
4 84
3 36
4 1
6 18
2 27
9 27
6 76
6 53
1 7
5 76
10 58
1 96
1 40
6 89
2 49
6 24
8 14
5 42
10 50
4 80
1 56
9 9
5 26
3 20
2 22
2 25
7 55
1 67
2 28
6 62
1 29
5 62
4 39
5 56
8 99
4 60
1 87
4 29
4 10
4 18
7 77
2 65
4 26
2 26
5 32
5 6
10 17
10 33
10 26
10 27
5 93
2 63
9 69
3 26
6 22
10 87
3 60
6 16
7 47
6 29
5 93
5 88
2 100
2 90
9 18
6 14
5 35
5 40
7 6
9 72
5 5
1 96
4 27
3 40
1 79
2 90
3 35
8 34
5 55
4 69
6 28
3 37
6 90
9 56
6 70
7 63
4 16
6 77
5 93
9 67
2 25
9 3
2 30
5 8
5 49
2 9
10 65
8 68
2 17
3 3
5 29
3 83
9 22
8 2
3 48
8 43
2 90
7 16
7 30
6 92
10 74
4 31
2 95
2 19
1 16
10 60
3 95
9 85
8 76
5 70
9 31
6 6
9 77
4 30
10 82
7 27
3 39
1 46
1 87
3 42
5 16
8 8
1 23
9 27
3 64
5 42
6 29
6 79
6 58
10 45
8 80
3 62
3 15
2 79
9 37
5 74
6 48
10 43
2 35
9 27
10 49
1 53
3 56
3 22
1 42
7 77
1 58
1 72
6 82
8 54
7 29
7 70
5 48
10 81
7 97
9 44
7 16
4 93
7 30
4 43
7 68
9 33
4 10
5 81
6 97
1 59
4 18
7 10
10 69
6 77
7 63
5 50
2 28
2 39
7 48
8 27
6 41
5 6
9 78
1 85
1 72
3 65
9 10
4 98
2 70
9 83
7 47
10 49
5 38
9 94
8 94
4 33
6 44
8 15
9 27
4 24
5 85
9 81
2 60
5 42
9 40
2 53
8 78
4 29
8 89
6 80
4 8
9 28
3 5
8 78
5 90
10 59
7 79
4 6
10 11
10 10
7 78
1 57
1 52
7 3
5 37
8 94
3 94
6 82
8 69
1 25
8 25
10 56
10 19
6 69
3 69
9 87
7 1
3 83
2 69
8 49
2 75
7 7
4 8
10 78
7 40
3 44
3 85
7 65
2 63
1 22
4 44
4 99
5 32
3 5
2 57
8 25
10 90
10 32
9 70
2 5
5 72
6 80
7 74
8 5
4 6
10 61
4 33
8 76
10 3
9 33
5 36
5 50
9 63
8 81
6 36
10 65
7 83
2 85
7 3
8 4
2 41
4 13
4 52
1 9
3 31
8 67
8 74
3 40
2 81
3 54
1 53
5 11
7 21
4 94
2 58
2 34
9 75
5 87
3 65
3 74
4 27
2 65
1 22
2 16
7 32
9 46
5 67
1 88
7 37
8 17
1 62
5 11
5 81
8 42
3 20
4 100
3 60
5 29
5 2
7 76
1 45
3 6
10 20
2 15
9 31
1 23
7 42
10 84
1 90
6 91
2 65
4 69
4 13
3 83
9 12
1 82
10 87
6 57
8 45
7 76
5 48
2 7
3 87
2 36
3 86
9 42
5 40
5 3
5 42
2 9
10 50
6 20
10 99
4 48
2 55
2 83
3 87
1 51
1 22
3 31
1 30
3 38
10 4
4 72
8 84
4 60
10 42
8 52
5 64
4 11
3 24
4 25
3 20
9 64
4 73
8 69
9 22
1 44
1 43
9 58
9 58
6 7
9 85
10 9
8 98
1 61
8 17
2 12
3 76
7 17
6 81
9 90
9 80
8 64
7 11
6 76
8 61
7 100
6 67
1 36
2 78
9 55
10 18
8 14
9 74
3 11
10 30
10 90
7 74
4 17
10 6
10 55
9 24
9 12
4 76
8 3
3 87
4 77
10 82
10 5
8 35
9 78
10 56
8 13
7 36
4 92
5 70
1 29
9 7
10 95
1 100
8 32
9 50
7 86
1 71
8 47
7 30
10 73
7 79
6 84
1 36
9 13
3 88
1 35
3 91
2 72
3 15
6 89
1 94
9 23
2 88
3 23
8 60
5 57
5 19
8 10
7 73
9 75
5 40
2 74
3 19
7 8
7 61
10 48
10 83
10 24
2 44
4 58
4 84
4 58
8 15
4 55
7 20
4 43
9 74
8 17
2 92
5 30
4 97
5 52
10 46
1 76
9 45
5 94
2 18
9 75
5 17
1 11
7 15
7 81
3 26
3 44
2 1
5 7
3 73
5 57
10 11
3 4
2 93
8 69
2 27
3 69
10 35
3 18
3 94
1 88
10 40
10 15
5 14
6 19
2 51
4 88
3 92
4 80
9 61
9 73
1 46
9 40
3 39
1 40
8 92
4 57
7 68
3 22
2 16
6 82
6 100
6 95
7 95
6 71
7 86
7 16
5 48
3 79
1 19
3 42
6 25
2 100
1 57
2 38
9 30
9 71
7 5
4 48
1 48
2 70
4 78
1 89
10 31
6 87
3 24
5 75
8 26
8 44
7 1
1 74
1 5
2 39
2 76
1 78
9 14
5 40
3 58
3 57
6 14
3 96
1 34
8 59
2 2
1 94
3 42
5 45
10 88
2 89
1 94
7 88
6 89
5 19
10 62
1 30
9 83
8 1
10 45
10 6
3 57
4 61
5 6
9 17
8 52
10 46
1 43
9 41
8 74
10 69
1 5
10 42
7 14
9 19
4 49
10 84
7 88
9 67
10 95
1 13
3 16
10 30
5 87
9 86
8 68
7 38
5 77
7 55
10 43
3 86
4 10
4 29
8 27
6 54
5 94
8 90
9 72
10 12
8 73
1 28
2 63
3 91
4 61
6 3
8 3
7 41
