3 70
4 31
1 70
3 68
2 47
3 83
9 31
9 7
8 92
5 6
9 78
2 38
5 49
7 34
4 86
10 33
3 99
3 41
3 20
3 51
2 18
7 60
3 62
7 9
1 57
4 88
10 79
4 50
3 63
3 32
8 99
8 42
9 53
6 47
8 86
6 40
2 38
7 44
8 6
7 21
9 25
2 78
9 66
2 29
5 35
5 96
7 59
4 15
6 24
4 92
1 7
6 67
5 25
4 45
6 66
7 57
5 36
7 38
8 7
4 97
1 52
4 6
7 93
10 81
10 4
2 68
9 8
5 60
8 13
3 34
9 50
2 71
10 50
7 23
8 84
10 32
2 9
3 55
10 69
5 20
5 29
6 23
2 48
4 34
2 91
10 91
9 47
1 60
10 75
5 54
9 16
4 42
8 10
3 45
4 31
1 32
2 55
6 90
7 31
2 78
3 35
10 100
8 52
1 67
7 91
8 9
2 76
9 96
2 46
5 94
1 36
4 12
10 10
5 99
7 38
9 40
8 50
7 66
4 98
10 29
8 42
8 74
9 22
3 30
1 23
9 61
9 12
10 93
2 77
1 72
8 16
3 87
7 25
9 27
9 24
8 22
10 39
3 19
8 89
5 8
6 71
2 54
5 62
9 51
2 38
6 87
2 1
5 32
5 87
9 41
1 47
7 17
6 92
4 66
7 6
2 41
2 20
7 6
1 98
1 9
3 63
5 74
7 38
8 30
2 15
3 67
7 78
1 24
1 75
3 14
8 8
8 50
10 4
9 51
6 12
7 72
10 9
7 85
7 35
8 50
7 17
2 9
7 41
2 88
5 41
2 72
7 64
1 46
5 16
10 67
6 29
8 15
4 53
8 46
6 58
8 96
6 4
9 23
8 89
1 96
8 70
10 18
9 85
2 66
3 56
4 40
1 57
6 76
7 53
8 78
2 89
9 64
7 82
2 33
6 61
8 6
3 95
6 17
6 71
6 54
1 76
7 88
10 95
1 24
3 78
5 70
10 92
3 5
9 41
7 48
8 93
8 62
5 94
2 6
5 75
2 58
9 64
7 74
7 19
4 86
3 16
8 89
3 98
8 72
5 59
10 94
2 30
4 74
3 83
10 44
10 8
6 77
4 84
9 27
7 58
2 16
10 15
4 98
1 63
5 16
10 10
6 5
3 28
6 24
9 88
1 71
5 59
4 72
10 43
1 89
5 43
6 15
9 87
9 4
5 36
1 14
5 79
5 72
10 53
10 100
4 16
1 47
1 3
9 14
2 79
8 90
9 62
10 22
7 7
7 60
1 100
7 6
7 86
7 47
9 96
5 100
8 51
5 32
8 92
8 16
10 10
10 28
6 72
6 98
6 9
9 59
7 16
7 7
5 11
4 59
2 2
8 13
9 52
9 15
1 19
9 90
1 62
5 85
1 32
9 51
8 95
10 62
6 3
9 38
5 42
4 42
3 89
5 26
10 29
1 70
7 7
10 83
1 9
6 12
4 83
6 37
8 83
10 87
4 69
6 15
3 58
1 66
8 77
3 1
7 20
6 59
2 85
3 60
5 92
7 25
7 100
5 11
7 11
5 44
4 23
1 17
2 85
2 29
3 80
7 79
6 86
9 25
3 92
4 85
2 51
9 37
9 44
5 2
6 96
5 72
10 28
6 22
6 10
1 13
10 13
9 8
6 67
2 24
3 56
7 77
3 74
9 94
5 86
4 89
1 82
5 87
10 5
1 95
10 36
8 85
9 13
1 43
6 63
3 96
4 58
9 49
7 77
9 62
7 26
8 49
9 9
10 30
10 77
3 23
8 69
10 70
10 30
10 81
9 6
1 82
6 13
9 21
5 36
9 40
9 93
9 10
8 53
6 3
10 41
5 88
9 35
3 30
6 68
9 54
6 20
2 68
7 50
3 76
4 63
1 91
1 82
9 11
1 6
5 32
2 99
8 74
1 79
7 3
4 9
10 61
3 29
5 36
9 4
1 35
9 78
2 10
6 69
4 41
10 12
2 63
8 30
8 55
9 5
6 87
8 92
4 59
4 33
10 37
1 39
10 22
5 12
10 86
8 31
6 76
4 54
7 18
10 79
9 61
10 25
6 4
3 98
4 99
6 95
1 23
4 12
9 44
10 83
10 16
6 76
5 23
8 90
8 56
1 20
8 4
9 79
3 9
5 73
10 18
5 97
5 54
4 55
7 74
1 85
1 13
10 74
5 3
7 34
5 34
9 93
10 57
10 87
5 10
9 45
10 16
1 9
2 50
10 34
2 52
2 47
10 4
5 71
5 4
2 60
8 62
7 37
7 40
5 37
1 4
5 1
1 97
7 57
1 88
5 51
2 57
10 65
4 88
9 91
5 89
6 74
9 30
1 56
2 89
6 56
10 57
2 57
8 52
9 83
7 74
7 62
4 86
7 3
4 84
10 9
6 83
2 65
4 16
10 43
8 39
3 10
5 7
2 70
7 94
6 84
6 34
5 22
7 35
10 65
8 5
4 81
7 94
5 45
7 66
2 85
3 67
3 29
5 20
7 59
7 38
1 96
4 7
7 83
7 31
6 31
8 24
7 92
4 81
8 90
10 59
10 54
5 25
3 38
9 6
1 60
5 97
1 23
1 9
9 86
5 39
4 69
1 42
7 97
7 93
7 32
9 91
9 59
3 56
4 94
1 44
6 94
7 91
8 81
8 72
7 6
7 39
2 63
8 21
6 97
5 66
5 11
2 43
1 20
6 69
1 11
10 59
6 68
5 3
8 58
7 33
5 75
5 2
4 60
9 15
6 99
3 27
8 7
10 21
5 83
10 47
7 38
6 69
9 39
10 94
10 49
3 42
6 70
9 37
5 50
2 51
1 7
1 25
7 99
9 35
2 7
3 100
2 87
1 84
9 10
9 44
1 28
1 41
4 47
7 59
6 87
5 81
1 14
8 15
6 5
3 40
6 93
10 10
9 22
4 66
8 90
8 21
2 13
4 9
4 92
1 13
8 61
1 70
2 55
3 87
2 39
1 12
7 59
10 17
1 59
3 49
9 82
9 20
4 66
9 6
5 4
7 3
6 22
3 92
4 23
6 46
9 43
8 55
10 8
9 18
7 61
7 8
8 46
3 89
1 33
9 52
5 64
5 13
8 75
3 1
6 89
9 15
2 11
2 33
6 21
6 25
1 62
8 3
10 31
5 10
9 83
8 60
9 70
5 62
10 100
9 79
2 93
1 20
1 16
3 74
7 21
4 93
2 20
10 19
1 28
1 65
9 60
8 36
7 69
4 79
3 37
8 92
5 84
3 38
7 34
9 11
9 49
9 32
10 5
3 70
6 97
6 82
4 100
2 94
9 94
8 75
6 50
4 39
9 82
3 44
7 29
7 91
2 56
1 7
4 71
9 14
7 31
3 43
7 19
3 45
5 56
4 79
8 91
1 93
9 85
8 88
10 25
2 18
1 14
3 97
9 55
9 18
1 62
8 26
8 1
7 73
2 48
3 11
9 59
9 40
5 3
7 63
3 86
6 72
6 96
4 80
6 65
8 42
3 68
6 15
8 62
6 18
4 77
7 34
10 56
4 26
1 92
4 52
5 7
5 61
4 57
5 17
6 89
5 26
9 100
5 88
9 17
4 36
2 95
4 1
6 32
4 77
7 51
1 81
9 34
2 81
1 14
2 35
1 7
5 38
7 7
9 83
7 80
8 51
6 35
5 4
8 33
7 95
2 28
7 79
8 5
4 33
2 2
1 91
5 59
8 27
1 67
2 76
3 89
5 96
5 36
7 35
2 29
2 63
5 92
3 9
7 82
5 88
3 77
7 49
3 65
8 39
1 72
8 100
3 94
1 54
7 55
2 1
8 9
8 89
8 6
3 56
6 31
3 57
4 76
9 24
7 69
4 96
1 32
5 23
7 61
2 21
8 39
7 86
9 45
4 54
1 18
1 72
6 17
2 62
1 94
3 45
9 14
6 69
1 70
10 65
2 31
7 81
10 100
1 44
4 81
1 96
3 61
2 97
5 36
5 11
4 68
5 88
6 10
6 26
5 19
6 21
1 60
1 98
5 47
8 9
6 81
4 57
7 10
3 22
8 52
7 18
7 1
2 20
4 67
8 79
7 61
5 28
5 88
6 68
5 16
10 49
2 53
3 96
5 2
1 87
3 41
6 92
10 69
7 78
4 70
9 40
6 28
3 98
9 23
6 100
10 9
8 2
3 97
8 92
2 64
6 74
3 71
8 66
9 37
1 94
7 95
10 46
9 66
8 18
9 85
5 85
2 80
5 70
2 12
2 100
5 9
8 9
7 6
8 75
8 97
6 59
4 39
9 28
6 54
2 37
4 5
10 14
7 97
5 77
9 44
6 29
10 32
10 44
2 38
5 51
3 51
4 34
1 40
7 2
2 5
7 18
2 57
2 85
5 67
5 89
2 63
4 60
10 69
1 93
2 82
5 54
8 61
8 55
2 86
10 4
3 25
4 74
