10 30
10 72
8 23
5 7
6 97
9 68
1 3
6 81
2 87
3 77
3 67
3 72
5 12
7 52
10 57
1 61
2 4
6 58
1 81
6 27
2 48
9 83
10 50
7 23
3 99
4 8
2 12
4 67
10 88
10 43
2 9
3 37
10 84
8 16
8 57
6 19
1 38
1 84
7 95
5 86
7 49
6 71
10 56
3 4
10 30
6 11
9 45
7 80
3 84
10 28
1 90
8 10
4 45
2 27
10 63
4 94
4 55
2 73
5 87
5 19
10 26
8 75
4 57
3 30
10 90
4 93
4 13
7 74
10 31
9 44
8 41
8 38
3 75
2 94
3 62
4 44
5 15
2 3
3 38
5 46
2 20
10 59
7 81
1 40
2 17
9 28
3 14
4 79
10 99
2 70
10 65
8 74
10 23
1 27
9 19
10 56
10 20
7 38
4 7
6 11
7 99
5 26
1 77
7 36
8 16
5 65
4 30
4 78
5 49
4 3
10 41
9 86
3 39
5 2
1 82
5 29
7 5
10 81
6 50
1 55
2 71
7 44
8 92
7 91
1 72
9 91
2 83
6 98
6 21
4 36
4 94
3 43
10 3
5 7
1 54
2 30
5 62
3 53
1 28
9 10
6 50
2 40
4 30
2 60
3 46
9 14
1 88
10 8
9 5
5 23
10 93
6 45
8 14
8 62
1 52
10 91
5 37
9 24
2 97
4 2
5 6
3 30
7 51
5 5
8 63
1 82
10 61
5 61
4 79
7 82
9 39
5 62
3 58
3 5
1 44
6 74
2 65
2 11
2 80
1 46
7 45
3 34
10 92
5 42
8 56
5 73
5 94
5 58
5 29
4 34
4 48
1 48
3 63
10 69
9 18
4 55
2 42
6 52
8 82
3 7
9 47
9 15
4 68
6 88
2 46
4 75
3 56
5 34
2 59
1 97
8 85
4 91
10 32
6 93
2 14
1 34
4 71
8 64
4 10
3 35
10 29
5 37
10 61
2 18
8 7
8 53
8 30
8 43
5 5
5 64
8 96
8 40
8 27
1 93
6 7
3 68
7 74
1 50
1 94
6 36
2 81
4 87
1 64
3 2
9 90
8 17
2 21
7 52
8 68
7 33
8 31
2 83
4 49
8 76
6 99
9 70
1 23
3 97
7 8
5 29
9 64
9 20
8 56
8 12
8 11
4 36
6 11
4 43
5 21
9 53
7 73
7 45
9 91
9 1
6 1
3 36
6 9
3 42
4 81
2 25
7 98
9 18
4 51
10 13
6 20
10 7
10 31
9 96
6 42
3 10
9 7
2 54
5 66
9 5
2 9
4 34
5 74
10 15
6 93
7 29
10 72
7 85
7 50
8 61
9 12
10 29
9 67
4 40
3 35
5 79
2 31
10 44
3 59
3 47
8 27
7 74
5 31
1 76
8 17
10 81
5 9
3 24
10 24
5 54
9 15
9 10
9 60
10 75
5 53
7 74
2 77
7 33
8 23
10 58
2 80
7 12
2 81
1 89
4 83
4 67
6 96
3 20
8 51
7 98
10 72
9 57
10 37
2 2
10 97
8 40
2 92
1 13
10 36
3 2
6 39
8 60
3 37
10 80
7 17
8 26
4 12
7 75
6 62
6 84
4 37
1 27
8 48
8 9
10 34
7 69
7 52
9 93
7 37
9 35
5 9
9 67
3 28
9 48
2 13
9 84
6 15
3 26
1 33
6 27
1 86
4 1
7 79
2 57
10 22
6 79
7 63
6 80
4 50
4 48
8 100
10 34
6 27
2 33
5 98
8 60
2 70
10 58
5 12
4 9
3 46
9 34
1 52
4 70
1 16
2 83
6 7
10 33
7 13
5 60
6 63
5 100
9 60
9 93
8 1
5 89
4 62
8 50
2 47
4 9
4 44
6 13
5 49
7 6
2 97
8 75
5 33
1 51
9 21
1 68
6 76
7 64
10 23
4 37
4 89
2 96
4 64
8 31
5 58
3 29
4 78
5 63
10 95
2 8
8 58
9 1
4 69
9 51
1 83
4 58
1 24
3 68
2 85
4 100
5 7
9 73
4 34
8 75
10 82
7 24
3 41
4 43
6 75
4 77
4 91
10 38
1 51
4 73
6 35
5 24
3 83
2 19
8 79
6 54
3 17
9 42
2 83
8 5
9 10
2 68
9 35
4 75
8 16
5 58
1 38
5 95
4 42
7 86
6 31
2 66
9 69
9 47
10 44
4 38
9 15
5 62
10 22
5 75
10 87
8 16
3 94
5 77
10 21
4 80
1 24
10 22
6 97
9 7
2 28
4 7
5 77
8 59
10 62
2 52
3 76
10 99
5 7
5 42
5 72
9 67
2 7
9 95
6 1
1 17
1 70
8 21
7 40
10 8
3 90
3 68
7 72
4 86
8 77
9 79
5 49
3 95
8 8
5 51
1 6
4 99
6 12
7 93
5 29
8 1
7 29
10 74
4 87
3 70
5 71
9 14
10 95
7 17
9 51
10 80
1 15
9 38
10 57
3 30
7 80
8 82
5 13
5 30
8 64
9 50
10 27
1 37
6 43
6 93
6 40
5 8
3 40
8 29
6 32
3 35
3 11
6 2
10 92
1 4
1 91
6 100
8 19
4 79
1 99
10 43
3 75
6 33
7 46
9 18
7 18
7 82
7 21
5 38
2 31
9 25
5 81
9 22
8 8
9 36
1 74
7 46
9 67
10 10
10 24
3 89
2 88
5 87
5 11
4 5
7 14
5 75
9 5
8 92
3 71
3 4
8 37
6 79
6 14
10 51
2 95
9 64
10 52
5 64
1 91
5 88
8 77
1 44
1 43
4 47
3 98
7 60
2 99
6 89
9 79
3 33
9 10
8 85
6 43
7 39
1 16
6 27
3 60
10 51
6 44
8 39
10 74
1 2
5 89
9 85
3 25
10 10
2 14
4 5
8 81
10 70
8 47
5 94
8 75
6 100
10 83
4 60
1 79
3 80
6 74
9 43
3 61
10 92
1 42
5 31
1 82
7 55
8 95
8 40
10 86
1 39
2 1
3 13
4 13
8 49
6 66
9 15
10 52
7 26
5 14
8 60
5 98
3 69
10 93
1 2
3 37
9 69
2 41
2 7
9 63
8 45
3 26
4 96
5 64
9 88
7 43
2 63
7 4
6 56
4 88
5 91
2 11
8 32
10 95
3 13
8 23
9 8
6 9
10 14
1 46
10 86
9 16
8 86
1 78
5 56
9 36
9 68
7 42
10 18
10 64
10 24
5 4
2 99
7 40
6 19
7 90
10 60
3 54
8 63
4 95
9 18
9 98
8 97
2 72
6 50
1 27
6 84
3 21
7 28
2 2
3 73
6 71
3 70
9 36
4 78
7 90
9 52
3 81
4 73
4 2
2 24
4 77
8 76
4 48
10 93
9 47
5 69
8 31
3 1
9 46
10 81
1 40
10 36
8 10
5 97
7 85
6 44
8 5
10 30
10 55
9 45
5 60
8 10
2 81
5 16
7 57
1 34
4 98
5 37
2 16
5 9
9 67
10 58
8 100
5 71
2 67
2 84
8 52
5 65
8 36
1 91
3 24
10 41
6 90
9 47
9 67
3 24
9 17
9 79
4 69
5 10
2 52
5 42
7 12
1 82
3 6
3 22
7 96
8 31
6 89
9 54
9 72
10 27
6 15
2 6
4 100
10 21
3 90
10 19
8 35
4 32
7 25
4 37
3 20
2 48
1 91
4 79
8 59
7 26
9 20
3 2
2 98
10 36
5 97
10 84
7 5
7 4
1 59
10 68
8 100
10 20
5 52
10 40
4 42
6 48
9 38
7 57
7 78
9 73
9 57
10 3
6 55
3 98
5 18
1 80
1 33
6 6
8 8
4 31
3 15
7 62
10 36
10 98
8 12
9 82
5 54
5 54
10 29
2 85
9 51
10 60
4 78
6 71
3 78
2 47
9 66
4 36
9 1
8 50
9 53
4 8
10 83
6 64
7 33
6 6
8 90
8 11
6 80
9 10
7 8
2 4
8 30
3 61
6 95
2 43
5 97
6 10
1 62
8 13
8 33
10 65
4 7
4 67
1 86
8 93
3 12
7 42
1 67
2 34
6 48
2 59
10 18
7 41
1 77
7 45
3 25
9 1
3 69
7 52
6 68
2 81
5 92
10 21
7 78
2 31
4 53
5 80
2 26
2 5
5 46
10 61
6 76
7 79
10 66
1 48
9 79
7 65
8 42
7 10
6 22
10 7
3 3
3 36
6 53
1 45
2 31
5 95
6 30
2 99
8 21
2 44
7 22
7 83
10 3
8 7
5 7
8 39
7 72
4 42
4 78
5 82
9 33
2 61
7 28
1 72
8 81
2 61
2 62
8 16
4 59
2 70
8 66
10 15
5 85
7 35
9 97
7 23
1 72
6 82
6 41
9 59
5 8
9 62
6 30
4 91
10 94
1 54
1 90
3 54
8 57
1 9
5 71
5 86
