9 18
7 93
3 71
1 88
2 24
8 17
1 44
2 40
1 45
1 48
5 88
3 74
3 75
9 52
9 93
3 35
9 90
2 4
4 36
2 73
4 62
5 68
6 12
8 46
10 24
9 74
5 4
10 7
3 16
9 8
2 43
6 39
8 30
10 67
2 21
3 100
3 43
3 79
10 57
2 98
10 66
8 93
3 22
4 100
9 9
5 15
6 68
8 5
6 35
7 88
1 33
3 72
8 65
9 26
10 62
6 41
2 27
7 42
1 93
3 89
6 30
4 84
3 34
6 79
5 93
6 37
2 53
10 14
1 46
9 38
2 99
7 47
4 27
6 99
3 38
5 78
8 63
9 59
8 72
10 17
2 32
9 68
6 72
8 34
6 48
9 58
3 33
8 67
3 90
1 26
6 76
10 34
2 72
4 8
3 83
5 44
7 88
6 99
7 6
6 59
4 24
6 69
4 40
5 38
1 24
7 2
2 92
7 10
10 92
1 16
9 69
7 52
10 85
6 93
8 28
3 99
8 14
4 73
3 55
4 32
3 49
4 43
4 65
6 1
9 5
2 73
3 74
2 16
9 18
8 47
3 97
3 51
2 42
3 25
3 50
10 96
9 4
1 26
6 91
9 80
5 69
6 5
7 17
8 18
10 41
6 11
6 82
7 10
4 84
1 34
9 17
2 67
10 95
2 25
9 31
10 7
5 30
2 7
1 18
10 47
10 36
10 54
10 78
6 18
1 36
6 62
1 89
2 5
1 28
5 70
9 28
8 33
2 34
8 63
7 98
5 82
9 69
9 81
7 57
2 84
6 38
2 51
9 26
9 5
7 41
7 71
1 23
5 67
9 38
6 25
1 20
6 81
3 94
5 43
2 20
1 99
4 6
10 39
3 30
4 84
10 16
4 50
4 75
6 1
5 66
2 29
7 72
8 29
7 24
1 20
5 82
10 76
7 75
4 88
1 24
1 86
10 74
5 90
8 36
5 22
5 94
3 56
9 67
5 49
1 40
7 36
2 4
8 3
4 47
6 33
8 13
8 14
8 75
5 4
7 35
4 55
6 54
6 100
8 100
4 30
2 92
7 91
9 13
1 27
3 88
3 31
5 63
6 1
1 95
4 18
9 52
5 4
5 62
3 71
9 72
1 8
2 88
4 42
4 21
2 29
3 51
1 16
8 58
8 26
3 90
10 61
2 17
1 72
5 6
7 48
10 14
5 22
2 82
4 23
7 73
6 61
8 36
8 62
10 61
10 82
10 100
5 34
7 92
10 40
3 14
6 31
2 83
1 65
4 61
10 92
8 97
9 94
1 24
4 75
10 36
5 1
1 4
6 24
1 21
8 44
4 29
2 36
6 6
1 9
9 45
9 68
9 91
7 97
3 1
1 61
10 43
2 19
5 92
4 63
8 79
5 51
7 25
2 92
2 99
2 37
2 21
1 3
7 57
5 78
1 55
9 83
9 7
7 43
7 95
7 63
2 22
4 22
3 20
4 69
5 31
2 98
2 95
10 49
10 67
2 84
4 80
3 49
1 16
10 18
5 36
5 9
1 7
10 73
8 19
3 81
5 61
3 52
2 29
2 79
3 80
8 36
3 67
9 92
2 73
8 95
10 36
9 23
2 37
8 15
9 78
9 43
4 78
1 42
3 44
6 51
10 96
2 73
7 76
9 70
1 50
10 51
2 48
7 87
5 40
10 77
8 33
2 75
2 97
10 37
10 65
9 99
6 48
2 65
1 54
5 65
4 32
10 94
8 34
7 39
5 85
4 99
7 8
7 53
4 86
6 5
4 14
1 86
9 99
8 38
10 63
6 3
4 66
5 36
6 23
1 73
4 7
9 20
5 79
9 46
2 26
10 89
10 12
6 8
10 61
2 36
9 61
5 62
7 4
6 56
5 75
9 72
7 31
8 33
10 18
10 24
9 96
7 6
1 82
3 5
2 23
8 72
3 41
8 25
5 95
9 63
2 6
8 77
10 12
4 41
4 49
6 73
3 29
2 44
4 42
4 14
1 17
8 86
6 91
10 41
4 74
6 56
4 83
3 2
5 19
7 10
6 91
8 4
3 44
3 82
5 67
3 89
10 5
2 26
9 87
5 44
4 50
8 44
4 32
1 49
6 19
1 42
5 90
2 61
9 85
10 65
5 81
1 60
4 49
4 35
6 65
9 4
4 86
4 51
3 47
7 84
7 32
5 37
10 56
1 12
6 29
3 48
4 67
1 1
3 81
6 86
2 33
5 91
4 43
8 76
6 86
9 85
2 27
8 92
4 39
5 17
4 23
5 93
10 19
3 50
9 40
5 42
5 7
1 47
9 52
6 64
6 99
9 63
1 67
2 59
4 97
8 49
5 88
1 38
6 99
5 87
3 38
9 33
6 39
8 23
9 93
7 3
10 8
2 71
2 80
5 50
9 71
5 58
1 15
6 7
8 44
6 94
2 28
7 100
1 16
9 19
6 79
8 44
7 59
2 15
9 11
4 72
9 85
1 34
3 40
3 81
4 74
2 48
4 1
6 6
6 100
3 92
1 73
3 56
4 77
3 40
4 84
10 90
3 11
10 60
3 12
4 52
5 93
8 98
7 90
10 21
10 41
7 44
4 11
1 83
1 50
8 79
6 34
3 67
9 17
10 32
10 86
1 28
10 13
4 87
5 46
5 22
9 88
4 21
10 26
9 100
1 6
5 7
1 69
8 88
4 59
8 34
6 71
2 20
6 98
8 98
7 77
10 52
1 18
10 14
4 66
5 80
6 73
6 24
2 53
10 21
4 24
8 15
6 26
4 57
6 88
9 90
5 68
8 68
2 93
1 7
4 6
2 39
1 34
9 98
1 35
9 93
2 70
9 53
6 95
6 2
5 7
2 28
8 82
7 86
2 22
5 20
1 10
8 100
4 75
4 13
7 43
1 65
4 91
7 22
6 75
7 52
4 22
9 93
4 24
8 6
8 33
2 13
6 54
9 40
2 3
7 6
2 59
1 69
7 57
8 53
10 6
5 7
10 67
10 62
6 37
2 51
4 86
2 43
5 71
1 59
2 69
3 35
7 30
2 97
3 74
7 86
8 70
8 6
2 48
6 9
2 29
7 25
4 16
1 44
6 69
4 16
5 74
8 50
5 97
2 96
3 3
4 37
8 53
7 75
6 18
9 12
4 61
1 50
9 17
10 94
9 82
10 52
10 19
6 98
10 18
6 22
2 8
2 78
8 11
9 71
9 42
2 2
8 60
7 36
4 92
7 72
4 21
4 75
2 30
6 7
6 13
9 97
3 77
2 2
10 3
9 69
3 54
5 11
4 87
2 23
8 96
6 82
8 27
3 76
2 32
4 89
1 69
7 59
5 2
5 99
4 77
7 75
9 95
2 44
2 81
10 89
1 66
4 84
8 74
7 20
9 17
8 93
1 18
10 52
1 31
2 63
9 30
7 77
5 73
8 23
10 18
6 64
8 71
5 83
8 58
4 14
4 33
10 37
6 49
7 34
6 56
10 5
2 57
4 1
4 83
8 18
2 83
9 37
8 49
3 81
9 94
6 84
10 71
10 7
8 77
3 59
3 88
1 5
5 82
3 73
9 83
8 43
4 3
1 3
2 29
5 28
6 58
9 99
8 5
4 54
1 26
8 63
3 93
5 23
7 34
10 42
7 64
2 92
8 23
10 51
2 83
8 47
9 82
1 2
1 86
6 66
1 9
9 16
6 57
6 40
10 97
1 83
2 77
5 96
4 6
9 100
6 11
1 2
7 87
1 23
10 13
3 15
1 9
3 44
1 2
2 54
7 45
9 89
8 56
1 56
9 45
9 84
1 61
1 85
10 69
2 63
7 12
4 5
10 71
4 55
8 6
1 75
6 81
3 40
8 47
10 58
1 98
6 57
6 64
6 4
2 31
8 9
9 69
4 81
10 2
10 35
4 42
7 62
6 34
4 67
1 31
1 16
1 88
3 23
6 90
4 48
6 73
3 19
8 1
10 29
10 50
6 65
1 98
9 99
7 66
6 11
2 53
7 32
9 64
2 84
8 34
9 75
8 8
1 66
3 12
1 7
4 28
3 88
10 6
7 42
9 44
3 100
4 55
10 4
10 37
7 85
4 83
9 3
3 3
8 1
4 30
3 14
8 52
3 34
8 42
1 76
2 13
10 29
1 50
10 39
10 72
4 25
2 78
3 75
9 94
4 78
2 7
6 70
5 60
6 52
10 6
4 3
4 96
2 67
5 58
2 5
10 7
9 78
5 44
3 99
4 66
8 62
4 75
1 59
5 74
3 98
4 50
5 1
1 30
7 5
1 34
2 67
1 41
8 21
6 3
4 43
4 67
2 20
7 62
7 30
7 66
7 23
8 5
6 49
1 42
5 97
6 8
2 31
5 63
9 74
6 80
10 40
7 79
3 65
6 96
4 25
5 79
3 20
7 5
7 27
10 56
4 72
9 3
5 43
2 92
10 48
5 87
9 48
10 88
10 97
