2 97
6 4
9 41
5 92
10 20
6 24
7 51
5 28
1 94
1 51
4 95
7 25
4 14
6 63
4 34
10 77
2 68
2 20
6 17
2 65
6 30
6 95
9 98
4 73
5 71
9 60
10 1
2 16
9 20
6 58
10 81
9 63
10 40
10 43
3 94
1 8
6 2
6 66
1 89
7 72
2 39
3 18
3 5
4 100
8 66
7 14
2 22
6 41
8 45
4 65
6 49
5 81
7 23
1 97
8 77
4 63
3 94
5 38
1 82
7 3
8 4
10 89
9 93
9 92
5 95
2 82
1 72
10 35
7 50
3 64
9 1
8 36
1 28
6 58
6 72
1 37
8 38
9 34
8 95
2 12
1 18
1 39
8 79
7 91
9 72
8 80
10 5
8 47
3 65
2 88
8 51
5 48
8 35
2 9
7 27
8 36
8 22
10 19
1 81
9 89
8 47
9 19
8 22
2 25
8 25
7 46
5 12
2 70
2 53
6 46
5 98
6 45
9 83
5 37
6 50
8 4
5 100
8 67
8 43
7 66
7 35
8 94
4 43
6 99
9 31
2 5
5 82
8 19
6 21
8 47
5 14
2 29
4 99
6 55
10 89
4 10
8 21
8 35
2 23
5 65
10 8
4 38
5 54
2 13
5 83
2 92
10 3
2 84
7 80
3 27
3 75
7 20
3 90
1 37
1 100
2 54
4 9
4 26
6 60
7 32
1 19
5 53
7 78
1 80
3 91
7 99
9 94
4 65
5 61
3 65
4 59
2 98
1 47
10 92
4 20
2 36
3 23
9 60
3 9
9 66
3 71
7 83
6 4
6 48
8 19
1 33
10 39
8 11
8 48
7 28
3 22
7 88
6 100
1 3
6 95
9 78
6 66
5 28
9 76
8 82
1 65
2 15
1 72
8 34
3 41
8 6
1 7
9 85
5 78
4 36
7 73
9 71
5 19
8 44
4 19
6 75
3 5
3 70
10 63
6 82
9 38
3 42
1 71
3 19
5 10
2 5
10 58
2 62
8 49
9 21
2 67
2 43
4 28
7 93
9 68
6 9
2 91
8 48
1 16
9 93
9 90
7 1
10 50
5 91
5 13
10 26
3 12
9 5
1 18
5 71
4 49
6 60
7 76
4 97
8 85
9 52
7 62
10 36
1 58
10 97
9 44
3 27
3 33
10 93
8 6
1 57
7 8
6 99
3 36
10 59
4 83
8 76
4 40
5 71
5 30
7 29
5 76
2 68
6 70
6 41
2 70
3 56
8 93
1 13
7 1
4 16
10 24
3 28
4 19
2 24
10 12
7 94
2 50
10 98
8 52
5 51
2 57
3 85
4 43
1 19
4 77
4 31
2 80
1 25
8 31
2 65
7 23
7 13
2 46
6 79
6 22
5 68
5 2
9 35
9 6
3 20
9 98
6 60
1 97
6 62
2 75
2 37
1 28
1 2
2 16
8 25
2 45
5 7
8 91
3 13
1 95
4 18
1 14
7 24
5 6
6 53
5 28
2 88
7 61
2 13
6 23
8 23
9 99
6 29
10 98
7 85
10 53
2 42
3 70
4 97
6 28
10 79
7 11
4 58
4 33
6 5
2 37
6 49
1 15
5 54
10 33
10 91
1 69
1 63
4 94
7 81
4 93
4 7
3 62
9 63
8 73
8 19
5 93
3 47
4 14
8 41
2 98
2 25
2 62
4 91
3 11
10 30
10 13
1 59
7 2
7 43
5 84
5 38
3 46
10 69
7 51
9 59
1 58
7 84
5 52
4 95
3 70
10 22
4 79
10 96
4 59
5 91
7 59
9 43
4 46
1 80
8 91
5 4
5 93
4 69
8 88
4 14
10 2
2 80
7 55
1 29
5 41
6 14
1 69
4 66
9 63
7 91
4 100
3 23
5 79
10 63
1 45
4 93
1 78
6 25
6 42
5 20
3 56
5 64
8 22
7 23
7 70
10 1
2 69
9 81
7 64
5 70
3 7
6 96
2 14
8 95
1 39
1 2
9 36
9 53
8 31
5 65
5 31
10 48
2 47
5 30
6 91
9 74
6 59
7 7
8 17
4 48
1 42
7 74
6 13
7 45
8 43
8 88
6 50
8 7
9 13
6 81
8 98
8 51
1 93
6 9
3 77
1 10
1 60
5 38
3 46
8 64
6 7
7 78
9 31
6 19
8 4
9 71
10 56
3 10
8 52
3 42
4 4
10 31
9 36
2 63
10 45
3 3
8 26
1 1
7 82
7 50
1 35
2 76
8 100
9 81
8 96
2 100
10 7
9 78
1 3
9 52
8 4
7 88
3 16
4 82
6 91
3 42
2 18
10 31
3 7
6 2
1 50
1 81
8 79
2 11
5 48
2 22
1 20
4 29
1 90
6 92
1 1
4 38
9 34
4 49
8 94
2 20
7 33
2 14
1 2
3 99
1 55
6 9
4 38
5 49
3 35
4 4
10 90
7 45
8 90
4 81
2 11
4 11
8 69
5 74
4 81
5 24
7 93
5 9
2 12
2 88
7 52
1 74
10 17
7 89
10 43
10 85
8 39
5 71
6 7
5 50
8 88
1 36
7 66
1 53
10 55
5 91
3 4
3 73
5 69
6 38
6 4
9 39
1 54
8 57
9 6
1 90
4 83
3 58
4 84
6 41
6 15
5 60
7 35
3 10
6 19
6 18
2 93
2 55
4 84
8 7
3 15
9 69
7 49
6 22
3 78
6 27
3 51
1 45
7 70
4 5
9 31
4 19
1 15
5 90
10 16
6 19
2 45
1 48
4 96
6 80
4 37
1 21
2 33
9 65
6 93
6 93
2 41
10 11
10 38
5 16
10 88
10 100
8 28
4 11
10 94
7 32
10 7
3 19
6 12
9 43
6 38
1 83
10 73
1 36
5 64
7 25
8 3
1 58
7 1
5 25
7 17
4 14
9 91
6 59
4 19
6 34
8 15
4 47
7 31
5 29
7 79
5 88
5 4
1 5
5 3
5 43
9 7
7 83
6 10
2 27
9 44
6 63
8 72
2 68
7 43
2 74
8 91
7 26
5 73
4 73
9 23
4 21
5 14
3 46
9 39
8 99
2 81
6 63
10 48
3 23
1 49
3 16
2 35
4 14
3 80
10 35
9 16
4 42
5 48
2 79
5 83
10 13
10 11
8 67
5 23
8 52
8 68
4 49
2 63
3 89
5 54
6 9
10 55
8 87
2 58
4 10
2 29
7 31
10 51
2 45
1 70
1 82
4 58
2 75
4 35
2 15
8 59
5 65
6 99
1 67
9 24
10 23
2 49
6 41
7 35
9 63
5 16
5 42
7 85
2 52
5 17
6 36
4 47
1 46
10 8
7 16
4 70
7 38
9 20
7 97
8 16
7 12
3 81
9 15
8 51
10 58
1 54
5 87
10 14
5 68
6 15
3 28
4 59
9 4
5 97
6 77
8 54
1 81
10 90
7 43
3 30
2 25
6 72
6 49
8 68
9 16
4 59
9 55
9 33
8 67
4 5
6 65
8 60
1 88
8 71
1 4
6 63
8 7
10 94
8 61
3 17
5 12
4 4
7 18
8 99
5 73
6 79
6 78
4 100
3 54
1 14
2 66
6 54
3 41
7 89
1 20
2 21
6 18
10 83
1 61
4 64
6 9
5 87
2 68
1 77
7 52
9 5
7 6
3 75
2 72
6 84
10 90
2 3
6 12
10 87
9 20
10 58
4 7
7 30
5 27
7 90
9 69
6 60
4 32
4 86
1 90
5 4
5 58
4 21
6 76
4 45
9 38
9 55
3 80
10 35
6 54
1 77
6 69
2 42
6 48
7 51
4 77
1 91
2 85
5 9
8 53
2 40
4 4
10 36
9 14
5 91
7 50
1 20
7 16
7 83
9 61
9 70
5 96
10 24
4 63
2 36
4 19
8 41
5 73
4 9
5 51
6 41
6 95
6 84
3 30
3 88
6 36
10 10
5 16
2 97
2 15
5 18
10 67
4 23
7 62
5 2
8 17
2 1
10 20
1 29
1 24
4 24
10 40
9 57
1 19
2 78
6 54
3 44
6 55
2 66
10 43
2 19
6 54
9 28
8 62
3 11
3 8
5 28
5 70
9 5
5 90
2 83
9 28
6 72
7 81
4 75
4 40
9 32
5 37
6 49
2 56
7 78
5 36
7 67
1 2
3 19
7 46
7 85
8 72
5 42
4 44
4 41
6 36
1 73
6 3
1 53
1 15
2 30
10 19
8 25
1 39
6 52
8 34
10 80
3 19
10 36
8 20
7 69
9 80
8 66
5 50
7 91
10 47
9 27
6 13
3 11
6 59
9 10
3 82
7 90
1 33
8 73
9 85
3 50
7 15
9 54
3 24
1 40
9 4
3 37
1 54
8 16
8 43
9 90
8 70
1 25
4 29
7 45
4 79
1 36
2 38
4 23
10 99
5 70
2 25
9 99
10 38
8 57
6 58
7 56
5 46
5 45
6 56
