5 9
6 1
3 59
2 85
10 40
2 80
1 74
7 32
3 49
6 5
10 47
7 11
1 41
2 6
9 20
1 20
10 97
5 65
6 65
9 16
3 17
9 22
1 98
7 94
10 48
4 92
6 93
7 38
10 61
10 89
5 1
3 44
4 93
1 80
5 87
10 57
5 68
3 36
6 18
9 26
10 55
9 12
3 60
6 1
10 48
3 43
4 65
2 57
5 59
8 39
10 5
1 75
6 40
7 42
1 14
2 5
9 64
10 70
8 29
4 28
3 47
1 22
7 47
3 55
4 21
1 48
6 6
4 63
1 23
3 89
8 75
8 94
4 80
3 56
3 7
9 78
2 38
6 16
6 52
4 93
8 72
4 33
3 82
9 73
5 100
9 15
10 56
10 51
9 40
4 48
9 90
4 44
7 62
5 12
10 19
10 68
8 61
9 36
2 90
4 96
4 26
6 2
1 62
8 93
7 46
2 81
2 87
8 66
9 25
2 82
1 16
10 16
1 46
1 67
2 25
8 81
6 51
5 33
3 64
10 23
5 83
3 19
7 37
1 99
2 71
1 47
7 84
10 60
1 40
6 5
1 55
3 39
8 57
3 7
8 26
9 31
2 15
5 14
10 49
10 92
7 74
9 41
10 98
2 85
6 15
9 14
2 97
6 12
10 89
1 91
4 5
2 62
6 26
1 10
5 22
9 9
7 41
7 30
2 83
3 15
3 94
9 43
8 71
10 5
4 23
8 86
5 37
4 31
5 3
2 67
6 93
4 21
5 4
1 69
5 2
2 93
2 67
10 42
1 63
5 93
1 100
8 89
1 80
7 83
8 48
4 66
7 65
3 97
4 54
7 6
9 23
8 4
8 73
8 33
9 63
4 94
5 5
9 41
10 40
7 58
4 96
7 42
8 66
8 100
3 80
7 33
10 3
1 72
1 75
1 63
8 7
5 57
5 29
9 5
2 13
3 99
8 90
3 30
9 37
3 87
5 43
4 86
3 61
5 40
10 99
10 84
8 58
10 70
9 3
4 68
9 10
6 15
3 39
9 88
4 93
9 26
5 41
3 42
8 82
3 25
7 51
5 76
9 68
3 36
8 23
6 4
8 91
3 38
1 16
6 52
7 71
9 41
8 91
10 51
2 21
3 38
9 64
10 67
7 6
10 80
10 52
3 89
7 85
10 87
4 83
6 52
8 98
10 7
7 73
3 83
3 14
10 80
7 62
9 13
8 91
5 37
2 16
10 65
3 19
3 23
9 85
10 42
9 10
2 5
7 99
1 53
1 62
5 87
6 13
4 23
4 8
7 12
9 53
1 49
10 90
1 62
7 90
8 52
10 8
3 62
10 53
6 57
1 64
6 87
6 93
3 4
4 80
9 5
4 89
6 50
5 85
9 28
5 6
8 48
7 47
2 35
7 47
2 43
3 65
4 87
3 98
9 28
4 55
4 47
6 54
2 39
4 48
9 7
5 9
3 5
9 51
1 8
8 52
3 84
10 8
8 40
10 100
10 87
3 26
10 72
8 49
10 100
7 48
9 70
10 79
9 3
6 5
7 76
2 90
1 46
9 17
4 57
10 59
4 17
5 36
3 29
3 54
4 57
2 36
8 7
7 55
9 78
1 85
3 73
1 55
4 7
10 9
4 51
5 94
10 6
7 42
2 1
6 97
6 42
8 20
5 51
9 59
7 7
3 94
1 100
6 49
2 62
5 40
1 82
7 91
10 79
5 99
5 94
2 74
8 48
6 9
8 70
8 13
7 80
4 68
4 72
10 90
5 83
8 4
2 6
1 68
6 98
7 7
1 100
7 85
5 5
8 35
6 75
5 46
4 11
1 63
6 59
8 79
5 74
9 91
7 2
6 42
10 61
3 83
5 69
8 21
2 3
4 41
10 35
6 43
6 51
1 64
6 37
3 64
10 63
6 9
1 2
5 58
4 59
6 30
9 7
5 16
9 97
9 3
10 58
4 18
2 24
6 87
3 52
8 85
8 63
1 61
4 88
10 30
8 80
6 57
4 31
9 40
6 75
2 65
4 11
6 48
1 70
10 43
9 22
8 78
8 96
9 83
6 90
10 91
7 13
4 71
2 64
4 71
4 1
7 48
5 71
1 77
5 62
7 100
2 12
8 15
2 100
7 8
3 53
9 41
9 56
6 80
7 71
5 3
10 96
4 44
6 13
4 17
4 26
5 3
7 5
5 88
6 46
5 7
7 28
1 32
4 47
7 73
4 32
4 85
2 34
1 4
1 75
3 80
10 92
6 47
3 86
4 49
7 34
8 29
10 100
1 27
1 1
7 57
10 78
10 33
10 61
9 88
9 55
1 13
8 47
2 100
2 71
6 29
6 13
1 68
8 97
3 92
8 54
7 13
2 94
3 95
4 52
10 57
1 53
4 54
3 3
8 43
10 51
4 70
3 53
6 19
9 6
7 98
3 18
1 76
8 88
2 23
3 39
3 98
5 78
5 89
7 44
9 95
8 87
5 74
4 76
2 68
1 96
4 12
9 61
5 15
2 87
2 53
10 42
6 27
9 46
5 92
6 18
1 9
7 14
9 30
10 56
1 11
9 59
3 15
1 75
9 97
8 88
8 33
1 21
6 57
10 73
1 57
7 18
5 60
2 54
5 66
3 95
1 80
1 10
5 88
3 17
2 62
2 86
9 82
10 61
7 43
3 26
1 9
2 46
9 97
3 65
7 42
7 80
2 72
10 2
1 77
7 77
4 55
4 31
2 82
2 100
5 98
4 17
10 20
5 80
4 42
10 23
3 54
5 79
6 91
1 95
4 83
10 17
4 91
9 17
8 79
3 84
10 85
2 56
7 99
5 23
2 50
7 93
4 70
8 5
1 59
4 48
7 86
7 60
1 74
1 80
3 66
7 8
2 76
7 85
3 23
7 83
6 6
10 59
4 14
2 4
3 23
9 18
10 78
4 19
7 89
5 97
4 92
3 84
9 88
4 81
4 67
5 73
4 9
9 61
5 98
5 54
6 88
5 8
4 99
1 92
3 3
6 92
5 91
10 8
1 49
4 51
10 10
1 11
6 72
7 34
4 41
10 58
4 96
3 60
3 60
9 16
2 49
2 85
3 32
8 1
2 65
5 72
2 28
6 95
10 49
4 59
2 97
5 20
9 75
7 72
4 35
2 44
6 2
6 83
2 99
1 69
8 38
4 32
3 92
7 91
8 67
7 16
10 56
1 40
5 91
2 96
9 46
6 7
7 47
10 7
9 52
2 38
5 32
5 30
4 92
8 89
10 99
1 40
3 16
8 38
6 23
1 57
9 91
4 9
5 91
8 36
2 31
6 75
1 30
6 64
10 42
9 12
4 56
8 36
10 71
4 31
8 76
4 11
6 40
7 86
4 18
6 60
4 19
5 72
1 52
2 19
9 47
3 12
2 15
6 7
8 26
6 49
3 36
3 30
1 70
1 2
10 29
4 52
3 30
3 13
1 55
10 14
1 80
2 54
4 19
4 14
5 21
10 10
8 99
1 1
10 50
6 74
9 71
4 23
8 18
5 58
8 94
8 87
1 75
10 88
6 72
3 25
4 32
7 37
9 40
5 73
8 30
8 12
8 29
9 27
2 33
1 32
6 22
3 38
8 37
8 28
6 39
8 35
1 51
2 6
5 31
3 29
8 47
6 2
4 78
10 89
10 53
3 26
6 46
6 69
3 2
8 37
5 3
5 30
9 54
3 17
3 64
6 19
9 40
7 11
3 58
2 16
1 43
4 47
6 70
7 18
8 29
8 43
1 73
4 7
2 28
4 87
3 45
5 92
8 19
3 59
6 62
7 97
2 15
3 5
2 99
3 97
8 40
4 58
9 88
6 9
9 43
5 6
10 87
6 7
6 91
8 38
1 41
1 8
6 93
6 11
8 76
4 88
4 38
10 66
3 52
10 10
2 1
7 80
9 80
1 98
8 15
3 44
10 28
1 41
4 77
1 94
1 33
4 68
3 14
2 32
2 42
8 95
6 4
7 76
6 47
1 94
2 89
9 94
4 22
7 99
1 47
4 8
10 31
3 4
1 58
9 58
10 33
4 27
1 38
7 54
1 37
3 66
8 55
8 7
9 55
4 70
8 27
10 19
7 90
5 30
10 32
5 34
9 90
10 71
4 88
9 58
2 9
3 23
9 39
2 35
10 48
5 96
8 45
8 90
2 29
8 91
3 9
2 67
1 32
2 31
6 58
8 96
5 83
9 29
7 7
5 6
3 12
4 83
7 28
2 68
9 12
3 75
6 78
3 9
3 87
6 34
4 24
4 17
2 4
10 67
4 4
10 44
10 52
8 63
4 22
8 52
4 63
3 89
7 5
4 80
4 80
7 77
5 94
5 79
7 12
5 46
9 70
10 77
3 31
3 46
9 45
1 35
10 55
10 54
8 15
7 13
2 14
2 24
6 52
6 80
3 21
3 74
8 25
7 9
6 17
9 2
4 74
2 46
8 84
2 26
