3 50
2 9
3 66
3 14
7 19
10 98
1 93
8 55
5 20
3 33
7 56
3 62
4 62
6 82
2 68
5 18
7 28
10 1
6 82
1 37
9 8
9 74
1 31
5 56
6 80
7 66
9 33
10 42
5 59
10 41
3 57
6 24
5 95
4 13
2 88
3 24
7 74
9 41
2 93
7 41
9 7
8 21
8 23
3 14
5 20
3 14
4 77
8 72
6 99
5 4
7 35
9 50
10 10
3 49
9 67
7 40
2 65
6 25
4 47
4 46
6 20
1 85
6 99
3 99
9 64
9 10
10 97
10 9
1 1
2 57
10 82
10 49
6 90
5 18
8 28
6 17
7 17
10 43
8 7
8 40
3 2
8 63
5 34
4 66
9 49
7 65
4 73
10 70
9 45
1 88
8 38
10 48
10 18
6 23
2 74
6 1
3 60
7 88
6 38
4 60
5 14
2 78
2 81
8 61
6 80
9 8
9 74
6 27
1 98
5 16
6 88
1 51
6 40
1 79
8 70
4 56
2 6
4 38
2 5
6 38
9 97
2 40
9 95
10 38
5 18
7 81
2 95
3 77
5 92
10 6
7 42
1 86
2 80
2 63
4 61
7 70
3 54
10 6
3 70
2 12
4 30
2 27
2 69
5 88
6 41
6 44
2 89
4 21
10 52
5 95
4 70
4 77
7 45
3 37
4 70
8 57
4 27
4 63
2 46
10 52
4 87
3 37
7 79
5 10
4 9
4 64
8 15
3 79
2 39
8 93
2 63
2 75
2 91
3 89
10 25
9 24
5 23
2 25
10 25
9 85
3 89
2 93
3 77
2 91
9 36
4 70
1 82
3 48
1 82
2 82
2 82
2 49
10 91
2 16
5 26
6 89
9 46
10 79
6 83
2 14
5 72
1 41
7 66
8 72
4 86
7 73
6 34
5 75
5 52
5 27
10 62
5 67
5 1
3 32
3 93
6 92
9 19
5 32
2 92
3 57
10 30
6 30
1 72
5 18
7 1
1 96
1 66
6 27
5 83
2 53
1 96
6 88
8 57
8 65
10 19
8 13
7 70
10 41
3 96
9 57
6 80
9 89
10 49
7 20
4 70
3 3
3 31
5 3
9 50
1 99
1 79
9 16
7 1
2 14
7 27
1 24
4 48
6 17
3 68
8 35
2 15
7 45
7 87
8 40
2 97
1 98
6 89
4 60
9 37
2 18
1 53
7 65
10 92
9 40
1 26
2 68
2 98
10 27
8 71
5 76
8 40
6 18
10 40
5 75
7 100
4 79
2 60
2 10
10 54
7 98
4 63
3 54
9 2
10 5
6 48
2 79
3 37
6 51
1 17
7 45
5 51
7 55
10 63
5 55
10 100
3 64
1 12
3 70
10 49
4 75
5 64
10 21
10 41
9 78
8 95
4 96
4 14
9 25
7 95
4 62
2 31
7 80
10 57
8 100
6 78
5 26
10 22
2 97
1 13
8 9
5 31
1 53
2 90
2 61
9 58
4 1
10 72
8 24
8 20
9 83
10 100
3 84
3 51
2 36
1 67
2 14
5 52
7 67
6 28
7 11
3 96
6 40
9 77
4 87
5 67
1 60
1 41
8 87
3 37
1 81
8 16
7 32
2 14
2 60
3 79
1 3
7 99
6 1
7 63
7 57
4 62
10 51
1 55
5 98
10 80
9 25
6 96
4 95
1 46
3 25
10 54
6 86
8 10
5 21
2 86
7 98
6 20
9 3
9 43
4 81
8 67
4 56
10 79
3 64
2 11
10 86
7 65
2 63
10 42
7 51
3 53
7 78
1 33
9 93
5 73
7 9
5 38
6 45
8 84
8 21
5 73
7 94
6 75
4 81
8 13
4 61
9 22
8 26
2 14
6 64
4 57
7 88
9 94
5 29
8 9
8 56
2 5
10 14
2 78
8 6
4 79
6 84
1 56
10 45
6 2
3 17
6 99
3 84
7 62
9 52
9 77
5 23
3 15
3 73
8 44
1 54
1 82
9 96
5 66
5 74
1 90
5 76
6 83
1 19
7 46
4 50
2 39
10 12
10 9
6 69
6 79
5 63
5 73
7 72
10 86
4 79
1 64
2 33
10 29
3 67
10 91
6 30
3 100
10 86
3 37
5 11
8 61
2 10
6 65
7 93
5 6
8 95
7 15
6 79
1 97
2 71
8 33
7 20
10 1
10 81
8 7
8 58
3 95
3 80
6 28
10 82
1 47
1 75
10 9
5 43
5 62
10 39
9 98
8 42
8 12
9 30
5 86
7 16
6 41
1 76
10 26
10 33
6 1
5 1
2 82
6 68
7 82
7 48
4 57
9 46
3 50
10 79
10 78
9 30
10 43
2 26
8 9
3 7
8 12
1 83
3 46
5 27
2 31
8 96
3 15
9 52
5 47
10 2
6 28
10 99
7 65
8 38
3 92
6 63
4 60
9 63
3 66
4 88
5 91
2 33
3 22
7 22
3 99
2 2
7 15
1 80
10 47
10 56
3 16
8 51
9 45
7 35
5 2
7 11
7 44
7 74
1 97
3 50
3 2
5 39
6 8
1 17
9 80
8 48
7 27
10 24
2 75
8 98
9 56
1 59
5 23
9 91
5 29
1 40
6 83
9 21
5 66
6 94
5 18
10 7
5 85
4 69
4 6
9 77
2 67
2 24
4 80
1 12
10 69
6 42
4 64
7 72
5 13
4 38
4 19
9 84
3 49
2 76
6 73
6 86
6 28
7 80
9 95
1 13
3 6
5 22
6 68
2 37
10 34
6 29
5 65
4 30
3 3
7 46
5 38
7 50
2 17
4 41
7 8
8 46
6 59
8 52
10 58
7 82
9 12
7 61
10 30
1 75
3 24
6 90
5 27
1 82
2 98
10 48
1 94
10 44
3 12
6 33
9 75
9 33
1 88
9 72
3 43
6 11
1 19
1 10
8 17
2 1
8 38
2 72
6 63
7 10
4 34
6 85
4 56
9 65
10 97
7 55
3 8
4 52
5 16
5 11
1 85
5 15
2 85
6 78
6 38
10 52
3 68
6 4
10 35
2 6
4 43
2 5
9 37
1 75
9 28
8 68
10 93
6 96
6 71
1 22
8 78
6 34
8 99
8 9
4 97
1 12
7 39
10 47
2 70
3 29
5 59
7 62
6 98
3 72
6 77
1 43
8 81
5 80
9 78
7 13
3 18
1 56
3 92
1 85
5 43
5 93
2 31
5 13
7 76
1 48
10 15
1 58
6 49
3 34
5 49
2 96
4 78
6 20
8 7
8 94
2 4
4 91
5 74
2 44
8 83
4 63
4 76
7 79
7 67
3 93
2 17
9 81
6 77
3 78
10 67
2 35
7 65
10 99
4 24
8 84
3 98
9 8
10 40
5 45
1 83
3 36
1 9
5 65
4 90
4 65
9 53
5 52
9 5
3 49
10 68
10 61
9 23
7 93
10 28
3 89
6 5
8 6
6 50
7 87
4 3
1 33
7 87
8 100
5 74
10 74
9 78
9 30
7 76
8 21
4 71
4 39
5 37
10 29
6 11
3 8
5 38
1 58
5 52
9 8
2 18
3 100
6 27
1 88
4 99
10 1
4 53
4 30
9 91
7 53
3 89
5 28
1 25
1 72
10 97
8 64
8 38
1 49
3 78
7 67
3 54
5 35
9 23
7 91
1 99
10 28
2 42
8 15
3 54
3 100
8 65
3 83
2 94
1 12
3 88
1 82
5 79
8 93
1 8
1 94
6 24
2 31
3 25
7 20
5 66
7 72
6 53
9 70
4 6
7 45
8 60
6 6
3 32
10 41
1 13
1 74
1 96
1 47
9 11
6 60
8 37
10 42
2 51
5 88
7 2
7 44
10 14
3 71
2 6
7 21
10 17
4 16
9 33
3 63
10 74
10 70
10 51
2 33
1 14
2 27
5 50
3 69
3 71
4 80
7 33
3 48
10 17
3 59
3 48
3 79
4 70
4 51
7 100
9 77
7 55
7 49
3 10
2 25
3 34
7 34
6 29
4 38
10 32
2 25
8 30
9 7
1 86
8 63
2 40
2 98
3 69
6 54
2 86
4 23
6 96
3 13
1 62
5 56
5 2
7 60
8 9
1 3
1 46
6 61
8 23
8 29
7 97
6 91
9 29
9 94
6 44
5 20
7 7
5 96
1 28
9 88
10 14
10 39
4 99
7 7
10 17
1 72
5 54
9 44
7 85
1 16
1 82
7 4
2 54
2 52
4 77
5 46
6 93
3 96
6 56
8 38
9 29
5 57
3 88
4 93
7 20
10 1
5 19
10 60
10 17
7 83
4 33
8 30
1 90
10 1
10 33
7 89
4 93
6 67
3 36
2 57
2 20
2 11
2 94
1 82
7 94
2 1
9 29
2 8
1 29
5 94
10 95
6 2
10 19
3 30
9 85
9 85
9 55
5 59
9 48
2 47
8 87
5 38
3 69
1 51
1 5
10 91
7 78
2 49
