9 93
4 29
1 16
2 66
10 68
9 91
8 74
9 27
5 83
10 100
8 26
7 23
7 100
8 57
3 21
5 15
4 94
3 3
6 9
9 46
3 81
4 33
6 43
2 64
2 42
9 14
4 84
2 77
7 85
2 49
2 57
5 52
6 62
9 57
1 68
1 86
3 82
7 17
3 34
2 69
7 45
5 95
1 21
2 91
4 83
7 46
6 73
2 79
5 61
2 33
7 96
6 97
6 67
7 27
9 80
8 79
6 61
4 63
10 49
9 64
3 44
2 75
3 34
3 33
4 35
8 67
4 34
8 68
9 8
8 12
4 68
9 50
10 26
3 6
8 61
6 54
9 62
7 44
7 87
6 38
7 36
4 53
7 57
6 58
1 12
6 98
6 99
4 14
9 35
9 77
7 72
2 78
9 70
10 13
6 84
1 49
1 83
5 96
4 74
9 40
7 89
8 79
1 4
7 22
5 38
5 46
1 19
5 84
6 16
4 35
4 70
3 7
1 26
1 49
9 84
2 66
4 78
10 62
3 63
6 79
3 14
4 3
8 89
10 23
8 32
8 40
9 88
9 88
2 88
8 2
2 23
3 64
5 70
5 47
6 13
5 45
9 78
9 55
10 51
1 16
4 26
10 10
5 70
3 48
7 40
4 41
9 92
2 9
3 66
5 79
9 13
1 95
4 12
4 41
3 64
8 10
3 10
8 60
4 33
1 26
9 84
10 77
4 2
4 98
3 51
6 64
6 36
7 2
10 18
5 44
9 40
5 38
10 11
9 38
1 64
10 38
1 98
5 83
5 65
2 18
6 75
7 8
10 13
10 73
1 1
8 41
4 96
6 52
9 63
5 80
6 24
3 82
1 99
1 37
2 2
7 30
2 75
10 85
7 76
9 2
10 77
7 81
8 39
3 20
9 28
2 70
2 64
6 68
4 67
8 12
7 81
7 66
7 55
10 13
7 86
6 18
9 2
6 45
2 54
3 49
2 56
9 17
3 33
4 80
8 74
3 97
7 84
4 54
10 23
8 63
3 95
9 32
6 88
3 16
1 76
1 72
3 69
3 76
6 38
10 64
6 44
3 47
4 70
6 89
5 34
10 32
9 41
6 46
4 35
9 58
1 61
2 100
7 40
6 50
3 91
4 26
2 17
4 2
5 32
10 68
2 6
10 42
2 82
4 77
6 43
4 83
7 38
8 46
3 90
8 81
4 29
7 70
1 69
6 58
8 68
6 66
3 54
2 59
7 14
8 40
2 48
4 83
3 10
1 70
4 69
4 8
9 99
9 2
1 55
7 75
4 14
8 88
5 45
1 77
10 28
5 49
2 85
2 6
4 46
9 31
6 37
6 80
9 18
10 60
1 25
6 74
9 8
4 54
8 68
8 38
5 36
3 65
9 84
2 49
6 65
9 26
3 100
5 39
7 57
6 16
7 21
10 13
8 81
9 67
2 40
7 61
8 67
8 79
1 27
6 26
10 7
8 19
10 1
3 95
9 56
5 63
6 81
7 90
6 86
9 4
4 3
10 34
5 100
9 37
2 44
6 23
2 53
9 26
1 28
4 75
1 96
7 13
5 63
9 76
5 97
5 41
5 74
2 62
8 31
9 28
7 73
2 31
6 26
7 78
2 64
7 62
10 52
7 26
3 24
7 51
9 38
3 13
10 81
3 87
3 41
1 59
8 19
10 30
6 99
10 83
2 67
3 74
3 77
8 13
7 24
2 35
6 52
5 6
6 4
9 27
5 13
1 51
2 6
6 53
8 23
2 91
3 79
6 67
10 90
4 11
10 19
2 37
4 27
1 65
8 51
7 53
3 84
7 84
5 82
3 66
8 26
5 32
10 13
4 67
7 7
1 40
1 13
7 11
1 79
4 53
5 37
4 97
7 37
2 77
6 39
8 83
6 21
6 62
6 42
6 60
2 29
7 71
9 66
1 3
9 93
2 68
4 100
2 95
10 9
7 7
1 56
8 54
2 31
10 7
4 96
2 28
8 11
2 81
7 17
5 32
10 45
9 70
8 11
1 27
3 11
6 6
7 27
10 37
6 93
6 77
2 52
3 13
1 54
10 29
5 32
6 58
2 66
5 56
3 97
4 49
10 59
9 53
1 7
5 92
6 6
6 96
10 10
1 22
2 17
8 100
8 45
4 97
6 76
5 94
2 79
9 34
8 14
1 57
6 39
9 49
7 75
8 22
9 49
4 55
3 48
3 34
8 90
1 77
5 44
4 12
9 82
5 41
3 35
7 14
5 4
5 65
3 34
10 40
10 59
3 29
7 4
5 67
4 13
8 75
9 85
9 45
5 68
3 98
9 79
6 51
3 51
7 1
1 82
10 33
2 59
3 66
6 69
8 10
8 79
1 49
7 79
10 90
2 38
5 65
8 37
2 85
3 42
5 79
3 88
2 7
4 100
6 4
10 17
8 92
5 21
8 69
3 75
5 99
5 48
5 66
10 1
7 76
6 42
6 5
4 50
1 95
7 52
2 29
5 90
5 32
3 61
8 70
9 77
1 59
6 50
7 85
6 72
4 47
5 63
10 98
4 100
1 73
8 9
6 19
1 92
1 83
4 95
4 8
8 87
3 47
3 8
2 43
8 41
4 35
3 5
2 10
6 81
3 48
3 100
10 93
8 14
1 9
9 97
2 4
8 63
4 11
3 13
8 38
2 76
9 72
9 56
1 6
9 89
8 13
2 57
8 16
2 36
1 65
6 14
6 80
10 25
6 94
8 51
1 20
10 22
5 57
3 75
7 92
9 97
6 72
4 36
3 66
9 83
10 32
1 2
1 69
4 56
7 25
10 100
1 64
9 99
2 71
4 60
10 54
4 8
10 20
9 5
6 9
3 82
1 46
3 8
9 96
6 28
8 99
8 94
4 86
7 42
6 13
2 17
2 95
8 75
4 66
2 72
9 91
2 61
10 79
7 30
3 64
2 58
8 41
7 55
2 23
10 99
3 93
2 88
8 11
9 37
6 57
3 45
2 66
6 1
2 66
7 14
8 9
6 37
1 39
3 92
7 81
8 55
2 40
8 23
6 50
9 18
10 62
9 24
3 65
2 82
5 87
9 1
10 75
2 2
1 65
2 86
4 58
5 49
2 29
1 3
2 88
2 55
2 5
8 72
1 41
8 22
7 96
4 56
3 91
3 20
5 26
7 11
10 32
6 13
1 46
4 73
2 42
7 15
8 78
3 71
9 48
7 39
10 43
4 77
5 83
5 67
10 3
2 76
6 37
7 12
7 96
8 11
2 2
9 70
5 52
3 7
7 67
9 21
4 8
9 65
9 81
5 24
4 51
3 24
9 88
3 57
8 3
10 66
10 46
8 93
10 43
7 50
10 47
5 27
5 21
8 100
5 48
5 6
2 99
7 13
8 42
9 21
4 70
3 73
3 33
9 12
4 97
8 38
2 87
1 17
2 44
5 45
9 36
7 74
5 75
4 62
1 73
7 51
5 22
8 50
7 71
5 42
7 44
3 84
1 7
4 100
4 93
9 46
9 85
4 26
5 2
5 66
3 79
10 75
10 34
4 16
8 12
2 27
5 77
7 20
6 99
1 43
10 66
10 62
7 7
6 5
4 94
10 87
2 98
9 34
3 39
2 31
7 72
5 51
4 75
5 14
1 63
8 27
10 57
1 92
5 23
4 1
7 8
3 43
8 96
8 51
5 93
7 22
10 100
6 7
7 39
2 86
9 68
1 55
4 98
6 34
10 19
1 78
9 7
9 12
6 92
5 35
7 47
10 74
9 27
7 3
9 93
10 87
10 64
4 43
3 11
6 90
4 17
1 73
6 69
4 96
6 78
2 21
3 42
7 12
2 52
2 6
9 96
6 79
4 61
9 32
9 49
4 97
3 8
9 85
9 6
6 56
5 39
5 6
8 58
9 86
1 9
1 84
2 49
2 77
4 50
8 69
7 7
7 16
4 64
4 86
5 52
2 40
4 17
6 41
2 67
10 61
6 82
2 89
10 80
5 40
5 7
5 19
6 43
10 25
7 89
10 57
2 25
3 36
5 78
1 46
4 20
1 1
10 45
5 67
5 84
1 90
5 88
3 89
10 54
8 57
6 7
1 69
2 30
6 48
10 57
3 34
3 25
2 14
1 83
6 83
5 7
5 5
6 34
1 87
10 96
10 8
4 63
5 75
6 90
4 91
7 22
9 28
1 100
8 32
7 73
9 75
5 14
3 6
1 39
5 94
6 44
9 97
10 24
2 42
9 58
5 99
7 21
7 16
10 23
9 15
1 74
2 98
2 11
10 21
10 85
10 13
7 31
8 10
4 58
1 58
5 6
6 11
9 78
4 87
9 22
7 78
3 10
1 5
3 6
2 74
4 15
10 41
7 88
7 30
4 85
1 72
1 45
3 26
9 37
4 57
7 35
9 51
7 57
6 95
8 51
10 77
3 37
4 13
8 88
5 16
7 69
10 55
10 36
5 77
5 47
4 72
2 28
