8 76
3 78
10 13
8 29
6 40
5 76
5 75
8 71
8 20
9 31
5 73
6 37
6 37
2 9
9 53
6 9
9 35
5 50
5 10
8 67
1 28
5 81
6 65
4 71
9 33
3 44
2 48
9 86
9 21
1 65
8 86
5 10
2 31
9 86
8 27
10 72
5 81
2 42
1 99
7 38
3 5
2 78
8 96
1 27
6 1
2 56
7 2
5 60
1 56
6 28
5 44
2 62
7 56
3 51
4 69
3 84
5 32
8 14
1 2
1 51
4 57
8 85
10 68
8 90
1 38
9 2
4 24
8 45
7 65
6 5
6 92
8 88
10 86
10 90
8 41
10 59
3 84
3 52
10 24
2 5
4 89
8 50
9 87
1 63
9 48
7 70
6 75
10 55
7 50
8 16
8 57
6 71
2 56
5 74
6 95
8 33
4 89
5 10
8 22
5 66
4 57
2 76
6 7
5 88
2 10
10 31
5 87
2 74
3 87
3 61
8 85
5 33
8 41
9 73
6 92
9 94
4 92
4 2
1 43
2 53
4 65
5 31
3 86
4 9
5 43
2 19
7 68
4 18
1 3
10 4
7 81
10 57
5 61
6 40
7 83
4 3
5 50
3 29
4 59
5 12
1 54
6 14
7 50
5 84
6 41
6 97
4 82
4 37
4 68
10 91
8 92
1 85
6 18
7 99
5 57
4 74
8 1
7 84
8 83
6 54
8 16
8 22
5 22
2 54
2 93
8 49
1 89
5 65
9 49
8 19
8 57
9 44
6 24
6 80
8 90
4 37
2 96
9 25
3 42
3 9
2 47
9 24
6 55
4 84
7 52
6 96
5 17
6 37
8 95
7 26
1 7
10 49
1 85
9 24
6 53
5 90
5 12
3 79
10 65
10 85
6 45
5 38
1 16
6 63
5 18
4 63
4 79
2 33
5 35
6 74
5 96
8 93
3 58
4 30
1 4
5 61
8 97
1 61
8 67
2 92
10 45
2 29
3 69
2 14
6 90
5 55
1 30
1 17
3 62
1 97
1 27
8 40
2 83
1 89
5 65
8 40
4 56
7 66
10 26
1 91
7 42
10 60
10 79
5 79
3 20
9 20
6 34
5 22
1 97
4 94
8 7
7 100
8 22
7 33
1 61
8 66
7 71
9 75
6 56
8 83
8 88
6 87
4 30
7 70
8 30
10 21
5 99
7 40
1 77
4 54
1 98
9 53
7 65
8 26
9 32
4 76
2 18
10 55
8 74
5 92
10 17
5 9
2 40
1 88
4 59
10 37
4 6
1 88
1 55
7 16
1 55
2 59
4 50
4 3
2 2
5 86
2 100
3 5
7 75
8 99
8 78
5 46
10 24
7 68
10 86
9 69
8 2
5 75
2 68
3 14
5 27
10 62
3 33
1 8
2 47
4 54
10 52
2 22
3 77
3 21
9 11
3 85
8 69
7 57
5 56
1 58
7 92
8 41
1 90
8 51
7 57
6 72
5 58
9 99
9 4
7 75
3 56
8 28
5 14
9 97
1 69
6 83
10 18
5 82
4 81
10 99
2 68
4 90
4 4
10 67
3 49
8 53
2 66
1 38
3 88
2 83
1 5
7 59
5 16
5 18
1 99
5 53
3 80
4 80
10 30
1 29
3 21
1 64
8 81
10 36
1 96
10 14
6 90
10 47
4 15
6 37
3 12
10 63
5 90
6 26
7 64
3 1
6 92
2 71
10 73
3 69
8 68
10 62
9 5
3 68
4 30
10 18
5 72
10 79
8 25
2 75
4 2
1 19
9 32
2 63
3 30
7 37
4 15
2 77
3 51
9 69
4 81
4 62
5 11
1 40
1 10
4 16
3 23
1 88
4 83
3 36
8 48
10 96
8 10
4 85
7 82
9 66
8 57
7 77
2 52
3 50
4 12
5 32
1 49
10 14
6 61
2 46
6 6
8 22
3 44
6 27
2 79
9 39
7 37
10 98
4 93
10 53
4 7
2 4
6 94
10 55
8 97
10 60
5 74
2 31
5 34
2 50
5 62
1 36
2 38
3 30
7 44
1 90
5 44
5 24
1 72
3 54
2 11
5 83
3 31
10 4
9 15
2 75
5 19
5 82
1 91
10 25
10 87
9 47
2 14
8 99
1 29
10 67
2 32
8 42
1 68
6 51
1 83
9 82
4 29
10 47
6 28
2 54
1 92
2 46
6 74
9 38
9 2
6 94
4 31
1 26
10 26
2 38
1 59
8 54
5 62
9 41
1 62
7 46
10 53
2 78
9 71
2 61
5 75
5 7
6 20
2 91
1 93
2 24
3 31
7 56
10 69
2 79
4 64
2 56
4 76
6 59
1 77
1 91
5 80
3 67
10 100
10 36
2 86
4 77
1 37
2 20
2 37
1 49
2 91
6 2
2 98
3 13
6 29
1 89
4 61
7 40
2 86
2 30
8 55
10 70
9 51
5 41
1 47
9 7
10 6
1 33
7 55
9 49
8 50
9 51
1 42
3 68
9 75
6 45
5 77
3 1
9 49
10 73
6 52
5 98
8 49
10 68
8 19
8 13
1 17
1 96
4 35
3 70
6 34
3 81
4 99
4 4
9 14
1 93
7 38
10 72
5 65
3 53
5 93
8 15
1 41
3 33
5 55
10 54
7 48
4 5
5 87
2 14
9 50
3 39
3 70
5 75
10 9
9 5
2 35
8 2
2 30
5 18
7 72
7 69
9 24
3 5
7 24
6 75
1 69
10 71
8 72
3 34
5 22
6 72
10 80
5 58
2 85
7 10
1 48
6 97
8 14
7 63
5 9
1 87
7 81
3 73
1 80
6 61
1 83
5 69
1 67
7 67
2 70
5 10
4 89
1 12
9 35
2 17
4 8
7 90
10 67
9 68
1 94
9 60
6 84
3 45
7 22
10 93
9 63
8 70
2 69
10 8
4 62
4 63
3 51
5 32
8 5
8 53
3 37
10 43
2 74
2 51
9 91
7 65
7 94
8 37
10 77
10 39
2 24
9 95
7 39
5 14
8 74
3 96
4 79
7 11
6 24
5 24
5 99
6 94
9 99
4 96
10 77
4 64
7 16
3 79
5 49
9 87
6 15
1 8
1 10
6 34
6 83
4 4
8 26
1 35
3 57
1 43
1 85
2 11
9 58
6 63
6 27
4 26
1 63
2 82
7 20
2 2
9 22
5 94
3 28
9 42
7 8
1 13
7 89
10 65
4 91
5 84
5 2
8 33
5 46
8 98
4 99
8 70
1 38
3 52
5 93
3 94
6 13
7 11
1 45
3 84
4 46
1 38
6 98
6 100
7 5
4 43
10 73
4 70
2 10
7 39
6 41
9 40
2 59
10 40
2 97
4 78
3 67
9 73
6 70
3 73
10 12
7 10
6 16
7 42
4 78
2 6
10 8
5 62
6 34
10 10
1 8
5 10
1 51
9 80
5 40
8 29
8 33
7 50
10 9
5 47
9 55
6 99
2 73
2 38
8 99
3 7
3 28
8 72
8 78
7 4
2 75
4 37
9 35
6 13
8 12
6 71
10 100
7 91
1 66
8 86
2 58
6 83
5 55
9 28
6 95
7 65
7 74
6 84
3 67
3 76
5 37
9 60
9 77
4 29
6 70
6 64
4 97
7 79
10 42
5 34
5 98
4 38
9 15
4 6
4 59
5 78
3 87
8 29
1 75
6 30
4 64
1 95
4 7
1 19
9 10
5 31
4 92
7 8
4 16
4 11
10 90
2 89
7 92
2 78
8 53
4 66
9 49
2 35
8 37
9 7
5 77
5 85
1 52
7 62
3 6
2 59
1 13
9 18
8 59
2 67
8 68
6 56
9 61
10 41
10 69
1 70
6 24
9 46
3 38
5 22
4 77
8 59
6 59
9 24
3 75
8 40
4 63
8 65
7 32
2 63
1 86
4 73
4 7
10 21
2 91
3 9
4 65
4 81
2 41
6 69
1 74
8 74
8 31
9 25
10 27
6 91
3 97
6 27
10 14
7 22
1 62
1 54
2 50
8 19
9 50
5 2
5 6
8 76
7 59
2 95
7 31
4 80
1 69
8 13
4 16
8 41
8 24
5 39
3 28
3 64
2 38
4 6
10 12
9 85
10 91
1 32
4 15
10 30
3 59
9 39
10 67
3 31
10 36
10 21
6 35
7 12
6 94
9 71
7 56
5 99
7 52
10 48
4 2
8 81
8 54
3 92
3 90
6 30
2 62
5 99
2 55
2 99
7 61
6 14
9 26
2 50
7 21
10 22
5 56
10 81
2 62
4 53
9 12
10 32
4 11
3 74
4 51
1 58
2 100
9 6
5 22
6 72
3 47
4 63
9 16
4 15
8 8
9 50
9 3
6 52
8 78
4 78
1 73
4 11
3 38
10 16
10 16
1 74
9 13
8 23
1 36
5 93
3 35
9 99
10 41
2 46
8 100
2 7
6 39
9 40
8 11
4 28
5 68
1 61
9 3
1 53
