6 98
1 31
1 15
7 46
10 81
5 7
3 98
8 65
8 59
2 47
7 86
9 27
2 10
5 13
4 54
6 84
9 81
9 44
6 85
6 16
1 57
2 26
7 74
5 62
10 86
10 28
5 8
4 94
1 18
7 18
9 72
4 81
9 6
10 9
1 32
5 9
8 94
4 47
6 59
10 39
3 39
9 35
2 70
9 3
1 16
7 24
3 2
2 92
5 7
3 52
8 77
4 58
8 18
7 27
10 52
8 1
8 40
6 58
8 55
10 62
8 79
4 18
8 65
10 38
6 30
8 40
7 87
2 99
1 94
8 84
1 14
4 84
7 79
10 77
5 39
5 62
3 81
4 92
4 61
1 47
10 68
1 6
8 26
8 84
9 62
5 76
6 99
9 92
3 74
9 22
5 63
10 48
3 5
9 66
6 12
10 38
7 82
2 16
3 47
1 28
3 6
2 81
5 75
8 48
9 98
9 42
1 54
5 35
7 94
6 84
2 57
8 36
4 58
9 79
4 2
7 76
7 22
9 5
1 68
1 5
6 51
4 74
4 29
9 52
7 34
1 51
1 73
1 93
8 65
9 48
9 86
6 23
1 34
7 67
9 5
6 70
10 25
3 5
10 95
9 63
3 19
2 49
2 18
9 12
2 87
1 42
3 19
1 90
8 46
9 88
3 35
7 44
9 32
3 2
6 96
10 35
6 90
2 44
3 7
9 14
10 3
6 37
6 37
2 93
8 54
5 26
10 84
9 7
8 80
4 35
8 37
10 46
7 23
4 63
5 45
8 3
3 47
4 25
3 37
6 44
10 37
6 15
9 52
9 95
6 88
5 4
7 17
3 93
10 82
6 22
9 43
8 46
8 22
2 82
2 23
4 74
6 45
4 73
2 86
10 3
7 30
6 11
3 85
9 83
7 11
8 26
3 54
7 80
8 23
7 45
6 6
2 47
7 96
3 50
1 50
2 88
1 88
3 18
3 8
7 86
3 66
4 5
1 37
5 85
1 44
2 68
9 22
9 53
7 51
10 73
10 17
7 93
1 4
1 43
1 14
6 95
1 63
9 89
5 32
2 96
6 67
2 93
5 79
1 18
5 95
2 34
7 62
8 75
8 36
4 88
7 36
3 33
10 25
8 8
1 24
4 26
1 1
6 11
2 30
5 67
4 94
9 34
8 73
10 2
5 9
4 100
3 89
7 41
10 98
7 80
1 60
4 26
3 47
5 78
5 87
1 91
9 33
3 55
1 59
8 9
10 80
6 31
1 6
10 23
2 56
8 92
3 13
7 54
3 7
4 6
5 53
4 31
1 8
9 7
10 96
6 17
2 75
7 70
9 38
8 66
6 41
6 45
6 38
9 31
10 42
10 56
8 84
1 51
5 38
7 81
1 42
8 54
9 26
7 3
1 69
1 79
1 23
8 53
1 91
8 72
9 88
1 6
6 33
4 18
2 17
3 48
7 7
7 64
5 99
4 4
1 20
2 98
9 59
4 5
8 77
8 27
10 8
4 30
2 83
6 17
6 8
4 55
1 99
6 90
5 81
5 47
3 82
8 50
5 17
2 94
2 7
7 65
8 80
1 95
9 82
1 20
7 70
3 55
1 1
3 4
3 64
1 2
1 48
10 8
8 1
2 27
8 6
3 70
9 15
6 65
3 87
3 58
6 65
8 5
2 85
2 84
5 31
8 52
1 93
2 40
3 87
3 80
8 5
5 61
10 88
8 88
5 69
1 28
1 67
1 42
4 80
4 92
2 4
4 94
5 30
8 45
1 63
2 89
3 97
8 51
4 29
10 68
2 53
4 53
4 45
8 65
9 93
2 36
3 13
1 58
10 78
2 32
9 77
5 2
9 72
2 55
8 16
2 38
2 34
5 51
6 28
8 53
2 93
9 86
9 3
6 26
2 45
2 61
2 48
6 96
2 29
9 54
4 62
2 64
10 81
4 68
5 18
10 53
5 11
9 80
1 18
8 40
4 92
2 47
7 26
4 46
2 49
3 52
7 83
7 96
2 4
1 4
6 100
4 26
5 43
4 34
4 91
5 34
6 38
7 31
7 61
5 11
1 98
4 33
10 99
5 5
7 70
5 5
10 94
10 25
8 22
1 77
9 36
3 51
9 47
9 28
7 87
1 77
1 56
10 72
2 90
4 7
3 24
3 44
4 95
5 55
10 87
9 69
2 45
8 15
5 100
1 43
8 94
1 43
10 10
2 37
3 68
5 34
5 25
6 92
4 81
4 26
9 31
8 14
2 36
5 71
6 32
4 92
2 91
8 46
6 32
6 58
3 65
3 91
3 58
6 51
10 31
9 52
9 85
4 59
9 36
7 1
6 96
6 99
4 38
6 12
9 59
7 65
1 80
10 52
3 37
7 74
5 16
2 60
4 93
1 77
2 89
8 23
7 99
2 75
8 7
9 43
9 26
4 63
4 91
2 3
1 33
10 77
8 74
3 78
9 16
1 32
1 46
9 64
1 78
6 85
5 2
8 45
10 93
7 19
5 84
9 63
7 19
8 15
9 83
3 82
4 69
4 99
1 17
4 8
2 28
4 12
1 23
7 76
8 69
9 82
1 89
2 8
1 22
5 53
10 72
7 25
4 5
5 99
10 24
1 75
2 17
6 74
3 97
1 39
1 78
4 76
10 84
10 22
3 11
5 6
6 85
3 82
1 19
7 31
3 92
3 33
9 90
2 64
5 70
7 54
8 38
4 8
2 14
1 6
9 17
5 19
6 78
9 24
3 7
4 1
4 57
2 22
7 62
2 53
3 33
1 70
7 80
3 23
6 67
1 50
9 84
2 68
1 31
2 1
1 86
6 62
8 67
5 79
6 22
5 19
6 93
9 41
3 1
1 1
5 67
9 76
10 81
8 53
3 36
3 4
7 71
3 17
4 34
4 7
5 41
8 35
10 67
5 21
1 47
6 57
10 86
2 99
4 23
10 13
9 81
6 50
10 75
5 100
7 38
9 10
3 67
6 36
5 51
10 57
7 9
7 4
7 60
2 39
2 43
5 72
9 94
7 81
7 97
8 80
2 87
3 72
8 29
3 99
3 38
8 85
6 40
3 38
7 77
1 8
4 64
9 76
4 14
4 38
8 45
3 80
8 13
1 45
9 38
5 32
6 54
5 9
9 63
9 98
5 13
2 66
1 82
6 43
4 19
4 70
1 8
4 58
8 91
3 29
2 47
4 51
3 36
7 9
8 71
3 9
10 59
5 33
5 94
5 58
6 39
8 80
10 78
2 79
8 39
9 13
3 75
3 3
6 35
6 30
7 83
7 91
6 32
10 22
9 47
1 100
10 71
6 28
7 53
2 42
10 79
6 20
8 50
1 76
7 57
10 66
10 3
2 91
9 73
10 80
8 14
6 30
4 43
8 86
8 87
6 25
9 48
8 45
10 73
1 68
3 29
10 19
7 52
2 46
2 36
3 51
10 6
5 88
9 56
8 23
3 100
7 65
9 63
4 6
5 87
8 21
7 54
10 92
2 81
4 15
3 18
2 59
7 11
1 93
6 84
7 49
6 7
10 97
2 18
8 42
4 81
6 84
8 2
6 13
3 7
1 44
8 19
10 36
3 6
8 54
2 68
4 2
7 100
3 54
5 70
8 14
1 82
9 80
6 63
1 10
1 5
1 43
9 55
9 90
2 6
10 71
8 3
7 72
2 44
2 24
10 31
5 8
10 98
5 10
2 62
9 95
3 3
5 40
4 90
9 18
10 36
10 63
4 15
1 93
7 22
6 74
4 48
7 46
8 2
9 50
7 80
2 5
7 70
7 76
4 24
8 95
5 43
7 87
6 91
6 61
7 71
7 89
2 11
7 87
7 45
8 91
4 19
6 51
4 93
4 99
9 13
7 24
3 15
3 15
1 46
4 46
10 33
6 13
1 75
4 99
8 76
7 34
3 8
5 81
7 77
4 53
9 68
1 7
10 9
5 26
10 90
4 81
1 63
8 61
8 19
10 66
3 90
10 3
4 63
7 99
6 57
8 77
3 67
4 68
3 81
2 37
4 89
2 7
6 7
7 42
2 81
3 56
8 35
7 81
2 67
10 89
10 98
7 40
8 24
8 5
5 61
6 56
9 68
3 39
2 73
4 32
8 7
1 41
5 92
8 61
2 98
5 59
1 2
9 37
5 76
8 99
6 51
5 74
8 63
5 76
1 37
5 30
3 42
7 74
9 53
9 62
5 15
9 25
1 4
5 81
6 84
6 95
5 59
8 40
9 11
8 100
7 80
5 57
8 83
6 54
4 100
6 34
8 1
1 80
4 77
9 44
2 38
10 32
6 92
6 6
9 42
9 79
8 66
1 29
8 72
8 4
5 63
8 83
3 22
4 39
2 67
7 90
6 95
9 62
1 66
3 51
2 60
3 51
2 97
5 29
8 98
3 62
7 26
5 33
8 80
7 74
1 98
10 70
7 15
6 61
5 98
7 12
7 27
4 30
7 68
9 10
