10 22
4 22
7 98
7 74
2 40
2 17
10 34
4 45
4 87
1 60
1 39
7 61
5 76
1 25
3 37
10 70
3 43
10 100
5 67
4 100
4 40
8 14
10 34
5 55
7 8
10 33
6 3
5 47
3 95
5 20
5 67
6 51
9 85
5 89
4 20
5 80
3 86
7 52
8 71
6 88
1 4
6 39
2 100
2 73
6 81
9 13
3 83
3 41
7 3
1 29
5 51
8 41
4 42
1 62
1 27
9 64
5 30
1 98
2 83
10 2
3 52
6 93
2 90
2 31
10 55
10 72
10 43
1 35
2 48
2 44
6 72
1 94
1 64
10 74
8 76
7 27
9 58
10 59
1 50
8 94
6 60
7 82
7 9
8 28
5 64
2 47
5 34
3 27
10 20
4 15
5 13
4 60
7 81
2 95
10 74
7 86
1 69
4 92
1 63
5 26
10 78
7 5
2 56
1 22
7 92
10 42
7 1
8 24
5 27
10 25
5 23
9 6
10 47
5 5
4 93
3 58
9 18
3 4
9 74
6 1
5 50
7 10
1 13
1 68
7 29
4 29
10 84
2 24
8 39
2 96
1 61
1 99
9 24
9 30
2 69
3 66
3 7
2 71
10 59
6 56
2 43
10 51
9 82
10 73
8 91
3 31
4 70
9 74
7 75
3 41
9 76
8 1
6 52
6 81
8 79
6 100
1 9
1 92
2 83
1 92
2 76
10 17
3 89
7 27
6 77
9 56
6 44
1 35
3 71
4 84
5 84
5 11
9 59
2 18
7 70
4 39
5 78
4 23
10 56
5 57
6 92
10 28
2 96
5 4
5 73
5 96
7 54
3 85
5 21
3 3
5 76
1 67
5 53
5 95
3 83
9 77
2 61
10 47
4 65
5 48
5 98
5 30
10 30
7 28
6 95
1 62
9 20
7 11
2 21
7 27
6 97
5 79
1 89
5 46
4 65
9 74
8 41
1 45
3 87
10 46
5 65
6 51
7 19
7 80
5 82
8 82
1 26
6 86
4 14
3 66
9 75
4 71
5 16
1 60
3 61
10 27
2 58
4 38
2 44
7 70
6 7
9 60
10 67
1 7
5 89
2 70
7 96
1 46
7 90
9 89
2 97
2 5
9 44
4 48
8 43
7 80
7 10
5 33
10 19
6 66
4 98
2 34
9 34
10 1
3 74
2 72
4 34
9 89
7 41
2 23
2 33
10 59
7 85
6 73
3 26
3 94
4 40
3 82
3 1
5 69
3 98
7 47
9 49
5 50
6 42
3 9
6 33
9 79
5 82
7 80
4 89
5 52
2 41
9 38
2 100
1 85
10 12
8 67
2 61
2 58
9 23
7 13
7 79
7 15
6 47
4 71
1 47
3 56
9 76
8 27
8 15
7 71
4 97
1 85
3 34
1 18
2 56
8 27
3 76
2 44
9 49
5 61
7 25
2 29
2 48
2 4
1 99
7 8
7 41
7 68
3 81
3 94
4 45
3 35
8 44
10 94
1 24
9 5
2 94
6 24
5 95
5 8
1 51
8 71
8 80
2 8
8 30
6 81
3 94
9 22
8 22
6 68
9 56
8 97
7 55
3 8
10 7
4 77
6 3
6 45
3 98
4 53
3 87
4 52
10 79
4 26
9 2
9 63
5 61
7 5
7 78
8 15
4 65
7 10
2 44
6 70
6 43
10 23
10 58
10 99
2 44
4 97
7 48
3 30
4 83
9 19
6 22
8 26
6 65
5 88
7 5
1 38
4 3
9 51
9 23
3 21
8 24
4 26
2 45
10 59
4 26
6 4
1 61
5 100
3 75
4 25
5 27
5 96
10 5
1 75
8 13
3 91
1 81
8 9
4 49
10 4
10 49
2 57
5 27
3 99
3 23
8 95
10 81
8 5
5 71
2 85
9 92
1 60
6 61
1 70
7 95
5 5
10 58
7 1
8 28
3 48
3 9
2 100
4 100
3 16
6 32
10 76
2 45
10 17
10 70
5 57
1 79
7 35
9 39
4 44
8 77
10 95
7 77
2 18
5 39
5 42
8 11
2 16
9 71
8 70
4 70
2 14
1 29
3 90
5 65
5 50
8 30
3 71
9 75
3 36
2 90
4 95
6 33
1 1
6 19
8 63
5 2
1 22
3 62
2 66
3 77
8 35
5 57
2 17
10 42
5 70
7 54
3 30
10 14
1 47
7 100
8 11
6 14
7 4
10 22
8 66
9 85
7 100
7 68
1 44
4 48
2 61
1 42
8 48
7 6
7 15
2 22
6 95
4 66
4 72
10 12
5 59
8 66
6 27
10 59
1 93
7 75
1 11
2 46
2 37
5 13
5 87
6 66
4 90
7 18
10 66
2 100
5 52
5 8
3 22
4 69
1 76
10 37
1 54
7 39
6 68
3 15
9 33
1 35
8 81
8 62
4 42
2 67
2 78
1 59
9 68
8 66
1 36
8 64
6 53
2 37
6 50
8 60
10 100
6 74
8 4
3 41
6 12
1 96
4 45
5 70
6 9
2 91
3 7
4 45
8 92
8 42
5 3
2 4
4 68
7 82
3 18
7 37
6 61
8 83
2 93
2 11
4 77
3 67
9 18
1 76
10 39
4 57
1 22
8 99
2 74
7 99
8 9
4 76
1 48
3 93
6 17
7 1
10 77
5 79
9 44
8 9
6 54
10 19
4 8
10 48
8 28
4 22
6 22
1 96
8 49
10 97
7 94
4 75
6 55
9 14
9 43
8 76
9 26
8 66
6 69
4 73
2 48
1 38
9 84
7 95
7 8
9 48
8 39
2 31
10 49
7 88
4 88
5 92
6 89
8 61
3 48
7 48
3 29
7 64
9 85
5 94
10 73
4 41
3 5
1 83
10 18
1 54
5 98
10 51
10 33
2 1
1 34
4 34
9 66
4 35
8 21
10 77
2 36
7 5
7 52
4 20
8 34
3 15
2 6
1 40
4 93
10 45
1 30
4 55
7 18
4 95
1 38
1 28
7 70
8 82
3 31
4 6
6 73
7 72
1 16
9 50
3 61
2 62
2 66
6 3
10 30
9 49
9 26
9 23
3 97
9 51
3 79
8 97
9 71
9 60
4 67
6 2
8 53
9 15
8 67
7 38
8 59
9 64
9 34
1 58
10 79
4 66
9 60
2 33
1 100
1 40
3 28
7 81
10 97
10 85
9 60
6 20
5 14
10 73
3 69
6 69
2 31
8 51
4 2
9 10
4 45
9 10
4 95
4 17
2 6
3 22
7 51
10 41
7 97
4 39
3 32
7 64
8 89
1 22
1 60
4 84
9 33
1 37
4 15
3 35
8 27
7 57
6 65
2 29
7 46
1 62
5 71
7 66
7 85
8 36
2 14
2 82
6 8
5 46
4 33
7 3
1 95
6 39
2 86
2 7
4 100
3 11
9 17
10 1
2 44
9 88
5 18
2 14
7 70
5 31
8 93
10 49
5 56
7 6
4 89
1 37
8 63
7 81
1 23
6 71
10 4
5 47
3 18
3 90
1 55
1 40
6 18
4 69
6 18
2 66
4 79
9 33
3 4
4 81
6 48
4 77
7 63
4 48
3 70
2 24
9 84
8 12
3 65
6 58
9 95
4 54
7 31
9 45
2 53
8 58
8 2
2 99
9 80
6 64
1 96
8 6
3 35
10 91
2 21
5 34
7 96
5 18
8 10
9 55
1 32
8 37
2 51
3 41
1 75
6 18
6 6
8 65
3 58
2 2
8 4
1 84
2 70
3 23
1 24
10 76
2 80
8 5
3 15
10 3
9 16
8 22
5 92
9 89
4 100
1 96
7 96
10 7
6 4
4 72
5 92
4 80
3 61
6 10
7 99
3 21
7 16
1 61
10 23
10 34
9 21
3 65
5 25
7 12
8 6
6 61
1 88
10 71
8 71
1 53
3 87
7 83
2 5
9 2
3 3
2 4
8 81
7 62
1 44
8 88
2 16
9 55
5 61
10 49
6 26
7 41
10 83
6 45
6 81
6 54
9 8
4 59
1 52
10 99
8 37
5 9
2 90
9 29
9 86
9 1
8 50
7 42
6 30
7 94
1 19
10 40
3 41
2 95
7 71
10 6
4 40
5 20
1 97
10 36
8 73
10 41
9 96
1 97
1 57
5 60
5 55
8 28
9 19
5 7
10 48
3 9
7 40
10 13
8 15
6 3
5 63
6 88
2 3
5 30
6 4
7 49
6 5
6 83
4 90
9 69
4 77
1 28
10 74
1 64
3 42
7 87
6 3
4 69
9 10
1 67
6 34
8 15
10 33
3 8
9 89
7 51
10 1
2 78
4 9
10 84
10 17
7 75
9 30
7 86
10 40
9 62
5 72
7 76
6 11
1 72
4 93
7 51
7 72
2 51
8 43
4 23
4 36
8 31
9 36
8 93
4 86
9 63
1 73
3 17
10 80
4 74
9 37
2 59
7 34
7 16
8 61
3 28
7 3
9 92
9 64
