10 28
9 7
9 39
3 1
7 87
10 60
8 42
10 54
9 53
7 67
7 66
1 63
1 48
9 22
6 76
8 75
10 70
3 16
2 18
4 62
10 37
4 25
8 71
7 36
3 31
7 99
5 4
9 29
10 24
5 92
4 7
3 91
9 89
1 40
9 39
6 33
5 92
2 18
10 1
10 32
1 73
5 68
2 39
4 34
6 80
10 1
8 24
8 69
5 53
3 76
2 60
7 93
2 37
7 71
4 27
6 27
8 25
6 78
8 67
3 62
10 92
3 63
6 36
5 38
1 34
4 70
3 61
2 99
6 61
4 20
7 37
2 61
5 79
4 42
3 17
6 51
6 39
5 32
1 94
7 93
3 56
5 48
4 93
8 99
9 30
5 18
2 64
6 49
9 61
9 79
3 92
3 31
2 15
2 4
10 42
1 88
9 26
4 53
3 88
5 8
10 17
8 8
3 47
9 4
2 30
4 52
8 68
6 82
3 14
6 9
7 9
3 15
6 90
3 81
10 31
7 11
10 34
5 61
7 47
2 45
2 65
10 3
9 90
3 50
8 30
10 16
5 79
6 92
1 11
7 16
9 5
7 68
10 69
7 23
10 47
1 81
4 88
7 64
1 33
8 97
6 77
4 2
4 46
10 1
9 72
6 78
9 98
2 18
10 34
3 66
6 11
4 60
8 61
1 21
6 46
8 35
3 41
9 58
10 68
7 50
3 66
4 63
2 31
2 50
10 80
1 44
8 32
6 50
7 54
3 7
1 28
1 98
6 32
4 3
9 93
1 93
10 2
6 44
3 47
3 60
6 97
3 66
2 37
2 94
9 65
6 51
2 88
4 76
7 67
6 75
2 12
2 4
9 34
9 64
2 23
2 3
6 40
8 33
1 83
4 85
5 55
5 92
4 12
6 97
5 82
6 50
1 33
10 31
1 75
7 94
6 94
4 80
9 52
10 12
3 1
3 22
5 56
7 62
3 99
3 82
4 85
5 54
5 41
8 44
9 37
4 36
7 97
10 87
8 58
3 95
10 92
9 38
4 28
9 85
2 22
4 83
5 63
9 45
8 35
9 5
8 84
9 78
1 75
4 31
2 43
4 94
8 71
3 41
7 99
5 85
9 80
2 44
5 34
6 13
2 32
9 94
7 80
4 2
8 4
6 69
4 57
2 13
1 2
2 2
7 93
1 15
10 66
1 56
1 85
4 48
3 55
2 4
8 96
1 57
5 41
9 8
7 25
9 16
5 86
8 50
1 93
9 45
5 70
9 84
2 7
2 41
10 56
2 39
6 58
9 56
1 21
10 29
3 3
3 64
6 98
4 93
2 61
3 69
8 75
9 23
5 34
9 32
7 92
9 35
5 48
9 10
4 44
4 32
9 99
1 48
7 22
8 23
5 15
5 86
3 94
6 47
9 64
8 17
7 6
5 31
4 68
7 87
4 55
1 85
10 56
5 92
8 27
4 79
5 81
5 68
2 34
4 17
3 38
10 37
10 27
7 60
5 36
5 91
1 14
3 7
9 32
8 16
4 48
5 61
9 45
10 83
5 100
1 92
2 96
2 67
6 22
2 45
3 45
2 30
9 59
9 15
10 42
9 96
5 18
2 91
10 80
8 95
4 3
6 10
4 50
1 6
7 11
4 76
3 28
6 49
7 61
8 28
4 57
6 36
7 28
9 55
5 82
7 53
7 83
2 92
7 32
8 60
10 51
5 63
4 55
10 6
10 65
8 11
3 67
5 21
3 19
9 85
6 71
10 87
2 69
7 1
4 94
6 20
7 62
3 90
9 51
3 11
8 81
1 60
2 34
6 33
5 82
1 3
2 51
2 71
6 56
8 50
1 8
2 91
5 82
10 98
7 48
10 51
10 64
6 83
4 19
10 78
6 45
5 27
9 82
9 48
3 93
6 19
6 6
2 55
7 25
4 15
7 9
4 86
2 31
6 75
4 62
1 83
7 25
4 85
8 36
3 70
2 43
7 84
5 59
5 53
1 47
6 56
2 80
4 84
3 25
1 77
7 11
5 20
2 93
8 19
1 32
8 62
5 42
7 32
5 13
9 38
7 19
10 23
1 56
9 17
3 15
8 100
9 18
4 78
5 50
1 83
3 64
7 34
9 71
9 60
10 10
4 41
7 77
5 37
7 96
10 54
7 48
2 61
6 95
2 63
2 15
5 61
7 78
3 76
10 13
8 59
6 59
5 78
1 6
8 17
9 37
2 58
7 28
9 92
3 6
7 33
9 48
2 11
2 20
4 58
10 41
4 58
4 49
8 53
5 17
9 21
3 64
9 41
7 52
1 68
10 94
2 2
2 98
10 70
2 84
6 98
5 26
4 73
9 50
8 59
1 50
9 54
6 75
4 59
5 24
3 50
5 49
9 16
3 60
2 13
3 95
6 87
8 96
5 75
10 83
8 18
9 70
1 43
8 95
3 72
7 14
2 2
5 85
4 62
4 23
1 98
10 81
1 98
4 40
7 37
10 100
10 84
3 88
7 53
2 4
10 56
7 20
2 11
2 28
8 53
3 70
3 22
10 34
8 37
9 21
10 15
6 40
8 23
10 85
7 100
4 50
8 51
9 14
10 6
5 8
1 23
7 21
2 73
1 10
10 78
9 8
3 64
9 57
8 49
7 100
4 79
9 73
10 90
7 58
3 3
5 54
3 17
3 37
2 30
9 9
8 51
3 32
1 25
2 58
7 9
8 70
3 11
5 77
10 100
9 63
5 53
5 14
10 8
3 49
7 62
1 11
8 6
4 73
8 50
4 78
6 60
8 50
4 40
10 1
10 25
1 30
4 97
1 12
6 55
10 62
3 76
8 83
9 74
6 92
1 2
3 99
7 36
8 60
9 45
3 51
7 53
3 29
7 83
3 16
5 82
6 75
7 73
3 39
3 11
10 9
9 46
10 71
8 27
4 37
9 31
10 61
3 80
7 48
9 50
4 74
8 65
7 40
2 37
8 17
6 54
9 94
4 6
3 71
3 43
9 48
1 2
9 85
3 90
6 78
2 7
9 54
7 64
2 78
6 92
6 30
6 33
7 17
10 17
5 56
3 70
5 66
5 69
7 9
5 32
8 63
6 82
3 19
2 40
7 12
1 89
1 63
2 54
7 86
8 96
6 16
9 87
8 41
2 13
7 42
9 49
6 68
10 90
7 59
1 48
3 7
10 65
4 94
1 48
7 8
9 98
1 20
1 23
8 16
9 58
9 40
2 69
6 4
9 28
9 64
3 19
8 86
6 79
7 32
1 34
10 35
5 61
4 4
1 44
7 9
2 55
10 27
10 76
1 83
2 19
9 68
5 35
8 62
8 12
5 1
9 99
2 32
8 67
1 55
2 68
5 40
5 89
2 95
8 66
3 22
1 53
8 53
9 11
9 58
10 60
5 17
9 80
2 82
1 36
7 47
9 1
8 5
9 28
4 16
6 71
8 45
2 60
1 92
2 96
5 74
4 30
2 95
5 34
8 13
1 73
4 3
6 77
10 57
5 51
7 42
8 20
4 54
2 32
5 25
6 20
8 67
3 84
1 45
2 10
4 66
9 10
2 22
5 47
3 8
6 83
10 72
10 15
3 20
2 50
6 64
3 17
2 4
8 79
5 70
6 27
6 21
1 55
6 98
10 55
7 77
8 39
7 56
6 98
9 88
5 82
3 33
2 85
8 37
3 62
9 21
8 32
10 24
7 59
3 61
4 85
8 60
5 81
1 12
9 88
2 56
7 36
6 36
5 30
10 59
8 15
2 43
8 23
2 78
4 27
9 48
2 14
4 62
4 43
9 77
10 41
2 55
4 15
10 16
1 43
1 65
2 86
9 45
4 28
6 76
1 86
6 87
10 48
4 78
9 1
8 88
10 9
3 14
3 44
1 39
9 56
1 64
4 49
1 65
8 97
8 96
2 65
1 2
6 37
8 88
9 32
4 19
10 45
7 76
9 6
10 8
10 42
2 27
5 18
9 88
8 28
10 97
5 76
10 89
1 40
1 25
9 60
9 27
2 55
8 90
4 22
6 66
1 39
9 99
1 10
5 70
1 27
7 72
4 95
7 4
1 33
5 80
3 25
4 40
6 81
7 67
6 12
6 34
1 69
10 43
4 20
4 91
10 24
5 96
5 65
1 87
6 20
1 94
10 10
1 42
5 54
1 51
10 60
9 61
4 19
8 43
1 21
10 51
2 10
1 94
2 31
10 34
8 30
5 34
5 40
8 32
5 14
8 15
3 17
6 89
6 41
2 56
1 84
6 5
7 73
7 93
2 12
9 16
3 21
7 52
10 26
5 100
6 33
5 54
5 47
2 15
7 47
6 45
7 39
2 39
8 29
10 5
4 93
10 35
3 83
3 37
5 89
6 81
3 92
2 17
5 24
10 67
7 21
8 87
3 40
9 72
6 83
6 31
9 50
5 33
1 63
10 96
7 29
10 98
2 49
5 43
8 10
5 84
6 31
10 93
7 63
