1 90
5 22
8 16
8 55
4 26
1 95
4 98
7 86
9 6
5 77
7 21
2 55
5 50
4 78
1 50
5 79
4 18
6 31
6 95
5 25
1 99
1 73
10 25
8 18
4 65
7 47
1 81
1 7
4 84
10 69
6 70
6 72
9 9
3 45
9 43
3 82
2 20
8 69
5 99
9 6
7 29
1 49
8 22
3 50
4 28
4 64
10 78
3 24
6 78
9 68
7 48
10 70
2 96
10 79
10 99
4 98
3 49
9 86
10 1
8 2
7 46
7 2
1 3
9 35
6 71
1 20
7 59
1 18
2 21
9 56
1 9
9 44
1 11
8 46
8 8
7 47
4 70
9 89
2 76
5 28
3 23
3 25
6 31
5 30
7 33
1 66
1 98
5 70
8 9
4 98
4 63
5 15
2 60
6 69
9 77
6 52
1 1
3 71
8 13
8 46
9 85
6 67
10 53
3 64
3 21
5 40
4 13
4 40
8 4
9 20
9 59
2 30
7 78
5 15
2 84
2 41
1 46
4 66
2 78
6 48
9 81
8 1
3 66
5 86
9 5
7 3
10 37
9 55
3 11
1 75
5 61
10 44
9 98
6 27
7 6
6 56
7 18
8 6
9 67
4 50
8 89
6 83
10 64
1 87
2 86
6 73
7 43
9 3
2 86
10 78
2 69
9 92
2 76
7 22
7 23
9 64
6 50
6 31
1 55
10 46
7 68
2 52
7 18
3 13
4 62
8 15
7 10
6 94
5 47
7 25
4 10
10 80
9 30
8 67
5 19
6 11
9 41
3 48
3 75
3 47
10 57
5 91
9 53
4 92
10 51
9 63
10 69
3 73
2 35
2 87
10 23
4 15
10 68
8 89
9 65
5 93
1 25
1 25
8 26
7 66
8 20
3 25
10 20
8 48
3 10
4 63
2 71
10 89
10 63
4 44
1 24
5 86
2 1
8 72
7 38
7 69
9 29
1 97
3 65
9 85
9 35
5 47
3 24
1 54
10 29
7 3
5 33
5 71
4 84
6 34
4 37
8 13
8 80
8 53
9 54
6 91
5 18
4 80
9 53
8 66
1 57
9 68
7 64
9 95
10 96
7 23
10 54
8 58
9 40
1 56
6 19
5 15
4 35
3 21
8 18
9 56
2 41
1 42
1 35
3 19
1 87
7 45
3 33
5 27
7 68
8 53
8 59
5 96
4 6
2 66
6 76
3 77
8 3
7 61
5 68
4 83
6 90
7 85
7 42
8 21
4 13
7 91
3 74
8 63
4 98
10 3
8 86
2 41
1 85
7 21
3 15
3 75
10 21
7 68
6 74
8 8
7 48
1 7
1 77
1 72
9 57
1 92
8 21
4 7
5 1
2 74
3 51
7 10
7 16
9 81
1 85
7 3
2 3
4 50
8 59
5 35
6 78
1 41
5 24
5 32
9 8
3 97
7 68
2 57
5 75
8 36
2 58
1 91
4 59
3 85
3 33
10 51
2 52
9 7
5 12
5 100
8 30
2 13
1 91
4 27
5 90
8 37
4 17
2 79
8 96
2 11
3 38
6 16
6 60
8 24
7 24
2 62
5 15
9 89
10 11
10 21
3 21
5 28
9 7
6 36
3 70
9 20
2 66
4 92
5 70
2 42
3 20
2 35
10 75
7 91
6 13
6 71
5 68
8 49
6 83
5 82
2 68
8 72
1 46
1 5
10 99
5 12
8 41
5 27
6 73
8 63
4 24
3 48
1 38
6 93
7 61
10 80
4 92
3 19
2 97
5 52
10 81
8 90
1 78
7 29
2 51
1 7
6 88
2 74
4 5
7 39
8 70
9 72
8 17
9 21
1 12
5 76
8 85
1 48
4 48
3 54
3 28
4 88
5 42
5 82
10 15
5 6
7 85
3 87
2 18
7 75
7 34
6 18
1 58
5 91
3 50
7 74
7 59
3 63
1 29
9 43
3 89
7 32
8 95
3 92
2 85
10 99
6 19
2 82
6 2
6 77
4 84
2 44
9 73
3 47
7 34
10 35
8 67
6 69
3 47
1 85
9 56
6 7
1 4
1 55
10 20
8 20
5 67
4 9
3 91
5 24
8 20
5 82
6 90
4 51
2 54
6 63
7 28
10 42
2 48
2 82
5 23
2 71
2 78
2 61
4 51
9 58
8 63
6 46
6 100
5 35
7 43
3 93
10 45
6 24
3 92
6 7
4 45
1 70
7 82
3 99
3 2
3 65
5 40
6 57
1 53
8 62
6 90
2 4
3 59
10 26
6 19
7 86
5 44
5 73
9 70
5 40
1 52
4 65
7 82
2 28
10 3
5 39
6 48
7 80
2 70
1 66
1 53
2 70
7 93
6 5
7 26
9 71
5 93
6 39
8 22
8 42
6 69
10 42
10 76
7 72
10 94
8 18
4 59
4 99
6 53
9 56
3 63
5 17
9 76
2 45
8 39
5 88
4 95
6 43
2 18
3 21
6 95
7 84
9 68
7 75
9 14
4 56
8 36
6 26
6 63
8 13
3 34
7 50
5 8
2 54
7 43
7 43
1 60
2 62
2 61
5 87
1 37
8 84
4 74
6 2
8 73
6 54
6 25
4 51
1 30
6 96
3 27
5 73
5 95
4 44
2 29
7 30
1 66
3 68
8 88
4 36
2 13
9 12
10 79
7 64
3 7
6 39
5 88
6 24
4 82
1 60
9 89
8 58
4 80
5 48
2 50
1 85
7 13
7 20
9 65
9 12
5 76
2 57
5 28
5 60
1 35
3 99
8 28
10 36
3 17
3 8
1 49
1 44
10 19
5 24
6 98
5 89
10 29
3 17
8 91
6 20
9 60
5 58
9 50
2 92
9 92
8 53
1 56
5 34
7 8
6 18
5 99
1 73
6 59
6 23
4 68
2 73
4 14
4 11
5 60
4 93
5 36
8 49
6 84
3 83
7 16
4 13
5 94
9 8
6 24
9 99
9 35
8 67
2 17
6 20
10 85
8 44
8 83
3 78
6 4
5 83
3 19
5 81
6 34
9 79
2 36
10 73
9 33
2 41
10 13
5 100
9 93
6 93
9 63
8 91
9 89
6 93
6 97
5 62
9 56
3 10
8 61
10 14
10 9
10 68
7 26
8 43
9 57
8 63
5 13
1 36
7 78
5 46
2 34
7 100
10 7
9 33
5 38
6 89
2 80
3 88
8 80
7 86
10 44
6 59
10 81
10 73
2 67
3 33
9 18
3 11
7 12
2 67
7 75
8 1
7 93
4 12
1 67
8 39
7 19
10 16
3 52
10 67
2 29
8 75
6 61
4 12
10 62
10 97
10 15
2 4
5 60
3 85
3 94
6 64
3 69
2 56
6 12
4 76
1 35
6 52
8 26
9 14
1 29
10 95
1 63
6 62
6 86
3 74
2 23
10 44
2 35
8 20
10 93
2 62
5 25
8 19
4 27
5 29
10 30
5 32
9 40
5 61
10 22
9 93
5 72
2 27
4 20
1 59
7 57
2 100
8 80
3 89
7 86
5 53
3 88
9 1
8 56
4 18
4 25
1 64
6 87
6 9
4 8
9 51
10 43
3 38
9 83
10 94
9 100
2 42
8 47
2 37
10 100
1 38
4 22
7 23
6 10
1 62
7 56
5 85
4 22
5 48
2 39
5 17
6 81
2 80
1 8
9 13
6 52
4 100
3 33
6 7
8 6
5 91
1 39
6 56
4 60
6 91
6 79
2 11
7 10
1 32
2 99
1 57
10 8
6 16
1 31
3 72
3 23
1 2
4 78
2 38
6 35
3 81
1 80
8 64
3 29
4 100
6 2
6 16
10 96
6 18
5 64
6 58
8 73
4 73
4 28
5 24
10 17
9 28
4 61
4 79
1 90
8 50
7 56
3 40
7 28
8 98
7 38
2 40
10 52
6 35
4 21
6 69
5 96
6 19
3 2
8 89
5 83
9 41
8 74
1 46
7 51
6 36
8 19
10 11
4 60
9 24
10 50
8 79
8 21
2 18
5 84
2 18
10 91
1 45
3 10
2 73
1 55
10 41
9 79
6 50
9 80
5 40
9 98
9 39
3 60
6 73
7 2
1 17
9 46
2 7
5 44
1 55
1 2
7 20
2 25
8 86
6 58
1 47
1 42
6 84
6 41
8 36
5 53
8 15
1 75
9 77
8 30
6 77
5 22
6 52
7 57
3 95
10 68
7 30
3 25
10 11
6 72
7 27
3 92
1 100
10 36
7 17
1 71
9 26
8 37
9 15
6 24
2 24
6 4
3 8
9 95
1 44
8 9
5 87
5 71
9 75
8 19
10 65
3 60
4 51
6 100
10 97
5 5
9 23
1 44
4 92
1 1
5 34
9 31
2 43
3 39
5 29
8 69
2 55
10 11
1 20
1 99
4 52
10 76
9 37
10 45
7 64
7 18
7 46
1 24
3 35
5 67
3 54
4 30
2 78
4 16
6 96
10 38
3 69
5 22
4 65
