2 26
2 31
7 58
4 43
6 20
4 65
1 30
7 32
8 12
4 2
10 78
3 100
1 88
6 93
7 57
6 5
5 56
7 49
8 35
10 1
2 13
3 79
4 82
6 99
9 35
2 92
3 31
1 31
2 46
6 42
1 67
8 84
9 33
10 31
9 24
9 31
4 47
9 55
9 96
3 34
2 11
8 17
7 63
9 100
5 9
9 90
9 66
6 61
3 53
7 83
9 16
8 4
1 21
3 41
1 61
3 27
6 64
4 37
1 30
2 22
7 18
6 7
10 42
8 81
3 24
6 76
10 36
3 77
3 7
9 34
5 88
3 15
10 25
1 24
4 33
10 98
9 45
4 48
3 22
10 8
8 94
5 78
9 54
1 33
7 76
7 84
1 73
5 45
9 40
10 26
10 95
7 60
6 14
6 45
2 18
9 17
8 62
6 74
8 38
7 37
2 94
6 81
9 37
9 75
8 40
9 35
6 49
2 47
3 13
4 66
5 50
4 17
2 86
1 70
4 22
3 53
3 71
9 32
7 43
6 98
1 36
8 52
8 54
3 88
5 22
9 72
8 95
3 88
8 80
9 52
1 33
4 92
2 56
10 61
7 68
9 21
3 70
2 72
2 2
1 75
7 89
2 37
7 57
7 53
1 86
10 66
3 100
8 51
3 82
9 72
7 43
6 65
8 88
1 94
10 34
3 23
2 30
2 31
4 50
7 61
10 50
10 10
4 89
10 22
3 87
9 77
9 41
2 66
9 95
8 12
6 17
3 26
10 60
2 61
5 33
1 15
2 29
10 31
3 40
10 40
4 4
4 25
7 33
7 95
2 47
7 90
8 4
6 61
2 17
7 11
4 27
9 53
4 95
6 66
9 92
9 10
2 25
2 58
3 11
9 45
2 40
4 90
10 34
8 83
8 99
2 1
3 98
10 61
3 52
2 61
8 73
2 52
9 26
3 86
9 56
2 8
1 10
8 65
6 27
9 54
1 55
4 60
9 14
7 67
8 32
1 85
8 55
5 53
9 22
7 84
3 23
10 48
8 77
6 92
6 32
10 82
5 41
4 34
7 30
10 8
2 91
2 91
2 44
9 18
3 35
2 64
6 96
3 52
5 41
10 66
2 80
4 85
9 73
8 85
1 98
8 52
8 69
4 54
3 25
6 83
7 79
10 59
2 36
9 16
7 33
8 39
2 84
2 13
4 91
3 68
6 82
4 31
6 21
6 10
7 80
10 79
7 28
3 91
2 3
6 82
9 63
1 71
8 75
4 10
9 31
5 91
10 71
8 8
7 53
8 27
1 48
2 3
2 32
9 98
6 79
2 92
2 21
1 22
4 22
4 9
1 13
4 18
9 45
8 4
7 35
10 77
2 74
9 51
2 29
2 90
9 67
4 98
1 77
2 4
5 59
8 30
5 13
7 93
8 19
1 70
1 4
8 85
6 97
8 38
8 57
2 29
1 20
4 94
9 29
3 90
9 93
10 25
8 71
1 57
5 21
2 59
3 61
6 74
6 57
5 53
10 85
8 66
8 72
5 42
1 14
5 63
9 61
8 97
1 74
10 92
1 80
5 99
6 44
7 99
4 83
8 88
1 85
6 17
10 38
6 86
4 8
10 74
3 14
1 91
3 39
6 12
2 83
1 10
2 14
1 34
7 63
1 50
3 1
10 43
5 55
9 8
7 79
4 9
10 61
9 51
3 55
6 64
2 26
2 31
1 95
10 70
5 87
6 8
5 92
1 22
7 66
4 41
7 99
10 96
4 100
7 32
4 72
4 88
3 62
5 82
8 35
9 32
7 33
1 57
2 60
7 24
2 24
8 20
7 92
6 21
7 22
2 59
6 63
6 100
1 46
7 45
3 33
9 14
1 9
1 39
5 28
2 12
6 44
2 71
3 50
8 53
5 88
6 79
10 88
1 49
2 31
4 14
4 23
10 82
1 98
6 8
1 47
4 66
3 86
6 19
8 84
7 61
8 25
6 38
10 55
6 25
10 48
6 86
10 72
6 74
9 16
7 8
1 79
1 90
1 75
1 16
6 48
4 32
8 10
2 29
1 56
7 50
9 18
6 8
4 43
10 44
5 8
3 24
8 82
5 8
4 54
2 13
6 80
5 6
9 26
2 7
3 95
8 23
8 64
7 61
8 81
6 87
3 69
8 92
1 33
3 77
10 68
3 15
2 34
6 47
7 65
6 74
1 76
10 52
9 66
5 13
4 91
4 68
9 92
8 72
5 12
1 71
2 48
4 29
3 24
4 31
2 72
6 79
2 58
1 61
7 81
1 91
3 51
1 69
7 52
2 31
3 55
3 32
6 63
2 49
10 3
5 27
2 78
8 81
3 11
1 87
6 80
1 96
3 70
6 3
7 65
7 58
6 34
6 11
5 67
2 8
4 67
8 73
1 79
1 54
2 21
5 4
7 71
2 68
10 84
5 99
6 72
2 72
2 41
2 92
9 39
6 1
4 80
7 39
10 8
6 63
1 13
8 38
2 39
7 98
3 29
2 80
4 8
7 94
6 12
7 91
7 28
3 70
1 82
2 88
10 29
2 71
7 88
8 63
4 100
10 43
10 77
4 90
10 2
2 16
4 55
10 69
7 80
7 24
4 65
10 96
3 17
3 8
7 84
7 77
8 41
8 39
6 76
9 45
2 49
8 81
7 9
8 68
5 3
9 74
2 80
2 31
10 64
9 91
1 98
8 76
2 78
1 61
1 57
10 45
9 65
10 70
5 12
3 74
5 52
4 18
2 73
4 62
5 54
7 47
5 6
3 78
6 83
9 38
6 74
9 59
7 75
10 47
9 42
7 86
8 31
8 85
9 86
8 51
8 8
3 65
8 92
9 88
6 89
4 14
5 21
2 49
1 62
10 88
6 44
5 84
7 89
4 70
10 53
3 20
1 66
8 5
3 91
2 79
4 20
4 100
9 91
6 9
2 31
10 4
7 95
6 84
4 93
10 87
7 92
3 92
3 43
7 86
9 81
4 14
2 30
3 1
5 97
2 6
2 61
2 83
1 61
8 90
9 99
4 73
9 60
5 15
10 87
6 33
2 88
4 61
10 38
8 60
2 29
6 92
7 60
4 63
7 27
5 11
3 40
7 27
10 5
1 57
7 59
6 46
5 42
9 28
4 57
10 23
7 68
4 43
9 53
5 94
6 81
2 41
9 76
6 82
7 47
3 38
6 78
3 40
10 53
5 43
10 25
5 44
7 74
3 92
8 31
10 16
7 26
7 22
7 93
6 14
10 14
10 87
9 40
3 100
8 19
10 6
7 42
5 99
1 59
7 41
10 87
3 87
5 16
4 17
6 29
3 46
10 58
1 6
10 98
1 2
1 78
1 38
4 23
4 85
8 19
6 84
9 92
8 73
9 98
2 62
5 100
9 79
7 35
4 5
2 51
8 9
10 79
4 53
7 4
4 86
7 25
7 52
9 82
6 30
6 43
8 42
6 25
9 61
9 92
1 15
9 16
5 74
6 94
6 17
1 77
1 66
6 39
1 53
8 38
8 16
7 77
10 27
8 100
4 51
7 87
5 68
8 52
6 77
10 51
1 1
4 96
6 88
8 19
8 7
7 83
5 29
1 50
8 91
5 82
5 62
9 30
8 80
1 11
7 61
7 70
9 93
1 6
1 9
7 27
2 10
1 78
9 25
2 55
4 88
10 74
4 94
7 11
8 80
6 94
10 55
8 54
5 26
10 49
7 36
4 57
6 59
8 14
8 26
5 89
7 76
1 93
5 50
1 76
2 90
2 45
3 7
10 89
4 10
10 32
5 82
5 58
1 84
9 80
5 46
8 10
10 22
3 70
10 51
1 78
9 72
3 78
2 24
6 53
8 67
1 84
1 23
3 6
10 11
8 51
3 57
1 39
9 22
2 93
4 21
8 97
1 9
2 55
6 55
1 28
7 96
9 24
10 35
6 94
6 71
3 19
10 36
5 8
10 5
6 27
1 19
4 33
4 97
5 8
9 64
4 72
8 13
2 44
3 61
4 31
6 96
7 97
3 31
10 92
2 37
5 15
1 58
9 94
5 96
3 40
2 98
4 2
7 38
2 49
6 10
4 64
10 2
10 92
6 70
8 13
2 24
1 38
6 10
10 28
10 74
6 83
6 2
7 27
6 3
5 71
7 97
2 52
2 18
7 32
1 4
8 46
10 53
2 27
5 38
10 23
1 4
2 30
5 15
10 81
8 56
5 48
1 7
2 11
4 58
4 90
4 6
5 14
6 44
2 86
10 91
8 82
5 64
3 32
6 26
7 49
8 86
10 54
9 36
3 68
4 64
1 22
3 39
2 47
8 29
1 48
6 48
10 31
5 8
3 57
9 55
7 95
4 96
2 9
1 39
4 37
6 19
10 42
4 13
6 3
7 44
6 44
3 91
5 48
1 95
10 70
4 98
2 50
8 93
10 4
3 85
3 92
10 15
1 80
6 61
4 71
8 62
7 87
4 21
