6 81
6 82
10 69
5 58
4 40
7 61
5 67
8 52
7 92
4 90
8 98
1 88
1 41
8 60
2 93
2 53
9 91
7 2
2 96
5 36
4 7
9 62
1 54
9 16
5 73
7 80
4 79
3 77
5 5
7 97
6 61
5 43
2 80
10 22
9 88
3 26
10 26
4 77
2 36
1 77
2 79
10 29
9 75
5 29
4 3
1 51
4 93
3 56
5 80
2 72
5 34
3 48
10 17
1 22
1 100
8 83
3 65
5 41
8 83
2 86
9 24
8 25
9 66
6 52
3 74
3 64
9 33
6 69
4 7
3 70
6 58
5 33
5 61
6 60
9 90
8 13
7 78
1 91
2 23
8 38
7 32
10 20
7 53
7 59
1 54
2 88
1 39
2 9
3 22
10 98
6 65
2 37
7 18
8 81
9 29
10 91
4 9
1 41
2 55
6 7
9 92
8 91
6 22
6 28
9 59
4 64
10 35
3 27
10 31
8 76
10 47
4 7
10 52
4 16
6 22
6 48
10 30
10 69
1 60
2 17
9 62
3 88
5 92
3 31
5 11
1 62
7 89
1 73
4 34
4 56
6 79
5 28
9 8
5 78
6 68
10 74
2 13
5 56
10 21
6 84
5 69
3 41
10 44
3 66
10 36
8 93
1 89
8 47
3 75
7 68
7 31
3 68
6 21
3 91
9 81
5 83
6 72
3 100
7 19
1 74
7 48
10 47
5 28
3 47
7 81
6 12
4 64
8 82
1 38
3 93
2 21
9 80
1 66
8 83
4 63
6 92
2 91
2 46
2 41
5 46
10 50
9 31
1 71
3 73
10 40
9 75
5 36
4 99
4 81
4 94
8 7
10 45
4 41
1 78
8 19
7 1
5 12
10 12
9 53
10 5
3 99
4 55
8 70
1 11
6 70
9 26
4 83
6 76
4 74
9 96
7 19
3 47
5 14
9 71
1 73
2 21
1 63
3 3
9 68
1 36
1 74
2 25
4 4
8 30
6 69
7 42
1 52
4 73
3 36
3 72
1 23
8 58
3 84
10 85
2 89
4 8
4 71
3 1
9 37
1 79
3 84
3 82
10 3
10 83
2 1
9 79
2 36
6 80
8 97
9 15
5 6
8 60
4 22
9 61
1 75
9 59
9 82
5 67
9 82
5 64
2 27
1 21
8 60
6 34
2 4
3 49
7 2
2 83
2 71
6 65
9 1
3 41
1 78
2 45
7 56
8 17
8 68
3 80
8 85
9 45
3 95
6 1
8 98
5 31
7 5
4 49
1 63
8 26
8 58
4 1
4 46
2 93
8 69
3 2
10 45
4 45
6 96
6 40
7 85
3 81
10 26
6 93
4 34
4 61
3 36
4 93
1 79
2 78
5 90
2 74
7 68
9 5
4 33
10 7
4 87
9 25
8 73
5 54
10 77
4 71
6 9
5 87
10 40
4 90
9 48
9 88
9 45
7 74
7 39
5 68
8 21
3 6
8 49
3 58
3 53
6 40
8 45
5 62
4 31
2 25
7 33
6 4
4 96
3 88
7 66
5 37
1 46
9 53
1 24
2 7
9 85
4 84
6 52
10 74
9 83
4 24
1 93
5 98
6 70
5 82
5 94
6 41
10 10
7 2
10 68
7 24
8 2
3 82
5 2
4 51
10 65
10 71
9 34
5 83
3 26
9 33
8 43
5 36
2 26
1 64
6 62
4 33
10 7
2 95
1 27
4 77
1 20
8 70
10 47
9 38
7 97
6 37
3 89
10 79
1 5
7 88
5 10
1 82
3 76
10 2
4 19
6 20
8 69
3 64
4 44
7 78
10 10
3 17
2 24
7 8
8 64
9 69
4 49
3 24
9 2
7 68
5 46
3 49
5 55
7 70
3 28
5 77
8 53
6 42
6 75
9 17
10 94
1 33
9 85
1 69
2 44
5 69
7 91
4 39
8 66
9 48
10 24
3 75
7 19
8 3
9 72
3 33
3 56
7 41
7 18
9 83
8 78
3 16
3 40
2 22
5 31
2 9
6 77
6 90
3 7
4 98
2 5
5 96
3 17
4 12
2 86
7 45
7 37
4 82
8 91
6 66
6 49
6 50
3 25
7 75
5 18
4 89
1 4
1 6
9 93
10 56
1 64
8 79
8 4
5 15
4 29
1 55
5 40
1 62
5 93
6 83
1 35
10 8
7 99
10 95
6 17
8 90
1 11
10 21
3 92
6 26
9 6
5 65
4 97
6 78
9 5
7 41
8 94
3 88
9 99
8 80
8 60
1 57
3 41
7 64
3 48
7 92
10 47
2 53
5 32
2 46
9 9
1 21
6 84
10 49
4 4
8 91
3 83
9 75
1 32
2 58
10 73
9 45
10 2
9 17
3 31
3 41
9 33
9 67
10 29
3 43
9 30
3 82
9 41
8 89
9 10
2 57
5 62
9 72
8 31
9 79
2 85
4 89
8 1
1 39
2 63
1 65
9 85
5 16
3 26
3 66
6 81
5 88
4 27
7 54
2 92
6 14
7 19
10 99
10 80
3 45
1 92
9 84
9 93
6 73
3 47
3 76
5 18
5 27
2 93
9 79
9 36
2 58
10 51
9 2
2 32
9 26
8 32
9 15
2 9
4 45
10 51
8 76
2 13
9 78
10 47
10 50
8 27
7 28
2 85
10 80
10 99
2 25
3 86
7 23
3 59
10 100
10 47
3 77
9 78
7 9
10 42
9 68
10 28
4 62
1 55
1 30
2 51
9 69
8 14
2 80
7 61
6 31
8 58
5 64
3 61
10 16
8 93
8 93
3 33
10 54
8 52
8 95
7 50
6 84
9 25
9 85
9 97
2 73
6 20
10 53
9 62
2 16
10 16
2 56
7 84
1 86
4 57
3 96
5 97
1 66
10 66
8 96
8 97
1 61
6 78
10 35
10 12
3 24
4 80
10 86
3 30
5 40
5 84
6 77
8 84
7 33
7 89
6 22
3 78
8 97
6 59
6 35
4 9
6 68
8 36
4 63
9 19
5 63
3 77
1 81
7 79
6 42
10 59
9 82
8 52
4 21
10 60
5 37
8 3
6 92
6 73
6 46
7 43
8 4
10 95
9 29
1 14
8 46
9 43
5 74
4 83
6 71
10 48
5 72
2 100
7 84
7 82
3 76
5 46
8 9
6 34
2 41
9 61
6 36
8 82
10 46
7 99
10 72
6 31
9 41
9 66
3 32
6 7
4 96
3 100
3 95
7 10
7 84
6 64
3 44
8 59
2 4
9 40
2 45
8 46
6 28
5 86
1 41
1 21
9 68
4 89
9 19
5 44
1 3
4 3
7 90
4 91
5 98
1 86
6 97
4 8
2 64
5 92
9 93
1 7
7 21
10 65
7 32
6 52
4 78
10 13
4 62
4 61
8 45
7 44
6 92
6 34
9 86
2 32
4 38
5 78
3 30
3 59
6 78
4 89
9 72
8 84
3 65
1 33
4 12
7 84
9 46
10 75
10 74
9 62
2 19
7 17
3 21
6 57
10 89
8 43
1 86
7 78
6 89
1 68
10 96
6 24
7 47
2 23
8 43
7 82
1 28
8 36
5 27
10 45
3 46
1 39
10 40
10 64
10 56
10 37
6 81
3 30
9 59
7 79
1 34
3 84
2 58
2 12
2 55
4 13
3 63
1 48
2 69
8 22
2 73
4 69
10 98
1 40
7 51
5 35
10 35
4 15
3 11
3 36
9 95
4 23
5 82
3 38
8 74
9 76
5 28
10 95
3 52
1 11
9 94
5 29
5 41
7 89
7 33
3 53
10 20
3 84
6 81
7 2
3 35
10 74
2 33
8 95
6 11
6 19
8 60
8 23
2 37
5 48
7 83
6 54
2 65
4 12
6 54
6 12
9 55
10 72
4 60
3 34
9 98
5 88
10 61
4 21
1 35
7 5
5 33
10 60
1 8
6 71
8 92
4 94
1 7
8 2
6 86
9 63
10 62
8 38
4 65
2 34
7 86
2 13
5 59
3 10
10 2
4 9
6 100
8 18
3 26
3 88
9 6
6 30
8 86
6 33
1 32
1 50
5 63
6 74
9 57
9 96
2 18
1 38
10 4
4 56
3 70
2 9
6 83
4 16
6 92
1 25
4 35
1 10
10 1
6 73
2 3
6 43
1 1
3 29
1 2
6 87
9 68
4 7
7 55
8 45
10 66
4 45
8 4
4 21
3 25
6 98
7 34
8 30
7 35
6 84
3 44
2 23
3 55
6 88
9 22
4 4
9 84
1 63
10 5
10 64
6 71
3 41
6 73
3 33
5 87
8 53
1 20
6 53
5 73
3 58
10 34
9 21
10 19
3 69
6 33
5 38
4 51
9 34
3 84
7 81
2 22
5 30
8 21
10 48
8 63
6 35
10 96
3 53
1 35
8 89
2 92
5 59
7 60
7 64
4 15
10 97
8 96
2 49
3 52
6 1
1 88
6 56
8 85
4 39
2 72
