10 61
4 78
10 60
7 66
5 29
10 62
2 68
1 28
4 2
7 72
10 11
7 48
1 80
5 15
8 53
2 50
6 81
9 3
4 93
1 46
10 30
9 73
1 2
4 46
4 3
8 25
4 92
3 81
9 13
3 49
8 38
1 8
8 83
7 44
9 23
4 9
10 79
6 46
10 35
3 30
4 60
4 16
2 41
8 36
3 4
4 66
6 23
7 62
5 93
2 43
2 15
8 88
8 24
10 41
1 30
4 62
4 63
9 35
9 17
9 52
4 56
9 64
2 77
3 34
8 45
6 31
2 48
1 39
3 26
5 10
8 24
3 63
1 6
8 9
3 44
8 66
2 39
4 54
7 35
1 16
6 44
8 40
9 50
10 69
8 91
5 82
7 35
9 52
1 86
6 74
9 98
9 66
2 87
7 76
10 74
1 53
6 2
1 70
9 82
6 27
2 91
7 27
1 22
1 38
9 3
8 11
7 89
6 83
8 10
5 50
7 97
10 57
9 79
7 86
10 28
10 45
8 36
3 71
7 70
8 97
9 45
2 30
5 74
5 22
5 66
2 88
8 40
3 100
4 15
4 10
6 38
4 38
3 85
7 49
9 18
6 92
8 40
2 65
8 19
8 3
3 32
2 19
1 56
2 73
4 74
6 92
7 22
2 3
1 98
8 21
4 7
9 80
9 55
6 46
2 11
2 21
3 88
5 78
1 25
6 25
6 11
6 95
9 16
4 40
4 90
7 19
5 95
10 41
9 40
8 67
4 43
4 25
10 54
9 33
6 61
3 31
5 56
1 39
1 67
8 8
7 87
2 48
4 57
10 18
6 26
7 11
8 50
6 71
7 98
6 100
5 46
8 13
8 91
1 16
8 11
10 4
4 99
7 74
6 82
3 76
2 80
9 15
2 44
10 18
9 24
5 43
10 68
4 72
3 62
8 14
8 77
1 80
7 23
6 31
7 49
6 51
8 55
7 45
6 78
9 87
9 96
6 46
6 94
3 3
3 95
4 14
6 60
5 39
5 67
8 90
3 75
10 38
5 40
1 35
1 59
2 42
2 97
1 85
5 76
8 72
2 27
4 42
3 88
7 14
6 76
10 55
10 79
10 26
7 9
9 59
7 100
8 18
5 73
6 21
5 42
9 36
2 95
7 44
7 10
2 13
9 92
2 42
6 97
1 95
10 87
10 59
3 12
5 60
5 86
2 29
8 22
6 10
8 53
3 31
9 61
2 27
1 91
8 52
10 18
5 76
1 94
8 2
8 92
3 76
1 86
4 69
8 69
8 51
8 82
7 67
7 62
2 21
3 23
5 43
10 61
2 34
3 6
4 40
2 3
9 5
4 35
8 37
5 33
4 7
8 37
5 100
3 92
9 58
5 27
2 57
10 87
8 89
9 7
9 74
2 85
4 24
1 30
1 37
1 89
9 58
7 84
7 83
1 100
9 15
1 71
9 25
8 3
4 24
5 56
8 82
5 27
6 44
1 95
9 62
4 46
5 67
2 18
6 86
1 37
8 96
10 10
2 83
7 33
6 88
2 87
6 26
3 60
7 98
8 74
10 26
6 71
2 58
6 34
10 95
3 11
7 17
7 5
5 35
9 2
3 25
4 75
10 93
10 48
8 78
5 87
1 71
5 41
3 33
4 22
10 49
3 99
7 89
7 77
1 1
4 77
7 94
8 87
6 51
10 40
10 64
9 22
8 64
5 74
1 38
1 4
3 76
7 96
8 61
9 68
7 65
10 15
1 76
4 12
6 44
5 28
10 87
3 78
6 65
7 21
5 74
10 26
8 8
3 34
2 56
7 75
9 36
3 79
6 22
5 55
4 64
1 74
6 4
7 65
10 98
5 92
7 72
5 54
2 98
1 54
6 32
3 10
1 69
6 5
8 81
10 58
2 91
4 73
10 94
4 93
7 87
2 87
5 49
6 45
10 12
1 64
7 78
2 69
2 28
9 98
10 69
8 70
8 70
1 98
3 62
4 64
8 93
8 78
10 33
4 35
9 80
3 79
1 37
9 32
1 49
7 57
2 74
7 55
4 8
9 99
10 40
2 56
4 10
8 38
5 15
9 68
8 13
4 43
1 19
5 67
5 96
9 39
2 95
5 61
3 13
10 88
3 56
1 86
3 32
10 55
6 76
5 20
10 91
4 12
6 21
4 81
3 65
9 75
1 77
9 91
9 85
3 55
2 29
2 18
7 18
7 63
7 88
3 54
7 2
6 3
2 58
5 4
10 29
8 86
2 71
6 67
8 16
4 7
9 35
8 16
2 8
4 60
1 78
7 28
2 18
2 20
7 3
5 78
10 95
7 22
2 90
10 4
3 86
9 53
8 72
5 88
6 71
1 78
1 99
4 12
2 63
1 57
2 24
1 41
10 27
8 14
5 98
7 21
6 68
1 27
3 22
8 2
7 41
2 88
9 34
9 80
6 58
3 9
2 76
5 95
4 61
7 11
7 78
2 79
9 77
6 17
3 50
1 82
3 72
3 82
10 1
3 14
9 34
1 57
5 56
1 29
6 9
6 68
6 68
2 39
6 28
7 53
3 55
5 96
1 42
10 65
3 78
7 7
4 47
8 43
10 68
2 87
10 71
3 98
8 81
10 91
9 51
2 90
7 98
3 71
1 85
9 28
10 93
4 100
6 29
4 71
4 20
7 25
7 36
4 35
5 68
8 80
2 41
3 17
9 47
2 89
9 64
4 48
7 55
5 63
8 76
3 32
9 7
5 11
4 22
3 2
4 75
7 82
6 87
8 68
7 37
10 64
2 100
4 48
7 44
9 65
7 80
7 70
9 29
7 85
9 39
5 96
5 67
9 73
1 67
9 79
5 1
10 9
2 31
8 45
1 76
5 70
3 6
2 58
7 24
10 39
9 58
7 32
7 63
10 13
5 95
4 73
9 23
7 81
5 62
10 53
1 58
10 85
1 41
5 31
2 50
7 13
6 19
9 87
5 32
7 78
6 18
5 98
10 46
8 94
1 74
5 31
10 47
7 4
9 52
3 9
6 75
4 26
4 50
10 28
1 58
8 27
1 4
4 55
3 67
5 49
8 6
5 80
1 6
3 2
1 33
8 97
4 89
7 60
8 8
6 63
9 52
7 46
1 13
2 7
4 82
6 6
6 78
5 86
2 5
3 66
4 28
2 70
1 33
5 69
10 43
6 57
2 95
5 21
8 81
3 98
3 10
8 16
7 34
7 65
1 77
5 90
5 99
3 61
5 78
8 62
9 33
2 37
9 27
1 74
9 100
2 1
9 32
10 29
1 90
2 100
3 81
8 100
10 47
6 29
8 26
7 51
7 41
9 35
3 3
10 91
4 47
1 55
5 4
5 68
8 99
10 27
3 39
6 85
3 57
1 42
3 90
2 68
10 47
5 72
2 16
3 13
1 77
9 53
2 21
10 16
8 4
1 75
5 52
3 65
5 96
9 1
1 58
8 9
3 91
10 4
8 26
9 68
5 13
4 66
4 24
9 7
5 20
9 99
2 47
2 84
2 84
2 42
2 85
3 38
7 90
4 42
2 96
7 8
8 85
3 15
3 48
6 7
2 77
2 7
2 33
5 54
2 21
7 7
6 72
10 19
10 90
7 66
9 67
5 97
9 25
7 18
4 23
8 97
9 98
6 44
8 46
4 79
4 99
4 10
4 15
4 60
10 73
5 4
7 94
6 95
1 63
8 6
6 42
10 53
1 56
1 17
3 54
4 83
5 7
1 67
9 45
4 32
4 94
8 85
6 3
2 50
10 80
1 49
5 60
9 35
8 89
5 71
1 52
2 97
5 11
6 65
3 39
1 61
4 25
4 29
8 64
2 41
4 61
3 51
3 55
5 51
10 11
6 57
8 21
9 71
2 1
1 8
1 24
2 81
9 50
1 11
9 97
6 18
3 89
10 20
9 96
9 53
2 100
4 12
1 16
8 48
4 96
4 89
4 1
6 10
5 1
5 95
1 43
9 35
6 20
10 89
10 47
5 5
6 26
9 15
1 74
6 31
4 20
5 39
10 2
6 50
8 30
7 49
3 78
9 57
3 26
6 62
1 79
1 59
1 100
4 14
10 99
2 49
7 93
10 71
8 79
9 50
7 50
9 6
8 14
5 97
10 63
1 77
8 57
2 78
1 30
9 86
9 26
10 54
9 35
5 72
8 27
8 46
7 44
8 2
10 38
1 9
7 48
3 48
7 76
8 32
10 81
3 50
6 100
9 98
7 31
6 70
6 79
8 66
6 4
6 52
7 27
2 90
6 3
8 87
3 1
3 31
5 47
4 22
6 85
3 73
9 67
8 74
8 42
9 54
4 82
8 16
9 28
7 68
5 94
8 33
9 36
8 33
3 34
3 83
10 4
3 11
7 89
9 99
10 57
10 14
8 62
10 95
8 86
9 11
9 44
2 78
5 36
10 100
8 1
8 21
6 34
8 92
8 48
4 74
4 88
3 29
2 68
3 8
6 45
