6 84
6 7
10 91
9 100
5 19
5 32
4 26
9 39
9 73
10 1
7 36
7 32
9 24
3 92
9 91
6 35
3 30
7 14
8 34
3 35
1 10
8 31
7 45
2 40
3 9
2 80
6 96
6 18
7 59
10 47
9 93
1 88
7 17
1 79
6 53
10 88
7 46
7 75
6 49
8 87
2 5
9 53
1 82
10 19
7 70
3 12
3 10
4 18
2 2
4 100
4 99
10 2
2 9
7 54
4 61
10 97
7 71
4 43
5 85
2 100
6 61
3 92
1 90
9 21
5 87
8 48
6 48
8 86
1 57
7 90
2 69
10 77
5 80
5 34
2 65
5 4
3 16
6 33
2 84
1 76
2 45
10 27
10 88
3 88
7 24
4 62
4 45
10 37
9 64
10 78
2 95
5 76
3 63
8 77
5 32
7 73
8 68
7 6
4 68
7 79
6 64
3 55
2 54
1 47
4 79
8 72
9 26
10 100
5 78
5 67
2 3
8 33
3 76
1 35
8 72
1 36
1 11
5 55
6 12
4 15
1 21
9 90
9 71
5 23
4 85
3 83
8 40
8 11
2 69
2 24
4 55
7 43
7 31
1 20
5 94
9 38
3 22
3 50
10 89
5 14
9 99
6 53
6 16
5 37
5 55
5 15
2 37
4 15
5 57
9 96
2 36
1 24
7 42
3 71
6 25
8 97
5 70
4 29
8 57
10 91
1 33
2 22
6 91
1 49
9 57
8 93
9 47
10 93
5 40
8 69
4 6
9 7
4 60
9 27
7 74
8 79
9 89
7 52
6 12
6 17
3 19
2 26
1 94
1 100
6 2
8 100
3 36
8 61
9 31
7 16
3 53
3 19
10 21
3 2
4 76
2 6
4 47
5 55
8 17
5 42
4 22
5 24
7 47
8 55
6 5
2 83
3 42
6 43
3 35
1 90
8 12
9 57
1 4
4 53
4 13
4 10
2 21
2 46
9 9
10 48
4 95
2 24
5 37
6 13
5 89
3 2
1 83
7 86
5 72
8 6
5 85
5 17
10 60
1 92
5 83
10 29
5 17
6 7
10 23
10 91
1 68
9 20
5 90
7 100
3 65
9 48
9 30
6 87
1 61
4 88
10 43
3 5
2 35
6 36
8 88
5 33
6 96
8 42
7 48
8 76
1 53
5 77
5 39
9 76
7 21
3 77
8 88
3 38
7 81
10 75
3 30
8 85
5 61
9 59
6 10
1 41
3 82
7 63
1 20
1 27
4 52
4 55
4 15
4 29
4 87
5 53
5 92
10 36
4 67
8 67
10 27
2 1
4 61
1 85
4 46
9 28
5 22
1 30
4 47
7 33
4 37
5 64
4 47
6 5
9 78
7 63
2 15
1 1
3 67
1 44
5 29
8 17
7 18
8 51
4 17
5 96
2 46
4 86
10 45
8 66
1 10
5 61
3 91
9 40
1 74
6 74
6 7
2 36
5 22
5 72
4 92
10 27
1 100
4 66
1 22
2 44
6 82
6 87
9 74
7 28
4 23
5 29
10 22
5 98
10 45
8 79
6 24
9 58
10 21
3 20
5 64
5 31
4 60
8 4
6 8
4 22
7 86
10 3
7 94
6 26
5 74
7 79
4 30
1 16
6 50
5 25
1 2
5 98
3 6
10 16
2 38
10 78
6 30
3 34
9 50
6 21
3 54
8 52
2 1
8 2
8 4
9 59
9 25
1 34
4 77
9 83
1 76
7 71
9 5
9 49
6 42
4 55
7 42
4 34
6 45
7 75
2 37
3 32
8 55
10 34
7 78
7 1
6 4
4 86
3 70
8 80
4 19
10 83
8 68
7 82
2 95
4 84
10 46
7 66
4 40
2 12
2 59
2 11
2 73
8 18
10 92
6 80
2 100
6 42
4 25
5 42
6 19
7 69
1 23
8 79
7 83
6 61
2 21
10 23
9 92
5 64
10 96
2 99
8 30
5 56
1 53
7 56
10 79
2 54
8 100
10 50
10 64
8 96
6 16
10 7
2 7
1 92
8 67
1 27
7 4
2 76
2 52
6 51
7 2
7 6
2 28
9 92
9 47
8 75
1 4
1 50
6 86
9 17
5 23
7 87
6 22
7 3
1 98
4 15
1 49
2 49
9 25
4 15
2 62
1 27
4 56
5 56
1 55
10 84
10 29
8 83
9 57
2 65
9 82
7 40
9 94
6 77
4 98
8 97
3 82
2 95
2 62
4 65
2 40
4 53
6 81
7 31
8 96
6 81
6 50
3 10
1 53
8 72
4 10
5 28
9 85
4 85
10 89
7 5
1 33
4 72
9 91
4 59
3 67
6 8
8 73
3 77
6 60
3 43
10 63
3 78
3 94
7 86
7 32
1 65
6 49
7 64
9 79
4 4
5 23
6 82
2 58
6 34
8 70
1 97
2 91
7 38
3 10
9 37
6 33
2 96
6 1
3 69
7 77
9 92
7 60
3 30
6 2
4 72
5 32
2 39
3 91
6 28
7 76
6 80
7 86
2 49
3 67
6 29
3 80
3 97
5 45
6 53
8 82
9 23
5 52
2 61
1 3
4 29
1 36
6 88
7 96
3 86
2 18
5 58
7 70
5 86
7 38
1 31
1 20
8 55
7 86
6 94
3 71
7 27
3 55
1 8
4 47
2 59
7 55
3 65
6 37
4 95
2 63
2 71
4 17
9 100
6 89
9 15
10 79
6 56
4 61
2 53
7 11
6 18
2 72
10 21
2 99
2 48
9 70
6 42
2 89
10 66
4 33
4 8
1 39
9 19
1 80
9 11
8 56
9 76
9 85
7 51
10 2
7 94
4 56
4 87
2 24
3 58
9 14
7 28
1 23
8 24
6 99
1 81
4 78
5 54
6 13
9 99
8 55
2 43
8 75
8 99
10 54
8 59
10 21
2 88
4 82
10 7
2 75
3 92
10 49
7 43
7 4
10 56
10 34
3 33
10 2
7 30
2 30
3 85
10 2
3 20
3 82
10 52
4 70
1 60
7 92
3 67
1 90
4 3
1 43
7 19
6 86
10 24
9 78
8 52
7 44
4 67
4 97
8 63
4 75
1 40
1 49
3 94
8 61
4 36
7 26
10 5
9 14
5 16
5 40
10 4
2 99
9 30
8 93
8 73
1 11
10 9
2 2
5 60
7 30
5 38
4 43
8 71
9 10
8 19
6 18
8 13
2 20
1 5
6 12
2 5
9 93
1 79
7 33
7 81
2 3
7 42
7 98
6 5
10 43
10 76
1 46
7 87
7 90
6 83
6 87
7 26
8 34
1 9
1 8
1 82
7 39
6 91
9 74
3 52
6 64
2 32
2 93
4 47
10 25
7 73
1 26
6 15
6 29
4 52
9 40
1 6
3 79
3 39
8 89
5 14
10 30
2 51
10 27
6 20
7 10
9 43
5 57
9 33
9 46
6 76
6 61
9 16
8 6
7 40
2 29
6 65
10 68
3 77
10 88
7 42
7 53
2 52
6 56
4 49
1 70
8 40
4 3
9 50
9 52
5 38
10 32
7 76
3 94
1 93
9 84
4 85
2 84
1 25
7 31
8 8
10 8
3 1
7 18
3 20
7 38
3 2
6 76
2 87
3 93
1 56
1 39
3 85
3 69
1 77
3 45
6 88
8 17
3 43
8 50
5 84
6 76
7 92
4 78
9 54
8 61
4 29
2 61
2 51
6 16
2 2
5 76
10 15
1 20
6 65
1 23
6 48
4 28
8 76
7 54
1 94
5 36
10 73
5 70
6 33
1 40
8 61
8 91
8 60
1 61
2 52
1 4
6 38
1 97
5 49
9 76
7 41
10 5
9 36
5 49
5 41
2 93
10 85
9 89
8 7
6 41
3 55
4 95
7 56
3 72
3 72
7 52
5 9
10 53
4 81
5 96
8 58
7 24
6 68
1 23
1 77
8 87
9 60
7 50
4 69
6 95
6 76
5 86
3 25
3 78
6 85
6 89
1 36
4 16
3 39
5 26
4 96
9 68
9 89
6 71
8 9
10 1
2 59
4 37
10 53
5 39
7 60
10 37
2 39
1 66
2 10
2 64
7 18
1 79
2 26
4 72
3 64
7 59
6 46
10 87
10 37
10 17
6 97
9 9
8 19
8 21
9 60
3 22
2 25
1 24
2 60
7 26
7 99
5 44
1 40
10 59
1 9
3 99
9 93
4 7
10 85
3 65
1 97
5 28
8 51
5 36
9 35
5 41
10 84
3 65
3 19
1 52
10 42
2 42
3 96
10 32
4 12
9 75
10 3
2 38
6 67
4 14
5 3
7 97
7 33
8 69
2 16
8 87
4 66
6 53
7 73
2 36
4 95
8 50
9 8
1 47
4 50
1 19
2 3
8 78
1 33
4 8
7 62
10 92
7 51
2 96
1 1
8 2
9 84
9 35
5 37
2 65
6 66
6 34
4 48
5 16
6 32
4 67
3 86
6 60
5 92
8 24
1 48
