5 82
7 98
8 41
9 35
6 4
2 17
5 15
8 8
9 59
9 21
8 23
2 86
9 9
7 50
9 17
3 32
5 45
5 65
2 68
1 44
4 45
8 15
10 75
3 4
7 19
1 77
5 98
10 4
2 50
3 46
2 92
3 76
6 88
5 70
1 48
7 76
3 26
7 62
7 26
6 68
6 85
9 79
2 80
2 100
8 80
7 94
10 11
7 10
8 29
1 68
2 42
5 72
1 31
4 52
9 83
6 25
1 71
6 49
2 42
3 21
10 37
10 47
1 3
1 87
6 97
5 18
1 13
7 48
3 16
1 9
2 10
2 7
9 34
6 82
3 43
9 52
3 15
1 80
3 23
9 66
2 32
1 38
7 49
9 3
10 97
4 35
4 8
2 65
3 42
9 70
4 16
4 76
1 24
8 17
10 59
4 96
1 74
5 55
10 15
1 90
5 58
8 80
5 60
7 68
2 83
2 73
4 4
3 59
4 30
5 30
4 80
3 25
10 95
3 86
1 42
9 21
8 63
4 66
5 91
9 71
9 77
5 87
9 91
9 46
3 30
2 79
9 93
1 97
6 59
9 17
10 30
4 99
3 63
4 15
8 28
8 40
10 39
8 29
9 58
10 72
8 8
2 97
3 47
10 55
6 37
3 22
5 96
8 41
3 96
4 66
6 35
2 97
10 3
10 94
8 48
4 11
1 24
4 70
8 17
4 87
3 91
5 15
6 87
10 66
5 24
8 83
9 45
7 14
7 75
10 5
2 17
8 8
9 82
4 60
2 64
3 35
6 67
5 50
5 40
1 87
8 36
7 74
9 5
9 44
10 9
2 84
9 22
9 75
10 78
2 2
7 71
1 69
2 47
5 6
10 42
7 96
9 73
6 88
1 44
9 23
5 75
6 94
3 55
9 3
7 47
4 28
6 34
2 18
6 37
10 63
7 10
9 33
10 57
9 28
3 29
8 87
7 22
3 68
6 18
3 93
5 67
3 2
7 6
3 37
7 30
8 22
4 55
3 25
7 21
2 93
4 52
10 87
9 55
3 100
10 46
8 68
3 21
4 52
3 78
4 75
10 78
7 57
1 61
5 9
9 69
6 81
6 70
1 36
8 48
9 100
2 100
10 25
8 60
1 19
2 70
8 4
9 37
2 18
9 81
5 52
3 45
2 23
6 46
2 57
3 78
5 70
3 30
9 84
3 93
7 61
1 7
10 83
7 95
10 60
6 98
9 15
8 92
10 24
6 17
6 31
1 32
1 16
5 16
8 36
1 52
6 24
8 5
8 29
8 72
1 75
9 41
1 94
10 48
6 50
5 58
6 42
9 48
2 93
3 40
8 71
5 2
4 55
1 99
6 86
1 60
7 59
2 57
10 100
2 100
8 6
6 17
10 38
8 77
7 54
7 69
2 14
10 21
10 94
10 13
5 97
8 90
4 20
8 74
1 99
3 67
5 69
7 59
4 42
3 62
2 61
10 72
8 48
5 62
10 54
10 91
2 15
10 76
3 67
1 53
10 60
4 2
4 50
10 4
7 55
9 21
1 88
4 71
2 15
1 76
1 85
6 70
3 84
9 36
5 58
4 85
9 6
3 10
5 73
5 98
2 32
3 64
5 85
2 46
1 44
5 13
7 21
8 90
9 31
7 68
4 19
10 59
2 79
2 77
4 90
10 43
3 2
9 85
8 90
4 75
8 90
4 60
4 96
2 74
1 13
1 6
6 17
1 74
1 43
10 92
7 90
5 59
1 77
4 78
7 42
10 65
5 30
4 20
9 36
9 82
5 57
6 63
4 60
9 62
4 12
7 71
1 7
10 93
6 44
8 76
6 97
10 21
2 4
10 63
3 20
6 34
7 41
5 71
4 52
8 56
4 20
7 50
5 31
6 61
7 44
10 87
9 55
8 25
8 95
6 7
10 97
1 19
2 46
3 98
10 26
8 67
4 4
8 57
1 52
6 76
9 45
8 11
9 81
4 33
6 4
7 41
8 69
6 45
7 35
7 12
8 16
3 20
6 35
2 48
6 12
4 1
4 86
1 92
7 22
10 72
3 63
3 74
6 17
9 11
4 50
4 29
2 40
1 86
6 26
8 14
6 99
1 4
6 81
3 37
9 45
6 38
9 99
7 20
4 62
9 45
8 40
2 8
10 41
4 22
2 9
8 13
7 31
8 34
4 35
10 16
7 68
4 24
2 93
6 56
6 47
6 27
8 57
3 19
2 91
10 10
2 99
10 51
6 49
9 43
7 67
5 88
2 82
2 97
5 61
7 26
7 76
3 67
4 32
10 61
5 78
6 17
10 5
3 22
5 98
5 33
7 3
2 40
4 48
3 53
1 10
7 69
8 53
4 22
8 78
1 17
10 38
7 80
1 90
9 72
3 1
2 47
9 31
9 29
3 76
5 89
2 17
9 27
7 98
4 78
1 54
9 48
4 64
9 25
3 44
5 18
10 93
2 94
1 61
5 24
6 28
1 92
1 49
2 91
8 56
9 54
10 69
8 70
10 66
5 72
9 5
3 16
4 84
5 52
8 87
3 87
10 46
7 79
7 88
7 76
6 14
5 43
9 51
1 76
3 78
3 48
4 97
10 62
2 34
1 21
5 53
9 75
3 60
4 29
4 44
9 84
8 43
2 92
9 91
2 88
1 27
9 5
6 17
2 4
9 57
3 39
10 72
1 20
9 77
10 15
8 9
9 85
9 29
8 1
1 23
2 11
5 33
8 48
6 73
10 26
3 47
5 60
9 8
6 42
7 41
2 3
6 4
8 48
10 79
3 55
7 52
10 12
9 52
6 52
6 89
3 51
6 14
10 48
1 85
10 69
5 77
3 76
9 25
8 94
6 26
7 6
3 93
1 49
5 61
4 50
2 48
8 73
9 56
3 62
3 82
9 4
5 55
1 12
9 80
8 77
1 44
4 96
10 48
2 69
6 82
6 60
6 71
6 39
10 100
10 22
7 72
2 9
10 93
8 47
10 8
10 62
7 75
6 59
5 34
4 79
4 81
4 37
8 62
4 20
10 42
8 81
2 35
5 55
9 70
4 33
5 10
7 20
9 13
1 71
4 22
6 13
10 97
2 47
8 44
7 97
9 2
7 95
5 22
1 21
8 90
3 83
9 57
5 17
6 52
9 43
3 5
7 77
2 6
2 82
10 30
6 55
7 49
1 66
6 50
3 96
3 93
7 17
4 11
1 80
1 75
3 35
9 91
8 49
10 28
10 94
2 3
10 60
9 93
10 96
7 30
6 21
9 35
2 25
1 5
6 80
5 82
3 28
7 59
8 43
9 80
1 68
2 64
6 9
10 64
3 41
3 40
6 54
10 96
9 69
5 6
1 91
5 94
8 49
7 18
8 100
10 8
5 64
5 17
1 74
10 37
4 83
7 77
4 56
7 61
9 21
8 92
8 75
5 37
4 71
2 4
2 68
3 74
3 44
1 17
9 55
3 56
6 65
7 48
8 59
3 49
6 32
3 88
5 94
7 33
6 44
5 28
9 15
10 9
9 27
7 38
5 67
10 57
4 20
10 7
9 59
9 80
1 74
4 85
1 78
2 89
2 51
4 83
1 1
8 88
5 22
6 65
5 64
7 29
4 38
1 11
2 75
8 70
3 88
9 64
5 40
7 57
5 62
8 45
3 5
7 66
10 43
4 37
8 37
2 78
1 67
10 35
9 61
1 3
2 97
10 45
3 16
2 45
2 45
9 65
9 81
4 24
6 1
1 36
2 65
2 86
6 38
9 48
4 56
5 27
7 50
3 56
1 38
5 33
3 28
7 76
4 15
9 91
4 73
4 95
4 1
4 12
3 99
9 54
8 87
1 91
4 70
8 8
8 86
2 21
4 92
6 90
9 45
8 16
5 51
10 13
5 78
8 52
4 55
5 97
7 47
6 25
3 17
8 9
1 36
2 50
1 81
10 94
1 53
2 74
9 29
1 3
4 10
6 22
1 69
7 64
3 37
2 51
2 80
2 29
1 19
10 59
6 38
9 49
8 21
6 69
5 53
4 85
4 6
7 19
2 37
9 24
3 31
6 20
7 74
2 82
8 37
2 40
3 19
4 30
2 35
4 17
6 11
6 86
6 10
3 93
5 96
10 52
5 42
5 60
6 8
6 40
3 84
4 13
2 72
2 43
4 16
8 26
6 53
9 91
1 42
2 94
4 70
5 41
6 38
8 84
9 69
6 13
8 74
7 82
10 94
5 90
3 72
5 68
1 38
9 20
6 90
8 56
6 9
9 51
2 95
3 86
4 78
2 75
4 29
10 43
8 57
9 39
9 87
5 80
5 47
5 76
2 34
5 69
6 43
10 37
4 21
8 8
5 49
6 91
1 26
5 53
6 4
8 59
4 4
3 21
2 2
10 36
8 77
1 52
10 56
4 40
2 16
7 33
6 29
3 92
8 97
8 99
1 31
10 66
3 45
9 54
1 91
2 68
5 61
2 86
1 43
8 20
