1 44
3 89
8 22
7 3
6 43
9 29
2 88
5 19
6 27
4 79
8 77
8 52
7 57
5 48
8 7
7 29
10 69
10 44
3 61
1 10
2 64
5 44
7 39
2 35
3 49
1 90
8 89
8 72
4 82
4 34
10 93
1 85
3 50
10 20
6 2
7 9
7 77
2 34
10 81
2 40
6 37
8 100
2 28
4 98
10 61
9 75
10 75
1 91
3 45
4 13
10 45
4 15
6 38
8 29
9 81
4 85
1 41
10 97
10 3
5 2
2 9
6 21
6 17
8 64
1 39
5 83
9 45
8 13
10 47
10 23
2 91
6 59
7 14
10 1
4 45
9 71
8 28
4 44
8 36
6 80
2 48
1 26
9 22
9 27
9 96
4 99
3 52
4 46
6 20
8 13
10 78
3 58
7 16
7 90
2 84
3 23
7 20
2 39
6 81
2 40
1 97
6 69
1 43
1 61
5 11
8 95
10 91
1 99
7 46
7 77
5 100
7 48
3 23
10 72
10 89
6 85
7 82
5 9
7 12
4 89
2 42
4 17
10 67
6 97
7 46
10 95
5 100
10 68
9 20
8 31
6 94
7 14
9 54
2 27
3 4
1 38
8 11
8 38
6 59
5 25
4 48
6 82
7 73
10 10
9 37
3 3
9 65
2 50
3 83
5 47
2 11
2 3
2 12
3 74
5 42
2 59
9 64
5 97
7 58
8 20
4 56
5 85
5 69
7 30
10 59
4 74
8 7
10 93
3 27
1 65
9 77
4 46
3 70
6 96
8 87
10 43
8 15
8 99
1 63
5 62
6 3
3 59
3 83
2 24
2 90
1 56
3 43
9 83
9 85
3 84
4 73
1 46
4 40
2 2
6 90
3 21
4 31
1 62
10 48
10 63
10 23
9 29
5 32
9 34
4 23
2 59
7 31
4 39
6 48
8 19
4 22
5 28
8 47
5 67
9 84
9 95
4 4
5 22
6 25
3 74
7 35
3 31
5 62
5 95
5 23
1 93
10 16
8 3
5 35
7 78
5 23
4 96
1 14
8 22
8 57
6 52
7 24
5 34
8 33
1 77
3 97
1 44
8 68
4 5
9 15
1 31
8 11
1 69
6 41
2 97
2 84
5 28
1 59
7 54
4 96
1 50
1 90
5 100
4 16
1 55
1 7
4 83
10 15
6 95
4 37
2 35
7 79
6 61
2 93
9 67
9 72
3 14
5 82
1 89
6 67
10 16
4 23
7 4
3 60
6 38
8 82
3 36
1 77
1 88
2 52
8 39
7 57
1 53
10 73
5 43
4 2
6 2
1 90
4 32
3 48
10 25
6 23
8 5
3 19
3 48
4 9
4 71
6 1
10 74
1 23
10 31
7 7
9 6
9 18
9 94
4 19
10 73
9 10
6 92
10 68
9 46
2 44
3 20
4 70
5 62
7 59
8 32
3 97
2 67
7 5
8 94
7 95
7 86
1 29
8 3
8 33
10 62
5 29
4 64
5 16
4 8
1 83
8 50
1 89
4 23
2 65
4 1
4 11
4 63
1 86
10 85
5 29
8 8
7 51
9 41
9 30
3 13
4 93
1 25
10 50
5 27
3 56
8 9
2 20
1 77
7 95
4 94
8 28
5 19
3 72
1 78
8 60
3 21
1 90
6 21
2 69
4 14
7 47
6 20
3 52
10 39
8 17
10 95
4 7
6 88
8 99
3 48
7 63
9 63
10 63
2 18
10 65
1 86
1 6
2 56
9 99
10 10
3 48
2 66
1 73
9 58
5 15
5 73
10 66
6 96
2 18
4 81
2 22
6 28
4 29
9 35
5 24
6 42
9 61
8 21
1 3
5 38
4 30
9 38
10 18
8 48
7 8
10 84
10 1
3 11
4 32
2 64
9 83
10 55
1 90
8 58
4 100
7 28
3 54
9 68
9 90
3 50
10 21
2 57
10 29
8 77
4 23
5 8
8 52
7 8
4 27
9 43
5 64
9 72
7 64
8 66
6 22
10 27
1 96
2 87
9 75
1 87
6 73
6 89
1 64
2 54
3 18
9 11
4 84
4 69
7 12
4 40
9 75
10 87
5 39
2 98
1 2
9 76
5 32
1 93
10 11
3 24
1 46
4 51
8 39
4 68
1 86
5 22
4 28
7 5
4 9
8 91
3 34
3 13
5 42
7 98
2 100
10 63
1 38
7 73
1 74
6 12
3 86
3 16
5 9
7 18
9 65
6 84
7 88
6 70
3 41
5 90
10 23
4 87
8 52
8 86
4 36
1 66
2 12
10 19
10 51
10 2
6 33
6 47
10 87
2 86
2 63
5 32
8 97
10 88
5 74
9 27
1 37
7 50
9 36
6 49
1 70
2 56
2 71
9 74
10 92
5 3
9 85
7 60
6 37
6 73
4 74
8 91
2 14
6 3
3 18
10 84
2 53
1 1
8 68
6 39
9 42
3 34
1 11
9 7
1 23
9 38
10 90
7 22
9 78
7 54
2 37
2 51
9 96
4 96
5 96
8 49
5 85
5 74
5 17
8 35
4 56
3 33
1 91
6 84
4 14
9 23
1 27
2 30
4 83
8 39
8 12
6 85
8 74
8 65
4 67
5 54
9 72
4 56
4 73
4 69
1 5
10 21
8 14
5 73
7 19
8 35
8 54
3 37
10 8
9 71
1 49
8 51
10 85
4 40
5 8
9 74
4 15
7 97
8 15
5 21
10 100
6 43
8 74
3 63
5 88
10 70
7 31
8 94
9 77
9 80
5 48
3 5
1 9
10 71
5 54
4 76
6 53
8 93
1 46
3 65
1 65
5 16
7 88
3 3
7 44
9 41
2 76
10 16
6 6
8 58
2 67
8 8
9 42
4 30
10 89
1 81
6 51
10 57
6 54
7 6
6 17
3 55
6 22
3 62
5 79
2 7
8 74
3 84
2 52
9 38
9 42
1 30
6 83
5 59
5 67
1 95
7 80
4 1
2 49
3 3
6 55
6 42
6 59
5 88
9 58
2 24
5 71
8 36
3 89
10 28
3 33
5 75
10 58
9 80
10 24
6 3
2 90
3 94
9 62
10 24
5 80
8 45
8 18
9 64
8 99
2 100
4 2
6 65
4 10
10 20
8 72
3 39
5 57
7 92
10 99
7 52
6 15
3 36
3 81
10 60
3 39
9 28
3 63
6 37
7 25
1 24
6 86
8 65
8 48
2 4
2 50
3 61
10 86
5 42
4 54
3 26
5 89
10 76
8 80
5 63
5 6
9 45
4 24
3 15
3 89
5 85
10 70
9 17
1 10
2 47
6 18
1 88
2 28
10 64
3 5
4 43
4 73
1 63
3 87
9 76
1 50
9 56
9 100
10 58
5 50
6 94
3 13
6 52
5 68
1 87
7 62
10 49
4 67
9 29
7 19
6 48
2 23
5 16
6 1
1 11
10 82
7 21
5 11
6 49
8 42
6 66
6 59
1 94
7 31
5 68
6 76
9 19
1 59
1 83
2 7
4 44
4 39
2 77
3 8
8 24
1 57
6 17
4 96
5 8
1 78
8 51
9 30
3 86
9 2
5 31
9 91
4 17
5 65
3 61
9 76
1 55
8 81
1 75
8 20
1 17
4 99
9 64
3 92
8 27
6 41
10 64
3 85
9 91
5 22
5 79
3 90
9 80
3 59
1 81
1 81
9 56
4 50
10 61
9 24
6 76
2 87
1 95
3 1
7 92
8 24
7 88
4 48
2 49
2 11
3 50
2 69
2 81
7 72
8 46
5 53
5 16
9 1
5 56
9 11
7 2
6 51
5 55
9 68
6 16
5 95
5 75
2 10
6 37
7 12
8 68
4 38
4 90
1 6
6 59
6 47
3 84
1 74
6 89
2 4
10 88
4 82
6 68
8 94
9 2
8 59
2 15
3 96
9 57
4 58
8 47
7 89
8 30
3 9
4 6
3 6
3 34
7 9
1 57
5 14
10 58
1 76
10 71
7 12
4 14
10 78
2 89
4 24
10 20
5 1
3 9
9 63
3 68
8 66
8 49
7 26
4 23
6 23
3 59
4 60
5 94
6 57
6 68
3 6
1 30
7 9
5 3
8 55
7 95
7 20
2 97
5 30
1 59
10 49
10 8
10 77
10 54
5 79
3 65
7 77
1 57
6 98
6 72
8 2
5 16
2 44
1 100
7 74
1 53
1 37
9 21
6 87
7 77
5 61
4 24
8 38
6 48
2 63
6 91
2 4
1 58
7 9
2 99
8 66
5 70
8 72
9 68
3 66
1 55
7 47
1 85
10 90
5 90
8 16
9 57
4 69
2 53
3 20
6 46
8 25
5 68
1 1
10 66
2 77
8 8
8 88
7 27
9 67
9 61
6 14
7 46
3 21
6 5
2 8
3 37
4 37
9 53
9 68
9 18
10 34
2 20
10 76
6 38
3 42
5 28
6 28
10 89
7 67
8 50
3 33
7 59
10 28
4 27
5 6
5 54
