1 98
4 47
9 44
4 86
4 25
7 72
3 47
6 93
10 72
2 95
7 79
4 87
1 73
7 33
9 100
6 67
3 72
4 76
2 77
10 47
7 73
2 64
10 98
4 93
6 40
1 97
8 37
7 2
7 42
5 77
10 7
3 41
5 70
8 60
7 86
5 34
4 7
4 96
3 2
2 8
3 82
6 44
10 81
4 49
5 66
1 95
5 9
3 42
1 18
6 80
8 14
10 62
7 90
7 89
8 18
2 34
7 75
5 57
10 66
6 91
5 50
7 95
4 92
9 69
7 98
1 43
5 97
10 79
4 80
5 9
5 30
7 90
8 12
7 95
1 29
9 73
1 22
1 45
3 38
9 88
2 95
9 20
1 92
8 87
8 4
7 70
4 95
9 73
5 95
10 2
7 81
4 59
6 75
9 98
6 47
8 28
8 66
1 9
10 90
3 72
4 57
3 35
5 32
9 6
4 57
9 94
10 6
8 88
9 75
8 44
5 2
1 100
5 97
7 9
3 72
7 27
9 41
9 84
10 22
8 83
1 38
1 43
8 17
3 77
5 95
3 45
2 55
4 61
2 73
9 45
10 53
8 7
7 30
8 93
4 4
4 58
8 74
4 89
7 17
1 38
7 6
4 11
1 79
7 67
3 82
8 3
1 21
6 89
3 69
2 62
6 6
4 51
9 57
6 53
3 7
3 86
5 2
4 88
6 61
3 45
9 87
6 5
3 21
2 25
8 59
3 12
10 97
4 35
3 99
9 82
10 2
6 74
5 86
5 24
6 26
10 84
5 94
2 2
8 24
1 70
3 58
7 82
1 4
1 34
2 16
8 91
6 6
6 62
8 29
9 93
3 8
1 28
10 10
7 46
3 87
4 85
4 51
8 88
4 64
1 12
6 23
8 90
7 84
2 9
3 93
1 16
6 94
1 84
5 66
5 49
4 13
9 46
5 54
6 2
7 44
3 72
10 42
1 3
10 96
7 4
3 88
3 22
5 54
8 93
7 92
6 3
3 98
10 32
5 38
9 16
3 81
6 91
3 79
3 72
8 64
7 27
2 31
6 10
7 12
3 15
7 22
8 48
2 63
5 28
3 21
10 90
2 41
4 16
10 3
3 66
7 82
4 33
5 34
10 99
10 12
4 73
6 29
10 93
2 40
8 37
2 86
10 88
10 71
8 56
9 3
5 62
4 38
1 23
6 14
7 91
8 87
10 52
9 38
7 41
5 39
7 37
9 44
10 87
1 96
8 19
9 41
9 75
3 71
5 1
6 21
8 14
1 5
2 80
3 7
3 67
6 14
3 58
4 25
3 90
9 58
4 53
9 94
6 29
6 61
6 90
5 23
8 62
5 60
10 96
3 41
4 49
4 17
10 84
3 39
8 97
10 25
1 37
4 22
5 60
6 97
8 15
2 38
5 1
8 87
10 49
6 20
8 95
5 91
7 32
9 99
3 28
6 64
2 16
5 41
4 24
7 62
4 23
4 5
5 41
8 75
5 55
9 79
6 27
6 12
5 66
1 85
5 79
5 95
8 45
9 82
3 34
2 20
5 76
10 52
5 32
9 50
10 49
10 36
7 30
8 17
2 74
6 82
10 51
3 23
7 17
6 71
3 28
3 60
6 83
5 6
1 89
3 64
5 80
6 6
5 77
7 69
5 19
6 8
8 18
10 23
7 64
8 19
1 52
6 30
5 15
6 56
8 68
4 39
5 39
1 44
3 79
9 81
8 50
10 23
4 94
6 23
9 77
9 89
9 13
5 56
10 34
2 51
4 89
2 94
7 16
10 20
3 28
4 64
1 42
8 77
8 94
7 40
4 5
9 11
9 79
8 69
6 17
4 97
3 65
9 86
7 12
1 48
1 96
8 14
6 41
6 13
9 86
1 94
1 32
3 59
10 66
5 86
8 71
7 47
10 99
10 73
7 14
5 17
4 27
3 72
5 32
3 86
8 66
1 7
6 13
2 66
8 70
1 5
7 90
4 41
10 10
7 35
8 32
7 27
8 6
3 25
10 38
5 46
8 18
5 58
7 17
9 68
9 36
8 33
7 91
6 87
1 44
7 79
3 51
6 22
8 43
7 49
4 17
10 11
2 23
6 16
5 44
2 41
4 66
7 43
2 93
1 29
5 12
4 53
10 39
3 70
6 48
2 61
8 90
5 55
7 19
10 3
9 69
2 77
5 66
8 54
3 50
8 31
1 59
7 25
10 71
1 55
8 80
10 25
1 28
5 8
2 44
8 22
5 77
7 48
2 47
1 11
8 43
1 24
5 43
2 53
8 68
9 5
9 67
6 40
9 24
3 11
2 53
6 10
9 32
8 66
9 33
1 13
4 87
3 86
2 49
7 82
10 33
8 88
8 61
2 90
10 58
4 16
8 78
2 18
10 21
7 54
2 53
6 96
8 71
10 28
4 10
8 2
4 27
3 95
1 19
2 67
8 57
4 19
3 20
8 51
7 25
1 54
3 37
1 85
10 31
7 57
3 5
6 8
9 74
9 84
8 59
1 88
2 51
5 68
5 69
6 52
4 56
6 16
7 71
7 19
5 98
9 14
4 82
2 77
10 53
7 65
8 99
1 9
9 57
2 59
10 23
10 85
10 29
10 77
10 30
6 71
7 90
9 59
9 97
4 44
9 85
9 44
3 14
5 25
8 90
9 67
5 64
2 15
4 1
6 42
2 17
3 80
5 64
4 16
5 27
10 57
8 98
5 63
4 76
5 24
10 68
8 42
2 50
8 85
6 36
9 29
2 26
9 22
3 75
5 38
3 2
7 81
10 92
10 47
3 33
7 14
5 11
2 22
3 68
10 92
6 93
2 71
6 5
10 62
6 85
5 86
8 12
4 100
2 14
6 100
4 89
9 8
9 45
7 33
7 23
10 15
9 1
8 8
10 100
10 76
3 78
1 3
1 83
5 12
1 8
2 90
10 36
9 38
8 72
6 9
10 73
2 74
2 79
6 48
8 57
3 58
10 4
10 12
9 25
5 52
3 72
7 9
2 55
1 67
9 64
9 27
10 87
9 18
9 68
7 91
2 82
3 58
10 21
1 85
6 42
3 93
4 56
1 4
4 85
7 3
5 79
2 27
2 90
5 26
5 60
1 24
6 37
7 44
9 69
5 89
4 40
9 53
5 12
7 93
2 38
3 23
3 79
6 9
3 93
5 83
3 59
6 9
8 73
10 47
5 90
4 86
3 68
2 11
5 22
5 3
7 34
10 78
5 36
7 25
8 100
5 32
9 20
3 16
6 50
2 31
9 26
7 22
3 19
4 32
5 52
8 17
5 45
6 12
5 96
7 43
6 67
8 50
9 8
2 35
4 17
8 1
8 21
8 62
10 16
6 63
9 10
7 36
6 56
2 30
1 5
3 95
1 66
2 87
4 86
8 80
4 92
7 68
3 44
6 74
10 2
10 73
5 90
3 25
7 9
6 67
9 67
6 4
5 62
9 46
5 75
5 36
4 89
5 36
6 27
3 54
4 31
5 13
10 86
1 14
9 66
7 32
5 15
10 64
4 2
9 64
10 35
6 40
1 71
3 10
3 6
8 38
10 83
5 39
7 6
7 8
8 62
7 4
4 41
3 61
2 53
2 31
4 26
3 46
5 50
3 41
1 28
1 34
8 56
6 88
10 84
5 35
8 65
3 24
4 9
10 25
4 13
4 31
1 39
3 38
8 86
1 54
1 54
3 10
1 28
4 19
7 94
2 7
10 95
8 11
10 22
7 66
2 61
1 47
1 55
9 30
9 55
9 84
2 68
10 70
9 29
7 61
5 40
2 24
10 32
4 41
7 77
8 45
6 46
9 99
8 25
8 97
1 77
8 80
10 93
1 33
6 61
3 73
5 11
3 37
4 49
4 59
9 54
10 66
9 86
8 44
4 82
7 95
8 29
2 37
3 70
5 97
8 7
8 71
7 23
10 48
5 8
7 68
7 68
9 13
10 43
10 9
9 14
3 35
10 34
6 59
10 78
5 8
7 83
6 100
8 60
7 31
2 63
5 84
5 96
8 18
9 87
1 46
9 72
1 23
2 7
10 59
8 78
6 8
1 53
10 83
9 37
3 32
5 61
10 72
9 57
3 45
2 76
3 100
6 49
10 5
6 46
1 72
1 86
8 3
3 70
8 17
4 63
6 37
2 34
3 16
9 36
1 81
6 49
6 63
6 41
5 46
4 83
5 10
9 86
3 42
3 77
1 37
1 82
6 83
10 26
5 90
5 37
2 40
7 22
1 85
8 11
1 91
7 60
9 94
9 21
8 33
3 1
7 91
7 53
2 75
1 82
6 21
5 100
7 4
7 48
4 29
4 56
7 26
4 71
3 56
4 52
7 56
6 44
5 20
5 73
10 43
8 72
2 38
2 48
3 59
9 69
2 80
1 20
7 64
3 6
3 86
10 70
10 11
4 9
5 3
9 81
2 68
8 94
7 19
7 26
5 35
10 71
9 32
8 14
