2 32
2 77
10 16
10 67
9 30
3 85
1 14
10 43
4 40
10 98
2 33
8 5
4 18
4 39
7 19
8 82
6 64
8 98
10 92
7 25
3 55
5 47
3 98
9 39
7 19
7 9
5 82
6 14
10 29
1 14
10 15
8 76
1 52
2 69
4 24
3 98
3 29
5 8
10 76
4 60
4 43
3 91
10 3
8 97
2 69
7 45
3 64
10 81
5 90
7 88
2 98
1 100
9 6
7 47
6 53
10 13
1 13
2 25
6 39
2 89
5 80
9 60
10 13
9 80
5 59
10 40
6 33
2 96
10 79
2 32
10 51
4 63
5 19
5 57
3 87
3 59
1 20
7 100
2 90
3 45
8 67
7 70
5 66
4 1
7 11
1 35
10 53
4 61
5 18
8 49
8 2
2 35
7 79
5 63
9 12
6 30
9 10
8 49
3 92
2 81
1 40
10 56
7 80
5 84
4 70
3 88
2 48
5 89
10 39
10 99
2 99
7 77
8 32
6 33
7 8
7 17
8 93
9 35
8 54
6 100
9 50
3 82
7 86
2 40
5 45
9 11
7 86
5 58
4 72
7 14
5 77
5 24
9 85
2 21
1 3
9 65
5 100
5 31
8 51
9 25
3 89
8 67
2 25
3 90
7 52
6 56
4 11
8 19
1 78
2 21
7 30
6 22
3 47
5 76
5 36
6 47
10 39
1 31
3 96
1 69
5 42
9 72
10 59
9 2
9 2
8 6
1 7
2 72
10 42
7 71
6 32
7 23
8 43
6 84
5 60
7 79
9 84
10 44
2 32
7 88
9 75
10 22
1 7
10 86
1 42
2 46
2 15
1 73
6 17
4 69
9 57
7 31
3 76
8 82
1 11
10 51
5 51
10 29
5 61
4 17
2 52
6 84
7 66
7 52
10 60
8 89
10 49
6 18
3 75
10 73
3 27
3 4
8 75
7 89
3 21
1 21
2 90
4 73
10 76
9 81
8 74
8 62
3 35
3 8
8 70
2 13
4 29
9 74
4 35
5 71
9 88
1 49
3 9
10 5
5 18
3 8
9 73
8 91
4 24
1 44
3 91
6 94
8 19
6 35
1 95
10 76
4 34
10 94
10 49
6 32
10 23
3 24
3 27
1 84
5 94
3 31
5 23
1 69
1 28
4 83
1 91
9 67
5 13
6 100
3 50
7 11
1 91
3 70
1 90
8 94
10 77
1 97
5 42
1 4
1 13
8 100
10 54
1 8
4 55
5 43
9 28
8 68
8 55
7 86
2 95
1 51
2 40
3 69
1 47
10 41
4 36
3 80
1 90
8 35
2 32
7 2
3 31
7 53
5 55
4 95
7 10
4 77
4 31
1 28
3 84
9 75
10 29
1 99
2 98
10 20
4 87
10 21
8 58
4 5
1 53
3 2
6 39
3 83
6 10
2 1
4 100
9 82
7 15
1 63
5 41
8 100
6 16
4 54
8 83
8 64
6 99
8 59
1 98
5 49
1 78
5 53
6 86
6 46
4 94
6 38
7 44
6 81
5 20
7 47
1 12
1 90
1 57
3 41
7 75
5 43
3 7
1 28
3 20
8 63
2 23
4 100
4 16
9 5
1 6
8 60
8 67
1 28
10 6
5 9
7 74
9 9
8 72
2 42
8 84
2 42
5 53
3 34
7 83
6 3
2 55
1 27
4 42
9 84
5 18
5 75
4 38
1 20
8 69
6 22
5 31
6 33
6 20
8 96
4 42
2 99
4 54
1 42
7 86
6 100
1 30
8 42
5 13
5 70
7 95
5 49
3 81
8 74
5 37
8 74
4 45
2 57
1 27
7 89
9 27
10 27
6 1
2 3
5 73
4 93
8 17
5 98
1 62
4 96
3 51
3 51
3 40
7 29
1 39
9 77
9 29
9 5
9 23
3 29
1 11
1 88
1 87
6 22
2 86
8 39
4 43
5 36
4 87
10 96
4 97
9 70
6 40
4 2
5 17
4 98
3 76
10 91
9 14
1 1
10 69
6 44
7 28
9 93
6 93
2 53
2 26
8 100
5 48
1 38
6 67
10 16
5 66
2 70
5 22
4 66
7 27
10 97
4 79
6 25
10 24
8 95
9 45
7 74
4 73
4 82
10 47
7 39
8 50
9 26
9 69
8 50
4 27
4 63
7 83
3 65
3 18
2 52
7 58
6 13
6 78
8 80
5 55
9 76
8 56
7 37
8 57
10 69
4 67
2 43
6 20
4 24
8 41
1 56
4 50
6 37
5 17
6 62
7 7
3 99
4 24
5 37
2 38
2 3
10 89
6 92
5 27
1 91
6 47
8 21
6 100
2 61
6 96
10 23
2 58
2 32
2 98
9 85
5 11
7 43
3 47
4 66
6 83
9 98
4 9
10 64
5 53
10 66
7 20
2 31
6 32
3 46
1 41
2 93
3 44
10 65
7 43
3 57
7 88
5 25
9 32
8 14
3 48
10 71
5 10
5 71
3 26
6 90
3 59
7 29
8 62
5 75
2 22
7 82
6 3
5 75
4 14
3 78
3 57
9 22
1 96
1 93
3 27
9 11
5 54
8 10
5 52
4 35
5 92
6 91
6 32
1 49
10 48
10 48
3 45
8 40
4 47
3 27
1 84
5 30
2 84
5 58
2 59
8 97
9 33
5 82
7 78
7 74
9 41
6 4
8 23
3 36
2 51
2 39
2 24
7 51
9 75
8 79
4 25
1 95
7 49
1 2
6 29
1 95
2 79
4 22
5 76
5 72
9 60
5 79
6 55
9 18
9 88
2 32
4 1
2 11
5 64
8 83
1 25
3 8
9 45
10 58
4 87
5 65
10 17
3 10
4 10
9 6
5 3
1 17
4 61
8 21
2 38
4 21
4 51
2 21
1 86
1 9
4 96
9 18
8 48
3 61
6 32
7 71
8 48
9 18
6 13
9 23
9 91
3 52
10 7
5 41
8 56
3 82
6 88
3 88
7 56
6 50
9 6
9 83
1 3
2 11
4 77
10 59
7 54
10 49
1 68
5 52
7 73
2 96
8 11
4 99
3 92
9 2
7 27
9 44
7 80
2 20
1 14
3 57
8 17
8 34
4 54
8 12
5 11
5 5
2 3
7 35
1 18
5 26
7 63
4 79
10 3
7 42
2 24
3 98
5 2
7 13
8 9
8 39
3 36
2 37
6 26
8 71
8 84
8 81
1 11
5 23
7 100
10 28
4 54
1 10
4 38
9 1
9 66
9 74
2 45
10 54
2 8
3 48
5 23
7 63
1 34
10 53
6 98
9 14
6 100
1 29
8 73
7 98
1 93
10 72
7 90
8 33
1 96
9 21
10 47
10 84
7 5
1 25
4 27
10 80
8 10
1 38
6 63
9 48
10 17
6 86
1 51
8 35
8 30
5 55
4 92
1 48
1 31
6 22
5 29
10 46
2 81
4 38
5 12
1 35
10 66
4 60
3 56
8 63
7 63
6 6
7 54
3 96
9 28
5 85
4 77
3 88
6 57
9 37
6 96
1 76
7 69
5 25
8 88
2 17
4 42
6 89
7 97
7 82
7 21
6 2
1 3
7 23
3 65
8 98
3 23
5 46
7 45
8 66
5 5
5 69
7 15
7 77
3 93
1 28
1 65
6 68
5 28
2 74
2 77
4 2
3 85
9 9
4 14
10 63
1 74
6 91
1 83
6 94
3 25
1 53
5 69
8 72
10 50
2 72
7 25
6 84
10 49
10 13
8 41
4 75
7 78
9 80
6 14
6 43
5 31
6 29
9 100
2 82
5 97
9 59
7 63
6 41
3 33
2 54
8 9
2 47
8 58
6 74
2 74
4 21
6 57
8 72
6 47
8 13
9 23
5 87
8 28
6 81
7 19
7 100
8 75
3 99
4 99
7 71
4 18
8 16
3 9
1 99
2 52
1 18
3 79
9 42
8 54
1 56
1 17
1 40
3 90
8 50
6 99
5 98
6 79
6 47
7 97
4 76
2 62
4 81
8 21
8 17
5 68
2 85
7 93
9 36
3 74
5 13
10 63
7 3
9 35
1 99
7 6
6 21
2 34
10 37
7 48
7 5
8 55
5 73
10 68
8 2
1 88
10 31
8 59
5 82
5 78
3 16
6 28
9 73
5 83
1 15
7 22
3 29
7 2
6 31
7 78
4 29
5 20
8 42
7 43
1 63
8 82
3 65
9 35
9 92
9 62
1 38
8 21
3 61
1 5
2 52
9 31
4 53
7 12
6 59
1 55
6 63
6 61
10 67
2 23
3 78
3 45
3 52
5 78
7 21
4 61
6 24
1 11
6 62
10 58
5 13
10 86
3 25
1 51
4 18
4 24
5 88
4 91
6 62
8 37
10 53
6 70
1 54
6 57
6 33
6 90
1 94
1 78
10 72
5 83
4 1
7 66
3 96
10 57
6 99
4 70
6 1
10 22
3 83
10 95
5 80
6 79
8 35
1 53
3 22
6 45
2 33
