1 61
9 5
10 45
4 6
2 55
5 66
1 4
8 42
9 45
6 78
8 2
9 45
1 40
4 54
3 84
9 29
1 77
2 47
2 57
4 70
10 68
8 97
1 82
6 37
3 88
8 14
5 97
10 1
10 99
8 2
7 53
2 81
4 4
7 34
8 60
6 51
10 84
5 38
1 13
9 36
10 40
2 77
2 27
3 26
4 31
3 10
1 72
5 28
2 94
3 1
2 51
9 2
6 17
6 14
7 15
6 12
1 36
3 35
6 93
4 9
2 73
2 50
6 3
5 50
8 62
10 99
1 28
1 58
3 38
5 43
6 96
9 80
10 22
2 8
1 58
1 62
8 61
1 38
1 42
10 30
10 18
9 85
1 2
8 33
3 98
3 55
1 27
10 37
5 61
8 12
8 99
8 81
10 59
10 42
2 21
4 21
3 88
10 92
7 94
7 72
9 50
7 89
2 28
8 95
3 40
2 40
1 39
9 33
3 67
7 30
5 57
5 79
2 34
7 65
4 16
3 14
10 55
1 93
9 4
10 82
6 88
9 6
6 78
9 54
10 53
1 39
2 62
5 71
6 46
5 43
8 10
4 100
5 39
1 31
6 58
2 57
2 26
3 92
5 17
7 30
6 28
1 92
1 83
4 14
7 34
9 34
10 6
7 50
5 3
8 16
3 46
8 37
4 28
9 37
4 23
1 71
3 98
3 45
10 56
7 79
3 52
5 82
5 60
7 79
7 67
4 54
6 57
1 29
10 91
6 45
5 33
9 77
10 1
1 6
7 89
7 40
5 21
3 63
5 62
6 40
6 7
1 27
3 39
6 90
7 95
5 81
4 46
3 14
1 19
6 59
1 23
10 55
10 77
6 41
2 99
4 1
1 43
3 33
7 50
10 72
7 8
2 75
5 23
5 96
3 78
3 52
9 6
6 76
10 64
2 81
10 60
10 97
1 27
8 10
3 16
7 58
3 66
1 85
6 2
9 60
8 39
2 78
5 85
1 88
1 13
6 98
3 7
3 13
9 10
2 5
7 37
9 41
3 29
10 46
5 86
4 85
3 46
9 44
8 100
7 3
8 74
6 43
4 96
7 61
8 14
3 7
10 16
3 77
6 96
3 89
6 92
10 44
1 87
6 61
2 56
8 49
4 6
8 86
8 98
7 12
3 5
7 54
10 49
4 77
1 33
9 5
3 18
8 68
5 14
6 83
8 12
7 25
8 84
9 35
1 81
7 91
3 92
4 56
4 69
1 54
9 82
4 7
8 76
5 83
4 55
8 66
2 12
9 28
8 82
5 32
4 94
1 70
6 92
8 95
4 99
6 80
1 37
1 4
6 93
9 3
5 54
2 16
1 5
6 5
9 50
7 22
8 100
5 16
9 67
5 93
3 24
1 46
6 12
4 25
9 85
9 12
3 2
8 78
3 30
2 41
1 17
8 26
5 19
5 54
10 86
8 53
1 15
7 13
1 12
1 80
10 25
6 96
5 45
9 53
4 80
6 100
5 3
4 27
10 28
5 80
3 93
9 68
6 16
10 29
7 57
1 11
5 64
6 92
2 65
5 88
8 26
9 62
9 44
1 33
1 98
1 77
9 60
6 60
10 52
1 65
1 7
4 41
9 30
9 35
3 4
8 67
9 40
2 66
8 84
7 100
6 62
3 86
8 51
8 70
5 66
9 98
10 86
5 39
10 72
8 71
3 24
4 34
9 55
7 44
3 79
9 8
7 15
1 42
10 53
5 7
7 63
6 76
9 54
9 71
6 58
4 93
4 38
9 81
4 87
8 18
3 61
6 73
7 74
8 62
8 92
1 18
10 22
7 22
10 43
9 18
7 34
9 53
7 82
5 48
6 38
4 74
1 18
4 60
8 46
4 74
7 42
6 79
10 39
6 73
4 68
10 45
4 26
9 74
4 56
2 32
1 14
6 13
2 41
1 12
5 99
10 26
10 89
4 10
5 79
6 60
9 79
5 51
10 70
9 49
4 24
4 96
9 83
8 26
9 32
5 1
6 38
9 81
10 27
3 67
5 89
10 69
8 66
4 12
5 89
6 89
1 58
9 48
6 72
5 38
9 65
1 35
2 78
1 32
6 9
2 91
5 62
10 45
5 10
1 80
7 23
10 15
2 53
7 24
9 85
5 89
7 89
8 38
3 24
3 58
1 36
9 36
7 69
10 23
9 48
6 79
3 85
10 35
9 99
8 80
10 91
10 18
10 52
10 42
6 18
5 53
5 90
6 24
6 54
3 21
9 70
7 66
10 66
3 77
4 38
5 88
6 81
10 46
7 83
5 44
5 71
7 38
5 24
4 14
6 34
2 24
4 89
6 23
4 79
9 96
4 68
4 53
5 64
7 69
4 100
4 18
10 5
9 56
1 77
7 90
2 56
1 7
5 41
7 76
6 55
9 49
3 63
5 25
10 15
3 22
2 63
8 22
9 60
9 53
2 7
5 24
6 33
9 60
5 2
9 96
9 2
5 39
1 28
9 30
9 6
9 34
3 18
9 27
6 44
7 66
8 93
7 25
5 4
4 12
9 92
2 71
1 1
7 75
2 3
5 99
3 14
6 41
2 56
9 5
4 34
10 26
6 98
4 67
10 1
10 86
10 98
8 61
3 95
1 49
6 20
3 76
5 50
9 26
3 5
4 93
9 94
7 58
10 32
8 96
3 85
9 60
5 74
4 74
7 61
5 32
4 15
7 58
1 94
10 46
3 12
7 49
6 35
8 98
9 93
5 7
2 20
4 79
1 22
10 31
5 38
1 45
8 64
1 59
5 35
1 21
5 51
7 67
6 37
1 45
9 63
6 76
1 88
4 42
7 88
10 43
10 82
6 88
8 11
8 41
1 53
1 94
4 92
8 45
7 72
4 44
9 96
10 43
10 35
6 54
1 46
10 26
2 22
5 89
9 4
7 82
1 39
4 82
8 36
2 85
9 29
1 3
6 5
7 80
1 5
9 67
10 53
4 95
2 57
2 79
8 42
4 72
1 41
5 36
1 59
10 50
8 100
6 82
1 34
5 20
10 97
5 65
4 25
4 29
8 92
1 30
2 31
1 58
3 71
5 82
8 69
5 25
6 60
8 24
9 87
9 66
1 83
7 83
10 50
5 65
8 58
4 56
5 45
3 96
2 94
8 86
2 30
9 68
5 9
2 53
9 44
7 13
8 92
9 97
6 64
9 76
6 95
1 91
10 41
7 75
5 42
1 92
7 54
10 57
3 64
4 75
2 20
5 3
2 23
4 49
9 67
6 11
8 56
8 75
2 91
9 81
10 82
8 41
5 89
10 6
4 12
10 72
3 25
6 31
6 16
9 81
9 51
4 37
4 60
2 78
10 56
7 88
2 34
10 45
3 47
8 97
2 9
8 20
1 18
1 98
6 48
6 41
6 63
6 82
3 36
1 14
8 78
7 91
9 95
1 64
8 67
5 33
7 28
2 13
6 46
8 14
9 95
4 59
7 49
5 26
1 63
2 99
8 81
2 62
6 88
5 33
7 63
7 38
5 84
10 12
1 94
3 33
3 20
7 1
7 99
1 57
5 42
8 55
3 27
1 9
7 33
8 29
8 29
10 5
5 38
5 96
10 67
8 5
6 3
5 35
9 55
3 15
5 72
7 56
10 67
8 40
9 99
1 99
2 51
7 64
7 17
5 79
2 19
10 12
6 96
10 55
4 11
5 97
9 5
2 14
6 69
9 92
8 21
6 32
3 39
2 9
8 38
3 58
5 79
10 45
6 76
8 67
7 64
7 14
4 6
4 14
10 92
7 11
8 40
7 24
6 70
3 59
2 83
2 97
2 27
4 41
6 63
5 43
5 22
6 94
6 86
7 44
2 18
2 7
5 15
10 11
3 56
5 53
6 83
4 87
1 51
2 2
3 7
8 29
2 5
10 53
4 97
9 48
8 41
10 47
5 18
8 76
5 97
5 98
8 43
10 49
4 59
3 33
7 19
4 19
10 53
2 99
7 56
9 5
9 14
2 19
2 90
6 80
3 29
1 87
6 98
8 91
8 38
10 43
8 28
2 37
10 30
9 100
5 66
4 20
2 65
5 4
2 75
9 74
4 72
5 85
6 85
7 76
6 46
5 19
6 84
10 44
3 92
9 57
8 24
8 33
6 90
7 4
1 23
5 75
5 81
8 77
4 58
8 49
5 9
8 41
6 35
8 84
4 26
8 16
2 73
7 99
9 89
6 33
7 80
4 75
3 82
6 70
4 28
6 61
8 13
7 33
4 55
4 17
7 86
8 51
1 98
6 79
4 82
1 53
10 22
5 65
3 9
4 87
2 76
2 5
6 32
5 71
9 39
7 42
7 78
4 85
9 10
8 68
7 49
5 98
4 44
5 2
4 96
1 98
6 5
10 53
10 3
5 84
1 44
8 48
1 44
2 18
2 21
3 15
8 66
10 19
7 54
1 22
7 53
1 87
2 4
10 1
2 15
9 50
8 68
4 71
