3 89
6 90
9 17
1 40
6 83
8 14
5 22
10 26
3 9
5 51
8 95
3 31
4 23
9 97
4 44
9 74
7 86
4 21
8 89
8 37
1 82
9 24
8 3
6 69
4 39
7 90
2 8
10 72
6 86
1 57
4 85
9 25
3 26
3 21
10 51
10 21
5 41
5 95
5 48
8 9
10 74
6 100
8 28
2 100
2 78
4 61
2 34
2 19
10 33
3 34
3 90
1 60
7 64
5 29
4 22
1 6
5 2
10 26
10 52
4 1
3 20
4 70
10 56
7 92
1 87
4 9
7 31
8 28
10 90
8 13
6 40
5 59
8 2
1 94
6 74
1 67
9 4
8 54
1 29
6 79
8 71
10 53
7 81
2 95
2 45
2 23
4 35
6 53
7 80
3 46
2 93
1 48
5 79
10 23
3 48
4 85
3 63
8 5
4 8
9 77
3 76
9 64
6 13
5 88
3 51
7 5
2 74
6 14
6 67
5 48
1 26
6 41
5 6
9 67
2 89
4 92
10 38
4 50
3 53
9 43
1 70
10 67
8 95
3 89
3 56
3 1
3 1
10 20
6 83
3 7
5 63
8 62
1 20
9 39
9 72
9 71
6 91
8 92
4 92
1 59
10 92
4 54
10 81
4 46
8 60
2 71
3 19
9 83
6 75
9 69
8 53
5 4
7 28
10 29
7 24
10 34
5 22
5 31
4 29
3 55
2 87
5 16
3 68
7 96
2 77
7 22
5 77
7 57
7 19
10 16
7 27
8 98
2 98
1 21
1 81
8 50
10 21
8 55
3 87
3 57
9 99
1 5
10 19
2 63
7 42
2 71
3 46
8 8
7 51
2 2
1 62
7 72
5 58
3 11
7 95
4 78
8 53
3 10
2 59
6 54
2 82
5 37
9 16
7 16
7 3
4 28
4 95
3 92
2 70
9 52
8 68
8 6
8 11
7 34
9 50
2 57
9 7
3 30
8 41
10 74
1 52
2 10
10 76
2 87
4 73
9 70
2 11
7 66
4 32
4 31
1 31
1 69
6 65
5 42
4 10
5 33
4 95
10 68
1 22
2 81
3 95
3 49
4 27
10 70
10 78
4 83
4 35
1 58
2 79
10 41
5 95
4 86
5 36
2 42
9 40
5 14
7 60
5 22
6 8
6 57
8 76
3 89
10 21
9 67
9 95
2 28
5 2
3 97
9 75
9 61
6 67
7 89
7 40
4 67
2 19
10 16
5 13
5 21
7 37
9 53
2 72
3 98
3 21
8 89
10 16
2 55
4 98
8 86
8 14
10 2
6 28
10 38
4 15
2 67
6 44
2 91
1 37
3 98
10 40
1 59
9 31
7 58
7 14
10 11
3 4
8 98
10 1
8 56
10 52
6 75
5 85
1 3
7 80
1 42
5 34
3 94
3 40
4 37
9 98
1 54
7 96
5 67
8 8
5 2
4 25
3 38
5 33
6 87
8 51
7 25
5 15
10 83
7 75
2 96
4 70
5 91
8 11
1 1
6 65
10 4
8 6
6 30
8 35
7 3
1 59
1 44
6 100
9 62
7 75
1 95
7 99
3 36
2 14
4 32
10 91
4 61
2 59
10 41
8 23
9 44
2 84
9 17
4 4
5 59
10 78
3 58
10 24
7 47
6 87
10 17
4 14
1 58
7 76
10 94
4 86
9 46
2 18
7 10
7 28
8 85
2 70
1 10
8 69
6 29
7 35
2 62
7 43
5 86
2 81
1 25
4 3
3 69
2 21
5 57
4 39
8 69
8 88
10 58
1 11
1 77
4 90
8 45
3 25
4 82
2 18
10 54
7 75
2 80
7 77
8 48
6 49
2 14
3 97
10 41
2 34
4 88
9 19
8 25
9 29
5 58
5 27
7 46
10 85
4 28
2 50
4 2
9 71
3 89
8 47
1 81
5 96
3 57
1 80
2 82
3 2
7 90
6 35
5 27
7 10
5 36
8 36
1 100
8 80
5 14
2 59
8 54
10 32
9 74
9 92
8 69
8 72
1 73
4 68
4 87
9 81
5 97
10 74
10 32
3 9
9 32
1 17
3 94
1 63
7 73
4 22
2 20
8 12
2 15
10 24
2 41
1 34
8 55
6 54
6 76
2 37
10 48
2 49
1 50
4 95
7 90
6 92
3 93
4 89
10 14
4 40
2 25
9 85
4 53
2 22
3 38
7 68
4 66
9 86
10 51
1 23
6 99
10 72
5 54
9 56
1 44
8 89
1 99
3 48
9 5
9 44
1 8
3 59
9 77
9 22
6 76
2 80
3 66
10 31
2 49
7 88
5 98
7 41
5 83
10 36
9 64
1 18
4 93
6 77
2 87
3 20
6 88
7 33
8 95
5 57
5 21
8 45
7 3
2 57
4 2
5 43
8 69
8 81
9 73
3 59
2 69
10 43
9 26
4 23
7 71
8 75
8 51
10 16
2 8
2 77
1 70
10 24
1 82
7 77
3 52
4 4
3 2
2 28
7 55
1 69
1 62
10 42
5 21
1 36
7 61
4 69
2 25
9 44
2 51
10 66
10 15
7 16
4 4
4 84
8 20
10 44
7 8
6 61
1 81
9 90
3 65
3 40
5 54
2 74
6 46
4 44
4 73
4 84
8 43
9 13
1 74
6 26
7 20
10 35
1 33
6 33
4 9
6 80
5 21
2 19
4 77
4 58
4 85
4 99
3 25
8 36
4 39
7 78
6 71
7 8
10 83
8 18
10 45
3 23
3 35
9 30
6 53
5 22
4 17
9 26
3 76
3 89
4 57
10 25
9 88
3 63
9 14
3 51
7 68
10 67
9 70
8 3
9 29
10 27
10 52
4 100
9 20
4 40
1 19
5 53
10 53
9 22
6 54
8 47
8 15
6 30
7 31
1 11
5 42
2 76
9 59
9 22
4 14
2 13
5 85
7 26
1 31
10 27
7 36
8 39
4 6
7 54
9 59
5 25
8 76
1 42
2 60
2 59
8 38
4 71
9 72
4 7
3 77
1 16
4 46
7 29
6 88
8 61
10 89
4 21
4 22
3 94
9 9
10 11
6 76
5 96
1 50
8 52
3 17
4 87
3 14
2 73
4 58
9 44
9 57
2 64
9 73
6 10
10 8
7 87
4 99
4 95
4 1
5 22
5 40
8 45
1 91
3 26
4 67
1 47
8 91
7 38
7 52
10 15
10 43
4 70
8 24
7 35
3 16
5 52
2 41
10 90
6 64
10 48
1 89
2 18
7 16
9 50
3 81
8 89
4 1
1 68
6 87
10 25
4 86
10 22
3 57
1 2
4 76
10 100
2 41
7 68
3 34
8 84
4 34
9 56
8 14
3 62
2 83
4 58
5 22
8 33
10 8
1 97
2 60
3 53
2 74
1 55
3 75
2 80
5 83
2 44
4 39
2 95
10 85
6 56
2 93
9 52
7 34
10 83
9 41
4 56
1 98
9 98
5 18
7 47
6 70
9 80
3 90
4 96
6 12
5 84
8 76
1 44
5 30
7 11
3 12
7 39
5 30
8 40
9 83
5 17
5 24
9 98
9 37
7 60
6 38
7 98
4 72
4 20
1 88
3 99
10 44
2 49
7 86
3 59
9 50
6 33
6 20
8 36
4 47
9 48
6 97
1 90
8 47
6 49
3 82
8 49
7 52
3 56
4 41
5 65
10 35
8 71
4 60
7 52
9 16
10 55
9 25
5 83
6 39
3 18
7 98
10 67
10 6
6 100
10 24
9 95
3 7
7 47
6 1
4 60
1 32
8 45
5 51
6 99
2 11
5 23
8 77
4 43
9 42
7 57
3 46
4 13
4 56
2 14
7 71
2 61
4 19
5 95
9 83
10 21
9 12
1 89
9 94
5 54
5 70
4 88
4 12
5 39
3 60
9 88
4 65
8 80
4 89
3 16
4 76
6 68
10 20
1 55
8 46
8 24
5 72
10 65
2 50
3 33
3 78
3 56
2 84
7 91
5 43
5 85
2 8
3 82
3 52
6 25
2 33
6 41
7 26
7 30
1 84
8 15
1 70
10 90
8 59
6 55
10 88
6 97
5 88
10 53
4 89
8 16
10 90
6 61
3 46
2 86
4 85
3 49
10 40
1 15
1 11
8 55
2 84
2 24
4 63
4 34
10 38
10 48
6 22
10 88
8 27
5 98
4 45
4 91
3 85
2 46
3 100
10 93
9 19
4 7
6 63
10 25
6 35
8 91
7 33
1 14
6 21
9 8
7 42
8 8
1 39
6 75
9 2
9 4
3 69
6 1
1 45
9 46
4 24
2 40
9 58
6 22
4 56
4 88
7 30
1 86
2 56
2 31
10 92
10 20
9 62
1 87
10 76
10 1
6 77
8 20
8 46
8 50
10 49
9 4
9 62
4 71
5 59
8 89
8 47
8 40
6 55
3 64
10 13
8 50
1 91
4 5
6 84
9 32
4 2
9 47
10 85
6 68
4 60
2 46
9 34
