6 19
1 10
10 41
4 76
10 5
3 11
8 69
10 30
2 46
7 14
9 6
7 85
7 93
3 90
10 35
3 99
9 74
1 55
6 3
4 77
6 55
10 90
3 25
4 31
1 99
4 79
8 49
8 57
7 44
9 17
9 94
10 41
4 15
6 22
3 11
3 61
9 60
2 69
9 92
9 99
8 4
6 58
7 49
7 33
4 86
5 90
9 47
8 28
6 73
6 45
9 31
4 70
3 9
3 21
2 72
5 10
10 64
3 90
6 50
4 88
3 4
7 69
2 79
9 68
7 75
3 59
8 99
5 97
3 29
3 65
8 81
1 75
2 82
3 34
7 73
5 11
7 31
8 38
5 65
1 12
2 39
8 32
2 98
4 6
3 59
10 72
1 70
4 95
9 39
9 48
6 49
5 30
5 61
9 90
8 70
9 45
7 83
5 80
7 32
5 48
4 79
8 20
4 67
5 18
1 64
10 96
9 99
1 5
6 31
10 71
10 5
1 42
9 80
10 43
1 94
10 16
10 8
1 17
1 93
6 3
8 43
10 52
4 14
10 23
7 65
7 71
5 86
8 76
5 18
7 17
4 51
1 97
6 56
4 65
7 95
5 79
9 25
4 6
5 62
2 97
5 47
5 49
7 18
1 91
6 57
8 75
4 12
9 16
3 21
5 57
6 10
3 50
3 54
2 32
10 12
3 66
6 9
10 69
7 80
10 43
10 37
7 8
8 100
7 21
6 13
8 66
7 97
9 8
5 42
2 72
5 51
6 19
3 83
8 23
9 25
2 91
1 42
9 56
10 87
10 15
4 66
10 91
2 40
1 83
1 89
5 1
1 67
1 4
10 84
5 4
4 76
2 16
10 8
6 43
5 14
6 80
4 21
10 72
1 24
1 58
10 79
9 75
2 77
3 48
8 58
3 74
1 9
4 33
10 39
2 25
9 100
3 37
5 10
2 65
6 96
2 19
9 79
9 34
9 73
3 45
5 91
10 27
8 73
8 87
9 14
2 74
9 46
2 69
4 1
6 62
6 32
3 59
1 63
3 79
5 94
3 32
2 9
8 58
7 32
3 38
9 59
8 27
1 39
9 2
8 90
6 32
6 81
8 42
8 29
1 96
8 36
2 32
10 74
5 51
4 4
6 22
7 60
10 86
3 71
7 24
5 69
5 69
4 43
8 43
9 58
6 79
7 43
8 3
10 11
3 10
9 91
9 74
6 74
10 65
1 35
1 61
2 81
2 91
6 57
6 23
2 63
4 31
7 60
2 81
5 60
4 79
8 29
1 2
9 54
10 39
10 86
3 63
7 96
7 9
7 63
10 6
6 58
6 48
4 91
5 96
8 85
2 19
5 73
4 92
8 62
6 60
4 53
6 23
3 92
8 95
2 49
8 3
8 52
3 70
2 59
5 74
8 66
2 68
5 95
10 50
8 39
5 53
10 95
4 8
8 31
6 17
3 56
9 99
9 37
1 50
7 64
4 68
4 95
2 8
7 28
7 81
5 29
5 36
6 40
1 59
1 15
10 80
8 16
10 69
2 53
4 62
9 19
1 17
3 12
10 30
3 27
7 12
1 96
2 27
9 81
6 100
2 77
4 66
1 48
5 15
5 16
6 12
10 99
5 46
8 41
1 82
8 93
10 28
7 95
7 9
9 97
10 86
6 41
8 1
3 8
3 23
1 97
8 35
4 92
4 27
8 57
10 77
3 52
10 93
7 4
6 54
5 69
6 50
7 87
6 68
2 69
1 13
4 38
7 23
8 7
8 87
4 22
5 33
8 55
9 90
3 86
5 38
7 52
2 24
4 79
1 27
5 66
1 82
9 53
7 56
7 79
10 47
5 34
4 88
8 68
5 72
6 20
9 17
5 67
8 27
10 81
6 62
6 31
9 66
1 68
6 14
7 45
5 30
3 6
8 64
7 43
7 83
3 31
1 95
3 57
10 32
2 5
5 5
6 69
2 69
5 49
3 82
7 44
2 62
1 6
9 83
9 40
5 66
3 60
1 69
2 6
10 86
9 50
10 9
9 3
5 74
1 81
2 46
9 61
5 41
5 22
1 20
6 12
6 78
9 45
7 41
10 39
10 3
4 6
10 84
1 42
4 37
4 8
7 28
8 78
8 51
7 42
1 19
2 43
5 11
4 51
8 13
4 67
5 77
2 55
5 40
2 61
6 80
9 43
9 59
8 38
5 93
2 6
6 33
3 11
8 72
9 98
3 16
3 66
7 20
3 46
3 100
6 76
3 41
9 91
5 51
4 38
10 59
10 82
2 80
1 95
1 98
8 94
4 55
9 73
7 53
4 12
3 84
1 28
8 61
4 27
3 89
2 13
5 25
7 54
1 82
10 52
1 52
2 15
3 92
7 79
8 76
1 47
8 72
5 81
4 39
2 58
3 39
10 84
7 86
4 89
4 58
4 56
7 48
1 88
7 100
6 13
2 53
1 100
2 85
6 61
7 64
4 12
10 31
8 97
6 7
6 9
1 12
9 91
9 88
8 31
4 44
10 26
8 63
6 19
3 69
4 62
6 72
1 40
3 27
6 39
7 80
6 100
3 60
7 51
2 56
3 74
4 47
5 3
4 27
9 92
4 2
5 68
1 74
6 28
6 93
4 19
7 24
7 32
10 18
2 71
3 29
5 59
4 73
5 75
2 96
4 19
4 83
1 54
4 60
2 22
9 56
4 8
2 4
2 47
10 67
6 40
2 91
10 20
9 46
10 22
10 56
10 19
7 12
3 56
6 79
5 27
3 88
2 19
2 7
10 66
2 37
7 92
5 70
7 22
7 94
8 73
10 4
9 62
3 5
3 23
8 46
9 96
4 58
6 11
10 6
7 77
10 66
10 11
5 29
2 50
6 74
7 71
4 99
4 34
7 30
4 82
2 63
3 63
4 44
2 20
1 53
2 32
5 17
9 72
7 21
4 94
4 4
10 77
7 15
10 45
3 92
2 78
1 70
8 9
2 4
6 27
6 3
1 59
8 38
9 79
5 61
4 3
8 14
10 14
8 77
2 5
5 38
2 82
10 37
5 74
4 33
5 47
1 74
7 62
1 21
1 80
6 99
7 60
3 79
3 46
6 12
1 43
2 59
4 42
7 42
6 93
6 7
7 1
10 27
8 24
4 7
7 9
1 64
8 87
9 11
4 66
5 9
2 47
3 69
6 83
9 13
4 92
2 62
5 68
8 89
5 83
3 26
2 87
10 71
4 31
2 14
9 49
1 12
8 1
8 15
4 88
2 76
2 98
10 34
9 12
10 42
4 37
9 56
5 32
7 78
10 15
9 72
6 24
1 17
4 45
5 30
1 13
10 68
1 58
4 16
6 94
6 11
4 60
5 56
6 75
5 70
6 77
7 62
10 70
5 47
5 59
8 100
2 51
1 4
3 86
1 6
6 5
10 63
9 34
7 6
7 93
3 98
4 23
8 95
5 59
2 34
2 55
10 99
1 98
5 30
6 48
7 74
5 42
4 51
4 64
1 46
10 1
1 75
9 23
10 35
10 44
3 44
8 17
8 70
2 17
6 87
3 93
8 23
3 88
8 87
10 2
10 52
5 47
7 89
5 99
1 46
5 84
6 83
1 8
4 68
5 84
3 71
8 14
7 37
5 7
2 86
4 92
10 65
10 36
4 83
6 96
8 20
8 56
8 55
10 30
2 24
10 67
9 89
3 1
2 80
2 84
3 53
5 90
3 67
3 84
1 90
3 10
2 69
1 71
7 66
9 85
3 87
2 7
4 70
2 83
5 61
6 14
4 88
6 100
6 96
5 13
1 26
8 57
1 13
6 25
9 58
4 58
8 70
10 48
8 70
1 15
4 82
7 58
7 86
4 78
2 67
7 90
6 7
10 61
9 81
1 39
5 11
10 45
3 58
2 5
1 32
3 83
1 13
2 99
10 60
8 60
9 80
7 28
4 68
6 69
1 100
10 88
6 51
3 87
2 61
3 42
1 89
6 26
10 81
10 41
10 38
5 1
7 31
10 1
8 1
3 3
7 54
1 97
9 44
3 22
7 9
9 48
8 72
10 64
3 78
5 33
8 3
3 6
9 73
10 68
3 92
2 6
1 71
1 25
4 90
5 38
7 49
1 50
3 66
4 48
7 16
9 79
5 8
1 96
9 4
2 2
8 43
4 9
4 95
2 60
9 3
6 81
7 25
1 32
1 63
3 79
7 83
10 53
1 69
9 25
10 74
8 90
9 26
8 38
1 78
1 91
8 49
1 78
7 90
8 47
2 15
10 62
2 68
1 85
6 97
8 50
9 82
1 85
6 31
3 63
6 97
4 22
3 40
9 97
3 90
4 90
8 93
3 11
5 93
10 35
3 97
8 79
7 4
1 70
4 100
6 69
5 15
6 83
10 86
9 49
4 15
9 42
10 30
9 83
7 32
5 70
1 69
4 28
1 88
6 33
7 81
4 56
1 44
1 80
10 12
8 20
6 36
1 94
3 37
