1 22
10 71
5 5
7 17
7 18
6 90
6 5
8 36
8 86
7 21
8 60
10 11
3 72
5 35
2 74
6 13
8 30
10 7
2 2
10 44
10 100
4 87
2 46
9 37
5 81
9 27
8 31
1 49
9 47
10 1
6 56
9 52
8 41
1 4
6 4
3 6
5 13
9 23
9 10
5 90
9 33
3 53
6 98
10 53
5 79
8 39
6 23
1 17
2 87
10 71
3 96
3 28
9 26
9 21
2 92
5 92
5 98
10 73
2 72
9 66
9 74
3 37
6 2
4 81
3 84
8 2
5 9
9 2
3 46
7 92
9 49
9 51
3 28
10 28
2 54
8 9
4 46
5 24
8 49
3 20
10 96
5 58
2 88
9 11
10 55
2 26
5 92
6 70
8 3
3 99
8 18
5 78
8 68
3 18
5 53
2 57
8 67
8 8
8 12
1 52
2 92
8 66
1 18
9 30
5 42
4 13
8 39
5 44
10 84
9 85
9 17
10 25
6 96
7 35
8 33
1 77
10 76
1 33
5 86
4 59
1 35
2 14
2 6
8 96
3 18
2 4
3 58
9 51
2 49
2 55
9 40
3 81
4 37
10 13
8 68
4 24
9 61
9 82
5 97
5 74
6 50
8 47
7 87
5 20
1 69
2 60
5 60
7 53
9 69
5 60
2 93
3 34
2 19
3 65
3 24
7 45
2 40
3 50
6 4
6 64
7 11
6 71
7 82
10 25
10 1
5 24
6 12
9 53
1 94
10 39
9 22
8 30
2 20
2 73
10 74
9 59
9 76
4 98
8 17
2 72
2 1
7 63
6 73
10 72
9 51
7 49
7 91
3 57
1 33
6 37
9 8
2 28
1 20
4 31
2 30
6 91
1 74
4 48
9 1
4 4
3 44
5 82
2 28
7 29
8 45
7 40
5 47
9 88
6 80
5 80
4 48
9 61
6 6
5 16
5 96
9 25
4 58
10 5
2 88
8 15
2 82
5 32
6 42
6 90
6 90
1 99
8 19
9 72
4 13
1 29
8 89
10 98
1 81
4 53
10 47
10 2
2 70
7 80
2 66
6 67
2 43
10 47
4 68
3 93
8 9
10 68
6 96
2 28
1 93
5 7
7 6
6 72
1 35
7 64
9 49
8 83
10 98
5 97
8 6
7 79
3 5
2 74
9 5
10 15
9 94
6 44
5 89
9 90
7 2
1 16
1 50
5 21
7 97
7 31
7 9
10 96
10 17
5 94
7 5
2 86
5 31
8 29
7 62
7 23
7 71
4 85
6 14
7 30
8 3
2 75
1 30
3 25
6 92
8 16
4 88
4 74
4 94
9 4
6 83
8 53
1 10
5 85
4 100
10 74
6 51
6 71
3 85
10 66
10 19
6 48
2 41
8 62
10 42
4 3
10 56
1 45
4 15
10 78
3 37
9 57
10 15
9 49
5 64
9 42
7 47
2 2
4 80
9 92
8 86
9 29
5 96
7 39
8 62
3 55
7 91
3 86
9 33
8 28
1 45
7 70
2 18
7 19
8 61
8 41
8 87
4 78
8 75
4 2
2 26
4 60
6 77
7 97
6 91
8 9
2 56
1 25
4 37
2 37
3 81
10 92
3 90
2 86
10 30
9 63
10 1
8 13
4 56
7 8
7 35
3 18
6 76
3 24
4 44
6 62
7 16
10 35
2 1
9 90
1 80
7 49
4 37
6 43
2 7
1 97
9 38
8 20
4 89
2 47
5 71
4 37
7 81
4 71
4 45
8 84
7 66
6 5
9 68
10 16
8 19
4 48
8 24
5 100
4 28
8 30
3 6
7 94
1 48
8 79
6 42
5 94
6 15
1 19
10 16
5 14
1 91
5 91
3 21
10 5
6 76
6 60
5 81
2 13
8 30
8 49
3 12
10 31
1 47
8 74
10 38
3 4
10 43
2 92
4 13
2 47
4 82
9 65
9 39
5 31
9 58
7 62
10 50
10 19
6 83
7 7
2 35
2 37
3 100
5 31
10 59
7 82
7 73
5 31
4 54
3 86
2 44
10 9
4 90
10 10
4 82
6 10
7 73
5 60
10 97
7 54
3 89
4 46
9 17
2 100
2 33
6 16
2 29
4 92
10 35
4 69
9 81
7 67
4 48
4 2
9 15
3 91
8 89
3 60
1 47
3 89
6 83
4 100
10 60
3 12
1 4
2 30
2 19
4 33
3 34
10 64
7 25
1 66
3 73
8 46
10 38
9 65
3 49
4 42
6 18
1 100
8 86
9 99
3 48
4 76
10 50
5 35
1 27
10 60
5 99
4 10
8 31
4 69
8 23
2 14
4 58
3 21
1 86
1 67
8 61
4 82
10 20
1 82
6 82
3 61
5 65
3 91
1 77
1 97
9 69
1 32
4 9
6 43
9 66
9 2
9 73
10 25
5 67
7 93
1 57
6 37
4 61
6 29
7 56
3 88
6 72
6 37
10 37
7 46
4 47
3 36
6 77
8 70
6 85
4 80
8 41
3 31
3 76
10 84
6 45
10 71
8 1
9 11
1 21
2 25
5 69
9 53
1 68
4 32
7 88
6 43
1 89
3 84
7 42
9 89
2 83
10 66
8 99
10 4
10 27
9 76
8 32
6 74
2 82
4 56
5 5
7 42
4 41
3 80
9 59
5 50
3 3
2 28
6 89
7 47
3 99
3 17
10 100
2 65
1 100
8 66
6 93
10 26
6 6
5 58
6 14
8 29
3 8
3 74
4 47
5 16
7 77
7 54
7 9
8 72
8 21
5 29
3 42
9 17
8 27
8 19
5 49
7 21
6 47
9 32
3 52
7 92
9 90
7 67
2 66
7 74
1 98
1 94
7 53
5 69
2 5
3 86
10 87
3 70
10 18
9 33
4 94
7 13
9 45
7 54
5 9
5 83
8 94
1 97
5 10
6 61
3 71
2 92
10 35
2 28
9 92
3 18
8 67
1 73
8 3
4 93
9 8
2 55
7 54
10 73
3 76
4 69
5 1
3 13
5 95
2 43
8 26
10 87
7 20
9 78
2 23
3 4
1 33
10 87
3 41
2 3
9 25
8 42
6 32
3 93
8 25
4 60
7 94
9 31
2 81
4 30
3 18
1 1
6 46
4 85
6 47
8 18
1 48
6 30
10 23
5 67
7 46
10 25
3 8
2 27
9 2
5 32
3 75
4 54
3 72
1 71
7 52
7 84
1 100
9 79
9 15
7 4
9 26
2 80
2 7
5 39
9 75
2 100
8 70
8 23
2 11
3 48
1 78
1 27
10 39
8 24
2 95
2 67
8 49
7 40
7 91
5 30
8 8
5 23
10 12
8 66
9 39
10 68
8 30
10 15
9 11
7 13
9 44
8 9
9 47
10 61
10 69
7 13
9 41
9 23
1 84
3 61
5 28
7 51
1 74
7 73
9 69
4 6
9 96
9 26
2 32
1 67
1 88
9 75
7 54
7 90
1 51
7 60
8 58
10 9
3 73
3 93
3 25
7 15
9 94
7 1
10 56
6 75
10 49
8 50
5 26
7 99
6 28
10 32
10 77
1 67
10 40
4 43
6 63
7 88
5 32
6 76
8 83
2 19
3 50
4 95
4 35
3 78
4 51
2 85
10 20
7 91
8 62
10 54
8 31
5 98
8 2
10 16
3 4
10 53
4 2
8 29
9 43
5 75
5 77
9 95
10 29
7 75
3 36
2 23
6 9
3 96
2 52
7 96
10 57
4 88
1 75
7 18
9 52
8 70
9 13
9 33
9 10
1 10
7 17
3 85
9 5
9 29
7 67
9 14
3 56
8 48
2 33
5 71
3 24
9 24
10 92
1 80
5 60
1 80
6 5
5 50
4 51
9 60
7 62
10 18
10 90
3 29
7 40
9 100
4 20
6 91
2 33
2 84
10 80
8 90
8 61
3 59
5 10
6 34
2 78
1 34
10 87
3 76
4 89
7 60
8 64
5 9
10 12
8 80
7 100
10 70
9 80
4 19
3 84
9 84
7 62
8 24
7 80
8 35
5 32
9 83
9 72
1 5
2 22
9 41
2 45
6 98
5 51
4 32
2 83
2 75
10 55
4 68
7 99
1 4
10 99
5 27
2 52
6 79
9 50
5 10
7 11
8 64
1 93
8 19
5 57
5 41
8 72
6 32
7 16
10 62
3 57
1 14
1 80
6 47
10 1
10 20
3 86
8 2
7 66
2 95
7 20
5 28
6 37
4 82
5 77
3 57
7 27
9 53
4 83
1 70
9 10
2 67
5 77
7 3
8 39
2 65
3 97
1 43
10 11
10 58
6 49
6 9
4 43
2 71
1 3
5 94
5 82
4 39
1 30
8 55
2 19
2 49
2 72
5 50
5 9
7 98
8 92
5 34
9 45
1 21
5 22
2 69
7 68
10 71
3 56
7 11
8 66
10 55
8 89
9 9
4 40
10 40
8 89
8 76
3 79
6 55
4 70
2 74
1 84
3 91
