6 12
2 98
4 11
5 89
1 91
5 60
3 27
6 95
9 48
6 47
7 62
3 6
8 96
8 92
1 83
3 22
1 78
10 70
1 81
1 47
10 81
9 20
8 12
6 97
10 34
8 9
2 51
9 15
1 95
3 35
2 85
6 62
5 48
2 79
4 1
9 52
9 50
5 69
5 71
6 19
9 8
2 98
1 87
5 17
3 16
3 23
1 3
7 52
7 25
7 85
2 19
5 41
9 11
1 53
2 1
9 78
9 60
1 90
5 30
6 81
10 27
5 4
1 25
10 37
9 4
4 40
1 61
7 93
8 29
6 42
8 17
2 30
9 40
2 42
4 93
8 35
3 99
3 4
8 100
8 28
2 50
7 13
2 97
1 34
3 34
4 98
5 24
3 42
8 5
9 72
3 28
4 3
7 50
7 80
6 27
2 95
4 27
2 82
5 31
6 14
4 87
7 92
1 65
9 11
1 95
4 10
8 57
1 12
2 99
3 41
3 99
8 15
10 60
2 85
9 18
5 21
4 16
9 21
4 72
1 33
3 27
6 27
4 10
1 3
4 33
10 18
5 71
5 47
6 27
7 41
6 22
5 81
3 33
6 51
4 66
9 59
5 14
8 23
5 27
10 72
4 33
1 51
10 55
9 5
5 13
5 78
7 80
9 75
10 97
9 35
7 42
4 90
1 23
8 86
6 23
7 74
8 96
10 36
6 96
2 30
8 81
9 45
8 27
1 98
6 34
1 62
5 89
10 50
6 53
2 24
2 98
3 46
6 72
2 65
7 90
6 33
4 41
8 4
5 67
4 40
2 35
5 47
6 34
5 10
6 68
7 82
1 57
10 51
7 14
3 50
1 23
3 43
10 52
4 37
10 1
4 6
5 51
3 74
8 1
5 31
4 100
9 18
1 15
2 87
5 74
3 36
2 85
3 12
7 17
5 14
1 61
4 68
4 4
6 43
3 15
2 65
2 32
8 90
8 9
2 7
9 52
7 74
10 40
10 55
4 66
6 69
4 41
5 29
2 4
8 98
9 75
10 67
3 41
9 33
8 18
7 34
5 31
1 64
1 51
2 13
4 33
1 69
5 4
5 42
4 12
5 68
4 94
2 78
1 96
9 39
3 26
1 98
6 29
10 2
9 86
9 34
10 48
8 2
8 47
5 98
1 36
6 27
5 35
1 5
5 43
4 13
1 62
7 96
2 45
1 80
7 46
8 29
5 57
4 29
7 36
1 90
6 88
10 93
10 18
5 25
1 59
10 85
5 1
10 71
8 78
3 98
3 62
5 19
10 37
10 60
4 26
9 70
6 72
9 29
10 84
2 98
2 40
7 29
4 43
4 1
5 90
7 97
2 67
1 80
3 36
6 33
9 42
5 26
5 20
5 63
10 68
2 36
1 58
2 39
6 85
10 7
4 43
8 71
5 96
7 31
1 78
10 67
7 23
5 89
10 84
5 15
2 87
1 42
7 49
6 41
8 91
4 44
2 14
4 22
2 93
7 93
8 19
5 18
2 50
7 87
5 4
5 90
5 28
7 9
7 65
7 78
4 100
10 42
4 59
9 5
6 23
7 70
9 34
7 74
5 54
10 62
9 35
10 90
4 64
1 24
10 30
5 75
5 24
8 70
1 82
5 80
8 5
10 49
4 45
9 31
10 3
9 16
10 67
10 69
9 57
3 44
7 31
1 38
7 87
6 27
4 75
8 79
8 31
5 39
4 90
7 18
8 14
8 6
7 26
1 30
4 2
8 33
3 78
6 64
5 14
8 90
8 42
8 43
2 50
10 24
2 79
1 61
1 98
3 55
7 45
2 13
5 88
9 94
9 49
4 46
5 45
3 43
3 7
5 31
8 70
6 35
3 38
4 30
7 36
8 96
5 53
3 98
10 73
6 41
9 1
3 51
1 63
8 93
8 53
2 86
2 38
2 13
6 89
3 36
4 75
3 5
6 76
7 81
7 21
6 7
6 26
1 59
9 92
9 17
5 90
9 26
8 2
2 82
2 18
10 11
7 15
10 93
9 31
9 15
10 75
9 83
4 45
7 58
9 100
2 91
1 68
4 50
10 78
4 5
2 94
3 79
9 17
10 13
3 6
1 87
7 39
4 3
10 28
2 44
1 88
9 74
4 53
8 14
3 55
7 55
9 61
1 20
10 97
10 61
3 37
5 92
2 62
2 56
4 92
10 14
7 80
6 39
1 99
1 59
6 57
10 23
10 23
8 75
8 85
8 84
6 95
7 60
4 39
9 1
5 20
1 10
3 27
7 78
8 47
9 83
7 99
1 91
4 71
6 27
4 83
10 59
5 98
6 74
2 19
7 39
2 58
10 38
5 1
5 26
6 65
3 8
7 45
9 76
6 95
8 52
1 87
10 2
3 68
6 79
10 21
7 66
4 89
1 61
1 23
4 100
1 45
8 13
9 8
1 21
9 38
3 70
3 92
8 56
5 7
9 1
5 73
8 61
1 80
10 7
7 84
5 12
8 27
7 66
3 99
7 76
10 35
9 25
5 26
8 70
10 85
9 50
9 88
4 13
7 13
9 41
1 24
9 93
6 95
3 23
10 26
3 30
7 88
4 81
10 26
9 92
8 99
8 76
4 81
6 38
1 22
8 9
4 16
6 40
10 25
2 80
10 46
4 58
3 91
5 11
6 11
1 5
8 58
6 17
5 12
2 23
8 92
9 24
8 91
7 29
3 44
6 98
3 50
5 50
2 29
7 81
8 25
5 98
10 28
6 100
6 26
9 21
8 44
10 23
4 50
1 51
4 34
3 7
1 11
4 87
2 74
7 81
2 21
6 99
6 14
10 26
4 63
8 24
3 16
9 89
6 24
4 55
6 65
3 9
6 68
6 40
4 22
6 74
1 54
10 3
5 28
8 17
7 21
3 67
8 77
4 70
1 22
10 21
7 67
5 95
6 25
2 91
4 5
7 60
3 37
4 87
9 25
9 94
7 43
2 87
2 3
1 18
5 15
6 48
8 62
7 17
9 71
2 69
4 7
2 11
1 77
6 30
10 59
2 18
10 86
10 3
10 33
2 2
8 79
7 53
1 11
2 79
5 78
6 37
7 64
9 8
9 43
1 94
7 53
1 56
8 92
2 85
4 49
4 52
8 55
5 99
9 66
4 14
4 64
1 12
2 44
6 13
1 18
8 60
5 46
2 68
1 25
6 67
7 94
5 30
5 26
2 83
9 67
3 100
4 47
8 58
8 74
9 80
3 22
8 71
9 100
3 66
8 7
7 97
1 95
3 27
7 60
1 97
7 66
6 7
3 99
3 6
10 12
8 12
1 16
8 21
6 49
9 38
3 29
10 60
1 90
5 42
6 22
7 57
10 91
3 22
3 83
8 89
7 32
1 1
9 87
2 15
1 78
7 9
9 60
1 56
3 41
4 86
2 52
8 38
4 34
7 25
2 19
8 23
8 31
7 3
9 15
2 68
5 23
7 97
10 78
6 53
4 73
8 8
5 52
1 1
7 70
2 24
7 12
4 79
9 49
8 34
7 57
4 30
6 36
3 76
10 47
2 30
5 46
1 5
9 61
1 21
6 21
6 92
10 13
4 11
4 87
4 3
5 29
9 94
3 25
6 21
4 18
6 16
5 24
7 66
8 56
2 79
4 37
10 39
8 39
9 40
8 67
6 89
4 97
7 27
10 6
4 60
6 31
8 38
2 15
3 22
5 75
5 43
8 19
1 99
9 33
2 73
3 69
3 23
4 68
3 99
4 87
3 17
5 87
9 49
8 91
6 49
5 10
10 93
1 72
9 27
6 83
1 88
1 27
7 71
8 35
2 11
3 56
7 1
8 65
2 5
5 28
2 83
4 83
5 28
10 82
4 3
1 74
3 97
3 32
8 65
2 28
10 6
8 100
4 50
1 17
3 94
1 22
9 12
9 45
10 97
4 42
1 91
8 49
8 29
5 56
6 3
1 23
3 45
7 49
6 54
10 12
2 55
7 40
2 8
8 85
1 79
6 96
10 23
5 17
6 8
2 46
6 14
3 90
4 24
5 17
3 44
7 93
6 81
4 88
8 72
3 1
10 47
7 71
8 15
8 49
3 66
7 60
3 99
1 72
4 74
10 89
3 12
3 93
8 47
5 4
1 14
10 57
10 41
8 41
8 72
9 85
7 18
5 92
1 9
10 34
1 32
1 10
8 90
1 67
8 58
3 33
7 60
4 67
8 76
4 69
7 17
4 86
6 49
5 87
2 20
8 98
2 58
1 50
10 54
10 80
8 86
1 28
2 89
3 2
8 33
9 38
8 70
7 15
5 63
10 89
5 4
1 12
4 60
5 90
5 61
3 2
9 38
1 23
1 89
2 59
2 64
4 62
6 99
2 53
3 23
9 42
3 73
9 27
1 73
8 82
10 86
8 68
2 83
10 79
5 49
7 32
6 76
7 75
8 52
3 75
2 62
3 6
5 75
10 39
9 53
5 5
7 100
5 55
8 33
