6 66
2 14
5 31
4 55
1 86
10 86
1 71
6 47
8 52
1 86
5 82
4 15
5 14
9 41
9 50
5 11
6 39
5 27
4 54
5 23
1 16
5 36
2 65
10 5
2 29
4 77
10 54
4 63
4 18
1 20
6 30
6 15
3 91
2 61
6 21
5 94
9 78
10 20
7 14
5 47
7 74
1 47
1 69
6 91
1 79
9 39
7 21
7 33
10 94
6 48
9 82
4 85
6 96
6 15
8 21
6 94
6 20
3 37
10 44
4 74
2 87
2 90
8 65
5 22
8 56
9 36
1 64
10 8
9 78
4 100
7 19
3 14
5 55
2 77
1 39
10 22
4 60
1 14
3 74
1 13
4 9
5 10
8 88
8 90
1 44
9 55
8 3
3 34
9 34
10 49
6 21
10 47
7 75
2 61
1 58
5 96
7 17
10 57
4 17
9 28
5 33
7 92
10 98
7 11
2 31
4 64
9 34
1 23
6 60
9 93
6 100
2 52
6 92
5 56
1 11
1 54
2 63
10 99
5 51
7 21
6 89
3 21
10 91
4 64
4 31
4 69
5 29
1 80
5 29
5 37
6 95
9 55
7 36
2 5
6 26
2 95
8 75
7 15
7 71
5 94
10 4
2 17
2 35
10 86
1 6
4 40
2 24
6 60
3 30
7 24
7 72
4 38
1 95
8 23
9 46
8 98
1 3
10 81
10 90
9 3
8 85
2 59
5 99
6 16
2 99
3 10
3 76
7 42
4 39
6 78
10 17
6 80
4 28
4 9
3 61
7 74
9 96
8 83
10 99
5 77
9 52
2 94
2 63
1 22
8 49
2 25
5 23
2 56
4 22
8 82
5 24
1 81
8 17
6 65
6 53
2 5
9 41
7 28
2 64
4 55
2 23
3 22
6 57
1 41
2 23
5 50
8 20
7 73
8 73
4 96
1 75
4 8
9 30
6 68
9 87
6 45
5 78
9 23
2 2
7 28
9 29
5 91
6 20
6 93
9 12
1 56
2 100
9 64
1 79
9 14
1 5
2 75
9 62
8 75
1 95
4 73
2 62
8 60
5 80
6 55
7 66
8 61
7 82
5 62
2 44
5 83
10 5
9 54
2 11
6 3
8 39
1 51
10 16
6 17
7 41
8 16
3 99
1 51
2 25
1 93
4 100
9 34
10 87
9 50
1 68
4 73
4 94
3 71
9 20
7 99
6 34
1 59
1 14
6 70
3 45
8 47
2 41
5 42
5 36
2 38
5 95
7 22
9 85
10 32
6 46
9 100
6 32
5 65
1 73
4 23
2 67
3 17
3 78
9 65
5 52
8 27
9 87
5 83
9 15
10 20
9 54
6 26
1 90
5 34
6 15
7 89
5 38
10 11
4 90
3 11
4 26
3 29
7 39
7 15
2 60
10 92
7 8
6 39
5 1
3 9
7 63
6 68
8 75
9 12
4 6
2 42
2 46
1 3
8 61
5 30
4 17
7 23
6 24
1 29
8 80
5 59
10 79
8 20
5 49
5 57
2 47
3 87
1 57
9 50
5 3
1 88
3 82
8 15
9 13
3 15
8 15
6 40
1 37
5 77
8 41
7 49
5 51
2 47
2 74
8 81
1 66
10 81
7 29
3 33
10 89
6 53
2 47
9 71
9 2
9 35
9 22
9 9
9 43
5 33
1 9
8 93
8 78
8 66
5 69
8 8
5 78
5 44
8 59
6 53
8 86
8 83
10 24
1 45
9 63
1 21
5 19
3 50
2 56
6 9
4 71
4 98
5 90
6 54
7 15
2 2
4 57
1 23
5 84
1 61
9 67
8 95
2 47
1 88
8 93
4 96
4 97
6 84
7 43
1 9
5 92
6 49
2 15
10 93
1 21
3 88
10 46
2 83
9 34
2 70
5 64
6 6
8 55
6 13
8 94
7 60
3 6
6 79
10 28
5 96
2 24
9 58
4 22
1 81
10 39
2 13
4 12
7 75
5 71
4 91
3 84
9 59
9 92
7 36
7 40
4 20
9 56
4 53
4 46
3 58
3 22
4 16
8 21
6 99
1 28
8 47
7 35
7 90
1 34
1 3
3 82
3 50
4 93
9 71
6 45
2 57
6 36
9 72
3 86
7 86
1 15
10 20
1 52
3 61
5 84
10 9
8 8
10 48
2 84
3 53
5 100
4 85
10 68
5 5
9 97
8 13
3 98
2 67
5 86
7 48
1 91
8 54
9 80
8 8
3 100
2 10
1 36
3 76
4 63
4 3
5 8
4 35
1 13
5 72
1 11
2 64
7 11
7 25
10 28
3 20
8 50
8 43
3 43
5 10
6 36
3 1
6 77
9 51
5 58
10 94
4 86
9 64
3 78
7 59
5 22
9 2
4 45
1 60
6 98
2 25
2 64
5 15
5 38
10 23
5 76
9 70
1 2
10 32
9 83
5 60
3 51
2 89
7 13
2 36
3 85
6 70
3 18
1 63
4 84
9 31
1 28
6 48
7 21
5 60
7 59
8 15
3 27
7 46
5 31
6 40
9 96
2 18
4 74
5 71
2 51
4 57
1 60
7 67
4 13
9 88
7 76
6 5
8 38
7 91
6 42
10 24
3 47
6 64
9 73
1 100
7 91
4 46
3 8
6 80
5 31
3 20
7 18
1 77
9 20
4 86
8 91
6 99
10 18
8 20
1 42
4 5
6 72
9 47
3 99
7 27
5 4
1 65
4 16
3 49
2 57
9 93
7 9
2 82
1 4
7 10
5 85
5 19
1 97
6 23
7 93
3 91
1 74
5 30
10 82
6 22
5 68
4 42
3 4
2 45
9 55
4 62
3 71
4 82
3 52
8 90
1 58
5 53
7 62
1 26
6 80
10 3
1 31
7 68
7 5
6 67
4 5
3 45
4 44
9 9
3 80
7 56
3 56
7 89
5 56
10 75
6 11
6 54
6 100
5 7
4 4
2 85
3 52
10 93
4 26
1 37
2 32
1 93
5 92
9 58
2 99
1 93
5 75
9 56
4 61
7 64
6 15
1 79
8 86
6 48
8 64
5 74
5 93
6 89
4 36
6 89
5 5
6 2
7 51
5 80
4 72
1 89
4 76
2 16
10 100
5 69
2 91
7 7
5 36
9 77
8 63
3 2
1 37
9 87
6 7
2 28
6 90
5 32
6 59
9 1
3 62
7 72
1 41
4 85
3 95
9 88
8 46
3 84
3 94
3 85
10 84
5 9
9 4
6 91
9 83
10 38
8 12
1 77
5 45
1 52
4 23
8 38
2 32
10 44
7 70
4 43
5 33
1 90
10 68
2 96
9 36
4 82
4 74
10 92
8 4
2 91
3 20
4 31
5 30
6 78
1 87
8 29
7 10
9 1
6 27
5 91
3 43
4 74
8 48
6 10
8 61
8 99
8 90
4 11
3 54
10 61
10 78
10 63
4 8
7 51
9 72
8 50
9 95
7 93
2 53
5 66
9 45
1 43
6 77
2 10
10 51
7 34
5 75
3 45
4 38
1 27
3 89
8 82
7 28
1 61
2 63
2 99
7 55
7 9
5 60
8 13
4 82
7 60
3 23
9 55
3 13
6 54
7 1
3 88
9 7
10 99
5 37
7 95
4 87
2 83
6 5
9 54
6 30
10 76
4 63
2 86
1 24
9 52
10 31
3 34
3 68
3 46
6 50
7 78
8 90
6 77
7 58
2 87
9 4
9 34
5 22
5 25
8 72
2 36
3 85
7 42
9 53
9 32
8 59
8 14
2 99
5 36
7 45
9 47
1 46
5 58
3 67
1 100
8 88
5 75
9 73
3 55
1 17
6 46
6 68
4 84
8 71
10 28
4 68
4 62
10 11
9 3
5 86
2 27
3 8
9 45
8 89
3 90
9 21
2 31
10 98
2 37
1 89
5 85
5 60
8 76
7 56
5 54
7 34
6 78
10 93
1 30
8 51
10 85
1 43
4 65
6 23
10 48
1 22
3 6
6 86
3 22
9 8
1 26
6 57
2 37
7 42
2 77
10 52
3 97
7 78
5 5
1 88
3 65
1 84
7 32
6 92
8 38
10 24
8 96
10 65
4 49
3 67
2 98
5 36
2 23
6 63
3 90
6 92
8 20
1 38
9 22
6 11
5 98
7 63
5 84
6 68
10 80
8 57
5 23
6 67
7 66
4 37
1 42
4 37
9 53
2 61
8 45
5 63
2 41
3 61
8 82
9 56
1 92
1 76
6 46
1 97
3 50
8 61
6 82
9 2
4 80
1 11
9 85
2 15
4 55
2 91
9 13
4 62
4 20
6 39
8 27
5 45
10 11
6 50
8 41
6 26
7 98
8 36
6 54
4 37
2 52
3 76
2 98
6 98
9 8
3 6
2 47
10 49
1 41
5 48
1 36
4 31
1 2
6 95
9 23
4 8
4 13
4 29
7 56
3 80
10 16
6 5
2 54
2 23
4 9
7 60
10 3
4 91
9 31
10 88
9 9
