4 24
7 24
7 2
7 45
9 89
9 6
6 39
2 63
3 92
5 65
4 81
1 40
7 69
2 47
10 70
3 93
9 96
1 58
3 75
2 25
6 82
8 87
9 73
8 58
3 59
7 75
4 1
3 12
2 40
8 25
10 74
7 7
3 88
8 32
4 7
6 87
5 85
1 60
7 31
3 79
8 46
7 18
2 42
2 100
5 71
6 93
2 55
7 80
6 2
5 46
2 34
4 10
5 82
9 97
4 21
1 86
1 11
9 30
6 25
8 91
1 82
10 44
5 63
2 71
7 84
7 6
3 17
2 87
8 52
5 2
2 28
3 17
3 47
10 47
7 57
6 6
8 17
4 13
3 14
10 94
2 39
1 53
4 99
8 9
7 69
10 35
2 43
1 42
9 78
7 94
3 46
3 69
7 68
1 76
4 74
10 14
6 3
5 100
4 65
1 85
5 19
3 13
10 3
10 33
6 56
2 86
9 37
7 52
10 19
5 85
3 14
8 27
8 100
1 22
9 26
10 27
7 23
5 54
3 3
5 76
5 89
3 94
3 29
3 6
8 10
6 92
8 91
6 72
3 62
10 94
10 58
5 78
10 6
9 36
10 27
2 37
8 73
1 92
5 23
6 84
3 73
10 81
2 83
1 41
6 1
8 95
8 78
8 60
5 38
6 62
3 76
1 72
10 36
6 36
10 46
8 9
10 27
1 1
10 6
6 20
4 68
1 34
1 17
5 26
3 72
9 40
7 73
3 91
10 89
9 84
8 58
9 22
5 70
9 71
6 43
4 59
2 37
6 20
4 19
2 95
7 92
3 66
9 50
7 72
5 74
9 37
6 32
10 15
5 100
6 62
10 94
3 43
10 6
7 54
3 53
5 93
8 78
4 65
3 48
1 63
5 21
7 60
7 15
6 75
10 90
5 100
2 32
1 47
1 41
6 26
10 3
3 20
10 53
8 47
9 35
8 58
6 20
5 60
3 36
3 99
3 21
7 33
8 68
10 8
5 76
3 90
5 48
9 38
9 71
4 66
7 70
9 38
7 73
9 45
5 98
4 35
5 79
1 79
2 74
8 26
1 8
6 53
8 40
3 9
10 79
4 37
3 13
8 98
8 25
3 23
8 9
4 50
5 29
10 91
10 75
5 49
2 53
1 51
5 32
3 78
7 64
4 24
6 76
5 96
3 60
1 98
10 38
9 9
8 11
5 90
1 87
8 44
3 35
4 5
6 67
7 100
8 39
3 11
1 36
1 61
8 42
4 42
3 40
1 36
7 41
2 71
6 32
5 63
4 54
2 37
9 53
7 100
7 45
7 71
4 29
3 5
1 43
2 80
5 76
9 98
1 6
5 42
5 4
5 44
8 70
10 49
4 31
9 50
7 100
2 94
2 10
7 27
1 75
4 34
2 49
6 100
3 48
1 7
9 43
7 33
6 23
1 31
3 32
6 1
8 29
1 78
2 43
8 72
4 25
2 90
5 83
4 10
2 5
9 6
1 24
1 70
9 21
4 53
6 37
3 50
8 68
1 26
6 53
5 79
6 23
4 23
3 59
2 19
2 79
7 92
3 11
4 89
10 63
6 66
3 1
6 25
4 5
8 98
1 19
8 53
8 55
3 49
8 60
1 92
10 16
3 3
8 5
10 68
2 83
5 59
6 60
5 57
1 100
10 90
5 13
3 50
9 11
2 73
3 15
5 69
4 70
10 45
10 29
3 7
10 11
4 18
8 87
3 75
10 48
4 86
4 44
3 46
5 13
9 17
3 99
4 37
1 67
4 1
1 88
7 52
5 80
1 81
7 70
3 14
4 15
5 63
8 95
3 28
7 46
8 67
4 81
1 49
9 56
1 51
7 73
4 49
2 90
8 54
10 15
6 36
10 100
3 63
10 7
1 9
3 75
10 10
1 40
5 41
5 21
2 83
8 60
8 38
10 9
10 19
1 56
6 75
3 42
10 12
6 11
6 72
3 82
1 18
6 76
6 76
3 14
10 49
7 62
6 33
8 45
7 63
7 33
3 99
10 6
3 9
7 63
3 30
8 24
7 71
7 18
8 71
9 58
7 74
4 58
7 36
9 2
10 30
6 89
2 45
8 49
6 66
9 24
8 15
7 96
9 69
6 1
6 41
8 75
3 49
1 25
6 99
6 44
8 65
2 80
6 61
3 61
5 59
4 82
1 39
9 60
4 80
5 41
5 56
5 20
5 29
6 18
1 55
1 7
10 10
1 67
7 27
4 59
5 93
4 79
7 37
7 87
8 81
10 59
4 77
1 52
1 36
10 37
2 4
7 70
7 19
7 89
9 82
3 87
9 66
10 37
9 25
4 12
5 99
5 67
9 83
1 9
10 38
9 79
3 22
10 67
2 95
4 99
9 43
5 21
9 96
10 24
9 89
5 61
5 66
4 47
4 80
2 17
6 29
7 67
1 68
9 4
5 10
2 75
4 5
2 40
5 70
1 75
5 91
5 28
5 46
9 1
2 61
9 5
3 30
2 78
5 63
8 27
8 12
9 32
3 50
7 42
4 68
1 6
10 59
9 70
2 27
8 45
8 6
4 57
4 50
10 87
10 83
2 46
5 33
3 68
6 83
9 26
10 38
8 82
1 95
6 24
4 73
9 98
6 38
5 5
4 16
2 70
2 47
4 42
4 14
6 7
1 39
7 27
1 1
9 26
2 9
9 72
5 41
8 44
7 29
3 81
3 48
8 80
9 92
5 11
5 53
2 81
9 36
2 67
8 67
2 79
4 74
2 87
4 65
9 88
4 37
5 1
5 66
7 100
9 37
4 57
2 4
6 59
3 75
5 44
4 26
2 8
2 65
8 77
8 15
10 13
2 52
4 97
5 14
8 47
8 23
10 40
2 18
9 57
3 91
9 51
9 85
2 61
6 11
3 50
3 94
4 100
2 7
2 93
1 12
3 52
2 14
8 84
5 91
5 49
5 25
7 36
5 56
2 23
1 83
6 49
1 34
7 40
5 85
2 36
7 69
1 79
10 46
3 64
9 79
9 66
9 69
2 79
1 31
5 65
1 39
9 80
8 84
8 69
10 83
3 56
10 71
9 81
3 58
8 66
1 38
1 89
7 19
5 64
7 30
10 95
10 17
3 77
7 14
7 80
4 93
6 23
5 52
9 34
3 18
4 85
7 97
5 80
9 6
9 79
4 41
5 98
4 29
8 18
7 98
1 24
1 63
5 14
2 11
9 60
4 80
4 76
1 99
5 51
8 46
9 44
5 41
6 94
7 1
4 49
6 2
6 22
5 96
9 62
9 33
3 93
1 78
4 68
7 83
8 93
5 1
4 30
3 97
3 14
1 15
8 91
8 32
2 81
6 28
2 93
5 96
9 21
9 49
10 53
9 87
10 66
6 5
6 55
9 13
8 6
3 99
1 89
4 63
5 61
1 33
7 76
4 81
1 59
3 68
3 4
1 75
2 66
7 22
4 9
10 37
2 66
8 18
2 37
3 68
5 99
1 9
9 59
6 37
5 75
7 88
1 79
2 37
8 54
4 18
4 66
9 37
2 71
4 64
2 64
1 17
4 90
5 48
6 41
10 55
4 86
9 41
3 74
2 98
6 90
7 35
3 80
5 25
2 21
5 41
6 82
4 43
4 3
6 88
4 4
7 3
9 95
6 66
6 87
3 55
6 9
10 54
5 60
3 90
3 67
5 4
7 98
2 27
3 93
7 79
2 79
3 85
10 54
3 72
8 77
9 31
1 35
8 18
7 22
5 46
8 85
6 58
5 42
10 84
3 61
7 65
10 9
2 57
8 88
6 43
6 72
3 90
7 89
8 72
8 86
6 35
7 16
8 22
6 5
9 82
9 70
1 56
6 68
7 44
5 25
3 78
4 31
10 36
9 86
4 23
5 92
6 44
5 31
6 94
9 86
9 53
2 28
7 58
1 98
9 36
6 72
1 18
9 60
8 29
1 82
8 65
9 60
3 69
8 58
5 59
4 19
2 1
4 3
6 75
5 24
8 7
7 37
9 59
2 21
2 41
1 94
9 76
3 22
10 47
8 6
3 48
8 46
5 43
2 61
5 41
1 83
8 4
9 68
9 4
10 51
4 81
2 81
10 84
10 93
8 48
10 30
10 55
5 8
10 38
5 47
2 29
5 77
4 47
4 94
2 98
4 75
8 8
2 64
6 95
9 71
5 74
10 95
7 81
2 61
7 61
1 27
5 6
2 91
8 20
2 43
1 57
4 23
9 97
8 66
9 46
9 70
5 56
7 100
1 65
5 33
1 70
7 80
9 42
6 77
8 67
7 33
2 72
8 92
1 26
4 80
9 76
9 36
5 82
1 33
9 68
1 72
1 52
3 95
5 82
8 30
9 65
3 35
10 64
7 77
7 87
1 45
1 3
8 91
3 12
4 35
7 50
5 30
5 20
1 71
4 74
5 100
9 69
6 30
5 21
7 80
10 22
7 85
4 88
4 72
3 66
8 54
1 15
