9 5
2 38
1 58
9 18
9 41
6 100
9 70
6 49
4 73
10 41
6 35
5 63
1 42
2 14
10 49
8 57
2 80
2 39
10 98
9 98
4 29
1 19
3 55
2 75
7 11
10 92
8 26
3 62
1 84
7 13
5 18
6 5
6 19
1 73
6 56
4 41
2 97
3 11
6 38
10 50
6 62
2 86
8 92
1 3
1 96
4 32
5 20
3 52
2 20
6 65
2 39
9 17
6 5
4 34
4 83
2 85
6 19
10 100
1 9
5 17
2 89
7 52
2 50
8 93
6 36
1 29
6 40
8 8
2 73
4 95
3 91
1 45
4 12
6 12
3 82
5 54
5 9
3 63
2 33
7 40
9 83
10 63
5 49
7 30
8 69
4 6
1 82
2 74
9 50
1 100
9 98
10 88
3 38
8 91
7 60
5 19
10 34
2 66
9 1
8 56
9 53
7 44
10 18
5 31
6 33
6 7
6 5
8 47
2 21
2 75
3 51
8 56
2 46
4 58
1 89
5 98
7 13
3 79
2 58
4 89
9 97
9 50
2 100
6 68
5 75
2 91
2 43
7 84
9 94
2 88
7 80
2 92
6 89
10 45
5 27
10 95
1 38
8 91
2 82
7 59
2 78
3 71
2 96
5 82
1 29
8 66
7 75
10 37
7 48
7 53
3 67
2 99
2 47
2 99
3 32
5 36
10 55
7 80
9 24
10 67
3 63
3 66
7 92
3 50
1 16
6 51
2 66
2 67
3 46
9 31
1 93
3 26
5 66
4 4
1 97
3 91
6 75
8 38
9 86
6 11
7 15
10 43
4 26
9 3
8 21
7 42
8 90
1 86
10 19
9 53
8 27
2 77
3 79
7 28
9 26
4 27
10 99
3 69
9 74
2 92
8 58
5 76
2 38
3 51
5 66
3 50
6 53
1 75
5 85
8 87
7 35
7 47
1 90
1 90
1 39
5 74
9 31
4 77
1 89
7 35
9 78
10 19
10 27
5 34
8 58
6 59
5 26
9 26
7 29
5 96
8 91
8 73
4 85
2 41
5 40
1 3
10 17
4 36
2 54
1 61
4 59
1 21
7 98
9 57
6 72
5 37
3 86
8 92
1 33
5 77
2 54
1 82
7 57
4 77
5 5
7 94
8 66
7 7
9 71
8 52
7 27
10 84
10 79
4 68
9 37
1 15
1 44
8 50
7 92
6 99
1 69
8 61
7 56
7 27
5 6
3 74
6 30
1 29
8 30
6 96
1 58
5 73
1 85
5 40
9 4
10 45
1 57
9 52
8 53
1 68
2 42
6 37
6 77
10 8
6 99
9 50
2 87
6 22
6 85
9 19
2 38
7 90
9 97
2 65
9 72
5 90
2 64
1 98
9 43
7 94
10 24
4 71
7 98
2 54
5 25
10 68
5 50
8 88
1 86
2 92
9 11
9 17
4 11
9 64
2 2
2 53
9 70
1 86
5 82
1 53
2 12
2 15
1 28
5 54
9 27
5 15
5 69
1 53
2 3
9 5
5 28
4 79
10 95
4 5
3 54
4 23
3 3
2 80
9 60
6 45
2 84
9 75
8 49
5 11
7 97
7 62
9 67
4 51
9 14
6 65
5 32
6 57
7 93
2 6
8 22
3 11
3 62
10 23
2 21
8 5
3 76
9 74
4 69
8 61
2 80
8 1
1 50
5 26
10 70
5 45
1 14
7 34
4 49
4 1
5 99
10 53
10 21
9 6
1 95
8 1
3 80
8 14
8 94
9 46
9 43
10 67
9 100
9 5
7 4
5 74
10 24
7 18
10 47
7 74
5 53
5 43
4 30
4 72
6 58
2 77
10 71
9 30
8 67
7 27
10 39
4 22
5 25
2 16
8 38
3 89
3 31
3 76
3 87
5 38
7 39
3 51
7 27
1 82
3 37
9 67
5 54
8 12
10 24
1 55
7 95
2 100
6 29
2 62
4 75
2 61
6 85
7 12
4 10
8 25
8 24
8 58
3 66
3 93
5 22
10 76
3 73
3 95
5 31
9 19
4 8
2 17
7 8
8 12
9 44
10 29
5 21
3 89
7 31
9 25
8 90
7 1
10 41
6 1
5 25
3 86
2 45
3 30
5 24
2 100
6 82
4 98
9 20
2 13
1 28
6 51
4 26
10 20
3 22
9 99
3 15
10 79
4 83
1 75
9 8
4 67
5 67
7 38
6 10
9 8
10 29
2 96
1 21
1 72
1 68
3 89
4 28
10 58
5 72
3 36
6 10
8 5
8 32
10 19
6 65
10 56
6 23
3 35
1 47
10 5
8 12
1 10
6 69
10 76
5 43
10 39
5 93
2 98
6 100
3 5
6 53
2 60
2 25
6 77
1 47
6 31
2 34
8 27
2 71
10 79
9 81
9 58
5 4
7 34
1 55
4 14
1 96
4 4
6 7
8 46
2 54
8 30
7 32
10 100
10 80
3 13
3 37
4 93
3 25
2 5
8 82
7 100
6 37
2 33
1 54
5 10
3 57
1 31
10 56
5 36
3 45
6 57
2 60
9 50
10 78
9 24
9 73
10 23
4 60
10 25
5 85
3 52
10 90
2 84
5 18
2 72
5 58
6 19
2 85
1 23
1 92
4 78
9 90
5 69
8 84
9 46
2 49
3 13
10 82
8 39
8 97
8 40
9 63
4 23
5 36
8 20
5 59
8 55
4 67
7 43
7 87
5 87
6 97
10 52
6 73
7 35
8 53
9 11
3 44
3 90
3 30
7 19
7 95
6 47
7 100
4 36
4 67
4 83
5 85
9 90
3 39
7 64
1 91
2 6
9 33
10 62
8 62
1 41
10 100
2 26
1 80
7 46
2 85
9 29
9 26
2 71
6 32
1 46
6 82
3 76
10 22
6 41
10 65
8 9
1 26
10 20
6 19
9 86
1 85
7 98
2 40
7 98
6 40
6 10
5 86
6 62
5 62
6 46
9 74
1 37
10 44
3 82
10 18
10 96
6 55
2 39
10 13
3 100
5 46
8 6
2 88
7 84
5 31
2 89
7 61
8 98
10 96
7 66
3 24
3 27
1 55
8 65
1 31
9 65
1 68
1 68
1 60
10 14
3 3
7 38
2 7
2 60
9 73
2 14
2 82
2 44
5 1
10 2
3 90
7 57
8 96
2 59
10 24
9 75
8 64
6 25
10 67
1 62
2 30
9 33
10 23
5 54
4 57
8 60
6 77
1 39
6 8
7 51
7 75
3 84
3 72
2 59
2 62
2 73
7 52
7 27
10 47
2 34
3 23
3 46
3 24
10 51
4 34
8 60
2 78
3 56
4 8
4 70
4 15
2 56
3 72
10 40
1 7
7 96
1 2
8 97
4 80
9 31
5 95
8 10
9 19
2 5
5 32
1 64
7 58
5 89
9 92
2 97
3 14
4 56
1 4
1 63
4 16
3 81
6 3
4 86
2 17
8 12
9 60
8 72
7 44
10 49
10 5
5 84
10 48
10 89
6 63
8 17
5 1
4 41
7 70
8 91
2 5
5 40
5 76
8 78
9 76
7 23
3 19
4 15
6 62
10 76
7 20
3 44
8 30
6 65
4 88
10 64
5 26
4 63
10 44
6 30
5 83
8 5
7 26
2 5
2 72
5 100
7 56
5 19
9 15
4 83
2 61
5 83
4 17
2 90
4 95
4 1
4 76
2 76
7 25
9 38
4 85
1 30
3 69
6 66
7 9
3 15
5 65
3 4
3 97
7 4
10 51
1 33
7 44
10 31
10 54
9 58
9 25
4 94
6 40
4 9
5 27
4 63
6 3
3 93
7 82
9 50
8 86
7 16
6 25
5 44
5 60
9 38
3 56
7 15
1 33
1 44
5 82
9 49
2 5
7 99
10 69
7 36
6 38
10 53
7 34
3 44
5 18
10 64
9 31
4 10
1 96
1 56
3 89
10 1
3 97
3 19
1 57
6 81
3 29
3 80
2 40
10 26
9 34
2 26
7 46
2 11
1 44
4 59
9 56
7 68
5 25
6 96
3 51
2 26
9 88
2 45
7 73
8 92
8 94
7 55
9 28
4 62
2 83
5 31
1 84
1 34
5 63
1 58
4 22
2 47
6 35
2 100
8 29
3 27
3 15
5 51
7 69
8 6
4 36
4 27
1 96
1 75
6 8
4 61
2 90
1 76
5 34
8 78
9 83
3 38
2 13
3 94
1 53
9 39
2 94
5 23
5 89
8 42
7 64
9 45
3 32
3 16
5 53
6 85
2 71
5 74
4 96
10 24
5 66
1 27
6 6
3 99
4 50
3 8
5 15
9 70
3 68
6 91
5 36
10 63
1 74
5 15
10 84
4 2
5 53
2 88
9 45
6 4
3 67
4 45
7 37
10 89
6 88
9 63
2 31
2 71
7 27
6 100
9 53
9 98
7 24
1 2
1 57
10 8
2 37
1 76
10 50
1 16
10 42
3 38
8 45
3 49
4 63
9 38
