7 46
2 18
9 16
3 66
6 37
5 40
7 73
5 77
10 100
9 48
8 68
4 4
5 3
5 68
7 89
5 62
4 98
10 61
2 45
1 29
9 13
1 95
2 58
5 25
4 35
8 27
4 2
2 65
10 72
2 71
7 61
2 4
7 88
6 78
2 53
5 77
10 56
5 34
9 59
7 72
10 32
3 4
10 45
1 58
6 81
10 56
3 84
4 69
1 14
2 59
9 76
1 55
2 96
5 42
1 21
2 30
2 60
4 45
7 66
2 55
8 13
5 39
5 89
9 52
10 85
10 50
4 35
3 71
10 31
9 85
6 31
6 18
5 91
5 8
5 80
5 39
4 78
4 52
4 13
3 51
10 40
7 9
4 46
5 80
7 3
2 93
3 45
8 45
9 84
3 80
3 55
2 38
2 39
7 43
7 71
4 71
10 37
7 11
9 92
10 91
4 53
3 85
2 40
1 23
3 61
2 89
5 4
8 74
4 95
8 13
4 51
5 95
5 27
10 100
6 13
4 92
10 25
8 1
5 23
7 7
9 57
9 88
2 95
6 45
3 8
2 93
8 54
5 49
7 41
9 17
9 33
10 31
6 23
5 62
10 39
5 58
10 71
9 31
10 55
4 40
1 8
2 27
6 99
10 6
10 69
10 96
2 17
4 39
5 31
8 66
7 71
9 20
5 17
9 44
8 36
10 42
6 29
8 99
4 51
8 25
3 49
3 95
6 73
7 44
8 92
6 3
4 91
6 92
7 25
5 81
1 34
10 52
7 85
10 9
6 41
4 76
9 99
7 1
3 60
4 28
8 88
2 35
5 16
9 55
1 24
7 28
3 54
10 42
5 5
5 81
4 58
9 52
5 49
9 14
2 66
7 77
5 30
4 24
8 41
2 88
2 35
5 36
10 88
8 47
9 53
8 88
10 41
10 72
7 40
2 62
1 95
1 24
10 57
2 21
7 99
5 97
5 12
7 46
8 51
9 84
4 37
10 52
1 50
3 13
6 48
9 37
4 36
4 96
7 38
7 71
10 89
5 20
9 28
8 20
9 47
10 49
7 85
2 71
10 78
6 87
10 85
9 12
3 33
3 26
3 38
8 16
1 79
7 17
1 30
8 31
3 77
9 53
3 88
5 44
5 28
10 1
7 27
9 81
4 73
6 98
10 31
3 18
3 86
1 77
6 60
6 36
8 16
10 21
5 56
9 3
1 60
4 4
4 65
10 94
4 56
9 43
9 86
6 31
8 17
4 88
3 89
8 86
10 64
2 97
2 64
2 28
8 91
4 16
1 45
7 38
3 63
4 70
7 87
9 89
1 93
1 62
5 53
2 33
7 98
6 8
10 43
4 20
7 49
10 60
10 54
3 81
6 1
6 51
7 90
3 99
10 49
8 94
3 23
3 25
4 69
5 71
10 10
3 9
10 100
9 61
8 23
2 11
5 10
8 21
8 3
3 89
4 93
9 33
3 68
9 30
4 18
3 70
10 6
5 17
10 82
4 47
8 13
3 81
10 43
3 29
5 57
3 80
1 50
7 54
10 5
3 29
7 80
2 76
5 9
4 19
7 39
5 73
1 25
2 9
3 3
6 10
3 10
7 42
3 75
3 62
4 76
6 53
4 8
9 90
1 16
1 87
3 30
7 52
2 25
5 69
9 7
1 6
3 69
4 89
6 37
3 69
9 86
2 65
5 84
9 72
3 51
10 97
4 87
7 96
10 62
9 56
2 54
3 3
6 65
10 99
8 75
3 55
4 59
7 31
2 7
8 37
3 18
5 62
2 47
3 72
4 4
2 26
3 29
2 21
1 43
7 30
3 90
2 75
3 43
5 22
4 54
7 54
7 13
1 96
7 21
10 25
10 51
9 15
9 95
3 37
9 92
5 5
3 85
1 38
8 98
9 19
3 80
4 2
6 71
8 73
5 50
4 91
1 63
1 43
2 36
7 75
6 58
10 97
2 100
1 3
6 32
2 44
6 38
3 83
8 54
2 88
6 53
3 61
1 39
7 79
4 85
8 99
3 86
2 28
6 12
8 3
6 60
8 59
5 34
8 30
5 40
7 17
2 42
9 60
5 1
8 94
9 41
1 44
4 44
1 28
3 4
4 54
5 16
1 50
4 67
1 90
10 11
5 8
5 2
6 83
3 52
7 51
5 36
10 55
4 36
5 51
1 16
7 15
2 98
9 79
3 22
8 89
10 73
2 45
5 68
2 4
10 31
4 100
6 87
2 91
5 85
6 39
6 61
3 51
6 96
1 45
2 78
7 28
9 27
1 24
4 25
10 76
2 71
5 73
6 98
8 10
2 13
8 27
4 58
4 38
10 72
2 96
9 72
10 62
5 45
6 58
4 64
5 78
6 57
2 84
5 79
3 1
4 35
9 7
7 12
1 79
2 59
4 49
6 95
9 53
1 71
9 54
4 97
9 76
8 23
1 82
7 53
6 15
6 54
4 4
4 90
10 11
4 21
7 14
10 19
7 58
3 81
5 8
10 37
2 47
3 22
6 12
7 45
1 78
2 32
3 12
5 81
2 62
5 34
10 97
5 65
10 52
7 35
2 16
9 24
9 71
10 82
3 9
2 77
2 51
4 31
6 37
7 84
2 3
9 10
10 61
8 20
5 21
6 21
2 74
4 40
9 19
2 11
3 72
8 41
3 97
5 56
10 54
7 59
10 75
4 69
1 98
3 77
7 98
8 91
2 26
1 47
5 24
4 68
2 63
6 67
9 61
6 63
6 3
9 59
2 66
5 31
1 76
6 99
10 66
4 4
7 49
5 25
1 45
3 19
6 90
2 45
10 79
9 64
2 28
1 27
5 99
4 63
4 43
2 74
4 54
2 98
1 58
1 81
7 3
6 3
2 51
1 67
9 50
6 51
4 37
1 76
8 7
6 59
9 4
9 91
8 14
8 71
6 25
9 99
10 30
3 87
8 80
1 32
8 24
8 64
6 7
10 77
7 66
10 9
3 49
2 89
1 5
3 44
5 26
3 40
1 73
2 100
2 43
7 25
6 6
10 27
5 12
5 38
1 75
7 99
2 12
4 9
1 1
5 78
3 9
1 43
10 13
2 35
6 90
5 48
10 95
3 35
4 42
3 96
7 27
4 11
10 40
5 86
9 31
8 79
2 74
5 52
4 2
7 18
2 60
9 92
2 17
5 6
7 8
5 18
1 2
4 58
6 65
7 68
10 94
7 60
8 90
4 96
9 100
7 30
2 77
5 50
1 44
9 23
10 22
3 65
5 27
2 48
1 15
10 68
2 64
7 77
10 71
3 22
2 30
1 27
3 22
3 8
5 18
9 61
2 68
7 76
8 19
3 57
5 63
6 77
5 65
5 78
4 27
6 55
10 56
3 1
7 25
5 62
3 61
6 33
8 50
9 75
5 97
2 13
2 11
5 44
4 43
2 90
4 85
5 50
10 48
8 64
2 52
5 27
5 33
4 47
10 37
4 11
8 22
8 96
8 37
1 84
6 92
8 7
9 37
6 76
3 84
5 64
4 93
1 91
5 24
2 3
2 76
3 51
6 6
6 58
4 40
1 17
7 44
8 47
4 51
4 32
3 45
3 52
4 6
3 14
7 100
3 13
10 47
2 16
2 57
8 82
5 72
4 40
4 57
8 4
9 8
7 2
4 34
5 70
7 14
4 6
8 33
10 73
5 98
10 29
2 78
6 2
7 73
6 25
5 9
9 80
10 14
7 3
8 56
8 16
9 54
2 12
5 85
8 39
6 77
5 90
6 66
7 68
4 71
6 34
10 60
10 77
9 71
1 94
2 47
5 20
7 20
8 78
1 70
4 75
9 24
5 68
7 12
5 5
3 3
3 93
7 95
4 33
7 86
9 8
6 38
5 76
3 74
2 63
1 76
9 24
6 15
2 27
4 45
5 6
4 47
9 14
6 6
7 29
9 79
8 28
9 6
9 65
3 2
4 36
3 69
4 88
10 91
4 53
5 33
10 5
1 17
9 64
5 89
8 81
3 46
2 30
8 50
4 91
2 66
1 36
4 38
4 57
5 3
8 96
3 72
8 11
7 80
1 55
4 39
6 89
8 52
7 47
5 40
1 50
4 21
1 32
6 98
6 49
9 59
2 24
5 89
10 4
5 24
1 68
9 69
2 8
2 83
1 70
8 94
5 78
2 23
10 30
10 71
3 14
7 51
1 12
3 33
2 44
7 65
2 58
2 3
7 44
1 41
10 39
4 8
7 11
9 53
8 17
1 10
3 81
6 3
2 56
9 15
7 42
7 96
10 25
4 56
4 56
8 29
6 63
10 68
7 85
7 69
6 38
7 87
1 74
10 24
9 93
6 16
8 48
6 55
8 86
5 1
3 95
5 91
7 74
6 31
6 63
2 49
5 88
7 37
9 81
3 24
9 66
9 64
8 5
1 76
8 1
6 1
4 11
10 51
5 31
7 36
10 75
10 44
9 12
1 45
6 30
2 81
4 43
10 82
