10 42
1 50
5 45
9 11
2 91
10 37
3 44
6 7
5 88
9 25
2 79
8 86
10 70
6 8
9 80
10 86
8 17
2 86
6 23
5 70
9 74
7 66
6 86
7 63
8 29
9 94
1 34
5 47
7 90
1 25
8 1
5 67
3 57
2 22
1 88
10 74
10 68
3 7
1 12
1 50
6 41
8 72
9 58
9 27
2 22
4 23
5 61
2 5
5 34
7 72
6 52
10 28
10 27
8 8
10 95
5 92
2 56
4 60
10 56
9 60
2 46
5 80
4 83
2 8
7 52
7 22
9 64
2 68
5 40
3 50
2 61
1 44
7 98
4 41
5 43
4 28
2 41
5 67
2 68
6 35
1 67
6 55
2 23
9 65
4 23
8 32
4 53
6 79
2 22
8 82
9 52
6 15
3 29
2 37
6 27
2 82
6 2
7 90
2 50
2 92
6 32
7 49
10 88
2 40
6 2
2 57
6 77
2 27
7 60
1 20
8 8
8 51
7 19
5 70
9 76
3 77
6 67
7 47
1 60
2 76
10 100
1 22
5 37
7 82
2 56
3 14
1 56
1 56
1 29
4 8
10 18
2 95
3 16
9 10
1 53
5 87
10 26
4 7
5 69
7 8
9 79
9 65
1 6
6 17
7 23
1 25
3 78
5 15
4 63
9 84
10 34
1 61
3 42
9 93
10 51
10 55
2 66
6 99
2 10
7 52
2 34
2 54
4 67
10 25
4 95
3 90
4 59
7 29
1 37
8 69
1 15
7 80
2 97
5 11
10 57
9 83
9 14
7 81
10 30
1 8
6 78
4 61
10 21
1 32
5 67
8 38
10 20
3 86
10 48
4 18
1 15
3 94
1 3
7 8
9 6
9 69
1 30
7 16
4 43
9 37
9 5
5 64
4 66
8 63
4 19
3 98
9 75
7 38
1 9
2 46
6 84
4 84
2 5
8 23
5 25
6 53
10 52
1 51
7 38
10 92
1 14
3 48
8 21
5 95
1 68
3 32
8 98
1 20
2 37
5 42
3 84
5 88
5 79
9 19
6 75
10 45
3 61
3 1
2 25
6 5
3 44
1 76
9 71
5 74
5 83
8 45
8 43
7 73
3 49
2 24
5 66
3 49
5 87
9 80
1 56
9 11
2 29
8 91
5 28
8 13
4 39
6 84
7 71
2 13
5 38
6 51
4 85
10 49
10 74
9 5
5 46
2 58
8 90
10 90
2 92
3 66
9 45
2 32
8 11
4 8
6 45
9 63
3 39
9 32
1 20
7 48
2 2
10 62
6 41
7 16
10 16
2 97
3 49
6 64
10 24
6 6
1 84
9 88
10 62
6 60
7 34
6 29
2 4
4 82
1 20
4 1
3 71
1 26
6 7
4 8
3 65
5 70
5 61
9 42
9 78
4 86
9 97
9 9
1 48
10 11
9 69
3 49
7 57
10 48
5 39
4 8
7 54
10 36
9 57
2 85
6 95
2 69
6 83
2 30
7 99
8 28
3 30
7 52
10 75
9 32
2 44
7 36
10 20
1 78
6 85
6 41
3 78
9 39
6 21
5 58
5 57
1 11
1 100
5 75
8 20
2 29
7 40
4 72
7 54
2 2
5 27
8 27
4 59
3 25
4 47
1 60
3 85
6 49
2 43
4 28
10 37
2 60
7 65
7 81
4 52
2 72
6 88
10 45
6 4
4 90
10 5
10 80
10 95
9 1
1 7
5 5
5 1
8 13
5 100
10 13
4 23
2 6
2 12
6 57
5 96
5 7
5 50
2 78
7 100
3 73
3 16
7 13
7 100
3 8
10 90
4 58
8 55
6 38
5 46
5 94
6 96
8 12
5 80
5 87
4 63
1 90
5 54
10 68
3 55
1 28
7 61
8 43
2 90
2 76
2 48
9 16
9 42
10 45
9 18
1 45
2 20
9 63
8 52
8 22
6 77
4 41
3 18
4 68
9 87
7 2
5 25
5 4
5 29
10 57
1 51
10 46
2 12
7 74
3 28
6 23
2 74
2 53
1 29
6 21
2 23
10 34
1 56
7 92
4 94
10 64
2 1
4 65
8 62
4 72
9 80
7 44
4 51
10 54
7 29
10 75
5 12
3 28
3 23
7 98
3 65
7 28
2 38
6 50
8 39
9 84
1 66
7 40
8 88
1 81
9 76
7 29
10 62
5 29
6 4
10 80
7 56
9 99
10 55
3 89
10 6
2 24
9 8
6 90
6 76
8 37
8 65
2 62
5 23
7 33
3 32
5 100
2 25
3 22
5 64
2 50
2 92
2 93
10 71
2 16
6 75
2 47
6 47
3 48
10 2
7 84
3 64
10 9
6 76
5 92
4 9
4 90
8 28
1 46
6 19
2 18
10 46
5 55
8 68
6 34
2 48
3 25
5 62
3 92
1 15
6 18
4 58
10 76
2 26
3 28
2 53
5 42
4 80
5 20
8 34
8 56
10 19
10 53
2 3
5 83
5 77
1 88
4 99
6 43
5 43
8 67
10 50
9 45
4 13
8 55
3 31
8 47
2 63
5 24
5 22
6 36
10 83
6 45
3 24
8 25
10 82
8 66
7 73
6 100
2 50
1 48
1 1
10 73
3 66
8 97
3 5
2 25
6 67
6 66
6 16
7 29
5 23
1 86
6 13
5 62
2 2
1 98
7 17
8 96
10 55
2 85
5 15
6 48
7 57
7 51
4 69
4 68
3 39
6 7
6 22
4 87
6 42
5 22
2 83
8 87
3 23
8 11
4 100
3 48
7 92
3 3
7 17
1 32
6 57
10 36
7 39
3 59
6 33
9 68
3 23
5 58
7 24
8 48
9 55
7 49
7 32
3 39
10 46
10 59
7 98
8 42
7 70
5 54
1 67
7 7
2 45
10 85
10 66
6 76
4 1
8 68
10 18
10 31
7 2
2 59
4 93
2 85
5 97
1 68
1 69
1 56
3 36
5 8
4 24
1 75
4 79
9 19
2 37
3 66
5 58
3 62
2 59
6 24
10 25
1 2
9 75
3 79
4 2
4 84
6 98
4 68
5 7
8 56
6 13
6 69
6 98
5 87
7 27
1 72
3 46
3 75
1 15
9 55
7 69
6 39
4 21
9 32
8 90
9 13
6 51
5 55
9 26
3 47
3 93
2 85
3 25
6 83
2 31
4 21
1 95
3 99
7 48
7 74
3 68
8 28
2 6
4 22
7 2
6 96
10 66
7 78
10 28
9 10
2 39
4 20
3 34
5 3
7 23
10 47
5 97
3 53
5 31
9 64
5 22
6 79
4 85
2 44
8 99
2 36
8 74
10 38
6 99
4 3
2 15
7 31
3 69
10 62
3 45
2 73
5 1
7 29
7 47
4 47
4 52
1 61
1 96
3 28
1 63
10 4
10 67
1 29
2 28
9 52
5 57
6 70
7 49
2 1
1 35
2 54
2 46
1 62
7 62
1 41
7 20
3 12
7 92
10 67
1 61
2 72
7 74
7 59
6 37
1 67
2 73
6 18
3 65
8 81
4 71
3 83
4 3
3 8
2 13
10 34
3 98
5 44
3 92
8 24
9 60
7 39
2 70
5 22
5 64
8 76
8 60
3 27
5 67
6 17
7 99
8 21
5 73
10 94
7 68
2 44
1 99
4 9
9 53
8 88
9 1
6 70
7 83
5 73
1 62
8 82
3 61
9 66
2 100
7 89
7 53
5 56
3 67
10 62
4 75
1 93
9 14
7 11
9 59
7 84
5 39
9 7
10 71
5 45
3 69
3 94
3 88
3 19
7 66
6 64
9 67
6 60
6 24
5 67
4 58
5 73
3 78
5 56
6 18
5 72
4 45
10 55
3 87
7 98
7 69
5 65
3 77
2 39
5 15
10 47
9 40
7 47
2 14
3 14
6 65
1 13
7 36
8 69
4 41
2 45
6 72
5 72
8 34
6 23
3 75
2 1
3 89
10 71
4 36
1 43
4 44
8 60
5 74
6 65
6 68
4 76
5 3
2 53
5 10
10 64
6 36
4 91
8 70
1 89
10 65
7 65
3 76
3 95
4 15
9 34
10 12
4 78
9 25
5 4
2 47
7 93
6 18
3 56
7 51
5 36
7 19
8 39
4 97
4 84
8 31
9 52
2 57
1 96
2 88
2 94
4 59
5 27
8 21
9 76
1 86
6 94
6 67
9 57
9 21
7 23
8 6
10 99
7 88
1 45
5 3
9 65
8 18
1 5
5 65
6 99
6 86
2 36
8 1
2 47
7 35
3 70
10 95
8 35
3 65
5 62
5 49
3 83
10 63
4 20
5 41
9 66
5 20
9 21
7 97
7 73
5 32
9 23
3 92
4 25
5 79
7 35
1 35
5 79
8 30
2 80
8 55
5 79
6 78
2 19
3 15
6 15
9 10
2 74
2 75
9 35
8 42
9 3
5 94
7 77
8 76
10 60
5 65
4 40
9 4
8 3
5 67
6 42
1 57
6 81
