3 78
3 61
5 8
4 3
9 39
8 10
6 76
6 32
3 58
10 68
7 4
10 21
9 45
1 68
9 10
10 70
9 79
2 74
7 22
7 18
3 5
6 100
2 35
9 2
5 47
1 43
4 16
2 20
2 45
7 18
7 1
9 57
4 27
10 88
4 61
9 10
3 59
1 69
6 28
6 24
10 56
4 33
5 88
4 25
9 86
9 58
6 61
8 84
5 50
8 55
10 30
8 69
2 25
6 75
2 75
5 99
5 2
4 50
4 59
4 27
8 50
6 85
5 69
4 49
7 28
7 56
7 5
2 99
7 43
5 80
2 17
2 23
8 85
1 58
3 17
8 39
6 75
2 4
6 77
6 8
5 97
9 61
1 68
8 30
3 1
1 75
1 89
4 35
4 25
5 54
10 39
2 97
1 14
5 80
6 30
8 6
7 97
3 56
10 41
3 68
5 30
10 36
5 95
6 60
4 29
6 73
3 33
1 68
4 59
9 95
4 55
9 11
4 100
7 84
7 12
7 25
10 40
2 96
9 96
2 74
9 87
1 27
6 53
7 49
10 98
2 31
2 61
8 47
4 29
7 33
3 68
9 79
6 37
8 29
9 60
2 12
5 77
9 24
7 73
3 4
2 47
8 43
5 75
9 9
6 22
10 31
10 1
1 12
6 7
10 73
4 65
3 71
6 29
8 52
10 97
8 100
5 94
5 99
9 97
10 18
1 77
7 2
9 88
2 32
10 24
7 58
10 30
4 83
1 77
7 55
9 56
8 86
8 79
4 92
5 80
2 77
2 40
8 87
3 4
9 77
9 21
3 74
5 76
6 39
9 63
6 78
7 50
10 54
8 53
10 72
3 28
2 67
1 21
7 88
2 61
6 88
1 38
8 32
10 41
9 52
10 57
1 88
8 92
3 15
2 86
4 41
4 11
4 8
9 21
5 71
3 80
2 92
9 27
9 24
1 56
1 82
10 56
7 77
1 61
5 98
1 68
3 62
2 75
7 4
7 20
10 83
2 92
3 67
3 4
7 47
5 18
9 40
10 4
2 45
9 93
2 47
2 49
4 42
5 8
3 2
8 78
6 32
7 14
1 46
9 77
6 27
6 58
10 31
1 1
3 56
10 29
7 21
6 7
7 36
3 17
6 86
4 99
8 98
2 57
1 97
6 94
2 54
2 77
10 31
10 15
9 70
5 60
7 73
5 35
7 85
4 14
10 86
5 67
3 30
2 10
10 75
10 14
4 51
9 26
1 7
9 41
10 60
3 31
4 86
8 37
2 38
4 84
5 68
10 33
3 94
1 16
8 81
5 39
6 82
4 73
5 60
1 89
8 40
2 65
2 37
1 25
10 64
9 14
1 93
8 23
2 100
6 99
4 10
6 31
3 83
7 99
10 33
4 61
3 52
8 91
2 70
5 83
6 30
4 56
8 56
10 7
9 75
9 60
1 80
4 27
9 10
7 35
6 64
7 11
8 39
9 60
7 53
8 23
8 47
9 51
4 98
5 31
2 71
6 6
5 88
3 48
6 100
6 90
10 22
6 25
4 33
5 4
1 21
3 64
1 53
9 47
7 87
9 21
9 24
4 5
5 1
3 96
5 23
6 87
1 90
4 20
3 50
1 88
3 35
9 12
3 76
8 2
8 78
10 82
1 43
7 34
3 25
1 68
5 85
3 31
7 14
10 96
7 63
2 47
8 10
9 42
8 90
4 62
9 100
1 30
5 34
8 69
7 5
9 88
10 17
10 56
8 23
9 18
6 62
6 74
4 47
5 93
4 44
4 7
7 65
5 77
1 35
3 9
9 4
3 96
6 75
9 69
6 88
1 72
1 89
10 84
10 14
1 70
1 43
10 68
9 96
9 79
5 65
2 26
9 67
2 35
2 15
1 15
5 71
10 6
3 87
9 49
10 3
8 57
6 78
5 73
7 38
1 52
2 87
3 84
9 14
4 23
10 54
9 36
5 69
2 46
10 48
5 86
6 5
7 75
6 85
2 67
9 87
8 52
2 44
9 60
8 13
6 35
3 10
5 72
9 17
1 71
2 76
3 18
2 44
4 6
6 48
1 41
10 50
9 10
2 41
2 14
7 27
8 6
7 25
9 22
7 21
4 84
4 28
3 14
8 98
3 79
3 7
6 100
9 72
1 44
8 63
9 64
2 4
2 5
8 98
9 82
4 30
6 55
7 30
1 21
2 65
7 49
9 3
1 47
3 89
10 68
2 51
1 29
3 98
3 89
7 85
5 69
9 87
6 22
1 32
8 79
3 18
3 98
8 38
4 38
2 16
1 36
7 40
2 46
4 51
3 44
8 94
7 74
10 33
9 55
4 85
10 57
8 12
4 37
9 34
3 70
6 90
8 18
6 2
10 33
5 76
8 47
4 13
7 65
10 36
10 96
2 77
10 38
7 72
4 57
8 74
6 66
6 7
10 83
9 89
5 14
10 16
7 46
8 55
5 67
8 4
9 26
4 36
4 87
8 90
2 4
1 18
9 75
5 14
2 47
4 45
8 72
8 28
3 45
1 22
5 71
4 44
7 21
5 22
4 75
1 93
8 96
10 70
2 48
1 100
9 74
2 22
10 3
8 4
1 96
8 4
6 38
4 8
2 53
5 68
10 26
2 82
3 62
2 55
2 29
6 84
6 20
1 81
10 75
8 19
4 55
8 24
7 87
1 18
2 6
4 92
10 29
1 33
1 19
8 99
2 31
4 51
5 93
9 85
5 86
10 54
8 17
1 34
10 63
2 28
8 79
1 92
4 15
5 77
9 25
8 40
8 21
7 45
9 32
7 81
7 73
4 69
8 24
5 54
2 97
1 86
2 54
8 51
3 49
2 83
4 73
3 65
9 96
3 98
8 43
8 75
4 34
6 83
6 26
2 61
6 45
8 70
10 98
1 49
7 98
7 23
9 67
1 30
3 51
1 73
7 8
10 91
2 56
10 1
3 81
2 65
2 72
10 62
5 90
1 22
5 51
1 48
9 18
8 83
4 70
3 99
1 97
9 23
4 36
5 15
4 11
7 96
3 1
10 66
8 15
3 27
5 66
2 31
3 84
1 40
9 26
8 3
1 88
8 80
6 13
7 84
2 33
5 77
9 29
2 56
2 98
9 50
9 38
9 36
10 40
3 26
4 71
5 50
5 86
5 19
9 47
9 49
5 15
5 32
6 99
3 14
10 9
5 89
4 8
9 42
5 77
6 71
2 79
10 72
10 100
6 15
1 23
6 85
6 85
5 33
2 19
10 56
3 29
10 55
6 87
8 2
9 89
4 21
1 36
2 5
7 32
7 24
9 81
6 62
10 35
5 81
9 22
5 44
2 70
3 64
2 80
2 59
7 78
8 51
7 82
4 20
1 55
8 86
1 63
6 62
6 21
4 94
1 3
8 80
3 96
8 52
7 97
2 75
8 17
6 81
6 84
10 58
9 60
3 69
1 23
9 53
7 38
6 90
10 91
4 92
5 39
3 3
5 25
7 48
10 66
2 75
6 90
8 54
4 69
8 5
5 29
5 24
8 36
5 12
8 65
10 13
8 18
3 38
6 49
5 22
8 94
1 18
9 85
9 85
6 5
7 99
9 64
2 15
5 22
5 56
1 45
8 35
1 63
2 88
2 28
10 38
4 15
10 76
1 92
4 79
1 27
8 62
5 8
9 6
2 7
8 38
3 24
5 50
4 93
8 40
3 83
5 88
7 73
9 47
9 31
3 63
9 93
7 94
3 82
8 16
5 60
4 14
2 85
4 93
8 23
4 68
7 61
5 48
7 42
8 90
9 15
10 34
4 13
6 91
3 93
10 54
2 46
8 89
2 5
5 53
3 6
7 75
10 66
8 57
9 73
2 89
6 44
2 36
7 81
8 73
7 42
8 31
6 3
4 29
4 87
10 90
2 47
3 94
2 99
3 8
1 17
7 48
6 4
4 96
7 63
9 56
1 64
2 16
6 36
10 16
8 87
8 11
7 88
6 71
9 15
5 4
5 28
9 83
3 65
9 43
5 12
9 17
3 59
1 61
7 81
1 5
7 70
2 25
7 74
10 76
4 54
6 70
6 96
1 23
6 59
7 97
2 24
7 42
9 32
7 70
5 74
9 56
4 3
2 35
5 41
10 47
6 85
3 22
2 35
10 23
1 33
8 77
1 79
6 29
3 82
1 34
7 26
6 5
7 35
3 14
10 41
5 46
1 12
4 51
3 59
8 86
9 27
7 48
4 25
6 13
8 50
4 18
9 71
7 25
1 5
6 82
1 25
3 68
6 54
1 23
1 89
9 94
1 62
1 82
2 53
1 86
8 71
8 49
4 72
3 86
5 97
5 43
9 71
6 94
7 87
4 59
10 53
6 42
9 21
6 86
2 5
5 25
6 25
9 8
10 72
4 30
1 32
2 88
5 14
7 54
1 51
1 70
9 51
1 87
9 33
4 29
5 19
7 28
3 53
2 3
8 36
8 96
5 66
8 65
