8 43
2 79
4 51
5 42
2 100
2 9
3 70
6 38
10 14
10 52
5 91
4 73
5 84
10 31
5 19
1 3
8 70
10 30
6 20
4 27
6 23
5 29
3 44
4 86
3 20
9 78
7 47
2 15
3 70
8 9
9 91
2 61
5 53
8 91
6 41
8 66
5 32
2 38
10 79
9 20
7 21
5 56
2 9
10 64
5 28
10 77
8 85
7 9
10 65
4 76
3 49
4 87
10 36
4 86
4 74
1 50
7 9
7 36
9 40
4 25
6 2
8 15
1 62
5 33
2 37
8 92
3 80
8 82
10 17
5 91
8 69
3 22
3 36
6 9
6 45
4 90
10 20
4 84
6 77
6 86
4 39
1 99
1 63
8 46
4 16
1 92
10 73
8 76
10 14
10 99
4 91
3 47
8 89
4 98
7 43
4 7
7 74
10 37
7 5
10 83
5 69
5 73
10 65
5 50
4 18
4 27
5 54
8 67
10 67
3 35
4 10
5 49
4 5
7 22
5 79
4 79
2 44
7 38
8 66
4 90
8 98
9 75
10 59
3 38
4 36
10 2
6 9
4 80
3 62
2 47
4 76
8 32
4 41
4 100
2 87
1 96
2 60
4 29
8 65
10 54
9 77
9 35
8 89
4 92
7 63
2 19
2 92
5 23
10 4
6 77
8 100
1 85
7 70
4 75
7 21
7 9
3 82
4 62
4 93
6 60
2 22
7 61
8 56
6 35
1 84
9 99
6 30
2 97
8 42
6 75
10 66
6 48
2 60
4 43
4 10
1 89
7 77
3 83
2 43
1 49
9 3
2 13
2 20
9 32
4 81
3 92
2 84
9 26
3 89
1 79
1 18
1 46
3 45
7 9
2 50
2 13
1 95
8 15
8 71
9 69
10 99
8 83
1 16
3 72
3 22
7 37
8 68
5 24
5 6
6 1
10 84
1 6
5 82
5 25
6 46
2 13
1 28
6 78
5 25
9 50
5 18
3 52
9 93
7 95
1 12
10 20
10 66
10 13
8 70
1 36
8 17
7 96
8 16
7 86
10 16
9 91
4 39
4 10
3 52
6 58
10 15
7 39
10 14
1 66
6 52
5 46
5 13
2 73
8 15
4 56
8 100
5 20
10 28
6 74
3 22
7 14
1 30
6 45
2 71
5 96
6 60
1 81
5 97
8 81
2 12
1 71
10 85
3 37
2 36
5 65
1 62
6 83
7 75
6 74
4 26
2 36
1 86
2 8
9 30
3 27
4 85
8 27
1 96
3 13
2 93
2 85
8 72
10 52
7 25
9 26
1 77
1 82
8 2
8 51
9 35
7 56
9 13
10 20
1 64
5 85
5 25
9 40
2 81
5 22
6 99
5 33
5 24
5 41
6 84
5 38
10 100
2 24
3 59
8 47
5 14
2 61
10 17
1 52
8 64
5 25
5 86
10 39
1 30
8 46
10 60
4 81
10 2
7 23
7 60
6 70
8 61
2 64
10 13
3 71
8 73
8 96
5 71
3 81
9 87
3 13
1 37
10 41
1 96
8 100
1 84
8 11
6 2
4 71
5 78
4 44
3 9
6 68
3 4
3 10
10 12
9 5
6 73
3 76
7 83
7 80
6 52
5 80
6 28
7 57
2 22
1 4
3 76
1 9
2 98
4 33
4 4
2 83
2 10
1 12
6 50
10 94
8 62
9 59
4 63
3 84
4 65
9 81
2 77
2 2
1 37
8 53
10 11
8 38
2 18
1 32
8 42
10 83
10 43
10 11
10 92
9 77
8 57
6 56
8 80
2 92
5 77
3 87
3 30
6 48
9 91
7 96
7 73
4 91
6 10
7 85
6 10
9 11
9 9
8 42
1 53
10 3
9 10
2 80
7 1
5 86
7 94
7 52
1 14
5 57
7 93
1 19
3 49
8 52
4 13
5 34
5 33
4 54
5 11
2 89
5 90
1 7
9 91
4 25
2 54
1 62
4 67
4 63
1 46
3 61
10 28
4 36
2 88
4 42
10 18
5 20
6 23
10 5
5 98
5 93
2 60
6 74
4 51
4 15
1 21
4 30
8 19
8 56
4 9
8 98
10 10
6 95
10 48
3 33
4 75
8 54
3 5
5 81
8 83
7 33
9 52
7 14
9 39
4 30
8 84
9 84
6 50
3 85
5 100
1 43
4 42
5 51
1 67
9 42
5 81
6 36
7 21
1 26
4 58
3 91
6 77
6 65
6 23
8 26
2 51
4 38
10 86
8 20
10 97
7 29
4 99
10 57
2 88
1 17
6 89
4 53
5 5
6 96
7 66
2 70
2 2
7 63
10 49
8 33
6 24
7 12
9 63
7 70
10 92
7 52
4 100
2 18
1 100
6 11
2 17
3 94
7 68
9 77
10 93
10 59
6 67
5 1
5 58
2 72
10 1
4 39
5 27
8 49
9 1
4 27
2 41
4 8
1 14
2 93
3 100
10 72
8 71
6 36
4 96
7 52
4 100
4 10
7 38
9 22
9 32
6 71
8 38
3 26
2 59
5 83
2 100
9 86
7 35
7 31
3 13
4 29
8 8
4 28
5 69
6 45
4 82
8 97
7 20
2 27
3 43
6 90
8 50
3 28
10 31
8 4
2 29
2 23
6 34
9 73
9 43
1 99
7 34
9 30
4 10
8 75
4 35
1 43
2 15
6 33
5 84
1 19
4 15
3 66
5 33
1 7
2 38
9 42
10 76
4 33
8 38
4 86
10 62
2 94
7 53
3 8
8 85
5 74
9 37
4 98
1 33
10 64
4 93
2 60
4 49
10 100
4 31
10 17
1 5
1 15
8 80
4 66
5 7
1 87
2 41
9 68
5 99
5 45
2 15
8 52
10 28
5 48
9 4
4 18
4 23
8 25
5 6
10 68
5 85
7 82
7 77
6 98
10 66
3 61
1 81
8 22
6 46
9 4
2 26
3 83
3 68
6 76
2 70
3 87
7 55
10 72
7 11
8 26
4 55
10 81
10 87
2 14
8 82
7 53
5 42
1 19
6 97
10 66
4 40
5 98
10 98
3 53
3 33
7 43
5 73
3 97
5 29
5 36
2 17
10 3
3 90
5 38
3 73
4 57
9 3
1 21
7 13
10 73
8 89
4 65
9 88
3 76
4 44
10 5
10 97
1 6
2 43
1 32
4 9
8 30
8 45
2 32
10 57
5 31
9 4
10 4
10 29
10 47
8 29
5 95
3 49
6 45
9 61
7 77
7 44
4 84
5 100
8 63
9 73
3 100
3 70
9 25
6 23
6 54
8 83
10 32
2 63
3 40
10 40
6 14
4 86
2 76
5 37
1 34
8 65
7 16
1 27
5 34
1 55
4 100
2 61
1 43
9 91
1 53
10 72
6 45
5 12
10 18
10 81
10 26
4 82
1 58
8 70
2 21
9 64
1 78
6 91
5 76
5 93
3 6
1 37
2 80
8 37
1 41
7 62
5 21
8 75
8 23
1 25
7 37
8 7
9 20
7 80
7 8
3 2
7 71
8 18
9 42
1 62
7 78
3 49
7 9
6 41
5 70
4 79
3 50
4 62
7 73
2 74
5 45
9 53
1 18
7 1
7 59
4 18
5 81
3 18
4 25
1 71
2 88
2 23
2 16
9 12
9 86
4 99
3 85
8 3
8 65
9 80
8 23
7 98
8 17
1 52
8 33
9 33
9 85
7 67
4 63
10 90
6 31
3 4
1 98
4 43
9 56
3 21
4 51
5 33
6 35
7 9
6 90
6 24
1 5
4 61
2 36
9 34
3 95
10 1
2 42
5 38
3 93
10 58
4 37
8 11
6 50
3 56
6 26
10 95
9 23
3 82
2 13
9 84
10 35
7 94
1 80
5 47
4 66
9 20
1 67
1 32
5 92
5 84
9 51
3 99
1 8
1 86
10 32
2 91
9 67
1 3
10 84
10 98
10 83
2 75
5 88
5 66
1 23
8 71
8 36
4 63
8 7
2 17
7 44
5 35
9 70
4 92
7 63
4 80
10 14
9 99
8 16
4 82
2 75
5 55
3 81
7 80
10 25
5 91
2 1
2 81
3 13
9 81
5 31
5 72
3 85
3 36
5 11
7 46
9 57
5 5
4 34
3 76
7 94
6 84
3 59
7 12
1 55
1 58
3 54
9 71
5 12
6 66
6 49
9 37
5 29
9 73
9 19
7 54
1 53
4 84
6 39
6 85
6 34
3 74
7 51
10 88
6 12
10 9
9 99
10 68
6 91
2 63
7 64
9 100
6 20
10 59
8 99
3 30
6 27
10 15
7 26
8 39
2 13
4 52
7 91
2 42
4 38
10 15
7 2
2 70
2 20
7 96
6 97
2 66
8 57
5 23
9 71
3 81
5 27
10 5
3 7
7 52
8 3
10 73
5 72
6 48
9 56
2 85
4 24
3 47
7 10
3 56
2 34
5 49
7 1
5 74
7 6
5 77
3 85
3 41
5 25
3 35
9 86
