8 56
3 60
7 35
1 68
10 8
1 85
10 14
8 67
7 63
4 20
7 87
9 35
9 71
2 28
3 22
8 42
4 15
4 36
3 2
10 65
10 100
10 6
1 94
1 75
5 13
8 63
3 50
6 56
6 93
4 3
6 84
1 100
6 74
4 91
9 25
4 27
10 25
6 56
7 83
10 96
6 39
5 50
2 18
1 97
5 87
4 12
2 12
4 75
1 54
3 93
1 27
5 87
2 49
3 18
10 80
6 81
3 11
9 31
8 99
1 1
9 41
1 63
7 3
5 10
6 67
9 38
8 81
5 53
4 50
9 84
2 81
6 40
3 82
6 62
6 34
3 49
1 59
3 49
7 36
3 98
9 25
3 2
2 65
3 12
7 17
9 50
1 15
6 98
2 99
9 73
6 18
8 4
5 60
8 53
6 72
6 46
1 16
9 49
1 30
8 9
8 34
6 76
3 21
2 58
8 92
1 77
8 91
6 8
9 18
7 42
6 86
2 28
4 19
7 84
9 37
6 99
8 78
6 2
8 32
5 5
4 76
10 67
6 66
3 2
8 28
2 90
5 42
1 10
7 84
6 57
1 9
1 15
1 86
7 25
8 7
8 7
9 6
8 49
8 15
10 89
1 97
4 93
5 53
7 28
6 85
9 86
4 95
6 93
10 61
4 76
9 59
5 75
10 64
2 25
10 64
10 51
1 58
5 81
5 10
10 91
2 76
6 6
8 61
10 81
2 90
4 75
1 19
2 18
4 88
6 66
10 96
3 33
1 87
5 55
5 22
3 83
9 27
7 45
1 42
10 58
2 29
5 70
6 71
2 92
3 80
8 5
2 92
9 70
5 17
5 60
6 64
2 84
8 35
9 87
10 59
8 25
2 93
9 9
5 16
8 13
9 70
5 96
8 94
5 76
1 78
1 75
10 41
10 97
9 17
4 1
10 3
4 57
1 88
3 52
10 41
3 44
7 3
8 4
4 57
6 88
4 19
2 92
6 3
8 3
7 71
7 1
7 83
1 79
5 12
5 52
2 34
3 13
4 71
9 74
5 70
10 21
1 31
5 27
4 85
2 97
1 70
8 37
8 10
4 67
3 75
3 39
5 56
2 54
1 78
6 5
1 12
6 69
7 60
6 4
7 84
3 76
4 26
7 64
2 8
7 45
6 51
4 23
2 87
1 17
6 60
8 9
9 92
5 61
6 61
1 7
2 74
8 100
3 82
3 78
5 90
2 76
7 49
7 39
3 54
1 54
4 60
5 2
1 1
1 36
5 1
2 9
7 55
3 97
3 36
1 47
2 59
1 5
3 5
8 19
8 69
1 90
3 92
6 4
2 63
4 11
7 22
6 9
9 38
10 50
3 83
7 48
5 100
10 27
10 55
3 55
9 56
3 49
9 82
7 4
4 3
3 14
7 14
4 6
3 67
6 28
4 74
7 7
10 28
7 15
10 35
4 44
9 84
3 23
9 8
10 40
6 48
9 56
9 67
6 38
9 67
4 98
9 38
2 38
4 63
1 33
8 81
8 9
9 85
7 51
7 32
4 46
3 3
2 35
9 43
8 41
1 97
4 81
2 80
10 44
5 6
1 44
4 36
6 61
10 85
6 38
7 43
2 65
9 63
1 20
6 67
5 69
7 9
7 25
4 42
10 1
10 44
7 57
6 14
10 6
7 23
1 28
8 94
10 17
6 5
1 6
6 31
7 15
3 28
3 1
1 21
10 17
3 18
1 32
1 77
4 55
10 20
3 20
5 99
8 2
4 95
10 19
9 27
4 76
8 34
2 46
8 81
8 84
10 7
5 48
3 7
1 48
5 94
5 55
1 3
3 45
5 88
6 31
9 99
7 39
3 53
2 72
3 14
5 27
7 79
1 10
9 2
6 98
10 89
5 13
1 70
5 72
9 57
4 24
10 54
7 12
10 15
1 99
1 8
4 8
10 11
7 42
2 11
1 71
6 12
7 1
9 7
4 97
4 40
3 64
3 54
2 3
8 20
7 22
7 59
9 45
9 15
2 83
1 94
10 97
8 75
1 8
9 100
1 19
10 81
5 31
10 78
4 32
4 11
8 81
2 38
2 69
7 1
3 22
2 23
5 23
8 26
4 93
6 100
1 46
7 83
5 3
7 41
8 56
6 64
4 98
4 67
2 32
6 35
6 23
9 6
9 33
5 82
7 25
8 90
4 62
8 6
4 94
3 100
6 29
7 80
5 63
5 76
3 38
3 25
3 1
9 47
9 83
3 3
5 32
7 56
8 39
4 39
8 8
4 68
3 65
5 90
4 56
2 87
5 44
6 74
3 29
3 42
7 29
2 24
10 82
4 68
2 90
1 89
7 30
3 51
6 91
2 79
3 51
6 14
9 48
1 46
9 7
8 54
3 72
6 37
2 86
5 35
8 97
6 72
10 92
10 98
8 3
8 10
1 10
7 58
4 8
9 50
4 46
9 17
3 18
3 47
1 81
3 69
4 46
5 17
2 26
4 45
6 9
7 55
9 17
7 67
2 15
2 89
4 79
9 77
6 85
2 13
9 70
3 2
4 48
7 47
1 43
1 88
9 37
9 59
5 93
3 5
3 25
1 27
3 89
7 11
9 84
1 99
10 66
4 38
10 95
4 3
1 4
6 23
4 12
10 29
5 98
6 92
6 94
9 77
6 94
9 92
4 31
1 2
3 77
8 49
8 56
3 80
3 97
2 9
4 1
8 18
4 32
9 16
9 10
6 47
2 8
1 6
2 6
3 14
10 94
5 91
6 73
8 63
4 21
8 40
10 47
3 45
9 98
2 17
6 30
4 3
7 27
8 90
1 90
5 81
4 26
2 87
8 83
9 19
7 89
3 58
10 100
1 38
6 33
8 10
6 68
5 15
5 20
10 68
5 77
4 65
4 97
10 75
8 47
10 84
2 56
2 13
1 40
8 38
4 1
9 69
2 94
7 43
1 51
10 40
1 29
4 58
8 71
2 53
4 92
1 31
9 43
6 59
4 53
4 100
4 85
2 52
2 67
8 10
6 52
4 98
5 17
1 27
9 91
3 15
2 30
10 95
9 26
4 1
10 48
5 65
10 10
3 84
4 47
6 40
7 82
1 69
4 37
7 24
10 65
5 23
9 29
5 8
9 13
5 96
10 34
1 4
4 63
1 86
1 83
3 98
2 2
3 99
5 65
2 90
3 59
10 58
7 62
4 39
9 3
10 26
1 6
1 89
3 38
5 12
5 65
9 15
5 99
9 14
4 54
9 52
10 59
5 36
4 51
8 76
7 77
8 36
4 84
9 9
4 68
6 75
9 43
7 60
1 2
2 56
1 34
8 15
6 29
7 25
3 54
3 78
3 58
3 57
4 92
4 79
3 60
8 91
10 67
8 8
3 59
9 23
6 95
6 65
5 31
1 41
1 42
10 17
3 67
4 39
4 78
7 8
9 48
1 56
7 7
10 35
5 18
5 16
2 56
10 61
2 3
5 92
10 3
7 89
7 100
9 89
4 98
6 35
9 89
4 41
1 14
4 66
5 46
9 83
3 1
4 73
10 5
2 46
4 57
2 63
2 89
3 10
7 13
6 20
9 2
6 68
3 33
10 20
7 11
6 92
5 74
2 17
1 39
5 15
7 44
8 47
9 93
4 84
9 34
2 52
3 92
5 60
10 74
3 74
1 19
9 43
10 31
6 1
2 27
5 34
4 65
1 44
1 68
1 37
2 96
8 59
4 51
1 72
7 26
9 43
5 88
9 88
2 60
7 58
3 53
10 85
4 98
8 90
4 24
5 67
9 5
10 75
7 7
5 38
9 86
3 43
6 75
2 67
9 42
4 68
3 34
5 94
7 21
10 53
4 3
7 100
10 9
4 42
2 51
10 52
8 33
7 87
5 31
7 4
2 84
2 98
3 46
6 34
5 57
9 30
1 94
6 57
6 62
10 36
1 20
1 23
9 3
7 34
10 69
8 90
9 58
6 28
3 13
10 5
3 34
5 69
4 28
1 50
6 21
9 36
9 33
2 63
8 20
3 29
3 9
6 47
6 4
10 74
7 70
8 7
3 44
6 53
10 10
5 35
6 87
6 78
1 55
8 28
9 32
3 75
4 66
7 33
10 74
6 17
8 2
1 48
9 3
4 94
2 4
1 96
4 87
7 91
6 58
3 14
7 40
7 52
1 49
10 65
5 56
6 69
3 69
8 44
5 32
3 81
3 49
4 96
10 69
6 78
8 49
1 9
7 46
7 89
2 30
1 91
9 99
5 97
8 22
3 11
9 82
9 13
2 46
1 97
7 73
3 59
5 21
3 81
1 80
7 53
8 72
9 76
8 34
8 33
6 38
9 29
3 69
10 66
10 79
3 42
8 71
5 39
10 42
9 89
1 57
5 53
8 44
4 34
10 80
5 49
4 44
6 25
10 69
6 93
4 31
1 74
1 80
4 62
10 83
5 67
4 13
5 24
6 78
9 81
5 87
7 15
4 85
