9 59
10 72
2 66
9 9
3 97
4 49
9 44
2 18
1 6
1 12
10 2
4 21
2 29
4 31
4 9
7 17
3 15
2 99
7 31
2 34
9 70
5 20
3 49
10 64
6 55
9 31
7 75
9 79
5 29
8 37
3 92
8 91
10 39
8 19
2 1
9 63
8 46
6 77
2 27
10 19
9 61
5 25
3 7
5 56
4 15
4 79
5 28
6 24
8 89
9 88
7 37
6 12
10 98
3 97
4 24
10 31
9 93
8 50
3 55
7 17
4 86
7 77
6 7
3 71
5 14
1 2
9 38
9 8
2 26
8 99
5 20
1 27
8 25
10 47
2 98
9 53
2 80
4 72
2 100
3 53
10 90
2 6
8 44
3 44
4 62
10 63
4 58
6 20
10 94
2 58
6 37
6 78
6 23
9 42
6 48
8 62
8 41
3 38
1 84
10 11
10 54
4 97
1 50
5 93
6 40
4 53
10 39
5 85
8 36
4 93
6 85
10 37
2 55
1 72
6 97
5 54
7 46
5 1
5 80
7 75
9 3
8 47
5 36
10 33
7 32
6 92
9 42
6 31
4 36
2 87
9 39
1 25
7 61
10 27
3 90
8 46
8 26
9 28
7 61
8 35
2 89
2 15
2 48
5 88
7 36
8 91
5 11
2 39
5 69
4 32
7 81
8 38
2 3
8 80
3 57
3 43
8 20
2 54
7 78
6 47
3 46
5 69
4 25
8 93
9 4
3 31
3 91
5 66
3 33
9 71
1 65
6 5
8 57
4 41
6 57
3 29
10 52
8 95
5 80
4 43
10 36
8 99
5 59
10 51
9 15
2 78
6 56
8 96
10 32
7 8
3 56
10 29
1 52
6 99
3 4
7 73
10 55
1 10
3 74
10 76
7 6
10 24
4 58
3 12
2 24
3 88
10 83
2 17
6 88
5 63
4 77
9 82
8 50
6 84
9 59
2 86
6 75
5 20
4 20
7 43
3 67
6 88
3 35
9 63
7 34
5 77
3 89
7 70
7 81
5 19
3 82
9 57
1 4
2 100
4 21
1 39
1 48
9 8
2 27
2 43
7 15
5 100
9 53
4 91
2 36
7 76
1 84
9 80
8 98
5 16
4 14
10 73
7 30
5 36
9 84
4 74
3 75
9 1
4 39
8 91
6 7
9 12
1 41
3 4
8 89
8 34
8 74
10 52
9 22
4 28
6 37
7 96
8 10
5 10
8 46
5 70
6 26
5 54
7 63
9 85
5 97
2 79
8 77
8 61
4 69
4 80
10 90
4 25
1 68
7 29
7 35
2 98
7 33
4 66
7 89
6 14
8 34
8 40
8 20
2 12
8 73
2 13
2 16
3 76
8 61
3 12
7 9
8 69
3 3
4 80
8 44
7 32
5 16
8 68
2 43
9 16
2 51
8 74
6 78
3 66
4 93
9 13
9 56
9 35
10 58
5 96
8 66
10 79
7 22
8 87
5 80
4 34
9 87
4 78
3 17
2 34
3 47
3 95
8 1
6 34
9 20
8 11
8 22
6 46
9 62
7 93
7 17
1 22
8 33
5 39
1 8
2 46
8 37
4 46
6 83
5 64
6 75
1 55
4 65
3 90
4 30
3 78
1 18
7 19
10 33
6 21
6 12
7 63
10 29
1 39
10 31
4 33
9 65
1 18
7 22
9 3
3 76
2 78
1 22
2 38
4 98
5 82
7 63
6 44
6 64
9 64
1 44
1 7
1 79
4 79
7 54
6 56
9 14
9 54
1 1
4 34
1 78
6 7
4 24
3 63
8 59
5 15
3 79
3 44
2 1
4 70
4 88
10 2
5 41
5 93
4 92
8 29
10 63
6 61
2 20
2 61
1 100
4 14
5 91
3 64
1 31
4 55
4 36
1 33
2 57
10 47
4 38
7 21
2 67
2 35
1 26
3 9
6 32
6 23
9 12
4 68
3 17
1 78
3 51
2 52
9 22
6 92
2 99
10 42
10 88
9 29
1 63
7 64
10 23
8 45
3 75
3 36
7 83
9 96
9 12
8 68
8 36
6 8
1 84
1 53
7 68
6 51
8 29
9 82
3 77
4 17
1 87
6 16
7 85
10 4
10 48
6 33
6 99
2 63
5 80
2 98
4 57
10 77
10 35
10 15
9 29
6 41
3 4
2 99
3 78
1 77
6 10
8 10
3 91
6 38
2 88
8 21
10 36
3 23
5 74
10 74
9 89
5 15
7 31
3 54
4 28
8 29
1 2
10 36
2 83
5 55
10 23
4 9
5 9
7 54
5 21
1 31
4 8
9 81
9 87
2 64
3 1
4 96
9 69
10 19
5 69
6 80
5 78
7 7
4 28
10 41
5 89
6 84
9 41
9 97
1 77
8 39
1 18
9 92
10 14
5 14
3 27
3 96
1 20
7 38
2 48
8 28
7 20
10 91
7 61
5 14
1 56
7 88
9 44
1 30
2 2
4 50
10 62
2 47
4 33
8 99
10 83
3 63
10 45
10 1
2 89
9 61
3 65
4 10
5 21
7 27
10 36
8 38
1 63
6 85
10 42
7 82
6 56
9 30
8 18
6 29
2 71
4 28
9 51
7 83
1 42
2 14
10 44
6 3
10 40
9 19
7 94
8 47
10 74
3 93
1 63
10 84
4 4
1 16
9 58
2 48
10 43
2 83
5 75
4 81
10 42
10 51
6 62
6 29
9 59
1 53
4 16
7 50
3 88
10 54
9 63
3 68
9 56
1 82
5 52
8 72
6 1
8 95
8 13
2 45
9 13
1 52
1 70
4 6
2 67
9 29
3 65
6 28
7 76
10 27
7 40
10 51
9 93
6 14
9 95
10 94
6 29
10 8
3 45
7 9
9 69
9 25
8 41
1 56
6 81
5 18
3 18
3 59
6 29
5 88
8 81
9 57
3 19
1 28
3 39
8 15
3 17
2 98
10 30
9 20
1 22
10 100
3 27
8 31
8 35
6 65
4 2
9 14
9 31
8 56
1 58
6 3
7 53
5 84
4 8
1 19
5 22
6 72
1 1
6 64
4 82
4 30
7 63
5 36
8 1
3 72
1 86
6 54
4 68
10 8
4 28
1 54
9 83
10 89
4 87
1 10
4 17
2 57
4 15
8 5
3 33
2 89
5 22
2 20
6 57
5 72
7 49
7 60
5 59
8 25
3 6
5 77
2 6
1 92
7 46
4 74
10 59
6 73
7 6
9 48
4 33
7 94
3 40
3 46
1 43
10 4
9 41
7 92
5 7
9 58
10 49
1 78
6 38
8 22
5 43
2 55
6 45
3 25
2 4
7 96
4 95
3 4
7 53
10 23
1 17
3 31
7 91
4 83
8 32
4 87
3 16
9 96
7 75
9 65
8 61
5 57
9 19
3 86
3 12
1 32
6 48
5 15
8 61
10 81
7 67
2 20
5 70
6 41
10 36
3 70
7 68
6 62
1 19
4 51
3 25
6 49
3 28
5 70
3 70
5 30
3 77
5 73
3 68
2 83
10 96
4 41
9 8
5 23
1 67
10 98
3 29
9 3
8 29
10 37
4 90
6 28
5 20
2 59
10 6
10 81
2 47
8 8
8 22
2 15
2 7
9 19
8 55
1 33
6 59
9 74
7 38
9 95
6 45
9 8
1 41
2 1
4 13
8 57
6 5
9 91
3 10
2 14
1 28
7 88
10 10
6 83
4 33
5 29
7 24
4 14
6 33
3 60
7 41
6 35
5 1
4 11
6 14
2 23
4 11
5 48
5 89
1 59
1 36
3 28
10 29
7 48
2 12
10 30
9 37
4 66
10 51
1 30
3 17
10 83
10 24
9 64
4 22
5 14
2 70
5 32
9 80
5 14
7 88
1 10
7 31
9 38
2 3
10 37
1 13
5 48
9 4
6 1
8 39
6 84
2 52
6 79
9 77
1 52
4 57
6 89
8 49
9 31
1 3
4 96
8 16
9 44
9 50
3 91
2 22
7 62
9 100
6 83
7 32
7 46
3 86
2 22
9 53
3 54
4 33
1 62
7 43
10 38
1 98
5 9
5 5
8 98
8 41
1 80
10 52
9 93
3 39
2 38
2 24
4 97
8 53
10 12
2 30
7 66
7 41
2 4
8 13
7 2
3 52
10 43
5 83
6 83
4 4
6 57
8 50
10 90
7 34
6 93
8 89
4 16
10 35
8 84
10 62
1 45
1 60
6 8
2 19
4 42
6 55
3 58
4 27
9 96
2 80
7 7
9 80
7 36
6 62
10 32
6 16
4 7
2 54
6 79
1 50
9 69
7 77
9 39
7 23
9 47
1 8
6 8
2 51
9 63
3 29
3 65
1 23
1 92
5 20
10 39
5 94
8 100
9 28
4 29
10 6
5 15
4 73
7 68
6 46
10 76
1 5
9 66
10 75
8 84
3 97
2 93
3 48
6 67
8 67
10 63
8 84
2 77
3 15
7 28
6 88
2 54
8 72
4 81
