10 42
1 19
7 1
1 79
9 35
1 66
3 34
8 82
10 83
9 94
7 70
9 50
4 18
5 53
1 96
2 29
5 16
5 13
6 12
8 4
5 70
2 10
9 65
6 57
3 4
10 66
1 91
2 94
9 43
2 29
4 48
4 94
7 45
8 92
8 93
1 60
3 61
6 35
9 19
4 33
1 50
5 41
3 64
3 88
5 89
7 5
3 45
3 53
7 57
5 100
5 30
7 88
2 32
6 47
9 59
6 89
1 61
6 80
9 12
6 3
4 73
1 89
4 46
1 39
6 92
5 98
7 86
1 92
9 67
8 97
5 90
4 93
1 49
2 41
9 99
3 36
3 56
9 93
4 35
10 71
5 18
2 96
2 90
8 31
10 62
4 73
3 75
7 7
6 94
3 70
5 58
2 39
4 48
1 86
2 81
6 66
7 79
9 64
2 68
2 6
7 20
9 51
4 83
6 73
5 20
4 6
3 88
8 15
2 38
3 22
10 43
5 12
3 31
10 97
8 32
9 13
9 87
2 75
6 65
5 39
3 34
4 37
3 42
4 85
5 58
1 15
3 70
1 61
2 25
9 3
7 77
5 95
1 41
9 53
10 69
2 87
4 10
5 59
2 43
10 25
4 32
4 28
5 5
7 16
7 15
3 98
3 23
9 45
10 16
8 34
10 8
8 19
8 34
7 28
2 51
4 62
2 4
7 17
5 84
10 14
2 67
5 78
9 75
4 31
4 26
5 37
7 77
6 3
10 32
8 92
6 27
7 57
2 49
6 91
5 76
8 62
10 51
5 44
6 72
3 56
6 36
7 74
1 92
2 5
9 14
3 84
8 67
6 78
5 69
5 64
2 32
3 77
5 65
3 99
2 94
8 45
2 74
1 81
2 94
7 87
1 21
7 59
3 57
2 68
4 15
1 50
4 77
10 59
8 62
10 6
10 38
9 13
7 88
1 26
4 91
8 17
10 57
8 48
3 43
5 64
8 98
2 16
9 50
6 88
9 6
2 19
6 75
7 70
7 98
1 77
9 34
3 57
5 82
10 1
7 65
9 97
7 31
8 49
7 36
2 95
5 17
1 61
2 26
7 42
3 92
4 11
5 39
7 25
5 16
9 42
6 62
9 49
2 99
8 36
10 57
2 5
7 51
6 97
2 38
4 41
10 22
7 22
10 86
4 69
1 71
4 61
2 34
4 82
5 12
7 82
6 56
8 5
4 79
10 33
10 68
8 4
3 87
8 20
10 48
8 54
1 3
2 91
3 86
6 32
3 95
9 24
1 74
1 96
3 3
9 23
1 59
1 15
3 69
3 92
5 69
1 100
6 55
7 93
7 29
3 92
9 8
10 55
5 82
6 98
1 94
1 49
9 87
8 58
3 94
6 26
9 16
9 55
2 9
6 34
7 91
6 74
4 47
1 10
10 53
3 58
1 83
10 57
4 49
2 100
10 32
2 79
4 21
4 46
10 31
5 42
2 61
4 74
8 71
7 56
1 97
3 49
8 52
7 66
2 64
1 10
7 25
8 41
2 4
3 34
10 19
10 25
7 91
10 91
2 34
8 51
6 73
2 79
1 27
3 80
6 68
3 95
3 82
8 34
2 98
7 87
3 7
8 87
1 52
10 62
5 63
8 47
8 62
10 95
10 5
8 92
6 74
5 88
2 11
4 41
10 31
4 48
4 64
9 57
2 40
8 22
10 53
8 10
5 91
7 30
1 74
7 4
8 78
8 45
9 80
1 77
1 14
8 2
4 46
8 45
2 55
9 32
6 78
6 5
2 37
1 60
9 14
10 34
2 75
8 34
4 5
4 17
9 15
4 4
7 1
1 93
9 42
4 12
10 24
10 77
5 59
4 52
4 53
3 1
2 21
6 6
8 42
9 62
7 55
5 71
1 21
4 80
10 5
5 62
9 36
1 97
7 89
9 23
8 79
3 9
1 12
9 94
4 22
2 61
5 1
8 39
3 50
4 22
9 74
7 37
8 58
9 65
9 60
3 25
6 36
4 82
5 57
1 81
8 79
1 67
1 85
9 68
4 35
10 91
3 16
5 97
4 86
2 33
3 51
9 13
4 11
5 56
7 4
10 28
1 71
1 94
9 76
4 85
2 90
4 11
8 72
10 68
2 40
8 13
9 99
7 80
5 54
4 8
1 24
9 99
1 100
9 32
6 9
4 62
7 49
2 43
3 4
5 80
3 16
5 22
9 99
7 62
8 43
3 24
6 53
7 41
10 72
1 36
9 73
2 77
6 78
7 30
6 24
5 22
8 30
3 6
3 55
4 38
4 28
3 2
6 79
2 83
5 12
1 78
8 31
4 64
8 31
9 32
7 62
7 53
2 81
1 7
3 32
8 21
10 79
9 9
7 99
9 65
3 56
2 95
7 60
5 52
4 65
9 85
8 33
10 50
5 15
5 4
5 49
6 7
1 53
3 13
3 1
1 6
1 56
6 69
3 95
5 40
4 4
7 37
3 46
1 9
2 42
3 89
9 79
1 79
4 18
9 66
6 32
8 99
6 16
7 22
7 56
1 61
5 96
3 64
8 91
7 21
1 28
8 34
5 81
1 90
10 54
2 69
10 4
8 80
7 32
2 93
9 36
6 27
3 77
6 10
1 88
1 63
3 19
6 36
4 3
9 67
8 45
4 28
5 54
2 84
1 72
6 22
6 66
4 65
4 95
3 56
4 12
1 15
8 88
5 93
3 14
3 4
7 59
1 61
9 57
7 84
3 3
9 17
5 26
7 40
3 62
4 65
9 11
10 84
1 95
9 79
4 37
3 50
8 67
4 31
8 9
9 8
4 59
3 82
6 17
4 16
4 38
7 9
8 26
3 51
7 36
6 73
10 37
10 64
10 59
8 22
3 35
1 83
10 6
3 85
4 6
8 96
9 78
9 72
5 48
6 92
9 11
6 7
9 1
9 96
6 81
3 66
9 86
10 10
6 58
9 15
5 10
5 13
9 24
4 74
5 1
1 2
4 100
2 77
6 73
7 35
8 71
3 43
10 3
2 33
4 73
6 47
6 64
6 47
3 2
8 35
8 46
3 10
9 91
6 83
7 22
5 100
7 87
7 34
1 69
3 67
7 8
10 1
9 81
9 29
10 13
6 52
7 50
3 88
9 11
2 78
9 23
2 33
9 18
1 57
1 44
2 21
3 15
1 37
7 32
1 88
7 37
3 16
4 62
6 95
5 90
8 12
8 81
1 31
6 85
7 6
2 9
8 3
7 22
3 11
8 33
1 32
7 74
3 47
8 25
6 28
4 38
3 59
6 99
5 1
1 18
3 52
9 72
3 92
3 77
6 19
6 45
1 64
9 100
2 17
5 32
9 2
1 25
4 26
3 46
8 81
6 6
7 19
10 7
7 17
7 16
9 34
1 27
7 85
7 55
9 42
2 18
6 47
7 81
1 41
1 29
1 92
3 40
7 71
9 33
3 22
2 43
5 98
3 60
2 43
2 7
8 2
2 99
4 52
6 35
9 40
4 100
1 73
5 86
3 9
6 55
6 18
4 45
1 57
6 75
3 49
2 44
7 42
1 56
5 12
7 31
8 12
2 28
6 65
5 59
7 95
3 91
5 66
3 60
5 38
2 92
8 56
2 85
3 96
1 4
1 17
10 77
2 59
7 48
2 4
2 26
9 23
4 92
8 73
6 70
8 77
7 68
2 100
8 20
5 2
6 43
5 64
2 37
4 59
1 28
6 97
1 5
3 28
9 11
9 100
6 24
4 95
6 10
8 96
5 83
5 71
8 38
8 1
7 79
8 99
5 73
7 21
9 86
3 86
4 83
3 63
5 15
9 58
9 95
10 61
3 44
7 55
9 33
5 19
8 43
3 39
1 26
8 96
3 74
2 97
5 57
7 6
5 33
2 60
3 94
4 78
1 17
2 34
5 14
6 75
4 48
10 75
4 68
5 29
7 74
2 78
4 36
2 60
1 99
2 63
10 27
1 44
5 23
10 77
7 75
1 32
10 28
2 79
4 26
4 93
2 64
3 15
3 12
4 30
1 93
1 25
9 55
6 63
6 98
6 86
2 92
3 15
4 1
10 56
10 13
8 12
4 9
8 38
10 62
3 63
1 79
5 89
4 37
9 11
7 94
8 67
10 32
1 28
4 68
1 21
10 72
9 37
4 9
2 57
9 97
5 96
6 36
5 48
6 18
5 3
7 51
8 31
10 67
9 10
5 54
9 17
7 75
6 45
1 92
9 14
5 66
9 93
8 6
9 76
10 97
3 36
9 45
3 54
7 2
4 82
6 57
2 58
4 63
2 100
7 33
9 1
10 64
4 89
8 20
8 35
4 75
9 29
10 19
8 4
1 80
1 88
9 70
8 67
5 79
1 1
3 38
8 84
5 83
5 53
6 89
4 59
9 63
5 87
7 27
1 46
1 46
1 28
8 85
7 37
8 12
4 49
7 73
7 64
7 44
5 89
4 15
3 38
6 85
6 18
