7 91
7 82
9 97
6 73
4 12
8 74
1 81
4 26
2 12
6 61
10 67
8 30
6 73
10 59
3 90
5 74
8 88
9 6
1 58
4 13
6 13
6 10
8 65
8 34
2 69
6 40
10 56
3 23
4 28
1 29
1 72
7 77
4 82
1 77
7 35
1 55
4 63
5 38
1 34
10 37
4 74
7 20
5 90
1 71
5 10
9 97
1 20
5 25
4 77
6 15
1 47
9 42
3 8
6 94
10 87
3 87
7 9
7 98
5 85
8 82
2 25
4 86
7 15
6 10
6 89
8 73
1 54
1 43
8 54
6 39
10 96
4 12
8 42
2 20
10 1
3 94
3 32
4 50
1 8
10 71
7 38
7 70
1 93
2 82
9 34
10 7
4 58
3 27
2 31
2 56
8 28
3 17
10 51
2 72
8 20
5 53
6 20
3 1
5 75
10 38
3 80
8 48
2 52
3 53
8 7
2 1
8 71
4 75
2 37
5 53
6 74
10 64
2 55
3 44
1 61
9 60
10 44
7 29
3 39
1 73
1 1
5 79
5 40
7 70
8 28
4 99
6 10
8 12
1 10
2 70
6 42
10 100
1 34
3 94
9 66
3 45
6 15
7 26
3 62
3 28
7 14
6 56
6 45
8 36
7 51
6 88
8 99
4 13
5 14
2 47
1 61
5 15
9 67
2 62
1 66
4 29
5 68
1 78
9 98
2 60
3 20
2 80
2 66
9 40
1 40
5 60
1 33
2 27
5 95
9 24
6 99
10 15
5 58
7 67
5 74
10 61
8 34
4 99
10 22
7 76
10 23
9 46
6 14
5 78
8 69
6 6
2 33
4 16
7 65
5 38
6 16
9 87
1 13
8 54
7 84
1 51
1 49
2 67
2 94
2 88
5 82
5 70
4 81
7 92
10 83
1 80
6 56
3 98
9 41
9 8
1 87
10 35
7 36
10 25
3 79
7 92
10 94
9 27
6 7
5 64
8 32
7 83
9 39
3 9
6 34
10 29
9 12
7 40
2 22
4 3
1 5
9 16
2 81
7 65
6 9
2 52
4 50
8 36
3 84
4 65
6 56
9 37
4 45
4 35
4 93
2 53
8 95
1 21
6 67
9 16
2 41
7 84
7 80
10 44
8 96
8 98
2 99
6 9
10 89
7 16
6 82
8 24
4 25
2 66
3 8
7 21
7 43
9 91
8 13
3 22
8 86
8 15
3 83
2 87
8 53
3 15
4 17
1 54
7 68
4 13
4 87
2 66
7 70
5 74
6 19
7 2
5 54
10 57
2 3
3 29
9 4
9 3
4 26
2 16
9 63
3 35
6 26
1 29
3 42
1 16
4 68
2 72
3 45
3 92
5 77
9 82
7 39
8 37
7 97
9 95
4 2
10 11
2 71
8 5
1 80
1 55
1 10
8 20
10 26
5 87
1 91
5 82
6 61
10 56
1 58
6 74
5 46
6 98
5 20
3 22
6 3
10 56
8 27
2 27
2 30
3 7
1 55
6 85
1 94
9 98
9 48
6 49
10 3
8 68
10 35
1 100
10 28
9 54
2 8
10 91
8 8
4 35
4 91
6 67
9 91
4 96
10 13
9 28
6 39
8 72
10 49
10 55
4 26
10 79
5 41
8 18
10 32
4 48
8 48
9 64
2 23
8 29
7 31
7 56
3 64
10 87
10 58
8 24
2 33
5 16
9 22
10 91
3 71
2 22
5 46
5 85
4 30
3 55
5 32
1 95
2 30
9 21
6 2
4 6
8 14
4 84
1 95
1 98
1 16
8 73
10 33
5 85
1 41
5 39
1 38
4 55
5 4
8 13
3 81
8 68
6 24
1 65
7 40
4 3
1 80
2 36
2 85
4 56
10 60
1 80
2 46
6 47
7 78
9 88
9 71
4 20
8 36
4 92
9 12
1 55
7 38
7 32
10 18
10 98
7 62
2 83
9 32
3 75
9 33
10 98
5 8
8 46
3 13
10 36
2 13
1 4
4 98
10 72
5 83
1 3
7 67
6 60
3 88
4 71
7 36
8 82
1 87
4 48
7 87
6 63
6 21
10 60
3 17
4 45
9 90
2 51
4 19
10 34
1 62
9 43
3 4
8 61
8 70
4 27
5 99
1 70
10 6
6 50
10 38
5 99
6 46
10 35
1 47
9 95
2 94
1 23
7 4
6 35
9 63
3 4
6 76
7 64
1 38
4 58
1 82
9 50
1 30
5 17
6 23
1 80
7 72
8 48
7 60
7 35
5 4
7 66
6 35
10 58
4 6
3 92
10 96
2 37
9 47
1 7
1 50
6 8
1 40
8 61
9 41
10 14
5 7
2 29
9 19
2 8
6 54
9 4
9 21
4 4
3 89
10 24
2 16
9 57
4 53
8 22
7 14
5 3
4 41
3 65
5 100
2 69
6 94
8 99
5 68
7 37
7 45
3 84
7 10
3 35
7 69
3 15
3 40
10 100
7 42
4 38
6 91
7 98
7 38
9 8
1 93
4 58
2 69
5 4
2 51
10 88
6 10
3 84
9 14
6 14
9 66
5 68
8 39
4 23
8 90
8 30
1 5
9 88
6 37
6 62
5 47
5 10
10 61
8 5
6 56
8 24
9 89
2 92
1 5
5 95
6 66
1 7
6 7
1 74
8 27
2 48
2 63
1 33
1 3
9 43
9 51
4 52
4 27
1 8
1 64
6 31
8 86
3 94
5 23
1 21
2 10
2 73
9 46
4 35
6 26
6 37
4 26
5 79
9 16
8 74
10 88
3 27
3 33
7 40
8 14
9 89
1 42
4 84
6 85
4 6
10 31
4 18
8 50
4 17
9 11
1 73
6 62
10 6
7 73
7 95
8 72
4 45
4 14
8 76
9 23
8 34
2 46
9 84
5 50
7 73
7 94
4 93
5 73
3 41
7 8
1 85
3 7
8 98
8 84
3 10
8 44
9 37
3 50
1 15
8 2
8 24
9 43
5 27
10 30
5 24
7 99
1 60
8 18
5 68
6 82
8 79
8 73
5 57
2 57
5 69
1 99
2 17
4 71
10 81
1 60
7 90
10 38
6 62
1 38
1 90
9 97
9 88
1 89
8 82
8 42
3 19
1 33
4 9
8 31
5 53
1 52
5 52
6 69
7 18
7 37
8 61
6 90
6 15
2 69
3 93
6 48
8 70
4 66
8 60
9 13
7 70
10 89
9 93
8 56
6 49
4 90
4 21
2 63
10 6
2 24
3 6
9 85
5 53
8 52
1 9
4 38
6 48
9 59
2 47
10 35
9 53
10 82
4 65
4 93
10 36
9 83
1 65
6 35
4 68
5 3
4 90
1 86
4 63
10 7
3 16
6 22
1 55
3 20
9 6
10 100
8 5
2 61
7 61
10 19
3 43
3 6
5 36
6 5
2 39
7 88
3 4
9 5
9 100
7 45
1 60
9 71
4 14
2 14
9 15
3 25
6 90
4 93
8 2
10 74
3 40
2 82
2 100
7 51
7 67
6 64
2 78
3 92
9 5
7 67
4 95
8 85
4 45
8 97
10 26
8 91
5 55
9 58
4 72
10 74
3 76
6 41
4 61
9 26
1 52
7 27
9 16
3 63
10 25
9 61
10 29
9 55
10 59
10 96
10 12
1 84
1 91
9 97
3 56
7 84
4 54
8 54
1 55
5 55
6 93
5 9
2 46
8 81
7 24
7 58
7 39
9 3
6 8
4 63
3 8
2 60
9 23
6 9
10 39
10 85
10 89
5 34
6 22
4 22
8 70
10 70
5 6
10 45
5 72
1 12
9 73
6 16
3 43
5 52
2 85
5 65
6 1
5 64
3 77
8 99
9 5
9 100
10 16
10 71
6 33
5 79
8 91
10 1
2 54
9 30
6 37
7 70
1 69
8 5
8 14
4 46
5 5
6 47
1 42
8 17
9 21
8 9
10 73
2 99
4 73
4 7
9 35
1 2
2 29
6 55
9 82
2 32
9 23
3 27
9 48
2 83
9 99
2 8
5 8
3 98
3 78
10 79
7 90
1 31
7 74
4 82
1 77
7 73
3 17
10 77
4 78
8 97
5 59
10 51
7 63
10 86
8 91
6 47
2 91
7 23
1 66
10 37
7 10
7 29
9 29
7 92
5 79
5 47
7 41
2 59
4 16
10 27
4 7
8 7
3 61
4 96
8 31
5 80
1 54
4 100
2 38
9 89
1 8
9 36
5 58
2 74
6 84
6 5
1 38
9 1
5 9
3 15
4 72
2 40
10 57
7 93
10 88
2 51
6 24
5 6
1 12
4 64
4 74
3 60
1 52
1 64
8 67
8 60
4 81
3 36
2 94
6 6
8 52
1 98
4 36
9 71
6 13
3 16
1 88
8 67
3 9
9 33
7 74
5 35
8 30
7 25
3 30
4 10
10 92
1 99
4 24
3 89
9 32
8 50
9 3
3 92
10 18
1 38
3 59
7 100
9 96
1 30
1 13
