6 81
2 12
1 4
5 6
2 26
4 20
3 16
1 52
3 86
2 40
3 68
7 6
7 4
7 70
8 57
3 50
4 33
5 34
5 68
9 90
1 13
7 17
3 90
6 19
5 77
9 80
2 10
3 68
10 41
7 71
4 80
6 15
2 52
3 16
1 81
2 92
4 16
3 92
10 87
6 31
7 13
1 98
10 19
10 72
6 35
7 1
10 31
2 99
8 6
1 12
3 96
6 51
9 95
2 53
1 87
7 40
1 42
7 24
9 88
8 90
2 67
5 31
5 39
5 69
3 95
10 69
1 24
9 93
1 50
9 60
4 100
9 13
6 16
6 33
4 57
2 18
1 41
4 56
10 8
4 30
7 31
6 55
3 41
2 99
2 13
10 46
9 64
6 47
9 70
8 65
7 84
3 3
8 10
5 70
7 4
10 18
1 33
5 58
6 4
5 92
9 47
5 93
10 31
5 45
1 38
7 44
3 32
3 26
10 84
8 36
2 18
10 24
5 43
7 2
6 13
8 21
6 74
7 11
8 36
6 64
5 67
2 98
6 6
5 58
4 16
5 71
7 39
8 53
8 40
7 24
8 35
3 46
4 12
9 91
8 7
8 8
9 36
8 52
7 72
4 72
3 65
2 41
7 61
4 37
4 35
4 62
5 78
3 34
1 98
3 77
6 65
6 1
8 95
9 33
2 38
2 96
7 5
2 12
9 56
3 91
5 17
6 74
7 78
6 75
2 4
5 29
8 37
6 98
8 62
5 68
9 99
5 5
5 99
6 15
6 78
7 80
6 23
9 51
10 16
5 62
2 59
8 19
6 83
7 95
2 18
6 63
6 99
2 16
3 70
2 57
7 30
7 67
8 99
4 9
4 28
8 86
6 1
8 92
6 36
7 10
3 71
9 46
1 18
4 61
2 96
6 12
8 61
4 90
4 62
8 44
2 21
1 81
7 39
9 58
5 91
7 49
7 33
7 87
10 65
1 71
10 43
3 48
9 81
4 94
9 88
5 5
7 43
6 7
4 92
5 95
10 25
6 85
1 96
4 67
3 88
10 31
6 72
2 23
4 58
2 70
8 85
9 58
2 67
10 86
4 42
2 30
1 45
10 37
1 64
10 47
4 58
8 61
10 40
7 99
8 18
8 84
10 28
10 17
2 4
3 24
4 72
4 87
3 88
5 74
5 25
6 82
7 15
9 44
3 13
2 98
10 48
3 97
3 47
1 73
1 50
7 13
7 85
9 62
5 41
8 68
8 34
1 60
8 36
9 1
7 40
5 26
4 89
3 25
9 89
7 98
5 14
4 79
9 3
3 60
5 100
4 66
1 41
6 61
7 100
5 60
5 89
9 10
9 83
8 31
7 33
4 24
10 71
3 24
7 72
6 11
4 70
5 29
7 28
6 1
8 7
2 100
10 11
7 26
5 58
10 92
9 93
8 63
1 42
7 96
5 89
10 9
2 46
10 21
9 85
2 8
10 70
4 26
7 8
7 11
8 77
6 43
8 87
1 68
6 6
9 48
2 63
9 13
9 29
5 17
8 46
8 55
9 8
8 42
9 15
1 11
8 24
2 41
8 28
4 33
8 96
5 60
6 64
6 75
3 29
5 70
9 20
4 49
8 34
2 55
5 11
2 52
8 80
10 58
4 80
2 92
3 10
3 56
10 85
1 99
4 57
3 100
5 35
3 18
4 27
6 94
2 94
2 64
10 72
4 42
8 11
1 88
10 75
8 99
5 81
10 94
8 31
5 26
1 63
6 6
5 100
6 47
2 86
7 21
5 40
5 60
1 81
4 5
1 60
9 18
2 14
6 26
7 59
1 77
6 16
2 21
4 8
4 65
3 24
9 71
1 77
6 52
8 66
9 23
6 96
9 53
5 35
9 37
5 17
2 61
3 30
4 19
4 3
4 37
6 93
4 48
6 98
8 44
6 90
6 23
3 48
10 99
10 16
3 62
8 78
7 81
8 53
7 73
7 66
4 82
3 63
4 29
5 72
1 26
2 61
8 23
4 50
6 21
10 76
6 1
6 86
6 90
10 40
1 1
1 48
10 57
10 51
9 3
4 34
7 15
5 30
5 25
1 33
6 2
8 100
6 38
5 96
2 87
1 89
10 45
4 45
8 34
10 20
1 52
10 21
3 6
4 15
4 64
10 58
5 12
3 53
7 33
3 60
4 77
10 86
9 64
10 62
7 1
3 100
6 86
5 28
8 60
4 74
8 36
3 64
7 80
2 37
8 59
4 7
10 4
7 97
7 46
7 19
5 69
10 2
2 80
1 75
5 9
10 12
10 41
8 8
10 21
3 1
9 22
4 40
2 36
7 12
8 19
9 58
5 59
10 5
7 47
10 83
2 4
1 85
9 87
5 13
5 13
6 37
8 88
8 75
9 16
7 44
8 24
6 78
4 2
10 39
6 33
5 67
7 6
8 78
6 55
2 23
1 41
10 21
10 12
4 81
4 17
6 65
6 23
6 72
8 59
9 82
3 99
4 15
9 35
7 89
6 32
5 15
4 32
2 49
1 86
5 73
3 78
3 15
10 22
4 46
3 2
4 56
6 98
8 84
10 62
1 27
8 17
8 44
5 71
1 29
5 74
10 24
5 33
5 90
8 96
7 91
10 79
8 43
8 17
6 6
1 16
10 83
9 80
6 79
7 30
3 52
3 5
9 45
3 51
1 98
5 61
7 44
10 25
10 92
2 24
8 95
1 9
5 3
5 1
7 55
4 57
5 64
2 85
9 92
1 15
4 54
4 1
3 24
1 64
7 95
2 23
9 98
6 44
8 30
3 90
10 56
10 15
4 84
10 4
5 42
1 71
3 88
5 5
1 88
10 14
4 72
2 70
2 96
5 50
8 59
2 32
4 91
6 76
1 19
9 77
9 2
6 76
1 34
8 35
1 51
6 61
2 51
10 10
1 91
2 31
7 100
5 32
1 23
3 82
8 66
6 36
7 9
5 89
1 98
2 29
9 22
5 14
10 16
1 33
10 15
2 54
9 71
5 65
4 53
9 91
3 17
8 37
3 74
4 79
3 46
3 78
1 63
9 8
7 10
2 1
1 10
6 40
7 29
7 35
4 20
5 4
1 97
7 76
5 86
3 42
8 27
5 14
2 93
3 96
3 91
3 17
8 79
6 100
2 42
2 42
3 28
2 68
7 68
3 42
9 32
1 81
6 13
5 61
4 97
8 94
5 97
8 57
10 15
2 44
3 46
7 6
9 14
10 24
8 2
7 29
7 72
5 6
10 12
4 79
4 57
6 1
9 74
10 77
4 44
9 90
5 45
9 39
6 33
7 8
5 21
9 27
6 83
8 26
4 28
10 53
6 45
8 34
4 8
4 50
6 58
10 30
6 99
4 34
2 22
10 19
5 60
1 39
3 52
4 80
5 65
1 5
7 32
5 85
2 100
4 34
5 91
1 57
8 92
5 17
3 8
4 34
5 51
10 45
10 39
9 58
9 87
6 37
7 18
9 93
10 78
8 43
4 58
3 99
10 8
4 78
1 27
1 77
1 73
9 73
10 93
10 40
4 38
8 44
1 79
8 35
9 90
10 80
1 76
5 64
1 14
1 88
3 88
10 99
7 24
8 60
1 82
6 52
1 85
5 70
9 25
3 35
10 64
5 5
1 91
3 23
6 20
5 63
4 95
6 69
8 62
7 4
8 84
10 32
2 2
1 67
9 25
3 44
8 24
8 62
2 3
3 93
9 96
1 24
4 22
5 51
8 68
10 27
7 42
2 44
9 15
8 8
9 9
6 35
10 70
9 3
6 35
8 29
7 92
7 81
10 7
9 60
10 74
4 16
1 13
8 90
1 29
7 51
8 72
9 56
3 49
4 81
3 51
5 52
6 38
7 16
7 66
5 9
8 64
8 75
6 3
5 84
9 40
1 66
6 59
2 34
10 7
6 42
4 28
10 90
7 3
4 64
1 50
4 13
7 98
6 68
2 87
3 30
9 100
8 92
4 1
3 54
8 22
1 36
1 65
6 55
8 11
2 61
3 27
4 62
1 92
2 52
9 58
7 94
4 33
2 73
5 26
4 91
6 12
9 38
1 50
3 78
10 26
3 63
7 86
9 70
7 90
7 69
9 75
2 82
6 59
3 77
9 47
1 35
1 95
5 4
6 20
3 43
2 96
10 74
3 34
10 17
4 84
2 77
2 27
4 46
8 6
4 24
9 44
2 59
5 8
6 74
2 10
4 20
9 17
4 94
9 51
8 68
3 69
3 71
4 57
8 43
9 38
8 71
2 79
5 82
7 31
10 53
8 77
6 43
8 60
3 76
9 6
8 67
9 59
10 67
5 41
8 49
6 70
7 88
2 27
6 10
7 12
5 63
4 36
5 41
2 51
7 47
9 15
8 66
7 24
9 65
3 40
7 56
7 100
4 5
3 61
7 100
10 19
8 2
3 24
9 69
6 76
6 63
7 52
6 76
2 2
3 69
10 45
2 51
