1 70
3 95
3 80
9 79
4 2
2 63
5 49
1 19
10 95
1 61
6 95
10 59
8 83
2 40
5 92
6 93
8 85
6 35
8 15
2 100
9 25
2 44
6 76
4 73
3 24
6 63
1 35
5 18
4 79
8 34
10 14
6 77
2 76
5 51
9 50
6 47
3 58
3 62
10 28
9 95
10 8
10 6
9 49
10 22
8 94
2 9
6 68
3 74
10 33
5 94
8 24
8 32
1 13
3 72
8 56
6 55
4 98
7 14
4 65
1 68
10 58
4 67
2 56
7 11
2 38
6 13
7 93
1 74
10 14
9 74
6 25
7 82
9 48
5 100
7 73
9 75
4 73
5 50
2 34
6 12
2 21
4 90
8 6
9 46
7 65
9 29
3 49
7 16
8 16
1 2
1 55
1 89
5 52
10 40
5 50
2 74
3 48
4 91
8 3
2 52
1 1
3 67
3 99
3 28
9 95
7 46
4 31
7 27
5 23
8 76
5 53
9 49
10 72
3 10
7 54
5 7
1 20
3 82
8 48
3 90
5 1
5 43
9 92
1 13
7 46
10 26
4 47
3 81
7 77
1 33
8 13
3 56
6 48
4 5
2 74
10 36
10 70
1 85
2 70
10 78
6 33
9 67
8 10
7 13
9 75
10 27
8 88
3 30
8 31
5 64
1 45
9 76
4 78
1 88
1 66
7 91
7 32
8 89
1 49
4 66
2 18
9 8
1 10
5 59
10 71
6 27
5 12
8 7
8 17
9 48
2 83
7 88
8 46
4 74
3 65
1 44
7 82
6 45
2 3
7 61
8 33
10 22
6 3
5 88
6 83
9 29
10 69
6 60
3 57
10 37
8 32
6 50
7 31
1 28
6 80
2 100
3 89
9 13
6 11
7 32
8 40
3 92
9 93
8 40
9 28
10 46
10 98
1 21
7 12
1 23
7 96
5 97
4 43
3 77
1 19
9 43
9 75
5 56
8 55
10 51
3 26
1 13
5 5
8 5
9 63
5 1
5 84
7 32
9 91
9 41
3 99
3 52
6 2
3 73
7 25
5 14
5 52
8 54
7 96
10 25
6 18
3 46
10 79
8 97
7 5
1 44
2 28
9 48
5 31
9 63
8 6
3 97
9 19
10 18
9 32
6 34
5 63
5 38
6 97
6 67
4 64
2 80
5 26
6 75
8 99
4 62
2 75
10 36
8 5
9 95
9 71
1 43
5 80
2 73
2 91
8 15
4 50
9 29
2 27
1 53
2 35
10 42
7 62
7 54
5 23
1 83
10 25
7 61
2 26
10 35
7 56
9 44
2 45
4 17
6 62
10 69
7 41
7 48
10 2
9 28
3 81
8 45
2 81
8 44
8 29
6 37
9 76
3 99
3 35
5 66
3 68
4 59
5 94
4 26
3 68
10 37
10 19
2 61
4 99
2 48
10 93
3 94
9 12
2 48
6 26
2 26
6 23
10 49
5 70
8 14
8 27
1 74
1 72
8 31
2 100
9 64
10 18
10 62
10 28
7 50
8 67
2 35
3 98
10 13
1 4
9 39
7 84
3 19
2 94
2 76
1 31
5 97
4 60
10 25
4 11
1 55
2 23
1 24
1 42
9 39
4 94
7 81
1 2
8 55
4 52
3 66
6 28
9 62
2 38
2 87
6 41
6 84
1 16
5 85
3 78
3 76
8 91
8 16
4 97
6 96
7 49
9 35
9 96
10 44
8 2
7 60
2 78
7 28
4 58
10 10
3 75
6 96
10 78
9 1
3 22
6 79
8 10
10 42
2 46
6 23
7 46
10 13
8 75
5 69
10 19
10 16
5 52
4 47
10 45
9 95
3 60
3 47
3 88
9 67
7 95
7 99
1 72
10 69
9 56
6 92
2 62
5 97
1 41
1 96
7 34
2 73
4 80
5 98
6 81
2 86
10 30
8 91
8 6
9 3
9 44
4 16
1 71
8 83
9 35
1 8
2 94
8 41
4 81
1 32
6 98
8 47
7 19
2 43
1 25
10 49
1 79
2 90
3 69
3 37
9 1
5 71
6 9
10 18
7 3
8 67
10 3
2 87
8 47
6 49
4 57
9 50
5 89
7 46
3 98
10 3
3 68
2 68
2 72
2 28
3 83
2 37
1 68
4 56
7 54
8 15
2 66
2 23
7 83
1 39
1 48
6 9
10 87
6 20
7 88
4 20
4 77
7 27
6 65
2 72
10 38
6 74
3 16
8 54
5 1
3 46
9 64
5 32
3 18
7 95
10 40
6 84
4 23
4 28
1 98
10 94
4 14
1 69
4 43
8 85
3 50
6 27
8 31
5 78
6 38
9 92
2 7
10 14
1 11
8 41
6 94
5 10
10 35
4 41
9 71
4 59
3 26
4 65
6 43
8 1
6 14
2 16
2 53
2 89
1 21
9 34
6 23
7 61
6 27
9 86
5 52
4 96
8 46
1 69
9 57
8 12
4 63
10 54
2 33
9 17
2 40
10 54
4 75
1 61
9 77
2 11
7 69
5 64
8 97
4 47
8 29
7 11
6 72
10 43
5 5
3 10
6 60
6 70
7 20
10 32
5 42
10 21
2 28
3 99
4 43
4 42
6 30
7 62
5 54
1 51
1 7
2 40
2 6
9 61
5 72
7 52
2 1
4 4
1 23
6 81
6 21
1 47
6 94
1 97
1 8
5 90
7 5
8 60
10 89
5 97
9 96
5 79
8 39
2 27
9 19
1 71
6 78
5 69
9 48
4 5
6 18
8 51
7 45
2 29
9 93
3 80
9 8
5 56
10 27
9 55
7 80
9 76
1 95
7 94
4 75
7 52
8 80
5 15
8 16
7 18
7 39
10 26
2 68
5 19
4 61
4 76
4 94
8 91
1 3
4 24
6 17
9 96
5 24
7 81
10 98
5 17
9 30
4 93
8 24
3 45
9 74
9 29
9 5
2 90
1 55
9 27
6 40
9 64
1 87
7 78
5 91
7 13
9 67
9 94
4 40
8 48
5 45
7 11
8 49
10 53
2 18
10 84
3 13
3 88
6 99
5 98
6 39
7 35
1 5
6 56
7 79
5 38
2 31
8 86
7 74
4 14
4 20
7 95
3 76
6 8
6 35
7 100
1 42
1 9
1 85
6 45
8 83
4 34
4 87
4 1
5 88
2 50
7 86
9 24
9 85
6 65
3 52
2 93
4 99
2 37
5 38
4 18
10 30
3 80
8 33
5 77
6 26
3 86
1 71
5 50
1 8
9 69
1 41
1 93
10 56
8 25
7 76
10 31
10 58
2 56
4 94
3 53
8 54
2 29
4 15
10 38
6 73
4 74
2 55
8 52
10 19
10 91
3 16
8 91
5 65
10 22
1 21
4 42
5 86
9 83
2 67
2 79
8 72
5 3
2 4
6 5
6 34
2 38
1 65
9 23
4 68
8 83
1 19
9 100
4 36
6 44
1 79
3 51
10 89
9 92
7 35
7 64
8 71
2 26
9 55
8 94
2 4
10 17
2 35
7 15
1 94
8 56
3 1
2 35
1 11
6 85
4 18
5 11
9 83
1 80
9 43
8 81
10 3
2 90
10 49
2 90
2 25
5 28
2 20
2 74
6 68
4 38
9 25
6 24
1 74
8 94
7 1
5 12
7 2
3 73
2 42
4 58
4 49
6 82
3 33
9 26
4 62
1 44
5 12
4 35
10 28
5 70
1 20
7 43
5 60
7 2
4 5
6 42
10 90
8 84
7 66
3 44
8 19
3 50
9 36
7 10
5 1
2 99
5 60
4 61
9 87
2 33
9 75
1 92
9 64
1 37
2 35
3 27
7 41
1 91
1 1
2 35
6 33
10 77
4 21
5 70
9 70
6 47
4 11
6 17
6 71
1 25
7 90
8 92
8 5
10 85
10 93
4 58
2 68
7 28
8 40
3 12
10 32
1 2
3 66
5 96
4 38
6 64
10 82
6 99
8 95
7 80
1 94
6 29
5 85
2 88
2 73
3 9
4 51
7 68
6 18
10 43
4 19
9 39
10 60
6 64
6 11
8 66
10 12
8 26
7 6
7 14
5 98
8 42
8 9
4 40
3 66
10 75
9 85
6 72
9 82
5 70
3 17
8 44
1 74
8 5
5 41
2 40
1 14
4 14
7 44
10 2
4 43
6 15
8 71
3 5
6 68
3 17
2 56
4 51
6 20
1 23
7 36
6 32
1 98
9 30
10 46
7 78
5 64
2 28
3 26
9 85
3 56
4 79
4 70
5 2
9 31
7 84
1 89
2 61
2 8
7 78
2 48
9 60
8 22
7 46
9 10
1 36
8 9
7 66
5 34
10 73
4 18
5 16
8 17
2 39
4 100
1 73
10 58
8 85
3 59
7 36
6 48
4 10
7 60
1 87
2 79
10 68
5 6
4 54
9 64
6 78
5 41
2 40
5 88
9 99
2 78
3 40
3 18
3 15
6 43
10 97
7 99
4 67
1 58
2 79
