1 32
5 65
5 6
10 60
4 78
7 94
6 25
3 32
6 31
10 83
8 26
6 1
2 92
8 67
3 47
3 36
9 44
7 87
1 50
10 34
4 5
9 45
7 63
4 71
1 99
5 76
2 81
5 51
10 33
3 43
6 60
7 90
8 17
10 69
4 69
3 62
4 74
8 51
7 6
9 97
5 29
8 67
6 89
7 10
8 39
8 5
3 34
6 32
6 58
4 14
4 19
4 20
4 73
1 30
6 86
10 37
7 51
3 35
4 95
7 80
7 64
8 57
4 72
1 75
8 77
4 73
5 45
2 48
1 98
6 61
10 22
7 64
8 67
2 48
6 62
9 62
2 69
4 84
6 39
8 23
8 8
1 5
1 59
1 49
9 9
4 4
9 26
5 74
1 34
8 86
8 38
1 19
4 2
6 64
7 9
9 52
3 88
1 51
10 31
2 48
4 41
7 95
8 3
5 14
8 4
5 73
8 52
9 37
3 71
4 19
9 34
5 89
6 81
10 92
2 60
4 76
1 72
3 31
3 28
7 14
5 30
3 30
8 72
4 89
8 36
7 64
3 97
7 51
4 51
4 45
3 83
5 70
5 96
5 82
3 54
6 3
1 30
7 36
9 20
6 18
7 9
1 15
5 62
3 57
1 50
2 17
4 82
8 94
1 10
2 46
4 44
5 100
10 76
10 62
1 95
2 62
1 82
6 76
2 98
4 36
3 38
9 100
2 93
5 68
4 3
6 74
5 2
6 31
2 82
10 66
1 30
5 86
6 31
8 84
3 100
1 68
6 67
7 86
7 22
10 79
1 89
5 98
2 21
6 4
10 71
1 12
5 91
5 37
1 67
1 89
4 76
10 9
6 65
10 71
2 56
7 100
1 85
4 18
3 52
7 40
4 83
3 22
2 78
8 28
6 40
3 97
1 43
1 58
2 11
9 23
7 52
2 30
7 3
9 2
2 96
3 43
7 33
1 45
2 81
9 47
4 76
10 43
2 40
3 60
5 27
3 35
10 28
7 62
8 30
9 90
3 68
2 21
4 87
8 46
2 11
3 13
9 20
6 19
4 36
5 46
10 3
4 49
7 8
9 96
5 92
9 63
8 92
2 13
8 39
6 80
5 89
10 95
6 17
9 97
8 22
1 5
8 88
2 75
7 62
9 95
9 52
10 4
9 57
9 12
10 34
5 31
3 89
3 77
2 81
9 93
1 83
3 49
6 27
5 60
2 61
9 92
6 85
7 45
10 98
6 86
1 56
8 7
8 55
5 35
8 33
6 92
2 61
6 65
4 38
6 12
7 42
5 27
9 41
9 54
5 64
4 94
4 81
4 64
10 78
6 68
9 57
9 97
5 3
1 94
3 66
4 28
6 87
3 91
4 30
5 75
10 38
1 17
6 97
2 78
9 82
8 40
4 56
6 43
8 42
3 16
7 7
1 22
1 88
3 49
3 6
4 4
5 92
7 70
4 80
9 50
1 67
2 61
8 28
3 100
3 17
8 99
6 61
3 8
6 96
9 73
7 15
3 90
3 19
10 75
3 90
8 10
10 43
1 1
8 44
1 23
7 17
2 54
3 55
5 80
8 27
8 50
10 94
4 72
10 70
2 74
8 75
1 92
2 71
5 76
9 3
1 49
10 80
8 65
2 11
3 12
1 85
6 45
2 27
2 57
3 38
7 7
3 46
3 39
1 29
9 28
1 83
3 84
7 61
1 18
3 11
1 23
4 16
4 6
6 66
3 23
6 42
4 27
4 61
2 87
4 48
3 19
1 6
1 50
6 89
6 91
3 61
1 94
1 49
1 56
5 99
1 6
10 98
8 58
4 14
6 9
10 85
5 69
3 33
2 65
4 67
9 72
9 75
7 47
8 86
3 40
10 33
5 32
3 63
7 76
3 59
7 27
5 75
3 71
8 33
8 75
7 44
4 75
6 27
3 48
2 94
5 50
2 34
4 14
9 88
7 60
6 22
6 43
4 98
10 85
10 96
3 83
9 35
10 66
5 43
1 51
9 50
10 49
10 64
6 9
10 14
4 75
8 96
8 76
7 59
1 63
6 63
8 74
6 72
1 61
5 4
10 10
10 85
4 50
3 41
1 24
4 24
2 68
1 45
3 62
6 46
7 100
4 18
6 30
6 36
8 85
1 38
5 72
10 12
5 20
4 39
4 87
7 27
5 96
10 57
6 41
2 21
3 81
2 100
7 100
9 78
8 78
5 25
7 93
9 89
6 37
4 71
9 42
1 57
6 83
5 36
9 29
7 2
3 42
9 3
1 21
9 79
7 36
4 45
5 90
8 47
6 39
3 38
2 65
2 13
1 84
1 86
2 78
8 93
6 18
7 10
5 8
4 38
4 90
4 85
10 61
2 27
1 66
8 86
4 88
2 40
1 52
1 18
4 89
9 77
4 70
4 36
5 77
6 95
5 21
6 31
8 40
1 44
1 43
9 68
8 28
9 73
9 95
10 18
9 45
2 18
4 5
2 63
6 40
7 59
1 69
2 33
9 78
5 59
7 10
3 67
10 28
3 13
3 84
5 28
4 50
9 97
3 52
1 13
8 1
3 33
1 53
7 1
2 47
10 14
10 39
2 25
8 8
10 6
8 25
5 2
5 8
4 77
7 43
10 71
1 53
6 22
5 22
1 17
6 23
10 8
6 5
1 13
5 76
8 31
10 7
9 46
10 31
5 3
1 6
5 49
4 70
5 73
9 99
9 34
3 58
3 50
2 89
1 99
5 36
4 73
5 73
9 9
3 95
2 18
1 4
4 3
1 90
2 6
4 42
7 97
9 9
3 67
1 26
3 18
8 68
8 43
7 17
2 59
4 33
10 22
1 46
4 81
1 4
10 86
9 20
8 32
1 58
7 56
7 1
4 55
3 73
3 50
6 51
2 84
10 71
3 48
1 79
6 31
1 76
3 4
2 56
3 24
9 11
10 4
5 94
9 91
3 93
5 85
4 61
2 12
10 3
4 31
5 12
5 45
1 78
6 81
4 56
7 12
7 71
6 39
3 93
9 28
6 38
3 64
4 61
8 71
9 4
9 40
3 73
7 39
9 7
9 24
9 93
7 70
2 26
2 82
1 81
5 19
10 75
7 76
3 55
7 53
7 34
1 6
4 94
1 4
1 57
10 42
7 62
10 45
5 48
10 20
7 50
4 8
2 20
9 12
2 89
3 41
7 34
6 61
9 18
7 78
4 26
3 73
10 72
1 36
10 73
6 50
1 6
5 7
6 41
3 57
3 5
9 5
6 6
3 70
10 13
9 15
3 41
5 36
7 87
8 61
9 58
1 87
7 75
3 68
9 71
5 78
4 51
7 99
1 96
1 88
9 89
2 60
6 46
1 4
7 91
8 62
9 70
9 35
10 46
3 67
1 28
9 47
6 80
4 41
9 50
8 100
4 48
8 17
5 25
3 40
7 43
5 73
6 88
9 83
3 14
8 87
4 98
3 29
3 64
7 37
9 26
3 21
1 43
9 95
1 38
7 49
6 76
4 44
8 62
7 58
2 12
4 78
9 20
9 55
8 27
5 76
2 31
7 59
2 29
8 20
6 22
4 21
4 81
4 52
4 8
7 49
3 28
10 90
1 82
5 58
2 72
1 2
3 62
2 23
8 23
8 85
10 84
1 55
4 63
4 81
1 76
3 51
10 89
2 5
6 36
7 73
3 12
2 67
3 25
2 84
8 81
10 33
8 87
2 80
2 10
10 75
5 51
3 69
7 56
7 41
8 47
7 92
6 87
9 91
6 5
3 99
2 10
5 6
1 89
10 47
5 69
7 74
8 78
5 93
6 93
7 83
8 37
8 52
9 100
5 34
5 23
7 83
4 11
3 19
9 21
10 17
4 41
4 29
7 60
5 42
6 99
1 67
6 96
10 76
7 36
5 35
8 70
5 28
4 48
7 87
4 64
8 25
7 34
8 82
9 93
5 13
3 71
10 65
5 43
10 73
6 90
9 76
1 50
10 99
10 8
3 100
7 28
7 91
1 75
10 80
2 25
10 60
4 65
7 33
1 10
8 6
4 83
8 24
9 7
2 3
8 80
2 84
10 11
1 8
6 37
3 6
10 40
10 39
4 40
5 71
2 65
7 51
1 55
6 78
9 82
10 89
7 20
3 76
4 27
3 15
10 80
2 5
3 18
2 53
3 21
9 75
5 12
7 17
10 58
8 7
1 25
3 88
3 47
9 60
6 18
7 60
7 99
6 14
8 32
6 34
6 68
2 16
5 40
6 31
3 7
2 3
1 86
1 61
3 22
8 29
7 51
6 44
9 43
6 31
8 61
7 31
4 24
7 8
4 35
10 14
6 35
1 99
6 3
3 95
2 100
1 29
4 39
2 59
8 32
5 53
3 36
3 19
1 26
1 93
10 47
9 17
5 69
3 9
10 74
5 18
4 19
3 48
6 80
1 40
5 93
8 52
7 68
3 66
1 41
1 33
8 67
9 81
7 46
