10 27
8 51
3 78
2 100
10 58
9 34
2 53
8 57
7 34
5 57
9 99
3 15
8 34
8 2
2 26
3 28
5 7
2 67
1 92
4 54
5 86
3 6
10 30
9 8
3 10
8 45
8 68
10 1
5 64
7 67
1 73
10 50
9 56
7 58
6 98
2 58
9 20
6 67
4 36
10 25
8 85
10 25
7 87
7 3
4 70
4 19
6 63
7 12
1 19
7 64
10 15
9 27
5 11
7 19
8 66
3 41
7 39
8 19
7 24
5 13
8 36
2 5
2 71
1 15
10 10
4 26
6 100
7 15
2 61
10 31
3 40
5 8
9 84
8 1
6 85
2 43
1 74
2 89
9 25
1 50
1 98
5 11
9 44
10 19
1 36
7 44
1 23
1 89
9 68
6 57
5 53
1 16
4 56
9 55
4 26
2 74
5 94
5 11
7 87
7 54
5 77
1 53
9 39
1 29
9 59
7 74
10 45
3 44
1 14
10 88
3 29
4 47
5 92
6 62
1 58
1 82
9 4
3 94
5 82
2 44
10 73
5 4
4 71
10 1
1 67
8 34
7 90
8 69
4 47
2 56
7 8
8 56
8 65
9 35
9 51
10 1
9 97
5 59
9 95
4 49
4 13
5 83
3 18
7 51
9 67
6 5
4 50
9 19
5 12
9 36
7 31
5 45
1 33
3 48
2 87
4 17
1 34
8 54
3 36
3 30
1 7
9 74
2 67
3 12
1 77
2 54
3 28
5 31
2 3
9 85
10 62
7 4
3 87
3 79
3 61
6 1
5 4
1 85
4 31
4 59
4 48
8 67
1 14
10 57
10 65
8 36
9 89
5 59
5 49
4 30
9 80
9 13
8 71
4 60
4 55
10 75
7 60
7 53
7 83
10 89
6 1
9 36
4 26
3 50
6 34
7 43
7 2
1 78
7 38
8 38
8 38
6 73
4 99
6 31
9 6
8 31
8 60
6 13
2 45
6 100
5 47
1 99
10 10
1 83
2 90
6 55
4 97
1 17
6 43
10 5
3 36
7 20
10 62
3 51
9 68
8 70
3 32
1 20
5 24
7 77
2 27
7 36
10 51
9 66
9 78
7 71
7 95
5 92
6 35
5 39
3 70
5 60
9 56
7 8
8 33
9 8
2 41
5 19
2 40
3 53
6 74
9 38
7 87
10 59
2 35
6 7
8 48
8 45
10 65
8 34
6 76
8 83
7 24
2 2
6 85
4 26
3 48
9 84
4 18
8 84
5 6
6 57
4 40
8 46
1 90
10 6
2 89
3 27
9 8
7 76
2 41
4 12
6 56
3 15
1 75
5 60
5 88
8 88
2 74
1 27
3 98
5 68
4 65
2 20
3 72
2 24
4 89
7 92
6 74
7 30
8 71
5 83
6 4
7 44
3 57
4 19
9 99
10 1
9 68
5 26
9 78
7 17
9 76
4 46
5 6
6 93
6 28
3 24
5 32
7 81
3 9
10 31
2 23
9 11
7 8
5 52
2 36
6 4
7 42
8 73
3 24
9 20
3 26
10 4
5 26
10 91
7 11
1 43
10 63
9 32
1 87
3 10
1 96
5 18
9 92
3 74
5 100
6 71
3 8
8 70
2 75
1 91
10 26
5 74
6 56
8 3
3 41
7 49
9 96
10 36
5 98
8 97
4 97
7 55
6 54
3 11
7 88
3 39
2 78
7 81
1 8
4 56
2 1
4 29
5 25
9 64
5 10
5 61
6 77
3 78
10 17
4 35
8 75
1 1
2 72
4 96
2 60
8 99
10 7
1 82
8 27
2 76
6 98
6 47
5 50
1 82
2 84
10 85
5 77
10 88
4 23
8 26
9 64
9 37
7 96
4 15
5 46
1 43
10 38
3 99
2 98
10 50
8 75
4 15
1 18
1 8
10 100
3 68
3 75
5 48
5 83
10 93
2 90
8 18
5 33
4 92
9 43
5 62
3 43
4 54
1 46
4 42
8 54
6 9
8 27
10 54
8 21
5 68
6 83
7 95
5 47
7 43
2 78
7 26
6 63
10 85
6 36
9 12
7 70
10 95
1 59
5 34
2 45
1 75
7 28
3 23
3 49
8 47
8 3
4 47
7 32
3 50
7 46
2 48
5 55
6 11
3 26
4 32
7 63
10 43
6 15
10 83
2 26
5 82
5 18
4 71
3 9
10 30
5 39
7 32
1 49
8 100
3 34
6 72
7 20
6 20
1 79
4 14
4 19
6 25
10 83
8 28
2 55
9 4
3 78
4 34
5 21
2 52
10 17
9 58
7 99
9 97
3 55
2 24
9 18
10 47
1 62
9 89
10 13
1 77
8 76
3 61
1 86
5 92
1 72
3 79
7 73
8 63
10 52
7 41
3 78
7 26
9 6
4 30
1 55
10 33
9 62
9 53
10 13
4 75
7 75
1 45
4 57
8 53
4 11
9 69
6 49
10 55
6 61
2 11
7 58
2 59
9 2
2 63
8 41
2 35
10 54
4 94
4 91
7 20
2 62
6 49
1 71
8 9
3 58
4 44
5 81
1 8
9 61
6 97
8 58
9 97
7 53
4 25
9 72
3 68
10 98
6 67
9 48
3 89
9 44
2 50
9 56
3 16
7 31
6 57
4 25
7 36
8 28
7 78
4 92
4 45
6 87
4 17
8 65
1 67
7 36
6 44
8 100
6 62
2 28
3 22
2 45
6 38
10 11
4 29
3 41
2 34
5 85
1 74
5 98
9 71
6 10
3 53
1 97
3 35
10 52
9 24
10 14
3 88
5 2
9 55
8 29
5 44
4 63
7 50
2 17
10 12
3 31
4 31
6 21
1 95
8 2
10 43
7 45
2 37
6 4
8 14
9 52
2 62
8 67
4 33
2 29
8 15
5 37
5 85
9 55
5 85
4 20
2 79
9 70
7 90
5 67
4 24
7 29
5 13
4 88
3 43
7 15
10 27
7 49
4 52
6 4
7 94
1 77
10 73
1 76
8 51
3 69
2 16
5 100
3 1
10 89
9 73
2 45
9 25
10 26
5 54
2 66
3 18
7 52
5 3
4 63
8 59
6 79
4 2
1 74
9 78
5 24
10 2
5 67
9 81
6 70
7 93
10 97
4 68
2 82
7 43
8 47
3 8
5 45
8 94
3 2
5 15
5 3
4 45
4 44
8 34
10 4
3 68
3 11
10 85
7 32
4 84
5 21
8 75
1 44
5 48
7 52
2 96
3 79
1 72
5 72
3 5
6 43
1 82
2 63
6 44
9 64
5 26
3 9
1 71
9 98
5 73
9 41
8 63
4 60
8 55
8 11
3 6
9 89
3 41
9 74
7 67
5 87
3 77
1 42
6 22
8 76
6 71
6 84
10 82
6 94
6 48
1 82
2 80
7 60
8 21
10 14
7 75
6 1
4 74
8 72
7 72
9 97
2 100
9 54
7 58
2 37
3 36
10 29
9 60
3 5
1 24
1 39
7 59
3 70
6 67
9 4
7 47
5 15
9 95
10 90
1 82
10 41
1 20
7 95
9 38
7 45
4 36
9 95
3 17
5 5
9 18
3 17
2 1
1 21
9 16
10 89
4 67
4 70
7 83
10 32
4 57
10 94
1 31
3 25
8 30
8 56
2 10
2 3
4 42
2 6
6 31
8 30
3 69
9 87
8 9
7 97
10 74
2 85
6 55
5 50
8 54
4 70
4 31
8 51
3 56
8 16
6 93
6 33
7 47
6 86
5 66
10 97
4 37
2 90
10 99
4 24
5 32
4 54
1 13
1 92
4 25
8 41
5 20
7 59
2 54
6 65
9 86
5 24
1 77
5 4
8 35
10 27
1 49
10 34
3 52
10 91
8 17
10 18
7 18
5 87
9 26
2 70
7 41
3 27
7 79
10 53
2 84
3 42
5 32
9 24
8 61
5 47
2 29
3 12
8 90
8 38
4 94
9 67
3 32
4 37
9 11
2 24
10 100
5 13
1 54
7 61
9 78
5 49
6 21
9 45
5 16
8 70
6 99
8 33
1 78
7 11
5 72
8 36
1 53
7 65
1 95
5 13
9 61
2 79
6 29
7 30
8 4
5 70
4 29
4 40
6 95
3 52
1 71
9 99
3 45
5 89
7 79
3 84
6 61
5 80
1 56
4 82
5 55
1 24
10 51
10 88
5 3
10 33
5 100
7 83
2 54
8 81
10 45
10 54
5 98
2 65
4 3
7 51
7 59
6 80
2 78
3 49
1 6
9 45
9 98
10 57
10 64
10 14
1 77
7 51
10 20
7 45
2 62
8 60
2 50
6 82
7 22
4 95
7 100
1 4
1 26
5 62
3 29
3 71
7 25
7 75
5 60
6 49
3 68
1 29
8 55
9 67
10 34
1 2
2 70
10 99
1 99
2 16
7 18
2 13
10 91
1 98
7 16
5 95
9 98
3 9
3 82
3 59
5 91
9 21
8 34
4 57
5 10
5 4
2 8
5 3
6 80
