6 87
6 11
8 87
3 39
7 14
1 57
6 3
7 48
8 74
5 77
4 11
10 7
4 6
7 65
10 31
7 78
4 10
5 29
2 59
5 47
6 49
9 43
7 20
3 48
9 12
4 54
3 65
8 62
7 85
9 12
5 57
6 16
2 77
5 1
6 11
2 31
9 3
10 39
6 69
9 13
6 7
10 14
6 65
1 24
1 3
6 83
10 36
6 1
10 34
7 98
3 77
6 31
9 21
10 9
9 11
6 79
6 51
6 85
3 78
8 15
4 27
1 82
9 75
6 69
7 58
3 36
9 45
6 70
9 83
9 22
2 4
4 25
7 97
5 75
8 93
4 4
3 32
3 97
8 43
7 75
6 1
9 39
6 18
9 97
4 21
6 12
7 27
2 13
6 19
10 56
5 12
1 70
6 20
3 100
10 11
5 20
4 91
4 44
2 44
2 28
9 15
7 65
7 65
7 76
5 5
1 12
4 63
2 34
6 37
6 83
2 71
3 40
10 52
10 5
1 83
6 54
5 84
10 72
1 41
5 45
7 25
2 80
3 29
4 100
3 60
3 71
10 76
7 82
4 36
10 16
7 45
1 60
3 26
4 45
7 84
10 6
9 62
5 87
2 6
1 79
8 85
4 70
9 42
7 91
10 63
6 4
10 55
1 30
10 60
10 81
8 73
9 39
8 88
4 17
7 43
3 20
2 20
4 70
6 39
4 34
3 80
6 73
7 19
4 23
6 29
10 10
3 84
5 22
2 2
6 54
10 51
5 66
10 97
7 38
9 97
9 40
7 45
1 83
1 32
9 8
5 54
2 50
6 50
6 73
5 2
9 30
4 22
4 23
1 68
1 42
9 84
9 69
8 84
3 82
4 7
1 37
10 76
1 3
6 22
9 36
8 26
8 94
1 17
10 1
6 85
7 75
8 59
1 1
1 26
7 95
1 43
5 37
1 85
5 51
9 64
8 9
6 27
9 64
4 71
9 16
6 71
6 31
10 46
2 3
6 80
8 52
8 4
3 61
5 62
10 97
3 73
6 74
2 18
4 90
7 13
6 78
10 4
8 8
3 85
7 20
2 84
8 7
10 59
9 77
3 95
5 41
8 53
8 75
3 89
2 19
7 58
6 17
9 98
1 45
1 2
1 43
4 31
3 35
3 8
6 88
3 64
3 84
8 99
10 18
7 21
5 59
6 7
4 17
4 62
2 90
2 2
6 37
5 33
9 40
4 81
3 83
2 89
6 80
1 91
4 13
2 41
8 10
7 18
6 75
8 97
5 63
6 83
1 22
7 22
5 82
3 32
9 5
10 57
4 39
1 9
7 100
9 39
4 68
1 50
2 15
3 57
4 88
1 80
9 93
10 97
2 10
2 33
8 80
4 66
10 76
4 90
8 76
7 38
8 66
10 61
1 45
10 67
2 21
5 78
10 47
1 44
4 70
3 87
8 45
1 82
8 43
6 58
7 81
3 46
7 90
6 79
6 44
5 3
4 55
6 92
10 64
1 22
1 28
8 70
10 75
10 79
3 32
7 60
1 3
3 78
8 66
5 92
10 17
9 17
6 9
2 31
10 64
7 46
1 47
5 11
5 32
6 35
1 3
7 72
5 45
4 84
5 85
9 5
7 67
2 89
10 2
9 69
9 98
2 61
5 87
8 41
1 53
8 55
10 69
6 94
9 96
7 46
2 99
6 1
5 31
5 6
7 16
1 65
8 10
2 52
6 72
5 77
6 61
3 16
7 64
1 27
9 71
3 17
1 44
8 41
9 89
8 38
1 31
5 77
5 18
9 29
4 71
10 82
5 10
1 72
9 38
2 51
10 64
10 29
10 93
4 56
8 85
1 31
8 53
7 9
10 72
10 85
7 86
3 100
5 9
3 88
2 6
4 9
5 5
2 18
5 88
3 75
6 30
9 91
1 79
8 97
6 88
6 48
6 15
2 96
4 81
5 95
8 80
7 61
4 82
2 44
4 95
3 13
3 5
3 96
3 82
1 46
5 60
2 66
2 29
8 21
3 48
4 51
6 68
10 96
4 36
7 15
2 37
3 66
6 45
2 91
10 93
4 44
10 38
2 83
7 56
1 24
7 95
4 91
10 55
9 93
6 51
4 67
3 66
8 43
2 39
5 20
8 60
10 5
6 34
5 58
7 36
6 32
8 73
10 26
2 31
2 12
6 66
6 76
3 90
8 91
1 95
5 31
2 43
4 47
3 58
9 17
6 49
7 57
8 79
2 86
5 74
7 26
8 91
9 93
5 98
6 11
4 64
9 76
8 90
2 2
10 16
8 91
9 35
7 40
6 53
5 5
6 67
3 78
9 51
1 24
1 56
10 18
8 16
3 27
3 58
6 53
3 96
3 51
7 7
4 20
7 86
7 5
9 70
5 41
4 21
5 95
1 78
4 80
1 88
1 88
1 93
6 92
9 24
8 26
8 56
6 26
1 23
7 16
2 87
8 86
1 91
4 91
7 23
8 78
9 83
4 35
8 29
4 96
7 29
5 61
4 86
3 61
3 28
2 55
8 30
3 74
10 74
3 41
1 27
2 19
9 79
4 31
5 85
8 88
1 70
7 10
2 57
10 61
6 5
1 38
5 24
6 83
6 5
2 27
7 58
2 68
6 100
4 94
5 21
4 53
7 85
9 26
1 97
4 71
4 73
9 85
5 59
1 80
2 13
8 42
8 44
6 16
4 12
2 62
10 69
8 46
8 19
8 25
7 18
1 62
3 40
9 40
9 5
10 18
7 42
3 2
8 46
4 88
2 81
1 80
8 42
4 52
3 84
1 55
2 21
1 35
8 56
2 50
10 89
2 16
1 7
4 46
9 26
4 82
5 7
5 40
10 42
9 45
6 15
8 43
10 85
5 77
6 31
2 33
8 7
10 43
4 85
7 8
7 82
6 21
3 76
7 19
8 83
9 96
2 45
5 35
8 45
2 80
5 53
9 92
3 4
10 65
5 36
7 7
7 73
10 78
10 58
6 35
7 64
7 14
6 5
9 70
5 31
6 57
10 36
10 74
6 10
7 45
9 27
1 34
6 11
4 55
7 17
9 4
1 13
7 57
10 96
2 47
5 55
1 11
10 18
9 80
3 27
9 8
1 27
6 47
8 36
4 92
9 91
6 20
10 30
8 29
6 90
6 76
6 39
3 75
3 47
8 51
5 9
6 73
5 8
3 40
8 61
5 28
8 30
5 2
3 95
8 17
7 3
2 27
9 36
1 72
9 76
10 21
1 30
5 77
3 97
1 7
6 8
5 99
2 18
2 6
7 25
3 49
8 38
2 1
8 83
5 23
7 65
3 51
1 65
4 83
6 15
9 10
8 7
1 30
6 96
9 87
10 6
7 78
1 12
9 58
7 3
3 11
4 90
8 17
5 46
6 27
2 10
4 38
5 85
5 56
9 28
9 19
10 16
6 19
9 48
6 18
3 84
8 52
6 42
4 75
5 38
9 98
8 49
9 39
3 22
8 65
10 46
3 68
8 22
2 92
2 99
6 13
3 70
10 15
7 22
10 100
4 39
5 95
7 37
4 17
5 94
4 90
5 57
2 87
2 28
9 10
2 41
7 67
1 13
4 95
4 82
6 38
6 47
8 83
3 38
6 79
2 77
1 39
2 38
1 4
4 74
1 52
7 90
9 72
7 2
2 52
4 33
6 80
9 49
10 81
5 7
5 23
8 12
5 18
5 13
7 15
1 69
6 51
9 49
5 92
6 31
10 87
2 60
7 1
1 89
1 73
7 85
6 44
3 54
1 93
4 33
6 52
6 51
8 26
4 26
2 78
10 18
2 36
6 26
2 87
10 95
6 76
6 15
7 73
1 82
4 8
5 7
1 39
9 78
5 50
10 79
5 40
2 62
4 53
10 52
4 48
10 31
9 69
7 59
1 28
3 74
3 14
3 50
5 16
2 25
5 30
7 22
9 36
1 15
6 28
7 98
2 45
1 34
7 85
2 75
10 67
5 61
1 75
6 63
3 67
8 76
8 34
1 83
2 31
5 49
10 65
2 80
10 90
10 94
10 51
1 15
1 83
1 100
6 40
5 10
5 55
7 43
9 3
3 56
8 6
2 92
8 95
4 73
2 55
6 93
6 63
1 36
4 8
9 97
8 24
1 83
10 18
5 30
6 20
3 95
6 39
10 25
8 90
7 2
7 24
8 70
2 94
9 10
8 66
1 22
9 4
2 21
8 18
1 70
2 33
4 85
3 3
2 50
7 75
1 86
10 81
1 57
6 27
3 13
8 25
3 53
10 55
6 61
6 92
10 94
9 15
5 69
4 74
4 21
3 37
2 50
10 58
2 86
5 55
8 100
1 49
8 36
6 13
6 90
1 77
4 49
4 22
10 76
9 87
6 93
3 9
5 26
7 7
9 18
4 13
4 84
2 6
6 74
9 95
1 33
8 75
1 37
5 56
9 45
1 40
8 70
7 30
1 38
6 91
3 91
3 66
9 80
