4 39
7 4
8 44
5 12
3 69
5 7
2 19
8 91
6 80
2 95
4 61
10 55
9 88
5 31
2 2
7 72
2 78
5 67
2 26
3 57
8 66
3 40
10 75
1 69
3 73
7 70
10 29
3 7
2 42
5 72
8 6
9 94
7 14
6 100
3 68
3 45
7 73
6 85
6 59
10 77
7 48
6 71
1 82
7 2
7 51
10 70
8 17
8 57
7 18
1 24
5 29
9 86
5 86
6 6
1 12
3 35
6 91
10 48
10 84
8 38
5 53
5 55
2 73
5 65
3 76
5 56
5 93
10 65
8 69
1 48
2 66
7 84
3 80
5 43
6 27
6 77
9 86
6 79
10 60
8 37
8 26
8 75
9 45
3 49
3 54
6 22
4 24
3 20
10 68
1 27
3 64
3 68
2 79
4 48
4 82
7 10
5 5
7 13
9 92
6 59
8 36
9 88
2 86
3 59
4 31
9 12
9 87
10 42
9 88
6 95
7 86
7 3
6 85
4 74
9 67
3 51
8 73
2 14
6 32
5 32
4 73
9 70
4 15
8 84
1 49
2 49
4 60
5 57
2 78
9 74
1 49
2 72
9 47
8 16
4 91
8 96
9 2
5 73
10 28
6 86
3 14
8 41
5 81
8 68
1 72
1 22
5 34
5 95
6 91
1 38
4 11
9 23
2 70
9 94
5 23
5 43
2 6
8 15
10 24
6 99
5 31
1 56
1 3
8 100
3 49
7 13
3 79
4 16
3 61
7 20
5 95
6 56
7 75
7 99
9 33
7 35
1 91
1 94
1 59
8 86
9 26
4 4
6 91
10 92
1 19
7 91
2 52
4 45
1 52
4 33
7 61
4 28
5 11
9 15
1 43
10 2
6 56
2 42
3 67
10 50
6 11
2 95
8 15
2 13
1 92
7 90
10 100
8 17
3 17
2 11
1 98
8 100
3 75
9 77
5 61
10 51
3 31
2 80
2 83
10 17
10 24
2 56
2 92
6 99
8 59
10 30
2 13
2 87
9 5
9 89
10 22
6 35
7 89
1 30
10 37
1 49
8 77
5 33
10 40
4 30
1 51
9 85
4 38
5 16
7 73
9 96
4 8
1 54
7 43
1 62
7 24
2 60
2 13
1 12
6 77
8 49
1 87
8 98
6 44
4 39
8 31
8 95
5 34
10 75
1 15
7 26
7 60
5 63
8 9
1 25
9 57
5 81
9 84
4 63
8 68
4 19
3 78
3 35
4 85
5 79
4 98
4 84
1 78
8 13
4 69
1 12
3 96
7 22
2 90
7 99
7 25
9 77
9 96
1 19
5 60
6 57
7 8
4 99
7 38
8 64
5 45
9 49
8 16
5 99
7 37
5 14
5 28
7 88
10 91
3 51
7 79
10 46
7 49
6 79
5 26
4 21
3 89
10 29
8 83
4 9
2 1
5 16
9 67
9 66
7 36
7 51
8 79
6 90
9 13
6 52
6 88
9 59
4 20
7 71
1 57
8 88
6 50
1 78
8 41
6 44
2 83
4 75
4 56
7 16
8 11
4 51
10 72
3 76
9 56
2 38
3 93
10 67
3 64
5 14
10 51
2 93
8 20
4 91
6 12
7 97
8 97
3 98
2 73
2 81
1 75
5 60
10 79
8 27
2 34
3 86
1 64
1 99
1 39
9 24
10 45
2 77
1 86
5 87
2 43
5 10
5 43
10 73
8 100
5 75
5 30
9 44
5 53
8 55
6 16
10 93
1 47
6 28
7 93
9 93
10 35
7 14
2 46
2 35
4 92
7 21
5 50
4 38
6 33
4 33
3 47
1 30
7 73
9 33
2 44
3 28
2 20
8 54
5 29
2 23
2 85
7 74
6 96
9 56
6 84
10 12
1 80
5 75
2 91
3 80
3 25
5 40
4 47
4 37
5 4
4 90
7 69
4 53
9 26
5 44
9 27
4 77
8 22
9 20
6 10
7 55
7 77
2 41
3 63
8 20
8 31
8 87
1 68
4 100
10 77
9 55
2 29
4 95
3 39
2 25
8 65
7 80
3 28
7 100
1 28
7 75
1 70
3 70
8 68
6 16
8 17
9 22
10 7
7 99
7 25
3 71
8 85
4 99
2 2
8 28
5 3
9 82
10 45
7 83
5 16
4 97
10 26
1 4
7 68
6 41
7 65
9 92
7 29
7 30
9 91
3 68
9 15
3 16
2 92
4 34
8 69
4 46
1 48
8 72
6 48
3 72
2 16
1 10
6 9
2 83
8 83
3 14
1 53
2 62
5 55
8 75
4 57
3 35
2 71
10 61
8 88
2 26
3 84
8 24
3 10
5 70
10 14
8 66
8 52
2 43
10 25
1 35
8 16
8 78
10 86
9 52
3 47
5 36
9 34
7 54
5 59
5 73
4 19
1 34
6 80
7 60
1 36
9 25
6 57
4 85
4 15
10 90
6 21
4 61
1 62
7 68
7 96
5 94
9 68
3 79
2 94
4 77
1 82
4 20
8 76
3 1
10 24
7 16
7 87
5 83
6 28
2 31
7 34
1 85
3 35
5 50
3 81
2 17
10 100
5 66
4 54
7 73
1 3
8 36
2 49
9 18
6 99
8 97
3 37
2 40
2 74
9 38
9 18
5 21
7 43
7 91
2 18
10 30
5 26
7 16
1 70
5 4
3 81
8 88
3 56
3 64
5 51
1 55
5 28
8 97
5 33
7 5
2 68
10 20
3 90
8 55
10 2
1 47
4 89
2 87
1 67
2 80
2 47
9 73
2 95
10 40
9 35
4 65
10 77
9 55
10 75
5 77
7 2
5 92
9 38
2 46
8 54
5 42
9 86
7 72
8 80
1 43
2 45
5 60
5 17
10 78
3 81
10 15
10 89
5 62
8 85
1 1
7 34
9 83
6 96
4 68
5 38
5 82
9 55
8 69
2 26
3 81
2 100
8 63
1 99
9 14
1 23
9 33
6 43
5 39
5 17
2 34
7 98
9 84
1 84
5 88
1 78
3 46
10 36
6 7
4 29
1 56
3 42
8 8
4 96
7 37
7 41
4 56
10 87
4 70
7 30
1 29
7 9
3 39
8 49
3 81
1 62
4 47
6 91
9 56
10 81
6 18
10 51
4 100
9 73
4 100
6 83
1 96
1 50
5 20
7 23
2 59
4 3
5 48
10 50
3 36
2 15
1 29
6 37
2 29
1 89
8 61
6 25
9 78
3 33
6 67
2 45
10 68
5 91
8 11
4 7
8 64
7 69
6 91
10 53
9 11
4 86
9 74
4 34
3 49
8 91
6 2
8 49
1 81
4 58
5 67
9 98
8 12
7 83
3 92
1 21
10 67
5 65
3 7
2 64
10 27
6 35
5 93
6 29
6 28
6 85
3 93
6 42
8 100
4 42
3 4
9 7
9 95
9 93
8 27
3 97
8 7
1 34
7 10
3 94
9 55
3 84
5 92
8 97
1 5
2 61
1 70
7 8
4 69
2 95
5 87
9 62
7 53
3 43
4 35
6 84
10 88
10 45
8 2
6 14
3 29
8 33
9 75
3 5
4 80
3 14
5 31
3 23
2 93
10 18
6 60
10 67
8 45
1 46
4 1
7 4
8 22
10 1
8 30
3 64
1 12
10 74
8 98
5 84
4 87
1 68
6 63
8 67
9 57
5 87
3 9
8 8
7 71
7 49
7 92
2 38
7 77
7 100
10 85
1 76
7 24
4 28
3 70
9 12
10 76
4 35
10 31
4 75
4 84
9 70
8 1
5 26
5 11
4 79
2 59
10 97
9 27
5 39
2 21
8 6
4 67
2 78
8 91
9 51
9 1
10 56
5 41
3 14
4 34
7 39
9 94
3 34
5 95
10 92
7 1
1 33
4 60
3 21
9 13
4 21
9 51
4 57
9 75
1 53
2 39
6 81
4 79
5 46
3 54
2 31
6 70
7 92
1 97
1 67
5 36
7 5
5 64
10 23
3 63
8 74
3 29
1 57
9 77
3 83
8 88
1 5
1 84
2 89
4 97
10 89
9 97
7 23
1 66
8 58
5 51
9 63
5 76
6 49
10 38
6 43
10 75
3 57
9 86
1 18
7 48
10 49
6 67
4 6
7 44
5 97
1 17
5 78
7 44
7 31
8 19
5 39
9 76
8 44
5 49
4 29
4 34
7 58
5 20
3 72
6 62
1 68
6 21
3 64
2 41
8 91
2 20
10 55
2 4
4 37
10 61
10 96
3 31
7 74
8 65
7 48
2 100
10 12
7 13
6 98
2 51
7 40
4 48
9 83
6 58
10 68
2 69
4 24
2 88
6 89
3 53
3 61
7 75
5 36
4 55
5 26
3 75
8 66
9 75
5 79
3 34
4 6
9 46
5 97
3 79
8 75
3 78
10 37
6 65
8 33
2 92
8 85
8 99
3 38
6 15
9 43
5 96
7 14
3 11
2 23
10 82
4 41
9 37
7 42
10 80
6 82
8 31
