9 43
7 24
9 8
3 41
1 68
2 8
3 98
4 42
10 79
3 10
1 36
3 4
4 36
9 97
1 89
6 76
3 68
10 20
1 22
9 74
9 10
2 54
10 24
4 13
7 27
6 100
10 44
10 30
4 65
6 37
7 17
6 59
2 97
1 23
10 75
4 5
7 66
9 4
7 95
2 11
9 55
10 9
9 31
6 74
8 57
5 2
4 96
6 21
10 39
3 53
4 39
7 25
8 44
1 94
5 82
3 60
5 37
4 82
2 30
4 43
3 73
8 38
10 89
3 97
4 51
8 22
10 91
2 27
10 63
2 76
2 98
10 67
4 6
5 20
6 75
5 31
8 85
5 20
5 64
3 97
4 3
6 42
5 66
3 78
10 5
7 82
10 34
1 85
3 10
6 20
5 54
1 55
6 65
7 91
10 50
2 82
9 52
4 6
1 80
7 75
7 44
10 49
2 47
5 42
8 21
6 80
10 53
2 98
5 25
4 58
7 18
2 32
8 22
2 29
10 70
7 90
8 14
3 44
4 44
5 49
10 59
2 34
5 98
6 53
4 49
4 30
3 5
3 86
2 13
2 7
2 40
7 59
6 49
9 50
5 57
3 35
3 32
3 77
2 81
4 40
1 24
4 100
5 70
3 84
4 84
9 12
6 37
9 81
6 66
5 37
10 27
10 52
10 88
4 85
2 13
1 47
1 8
9 81
9 42
5 36
9 25
10 40
2 85
7 33
9 21
5 85
7 73
6 3
3 87
1 70
3 74
6 21
10 99
1 27
7 43
4 76
2 35
5 71
10 44
7 50
4 6
5 80
6 76
1 57
7 16
2 77
2 5
6 63
9 95
6 12
9 52
8 21
6 45
2 30
5 23
9 37
6 21
1 63
7 43
5 66
3 1
3 72
6 81
5 28
3 6
5 43
10 62
5 86
10 49
8 35
1 70
4 78
7 81
8 47
4 30
10 77
8 100
1 69
1 3
7 45
3 93
3 32
3 100
4 20
10 81
9 76
9 24
7 40
8 4
1 15
9 10
4 11
1 22
1 43
4 30
8 62
5 36
6 56
1 59
2 51
1 50
4 16
1 41
8 12
5 37
2 15
10 86
8 68
1 23
6 46
6 83
3 30
3 95
8 17
3 97
2 87
1 60
7 15
1 70
1 50
5 7
9 83
9 55
9 39
3 91
3 46
7 80
7 26
6 26
8 45
9 33
2 87
9 3
2 2
9 14
6 49
2 3
5 43
10 76
3 85
6 10
7 64
1 8
9 74
7 81
6 95
5 64
8 95
7 35
2 43
9 49
9 26
9 2
9 11
4 65
4 37
5 84
2 62
2 48
2 93
6 64
4 7
5 85
3 73
8 12
5 76
3 8
4 33
6 14
9 92
4 67
4 64
7 25
3 46
4 26
2 84
1 18
3 85
2 25
10 59
5 22
6 20
3 34
6 17
10 12
9 20
10 1
3 42
3 5
6 83
8 38
9 75
9 25
10 97
10 43
1 37
1 28
8 79
9 52
2 79
7 8
7 25
5 16
1 99
6 15
1 45
5 43
3 85
7 79
3 59
4 31
6 53
2 44
7 57
2 1
4 59
8 82
6 18
7 91
9 98
1 49
7 44
5 25
3 63
4 18
10 64
6 30
8 69
2 32
9 54
2 93
10 40
10 34
9 47
9 82
4 80
2 41
5 16
3 81
2 29
8 4
7 67
7 55
4 49
10 34
6 94
4 25
7 23
8 71
10 49
1 70
2 88
8 21
7 86
8 82
7 18
6 30
3 52
5 22
10 35
5 16
9 82
8 73
8 52
3 23
7 2
8 6
1 19
9 35
5 17
6 80
4 79
2 96
3 59
4 68
5 65
1 7
3 25
5 35
6 90
10 53
9 72
4 51
10 81
6 20
2 72
4 80
7 87
9 2
9 56
6 77
2 59
8 87
2 50
3 9
9 78
8 24
2 66
9 16
4 58
9 60
2 89
10 45
1 48
3 64
3 43
9 68
9 75
7 88
2 35
7 23
1 39
1 81
6 47
1 46
6 17
5 35
5 19
4 84
9 24
9 50
6 69
3 13
5 15
3 78
7 72
8 92
9 79
10 41
2 70
10 63
2 11
3 49
10 87
6 60
8 99
2 84
3 84
2 84
10 95
7 9
4 7
4 32
6 28
5 18
5 40
10 46
10 87
4 57
8 99
6 38
2 74
1 17
6 98
4 34
4 36
1 65
8 17
7 52
4 82
9 45
3 34
9 60
1 50
3 81
3 93
9 57
9 25
3 75
1 26
3 23
1 54
2 9
1 91
5 95
5 66
7 14
6 21
7 32
8 8
3 4
1 79
1 77
10 72
9 68
4 32
7 22
9 77
4 23
4 68
7 69
10 76
10 49
9 52
10 91
7 80
7 53
10 59
8 15
10 58
10 82
6 29
6 3
2 4
10 61
9 76
6 79
6 24
6 69
9 98
3 27
9 55
4 42
1 56
8 46
1 8
9 67
10 3
8 74
1 100
10 5
4 19
3 25
6 61
10 80
6 53
4 23
8 93
9 21
7 10
4 2
9 81
7 24
2 64
10 76
3 29
5 49
4 33
7 70
4 20
5 45
2 49
4 24
4 25
6 95
8 86
2 28
5 42
2 93
10 59
8 97
10 18
2 18
5 59
6 34
6 8
4 35
10 16
1 1
7 64
7 52
7 2
8 92
4 67
1 62
3 15
5 36
2 68
2 56
2 19
4 33
7 58
2 84
4 23
6 71
9 46
7 52
6 68
2 45
4 92
10 99
2 51
5 45
2 42
3 43
5 43
3 60
8 90
2 82
4 99
3 13
10 42
8 47
7 47
4 91
4 8
4 60
3 56
1 9
1 53
5 83
10 94
10 63
3 48
5 6
7 99
7 71
5 53
8 33
5 11
9 6
7 84
8 100
8 95
7 99
10 65
9 24
8 52
9 44
5 15
4 80
9 35
7 78
3 11
6 2
8 100
3 19
9 31
6 29
1 33
3 43
9 62
2 53
2 97
9 38
5 15
6 60
4 59
1 97
9 79
8 25
3 98
7 38
10 14
5 53
1 28
7 38
4 27
6 16
2 97
4 82
4 30
10 66
10 27
5 89
7 6
1 24
10 18
9 74
5 49
7 26
1 6
10 31
8 24
1 7
4 41
7 34
7 34
9 34
9 80
9 57
9 16
8 85
7 70
8 3
1 15
8 30
7 38
5 75
2 63
6 48
3 40
8 26
1 88
6 100
9 80
7 9
8 8
6 6
9 64
6 29
6 65
9 58
9 60
6 65
2 50
6 81
5 62
3 4
1 75
10 79
7 73
3 42
8 63
2 41
7 15
9 57
3 99
9 6
8 1
5 66
7 70
2 47
5 31
6 87
4 20
1 65
1 74
1 99
2 77
3 19
1 31
7 71
3 32
5 66
4 79
7 77
7 66
2 78
9 31
1 20
9 11
2 8
5 55
5 13
7 21
2 68
3 84
10 50
4 45
6 26
1 36
3 18
7 3
1 30
3 2
2 21
7 19
1 46
6 52
5 95
7 72
4 64
10 87
8 26
6 42
1 50
4 71
9 82
8 13
3 79
8 44
1 74
7 41
3 37
2 14
10 25
3 73
10 75
4 98
5 96
4 22
3 62
2 16
6 76
8 79
10 97
1 82
4 54
3 5
8 58
3 79
3 96
7 66
1 89
9 71
1 27
7 6
9 21
1 15
9 96
7 62
1 68
8 59
7 49
8 10
3 53
7 97
8 91
9 40
8 89
8 41
10 99
5 54
4 93
1 96
10 99
4 54
10 100
7 15
6 28
7 69
7 94
4 63
8 27
10 78
6 61
4 56
1 9
7 17
2 64
7 79
10 92
2 82
9 40
1 38
1 42
4 22
9 93
2 13
5 75
3 46
8 35
1 96
7 12
6 8
4 52
3 5
7 24
3 35
3 58
8 92
1 71
7 20
8 30
8 79
4 51
7 81
4 21
1 25
6 49
2 15
6 11
8 81
10 98
10 85
5 96
8 77
4 12
1 32
7 29
2 41
3 84
7 42
7 37
7 4
7 83
9 89
3 78
8 43
9 79
9 47
2 7
6 58
3 8
9 58
9 97
6 16
7 1
8 95
1 20
3 59
5 42
2 63
1 73
3 67
3 30
5 22
5 15
7 82
8 24
10 73
7 20
6 6
2 91
1 1
6 19
1 32
6 19
10 5
3 32
7 1
4 99
5 18
7 44
3 61
6 55
6 78
8 12
3 73
8 29
1 67
1 44
3 82
7 14
9 94
3 95
4 25
8 11
5 38
5 86
10 99
7 30
9 84
1 79
8 56
3 96
8 71
6 36
1 9
4 37
9 35
5 78
1 32
1 33
5 63
1 85
1 28
4 12
6 41
9 75
5 95
5 47
9 10
7 38
9 85
9 23
5 56
4 57
7 76
1 86
2 61
4 1
2 84
4 33
10 62
4 93
3 26
2 22
5 83
