5 33
2 58
3 68
10 86
4 59
8 22
4 53
6 53
7 75
3 59
3 41
5 63
4 38
6 97
1 90
8 19
2 23
9 85
3 98
5 60
7 28
10 5
5 1
8 98
8 16
8 12
4 33
9 91
9 100
2 37
8 4
8 2
4 20
10 2
6 65
7 68
2 1
5 22
4 44
10 96
2 94
3 21
2 13
6 9
9 44
8 40
2 9
7 76
7 28
9 76
10 22
7 97
1 98
6 89
2 89
2 58
4 93
2 57
7 96
2 73
3 15
8 32
8 3
10 48
10 99
10 10
6 28
8 73
9 86
5 50
5 17
10 97
5 25
5 51
10 42
8 19
8 39
5 100
6 65
7 95
9 57
10 98
4 12
5 41
10 43
6 62
6 51
7 41
10 57
7 62
2 8
5 10
5 85
2 19
9 12
6 73
1 73
5 75
1 9
9 12
7 60
3 83
9 47
8 30
4 91
9 11
7 61
1 66
7 13
1 52
10 7
10 5
4 33
8 94
3 23
7 7
8 84
5 11
2 90
10 23
10 94
7 19
6 22
3 97
5 79
4 20
7 55
10 48
9 68
3 69
5 87
8 14
2 21
7 53
7 4
3 53
9 85
5 59
3 62
10 13
10 63
1 44
8 75
2 22
4 9
4 34
6 16
4 36
3 61
1 9
10 59
5 15
2 18
8 17
8 61
6 7
8 89
3 77
5 83
7 70
8 49
4 60
8 35
5 22
4 77
7 43
3 69
10 42
9 63
4 19
1 16
9 98
4 8
3 2
6 4
8 5
8 17
10 82
6 95
1 24
10 85
4 99
4 10
2 18
7 49
2 4
10 66
6 35
2 94
9 95
3 5
3 3
9 71
8 27
5 92
7 78
2 29
4 22
5 29
1 74
8 48
6 88
5 32
8 46
7 85
7 84
10 11
10 51
8 48
8 44
3 67
4 31
5 37
7 6
2 54
4 31
7 60
2 56
2 29
5 22
9 87
8 81
4 65
8 42
10 32
3 62
8 7
5 35
6 97
6 17
10 62
1 21
2 5
1 18
7 93
10 92
5 94
2 6
4 7
6 71
2 31
7 26
6 65
1 84
8 41
8 38
6 100
3 43
2 63
10 20
10 73
4 12
5 47
7 96
10 30
6 32
3 80
2 10
3 80
7 60
3 72
3 17
8 45
5 18
1 66
5 100
9 84
1 9
6 70
9 33
1 33
3 2
6 33
5 88
4 80
6 95
1 36
3 23
7 83
9 70
9 33
10 48
8 47
1 16
8 43
6 79
3 97
8 100
3 1
1 35
2 82
9 79
5 31
3 26
1 37
10 95
7 74
4 27
9 65
9 1
4 2
10 69
7 29
1 12
5 15
4 71
1 46
2 13
5 75
7 96
3 25
10 68
3 75
7 78
10 42
8 35
5 31
6 19
5 70
10 55
6 1
4 45
10 30
4 100
7 50
4 31
9 99
5 93
1 94
3 3
5 59
10 67
2 74
2 26
8 46
8 89
1 9
6 59
10 8
10 2
10 21
1 97
10 87
5 35
4 13
1 24
1 64
5 57
2 86
4 100
2 76
2 93
6 64
2 79
3 28
6 40
10 52
3 45
10 46
10 34
7 25
6 71
2 71
4 12
6 69
6 91
5 5
4 71
8 42
4 96
2 89
4 18
2 75
5 91
5 68
6 14
6 94
4 46
5 58
6 93
7 29
5 66
5 67
7 73
9 71
10 10
5 7
3 71
9 94
6 40
7 59
8 74
2 40
3 64
1 85
10 87
3 80
6 17
2 66
6 57
5 47
10 21
2 11
4 20
4 45
9 42
6 22
9 19
9 47
4 69
2 19
10 56
9 20
5 16
6 25
5 48
9 66
6 1
3 52
4 17
5 87
5 15
4 46
4 25
6 67
3 94
9 52
6 34
9 38
3 71
9 20
6 13
7 60
4 58
5 58
3 61
2 50
5 50
9 21
9 95
2 60
6 65
1 45
1 25
6 18
6 58
7 24
8 9
9 9
10 89
6 14
7 69
8 65
5 63
3 87
10 98
8 5
6 24
4 85
6 82
1 52
10 46
4 84
10 8
4 100
4 29
7 68
3 88
10 59
2 6
4 22
7 42
4 8
10 98
8 61
2 93
10 8
8 38
10 16
2 97
7 71
6 22
10 62
6 27
2 69
1 3
4 21
9 98
7 43
4 55
1 56
7 86
10 58
6 77
3 21
8 1
4 44
8 12
5 59
10 94
4 72
9 55
4 37
1 39
6 20
6 91
3 54
3 60
1 65
1 97
10 75
5 28
7 52
7 95
3 72
3 81
5 46
2 76
2 4
10 40
6 33
3 98
3 64
5 36
3 31
6 42
5 100
10 94
3 88
5 83
10 55
4 55
2 40
4 76
3 82
2 90
1 75
9 44
8 17
6 53
5 74
7 90
9 95
9 18
2 62
4 37
3 95
2 17
2 18
3 54
7 46
9 17
1 90
1 98
10 65
2 72
8 16
2 95
2 45
1 92
4 39
5 7
4 93
1 98
1 16
9 66
7 16
9 29
3 38
6 19
10 17
3 1
1 67
3 67
3 12
1 82
2 55
5 11
1 32
2 83
4 41
1 60
7 17
4 49
3 51
5 83
9 65
6 31
9 16
5 36
10 79
1 90
2 97
2 92
2 65
6 12
3 51
1 45
10 20
10 38
9 93
7 34
5 60
4 16
7 52
8 57
8 39
6 100
1 91
10 22
10 27
7 20
9 53
2 3
5 69
2 63
3 79
5 4
9 70
9 69
10 45
2 34
6 87
4 53
1 96
9 5
3 46
7 5
10 66
6 68
8 61
1 81
3 39
6 77
5 31
8 1
7 95
5 39
8 100
9 33
5 39
10 54
6 59
9 60
7 15
9 71
5 79
7 80
10 67
3 70
7 100
10 46
5 32
1 61
2 85
5 32
9 82
10 68
2 73
6 72
6 81
2 56
8 44
6 92
10 9
5 82
4 37
1 21
5 67
8 42
10 42
8 1
2 19
9 42
1 57
10 63
5 78
1 35
1 75
5 64
7 59
4 100
6 81
5 61
8 12
1 92
2 64
10 61
1 87
5 82
1 94
10 37
9 3
5 80
6 56
3 32
2 42
5 50
8 20
5 7
4 98
10 90
4 50
10 92
3 82
9 87
2 84
5 48
3 48
7 80
9 68
1 78
9 70
6 47
6 14
2 23
2 55
9 16
8 89
7 1
9 97
3 49
4 64
5 50
2 37
5 69
6 83
9 64
5 71
9 12
4 80
2 20
10 97
9 30
3 76
1 61
6 65
1 57
1 66
10 72
9 78
5 81
5 3
5 23
10 1
7 67
8 54
6 63
2 17
10 61
8 47
10 72
3 81
1 33
3 80
5 93
6 47
5 71
5 87
8 22
9 20
9 22
6 11
5 32
3 88
2 51
3 35
4 53
9 12
7 23
2 92
7 14
5 19
6 51
5 8
1 6
6 16
1 16
8 55
1 14
7 16
3 74
3 95
3 53
9 50
7 46
2 98
8 55
3 92
6 74
5 96
10 11
10 73
7 97
5 87
6 50
2 6
9 41
7 60
9 39
3 98
8 82
7 89
7 35
7 68
6 46
2 74
9 12
8 46
6 45
7 62
9 12
1 38
4 80
3 21
5 56
10 50
6 39
1 37
3 71
8 61
5 5
8 59
1 66
1 41
6 40
1 44
9 39
9 95
8 71
4 67
10 16
8 64
7 77
1 31
6 38
4 61
4 85
1 82
9 89
6 32
9 82
9 98
10 100
5 47
8 34
4 65
8 51
2 50
3 9
9 30
2 14
4 33
4 28
3 52
5 12
6 52
8 88
7 79
4 14
2 45
5 38
9 39
7 56
4 30
7 42
2 42
4 57
6 85
2 93
7 52
8 48
10 53
4 45
8 64
4 51
1 72
8 1
9 9
2 44
3 61
10 19
6 48
1 11
7 93
10 60
9 18
7 53
9 3
7 24
2 56
3 85
3 6
4 69
2 13
4 34
3 59
2 90
4 35
5 94
9 1
10 34
8 55
4 78
4 54
9 87
10 12
6 88
7 77
4 37
10 76
6 99
6 96
4 78
4 80
6 11
7 5
7 41
2 94
10 8
3 26
3 2
5 35
1 21
4 46
8 37
9 44
6 11
3 24
8 36
4 86
3 65
10 84
4 75
7 24
9 23
10 39
7 55
5 21
10 52
10 37
1 89
7 44
4 37
6 23
8 86
6 78
3 74
7 16
9 31
5 72
7 22
6 49
1 71
6 43
6 37
6 58
9 46
6 65
1 82
7 60
5 66
6 99
3 35
3 7
6 5
5 50
4 6
1 27
10 95
8 84
8 35
2 73
4 62
6 58
8 78
9 81
1 42
8 61
9 16
5 51
5 61
5 59
2 78
9 99
9 42
7 96
1 15
3 74
9 67
1 20
3 81
7 68
5 32
4 1
5 28
6 82
1 71
6 14
1 43
