7 51
4 19
2 3
8 18
10 22
3 86
10 93
7 75
8 41
8 89
10 24
3 21
2 53
7 26
9 43
10 6
9 6
8 2
4 74
8 99
7 92
1 13
1 3
5 53
10 12
10 8
3 75
9 24
7 78
7 92
5 67
9 16
10 15
1 41
8 94
4 55
10 38
9 2
1 3
6 40
1 36
1 66
3 29
2 24
7 14
5 98
4 97
6 32
9 91
1 18
10 23
9 15
2 8
8 29
8 54
7 11
8 97
7 31
1 58
9 9
7 3
8 40
8 14
4 51
1 22
1 100
2 46
8 43
8 10
10 27
8 47
9 87
5 11
1 27
8 83
2 92
2 23
9 30
1 20
8 13
8 72
7 36
10 78
7 3
10 88
9 15
1 19
7 76
1 34
7 46
10 91
1 57
7 8
3 36
9 26
3 50
8 36
9 32
2 71
1 54
8 77
8 76
7 9
9 93
8 98
9 97
3 23
9 84
3 63
4 58
8 69
5 97
4 16
6 30
8 70
10 21
7 15
9 88
6 65
7 71
3 18
6 74
9 90
5 44
8 12
10 93
8 64
6 90
9 7
6 68
6 86
7 43
6 80
1 83
2 68
3 2
2 80
5 51
2 13
8 2
9 19
7 32
2 100
7 39
2 4
4 80
10 96
7 70
6 9
10 23
7 97
6 77
4 98
6 15
10 87
4 1
9 47
9 39
2 47
1 6
2 8
4 49
4 35
8 55
6 15
4 9
5 37
7 1
3 97
9 66
9 12
3 50
7 58
2 22
3 52
7 84
5 12
6 80
2 4
3 33
2 88
4 94
3 7
1 1
6 42
5 48
3 33
6 97
5 71
6 69
5 33
7 84
3 82
1 71
2 66
10 54
4 65
3 81
9 95
9 18
1 3
10 54
6 49
7 50
9 81
2 44
2 18
1 47
5 75
10 39
2 13
5 31
9 14
9 82
6 2
7 44
9 41
5 22
7 37
3 36
8 90
8 40
1 95
8 37
8 95
1 13
2 78
6 95
10 95
10 17
4 47
1 79
9 88
9 38
1 56
3 60
10 76
6 83
2 45
1 57
3 38
10 76
4 44
7 87
2 79
7 98
8 87
3 42
6 16
9 85
4 46
9 53
1 52
1 23
10 32
6 28
6 72
10 4
1 28
4 87
1 56
10 37
6 33
6 66
1 24
6 55
3 12
2 16
8 42
2 87
4 34
3 66
2 56
3 85
9 49
6 59
8 89
9 15
2 54
7 66
1 26
9 100
3 9
2 1
4 50
3 91
6 25
7 6
10 64
4 39
5 3
8 94
6 53
3 79
10 4
5 11
9 65
7 57
4 14
8 39
1 64
10 71
6 13
9 25
9 59
3 55
7 11
6 25
10 50
9 60
1 98
8 29
3 60
5 96
5 38
1 16
6 32
3 96
8 57
5 67
9 4
2 7
8 92
4 15
10 18
3 64
2 17
10 84
3 93
8 47
4 29
3 37
3 22
7 84
4 5
10 63
7 24
4 69
6 19
6 93
4 94
1 79
10 40
10 67
4 78
8 65
1 84
2 77
1 25
9 21
8 58
5 62
1 72
6 44
5 47
10 59
7 62
8 51
10 32
7 94
8 64
10 50
4 10
9 42
9 79
9 94
6 47
2 87
4 30
10 84
5 32
2 68
10 46
6 49
8 99
8 19
5 59
2 78
5 36
5 100
8 30
1 39
4 49
3 28
9 3
2 81
10 71
9 5
4 18
1 26
4 84
7 12
8 83
4 69
6 9
8 89
8 24
6 76
4 59
1 38
5 95
1 20
8 71
6 26
2 62
3 21
10 100
10 38
9 36
1 20
3 21
3 19
4 23
1 38
3 53
3 76
3 78
3 63
9 1
9 2
1 74
4 22
7 50
10 56
7 58
6 89
10 61
10 26
1 32
8 15
8 48
7 60
7 52
7 12
5 72
6 62
2 69
7 57
8 75
4 35
7 57
3 74
7 16
6 12
4 63
5 5
3 72
10 99
10 76
7 86
6 36
9 50
7 81
3 46
7 98
4 71
10 60
10 54
10 99
4 71
5 28
4 79
9 7
7 45
2 20
3 65
5 42
4 85
2 40
5 42
3 87
6 71
9 97
4 77
3 85
6 91
8 23
8 33
6 19
6 77
8 74
8 89
3 82
3 28
8 16
8 67
6 79
3 100
3 50
5 47
3 39
1 94
4 32
8 43
3 88
7 60
7 56
6 38
2 46
3 47
9 51
8 3
8 61
4 86
5 49
8 81
6 63
9 26
8 79
2 69
4 25
9 65
4 72
10 9
7 100
6 49
10 74
5 17
10 57
10 92
4 16
7 41
9 20
4 95
9 39
8 36
4 22
9 77
7 43
1 76
7 84
3 63
9 33
8 45
10 36
7 95
7 8
2 93
2 15
1 94
6 10
3 2
5 43
9 76
1 33
7 1
4 93
3 68
5 92
3 59
9 22
5 83
5 21
4 56
6 39
1 19
5 90
5 97
9 78
10 33
1 14
4 15
5 47
2 54
6 7
10 43
1 17
5 7
1 83
3 54
3 97
3 30
2 13
8 32
6 76
6 90
4 70
2 66
6 23
5 51
5 18
2 58
8 84
10 100
10 66
10 79
8 83
7 58
8 81
9 87
6 51
9 60
5 81
10 86
5 32
2 51
9 53
5 3
4 96
8 97
5 14
5 47
2 40
1 4
8 75
5 38
3 10
1 10
9 11
1 4
8 62
6 11
5 67
5 25
9 79
1 100
2 19
8 59
7 9
2 84
5 55
4 22
1 46
10 94
2 20
5 2
1 62
4 71
6 82
10 78
5 89
1 95
8 4
1 17
9 37
3 97
9 73
6 73
10 18
2 49
10 71
10 10
2 44
7 19
5 16
10 70
8 28
8 50
9 43
2 91
10 53
5 80
1 89
6 13
4 95
3 22
3 78
2 87
3 78
10 30
3 66
1 11
7 83
2 74
8 54
3 40
4 52
6 4
1 11
5 1
6 19
7 62
9 83
6 1
8 95
9 41
9 73
10 10
4 67
10 59
5 11
10 32
9 18
4 2
7 14
7 81
2 5
10 9
5 87
1 32
3 40
6 95
8 43
3 16
2 38
1 81
3 92
1 72
5 32
2 74
10 44
10 17
1 51
3 10
8 51
5 93
8 47
7 81
3 9
2 100
3 92
3 11
1 98
8 74
9 25
4 36
6 64
5 6
1 69
6 30
9 97
6 2
1 87
5 87
5 79
8 46
6 16
4 94
8 57
1 48
6 81
1 11
7 53
4 14
3 7
6 61
3 98
1 93
8 53
10 57
10 97
7 22
5 50
6 81
5 77
2 76
4 17
8 20
10 84
7 75
5 22
6 70
7 54
1 65
6 68
5 98
3 30
3 64
3 55
7 74
7 66
8 100
8 17
5 14
8 81
7 84
6 90
10 74
9 100
8 14
1 77
7 3
4 68
3 88
1 58
5 94
9 40
3 63
5 92
7 42
8 53
1 13
7 81
6 77
2 66
4 28
8 23
10 67
10 46
6 71
7 27
7 48
8 30
7 38
9 58
6 16
5 34
1 86
6 65
3 94
5 63
3 87
5 26
8 23
9 79
2 4
2 39
7 14
9 54
9 35
3 75
5 31
2 13
9 95
7 34
8 38
1 14
10 39
7 87
4 71
8 96
9 6
5 33
4 85
1 78
5 83
5 100
9 4
10 97
5 48
4 95
1 97
6 73
2 41
4 21
1 22
2 42
2 39
10 50
5 32
9 80
7 87
3 21
2 79
5 60
4 58
5 96
9 62
8 78
5 52
7 9
1 89
10 3
4 51
5 89
2 16
8 14
3 26
5 89
4 15
4 13
7 4
4 66
1 6
2 50
9 56
1 50
3 88
3 60
1 28
7 87
10 77
5 33
9 100
7 80
6 66
5 15
6 86
3 28
3 20
3 26
9 45
10 17
8 2
8 49
3 99
5 90
4 18
2 5
7 93
9 67
9 53
9 68
1 56
2 43
6 26
4 80
8 59
8 68
6 36
2 46
1 65
5 53
2 25
4 34
3 77
3 13
5 91
2 82
5 94
3 14
2 18
6 77
10 10
1 10
5 38
10 71
7 49
9 29
8 67
2 20
8 25
7 74
5 42
5 90
7 52
3 77
9 24
8 84
7 99
7 72
8 75
3 72
3 19
7 37
1 39
9 99
7 67
5 79
5 30
8 85
1 95
5 5
6 53
7 99
3 13
2 16
8 56
8 56
4 35
8 86
1 47
9 47
5 13
3 63
6 25
9 25
5 17
9 38
2 41
3 81
3 28
4 82
1 77
10 65
9 9
10 46
3 59
1 12
1 22
5 83
5 49
5 7
1 56
4 78
10 56
8 58
4 40
4 97
8 49
5 1
4 46
4 56
10 77
5 85
8 62
1 30
2 46
10 91
10 11
2 35
2 45
3 37
10 93
5 29
1 61
5 86
1 96
8 61
8 55
