4 58
3 34
7 35
1 49
4 26
7 32
2 86
5 5
9 65
6 79
9 70
7 98
5 80
9 8
2 44
2 43
3 10
2 29
8 1
7 72
7 9
10 50
6 3
9 24
4 84
1 51
8 58
7 20
7 8
7 15
2 17
2 39
10 85
5 85
10 12
7 98
5 96
3 30
10 50
4 91
7 4
8 63
5 6
5 7
9 27
6 6
1 19
8 66
6 3
3 29
7 25
7 63
9 99
8 24
1 31
8 90
7 33
10 66
1 53
9 56
4 23
5 20
7 1
9 15
5 76
10 63
8 80
8 36
3 42
7 29
7 79
8 87
7 63
2 16
8 79
1 31
7 10
6 59
10 79
6 75
2 4
6 22
3 59
7 53
5 37
5 15
6 93
5 72
3 58
6 77
1 97
9 91
9 86
9 14
10 66
3 10
1 27
6 67
10 92
1 90
2 7
7 20
4 30
10 61
10 70
4 41
3 95
7 9
10 64
8 14
5 14
8 63
1 89
3 84
1 15
10 46
1 6
9 35
7 13
5 67
2 27
5 21
10 3
5 100
5 44
8 5
7 97
10 88
7 74
9 3
8 43
6 46
5 29
9 32
5 38
6 22
6 44
3 40
10 36
5 69
10 14
4 81
2 57
2 30
10 89
2 30
1 32
6 25
9 67
7 87
1 66
7 74
4 71
8 73
7 27
9 68
8 34
8 80
2 74
4 16
1 36
1 39
6 11
1 93
10 21
2 64
3 32
1 78
9 58
1 90
7 14
4 97
9 92
4 72
8 11
6 100
9 17
10 89
7 3
7 79
1 32
5 23
2 17
9 19
1 47
9 10
6 8
4 87
10 67
10 80
10 72
9 78
5 33
5 96
4 9
2 10
2 34
2 93
10 28
2 32
6 84
6 42
10 98
4 79
2 41
1 28
7 6
2 92
5 68
5 77
5 100
5 16
1 36
1 25
1 41
5 95
7 30
6 40
4 71
5 16
2 72
2 45
7 56
8 56
2 15
1 10
10 96
5 18
3 54
3 15
10 53
2 74
6 17
5 10
5 32
5 87
3 90
9 69
9 3
9 82
4 84
3 97
1 22
6 47
3 84
2 39
5 91
3 29
7 5
6 18
3 76
2 16
2 9
4 14
7 62
5 32
8 51
7 61
7 1
1 96
10 77
2 77
5 88
2 53
1 50
2 98
3 79
3 91
4 2
10 7
6 77
5 76
4 62
6 90
6 5
3 45
6 55
7 85
3 59
8 90
1 100
9 65
6 2
9 31
4 29
10 56
1 65
4 94
5 36
4 8
9 67
6 22
10 9
7 60
1 1
2 91
4 78
5 80
10 24
6 21
5 19
4 65
2 41
10 48
9 53
4 59
8 87
10 94
9 18
2 13
8 44
1 74
5 78
3 65
6 22
3 96
8 17
8 22
1 77
3 60
5 96
2 48
8 96
2 42
4 43
4 68
9 15
1 84
8 38
4 78
2 95
3 13
6 78
2 72
6 62
1 50
5 99
8 1
1 34
5 61
7 65
6 33
8 7
10 44
2 56
4 85
4 63
8 88
2 81
3 25
5 8
8 60
10 28
1 60
10 13
2 44
1 34
3 88
7 22
3 28
3 2
1 80
10 35
10 92
5 34
8 3
10 6
4 27
7 48
4 48
2 51
3 95
10 95
10 5
5 12
5 89
8 33
9 70
8 98
4 18
3 60
9 61
3 72
10 74
5 83
1 1
9 97
6 69
9 20
6 69
1 76
9 10
2 25
1 47
6 53
7 82
9 5
10 47
10 70
5 83
3 69
10 23
1 73
4 59
9 77
4 94
9 90
7 44
5 70
6 80
10 87
1 11
5 47
8 1
5 29
9 11
8 26
10 83
2 10
7 89
6 6
6 42
3 75
3 55
8 24
6 43
6 60
1 30
10 67
4 75
9 69
6 86
5 94
7 59
8 41
2 54
10 14
8 76
1 78
8 66
3 47
1 58
6 1
2 51
10 22
4 2
5 69
2 11
5 41
1 69
10 53
8 43
10 59
7 24
4 32
7 86
10 3
8 79
4 62
10 33
6 26
4 81
1 37
9 11
1 63
7 36
9 34
5 32
10 72
6 22
4 95
2 79
8 64
7 44
10 69
1 9
7 92
2 15
8 22
7 37
1 19
4 100
9 33
2 56
6 76
3 75
10 90
3 56
2 97
8 12
4 8
10 87
4 32
5 22
4 27
5 11
10 23
4 17
4 65
2 32
7 68
8 37
4 3
3 30
9 80
8 68
4 47
10 58
4 53
4 78
10 72
4 74
4 93
9 3
6 79
7 88
1 5
10 66
1 54
5 25
4 35
2 66
7 9
5 91
8 81
5 45
10 2
6 85
6 67
10 11
10 30
5 87
9 85
5 53
3 67
4 8
6 43
10 40
7 30
6 18
7 63
2 44
3 44
7 26
8 91
7 95
10 91
5 26
9 25
1 62
8 95
4 16
10 44
2 100
1 71
5 66
2 58
8 44
5 59
7 34
3 54
6 85
5 88
8 72
10 29
1 5
10 34
9 21
7 90
3 60
7 95
10 96
8 64
3 48
6 94
2 56
9 56
1 72
7 80
2 71
2 53
8 23
9 50
10 26
4 45
8 67
4 22
1 95
2 7
7 4
10 33
8 45
3 65
4 8
9 37
3 41
8 13
2 54
5 74
2 48
4 57
9 97
4 93
8 65
5 40
8 64
1 5
6 5
1 69
3 25
5 87
8 42
5 96
7 56
8 95
7 47
8 42
2 99
3 43
3 8
9 99
4 52
7 6
4 24
2 4
8 76
1 6
8 43
8 100
2 20
10 27
3 82
8 12
10 19
1 65
6 32
5 64
5 97
8 70
3 89
9 89
7 19
5 11
10 44
2 35
5 86
9 30
4 6
1 18
1 79
9 2
7 42
9 31
5 65
8 87
2 56
3 78
8 88
5 69
2 45
10 55
3 94
3 78
6 6
5 82
5 90
6 55
10 74
10 80
8 14
3 65
1 67
5 13
5 22
7 41
8 93
1 50
10 44
10 74
9 68
7 74
9 28
10 7
8 16
10 19
2 91
8 39
3 12
8 72
10 53
1 6
5 65
2 13
4 44
2 75
4 30
9 12
2 25
1 6
7 91
6 20
5 4
7 37
2 3
7 33
2 65
5 13
8 64
10 25
10 7
4 75
4 88
8 90
8 33
6 81
4 8
7 66
1 41
3 88
8 38
4 57
5 23
1 97
8 19
2 8
1 96
6 18
3 67
3 21
9 24
10 99
6 26
4 11
5 98
10 71
5 11
2 72
3 53
3 62
5 42
3 3
3 59
9 31
9 47
1 29
5 59
9 29
3 50
9 89
9 80
5 75
3 31
3 38
7 93
10 1
5 93
1 65
6 72
5 18
4 56
7 82
1 45
8 70
7 32
6 82
9 41
2 95
10 85
10 63
8 78
8 65
9 39
7 20
3 11
3 68
6 29
8 44
10 10
10 94
5 40
6 4
10 51
4 91
5 54
5 35
10 52
2 23
3 41
9 7
6 92
5 60
1 19
7 55
8 58
7 74
4 61
2 28
5 97
6 20
3 22
9 18
9 27
8 66
6 70
10 77
3 36
6 42
8 77
7 38
1 57
10 49
8 3
5 34
4 83
2 1
9 92
4 11
9 47
7 30
9 51
6 20
5 90
7 71
5 96
1 35
6 99
7 80
2 76
8 98
9 90
8 31
1 89
3 28
7 64
3 76
10 100
4 50
1 6
2 98
7 4
4 56
8 89
4 14
9 34
5 64
2 88
6 56
3 36
6 23
6 79
3 91
6 68
1 33
3 88
9 28
7 88
7 23
3 1
6 59
5 98
10 39
6 79
2 35
8 3
2 50
4 7
6 96
7 96
6 95
5 64
4 84
7 62
6 74
3 49
5 40
10 83
2 29
2 57
4 94
10 20
10 23
3 88
6 54
8 72
4 5
10 34
5 38
2 63
8 94
6 72
4 52
5 98
9 53
4 36
4 41
6 83
3 95
10 90
9 81
7 91
2 19
8 83
9 43
5 90
7 47
5 66
5 48
3 19
2 90
8 19
8 72
7 25
2 94
9 53
9 18
5 30
7 41
7 13
3 27
2 73
4 38
9 88
4 87
4 73
5 62
1 43
2 29
3 6
8 32
4 13
4 92
1 17
4 23
8 6
9 4
9 48
5 44
10 24
1 33
1 97
1 43
6 70
7 93
3 90
8 69
5 27
8 52
1 63
8 100
2 49
4 41
7 37
3 100
10 12
10 63
7 55
6 54
1 89
6 98
7 80
7 1
2 34
7 33
8 97
4 42
9 34
3 87
3 46
4 65
4 59
10 80
6 90
5 35
10 97
9 19
6 97
2 91
9 53
9 11
4 7
7 24
3 85
4 8
3 32
4 11
2 13
9 57
10 71
7 14
1 97
1 73
10 72
3 93
3 82
10 71
1 92
10 65
9 95
10 87
1 58
