1 2
1 16
7 90
8 29
3 89
5 68
7 45
6 54
3 5
2 64
10 94
1 63
3 63
7 98
9 91
5 63
5 26
4 20
4 8
10 28
4 16
2 21
5 76
8 27
7 91
1 55
2 20
5 94
2 61
7 35
2 72
6 48
2 25
2 68
1 55
8 66
5 58
5 89
2 14
5 69
7 61
9 49
2 41
8 76
10 80
4 71
6 54
2 52
9 87
8 21
2 35
6 48
5 16
9 91
3 25
10 76
2 88
8 59
1 25
10 47
1 54
9 11
10 53
5 7
6 80
4 36
3 85
2 1
4 9
1 31
4 72
3 96
7 92
5 24
5 9
6 48
2 25
1 84
8 44
5 32
4 80
2 24
1 40
10 86
7 87
5 77
4 52
3 48
9 93
1 64
3 89
2 26
8 10
8 69
1 27
4 48
5 87
3 77
8 21
10 63
10 5
9 34
4 7
10 5
7 26
8 51
2 75
4 34
8 37
2 38
2 47
2 19
10 77
5 71
5 7
5 19
8 18
3 4
4 53
5 6
10 61
4 9
10 26
4 72
1 18
2 39
5 51
3 72
9 38
5 2
6 74
2 39
3 8
6 13
4 37
1 88
7 49
6 54
4 79
4 16
7 1
6 16
8 8
6 44
3 53
3 79
6 91
9 99
4 61
7 12
2 95
6 39
7 5
7 83
8 64
2 9
6 18
5 98
9 57
5 95
2 76
1 48
5 5
1 43
4 75
6 37
9 92
3 94
5 11
3 82
8 25
1 15
7 41
3 43
2 74
9 96
2 69
2 99
10 41
5 98
10 92
9 16
8 35
6 23
3 37
6 17
4 8
6 100
4 46
4 53
9 28
8 8
2 69
3 31
6 14
6 52
5 85
9 13
8 84
5 39
8 56
8 47
6 32
1 70
3 32
1 23
8 26
1 59
5 4
6 88
7 20
7 35
4 82
4 29
4 96
7 17
8 20
2 68
2 42
10 46
3 5
9 21
7 69
7 64
4 26
5 2
1 60
3 57
6 99
6 90
10 55
1 23
10 65
5 25
4 68
1 27
6 11
4 23
8 96
10 72
2 15
1 6
8 45
3 98
8 40
4 42
10 75
3 6
2 43
7 28
8 26
10 58
7 31
6 42
2 39
1 14
6 31
8 62
6 20
1 20
7 80
5 76
6 62
4 9
3 42
4 7
10 87
5 35
6 73
10 88
6 15
4 8
7 46
1 56
8 36
5 45
2 53
3 68
9 88
3 17
1 50
3 81
10 19
3 93
3 98
2 67
8 55
8 59
9 84
8 95
7 74
7 97
6 18
2 6
1 68
6 18
1 38
5 77
4 7
2 13
5 8
7 50
7 20
5 2
8 64
3 99
3 28
3 42
7 98
9 7
9 54
6 95
5 80
6 98
4 2
1 43
10 43
1 53
7 57
2 63
5 72
3 64
6 97
1 26
4 74
2 93
1 87
9 85
10 74
8 45
6 40
3 82
2 1
4 12
3 19
4 47
6 90
4 86
8 58
6 93
3 71
8 58
6 66
6 84
1 78
5 99
5 22
2 95
8 69
1 35
7 16
9 89
2 84
7 66
4 73
4 25
9 87
6 25
8 60
10 79
5 74
10 97
9 7
5 89
7 23
2 91
8 75
6 3
7 12
3 42
8 34
8 68
10 67
7 58
3 100
10 31
1 59
2 49
7 44
1 54
7 26
10 86
4 93
1 26
4 91
2 96
9 8
5 94
1 83
6 73
3 70
9 28
3 65
3 97
7 76
2 24
6 92
6 70
9 92
8 69
5 41
2 59
9 99
7 36
10 83
8 79
6 11
6 97
3 96
1 76
6 68
8 67
1 43
10 18
3 68
2 6
7 6
9 91
3 8
5 6
10 67
10 78
4 38
6 67
6 48
8 18
10 51
8 20
2 84
8 66
6 80
6 22
3 46
8 73
1 42
8 84
5 22
7 72
9 64
6 77
8 53
1 40
7 13
1 75
7 39
10 14
2 16
9 56
8 28
6 63
1 38
2 69
6 50
6 36
1 28
2 45
3 59
5 76
9 91
9 92
1 80
5 15
9 65
5 1
1 42
3 23
3 74
5 66
2 77
5 62
2 6
6 1
4 5
2 40
3 96
10 70
4 27
4 3
9 22
2 37
5 75
9 55
1 61
10 94
4 21
1 46
8 3
7 37
1 69
6 15
10 28
1 10
5 44
9 4
10 19
7 79
3 42
6 5
7 61
9 47
5 52
9 8
5 78
9 62
1 41
2 53
1 96
1 59
8 3
10 77
5 25
1 72
10 9
7 72
9 74
7 46
9 95
10 29
5 12
5 28
6 75
3 34
3 60
2 67
8 100
5 90
10 12
1 76
9 26
7 8
5 28
5 82
6 74
8 63
7 8
10 99
8 9
9 62
4 22
3 55
3 70
1 79
10 6
5 63
9 90
8 98
9 76
7 17
5 10
9 56
3 22
6 10
4 20
6 94
4 80
7 26
10 79
9 100
7 6
1 48
1 61
2 36
5 78
2 84
4 48
5 71
4 39
6 58
8 52
3 72
9 82
2 62
6 53
9 2
2 17
2 91
3 35
8 48
2 20
8 10
9 55
8 84
4 74
2 30
10 13
10 14
10 59
5 12
8 77
6 84
5 77
9 78
10 100
1 33
2 5
10 77
9 82
7 51
4 16
2 79
3 63
9 11
6 31
6 91
7 48
6 97
5 33
8 7
4 36
7 75
6 70
1 46
8 37
2 57
6 100
7 17
6 14
1 11
5 3
5 88
2 28
5 79
7 2
9 86
2 35
8 62
2 93
3 36
3 15
10 16
6 22
4 60
5 9
3 74
8 22
8 71
10 70
6 53
9 59
3 12
4 92
8 82
5 66
8 65
8 38
7 22
4 91
8 55
6 38
3 12
5 93
1 63
6 82
1 40
7 41
9 9
9 53
6 68
7 11
9 74
10 28
7 82
3 99
5 99
6 11
7 6
6 23
4 90
9 16
9 26
1 67
5 65
4 68
9 14
7 11
3 98
5 47
1 8
2 48
1 31
3 70
4 31
4 80
2 1
9 99
10 93
7 97
8 71
8 27
5 74
8 31
6 42
4 49
9 60
7 52
4 80
9 81
8 50
9 1
4 87
7 89
6 95
9 60
5 48
9 88
2 43
6 61
9 62
4 7
4 62
4 27
2 86
1 85
10 41
8 49
10 50
3 65
4 66
3 87
2 88
7 40
5 29
3 97
7 5
2 69
9 95
4 4
7 12
7 38
2 80
9 53
2 6
8 46
1 65
3 47
3 38
1 15
9 80
3 85
4 100
5 15
4 53
10 55
6 91
2 32
2 33
2 40
2 33
4 53
7 89
9 71
9 27
4 61
8 76
2 68
8 63
8 93
9 34
6 25
5 19
8 71
9 5
9 67
4 17
4 39
8 48
8 83
1 6
10 90
6 38
2 83
8 45
8 86
4 33
7 13
1 20
4 95
3 73
10 32
6 90
2 62
3 40
3 84
7 25
5 34
1 57
9 68
9 47
9 24
10 78
8 91
3 13
8 68
1 36
2 38
1 2
9 35
6 43
10 9
6 66
8 16
8 73
9 19
1 37
5 93
7 69
1 60
5 46
1 94
4 18
9 90
1 3
5 58
1 63
2 63
5 69
4 30
4 34
10 47
7 70
3 35
7 43
5 72
3 5
10 12
4 67
4 94
3 45
7 87
3 91
5 29
8 79
10 34
7 16
1 60
3 67
9 96
4 74
10 58
6 100
10 68
9 59
1 30
8 62
10 82
5 11
4 44
3 52
2 70
9 3
3 11
2 48
5 30
10 24
1 90
9 55
2 96
5 54
6 37
10 44
7 82
5 32
5 58
9 4
5 76
5 40
10 43
3 20
6 11
5 24
2 16
5 32
9 5
3 13
10 79
10 59
3 25
5 68
7 2
7 74
7 85
9 93
3 52
6 76
8 40
6 30
2 89
4 21
4 19
10 43
7 1
5 24
5 34
2 81
10 93
3 67
3 66
7 76
2 35
4 87
2 9
7 50
5 33
8 98
10 50
8 84
2 78
1 43
2 4
7 21
4 45
6 14
9 37
6 52
1 59
5 71
3 74
2 33
1 78
2 52
4 46
5 4
5 14
2 28
6 52
10 6
7 78
8 20
10 3
9 37
9 21
5 38
6 14
2 89
8 19
5 51
1 63
7 35
9 66
3 22
2 63
5 19
1 67
2 69
7 83
10 27
4 24
7 72
7 63
8 24
4 57
1 43
6 77
3 37
2 30
9 2
10 63
2 97
6 44
9 64
7 79
3 79
9 45
6 98
10 36
6 5
5 70
8 99
1 44
6 75
2 44
6 96
7 77
2 54
10 10
7 42
9 30
5 23
4 19
6 64
8 52
2 80
7 50
10 92
5 15
2 91
1 15
8 63
5 57
5 48
3 12
6 63
4 51
1 33
3 66
10 18
10 21
10 45
2 67
5 66
