8 35
1 8
1 23
10 64
9 46
1 16
10 24
1 85
1 48
6 86
1 72
9 89
4 52
3 62
1 30
4 68
9 44
10 98
6 99
4 29
10 19
7 87
1 27
8 75
8 11
2 61
7 13
8 52
7 14
8 73
8 6
9 79
4 82
3 48
7 82
8 27
5 10
2 14
4 91
10 76
5 97
7 45
4 63
2 39
4 36
1 58
3 91
8 22
1 41
9 72
6 32
8 31
2 60
10 6
7 84
6 64
6 30
3 91
6 99
8 1
8 13
6 41
8 71
8 27
7 45
9 32
9 14
10 73
4 55
7 57
3 9
8 70
4 90
7 65
9 52
3 35
6 67
2 66
4 98
8 8
7 14
8 2
2 47
5 40
1 52
6 85
1 54
7 87
9 8
1 21
2 46
1 33
1 24
10 33
2 23
2 41
4 8
3 44
1 68
6 33
3 43
10 89
7 28
2 78
7 22
1 18
2 78
7 70
5 58
4 15
8 58
3 12
1 94
7 85
4 64
7 44
9 40
7 89
4 18
7 28
7 46
8 20
5 71
4 63
7 43
10 2
5 72
1 71
9 90
10 98
7 11
2 100
2 95
3 5
6 72
10 5
8 14
5 8
2 54
10 80
9 85
9 8
1 20
2 58
5 86
5 25
1 50
6 34
1 15
7 25
9 95
2 9
4 68
10 92
6 30
3 48
8 78
7 100
8 63
2 31
4 35
2 28
4 53
4 61
9 42
10 38
7 30
8 19
4 73
9 66
7 8
8 80
6 15
10 58
6 16
1 12
5 85
7 5
7 26
3 31
7 23
6 74
3 98
2 64
2 50
1 97
4 83
2 44
8 32
9 90
9 39
3 37
9 64
7 50
4 27
3 2
6 17
9 11
1 38
9 55
10 53
4 49
1 79
9 51
8 13
7 40
8 65
7 40
9 16
4 34
2 80
6 66
5 25
4 24
2 18
2 57
5 75
4 22
8 29
1 34
4 69
8 85
7 93
4 55
6 85
1 97
5 92
1 20
3 56
3 13
10 91
7 70
2 75
10 96
1 36
9 96
3 94
8 92
4 52
5 34
3 11
5 100
9 43
3 76
4 24
6 66
7 49
6 94
4 39
3 43
4 48
10 59
8 67
4 16
3 61
4 38
8 66
7 29
10 90
10 6
5 38
2 16
5 14
8 72
6 86
7 12
7 94
3 12
8 55
10 39
7 8
3 55
6 33
8 86
10 88
10 57
8 54
10 9
5 96
4 92
1 67
8 18
6 10
4 74
6 12
7 9
10 90
10 21
3 22
7 54
7 74
4 22
10 76
10 83
5 83
2 88
2 44
10 53
3 18
3 59
3 8
7 76
6 54
8 19
6 83
8 45
3 26
7 40
7 31
4 5
8 34
4 30
6 11
10 57
2 88
7 96
2 24
2 25
9 17
6 26
7 74
7 71
4 79
6 61
8 33
1 11
6 73
3 30
4 97
9 18
5 60
7 57
3 20
1 57
1 66
9 74
5 85
10 44
10 75
7 22
8 69
9 25
9 29
4 90
3 79
9 12
10 53
3 37
2 28
5 7
9 57
1 74
3 49
3 1
7 42
8 6
10 78
6 56
6 17
9 40
2 99
2 28
5 71
2 44
6 92
4 19
5 35
10 63
6 78
2 64
5 40
6 7
1 54
5 74
9 30
1 37
9 58
9 8
2 55
7 88
4 56
10 57
2 3
6 32
1 64
1 67
5 86
10 10
6 39
7 1
5 15
7 16
7 60
9 38
5 40
1 35
3 60
4 81
1 62
7 14
5 75
3 73
10 8
2 62
4 34
4 88
1 64
5 30
8 81
2 13
7 35
1 10
7 96
8 91
2 47
3 81
7 7
8 50
2 12
2 28
4 19
8 67
1 74
10 42
3 44
10 25
4 23
8 56
3 99
10 96
2 46
5 97
4 27
10 46
2 89
4 96
7 18
10 62
4 96
10 78
4 11
7 47
5 48
9 2
2 3
1 6
6 100
6 49
9 89
8 29
6 32
2 26
2 39
10 1
7 90
1 100
4 36
10 49
10 39
1 84
1 62
6 87
4 97
4 73
7 64
4 12
6 95
6 85
4 98
7 92
2 61
5 76
9 37
10 69
8 39
10 22
6 93
5 54
8 87
3 55
7 11
10 82
4 2
5 85
4 75
10 4
9 65
10 48
5 72
1 53
3 45
8 3
4 93
6 8
4 100
2 81
9 71
10 50
1 16
6 64
5 13
6 16
6 41
2 38
9 86
7 15
5 44
7 19
1 20
2 31
6 92
10 12
1 80
8 90
7 49
5 92
3 70
4 8
3 65
4 78
2 24
1 50
10 4
4 68
8 99
9 60
2 14
4 63
6 15
2 18
9 5
2 45
7 48
1 28
5 73
5 9
3 92
6 67
2 34
10 88
4 94
5 28
6 86
2 47
6 58
9 56
9 81
5 9
3 1
4 60
9 58
1 15
9 55
4 100
9 21
8 83
7 92
7 82
3 97
8 76
10 97
5 65
3 41
2 26
4 31
10 52
9 100
2 16
9 29
7 6
5 2
5 19
3 35
6 54
10 90
3 33
3 46
2 58
9 88
7 41
10 11
8 45
6 2
10 99
4 41
3 14
6 4
6 50
7 78
4 88
1 29
6 43
3 40
10 38
2 86
1 29
4 45
2 77
1 8
9 65
4 13
9 3
8 32
8 32
1 64
7 96
3 71
3 26
7 11
6 17
2 16
7 87
1 9
9 34
10 99
5 5
1 92
8 25
2 17
10 63
1 75
6 31
6 84
6 85
9 34
3 67
4 73
5 42
6 15
1 59
8 50
5 53
2 57
2 64
5 99
4 57
10 37
2 27
7 47
8 81
10 7
3 36
8 49
1 76
4 27
2 28
9 17
2 2
9 42
3 96
9 54
9 86
6 27
7 22
6 48
6 2
3 40
1 100
8 85
10 79
6 33
7 30
1 53
10 7
3 97
10 30
5 24
10 80
10 6
5 95
2 95
10 59
9 2
1 96
3 20
5 3
7 80
9 95
9 73
1 54
2 3
7 29
8 94
5 20
10 8
7 66
7 33
5 77
9 58
3 71
3 75
5 50
10 14
10 65
3 26
8 60
5 16
6 100
10 94
2 5
9 78
5 39
7 34
8 68
1 98
6 68
9 49
10 21
4 65
10 75
6 15
10 44
2 88
6 45
2 79
2 5
9 48
5 46
2 28
1 39
3 7
6 89
7 71
10 87
8 67
2 85
2 40
2 67
6 3
8 15
4 90
8 81
1 53
4 72
2 62
7 95
4 24
8 30
6 88
6 70
1 46
6 95
5 86
2 61
2 77
6 59
10 94
3 65
4 59
4 48
5 65
10 80
2 71
3 49
2 52
7 99
7 59
8 37
7 57
10 62
3 10
4 47
6 92
1 80
9 13
9 17
5 59
10 77
7 19
1 55
5 84
9 38
5 58
5 55
4 43
5 89
6 65
5 53
8 83
4 35
5 54
9 69
8 60
9 99
6 8
4 41
1 51
4 70
9 71
2 66
3 26
8 30
10 60
6 7
10 23
9 1
1 20
2 3
2 50
7 54
1 73
10 62
2 5
1 8
6 90
1 13
6 30
5 71
8 13
1 59
8 93
9 80
6 81
6 4
7 56
4 1
5 64
2 82
8 99
1 31
4 27
10 87
10 14
5 18
1 6
4 16
8 76
10 29
7 94
2 90
8 35
1 57
2 19
2 13
1 65
1 12
8 57
4 51
3 78
4 32
8 65
8 71
6 72
10 43
1 23
10 91
7 81
9 5
10 99
5 55
1 97
1 99
7 30
3 22
5 3
8 60
10 51
7 34
4 94
10 52
7 36
8 38
7 78
2 98
8 52
10 49
10 78
5 84
6 97
7 77
1 52
5 7
4 20
5 90
2 86
1 49
4 61
8 75
4 21
6 24
6 94
6 65
3 89
8 62
3 25
7 93
3 50
9 17
6 28
1 56
6 18
1 57
8 22
1 98
1 54
6 35
2 97
2 17
3 68
5 94
8 83
2 68
8 32
8 93
3 31
7 15
1 33
7 17
10 91
6 63
6 49
5 94
1 1
1 4
6 10
2 95
8 87
8 40
5 22
3 84
5 13
1 15
3 36
6 69
8 56
3 14
10 24
10 74
10 6
3 22
9 44
7 86
2 90
3 8
2 77
9 2
3 6
1 76
5 45
6 45
7 16
5 28
10 28
1 82
7 52
6 75
4 33
4 71
1 86
2 40
4 12
7 98
9 6
9 10
3 56
7 16
1 37
8 91
10 51
4 67
4 98
9 32
2 78
1 73
4 76
9 92
2 83
7 89
6 16
7 26
10 35
2 46
5 41
8 37
10 64
10 41
8 58
5 39
3 94
6 49
1 83
3 97
4 63
5 78
1 86
8 22
4 45
4 49
4 93
10 65
8 48
8 44
9 78
2 46
6 57
6 11
8 81
10 45
10 76
3 31
