5 7
1 33
3 91
2 5
5 38
2 99
9 26
5 34
3 21
8 66
1 65
5 18
2 97
10 40
2 50
2 48
9 3
3 50
2 33
3 9
2 2
2 56
8 60
1 67
4 91
5 48
10 24
5 55
6 78
1 69
7 80
10 57
2 71
4 98
2 50
9 37
8 48
2 6
4 27
1 18
9 71
6 11
9 97
1 29
9 26
3 77
4 92
10 40
3 21
5 89
7 47
8 72
1 52
10 36
10 82
8 64
3 90
5 67
8 71
10 78
6 78
6 34
7 18
6 99
8 15
9 67
7 28
4 96
6 29
3 86
10 81
4 21
1 9
10 88
9 51
5 42
1 39
1 2
7 99
10 86
10 38
4 88
10 83
2 78
8 93
8 80
5 69
5 64
4 46
8 94
4 40
8 94
4 87
1 60
10 55
9 46
10 18
8 72
4 46
6 81
8 58
10 67
1 61
7 54
7 90
6 42
10 10
8 22
8 11
2 16
8 73
6 87
7 43
3 28
8 61
7 62
7 18
6 5
9 33
2 11
6 45
2 78
5 38
3 29
10 10
6 98
6 13
1 37
6 41
2 19
3 71
2 85
10 63
7 84
3 58
10 74
4 71
2 28
2 39
2 77
3 62
4 82
8 12
7 3
2 96
10 41
5 24
7 98
2 74
1 79
2 20
2 32
5 64
5 67
9 10
4 51
7 14
6 92
6 5
2 94
10 72
9 38
9 93
9 80
4 51
4 73
3 13
1 85
4 11
1 47
2 66
1 54
9 41
5 65
6 12
5 53
1 93
7 42
1 53
4 64
5 74
2 1
6 52
2 64
9 58
5 40
2 51
5 40
2 29
3 87
5 18
1 9
2 62
5 41
10 49
1 13
8 91
1 76
4 58
9 6
1 36
1 99
5 30
7 18
3 20
6 68
6 30
8 78
4 97
10 72
2 60
5 80
10 50
3 95
6 21
2 11
3 56
1 35
10 2
4 51
8 88
9 3
3 89
8 35
10 48
2 94
8 34
6 25
8 51
2 51
2 25
10 66
10 15
8 95
2 56
10 16
1 15
8 1
4 94
6 5
8 36
5 42
2 40
10 3
3 86
5 47
4 60
9 60
2 70
1 89
9 39
10 61
5 14
2 32
1 26
7 92
1 26
5 2
2 97
6 27
1 14
8 67
9 5
2 93
5 59
4 84
5 71
9 85
1 97
2 45
8 48
1 100
5 8
7 66
10 98
1 33
3 57
9 71
4 9
10 56
6 15
5 57
10 73
1 53
4 80
9 73
6 4
5 88
1 35
10 60
6 26
5 32
5 45
5 27
3 38
9 74
8 14
1 82
2 92
4 37
5 39
2 35
10 87
5 56
7 95
4 69
2 10
9 25
4 27
8 31
4 8
2 42
9 100
6 64
1 81
7 92
1 65
2 23
10 56
6 90
8 60
5 6
2 24
3 20
2 75
2 44
7 5
1 73
3 81
8 88
3 83
1 51
1 56
3 9
5 75
3 60
10 49
8 46
4 31
4 88
2 14
10 84
9 84
1 19
9 64
8 49
2 74
10 30
1 51
5 25
4 5
4 35
5 40
5 49
4 60
1 82
7 94
1 41
6 26
4 76
4 43
1 31
4 59
3 72
9 21
8 12
1 62
6 62
4 83
2 51
6 85
10 66
8 71
10 70
3 85
7 51
5 96
9 6
4 61
2 10
4 95
6 80
1 72
5 14
1 4
6 96
9 82
10 15
4 7
4 39
10 85
5 21
4 9
8 54
4 25
8 32
4 86
7 19
10 61
9 23
2 29
2 72
5 98
1 98
4 65
7 29
10 73
8 45
4 100
7 36
7 82
4 49
10 52
9 88
4 33
6 60
9 40
8 8
9 85
1 99
7 13
1 50
3 5
7 21
3 62
5 99
5 49
8 26
10 18
3 71
5 11
10 50
6 3
2 7
5 4
5 89
10 90
10 16
1 94
10 46
10 27
1 74
7 49
4 7
7 28
3 12
5 51
3 16
6 15
9 4
8 94
2 97
8 78
10 78
2 47
3 27
9 75
6 59
5 74
3 7
5 98
1 11
10 14
2 20
3 92
4 53
6 59
3 99
10 23
6 4
8 48
1 86
9 82
7 61
3 13
4 7
9 16
4 9
4 23
4 84
7 22
3 38
4 20
4 30
7 30
2 38
7 6
1 68
7 96
6 41
4 73
5 42
8 81
1 57
7 23
6 48
9 93
4 13
1 81
5 71
9 51
6 60
9 76
10 100
4 73
9 45
8 14
9 69
7 39
8 14
1 13
2 26
2 60
2 75
1 64
5 89
1 78
9 90
6 43
6 91
3 77
4 87
4 81
8 68
1 68
3 54
4 17
4 27
7 69
5 57
4 19
3 57
3 63
2 29
6 54
5 1
7 87
3 89
2 94
9 63
7 50
2 100
2 88
6 38
4 26
1 98
6 38
6 35
10 70
7 76
3 98
10 25
9 33
6 65
10 83
3 37
8 47
8 77
7 49
3 25
8 73
9 2
9 84
10 27
10 3
6 90
1 70
6 72
4 25
9 30
2 50
2 63
1 56
10 35
1 77
6 77
10 56
8 61
5 5
5 44
8 82
6 25
1 50
6 98
5 64
3 68
4 7
5 40
1 33
6 56
6 55
6 98
5 68
10 59
6 90
10 3
1 78
9 5
3 75
2 22
5 51
4 24
7 37
6 26
3 87
2 11
1 27
6 7
9 50
9 61
3 70
5 71
2 57
1 76
6 56
4 73
3 72
2 84
1 48
5 78
4 87
9 51
4 74
4 13
6 36
5 25
3 54
5 53
5 85
5 8
8 41
1 47
5 88
8 74
3 93
4 67
2 100
9 31
2 92
8 47
5 27
1 81
10 53
7 77
4 23
10 51
10 83
4 99
4 3
3 9
9 31
3 67
10 37
8 68
2 83
8 42
3 70
6 60
5 67
1 55
4 8
4 19
2 98
3 6
8 60
3 5
3 7
4 23
10 26
4 67
4 5
5 50
1 83
6 26
9 41
10 66
10 58
9 3
2 80
6 60
6 57
2 38
8 16
10 70
3 6
5 33
7 90
4 51
6 49
3 7
10 18
6 54
8 10
2 71
10 100
10 16
6 61
4 68
8 38
2 49
7 87
1 20
4 53
10 80
9 31
4 88
3 43
8 89
8 12
7 67
7 23
10 51
5 99
10 76
6 26
4 44
1 23
6 50
1 94
3 70
5 23
2 39
4 95
7 57
5 52
9 48
10 47
4 1
8 57
9 76
5 91
2 50
4 80
2 50
2 18
1 100
4 63
9 18
5 74
5 7
6 21
9 76
5 20
1 17
4 37
7 34
3 38
10 84
3 28
3 4
5 8
5 11
10 45
5 8
10 21
4 22
8 17
2 21
10 72
4 8
9 92
4 5
5 18
10 10
1 12
3 5
4 24
8 83
8 27
2 13
3 27
5 11
1 7
5 54
4 30
9 42
9 11
5 21
6 79
10 3
5 88
8 79
5 39
7 63
6 90
3 13
8 93
1 14
4 2
3 75
4 43
8 86
7 72
8 34
6 70
7 45
6 16
5 36
4 60
8 28
5 62
7 8
7 30
8 70
5 87
5 36
6 41
2 61
4 52
9 69
5 90
6 97
1 48
4 43
2 88
5 34
5 67
8 26
2 38
5 76
3 15
2 22
4 68
8 74
2 74
6 88
3 68
1 58
9 7
9 56
4 54
5 96
3 53
10 36
3 94
6 28
4 28
9 43
8 18
8 79
5 88
7 89
4 59
2 46
7 15
7 47
6 3
7 67
7 47
8 41
6 73
6 65
7 91
2 41
5 26
1 5
8 77
6 43
3 36
5 17
2 62
3 16
9 6
1 91
8 35
8 57
1 56
10 12
7 20
6 39
5 1
2 11
2 81
6 30
7 94
4 64
1 78
3 75
1 55
7 11
5 16
2 16
10 94
2 93
9 23
1 77
1 1
1 71
6 87
7 42
4 45
9 91
7 25
1 45
5 3
6 32
9 29
10 86
1 92
5 67
2 48
9 67
5 26
6 70
6 12
5 59
7 41
9 22
10 77
8 25
7 21
1 62
1 19
8 92
1 9
1 31
9 90
1 1
2 79
4 47
7 81
8 38
5 20
6 92
1 44
2 99
2 18
5 56
4 67
8 88
6 29
10 89
1 7
6 84
6 8
4 84
1 36
3 49
2 83
1 14
5 39
3 35
8 72
2 63
1 43
10 28
5 41
3 88
9 74
10 86
9 14
2 90
5 38
3 66
5 4
5 88
1 98
10 81
9 54
6 59
9 52
4 47
4 44
9 29
2 82
9 69
9 32
5 56
9 99
6 24
10 74
10 65
9 29
2 25
1 94
6 11
5 86
4 85
10 54
3 35
7 56
10 92
2 94
5 32
10 75
3 31
7 2
3 30
2 75
5 16
4 72
7 84
5 65
8 30
3 52
5 52
7 53
3 47
4 5
8 15
