3 34
5 39
8 60
9 42
7 95
9 55
4 16
3 41
5 18
2 65
10 41
4 9
8 19
4 16
8 17
5 8
1 75
4 80
10 45
8 56
2 14
10 6
6 4
1 19
7 36
2 99
7 40
7 81
8 62
7 92
1 53
9 79
4 52
1 88
4 19
7 28
8 98
5 66
3 56
5 99
4 1
10 54
3 84
2 78
9 81
7 25
8 11
2 2
6 74
8 55
6 23
6 30
8 89
5 74
4 72
3 19
1 13
2 62
2 34
6 54
1 32
3 1
10 35
1 14
10 57
3 49
4 59
6 61
10 65
2 15
3 57
8 96
9 44
6 68
10 17
6 62
4 91
9 98
8 50
7 19
4 5
5 43
6 95
2 78
7 59
2 27
6 83
3 25
1 58
2 62
1 18
2 25
6 58
6 78
8 71
8 24
9 94
9 80
6 6
9 9
7 16
8 3
7 37
4 60
6 3
2 94
5 40
2 88
4 48
8 41
3 50
10 7
1 11
3 59
6 72
3 13
1 66
10 72
5 35
4 2
2 50
6 39
6 24
4 59
6 35
9 53
6 20
2 65
6 82
3 18
6 58
6 83
6 50
8 17
6 69
4 47
7 25
6 81
2 68
4 69
2 29
10 43
5 37
7 5
1 18
6 56
2 91
7 47
3 56
7 70
1 13
6 54
2 75
5 64
2 91
2 23
5 12
7 76
5 59
5 25
4 90
2 30
5 67
1 8
5 55
2 7
4 12
8 48
5 11
10 4
9 22
5 24
3 6
9 39
2 65
3 69
5 83
3 82
1 67
10 67
1 61
1 100
10 40
1 44
1 10
10 26
3 67
9 34
9 44
2 63
2 40
7 95
1 26
6 46
5 98
9 63
2 25
10 34
3 32
8 91
8 96
2 4
5 62
7 7
9 34
8 46
5 78
8 85
9 29
2 16
7 41
3 86
1 6
2 80
7 37
3 93
9 2
3 72
1 38
6 63
4 64
10 20
1 27
7 47
5 85
1 74
10 71
8 38
1 90
2 21
4 50
9 61
8 82
5 49
7 39
2 91
4 6
9 11
1 61
6 10
5 54
3 7
4 45
2 39
9 19
3 3
8 51
7 29
4 9
1 75
6 46
2 71
10 12
1 57
1 66
5 82
2 12
1 27
6 1
4 34
8 70
4 21
3 45
5 42
6 6
5 78
4 50
8 39
9 53
4 60
6 14
5 23
2 91
7 23
1 34
5 75
2 60
4 88
1 36
9 95
3 71
1 79
4 92
10 30
6 15
1 38
7 16
5 32
3 78
7 53
5 70
7 58
8 75
5 46
8 70
8 2
4 87
4 44
6 78
10 1
6 73
10 78
4 80
1 42
6 11
2 71
8 77
2 58
10 52
1 93
8 5
5 88
2 21
10 15
6 43
4 32
2 14
10 28
2 35
2 29
7 21
5 76
10 83
1 92
9 74
3 15
9 41
4 60
2 71
8 43
4 69
4 6
3 67
3 92
5 1
9 80
1 87
8 28
9 9
1 43
9 47
2 82
1 93
1 91
7 27
8 56
6 52
4 36
6 9
3 11
5 28
6 84
7 82
1 67
1 23
2 9
7 34
1 97
3 17
3 5
4 55
2 62
8 84
10 97
8 86
7 55
10 10
1 8
4 27
5 77
6 51
9 55
6 78
1 64
3 26
3 85
8 85
1 10
1 82
2 10
10 3
4 6
9 27
7 82
10 36
2 10
9 27
5 72
3 61
5 96
4 63
7 28
10 10
2 54
5 70
3 91
5 92
10 71
4 25
1 79
10 22
9 59
9 31
2 42
10 41
3 99
8 13
10 98
6 22
1 8
1 62
9 99
9 37
1 22
10 43
9 38
2 53
9 87
4 14
9 30
3 12
3 11
10 70
9 22
3 73
6 43
9 73
9 44
9 81
10 51
6 58
10 13
7 97
1 98
5 84
8 63
7 76
8 47
4 45
2 49
7 35
6 10
9 88
6 87
5 98
9 99
4 32
5 65
2 37
4 28
9 50
5 38
5 58
1 95
5 28
10 91
5 99
1 32
2 37
2 75
6 23
8 4
9 81
6 49
9 27
7 69
2 99
6 31
3 34
4 47
2 99
7 31
3 7
4 86
4 35
5 42
2 31
10 24
2 32
7 6
4 90
9 13
9 28
3 14
1 72
9 51
9 26
7 14
10 77
9 41
10 51
2 61
2 51
10 82
1 21
1 52
4 29
3 41
2 92
6 82
10 72
4 7
2 74
4 60
5 15
4 74
3 57
2 3
7 28
8 14
8 29
1 75
7 49
2 55
5 27
8 7
7 22
2 52
5 3
4 40
5 59
10 76
3 59
3 97
4 32
6 32
9 87
7 98
7 47
4 85
8 30
4 19
1 97
8 53
4 16
7 47
4 31
10 47
1 59
10 7
8 60
9 97
8 35
3 62
9 37
2 78
3 64
8 72
4 31
10 70
7 13
4 72
10 49
4 47
10 41
10 100
4 84
9 23
5 54
6 98
9 56
5 42
4 70
4 22
5 90
10 27
6 26
6 21
2 54
8 8
2 27
5 89
1 36
8 64
10 40
7 99
4 80
2 62
7 63
8 47
2 48
9 72
2 16
9 40
3 58
7 14
1 96
1 2
2 60
8 82
10 7
9 9
6 37
9 88
8 72
8 77
2 71
6 25
6 15
9 73
7 37
1 58
7 29
1 46
4 72
5 91
2 85
2 55
10 23
8 58
1 55
2 21
1 20
7 67
4 62
10 5
8 62
7 35
4 96
8 82
10 55
7 26
4 46
8 34
6 10
7 39
6 51
5 38
4 47
2 33
1 33
2 4
3 79
7 36
1 57
4 54
7 15
6 64
7 65
4 10
1 77
6 6
5 9
5 37
8 4
5 82
9 93
3 62
7 47
7 23
1 51
4 73
6 10
6 39
3 18
3 10
8 14
10 98
8 19
1 93
2 7
7 64
3 53
2 94
3 1
4 4
8 66
8 8
2 93
9 9
1 18
10 19
6 55
1 28
5 49
4 24
5 12
3 91
1 73
10 73
7 79
8 29
1 27
4 79
1 85
9 20
5 36
9 85
10 82
2 69
3 26
6 4
8 47
3 29
6 70
5 26
10 99
6 55
3 33
8 65
4 60
4 54
6 49
8 83
7 9
9 62
2 30
6 25
10 87
1 47
6 7
5 26
4 18
5 23
4 92
2 55
3 47
1 90
4 36
4 66
6 93
8 93
9 2
5 41
4 22
10 10
7 61
5 81
4 88
9 92
7 77
10 13
8 18
6 93
9 49
7 82
8 70
2 28
6 65
5 13
1 34
10 1
9 43
6 67
2 37
10 2
10 15
8 46
10 21
3 69
7 29
2 46
8 64
5 30
6 79
2 52
8 73
7 92
4 17
5 83
7 1
6 93
1 95
10 83
7 4
7 51
8 95
4 3
9 23
6 56
1 33
9 92
6 61
9 63
2 20
8 21
4 40
6 45
2 76
6 95
9 94
10 92
2 28
5 9
2 87
6 20
1 31
1 18
7 83
2 62
5 20
5 23
8 90
1 70
10 95
1 91
3 65
10 39
5 91
10 63
9 24
10 7
8 75
8 30
2 47
10 81
9 35
7 47
2 59
1 41
3 91
1 55
8 95
5 80
9 76
7 78
3 41
3 42
7 43
8 55
7 89
3 77
4 43
9 30
9 54
4 65
8 64
9 39
5 78
7 99
6 44
9 69
8 36
8 88
9 83
6 94
1 53
9 33
4 84
1 95
10 5
8 82
1 7
8 74
9 24
8 20
4 94
5 14
1 3
7 97
10 86
9 78
8 11
10 29
7 21
6 63
8 70
10 76
3 31
4 17
3 58
9 64
4 79
1 50
6 87
4 45
8 68
5 52
7 6
8 33
6 42
4 22
6 82
3 3
10 45
6 27
10 9
10 65
10 38
3 24
10 89
9 44
8 70
7 52
2 32
7 37
5 12
5 67
9 41
9 31
1 99
8 78
4 43
5 41
7 87
4 2
8 75
6 91
1 23
10 90
5 99
8 53
9 26
3 83
8 24
4 53
2 68
10 35
2 5
7 87
1 75
7 41
3 38
3 16
1 80
4 65
5 69
5 90
4 97
6 82
7 9
1 43
3 50
8 81
6 30
6 47
1 81
8 88
10 46
10 97
5 72
10 82
6 92
2 98
3 60
2 27
5 68
9 15
2 57
6 66
5 80
6 49
1 58
10 5
2 23
8 17
2 63
10 96
4 9
8 67
8 63
6 75
4 67
8 56
3 81
4 31
7 90
6 14
6 97
5 61
8 33
5 28
4 46
10 80
5 40
8 96
10 59
7 50
7 77
10 2
7 39
1 23
1 95
5 40
5 30
7 67
1 67
3 14
10 32
4 90
7 65
10 1
6 35
2 79
10 6
5 70
10 95
10 39
5 73
5 49
4 82
10 97
2 95
5 11
8 22
2 69
7 68
2 7
4 63
5 71
