10 7
10 3
3 97
3 71
2 25
3 33
1 92
9 24
5 35
10 27
6 9
9 98
2 33
4 23
7 11
10 6
7 95
6 30
1 85
3 55
3 9
3 81
1 16
3 53
10 56
9 91
8 74
7 37
2 5
2 16
1 78
6 100
10 35
1 21
4 61
2 53
7 43
1 54
1 12
6 9
4 29
7 21
10 29
3 31
9 65
9 66
7 68
10 15
9 80
7 59
5 16
5 84
3 59
2 78
1 73
7 8
4 100
4 96
5 65
1 32
5 42
7 58
5 5
5 7
3 50
4 32
10 14
6 37
1 4
5 99
7 82
8 62
5 30
9 80
1 22
5 34
9 98
2 12
1 68
8 71
6 6
7 28
7 60
8 84
8 64
7 60
2 28
5 14
2 59
1 1
10 45
10 99
2 69
9 17
5 57
1 84
1 50
7 87
10 85
7 96
2 41
3 66
5 78
9 49
4 55
4 20
10 81
1 51
7 9
10 12
9 53
4 14
8 47
2 6
5 49
6 90
8 48
2 31
6 36
7 79
4 14
2 39
9 3
4 68
3 53
3 65
10 11
6 49
10 40
6 99
4 5
3 90
8 94
3 52
2 71
3 35
5 36
9 100
7 18
9 24
10 17
1 4
2 35
4 28
3 63
4 100
5 32
4 7
1 37
4 82
8 98
8 74
8 1
8 74
2 42
8 55
8 92
5 81
6 94
4 91
3 7
1 80
10 95
3 38
9 50
8 20
2 26
9 3
7 12
4 37
5 28
7 51
2 84
7 93
8 16
6 32
7 39
8 55
10 49
1 75
7 29
3 42
5 78
6 95
3 63
3 97
5 35
8 42
4 7
1 42
3 27
5 73
7 77
10 61
3 34
6 93
4 61
9 24
5 79
3 10
2 56
5 86
2 20
4 48
10 98
10 54
9 18
4 2
3 47
8 19
2 19
2 57
1 76
3 30
8 19
5 100
9 32
2 33
5 22
9 27
1 5
2 24
8 98
7 5
3 70
2 51
5 76
7 79
9 57
2 57
9 53
9 40
10 84
7 24
6 2
10 84
1 49
3 28
4 37
1 84
1 15
3 67
1 3
4 70
9 55
4 87
8 46
1 83
4 2
9 57
6 39
4 82
1 91
6 14
6 35
9 19
2 36
5 34
8 90
10 87
4 28
9 54
8 16
10 32
1 71
6 95
5 81
1 15
10 86
8 6
10 42
5 48
6 46
4 56
9 65
9 66
2 10
8 9
9 91
4 44
7 35
9 82
4 45
4 28
7 93
1 89
5 45
4 60
5 29
8 57
3 51
2 54
4 18
3 8
1 30
1 7
9 78
10 87
5 26
1 49
6 68
3 2
1 53
8 58
2 76
4 65
4 48
4 76
8 40
2 44
4 33
7 88
3 15
7 48
4 60
8 21
1 62
9 8
5 16
1 56
6 17
1 49
5 9
3 67
9 44
6 51
4 65
8 16
3 92
1 43
9 44
7 1
5 49
7 1
1 74
3 23
2 31
9 64
1 21
8 64
5 90
8 7
8 45
6 67
4 20
10 22
4 42
2 96
3 23
10 57
6 89
2 19
6 89
10 81
6 53
4 71
9 54
10 98
2 81
5 5
3 82
9 3
1 20
3 32
9 6
4 70
6 80
6 35
3 29
9 94
10 27
9 52
7 96
4 50
7 54
9 9
6 7
3 33
4 28
10 86
7 40
1 17
5 72
6 32
4 37
5 62
6 50
1 14
2 60
5 50
1 32
4 23
7 56
9 12
7 70
5 81
6 34
4 31
1 39
9 85
2 26
10 10
7 8
10 98
10 49
5 2
8 17
1 77
9 11
6 41
4 45
10 31
9 48
6 95
9 41
1 48
1 24
2 80
7 41
9 51
4 41
6 63
1 52
6 25
8 49
3 70
7 89
6 81
7 22
1 77
1 76
8 82
7 55
6 82
8 21
2 42
5 78
7 63
6 6
6 31
6 2
3 81
9 27
7 26
10 48
5 5
6 39
9 38
3 19
10 62
4 5
7 83
4 46
3 72
8 85
2 49
6 10
3 17
8 2
4 63
1 6
1 43
4 51
3 54
8 32
2 6
8 45
4 70
6 83
10 73
10 60
2 57
8 57
10 30
5 47
8 16
8 55
7 23
10 38
3 63
5 66
9 97
8 75
10 42
2 66
8 46
10 68
8 35
3 2
10 64
10 77
9 97
4 69
1 94
6 68
7 28
7 77
8 92
3 66
1 67
7 87
10 71
1 44
3 5
1 43
2 15
8 16
3 1
5 18
2 7
8 68
5 7
5 100
1 77
5 31
6 87
10 10
6 28
8 65
10 49
1 71
9 100
9 93
7 20
8 88
3 9
4 22
2 61
6 89
6 97
9 12
9 72
6 51
5 1
5 74
5 47
3 65
4 49
4 79
8 12
7 53
6 66
10 7
7 9
2 50
4 25
7 85
1 71
10 9
5 63
6 23
3 56
4 70
6 100
6 95
2 59
10 86
3 50
10 74
6 1
3 44
5 84
3 69
7 99
3 54
6 45
7 1
1 36
7 27
4 76
7 100
6 2
6 27
5 55
2 35
10 86
2 20
6 82
3 8
7 69
9 73
1 27
10 3
1 79
5 10
3 53
1 18
7 24
6 68
6 74
8 83
7 79
1 56
1 83
9 26
6 65
3 25
3 89
7 66
5 36
3 48
2 23
10 26
3 34
9 73
4 68
10 94
8 37
9 65
2 51
9 88
2 14
9 4
8 11
4 41
4 48
10 45
6 43
6 87
2 60
4 98
8 24
1 10
4 56
2 31
2 23
5 82
6 45
1 100
4 97
10 56
7 15
5 57
9 75
5 2
3 49
1 47
9 66
2 69
5 27
1 10
9 58
3 23
8 98
6 82
4 88
5 52
6 76
7 4
6 61
1 50
1 74
2 44
5 66
1 63
5 43
4 17
2 19
9 59
2 64
4 30
6 3
10 32
10 88
1 25
3 52
6 52
4 87
6 64
8 40
9 79
3 88
2 42
4 24
9 63
10 36
7 68
5 21
9 37
4 90
7 62
4 8
8 58
3 43
4 1
1 5
2 29
8 65
10 31
5 32
9 78
9 86
8 16
1 96
7 10
8 43
4 37
10 57
10 27
8 67
5 89
6 63
9 22
2 63
1 50
5 100
1 28
3 93
2 46
8 48
4 48
2 87
10 28
6 75
1 28
3 35
7 53
2 52
2 53
2 54
2 25
4 26
4 54
6 22
8 90
3 95
9 65
3 70
10 9
2 75
9 64
6 46
1 85
10 31
10 47
8 33
10 54
9 12
2 19
10 21
3 7
9 18
8 8
4 23
2 5
8 75
3 88
8 77
5 17
6 8
1 31
7 45
6 51
7 4
2 56
8 1
6 19
2 62
4 94
9 83
7 20
9 53
7 42
4 67
4 93
10 79
7 81
6 94
3 9
2 72
1 16
7 11
8 28
6 10
3 77
5 5
5 2
7 4
8 25
5 14
4 37
8 4
8 74
3 43
4 44
2 47
9 8
6 6
6 71
8 50
1 37
7 94
8 59
10 72
4 86
10 92
4 1
1 20
2 61
10 49
7 64
9 53
7 15
1 8
1 61
4 82
4 85
7 66
7 55
9 41
6 52
1 97
3 41
1 70
3 27
4 92
4 61
10 63
6 29
6 59
3 92
10 38
6 9
7 68
7 42
5 96
8 88
1 78
4 88
4 65
3 47
10 19
2 86
8 71
4 95
2 27
3 49
7 14
9 62
2 6
9 84
6 83
4 77
8 55
10 72
2 95
4 53
6 63
3 45
3 59
5 24
4 37
3 36
6 3
5 59
9 49
8 72
8 24
6 83
5 40
4 31
5 40
8 26
1 3
7 8
10 26
1 32
1 13
6 41
7 96
3 12
2 12
7 28
7 82
8 47
1 80
5 71
9 18
9 77
4 57
2 33
7 12
6 80
3 43
10 80
2 89
9 22
3 5
7 82
4 65
6 4
4 40
10 22
4 94
10 51
9 18
1 14
2 25
2 96
8 66
2 28
1 86
6 13
5 68
8 19
2 85
8 42
3 7
2 25
3 69
1 43
8 17
10 100
6 21
7 94
9 75
7 27
3 91
6 7
9 27
10 80
3 18
2 74
6 78
4 92
7 26
1 17
10 36
1 12
1 92
3 41
8 77
8 35
1 20
7 15
5 56
10 67
4 9
9 100
5 81
9 75
3 73
6 42
2 96
1 44
10 99
6 94
8 89
4 90
9 58
10 62
6 47
3 49
7 61
7 94
2 72
3 62
10 74
7 77
6 41
3 49
9 61
5 11
2 39
6 30
4 99
9 62
7 26
2 82
2 61
1 79
3 66
7 93
1 33
2 87
1 50
2 38
6 46
8 75
6 42
9 72
10 57
5 42
4 11
7 85
4 59
3 56
2 100
7 91
2 70
2 47
2 48
5 9
2 18
2 23
9 92
4 44
3 31
9 71
4 78
