9 23
10 87
3 40
2 9
2 79
1 74
9 97
10 96
8 19
10 59
9 65
2 96
5 3
7 83
8 26
9 73
4 68
3 40
3 32
3 11
2 97
2 33
2 91
1 73
8 9
9 8
6 41
8 12
4 17
7 13
8 70
4 26
8 60
7 6
8 2
8 73
5 8
7 83
3 75
8 47
2 44
9 52
3 61
9 17
9 5
6 23
9 39
8 70
8 15
6 81
10 9
2 94
10 51
3 34
8 53
1 33
1 28
1 15
2 12
7 72
3 75
7 33
2 48
5 8
8 64
3 9
10 49
10 3
9 9
10 72
1 54
4 36
2 68
1 13
10 55
3 16
9 99
6 100
3 30
9 73
9 49
6 14
5 91
6 100
6 15
10 76
10 85
2 60
4 86
9 91
3 33
5 26
2 25
4 6
10 32
10 53
10 36
3 37
1 86
4 56
10 58
4 74
9 27
4 21
9 92
4 44
2 10
6 18
10 33
9 61
9 86
10 87
8 83
5 1
7 71
4 16
1 56
7 14
6 11
8 70
5 11
8 59
5 59
1 83
2 58
5 15
6 77
7 84
1 92
1 82
4 21
8 100
1 26
3 8
7 86
10 39
5 52
6 86
8 27
6 46
10 70
1 78
5 44
6 27
5 44
3 44
4 68
10 20
9 96
2 45
6 11
3 78
5 85
2 37
1 71
4 27
1 7
6 45
4 88
4 90
1 83
7 47
3 69
9 95
4 94
7 35
7 42
10 77
8 15
8 62
10 2
9 77
1 67
4 89
8 32
3 82
4 29
4 63
5 15
10 37
5 64
8 52
6 60
4 85
8 54
9 10
5 92
4 89
1 4
7 4
6 16
3 74
8 82
2 61
2 23
7 16
9 2
5 27
3 56
5 49
6 13
4 46
4 70
5 23
1 43
2 8
6 9
10 84
1 18
1 4
2 52
6 54
2 43
1 88
1 94
3 2
4 14
3 77
3 95
6 86
5 88
9 63
7 94
6 53
2 25
4 12
5 39
2 67
1 97
3 87
2 19
9 36
1 80
4 75
8 48
7 7
10 43
1 39
8 72
7 37
6 58
6 97
4 42
10 61
2 74
1 41
3 78
10 62
6 54
6 52
7 84
9 6
2 88
2 55
3 10
6 71
10 23
1 95
8 24
7 78
4 60
5 92
4 64
3 1
6 98
7 40
3 52
9 38
3 23
8 59
3 72
6 68
6 46
9 34
1 50
9 18
8 33
5 2
8 92
2 21
6 10
5 75
2 87
6 72
6 56
2 36
6 67
5 27
9 36
1 6
2 47
2 38
5 70
8 98
7 75
3 1
3 11
9 30
9 57
5 100
6 94
10 56
8 90
9 37
3 90
9 8
6 84
9 38
7 15
3 52
9 68
5 94
2 34
2 100
4 51
10 61
7 19
3 53
1 46
5 74
3 10
9 83
3 55
9 70
7 20
10 92
2 63
6 16
6 5
8 44
8 96
6 44
3 85
10 37
9 42
6 57
5 13
3 7
2 79
2 81
4 41
3 3
8 57
5 78
10 77
3 77
3 76
7 84
5 50
1 90
8 15
9 56
10 11
9 60
7 65
5 40
7 90
3 83
5 13
3 49
8 30
10 64
6 96
4 63
9 100
4 47
6 20
10 76
3 44
1 34
6 84
6 47
7 54
9 54
7 52
6 16
8 35
3 62
2 27
2 83
5 36
9 9
7 37
7 84
3 95
7 86
9 45
9 5
9 95
1 87
4 29
7 73
1 74
4 32
9 98
7 12
4 70
9 42
1 19
1 78
9 50
3 78
4 18
2 55
4 55
3 70
10 56
2 94
5 50
10 24
9 32
8 87
6 70
5 12
8 49
3 63
10 32
7 64
9 26
3 52
9 40
7 23
1 50
6 7
6 98
10 56
2 70
9 100
8 76
1 41
4 67
5 82
3 92
9 3
10 71
2 65
9 80
2 6
5 54
5 85
10 76
8 39
6 87
7 35
6 4
7 67
7 86
2 76
9 27
9 31
5 77
7 14
9 84
7 84
4 29
4 92
6 42
10 17
7 99
3 87
1 29
9 73
7 61
4 25
5 90
8 100
10 40
2 75
6 5
4 11
3 94
10 60
10 69
5 10
5 67
4 97
7 61
8 47
1 53
3 44
4 83
8 82
9 25
7 39
9 73
1 9
2 25
1 40
2 25
1 91
9 34
9 48
7 22
5 98
3 85
3 38
3 99
9 42
4 64
7 19
1 53
9 29
10 27
2 65
9 78
1 90
4 13
8 85
4 58
4 72
4 58
2 39
2 46
6 19
3 15
10 26
6 24
9 27
7 100
9 78
10 84
6 29
6 51
3 4
7 75
2 87
4 11
10 50
4 56
6 72
9 77
1 85
5 68
5 23
6 30
2 61
2 95
9 83
4 12
4 1
7 6
9 74
2 64
4 52
7 41
3 3
4 51
7 76
10 40
9 58
5 83
10 31
8 99
7 64
5 21
6 3
1 19
1 65
6 90
7 85
10 24
9 31
9 59
2 3
2 99
3 6
2 59
8 63
9 80
3 84
5 65
7 6
2 50
9 68
2 100
8 100
3 87
2 33
2 25
4 1
1 71
10 21
1 57
7 43
6 53
6 8
5 93
8 80
1 71
1 11
2 51
9 46
3 65
1 59
4 87
10 70
8 58
7 90
3 1
5 64
2 88
5 62
9 40
7 7
5 38
6 43
8 34
8 67
1 65
1 59
9 48
3 44
8 46
4 21
7 84
10 69
4 39
1 88
9 2
1 12
8 27
6 86
10 85
9 90
6 60
2 16
2 93
9 73
6 13
9 42
9 53
6 3
2 67
10 17
7 8
1 94
1 94
9 6
2 61
9 20
5 15
10 97
10 92
5 66
2 12
8 29
5 72
9 90
7 85
1 69
9 17
9 46
10 26
10 98
2 89
5 28
9 60
8 41
5 89
6 86
10 75
10 51
10 46
7 53
1 11
8 40
9 82
6 12
2 13
8 98
10 2
6 92
9 4
8 21
3 98
4 46
3 90
8 38
9 30
5 21
3 90
7 6
5 70
2 95
1 17
9 58
10 75
3 34
6 79
4 10
8 10
3 18
10 85
6 20
2 45
3 70
3 30
7 4
9 69
4 60
8 7
5 62
8 12
10 14
7 25
4 37
6 46
2 41
7 47
1 32
10 98
2 100
2 31
1 4
9 40
8 27
1 44
3 27
1 26
5 65
3 66
6 20
10 64
10 92
4 50
7 50
10 62
1 54
3 28
7 92
1 46
8 95
7 74
3 84
9 12
10 79
5 77
4 13
5 32
9 55
8 65
10 98
8 36
6 72
9 67
5 39
9 100
10 37
4 34
1 89
3 91
8 96
10 80
5 11
9 89
4 53
4 19
9 61
3 72
2 80
6 51
4 5
1 73
7 61
5 64
10 86
5 18
10 43
9 37
9 78
8 71
1 79
1 93
6 37
7 75
5 12
2 67
6 46
9 25
6 74
1 15
5 23
8 65
3 65
6 82
2 87
8 87
6 89
9 40
10 52
6 96
5 76
6 40
3 31
4 45
4 49
1 33
4 92
2 41
9 13
2 77
6 20
8 100
9 38
3 50
7 45
1 40
2 66
3 51
6 58
4 69
2 70
6 81
7 5
9 61
10 32
7 35
8 51
8 58
2 99
9 60
9 36
6 45
6 28
8 2
4 17
6 47
10 76
9 82
1 55
7 6
4 86
6 96
9 15
9 90
5 99
2 30
3 41
2 14
9 6
10 82
1 23
2 97
1 100
7 18
9 9
8 51
3 3
7 24
1 16
1 47
6 48
10 68
10 89
5 93
8 90
1 87
9 20
9 11
9 53
10 27
3 83
6 13
5 98
1 71
7 46
5 94
1 43
8 50
4 86
3 38
2 65
3 85
7 76
3 84
9 97
6 14
5 65
5 27
7 11
5 33
1 5
7 66
2 59
5 99
9 10
6 21
8 6
7 88
7 47
4 56
4 97
4 23
5 47
1 37
1 40
4 10
1 9
9 76
8 58
10 33
4 80
6 7
8 39
9 71
5 18
10 24
8 64
4 54
2 10
4 20
10 63
1 30
10 87
7 63
1 41
6 74
1 84
9 32
10 57
8 92
1 79
8 67
10 72
6 3
1 84
10 19
1 85
1 32
4 66
9 23
8 80
8 8
5 50
3 43
4 12
4 21
7 20
1 98
8 82
1 46
2 7
5 70
2 49
7 26
6 6
7 9
6 62
5 17
4 18
3 68
1 47
10 52
6 52
4 12
7 66
5 87
9 82
3 78
2 32
2 94
4 7
7 68
9 100
10 34
4 36
7 59
8 75
10 87
5 75
6 21
6 47
7 54
4 17
10 82
2 14
3 37
2 33
5 57
9 85
4 16
6 41
4 90
2 23
3 59
3 42
3 46
6 74
10 26
10 4
5 39
10 6
3 96
9 92
5 23
5 98
1 81
1 96
8 14
1 37
