7 87
10 81
6 79
10 74
8 23
10 81
7 40
5 53
5 1
5 23
6 93
2 75
5 2
2 81
10 35
10 41
8 60
3 70
6 59
1 80
2 62
5 92
4 82
10 47
6 99
4 16
3 34
2 86
8 68
2 2
2 84
5 22
3 28
7 80
1 36
4 77
4 13
1 2
5 2
7 80
7 82
2 76
2 45
1 43
9 84
9 84
7 44
9 97
7 11
10 39
5 23
10 43
1 47
6 81
4 57
10 99
3 93
9 39
7 73
5 58
3 18
4 51
2 89
7 92
2 88
9 11
5 56
10 12
3 6
6 35
3 13
3 6
3 18
8 26
1 95
3 15
3 18
7 77
9 95
9 89
8 97
8 49
6 29
9 93
7 56
7 55
4 65
7 82
8 28
5 11
4 13
6 89
10 16
7 75
2 69
7 8
4 36
5 51
6 61
1 37
4 43
9 41
7 62
7 70
5 78
2 64
1 99
2 32
3 95
9 62
7 55
2 46
8 7
9 63
8 77
4 65
7 25
2 61
4 59
9 87
8 9
6 16
8 75
7 94
1 1
4 45
10 54
2 11
2 76
1 60
3 95
2 53
3 27
4 7
7 5
8 77
8 89
6 59
1 4
8 81
2 37
5 68
9 21
2 3
5 8
3 22
5 7
2 64
3 65
7 92
2 66
2 39
3 15
5 21
8 31
8 66
3 74
7 19
6 85
9 53
10 55
7 53
6 28
7 99
4 31
6 58
3 85
8 19
2 17
8 10
9 26
7 84
2 74
3 82
4 41
1 50
8 57
4 30
10 82
6 94
9 61
5 59
9 75
5 46
7 3
1 54
8 5
10 32
2 99
10 21
4 69
3 34
2 62
10 59
5 17
4 20
1 58
4 66
5 3
1 59
9 19
6 50
9 39
6 50
5 66
7 1
4 62
5 64
4 6
6 54
7 95
5 54
1 8
6 87
7 98
8 60
3 96
9 49
2 32
3 45
8 63
8 28
9 52
7 65
8 65
2 14
2 53
3 32
6 82
8 23
10 63
1 69
2 58
2 71
1 5
5 30
10 10
4 4
6 29
10 40
1 42
4 39
7 73
6 85
6 87
8 24
9 46
7 52
4 24
4 40
2 1
1 20
4 55
9 24
3 11
5 70
3 71
1 41
3 42
7 58
5 24
10 40
2 24
4 91
5 72
5 4
8 56
4 57
9 38
5 40
5 62
7 31
2 14
1 80
4 69
5 47
8 22
7 17
2 100
7 98
10 32
6 32
1 87
6 51
2 59
5 97
8 1
9 27
7 100
3 13
1 69
7 83
7 23
9 93
1 58
2 3
4 65
7 26
6 1
5 26
8 45
10 1
6 24
8 65
10 2
10 10
6 30
1 35
3 76
6 87
7 23
8 36
8 48
10 84
3 7
10 68
2 46
10 74
5 11
5 94
8 78
6 29
2 61
9 7
3 93
1 35
6 39
8 45
9 7
6 61
3 16
10 95
3 12
3 95
5 80
5 65
10 61
7 9
9 62
6 38
3 46
9 78
8 57
2 12
1 63
1 89
4 33
8 87
4 48
4 60
8 48
2 75
5 63
7 82
10 79
1 21
4 7
10 30
5 21
2 23
2 47
8 100
3 92
6 1
6 63
1 53
6 37
1 28
7 76
5 48
5 86
3 19
8 75
10 17
5 43
9 70
9 21
6 90
3 80
8 85
1 31
8 22
1 18
3 75
10 71
6 64
8 3
10 42
10 80
2 86
4 48
2 2
7 36
6 48
10 99
7 83
4 61
4 63
9 72
8 25
1 78
2 88
3 21
8 11
3 76
8 33
2 16
9 83
3 40
5 32
10 33
4 74
7 25
6 65
2 74
2 82
5 96
7 66
8 92
2 61
4 93
7 10
3 62
5 85
3 12
10 56
7 94
10 75
7 35
8 63
6 53
8 10
3 60
9 49
3 61
7 70
6 65
3 37
3 38
7 3
6 62
7 7
1 15
3 9
4 91
10 100
9 27
5 60
4 83
3 1
8 55
3 55
8 33
6 67
8 36
9 86
1 8
4 45
6 79
7 1
7 64
1 94
7 95
10 88
10 42
6 14
9 35
2 31
3 10
5 22
3 65
5 21
5 43
9 78
6 47
9 79
2 72
3 77
9 75
9 92
9 43
2 33
6 84
1 56
5 54
7 64
2 65
6 30
4 55
4 63
8 74
2 51
9 69
2 19
9 51
2 58
8 91
3 100
7 18
5 7
9 94
2 72
2 63
7 91
2 96
5 42
1 73
8 96
1 29
3 89
8 39
2 54
10 90
2 21
8 90
8 39
7 37
6 90
1 11
6 100
10 62
6 37
7 47
5 35
9 18
9 100
9 88
1 94
8 24
8 27
8 3
3 62
4 33
10 22
10 98
10 22
7 1
8 47
9 56
8 51
4 73
2 31
2 54
8 96
2 37
3 26
3 70
7 69
8 69
8 9
3 71
4 69
2 53
1 52
2 73
8 93
5 50
6 94
2 71
4 16
9 48
9 2
6 94
10 27
6 72
4 9
6 18
2 76
8 66
5 64
10 33
3 93
5 69
2 21
8 89
9 64
7 7
2 83
1 23
10 13
6 100
7 80
9 56
4 13
7 19
1 76
4 77
6 90
5 62
4 4
6 44
2 14
2 85
5 29
5 54
10 11
1 23
6 1
5 32
5 73
7 58
5 30
4 28
10 50
3 49
7 44
10 71
7 74
3 1
9 29
6 30
3 12
9 19
3 88
9 83
6 15
1 69
7 72
4 78
5 18
3 94
9 3
2 42
5 14
2 44
2 66
6 16
9 33
9 82
10 13
10 12
5 25
8 57
7 9
2 84
7 29
6 41
4 39
8 66
3 15
3 87
10 44
7 99
9 66
8 5
4 20
7 68
10 24
1 75
3 37
10 97
9 89
10 41
3 59
4 66
3 96
3 16
8 95
10 15
2 59
7 44
9 78
6 89
10 67
2 53
5 44
2 46
10 26
6 4
5 23
10 83
5 27
9 36
9 67
8 73
8 31
3 75
9 33
1 2
8 15
6 88
4 46
2 86
8 14
6 28
2 75
2 48
8 89
2 75
9 20
5 72
3 14
5 2
7 23
6 88
5 60
1 16
2 48
8 26
2 43
1 30
8 4
2 82
1 46
5 5
6 55
1 97
8 82
4 4
4 59
4 14
3 21
10 52
1 20
2 8
1 1
9 38
8 48
3 7
10 97
2 41
10 67
3 91
4 41
8 35
4 77
2 1
10 47
1 26
5 84
2 15
3 18
5 69
10 73
3 50
2 51
9 77
2 19
6 54
1 31
9 6
7 82
10 31
1 82
9 65
1 87
10 36
10 80
2 5
5 90
7 96
10 79
9 12
3 81
10 31
10 86
6 24
10 20
7 43
5 89
1 24
10 81
8 5
7 23
1 82
5 51
5 87
10 34
2 21
1 21
3 9
4 72
9 66
9 77
7 58
3 45
6 93
4 70
4 10
5 21
10 74
6 96
6 75
10 52
8 54
2 73
5 73
9 29
2 17
9 47
10 95
1 38
5 58
6 39
9 94
6 20
7 4
1 1
8 59
5 25
4 73
1 22
9 10
3 18
8 63
7 16
5 59
3 31
9 21
10 42
3 65
6 68
2 80
3 51
7 87
8 48
6 47
10 93
7 65
3 11
9 29
9 23
4 45
10 93
5 60
10 9
9 28
6 78
1 29
10 52
5 100
1 86
3 60
3 13
3 61
2 68
4 67
9 32
6 77
2 28
4 96
1 75
9 14
5 2
7 9
6 22
8 9
9 26
10 16
1 86
10 14
2 20
8 25
9 4
3 100
8 19
1 69
5 40
10 67
2 68
9 86
10 80
6 46
10 1
2 99
5 84
10 9
5 24
4 82
10 93
3 77
7 11
4 39
7 16
4 92
1 47
10 69
2 38
7 44
10 23
9 93
9 51
8 13
6 100
4 44
6 13
8 53
3 60
10 81
2 79
7 25
2 36
3 54
4 16
9 18
9 12
3 62
1 76
8 78
10 39
2 34
5 87
6 91
9 25
3 25
2 26
7 20
5 47
1 25
5 7
10 1
1 35
9 62
2 21
2 53
4 14
1 15
9 99
3 75
7 75
10 6
3 84
7 99
8 31
2 10
10 1
6 68
2 24
8 40
6 84
4 38
6 96
6 25
10 33
2 90
2 33
9 11
7 68
8 78
9 5
3 89
1 68
5 20
10 29
7 70
8 100
2 15
8 26
8 90
4 25
7 47
3 5
9 78
1 52
7 84
9 60
7 26
4 7
3 48
7 16
9 82
3 81
10 10
3 88
6 47
9 92
5 15
2 5
8 97
5 27
5 33
4 81
1 85
2 90
6 64
7 25
8 77
5 7
10 75
6 94
8 100
8 68
6 33
5 61
5 49
9 22
10 78
7 32
5 81
3 81
3 21
3 26
2 40
8 38
2 13
6 23
8 73
4 39
4 53
3 10
