4 25
8 44
9 46
1 86
6 37
9 31
8 61
3 30
2 43
6 87
3 32
1 1
1 44
4 85
7 71
8 34
9 31
4 98
8 45
6 24
4 17
10 62
5 53
5 7
3 17
7 67
9 95
5 84
4 54
1 58
2 73
9 85
3 86
9 66
1 48
5 48
4 26
3 30
4 1
5 87
1 6
4 13
2 74
3 18
6 72
5 57
1 97
7 42
1 62
1 90
4 45
3 46
10 1
6 89
2 26
7 17
8 66
7 23
4 43
8 28
7 81
10 78
1 75
1 7
1 6
1 60
7 47
4 41
9 62
7 85
9 87
2 78
5 45
10 83
9 54
2 82
9 63
6 9
4 24
3 68
2 80
3 38
6 99
6 94
1 77
4 17
2 33
6 77
7 98
1 4
2 82
9 91
5 20
4 74
7 44
9 35
5 27
5 83
7 15
10 37
3 38
2 73
3 31
8 71
5 11
5 58
6 67
4 8
3 6
4 94
2 73
4 54
7 14
9 36
9 75
7 65
8 53
8 21
7 29
1 52
9 86
3 38
3 2
4 85
9 87
7 20
6 70
9 61
7 6
5 39
8 26
1 59
3 34
10 9
4 72
9 12
10 33
8 30
8 42
4 93
2 4
8 52
3 80
4 98
6 8
3 90
9 76
7 54
7 48
8 18
4 68
5 98
2 38
5 60
6 47
8 37
4 33
3 98
5 81
8 59
9 38
1 55
6 38
9 56
9 29
5 26
9 95
9 7
2 82
1 39
3 54
2 33
8 86
6 38
8 33
6 96
1 25
5 36
6 31
6 47
6 79
7 99
5 3
5 98
8 41
8 83
8 22
4 40
3 51
5 36
8 86
10 47
1 81
7 84
7 23
5 79
6 60
8 56
2 44
4 84
7 27
5 100
1 64
4 91
6 44
5 89
9 54
6 38
8 6
3 63
6 27
6 81
2 50
9 21
8 41
3 89
10 12
8 90
4 51
2 97
6 81
8 79
5 49
5 61
3 8
9 42
10 51
3 77
6 50
7 26
3 22
9 100
8 48
9 5
7 4
3 84
10 21
10 68
8 62
2 97
8 54
2 91
5 37
9 31
9 60
4 20
1 100
4 11
8 22
3 30
10 54
9 53
4 34
9 95
10 25
5 2
10 6
4 40
5 59
3 6
5 96
6 81
8 82
8 27
3 48
10 76
9 41
1 83
6 18
3 12
5 71
3 68
3 10
7 24
2 81
7 91
9 82
2 7
10 4
10 63
4 52
7 90
8 34
4 8
8 78
2 20
5 56
9 22
10 96
6 99
8 34
6 97
3 78
1 45
5 39
1 37
10 44
10 79
9 40
8 21
8 63
4 97
2 38
5 77
9 10
2 1
7 14
8 26
2 87
7 31
5 71
6 73
6 66
9 52
10 83
3 65
9 91
8 41
9 27
7 93
7 17
7 54
9 50
4 91
10 55
2 61
1 98
9 49
7 59
7 14
1 8
2 62
10 31
9 23
10 35
4 45
7 94
5 82
3 25
3 35
8 89
3 36
7 62
8 39
6 79
5 54
2 87
4 41
4 11
8 22
2 88
7 78
4 71
2 42
2 72
9 80
9 60
2 94
6 87
4 59
5 38
7 54
5 71
8 97
7 47
2 89
1 57
4 31
3 33
5 73
4 94
2 31
4 5
1 93
8 4
6 67
1 56
3 64
9 56
10 24
2 74
2 57
8 87
8 21
9 19
9 83
8 31
1 67
2 33
5 39
10 1
8 53
10 17
2 51
2 46
2 31
7 82
2 3
5 92
8 52
3 15
6 68
7 68
3 73
6 34
2 50
6 75
4 37
7 9
6 27
3 66
9 1
5 34
3 8
5 68
2 51
2 12
2 96
5 84
6 33
1 65
6 46
10 29
7 9
10 51
8 56
6 52
2 51
2 81
9 50
1 94
8 16
7 97
10 75
9 92
9 78
6 70
5 29
4 36
10 19
4 61
6 51
10 55
9 61
5 25
6 11
7 26
7 80
3 16
5 98
3 27
7 26
2 72
9 100
8 63
1 35
10 17
10 55
9 43
6 94
4 28
7 62
3 21
4 18
9 15
3 23
1 61
8 70
1 65
4 44
6 42
9 11
3 37
5 27
8 28
1 40
1 63
6 19
9 34
7 92
7 4
8 56
1 31
8 97
3 16
3 28
8 42
5 100
1 75
10 53
10 7
4 36
9 2
8 11
7 85
3 35
8 57
8 4
3 80
4 65
9 76
8 88
4 66
3 29
4 36
9 8
7 4
1 37
1 69
10 80
10 67
6 70
2 15
6 99
3 73
9 58
3 47
9 56
2 47
7 52
6 84
10 92
5 70
9 37
10 20
10 56
9 80
4 58
8 54
9 18
9 77
5 58
5 95
1 16
6 20
6 74
5 47
6 86
8 33
7 100
5 67
2 74
2 58
3 51
6 26
3 51
7 48
7 67
1 98
4 36
2 17
5 59
4 93
1 60
2 62
7 52
10 62
2 62
2 87
5 64
9 83
6 32
7 3
4 25
4 18
8 5
3 95
6 98
6 10
10 56
3 60
9 63
5 64
9 48
8 99
2 90
3 24
9 68
3 33
10 34
4 8
7 25
7 69
8 16
8 25
5 81
1 99
8 57
9 99
4 80
2 89
4 57
4 19
5 7
7 67
7 88
3 4
7 70
5 84
4 40
1 44
4 67
9 76
5 100
9 73
5 34
7 61
7 72
9 59
3 93
3 12
6 39
2 42
4 43
1 91
10 4
6 54
8 98
10 38
5 78
6 80
8 75
7 4
7 36
9 23
8 74
9 53
2 81
2 74
5 48
2 26
10 17
3 38
3 2
10 58
10 43
10 38
3 62
1 93
1 17
9 41
1 70
5 73
3 32
8 35
6 26
4 30
5 70
3 61
6 96
2 71
10 48
6 92
9 91
9 5
1 98
8 63
6 38
10 88
6 52
3 83
5 35
1 11
4 45
10 8
4 19
8 49
4 9
8 6
3 50
10 43
2 16
5 66
3 33
8 7
7 90
2 84
2 5
3 63
9 23
1 33
7 54
7 1
1 58
3 80
5 55
2 3
5 31
9 30
3 86
4 85
3 58
2 56
8 91
6 96
9 99
2 49
9 43
5 7
5 50
1 42
1 94
5 86
2 46
2 47
7 27
5 78
5 72
3 25
4 41
9 22
4 26
8 92
2 85
1 21
9 86
3 64
8 8
5 79
7 98
4 45
10 60
9 27
7 23
7 80
6 63
1 88
3 96
10 81
3 37
9 22
5 90
6 29
3 79
6 87
3 47
4 52
1 83
7 47
9 96
7 98
7 69
3 22
1 21
9 70
1 33
1 63
9 29
5 43
6 97
6 41
7 48
1 75
5 33
2 91
4 79
1 9
1 59
10 93
8 56
8 78
10 71
9 38
1 60
9 45
3 49
7 89
5 10
10 12
4 63
10 22
7 7
5 42
6 22
2 64
4 45
4 72
4 69
9 46
7 6
3 98
4 23
1 36
8 36
3 34
2 24
9 13
4 33
4 92
9 45
1 47
4 90
6 74
7 17
3 100
9 16
2 47
4 40
7 1
9 20
7 96
10 8
3 51
4 88
6 93
4 35
5 99
5 85
7 14
4 22
9 59
8 10
1 53
10 2
1 29
10 48
1 23
5 39
2 72
1 89
10 100
10 42
4 72
3 39
2 26
8 40
7 92
5 36
1 74
6 71
4 67
7 72
4 32
9 13
9 45
10 48
3 56
10 50
10 52
1 67
4 20
9 52
7 26
3 89
5 7
6 54
4 43
1 45
4 1
4 3
7 93
2 1
6 19
1 9
6 18
7 50
8 49
1 68
9 9
10 22
2 52
7 66
4 22
5 51
1 7
9 43
8 57
3 15
4 71
10 52
10 59
2 80
8 25
3 46
7 18
10 26
8 33
2 26
2 55
9 26
8 50
6 95
5 52
3 99
4 14
4 4
5 37
9 20
9 48
2 65
6 80
8 14
4 17
10 55
3 47
6 9
4 74
3 90
7 66
7 44
9 54
1 92
8 7
4 99
7 6
10 77
8 92
10 94
8 18
2 58
4 25
1 37
6 66
5 92
6 48
4 79
8 96
9 88
3 62
8 13
1 26
1 66
2 53
5 26
3 7
7 72
7 93
4 69
5 16
3 1
3 41
4 88
8 52
6 44
6 57
3 25
9 58
7 72
3 79
4 5
1 99
3 87
7 56
5 54
1 15
5 26
4 97
10 6
10 2
2 32
7 49
1 72
4 1
1 84
5 3
3 27
9 7
5 93
5 2
3 36
4 78
9 29
5 54
1 74
1 10
3 9
7 65
4 93
9 50
10 40
3 100
9 42
8 24
7 85
3 97
7 34
1 87
6 64
5 21
1 24
6 48
1 25
5 85
6 58
7 22
2 62
10 39
6 12
5 8
3 3
7 27
1 78
3 16
6 74
4 100
6 60
6 87
9 50
10 14
5 81
