7 35
6 54
1 46
1 14
10 58
6 11
9 70
4 95
8 85
1 37
5 87
9 11
8 17
7 66
6 53
3 40
5 51
1 1
2 15
10 20
6 76
7 80
7 64
10 84
4 1
1 68
10 40
6 31
9 63
8 73
9 34
7 81
4 70
6 81
4 21
6 62
7 69
5 67
8 49
10 5
7 83
9 50
5 49
7 24
1 14
3 37
5 96
4 20
8 16
9 58
3 21
4 35
9 14
7 25
10 28
9 44
10 34
7 51
3 53
8 74
5 50
7 77
5 22
9 94
6 12
1 96
3 11
9 88
1 44
3 36
10 42
6 19
10 73
8 23
4 40
9 95
4 85
5 77
5 28
5 35
5 3
9 55
4 25
7 49
9 85
6 6
8 26
7 2
10 30
7 6
7 23
2 29
3 82
1 10
6 27
10 51
6 70
2 76
9 33
2 17
4 6
1 10
1 1
10 7
5 67
10 89
10 58
7 44
9 81
3 14
10 94
2 97
9 23
3 5
4 59
9 17
8 35
3 36
5 46
2 16
2 25
1 23
8 51
10 74
3 85
8 99
7 18
6 66
9 43
9 12
3 10
9 33
8 100
5 60
2 65
9 1
6 44
1 32
7 12
10 96
8 40
8 80
5 74
9 49
1 62
10 48
5 62
4 28
4 89
6 47
4 91
2 88
10 12
1 28
10 93
9 61
3 92
1 44
4 14
8 31
4 72
8 41
10 20
3 99
8 22
7 7
3 7
2 34
3 45
7 43
2 69
8 3
9 30
6 22
6 39
9 56
1 25
8 75
1 83
6 1
1 59
3 42
3 70
7 70
2 35
7 81
9 28
4 55
4 10
4 55
1 81
8 99
5 89
7 83
2 67
7 7
8 7
3 55
4 23
2 54
7 17
8 19
9 67
7 9
5 60
9 92
3 70
4 1
2 59
9 95
7 1
4 5
10 72
3 74
2 70
3 83
1 41
6 51
10 17
2 96
2 64
3 22
4 72
10 38
6 45
6 9
6 29
1 63
2 44
2 59
5 12
5 77
6 34
9 51
9 83
1 49
6 42
9 83
6 39
4 94
1 65
1 76
1 77
6 84
3 53
7 22
3 52
2 15
1 11
10 82
3 40
10 11
9 42
9 29
3 50
8 88
1 1
2 100
8 20
4 97
4 33
7 76
3 43
5 34
8 5
8 40
5 16
1 91
10 84
6 87
2 53
9 92
7 19
5 1
3 95
10 5
1 21
3 39
5 64
9 45
2 77
3 93
10 68
10 5
2 15
1 2
5 1
2 56
8 8
3 87
2 84
9 94
8 17
4 41
6 47
2 6
2 89
5 14
4 43
3 9
8 77
10 60
3 1
8 30
7 80
9 67
5 78
7 1
2 57
9 61
8 61
5 6
9 74
2 29
9 45
9 94
3 12
1 46
8 82
9 34
8 31
7 88
7 30
2 25
6 77
7 71
8 17
6 28
4 8
1 64
9 75
9 49
8 5
10 49
3 87
5 26
9 9
9 25
8 15
1 4
7 69
5 27
8 32
1 82
2 39
7 30
7 81
8 81
8 9
10 68
6 4
1 24
1 14
8 64
3 46
1 95
7 32
5 50
9 33
9 61
6 50
10 39
1 78
8 23
10 74
9 43
10 94
2 76
2 98
4 9
2 46
10 9
5 80
2 10
2 57
7 48
3 91
2 99
10 42
7 3
3 73
1 38
4 12
1 32
7 68
8 46
6 63
8 3
7 63
8 49
5 74
10 77
10 5
2 15
6 57
2 64
2 26
2 21
4 39
4 46
1 42
8 88
9 62
8 25
1 31
7 14
8 7
2 85
2 51
5 53
6 84
9 83
8 41
8 33
6 94
7 14
4 62
4 60
6 90
7 66
10 38
8 61
5 69
7 39
2 39
9 3
8 55
5 80
6 53
9 24
4 69
6 29
6 26
3 29
2 24
5 23
4 37
7 86
2 14
5 9
3 95
4 28
4 69
1 15
3 32
10 40
2 29
8 51
2 36
6 71
3 55
7 4
9 96
7 25
3 46
2 20
2 56
8 96
4 18
3 87
9 41
3 80
10 41
10 68
9 53
9 74
7 83
4 9
2 63
3 79
10 68
8 3
7 94
4 83
8 14
6 20
3 95
6 52
10 78
5 19
2 25
8 42
8 17
6 89
6 22
3 94
7 40
4 15
5 49
5 57
6 7
6 96
5 99
10 48
7 39
2 97
2 60
8 75
2 73
9 96
10 57
5 40
10 43
6 68
7 57
1 91
2 38
7 21
2 58
7 61
2 48
1 78
6 38
5 2
3 81
2 52
7 44
3 36
8 36
5 73
6 42
8 39
4 93
8 59
10 38
3 29
7 22
8 17
7 67
8 45
3 3
6 3
9 2
8 58
9 68
6 87
6 92
5 19
10 87
2 72
6 88
8 26
5 16
1 79
9 11
7 78
6 31
5 57
5 73
3 18
6 94
1 38
2 50
8 42
4 1
10 94
9 64
10 23
2 83
7 83
6 69
8 72
2 80
7 52
5 19
2 13
5 98
3 93
2 54
3 40
8 2
2 5
8 70
9 84
7 70
5 78
1 55
4 88
8 78
3 93
2 90
1 93
9 1
2 5
3 14
4 13
3 14
2 99
2 94
5 13
10 65
2 48
6 23
9 96
9 30
8 91
3 4
4 4
2 42
2 14
6 8
5 50
5 70
10 86
10 3
9 58
8 49
8 69
4 42
4 97
5 11
9 12
10 6
2 53
2 1
7 99
4 74
10 33
1 9
6 46
5 63
4 68
1 85
3 72
3 97
8 36
9 37
10 21
6 48
2 84
7 63
3 17
2 93
7 32
5 72
8 32
6 89
3 77
3 14
9 6
8 82
9 40
7 69
9 46
1 26
4 93
2 8
4 84
10 33
8 86
8 78
7 36
6 20
1 27
8 39
4 42
1 38
5 9
5 90
10 34
9 100
4 97
3 86
9 23
4 98
5 63
4 52
9 50
2 1
5 17
2 65
6 81
3 17
6 47
10 73
1 26
9 26
1 86
1 96
1 79
5 64
2 15
4 85
3 5
9 13
9 87
5 90
6 59
1 51
5 74
2 5
6 22
6 16
2 42
10 67
6 32
7 71
9 14
5 93
8 22
7 18
8 97
3 81
6 15
10 35
3 42
4 23
10 21
5 1
3 76
2 9
2 97
4 27
5 25
5 17
10 49
7 5
8 72
6 7
7 83
9 35
10 20
4 42
5 92
9 87
8 92
2 26
5 3
9 51
8 6
4 60
8 77
3 54
9 90
2 71
10 56
7 42
2 99
10 98
8 30
5 60
5 74
4 72
5 21
4 21
4 71
4 18
2 75
10 89
10 21
5 30
7 89
9 99
5 99
4 92
4 92
4 78
9 30
7 46
2 65
4 63
10 51
9 4
2 94
8 9
3 52
5 78
3 52
4 91
6 56
8 83
7 54
1 59
5 29
7 65
5 36
9 18
5 14
5 66
6 87
6 16
3 7
9 14
7 89
3 7
2 70
6 39
7 60
5 20
5 89
2 31
7 65
7 79
1 85
4 82
8 46
10 45
3 46
9 11
3 66
7 85
7 5
8 97
1 53
1 61
5 52
3 72
6 18
5 96
4 6
3 71
6 59
4 55
4 93
4 92
7 25
3 70
7 78
5 65
8 22
4 26
6 17
8 27
2 60
5 74
8 23
1 74
5 89
5 44
9 57
8 82
10 86
5 34
5 31
5 38
7 46
4 43
8 4
8 16
9 91
9 37
6 6
2 89
8 9
4 86
9 69
6 36
4 51
4 41
6 10
5 20
8 10
2 63
1 37
7 48
1 86
6 73
7 77
5 40
10 22
6 14
8 36
2 94
4 2
2 19
4 18
9 87
1 50
8 96
1 97
2 46
6 46
3 90
5 95
7 41
3 33
2 76
6 36
7 41
7 99
6 48
3 3
3 20
3 89
5 85
2 42
1 34
3 18
7 75
9 85
6 11
1 6
7 28
3 40
10 16
9 44
10 43
5 66
4 35
5 93
5 37
8 62
2 45
3 19
3 2
3 77
1 51
3 16
8 62
7 73
1 68
1 7
7 82
7 21
8 2
5 7
7 34
7 36
3 6
4 29
9 85
9 44
10 7
3 96
5 50
6 57
2 52
3 44
5 63
10 78
6 56
1 38
6 98
10 24
6 30
4 39
4 94
10 99
9 35
10 34
4 48
8 90
5 92
8 85
10 59
4 87
9 66
3 40
9 50
8 34
9 76
8 18
4 7
10 77
6 77
5 89
6 99
8 7
4 21
7 40
3 55
7 54
9 6
5 65
10 58
6 42
2 53
5 34
8 77
7 42
9 76
4 38
5 5
4 71
1 82
6 33
3 21
6 54
2 76
7 11
9 94
9 49
9 47
10 91
10 92
8 82
8 77
8 25
2 92
8 4
6 20
9 9
3 34
2 40
4 83
8 24
8 58
4 57
8 9
7 88
