9 58
4 6
5 26
5 8
10 9
4 53
1 86
2 43
3 79
7 1
8 100
3 80
2 14
8 9
8 77
7 42
2 70
4 5
3 29
6 33
6 16
2 63
4 56
1 48
9 98
6 26
8 82
10 8
6 51
6 56
10 36
8 97
5 41
4 50
4 55
7 21
3 46
7 92
6 5
9 18
6 78
6 42
7 39
10 62
9 73
7 80
3 39
8 42
9 71
3 63
5 85
4 22
7 61
3 83
5 12
8 16
8 74
8 62
5 60
5 62
8 49
5 51
7 99
1 38
9 7
7 98
8 49
1 73
2 91
6 48
7 1
6 47
10 68
9 5
10 32
4 87
7 67
2 83
2 83
7 21
6 19
2 29
7 10
6 61
5 6
10 79
8 57
3 14
10 15
10 58
2 31
3 70
3 43
4 66
2 47
6 58
5 73
10 46
10 13
5 100
3 92
5 80
2 63
1 7
3 98
5 55
1 54
7 6
2 8
9 70
7 28
8 22
7 31
6 24
5 45
8 19
10 86
2 75
3 92
7 79
1 42
8 48
9 29
3 29
1 28
1 46
7 5
5 93
1 11
3 31
8 35
1 49
10 28
5 45
1 71
4 57
9 12
9 67
2 86
8 100
7 70
8 98
2 91
2 14
1 6
5 44
7 18
4 16
2 26
2 5
9 88
8 47
7 18
6 17
8 64
1 82
3 69
3 63
9 45
3 10
3 24
2 81
3 2
6 45
6 20
2 7
7 24
7 14
8 37
9 99
8 44
4 9
5 19
10 35
10 8
7 93
2 33
9 96
6 88
5 7
4 18
7 43
10 39
2 14
9 57
4 44
3 96
3 46
3 58
3 64
10 59
7 10
10 85
7 96
7 83
8 96
5 56
1 53
9 71
10 90
7 46
6 87
7 8
8 100
8 59
3 13
10 42
9 66
3 76
6 57
4 44
8 81
3 78
1 13
8 34
8 91
7 63
9 82
7 50
4 56
9 90
5 6
8 82
1 17
8 50
4 83
9 50
7 33
5 27
6 32
2 4
4 36
6 70
3 57
5 92
3 34
2 71
7 11
4 42
6 90
9 42
7 42
7 89
7 13
1 21
6 49
2 28
10 50
5 94
3 86
4 54
8 57
7 94
3 8
2 95
3 70
9 58
6 11
10 50
3 93
9 26
7 100
4 26
5 13
8 38
1 15
2 51
9 51
1 39
7 86
1 68
4 25
1 40
8 88
7 60
8 4
10 79
4 25
8 31
2 60
1 55
7 70
6 32
3 29
5 22
4 27
10 69
8 94
2 22
9 19
5 48
2 28
4 53
6 20
10 58
7 60
3 58
7 57
6 59
5 54
6 66
1 25
6 75
8 50
5 82
1 43
8 77
4 98
1 6
1 89
10 15
7 93
4 89
7 55
6 23
9 100
10 65
10 31
10 45
4 1
7 13
9 92
6 67
9 17
4 47
7 93
3 87
4 87
4 85
7 84
4 57
8 83
4 22
5 97
2 64
6 38
5 11
2 74
9 47
3 47
2 72
3 26
6 73
9 37
6 2
6 57
6 91
4 41
10 72
9 91
4 51
3 46
6 68
10 50
9 20
6 100
8 65
7 82
5 98
3 63
8 80
6 32
8 97
2 76
1 36
3 93
4 94
8 96
7 32
5 94
2 87
3 2
5 33
1 8
10 5
9 91
5 71
3 43
2 22
8 72
7 22
3 40
7 6
3 5
9 95
3 100
6 63
9 19
9 86
6 16
1 95
2 91
4 3
3 100
6 70
2 43
3 22
3 95
10 54
1 73
3 61
3 31
8 8
2 3
9 62
3 82
5 47
2 92
8 55
9 17
4 65
6 67
6 36
5 42
3 19
7 100
7 13
4 95
3 3
1 72
5 63
10 43
10 65
3 77
2 89
6 73
1 73
3 76
5 44
10 85
7 56
1 69
1 25
6 80
7 48
2 60
4 95
9 1
4 78
9 79
1 15
6 97
7 43
4 84
7 74
7 12
2 57
7 53
10 87
3 10
3 33
9 23
5 8
2 2
4 57
7 62
6 23
2 75
5 61
6 1
9 58
6 55
8 71
10 11
2 100
4 58
4 44
2 42
3 24
8 33
2 87
5 17
8 7
8 5
7 26
6 3
6 55
5 22
9 86
5 88
4 33
7 82
8 9
3 41
4 16
10 2
3 95
10 81
4 96
2 49
1 91
4 88
1 19
7 26
9 56
2 4
5 84
8 72
8 43
2 52
1 24
4 21
3 97
5 61
3 82
5 89
10 67
5 25
3 92
2 94
3 39
6 59
5 26
2 59
8 58
3 90
5 72
7 27
10 62
10 19
10 93
3 48
6 47
3 49
3 88
8 94
1 15
4 72
1 43
2 99
10 27
10 88
7 31
3 10
4 57
9 69
6 41
1 90
1 97
3 94
8 93
8 26
6 55
2 80
7 91
10 60
5 41
1 26
10 11
6 32
5 94
5 87
8 82
8 96
5 12
8 73
10 12
7 14
1 47
2 78
4 25
8 35
9 28
1 31
5 79
5 40
1 42
1 39
6 68
4 72
7 37
8 58
10 53
9 15
8 16
5 67
1 83
1 58
9 25
6 20
2 34
4 26
2 49
5 6
3 18
7 88
8 11
10 36
6 64
4 75
8 85
10 99
9 84
6 47
1 12
9 48
9 62
7 42
6 22
8 91
9 14
9 79
2 19
4 24
9 41
3 56
9 94
3 9
5 95
1 5
1 75
9 33
6 53
9 44
8 9
3 64
5 74
5 37
5 67
1 17
3 88
5 65
5 12
6 22
4 53
6 92
9 13
8 48
9 44
1 56
4 75
8 94
3 47
5 82
9 22
10 44
1 77
2 42
8 95
8 30
5 67
10 48
6 51
3 12
1 31
1 51
9 87
3 21
2 54
5 50
10 17
10 89
5 23
6 11
8 89
8 92
8 55
9 2
10 59
2 55
3 94
1 8
1 1
3 4
3 17
9 65
3 23
6 92
7 68
2 32
2 100
2 21
6 26
5 28
6 24
3 46
4 49
10 43
6 94
7 80
7 5
7 92
9 41
6 56
8 18
8 78
6 84
1 77
7 52
5 76
8 71
2 92
8 24
3 48
5 5
7 76
9 74
9 2
4 2
8 30
1 82
4 87
7 52
10 47
8 65
5 65
2 51
7 22
6 31
10 71
10 83
10 37
4 56
4 91
5 94
8 9
3 81
1 77
2 24
9 44
7 17
9 35
4 13
4 36
2 46
5 52
4 15
1 79
9 11
6 99
8 10
7 50
1 5
10 55
5 21
9 92
7 51
9 34
5 8
4 66
5 20
8 32
8 33
10 74
7 2
9 26
10 29
9 5
2 75
5 93
5 10
10 6
10 29
3 42
5 16
8 23
9 39
10 38
10 66
1 29
1 63
4 16
5 68
5 77
1 27
6 24
7 4
4 91
7 90
3 31
3 2
8 75
5 33
6 94
6 65
3 61
10 24
6 66
10 94
3 91
6 32
9 18
5 90
5 19
2 5
8 86
10 61
8 16
2 75
2 40
6 31
5 81
3 71
5 78
7 51
8 31
1 44
5 1
1 28
9 13
10 55
2 78
8 74
10 32
1 26
4 76
2 59
5 98
9 38
5 18
6 20
9 53
3 86
1 99
3 35
2 94
6 21
9 71
4 68
10 100
6 68
5 46
4 82
1 32
1 2
6 17
3 8
4 52
1 5
5 30
7 70
1 2
5 29
2 89
9 28
6 11
3 54
1 7
8 91
4 38
5 95
5 47
6 12
2 16
8 95
1 5
10 10
3 84
4 72
7 28
7 60
7 26
9 72
4 57
5 98
5 45
2 41
7 17
3 79
9 87
6 42
4 93
9 86
4 33
4 46
2 72
4 19
6 65
7 25
1 10
6 76
5 97
9 64
6 57
6 1
10 31
2 16
10 92
10 58
10 16
2 75
2 82
3 26
5 19
5 51
7 97
1 44
2 25
7 88
8 21
1 75
9 96
5 91
7 7
4 99
9 51
3 79
2 29
3 55
6 61
5 33
2 98
1 26
8 6
2 93
6 76
8 65
8 84
6 48
9 43
4 52
9 47
6 89
5 28
2 58
1 55
6 6
2 85
5 11
8 12
3 70
4 6
9 93
1 65
7 3
8 99
8 18
6 31
5 91
6 1
10 58
10 40
3 72
8 87
9 27
1 42
8 69
10 11
2 97
1 7
8 24
6 23
5 12
9 29
3 3
1 36
1 39
7 45
9 73
2 82
10 20
4 93
6 68
7 15
3 53
3 76
6 35
10 83
9 38
7 94
2 51
8 19
10 42
7 30
6 14
7 8
6 13
9 65
6 69
6 66
9 8
2 85
10 87
10 31
8 57
10 37
3 85
9 43
6 6
4 26
5 72
8 40
5 35
6 61
7 58
3 57
2 38
9 49
7 82
6 48
2 37
2 4
10 70
6 69
7 95
5 78
6 97
8 98
7 68
4 62
