6 36
1 31
5 2
3 70
6 81
8 10
9 81
5 66
5 35
3 91
10 78
10 23
8 49
3 84
7 41
4 18
6 35
3 49
3 69
6 10
3 91
8 7
7 19
1 22
4 52
5 39
5 31
6 43
5 84
5 54
8 43
6 36
1 5
1 4
7 61
3 57
1 9
1 11
4 50
6 50
5 7
3 94
1 27
9 36
10 49
9 28
4 70
8 80
7 46
7 65
2 79
9 56
3 63
4 37
2 64
8 20
5 87
7 41
3 15
9 18
8 36
4 3
1 8
9 67
9 97
8 46
8 69
6 91
2 40
1 41
7 41
5 1
10 44
9 23
10 86
3 2
7 57
5 9
3 11
6 1
8 12
2 85
8 70
3 2
1 78
7 79
9 83
1 56
4 73
3 35
2 52
5 4
8 16
4 28
2 55
1 89
3 77
10 37
10 96
5 60
7 59
6 87
2 37
8 79
7 80
1 59
5 70
3 76
7 21
1 55
1 27
1 80
3 6
3 22
10 31
10 98
9 8
6 34
10 88
1 15
10 59
5 6
10 12
9 45
6 27
6 74
6 35
4 34
2 37
4 4
3 99
8 27
5 25
8 82
9 50
7 12
1 15
9 53
6 56
1 36
10 56
8 97
10 48
9 10
2 55
6 71
3 45
2 48
7 10
7 97
2 95
10 65
2 44
9 50
3 8
1 40
5 50
4 60
7 89
3 85
8 16
6 36
1 9
1 73
10 91
9 94
5 93
8 3
6 54
5 11
3 12
8 30
5 15
4 68
2 71
3 39
7 52
9 5
1 29
2 46
7 48
4 45
9 31
9 49
2 5
7 18
6 59
9 66
1 85
2 16
1 97
10 79
10 7
2 56
1 76
1 26
3 21
7 14
3 14
7 32
3 69
8 25
3 85
9 36
6 77
9 3
9 39
8 10
1 81
8 84
9 99
10 18
8 65
6 50
5 48
10 68
6 82
8 11
6 55
2 63
9 28
6 19
5 78
1 16
5 42
5 13
8 80
2 25
9 74
6 79
10 85
3 1
6 60
7 45
8 56
6 23
5 4
3 28
5 29
9 36
10 93
6 20
2 35
4 84
3 47
1 79
3 52
10 54
4 34
2 37
5 53
10 90
8 58
8 8
2 24
1 83
2 16
10 27
8 22
6 79
3 59
9 69
6 25
10 44
3 90
7 17
8 13
6 94
4 49
10 24
9 48
1 17
4 9
10 56
1 12
10 89
5 87
1 29
9 85
10 58
2 46
10 83
9 8
3 40
8 71
9 85
4 57
6 77
8 66
7 5
3 42
6 11
8 43
9 71
8 3
2 97
5 35
1 41
10 67
6 19
6 35
7 58
7 46
7 92
8 81
2 72
4 98
4 25
8 4
6 15
9 79
5 17
1 2
8 54
7 53
5 56
8 52
3 11
5 91
8 14
7 7
4 68
6 84
8 22
10 76
7 94
9 38
10 97
6 29
3 86
6 7
3 3
5 96
6 8
3 92
5 78
4 4
2 26
10 54
1 87
9 71
1 22
3 84
3 14
3 81
10 65
5 56
8 31
9 85
4 45
5 70
7 81
6 96
7 84
1 47
10 32
9 15
7 49
1 31
8 24
2 90
6 20
4 41
2 1
5 72
1 18
4 53
1 98
4 11
7 32
10 16
7 37
8 51
2 18
5 25
8 14
6 47
4 6
3 60
10 53
3 38
6 88
9 12
5 7
10 77
5 72
10 31
4 4
5 43
2 5
3 86
4 61
2 46
1 42
6 76
5 2
3 85
1 61
4 7
10 49
8 66
7 42
9 64
2 12
6 18
3 31
8 57
4 53
1 18
6 54
5 86
4 69
10 58
10 15
8 7
10 3
5 29
9 61
3 46
6 19
1 62
3 86
2 70
4 73
3 34
2 49
4 80
7 70
8 49
10 5
7 35
8 51
1 72
4 85
2 69
9 82
5 49
4 88
5 10
9 94
10 40
7 24
5 82
2 64
3 81
10 99
10 35
3 50
2 49
3 75
1 42
7 25
8 24
6 99
8 4
6 40
3 54
2 93
7 39
9 52
8 72
8 10
3 68
7 87
1 37
6 29
6 56
8 23
5 79
3 21
3 57
9 50
5 17
3 2
6 55
6 98
8 97
8 48
5 57
9 12
8 1
7 1
2 99
3 77
8 71
6 65
5 8
9 13
3 34
10 9
9 55
1 5
1 55
1 11
10 99
5 34
8 75
1 46
9 72
3 51
2 26
5 27
10 37
1 9
10 75
2 56
7 2
1 98
7 92
2 18
8 97
3 8
2 84
2 16
4 70
2 20
1 16
6 12
2 49
9 65
2 17
1 10
6 4
10 20
9 46
4 52
1 11
2 76
5 36
4 95
9 58
9 73
8 3
6 42
7 47
9 78
3 8
2 71
1 58
9 93
7 30
6 76
5 98
5 95
5 15
6 23
4 3
2 54
2 82
6 83
5 32
6 80
10 51
4 88
3 80
1 18
3 84
7 35
10 54
1 52
10 20
7 12
3 10
5 38
2 29
8 38
8 51
1 94
9 68
7 15
4 52
8 66
4 77
7 82
2 97
2 16
7 65
9 47
8 62
6 90
1 43
10 15
2 16
7 25
3 46
7 78
2 24
3 11
6 22
2 74
9 5
4 7
1 5
4 79
9 67
9 33
4 21
8 70
7 28
10 37
2 44
2 48
1 44
6 10
10 50
8 86
1 50
6 4
1 63
2 59
10 62
4 84
8 88
9 11
6 66
10 61
1 92
3 97
7 87
3 71
4 84
9 81
4 23
9 12
10 24
4 73
3 50
10 35
6 18
10 39
7 71
6 10
6 8
4 81
10 37
2 21
7 24
7 65
9 72
4 11
10 5
3 37
4 28
4 34
1 52
3 92
7 62
6 99
2 41
1 16
4 35
3 57
1 85
2 46
8 22
1 24
1 64
5 69
9 79
3 40
6 6
4 24
4 3
3 85
10 87
4 94
1 44
6 58
7 5
1 66
4 52
2 28
4 46
7 19
2 99
1 70
4 80
2 2
8 71
10 24
9 98
3 80
9 89
8 17
2 46
6 82
3 63
4 7
6 75
7 17
1 69
10 99
5 10
7 18
2 1
9 64
7 86
10 25
3 93
6 34
7 58
7 15
2 10
8 5
10 27
9 85
10 64
5 84
4 8
3 80
6 78
3 88
8 35
10 17
3 60
1 40
7 95
9 44
9 1
6 44
2 46
8 58
6 96
6 65
1 5
8 77
1 97
7 33
5 69
7 12
6 91
5 33
1 54
5 21
4 33
4 79
1 88
8 40
7 38
6 53
9 39
6 47
2 82
1 50
9 100
5 18
2 53
8 78
6 55
3 42
7 93
7 96
6 76
6 91
2 62
2 2
8 76
1 40
5 10
5 4
8 11
3 3
6 71
7 82
7 78
5 75
1 21
4 76
4 72
8 20
10 75
10 37
5 94
1 39
10 5
2 99
4 100
5 24
4 88
8 31
3 71
1 93
1 26
7 43
1 42
2 1
3 69
1 57
9 47
8 4
7 33
7 7
2 65
3 87
6 32
6 1
8 2
2 22
9 36
5 72
2 67
9 48
2 16
9 20
3 80
6 83
4 16
2 19
1 51
1 86
4 20
2 34
3 26
1 52
7 6
1 48
1 40
7 8
2 25
1 98
4 33
1 8
3 42
6 43
4 35
9 68
3 51
8 32
4 57
10 38
8 20
5 3
7 87
5 65
5 36
8 89
9 50
3 52
10 58
1 33
9 27
7 77
9 42
7 24
2 41
1 88
1 94
3 40
5 9
2 71
5 44
10 15
3 79
5 97
6 100
3 3
9 8
10 18
1 8
3 33
3 48
7 74
8 77
6 16
8 26
2 67
4 57
5 9
7 4
9 53
8 49
2 42
4 82
8 17
9 25
4 48
8 64
5 45
5 89
5 54
1 78
1 55
10 68
6 70
10 93
9 71
6 92
6 97
4 61
9 84
6 62
3 21
5 38
7 7
2 25
4 44
4 73
5 97
3 72
2 63
9 74
2 31
3 42
1 53
4 80
2 22
6 50
7 11
7 42
1 42
8 85
6 32
6 50
1 16
7 49
1 32
1 14
3 74
2 17
9 2
6 73
7 59
8 14
7 87
10 88
1 65
9 30
6 86
3 99
8 72
5 40
7 60
3 91
8 14
7 88
10 91
2 43
6 51
10 73
3 5
7 96
2 8
10 7
2 35
4 62
2 45
8 40
9 4
4 59
1 25
9 29
4 13
5 41
6 70
8 52
9 32
9 22
9 47
1 96
6 63
4 81
7 95
4 74
2 99
4 59
7 89
4 80
10 36
6 44
2 72
10 22
1 25
1 6
6 50
9 26
9 74
4 66
8 23
2 57
1 71
10 75
8 76
8 13
10 63
4 29
4 26
1 83
5 91
4 47
7 26
8 80
4 67
10 22
1 3
4 22
8 46
6 39
2 89
9 85
3 83
