6 33
1 48
1 70
7 12
4 22
3 22
7 52
9 83
5 10
10 79
4 22
9 91
5 61
4 42
4 94
9 63
9 4
5 62
1 96
7 60
6 30
6 57
5 23
7 6
1 69
7 19
5 35
7 3
7 75
4 26
8 51
7 53
4 60
3 62
2 66
7 34
6 20
3 60
8 99
2 55
2 39
6 41
4 42
10 92
9 70
2 41
1 14
10 67
5 53
2 46
6 42
8 62
7 8
9 36
7 42
6 91
1 68
6 27
9 54
2 15
4 53
4 38
5 43
2 30
5 66
2 20
5 19
1 19
9 2
9 43
10 95
7 50
1 43
7 67
6 55
10 91
7 59
10 73
6 91
9 81
6 53
9 6
3 58
1 54
7 34
1 15
6 43
4 23
7 10
8 52
7 62
4 38
1 53
5 75
4 29
7 22
9 12
2 27
10 21
2 14
3 76
3 79
5 72
6 47
6 83
7 86
8 70
5 41
3 32
2 66
1 6
3 31
2 69
8 3
10 43
4 45
10 79
8 87
9 13
5 86
4 39
2 17
5 16
10 64
4 50
3 36
5 33
4 88
10 54
3 10
5 77
6 16
4 69
2 15
2 7
8 19
5 11
8 73
6 35
9 14
3 72
2 35
9 70
8 66
3 96
7 21
1 30
7 10
6 89
9 55
3 41
5 71
2 93
8 71
1 79
7 79
5 2
6 57
3 90
1 73
7 91
6 22
3 71
3 21
3 54
2 36
6 56
3 50
4 26
8 42
3 29
6 97
6 44
4 17
6 24
5 73
7 47
9 63
10 51
8 38
4 85
10 72
8 35
1 75
2 78
8 61
8 36
3 98
1 93
10 28
1 97
4 97
4 64
3 63
8 10
5 76
4 94
1 17
6 50
9 11
4 44
1 6
3 25
7 91
10 87
6 76
2 48
6 90
3 26
10 90
6 61
7 52
6 50
9 78
4 2
7 2
3 78
5 20
2 47
8 71
10 17
8 79
2 42
4 47
5 32
4 52
2 87
2 98
1 31
3 67
9 62
2 51
9 43
3 96
4 50
8 63
1 38
7 63
8 97
6 33
2 88
8 38
9 65
7 22
4 98
1 5
4 99
5 47
8 26
7 20
5 83
2 39
6 63
8 66
10 76
1 96
8 44
5 70
7 38
3 11
4 62
4 38
1 76
3 2
7 89
1 38
10 73
7 27
2 61
5 99
2 84
8 51
6 42
5 38
9 74
10 73
9 25
6 100
10 25
8 19
8 30
8 81
6 45
3 86
4 42
8 42
2 28
5 27
7 44
10 65
7 74
6 86
10 62
7 97
7 27
10 87
9 18
7 52
7 2
7 76
10 39
3 8
2 85
5 20
6 87
6 47
7 61
2 64
1 68
2 47
8 97
2 42
9 1
10 46
5 96
4 3
10 44
5 19
2 85
1 14
7 67
10 68
1 72
5 3
1 69
6 25
10 100
3 7
3 44
1 56
8 32
8 85
8 25
1 21
8 3
7 64
5 40
9 96
9 82
7 25
10 19
5 68
2 83
1 15
4 73
5 75
6 89
7 66
4 94
5 53
3 48
3 78
2 62
5 16
9 27
5 16
3 87
7 42
4 38
4 77
5 96
8 88
9 76
6 56
3 67
2 46
2 95
8 90
5 41
2 58
1 64
2 4
2 66
9 69
5 34
8 27
2 11
1 41
7 72
6 85
2 79
4 91
1 81
9 50
8 77
5 100
3 73
6 87
6 10
1 51
10 70
9 78
3 65
8 80
8 33
3 61
8 76
3 85
7 13
10 27
10 66
1 5
1 52
5 91
7 28
4 66
5 3
7 53
3 33
7 40
10 48
8 98
10 72
10 29
8 87
1 84
2 43
9 65
1 7
4 84
2 28
10 21
5 48
9 66
4 13
3 61
8 96
6 18
3 81
1 80
9 56
9 34
3 94
10 4
6 70
6 32
10 21
3 56
8 1
1 86
10 67
10 68
3 62
7 45
9 57
3 81
10 35
3 57
4 89
5 27
6 32
5 85
4 33
8 16
10 39
8 64
4 49
9 59
1 1
9 33
1 21
8 11
10 32
3 68
10 53
4 16
6 89
9 75
5 27
5 71
2 33
7 54
8 33
7 64
7 22
7 47
7 49
6 13
7 68
10 12
4 54
1 97
8 10
9 44
6 18
1 59
2 96
10 89
7 56
10 70
3 48
6 18
4 25
7 16
1 39
7 12
1 20
7 45
5 66
6 21
4 72
1 18
3 91
6 92
10 78
6 53
1 11
10 40
8 65
7 33
4 99
2 74
4 27
3 32
9 81
7 85
3 35
9 62
7 79
8 61
8 43
1 89
8 80
1 70
4 77
7 13
4 51
9 72
7 75
6 14
3 92
2 86
6 28
5 14
8 10
6 25
7 87
8 62
4 50
2 92
5 64
6 66
7 40
9 70
1 28
1 75
8 39
1 85
7 71
5 95
2 35
6 19
7 54
8 56
2 85
6 89
2 20
7 34
5 72
9 82
8 34
7 8
6 100
3 22
9 17
8 47
3 31
7 4
3 35
1 96
2 18
9 6
4 32
8 100
10 31
7 65
9 24
10 31
1 21
7 84
1 43
3 24
10 57
6 40
6 32
1 13
2 48
8 38
8 7
8 92
10 55
10 66
8 32
4 10
1 38
10 64
9 72
2 32
9 34
1 38
7 91
10 75
4 96
10 59
1 18
1 43
9 39
1 71
2 96
8 40
8 22
6 61
8 51
7 49
5 40
6 43
7 66
5 70
4 69
7 6
2 17
7 35
2 20
4 29
7 78
5 69
4 1
9 76
6 44
8 66
8 86
4 39
6 23
7 30
6 64
6 38
6 73
9 50
3 12
1 44
2 16
5 26
7 40
8 57
9 82
6 87
10 5
10 77
2 79
10 87
9 96
7 21
5 32
8 66
7 3
3 47
9 7
6 61
2 86
4 68
2 19
4 37
2 36
9 74
6 34
6 26
7 61
2 48
6 75
4 93
10 8
3 75
3 47
9 84
2 32
7 80
6 41
8 18
6 40
1 46
1 88
8 21
9 20
9 42
7 81
7 2
7 47
5 15
9 16
2 89
1 97
1 18
8 94
10 56
7 92
2 56
10 1
9 74
7 20
4 28
3 84
8 22
4 17
6 60
4 38
3 14
10 29
3 49
1 48
5 2
4 92
7 85
9 29
1 80
1 86
7 54
8 3
3 55
6 33
9 22
9 49
3 18
4 17
8 10
8 92
4 56
1 97
1 49
7 76
2 83
2 49
1 76
1 97
7 59
4 19
8 65
1 60
1 89
7 12
10 29
6 22
9 94
5 34
10 47
9 41
2 91
8 1
3 81
2 48
4 12
8 88
1 88
7 89
3 40
6 91
6 93
10 42
4 92
7 24
5 92
6 54
4 49
6 31
2 93
6 34
2 36
10 83
9 80
9 19
1 1
9 9
3 3
9 16
10 87
1 38
1 8
4 5
7 36
7 82
10 58
5 69
4 2
6 41
9 88
9 29
6 90
2 34
3 83
2 32
1 9
1 24
9 90
2 52
1 71
3 95
9 94
4 55
6 2
8 97
5 89
6 60
10 6
5 39
10 69
6 25
7 60
5 59
6 27
10 17
8 88
9 33
7 62
6 9
1 41
4 20
8 31
10 44
1 45
8 75
9 52
5 5
3 19
3 58
1 47
9 41
3 26
4 80
1 65
2 23
2 49
2 40
10 73
7 74
10 51
5 95
9 48
2 86
8 86
2 86
3 85
10 96
1 78
4 65
10 20
7 9
7 28
7 8
1 60
6 80
6 100
6 98
8 99
1 38
2 1
5 62
1 86
8 62
6 14
3 83
3 43
2 55
10 45
4 37
9 88
3 7
5 45
3 48
3 7
1 75
7 8
8 58
7 13
4 27
10 55
3 63
8 9
8 16
3 67
3 34
4 92
5 46
5 100
4 58
3 20
8 22
2 48
8 3
3 60
6 83
1 42
8 4
1 63
6 58
1 69
5 64
4 93
7 3
9 51
1 71
10 80
1 71
5 28
8 80
3 52
3 6
10 74
1 59
6 85
7 80
10 40
7 53
5 59
8 89
10 93
6 92
2 13
3 58
6 88
10 74
4 100
7 27
10 7
1 14
7 10
7 49
2 85
3 72
9 21
3 91
8 94
3 4
6 27
9 87
8 96
3 12
3 62
7 96
7 33
10 88
10 15
3 22
3 89
4 54
8 12
1 11
1 78
2 24
3 48
6 14
10 68
5 14
1 47
6 67
7 52
5 74
6 36
9 68
5 51
8 62
9 12
7 91
3 66
2 58
1 86
3 99
2 32
6 73
8 10
3 49
7 37
1 90
7 76
6 65
6 34
9 69
10 96
10 56
9 44
5 41
8 17
1 45
6 84
1 48
2 69
4 23
9 71
6 80
10 84
6 22
5 4
5 94
4 13
5 35
2 66
2 14
9 86
1 10
9 97
4 48
1 45
