8 52
4 84
9 63
4 94
2 57
3 22
1 67
7 80
2 74
3 58
8 54
2 1
2 85
4 5
3 4
4 92
10 57
2 73
4 64
10 55
5 92
2 49
9 73
10 8
9 13
10 51
2 68
1 75
1 21
2 100
9 2
7 45
7 59
9 60
4 72
3 97
5 86
10 49
2 65
6 50
7 31
8 98
4 87
3 58
5 21
2 14
2 31
8 46
10 14
7 55
10 20
10 68
5 17
2 85
8 20
10 43
8 20
4 22
8 68
10 99
5 81
3 1
10 46
6 52
9 34
9 78
7 7
3 81
2 58
6 81
3 68
10 43
7 80
4 48
4 86
3 61
8 8
6 63
3 80
3 39
8 47
3 11
5 9
4 32
6 25
5 25
3 96
6 73
2 67
10 2
6 98
7 54
5 88
1 23
5 24
5 30
2 45
3 35
8 99
8 81
2 46
1 14
4 21
7 70
9 44
1 42
6 67
3 39
1 3
8 85
1 90
4 70
3 7
10 83
10 36
2 63
4 73
6 18
6 6
2 78
9 29
5 34
4 85
1 28
9 51
1 41
9 51
6 82
9 47
7 30
7 72
5 51
1 66
5 11
9 76
9 37
7 52
5 72
10 61
9 92
10 98
7 71
6 10
3 71
2 31
4 52
9 76
7 4
7 17
4 40
1 25
7 78
9 91
3 27
4 46
2 76
3 29
5 60
10 36
6 41
7 89
9 21
4 24
8 72
7 6
2 69
2 36
8 9
9 60
7 47
8 28
9 71
9 57
5 18
3 88
4 28
8 75
7 21
4 94
1 20
6 28
3 78
9 31
2 20
2 52
4 89
10 68
5 90
9 4
1 99
3 70
3 51
9 78
6 97
1 13
9 23
3 25
7 19
6 74
5 1
6 79
7 47
4 58
8 49
10 43
10 22
9 95
3 51
1 98
9 23
4 70
2 79
1 19
2 81
10 81
9 4
5 25
8 71
2 5
2 100
8 77
4 75
5 86
3 27
5 47
1 13
8 87
6 89
3 60
8 67
2 77
8 67
10 66
1 8
2 1
1 26
2 76
3 70
8 72
4 53
8 29
4 34
5 88
8 12
6 30
2 24
10 78
7 56
9 10
1 18
5 26
2 95
6 83
7 4
3 64
5 26
7 96
10 34
8 39
3 21
5 46
1 34
5 2
5 59
3 29
8 93
7 61
6 57
9 85
2 55
10 11
6 17
9 27
9 53
7 51
9 44
3 84
8 25
2 59
5 18
4 82
7 45
9 2
10 58
1 84
4 73
5 55
9 80
3 92
8 4
7 53
1 69
7 96
9 11
5 49
9 11
8 83
10 63
2 35
3 55
3 90
5 81
2 15
9 40
6 22
5 41
8 83
6 11
4 50
3 33
8 91
9 50
10 38
9 69
10 15
5 79
8 77
1 55
7 88
7 24
1 80
2 2
1 93
6 2
1 1
7 24
3 77
8 4
10 41
3 21
6 35
2 79
7 23
10 19
10 77
1 69
10 43
4 26
4 69
7 60
5 15
6 39
10 92
2 97
10 50
7 46
9 73
4 87
3 9
4 9
9 7
10 75
4 11
4 97
1 74
2 43
8 87
3 66
5 15
4 77
3 46
7 56
3 65
10 66
1 95
5 26
4 12
2 85
3 45
9 71
10 93
2 16
9 80
7 17
4 87
9 15
10 45
9 79
2 58
7 53
10 53
4 28
5 39
8 77
4 27
4 76
1 20
3 42
8 76
5 92
8 99
9 28
6 27
2 60
10 96
8 4
1 91
1 29
3 93
1 100
7 5
9 96
2 87
10 34
4 57
2 7
6 19
9 16
8 32
4 97
7 87
8 50
5 64
2 48
7 73
9 49
3 5
8 68
5 17
4 36
7 84
9 19
6 64
1 90
6 64
4 44
3 85
1 68
5 6
2 77
5 72
2 22
5 74
1 75
2 2
7 47
4 85
10 10
3 74
9 11
10 55
2 24
4 15
5 26
2 64
10 85
10 49
1 19
4 88
6 5
9 91
1 60
6 52
8 94
2 91
10 10
3 60
2 97
1 23
2 83
10 17
10 82
5 44
5 78
8 54
6 38
2 39
5 54
2 49
3 70
5 65
3 32
7 45
1 23
3 56
7 88
7 22
4 14
8 62
10 37
5 82
1 14
8 82
2 27
5 16
5 82
9 84
7 1
10 48
9 54
8 71
7 37
2 52
7 59
4 78
5 100
4 66
8 82
7 81
2 77
10 85
3 99
10 31
5 9
7 50
7 19
5 59
5 45
9 29
9 79
7 24
2 81
2 19
1 12
6 63
7 60
6 15
2 95
2 50
8 43
2 24
8 48
8 36
1 57
9 18
8 49
7 73
4 30
6 62
8 58
5 57
10 78
8 64
4 92
1 1
7 12
10 64
8 47
6 15
9 33
9 43
5 53
4 45
4 51
7 45
6 67
7 22
6 1
3 82
7 57
5 34
5 15
2 23
1 43
9 92
2 60
3 16
5 64
2 7
8 70
3 5
5 3
8 55
6 49
2 62
2 66
2 18
8 93
3 21
1 44
10 93
5 19
6 41
2 16
1 63
6 57
2 29
2 14
7 62
8 63
8 89
3 67
2 31
9 22
3 50
5 62
7 68
3 97
2 85
6 95
3 9
9 72
9 67
2 52
9 46
10 3
1 49
4 12
1 24
3 65
6 65
4 98
8 37
2 56
4 86
2 44
6 6
8 68
3 46
4 50
6 13
3 69
2 99
6 33
9 54
8 87
1 64
6 2
7 43
4 21
7 90
6 43
6 2
7 61
7 86
9 46
10 83
2 80
3 3
8 51
6 8
10 76
5 58
5 40
10 66
6 11
10 55
5 12
3 12
1 47
9 14
6 22
7 96
8 33
3 93
4 61
8 63
10 20
1 30
5 27
5 75
3 24
4 91
7 35
7 32
3 45
10 80
5 17
1 97
9 67
10 33
2 10
5 69
3 38
2 25
3 75
10 53
7 41
6 91
2 5
2 34
5 8
1 34
4 87
8 69
7 59
7 46
1 8
7 53
4 86
4 92
4 16
7 57
6 21
3 12
7 84
1 91
9 19
1 81
1 72
4 69
7 81
2 34
3 63
3 93
7 94
1 97
8 63
10 98
7 62
9 40
3 98
6 3
2 84
4 13
6 45
4 72
8 17
5 27
4 57
3 17
2 32
6 93
1 26
9 20
3 57
7 28
6 38
4 37
3 49
4 26
7 100
1 7
2 66
1 15
3 63
4 81
10 28
2 16
6 55
8 28
4 25
7 87
10 44
3 21
6 66
2 36
10 7
3 81
1 49
1 56
1 34
1 10
3 92
4 22
4 21
6 73
9 72
8 11
6 4
4 16
2 44
1 15
6 45
9 86
2 93
2 83
10 77
2 64
6 38
6 67
9 56
9 100
1 79
8 67
2 79
5 73
6 75
10 3
9 58
2 31
4 23
3 72
4 68
2 29
8 94
1 62
1 4
6 80
4 33
6 2
6 87
2 20
8 70
4 84
7 66
6 55
5 39
1 55
8 43
4 43
3 82
7 97
10 41
5 73
6 71
2 78
1 78
3 2
6 99
3 21
3 6
4 59
8 36
5 68
6 30
8 10
6 28
6 59
9 67
5 16
10 25
5 13
6 19
1 38
3 55
7 24
5 48
2 50
6 68
5 15
1 10
2 81
3 28
5 31
5 91
4 92
3 22
9 9
5 94
7 65
8 77
3 83
7 6
8 96
9 12
5 84
3 61
2 24
3 28
8 46
4 12
10 78
1 51
3 36
2 87
10 82
1 19
8 39
3 43
10 22
1 15
6 35
6 37
6 32
1 21
7 13
4 82
9 25
3 12
6 39
4 34
1 14
6 10
5 77
7 99
8 79
9 91
6 15
5 93
4 4
1 30
9 38
8 17
4 61
8 53
3 70
1 88
4 67
8 49
6 43
3 42
2 32
2 4
4 74
5 9
2 93
7 9
9 38
3 93
6 27
2 29
9 85
7 19
5 76
6 77
2 34
10 4
6 16
2 12
8 38
8 49
6 74
4 67
2 33
3 78
7 46
5 92
3 56
5 73
6 62
9 10
3 78
6 46
2 4
10 21
1 80
6 2
2 8
9 80
1 35
4 73
3 7
6 76
6 18
8 53
8 68
9 23
6 70
1 34
10 86
5 71
3 28
8 46
7 37
4 99
6 75
6 61
9 1
8 87
6 21
8 83
4 87
2 57
3 52
1 66
2 85
3 84
9 91
10 75
7 52
4 69
9 59
6 77
10 8
5 49
9 4
9 36
8 1
5 88
7 55
5 9
10 18
10 74
8 75
1 12
5 34
4 41
9 86
7 7
6 45
10 16
10 94
2 18
9 97
7 99
5 78
6 71
2 35
3 41
7 76
3 65
7 61
4 76
2 63
1 63
7 7
2 18
7 76
3 11
3 20
1 75
4 35
4 96
10 72
1 19
6 72
10 62
10 61
6 66
