5 59
2 43
9 53
8 10
2 30
10 90
3 28
6 62
8 70
2 33
6 19
1 76
6 20
4 54
6 41
7 67
10 32
6 1
7 1
4 99
4 18
1 71
4 55
4 40
3 35
10 41
4 59
4 30
5 87
10 37
7 90
5 36
9 5
9 5
3 13
7 70
10 16
4 88
2 35
5 45
3 50
10 47
10 28
2 67
1 57
3 9
7 53
3 29
7 4
4 49
5 25
5 87
1 16
1 90
10 35
6 32
10 32
6 73
1 22
4 92
2 11
3 76
6 7
3 23
3 99
4 27
8 11
9 13
4 37
5 56
6 100
5 82
3 45
3 97
7 14
7 49
1 41
9 30
2 72
8 94
3 79
7 13
2 93
10 21
6 17
4 89
1 21
10 74
6 65
1 2
9 91
7 37
1 27
8 85
5 3
4 41
7 64
1 86
10 79
5 63
6 22
10 95
9 51
10 21
4 16
6 44
5 58
6 85
7 13
10 15
7 48
3 77
4 74
7 50
3 52
8 90
5 93
5 93
10 5
6 55
4 70
7 79
7 30
5 68
10 70
1 38
10 51
1 17
4 52
9 14
9 16
9 35
1 82
3 8
2 27
9 7
7 99
5 56
7 48
3 92
5 12
10 40
4 33
1 51
1 84
1 28
4 4
1 53
3 9
7 6
9 50
7 86
8 59
10 85
1 79
8 71
5 45
5 100
9 74
5 1
10 13
10 58
4 47
3 94
9 6
6 57
7 85
4 64
10 25
4 52
3 39
5 25
7 79
9 62
7 45
8 19
1 70
1 79
9 86
2 83
2 45
3 23
3 88
3 49
2 87
10 72
3 53
3 75
8 12
10 2
2 86
8 18
3 93
4 59
9 59
4 71
4 98
5 98
1 48
7 28
5 19
4 33
1 28
10 93
3 29
10 37
1 41
8 42
2 56
3 2
6 57
1 64
4 29
10 69
4 48
1 77
8 54
2 71
3 33
9 15
5 34
2 38
10 11
1 27
8 88
1 92
10 34
4 47
10 57
10 60
8 45
7 58
2 81
5 55
1 26
8 88
7 80
4 84
2 64
9 84
4 49
4 41
1 94
8 7
2 32
10 24
1 22
3 33
8 42
8 43
7 38
1 65
4 40
9 17
5 99
3 94
2 68
3 78
6 57
3 46
3 44
4 43
10 80
4 50
4 6
1 33
9 11
8 5
2 37
2 36
6 88
5 12
10 6
10 14
10 4
9 81
6 74
2 99
3 22
5 11
7 97
8 12
3 93
1 21
10 94
3 46
3 4
5 36
7 98
9 33
7 83
1 95
2 23
5 83
3 44
10 58
9 94
6 84
10 80
8 5
2 7
4 41
7 86
8 27
2 23
5 63
4 40
4 86
2 53
2 83
9 19
5 39
5 91
5 49
2 69
10 24
3 87
1 2
9 86
5 64
2 97
9 16
9 66
8 43
9 61
9 19
1 26
9 92
1 55
2 59
8 16
4 67
7 12
7 70
1 57
7 81
4 39
9 64
9 46
6 25
6 15
2 43
7 34
7 7
2 29
1 26
7 88
5 50
1 76
3 32
9 70
4 95
6 71
9 52
10 42
5 37
9 95
3 92
5 78
9 64
4 27
8 15
3 81
5 17
10 68
7 48
5 70
10 25
3 91
6 2
9 42
9 47
8 52
5 48
5 90
6 92
7 39
4 77
5 31
4 15
5 9
3 14
1 64
7 80
7 13
4 48
2 4
4 82
6 8
3 77
3 11
7 7
10 62
10 68
4 95
8 4
6 25
10 91
3 57
3 68
9 99
6 97
1 47
1 39
5 74
9 42
5 32
6 17
4 96
8 68
2 65
6 94
1 81
8 17
3 96
2 92
2 98
2 57
6 36
9 30
10 17
5 59
1 42
3 5
10 34
2 85
1 56
3 59
7 77
3 14
3 33
3 42
2 90
8 61
3 93
2 58
5 54
4 36
5 60
9 96
5 38
3 43
7 32
6 95
7 33
8 96
1 1
2 19
2 63
9 47
4 74
1 12
9 22
5 45
4 46
9 26
4 68
7 23
10 2
3 44
5 72
2 33
2 27
8 86
2 65
8 45
3 62
1 80
10 83
10 75
7 65
3 62
10 26
8 24
6 1
4 8
7 96
9 37
1 91
8 29
10 31
7 54
10 73
6 69
9 22
3 13
8 96
2 77
3 55
1 41
7 45
9 39
8 51
1 62
2 62
8 80
1 43
2 30
5 84
8 16
1 7
2 86
2 44
5 6
7 74
7 12
10 75
10 7
9 51
1 1
6 72
9 49
4 4
2 77
6 78
6 41
5 46
10 96
3 92
4 26
7 45
8 61
4 66
3 62
7 30
9 75
1 19
3 66
2 49
1 91
10 99
5 39
1 79
8 27
3 8
3 13
7 38
10 78
3 75
1 8
8 2
4 15
9 21
8 95
4 75
7 48
5 28
5 27
5 33
10 5
3 1
9 19
8 27
6 56
6 69
8 27
9 61
1 84
10 90
8 2
5 47
5 9
2 76
6 21
3 38
4 67
9 18
3 27
6 22
5 92
5 25
5 13
10 16
7 32
5 93
5 29
2 91
2 61
9 44
5 60
9 41
1 94
6 88
9 78
2 4
8 41
9 9
3 54
6 95
1 87
8 62
9 48
6 40
10 75
9 99
3 33
4 37
7 45
10 26
4 23
2 85
2 71
8 48
4 87
1 62
4 51
2 70
5 9
2 86
1 9
2 10
3 32
9 3
4 56
7 21
10 99
1 5
8 34
1 59
1 36
8 64
4 50
7 8
6 62
9 29
10 63
4 16
9 12
7 40
9 39
1 32
8 86
10 32
8 98
10 33
5 73
2 83
5 58
7 89
8 27
8 25
7 39
5 41
3 90
3 66
1 10
2 71
7 71
4 82
4 12
5 19
6 29
2 78
1 97
10 36
9 1
7 93
10 58
2 46
4 85
10 78
8 93
6 99
7 11
8 42
6 98
8 15
8 5
1 16
3 50
3 65
1 92
9 63
10 21
4 30
5 98
6 64
10 21
5 3
3 98
7 30
6 62
9 16
6 48
2 15
6 9
8 97
8 96
10 29
2 71
5 9
3 53
4 72
8 61
2 35
1 64
2 80
8 67
10 55
5 84
10 17
5 22
4 51
8 20
3 5
8 20
5 52
10 54
3 85
2 21
7 40
5 48
8 86
2 57
3 71
5 82
2 55
1 94
9 32
8 21
10 89
10 24
6 99
6 4
6 61
3 9
5 37
4 98
4 10
1 28
10 97
4 73
9 77
1 64
5 39
5 58
8 98
1 95
8 24
6 68
9 71
8 97
2 43
9 92
5 57
7 28
3 36
3 11
3 99
6 3
4 36
3 1
10 5
5 94
8 90
5 13
7 50
7 41
4 97
8 88
10 67
10 98
4 72
7 1
8 69
5 53
7 28
8 56
3 68
1 95
5 94
1 12
10 56
4 82
2 36
6 34
7 48
5 64
7 38
2 90
3 63
7 37
6 87
10 3
4 60
4 84
1 98
2 77
1 23
7 18
6 63
6 32
7 56
9 4
5 89
7 31
4 29
5 52
2 63
5 95
10 73
1 80
5 21
9 32
1 96
7 27
1 14
2 32
10 63
10 69
8 34
5 4
9 83
1 28
10 34
9 68
4 74
9 79
9 44
5 48
7 99
2 60
2 78
7 2
7 1
4 31
3 8
8 37
6 88
6 62
10 28
7 53
1 29
3 93
10 38
6 54
6 76
10 69
3 54
7 32
8 9
3 79
4 75
4 77
4 86
10 67
6 96
9 28
10 5
4 46
10 100
7 41
6 31
7 39
4 67
4 28
2 61
4 59
8 100
2 41
9 71
7 94
10 58
4 98
2 89
7 11
6 13
5 74
7 76
5 16
1 80
2 30
8 83
4 41
1 54
9 88
1 60
4 31
10 91
7 62
4 58
9 15
2 25
4 37
10 39
6 10
10 45
7 12
5 57
7 87
1 6
5 27
1 58
9 10
6 2
8 78
2 37
4 38
6 29
2 9
1 35
1 47
1 63
3 35
5 77
5 11
6 83
5 62
6 59
5 60
10 35
10 95
1 68
9 60
2 37
4 19
8 26
4 33
8 37
1 46
8 64
3 60
1 13
4 52
3 8
3 99
10 15
4 96
3 36
10 77
10 79
7 95
4 6
9 27
7 64
2 91
5 10
8 11
9 5
2 70
3 93
7 77
10 69
6 62
5 29
1 45
6 73
9 56
5 89
1 18
10 99
6 7
5 15
9 42
2 42
7 28
3 93
5 12
5 50
4 73
5 63
5 4
10 11
3 59
8 97
4 24
4 38
7 78
2 55
9 95
2 21
4 37
10 10
5 34
10 77
7 52
4 98
1 35
6 39
8 8
2 63
8 26
4 22
5 31
2 10
1 80
4 53
6 54
7 3
8 6
1 71
4 44
8 22
5 69
6 52
6 50
10 39
9 97
8 22
4 99
