6 39
4 95
10 40
6 85
3 70
5 46
8 52
7 28
9 37
3 42
9 37
9 89
3 91
1 19
6 96
5 30
5 50
8 15
7 47
5 13
7 76
6 30
3 90
4 77
2 84
7 100
10 79
9 49
5 24
8 4
7 72
7 97
5 66
9 62
7 69
3 23
10 88
6 74
4 73
5 24
10 58
1 20
8 51
10 1
5 20
7 76
9 34
2 1
7 71
1 4
8 55
10 42
3 6
7 94
9 71
5 1
8 79
9 26
8 24
10 100
4 49
5 21
5 3
1 98
6 24
6 49
3 72
10 83
3 34
6 38
9 91
9 66
4 22
1 68
10 38
2 43
4 49
2 61
1 49
10 19
7 95
5 17
10 85
9 85
3 40
5 70
5 98
1 12
7 53
7 39
9 6
10 22
6 34
2 71
3 11
2 29
1 34
10 97
8 65
4 73
6 80
3 30
5 2
5 58
4 66
4 12
7 83
8 84
7 58
10 63
7 50
8 59
10 75
7 67
3 40
8 31
7 62
2 99
1 30
8 54
8 10
10 18
6 30
8 99
6 74
2 9
7 41
10 38
2 96
6 13
8 55
8 98
9 89
10 24
7 99
6 69
8 14
5 77
4 82
6 16
10 98
9 5
5 1
5 50
6 30
3 50
3 1
7 35
4 47
10 45
7 44
4 99
5 60
9 13
4 27
6 62
2 26
10 40
5 44
6 86
6 33
6 94
2 99
5 6
5 50
7 42
4 26
3 3
10 61
9 46
7 90
9 47
1 62
1 53
6 41
9 83
3 89
6 42
5 16
4 74
6 100
9 79
3 64
1 62
2 9
8 96
9 54
3 75
8 22
6 91
7 37
4 97
3 30
7 100
8 40
10 20
6 87
4 24
6 35
1 52
8 12
2 68
4 60
5 20
2 42
5 16
6 23
8 56
9 40
3 66
1 72
8 84
5 24
1 50
10 49
1 68
5 34
8 13
1 83
4 80
2 81
1 7
6 92
8 19
7 43
4 3
2 35
1 13
6 59
8 76
10 57
4 39
10 58
2 54
1 100
2 79
1 13
6 45
6 31
2 50
2 90
9 46
8 2
8 84
6 20
3 37
2 8
4 44
8 6
6 33
10 17
4 35
9 68
9 16
8 28
2 47
1 11
3 78
1 80
1 1
6 51
3 99
1 52
2 36
6 60
1 10
1 41
1 10
8 20
9 98
5 100
7 96
9 45
8 68
8 86
8 43
9 52
5 38
3 5
9 3
2 82
8 87
7 69
3 96
9 63
7 93
3 26
4 17
5 47
9 29
9 50
7 55
10 51
1 20
10 94
5 93
1 2
7 45
6 75
6 31
4 38
10 11
4 26
3 44
4 34
2 2
10 83
8 29
10 99
5 58
2 55
7 17
3 61
4 97
3 99
7 40
6 1
9 95
4 85
1 47
5 22
9 13
10 6
1 24
6 58
6 53
6 37
1 76
1 35
8 98
4 88
7 62
10 36
8 50
3 43
7 82
3 31
9 24
7 58
1 49
5 58
9 20
4 99
7 21
5 49
1 32
6 58
6 7
2 19
3 58
1 35
7 98
5 81
8 34
2 56
10 8
10 49
2 91
1 45
10 21
8 72
5 55
3 30
2 44
1 10
9 44
2 9
5 47
3 48
9 40
6 82
9 20
4 77
7 70
9 76
1 16
3 75
1 15
10 11
8 9
5 17
7 1
10 41
4 13
5 100
3 92
9 87
7 6
1 47
6 49
10 19
9 97
7 93
10 60
7 26
3 69
5 19
9 76
7 64
5 63
8 17
6 63
3 48
8 41
10 15
8 72
1 79
2 53
9 50
6 3
6 9
6 85
2 26
9 1
9 54
10 86
6 78
2 2
2 12
3 78
1 13
8 32
6 55
6 40
6 21
9 59
1 59
9 36
5 92
3 76
10 90
4 70
2 77
3 16
2 84
4 85
1 61
8 92
2 44
8 42
5 12
7 76
6 26
6 44
9 6
4 77
2 96
2 70
3 68
4 73
3 59
1 10
4 51
10 4
7 49
5 82
1 57
1 70
9 66
6 6
3 1
3 97
9 88
2 3
9 29
7 37
5 41
10 100
7 23
10 4
1 30
6 80
5 81
4 29
6 55
8 93
2 83
2 82
3 27
2 92
3 54
7 92
6 55
3 100
4 16
1 80
4 20
1 14
2 73
8 73
5 46
1 31
10 81
1 78
1 29
1 35
1 84
7 11
4 96
2 65
1 16
8 4
1 94
4 78
9 11
6 95
2 35
3 57
4 15
9 56
9 5
10 69
6 43
8 40
6 89
8 96
7 1
5 13
6 4
4 44
6 24
8 97
10 24
10 78
2 29
8 48
2 87
9 77
1 59
7 37
7 57
10 29
3 20
6 1
8 91
4 14
10 4
6 13
5 60
5 79
1 10
8 62
3 80
5 5
7 20
3 45
9 16
9 12
8 10
8 70
6 51
6 82
1 70
1 26
10 44
8 92
5 4
3 67
8 19
9 54
9 42
4 92
1 83
9 84
3 61
6 47
4 10
2 84
8 28
9 68
5 78
10 65
5 22
1 53
2 84
7 79
6 20
8 70
4 1
8 37
9 22
10 44
1 79
3 18
1 57
9 20
7 45
4 93
9 99
4 46
2 84
3 38
7 8
2 35
4 26
10 33
7 25
2 97
8 71
2 82
3 84
7 92
8 42
8 8
10 89
2 77
6 42
8 68
3 12
3 48
4 39
4 86
9 49
4 95
9 8
9 40
9 15
1 50
1 89
3 8
8 66
8 74
8 91
5 24
9 74
5 24
2 72
5 37
7 68
5 81
8 78
7 25
2 28
8 76
3 64
9 63
2 99
7 29
10 42
2 64
1 80
6 34
10 40
4 69
6 69
6 50
5 39
7 89
1 72
1 84
4 13
7 2
9 8
2 46
4 40
8 9
8 27
4 56
6 7
10 55
2 71
3 24
6 82
1 8
9 60
2 97
4 100
9 40
10 13
2 82
2 64
1 14
6 43
8 82
8 6
7 71
6 56
8 62
4 12
5 37
3 22
3 52
9 23
10 74
2 38
10 40
8 46
5 92
2 61
9 18
6 32
7 24
4 54
6 96
6 67
10 5
8 31
3 3
5 81
5 8
8 99
10 7
5 39
4 67
2 70
3 5
2 97
10 7
1 87
2 31
10 3
3 80
3 50
10 56
2 31
6 25
3 44
8 97
4 62
8 66
1 69
6 32
10 58
9 12
3 17
10 69
3 42
2 97
1 9
4 61
6 71
4 66
4 80
7 73
1 39
7 94
4 5
5 38
4 98
1 14
7 5
4 96
6 63
6 37
7 47
8 12
5 17
1 71
2 13
4 80
3 67
6 3
4 70
10 47
4 94
3 30
10 75
8 23
3 95
4 99
10 60
3 28
5 28
9 59
9 1
3 64
10 65
6 48
1 63
1 71
8 33
7 40
1 43
3 30
5 48
8 72
7 11
3 85
5 40
1 87
2 34
4 43
5 74
2 66
3 74
5 54
1 59
5 67
10 29
4 37
8 10
4 16
10 21
6 20
6 18
8 91
7 90
8 83
2 21
6 65
9 45
9 76
9 25
5 52
1 16
7 4
4 20
3 67
8 59
5 99
10 37
5 2
5 42
1 42
4 91
8 76
8 69
7 50
3 15
3 15
8 74
6 28
4 2
8 88
7 83
4 100
2 25
2 53
4 58
5 51
1 63
5 8
9 94
5 35
1 87
3 7
9 73
4 7
6 1
3 8
6 26
5 57
4 87
3 55
1 42
3 47
7 97
10 37
5 25
8 35
8 31
8 25
5 87
3 55
5 52
5 74
9 24
4 80
8 34
8 66
7 34
4 92
4 2
1 26
8 84
1 74
10 43
10 36
7 10
7 35
1 59
6 47
9 5
9 21
5 11
7 76
9 34
10 63
8 85
2 88
8 55
8 92
8 6
10 82
4 23
6 87
8 19
3 35
7 61
8 82
9 49
2 37
1 89
7 97
7 87
4 83
2 60
3 77
9 56
5 36
1 91
8 36
2 87
1 5
8 8
7 56
3 45
8 62
7 9
4 81
7 11
8 2
8 90
3 18
9 6
7 9
1 24
1 32
9 56
6 67
1 81
8 68
9 22
3 71
2 49
1 91
4 25
8 90
3 45
4 41
8 71
7 27
8 95
9 76
4 5
4 66
7 82
5 88
9 12
2 36
3 52
1 71
8 62
5 6
1 12
6 72
10 48
9 75
7 75
8 81
3 87
8 29
1 93
10 18
5 36
8 4
9 31
10 17
7 37
10 64
5 9
2 66
9 15
1 73
7 62
8 62
9 69
7 50
10 4
5 73
9 33
9 48
3 55
2 50
4 27
1 65
5 62
7 83
9 91
3 88
5 15
9 63
6 7
5 45
1 49
7 42
9 60
1 95
9 2
10 84
5 59
4 76
6 52
9 79
2 18
3 13
7 62
5 72
10 46
1 28
