5 19
1 64
6 73
3 66
2 97
1 29
6 27
10 20
4 43
4 18
2 71
9 71
10 8
1 32
6 12
9 73
6 46
5 34
8 5
7 37
2 38
3 24
6 50
9 70
7 49
6 79
8 10
6 17
3 99
10 59
3 95
1 81
8 27
1 10
8 27
7 19
5 8
8 56
1 39
6 61
7 47
8 7
7 88
10 53
3 4
3 98
1 95
6 80
7 20
6 35
2 26
4 69
4 69
2 42
7 11
1 93
6 3
4 38
3 73
5 74
3 46
10 45
2 71
2 42
2 35
9 70
6 79
5 38
6 30
8 91
4 77
4 50
10 71
2 40
2 78
8 77
7 7
8 56
1 100
10 58
6 53
7 53
6 9
1 48
6 79
1 26
8 49
4 71
4 52
4 46
8 50
2 97
3 17
10 63
2 97
6 29
4 62
7 77
9 88
10 92
3 96
9 79
10 12
2 61
10 38
8 10
3 69
7 95
10 66
6 15
4 27
9 79
4 94
2 27
3 13
8 85
3 93
10 94
8 53
10 19
8 21
4 54
10 24
9 3
5 40
4 42
2 73
2 43
3 85
7 90
1 7
10 69
1 54
5 63
1 57
5 34
3 97
3 25
5 35
7 73
5 60
1 26
8 43
1 34
3 91
9 70
9 54
10 69
7 70
6 86
6 47
1 86
6 62
1 47
9 17
2 64
1 90
10 90
5 38
4 28
1 32
3 27
5 67
7 64
6 67
2 76
3 59
9 63
2 83
2 36
6 90
6 97
6 66
5 14
8 97
2 76
3 75
9 77
4 74
6 11
8 71
7 80
4 10
4 36
4 46
3 1
9 66
10 55
1 88
6 10
1 65
8 47
6 58
3 61
2 38
9 70
6 48
7 73
7 71
2 2
10 61
4 24
4 58
9 27
2 60
6 51
2 37
1 29
8 51
9 65
8 63
5 32
9 84
5 17
8 75
2 40
3 82
9 7
3 82
3 9
1 38
1 59
7 13
5 69
1 12
6 83
3 74
6 74
4 28
5 52
3 57
4 7
5 55
4 61
2 57
10 24
3 46
5 12
6 2
8 36
2 15
3 62
9 18
3 36
9 16
8 40
6 26
8 87
7 41
3 58
10 95
5 57
3 79
1 37
3 55
5 2
8 37
1 38
10 59
10 86
4 84
5 10
9 85
1 55
8 16
4 22
1 80
1 68
10 95
4 38
10 73
7 54
4 70
3 19
8 42
8 15
4 100
2 43
2 66
8 48
8 97
6 41
4 93
2 8
10 68
2 15
2 91
8 21
7 18
10 50
9 86
10 7
2 12
3 46
10 74
6 54
10 85
9 60
6 62
3 22
2 51
5 53
8 25
2 86
4 57
2 73
7 12
2 4
2 12
4 39
4 40
3 8
2 63
7 1
9 42
3 50
7 100
8 6
10 8
7 71
6 99
4 26
6 51
7 28
6 84
4 34
6 44
5 4
10 26
10 54
6 33
2 15
10 92
9 8
9 67
5 86
9 67
4 80
10 67
5 11
1 51
5 91
7 79
7 59
9 26
9 10
5 44
10 66
2 65
10 22
6 23
6 63
1 7
4 71
7 77
10 83
6 59
7 51
8 97
10 16
2 66
5 5
10 2
4 91
2 3
6 20
3 59
3 67
3 82
3 15
8 44
1 2
10 26
10 88
5 96
4 9
2 96
6 55
1 43
3 9
4 44
10 54
1 7
10 18
7 3
4 16
7 89
7 12
7 1
2 32
1 91
4 2
8 6
5 57
8 4
7 61
6 71
4 96
10 76
8 44
4 7
3 19
7 95
9 86
10 16
7 62
6 11
9 89
1 17
8 81
10 48
9 91
3 88
2 75
4 70
6 68
8 19
6 94
8 91
9 92
1 23
8 66
10 46
4 31
10 37
7 73
3 44
1 26
10 78
5 41
5 15
4 54
6 1
10 23
5 96
1 94
7 38
5 88
5 67
4 47
10 51
3 4
6 19
10 83
9 47
8 28
7 85
5 88
10 90
1 57
6 26
3 83
6 77
2 80
3 43
1 79
4 25
8 78
10 22
7 53
2 29
8 63
4 16
6 76
5 78
7 84
7 90
1 88
5 24
2 79
10 29
1 88
5 95
5 31
3 60
10 82
8 13
4 58
4 71
1 27
4 72
7 72
3 43
9 73
1 67
2 8
6 50
8 10
8 91
9 7
4 49
5 88
10 11
1 1
7 54
2 40
10 58
8 66
8 17
10 5
1 57
4 2
1 25
5 24
3 60
8 47
8 34
9 31
5 35
5 89
9 82
10 96
4 35
4 8
5 61
10 5
2 76
8 99
3 6
4 67
7 42
8 29
9 58
3 32
3 93
6 4
6 34
6 47
1 98
9 12
8 86
10 44
9 38
10 50
4 26
6 95
10 52
5 11
7 33
5 63
5 81
3 60
10 62
4 92
2 13
9 21
3 65
3 47
5 1
1 64
2 64
9 63
1 60
10 20
2 40
10 48
8 31
3 92
7 3
6 73
6 18
5 3
10 85
1 94
1 95
8 99
5 9
10 4
2 24
1 60
6 19
8 50
1 27
9 84
3 25
3 55
10 75
8 98
9 7
10 41
6 41
7 9
10 100
4 45
4 9
2 4
2 68
4 58
4 68
2 4
7 78
2 61
7 54
10 91
9 18
7 87
6 63
10 29
3 6
9 55
10 91
5 46
1 62
3 11
8 44
9 65
9 56
10 9
4 52
8 32
4 62
5 53
5 29
10 3
3 85
2 78
9 14
8 8
5 26
7 14
7 69
8 81
6 27
3 39
5 65
4 95
1 92
4 50
4 27
1 75
8 48
5 10
2 2
9 100
1 50
8 51
2 16
5 82
9 42
3 5
1 73
8 83
10 11
7 87
1 33
5 93
1 72
4 14
2 19
5 76
4 46
1 93
10 66
1 95
2 69
1 1
8 52
5 8
7 32
5 40
2 26
8 13
2 91
8 7
4 29
10 99
6 28
7 90
6 57
3 75
6 45
6 39
1 73
7 26
3 26
2 73
6 4
2 88
3 85
2 8
1 60
4 53
8 67
2 67
9 46
3 9
2 45
8 41
2 46
9 9
10 45
9 17
9 25
5 96
4 33
7 94
6 63
10 63
6 8
7 63
9 33
3 6
2 42
4 56
4 54
3 97
5 74
4 100
10 23
9 51
1 79
9 25
10 40
3 15
9 49
5 92
6 74
9 19
8 23
5 59
1 56
7 7
5 60
9 52
10 88
6 60
8 4
6 69
2 85
4 79
5 90
10 87
3 24
8 65
8 36
8 4
5 65
8 62
2 76
4 27
8 61
10 20
1 15
8 57
4 79
10 34
9 1
4 43
8 17
7 3
6 54
2 28
9 22
3 26
9 57
7 26
5 18
7 25
8 28
9 33
5 31
2 92
3 5
4 89
5 20
4 69
8 72
8 63
2 45
8 79
7 79
10 40
10 47
1 8
5 40
5 23
1 67
8 85
1 23
7 29
1 32
7 79
2 11
7 72
1 91
1 13
6 91
2 22
2 72
9 42
8 78
7 17
7 32
1 93
7 45
1 42
8 46
1 85
9 66
2 16
9 24
5 96
4 56
8 44
4 17
5 10
3 87
5 8
5 30
3 81
1 59
7 61
3 71
9 83
8 1
5 95
9 52
6 5
5 51
10 85
5 70
5 12
9 6
10 51
2 20
2 87
5 52
4 62
1 45
3 46
3 97
4 12
6 34
2 55
9 99
2 94
10 46
8 76
5 28
1 75
6 68
3 61
5 16
4 80
3 37
1 100
3 93
1 52
4 32
2 17
3 40
5 95
8 27
1 54
9 36
2 68
5 37
6 58
10 100
1 80
1 67
5 19
3 70
7 54
1 97
1 89
8 27
10 55
7 19
8 83
10 94
3 1
2 90
1 38
10 39
2 62
5 71
4 70
7 51
3 95
4 52
3 83
6 36
8 3
8 40
7 9
2 7
3 3
9 49
5 61
6 77
8 13
4 37
7 77
8 20
4 47
3 7
10 17
4 25
5 62
3 56
5 50
9 18
3 2
10 80
5 80
6 3
3 10
7 32
10 89
6 30
8 18
9 56
7 4
5 20
1 30
9 4
2 73
8 100
2 65
4 4
5 9
2 40
10 1
3 14
7 100
5 57
5 3
4 80
6 13
3 69
5 65
2 36
8 78
3 72
10 33
10 54
3 70
7 69
5 89
1 6
7 44
5 51
3 83
7 31
3 83
1 79
2 27
5 68
6 29
7 6
3 66
8 16
8 46
9 57
1 11
4 31
10 76
6 46
4 65
4 37
2 22
9 86
2 46
2 12
9 34
6 75
6 59
5 51
3 57
3 1
7 98
3 10
2 40
4 6
4 82
6 26
5 94
7 7
6 47
3 20
1 62
8 22
10 13
3 83
10 7
6 51
5 100
4 44
7 16
9 74
2 38
6 10
6 59
1 61
8 45
5 56
10 20
1 76
5 20
