8 41
10 30
5 1
3 16
1 1
4 52
7 42
3 85
2 40
3 32
2 73
9 41
9 91
8 73
9 69
10 89
9 14
6 33
10 69
8 96
2 5
8 63
7 85
5 41
10 69
9 31
1 29
3 73
6 45
3 98
5 26
1 96
7 31
9 48
3 93
8 33
5 99
3 79
4 37
7 8
9 4
4 7
8 22
3 61
9 40
5 37
8 98
1 99
6 90
2 10
3 49
2 12
5 51
1 47
6 42
3 41
6 67
6 64
5 65
8 60
7 2
8 74
8 28
5 92
5 29
5 19
10 40
5 76
8 45
6 99
7 43
4 69
2 4
10 82
5 77
4 87
1 16
9 74
6 45
9 76
8 65
10 51
4 86
9 26
5 72
8 43
2 4
4 32
4 68
7 9
10 15
10 49
6 51
10 7
4 56
7 34
8 71
3 46
4 64
9 38
6 18
9 47
5 54
5 13
1 19
3 33
3 5
4 56
4 57
5 55
3 33
4 68
10 61
4 69
7 81
2 4
9 13
6 91
9 80
9 25
10 30
6 59
10 98
8 41
2 47
7 81
7 65
1 55
9 72
1 2
3 58
4 87
3 87
5 32
2 35
4 88
7 63
9 13
5 96
2 3
2 12
8 69
9 63
10 98
10 48
2 71
1 26
8 48
6 34
6 12
5 26
8 21
9 14
1 93
6 7
6 84
9 6
2 83
5 44
6 55
2 77
4 87
2 85
2 34
8 35
6 49
6 13
8 17
6 5
8 10
7 59
8 13
3 96
10 12
6 7
1 23
6 31
1 70
2 8
8 94
3 86
6 54
2 45
5 76
9 7
4 64
7 85
9 61
7 85
3 66
9 24
5 37
9 89
9 60
10 18
2 52
1 75
4 99
8 97
8 37
8 60
3 16
4 9
4 81
9 11
1 11
4 100
10 75
4 97
9 85
8 20
4 7
9 94
8 49
2 13
9 9
10 71
6 96
3 34
9 33
10 88
6 10
3 79
5 78
6 89
9 82
6 69
4 100
9 59
8 82
6 90
4 4
8 22
8 58
5 36
4 84
2 70
9 47
4 23
5 93
4 87
5 18
9 33
3 95
3 2
5 68
6 4
8 53
3 83
3 56
8 19
7 87
8 15
7 18
1 98
5 53
8 85
3 65
3 5
6 32
8 51
4 37
8 90
9 57
3 91
1 92
6 52
4 10
1 92
2 91
8 60
6 94
9 52
9 82
7 28
1 90
9 29
3 23
6 32
2 39
2 14
3 69
3 99
9 9
6 41
10 95
1 72
4 16
9 68
9 92
5 55
6 37
9 66
4 61
8 22
10 97
7 84
2 64
3 51
1 71
2 58
6 65
4 6
8 22
5 65
8 64
3 53
3 27
6 92
6 39
9 53
5 9
7 45
8 63
6 68
5 56
10 55
10 28
7 83
4 52
5 31
2 95
5 98
4 26
9 28
2 26
2 69
4 75
2 69
3 20
6 75
9 46
3 27
8 94
3 98
9 44
10 2
3 10
3 63
7 54
3 86
8 72
5 53
7 84
4 20
7 65
5 51
9 3
10 56
5 30
1 23
2 44
2 2
7 40
3 91
5 1
1 27
6 19
1 29
3 48
10 62
3 96
1 92
7 67
4 13
4 97
3 59
3 88
5 6
7 73
8 71
4 41
1 81
4 66
8 94
8 11
9 34
2 16
6 15
1 44
9 9
5 53
8 6
3 42
4 28
2 89
4 42
9 2
5 52
9 41
9 63
10 88
6 94
6 5
8 7
7 99
6 29
8 8
6 91
10 48
6 22
4 76
2 5
5 58
2 74
4 92
8 92
7 36
7 16
7 96
8 1
8 63
1 26
7 52
9 54
4 98
10 42
4 58
2 51
4 27
3 70
7 19
8 34
10 66
5 70
6 55
4 96
10 90
5 94
3 47
5 95
1 54
1 30
6 24
10 24
3 61
5 72
8 87
7 92
3 83
4 38
1 8
3 13
2 61
6 98
1 20
5 43
7 26
8 79
6 5
1 69
5 81
5 91
8 74
5 79
4 91
9 17
2 50
9 42
3 24
9 94
1 76
7 54
6 46
4 37
5 57
9 21
10 47
3 9
7 54
4 66
1 22
6 75
6 84
7 58
9 94
10 94
9 89
4 10
5 52
9 4
9 8
5 4
6 27
7 68
3 62
6 29
1 55
8 20
10 85
7 62
7 56
9 70
8 20
10 6
1 82
1 100
1 74
6 47
2 12
8 5
9 42
5 57
1 91
2 36
6 50
5 69
1 82
5 17
1 82
5 83
1 92
5 9
2 27
10 61
9 67
3 80
2 27
7 42
2 61
5 83
6 40
5 48
4 39
3 97
8 14
7 63
9 75
2 47
2 64
5 43
5 84
5 65
2 11
4 66
2 6
4 56
5 36
9 25
7 72
6 36
1 84
5 50
7 95
9 13
5 23
9 80
10 10
4 76
3 48
6 55
5 38
8 57
9 81
1 31
9 72
5 8
6 4
9 18
3 80
4 9
7 10
4 97
3 54
1 49
4 84
5 13
8 12
10 44
5 30
7 99
1 20
1 19
10 30
10 62
2 85
8 41
1 76
4 37
5 35
4 68
10 29
1 51
4 41
1 19
8 29
3 40
3 68
1 90
4 11
4 27
7 7
2 83
9 93
5 36
8 82
9 61
3 2
6 37
8 61
4 4
4 26
5 43
7 36
9 26
2 41
7 95
5 74
9 93
5 33
1 55
9 75
3 95
7 23
9 68
2 47
6 16
9 95
7 99
1 15
1 29
2 50
1 90
3 29
3 28
5 13
10 73
1 14
4 88
7 85
2 7
8 84
8 59
5 77
9 64
4 26
2 72
5 45
3 19
2 93
2 100
9 63
3 99
2 62
8 10
3 42
2 55
3 24
2 33
7 25
7 3
10 24
1 42
10 86
3 10
9 25
5 53
9 81
7 64
3 44
6 63
7 16
4 83
7 2
5 46
1 30
7 95
8 22
3 5
1 85
10 71
9 18
5 71
10 14
4 52
2 31
9 53
6 2
6 3
1 55
5 6
9 100
4 89
7 64
4 40
8 19
5 4
6 64
7 98
2 58
5 32
7 20
4 77
6 36
9 96
2 75
9 61
1 59
10 80
1 53
1 90
5 62
2 22
9 83
2 61
5 1
2 75
10 3
8 15
7 66
10 21
10 81
5 62
9 59
10 52
8 35
7 89
9 56
3 39
9 66
8 34
6 72
6 10
5 35
5 75
5 92
1 46
6 26
2 83
3 65
9 30
3 91
1 3
3 24
2 14
4 77
1 11
1 41
3 76
8 45
1 1
4 62
4 52
6 6
3 62
8 83
5 25
9 84
9 42
9 90
3 8
10 62
6 30
2 30
4 69
2 37
1 84
8 65
9 55
9 24
5 49
10 91
7 38
10 4
10 44
7 78
10 44
10 31
8 85
3 10
1 78
6 34
5 94
8 100
6 62
10 1
9 14
3 88
4 72
7 36
10 30
3 80
7 42
9 93
6 17
8 17
4 2
6 69
3 90
10 87
1 33
1 33
10 38
2 50
2 43
9 19
10 16
6 5
4 95
6 99
6 74
5 55
9 26
8 58
2 15
8 62
2 84
10 99
5 89
5 25
5 48
10 6
7 66
5 20
3 71
3 22
5 44
5 76
2 25
2 93
10 86
5 93
10 4
4 20
9 39
10 6
5 82
4 5
5 48
4 52
3 24
4 58
3 23
10 29
3 75
10 33
6 100
1 96
2 93
4 67
3 64
6 7
8 18
6 43
8 65
2 79
1 4
8 30
5 7
6 36
8 29
8 46
8 27
8 24
2 66
10 21
2 100
2 26
6 31
9 65
3 7
9 68
1 87
6 71
9 52
6 67
5 70
7 38
10 36
8 40
5 11
7 22
1 58
8 90
1 85
7 67
10 73
1 52
4 16
6 45
8 74
6 17
10 67
9 11
3 59
1 39
4 25
2 34
1 64
10 47
8 21
1 92
3 2
7 69
9 43
8 59
9 8
10 14
1 63
7 5
3 24
1 75
5 63
3 92
1 53
5 5
2 95
3 41
1 51
5 33
10 97
9 54
5 8
7 74
9 18
6 81
8 35
3 4
3 77
4 9
9 16
4 44
5 21
9 25
8 57
10 6
2 97
10 42
1 16
10 66
2 65
2 39
5 71
9 32
4 60
6 36
10 50
3 85
6 77
3 82
9 46
8 74
3 28
9 22
2 1
5 48
5 56
2 55
9 30
9 24
10 31
2 59
8 19
2 30
1 59
4 94
4 47
7 100
1 41
9 87
9 47
8 62
2 89
9 24
10 43
3 73
7 71
4 51
10 72
10 69
9 82
3 13
4 40
7 97
6 44
7 17
9 31
8 15
2 38
3 35
10 29
10 14
7 59
3 79
8 95
7 93
8 42
7 97
7 49
4 31
10 70
1 15
3 58
4 23
9 75
8 60
10 29
1 71
6 95
9 5
