7 71
7 58
10 74
4 91
9 24
10 52
9 75
3 18
9 37
2 31
8 28
10 16
4 26
5 33
9 17
1 87
3 12
5 45
1 92
3 4
10 39
2 14
4 55
8 94
5 23
5 47
7 47
9 39
4 5
5 46
6 41
10 12
8 57
10 43
10 26
10 86
2 20
8 24
10 16
6 73
4 89
3 12
3 92
7 25
3 65
2 94
6 31
7 1
9 28
4 9
3 11
2 42
4 39
10 70
5 73
9 67
9 97
7 3
10 90
8 7
6 24
3 96
7 88
8 80
1 79
4 17
6 23
8 32
9 7
2 61
5 22
5 55
10 32
5 42
3 65
9 97
5 79
5 76
1 19
4 51
6 23
3 85
4 63
9 15
10 46
8 47
10 8
6 30
6 6
1 95
6 74
3 87
5 90
5 2
4 32
4 14
4 52
5 92
1 62
1 52
4 70
7 22
7 10
8 75
8 47
3 25
2 60
4 28
4 61
4 38
8 80
10 38
6 62
10 18
6 88
6 26
10 4
10 45
8 44
7 71
9 23
1 64
5 60
2 5
5 76
1 29
9 62
4 67
3 29
9 23
8 46
3 47
2 49
1 24
6 43
4 18
7 2
1 1
8 97
2 58
3 62
1 94
9 55
1 57
6 33
2 27
1 56
5 49
4 3
3 3
10 59
3 35
10 76
3 74
3 16
5 22
5 17
7 8
10 34
2 59
3 82
7 3
7 92
6 28
9 91
6 63
2 34
5 95
1 28
9 52
10 76
10 26
2 15
7 85
10 15
9 82
1 47
7 13
8 100
2 85
3 13
4 22
5 62
9 54
3 88
5 60
3 85
3 73
3 70
4 1
3 3
7 94
2 38
9 3
6 56
4 44
7 73
4 62
9 87
5 100
7 30
5 17
4 68
4 64
1 76
5 70
5 49
7 66
1 21
3 44
9 75
5 85
3 99
6 38
10 16
8 28
6 4
3 11
3 44
6 31
9 70
1 57
2 34
1 91
6 21
7 84
7 57
8 43
6 82
3 74
8 25
1 82
6 8
8 66
6 13
8 26
8 13
1 59
10 29
7 56
2 87
4 92
10 75
7 35
4 68
4 50
3 7
4 88
1 91
2 91
3 40
4 72
1 75
8 43
10 54
2 83
8 81
8 66
10 92
10 32
8 11
3 51
2 65
7 84
10 17
1 80
3 41
4 2
7 73
5 77
8 74
7 69
1 8
10 36
4 5
4 91
7 65
10 79
9 28
3 6
8 90
8 87
4 35
10 71
6 90
1 73
7 52
8 61
1 4
5 20
7 81
6 52
6 68
9 20
1 70
2 24
8 82
2 15
1 86
8 72
1 4
1 39
10 89
10 69
10 17
2 84
5 32
6 51
6 93
7 21
9 82
5 72
8 97
9 64
2 10
4 45
6 90
9 75
5 40
10 54
7 2
4 7
5 95
6 15
6 44
10 30
5 38
7 74
3 79
3 50
5 80
5 2
2 91
10 74
9 13
6 75
1 97
2 94
7 81
10 56
3 77
4 31
7 94
10 36
6 92
8 37
7 40
4 62
7 69
10 99
9 29
10 1
8 21
9 43
2 95
8 60
2 52
7 4
3 34
9 68
2 63
3 82
2 9
6 69
10 6
5 77
3 72
1 24
4 5
10 15
8 8
8 45
4 73
9 41
10 35
4 62
3 86
5 47
7 67
9 61
10 88
6 34
5 24
10 52
6 43
10 15
2 72
5 60
9 12
4 59
3 13
8 35
10 91
2 34
5 62
9 80
4 61
7 66
7 47
5 40
5 21
5 50
4 20
10 76
6 49
5 33
3 51
4 91
5 79
6 62
2 3
4 3
5 50
5 15
5 73
10 65
10 68
2 24
10 63
9 58
9 15
4 83
1 73
8 58
7 66
6 91
10 26
7 25
4 95
1 98
10 69
2 22
3 48
5 9
6 26
2 54
5 60
9 25
5 23
2 63
3 40
6 29
7 38
9 95
10 16
1 64
9 35
8 80
1 49
8 77
8 20
3 43
2 42
1 27
5 38
3 15
2 37
2 80
9 3
7 65
6 45
1 12
10 4
7 99
4 35
8 93
6 29
2 30
3 18
4 17
1 22
6 74
5 77
6 41
6 94
8 74
3 17
9 54
9 3
5 2
4 90
4 47
8 98
3 63
4 100
4 16
4 10
3 71
8 64
8 71
6 78
1 71
2 54
8 14
2 68
10 82
4 62
2 41
4 6
7 9
10 49
9 63
7 38
1 3
4 98
2 74
5 27
7 12
8 87
5 88
10 92
5 35
2 62
2 94
8 50
7 77
1 59
9 9
8 58
9 89
9 50
9 94
1 70
9 80
2 27
8 89
9 47
7 48
2 68
5 74
4 29
9 19
10 10
6 20
8 8
3 54
10 58
5 27
9 58
5 8
1 95
5 39
7 51
5 50
5 22
9 5
1 36
3 90
2 16
2 84
9 5
7 46
10 76
2 5
1 68
8 8
1 12
10 72
3 23
7 25
6 78
4 64
3 5
2 87
10 92
6 71
3 23
8 65
2 42
6 81
10 35
1 43
7 20
4 55
7 16
5 40
10 10
1 33
3 47
7 90
9 18
1 74
6 89
3 30
10 10
10 37
10 11
8 30
1 72
4 84
8 32
8 84
10 7
1 10
1 31
9 46
6 65
6 34
5 88
10 6
7 41
3 15
8 53
5 76
7 44
2 11
6 43
4 13
5 89
4 14
8 44
4 44
4 83
6 34
8 71
7 68
2 67
9 42
6 93
3 79
10 48
6 72
3 15
2 62
4 96
6 89
2 67
4 27
9 86
8 58
6 94
5 29
4 4
3 90
2 81
9 28
10 48
7 4
3 50
9 24
1 12
6 83
2 2
8 65
2 7
10 94
5 34
3 53
6 92
3 99
3 71
6 34
5 7
6 22
6 40
5 79
5 57
4 49
5 100
5 47
7 90
5 66
7 59
8 83
3 90
9 46
5 63
2 67
4 47
3 25
8 16
1 42
8 51
6 17
7 62
9 92
7 67
5 50
9 99
4 48
9 92
6 5
7 48
9 56
4 78
10 23
5 34
1 26
3 21
4 21
4 51
2 74
2 66
10 23
7 16
9 44
8 49
6 50
9 18
8 49
2 50
9 24
7 43
4 58
8 69
6 19
10 72
3 22
5 43
1 100
4 10
3 91
8 52
2 92
3 58
6 53
7 77
3 58
5 35
6 16
8 69
1 65
9 72
7 84
6 62
8 1
4 92
10 4
1 99
4 19
7 67
3 29
2 20
7 14
3 88
8 73
9 43
8 95
9 55
7 11
2 95
10 2
1 26
4 11
2 40
8 99
3 14
9 28
10 59
1 45
2 40
5 48
2 57
10 47
8 58
1 56
7 53
4 71
7 13
10 70
2 76
1 56
6 58
1 95
3 58
9 54
6 51
5 35
5 4
8 6
7 12
5 42
8 62
9 40
9 20
6 27
8 87
4 15
4 71
4 30
2 33
6 93
1 39
7 75
1 56
2 89
5 86
8 10
2 12
8 2
1 56
3 86
7 93
3 91
10 14
4 41
9 96
2 38
2 27
9 4
5 81
10 75
8 87
5 4
10 76
6 55
6 56
4 77
8 30
10 19
10 10
8 23
7 27
3 81
1 88
1 49
10 11
5 99
1 43
8 15
1 99
8 17
9 92
9 6
7 66
8 81
4 40
3 21
8 98
1 46
5 20
2 58
1 18
1 8
5 31
5 17
4 71
5 87
10 61
2 85
1 65
3 9
3 67
1 14
1 80
10 30
9 11
7 13
5 65
6 39
2 94
8 67
8 21
6 25
8 94
2 32
7 82
6 89
9 91
4 3
10 75
2 56
3 24
5 32
7 46
1 81
7 96
3 96
4 21
2 31
2 27
4 37
10 7
2 54
1 85
7 48
4 41
3 55
7 51
2 16
9 83
10 19
4 86
8 54
9 83
5 98
8 17
6 72
6 22
10 13
10 4
9 56
1 23
6 21
1 57
4 64
8 26
3 91
9 76
2 61
7 34
9 52
4 8
5 55
1 77
6 65
6 81
4 52
4 74
2 78
9 53
7 93
6 97
6 99
6 37
2 15
10 76
3 75
6 35
2 3
8 42
8 22
6 91
7 20
4 12
10 68
5 15
5 87
6 85
5 54
7 17
2 62
7 16
3 14
4 90
7 47
9 86
4 4
5 66
7 19
6 38
1 32
1 84
6 90
3 62
10 56
2 17
10 95
10 5
9 73
3 29
6 45
6 17
6 75
3 3
6 58
7 84
2 83
8 92
5 65
10 4
7 94
1 44
2 65
1 28
2 80
2 25
2 74
3 39
5 35
4 41
6 69
4 66
1 64
9 89
4 24
5 79
5 14
6 62
4 9
10 2
4 8
9 18
10 58
8 64
3 81
2 89
4 75
6 75
4 87
2 97
2 9
5 11
5 50
1 40
2 7
2 33
1 59
7 71
2 8
