1 35
4 2
8 90
8 53
6 4
5 12
8 53
7 37
5 78
1 95
2 30
1 17
7 67
7 13
4 100
5 1
3 57
3 22
7 19
8 50
10 95
1 84
2 81
8 42
4 26
3 39
10 75
5 99
1 69
6 96
3 31
4 34
10 95
8 72
2 30
9 58
8 73
1 71
5 32
9 12
1 75
6 86
3 48
2 94
4 85
10 20
9 7
10 75
3 76
10 74
3 10
3 22
9 28
7 32
9 86
6 79
5 21
4 29
9 68
8 67
10 3
8 83
4 67
6 13
9 19
9 42
6 19
3 81
10 14
4 47
8 18
10 35
2 67
5 43
2 68
4 34
4 15
6 23
6 28
10 35
7 30
6 95
5 26
6 69
8 93
10 73
5 76
5 3
9 70
10 44
8 79
7 31
6 53
8 59
2 49
5 23
4 27
6 45
6 66
2 23
2 87
1 76
10 77
8 80
6 55
10 68
5 45
9 77
9 25
5 39
10 70
9 21
2 24
8 52
7 47
7 98
1 9
2 94
6 24
4 38
8 12
9 43
3 39
1 85
7 98
9 79
1 88
6 3
9 27
5 32
2 10
8 88
2 23
4 97
3 1
5 28
8 18
7 66
4 16
8 62
7 58
6 15
1 34
8 59
8 45
6 50
1 47
4 42
6 41
5 47
4 25
8 15
7 25
5 35
4 61
4 97
2 7
5 8
3 84
3 77
4 70
9 13
10 20
4 63
1 83
7 51
5 55
3 58
5 93
3 28
4 17
3 54
7 86
9 20
7 95
9 91
2 6
10 72
3 80
4 69
4 17
1 58
5 20
7 58
4 78
5 92
6 28
6 1
9 36
4 81
10 7
3 83
8 77
7 69
5 52
10 65
1 50
1 18
1 95
2 75
10 60
4 79
9 47
2 81
3 83
10 86
1 22
6 49
7 90
2 7
2 10
3 66
9 68
5 61
9 48
8 37
5 47
1 33
3 5
10 79
4 72
8 75
6 59
5 3
4 67
3 71
5 70
4 62
6 5
2 97
2 44
9 39
6 94
2 39
9 59
4 86
9 55
4 5
6 23
4 75
8 78
4 99
5 18
5 26
9 79
1 44
7 2
1 73
8 59
9 59
1 44
6 91
3 48
3 94
10 56
7 73
9 57
6 61
4 21
6 81
5 96
2 21
10 83
8 5
6 76
1 91
1 4
5 90
4 82
7 8
4 54
2 39
8 14
3 20
1 60
9 60
7 37
9 60
3 2
10 25
5 18
6 58
1 72
4 14
3 75
4 73
4 11
10 99
3 71
5 39
7 89
10 51
6 42
5 54
10 100
7 38
4 18
7 72
3 43
5 68
10 38
9 83
3 86
1 61
7 54
10 33
2 44
1 57
7 27
8 45
7 24
7 7
7 78
4 73
3 78
10 56
8 22
1 81
10 32
1 78
3 60
5 35
8 48
3 3
1 28
8 83
9 62
5 65
5 51
9 61
9 68
2 41
3 92
6 80
1 27
2 46
5 17
7 38
1 73
3 65
1 45
2 50
5 51
9 64
6 49
3 80
7 17
6 20
8 77
10 58
9 35
5 1
5 37
6 59
7 71
5 78
6 78
1 100
7 82
8 71
2 71
4 51
1 90
7 21
1 11
2 4
9 79
2 70
10 47
3 24
10 88
7 83
5 58
5 89
6 27
5 55
6 79
1 25
3 78
5 47
10 51
2 83
1 15
7 86
4 77
2 95
2 37
5 96
5 79
4 7
7 67
8 36
4 12
7 10
7 30
4 27
10 37
1 90
10 31
7 60
9 2
5 23
10 36
7 64
9 15
9 95
6 86
8 1
8 61
8 82
1 9
9 93
7 65
7 89
4 36
3 62
8 21
7 44
1 44
1 48
6 84
2 22
8 18
7 39
3 56
10 69
1 92
9 12
3 11
2 32
8 38
10 37
8 28
7 39
7 46
10 36
10 64
6 43
3 22
7 14
4 23
1 68
5 65
6 53
3 26
1 63
8 32
3 36
8 53
3 30
5 93
2 91
2 48
6 21
7 39
10 29
8 79
6 25
10 67
1 4
2 28
5 19
1 86
1 81
10 73
9 39
7 61
2 74
6 44
8 30
4 95
8 85
4 53
2 18
8 3
1 24
1 96
8 83
7 61
3 85
9 76
6 61
2 91
1 57
2 16
10 62
6 25
3 6
3 7
1 38
8 31
10 50
1 85
2 2
10 100
4 91
10 50
10 100
2 99
3 47
1 80
4 75
3 42
4 19
2 30
7 29
5 59
4 33
2 36
8 30
8 39
6 12
10 71
3 24
8 39
1 25
7 36
9 99
7 93
8 13
1 62
2 67
1 46
4 35
7 10
2 98
9 43
8 36
6 19
4 73
6 57
3 22
10 48
5 20
8 39
6 88
5 70
3 12
1 12
1 94
8 1
8 19
1 67
6 59
9 46
6 63
2 73
3 63
3 11
10 80
10 35
4 39
4 48
5 97
8 54
7 58
2 34
3 83
2 32
9 36
1 20
7 59
2 90
3 24
5 87
10 10
7 85
8 79
5 31
6 64
6 91
4 48
5 9
4 32
6 85
2 27
10 60
5 56
4 28
7 21
7 98
1 2
9 90
8 43
10 94
9 83
7 16
9 16
8 50
1 72
1 71
1 30
2 24
8 41
2 100
5 77
4 1
7 64
4 61
9 93
6 27
6 33
1 68
3 98
7 64
2 9
6 37
5 31
5 10
7 61
8 49
9 89
7 81
5 65
2 59
4 35
5 84
7 70
8 83
6 61
5 57
10 82
9 95
5 91
8 63
9 97
4 84
9 36
1 48
5 84
5 71
2 1
6 62
3 23
9 82
9 38
6 56
7 23
9 34
1 41
4 75
10 18
2 28
9 23
8 39
5 56
4 58
9 56
5 41
8 6
5 8
5 60
1 92
9 49
6 69
5 66
10 47
5 97
10 53
8 94
5 98
1 3
9 70
9 80
9 77
1 85
2 57
10 88
5 39
5 38
4 52
6 54
4 77
2 28
4 96
6 33
10 5
4 84
7 10
10 5
7 38
10 82
1 42
8 22
5 99
4 52
4 16
10 20
10 1
7 37
9 48
4 99
10 11
9 12
3 55
10 82
8 52
3 95
7 7
4 66
4 21
10 66
6 29
10 61
3 1
5 19
9 30
9 77
7 54
2 41
1 63
3 88
9 43
1 23
10 71
9 35
1 45
7 64
4 38
9 89
3 80
4 78
5 37
9 34
6 25
6 84
6 2
2 54
1 27
1 74
7 78
10 45
3 23
10 90
4 19
5 55
5 34
3 58
3 25
2 71
5 31
9 50
7 71
4 9
9 59
1 53
4 32
1 18
7 47
9 100
1 12
1 60
8 70
2 44
10 63
3 4
9 50
7 34
8 70
5 85
9 29
1 30
2 70
10 96
2 77
5 47
10 22
5 67
4 54
5 39
10 74
9 16
6 76
3 8
5 28
7 65
4 51
6 19
9 32
4 36
10 29
4 89
1 49
2 2
7 84
3 34
7 3
6 100
1 26
6 60
10 88
7 83
2 22
2 15
10 17
4 21
9 18
8 88
4 75
3 35
2 41
1 71
5 61
9 28
7 16
8 67
7 70
4 40
8 59
2 70
9 41
4 24
6 18
10 47
10 7
10 10
8 33
7 45
5 100
7 3
1 6
3 79
2 75
5 71
9 56
8 36
4 72
10 21
1 63
1 74
10 42
7 88
4 60
9 88
10 69
6 90
6 72
10 38
5 50
2 38
8 86
4 53
3 24
1 79
1 23
7 81
2 18
1 17
7 94
8 65
6 47
6 25
9 86
1 50
1 36
3 26
3 45
3 38
10 70
6 59
7 20
6 64
2 79
9 81
6 27
4 22
1 3
4 64
9 24
8 53
1 48
9 2
1 57
4 33
1 20
8 53
3 63
5 32
6 96
1 15
2 67
1 73
4 40
1 94
1 97
2 27
3 35
5 43
7 33
9 92
10 81
3 100
8 92
8 44
3 57
4 48
1 18
10 25
4 14
9 3
8 91
4 98
10 80
9 65
8 71
8 50
2 98
7 25
6 11
8 51
5 74
3 31
5 55
4 94
5 38
1 52
2 28
4 55
2 43
5 15
7 57
2 51
7 54
9 96
4 12
1 67
7 56
2 66
7 76
1 16
6 3
1 1
8 70
8 39
7 29
6 46
3 33
9 67
4 5
6 28
9 59
3 24
9 83
7 86
5 59
9 83
2 42
1 42
6 95
8 5
4 93
7 14
7 89
3 7
5 100
4 46
6 80
1 40
8 6
7 38
6 34
1 44
3 66
3 86
1 48
3 44
3 32
6 82
4 87
1 13
8 50
4 74
2 26
9 64
10 77
5 100
4 23
3 62
10 32
7 14
3 69
8 46
9 61
2 95
5 57
4 35
4 92
1 23
10 63
8 65
3 97
9 25
6 91
9 100
9 27
9 74
3 14
9 27
10 36
2 49
