6 44
9 46
9 4
3 54
1 32
10 34
8 52
7 94
2 30
1 56
2 71
8 13
10 25
1 58
5 97
4 27
7 82
3 47
6 82
7 88
7 57
5 66
7 39
3 71
2 50
1 79
3 78
10 93
4 18
2 54
4 37
2 20
1 25
9 24
2 91
4 71
4 39
9 39
1 55
3 6
6 21
4 51
8 70
4 96
1 59
1 92
8 10
6 91
9 77
1 44
7 19
7 31
4 96
10 4
6 88
6 8
3 27
7 32
9 20
8 67
8 4
1 85
1 62
10 46
10 50
1 59
6 27
2 41
4 94
1 41
10 33
1 65
8 44
10 46
8 87
8 1
4 45
4 63
3 5
1 81
7 40
1 50
4 47
9 49
6 42
3 18
9 10
3 4
8 4
5 45
9 52
3 84
2 33
10 8
10 66
4 53
8 30
8 75
5 73
9 15
1 72
10 88
9 100
6 35
6 90
9 90
8 86
7 49
6 62
3 51
6 29
1 74
6 74
10 76
1 99
1 26
1 56
10 61
6 54
6 7
3 52
2 44
1 85
3 91
4 26
5 64
3 59
1 12
1 30
5 28
8 89
1 67
9 6
6 91
2 72
6 99
2 12
7 78
6 10
6 72
4 46
2 92
9 16
3 54
8 68
10 51
2 50
4 25
1 86
3 57
3 75
1 69
4 56
8 51
9 76
8 1
4 23
8 85
2 38
7 85
5 50
2 17
9 26
8 42
10 35
1 55
7 59
4 61
6 34
9 96
8 91
7 5
5 43
6 81
5 91
7 21
1 81
5 62
3 70
6 63
2 7
10 57
9 18
1 93
9 59
1 70
7 20
8 62
4 71
9 23
2 15
6 17
3 50
9 54
9 13
1 19
6 93
7 28
3 62
6 3
4 91
1 86
6 15
10 41
2 7
4 34
10 96
3 70
8 27
10 54
2 64
1 64
9 24
4 34
2 7
4 51
1 70
3 78
9 91
2 41
5 11
8 33
7 33
8 99
1 65
7 97
6 74
2 91
8 65
5 37
6 4
10 59
7 16
7 72
5 28
8 96
10 90
2 49
2 75
6 25
9 39
1 99
10 55
3 59
2 37
7 31
8 29
2 61
8 41
6 83
4 94
6 75
7 30
4 79
9 68
8 28
9 3
6 100
3 96
3 97
4 14
6 34
8 99
8 89
7 85
4 3
5 50
3 93
5 66
3 48
1 12
4 91
6 84
4 72
5 44
10 61
9 9
10 54
2 13
9 77
4 47
4 92
8 92
6 27
2 41
5 50
9 18
4 92
1 85
8 19
3 68
5 30
8 2
1 97
2 56
8 43
4 45
4 91
8 59
3 45
9 33
2 15
1 94
3 64
7 92
7 46
7 71
3 46
10 72
1 96
6 95
3 39
4 81
10 91
3 31
8 18
6 48
3 34
1 29
6 62
9 15
7 95
5 25
2 98
3 97
8 44
6 22
3 95
1 81
9 83
8 56
9 20
5 75
8 11
5 86
5 4
7 56
2 88
1 43
2 45
3 56
1 36
6 54
5 48
1 23
4 45
2 43
2 52
1 90
6 3
1 13
9 51
10 1
8 20
1 16
8 45
5 28
2 20
10 10
1 45
4 12
9 32
9 100
5 49
5 85
2 92
8 7
4 78
10 35
6 87
5 85
7 2
9 23
5 8
6 15
7 76
6 44
2 96
5 42
9 17
8 8
6 24
9 48
8 74
8 42
9 50
7 13
3 46
3 47
9 88
2 24
6 70
1 95
4 94
2 33
7 4
5 47
2 86
8 78
3 99
10 66
9 67
1 80
5 51
7 82
4 12
6 9
1 27
10 61
3 92
10 50
5 100
6 98
6 18
6 63
1 40
5 27
8 8
1 3
2 57
8 74
4 77
7 99
8 6
2 86
8 60
1 40
3 55
7 88
7 48
2 87
2 50
5 60
5 92
3 49
10 34
2 84
1 17
1 45
6 72
8 69
7 5
3 31
4 53
5 95
6 88
8 29
8 85
8 51
1 7
3 95
1 28
1 32
5 10
5 16
10 68
1 72
4 39
3 8
9 100
1 41
3 62
9 97
7 52
1 79
5 57
9 20
10 11
10 62
2 43
3 3
6 72
10 6
2 90
10 30
9 90
8 68
8 55
7 60
9 84
7 39
2 82
3 9
6 25
4 58
9 28
4 62
4 57
7 58
7 14
10 58
10 55
6 62
1 18
3 97
1 1
3 53
9 14
9 21
1 8
4 15
6 34
10 74
9 54
7 69
8 32
2 83
4 12
10 20
1 67
5 69
1 14
4 83
2 98
2 68
10 24
9 27
1 79
7 15
8 65
10 28
6 3
10 17
4 65
2 70
3 86
4 79
10 16
7 46
1 1
6 35
5 86
2 64
2 73
5 75
3 7
1 65
5 14
5 33
1 50
3 12
3 7
6 59
1 43
1 38
3 42
4 25
3 10
10 80
8 79
6 76
3 95
10 93
9 31
3 95
7 10
9 46
3 14
3 10
8 6
4 87
9 15
3 18
1 84
7 57
6 77
7 30
10 74
10 80
10 57
7 17
3 6
1 36
10 20
9 3
5 66
10 37
6 12
5 7
7 43
3 20
4 31
5 96
7 48
4 93
5 69
1 66
7 46
2 37
9 47
2 99
1 91
2 60
9 43
9 27
9 96
1 2
7 37
9 46
5 73
7 66
5 57
5 59
1 9
7 3
10 57
6 5
5 60
7 23
3 85
8 31
4 27
3 21
5 47
8 17
8 72
2 18
6 43
1 74
5 84
1 93
1 29
7 25
3 38
6 64
2 3
4 58
5 99
5 58
6 86
8 16
2 77
2 44
2 41
3 70
9 6
1 14
4 23
3 48
6 60
3 22
4 36
5 77
10 5
10 96
9 45
9 23
6 58
6 66
3 73
9 48
1 8
4 83
10 4
7 97
7 68
1 36
4 40
7 51
10 4
8 25
6 67
5 87
1 49
9 98
8 94
7 79
4 70
1 9
2 94
1 45
4 80
3 3
5 27
4 64
1 57
10 84
4 6
6 28
1 27
4 18
2 84
9 20
1 28
5 18
8 95
8 43
5 52
10 72
9 5
1 61
6 100
3 76
10 78
8 24
1 95
2 16
7 76
5 6
1 81
1 55
8 86
8 55
7 13
10 41
6 35
7 61
8 69
8 39
3 89
6 22
5 2
10 49
5 8
5 25
4 22
4 88
7 78
2 50
5 3
5 75
9 63
6 33
7 99
2 67
6 8
10 3
8 84
2 5
7 34
7 10
8 50
2 89
8 58
8 55
9 86
10 86
4 43
1 36
3 47
2 94
8 60
1 49
7 16
9 36
6 13
6 32
4 62
6 97
2 91
3 31
6 5
10 62
1 66
3 38
7 80
1 34
9 60
10 55
4 19
1 6
10 93
8 96
8 78
6 70
10 50
10 41
1 25
6 2
3 84
2 32
4 71
2 24
9 84
9 34
6 9
1 46
3 38
8 37
3 42
5 51
1 20
9 85
10 61
9 88
9 13
9 37
6 28
10 40
2 16
4 33
7 85
1 82
9 36
7 31
6 9
3 51
3 59
5 8
1 90
7 23
7 46
6 5
4 82
8 38
8 84
1 77
7 52
2 65
3 52
9 51
3 11
9 51
1 49
9 98
9 56
2 14
7 61
5 94
7 50
9 46
7 77
1 37
10 41
9 18
6 24
1 32
7 6
2 44
3 5
5 1
5 10
3 55
4 100
3 17
5 56
6 16
3 53
7 57
4 90
9 62
2 2
4 79
6 92
9 56
7 63
5 11
1 86
7 60
6 18
10 96
2 32
6 79
5 18
8 38
5 1
3 74
9 57
4 3
9 34
9 32
7 32
9 96
9 53
3 58
1 79
1 98
3 25
7 69
3 43
9 99
8 26
6 92
8 5
9 80
8 35
3 4
2 70
7 11
10 86
5 13
10 7
6 60
5 35
10 28
3 32
10 97
6 86
7 9
8 10
9 99
10 12
4 60
3 95
10 36
7 31
6 33
10 82
7 69
8 64
5 10
2 45
7 55
7 89
9 93
5 73
6 71
6 49
7 52
10 86
3 72
3 40
4 38
3 100
10 21
1 26
3 41
6 75
4 61
5 47
9 16
5 68
4 41
10 21
5 56
4 39
2 46
4 31
6 68
3 78
3 25
3 45
4 86
1 52
6 96
8 51
10 49
10 17
7 60
9 5
9 19
9 74
2 66
6 86
8 11
5 59
10 8
4 51
1 37
2 34
4 39
4 38
5 18
5 51
3 96
7 77
10 59
7 67
6 21
2 74
1 54
4 79
4 39
2 2
3 78
6 76
4 75
1 59
9 26
3 14
2 74
6 24
10 2
3 10
8 35
5 38
4 71
8 34
7 73
4 30
5 93
2 86
3 99
8 100
3 80
10 58
7 34
3 11
2 18
9 84
1 91
2 47
4 12
5 80
8 10
9 1
8 50
1 72
9 80
10 38
