7 42
7 19
1 27
7 83
8 55
10 77
9 68
7 67
5 43
2 14
1 51
4 49
3 27
2 97
10 42
7 2
6 81
8 5
5 9
7 32
1 91
3 84
3 98
4 34
9 9
2 14
3 78
5 44
9 79
6 84
5 67
3 97
5 37
1 39
5 42
7 35
1 97
3 52
10 100
9 43
10 65
8 42
2 55
8 19
8 11
6 21
2 31
10 81
10 62
9 55
4 15
5 99
1 52
2 15
6 51
2 51
9 88
9 92
6 65
5 18
7 31
6 40
8 86
7 2
8 89
4 43
2 3
2 21
7 18
8 75
5 70
4 69
6 78
9 23
8 52
4 16
10 95
2 22
5 11
2 79
1 84
10 86
6 14
6 1
9 29
8 47
1 70
10 46
6 79
10 99
4 61
9 82
9 15
3 29
9 2
3 37
3 11
1 84
5 13
2 2
10 42
8 79
8 9
2 74
10 19
7 28
4 19
10 43
7 62
1 15
2 27
1 80
9 80
2 66
7 96
1 61
7 94
8 67
6 34
6 69
9 2
7 75
6 86
2 41
2 18
6 91
2 35
7 99
10 14
8 14
10 85
5 29
1 55
7 84
7 70
7 78
6 23
2 70
8 47
7 9
8 74
10 97
1 70
3 67
9 45
7 30
10 50
5 71
10 6
8 24
7 68
4 13
2 92
10 67
8 66
8 58
8 1
9 93
10 11
8 80
2 84
8 5
1 43
5 43
1 62
1 89
2 45
5 52
6 19
2 73
2 37
2 98
3 8
9 31
3 58
1 17
4 80
1 3
1 79
4 21
6 57
8 6
2 11
10 17
1 74
10 96
10 50
5 82
5 100
5 44
5 31
8 7
8 82
10 40
4 22
5 20
8 34
4 79
1 17
8 85
10 95
4 40
8 97
1 57
2 11
7 46
8 95
3 65
9 96
2 52
10 1
3 65
1 92
7 72
10 28
6 11
10 19
3 94
4 93
5 57
1 18
3 23
4 66
7 32
9 7
3 96
3 63
1 87
6 41
7 37
7 63
10 28
2 30
4 4
8 46
4 63
8 1
7 30
4 55
7 84
2 91
10 70
4 89
9 79
8 23
1 55
5 63
1 80
8 52
9 40
2 93
9 66
9 56
10 15
10 6
7 41
3 76
3 72
2 18
3 93
10 20
10 80
5 75
6 26
9 33
6 57
4 61
2 80
7 94
1 66
7 52
4 10
5 14
4 17
9 6
1 17
7 86
8 62
9 71
3 3
3 17
4 27
9 63
3 22
8 81
2 72
8 76
7 64
7 1
2 45
2 26
2 10
4 82
7 100
6 80
9 39
9 96
7 90
7 38
9 87
1 92
6 11
1 38
2 54
6 37
4 20
7 61
8 21
2 24
10 18
3 41
8 25
1 17
8 18
5 86
9 84
8 82
7 65
10 11
9 65
7 1
2 70
3 96
2 65
4 64
9 13
10 43
4 10
10 58
3 39
2 68
1 77
5 80
3 89
9 18
1 5
1 75
4 92
6 30
4 15
1 14
1 83
5 69
7 78
3 9
8 38
8 3
5 29
3 55
7 19
10 100
3 82
2 5
1 57
7 59
1 23
3 50
2 38
4 23
9 44
7 84
2 54
10 80
5 5
8 37
6 95
5 68
7 11
10 36
9 12
6 24
2 44
5 87
6 8
1 38
8 29
10 65
4 63
9 10
5 81
2 87
6 49
2 39
1 76
10 81
1 99
7 72
3 47
3 3
8 63
2 33
5 8
4 5
2 13
9 33
7 57
8 53
1 26
9 64
4 59
8 86
1 58
10 88
9 80
8 24
1 98
7 21
7 27
6 92
6 28
4 54
8 20
3 75
4 16
8 35
7 62
9 20
7 87
1 95
4 2
6 68
1 54
7 73
4 95
5 74
7 24
4 92
9 78
4 81
9 9
9 81
3 78
9 95
6 71
10 5
5 46
8 93
2 33
7 49
10 71
1 15
1 46
5 68
4 85
2 31
6 84
4 45
10 78
3 42
7 47
7 71
4 40
8 8
1 41
7 26
3 37
10 79
6 65
1 33
7 71
5 64
6 93
2 55
6 55
1 91
6 14
4 60
1 47
4 81
8 56
6 23
1 82
9 78
7 89
4 44
7 44
6 66
4 52
7 64
10 89
4 5
3 24
1 85
8 76
3 8
6 100
3 13
2 90
1 71
5 50
3 7
3 34
1 63
6 14
2 51
9 55
3 95
3 1
10 69
2 11
1 53
1 72
2 59
7 56
7 96
10 32
9 73
10 39
5 81
4 45
1 73
6 78
1 75
10 69
4 9
6 7
2 72
1 28
4 57
5 33
9 99
4 3
10 19
10 95
9 22
4 7
3 41
9 6
5 71
2 36
7 68
7 1
9 61
5 53
1 32
6 44
8 85
10 11
9 12
1 27
6 71
3 11
6 100
4 82
6 72
4 31
10 30
8 53
5 99
7 85
3 67
6 30
10 27
8 49
9 5
4 83
8 56
10 97
4 13
6 51
7 3
5 81
3 72
1 34
8 20
10 18
6 47
2 51
8 43
4 88
6 48
8 43
10 45
7 85
5 12
3 57
9 66
1 13
9 93
5 57
4 62
5 98
10 31
9 94
2 86
8 12
5 44
1 18
3 50
4 92
7 14
6 15
9 22
2 42
2 85
6 9
10 47
10 23
3 96
2 73
5 44
10 89
10 78
10 69
6 55
10 24
4 86
8 82
1 35
7 57
9 37
9 4
8 57
3 80
7 13
7 25
2 9
8 27
1 17
3 68
8 15
2 91
4 33
5 17
7 52
10 31
5 88
3 8
10 21
8 2
8 66
4 73
10 48
10 39
10 58
4 26
10 80
2 36
1 30
8 10
2 99
7 65
10 63
10 85
1 7
10 63
6 36
6 7
4 15
8 67
7 31
7 16
1 20
4 99
3 29
3 71
10 15
5 33
10 69
7 100
9 79
6 25
9 18
8 56
3 81
8 29
8 7
2 17
6 45
6 36
2 27
3 36
1 99
1 1
1 3
6 49
9 89
4 82
1 96
8 15
6 25
6 80
9 12
1 86
4 21
5 71
4 79
10 74
1 49
9 24
5 84
6 60
1 13
10 32
8 59
7 61
8 52
10 28
2 30
2 35
8 25
10 13
7 86
1 77
9 51
9 6
10 52
8 96
2 54
2 90
4 70
5 86
10 59
3 85
9 45
1 92
9 58
5 48
8 35
3 29
1 86
10 19
6 72
1 2
4 90
7 16
6 22
8 57
1 20
5 11
4 90
6 96
4 82
10 54
5 6
2 21
5 10
4 64
2 71
8 41
10 87
8 67
8 10
8 55
10 32
10 43
9 1
2 80
4 74
4 74
3 92
5 6
6 55
6 79
7 82
5 26
9 71
1 69
9 35
5 20
7 87
3 68
2 68
3 63
3 53
4 32
10 5
2 75
3 37
5 82
3 100
10 45
10 4
9 4
1 64
1 47
9 33
3 81
6 54
8 54
6 77
10 52
1 79
3 42
3 32
6 68
9 17
7 74
10 7
10 91
7 85
9 93
6 30
6 92
3 4
10 1
5 9
6 11
4 8
9 88
9 96
4 53
4 66
3 44
8 24
2 94
7 11
6 46
9 81
2 68
8 20
7 56
5 92
6 47
3 100
9 80
8 53
4 85
10 34
8 43
9 87
10 73
3 77
7 93
8 76
3 14
5 30
9 86
2 16
1 10
4 46
10 32
1 50
7 97
6 86
9 13
8 8
10 92
3 96
10 51
8 42
6 84
3 60
9 51
3 87
2 63
8 42
2 41
9 57
2 11
4 65
10 84
6 51
1 20
7 51
7 60
6 10
10 68
4 37
2 77
1 71
5 26
4 81
5 38
7 20
8 49
6 51
2 17
3 44
9 27
3 42
8 23
9 53
5 65
9 46
6 38
7 6
2 63
8 98
7 88
9 68
3 50
8 93
8 75
6 19
8 11
1 26
8 9
2 24
1 50
9 89
2 47
7 89
5 74
10 21
6 15
8 66
4 30
2 94
10 95
9 67
9 27
1 14
6 25
10 69
3 90
2 22
5 7
9 76
5 84
3 99
2 74
6 64
7 57
2 39
3 97
9 74
9 7
1 47
5 25
2 45
5 22
8 59
9 43
2 59
9 99
2 71
10 6
2 67
8 7
8 59
9 96
2 66
4 75
1 100
4 83
3 12
3 63
5 15
2 79
1 54
3 69
9 10
2 31
10 31
6 9
10 78
1 45
9 20
6 23
9 45
1 43
4 18
5 70
3 15
9 34
4 64
2 25
1 19
7 25
7 28
8 41
10 33
1 32
2 77
2 52
6 55
2 54
8 83
9 69
5 61
3 45
9 15
2 23
7 43
10 39
6 53
10 45
6 91
1 60
10 51
6 13
8 13
9 56
8 50
5 98
2 41
2 88
9 6
1 91
1 29
1 45
2 40
4 20
8 53
3 86
3 23
2 62
4 56
7 69
