7 87
2 35
6 4
7 26
4 27
9 56
3 93
3 44
4 10
1 60
9 30
1 47
1 4
2 97
7 13
10 2
2 30
7 84
1 34
5 31
8 51
6 71
5 84
4 91
10 29
7 20
6 75
5 84
6 90
10 42
1 49
3 100
7 26
4 53
4 63
1 1
8 25
6 54
8 35
7 52
4 55
7 97
8 57
10 100
7 57
2 21
6 68
4 38
3 99
9 16
10 56
6 44
9 1
1 73
4 3
7 8
4 48
5 32
9 85
4 64
7 40
2 42
8 78
1 9
1 88
3 59
1 92
9 9
6 43
3 89
3 71
9 51
9 79
5 92
2 71
10 11
5 98
7 41
9 49
6 37
5 47
7 37
1 52
7 68
3 79
5 89
7 71
7 80
2 10
1 5
5 69
5 42
3 8
6 74
3 80
6 53
8 46
9 50
10 95
10 37
5 93
5 36
10 80
9 76
9 79
1 91
8 94
9 41
1 23
4 14
7 12
2 82
7 87
3 14
10 37
6 43
2 44
8 88
5 30
4 99
10 75
10 14
6 59
2 24
2 97
7 39
5 11
1 47
9 96
10 85
2 55
2 23
8 74
7 1
8 3
9 9
8 3
4 94
1 58
3 78
5 35
7 75
4 13
7 29
6 90
4 91
9 40
7 84
8 97
4 13
8 42
10 61
5 69
1 100
10 62
3 12
5 69
10 69
2 65
6 92
6 33
4 5
3 4
5 43
9 59
3 26
7 80
6 31
7 78
2 86
1 52
8 65
4 35
6 29
8 55
8 16
6 53
9 30
9 56
8 12
10 98
2 94
4 63
8 9
7 6
2 6
2 35
7 18
7 84
6 95
2 64
7 52
10 34
10 34
6 84
7 26
8 71
6 91
5 6
2 17
5 16
3 95
9 28
7 7
10 70
8 8
9 63
9 29
6 48
6 93
4 23
9 79
8 79
3 52
7 22
7 51
8 6
3 5
3 78
10 3
10 32
1 34
6 48
9 66
8 2
10 71
8 25
6 20
1 100
9 53
5 78
9 8
2 59
8 64
2 65
6 28
5 17
1 75
7 100
4 28
8 62
7 68
4 54
3 32
10 82
4 42
1 63
10 72
2 6
9 53
3 74
10 55
2 70
4 82
8 38
8 51
7 10
4 69
4 87
3 69
4 51
8 68
3 36
6 31
6 65
1 83
9 56
7 87
5 40
7 59
1 11
9 7
7 16
10 81
5 92
4 68
8 54
1 81
1 49
1 24
3 82
6 5
8 12
1 58
4 49
10 22
10 58
10 27
10 46
3 95
9 68
8 20
9 83
8 91
5 39
9 52
6 82
10 25
2 5
5 24
10 98
4 91
3 75
2 79
7 37
6 33
7 55
2 66
1 93
9 73
7 85
1 71
4 49
2 86
3 7
2 43
6 27
10 47
10 59
6 9
10 9
9 98
7 5
3 66
1 38
8 99
1 16
6 8
8 4
6 12
1 75
4 5
1 48
2 60
3 78
2 55
8 42
10 47
5 75
5 23
9 40
8 5
2 43
6 96
5 8
4 32
4 93
7 31
6 5
6 92
10 82
10 2
7 36
2 82
9 33
5 82
9 52
3 100
3 26
5 43
6 16
6 84
4 63
6 24
9 2
10 70
8 18
3 73
6 95
4 29
9 78
2 51
10 43
9 46
8 6
9 20
8 63
8 86
7 15
2 17
2 82
5 26
10 47
4 13
7 83
6 47
9 86
6 89
4 11
6 29
2 94
8 20
4 89
8 21
1 37
3 90
8 15
9 69
10 71
9 46
3 64
6 92
10 70
7 1
5 5
4 68
6 23
6 46
10 1
3 21
4 4
2 26
8 59
3 65
7 37
2 31
9 61
1 44
10 41
8 15
10 33
5 43
6 76
8 75
1 33
7 46
2 16
6 98
3 32
10 96
7 26
2 5
4 48
5 79
10 63
4 26
4 2
1 78
1 30
7 95
9 27
10 100
2 90
7 29
9 16
7 40
8 29
2 56
1 55
6 93
6 49
5 43
8 50
9 81
3 28
7 6
7 25
4 28
10 45
9 93
9 76
5 71
10 7
6 83
9 63
9 79
4 42
3 29
9 92
2 5
8 26
6 67
1 73
6 73
3 53
1 76
5 96
5 32
8 87
7 55
9 76
7 12
5 95
1 34
2 19
1 92
4 56
5 47
4 92
7 2
1 99
6 58
10 32
7 71
10 45
8 84
10 46
2 23
1 95
4 12
8 57
3 60
3 20
7 65
10 10
1 29
1 66
4 81
4 4
7 13
3 22
1 17
7 57
2 98
3 63
7 55
2 28
3 16
1 47
3 90
5 7
1 45
7 71
3 66
10 20
8 44
7 25
9 79
4 9
4 57
4 66
2 36
9 85
7 52
2 83
5 30
8 79
3 55
7 5
8 76
7 15
9 10
4 63
2 38
5 42
8 94
10 8
7 83
3 76
6 36
2 47
9 36
1 50
5 85
5 69
2 37
8 79
10 10
8 79
6 17
5 24
2 30
1 14
3 4
1 93
8 17
7 16
10 33
10 75
4 9
1 82
6 42
2 58
1 24
4 93
7 45
4 86
5 98
7 59
9 2
9 60
5 89
3 73
3 25
10 24
4 37
9 68
2 55
6 86
8 56
4 10
1 85
8 2
8 97
4 35
4 90
10 89
4 10
10 35
10 84
10 59
10 63
7 80
8 19
3 85
6 58
7 89
2 6
9 30
5 39
6 63
2 31
2 80
7 39
6 8
4 85
2 98
10 38
5 85
1 19
4 16
8 55
3 63
3 96
8 48
4 12
9 95
3 47
6 1
3 12
9 55
7 8
6 67
2 50
9 3
2 6
8 84
10 17
4 83
7 91
9 34
10 72
5 57
10 47
7 47
4 9
6 42
3 71
5 95
7 72
7 3
6 17
10 19
8 34
10 65
4 26
8 17
9 16
4 84
2 70
4 32
10 94
3 5
4 76
9 38
10 26
1 93
7 68
7 78
1 21
6 90
4 86
6 61
4 30
9 93
3 42
2 66
5 92
7 44
2 39
4 56
1 14
9 24
3 23
1 64
3 78
4 81
6 26
4 2
10 64
7 14
5 68
10 59
3 2
9 88
9 46
7 61
4 3
7 96
8 1
7 11
10 61
7 31
9 44
7 44
5 41
8 83
9 19
3 69
3 47
1 25
10 75
10 17
10 89
6 17
3 22
7 98
8 19
10 79
10 33
8 55
5 77
1 6
6 56
4 9
8 45
4 17
6 86
2 20
7 72
8 64
9 8
4 72
1 50
3 82
7 24
6 50
8 56
4 98
2 19
6 19
3 32
5 34
6 73
3 77
10 36
6 49
9 41
10 55
5 100
8 98
6 59
8 47
3 47
6 16
8 12
2 39
2 2
6 4
8 30
3 62
9 66
3 90
4 90
2 1
6 4
5 34
2 11
9 57
8 84
5 38
5 98
3 81
10 88
9 46
4 5
1 13
8 48
5 50
2 66
5 44
6 14
6 99
4 27
2 79
5 5
2 32
9 21
2 28
8 87
2 68
5 71
1 76
8 72
3 90
7 58
6 46
7 54
9 68
8 80
3 54
7 9
3 12
8 27
8 30
5 42
9 43
5 72
7 29
10 9
6 28
9 18
4 84
1 32
8 62
1 30
9 6
7 68
10 89
5 74
1 46
6 85
10 2
9 52
2 89
2 95
2 60
5 93
2 38
4 77
5 79
7 96
2 96
2 42
5 72
1 95
10 63
4 4
7 10
10 90
3 28
4 46
7 9
10 68
3 12
7 7
6 50
7 100
3 22
1 79
6 39
2 93
7 59
6 87
7 50
10 31
1 54
3 11
5 23
1 23
8 22
6 60
10 80
4 55
2 68
2 3
1 78
9 33
9 80
9 58
3 98
2 23
9 99
3 16
2 14
7 81
10 99
5 95
6 88
8 36
2 12
5 15
2 88
7 83
4 71
10 98
7 55
4 45
7 83
5 55
8 80
4 71
4 17
1 64
6 7
9 45
4 73
6 22
1 53
6 90
7 12
7 89
6 57
8 42
9 18
1 15
1 42
4 49
7 35
7 72
7 52
2 50
3 67
9 60
2 34
8 3
5 67
7 57
1 62
3 1
4 59
7 40
2 74
7 58
5 12
9 21
4 39
4 25
7 17
5 25
3 18
8 85
1 88
6 33
8 56
4 39
4 92
10 90
8 7
6 23
8 5
9 25
1 21
7 20
6 5
10 41
5 41
7 34
2 23
2 13
6 35
10 20
9 43
8 81
5 10
2 16
3 3
4 2
1 85
2 63
3 77
7 13
4 32
7 12
1 84
10 38
9 50
4 48
8 49
8 34
6 54
4 60
4 68
2 66
6 95
3 12
3 58
6 31
7 6
6 67
5 70
1 18
7 89
5 38
1 59
1 83
1 99
8 68
2 17
3 16
6 24
5 29
7 57
5 37
8 48
3 1
5 11
1 39
8 76
6 47
