7 10
2 32
5 40
7 47
4 10
7 61
10 75
2 78
7 5
6 78
8 1
7 17
5 1
10 100
10 16
4 1
1 74
1 31
3 25
4 28
2 96
6 92
9 7
10 95
2 56
8 60
6 21
4 67
9 58
10 85
5 50
8 89
2 50
5 25
2 98
9 27
5 29
10 8
8 44
6 72
7 10
9 72
10 19
7 44
8 43
9 27
9 99
2 98
1 3
4 35
10 50
4 52
6 35
8 51
5 21
4 95
5 67
10 20
9 75
10 93
9 92
9 76
3 41
8 76
1 57
5 15
3 46
6 54
6 88
8 14
3 39
3 13
2 71
1 94
9 63
9 25
10 93
10 15
7 59
4 47
1 20
5 67
4 81
6 50
6 62
8 30
3 52
2 5
3 46
6 57
1 61
10 73
6 98
9 65
2 6
4 74
8 12
1 34
7 75
8 95
3 46
3 54
1 11
3 8
3 36
6 93
1 81
7 53
1 82
4 64
3 32
7 38
7 97
4 68
1 21
3 54
6 72
8 86
8 90
10 89
10 69
3 62
7 18
1 21
10 47
5 66
2 77
2 74
5 14
1 73
4 6
1 59
4 33
9 70
9 25
8 30
1 72
2 24
10 72
7 8
9 19
1 13
5 4
8 83
7 65
9 33
3 39
3 57
8 82
6 78
4 40
10 89
10 67
1 88
10 40
9 42
7 100
3 31
10 73
3 89
6 81
9 13
4 59
4 73
5 66
3 27
1 32
2 34
5 8
8 12
8 85
5 37
2 84
7 35
5 41
9 67
1 25
2 32
3 46
4 27
9 80
9 83
10 37
9 59
1 5
6 74
1 4
1 67
7 68
7 17
2 11
2 82
7 18
4 81
10 73
1 86
8 76
1 96
7 10
10 10
7 92
8 61
7 48
5 81
7 4
2 54
3 47
2 94
5 76
10 42
2 75
2 79
9 77
1 69
8 47
9 55
4 22
2 13
6 94
3 38
1 40
6 36
2 46
3 59
3 96
10 19
7 53
10 22
10 97
3 18
3 4
8 11
5 15
8 98
10 80
4 27
4 20
3 61
3 28
2 16
8 100
6 50
10 82
3 23
1 30
2 99
9 66
10 54
3 35
3 89
9 85
9 60
5 12
4 8
6 19
5 61
9 61
7 4
1 27
4 97
4 69
5 85
9 53
6 52
9 2
9 4
5 66
6 16
9 100
2 25
7 69
9 4
3 58
2 2
3 98
7 52
6 23
2 74
9 48
8 20
6 4
9 81
8 97
1 36
1 92
7 44
5 6
5 75
4 9
9 3
6 54
9 50
5 94
9 20
4 95
1 55
1 93
5 87
6 78
6 24
6 63
3 17
10 21
5 99
3 65
2 39
1 24
9 17
7 63
6 62
9 70
6 88
10 60
7 74
9 60
3 15
2 3
5 64
7 46
7 19
8 45
4 58
2 58
7 97
5 26
6 76
8 71
9 17
4 67
10 26
4 27
6 34
4 86
10 54
10 10
6 60
2 47
3 68
1 32
10 47
8 90
2 70
4 43
2 59
9 44
2 35
10 80
6 68
6 13
2 6
2 28
7 66
2 25
1 69
2 69
2 31
3 93
6 100
1 12
4 33
2 4
2 34
1 70
7 95
1 36
5 100
7 93
5 88
1 96
1 18
10 93
7 93
9 98
2 87
5 49
10 61
7 64
3 49
6 41
6 13
9 71
8 20
9 76
10 3
4 81
4 14
5 25
8 92
9 68
1 1
6 7
10 96
1 30
3 18
7 74
6 26
9 62
9 70
2 89
6 58
7 6
6 53
2 68
6 17
2 5
1 92
6 25
9 73
2 55
2 72
4 92
7 100
2 49
2 54
10 13
8 35
8 48
1 35
2 90
2 52
4 67
10 43
1 71
1 89
7 99
8 75
5 4
6 44
3 56
10 77
1 23
7 56
6 91
4 76
5 44
4 72
9 19
3 22
1 30
10 52
2 62
4 43
7 73
2 81
4 7
3 21
3 88
5 69
7 14
3 4
6 82
2 6
8 81
5 93
6 94
8 58
2 15
10 65
2 16
1 45
5 1
9 52
10 71
8 40
9 63
10 88
8 54
5 65
1 29
10 97
2 1
8 86
8 24
5 3
7 32
3 9
5 68
10 17
10 100
2 94
1 77
2 82
3 14
10 35
10 67
6 24
9 73
1 80
9 100
4 87
6 9
9 53
7 30
4 56
9 32
5 50
3 15
10 64
3 94
6 1
8 83
6 16
9 94
8 46
8 38
4 96
1 12
9 84
4 49
7 46
3 98
7 30
10 99
2 41
2 45
9 70
5 93
7 52
10 39
2 66
6 19
6 38
2 96
8 31
1 83
6 93
10 95
1 55
6 71
8 29
8 55
3 84
6 65
3 64
10 64
1 13
10 64
3 5
9 57
5 77
10 65
9 27
7 90
2 45
1 52
5 68
3 5
9 76
8 62
10 56
10 70
2 6
4 99
1 41
3 96
10 55
5 99
4 82
10 39
6 31
4 50
5 67
7 82
9 77
4 46
7 72
8 84
5 14
5 5
10 75
2 29
6 1
5 33
5 44
2 15
9 26
7 61
3 60
3 15
6 53
7 79
2 93
1 83
1 29
3 10
5 6
7 15
9 51
5 47
9 8
9 33
3 69
6 41
6 13
8 71
3 37
4 39
9 10
1 5
9 58
9 2
9 81
10 70
4 64
10 53
5 23
10 18
10 13
8 2
8 41
6 30
2 28
8 44
5 46
3 81
9 42
5 9
4 14
5 54
4 32
4 34
1 55
9 93
2 50
4 88
7 52
8 53
6 92
4 23
9 59
7 89
3 5
10 34
2 25
7 48
9 9
6 36
6 10
2 10
6 12
5 23
5 38
2 95
1 94
1 56
1 60
9 21
4 66
6 63
9 52
6 92
7 77
5 81
10 90
7 70
8 22
6 90
1 20
2 17
4 49
10 15
3 42
9 97
1 34
8 83
2 72
5 65
7 97
8 11
7 65
9 69
1 33
5 83
7 32
3 14
10 26
8 68
3 67
3 74
9 80
2 1
6 38
7 99
4 36
5 36
2 26
9 33
2 88
7 72
1 32
5 66
7 53
4 78
10 65
3 52
4 74
5 10
7 29
6 6
8 67
3 73
2 81
4 52
5 88
2 30
2 47
9 66
1 89
1 27
9 87
3 78
4 2
2 71
9 69
5 47
6 74
10 30
3 67
7 22
3 25
5 94
3 21
1 29
5 71
5 74
6 16
1 52
10 4
10 54
7 58
1 26
3 100
1 23
1 38
2 98
9 70
4 78
1 26
7 16
8 83
5 98
3 94
3 74
9 49
4 60
10 20
10 58
7 18
3 72
5 12
7 64
3 36
4 51
9 22
7 26
6 72
3 77
1 1
9 49
1 61
1 25
4 67
2 27
6 48
4 41
3 4
10 57
7 43
7 53
1 58
7 51
6 19
6 29
8 43
5 77
4 44
10 29
1 24
7 70
1 73
4 26
5 14
10 52
4 94
8 20
3 96
1 4
2 84
2 15
4 98
10 49
10 61
6 24
7 17
3 74
5 78
6 87
8 10
8 57
3 18
9 43
3 66
5 56
7 6
2 3
3 88
2 93
3 5
10 13
7 92
3 79
4 79
2 27
3 56
4 29
6 75
7 16
7 43
7 92
8 2
9 65
9 75
8 58
1 31
4 70
4 76
6 90
7 71
6 64
2 32
3 24
7 68
9 81
10 11
2 87
1 36
4 73
6 2
6 59
7 69
7 29
8 18
6 26
4 15
1 40
9 51
3 44
3 22
10 80
6 42
8 2
3 67
8 55
9 69
9 56
3 60
1 92
1 96
4 100
8 99
1 92
2 40
8 60
3 73
5 55
10 61
2 72
2 48
10 98
2 77
1 42
2 15
7 45
7 75
9 11
6 34
9 48
8 31
3 21
5 12
1 100
4 38
8 5
2 59
5 84
3 80
8 24
1 52
5 81
3 52
3 51
2 37
3 88
2 44
6 49
4 8
9 21
10 63
7 2
8 95
2 44
8 48
4 99
10 52
2 64
4 90
9 49
5 80
4 80
2 19
8 76
5 77
8 27
9 71
1 22
3 37
2 61
4 79
9 90
2 50
10 6
10 45
5 29
3 26
6 76
6 84
9 4
10 18
9 46
1 38
9 53
8 77
2 96
6 83
1 57
8 31
2 75
8 77
9 69
10 56
4 88
7 48
3 64
1 12
1 22
3 72
2 8
3 14
1 50
2 68
8 33
6 75
2 43
10 58
1 64
7 57
5 32
2 93
4 97
1 83
5 87
10 41
4 22
6 33
9 93
1 80
4 38
4 2
1 62
4 72
9 43
3 63
6 83
9 13
4 81
5 18
7 96
1 26
10 28
4 25
7 14
1 12
1 50
5 63
10 8
7 92
8 48
4 51
2 19
8 11
3 88
7 6
8 59
7 61
3 53
4 7
7 53
10 73
5 19
4 91
