7 40
7 11
4 79
6 37
3 28
4 10
5 38
7 61
4 84
2 75
10 43
7 7
4 96
7 35
9 74
6 32
3 39
3 79
5 21
5 30
3 20
3 84
10 53
4 8
8 30
10 61
1 23
3 3
9 81
7 1
1 53
4 33
3 14
8 56
8 68
4 63
4 29
2 23
1 30
6 48
6 1
5 50
3 47
8 97
5 13
2 27
5 37
5 4
8 55
6 14
3 17
7 7
1 25
9 53
10 33
3 68
6 9
5 31
5 2
3 12
7 18
9 90
9 53
7 94
7 59
7 46
2 60
5 79
9 33
7 65
6 87
8 65
1 90
1 22
2 21
6 65
10 66
4 32
4 82
2 11
2 14
10 39
1 39
10 22
8 72
3 15
5 32
3 66
6 48
2 61
8 55
7 40
7 11
4 43
6 63
4 58
2 60
2 84
1 17
7 13
5 36
9 59
8 18
6 13
6 99
5 11
4 36
2 53
9 14
3 46
2 48
8 88
5 89
3 31
8 75
5 64
6 68
5 98
9 3
2 63
6 79
1 48
5 33
8 71
3 91
9 49
8 10
7 41
4 32
1 27
5 47
6 31
6 39
5 38
4 51
4 47
5 36
3 24
1 61
9 10
10 2
9 100
8 40
6 40
1 3
6 1
6 89
2 33
1 63
2 89
1 5
1 91
8 37
4 68
9 61
4 32
7 23
5 3
2 47
3 82
1 41
3 79
8 51
4 22
4 54
9 74
1 5
5 48
8 12
7 94
1 44
1 83
1 34
10 95
10 54
8 87
3 37
9 63
1 20
5 12
10 86
8 57
5 80
4 45
6 15
3 60
7 50
1 84
10 59
8 26
8 97
9 78
8 68
10 12
6 89
5 9
2 1
9 98
3 97
4 43
6 23
10 85
1 32
7 2
3 82
3 54
2 13
1 36
5 31
6 49
4 16
3 50
2 88
2 33
9 60
3 46
9 93
3 5
1 97
9 70
4 38
10 94
4 29
1 80
9 16
6 85
7 1
4 6
10 95
10 15
4 86
3 93
9 15
8 4
3 66
4 48
8 45
6 30
2 10
8 12
5 60
6 45
9 94
6 18
1 42
8 30
3 30
1 49
3 74
9 22
5 58
2 35
3 13
9 30
10 35
1 50
8 99
8 30
6 46
7 14
8 25
8 92
8 69
5 98
7 50
1 88
5 29
8 12
10 35
5 30
4 32
4 82
7 61
10 21
2 62
10 61
9 15
1 92
10 6
10 80
8 83
9 80
5 40
6 91
7 24
5 11
1 18
5 85
7 22
10 12
10 60
4 92
8 2
1 94
8 30
9 46
3 32
5 80
3 74
6 39
9 2
1 4
7 72
4 27
3 89
8 61
3 92
1 71
10 41
8 74
4 28
6 24
3 83
1 71
1 92
6 73
2 6
5 33
5 63
6 48
6 92
9 87
3 57
6 25
2 23
9 53
1 20
2 48
2 11
6 49
5 37
5 13
7 48
4 90
9 26
6 47
9 73
3 6
6 75
1 27
1 21
10 85
1 51
1 40
10 95
6 38
1 17
8 62
9 83
5 91
8 85
7 17
8 70
10 19
8 15
2 89
9 44
8 32
10 88
9 72
2 28
7 47
6 93
8 61
1 29
2 24
10 29
5 85
4 33
8 60
4 24
3 46
5 22
3 41
7 28
6 18
3 39
10 34
2 45
10 38
10 53
5 73
1 25
8 92
3 75
10 79
4 62
4 23
1 8
7 60
10 73
2 44
10 42
10 85
2 47
8 92
1 50
9 75
5 34
6 78
8 72
9 11
7 90
5 31
10 46
9 21
8 66
5 70
10 78
9 71
2 17
3 8
5 54
9 17
6 31
5 67
9 92
1 40
9 19
2 32
8 56
2 29
9 73
8 54
9 7
7 80
1 15
9 9
8 27
1 63
10 17
9 98
1 67
9 58
9 98
9 55
2 58
10 2
1 86
8 65
7 93
1 44
9 36
7 97
8 74
9 21
3 75
9 11
1 5
7 93
3 74
10 27
9 31
9 98
10 97
10 42
1 16
7 7
2 36
2 61
8 67
9 75
3 81
3 28
2 82
3 61
3 92
8 94
8 81
6 96
6 59
10 91
3 43
3 22
4 68
4 48
2 54
2 30
8 60
4 75
1 34
2 19
9 3
9 57
2 46
9 68
1 72
8 21
6 4
3 63
2 27
6 4
8 55
1 12
10 91
9 81
1 32
4 94
7 83
10 20
4 48
3 98
1 31
6 16
8 61
1 36
3 26
10 82
9 98
6 75
3 6
6 37
5 42
10 26
1 1
8 26
7 33
6 58
7 72
3 87
6 28
2 44
6 80
7 18
1 11
5 74
1 42
10 92
4 78
2 63
9 84
5 68
8 18
8 8
5 43
2 75
4 51
5 47
2 49
6 79
5 74
2 81
4 42
8 26
3 97
8 49
5 49
1 41
6 28
8 65
2 30
2 75
3 31
3 90
1 26
4 82
2 90
8 88
3 39
2 78
7 20
3 92
1 79
9 6
5 65
9 52
4 78
1 65
2 5
9 63
1 98
6 62
9 41
6 31
2 64
6 69
5 5
10 73
5 10
6 63
3 42
7 5
10 61
7 90
6 7
5 36
10 21
4 84
1 25
6 15
2 22
7 39
9 53
9 10
6 19
9 20
1 50
4 68
4 10
4 89
9 18
7 23
1 20
4 4
3 24
6 98
3 96
9 67
4 44
8 93
10 65
4 76
5 23
1 41
7 50
4 36
9 29
4 26
5 87
6 13
2 8
1 98
6 70
1 50
2 37
2 17
4 36
3 7
9 48
6 16
6 12
9 40
5 34
2 100
2 69
1 84
3 18
6 86
9 77
6 24
2 22
1 10
6 49
3 15
3 8
1 22
5 36
6 20
10 48
9 49
9 54
1 45
9 86
3 54
10 16
6 92
10 42
10 93
5 8
3 2
6 49
9 94
9 47
4 70
10 98
6 54
2 86
9 72
3 32
6 87
3 48
8 51
1 36
4 80
9 52
5 57
4 57
3 20
7 32
5 63
1 2
1 69
5 38
9 4
8 88
1 91
8 64
8 57
10 82
4 85
7 85
1 31
3 50
9 100
3 44
5 86
4 6
10 8
7 58
6 53
1 77
5 44
5 64
7 9
2 62
2 30
2 27
3 77
4 66
5 86
9 90
1 73
10 68
8 38
2 73
9 25
1 41
1 72
8 33
6 16
4 33
10 49
10 95
1 7
2 34
6 86
3 59
4 61
6 94
6 79
5 19
2 54
4 31
1 85
7 58
9 9
1 80
8 25
1 73
3 16
4 98
1 85
7 34
7 89
8 69
9 3
10 84
6 57
9 10
7 18
4 52
4 38
10 1
6 63
5 92
8 73
5 34
5 53
10 87
6 42
3 61
4 78
1 21
5 69
6 51
6 20
7 70
8 61
8 41
5 65
8 68
5 2
4 62
1 12
5 63
3 68
9 90
2 41
4 14
8 75
8 7
3 81
8 20
10 42
2 55
7 84
6 30
4 22
4 97
10 21
10 41
3 42
2 36
6 26
7 78
3 79
5 64
4 83
6 39
10 50
9 73
1 77
9 73
3 2
8 61
8 96
2 45
3 61
3 10
7 51
7 69
4 24
4 91
9 88
9 86
3 41
2 30
9 39
5 93
9 10
3 65
1 45
1 32
5 77
4 22
8 59
6 56
3 51
2 4
6 62
2 66
6 71
8 14
9 86
8 43
1 21
1 60
3 61
6 58
9 73
9 47
10 50
3 62
9 52
4 15
10 80
1 30
3 63
8 76
6 66
1 38
8 40
3 63
6 66
7 89
2 70
3 88
5 80
4 31
5 18
7 24
2 18
1 26
8 74
10 97
8 31
3 3
2 67
7 47
2 90
9 3
7 16
3 10
2 98
9 96
4 26
10 38
10 29
6 11
4 67
9 90
10 22
8 53
1 73
8 58
1 56
8 8
10 22
8 94
3 46
10 24
3 23
6 19
4 43
6 44
8 23
5 17
1 14
9 89
4 35
4 33
6 60
4 15
4 89
3 22
2 14
6 24
10 51
6 6
3 62
9 86
4 54
2 91
7 94
4 81
6 73
6 72
5 86
9 36
6 49
3 43
8 33
7 23
10 16
9 50
7 92
1 48
8 20
9 24
2 88
5 92
5 94
8 39
6 39
3 16
8 13
7 1
1 83
6 58
5 46
6 40
4 95
8 79
9 44
4 80
6 47
5 95
6 39
4 70
2 97
10 10
3 58
3 52
4 52
4 84
2 58
4 49
4 78
10 66
4 79
3 71
10 28
10 25
1 43
1 64
1 42
6 35
5 36
10 100
6 92
7 1
10 44
9 79
3 30
1 65
2 64
5 33
1 1
1 95
2 40
5 87
9 49
7 10
6 74
4 12
4 40
7 46
1 68
4 19
7 25
1 97
1 88
3 93
3 4
8 3
9 31
10 1
8 58
7 87
4 25
