5 29
7 3
3 1
3 27
10 49
7 62
7 28
4 78
3 20
9 74
8 99
3 72
7 96
6 51
6 15
4 29
5 62
10 51
3 86
2 90
9 29
7 3
4 72
7 58
7 49
9 54
10 52
5 37
2 52
4 15
2 41
7 5
8 5
9 13
7 4
7 41
8 49
7 22
8 66
2 98
8 11
10 2
7 28
2 62
10 69
7 83
8 80
9 96
4 67
7 24
7 35
4 91
10 33
10 44
9 39
3 12
5 14
4 61
1 76
8 90
10 5
9 31
6 12
7 41
4 48
5 28
7 48
7 93
6 44
6 27
1 98
2 42
7 74
8 47
6 98
2 91
7 30
5 91
7 44
7 17
8 8
3 61
6 10
8 83
9 64
7 85
6 79
8 76
1 43
1 29
6 13
1 50
3 9
8 7
4 24
3 3
5 78
5 16
2 61
8 20
6 60
2 1
6 63
10 76
1 41
3 73
10 62
3 87
3 38
8 84
7 29
8 4
10 60
4 59
6 78
7 37
5 59
7 75
3 74
2 43
2 39
4 1
5 20
7 21
5 41
5 96
5 2
1 64
8 17
3 20
4 13
10 41
2 15
2 59
1 91
9 88
6 3
8 72
9 80
5 85
8 70
8 17
2 47
4 86
2 88
4 46
4 56
4 26
1 62
4 33
3 14
8 65
10 67
10 90
8 44
10 66
4 9
2 46
6 69
7 51
1 18
9 69
6 38
3 73
4 13
10 81
5 84
3 63
8 28
4 15
8 3
7 69
4 50
3 95
7 44
7 31
6 4
7 89
3 56
4 97
4 68
10 12
6 28
10 18
1 31
4 3
7 98
5 38
6 56
3 44
9 22
9 1
7 28
10 19
7 20
5 96
4 51
4 29
10 98
2 25
10 10
2 30
10 88
5 45
2 97
3 89
5 41
7 70
5 3
6 5
1 49
8 95
5 46
1 92
9 43
4 29
4 70
4 49
6 90
3 65
5 91
1 19
1 21
6 26
8 77
10 93
3 76
7 37
1 29
4 85
4 6
8 49
8 43
2 95
1 39
3 51
4 87
1 72
4 21
1 12
1 98
2 86
7 96
6 63
5 48
1 16
5 24
7 6
7 13
9 60
2 55
5 26
8 30
6 42
5 33
10 85
6 62
2 36
1 78
1 77
9 91
2 17
7 52
6 20
2 20
5 12
9 87
8 11
10 62
1 100
10 42
6 85
8 32
6 35
2 77
9 83
8 1
7 9
1 66
7 99
10 95
2 63
1 66
4 54
5 44
4 10
6 99
9 35
9 78
4 35
4 5
7 56
6 96
5 27
7 79
4 70
2 68
7 41
8 29
4 30
6 76
9 77
2 89
7 68
10 27
10 68
8 47
5 4
8 10
3 31
1 54
6 98
7 45
7 23
7 3
4 76
1 25
4 75
10 51
6 72
9 66
9 51
1 42
3 93
7 52
5 33
3 84
2 74
6 76
2 55
6 68
1 60
6 25
2 18
2 81
2 66
9 28
9 31
5 3
5 17
10 7
3 85
3 84
10 19
8 27
8 95
7 73
10 58
6 59
2 96
2 8
9 51
9 22
8 16
9 61
7 33
9 57
2 63
1 95
8 45
2 55
9 38
2 29
1 17
6 70
6 27
4 83
2 71
4 38
3 62
10 97
3 100
4 87
6 88
1 44
7 83
6 36
6 100
3 9
5 57
7 72
4 54
1 15
10 17
9 13
8 81
10 85
6 75
6 45
3 2
4 11
2 14
7 86
6 18
2 76
10 32
1 51
7 2
4 91
5 50
9 63
9 97
5 88
5 58
8 34
6 47
5 65
4 74
2 37
9 34
7 18
5 52
3 69
1 13
9 63
1 89
9 72
3 95
4 55
10 52
4 16
4 62
2 57
3 54
2 65
1 90
6 4
6 93
6 16
6 68
9 20
2 88
10 96
1 6
4 84
7 18
10 30
3 15
10 23
1 39
3 74
1 25
5 2
5 9
5 65
8 24
7 9
10 20
5 86
8 29
9 67
6 96
9 3
5 98
2 44
5 25
8 63
7 27
6 78
4 66
2 16
9 64
7 15
5 8
4 72
7 6
1 63
9 25
6 53
9 40
8 68
8 23
9 78
5 32
3 86
4 44
7 49
9 8
2 13
4 2
6 8
10 25
8 56
2 70
2 26
5 55
3 1
1 26
9 13
8 24
2 2
8 13
9 24
3 16
2 11
4 67
1 80
7 4
3 35
10 11
9 7
8 93
3 50
4 6
5 22
3 55
2 5
5 66
1 20
7 24
1 38
5 50
10 30
8 96
3 11
1 71
6 37
3 25
6 12
7 70
2 79
10 90
5 35
6 34
2 39
3 73
1 74
1 25
9 99
5 6
2 48
4 27
1 10
9 95
4 65
3 91
9 33
1 76
6 61
5 7
5 51
7 98
7 5
9 97
5 15
5 57
3 43
6 90
9 91
7 47
3 20
6 13
4 72
5 4
9 26
7 74
4 82
4 26
3 85
10 5
2 74
2 45
4 71
5 82
10 40
8 66
9 22
5 27
7 28
7 84
7 90
4 47
7 50
5 95
6 34
3 83
1 48
10 90
3 17
8 81
7 24
9 98
2 34
7 42
5 49
9 100
10 18
5 25
5 32
8 60
4 51
8 88
8 41
8 72
4 72
9 99
5 89
3 33
8 5
8 82
6 55
5 94
4 94
5 61
5 73
2 82
1 8
9 31
10 85
9 4
1 41
10 49
1 50
9 22
9 74
1 38
2 2
2 35
1 100
8 11
2 91
1 47
2 14
3 97
10 16
3 48
4 83
9 79
6 2
5 97
7 9
4 27
10 1
8 100
5 18
7 82
6 27
7 81
3 92
9 22
3 89
10 30
5 82
8 1
1 59
2 86
10 87
4 85
10 34
3 100
2 84
4 23
4 100
1 30
7 94
1 65
6 98
3 73
4 95
3 34
1 47
3 21
4 91
10 35
7 63
2 11
2 25
8 9
2 68
7 92
6 81
6 35
10 5
8 97
5 29
4 99
3 35
3 46
3 22
4 10
7 62
6 69
5 41
4 17
8 18
10 78
2 25
10 8
2 87
3 34
4 4
7 75
10 71
6 74
3 19
2 45
6 73
5 90
9 41
9 99
7 18
5 92
3 32
7 99
6 5
7 56
9 77
6 43
6 43
8 24
7 27
7 21
9 33
9 31
6 44
4 39
9 79
2 15
8 4
3 46
3 13
1 76
2 76
8 67
7 11
1 36
9 48
2 38
2 94
6 58
2 3
7 12
8 78
1 61
9 97
10 58
7 56
1 88
3 72
9 95
4 59
7 42
6 37
3 68
3 44
9 65
6 33
10 86
1 36
6 80
9 22
4 62
7 66
3 18
8 73
4 98
9 15
5 22
1 7
7 70
3 79
5 55
9 82
9 11
1 87
6 67
7 71
2 48
1 82
8 41
2 63
4 37
8 87
9 76
6 56
10 53
7 83
8 96
1 83
3 5
7 88
3 38
7 89
5 56
10 18
8 49
5 43
5 55
2 26
8 65
10 92
4 72
2 39
6 24
5 3
8 85
10 3
5 69
6 7
4 87
8 61
4 15
6 81
7 69
1 14
6 76
8 22
7 16
9 25
6 48
1 43
7 38
2 64
6 76
9 18
3 69
2 18
8 77
4 16
7 67
6 41
5 9
6 66
7 69
2 19
1 54
7 54
10 85
5 83
6 72
4 89
6 30
2 51
8 37
7 60
6 52
6 48
8 84
10 53
10 79
6 99
9 20
3 80
4 90
8 68
7 19
3 44
4 61
5 34
1 81
8 17
4 61
4 51
5 69
10 98
10 93
7 99
6 25
10 58
4 64
7 2
10 7
10 68
3 35
10 72
6 55
4 40
2 22
5 11
1 32
10 41
7 47
4 8
4 69
10 39
6 56
6 79
9 67
1 84
6 16
2 90
3 6
5 1
7 74
4 42
5 54
2 31
5 27
9 90
4 80
4 28
3 90
6 41
2 11
3 9
2 83
10 18
8 47
3 19
1 98
6 85
1 33
8 80
3 31
7 21
1 2
4 24
9 1
5 30
4 27
3 70
5 89
5 13
8 80
10 78
4 38
6 51
9 91
7 30
5 56
4 65
7 51
4 59
7 54
2 44
1 35
7 59
6 77
8 30
7 35
2 23
9 45
3 34
7 59
10 79
8 29
3 70
2 52
9 70
9 69
4 92
9 84
2 41
9 41
10 59
8 26
3 25
3 16
2 41
10 81
5 3
5 71
8 84
7 4
3 56
9 21
2 26
8 89
3 59
4 39
2 67
1 71
5 40
6 43
6 39
4 53
3 13
6 62
6 11
6 27
5 98
5 99
2 6
8 49
8 94
2 11
4 30
6 25
1 89
1 61
1 42
9 56
2 53
6 57
10 82
1 33
5 47
4 3
6 100
3 38
6 49
4 30
7 43
4 32
2 15
6 19
6 32
3 84
7 16
5 41
