10 49
1 24
8 70
5 48
9 24
5 57
6 71
2 20
4 11
5 100
3 54
5 69
9 12
5 63
3 49
9 80
4 10
9 75
3 92
6 57
1 2
4 53
5 45
5 55
5 59
4 32
1 42
2 94
6 27
10 80
5 64
5 42
2 81
3 23
1 47
9 50
8 55
6 7
9 98
10 15
9 80
4 24
5 13
1 37
2 16
4 1
2 51
3 34
2 80
2 28
8 7
5 63
4 97
1 95
7 5
10 92
5 82
9 91
6 56
1 5
10 15
4 34
3 23
10 60
1 74
2 2
3 13
10 40
6 27
9 34
1 95
10 45
10 60
1 62
10 42
2 31
9 89
6 87
10 55
8 78
3 43
8 29
10 41
6 84
9 40
2 27
8 82
9 12
9 40
5 87
6 4
3 58
2 31
2 68
1 83
3 6
7 82
4 30
10 58
4 64
10 29
6 46
7 45
1 22
6 60
2 16
4 1
3 75
4 12
2 2
8 88
7 80
5 9
10 55
3 100
5 31
9 71
10 63
2 89
10 94
2 74
8 67
6 89
2 78
4 35
1 95
9 66
8 18
10 74
3 74
4 39
4 98
9 20
9 34
7 48
3 10
5 24
1 2
4 69
2 38
7 44
8 73
8 24
10 49
7 98
10 62
8 17
3 45
2 37
2 67
3 6
7 95
6 3
3 4
4 28
4 12
7 10
3 15
5 46
2 100
7 73
5 15
7 19
4 23
7 30
6 51
7 18
7 12
10 31
5 9
6 35
9 88
1 47
10 45
8 24
3 13
3 7
2 5
5 67
8 29
7 7
10 8
3 72
5 14
1 12
2 90
10 61
3 77
5 1
8 3
3 39
5 25
8 16
2 41
8 48
7 3
6 12
8 80
7 65
7 21
4 18
2 33
10 54
5 8
8 93
10 93
1 63
4 100
5 40
1 49
4 75
8 24
10 76
8 66
5 36
10 28
7 49
5 92
6 95
2 53
4 32
2 68
5 99
8 97
1 59
9 51
10 63
8 21
4 33
5 94
4 14
3 24
2 65
2 9
2 60
10 91
10 40
8 11
5 83
3 53
3 53
9 98
3 4
7 26
2 10
8 64
8 73
2 73
8 46
1 82
2 47
9 95
9 6
4 21
8 64
5 99
1 69
2 10
7 3
6 90
2 38
3 57
6 12
1 42
4 31
10 78
2 90
10 73
2 82
3 16
2 49
5 41
4 73
2 95
10 3
8 14
5 26
4 11
4 9
1 64
1 78
8 18
4 57
6 24
10 23
6 96
2 30
4 28
10 47
1 77
8 85
7 14
9 19
10 40
5 32
3 51
4 61
10 40
9 39
5 41
4 15
9 55
2 84
2 83
10 61
10 29
6 4
9 61
3 55
7 47
1 17
6 58
2 17
4 38
9 52
6 96
5 81
6 6
3 82
1 12
2 49
1 93
4 93
7 20
3 7
3 20
6 49
10 38
10 10
6 86
7 49
1 64
8 20
2 26
5 41
7 40
3 52
4 47
7 50
8 38
6 47
1 7
4 8
1 79
9 72
5 74
9 97
6 14
2 26
7 38
8 32
2 22
3 86
7 38
1 22
10 1
8 63
10 53
9 12
6 68
6 19
10 93
4 84
7 61
2 89
9 70
2 71
4 71
5 47
6 42
7 75
9 35
2 15
6 56
9 56
10 70
4 55
9 71
2 79
2 91
9 86
4 70
3 79
2 19
3 63
5 31
7 49
6 16
3 46
9 54
8 57
3 53
10 16
10 25
1 9
9 6
9 93
8 66
5 64
6 94
6 26
10 98
1 92
6 45
6 70
4 22
10 17
5 92
4 2
4 29
3 71
4 74
9 86
9 59
6 24
7 87
5 63
1 13
5 9
6 62
8 29
5 100
1 96
6 32
3 60
1 45
9 28
3 76
3 73
1 47
6 89
8 14
5 12
2 34
9 11
8 27
2 73
1 44
7 32
8 96
5 16
7 36
10 5
6 32
6 10
2 28
3 3
9 97
1 55
1 84
3 75
6 99
9 44
8 26
2 56
1 86
5 68
7 50
4 33
10 82
8 93
2 61
2 17
9 18
4 70
2 91
9 100
1 39
2 7
6 46
2 61
4 8
7 62
8 91
7 8
1 9
10 94
3 70
9 23
4 37
9 55
8 3
9 19
4 42
10 71
2 65
10 97
10 90
4 96
8 7
10 31
2 94
9 56
5 75
9 38
4 16
4 91
7 53
3 19
2 89
6 54
7 10
8 16
9 53
5 35
3 18
8 97
8 84
4 61
7 68
4 29
3 29
10 2
1 51
7 12
7 16
9 1
7 5
7 25
3 37
9 79
1 9
9 67
7 84
3 27
7 62
1 49
5 73
3 52
1 87
8 63
5 55
9 87
4 10
1 64
4 42
3 28
7 59
10 92
3 6
4 88
1 75
8 61
10 87
6 13
10 4
4 63
3 73
7 18
5 57
9 26
6 83
10 94
8 40
10 64
1 94
8 18
10 61
6 5
1 20
7 97
10 66
10 25
7 83
5 77
8 70
1 2
3 9
7 25
10 8
3 84
2 19
2 66
3 55
4 38
1 28
9 12
7 25
10 4
6 24
2 71
9 50
2 68
4 83
3 16
3 51
8 31
8 37
9 48
6 61
10 79
1 2
2 9
7 17
1 8
3 49
6 58
5 80
1 69
7 14
5 93
8 85
3 26
6 22
2 44
9 36
8 53
5 27
5 18
7 6
5 30
10 22
2 32
9 12
6 56
9 66
10 62
6 59
10 76
3 52
3 6
2 26
10 34
1 86
2 69
2 17
5 9
2 42
5 3
5 62
9 98
1 22
1 5
7 99
2 25
7 32
8 65
6 81
2 29
8 25
2 60
2 97
10 78
1 74
8 5
9 86
6 98
9 4
8 80
1 35
7 34
8 77
8 15
2 51
6 16
10 66
2 5
1 34
10 20
4 34
4 23
8 72
7 12
6 69
6 60
4 86
4 6
1 60
7 27
6 18
2 79
6 5
3 21
2 8
3 87
5 9
6 45
2 53
9 97
3 100
9 1
5 88
1 10
9 29
2 40
10 69
6 94
3 91
8 16
9 31
3 20
9 32
1 19
9 47
7 41
4 23
10 20
5 54
6 33
2 95
1 4
1 33
6 47
5 60
8 94
4 19
4 54
1 51
4 1
10 8
1 90
1 82
9 14
4 82
3 35
7 47
7 77
2 28
5 79
5 64
2 15
7 33
6 62
5 49
4 98
6 63
8 47
9 19
1 2
2 42
6 93
9 61
10 28
1 67
6 92
1 62
1 39
8 68
1 19
10 7
4 8
9 56
7 61
7 24
4 43
4 77
8 78
6 100
7 65
2 75
7 45
4 39
2 61
3 67
1 93
10 13
9 50
5 71
10 14
7 50
10 61
2 47
7 43
6 73
5 36
7 47
9 51
4 98
7 23
5 12
4 81
1 86
10 99
3 77
2 61
1 68
2 39
8 40
10 79
10 64
9 73
1 3
6 17
10 33
7 32
10 51
1 51
4 11
6 96
4 36
7 3
4 71
4 43
10 56
5 27
7 24
2 20
9 3
9 95
3 65
2 51
4 14
9 81
10 4
9 30
8 42
8 91
7 51
8 47
6 47
2 81
5 42
3 28
7 15
8 66
1 61
5 37
9 42
4 21
6 80
10 87
7 78
7 66
6 23
9 32
10 42
5 84
1 66
7 7
3 16
6 77
9 27
10 71
10 68
1 35
10 64
9 68
4 44
9 43
8 72
2 58
6 84
3 1
9 19
5 28
6 5
9 29
9 20
4 7
10 23
6 14
8 76
9 77
1 52
4 18
10 58
9 54
2 24
8 3
5 6
8 38
8 77
9 57
3 39
3 90
3 55
4 34
9 3
8 82
8 98
6 20
4 88
7 54
2 60
5 27
9 10
5 90
5 70
4 22
2 41
3 36
8 68
3 80
10 42
5 95
10 11
1 84
2 87
10 30
10 88
9 47
1 85
5 61
6 95
4 22
1 30
7 56
7 10
8 59
2 41
3 63
3 98
7 43
7 98
3 92
4 86
6 10
1 92
3 45
4 93
3 36
1 14
7 40
4 46
3 23
3 43
5 44
7 51
4 100
2 79
9 59
1 75
2 37
9 38
10 91
7 90
1 89
8 100
7 95
2 86
10 5
3 49
2 40
6 33
10 47
3 27
5 19
7 68
7 51
9 25
6 11
1 24
6 80
4 100
10 92
5 24
5 45
7 14
1 53
4 19
9 21
9 89
1 99
4 76
5 5
9 42
8 81
3 65
2 50
6 76
1 57
6 3
4 73
8 27
9 65
5 78
10 21
1 23
10 81
9 7
6 2
6 53
5 56
6 67
10 49
3 86
10 36
7 35
1 64
10 72
9 89
8 11
7 4
5 78
5 23
5 41
2 42
6 65
2 98
4 89
10 56
8 87
7 99
4 92
2 15
3 5
2 73
5 79
3 65
1 74
