2 18
1 77
1 10
9 6
10 26
3 51
7 17
7 93
9 84
9 47
9 22
4 99
4 38
4 79
10 9
2 58
2 86
6 4
10 19
9 26
4 14
4 82
2 16
9 67
6 17
6 2
2 90
2 53
2 53
9 77
1 4
6 60
8 37
2 3
10 72
9 43
5 5
6 63
7 14
4 22
10 43
1 83
3 6
8 57
9 70
6 10
7 91
10 96
4 86
7 56
9 59
10 47
6 85
5 18
7 39
2 49
8 86
2 68
10 54
9 22
10 93
9 20
9 38
10 99
2 23
6 26
5 60
10 34
3 93
9 79
3 66
9 80
1 97
9 100
4 52
2 49
9 82
6 62
5 41
9 16
9 51
6 73
8 66
2 50
6 8
1 55
3 87
7 73
5 18
5 35
5 26
5 10
10 21
10 24
2 9
6 48
7 89
9 33
7 65
3 9
6 87
9 100
10 19
10 94
2 95
4 17
8 84
10 72
8 94
6 2
10 42
6 47
2 15
7 70
9 70
3 63
5 91
8 20
2 53
1 95
3 2
8 51
5 25
4 56
2 65
6 44
7 3
7 53
3 75
7 37
8 4
2 89
4 66
5 74
7 78
4 18
7 61
8 15
8 1
6 98
5 9
6 83
3 8
9 85
10 54
1 92
7 43
3 59
1 97
7 42
9 49
4 37
6 13
3 95
6 1
9 45
8 64
8 49
8 82
8 92
10 76
9 1
2 68
1 33
7 96
7 52
4 82
2 32
6 46
1 54
9 4
9 58
8 76
9 84
3 92
8 25
8 93
5 87
8 2
6 98
2 83
10 100
10 2
2 28
4 60
10 12
10 46
8 36
2 22
4 7
6 10
5 41
7 5
3 10
9 26
6 27
9 66
3 71
5 96
6 25
5 99
3 85
10 100
9 65
10 7
1 46
2 33
4 84
7 84
9 43
8 71
10 24
1 16
3 36
7 85
7 3
8 71
10 13
1 34
7 15
8 49
9 81
8 93
1 29
8 82
7 76
7 50
9 44
7 31
9 86
8 56
4 49
1 32
1 1
3 62
10 34
1 9
2 37
10 24
9 61
1 6
1 90
4 54
8 44
10 49
9 63
2 93
9 20
7 53
1 3
4 50
2 91
5 31
2 96
5 20
9 20
9 22
7 34
5 83
7 75
3 60
8 83
7 41
3 96
8 60
9 69
6 46
6 34
5 27
2 4
1 45
7 86
1 4
7 15
4 22
10 42
1 2
5 60
9 99
3 68
9 55
9 42
5 57
3 79
7 97
2 8
10 34
8 6
6 62
5 69
1 10
6 5
5 8
3 79
8 52
3 69
8 55
7 50
9 79
4 17
6 16
1 24
4 55
7 40
10 66
10 84
6 27
6 40
8 59
9 9
8 99
9 78
4 61
2 54
2 97
1 73
8 74
2 92
7 49
6 98
7 5
6 93
5 30
6 70
1 97
2 65
2 40
10 33
10 3
10 60
10 6
8 50
2 33
3 17
2 91
1 54
8 95
9 26
7 95
6 32
1 83
5 63
8 92
7 3
3 18
6 14
6 87
6 89
9 71
2 89
7 86
7 52
4 92
6 89
8 61
8 57
10 100
5 31
7 26
6 19
7 34
5 66
5 7
4 34
6 6
3 86
5 52
4 30
2 100
4 97
3 68
8 62
7 90
1 53
2 67
4 91
4 55
4 78
5 90
6 33
2 59
3 71
7 28
7 50
2 55
7 74
6 84
4 91
4 56
3 25
5 50
10 40
5 100
4 81
5 53
4 93
10 42
8 4
1 8
5 76
5 53
5 72
5 34
7 56
2 81
10 36
7 35
8 97
9 91
4 100
5 43
2 62
3 79
4 9
5 80
10 70
2 66
6 55
5 30
6 48
5 79
4 17
3 99
10 19
8 91
1 13
2 61
4 26
4 66
5 62
1 60
9 58
2 49
7 96
8 27
8 99
6 44
9 27
7 54
5 94
4 31
4 77
2 98
2 71
4 3
3 15
8 37
6 16
1 28
5 77
7 97
9 35
4 94
2 76
5 62
4 90
8 77
4 1
8 26
3 18
1 18
10 53
7 39
2 45
6 37
2 88
1 96
3 58
10 59
5 16
3 33
7 38
1 43
5 12
4 70
4 78
4 63
5 39
7 29
4 9
9 33
4 52
10 49
4 65
5 20
9 5
3 63
4 99
8 50
8 94
10 37
7 68
9 5
4 37
3 71
4 52
5 60
10 33
10 76
3 83
8 29
1 36
4 35
8 68
7 70
7 59
6 20
6 48
1 86
1 75
5 13
6 81
3 38
10 71
5 28
5 9
4 34
5 98
7 89
8 70
9 7
6 43
4 54
5 77
6 24
7 89
1 60
3 45
4 59
8 54
7 77
9 99
6 7
9 46
8 2
5 93
4 5
4 23
8 7
4 96
9 96
8 43
1 92
8 56
7 99
10 31
4 64
2 64
5 87
3 52
5 13
1 92
8 92
4 21
6 80
1 53
6 98
10 54
2 36
9 69
4 38
2 21
2 36
1 33
10 4
8 72
8 30
8 12
6 16
4 35
2 12
3 31
10 87
9 69
5 32
9 5
8 8
2 52
1 13
9 10
10 25
1 42
4 30
3 57
4 64
4 36
2 24
7 15
9 65
1 63
2 48
3 27
1 36
9 8
9 28
3 34
8 45
4 27
1 33
5 38
8 90
9 12
6 59
5 97
8 80
8 86
10 50
7 12
2 68
9 33
5 52
9 10
1 37
7 65
1 65
5 68
5 28
7 71
3 2
9 80
4 86
10 70
7 47
1 28
6 82
8 71
9 94
8 78
1 86
4 66
3 73
3 31
8 88
2 30
5 59
6 77
6 38
8 49
5 17
4 3
6 52
4 51
10 33
7 1
3 14
8 89
9 86
7 6
2 60
1 27
7 9
5 44
7 24
9 80
2 51
1 48
6 80
6 43
10 77
4 52
3 14
6 34
10 62
2 2
4 17
5 32
7 65
9 16
10 91
2 44
1 14
8 32
7 91
3 33
2 3
1 54
1 10
2 17
4 29
10 11
5 67
6 40
10 10
8 34
2 17
2 20
6 49
5 46
8 89
1 68
6 75
7 93
4 82
2 50
1 25
6 68
4 10
4 43
8 37
8 5
3 68
4 48
10 64
7 35
4 78
5 40
8 87
5 54
10 18
3 62
7 36
9 26
5 42
4 41
10 28
10 27
8 77
4 92
1 52
7 3
4 94
1 77
9 49
10 48
9 25
2 72
2 54
1 37
1 67
4 7
5 70
7 73
3 16
1 56
5 61
4 49
1 12
3 56
9 33
6 21
10 73
9 43
6 18
9 4
6 49
6 3
5 16
1 66
3 45
9 64
7 61
10 66
1 46
6 11
1 58
5 34
4 88
2 61
5 56
3 84
5 19
2 7
2 89
8 44
8 92
8 1
1 70
9 82
4 35
6 96
9 12
4 27
6 48
9 78
5 5
2 20
2 95
6 81
8 22
7 12
5 17
5 58
6 52
9 9
2 70
10 6
9 36
8 19
5 55
1 76
9 1
6 10
8 31
1 47
9 46
3 58
8 60
6 35
10 94
8 14
7 57
10 77
7 1
9 87
6 22
1 56
9 34
2 11
1 93
4 73
1 21
9 81
4 21
10 4
3 56
6 45
4 74
2 41
5 4
3 14
6 45
9 3
10 62
9 94
4 3
4 41
4 44
3 50
7 63
8 45
7 91
10 36
2 54
5 98
4 100
1 45
3 64
3 8
4 33
7 61
1 22
6 44
7 22
1 16
8 64
1 10
9 30
4 77
10 29
2 57
4 69
4 84
2 83
10 27
7 9
9 29
1 46
2 11
7 12
6 4
10 38
4 28
5 14
9 28
5 83
1 37
6 88
10 11
5 70
8 100
2 25
5 66
5 43
8 57
4 21
9 66
4 90
6 89
10 66
6 79
10 20
4 29
10 64
2 49
5 17
3 47
5 78
9 99
8 1
7 61
3 41
2 1
5 65
8 75
1 14
5 76
3 96
6 47
8 22
3 43
8 72
9 84
9 46
2 84
1 4
5 74
1 73
3 59
8 53
5 5
8 71
10 63
7 27
7 7
5 33
5 28
9 50
2 60
9 69
5 83
1 47
8 1
6 48
4 41
10 63
4 71
8 92
2 70
9 80
8 43
1 61
10 25
4 49
4 14
7 18
3 94
9 16
5 11
3 34
7 26
8 43
4 21
4 61
8 99
6 13
8 52
7 67
7 26
8 47
1 53
5 5
6 66
7 41
8 37
10 88
10 24
1 57
9 8
6 35
10 2
6 48
10 67
8 98
9 34
5 13
10 63
1 83
6 10
8 36
7 69
5 50
6 39
5 32
9 30
4 74
9 41
5 35
10 75
6 43
10 30
8 40
6 68
5 11
9 67
10 7
6 77
8 79
8 53
8 50
1 1
6 93
6 85
2 4
4 88
8 97
3 66
10 98
4 30
3 73
3 57
