7 66
6 10
5 55
2 31
10 78
9 42
1 100
2 89
5 60
7 44
1 40
7 89
9 37
8 91
5 87
3 43
3 18
3 65
2 3
7 89
6 22
3 47
6 97
1 42
1 26
4 1
6 71
6 22
9 3
1 37
5 76
7 29
1 88
1 22
3 37
9 99
5 15
9 54
4 4
2 19
1 30
10 42
6 45
1 9
7 7
3 42
4 86
1 18
4 34
4 55
4 61
5 68
10 79
10 39
7 22
6 12
7 3
9 10
1 55
7 6
3 97
1 8
10 45
5 1
9 26
2 82
3 5
5 9
8 8
6 55
7 38
6 86
2 44
4 8
9 36
6 45
10 69
5 42
9 8
8 99
4 94
4 2
2 44
8 42
10 100
9 28
4 69
6 85
3 46
1 87
4 92
4 65
3 99
10 84
7 15
6 32
5 68
1 80
5 11
1 47
1 88
2 72
7 98
4 41
9 62
6 72
4 36
8 87
2 66
4 34
3 71
3 87
1 93
3 46
6 32
6 63
1 12
10 25
4 89
5 57
8 18
9 68
6 35
10 66
9 44
9 88
7 87
1 1
8 45
3 73
7 42
8 63
9 88
1 9
2 31
2 82
4 43
2 84
7 37
9 99
3 91
9 43
6 60
4 14
4 80
3 6
2 22
1 62
7 72
1 59
9 39
3 23
6 37
1 47
9 11
2 38
8 8
10 86
10 9
2 9
4 66
5 60
9 39
8 97
8 68
1 68
4 14
5 98
3 44
9 81
5 41
9 63
4 32
7 80
4 58
5 63
6 75
2 43
7 78
6 4
6 23
9 22
9 55
2 4
2 27
6 22
6 2
7 77
1 21
3 71
4 60
3 84
3 75
6 71
2 42
9 51
6 91
9 27
7 54
7 16
4 92
4 58
2 98
4 40
3 60
1 26
2 26
8 15
1 57
10 28
1 99
3 85
4 58
2 41
9 20
5 68
8 14
8 1
2 17
9 86
9 5
1 74
6 44
1 61
7 63
2 11
3 86
3 74
7 38
5 42
9 45
6 17
7 12
7 24
10 44
7 29
7 8
6 57
1 11
2 98
1 67
10 70
2 62
8 64
3 1
2 49
7 55
1 70
1 83
1 33
10 55
4 90
3 20
7 81
8 95
4 1
6 99
1 79
7 20
10 33
1 52
1 98
9 92
8 4
6 76
2 34
10 65
4 32
2 87
1 92
6 47
8 3
9 49
2 13
1 3
2 2
10 99
7 34
5 80
1 71
3 17
4 38
10 2
10 16
9 15
1 4
4 35
4 7
3 18
5 92
4 23
3 14
7 70
10 39
6 38
3 94
6 51
8 81
6 90
7 30
5 30
8 20
8 39
10 11
1 94
10 44
2 33
7 50
3 25
6 75
3 14
7 47
2 18
3 100
2 58
7 77
8 58
7 41
10 72
9 65
10 29
2 22
7 52
6 62
3 60
1 93
10 65
6 67
9 30
7 49
4 54
5 46
1 93
3 57
10 34
8 37
3 55
1 4
9 53
3 13
8 3
1 21
6 14
4 17
8 67
4 30
10 29
9 81
7 57
3 14
5 28
1 24
5 24
9 44
6 87
7 64
7 13
2 19
6 2
9 23
5 49
3 17
8 51
2 33
9 15
7 34
2 98
7 74
9 56
1 85
6 87
4 27
7 72
6 59
10 11
4 97
5 31
6 92
10 61
1 79
3 63
4 43
3 53
10 83
9 10
2 3
8 48
9 13
4 62
7 17
1 92
8 61
5 87
5 18
4 22
2 59
5 1
10 56
9 44
7 70
10 48
2 2
7 30
10 91
7 45
7 6
5 63
7 93
8 43
5 36
2 62
2 12
8 81
1 29
10 35
7 28
2 96
5 34
9 61
10 61
8 43
4 53
7 36
6 69
1 77
3 40
4 98
3 19
9 54
8 7
2 31
8 92
8 79
6 72
5 95
4 62
4 49
2 18
1 63
4 83
1 39
7 84
9 17
5 28
5 78
8 92
5 39
5 95
8 2
1 10
7 13
2 11
7 47
4 77
2 73
8 65
7 14
9 62
7 40
7 14
5 31
3 70
5 40
6 29
5 27
6 18
8 97
3 71
6 57
4 86
6 78
5 31
2 50
10 8
5 78
10 50
3 79
9 27
3 45
9 50
3 19
3 27
2 38
7 4
7 3
4 37
9 100
2 67
1 99
3 97
4 76
3 63
5 56
5 65
7 26
9 37
8 2
8 5
8 69
8 95
8 1
9 83
7 82
6 98
10 21
4 41
2 9
4 31
8 51
1 75
10 4
9 54
5 88
5 28
8 33
1 23
4 3
5 26
8 41
8 11
9 20
9 93
8 57
5 71
7 97
5 58
9 75
2 3
9 100
4 37
4 71
5 90
10 28
10 40
4 55
6 36
7 40
9 59
9 41
9 82
5 68
2 92
6 53
8 78
7 92
9 30
4 42
8 57
1 58
2 56
5 80
4 94
2 12
2 49
9 68
5 66
6 49
9 7
6 88
7 28
2 83
6 57
4 82
9 88
10 95
3 6
7 6
3 9
10 62
2 90
8 6
2 8
5 80
4 9
5 52
10 100
9 8
5 97
10 80
3 86
10 100
1 35
7 52
3 68
1 36
4 90
8 20
6 84
4 96
9 40
1 4
8 63
7 44
2 74
4 87
8 60
8 94
7 57
5 91
7 72
4 23
1 9
1 18
9 17
3 91
9 19
6 72
10 37
5 72
4 60
8 99
9 65
2 75
7 22
4 61
2 56
5 92
5 15
8 70
4 88
5 16
10 2
8 65
8 65
10 82
3 84
6 89
6 38
8 24
5 72
10 62
2 70
10 97
4 73
10 7
6 72
2 62
4 58
8 50
2 12
8 11
3 12
10 41
3 39
5 49
2 33
5 41
4 23
4 27
6 45
5 2
1 78
10 14
10 89
4 8
3 10
5 35
9 78
6 25
4 52
8 38
2 28
6 10
6 38
10 14
10 45
10 53
7 78
2 9
5 25
1 58
2 18
2 26
6 49
3 12
5 96
2 86
1 6
3 97
4 69
7 34
9 92
10 12
1 83
9 53
9 65
4 60
9 69
3 20
2 85
9 51
6 23
9 95
10 97
2 88
1 25
6 58
3 54
7 37
10 10
2 35
2 33
9 35
2 19
1 52
7 90
1 32
6 7
10 36
10 87
1 48
10 69
10 72
8 79
4 14
8 91
10 63
1 89
8 58
2 51
2 4
5 48
1 79
8 34
8 32
1 62
3 83
10 63
10 67
9 87
3 91
4 26
7 49
4 5
7 77
4 18
6 19
5 47
10 22
1 13
6 25
1 28
9 84
5 92
9 2
3 99
6 67
3 78
9 1
4 98
5 9
8 4
10 64
4 4
2 48
5 87
2 85
1 96
9 8
1 27
2 79
10 82
6 83
5 19
5 75
7 54
3 46
1 100
8 80
4 22
1 78
10 33
3 73
4 42
3 38
4 78
3 24
6 95
5 33
10 3
9 30
9 51
1 43
4 79
8 32
3 33
9 74
8 51
3 37
2 43
5 98
6 26
7 26
3 88
6 88
9 100
7 48
9 48
9 80
1 69
3 10
10 89
9 36
8 72
5 65
1 73
1 73
1 62
8 81
2 97
1 89
1 11
8 3
10 5
8 45
4 13
8 75
9 98
2 7
9 57
8 21
8 82
2 43
2 31
3 65
10 40
4 54
2 35
4 41
2 10
3 36
4 8
4 43
10 32
8 23
4 14
5 89
1 85
1 74
5 41
2 90
9 34
7 15
5 13
6 20
3 68
4 86
2 9
10 34
7 40
1 40
5 58
5 41
6 34
2 85
9 47
8 24
7 44
8 43
3 45
10 97
6 77
8 69
8 61
8 52
10 45
8 43
6 46
4 28
6 49
2 53
5 22
10 59
9 89
5 22
2 10
2 88
3 51
8 24
3 4
8 56
1 35
6 64
5 46
9 92
4 86
2 40
1 18
1 18
5 13
9 64
4 69
7 21
7 61
10 48
4 6
7 20
6 90
7 6
4 29
2 31
10 5
10 29
5 54
1 39
1 40
6 19
8 86
9 52
4 15
3 16
7 66
9 70
2 2
2 33
5 100
6 11
2 87
1 25
6 67
10 24
1 98
3 56
9 96
6 89
10 29
9 68
10 49
4 32
8 31
8 38
7 55
8 74
6 39
9 55
9 13
7 27
5 83
10 69
3 24
1 28
6 71
10 41
6 34
1 96
1 5
7 44
6 21
6 29
9 48
2 88
3 31
7 66
3 36
7 89
2 93
1 24
9 50
10 34
4 94
2 79
8 61
4 31
5 27
3 56
6 49
4 67
2 94
3 90
1 12
9 77
5 69
8 7
1 20
6 36
2 53
8 33
10 22
7 44
5 1
5 35
5 55
5 80
2 30
8 63
9 58
8 64
5 14
10 67
10 95
4 50
5 59
6 22
9 64
5 87
8 54
4 42
4 63
9 36
10 42
