10 41
7 18
2 61
2 4
4 99
8 72
7 49
5 45
10 97
4 34
2 77
6 29
3 78
1 31
3 11
6 78
10 12
7 17
7 56
3 52
9 45
6 60
1 43
7 42
7 4
3 37
4 83
9 41
7 26
8 92
8 7
10 49
3 80
8 88
10 3
9 25
5 45
1 3
7 65
9 5
1 90
1 81
4 26
6 73
3 15
2 44
7 1
7 97
10 57
2 86
4 100
4 8
3 59
3 39
10 80
8 6
1 59
10 30
6 55
2 88
6 88
3 57
4 77
8 33
6 38
10 56
3 22
10 65
8 27
10 3
5 19
6 27
3 78
10 9
7 74
4 64
8 12
7 53
1 96
10 70
6 85
8 60
8 94
10 39
9 37
2 64
2 51
10 86
4 41
6 24
7 61
2 22
2 57
6 59
6 89
9 92
4 8
6 27
7 54
6 7
4 85
9 52
3 11
8 7
8 34
3 53
3 27
2 17
3 97
9 7
7 85
5 70
7 53
3 94
10 14
5 5
3 7
3 45
4 79
9 60
1 34
5 78
6 37
6 23
6 77
9 89
4 31
7 65
7 82
3 88
3 48
6 76
9 10
7 74
7 56
8 55
10 50
8 1
10 73
4 72
3 5
1 37
3 40
2 13
5 8
4 33
10 47
5 85
4 68
5 14
6 77
1 92
10 44
5 73
9 75
4 18
4 61
2 80
4 22
9 2
9 99
1 97
9 72
5 92
9 3
9 27
5 43
6 60
10 53
3 35
3 94
7 31
9 25
5 60
3 24
8 79
4 35
1 92
2 57
2 17
6 13
2 61
9 73
10 31
5 41
4 13
6 6
6 16
6 77
6 35
9 63
1 56
8 28
4 31
7 2
4 91
2 8
2 98
9 91
6 1
10 96
10 57
4 71
5 24
6 17
3 40
7 38
1 43
8 90
4 28
4 34
2 54
5 57
5 92
5 10
2 37
6 50
5 61
9 3
4 36
4 52
9 75
1 90
5 62
6 41
8 17
3 1
7 56
6 88
2 21
4 25
1 76
9 6
4 75
8 83
2 32
9 100
5 16
8 85
5 18
5 28
3 57
2 72
6 27
10 93
10 47
9 93
2 61
7 50
8 62
8 41
4 31
8 75
5 96
6 46
1 42
10 1
9 96
9 94
7 15
6 48
8 85
2 13
1 90
1 36
3 38
7 36
5 74
8 83
7 49
2 46
4 15
6 18
6 39
10 91
8 9
6 33
3 79
2 61
10 48
1 86
1 64
2 81
3 84
5 82
6 93
6 72
3 5
8 77
4 72
3 52
5 97
2 68
1 94
5 62
6 14
2 46
3 50
8 83
10 51
6 77
8 63
9 81
8 3
1 84
10 24
5 60
4 75
6 40
6 48
1 19
6 86
4 13
3 50
7 90
1 53
3 76
9 35
5 40
4 90
10 64
1 4
6 60
9 50
4 15
6 87
4 85
6 37
2 75
3 82
10 83
7 58
7 11
6 61
4 5
8 45
8 53
9 15
3 27
9 83
5 63
9 73
6 31
6 86
10 61
4 52
1 18
8 3
2 38
6 70
10 21
6 82
2 55
8 93
9 18
6 74
6 98
6 28
3 70
3 10
7 52
3 64
10 37
1 8
1 5
3 8
1 35
3 91
1 74
10 86
2 67
7 46
6 18
9 99
3 20
8 13
10 15
6 56
8 30
4 65
9 32
5 77
3 8
5 84
2 90
2 87
5 29
1 16
8 100
8 7
6 20
6 23
4 45
7 13
5 37
9 17
9 22
1 16
8 91
4 79
7 83
3 22
7 50
8 11
5 12
2 34
10 39
5 79
6 10
9 72
10 65
10 53
8 33
7 37
8 84
2 57
9 12
5 93
8 42
9 29
9 14
8 42
7 48
9 17
9 33
2 7
1 14
3 1
9 19
4 44
9 8
7 65
2 95
5 11
10 97
6 43
5 50
10 29
9 56
5 7
10 20
1 80
4 45
4 36
9 53
10 69
9 38
7 61
5 86
3 3
9 96
9 92
2 48
2 13
8 41
10 87
4 49
7 42
9 13
2 83
1 56
5 21
6 11
7 38
2 7
1 4
5 86
8 74
9 27
9 49
10 86
9 50
10 89
4 26
5 95
8 89
6 2
2 74
7 62
10 32
8 80
8 99
5 44
5 34
6 29
9 42
2 88
2 79
5 17
10 70
6 26
7 79
4 40
8 10
6 11
10 74
10 6
8 89
4 81
10 75
10 21
2 78
10 58
1 75
10 51
5 87
7 42
3 93
6 90
5 92
8 71
3 37
9 53
2 39
2 82
4 91
7 42
5 94
9 13
5 2
5 64
2 86
4 28
4 15
4 56
3 8
4 53
10 40
2 41
10 32
10 54
2 71
8 41
1 47
8 76
9 7
5 24
1 50
1 7
9 52
9 53
1 74
8 94
8 80
10 22
8 32
7 37
9 58
10 66
6 36
9 67
5 63
10 94
10 43
4 48
1 88
2 23
5 39
7 33
6 61
6 72
1 55
5 100
3 90
8 18
6 41
7 99
5 94
5 8
5 33
2 26
6 21
3 41
9 17
10 63
10 91
5 22
6 17
1 22
8 4
1 15
8 14
9 55
10 7
8 77
4 64
1 25
6 73
5 18
2 30
7 71
8 45
6 6
1 66
1 76
3 55
1 62
2 87
1 88
7 71
6 4
1 9
6 62
6 97
4 60
7 1
8 21
5 36
2 38
2 99
7 1
10 60
3 18
7 37
9 45
6 5
4 27
9 78
2 48
5 44
8 97
4 74
1 5
6 39
10 68
4 26
8 1
4 7
1 81
10 38
5 58
4 99
1 92
8 53
1 64
9 79
10 86
3 57
8 1
5 99
4 54
5 57
2 17
6 67
8 82
2 72
5 64
4 95
7 84
2 65
3 93
1 62
7 39
1 82
7 42
7 76
5 73
10 23
8 8
8 69
7 20
2 38
1 46
8 9
6 24
7 18
6 43
2 76
2 96
10 86
6 50
8 65
1 1
1 56
6 43
3 25
1 85
9 68
1 45
8 78
1 74
6 52
7 91
8 70
8 57
2 23
1 24
2 39
5 66
10 81
8 25
7 46
8 95
8 22
10 96
1 14
3 19
4 32
1 12
7 44
2 42
8 35
8 85
7 70
9 36
6 32
6 71
4 65
5 36
6 65
9 87
4 93
10 42
7 48
9 87
10 5
5 7
5 49
4 100
5 5
6 19
3 15
2 55
3 22
9 18
2 71
10 91
3 74
4 85
6 38
6 83
6 22
6 3
9 49
8 38
4 13
6 59
2 72
2 84
9 84
9 22
8 82
8 27
9 34
8 3
1 13
8 24
7 75
10 72
4 15
8 22
6 78
5 40
8 1
5 23
9 68
1 88
9 77
4 24
3 32
7 100
6 61
9 83
4 39
9 100
5 32
1 92
1 27
2 21
3 29
1 42
1 42
9 52
7 80
8 33
9 94
2 3
4 54
9 95
5 35
6 1
7 22
7 93
5 45
7 56
9 21
9 89
7 29
4 13
2 23
7 98
5 21
7 37
10 84
1 77
10 79
7 13
6 55
10 52
1 24
6 71
4 27
7 15
1 10
1 33
1 6
3 48
2 28
3 79
4 92
1 40
1 94
3 17
10 14
1 85
5 51
3 43
3 93
7 72
1 53
5 67
7 30
10 22
1 5
4 91
2 88
2 13
2 65
4 73
6 51
2 49
8 87
2 80
1 49
8 85
7 49
5 78
8 25
2 5
4 45
1 62
1 66
4 71
5 20
9 33
6 98
10 64
1 72
8 87
4 93
10 29
8 43
9 80
8 5
5 96
6 11
2 24
9 45
2 62
2 42
2 9
4 60
5 93
8 33
5 66
6 24
2 72
6 39
5 19
2 57
7 96
4 12
8 9
8 21
2 99
9 64
1 29
7 19
3 28
3 11
1 77
1 26
3 3
2 76
6 28
6 13
2 15
8 16
6 49
1 86
8 89
2 37
3 48
5 25
2 97
1 42
1 42
4 76
5 54
1 23
9 80
6 69
8 12
8 71
9 64
3 57
2 84
8 47
4 44
10 45
6 65
3 57
8 52
6 8
2 95
1 79
5 93
1 58
5 92
7 80
6 77
10 76
10 25
7 79
8 60
6 31
3 64
9 41
7 75
7 96
4 60
1 13
4 68
6 94
5 46
10 11
2 86
10 77
2 44
8 56
6 39
9 75
10 13
4 2
8 70
6 15
3 69
3 57
7 88
1 19
2 35
9 70
8 9
2 3
8 11
6 68
1 70
5 69
1 72
1 51
10 42
7 21
5 29
6 67
4 27
2 52
8 93
4 15
3 80
6 10
4 60
5 8
7 2
1 50
1 33
10 13
10 68
8 86
4 48
7 58
8 28
10 61
5 91
2 23
8 65
6 22
4 87
9 75
10 77
3 48
6 93
5 55
9 82
4 70
10 19
9 11
7 2
9 34
4 38
6 5
