8 73
5 45
3 73
10 6
1 65
5 3
6 40
2 22
9 83
4 73
4 50
9 30
6 72
1 86
2 2
6 33
8 67
2 80
5 43
3 51
9 14
10 38
8 68
2 23
10 56
7 27
5 22
2 91
2 82
1 73
3 11
8 36
10 48
1 76
9 90
8 64
6 79
2 91
5 51
4 17
8 6
2 43
2 58
6 5
5 87
7 69
6 28
1 46
5 52
10 66
9 27
7 88
1 80
7 74
3 4
8 92
6 5
4 47
10 69
10 85
9 41
9 92
9 98
2 42
6 75
5 57
5 13
10 64
9 28
10 79
1 56
10 83
3 1
4 42
9 79
8 98
6 57
2 48
1 73
1 53
7 29
1 41
4 57
5 48
6 85
5 18
9 30
1 19
8 49
5 72
10 5
5 13
7 3
9 20
5 51
6 83
9 41
8 98
8 62
3 64
9 14
8 16
1 31
4 95
8 43
10 25
6 2
1 78
7 47
10 48
9 14
4 87
7 85
3 68
6 36
5 91
3 30
10 84
5 81
6 92
2 98
2 50
1 71
7 60
10 81
9 76
5 6
4 42
10 64
10 100
6 92
1 34
5 95
6 57
8 47
9 26
2 81
4 9
4 31
6 57
1 29
8 69
9 50
6 76
2 97
3 100
9 73
3 8
9 99
4 69
9 90
7 89
10 2
5 16
9 26
4 62
8 75
10 61
7 90
5 84
8 5
3 62
1 8
1 78
1 99
2 24
3 57
5 72
7 35
7 78
2 13
9 78
4 2
2 46
5 59
6 7
2 73
5 37
2 36
3 8
8 47
3 12
5 53
4 27
1 73
7 87
7 63
4 67
4 76
4 95
1 44
5 96
9 83
7 5
4 85
1 97
9 55
1 74
5 60
3 80
10 96
5 39
4 29
2 33
3 95
10 56
9 18
8 97
6 84
3 22
3 96
8 10
3 63
4 71
9 77
10 41
5 28
9 58
9 78
7 82
1 93
3 53
1 96
6 51
2 100
4 65
7 12
9 15
5 59
2 82
7 9
3 55
8 57
10 21
10 46
8 76
1 4
8 91
4 6
10 41
6 55
8 68
4 10
8 15
2 27
5 11
4 75
3 97
8 39
7 50
1 2
5 27
10 29
3 72
1 5
10 33
8 25
10 89
8 93
3 67
1 46
10 38
7 68
1 24
4 82
10 91
2 37
9 1
9 64
2 86
6 81
1 16
3 93
4 35
5 41
4 15
8 42
6 63
6 91
9 8
3 37
1 47
3 56
5 40
2 29
7 24
6 20
8 58
5 17
8 50
6 3
7 14
5 29
6 3
4 80
9 4
6 50
3 26
2 6
7 48
7 20
1 38
3 12
1 86
1 15
9 74
6 11
2 37
9 85
5 72
5 12
8 17
4 95
6 24
8 100
6 59
9 41
1 36
4 49
8 85
2 65
3 67
7 75
10 52
2 92
1 32
3 50
7 91
6 22
5 74
9 80
2 3
1 24
9 98
7 82
8 86
3 61
9 38
2 5
5 38
9 99
2 2
1 26
9 37
1 9
4 90
8 69
5 8
6 28
7 89
1 27
8 14
2 40
10 53
10 25
4 88
10 58
9 6
1 97
10 60
10 49
5 74
9 68
6 15
9 27
8 99
2 100
4 65
10 22
8 46
1 90
10 69
4 17
4 36
10 55
2 12
2 6
3 57
3 96
4 52
10 11
2 22
8 79
9 14
2 11
9 56
2 12
5 91
3 100
7 28
6 54
8 80
10 8
10 59
4 18
4 39
1 50
9 53
7 77
1 87
5 3
5 15
9 96
10 40
8 91
1 23
7 41
1 21
9 99
7 52
3 16
8 3
7 54
8 48
7 56
10 57
10 26
9 23
2 53
5 92
8 46
10 32
5 97
7 30
4 43
10 4
9 5
4 69
1 4
10 35
10 99
2 35
6 20
2 9
3 59
1 64
8 80
6 46
4 96
4 37
1 16
1 60
6 78
1 53
8 80
1 35
2 15
9 55
5 49
8 31
6 83
3 96
7 55
7 47
10 70
4 48
9 21
2 90
2 14
2 50
2 90
1 2
9 99
3 58
7 68
1 35
5 37
4 4
4 61
3 95
7 25
3 31
8 84
5 68
5 6
8 9
10 86
9 50
3 44
2 31
8 11
9 20
10 67
3 71
4 99
6 40
8 40
5 71
5 7
2 33
3 1
1 53
2 88
10 66
5 96
2 43
8 24
9 78
9 68
8 22
2 94
3 59
1 44
9 20
8 32
1 21
2 51
5 95
8 75
8 10
5 58
5 34
8 84
4 93
10 29
7 76
3 16
4 53
3 47
6 98
6 37
6 81
4 53
7 47
5 25
7 82
10 88
4 35
9 20
4 14
1 56
4 70
10 94
9 25
2 77
6 100
6 3
7 3
8 74
9 17
9 9
6 51
8 50
3 71
10 50
3 31
6 76
8 80
4 68
5 71
1 33
3 71
1 14
6 5
3 22
6 4
6 54
7 39
8 20
1 82
4 71
6 70
5 18
7 10
3 38
6 3
4 51
3 98
8 74
1 61
1 62
1 37
7 5
4 60
10 15
7 11
8 43
2 14
7 25
6 19
6 63
8 29
4 68
10 3
4 15
1 81
9 14
2 47
3 42
2 29
5 3
7 31
10 89
1 19
4 90
2 72
7 1
6 25
10 67
2 51
4 53
10 8
6 5
2 7
9 66
10 66
4 74
7 86
5 59
9 17
3 32
3 28
9 43
3 56
2 100
4 33
3 59
8 3
6 43
3 29
6 23
8 71
5 54
10 7
4 16
6 8
6 91
7 56
6 92
5 81
7 72
10 83
6 71
4 36
4 68
2 84
1 6
2 44
6 19
7 63
6 63
7 100
4 4
9 32
7 85
8 19
6 66
3 38
8 43
2 32
10 45
10 5
3 2
2 37
9 92
10 70
9 70
7 82
1 62
2 63
9 19
9 12
5 55
10 41
4 41
2 28
10 2
9 80
6 49
9 83
8 69
6 35
3 71
2 33
8 2
4 50
1 56
3 76
4 6
7 57
7 27
8 3
4 62
1 88
3 98
8 17
9 59
10 27
9 63
6 33
6 59
4 25
10 37
10 85
6 96
7 10
10 98
8 53
6 49
7 43
6 36
1 19
2 93
6 61
10 91
4 6
9 74
3 15
1 38
4 96
6 99
1 23
9 94
6 30
2 24
6 98
6 69
10 13
5 24
5 15
7 65
7 52
7 5
9 53
9 55
2 18
6 26
3 30
9 71
8 58
8 62
10 40
1 47
6 71
10 27
9 75
7 22
3 79
4 39
6 99
1 16
4 6
4 66
9 24
3 69
3 90
10 15
6 83
4 19
6 25
8 42
10 85
3 33
10 56
4 65
3 4
10 97
8 4
8 62
6 16
2 40
6 76
6 92
10 23
5 78
6 52
8 78
9 6
2 76
10 78
5 89
9 53
7 25
1 68
5 67
8 100
6 4
2 18
4 32
7 2
6 14
10 34
8 91
3 10
4 74
10 9
5 23
8 94
1 86
4 94
5 91
10 68
4 45
4 3
10 36
10 78
10 88
10 81
5 31
5 25
3 51
3 9
1 54
1 22
2 62
3 47
3 81
5 78
6 10
7 55
10 15
1 75
5 100
5 48
3 84
1 94
2 38
1 22
4 34
4 38
6 35
2 25
3 78
7 68
9 13
1 78
6 97
3 3
7 65
10 71
1 54
7 18
9 68
10 28
2 72
8 46
2 55
7 30
8 81
3 6
4 80
3 65
4 83
8 31
3 5
7 63
9 92
10 4
5 2
1 59
6 71
4 53
10 47
7 29
4 23
9 42
6 100
3 86
5 9
8 2
8 87
6 10
8 90
3 13
6 90
4 88
6 31
10 100
1 7
7 62
5 43
10 58
4 89
9 63
3 49
10 86
10 78
10 42
10 45
2 61
9 41
7 10
5 1
6 59
8 95
5 45
1 93
7 2
4 80
6 59
5 13
7 36
3 52
7 30
3 48
2 52
10 63
1 29
9 24
7 81
5 83
5 30
10 38
2 28
10 90
2 6
10 77
8 72
10 59
5 94
1 3
4 89
8 92
1 13
1 65
8 59
9 83
8 46
8 65
5 85
9 66
2 4
8 68
7 77
7 36
7 10
8 55
6 8
2 16
7 2
7 55
9 21
2 30
9 92
1 67
9 80
9 51
3 50
2 66
4 76
10 55
10 30
2 51
4 31
5 95
5 5
5 75
5 18
1 54
10 27
3 19
7 55
4 33
3 90
1 44
8 48
10 41
2 14
1 72
3 100
6 40
4 80
5 68
6 35
9 50
3 21
4 85
5 63
5 64
6 10
5 37
8 7
1 80
9 67
9 89
4 80
6 77
4 73
5 66
5 71
7 37
10 13
4 62
8 76
10 3
4 36
10 65
1 51
6 12
8 88
6 35
9 90
10 44
6 63
7 78
7 71
2 76
10 64
1 5
7 77
