4 63
7 29
8 35
9 38
5 76
2 35
10 63
4 46
2 22
3 52
6 60
2 14
1 83
1 13
3 20
10 5
10 46
8 99
5 63
8 36
2 88
5 82
3 11
3 5
8 88
5 83
7 57
3 30
9 99
4 67
8 67
7 73
3 14
2 3
1 10
3 67
1 53
8 4
1 39
5 87
3 100
4 38
7 99
9 90
1 19
10 3
3 97
2 22
3 59
4 15
3 4
7 60
9 28
9 71
9 48
10 72
7 99
3 7
8 27
6 77
9 3
4 69
10 93
9 8
7 61
7 57
6 74
1 63
10 10
7 9
1 28
2 27
3 57
1 89
7 48
7 45
10 19
6 57
2 100
10 62
10 80
10 15
8 12
10 60
6 45
6 12
4 2
8 61
7 97
8 52
10 55
2 51
6 59
10 100
10 53
4 97
1 52
4 20
8 32
8 38
1 50
8 27
7 28
9 10
4 21
6 28
8 99
8 38
2 66
2 84
8 100
2 68
3 40
4 20
8 77
3 42
9 73
2 14
6 50
10 85
10 88
9 85
9 56
10 80
6 54
1 7
7 2
1 44
5 94
3 72
5 92
6 63
3 34
2 13
9 60
7 15
2 37
2 59
4 11
2 22
9 65
8 64
6 75
5 85
2 88
2 2
5 31
3 34
1 13
3 21
10 75
4 40
4 42
4 55
8 35
9 43
5 28
9 99
1 53
8 42
6 84
8 68
1 58
1 15
3 30
5 68
3 51
3 99
7 97
9 12
5 69
1 100
9 60
4 44
6 18
6 64
1 28
7 77
1 27
7 65
8 64
6 68
8 59
3 29
6 11
1 34
8 72
1 9
10 59
5 11
1 74
5 19
10 65
4 81
9 89
3 17
3 53
9 64
5 35
5 94
6 69
5 77
6 56
7 41
9 98
3 21
6 40
7 19
7 83
10 24
1 81
8 35
5 63
7 40
8 19
10 37
8 49
10 73
1 90
8 29
9 13
3 80
2 56
3 15
7 78
4 34
9 29
4 22
4 8
4 40
1 40
3 59
9 12
6 38
9 97
9 61
1 75
9 66
8 47
3 3
10 6
10 20
3 21
5 71
1 34
4 45
7 42
10 19
8 45
9 77
2 18
8 52
8 70
4 90
6 92
8 1
5 51
2 72
9 84
8 10
7 6
6 5
9 28
9 58
10 34
1 77
6 8
8 59
3 25
10 76
9 59
9 99
10 21
8 20
3 54
4 22
7 52
6 98
9 82
8 52
8 74
7 85
4 72
9 46
5 3
9 61
1 61
6 34
10 20
4 83
3 76
4 100
1 68
3 11
4 100
6 41
6 25
2 83
3 56
1 76
8 38
10 75
3 34
10 17
2 55
1 25
10 5
10 96
3 22
7 76
10 16
2 60
3 98
4 55
3 51
5 82
3 12
3 80
7 36
1 9
7 48
9 74
6 45
2 41
4 26
10 25
2 19
1 86
3 90
7 31
1 38
4 64
10 26
7 90
8 90
9 46
2 1
7 79
4 41
2 64
9 12
5 26
8 83
3 22
7 46
9 84
2 95
3 29
8 33
10 59
2 45
4 75
2 63
3 78
6 84
10 33
7 51
6 24
7 83
2 21
3 64
7 63
10 66
2 54
1 23
10 34
9 55
2 53
6 38
1 65
7 91
8 95
7 9
8 37
9 4
10 83
2 93
8 15
4 6
7 26
2 9
10 95
3 52
5 63
1 63
2 59
3 57
5 83
9 28
4 55
10 21
7 80
9 13
4 96
8 23
8 67
9 58
5 99
8 38
8 39
4 60
6 32
5 3
5 72
1 86
10 25
6 98
1 95
1 60
2 78
10 74
1 91
8 12
9 56
10 40
4 91
5 69
8 32
6 64
9 76
10 57
4 47
9 4
1 45
8 26
2 33
6 70
8 94
6 46
2 68
9 27
3 67
4 12
10 59
8 24
10 45
9 22
2 85
1 71
5 29
10 71
6 78
7 28
10 65
6 92
1 2
1 21
3 5
4 64
6 2
4 88
2 43
3 5
7 40
8 49
4 92
4 94
9 35
3 26
5 36
3 37
4 26
4 94
8 50
3 65
10 16
5 43
10 35
2 94
10 6
4 16
7 18
7 25
3 54
5 83
10 7
6 79
6 8
8 96
6 53
7 10
8 60
7 21
6 1
7 85
3 33
3 68
8 98
4 70
7 58
7 5
4 13
6 68
5 4
3 78
5 100
6 61
8 40
6 95
4 9
4 78
2 36
8 76
2 77
6 83
10 95
3 24
1 55
2 97
5 11
9 33
8 76
5 72
6 43
7 61
8 58
7 76
3 31
3 40
1 63
7 34
5 61
4 12
3 72
8 46
1 23
4 95
10 37
2 64
10 34
3 25
8 53
7 9
1 70
3 17
10 71
7 60
5 28
10 74
5 97
6 47
6 98
9 8
5 34
7 9
4 51
4 33
6 21
2 83
5 25
10 82
10 94
5 65
5 57
10 18
10 82
7 24
4 47
2 70
9 64
7 43
10 8
2 21
9 27
4 20
7 5
3 12
6 28
6 89
4 54
10 50
1 63
4 49
7 90
10 52
10 18
1 10
10 39
5 76
6 27
2 30
7 57
2 66
7 100
3 40
1 53
8 21
6 51
8 18
6 3
6 51
8 57
4 78
1 6
2 46
10 17
5 62
8 92
8 40
3 55
8 90
5 9
10 60
5 11
7 46
7 47
2 25
9 29
9 83
5 60
7 4
3 76
6 93
7 20
6 39
2 57
8 31
6 70
9 41
3 58
2 87
3 20
1 74
4 18
7 89
4 34
7 53
9 100
8 77
4 25
10 6
6 41
7 50
9 37
7 76
1 49
10 68
6 28
6 89
3 43
7 43
7 74
10 86
1 87
7 19
5 69
9 69
6 68
3 69
5 64
1 27
5 44
6 92
8 22
7 58
9 73
8 99
2 90
3 50
9 91
5 38
7 1
8 53
8 58
3 82
3 9
8 69
3 54
2 68
10 22
8 90
1 59
3 43
1 76
2 53
10 9
1 88
4 22
7 66
5 58
3 31
10 14
4 7
5 16
1 100
10 36
3 84
7 62
2 44
2 30
9 16
5 20
7 48
8 51
8 11
10 17
5 22
1 81
9 51
1 54
7 57
3 32
4 24
8 62
8 31
1 71
4 2
6 49
1 5
10 12
4 72
9 11
8 72
7 73
7 77
3 63
5 57
2 7
2 23
5 14
9 26
4 23
9 8
8 52
2 13
9 73
8 77
8 7
3 5
3 91
5 27
8 80
4 64
2 87
8 89
4 83
6 94
9 30
6 73
9 8
10 82
9 54
10 67
10 38
3 29
2 37
4 28
9 85
2 24
10 94
8 88
3 9
1 71
5 41
5 6
9 50
6 53
4 23
3 54
10 75
3 4
4 81
3 77
6 78
9 100
1 95
2 22
1 31
9 60
5 43
2 29
3 86
8 11
9 21
8 97
2 92
7 42
6 53
5 48
1 85
8 36
9 54
8 83
9 26
1 71
10 39
1 81
10 15
4 10
4 42
1 100
7 86
5 67
6 83
6 25
3 69
5 39
4 76
1 86
5 42
8 63
7 95
8 55
3 38
9 63
1 4
7 84
1 100
10 26
8 30
6 99
1 76
8 43
4 51
3 87
5 26
4 79
3 66
5 77
6 67
7 26
5 62
10 28
7 36
4 85
9 2
7 86
4 7
2 10
9 97
8 11
8 27
9 9
2 1
8 23
7 9
8 50
7 40
9 92
6 23
1 14
4 68
8 71
2 90
1 97
3 36
1 77
1 41
10 7
5 26
6 44
10 17
7 85
3 11
8 1
8 80
8 6
3 38
1 81
7 56
10 100
8 30
10 82
8 43
4 66
8 3
7 8
1 67
9 90
3 5
2 10
2 93
9 6
2 86
9 88
8 18
1 40
5 66
6 73
2 14
6 95
5 10
4 4
8 30
10 60
2 92
9 44
6 67
9 32
8 39
6 97
6 60
3 71
10 64
9 42
8 78
1 72
3 21
10 75
4 3
4 41
9 19
1 94
4 53
3 45
3 33
1 51
9 89
4 89
1 65
3 10
8 18
7 46
10 83
7 53
9 57
8 79
3 9
8 68
5 1
4 49
3 92
6 75
8 70
5 40
1 27
2 100
6 87
6 37
7 92
2 27
6 2
8 47
3 17
2 23
8 32
4 32
7 48
5 48
7 39
9 63
7 16
4 41
9 33
9 76
7 41
2 57
10 79
10 53
4 84
1 11
2 97
1 97
6 13
8 99
8 15
5 30
3 83
5 68
4 51
2 21
2 40
9 69
7 59
1 42
2 75
7 62
1 93
4 26
4 80
9 87
3 63
6 40
1 44
9 33
2 74
10 3
10 75
7 21
10 68
1 11
7 99
10 74
7 20
2 90
9 12
6 8
6 14
9 2
3 23
6 89
7 50
1 29
3 81
4 21
5 75
7 75
5 55
10 47
5 93
