8 26
2 19
4 87
9 52
1 100
5 10
2 23
8 90
2 100
10 67
8 1
5 87
9 8
6 28
9 80
7 78
4 71
8 99
8 70
8 4
1 26
4 81
6 19
1 92
9 24
6 35
3 4
3 6
9 64
3 87
3 17
4 47
7 52
1 55
1 9
2 53
8 69
3 95
9 88
3 4
10 67
10 35
2 20
5 18
8 20
1 50
6 98
5 56
4 66
4 62
5 3
9 56
9 26
8 50
9 41
9 24
2 57
2 17
10 97
5 97
7 27
9 70
5 44
7 42
4 8
2 56
7 52
8 4
5 18
4 52
3 46
5 94
9 94
1 60
1 47
9 92
8 39
5 52
6 61
5 81
8 92
7 25
6 53
10 98
7 7
9 19
5 92
3 34
10 38
5 48
6 19
10 78
10 95
10 5
2 33
1 88
5 77
1 33
8 9
9 90
2 26
1 39
1 30
4 50
5 88
3 13
7 65
1 72
3 74
4 95
8 43
5 49
6 38
1 40
10 9
2 43
9 55
6 22
7 33
5 8
3 98
7 56
7 20
6 10
4 18
3 52
4 51
4 89
6 1
8 99
10 16
6 7
9 53
2 45
1 32
10 44
7 34
7 100
10 36
3 71
1 77
2 47
2 26
3 39
2 64
10 32
2 94
1 15
2 10
1 25
9 19
2 48
2 62
8 52
7 65
10 57
10 24
1 100
2 43
10 17
10 33
5 65
2 72
9 54
6 49
6 61
1 35
8 57
10 92
3 94
5 56
1 37
8 87
3 8
4 94
10 20
7 38
3 33
2 97
5 34
6 77
5 29
3 15
6 42
3 33
2 57
10 85
4 94
4 6
5 81
3 56
7 91
1 40
5 56
8 42
6 51
6 56
4 13
7 20
2 1
5 25
3 5
10 63
2 10
3 45
7 21
4 13
5 19
1 75
6 91
4 86
8 95
2 80
4 97
1 81
1 99
4 56
7 35
7 86
8 41
6 48
5 51
7 47
6 88
5 75
4 84
8 5
2 96
10 51
5 61
1 74
10 56
3 82
4 41
5 43
6 17
7 43
1 83
3 88
2 49
8 72
1 17
8 92
3 22
3 15
3 10
8 60
3 35
1 75
5 97
4 73
10 60
6 77
4 41
3 28
1 47
2 5
8 5
4 22
7 59
7 61
6 70
2 62
1 81
1 98
6 46
6 28
5 10
4 68
9 73
5 74
5 58
1 88
10 64
8 12
4 89
2 25
2 91
10 37
1 1
2 57
3 64
4 49
6 1
6 22
4 15
8 46
2 45
2 60
6 54
8 65
1 64
9 43
9 16
2 64
7 17
7 95
7 83
1 31
10 43
7 85
1 44
4 57
8 77
4 8
7 7
8 14
1 30
1 75
6 85
7 3
7 30
10 51
2 87
7 51
3 68
1 91
2 35
10 18
8 90
10 78
10 23
10 2
4 13
5 72
9 91
9 79
6 79
8 58
5 53
5 4
7 69
3 1
4 16
10 90
4 43
1 84
3 47
5 9
1 93
4 12
10 44
4 40
3 50
1 21
9 40
3 30
9 58
5 99
2 51
1 16
3 5
8 83
8 82
1 12
4 35
3 37
9 34
2 80
2 84
4 26
2 7
4 10
8 11
6 69
4 48
5 48
2 80
10 83
2 63
1 94
4 35
9 49
7 84
5 57
4 44
7 70
8 72
10 4
2 43
8 75
6 39
8 39
9 11
9 16
6 28
6 43
4 89
6 14
5 62
4 95
9 59
1 29
3 26
8 2
8 67
10 81
9 17
10 40
2 91
5 54
1 93
4 40
6 32
10 65
9 8
10 57
2 49
5 18
2 14
4 23
4 27
9 70
10 16
1 72
4 36
9 25
4 80
4 92
4 93
4 35
4 18
6 87
6 10
6 99
2 22
2 20
6 62
2 52
1 46
9 42
6 13
2 92
8 54
3 56
3 64
6 10
6 80
7 38
1 41
7 47
7 4
6 43
10 13
6 78
8 10
4 30
6 55
7 69
7 100
7 99
2 92
10 79
3 35
3 5
1 86
3 45
9 86
4 47
2 39
2 27
3 72
8 77
9 89
8 91
1 9
6 62
1 90
7 17
8 74
6 92
7 51
5 39
10 30
10 65
8 85
3 20
1 85
2 98
10 41
10 93
5 69
2 100
1 17
5 78
7 64
8 48
6 38
8 87
1 67
4 76
9 19
10 46
9 91
6 82
3 41
10 32
10 56
5 73
6 66
5 49
5 71
3 33
2 28
3 59
1 33
4 85
8 97
10 3
7 96
5 36
6 33
5 57
10 78
2 38
9 81
4 69
7 99
5 89
4 4
5 53
2 45
4 47
6 74
2 76
1 55
1 48
8 70
7 98
5 20
10 50
5 94
9 36
2 30
9 59
6 31
5 22
8 5
8 6
7 23
9 65
6 43
5 7
8 96
6 76
4 36
1 50
8 64
9 88
1 33
1 56
7 37
9 30
10 23
6 35
3 11
1 2
3 43
3 32
2 11
7 51
9 16
2 1
4 4
7 35
7 69
4 18
2 25
8 89
5 82
7 69
5 31
3 14
9 92
10 60
3 74
5 31
2 27
8 3
8 17
2 43
10 21
3 36
7 72
8 51
5 46
3 13
9 79
9 83
9 23
1 58
10 50
3 67
6 21
1 65
9 44
5 93
6 9
2 43
5 82
6 67
2 67
3 82
10 59
10 52
2 57
2 70
7 78
6 81
2 94
10 50
1 93
7 73
1 97
3 90
8 78
8 63
4 57
6 64
7 66
10 16
4 20
10 5
4 99
6 92
4 59
1 86
9 27
5 43
9 21
8 38
2 61
9 22
4 89
4 76
8 4
8 76
8 98
2 55
8 1
1 3
2 86
8 95
4 75
4 59
10 66
4 70
3 98
6 35
5 37
2 25
8 31
1 69
4 34
10 94
8 55
6 40
9 41
4 74
8 1
7 89
10 54
2 34
1 35
10 15
9 15
7 24
9 81
10 49
4 76
4 84
10 47
8 29
9 43
3 21
5 65
3 4
10 47
3 55
2 74
2 67
6 46
5 16
2 35
6 69
4 29
4 85
2 86
10 87
4 92
10 99
4 18
4 66
8 8
2 12
7 43
3 37
1 26
10 1
5 40
8 5
7 27
2 76
7 11
8 6
1 84
7 33
4 96
7 21
6 97
9 6
1 19
6 2
9 27
8 12
1 93
9 61
8 92
5 49
4 64
7 42
5 99
10 74
7 21
6 11
3 26
6 32
10 46
2 58
8 94
1 92
9 34
10 97
5 43
8 37
6 81
9 7
8 17
7 14
2 7
8 30
1 64
5 30
2 60
8 21
4 77
9 98
1 30
4 73
1 96
9 39
7 40
1 57
10 19
4 90
4 6
9 47
2 53
9 17
1 100
1 50
3 50
10 73
4 30
10 48
8 67
9 15
9 59
3 76
4 96
1 33
7 12
2 78
1 91
3 88
5 87
10 83
4 32
6 61
6 10
3 92
8 68
5 34
5 35
8 83
7 8
5 56
5 75
10 23
9 5
5 76
2 84
8 19
8 31
7 91
7 93
5 3
6 99
9 84
2 63
9 8
5 7
10 34
3 55
6 10
1 7
10 56
9 73
10 89
5 3
4 87
2 8
3 63
2 89
2 92
5 48
9 49
6 93
9 71
8 18
1 83
6 41
10 5
5 59
8 75
7 16
2 75
10 67
7 54
1 77
2 10
4 94
9 12
4 99
2 20
8 69
4 14
10 91
7 97
4 49
3 99
9 91
9 1
8 29
4 89
1 95
7 6
9 32
8 51
8 35
3 33
6 99
10 66
7 58
3 71
6 9
7 58
3 6
2 37
8 99
10 80
10 47
5 65
6 55
3 75
5 51
5 8
10 90
6 65
7 40
10 48
8 40
7 16
7 3
3 58
10 100
8 51
3 29
6 47
2 7
9 92
5 26
2 31
9 55
7 65
6 55
7 62
1 81
7 45
8 29
3 64
8 30
8 46
3 61
4 70
5 87
5 2
2 76
7 50
6 34
2 96
1 62
10 25
6 29
2 93
3 28
8 8
10 98
1 81
4 36
3 37
5 72
1 57
6 65
7 48
9 14
8 48
8 89
6 88
5 52
3 20
10 4
7 33
10 47
5 51
6 44
7 29
6 33
2 1
2 61
8 57
6 8
9 70
2 72
7 19
10 58
1 30
9 94
8 99
3 43
7 14
10 35
4 60
7 96
10 30
3 97
2 10
6 67
2 78
9 60
8 47
10 42
7 79
5 60
5 39
5 7
4 25
4 60
6 98
6 23
4 39
5 87
3 90
4 53
3 20
7 55
5 43
6 16
2 46
6 4
8 85
1 83
5 31
9 35
9 77
2 46
6 82
9 49
7 14
2 16
9 36
1 51
9 55
4 6
7 69
1 29
3 31
4 62
1 89
7 37
9 48
5 78
1 69
1 14
6 64
3 68
4 2
1 35
10 92
8 74
