2 91
4 99
5 2
7 51
5 39
6 27
4 36
2 27
4 89
8 9
5 53
7 29
6 57
9 86
8 3
5 74
5 100
2 80
7 22
2 33
9 90
5 98
3 34
9 64
3 71
3 54
8 89
9 72
10 20
2 24
5 91
10 27
10 92
8 38
9 88
7 47
9 73
6 79
5 78
4 38
10 70
3 2
7 97
8 61
2 100
7 82
8 88
10 47
8 70
10 1
10 63
5 73
6 87
7 15
1 72
3 17
2 37
2 33
9 48
4 96
5 98
6 28
8 9
5 45
7 12
2 17
2 35
1 62
6 18
3 81
9 65
2 100
10 86
1 3
10 83
2 12
10 6
3 91
4 55
3 10
2 5
6 78
6 21
5 66
6 32
3 37
1 68
2 84
1 71
7 81
5 97
6 18
9 63
8 73
4 1
6 42
9 16
1 77
3 8
1 55
7 82
9 55
9 94
4 56
4 98
6 17
10 50
3 70
6 71
4 32
10 83
6 40
9 18
3 89
7 73
5 91
10 5
1 15
5 30
4 93
2 57
8 85
5 31
4 44
6 5
8 70
8 90
1 89
1 72
6 26
1 19
5 59
3 7
8 29
5 9
2 83
2 41
5 4
8 7
9 95
4 4
8 17
10 45
2 89
4 36
1 100
4 63
9 66
8 1
6 22
3 58
3 37
4 70
2 86
7 19
3 23
7 42
6 100
7 37
6 47
1 23
2 47
6 75
2 21
10 31
1 96
8 17
6 32
5 16
6 24
8 6
2 62
5 89
7 92
8 49
1 48
3 41
5 23
7 30
9 92
10 100
4 69
9 39
2 60
6 39
1 68
1 100
9 74
1 35
9 39
1 89
3 51
7 22
3 65
2 1
6 10
8 94
8 68
6 7
9 88
8 47
5 96
6 74
4 95
10 22
4 90
9 18
6 14
6 42
1 8
8 70
1 84
4 32
1 61
10 61
9 29
5 88
7 35
9 64
3 7
5 87
8 86
5 15
6 70
1 28
6 31
7 29
4 2
5 33
3 56
4 94
3 27
2 25
7 77
8 64
8 8
10 54
1 54
3 57
1 74
2 2
5 56
9 93
7 27
4 71
1 6
8 34
8 5
7 68
9 22
9 20
2 78
5 39
7 66
2 83
8 64
6 18
2 67
4 26
6 52
10 12
9 61
5 23
1 20
9 51
4 38
2 12
4 47
7 54
1 58
8 65
4 5
5 30
9 94
3 49
4 97
3 69
6 71
5 68
8 84
5 24
5 61
2 87
5 36
7 38
5 46
5 68
7 64
2 56
6 66
7 21
7 45
2 31
3 23
10 34
3 44
4 69
2 16
9 65
8 60
4 21
3 63
7 16
9 35
5 29
1 16
10 66
4 37
7 44
9 37
6 71
7 85
9 55
1 62
6 55
9 57
5 57
5 52
1 3
1 67
9 29
5 67
3 9
4 64
5 93
5 41
3 30
10 71
4 6
3 22
9 56
5 80
6 20
4 8
3 51
10 51
4 16
8 27
2 53
1 96
8 70
8 24
1 60
7 25
1 2
3 94
7 44
4 13
5 44
5 5
6 64
1 81
1 42
10 36
9 35
8 59
1 34
1 92
10 84
7 4
7 99
1 18
4 12
7 91
3 82
4 86
10 85
4 98
6 51
6 10
6 58
1 37
7 87
7 63
2 31
2 88
4 85
5 100
2 40
9 67
9 11
8 24
5 46
3 97
6 79
7 10
7 99
4 71
1 12
7 76
9 24
5 88
4 56
8 89
1 58
8 9
8 53
1 21
2 24
9 19
6 22
5 6
8 5
3 5
8 36
3 63
7 87
8 57
4 15
2 2
5 24
1 44
2 9
1 35
5 26
9 12
7 19
2 96
1 52
4 3
1 17
4 64
8 57
2 27
4 56
1 54
6 94
4 13
2 22
7 8
1 96
5 63
4 100
1 39
4 61
5 4
1 85
9 87
10 45
8 29
7 61
8 89
10 43
4 87
6 42
7 98
8 55
10 21
2 31
2 3
5 15
6 57
9 81
7 64
5 92
10 64
1 88
4 19
7 23
10 7
8 100
10 76
10 95
6 10
10 57
7 80
4 14
3 33
4 29
6 60
3 85
10 3
6 27
9 4
5 59
7 45
9 28
7 82
1 54
9 17
10 15
9 14
5 19
6 21
6 13
10 54
1 37
3 23
7 23
3 49
8 54
6 73
9 61
10 45
6 30
3 100
7 95
5 50
4 14
8 1
7 49
7 14
3 74
8 80
8 48
6 92
2 45
3 14
8 68
1 83
3 35
10 64
9 54
5 34
1 46
5 1
2 41
5 8
6 39
5 22
1 78
5 55
2 11
8 100
9 62
8 14
5 100
8 80
9 32
3 100
10 59
2 36
7 45
5 20
7 97
1 32
1 53
7 29
3 8
9 1
9 45
6 65
7 49
10 10
1 100
2 95
10 81
8 71
8 65
7 58
4 10
10 75
7 65
2 38
7 53
7 27
9 98
1 48
9 75
1 18
10 56
6 95
1 77
3 17
10 8
2 63
2 62
8 6
2 21
6 82
1 5
10 91
4 21
7 95
6 65
4 93
8 47
10 73
6 39
7 23
3 20
4 58
10 100
1 90
5 31
6 2
1 69
3 40
10 46
6 90
5 32
3 19
10 92
4 23
10 38
1 65
10 75
1 43
4 92
5 43
2 73
7 72
7 60
4 19
7 45
6 78
4 75
10 36
6 33
10 23
7 38
6 6
10 10
8 2
8 83
4 9
4 29
7 74
9 6
8 84
6 54
9 69
3 62
10 11
9 32
3 43
2 51
4 99
10 45
1 27
10 16
10 91
9 9
8 55
6 84
2 86
3 92
6 5
4 86
1 9
10 98
10 73
2 6
4 100
1 57
3 74
10 67
5 49
2 34
6 91
2 49
8 90
2 53
7 37
9 94
6 94
8 20
9 24
5 7
1 44
8 44
7 76
2 37
1 1
9 16
10 54
6 22
9 96
6 43
6 61
5 79
8 61
8 56
6 81
7 73
3 16
8 39
5 95
8 2
1 41
3 87
3 40
10 34
7 23
9 76
10 9
7 68
1 39
7 7
8 78
4 52
4 28
10 61
7 77
5 32
1 22
4 39
9 29
6 57
9 36
8 34
9 53
1 57
4 63
10 24
1 97
4 5
7 59
7 68
1 89
6 9
4 95
9 44
8 78
7 32
5 15
10 82
5 18
6 35
3 75
10 69
6 8
1 43
3 2
6 3
8 31
5 65
1 65
4 6
1 26
7 74
3 7
10 32
2 47
3 77
6 53
6 33
1 1
3 70
2 1
6 25
8 55
3 71
2 4
4 85
8 49
3 100
5 93
8 20
6 83
6 4
4 57
2 84
2 71
3 67
9 11
9 52
5 22
10 3
8 27
4 32
1 19
7 93
2 69
6 98
7 8
10 31
6 4
5 69
6 2
4 49
10 9
2 34
3 14
1 38
3 39
7 89
2 64
5 38
9 50
7 66
1 38
3 14
9 22
3 73
1 55
10 61
1 3
5 84
6 29
2 99
3 28
10 62
7 84
5 53
3 93
9 84
9 75
5 2
4 59
5 9
2 80
10 34
6 56
9 35
10 50
4 31
2 29
4 76
8 8
4 65
5 82
2 59
4 24
7 71
10 46
9 47
8 71
5 96
5 9
2 13
2 17
1 97
2 55
2 51
1 75
10 23
5 40
2 81
9 22
9 71
10 55
2 44
9 19
9 92
2 18
9 39
2 90
5 33
9 82
7 56
2 41
10 2
8 44
7 24
9 100
4 72
5 12
2 84
9 43
7 38
1 38
8 84
4 22
8 72
4 89
2 89
7 66
1 11
2 34
2 38
7 98
10 42
5 95
10 87
8 78
3 60
6 58
2 66
5 63
10 17
10 33
8 82
4 26
5 20
6 57
5 21
9 96
9 36
5 1
6 93
5 29
5 4
5 21
5 36
10 19
9 25
6 9
4 93
5 53
5 4
9 14
2 78
6 82
1 78
10 97
7 26
2 93
9 30
1 5
4 78
1 53
7 7
2 99
10 93
5 8
6 100
9 40
2 1
8 60
2 49
2 80
6 65
1 95
7 37
2 95
10 23
6 36
10 43
4 49
9 22
4 69
8 43
3 37
9 98
3 87
1 52
3 30
4 44
4 30
9 9
1 98
10 88
9 95
10 38
4 95
3 31
10 66
7 2
10 94
10 33
8 42
4 7
6 14
4 77
3 45
3 51
7 64
9 50
3 95
1 11
1 78
1 33
10 18
9 96
8 2
9 66
3 33
10 7
2 50
2 6
2 54
3 38
2 10
7 87
1 37
6 83
8 22
7 5
3 21
10 9
7 7
5 20
3 44
3 4
10 43
6 97
8 89
1 71
9 56
8 72
7 94
3 69
6 31
4 29
5 55
10 6
5 22
8 81
10 91
9 76
6 8
7 7
7 8
1 25
8 57
9 53
1 29
7 45
2 48
