3 26
4 35
4 58
2 19
2 91
5 92
6 29
3 45
3 57
7 81
4 28
9 22
4 65
5 45
4 91
1 76
3 19
9 32
2 8
4 80
2 17
3 42
1 84
1 21
4 41
1 73
1 18
8 8
1 22
9 17
9 7
3 95
8 45
1 19
4 94
8 55
6 85
2 69
2 91
6 20
3 29
7 61
1 68
1 33
10 3
5 31
1 55
10 78
1 88
9 30
2 43
9 84
1 48
6 95
5 95
8 81
5 88
3 91
8 92
1 30
7 91
2 19
9 100
3 66
10 4
5 24
2 63
9 54
9 44
9 86
9 19
5 17
3 54
7 34
6 62
4 99
5 44
6 90
9 60
6 83
4 97
9 29
5 55
6 62
6 14
3 85
9 12
7 67
3 26
8 14
5 97
5 35
3 24
4 14
2 46
7 100
2 94
6 45
5 26
9 40
5 74
2 8
5 25
7 88
6 46
6 91
7 93
3 43
4 1
1 37
10 67
7 14
3 73
2 24
9 40
3 75
7 35
2 71
8 63
4 64
2 64
5 73
5 71
8 70
4 69
10 9
7 42
3 37
8 76
7 94
5 70
4 44
9 3
6 34
4 57
6 91
6 90
1 73
1 10
10 30
8 61
8 28
7 72
5 40
8 8
8 92
7 19
6 22
10 9
5 46
7 47
5 36
2 38
9 94
6 2
2 57
4 85
4 17
7 24
10 28
6 45
4 33
4 64
4 83
9 24
6 65
9 17
10 76
1 61
8 79
4 100
9 27
9 77
6 68
3 26
1 53
3 71
9 8
4 12
5 57
3 6
10 21
4 69
2 98
5 71
4 78
4 23
5 86
1 93
10 46
2 75
10 6
10 58
7 55
4 24
10 72
5 69
8 49
6 92
6 95
10 40
8 62
8 68
2 23
7 33
3 89
8 90
6 64
7 50
1 66
7 51
5 41
8 58
8 65
1 48
8 55
5 8
2 84
4 70
5 69
2 84
4 3
9 100
5 99
10 87
1 99
9 93
6 36
4 77
7 25
7 28
2 13
6 7
6 14
4 30
9 70
5 36
7 43
5 68
5 6
10 97
3 7
6 27
2 25
4 74
7 70
6 33
1 38
5 48
7 38
8 19
7 7
7 51
8 17
5 98
2 26
7 19
4 3
6 84
2 15
6 37
6 90
4 82
8 86
5 21
3 70
6 21
9 76
5 79
9 49
5 83
4 54
9 51
1 78
3 72
1 35
5 98
7 47
1 84
1 25
1 4
3 80
6 57
7 16
2 14
1 75
4 22
7 91
6 71
6 92
9 80
1 72
5 89
8 60
1 41
1 98
3 51
1 39
6 66
6 64
9 1
9 8
8 52
10 13
7 93
7 81
6 88
2 76
1 54
10 85
10 68
4 49
7 68
9 15
2 100
7 75
5 77
7 66
5 80
8 52
8 83
7 13
10 50
1 88
6 84
5 70
5 39
8 72
8 76
4 21
2 60
3 50
9 68
3 35
3 78
1 43
9 62
8 49
1 45
3 91
7 33
7 59
6 6
5 45
8 31
9 71
2 98
8 21
4 79
8 38
1 51
1 83
1 94
3 47
4 34
10 7
1 19
2 13
8 93
7 76
7 45
2 63
6 65
6 80
4 17
8 91
9 46
7 35
1 75
9 33
4 95
10 41
5 56
6 75
8 53
10 87
10 86
7 72
8 61
3 26
2 80
9 66
10 32
6 25
6 69
4 14
1 76
4 28
8 18
6 60
2 10
7 56
1 38
5 54
7 58
6 15
10 11
9 40
1 44
7 14
5 64
8 46
2 43
5 93
5 90
3 46
9 66
9 51
7 69
8 81
7 97
8 65
5 33
2 43
2 75
6 73
5 99
7 57
7 83
9 44
7 88
8 25
2 39
7 26
6 14
5 9
1 66
8 10
3 100
2 61
9 35
3 80
1 28
10 24
1 77
1 69
1 80
7 59
1 9
7 39
8 31
10 3
6 63
5 71
1 98
5 69
4 39
1 52
4 46
5 85
8 39
6 63
10 26
1 5
6 51
7 62
6 2
3 85
4 31
5 23
10 57
3 75
7 4
1 92
3 48
6 94
9 73
6 62
5 1
1 36
9 41
4 52
4 69
7 89
10 27
8 27
7 35
4 55
2 77
3 77
2 23
8 22
2 37
5 56
9 7
10 79
10 24
8 85
8 10
1 86
7 17
2 55
9 17
2 33
1 3
8 83
2 55
8 17
3 50
4 59
4 59
3 14
5 7
2 49
7 6
5 16
1 1
2 86
5 91
7 58
2 60
2 97
9 17
7 23
2 69
6 12
9 12
7 21
4 91
1 19
2 93
7 11
4 66
1 97
4 85
8 76
7 15
10 21
4 75
6 28
9 92
3 34
4 64
7 44
10 47
7 48
8 55
10 80
10 68
2 8
7 83
7 1
5 69
7 48
7 89
5 52
2 23
10 62
6 89
8 19
6 51
5 96
10 48
4 81
3 51
10 42
1 48
8 84
5 37
7 45
3 69
10 48
5 41
6 92
3 60
7 39
10 4
7 54
2 76
6 84
7 37
3 36
5 90
6 73
5 64
6 6
1 70
9 35
4 10
5 55
4 53
8 62
7 2
9 95
2 47
4 16
2 35
9 58
8 60
10 69
10 21
5 51
10 8
2 9
3 31
5 92
6 24
8 42
2 15
2 34
5 60
6 61
3 59
10 71
10 69
4 86
7 96
1 18
6 98
4 90
8 35
5 62
2 29
7 46
3 57
5 72
3 57
5 79
1 92
5 20
5 74
8 2
4 66
6 61
5 86
5 30
10 62
6 63
1 24
7 10
5 96
9 69
4 68
3 94
10 3
1 65
2 80
9 99
6 46
7 36
10 26
10 14
9 45
10 25
6 33
1 75
10 71
5 77
5 6
3 35
1 75
3 13
5 13
5 71
1 92
4 73
6 15
1 76
4 63
3 52
6 79
4 3
10 58
2 63
10 84
2 8
10 36
3 21
3 18
2 97
9 69
6 22
8 86
8 2
5 73
10 26
10 16
2 88
7 77
5 96
2 72
10 67
4 35
5 89
7 23
3 45
10 17
8 59
1 25
6 7
7 82
6 69
7 10
3 89
7 6
7 63
6 71
7 15
3 36
4 20
5 64
1 40
6 99
10 2
7 77
9 39
6 63
10 29
2 94
2 2
8 78
10 57
5 25
5 56
6 49
7 87
10 53
10 48
9 87
2 45
4 17
4 6
3 26
6 99
6 17
5 15
2 43
3 94
1 70
5 30
3 40
1 37
8 89
2 63
1 25
9 44
5 3
6 100
5 98
6 67
1 61
8 100
9 68
7 41
8 37
8 86
4 69
10 28
10 58
6 56
8 90
4 24
9 50
4 14
10 85
5 85
10 99
10 81
3 90
4 99
7 20
8 98
9 39
2 97
3 90
4 11
8 74
5 45
3 86
7 74
10 35
2 48
1 35
8 99
10 100
4 16
1 6
3 84
10 70
4 51
4 95
9 32
9 68
9 27
5 74
2 22
5 36
2 57
9 69
2 41
4 11
6 12
1 22
5 79
5 95
9 8
8 15
9 7
1 56
3 85
4 76
3 37
3 65
5 31
4 53
10 70
5 29
9 14
2 89
9 99
6 85
5 37
4 91
2 61
10 34
7 92
1 22
8 35
10 1
9 47
3 82
7 44
9 13
10 62
8 100
6 96
1 9
10 9
9 12
9 60
7 67
3 27
7 85
3 44
4 77
5 5
2 46
7 83
1 97
5 50
9 49
8 39
4 70
1 14
1 72
7 62
4 27
4 68
2 37
4 97
10 20
2 89
1 43
2 69
9 45
2 24
10 33
9 54
9 24
5 13
5 48
2 14
8 73
7 57
4 34
5 28
5 35
8 30
9 55
1 39
10 17
2 24
2 12
8 95
10 12
2 61
1 7
10 36
9 57
4 18
10 84
6 67
5 81
7 49
7 56
5 42
1 70
1 48
6 38
6 57
10 1
1 32
8 23
8 20
4 80
2 56
3 11
8 77
1 26
2 49
8 19
2 49
4 24
8 62
8 43
3 72
5 24
1 95
2 15
2 11
3 13
8 87
10 43
5 70
8 75
6 63
3 88
4 32
6 45
8 30
3 34
1 56
6 16
2 53
6 10
8 27
4 32
4 10
4 28
5 46
2 51
7 15
7 39
2 43
10 27
3 34
9 25
8 89
7 73
6 31
8 74
9 58
1 2
10 27
5 61
5 62
10 51
10 100
9 20
10 6
10 10
6 32
4 51
1 39
5 100
8 29
7 5
10 67
5 82
5 19
9 12
3 68
2 58
6 52
9 79
3 70
8 49
7 84
3 15
9 71
6 12
5 14
5 61
3 74
5 85
4 49
1 59
3 94
4 92
9 52
9 72
1 53
10 96
3 64
4 2
6 4
2 6
5 35
7 36
10 67
4 50
9 19
2 51
5 39
6 54
7 23
6 47
6 81
8 100
9 25
