6 10
6 89
6 18
10 24
4 96
8 86
9 53
3 99
7 22
2 14
3 2
6 95
7 33
10 86
7 15
9 4
3 16
10 30
5 15
1 83
3 45
10 71
6 66
9 10
2 63
1 50
4 50
6 57
7 15
3 3
7 20
2 93
1 29
7 4
7 30
10 89
7 14
10 58
10 80
4 93
5 89
4 100
7 50
10 61
2 83
10 49
2 29
3 41
2 89
8 59
2 95
6 96
3 10
4 94
1 25
7 30
6 43
3 17
1 56
9 87
1 97
10 98
2 51
7 91
5 75
8 20
3 29
8 34
2 47
10 73
1 69
8 94
10 79
9 50
10 79
4 74
10 21
4 83
9 41
3 27
3 69
2 30
4 84
7 23
1 3
8 67
7 74
4 40
3 100
9 58
4 44
4 39
4 63
4 21
6 83
5 75
3 65
10 65
3 69
10 92
5 96
5 66
7 35
4 34
4 1
9 5
1 21
1 81
3 59
6 47
7 98
10 93
4 13
8 1
4 51
5 93
4 36
8 19
8 97
8 57
7 59
5 35
9 77
9 98
2 25
4 9
3 18
10 34
6 55
7 66
5 99
4 78
10 32
9 95
10 6
4 73
3 87
10 20
1 25
1 55
2 56
7 79
4 93
9 77
9 92
3 80
7 72
9 82
4 40
6 21
1 62
5 45
6 15
10 41
4 16
7 3
8 50
4 6
10 14
9 39
2 12
10 80
2 82
1 14
8 4
8 97
4 32
4 82
8 96
6 32
2 27
8 80
8 5
5 48
8 58
6 56
4 63
7 56
9 2
6 45
2 100
10 59
5 24
7 23
4 50
10 79
6 77
5 63
6 74
2 95
6 11
4 87
10 69
9 2
2 67
9 16
1 12
9 3
3 74
3 17
7 61
10 61
7 50
8 63
7 18
4 66
9 60
4 61
6 82
2 69
3 1
3 27
1 63
10 85
7 40
6 80
6 80
7 6
3 51
4 1
10 19
10 97
8 58
9 58
7 70
8 9
5 29
2 13
1 43
4 34
5 3
10 36
10 17
8 94
9 55
9 53
6 18
10 60
3 64
2 21
1 44
5 11
10 99
2 55
5 62
3 45
9 93
5 60
5 3
3 1
5 95
10 3
4 75
6 19
2 3
1 83
4 82
10 13
1 14
8 97
2 26
8 85
1 5
8 93
9 25
4 28
2 2
2 26
4 22
3 62
9 2
2 19
3 74
10 25
9 14
5 27
8 33
7 88
3 88
4 50
7 52
10 82
2 72
1 30
10 94
9 30
8 49
8 83
6 30
5 69
6 7
3 64
2 32
2 42
1 49
4 72
2 17
5 66
6 90
3 25
9 49
4 58
5 21
9 53
7 44
7 87
3 67
5 36
7 15
9 73
5 96
3 43
7 86
4 82
4 23
5 49
3 6
1 30
8 81
6 65
3 33
7 6
9 63
2 41
8 6
1 90
7 26
7 74
6 4
7 98
2 36
10 23
3 72
3 38
3 66
8 64
5 37
7 71
4 25
4 29
8 53
7 54
9 79
3 98
6 11
10 16
10 72
2 66
5 20
6 98
4 79
3 78
6 12
1 4
6 80
1 68
6 48
3 60
7 45
7 67
9 43
10 57
8 39
10 35
6 11
4 82
6 8
4 27
5 34
3 59
3 73
4 4
7 63
6 56
1 55
4 76
6 92
4 74
8 30
8 78
8 83
10 99
4 26
7 90
4 99
7 6
5 15
8 27
1 13
2 66
2 38
5 38
3 18
10 34
4 41
9 10
2 1
10 96
8 56
5 56
10 63
9 79
9 2
7 93
8 68
3 98
10 96
2 81
7 8
2 49
9 26
6 44
5 53
8 100
7 7
10 8
7 69
1 29
8 35
10 56
1 18
2 65
6 80
4 36
1 36
7 11
5 51
9 16
2 67
5 49
9 98
2 64
10 55
2 52
4 93
9 46
6 29
7 81
6 79
3 68
2 80
5 20
7 28
7 97
8 19
8 47
10 78
7 45
6 75
9 81
2 5
10 15
7 27
7 80
5 76
1 41
3 30
8 88
5 100
6 52
8 64
1 100
5 1
4 90
10 70
7 86
7 86
5 77
1 9
4 45
3 100
6 58
9 60
5 56
9 63
4 96
9 64
4 57
8 46
5 13
8 65
7 53
9 65
3 62
10 71
4 80
4 6
6 20
7 31
7 63
2 82
2 75
2 77
8 59
8 74
6 51
7 74
8 8
3 37
3 22
7 89
6 25
4 98
1 23
4 23
8 65
10 48
3 19
10 5
8 85
7 60
5 95
8 78
2 77
3 38
10 46
3 55
7 24
3 81
2 94
5 92
8 62
2 25
4 64
2 38
5 79
1 85
1 78
8 45
4 91
1 9
1 18
5 93
1 86
7 2
8 22
4 94
4 70
5 42
7 31
1 78
4 21
6 19
5 44
3 87
10 27
5 85
2 58
7 23
4 30
6 22
10 7
2 45
4 53
7 70
10 84
2 47
6 55
4 5
4 93
5 71
8 43
9 62
6 33
3 80
7 3
2 28
2 16
1 5
2 48
2 2
10 7
4 10
3 85
3 40
4 56
1 35
9 1
3 93
3 56
8 70
8 75
5 80
2 62
6 37
9 57
10 13
2 83
7 15
1 80
9 55
1 29
2 34
5 23
1 13
2 66
5 59
10 78
1 91
10 29
9 95
10 74
1 64
9 69
6 74
6 19
3 87
2 50
7 35
1 3
9 51
10 85
9 84
5 50
8 92
5 24
9 73
7 30
9 54
3 60
6 14
2 26
9 14
2 29
9 35
3 100
7 2
3 58
1 38
1 84
8 40
6 32
2 8
10 29
4 63
4 93
4 81
7 33
2 63
2 27
10 91
5 7
9 7
6 24
5 99
7 93
10 90
6 32
9 29
10 95
6 72
7 4
8 46
9 76
6 100
4 35
8 97
10 42
5 77
5 65
5 20
6 12
4 90
4 85
10 50
5 73
9 96
6 69
8 24
3 79
5 69
10 6
4 66
1 98
3 32
4 38
8 97
4 49
9 65
4 19
10 96
10 61
8 96
2 39
1 57
9 23
8 46
3 72
1 18
6 8
3 85
1 90
9 38
1 92
1 30
2 94
2 71
4 81
2 75
8 75
9 31
5 82
9 16
6 76
6 37
7 19
1 39
4 94
7 34
8 41
3 54
2 5
7 47
6 20
5 45
2 72
8 87
10 78
9 15
9 55
3 47
9 51
8 31
3 86
2 11
3 60
5 36
7 77
6 43
7 90
4 47
3 67
5 45
1 78
3 61
6 49
1 87
6 44
2 80
3 98
5 32
8 6
7 41
10 41
10 1
2 87
6 44
1 20
1 73
8 54
9 44
4 45
1 67
9 90
10 46
1 13
5 4
8 66
9 95
6 98
10 24
10 8
3 85
9 38
2 43
9 70
7 96
2 32
2 74
10 82
6 38
9 20
3 17
4 35
2 53
5 24
10 51
8 47
8 25
2 47
9 3
10 43
1 80
10 42
8 95
5 98
5 23
9 62
3 73
4 47
5 100
7 7
4 52
5 34
3 28
6 64
2 93
8 99
9 4
5 10
2 55
1 96
7 98
1 12
5 85
10 38
5 47
3 22
7 57
7 88
8 15
5 96
2 44
4 12
1 61
4 5
6 31
9 31
2 58
5 90
4 41
9 22
5 99
4 97
7 87
1 97
3 49
4 45
6 6
8 69
3 82
9 46
1 89
3 19
8 67
9 27
3 81
1 56
7 26
5 58
10 54
7 85
2 75
6 55
3 45
4 74
9 68
6 79
2 94
5 44
7 2
4 16
1 61
6 93
3 55
8 23
1 90
9 48
9 76
3 92
5 55
1 91
1 10
4 41
10 74
2 47
7 66
3 85
1 73
4 52
9 3
5 65
10 31
6 75
10 52
8 78
9 66
6 9
10 88
8 35
10 45
10 14
6 44
4 41
4 85
1 57
10 89
3 31
10 69
5 28
3 20
3 17
6 63
9 94
1 55
2 47
6 19
8 91
8 27
1 25
7 8
4 52
9 94
5 38
2 88
4 37
4 3
9 59
5 62
4 40
10 31
5 18
1 91
10 61
1 27
2 5
4 32
6 33
6 97
1 54
5 3
5 29
7 30
9 62
2 95
7 82
2 22
8 8
7 79
6 84
8 9
9 52
9 23
8 5
2 46
3 70
8 4
3 64
6 8
3 38
7 98
5 100
9 22
7 20
7 89
7 100
4 5
8 35
9 99
7 6
1 74
10 11
6 5
2 86
10 50
6 13
1 63
5 18
2 71
2 7
4 83
9 57
1 69
6 62
2 66
9 54
5 76
5 33
4 32
5 8
9 78
10 49
5 42
1 72
9 4
2 100
1 71
9 92
4 91
3 88
7 93
10 20
3 60
9 39
5 19
2 20
6 43
5 42
6 2
7 23
7 49
6 68
8 46
8 35
4 59
4 14
6 80
5 64
3 51
10 74
