2 45
1 69
9 47
1 19
4 54
6 37
7 70
10 5
8 54
2 64
2 3
10 69
3 45
5 18
8 28
3 81
3 56
6 57
4 65
8 67
8 76
2 36
4 58
2 64
8 75
6 78
7 82
5 27
3 15
3 13
7 16
8 73
5 64
4 37
9 55
7 80
9 3
9 3
10 35
5 51
7 31
8 25
3 27
2 65
3 1
8 66
9 2
8 58
8 9
8 12
6 9
8 84
10 56
5 15
2 4
7 35
8 77
1 68
6 78
3 87
10 94
4 33
9 99
4 80
3 62
6 78
7 49
1 57
5 19
4 7
8 98
2 75
3 43
8 57
4 26
4 96
5 68
6 47
5 75
3 34
10 93
4 75
2 89
3 43
8 52
8 51
5 40
1 57
7 19
1 72
3 83
7 13
3 77
10 18
8 48
2 37
4 56
9 35
7 9
5 8
4 95
2 55
3 66
3 18
8 83
8 83
2 14
9 62
6 98
5 88
8 85
9 89
6 65
6 94
3 76
4 93
4 91
8 43
4 41
10 77
5 5
3 27
2 42
6 14
5 68
6 16
9 87
2 9
7 46
1 9
8 74
7 21
9 58
8 36
2 21
4 64
6 50
10 37
7 43
5 78
4 61
8 22
7 76
8 78
2 92
8 99
1 52
10 10
10 22
2 45
4 4
10 48
4 62
4 64
10 70
5 97
2 22
8 74
8 3
7 48
7 31
10 31
4 77
2 29
9 53
1 17
10 60
5 64
3 97
7 20
3 94
2 17
3 31
9 25
8 49
2 6
8 79
4 23
2 81
1 10
8 69
8 6
3 13
10 42
4 83
5 41
6 88
3 84
4 23
6 29
9 1
10 1
2 8
6 27
3 89
8 68
8 35
5 75
9 10
9 27
5 72
5 59
3 35
6 18
6 4
4 84
3 80
7 41
1 10
6 29
3 97
8 12
4 72
9 33
10 19
8 10
3 40
2 87
4 12
1 92
10 37
4 85
8 41
8 45
3 53
5 2
10 83
5 50
9 78
8 62
9 33
4 52
7 55
10 31
3 6
8 50
9 69
2 60
6 8
5 6
5 8
9 7
2 77
10 85
1 58
8 24
4 7
6 61
6 56
3 53
8 13
5 96
2 2
9 69
1 62
5 72
5 57
2 43
7 51
5 6
7 47
10 53
2 17
6 56
3 57
2 60
3 54
4 85
8 98
10 24
1 34
3 30
4 10
1 62
1 64
3 20
3 11
4 71
1 40
1 2
1 88
3 92
2 88
3 22
8 54
8 93
6 13
3 61
8 25
3 72
4 44
3 84
3 81
7 57
1 60
3 23
3 38
6 53
5 31
10 54
3 86
1 53
6 18
1 52
5 80
8 5
8 16
8 66
2 73
8 27
2 43
4 86
3 24
4 27
6 84
5 82
5 2
9 39
2 26
4 24
10 40
4 74
7 15
1 18
10 82
5 74
9 83
2 9
8 92
6 27
9 59
1 34
2 70
2 39
2 11
9 57
1 25
9 49
1 98
8 23
9 21
10 64
2 36
5 89
4 87
4 55
6 55
10 10
9 78
8 89
7 88
4 59
2 87
2 24
1 36
5 97
8 31
5 35
2 45
9 21
10 73
2 25
7 56
5 29
8 98
10 5
2 82
2 5
10 30
10 38
6 17
2 90
8 70
9 26
2 82
3 71
2 17
7 52
5 6
1 96
9 82
10 27
3 43
1 24
6 90
1 43
10 14
10 8
2 51
10 85
10 20
4 39
1 9
5 56
2 22
6 42
1 65
5 92
1 23
7 27
3 46
3 55
4 74
7 100
7 50
6 12
3 54
5 30
5 52
1 86
5 24
6 12
2 1
5 11
3 21
4 11
10 12
1 55
8 26
6 33
7 47
7 43
10 93
4 28
1 65
5 48
1 99
6 18
1 60
8 52
1 89
10 52
5 2
6 89
2 37
5 44
2 98
3 7
9 56
5 1
1 66
1 8
8 99
3 79
9 95
3 47
3 84
1 94
7 18
2 99
10 19
7 17
5 95
8 22
8 15
1 80
2 73
6 4
7 64
3 96
9 82
8 12
1 93
1 16
8 66
1 16
1 65
5 67
10 57
5 30
1 3
2 66
1 87
1 34
1 75
1 1
6 82
6 67
3 68
4 82
3 99
9 32
9 26
9 95
7 2
10 54
10 75
1 51
1 17
6 37
8 80
4 81
7 61
4 37
1 70
2 2
4 37
7 23
5 99
6 21
5 88
9 50
6 80
9 34
7 21
5 14
2 10
6 61
7 96
6 52
7 11
4 90
8 60
8 61
1 75
2 72
6 73
9 82
8 69
2 80
2 36
3 99
3 61
1 21
3 86
8 14
4 81
10 99
7 28
2 90
5 66
2 45
3 7
4 50
8 2
5 88
5 25
4 94
3 82
10 40
8 49
10 26
7 14
5 64
10 73
3 59
6 85
4 36
5 3
10 71
1 56
2 4
5 46
9 85
10 40
10 91
9 68
5 4
4 74
2 2
7 31
10 31
6 99
6 88
7 53
7 28
6 82
9 78
7 18
10 98
8 35
5 82
3 74
9 48
2 48
1 33
1 78
9 34
4 5
2 10
3 9
3 20
5 5
7 86
9 65
7 96
2 72
6 12
8 89
10 95
9 48
5 48
9 21
10 84
4 10
3 6
3 67
4 77
7 72
7 89
4 74
9 23
5 22
1 82
9 99
6 39
8 87
4 56
6 26
7 21
2 87
10 35
2 51
10 91
6 11
10 31
10 2
6 16
5 14
4 4
4 29
7 22
7 92
10 37
7 11
8 45
10 86
8 22
8 77
4 20
10 63
7 20
10 62
5 93
1 99
9 81
2 64
5 95
5 44
1 98
5 45
3 17
3 90
4 7
3 92
7 57
2 88
3 23
4 60
9 44
10 57
10 74
1 6
7 2
2 26
1 100
3 20
6 88
5 92
4 45
5 2
10 7
10 44
9 76
9 13
6 36
2 61
7 83
8 32
9 91
6 30
2 3
10 61
7 54
7 35
1 29
8 33
10 5
9 93
10 57
5 53
4 96
4 43
10 99
7 9
9 79
3 17
7 98
7 2
10 51
8 84
7 47
5 15
6 71
9 27
10 20
9 28
9 51
2 13
9 23
7 75
4 64
5 54
9 90
7 95
7 59
8 85
3 74
8 62
8 49
10 53
8 22
7 82
2 26
4 1
4 90
6 37
5 32
8 94
3 50
5 90
10 98
4 37
2 67
1 19
7 19
2 83
3 26
8 83
7 70
8 19
8 54
3 59
8 6
10 72
1 16
7 94
6 45
5 69
2 5
5 58
1 13
1 62
9 1
9 78
8 40
2 2
7 4
7 40
1 45
9 28
5 74
4 7
3 82
7 48
8 10
4 39
10 92
4 93
4 31
5 53
1 99
8 54
10 39
5 97
8 52
9 3
3 32
2 20
5 11
8 95
1 75
7 14
9 27
5 72
9 19
3 6
8 38
8 76
10 73
10 79
8 44
6 88
4 27
10 74
1 71
2 21
1 23
4 15
8 46
3 56
1 99
1 91
5 95
4 79
1 75
8 32
6 10
1 52
1 71
8 46
6 46
7 34
10 20
2 65
8 77
6 89
9 76
5 22
3 18
10 24
6 45
1 13
6 83
6 46
3 80
7 54
10 40
3 51
2 71
5 78
5 76
10 69
7 93
2 32
10 49
6 26
1 2
4 94
8 30
6 6
7 41
2 67
9 50
4 83
4 23
2 40
3 23
6 70
9 72
4 13
4 30
8 21
10 87
3 11
5 15
5 89
10 79
6 89
7 78
7 91
4 90
4 69
10 27
6 8
2 77
5 49
10 19
8 78
7 95
8 56
1 90
4 82
1 29
8 80
7 74
5 53
2 93
10 11
6 82
7 98
6 58
2 80
7 14
7 56
10 55
2 77
4 51
1 14
7 41
7 52
8 49
2 48
6 83
3 23
8 46
4 76
4 5
1 18
1 54
5 40
1 63
1 41
2 6
3 92
10 72
4 73
8 15
5 58
3 2
6 74
1 66
1 55
7 46
3 91
2 23
5 5
1 74
10 86
1 48
5 72
7 5
6 27
3 20
4 35
9 51
2 86
6 14
1 74
3 3
4 18
2 41
3 3
1 5
7 27
9 96
9 23
1 30
6 65
6 77
1 91
3 37
4 67
9 43
5 18
7 30
3 97
6 85
2 43
3 28
6 83
8 9
3 69
6 32
1 73
2 8
3 91
1 69
5 59
1 75
5 62
9 71
10 10
1 61
2 28
7 87
10 35
4 42
9 20
4 38
2 25
7 87
2 79
8 59
3 33
9 44
1 22
4 59
8 19
5 11
2 51
3 57
3 87
9 84
3 42
10 41
1 90
5 77
3 54
7 34
1 97
8 88
1 7
5 6
8 10
6 14
5 87
5 22
3 20
7 100
3 51
9 61
1 100
2 38
4 84
4 83
7 14
1 57
1 64
8 4
