3 59
4 22
8 19
9 19
9 10
3 88
4 86
7 80
2 10
4 49
8 45
3 74
7 63
7 76
5 94
7 69
7 94
8 88
6 13
4 36
7 51
2 47
9 93
10 95
5 45
5 74
2 62
1 91
2 87
1 5
2 67
10 27
9 54
1 17
8 11
5 23
6 49
3 91
4 29
8 5
5 15
7 88
9 57
10 76
4 14
6 28
9 18
8 98
4 31
4 57
8 44
10 15
2 90
10 79
7 25
6 74
4 69
1 51
7 10
5 80
10 37
10 34
4 4
2 41
4 70
5 88
10 25
1 92
8 52
3 31
6 30
9 13
7 45
3 95
6 36
5 8
9 72
8 5
8 61
10 33
2 1
10 66
4 65
8 16
4 21
3 27
5 59
9 59
5 84
5 100
2 55
3 4
4 10
6 83
4 67
6 82
2 69
10 72
10 28
1 45
2 31
1 56
9 8
2 84
4 94
8 27
3 32
9 83
5 73
6 99
10 12
7 31
1 77
10 4
2 39
10 59
5 83
9 24
9 14
2 51
8 94
9 30
5 2
7 78
4 96
1 81
9 40
10 9
5 59
8 48
4 10
10 20
5 25
7 81
5 48
9 37
6 18
9 79
3 21
7 33
4 78
4 37
8 34
9 40
2 78
6 59
10 31
9 18
8 9
9 94
4 83
3 89
5 69
1 29
4 46
9 67
2 13
5 48
9 78
10 31
9 97
7 93
7 96
10 25
5 95
8 39
6 30
7 88
4 54
1 36
4 96
7 13
9 63
8 36
5 65
8 51
7 86
3 50
9 9
4 39
5 79
1 92
8 2
3 58
7 27
9 17
2 44
2 7
9 93
10 11
2 82
2 92
9 87
6 99
7 53
1 1
7 49
8 93
2 89
10 79
7 34
7 22
1 25
8 84
9 76
1 36
8 86
2 73
2 77
9 30
9 76
10 42
8 40
7 47
1 78
5 94
8 96
9 49
9 52
2 77
5 66
3 99
5 4
9 23
1 97
9 93
5 87
8 32
7 98
3 8
3 18
6 68
1 73
10 25
5 71
5 78
6 100
1 28
7 92
2 10
5 37
4 95
10 41
9 12
7 45
4 58
4 35
10 100
2 29
10 62
7 85
1 94
10 6
2 20
6 47
1 97
8 46
2 40
4 58
3 34
7 19
6 40
6 49
4 31
8 68
1 72
9 71
7 74
4 39
2 77
4 88
2 49
2 8
2 96
1 83
1 69
6 94
1 18
1 71
8 93
2 78
6 87
6 64
2 70
9 89
7 85
1 44
8 10
4 98
8 83
9 59
10 46
4 83
7 28
5 81
8 77
7 99
10 75
4 81
2 81
4 3
2 7
9 90
4 79
7 74
6 90
5 3
6 88
2 86
8 95
8 16
3 84
6 34
7 25
10 8
1 72
8 76
5 27
4 30
2 17
10 67
3 23
8 14
7 89
10 43
6 13
10 39
2 82
8 57
9 44
6 36
2 30
2 70
9 57
10 37
9 47
9 88
10 24
4 41
2 91
9 50
1 72
9 26
1 3
2 39
9 80
8 10
1 52
3 39
6 73
7 2
6 31
3 27
1 84
9 71
8 38
9 35
7 7
6 30
6 66
5 83
1 45
10 69
5 50
4 44
8 48
3 18
1 46
9 38
4 3
3 72
2 95
7 74
2 98
1 67
10 55
6 86
3 15
3 98
5 52
2 61
2 48
8 72
6 83
2 54
10 66
8 25
8 46
10 90
6 81
9 67
6 4
6 100
8 90
9 88
9 25
4 42
3 3
9 64
4 100
4 87
1 7
3 97
10 35
7 41
10 64
6 17
5 19
8 13
3 67
3 87
2 86
7 55
5 88
2 79
6 46
3 21
2 36
1 49
5 5
1 69
8 12
7 6
1 48
8 37
6 28
5 24
2 34
9 36
2 43
2 4
10 80
6 72
1 71
10 4
4 76
5 3
8 27
4 48
2 77
9 80
5 59
9 14
4 22
7 25
9 48
2 36
5 28
6 92
4 6
3 78
5 30
2 88
7 47
6 94
3 88
1 46
7 55
9 90
7 6
7 50
10 32
8 18
10 67
8 21
2 100
4 88
4 13
5 38
8 3
6 41
3 41
5 35
6 8
4 71
3 13
4 58
5 41
9 19
3 12
9 99
6 53
8 17
1 54
7 30
5 27
2 36
10 2
3 79
5 71
2 45
8 69
10 87
5 45
6 29
6 81
5 17
8 6
3 46
2 16
3 84
8 76
5 88
1 65
6 65
8 58
2 57
1 23
10 27
5 91
5 75
6 31
2 77
4 13
8 6
3 40
6 59
9 16
6 12
9 14
7 47
9 79
9 34
7 82
7 47
9 99
2 30
10 25
9 1
3 48
3 57
3 42
7 45
9 57
5 92
5 71
1 39
1 96
1 41
6 100
10 44
9 25
5 44
8 28
9 42
7 34
6 4
9 85
7 89
5 57
4 17
4 93
7 66
5 67
4 69
7 17
8 36
4 33
4 41
5 44
9 1
3 55
1 62
1 18
8 86
3 22
8 90
9 15
2 84
1 35
2 38
1 27
8 32
10 8
9 48
5 1
7 72
1 91
4 20
7 81
1 78
7 83
4 64
3 99
9 93
5 65
6 1
4 8
7 100
5 68
10 29
2 46
6 72
3 30
7 25
1 25
10 11
10 5
8 34
9 30
7 49
10 47
9 49
6 13
2 71
2 19
4 77
10 3
6 45
4 17
4 77
9 71
6 83
1 38
2 32
7 60
3 52
10 18
10 31
4 57
10 59
6 16
6 23
5 66
10 87
9 10
5 13
1 51
9 36
2 44
10 71
7 100
2 70
4 59
4 58
5 73
2 91
3 99
6 52
5 53
6 49
4 39
4 20
10 100
10 63
7 61
1 10
3 75
7 75
2 73
9 90
1 64
3 74
9 60
7 19
2 80
1 13
3 27
3 7
3 99
10 100
2 55
9 66
10 100
9 86
8 24
9 96
3 100
1 74
1 60
7 48
10 5
2 5
3 90
10 53
10 44
4 15
4 93
9 18
9 88
3 77
5 4
4 92
9 55
9 53
7 41
10 68
7 2
8 71
4 60
1 55
7 22
9 8
10 15
3 59
1 35
5 46
3 90
7 68
4 57
7 44
10 97
3 26
4 43
2 37
8 62
1 71
1 22
4 10
8 78
6 7
2 13
6 11
7 40
8 30
9 36
2 88
5 63
6 50
7 46
9 85
8 70
6 92
9 100
6 59
6 96
8 97
10 5
8 50
2 40
8 90
10 30
6 39
2 35
4 77
9 77
10 77
5 46
1 71
8 71
6 97
5 95
3 34
1 12
4 64
6 20
1 59
6 51
10 90
7 5
1 47
5 68
2 74
5 9
6 30
8 8
9 74
3 25
1 81
5 21
6 65
3 90
10 93
1 52
6 16
2 18
3 34
7 53
8 12
4 19
2 17
3 23
6 8
4 36
8 19
10 65
5 1
9 33
7 9
9 5
5 3
10 48
6 81
5 54
2 71
1 52
7 51
4 7
10 48
7 51
2 66
7 44
6 16
9 62
6 78
7 22
3 62
3 57
4 41
2 83
7 10
8 45
5 16
2 49
9 47
5 15
9 41
4 77
2 17
9 55
7 48
4 98
1 57
1 60
5 24
5 69
1 39
5 72
10 25
3 44
8 99
4 78
7 29
2 78
4 58
9 90
8 52
6 54
4 11
2 21
9 34
8 24
1 45
3 43
6 9
5 18
1 69
8 70
6 37
2 100
5 22
7 57
1 82
2 26
5 18
8 60
2 57
2 40
9 71
5 92
7 69
9 20
3 44
4 49
6 6
10 74
4 92
7 74
8 8
5 25
5 40
7 1
4 40
2 36
10 47
7 17
1 32
6 73
8 34
1 41
9 10
1 86
6 62
1 32
7 69
5 88
5 54
3 68
6 44
8 25
8 75
3 90
6 46
9 7
1 82
1 61
4 76
1 16
10 26
8 80
6 82
5 2
4 4
9 70
10 87
2 35
10 100
6 93
4 72
8 99
9 76
6 57
7 10
5 78
9 73
6 64
7 57
1 12
8 70
4 94
1 77
5 57
4 50
2 79
7 5
1 48
9 83
1 70
5 72
6 90
6 51
3 37
6 9
3 54
4 64
1 80
9 21
6 28
5 22
4 25
1 53
5 84
9 72
8 82
4 58
1 77
7 40
2 28
3 27
3 35
6 42
1 16
5 79
1 7
10 53
9 86
9 41
5 92
9 56
5 87
9 49
5 38
7 88
8 32
10 54
9 21
3 40
1 90
3 44
9 39
4 26
8 9
4 73
1 11
6 85
1 24
8 57
8 30
2 67
7 53
8 3
5 13
3 78
5 90
6 15
10 96
8 88
10 97
10 20
5 31
9 56
10 5
9 60
8 60
1 85
7 35
3 49
4 78
5 19
10 45
1 100
3 18
7 95
4 67
2 62
9 89
1 65
10 66
2 48
7 58
