4 36
6 9
6 63
2 88
4 25
1 63
5 12
5 3
9 53
4 77
7 91
1 8
8 74
3 34
6 52
6 90
7 15
4 70
5 15
1 15
8 29
7 83
4 2
8 49
5 73
3 63
4 97
4 69
8 27
10 2
9 54
8 73
5 58
5 23
2 55
2 19
9 24
9 91
2 16
9 2
3 9
9 43
7 67
4 1
6 48
4 4
3 14
7 77
9 31
1 6
9 13
8 77
8 45
9 71
8 63
9 61
10 59
8 51
3 51
7 38
6 17
9 20
7 73
5 57
8 100
3 65
9 56
2 97
10 100
5 84
4 70
3 95
2 4
1 9
4 17
4 10
5 98
4 38
5 2
4 90
3 58
2 98
8 89
7 10
1 52
4 72
9 34
3 76
6 16
9 32
7 88
10 49
3 23
1 22
2 89
6 84
9 77
2 35
5 59
5 97
5 11
10 1
3 34
4 100
8 63
10 92
2 72
9 44
8 60
6 4
4 15
2 42
3 13
1 91
3 51
10 14
1 83
3 70
6 87
5 70
7 93
1 61
5 14
3 47
3 81
10 13
7 47
1 93
7 86
7 50
10 67
7 68
1 61
9 31
10 7
2 62
4 22
2 3
3 81
1 2
5 22
3 95
1 54
10 33
6 68
3 77
9 50
7 64
3 53
2 16
9 49
1 66
2 90
3 42
10 65
6 52
3 82
5 92
2 15
1 81
6 74
6 90
5 9
6 17
6 39
10 18
3 10
3 48
4 76
3 35
3 35
9 86
4 35
2 55
8 6
2 94
10 6
6 51
10 15
2 4
6 55
5 43
2 89
3 77
5 34
4 29
2 99
6 7
1 63
2 60
4 24
9 87
2 83
3 31
6 13
6 93
2 61
3 5
3 63
3 56
4 82
9 47
9 7
7 85
3 56
7 20
2 96
7 86
7 44
10 2
1 6
7 36
8 49
8 95
6 94
7 86
2 62
1 44
8 78
1 41
9 36
2 81
7 79
1 60
3 86
6 64
3 38
6 88
5 79
8 89
6 17
8 91
4 64
3 13
7 5
5 62
4 96
3 45
3 36
6 56
1 14
5 93
7 78
9 34
3 86
3 99
9 77
9 98
3 9
4 15
5 90
2 90
3 64
4 51
6 3
6 56
1 18
3 17
2 73
10 49
3 92
6 37
3 73
10 44
10 53
1 83
2 73
10 54
1 80
2 82
7 97
1 73
4 47
7 73
8 67
8 50
2 27
5 32
9 30
4 13
1 88
5 63
7 4
5 77
8 52
5 1
2 93
1 95
3 33
5 88
7 45
10 57
1 49
6 71
5 47
4 40
7 26
1 61
8 85
1 4
5 68
5 41
10 100
6 1
3 100
9 86
7 27
8 70
7 88
2 69
4 60
4 46
6 87
8 12
1 64
3 75
4 99
5 39
4 77
8 27
7 3
2 87
7 96
10 68
7 21
4 48
1 90
1 95
7 51
3 96
5 20
8 74
8 43
8 20
10 9
10 59
2 100
5 55
7 28
4 28
4 88
2 60
6 4
7 70
8 70
10 5
8 69
5 4
9 70
2 18
8 50
9 19
1 18
8 6
7 59
10 5
3 81
4 31
5 47
2 40
10 7
1 28
9 64
3 94
6 10
3 59
6 83
7 80
3 40
9 17
4 86
10 44
5 64
2 66
10 58
2 21
2 68
2 95
9 52
2 51
8 77
2 14
9 9
2 85
7 36
7 82
6 21
3 33
2 96
5 98
5 49
1 52
5 67
8 100
6 82
4 16
10 4
6 39
8 51
5 31
1 24
2 31
8 31
6 15
5 47
6 62
8 9
7 58
2 89
4 22
1 73
3 25
4 11
5 63
2 6
5 58
6 21
1 87
2 68
3 75
2 44
9 70
9 85
7 7
2 30
1 81
1 30
6 81
4 18
5 12
10 4
1 10
10 59
6 42
2 97
10 29
6 2
4 42
10 34
6 42
10 90
8 37
6 23
6 81
7 57
9 8
2 56
9 98
4 78
1 25
2 61
9 56
3 78
6 6
5 87
10 28
3 33
10 67
2 7
10 93
10 80
7 26
8 75
1 82
10 42
3 14
6 36
2 73
8 77
2 46
7 12
9 80
8 59
9 9
1 3
5 96
7 7
9 78
8 32
10 20
3 47
8 83
6 79
5 4
7 9
10 63
3 18
5 15
6 52
2 13
7 41
3 19
4 65
2 24
3 60
9 54
10 29
3 59
8 73
5 80
9 19
8 95
5 4
6 25
8 68
7 62
5 45
6 90
2 88
3 48
5 34
8 96
2 71
3 18
2 7
9 10
6 51
4 52
2 75
4 78
3 50
8 56
8 70
2 88
6 90
6 2
1 82
9 40
9 27
4 4
9 96
9 10
5 49
5 93
6 78
8 89
2 20
2 67
4 12
6 54
3 57
1 87
9 53
5 60
3 67
6 29
3 100
9 7
7 81
6 30
4 61
9 75
7 100
6 43
4 48
1 56
7 3
4 82
2 82
1 4
7 61
5 97
3 84
6 14
3 54
5 32
4 65
1 23
1 36
4 1
9 53
4 53
1 53
2 15
8 33
9 18
10 19
6 61
7 8
7 11
6 6
10 85
3 69
2 86
6 98
4 12
7 99
9 38
3 3
6 90
5 51
6 8
2 34
4 44
8 22
1 5
9 84
8 71
1 26
9 8
7 27
9 63
9 79
2 42
10 69
8 51
1 52
7 86
3 70
1 9
10 52
6 61
3 99
7 41
6 63
3 69
4 71
7 40
1 12
10 51
8 3
8 2
10 7
8 66
10 7
5 38
6 66
6 38
10 68
9 66
6 13
1 56
2 98
8 58
1 31
4 27
4 25
3 8
10 4
2 30
4 89
6 99
1 87
4 2
9 92
7 29
3 98
7 54
8 16
3 70
9 99
5 18
9 79
6 59
1 51
9 86
6 4
9 78
1 59
1 55
6 45
8 31
1 17
5 22
3 56
7 86
9 41
9 57
6 8
1 69
3 57
9 23
6 48
7 60
4 43
3 37
8 32
2 65
8 75
2 81
6 28
6 16
2 28
4 28
2 50
10 29
2 6
2 89
7 4
8 18
8 46
4 89
4 41
3 36
10 11
3 39
4 27
4 58
6 72
5 75
8 43
3 47
4 13
10 64
3 54
7 87
4 12
5 87
7 56
8 95
3 78
8 71
4 60
3 22
1 58
3 25
5 65
9 96
9 14
5 19
7 64
6 11
5 50
3 43
5 80
10 85
10 62
8 50
7 93
8 3
7 53
8 19
6 38
3 42
9 93
8 59
1 100
9 82
2 84
9 28
5 19
3 92
3 14
5 84
8 92
10 41
5 41
4 92
4 43
1 47
1 43
4 52
8 60
7 88
4 65
3 63
10 4
9 56
7 59
1 72
1 94
7 13
3 99
8 57
7 76
1 78
3 20
5 57
7 85
2 46
9 25
7 63
3 94
5 87
8 24
2 59
8 95
4 69
9 35
3 58
2 45
8 46
10 11
1 67
9 63
9 66
5 12
8 85
3 79
1 94
1 98
4 45
6 79
5 71
5 64
1 63
1 62
1 30
2 20
5 65
10 26
8 94
10 63
7 93
5 25
1 30
4 44
5 65
7 38
8 50
9 22
1 67
1 87
4 39
2 60
8 92
10 10
3 69
5 94
2 47
4 53
2 78
8 22
10 20
3 84
6 22
8 41
10 15
5 11
9 34
10 94
7 16
2 7
5 19
6 95
8 6
3 99
2 6
10 89
2 50
7 85
5 31
4 14
10 2
9 32
2 92
2 62
8 41
3 68
1 92
8 49
8 50
1 51
9 38
10 52
10 2
3 60
4 37
2 37
9 61
4 80
10 3
2 89
1 42
7 71
9 40
3 21
3 29
9 77
1 18
2 40
4 69
2 99
7 49
2 33
10 32
4 37
8 41
7 26
3 39
6 62
3 60
6 57
6 53
8 33
6 47
6 40
2 47
5 24
10 89
7 98
4 94
3 93
8 49
10 38
5 22
1 83
8 83
9 1
8 43
3 95
8 15
8 60
1 67
1 41
8 51
7 88
3 60
6 13
4 95
9 64
5 89
5 20
4 69
10 79
4 54
7 82
10 16
2 21
9 70
9 24
10 54
10 64
8 74
6 29
5 16
8 69
2 41
1 14
2 6
1 58
5 7
8 12
4 77
2 6
9 24
4 94
6 22
4 98
2 99
4 97
5 6
4 80
8 5
3 81
4 54
4 95
4 54
9 83
4 58
8 4
8 40
3 43
8 67
5 17
9 88
3 81
6 51
4 61
6 98
2 65
4 1
7 100
10 46
6 41
1 95
10 54
10 11
5 75
1 62
7 73
9 89
8 93
1 10
8 61
3 24
10 62
7 67
8 57
8 80
6 80
9 9
7 84
2 8
1 54
9 37
4 99
9 61
10 73
3 47
1 71
3 2
9 28
10 9
3 13
8 8
7 73
8 82
10 51
4 21
