7 69
5 68
7 38
4 34
5 24
7 47
1 18
3 91
1 85
1 35
9 80
8 17
9 49
3 11
7 35
8 71
10 83
2 75
3 32
1 46
6 29
8 55
10 17
5 77
1 1
5 89
7 2
9 74
8 85
8 26
9 9
3 33
10 53
9 30
7 99
7 85
10 97
4 86
4 66
4 37
2 5
3 83
1 71
4 56
10 67
5 58
2 63
4 54
9 85
10 87
2 20
5 20
1 77
6 43
2 38
2 41
7 82
1 76
4 16
4 64
2 66
3 57
10 26
9 98
2 92
7 65
8 41
10 79
6 5
10 7
8 29
5 73
1 72
2 44
8 48
5 86
8 60
4 69
9 81
10 93
3 6
1 39
8 81
2 97
3 61
4 16
1 9
2 71
2 7
4 31
2 11
7 62
4 87
2 89
3 12
4 18
5 87
7 40
6 85
2 31
10 37
7 91
9 93
8 61
8 83
4 13
9 98
9 47
9 72
10 73
6 8
8 54
1 71
5 73
4 4
4 9
2 36
2 53
8 98
10 35
4 56
5 14
1 24
8 62
10 3
1 2
8 97
7 20
10 6
1 51
2 83
3 10
6 24
7 85
2 58
4 14
1 2
1 27
4 38
8 3
6 80
5 66
9 5
5 29
1 23
10 47
8 24
8 71
5 71
8 99
6 89
2 34
2 84
6 30
10 23
1 13
3 87
4 7
5 86
2 65
7 8
10 40
4 18
6 31
4 91
5 91
6 65
8 39
9 100
6 65
7 88
10 37
8 72
7 55
2 16
5 43
3 87
8 17
6 66
8 55
2 30
3 49
3 77
5 96
7 52
4 7
7 12
4 82
5 27
1 44
10 26
1 84
10 34
3 48
2 79
2 71
6 81
7 42
7 10
4 54
7 6
8 4
8 7
9 49
6 76
8 13
3 96
5 72
7 79
5 1
10 94
4 31
2 73
7 32
4 30
8 37
10 100
10 40
10 2
6 94
8 34
10 50
2 79
9 30
5 43
6 58
6 42
8 38
6 76
1 61
6 37
10 28
2 19
8 92
3 88
8 77
3 3
8 48
3 34
7 79
3 82
2 20
4 67
5 25
5 19
4 36
6 10
3 36
9 43
10 90
6 34
1 21
7 37
10 17
7 58
10 3
5 32
4 36
8 58
3 51
4 93
7 21
2 41
10 48
8 84
6 84
10 67
4 3
9 10
10 23
9 6
2 61
2 93
6 45
10 22
9 81
8 12
8 64
1 50
2 77
2 30
7 57
5 23
7 90
8 100
1 1
3 74
2 10
8 1
4 87
3 24
6 99
3 43
9 30
4 87
9 83
8 29
9 89
4 3
4 15
9 16
9 15
8 15
9 6
8 76
4 70
7 15
10 96
8 17
8 73
1 13
4 94
9 52
4 96
1 10
3 58
5 42
8 45
9 56
7 72
10 85
8 70
3 87
3 46
2 44
10 7
2 30
10 57
1 13
1 31
3 1
4 98
2 86
2 7
2 77
9 13
5 18
4 68
6 9
2 6
10 58
8 23
7 85
7 28
8 86
8 28
10 35
3 36
4 36
1 13
7 63
5 69
10 13
1 38
2 36
4 3
8 93
10 1
6 11
1 1
7 89
3 65
5 20
1 40
10 75
9 60
2 82
8 31
2 68
7 6
4 53
9 43
5 91
6 77
3 55
3 66
1 36
6 69
10 53
3 41
6 97
3 95
7 29
7 52
6 49
6 27
9 91
10 15
3 25
6 35
4 1
8 60
7 80
9 20
7 81
9 72
10 89
3 90
2 56
6 52
7 21
7 17
3 42
4 2
3 11
3 76
1 50
1 62
1 77
2 66
2 37
7 49
5 14
7 65
1 59
3 78
2 32
4 60
8 15
7 5
6 53
6 55
4 26
4 5
10 15
4 39
1 32
3 48
7 1
8 20
7 99
3 67
2 74
3 33
4 17
1 16
10 51
7 27
2 23
1 97
2 90
3 16
8 74
7 68
5 3
8 47
3 92
9 46
8 95
1 74
5 77
7 42
1 88
7 94
8 35
1 61
4 34
9 43
3 44
7 97
3 38
3 71
3 69
5 44
5 87
1 45
7 14
4 52
4 26
2 87
8 70
9 34
2 87
7 6
10 41
10 65
5 71
5 67
8 22
4 97
4 73
5 41
8 36
8 10
3 80
10 3
3 47
9 16
5 41
7 52
5 2
10 90
2 22
10 86
3 96
5 57
6 71
5 14
5 68
8 19
4 97
4 84
10 94
3 50
8 99
1 69
4 22
10 16
6 47
10 38
2 38
2 39
4 8
10 20
5 46
10 88
2 86
8 88
9 100
4 5
8 83
8 17
8 61
5 8
7 78
10 19
4 40
9 84
6 63
7 83
6 52
8 24
1 84
1 73
3 44
1 17
2 87
1 53
5 4
1 14
6 62
4 27
1 75
9 11
9 65
4 12
7 88
8 57
2 53
3 57
2 63
4 49
5 40
8 23
8 35
1 46
4 9
6 7
9 34
3 66
3 46
9 89
10 54
9 57
9 62
10 87
8 56
4 54
8 14
3 93
9 84
6 83
3 6
2 28
6 66
3 30
7 79
5 76
10 69
2 56
1 15
8 44
1 67
8 68
4 78
3 94
3 5
6 42
3 72
5 97
6 62
8 74
9 54
10 88
1 81
8 36
8 12
5 14
5 65
6 86
2 69
1 6
2 34
3 63
7 92
2 50
3 78
10 100
4 40
10 65
6 83
6 54
5 28
4 26
10 45
9 85
4 98
3 65
7 98
4 61
3 31
7 95
5 27
9 1
1 48
10 84
7 78
6 53
3 65
10 69
2 76
3 73
3 68
7 43
5 73
10 57
1 83
9 60
8 93
7 12
5 56
9 63
2 10
7 39
9 66
8 70
1 29
6 81
7 75
2 17
2 20
7 10
4 53
6 5
6 62
6 54
3 15
1 100
7 92
5 1
6 98
8 5
3 44
2 94
3 99
2 53
6 70
3 38
8 25
4 99
3 100
4 87
10 80
6 1
10 84
3 11
7 19
3 78
4 74
1 60
7 39
1 77
1 96
7 30
6 43
2 29
1 15
5 10
7 13
9 60
5 76
6 92
5 47
7 57
8 74
3 98
4 4
8 16
1 37
4 13
10 6
2 55
8 26
9 56
5 36
6 68
10 43
10 93
9 15
10 59
9 25
5 81
4 19
6 26
2 45
4 45
3 64
7 1
6 85
8 41
3 47
1 53
7 22
4 9
8 75
9 74
8 78
6 64
8 2
1 84
6 49
4 15
1 68
2 51
4 85
9 64
10 20
1 44
10 75
8 61
9 99
9 96
1 61
6 48
8 22
9 68
8 84
3 78
7 89
10 25
8 81
10 98
3 32
9 31
5 85
6 49
9 71
10 88
1 95
1 77
3 35
4 72
3 78
7 88
2 29
2 88
5 38
2 43
10 55
5 100
4 65
8 73
6 75
4 50
3 3
3 23
2 41
5 70
3 32
7 22
5 6
3 42
4 95
4 58
4 49
5 90
4 10
2 52
9 27
10 30
3 22
8 13
6 72
3 44
9 30
9 99
1 25
7 61
5 72
6 76
3 26
2 45
5 85
8 62
2 3
2 93
8 19
2 36
4 100
6 57
9 43
9 37
1 38
2 84
3 22
6 77
6 33
4 9
8 13
1 69
4 18
5 13
1 19
8 43
9 29
4 78
4 39
9 61
10 65
4 31
9 80
3 48
7 92
10 54
7 30
2 63
7 82
7 88
6 4
4 75
10 2
8 17
4 22
5 46
3 78
1 14
1 62
2 66
1 53
2 5
9 85
9 13
6 65
10 29
7 57
1 92
10 1
1 3
8 5
5 9
5 89
5 62
3 17
1 47
7 58
10 44
2 93
4 18
6 60
5 8
6 75
8 21
8 48
9 29
4 44
2 94
10 86
8 6
1 69
1 30
4 29
7 29
10 7
9 7
8 80
10 53
7 44
1 60
6 56
10 22
8 2
7 96
5 96
9 69
3 5
9 76
7 60
2 19
5 62
4 68
5 47
8 76
4 68
7 54
9 97
8 98
8 3
2 84
8 85
6 17
9 25
1 1
3 77
5 62
10 70
9 52
6 46
6 70
3 10
4 66
5 40
2 1
2 31
9 58
6 83
7 77
3 17
9 28
9 57
10 74
2 68
1 8
2 1
2 74
10 2
5 26
7 71
9 47
6 79
2 9
3 100
1 89
6 10
10 10
10 64
6 39
3 72
1 56
6 56
6 55
7 97
5 39
1 43
3 73
4 23
7 18
10 54
8 2
3 44
7 34
1 50
5 22
5 72
3 35
9 2
10 91
1 10
6 92
8 39
10 33
8 42
6 1
5 18
4 42
2 10
2 50
9 18
1 54
9 10
5 30
10 53
7 69
3 78
10 42
5 33
5 9
10 96
4 37
1 16
4 75
10 72
2 11
1 90
1 19
4 78
5 33
4 39
3 18
7 28
6 49
