10 16
6 47
3 96
2 100
9 71
10 57
3 58
9 14
9 28
9 52
10 35
1 3
8 77
7 4
3 100
3 72
1 37
8 42
2 5
3 10
1 82
4 59
1 45
1 97
1 19
1 100
7 33
1 56
10 25
8 66
8 58
3 31
10 32
2 56
4 81
1 94
8 8
8 45
7 65
10 97
1 38
6 29
4 85
9 56
9 61
1 13
6 31
10 30
8 15
9 29
9 77
5 8
8 12
1 4
8 80
5 5
2 79
10 63
9 62
5 76
8 97
2 39
7 95
6 67
10 39
5 66
3 68
2 36
4 77
6 98
4 73
2 35
3 67
1 83
1 8
5 8
2 33
4 3
10 17
3 67
5 16
3 13
1 67
10 89
9 21
7 32
8 65
4 51
8 26
2 92
6 28
9 16
3 61
1 61
9 41
5 49
6 42
1 60
8 9
8 56
4 62
2 35
8 70
10 39
6 96
3 85
9 9
3 27
4 89
5 17
7 11
8 71
2 13
1 38
10 66
2 100
4 21
2 90
5 51
10 65
7 81
2 44
10 79
3 94
9 25
4 92
9 33
2 18
8 5
4 67
8 3
6 90
6 98
10 53
2 73
8 53
2 44
1 37
7 83
4 96
1 92
2 72
5 52
8 73
5 41
3 11
8 27
8 30
9 21
6 32
9 11
1 9
5 75
10 38
1 1
3 66
8 52
1 23
6 2
2 69
6 83
4 35
9 35
10 83
2 10
10 35
10 30
6 23
1 24
7 68
2 28
3 100
9 59
1 68
9 6
9 50
6 90
9 1
1 30
2 86
6 81
2 63
9 57
2 51
7 41
9 32
7 52
2 97
6 82
8 7
2 77
10 36
2 5
9 95
5 68
1 59
8 14
1 70
2 56
3 74
6 32
8 97
7 45
10 34
5 82
4 32
5 6
7 58
4 37
6 76
7 54
4 50
1 92
4 86
3 36
3 20
8 30
10 15
2 100
3 7
3 81
3 39
2 25
7 53
3 86
7 100
9 15
5 38
7 17
3 30
2 72
1 21
1 28
2 66
10 29
8 19
1 88
7 45
1 23
3 16
3 21
2 83
5 80
2 67
9 67
10 62
5 69
2 88
8 76
6 22
1 43
8 47
6 43
7 24
5 72
1 20
1 68
1 21
9 44
1 79
3 88
6 10
6 70
4 66
10 43
10 67
9 38
6 79
3 85
9 30
1 66
9 49
5 36
3 19
5 31
6 32
1 94
2 87
6 19
5 55
5 85
9 42
8 15
8 38
6 100
1 74
9 75
6 86
10 12
1 7
3 82
1 26
4 42
8 39
10 65
3 70
1 41
10 49
6 65
6 37
1 63
4 36
4 91
7 64
10 34
1 75
3 5
1 63
6 92
10 24
4 15
4 4
3 77
6 62
4 20
8 68
7 69
9 40
3 17
4 87
5 81
9 54
5 98
6 37
7 36
4 89
9 42
10 92
8 56
8 28
5 85
2 10
9 40
6 55
2 21
1 58
4 56
4 40
2 35
9 48
4 42
9 6
7 33
10 19
1 5
10 51
9 39
8 40
2 78
3 11
8 56
3 10
6 89
6 93
6 68
5 38
4 30
10 67
9 85
6 33
2 70
2 16
9 39
9 90
2 52
5 42
7 29
5 19
2 98
9 14
8 96
4 8
6 84
1 92
1 52
7 58
8 61
6 17
6 20
9 23
4 71
4 51
5 93
7 4
3 56
4 89
10 99
1 73
3 47
8 94
8 45
8 45
9 27
8 52
6 15
1 60
6 81
8 90
6 35
2 66
4 64
8 84
6 98
7 55
2 1
6 47
4 13
3 95
4 28
9 32
4 6
10 5
3 35
10 23
8 91
1 65
6 4
5 94
3 16
6 63
4 16
3 21
3 42
1 51
3 92
5 9
4 56
10 41
1 97
7 39
1 62
8 68
3 17
7 27
5 61
4 85
4 98
1 23
3 88
1 22
1 63
6 11
2 70
6 17
1 26
9 64
7 79
1 72
7 63
7 75
6 98
8 52
9 61
8 41
2 66
9 80
7 81
9 2
5 23
3 49
10 32
2 72
6 11
5 13
5 53
9 98
2 38
9 65
3 22
6 7
6 24
7 20
6 10
9 2
9 48
9 72
5 54
7 26
8 41
9 6
6 5
7 97
8 54
9 95
5 9
5 66
3 43
4 15
3 97
6 68
7 63
6 3
7 47
10 90
1 41
9 44
5 78
10 6
3 5
10 48
5 2
9 40
1 94
3 25
1 28
2 47
5 11
3 57
5 49
10 16
9 32
8 54
2 27
7 67
3 84
9 46
2 65
4 75
4 25
4 50
7 98
8 47
7 53
8 15
4 62
5 44
10 69
3 18
10 54
4 87
4 22
9 85
8 50
10 30
9 93
5 29
4 14
6 52
3 68
2 5
9 15
5 31
8 17
4 1
8 1
9 2
8 19
9 50
8 41
1 73
10 22
1 6
5 41
2 38
8 1
2 27
1 68
7 39
1 71
9 6
3 49
1 1
3 40
3 61
5 25
3 48
2 82
7 75
1 11
5 13
2 15
8 100
3 21
10 66
8 95
1 67
7 30
2 90
8 68
5 22
4 100
3 91
9 60
10 78
1 72
4 10
8 6
9 57
6 70
10 75
3 62
3 77
6 68
1 75
8 88
4 96
4 12
1 67
10 13
2 23
9 12
5 15
10 15
9 33
2 91
9 14
7 63
5 11
1 39
2 82
3 75
5 3
8 66
9 90
1 51
7 20
6 23
10 78
8 89
3 81
6 80
10 35
9 23
10 27
3 19
3 33
10 9
10 85
3 3
4 34
5 77
8 39
2 77
6 34
10 61
6 81
2 49
9 63
3 25
5 6
7 96
1 87
1 95
1 20
2 97
5 82
1 72
6 56
6 50
7 39
9 22
10 52
5 37
8 4
6 98
8 83
2 22
7 60
3 16
2 89
6 9
8 86
5 75
3 65
8 26
2 66
9 48
9 80
3 46
4 12
5 68
9 64
10 20
1 81
10 29
5 71
4 7
9 47
2 11
6 8
3 8
7 73
7 36
10 90
1 10
6 78
4 58
3 18
7 48
9 56
9 57
10 51
9 66
10 87
3 31
8 89
8 82
6 42
8 97
8 41
2 42
2 98
1 9
5 32
6 44
6 83
4 68
6 45
6 72
4 96
2 19
8 66
4 74
2 7
8 36
1 99
7 63
10 8
2 11
3 67
8 5
6 77
9 47
10 48
8 20
10 76
9 36
3 100
10 77
10 34
7 8
4 40
1 35
7 36
5 88
4 95
8 84
4 34
2 57
8 97
1 37
10 53
3 25
8 2
5 91
6 86
1 65
2 62
5 23
9 35
2 47
4 72
8 55
8 10
7 55
10 100
6 53
4 38
1 43
4 74
10 80
2 64
3 64
7 19
6 27
6 19
3 40
3 1
7 31
2 45
2 68
10 88
9 30
5 100
3 21
6 13
2 76
1 66
2 60
7 96
3 22
7 6
3 76
1 26
9 20
1 48
5 56
10 82
5 46
2 9
1 35
10 55
10 27
7 9
1 94
3 80
5 86
5 31
3 66
10 29
7 50
10 13
8 76
2 82
4 95
1 23
7 58
2 55
5 73
5 14
3 37
2 72
7 86
8 38
1 43
8 88
3 24
3 78
9 7
3 63
5 86
6 32
10 37
10 58
4 18
1 100
6 17
8 27
4 29
10 31
4 30
3 47
4 44
6 86
8 70
8 14
3 47
3 34
6 89
5 67
6 37
5 15
4 55
10 83
10 53
10 63
4 39
9 8
7 28
8 93
5 20
1 3
3 98
5 92
8 17
2 47
2 28
8 51
9 27
10 46
10 60
8 32
5 55
10 9
1 26
5 47
2 54
10 65
6 15
7 62
4 54
10 70
10 81
4 5
8 7
5 48
10 95
5 4
8 97
9 58
5 40
3 97
4 94
4 1
3 25
3 85
1 74
7 100
3 74
6 23
1 1
10 91
9 79
4 10
1 37
6 25
2 56
7 69
5 19
10 47
5 26
5 23
5 92
1 84
1 17
7 99
5 89
5 57
7 6
7 6
7 76
2 92
9 40
2 41
4 86
3 70
3 44
6 82
10 57
4 47
9 59
9 43
8 22
7 14
7 89
6 16
6 30
8 87
3 41
8 20
7 37
7 59
2 29
8 96
6 48
2 32
5 28
2 5
3 64
2 99
9 39
7 85
2 81
8 100
5 43
7 14
1 16
2 70
3 15
3 27
3 30
9 36
2 8
10 32
10 56
2 24
2 90
7 55
5 80
2 77
7 2
2 79
10 50
7 50
1 91
10 26
1 73
2 95
7 51
8 73
1 17
4 73
4 33
10 28
3 24
7 78
2 13
9 40
6 99
7 56
8 66
2 34
2 20
7 84
9 84
10 54
4 55
9 73
10 16
10 71
4 75
4 48
6 46
6 31
1 80
6 35
9 58
1 65
2 92
1 93
