5 84
8 61
5 95
2 71
9 93
5 91
5 66
5 24
1 10
6 14
10 56
6 67
3 82
7 54
4 98
1 42
5 81
4 52
1 12
9 98
4 54
9 78
7 26
6 59
8 69
5 27
9 66
9 16
2 23
5 20
7 17
3 49
10 48
9 51
5 29
4 71
10 100
9 72
4 85
1 32
8 84
9 72
3 66
9 97
9 51
6 16
10 38
6 85
7 60
6 65
3 5
4 1
10 56
7 91
3 10
9 52
8 86
7 51
10 68
2 22
7 92
7 19
4 62
9 26
3 77
3 74
9 33
2 77
9 98
9 78
10 6
7 90
7 11
10 39
8 15
2 86
10 88
4 55
3 60
1 95
6 6
8 90
3 12
8 95
6 90
6 85
8 55
9 51
4 58
8 56
4 83
4 58
7 97
1 14
6 65
9 45
6 93
6 1
4 90
2 42
7 96
3 52
5 61
5 55
3 28
3 83
1 9
9 38
10 61
3 70
3 44
7 40
2 84
2 75
4 16
10 67
8 27
6 99
1 71
2 98
9 54
2 70
3 36
8 1
8 5
8 97
1 10
5 59
7 8
10 5
6 70
6 86
9 89
1 27
5 65
5 35
2 14
3 23
1 64
5 36
7 53
2 22
2 18
2 63
8 5
8 30
2 42
6 98
2 72
1 34
7 32
2 91
1 97
8 96
3 98
2 86
10 1
4 30
2 100
9 60
4 60
3 18
5 6
5 32
6 66
4 26
8 99
10 93
2 43
5 19
5 53
1 1
8 29
5 23
3 73
10 49
1 15
10 9
5 26
7 87
6 73
2 2
10 2
3 34
2 76
8 4
6 70
10 91
6 17
7 10
9 52
3 19
7 26
7 47
7 57
9 29
7 34
1 34
7 70
4 98
4 76
7 1
2 68
1 84
8 88
6 56
6 78
9 98
5 75
2 72
8 95
8 55
10 6
3 67
1 26
4 16
1 95
6 55
6 80
1 57
4 24
9 68
8 98
7 41
1 9
2 69
8 5
10 80
6 91
8 23
10 31
3 58
4 92
5 79
8 49
6 38
3 88
6 34
3 16
7 53
10 28
3 48
5 54
4 90
7 50
2 11
9 24
5 73
2 93
10 31
4 35
3 55
6 87
4 10
7 45
8 41
6 59
3 67
1 79
10 70
8 34
3 52
4 58
3 36
4 44
3 89
2 67
9 47
4 30
5 44
10 80
5 15
4 60
9 9
10 42
6 84
10 5
7 5
2 100
8 37
7 91
4 40
10 96
2 31
8 30
5 97
5 66
8 16
2 37
6 50
10 94
4 31
6 50
4 14
5 94
10 72
6 24
10 93
2 75
10 14
10 57
9 79
2 86
7 91
9 91
2 14
9 53
8 92
8 97
4 95
3 69
6 35
9 76
7 50
10 6
6 33
6 20
10 56
10 16
3 42
4 62
7 74
10 99
4 94
9 57
4 5
1 100
4 60
6 43
5 36
7 28
9 20
3 15
6 15
1 81
9 26
2 58
3 16
6 52
3 98
9 51
4 50
1 51
1 7
4 65
3 28
5 83
9 3
4 2
3 76
8 13
3 79
9 55
3 14
7 33
6 68
1 12
4 12
10 35
10 54
3 70
6 33
9 3
9 37
8 80
6 59
5 42
2 88
9 81
10 75
2 82
2 67
2 86
3 78
1 8
7 83
5 78
2 59
1 32
4 63
3 63
3 65
5 78
8 38
9 12
10 27
8 1
9 81
9 38
4 92
2 20
10 18
7 81
1 38
4 35
4 8
10 90
4 100
1 61
2 16
10 68
3 30
1 57
3 3
7 68
7 94
6 10
2 17
1 18
1 6
10 64
4 89
4 40
4 54
5 74
1 19
8 56
4 53
10 55
2 32
8 92
2 36
6 43
4 2
2 83
3 16
10 26
8 90
10 38
6 50
9 57
5 87
7 62
4 50
3 29
7 98
2 66
1 6
4 9
3 49
7 26
4 94
7 17
8 22
4 5
2 80
7 95
7 91
8 52
5 91
6 47
5 50
8 78
7 41
10 60
5 24
5 37
2 86
1 45
6 58
2 47
6 44
7 51
3 32
10 71
3 87
5 76
1 15
2 87
3 72
6 34
2 64
9 26
5 99
3 19
2 10
7 53
9 74
7 17
9 58
4 88
10 30
4 32
6 22
2 87
3 23
8 62
1 16
8 42
10 65
8 23
10 21
4 27
7 71
7 38
8 85
6 89
3 28
3 79
6 99
1 56
3 2
7 25
5 22
7 65
9 64
10 76
5 4
6 13
10 14
3 65
7 28
9 43
7 45
8 50
7 81
9 32
10 25
10 5
2 91
5 55
4 85
3 18
3 99
4 75
3 50
3 51
2 15
7 94
6 42
5 37
7 49
1 29
1 32
3 54
4 47
3 80
3 62
5 58
5 17
7 9
7 89
6 35
10 84
6 13
2 17
4 51
9 63
6 24
2 68
1 62
3 97
2 88
4 65
2 83
6 67
2 14
6 82
8 50
10 9
3 50
8 8
5 32
4 98
7 93
3 72
1 96
9 78
3 7
1 25
7 17
10 53
7 40
2 74
6 35
8 38
8 100
8 90
6 49
5 59
6 12
10 67
1 9
4 21
7 48
10 54
1 25
4 62
6 5
4 3
10 6
1 81
7 38
6 75
3 49
4 6
5 57
2 83
8 67
7 92
5 85
8 44
4 90
5 83
10 75
8 67
7 92
9 28
1 50
10 19
4 28
3 2
5 56
4 56
8 14
8 16
7 24
8 71
3 25
9 44
7 24
9 56
3 28
3 60
3 18
10 75
3 27
10 72
7 77
2 12
5 29
4 68
6 74
5 24
9 53
2 48
10 57
2 100
4 62
2 92
2 39
2 5
7 21
5 47
10 79
8 92
2 52
8 30
8 88
6 85
2 83
7 76
5 98
9 70
9 15
3 1
9 90
10 47
8 59
8 49
5 16
1 1
9 84
10 91
7 100
6 48
1 41
9 76
5 15
10 47
6 11
9 46
3 21
4 20
5 88
6 80
10 10
7 50
9 56
9 6
6 11
3 68
10 14
4 23
10 96
3 17
2 61
9 81
1 33
2 92
1 61
9 32
5 11
2 27
6 68
2 92
9 93
6 17
5 31
3 38
3 5
5 45
9 1
4 32
1 34
4 11
6 65
10 22
1 33
9 96
4 69
5 33
8 46
7 7
2 15
10 44
1 49
4 56
1 67
7 39
2 47
2 9
10 44
10 42
3 85
7 97
3 78
6 77
4 45
6 35
10 31
3 99
7 86
10 45
2 92
2 15
8 38
1 47
5 75
9 68
8 79
4 10
9 64
6 87
6 12
6 27
3 89
8 69
10 19
9 64
5 44
5 52
4 10
3 23
8 13
10 99
8 55
2 68
1 18
4 39
1 90
5 21
8 96
1 62
9 91
9 61
8 10
3 58
10 42
10 15
6 50
9 12
6 65
4 90
3 21
4 31
4 50
6 36
1 77
2 75
9 83
4 12
6 42
6 88
7 40
7 58
7 11
8 78
6 17
9 64
2 68
6 13
2 81
1 28
4 87
6 76
7 84
1 22
9 20
5 51
3 10
7 28
7 24
3 55
1 62
7 46
6 23
3 54
8 36
6 13
10 23
10 73
4 32
10 21
5 18
3 67
5 81
2 30
5 51
10 96
7 66
8 60
1 51
4 17
6 93
10 76
7 12
9 5
5 36
7 19
3 25
6 51
3 17
10 90
2 63
1 72
1 51
9 22
2 11
2 35
8 17
6 83
10 22
5 69
9 88
6 55
5 99
3 40
4 98
5 46
6 29
7 13
4 31
8 41
9 79
1 76
3 20
2 84
9 14
6 24
6 79
10 29
4 3
4 45
3 32
2 44
6 39
7 76
7 24
3 75
3 48
5 59
9 38
4 38
6 55
3 27
1 67
6 1
4 74
3 67
9 83
4 30
9 24
10 24
3 47
7 50
6 94
9 89
4 15
1 97
3 82
10 6
10 7
4 20
6 35
9 14
5 47
9 59
7 1
8 70
1 100
10 73
5 7
4 58
8 59
3 21
1 26
10 100
10 23
7 4
10 34
7 30
2 20
1 40
5 97
5 98
6 20
1 72
4 78
10 29
10 57
7 86
10 19
6 42
3 82
9 71
4 76
4 58
5 81
5 95
9 57
1 92
5 72
3 35
7 56
7 95
10 59
9 81
9 2
10 20
2 45
8 56
4 84
2 79
4 68
2 13
5 12
1 95
7 83
5 15
10 35
7 95
8 59
7 92
9 74
3 58
2 81
1 91
10 47
1 48
3 47
8 19
8 18
8 75
10 92
8 70
3 15
10 91
1 70
10 33
6 100
5 51
10 12
3 8
8 60
1 66
1 51
1 24
10 60
7 18
5 83
7 58
8 22
8 21
2 25
9 11
8 83
1 99
9 19
8 63
6 36
6 81
8 13
7 100
4 18
3 30
4 23
2 38
7 27
10 73
