2 72
1 72
1 1
2 84
2 53
2 16
4 11
8 86
8 36
8 77
6 14
6 42
1 26
8 78
2 16
6 69
8 39
4 45
7 54
2 58
10 3
5 25
10 18
2 41
5 7
4 29
5 49
3 81
5 46
6 4
10 61
4 31
3 2
1 56
2 2
3 86
9 11
9 37
10 94
2 10
8 76
3 10
3 63
3 52
2 47
2 36
4 61
8 29
10 71
4 35
9 29
5 84
2 53
10 2
8 15
7 66
4 60
5 99
9 49
2 2
7 55
8 22
8 51
2 60
2 92
7 77
2 16
8 79
10 40
6 18
2 48
2 57
4 12
6 66
8 5
5 47
7 51
1 54
2 11
8 24
2 14
4 50
1 55
3 40
7 98
4 91
6 13
3 11
1 42
8 6
2 83
4 33
9 59
6 65
6 86
5 68
4 37
7 86
8 56
7 39
10 73
3 40
4 66
9 27
8 95
10 67
7 37
8 34
6 39
3 57
8 16
6 86
7 41
1 37
5 41
10 19
1 15
3 38
10 48
4 22
4 91
7 74
1 46
6 22
3 79
6 40
4 39
3 63
2 38
8 80
8 90
9 45
10 26
8 31
5 71
8 84
10 86
1 37
2 55
6 83
5 67
7 5
9 89
1 74
2 44
6 21
3 53
7 9
8 87
3 40
6 2
1 96
3 79
1 90
2 62
3 83
3 26
7 4
8 62
9 1
9 91
9 6
8 49
8 62
5 22
10 62
3 65
1 59
6 56
3 92
5 27
5 6
2 82
9 21
3 45
5 84
6 94
6 26
7 3
8 61
9 3
7 20
3 9
10 8
3 80
7 95
8 49
6 82
2 21
9 85
1 50
4 81
5 71
10 45
4 69
8 86
5 14
5 46
8 41
5 72
4 94
2 27
4 96
1 33
8 13
7 34
4 6
10 86
3 64
5 55
2 19
9 20
10 23
1 96
7 21
4 59
2 12
5 32
1 37
7 15
2 56
3 86
2 24
1 15
5 99
8 49
1 76
7 52
3 70
1 98
10 18
6 1
3 80
2 83
6 31
3 70
7 79
10 28
4 61
9 50
8 22
3 41
2 56
3 2
5 38
3 85
10 99
6 41
6 95
1 15
2 14
1 84
1 38
3 32
10 40
4 41
7 2
6 97
9 32
3 49
5 73
10 8
1 1
8 24
8 13
1 3
1 51
3 49
7 1
2 2
1 45
8 80
5 27
6 4
1 47
1 2
8 9
7 46
5 47
3 45
9 66
4 37
4 78
6 38
9 88
9 11
1 25
10 25
3 1
8 54
4 17
7 61
7 100
4 25
10 65
6 25
6 14
4 24
9 5
1 15
5 87
3 53
10 35
3 50
3 92
6 27
7 31
7 65
5 12
7 56
10 12
9 60
1 97
10 89
8 34
3 32
8 93
1 26
2 72
4 39
8 96
10 19
7 93
3 3
10 26
2 64
5 84
4 5
1 39
9 66
3 13
10 48
5 64
1 65
9 91
1 13
2 13
5 87
10 33
7 94
1 90
10 39
7 19
6 62
9 96
7 73
4 97
2 84
1 91
1 74
9 4
2 100
2 78
1 34
8 54
7 31
10 80
4 51
10 79
10 64
10 35
4 36
9 78
2 63
1 97
3 5
3 28
3 76
10 45
6 3
9 69
1 2
6 80
2 54
4 36
6 18
1 58
7 45
4 5
7 15
6 99
4 26
1 86
3 16
1 52
5 72
9 28
8 19
7 42
8 18
4 89
10 86
7 47
8 7
3 5
1 81
9 94
9 45
10 91
9 65
9 17
9 48
4 94
10 65
6 93
2 6
4 18
3 68
1 75
3 22
2 79
10 32
6 60
6 23
8 70
4 50
10 6
6 72
10 44
10 77
6 3
3 22
3 32
2 46
3 90
5 35
7 78
3 86
9 90
9 35
7 99
5 85
3 80
10 66
2 89
5 22
6 58
2 7
3 22
4 54
6 77
3 32
4 42
9 88
1 64
3 81
4 23
4 48
4 15
3 44
1 54
3 61
7 44
7 51
3 5
9 72
4 30
3 67
9 56
4 77
1 38
8 89
7 41
5 15
5 95
6 12
1 30
4 14
8 31
8 60
7 68
3 58
6 1
5 47
3 87
9 42
4 7
10 15
1 58
2 15
3 92
10 36
7 37
1 17
10 76
6 85
8 19
1 78
10 40
6 88
4 39
3 51
2 69
7 43
1 41
10 28
5 10
5 99
10 56
9 17
6 15
8 54
9 71
4 28
1 66
4 74
9 65
2 100
4 91
5 74
3 83
6 73
2 8
7 14
8 38
6 63
7 89
6 67
6 75
4 42
3 95
10 45
4 73
2 72
3 52
10 67
10 38
9 28
1 12
9 99
10 56
1 42
8 43
4 8
3 27
5 86
1 26
4 94
4 42
2 92
6 9
4 78
7 57
1 78
4 28
8 92
2 97
5 7
8 20
10 94
8 28
5 72
5 9
8 27
1 92
3 43
1 75
8 87
10 81
8 82
4 98
10 75
10 9
6 2
4 23
7 3
7 34
8 14
2 2
7 38
10 3
4 86
3 16
7 86
3 8
9 82
3 40
9 50
6 69
6 10
1 24
2 57
6 24
10 17
7 6
4 58
6 57
5 89
4 37
10 35
9 66
5 35
6 87
5 16
2 60
8 84
7 42
7 3
7 42
8 52
5 69
5 3
3 91
10 3
1 50
8 59
3 26
7 24
6 79
5 45
2 23
1 76
9 67
2 65
10 56
3 89
5 31
10 53
5 15
8 5
7 7
6 40
3 16
7 30
5 16
4 26
6 25
7 45
7 45
6 47
3 47
9 13
4 12
4 89
8 28
7 43
8 12
6 52
9 97
9 85
8 86
6 33
4 86
5 32
8 25
8 53
3 19
2 12
5 88
3 41
4 71
8 24
8 36
4 50
3 100
2 76
7 85
1 36
8 87
10 1
6 60
8 8
7 27
10 41
1 95
7 59
6 27
4 81
10 73
7 46
10 22
1 48
2 89
4 17
4 20
6 3
2 52
4 87
3 87
5 65
9 89
5 94
3 16
1 74
2 90
6 100
6 77
8 53
2 74
1 34
2 87
3 51
9 90
4 57
4 48
7 7
9 29
2 42
7 7
8 14
8 26
5 21
8 28
5 18
2 47
10 98
4 90
6 69
10 50
5 40
8 49
3 53
8 61
10 67
4 23
10 30
9 34
10 11
6 45
5 64
9 14
6 90
4 45
10 52
10 35
4 100
6 82
8 48
10 23
5 13
10 9
7 42
5 19
6 64
9 60
3 59
2 61
2 92
7 67
7 57
4 11
9 27
4 56
4 87
8 17
2 61
10 52
5 1
1 3
5 39
1 53
4 2
10 25
2 6
7 16
10 48
1 49
10 58
5 42
7 28
4 81
9 77
10 45
5 76
9 79
9 12
6 73
10 2
10 34
10 2
7 69
5 20
10 72
2 10
3 37
3 20
7 92
10 39
7 70
10 46
10 51
1 35
10 40
9 87
9 68
7 30
5 89
8 34
2 74
1 82
10 64
2 62
3 66
9 74
5 34
4 1
10 23
4 89
5 40
6 100
4 11
4 73
10 88
9 69
6 73
1 46
8 19
2 95
9 39
8 10
7 91
1 95
4 91
10 76
3 8
6 42
10 59
9 71
8 27
10 59
3 94
6 18
1 75
2 47
9 87
1 91
1 85
2 64
9 58
7 70
4 25
1 97
2 20
6 29
3 61
5 18
1 37
2 74
7 68
8 22
2 38
6 66
7 52
6 33
2 82
6 2
8 37
1 76
4 34
4 89
3 31
6 62
1 82
7 83
4 52
5 7
3 75
5 81
7 5
2 50
8 65
3 100
3 68
2 80
1 72
1 1
9 72
9 32
9 9
1 91
2 81
2 94
7 68
6 46
5 91
10 51
6 41
1 20
3 48
6 24
9 48
3 92
2 9
4 48
2 26
2 68
3 7
3 1
1 3
3 60
7 95
10 7
5 20
4 26
8 20
5 14
1 84
7 46
6 41
2 14
10 5
8 65
4 5
9 86
10 42
6 55
7 100
9 55
10 51
4 18
6 73
8 48
7 70
2 87
3 16
1 53
8 14
3 26
5 75
4 57
9 87
2 51
3 51
2 42
2 59
4 45
10 17
10 66
8 68
2 99
10 51
10 66
7 76
1 71
1 58
8 100
4 3
3 85
5 19
6 85
8 46
1 90
4 52
5 21
3 91
3 18
2 93
2 44
8 69
5 8
10 25
3 85
8 70
7 47
7 24
3 68
1 25
3 9
7 45
9 65
7 7
5 65
5 71
5 56
9 39
5 46
9 61
9 37
1 32
1 27
10 19
7 11
9 51
2 74
3 80
2 86
3 60
5 87
6 36
1 58
8 68
3 27
2 77
6 91
8 17
2 40
4 51
3 29
3 98
3 45
3 14
10 59
8 30
6 92
8 52
9 10
4 10
4 97
2 97
3 68
