3 65
1 21
5 98
3 6
5 92
10 23
6 86
8 32
10 23
3 4
9 94
4 63
3 54
5 22
1 61
6 76
5 2
10 91
4 39
6 66
6 5
7 47
3 23
3 77
1 86
7 48
2 65
4 69
10 27
5 93
10 14
2 50
4 71
1 9
1 4
2 94
2 4
5 7
7 97
1 97
3 88
7 57
5 44
5 26
8 49
9 23
10 26
6 68
4 82
1 79
7 12
4 65
10 21
8 15
5 55
3 55
9 60
4 31
5 90
6 27
8 66
9 2
10 11
3 51
1 49
6 67
8 32
7 33
9 91
8 63
7 73
4 48
8 64
6 67
2 80
6 71
2 31
5 88
4 83
10 87
4 34
2 62
3 15
1 79
4 32
10 55
6 12
10 87
9 6
8 51
7 61
2 60
3 20
4 4
7 18
3 11
4 7
8 41
6 9
9 71
4 3
1 36
4 87
6 17
4 39
5 85
4 46
2 92
9 34
9 26
3 63
9 56
9 61
1 10
10 19
1 80
10 3
3 28
9 23
4 14
2 43
9 52
4 77
10 51
3 7
6 22
10 58
9 98
1 72
3 95
3 52
5 35
5 94
6 89
7 67
8 90
4 6
10 20
9 41
4 30
3 91
3 32
6 88
3 32
3 100
8 87
4 64
5 28
8 62
3 22
8 92
1 36
3 40
4 41
6 27
4 29
7 64
9 1
1 52
1 47
10 17
7 78
10 44
9 94
2 64
4 83
4 1
6 89
5 81
6 39
3 54
6 32
4 93
1 48
3 99
6 75
7 55
6 21
7 87
1 66
7 88
3 16
7 82
8 16
6 85
8 82
2 35
1 18
6 90
9 44
2 68
9 79
10 82
5 58
6 14
5 31
2 75
5 38
5 56
3 26
9 52
9 55
3 73
7 4
3 10
9 27
8 35
2 36
8 5
5 3
8 72
9 79
1 43
9 27
8 22
3 63
7 1
4 9
2 68
1 22
6 50
7 65
1 89
10 53
1 2
1 15
1 94
9 39
1 12
1 37
2 8
3 58
1 74
2 8
5 33
4 55
8 83
6 20
1 33
8 60
4 75
1 30
5 39
6 14
10 68
7 47
1 59
4 72
2 85
4 76
4 3
10 44
5 95
7 49
3 40
2 11
9 74
9 4
9 67
2 10
9 26
8 37
2 34
7 53
8 95
7 13
3 62
5 80
3 15
10 69
3 77
10 94
9 13
10 41
2 75
6 56
3 61
6 19
9 90
2 24
9 100
5 15
4 11
10 60
1 35
9 39
2 76
5 10
9 49
2 34
8 2
7 11
9 63
7 70
3 22
9 34
10 25
8 31
3 46
2 12
5 83
7 23
4 30
4 59
10 90
8 65
1 1
9 81
7 46
10 36
4 95
3 3
2 88
7 7
1 49
5 99
3 35
5 65
8 39
5 37
9 76
5 92
5 75
4 3
7 40
6 83
7 80
5 70
10 77
3 33
8 7
8 51
4 71
7 93
4 65
3 95
5 51
5 46
7 76
5 56
10 59
9 14
10 33
3 76
4 38
2 4
3 69
4 89
8 74
3 47
5 62
7 18
5 79
10 91
7 33
9 30
5 4
5 33
4 75
9 81
7 78
10 48
8 81
3 76
10 38
1 56
8 54
3 53
10 31
10 15
8 85
4 66
6 3
7 48
8 61
6 28
4 77
5 86
4 91
2 30
10 1
4 67
5 64
9 9
9 5
10 90
8 85
1 23
3 68
5 35
10 68
3 18
8 74
8 12
3 85
1 100
10 85
5 27
8 32
6 62
9 99
10 81
8 68
7 90
9 11
4 62
10 51
6 67
9 55
10 100
10 22
6 49
1 76
2 38
5 67
5 79
1 95
2 3
4 94
6 7
7 56
2 82
6 78
6 86
5 66
1 20
8 15
9 22
9 3
9 88
6 20
2 50
4 35
7 87
10 96
4 1
4 22
9 6
10 82
2 40
9 20
3 6
7 66
10 3
8 6
9 99
9 67
2 24
5 100
10 43
4 97
10 89
4 7
8 26
6 90
4 57
9 45
7 17
1 27
5 87
9 53
6 96
6 5
7 80
2 46
6 79
8 6
1 67
10 73
10 6
6 83
10 8
9 21
4 78
8 73
5 59
1 48
2 8
7 45
5 80
4 25
6 17
6 14
5 86
2 2
9 70
9 100
9 6
1 100
2 23
8 80
10 71
3 95
4 70
10 36
6 56
3 81
2 22
2 13
7 27
5 48
1 54
8 53
6 38
9 14
3 69
7 8
9 26
4 34
5 18
8 33
8 54
1 26
2 79
4 40
4 26
1 44
3 23
3 87
3 6
8 79
1 89
7 30
7 73
4 45
1 88
4 33
9 80
1 20
4 59
10 22
8 22
3 86
5 31
7 25
1 7
4 87
9 58
6 34
10 4
8 87
2 96
6 67
10 23
9 18
2 62
4 48
1 20
2 50
2 64
1 36
3 40
1 21
6 12
10 47
7 14
8 78
1 39
9 7
2 26
3 2
5 96
4 5
4 84
1 24
4 65
7 63
9 67
2 83
4 27
4 57
5 92
3 28
2 63
5 82
6 82
10 62
3 57
6 85
4 29
1 60
5 82
6 98
7 69
10 91
5 4
1 89
10 58
6 58
4 2
8 99
8 27
5 44
1 29
5 97
9 52
5 14
4 32
10 54
2 65
2 71
7 29
7 82
6 15
8 72
8 47
6 31
4 64
1 38
9 13
1 61
10 9
10 9
9 5
3 74
3 69
8 89
5 84
1 36
10 92
1 18
1 74
8 17
9 26
9 61
9 72
7 99
1 83
1 95
9 91
3 19
8 46
9 22
8 47
9 84
5 5
10 96
10 51
6 57
10 77
10 5
8 38
4 69
2 55
3 62
9 61
8 4
10 71
6 10
6 76
6 2
5 13
6 62
2 66
1 48
1 92
7 82
4 95
10 39
7 97
7 39
9 11
10 42
3 94
8 13
8 38
10 40
9 53
6 20
4 24
5 89
4 88
2 60
10 39
2 44
1 76
2 55
9 1
9 24
2 84
8 31
8 26
6 88
9 88
7 74
7 12
4 84
6 32
2 63
3 26
1 4
1 53
10 44
9 75
3 2
10 52
1 88
4 66
6 18
9 64
10 99
8 49
8 34
10 86
9 11
10 85
9 64
8 7
10 47
6 69
10 81
1 95
9 35
3 20
8 9
3 66
2 89
9 89
6 99
2 44
8 75
4 18
10 87
9 23
4 60
1 92
2 80
1 53
10 18
1 14
6 41
3 41
8 74
7 56
10 58
3 98
3 17
10 71
4 82
8 9
9 55
2 3
9 23
7 73
6 87
3 78
4 35
9 59
3 40
8 100
7 99
8 53
1 39
2 83
5 32
2 9
9 96
5 14
3 7
8 4
1 100
10 3
10 54
10 49
2 45
6 70
3 47
3 65
10 39
4 70
1 1
7 62
5 74
10 33
2 27
2 2
4 23
1 6
6 43
9 78
4 86
8 67
10 25
8 82
6 47
10 76
10 2
6 61
5 35
2 28
7 100
6 38
4 45
1 21
4 53
7 44
4 95
5 6
2 5
4 95
4 44
6 6
8 78
4 85
5 29
8 51
8 21
2 49
10 54
5 45
1 76
4 4
3 96
1 99
2 32
8 69
2 2
10 46
9 61
3 95
2 58
4 7
6 43
3 39
4 86
4 63
1 81
2 97
9 89
10 86
4 53
6 59
2 93
6 90
10 84
7 59
5 28
2 94
4 85
8 27
7 85
3 66
5 67
2 33
9 54
7 47
3 65
1 10
9 89
3 13
1 67
1 29
3 80
7 10
8 91
5 58
3 11
5 54
9 90
4 57
3 70
6 66
4 51
7 62
8 70
3 63
3 21
10 12
9 38
8 86
9 46
10 40
7 84
7 43
5 87
7 20
10 55
4 52
9 59
7 59
8 79
10 36
6 66
8 17
6 62
5 70
10 73
4 56
3 27
5 97
6 54
2 95
10 79
7 84
4 62
2 80
8 82
9 65
1 14
8 75
9 12
4 34
9 57
8 59
10 34
1 9
10 34
9 62
6 96
3 29
3 47
10 82
6 69
8 56
10 70
5 71
2 12
8 19
4 25
5 17
2 79
1 69
2 51
9 88
9 40
1 85
2 3
10 96
3 22
1 43
9 6
5 97
3 34
7 59
9 65
1 61
9 24
2 19
7 54
8 14
10 96
3 84
7 29
10 91
1 19
10 9
4 81
6 16
1 70
7 92
4 18
2 92
4 47
1 58
9 10
1 52
7 44
4 76
6 94
2 55
1 97
9 50
6 63
9 13
1 83
1 13
7 75
7 18
4 77
7 22
10 59
10 38
10 12
3 78
1 13
1 75
8 12
4 22
5 76
9 92
8 43
10 90
6 69
3 50
8 62
9 23
6 18
2 87
6 12
10 7
6 22
10 40
4 61
2 85
2 53
6 96
4 96
10 35
10 75
4 57
