1 64
5 2
3 71
6 34
4 76
8 35
7 94
9 25
8 23
3 50
2 39
5 93
2 67
7 98
8 54
5 80
7 10
3 26
8 38
7 19
3 59
5 76
7 94
4 92
2 13
3 44
3 86
3 98
5 37
5 53
7 40
8 74
3 70
1 64
6 49
2 73
3 29
1 42
7 30
1 86
7 26
2 44
5 58
4 66
4 27
3 46
1 96
9 20
8 10
10 2
6 11
6 17
6 64
9 83
10 8
3 39
3 62
8 13
7 63
4 15
9 57
8 33
4 7
2 48
1 55
6 95
10 68
10 62
7 30
3 17
8 57
2 62
7 65
10 71
9 86
4 63
5 14
2 51
4 36
9 20
9 85
6 84
1 9
2 74
4 5
1 4
7 31
3 12
3 83
10 59
9 46
8 38
2 20
3 70
9 60
7 84
5 23
8 91
5 78
2 99
3 26
1 22
7 77
9 44
4 56
2 51
3 99
8 73
7 2
4 8
9 6
1 25
5 87
8 81
4 65
1 69
7 85
10 24
6 24
2 15
3 24
9 45
5 50
8 24
1 27
9 64
6 78
5 99
4 32
2 63
6 8
4 17
2 46
3 19
9 15
1 93
7 26
5 3
7 58
8 75
9 33
7 30
10 61
8 2
4 49
4 56
9 63
5 47
7 93
8 49
8 75
4 13
1 40
7 87
3 72
8 73
6 46
6 23
7 6
1 25
6 16
7 52
5 81
7 11
10 66
7 96
8 42
7 28
2 8
5 64
7 27
1 39
1 91
6 21
8 66
2 9
4 39
6 79
2 70
2 100
6 77
4 67
9 39
9 66
7 51
3 70
1 96
10 16
5 16
10 6
1 4
1 18
9 11
8 77
8 11
7 11
5 9
4 15
9 88
1 30
2 25
7 18
7 50
8 1
6 77
9 88
3 40
7 7
4 60
2 7
1 39
5 35
6 96
10 6
5 41
5 53
4 67
5 10
1 5
3 82
5 6
9 37
10 79
7 33
8 2
10 87
4 51
6 89
10 32
2 93
1 34
2 51
7 15
2 44
9 54
1 51
6 95
8 48
7 92
3 95
10 93
10 63
4 66
8 5
2 74
8 65
10 4
5 71
2 37
1 63
1 60
3 99
10 88
9 70
8 56
2 66
9 81
9 30
5 20
4 2
7 11
3 77
7 59
2 98
3 87
5 23
6 100
8 31
1 17
8 13
8 54
9 98
10 18
5 80
2 62
3 98
2 25
4 65
6 21
8 100
7 96
8 84
10 77
10 34
10 73
10 71
6 35
8 95
4 8
2 21
9 19
5 74
8 37
3 57
8 100
3 24
6 64
5 54
8 55
3 93
3 42
9 66
10 93
9 32
8 74
3 21
5 40
3 29
2 27
10 45
8 44
1 11
1 30
9 62
1 91
4 80
3 10
7 68
2 43
7 49
1 2
8 45
8 36
2 73
9 91
1 14
10 36
8 25
6 32
3 82
7 72
6 22
2 34
7 84
6 62
5 56
6 66
5 96
3 11
4 15
1 28
1 82
8 52
8 13
2 56
10 88
7 11
7 60
9 47
3 62
2 53
1 83
9 23
10 53
2 82
1 50
5 64
7 3
2 57
9 4
10 87
5 3
4 39
10 26
5 55
4 27
2 97
3 71
5 94
1 86
1 96
10 87
5 97
5 72
10 58
10 46
3 17
1 83
4 52
6 51
3 99
3 33
6 80
4 3
6 45
4 83
10 30
4 10
4 41
7 85
2 32
8 10
10 74
7 8
1 27
5 24
4 75
3 90
4 29
1 100
7 85
7 14
3 95
7 46
2 42
4 22
6 42
7 85
8 74
4 34
7 67
9 49
1 42
7 45
6 9
9 34
10 54
7 80
2 67
2 20
8 66
1 80
7 56
1 66
6 9
8 14
8 21
1 17
5 86
4 14
5 19
2 4
6 100
3 78
1 75
8 52
2 99
2 57
7 99
6 10
7 31
4 39
2 96
2 77
6 6
2 65
8 68
10 67
7 42
6 47
10 66
9 97
5 42
9 15
9 83
2 25
6 76
2 85
1 37
4 9
2 33
1 22
5 39
4 39
5 90
9 43
3 69
5 88
3 23
8 81
9 86
1 7
3 11
10 28
2 38
5 72
10 41
5 49
9 40
1 43
7 55
3 42
5 55
1 1
7 66
2 71
8 2
10 91
3 94
3 80
2 34
10 83
4 60
2 99
4 84
2 96
7 76
8 16
8 29
4 39
2 51
2 65
4 47
8 38
6 43
10 33
9 70
6 70
4 31
2 91
4 54
7 78
1 82
7 45
3 69
6 39
9 61
10 43
10 4
3 83
5 28
3 64
10 4
6 12
3 55
1 49
9 22
10 36
6 26
4 46
6 6
10 80
7 58
4 82
2 37
1 19
2 67
10 23
7 88
2 66
7 38
2 17
8 25
2 79
1 42
1 38
1 97
8 92
7 36
5 60
7 74
3 94
4 85
6 68
1 9
6 60
1 77
7 3
1 43
5 11
8 23
9 33
5 33
9 33
8 13
1 67
7 21
6 40
1 50
7 18
4 3
10 25
4 48
2 75
9 11
10 43
1 49
4 95
4 99
10 43
10 47
2 30
8 31
9 76
3 2
1 29
3 95
4 10
9 78
10 6
10 73
4 56
1 60
7 96
8 69
3 15
8 99
6 85
6 74
4 87
9 65
3 33
2 60
10 70
10 29
2 2
2 93
5 86
4 72
9 84
9 38
8 21
2 66
5 80
3 1
9 16
9 59
4 31
1 94
7 95
7 4
10 97
9 96
8 52
10 72
6 72
10 63
8 81
1 42
5 8
7 5
1 100
1 79
10 65
4 62
7 59
7 62
10 30
4 98
7 79
8 26
2 82
8 19
4 62
6 80
8 75
6 29
7 59
4 47
1 5
3 88
1 2
3 85
6 17
5 62
3 38
8 24
3 92
1 27
4 49
1 16
8 7
9 30
9 28
1 9
1 82
2 6
2 53
6 67
5 35
3 4
2 99
9 100
2 13
5 42
7 73
3 85
5 31
2 27
9 48
6 11
9 60
9 15
8 76
3 69
4 22
6 12
5 44
6 64
9 57
4 64
9 12
2 29
5 7
6 68
2 47
5 83
4 11
2 36
3 79
2 55
5 68
6 39
5 41
2 85
2 20
6 66
3 67
8 59
10 63
5 62
1 80
1 34
6 55
5 15
10 45
1 37
4 51
9 73
6 83
3 76
5 3
10 27
2 45
2 30
7 7
5 48
3 52
8 20
7 69
10 4
6 55
5 95
4 73
2 61
9 90
2 67
2 92
5 47
2 16
7 27
2 28
9 30
6 67
10 57
4 52
1 9
10 12
5 57
1 33
9 3
4 62
3 59
5 89
7 67
1 33
10 99
7 65
9 29
10 44
10 25
10 19
7 44
2 33
8 27
9 56
3 36
5 10
3 83
1 57
3 71
6 87
2 56
9 33
4 17
6 16
10 48
3 56
2 73
4 90
2 81
3 72
5 11
9 91
9 69
2 40
7 18
6 7
4 27
7 70
3 72
1 95
1 34
7 75
7 19
9 58
4 2
4 67
5 36
1 44
3 96
6 26
8 4
9 41
9 60
7 67
10 1
2 68
1 82
2 54
8 38
10 22
5 12
3 19
7 32
8 18
5 15
6 12
10 17
6 1
8 99
1 25
3 89
7 16
7 38
3 38
6 11
7 78
8 85
3 90
9 46
6 73
2 64
10 76
4 74
4 38
8 4
5 26
8 26
4 3
5 40
9 36
3 89
8 54
7 86
8 99
7 23
1 28
2 21
6 56
6 19
5 8
4 35
10 44
3 95
9 44
10 50
8 19
9 93
3 81
2 12
4 62
1 38
5 45
3 92
8 63
4 35
3 45
3 91
5 25
6 49
7 48
5 22
2 39
8 54
8 63
4 17
5 52
1 100
8 89
2 51
4 65
4 86
7 63
5 54
10 35
3 35
9 87
3 9
10 56
5 93
9 22
8 58
1 83
7 99
4 3
5 39
2 70
8 9
8 99
9 94
7 49
2 78
10 68
7 15
1 50
3 4
1 68
1 95
9 73
7 22
6 29
7 100
5 6
6 83
2 24
5 85
1 56
9 1
1 28
10 72
5 13
4 94
3 1
6 79
7 57
6 83
10 52
4 30
9 6
10 52
8 63
10 61
7 78
1 41
4 42
1 76
8 90
6 80
9 19
4 56
1 95
7 54
3 59
1 33
2 44
2 93
3 84
4 7
3 97
5 28
9 8
9 83
6 15
6 32
5 4
6 17
6 35
2 15
6 99
2 96
8 82
8 57
7 66
4 75
7 79
7 1
6 19
5 80
10 78
3 78
6 44
6 13
7 53
8 11
5 68
4 13
8 55
4 77
4 70
1 41
7 70
6 61
10 46
9 53
5 78
7 5
7 49
4 94
6 17
8 65
5 93
10 11
1 71
6 92
5 95
8 85
6 49
10 2
4 95
