10 40
9 27
5 62
1 7
3 11
9 5
5 75
3 85
9 6
3 70
8 43
7 78
4 57
7 44
5 35
6 1
3 52
2 63
9 1
4 87
4 92
6 97
1 61
10 98
8 48
6 86
4 34
10 44
4 9
2 3
3 64
6 10
2 4
4 40
7 94
2 43
7 8
3 60
3 18
10 84
1 34
8 41
4 13
4 55
3 15
7 58
4 13
5 86
5 86
7 99
4 67
9 43
2 16
4 92
4 73
2 51
8 66
8 3
7 39
5 84
6 23
6 45
1 19
5 89
3 67
9 74
4 6
3 18
6 9
8 31
4 63
2 26
4 98
10 5
9 68
3 39
10 88
5 45
6 73
2 10
4 48
9 43
4 43
5 37
7 17
10 12
1 14
1 6
2 99
10 86
1 93
1 63
4 36
8 53
8 16
3 82
3 75
4 5
10 57
4 19
8 53
6 68
7 93
4 91
10 1
9 22
9 1
4 97
4 61
2 36
1 55
5 12
10 33
8 59
5 84
8 66
7 9
10 41
8 6
5 12
1 8
7 57
8 92
3 4
4 53
6 72
3 35
9 45
8 82
10 76
7 29
3 32
4 80
3 17
10 65
2 38
7 96
3 47
4 79
8 26
5 6
8 28
6 27
1 89
8 22
4 33
1 23
4 69
6 4
8 82
5 10
6 81
1 33
7 92
7 82
9 49
6 61
7 57
10 83
3 23
5 64
4 87
7 94
10 14
1 28
3 58
3 50
2 72
10 63
3 49
9 55
7 33
2 34
1 9
9 64
6 37
10 74
7 35
7 43
6 43
1 79
6 36
4 5
7 40
5 93
3 48
8 85
7 23
9 65
2 34
3 1
9 20
10 3
9 8
1 62
8 60
1 79
1 12
2 10
5 60
4 33
7 19
10 85
2 15
6 66
7 58
5 14
4 11
10 78
9 69
9 17
4 72
6 6
1 70
1 37
4 66
4 17
10 25
9 73
10 1
3 85
6 71
7 24
5 88
1 52
3 40
9 91
9 40
4 37
5 51
3 67
1 12
6 6
5 26
7 64
1 20
1 65
10 52
2 6
1 99
6 18
5 73
5 9
6 63
3 60
1 29
1 27
4 6
7 17
9 26
10 19
8 89
8 28
2 77
8 5
7 78
8 46
1 54
7 41
9 38
6 51
1 26
9 93
6 13
3 8
5 38
4 77
10 99
3 89
1 23
9 40
8 55
2 5
5 73
5 86
2 61
1 26
4 81
8 42
8 49
4 28
3 44
5 87
1 71
9 11
6 36
2 4
2 67
6 99
6 32
6 45
9 88
6 57
2 6
6 21
8 2
3 53
9 58
2 12
3 45
3 35
10 98
5 68
5 37
5 60
5 13
8 97
2 54
10 20
1 45
8 79
9 63
2 75
8 91
2 60
5 17
10 46
9 72
7 28
4 18
9 44
7 19
6 83
1 56
7 39
7 79
6 99
2 17
3 49
10 71
9 68
10 70
7 70
5 34
3 61
8 29
1 70
2 50
6 2
7 13
2 77
4 22
10 5
7 95
6 33
1 14
6 7
8 96
5 48
4 28
5 54
2 40
7 96
5 98
5 42
1 22
7 32
6 20
4 18
10 90
7 86
6 1
3 58
6 13
3 8
6 26
9 64
8 57
4 13
1 44
9 36
2 75
8 50
10 40
3 77
10 82
5 59
7 46
6 92
9 71
2 45
7 48
3 46
4 68
1 64
5 22
9 51
6 83
4 68
2 10
10 63
2 34
2 50
6 87
7 93
9 3
4 9
5 31
9 100
6 67
3 66
2 70
4 60
5 51
9 71
2 10
4 51
2 80
4 89
9 55
5 6
10 28
10 55
1 26
1 47
7 48
6 52
5 3
4 78
9 55
9 61
2 88
2 2
7 1
2 53
2 18
10 50
9 79
6 86
1 33
5 26
6 31
6 16
9 53
1 45
1 42
1 67
9 53
6 75
3 40
8 94
9 8
9 54
5 48
7 76
3 16
1 18
8 53
2 35
7 24
3 30
2 61
2 57
10 88
10 54
8 99
1 64
4 21
8 93
8 90
9 23
6 51
7 78
10 98
7 49
8 1
6 9
9 20
7 62
7 76
8 28
2 70
7 47
10 54
3 15
5 66
9 85
4 10
4 62
8 30
7 94
8 50
6 28
6 90
5 4
9 63
9 76
5 71
7 67
4 89
2 5
1 84
1 56
7 34
9 7
8 72
10 22
6 49
1 5
9 68
8 6
4 72
2 82
1 92
3 48
3 60
10 51
8 63
9 5
8 70
8 92
2 45
3 56
2 69
7 88
4 82
9 39
8 12
1 87
8 98
4 61
10 34
7 35
6 24
10 24
2 29
8 30
1 40
3 90
6 82
10 60
9 79
10 49
10 29
9 23
10 12
9 80
6 19
8 39
10 47
8 29
8 29
1 16
4 7
9 14
9 28
7 65
10 44
4 22
6 13
10 32
1 39
3 95
5 27
7 15
1 27
9 71
9 18
2 58
6 71
5 94
6 3
1 72
8 37
6 7
1 42
2 32
6 15
1 60
4 15
2 18
3 77
4 60
7 98
1 37
3 83
4 36
9 100
2 56
10 21
1 37
1 78
2 95
5 11
8 5
5 57
6 24
2 81
8 75
10 54
9 68
1 73
8 21
4 77
9 69
2 77
9 10
10 8
6 84
1 56
3 99
6 47
7 34
9 18
2 63
10 47
4 68
8 54
6 9
4 36
8 28
2 37
5 71
1 25
9 15
7 13
9 6
2 24
4 79
3 61
5 66
7 16
6 52
10 21
6 56
5 72
5 100
1 44
2 31
5 15
9 53
9 32
5 46
3 24
4 59
3 85
7 78
10 85
1 53
1 55
5 34
9 17
7 94
10 23
5 32
8 87
6 45
3 31
5 63
4 67
5 79
5 44
9 84
3 82
1 66
6 32
4 79
3 32
2 1
6 37
1 61
10 98
4 40
8 94
7 29
2 17
2 22
9 27
1 45
6 11
2 3
3 100
4 83
4 79
5 54
5 64
3 50
8 71
1 41
5 75
2 64
1 59
6 17
4 21
10 35
4 48
10 49
7 62
4 34
8 92
2 68
7 78
1 30
10 66
7 44
10 99
8 99
3 76
5 99
1 44
8 47
6 26
7 99
3 46
7 19
7 81
1 59
3 31
5 23
7 43
1 22
6 61
9 48
2 35
9 5
5 49
2 100
6 88
3 9
3 26
2 48
9 28
8 96
4 92
5 39
7 26
3 22
4 95
9 65
5 58
6 66
8 100
2 56
8 6
3 96
8 100
4 87
9 24
1 78
6 97
1 43
4 56
8 17
2 90
5 24
2 68
8 98
4 100
5 86
1 40
3 16
4 5
6 93
10 97
10 37
7 98
8 59
3 91
2 86
8 42
3 19
1 66
1 66
10 9
3 53
9 82
2 59
6 4
1 51
6 76
10 30
6 18
9 71
7 17
7 34
3 38
5 59
8 82
5 57
3 65
7 3
8 84
6 91
7 38
8 11
3 51
7 1
4 14
1 51
10 29
4 31
2 83
8 72
7 6
7 36
3 30
2 50
7 55
10 36
1 15
1 62
6 20
10 24
7 1
10 23
2 83
9 20
3 8
3 78
10 40
6 98
6 93
3 36
3 69
6 1
10 18
1 4
4 22
3 38
6 72
3 23
10 31
7 66
7 78
9 21
6 46
2 3
9 17
3 79
8 36
9 66
7 28
10 28
7 13
10 76
10 23
8 38
8 58
5 83
9 13
7 81
3 91
2 16
1 19
1 4
8 11
6 12
1 45
5 88
1 41
10 76
3 49
10 26
10 6
1 63
3 17
6 61
5 4
6 32
2 3
4 95
8 90
1 38
6 8
4 95
7 46
9 18
3 75
7 86
9 9
4 9
1 37
7 55
1 79
4 80
9 25
9 100
2 38
6 1
9 6
8 12
7 61
6 24
9 9
8 57
8 62
1 5
10 62
1 73
9 33
5 95
9 16
3 43
9 53
5 68
8 54
2 93
5 40
8 29
4 39
8 44
3 93
2 4
7 95
5 81
9 15
5 9
2 88
4 36
6 65
4 55
6 54
7 36
6 97
5 78
8 52
6 3
8 78
5 21
10 37
3 9
7 24
3 51
10 35
8 74
6 100
5 27
4 60
6 2
6 23
6 45
4 80
8 51
8 49
1 48
7 28
4 6
1 64
9 60
2 27
2 47
6 68
8 35
8 100
4 59
2 74
2 54
9 37
2 86
1 63
5 10
3 7
6 52
7 71
7 85
5 97
2 45
5 88
9 52
4 39
2 16
5 98
9 48
3 33
7 96
1 95
3 10
3 27
4 95
10 33
7 77
9 24
3 58
10 36
8 61
3 85
9 91
1 96
1 71
10 60
2 27
2 48
5 45
4 32
2 35
6 59
1 12
5 57
4 20
2 45
10 46
8 18
10 32
6 62
6 43
9 76
7 6
10 92
1 26
8 57
