9 33
5 85
5 27
1 37
10 26
4 94
10 24
6 45
4 15
3 56
8 44
9 26
1 80
9 75
2 53
7 85
2 33
3 25
6 43
10 5
3 78
7 71
1 32
4 74
5 40
10 68
8 61
5 29
8 36
3 27
5 33
7 11
1 17
2 44
5 50
2 71
1 44
7 47
4 65
3 47
9 41
4 10
5 76
1 3
3 92
5 33
6 31
8 98
9 94
6 97
2 89
5 74
4 84
9 56
1 14
4 2
7 72
6 61
3 52
3 9
5 100
2 42
7 47
8 38
3 96
10 58
2 51
10 87
9 53
5 9
8 99
7 71
8 42
6 45
10 2
1 86
5 76
2 32
10 82
9 87
7 60
2 35
3 9
4 54
4 25
3 50
1 64
8 15
3 99
6 26
2 28
4 87
2 16
9 25
3 36
6 64
8 20
2 14
8 82
3 27
1 26
8 95
5 62
4 26
7 55
5 5
7 93
7 60
9 52
10 40
4 39
3 17
9 41
1 72
5 67
8 93
2 57
5 49
3 9
2 60
9 10
7 48
3 14
4 88
5 16
6 49
5 25
3 40
7 18
4 18
9 18
3 12
6 15
4 14
3 4
2 100
2 56
7 21
6 57
5 52
5 88
1 76
3 74
3 63
10 57
5 23
6 66
9 14
9 6
5 80
2 35
7 35
3 17
7 39
2 26
2 16
10 39
3 93
4 61
5 39
7 21
8 11
7 96
5 73
3 95
10 38
3 90
8 60
6 40
3 82
3 68
3 99
10 79
7 12
5 18
3 67
2 25
10 90
4 26
1 57
7 86
6 100
8 19
3 17
4 63
4 34
10 19
4 82
4 78
6 26
4 6
10 48
6 75
9 8
1 32
6 71
10 22
8 26
2 79
10 39
9 20
8 11
10 24
2 44
6 9
10 42
2 96
5 82
4 69
5 77
4 65
2 47
3 97
10 8
3 88
4 85
2 48
10 98
7 38
5 67
9 68
3 64
7 13
7 48
7 84
9 94
4 45
1 81
5 58
10 75
1 37
4 93
1 68
7 49
2 49
6 37
1 43
2 72
9 80
6 75
2 37
4 14
9 65
2 52
9 28
3 25
6 23
2 8
7 62
7 98
3 46
4 70
5 74
5 86
8 93
8 94
7 14
10 81
8 80
6 1
4 89
9 68
4 1
1 29
6 35
4 4
2 88
1 12
4 21
8 2
10 85
6 35
2 36
7 3
4 82
8 28
10 59
8 67
5 31
9 97
5 27
8 31
3 48
4 84
1 56
6 1
9 63
3 100
10 95
2 84
7 72
6 60
9 87
9 94
1 18
6 88
8 38
10 19
9 73
4 45
8 23
7 5
1 100
3 93
9 18
9 16
10 26
10 46
2 1
9 1
10 94
6 82
2 15
4 13
8 92
1 89
7 65
9 96
2 91
8 56
3 55
6 4
4 42
3 45
1 61
8 81
8 69
10 82
4 80
3 95
5 40
5 73
1 84
6 73
4 68
10 70
3 45
10 18
9 50
10 15
10 27
2 60
1 1
1 68
7 16
8 47
8 17
7 85
9 98
6 92
3 68
7 82
1 55
8 24
7 82
2 41
2 75
2 32
9 98
6 66
6 26
4 76
7 28
7 72
4 41
5 22
5 78
3 66
2 51
2 41
4 61
9 50
5 25
3 60
8 27
2 46
10 63
8 86
10 36
2 19
7 15
2 41
6 75
3 75
6 87
8 21
2 23
9 32
8 29
5 84
4 8
5 49
10 100
9 49
7 73
7 45
2 25
1 23
9 82
2 29
9 76
3 72
3 77
1 96
8 62
8 40
6 38
2 34
4 95
9 9
3 52
6 95
5 71
8 22
4 35
10 39
10 86
7 87
9 2
7 13
10 66
9 28
6 60
1 38
5 29
10 67
8 77
2 85
7 73
1 16
6 59
9 22
1 57
7 64
5 59
6 77
3 11
6 9
3 95
7 93
3 54
7 26
9 15
9 15
3 3
1 20
1 5
5 97
6 57
8 57
6 11
9 17
10 63
9 82
3 1
3 22
7 66
3 57
8 74
2 28
2 49
1 79
2 50
2 21
10 90
10 45
10 58
2 4
2 92
3 54
1 97
7 58
3 13
8 74
1 22
2 76
10 38
9 27
5 49
6 62
4 64
5 24
4 65
6 4
6 63
5 39
7 81
1 41
6 6
6 77
3 28
7 97
2 84
8 14
4 6
10 56
7 43
3 50
10 63
3 50
9 16
5 76
9 37
6 30
8 7
7 100
6 92
1 85
5 57
2 62
1 54
2 6
8 22
9 28
10 53
4 57
8 7
1 70
7 5
7 2
4 3
4 48
5 81
7 85
8 71
1 89
7 45
1 21
5 87
9 8
3 62
2 18
6 8
7 11
5 82
9 68
8 81
2 22
7 87
4 72
3 32
6 46
7 37
8 68
1 72
5 40
7 18
9 57
4 70
4 89
3 40
8 66
9 34
1 29
10 58
4 7
9 25
10 45
6 20
7 56
8 90
8 55
1 86
1 53
7 79
3 35
3 62
2 70
10 51
9 41
7 19
8 82
4 6
9 87
7 26
7 1
3 94
1 93
1 81
1 95
1 82
10 88
9 72
10 40
10 2
7 38
9 58
5 76
7 63
5 74
2 10
9 30
8 34
9 86
1 36
2 35
5 14
9 26
7 10
3 81
8 68
8 40
8 54
7 22
7 8
1 88
5 92
1 36
6 47
5 82
9 2
8 72
3 85
5 29
9 49
9 41
3 37
8 39
2 79
6 24
8 81
7 40
8 9
3 43
5 61
1 94
1 43
8 7
10 73
2 39
5 33
2 8
8 65
3 56
7 74
5 25
10 18
9 54
8 20
2 30
8 76
3 20
9 24
8 96
10 75
6 94
10 69
8 65
2 4
5 45
7 70
9 46
2 7
6 38
4 85
5 30
3 75
7 6
3 84
9 2
10 63
3 40
10 77
1 93
8 41
3 52
1 15
2 63
6 43
7 76
8 93
4 87
7 64
9 15
3 64
4 90
5 45
1 3
4 78
7 67
6 94
6 80
6 54
5 55
2 64
8 92
5 56
9 100
3 77
4 91
6 59
5 48
8 49
4 54
6 75
1 57
5 81
8 78
8 62
8 43
3 8
7 23
5 56
5 78
10 68
4 94
4 78
7 27
10 39
5 49
3 48
9 68
7 52
3 100
2 92
2 99
3 84
4 32
2 20
7 57
1 23
6 65
4 36
8 8
8 10
4 77
3 34
2 55
3 69
5 11
5 55
6 98
9 16
4 27
5 73
1 60
1 48
6 14
6 33
4 15
5 76
1 92
6 56
1 52
9 33
7 36
3 79
6 37
1 56
10 68
10 97
8 60
9 37
8 87
1 46
6 19
10 28
4 48
8 55
8 80
8 28
10 86
1 53
9 52
6 16
4 67
2 4
3 49
10 63
3 63
9 86
9 45
6 81
4 99
1 18
4 90
6 26
4 93
1 89
1 38
8 68
4 96
7 48
2 78
9 50
1 30
7 13
2 57
2 56
8 91
9 53
4 59
6 15
8 69
3 25
2 36
8 72
3 84
3 44
7 12
9 2
3 84
10 88
3 6
3 34
8 84
6 57
10 83
4 71
2 10
1 44
9 21
3 64
10 5
8 85
5 27
1 39
10 53
6 70
4 97
9 49
5 8
6 46
6 74
9 26
10 52
9 87
1 35
10 67
9 25
4 81
5 38
1 32
5 58
2 44
8 17
9 18
9 64
7 62
1 99
2 56
9 40
8 84
8 39
8 75
2 39
1 60
9 38
6 35
1 49
5 57
8 55
7 93
8 41
3 51
10 79
6 76
3 69
8 14
7 72
2 2
5 95
2 8
4 87
8 14
7 8
5 30
1 7
8 50
3 73
10 21
5 77
2 64
5 83
8 6
3 100
9 2
3 86
7 8
1 72
2 43
9 42
2 74
9 25
8 64
4 94
10 3
10 98
5 26
2 2
7 7
10 32
4 13
7 14
5 97
8 82
10 80
9 99
9 85
10 20
10 9
2 3
5 13
4 18
10 47
7 90
1 22
5 51
8 60
9 25
10 13
7 76
3 14
5 12
9 96
5 93
9 44
6 29
6 64
2 32
5 36
7 19
9 70
8 75
6 47
9 57
2 40
7 47
8 53
5 67
8 2
8 27
6 32
2 26
7 63
7 97
1 99
9 74
9 63
5 45
7 46
6 80
10 69
9 59
10 6
5 6
2 100
6 99
9 87
4 99
1 27
7 65
8 17
9 73
5 66
8 20
7 69
7 81
4 56
1 24
4 31
5 47
5 93
2 9
2 15
8 73
8 67
2 23
9 94
9 30
9 54
7 6
1 56
4 93
9 17
8 25
9 20
10 100
2 61
8 33
10 69
3 75
1 3
7 40
2 57
9 96
6 16
2 60
9 42
1 34
2 49
3 71
2 55
8 32
3 57
7 82
4 97
7 29
2 56
9 92
