10 4
3 53
4 18
2 42
2 49
4 100
7 97
2 49
7 66
4 56
10 4
4 99
7 67
4 17
5 96
2 88
4 69
4 17
10 55
3 96
7 21
7 11
7 88
9 83
5 89
5 58
3 51
10 64
10 32
8 25
2 15
10 92
2 45
1 26
10 41
10 13
7 60
9 89
10 13
1 90
9 94
10 48
9 90
3 55
1 20
8 5
10 32
4 43
9 24
5 49
10 20
8 67
6 100
6 81
10 9
5 25
4 4
4 76
10 99
3 71
9 17
3 82
3 84
5 72
8 77
10 4
8 93
5 59
2 60
10 99
9 52
9 69
1 51
5 52
6 84
3 13
2 12
2 90
7 70
8 7
2 78
6 21
8 32
2 52
10 91
9 63
2 81
8 98
2 78
8 11
5 17
1 61
3 56
3 11
6 87
5 38
8 89
8 19
4 19
4 100
7 58
5 73
1 100
9 75
6 2
1 97
9 29
6 51
8 19
8 84
4 69
8 31
9 20
6 6
4 80
1 40
5 66
7 94
3 21
2 41
6 80
2 94
8 84
3 50
6 56
6 21
1 23
4 99
10 81
10 74
8 71
3 31
6 33
1 12
2 85
9 63
7 62
4 98
8 95
7 15
5 70
9 78
4 66
2 61
2 25
5 36
6 19
7 15
3 8
3 77
10 76
3 70
3 69
9 10
1 37
7 5
4 19
1 79
9 45
10 66
2 84
2 54
4 20
10 13
6 87
9 88
6 53
5 66
10 41
4 8
6 47
9 21
2 17
5 25
7 25
5 50
10 26
5 98
6 43
5 96
7 58
4 29
10 52
1 87
1 70
5 58
10 72
1 67
4 14
4 74
9 61
2 52
7 71
2 7
2 31
6 98
5 20
3 8
5 86
8 40
3 48
2 31
5 48
5 63
5 20
4 68
9 73
7 85
7 79
4 29
1 9
5 40
10 11
10 26
8 50
1 86
1 55
6 67
2 76
6 44
6 88
5 78
8 22
1 33
1 90
3 20
5 4
5 61
9 18
2 57
5 8
8 56
4 59
4 54
5 51
2 71
10 10
6 4
7 71
8 31
7 91
2 100
1 48
7 46
4 92
7 67
2 73
3 95
7 99
10 92
5 6
4 55
4 58
5 87
2 17
10 64
2 88
1 85
10 70
1 79
5 50
1 35
9 48
9 19
7 49
6 86
6 28
2 9
9 48
5 21
3 35
5 32
7 35
8 36
2 97
1 27
7 29
1 5
10 34
3 68
4 91
5 99
5 85
3 5
9 48
4 92
2 69
7 14
9 42
8 56
8 58
1 99
4 75
2 65
1 98
9 41
8 38
5 10
2 34
8 62
3 1
2 46
3 68
8 75
2 35
4 17
1 96
5 51
10 45
8 83
8 45
7 82
10 7
9 33
1 70
3 49
3 49
8 61
8 15
3 70
6 39
6 11
5 71
7 51
10 23
3 24
3 58
2 77
4 44
3 60
8 66
7 46
4 26
3 16
1 67
9 17
8 58
4 30
10 40
2 38
7 69
8 86
4 89
9 16
7 98
1 37
3 65
6 36
2 42
5 36
1 27
8 37
5 92
5 10
10 18
7 64
4 75
1 11
3 75
5 20
3 53
10 77
6 47
5 68
10 83
4 87
5 31
8 77
3 41
1 40
3 10
8 11
2 49
10 10
10 95
8 72
9 92
9 85
1 61
4 14
4 22
5 27
9 12
1 7
6 97
2 83
3 27
9 81
7 10
10 7
8 5
4 69
9 97
6 72
2 62
7 25
2 35
6 26
10 33
3 88
3 80
3 23
10 38
7 34
10 24
6 78
9 74
6 79
8 55
9 34
9 35
8 82
7 10
8 34
3 7
6 8
5 9
9 100
7 41
7 44
1 73
6 24
2 33
1 5
5 5
1 19
8 19
4 85
7 39
5 66
4 13
3 10
1 6
8 2
5 67
10 89
1 83
4 95
5 79
4 88
7 13
6 27
10 59
10 81
4 42
9 34
6 59
3 83
3 45
4 33
4 61
4 69
5 92
4 73
9 55
1 24
9 53
4 70
9 6
5 51
3 23
5 59
1 14
8 14
8 39
6 69
1 98
9 17
4 5
5 33
2 14
2 96
10 94
8 21
2 64
6 71
9 1
3 63
9 97
8 56
4 69
6 63
7 23
8 73
6 62
2 59
2 75
6 81
3 81
5 39
7 78
1 80
10 90
8 52
6 61
6 13
6 89
2 38
6 14
4 49
8 31
5 7
1 62
9 31
1 24
3 71
7 43
3 35
8 92
3 24
2 29
9 8
6 76
6 14
7 46
7 68
1 56
6 14
9 16
10 65
7 80
2 36
6 91
10 59
4 89
10 73
5 22
4 23
7 34
8 35
6 8
2 3
8 45
6 50
10 24
8 80
3 45
9 71
3 31
3 94
8 47
7 62
9 43
7 55
8 3
2 73
3 63
1 62
10 17
6 65
8 39
9 11
7 82
8 25
7 66
5 14
10 31
6 88
8 48
10 19
4 46
2 41
8 84
10 92
8 14
6 46
5 76
8 64
2 29
1 23
2 73
10 31
5 73
6 81
10 78
8 45
10 33
2 17
9 73
7 78
1 46
2 49
1 19
1 49
10 17
3 43
8 91
7 50
5 89
10 43
9 76
6 74
5 7
8 95
4 53
6 55
2 43
6 42
6 77
5 42
3 29
5 47
7 97
2 87
7 27
10 48
1 58
2 65
2 91
10 94
7 98
7 76
10 83
1 93
2 57
6 40
7 83
9 18
9 18
10 82
5 91
8 6
4 85
1 39
6 86
6 22
8 68
4 29
2 91
8 99
1 100
1 47
1 73
7 84
6 94
10 50
4 48
8 88
4 28
9 20
6 61
5 79
7 71
7 14
5 4
5 18
10 25
3 51
5 20
2 69
4 30
3 68
10 80
9 46
4 76
4 99
7 2
1 49
2 92
6 70
2 56
8 84
1 72
10 31
7 16
8 18
8 77
10 23
10 1
6 13
6 8
2 9
2 10
4 33
3 59
2 26
2 84
8 92
7 90
7 16
8 17
10 5
1 24
9 92
7 9
1 83
1 49
5 42
3 65
3 18
6 46
9 29
9 55
6 50
8 79
2 65
3 87
9 64
5 22
10 59
10 86
1 90
1 74
1 73
3 39
1 83
6 32
10 8
2 15
10 2
3 1
1 40
3 54
6 98
5 99
9 88
8 9
2 45
9 15
5 79
2 8
10 22
3 70
2 63
5 95
8 33
6 66
1 14
7 54
6 15
10 12
7 86
6 58
6 40
3 69
10 8
1 75
8 6
6 2
5 90
3 2
2 33
3 86
3 30
10 79
8 47
2 8
8 45
3 1
6 47
1 95
1 43
2 18
5 44
9 88
5 84
2 26
9 32
4 88
4 14
3 36
7 43
4 4
1 63
6 58
2 94
3 14
8 81
8 92
8 30
1 26
9 25
3 53
4 69
10 100
4 19
3 39
4 33
2 27
4 2
2 9
3 78
9 53
1 34
4 40
4 26
10 95
10 43
5 77
9 72
4 79
3 64
5 18
6 83
8 37
4 99
1 14
5 5
5 48
4 65
9 87
1 95
7 20
10 4
5 92
8 1
2 60
3 90
5 18
3 16
4 87
2 77
4 37
4 89
3 80
10 87
6 26
5 12
7 91
4 5
7 95
5 96
4 11
4 85
6 64
2 64
4 88
2 73
5 37
1 37
1 12
2 91
4 75
3 32
4 80
1 9
7 30
3 94
7 13
2 4
4 2
3 51
10 57
1 43
3 52
9 21
3 89
7 51
4 7
5 16
10 53
5 53
8 57
1 73
4 17
8 32
8 65
8 49
2 49
7 74
6 4
4 93
5 14
6 97
7 82
9 97
9 21
6 49
1 56
1 19
3 52
6 13
10 33
4 67
2 4
3 31
3 46
6 13
7 35
9 73
4 40
5 80
5 41
1 96
4 78
8 55
5 57
1 39
9 34
8 7
4 55
3 2
6 35
2 34
6 29
4 56
6 73
3 27
9 31
1 51
1 33
8 5
1 5
10 61
4 59
2 11
2 57
3 74
4 89
8 51
10 79
5 62
4 88
3 4
10 87
4 46
7 92
7 9
1 59
7 43
8 70
10 22
6 35
5 28
1 81
8 92
6 6
1 15
3 67
2 94
6 88
5 20
5 54
4 92
8 63
1 7
9 62
1 92
10 88
8 96
6 59
7 53
2 85
3 94
2 44
6 57
7 86
4 98
8 96
9 4
6 26
4 3
1 30
5 89
4 24
5 81
6 98
8 46
9 80
2 72
3 41
3 38
5 22
1 40
8 27
9 99
3 71
8 75
3 23
6 10
5 100
1 20
4 40
3 95
9 8
6 92
5 88
5 59
5 7
6 77
4 13
10 12
6 51
5 65
4 22
1 53
9 84
5 25
9 56
2 68
6 60
3 59
10 22
9 50
7 61
5 70
10 43
10 19
3 12
9 43
