5 16
1 46
2 71
6 26
3 6
4 26
5 95
3 25
7 83
9 74
9 1
9 76
10 74
6 84
6 46
3 77
9 18
3 20
6 32
7 78
5 43
7 92
1 84
7 74
2 82
2 16
10 31
8 41
7 71
9 53
1 94
1 14
7 50
1 87
7 51
7 66
5 12
6 68
2 79
6 72
8 25
6 8
6 52
10 52
3 33
2 13
9 22
2 53
3 81
3 71
8 67
10 9
2 65
7 35
8 85
3 90
4 45
9 37
1 48
1 36
7 38
5 10
2 55
1 96
10 27
7 52
7 17
3 100
7 2
9 27
3 77
9 53
8 98
4 96
10 72
4 71
3 88
10 91
4 76
6 84
7 36
7 74
2 92
6 99
3 58
7 2
5 36
4 56
2 91
7 70
8 43
2 7
3 100
5 73
1 57
1 12
9 91
5 98
7 25
5 89
3 79
5 23
10 29
5 1
1 78
6 44
5 86
9 48
2 6
3 34
7 35
1 62
7 34
9 34
2 58
10 23
4 55
7 14
4 28
10 70
9 46
8 96
3 76
2 87
8 38
1 4
4 77
3 23
4 92
5 88
7 90
3 32
1 80
9 87
3 58
8 43
10 58
10 16
10 98
9 52
10 52
9 69
8 59
1 18
9 72
7 71
6 91
4 1
3 28
4 90
9 26
7 9
2 48
4 47
6 75
7 75
10 36
9 31
5 82
6 24
1 23
9 67
9 13
3 22
5 100
7 72
6 53
10 84
10 10
6 5
9 75
5 47
3 25
7 85
5 85
4 49
1 54
8 32
8 24
10 39
6 37
6 83
9 18
8 8
2 41
3 86
7 55
4 57
1 49
8 35
7 13
9 96
2 19
6 90
9 9
3 15
7 65
7 77
10 5
5 40
6 41
5 43
9 6
1 24
3 98
1 2
7 77
3 94
7 19
7 6
6 76
9 31
1 89
9 1
4 83
6 73
5 54
5 78
10 37
4 97
10 34
2 48
2 62
2 15
2 14
8 19
9 55
8 70
4 80
1 91
5 12
7 2
10 20
2 41
6 99
3 12
7 27
8 51
4 91
10 42
10 88
4 92
3 69
3 25
1 12
7 11
4 38
8 69
10 15
3 35
2 96
10 61
1 30
3 58
2 24
2 88
7 61
7 75
8 39
5 48
10 32
7 90
3 87
8 51
10 63
1 44
7 5
4 67
3 79
9 65
6 66
7 25
4 60
7 91
9 15
4 11
8 91
7 42
2 71
8 75
5 68
9 60
9 65
7 18
6 22
1 40
10 64
8 88
3 19
10 65
6 41
2 69
7 7
6 57
5 97
5 39
2 85
4 72
3 17
4 32
5 51
7 83
8 11
5 6
9 29
5 51
6 79
4 42
6 70
9 10
9 53
1 44
4 4
3 34
5 96
7 83
7 38
6 47
10 86
4 7
5 1
3 99
9 4
7 36
6 14
6 1
3 40
8 85
10 15
5 60
9 94
3 44
10 27
4 22
8 5
3 2
4 12
6 92
10 73
9 17
8 53
5 94
1 65
4 19
4 55
4 13
1 92
7 58
1 90
5 90
6 65
5 76
9 31
6 1
4 32
9 18
8 36
10 5
5 56
9 26
7 17
7 85
9 97
3 62
4 30
8 6
2 29
5 32
1 44
4 65
9 45
4 22
8 87
10 91
6 22
1 37
5 99
2 100
9 6
8 44
2 5
4 22
6 62
10 32
5 12
8 57
7 2
10 58
5 82
10 22
9 38
5 37
1 22
3 58
5 90
4 55
3 93
7 50
2 27
9 82
2 23
6 2
6 66
3 70
10 93
4 64
6 77
5 62
3 78
7 76
7 29
4 4
8 79
3 42
10 12
4 70
5 21
10 29
6 30
8 17
7 99
1 44
8 62
6 68
6 43
9 96
9 84
10 55
1 92
7 27
1 66
7 65
7 34
8 60
6 76
6 96
2 18
3 26
2 74
7 6
7 32
9 32
9 66
10 51
3 46
9 48
9 24
6 39
7 41
4 49
1 96
3 11
10 57
10 22
4 72
10 72
1 71
5 35
3 88
4 61
2 94
9 29
3 35
10 16
8 68
1 91
5 49
10 57
8 87
3 53
1 20
6 100
4 43
4 33
3 17
7 37
5 40
10 22
9 94
8 7
5 33
7 50
6 47
3 91
7 85
10 9
1 35
5 28
10 11
10 66
3 13
2 34
9 55
9 95
8 9
9 85
6 22
8 3
10 71
10 93
1 92
6 52
4 24
9 80
8 32
7 75
6 61
6 17
3 1
10 48
8 21
3 89
6 53
2 84
2 56
5 90
1 38
3 65
7 56
6 50
3 19
10 34
4 97
10 66
10 57
9 61
3 33
4 40
9 43
8 15
6 74
2 71
9 8
7 100
8 81
8 96
8 46
8 61
6 67
6 12
3 14
1 87
3 62
10 42
2 36
3 83
9 30
3 83
2 98
5 17
4 58
5 14
10 90
5 47
8 37
5 40
3 70
1 57
8 67
7 99
3 100
9 44
3 43
10 8
4 60
2 81
7 45
2 6
1 19
7 60
7 99
1 49
6 31
3 55
6 5
9 10
1 91
3 90
1 54
5 63
6 62
8 86
9 62
2 13
3 33
9 96
5 96
1 97
2 66
7 29
7 39
7 47
7 61
1 77
3 70
6 43
9 19
9 50
4 89
6 70
5 24
1 87
4 12
10 49
8 39
5 83
7 53
9 44
2 62
1 13
5 76
6 78
2 89
4 80
4 99
2 55
1 95
7 94
2 96
8 4
10 14
8 66
10 60
2 7
5 30
2 87
1 87
5 41
8 38
1 4
7 92
2 73
2 84
5 35
10 27
8 36
6 59
3 20
8 87
7 77
1 4
6 22
9 19
8 20
4 92
9 38
3 27
10 80
2 89
9 72
7 10
10 98
7 10
8 95
9 6
8 77
9 50
8 30
5 53
6 26
3 77
2 10
9 36
3 31
10 36
8 96
6 92
1 10
7 39
7 62
9 58
6 16
6 6
4 15
7 52
1 92
8 14
4 56
3 39
10 91
2 55
3 31
2 33
2 87
9 46
6 37
2 18
8 58
5 73
6 89
5 49
7 77
2 8
2 5
2 66
6 99
1 59
9 58
3 2
8 22
4 22
6 28
7 27
10 98
7 52
9 12
1 67
3 34
1 61
9 56
4 82
1 53
6 65
3 75
3 34
4 54
3 69
2 67
6 96
4 45
1 41
4 41
9 2
4 75
3 70
7 53
2 53
5 50
4 23
9 96
4 65
2 28
5 21
10 75
8 42
7 95
3 65
1 90
10 23
3 100
1 26
2 20
4 30
6 45
3 98
5 91
7 68
2 52
3 84
4 58
9 24
3 11
10 8
2 25
10 49
2 24
7 99
1 13
1 86
8 12
3 41
10 54
9 63
10 41
2 12
7 94
6 38
1 98
2 97
6 41
10 8
9 63
9 20
8 56
8 72
7 28
7 30
8 96
8 97
7 72
9 18
10 54
7 97
6 28
4 70
5 90
8 81
9 31
7 60
3 30
1 68
2 60
2 92
5 13
1 34
3 53
3 74
3 94
8 60
8 12
8 94
8 41
5 60
5 74
4 65
1 54
5 23
10 22
4 38
4 46
10 70
3 12
9 16
10 47
7 68
6 79
1 56
6 88
5 48
1 41
4 49
7 68
5 16
5 35
5 98
3 85
5 54
7 12
8 20
7 31
4 68
4 49
8 6
8 85
3 37
9 27
9 38
9 8
1 72
5 58
6 54
10 56
9 34
10 21
5 21
5 72
5 44
7 97
6 22
4 86
6 59
9 1
10 46
3 78
1 90
1 69
6 72
10 66
6 61
9 21
3 57
9 12
4 37
2 96
10 89
6 73
4 71
9 59
6 6
8 66
1 83
10 25
10 42
2 91
3 75
10 50
10 95
1 5
5 18
7 61
1 36
10 1
9 73
3 20
2 94
5 65
7 74
7 65
10 65
7 47
6 40
8 49
9 86
9 2
10 56
6 98
8 85
6 75
7 80
8 85
7 38
9 25
6 7
2 94
3 89
10 10
5 57
1 61
10 23
8 100
3 38
10 1
4 77
3 25
4 24
7 98
10 86
1 72
9 71
1 8
3 98
4 53
4 90
10 95
2 99
9 53
4 32
4 42
6 43
3 48
6 22
6 66
6 9
10 49
10 65
1 98
8 4
2 74
5 2
5 7
7 20
6 87
6 3
4 22
1 57
9 81
7 81
1 22
2 57
6 76
8 61
3 61
1 82
3 27
3 25
2 68
10 43
7 80
1 70
9 61
2 82
7 63
9 89
3 26
5 97
9 89
9 80
9 21
8 74
8 67
8 80
7 75
6 100
4 46
6 70
2 43
10 50
7 38
4 59
3 17
1 56
1 41
8 26
3 57
7 67
10 82
1 18
5 44
2 95
10 76
7 58
3 3
8 36
8 2
9 94
10 92
9 7
4 30
9 85
2 58
