6 62
6 33
10 9
4 38
2 68
3 69
1 63
3 60
6 86
4 52
6 64
3 48
4 33
8 89
7 7
4 53
2 82
4 67
10 80
5 22
8 72
8 84
2 66
7 72
3 49
1 25
3 85
10 94
4 100
3 10
9 56
7 59
5 42
5 88
2 18
6 37
5 87
9 76
7 86
9 50
6 35
3 23
1 80
7 70
9 71
2 9
1 19
9 10
6 51
8 36
5 91
7 25
4 52
10 12
2 66
9 94
4 24
5 98
6 85
10 59
10 26
10 51
7 53
3 57
9 85
1 15
1 32
6 66
10 98
7 88
2 23
2 97
10 16
7 70
4 30
6 27
6 37
6 82
7 77
3 73
5 56
8 25
5 44
3 22
1 59
5 80
10 56
6 7
3 47
5 15
5 46
6 46
10 24
6 100
10 92
9 82
8 52
6 79
3 11
8 55
10 61
1 81
2 65
5 40
8 1
7 46
1 10
2 90
7 51
8 88
3 1
10 95
9 77
4 83
10 2
9 37
6 45
9 77
5 43
2 43
2 10
5 22
10 76
2 17
2 70
3 14
10 1
10 21
10 23
6 7
10 52
3 78
10 35
9 62
4 45
8 13
4 94
3 14
2 60
2 23
8 16
6 71
8 59
2 32
8 61
4 78
8 98
4 12
10 67
3 11
9 80
2 49
10 84
5 48
10 41
8 50
7 39
7 57
7 91
1 31
10 33
7 96
4 7
9 3
6 69
10 76
9 63
6 73
3 94
3 92
5 55
8 28
4 29
2 18
1 58
1 7
5 81
5 33
10 35
1 85
3 5
9 29
6 74
10 30
3 66
7 84
1 91
3 9
7 43
8 20
9 51
9 72
6 91
2 18
8 39
4 92
2 75
10 18
2 86
3 67
5 18
7 53
9 60
5 26
7 73
9 73
7 70
7 29
10 81
5 21
9 71
1 32
10 22
5 76
7 30
2 66
7 24
5 72
9 42
3 75
10 55
3 60
4 28
2 51
10 88
7 56
9 69
1 19
2 40
1 1
10 15
7 28
4 33
8 8
8 58
8 40
7 85
7 45
6 49
1 18
7 72
6 70
1 91
4 66
4 3
2 35
9 88
7 68
6 25
8 5
8 83
10 84
10 63
6 93
1 44
6 53
8 89
8 43
4 37
8 12
8 36
10 1
5 54
3 79
1 56
5 71
10 74
10 48
7 93
8 30
7 29
1 1
4 3
8 43
4 66
6 51
1 100
7 3
2 24
3 81
8 98
6 86
4 38
4 36
3 79
7 98
8 68
3 90
10 66
4 70
10 94
1 40
4 45
1 93
2 42
9 42
3 7
2 67
10 72
5 31
6 100
2 8
4 18
1 19
2 74
8 73
3 54
7 75
8 88
8 20
8 21
8 69
8 86
7 8
4 39
6 2
4 10
3 44
3 43
9 57
3 54
3 95
9 77
6 23
7 49
2 74
6 16
7 22
4 37
7 27
2 11
3 16
4 91
7 46
5 74
6 96
3 28
8 47
4 28
7 45
10 36
5 57
5 3
10 23
6 46
3 87
2 65
10 15
5 1
6 66
2 43
3 27
7 34
9 19
10 77
5 52
7 37
1 32
7 59
9 46
4 11
3 68
2 68
10 36
5 6
6 1
9 18
4 15
3 6
8 86
1 63
2 29
3 35
4 23
8 75
9 84
8 10
9 18
8 93
2 2
4 23
4 21
10 64
5 55
4 98
10 89
10 100
7 72
8 8
2 30
2 36
1 4
3 52
4 65
8 14
2 3
9 56
7 8
2 37
9 16
3 3
3 50
10 76
3 33
9 54
6 38
6 77
2 35
5 69
1 86
6 66
9 96
8 97
3 81
1 16
7 66
9 97
2 43
1 91
8 19
7 59
2 9
10 67
6 37
2 53
6 100
4 63
9 96
3 78
4 68
2 77
3 49
1 96
6 27
2 38
5 11
9 89
2 5
3 53
3 85
1 12
7 82
5 57
7 96
5 55
7 21
1 89
4 28
2 4
2 21
8 33
2 92
8 13
7 44
4 35
6 92
6 46
9 18
5 24
10 8
2 87
8 41
3 11
5 92
3 77
9 87
1 6
1 15
7 79
10 4
3 26
2 34
6 75
4 55
3 21
10 52
5 28
7 86
5 59
8 12
9 22
2 9
10 92
8 60
3 31
5 29
9 1
1 74
3 86
1 46
7 80
5 3
10 36
7 74
1 70
9 33
9 61
4 85
3 96
3 90
9 53
10 53
5 57
9 93
4 57
2 9
2 84
8 97
5 53
1 48
1 91
9 99
6 76
10 13
3 48
6 98
10 65
1 93
5 65
4 50
5 58
1 22
6 9
2 92
1 53
5 64
5 71
9 65
1 89
1 31
8 32
10 92
8 15
5 70
9 29
2 71
7 59
1 56
5 63
9 70
10 21
9 6
7 65
5 5
6 98
9 69
5 55
4 36
8 95
1 19
1 18
1 6
1 18
7 90
3 35
10 20
8 81
6 58
3 38
3 40
4 60
9 86
8 13
4 13
2 52
1 48
9 31
4 15
6 56
9 47
5 89
4 57
4 13
6 65
9 53
6 69
7 35
7 18
3 46
8 7
9 60
3 97
4 77
10 79
5 29
9 64
4 80
3 58
5 81
1 49
6 46
5 82
10 15
3 94
4 83
8 64
1 5
6 62
5 79
9 78
1 69
10 66
2 48
9 43
6 77
10 60
3 74
1 52
9 72
6 20
5 32
6 82
5 64
7 39
6 57
5 100
3 92
4 82
3 90
3 23
8 49
2 41
4 64
6 78
5 38
5 2
4 12
8 81
7 5
8 9
8 68
10 76
6 14
10 26
10 25
10 39
7 28
5 8
10 88
6 49
10 57
10 46
1 19
9 83
5 36
3 86
2 39
8 39
1 86
8 100
2 61
2 87
4 48
9 26
10 83
4 61
6 17
7 78
6 94
3 46
10 65
2 84
6 63
1 92
6 90
8 71
9 23
10 98
9 63
9 17
4 37
1 61
4 1
3 97
8 32
3 94
6 64
6 86
1 63
10 77
10 41
7 35
3 34
10 29
9 99
10 27
3 32
8 26
1 71
10 52
5 65
6 93
5 41
10 60
3 83
8 51
9 66
3 73
10 91
3 16
5 26
2 46
1 10
5 40
4 25
6 1
10 66
2 9
4 72
2 15
2 16
7 33
4 42
5 11
1 57
10 66
4 85
3 96
6 79
6 38
4 32
6 98
1 66
10 66
8 93
8 25
1 21
7 45
9 37
6 47
4 53
1 76
4 52
4 52
6 98
8 73
6 40
7 1
7 82
5 53
2 83
3 52
8 7
10 100
7 80
2 40
3 49
2 29
6 15
5 26
7 63
10 21
5 57
9 64
6 81
5 62
1 28
7 91
6 41
6 45
8 85
5 70
1 16
6 35
1 14
2 27
4 3
4 65
3 71
4 98
5 28
2 73
1 74
6 58
1 28
1 49
2 89
1 1
10 83
6 28
8 13
4 85
1 37
6 94
8 26
7 75
7 86
7 93
9 94
7 9
3 27
8 92
4 59
7 29
3 85
6 72
2 80
3 6
2 2
1 95
9 98
8 96
4 59
3 19
5 60
1 32
6 54
3 50
5 57
2 74
6 31
3 80
6 46
7 97
1 69
8 34
5 75
7 35
6 60
6 15
10 80
4 99
2 10
7 86
10 70
4 57
5 75
7 64
1 85
4 46
7 42
9 13
5 73
8 74
7 92
10 60
10 78
6 71
2 30
9 36
10 49
3 65
2 24
3 76
6 43
2 53
6 50
3 36
3 79
9 56
5 51
8 15
4 46
10 3
8 46
3 46
8 80
1 65
3 19
2 11
2 74
9 98
2 72
5 84
8 22
1 65
4 46
1 51
6 40
5 38
7 39
6 58
9 89
5 56
10 15
8 22
10 4
8 14
1 85
7 53
5 59
9 85
8 73
7 61
7 48
3 70
5 100
10 41
9 38
10 47
7 5
4 24
3 98
5 55
5 64
7 7
7 96
4 40
5 70
7 69
7 45
6 55
2 26
7 82
8 13
10 47
10 64
4 74
2 28
10 51
9 13
10 81
4 86
3 10
3 88
2 23
9 85
1 91
3 68
9 10
5 91
7 33
1 88
8 36
10 18
5 69
3 25
1 28
6 49
10 72
1 64
4 2
10 10
10 95
2 31
4 97
9 64
8 51
3 34
4 70
1 8
1 21
10 32
10 23
2 13
1 13
6 80
4 38
3 9
9 16
8 74
8 70
7 80
2 75
8 25
4 63
6 86
1 11
1 88
2 91
3 98
1 41
6 71
4 9
3 55
9 5
4 93
8 6
9 35
3 92
5 98
4 76
5 39
9 80
4 43
1 96
6 56
2 48
10 70
6 53
5 98
9 10
4 69
7 13
6 48
7 30
6 60
5 36
7 29
10 58
6 49
10 78
4 98
4 70
7 88
8 43
10 51
3 63
1 57
6 54
