6 18
2 37
2 97
10 64
9 10
7 97
3 44
4 66
8 57
9 39
5 49
10 83
10 56
3 68
4 74
3 99
7 69
1 96
2 27
8 74
2 15
5 90
10 71
5 51
10 72
3 73
5 46
5 50
1 23
9 51
3 7
7 11
5 17
9 75
1 33
9 62
5 29
7 92
7 79
5 59
5 10
9 77
4 5
7 85
1 17
10 28
1 22
8 80
9 98
1 5
4 70
7 32
10 18
5 93
4 23
6 41
2 27
6 30
8 5
9 91
7 76
5 91
5 96
8 81
4 48
10 86
6 62
9 12
10 76
2 47
6 31
3 50
5 55
4 24
4 87
3 53
9 43
10 60
3 100
5 11
5 31
2 98
5 34
8 41
4 64
5 81
6 20
7 34
7 54
7 75
4 26
4 26
6 29
5 72
10 70
8 65
7 38
3 85
8 73
8 83
3 90
8 31
8 77
5 12
4 19
3 71
7 30
5 63
2 84
7 38
5 3
9 24
3 79
8 7
3 100
8 100
10 70
5 70
8 63
7 33
3 12
7 16
9 36
8 12
6 26
1 14
8 90
7 64
8 92
4 45
10 6
5 6
9 76
8 100
10 36
5 32
10 27
8 59
3 11
10 100
9 81
9 20
7 24
1 12
7 11
9 49
4 55
9 26
4 47
8 59
8 23
2 47
4 70
4 11
6 52
1 4
2 87
1 96
6 20
9 26
4 50
1 53
3 24
10 27
4 25
2 81
8 62
4 28
6 99
5 64
8 50
8 88
6 65
4 2
9 86
10 31
6 66
2 76
6 8
3 74
3 13
8 64
4 25
8 87
7 59
8 34
3 97
1 79
10 35
4 31
3 67
7 74
3 39
1 82
3 64
3 3
10 22
8 47
2 76
9 25
2 26
1 9
5 10
7 34
7 5
9 1
7 79
4 77
4 46
7 4
10 51
4 89
1 10
9 55
8 17
7 70
10 60
4 25
6 44
7 61
10 35
8 54
1 76
7 64
5 88
6 52
1 89
3 77
5 79
6 34
9 97
5 50
4 17
5 87
6 72
1 99
2 72
6 37
10 17
1 53
3 68
6 88
8 99
3 39
4 34
1 61
2 62
1 92
7 33
10 34
3 13
10 9
10 42
3 58
1 35
1 94
2 17
4 39
8 96
2 18
7 51
10 69
5 3
6 81
6 71
1 33
7 63
4 59
3 28
3 97
2 40
5 32
10 75
10 85
7 97
8 91
7 42
9 97
5 53
4 64
3 81
5 30
6 87
3 28
6 5
9 7
6 51
7 26
6 69
4 70
8 5
6 50
7 79
9 89
4 75
6 11
1 10
2 25
9 5
10 49
6 10
4 78
9 65
8 41
8 5
2 42
9 61
9 86
10 94
5 77
5 17
3 7
4 53
10 88
5 35
10 82
3 4
8 12
8 77
9 29
10 81
8 85
6 43
1 72
1 58
3 33
8 92
1 75
1 87
7 36
10 11
8 10
10 89
3 40
9 100
10 97
5 38
4 96
9 66
3 76
5 37
3 22
4 63
7 9
10 93
4 14
5 57
4 78
1 66
4 50
5 65
10 70
4 36
8 26
5 3
7 73
9 50
4 75
3 91
3 46
2 73
8 57
4 20
2 98
7 83
7 74
4 16
6 76
1 92
2 74
4 25
1 16
8 28
2 7
3 7
9 1
1 100
9 1
6 20
1 97
4 84
10 72
6 22
8 82
9 12
2 70
9 57
1 16
5 44
5 8
8 48
2 31
7 58
10 26
9 18
4 48
5 45
4 69
5 94
8 9
6 32
6 78
7 41
1 47
9 83
10 81
10 36
3 84
7 14
5 44
6 37
10 11
5 13
5 12
5 25
7 88
7 6
4 36
4 36
1 78
7 87
8 95
5 58
1 44
9 50
4 72
3 37
3 29
5 90
1 61
2 22
2 45
7 49
3 9
8 7
1 4
4 85
5 44
7 31
2 82
3 53
6 8
8 35
7 39
6 50
8 43
2 65
1 85
3 61
9 94
1 69
1 63
4 65
9 74
6 86
10 18
8 14
5 26
3 7
3 24
5 67
6 29
1 63
3 59
3 93
2 70
3 43
5 12
8 55
9 95
10 84
10 98
7 15
10 77
4 95
4 33
5 19
5 76
4 83
5 1
2 15
3 5
4 40
6 23
3 62
8 37
8 31
9 64
10 90
5 29
9 78
2 50
5 11
6 9
9 30
9 36
9 29
5 71
4 12
6 39
6 80
2 31
4 2
10 37
1 93
8 42
6 97
5 19
6 19
9 49
1 87
7 44
5 96
2 52
3 4
10 77
5 72
1 69
1 46
1 16
5 42
4 28
3 58
6 27
6 88
2 79
10 26
10 72
10 96
8 61
5 91
1 4
1 13
8 68
1 58
2 30
6 6
6 24
7 92
2 95
2 83
7 31
1 16
3 89
2 9
5 100
9 65
3 77
2 73
1 90
1 79
8 87
4 29
8 60
2 100
3 66
4 19
5 85
10 100
10 66
8 79
8 95
8 59
10 60
7 78
6 21
7 60
6 50
2 39
8 86
3 73
2 5
1 51
7 1
8 27
2 4
8 94
10 53
10 13
3 96
1 17
10 16
6 17
6 60
8 60
7 61
6 56
10 12
5 47
5 7
10 4
4 47
10 2
5 50
10 82
3 22
5 46
10 43
5 31
8 53
3 91
5 41
7 64
1 66
7 62
6 76
2 44
6 15
10 95
7 46
6 86
8 62
8 29
4 90
2 1
7 24
3 94
3 31
9 57
2 9
9 2
4 11
3 29
2 3
6 24
7 73
9 97
1 32
10 6
6 81
8 48
8 6
7 100
4 33
6 68
1 6
10 45
5 55
10 2
7 48
5 91
10 20
3 80
5 27
10 81
2 8
4 51
7 22
1 76
9 77
1 84
4 76
4 81
6 30
1 36
4 29
5 54
2 10
9 7
2 59
8 70
3 52
10 54
1 22
6 59
8 9
1 34
1 25
8 32
8 84
2 94
1 19
4 34
1 91
1 33
2 26
7 53
6 84
2 98
3 24
3 50
1 95
4 25
4 81
1 83
7 15
1 69
9 18
7 20
7 79
9 90
6 86
8 29
5 8
9 22
1 4
9 71
4 94
2 34
7 2
4 34
5 68
6 75
10 17
10 18
9 50
7 55
3 20
8 36
6 36
2 91
3 43
7 83
7 35
1 15
9 54
6 73
7 60
6 3
6 49
2 65
8 84
9 71
9 87
1 20
4 40
3 88
10 5
6 82
3 24
1 43
8 85
4 72
1 10
2 30
1 46
3 33
4 9
7 46
9 76
6 22
4 88
3 97
5 38
5 40
4 59
2 23
7 81
5 46
7 98
6 43
3 3
10 41
9 10
7 65
4 95
6 10
3 77
9 87
6 1
5 68
5 2
4 97
7 28
4 33
10 4
9 23
2 1
9 59
6 26
1 59
10 99
8 80
6 82
7 85
4 59
3 96
4 35
2 69
2 90
6 51
7 52
6 45
5 60
7 74
2 5
5 13
3 93
6 96
4 6
2 16
8 20
7 3
5 9
3 6
9 89
9 18
4 43
5 69
5 80
1 49
5 15
7 18
2 21
4 18
1 95
8 11
8 15
10 80
1 76
3 28
7 83
4 92
1 39
9 76
7 60
6 86
3 56
8 50
4 10
1 2
6 5
8 50
10 41
6 93
2 29
3 72
8 8
5 31
6 90
2 17
1 72
9 91
8 16
10 70
5 9
2 36
9 86
2 62
5 45
8 8
1 46
4 33
6 78
5 25
10 67
2 28
5 10
5 85
9 44
10 77
2 49
4 12
8 23
5 18
4 56
10 42
7 81
10 39
2 79
2 99
4 66
5 98
8 19
3 25
9 15
2 40
7 40
4 69
5 29
3 75
7 22
1 59
4 77
10 99
3 79
7 81
8 99
5 51
1 78
4 13
8 1
3 42
8 96
10 88
9 55
10 4
1 38
3 7
8 81
4 36
1 39
10 87
2 86
6 34
10 61
5 74
4 90
5 88
7 29
2 50
7 49
10 50
6 90
8 30
7 52
6 47
6 39
9 40
7 32
2 27
7 29
1 12
9 26
2 37
6 68
7 33
1 87
9 91
2 23
1 32
6 95
3 39
3 35
9 42
10 72
7 2
5 22
7 38
10 65
6 93
9 25
6 94
10 9
3 98
5 40
2 33
8 51
1 1
1 54
4 28
5 33
1 92
3 79
3 90
6 80
10 65
2 8
6 33
8 47
4 40
4 63
9 89
1 17
3 100
9 21
6 77
10 25
2 29
9 45
10 51
7 73
7 96
7 20
7 30
7 42
6 88
2 33
1 31
5 60
7 52
1 55
1 67
3 44
2 84
4 68
8 72
9 78
7 6
6 62
6 33
10 33
7 15
10 73
9 73
4 11
7 86
5 58
3 8
7 56
7 77
3 35
2 99
3 86
2 52
6 13
9 54
5 52
7 51
5 88
