7 83
10 20
1 53
3 19
3 68
6 11
1 39
3 63
3 47
10 44
9 64
2 75
5 40
5 26
4 22
3 37
4 44
4 61
2 98
7 91
2 24
7 5
2 58
7 51
8 2
1 39
8 66
2 74
5 61
6 15
4 34
8 7
6 96
2 80
10 32
1 2
7 7
5 68
2 15
2 51
5 43
5 91
9 92
8 70
9 36
6 33
8 66
7 63
2 70
5 81
3 99
7 53
7 98
8 2
6 79
9 44
1 48
8 89
10 62
9 45
6 41
10 8
8 82
3 62
6 56
5 18
6 32
9 64
6 42
4 89
8 29
2 34
5 3
5 38
10 67
1 93
7 36
2 26
1 63
6 11
7 28
7 56
8 90
9 2
7 97
9 11
1 58
3 12
8 34
8 15
3 3
7 30
9 36
4 28
7 92
6 75
7 7
6 4
9 5
1 16
10 84
4 99
1 17
7 43
3 14
9 50
10 87
10 42
3 23
3 67
8 70
2 6
1 17
10 89
10 78
5 26
1 71
3 34
6 38
2 51
9 3
9 9
5 70
8 78
4 75
9 14
2 88
5 36
9 58
3 35
3 16
1 11
3 6
8 38
2 94
3 35
1 5
10 15
5 100
3 97
7 54
2 33
5 2
4 68
6 2
1 10
4 100
5 68
8 1
2 16
9 100
5 72
10 52
3 81
2 6
2 81
1 42
6 12
1 41
5 62
3 97
3 38
5 33
9 48
4 43
9 49
7 29
6 14
7 28
7 45
10 44
10 71
10 40
5 51
6 25
2 28
1 75
10 79
9 8
10 96
6 82
1 76
4 52
9 8
6 45
1 16
7 72
1 83
9 32
7 58
4 76
10 8
5 92
8 10
8 16
10 88
5 72
8 21
8 17
2 23
2 18
2 47
4 24
9 60
10 86
8 62
1 36
8 15
10 15
9 42
9 25
10 72
10 91
4 20
1 1
2 38
5 5
1 93
2 20
5 35
10 82
6 70
3 17
4 16
3 38
5 35
4 100
5 83
4 89
1 1
5 79
2 43
10 68
4 46
3 75
6 67
7 36
3 98
6 54
9 28
3 87
1 93
4 76
3 90
2 87
6 93
1 32
2 7
3 68
5 86
9 33
6 89
6 91
9 50
3 67
1 39
9 75
10 52
9 98
1 68
7 18
3 54
1 31
6 49
9 46
8 29
3 23
6 81
1 45
6 14
4 61
2 56
6 78
6 64
8 4
3 63
9 8
2 66
8 36
5 79
9 96
1 36
8 16
9 59
10 72
7 6
6 23
6 76
7 17
7 10
7 17
1 68
7 14
4 64
10 40
8 42
10 7
10 1
8 17
1 26
10 54
6 39
7 66
5 35
4 14
6 16
8 31
7 54
1 47
1 20
10 78
1 89
9 43
3 82
10 61
1 51
1 61
9 31
6 37
1 20
10 93
2 96
7 22
5 59
2 93
1 10
4 63
7 86
7 80
7 94
1 72
5 61
1 18
9 88
7 40
5 24
1 24
7 45
4 46
5 24
6 23
7 99
3 50
8 10
1 98
2 73
1 63
3 49
6 33
7 41
3 100
10 11
4 46
3 67
8 40
10 100
4 60
4 93
10 95
10 44
2 52
10 99
7 17
9 11
6 26
9 86
5 80
3 52
9 83
8 99
5 92
3 44
10 30
2 22
5 51
3 34
5 84
8 56
1 67
1 74
8 85
9 88
3 84
8 60
1 98
1 11
10 97
2 80
5 11
9 33
10 30
2 61
3 40
8 9
7 16
5 87
4 50
7 45
1 33
1 63
7 97
5 65
2 87
9 63
7 81
8 66
3 30
6 20
9 78
8 69
10 52
6 34
4 85
4 15
7 99
7 36
2 38
10 47
3 90
2 58
5 50
4 33
4 73
4 20
3 40
4 72
8 96
1 43
3 26
1 80
3 37
2 84
2 26
4 55
9 75
3 53
2 95
9 98
5 39
5 41
2 19
4 57
10 99
10 9
8 72
4 50
9 7
3 10
9 49
2 8
8 62
6 100
7 48
9 42
8 31
5 95
8 27
2 51
6 34
9 72
8 45
7 4
9 61
5 56
10 95
9 71
4 26
2 46
1 1
1 32
7 37
3 61
8 60
9 87
6 12
4 86
3 91
1 94
6 4
8 64
10 20
5 82
1 79
2 35
1 42
3 39
10 6
1 79
4 30
1 6
2 65
3 33
6 55
7 13
7 28
9 66
1 84
4 19
1 14
6 49
2 54
7 41
6 81
10 7
9 17
2 41
8 50
8 65
8 5
7 67
10 16
4 7
1 7
10 52
4 98
6 18
9 79
6 85
8 2
5 75
9 9
8 95
8 2
10 28
8 18
7 10
6 28
2 63
9 73
8 39
6 87
10 22
3 68
1 36
6 58
10 23
8 17
2 100
9 82
1 68
4 8
7 85
1 49
9 70
6 65
3 67
5 66
8 19
10 24
4 24
7 53
6 89
3 51
1 4
1 57
2 53
10 91
4 20
6 62
3 55
5 49
9 8
3 74
2 54
7 100
1 99
5 38
3 15
5 41
7 23
3 36
8 17
9 73
1 91
1 7
10 95
2 83
6 11
7 56
3 46
6 85
10 59
10 97
3 45
7 25
7 85
3 34
5 54
4 73
6 86
7 89
3 53
2 81
9 82
3 87
3 17
8 73
10 94
4 90
4 25
2 5
7 95
5 31
6 16
6 79
1 38
2 83
6 42
7 93
10 99
8 96
9 28
5 1
10 75
10 26
6 65
1 98
7 28
8 36
2 36
8 38
3 1
6 86
1 2
4 4
1 29
4 85
2 27
2 17
6 27
6 61
3 61
5 48
10 92
6 60
9 14
2 84
4 53
3 33
6 17
7 82
3 19
6 73
4 97
1 89
4 52
7 97
10 39
2 23
2 43
8 27
7 66
10 19
6 41
5 76
8 38
5 63
3 52
2 65
10 11
8 69
3 67
5 9
4 41
4 19
4 41
7 82
9 59
1 76
6 1
10 100
8 50
5 71
1 53
2 52
2 97
10 100
10 5
6 50
6 99
8 24
9 22
1 20
6 98
10 67
5 18
10 9
5 96
8 26
9 83
4 47
7 98
2 60
1 97
8 10
4 94
9 26
7 67
6 90
4 31
2 36
9 14
7 21
3 93
3 51
8 39
8 40
8 55
9 55
10 67
4 41
4 54
6 60
2 10
2 3
9 89
1 99
8 35
7 62
2 1
3 52
10 52
4 42
10 67
8 63
3 55
8 77
4 87
1 88
8 33
7 24
10 73
4 100
1 87
2 8
5 83
1 47
4 25
4 90
8 51
2 14
1 13
3 41
7 96
9 40
10 19
9 8
6 70
9 55
1 60
10 10
9 40
10 78
1 80
10 11
10 3
4 17
9 58
5 78
10 46
1 86
8 52
4 19
7 93
8 92
6 77
1 44
5 8
1 19
9 61
8 82
10 19
8 37
1 64
4 90
8 49
2 100
8 80
4 66
2 26
6 98
2 22
6 35
1 82
7 63
2 94
10 2
10 74
4 56
3 17
8 85
8 4
4 67
2 60
1 92
4 89
3 23
2 76
7 90
9 87
5 54
10 4
4 3
7 45
3 39
8 92
2 74
3 56
5 55
8 38
10 42
7 37
1 97
2 97
9 26
8 35
7 52
4 40
2 42
7 11
6 93
5 41
2 13
2 8
6 24
10 96
4 51
8 59
9 98
2 35
7 98
8 33
6 97
8 61
10 14
7 33
4 16
4 32
5 2
10 61
6 98
9 81
7 75
5 46
2 24
1 77
3 18
8 66
10 41
6 59
7 100
4 67
5 39
9 74
4 51
7 87
2 33
5 9
6 27
2 47
7 84
9 19
10 39
9 42
4 4
6 14
1 91
4 44
8 29
6 33
3 5
10 6
9 76
4 52
7 82
3 18
7 38
2 41
5 60
9 60
4 69
8 50
9 47
7 62
4 8
10 19
10 78
6 77
9 49
7 3
1 1
10 2
2 94
10 43
4 5
5 25
1 18
2 72
8 25
6 22
4 2
10 39
9 45
9 96
4 10
2 52
10 71
7 76
10 64
5 37
1 35
1 57
4 57
5 50
4 44
8 71
10 1
4 13
8 55
7 21
1 77
9 21
3 4
9 72
2 31
9 4
8 10
10 43
8 32
9 86
10 33
9 11
7 35
4 45
5 87
3 30
3 100
6 41
4 73
3 97
6 17
1 95
1 53
1 68
6 25
2 79
9 87
6 99
9 93
2 63
4 81
4 24
7 88
1 80
9 81
1 48
4 5
7 10
10 56
10 48
9 41
9 73
5 38
2 14
7 27
5 84
7 78
3 18
5 25
2 46
4 37
3 21
3 82
5 21
5 39
5 10
6 52
8 48
8 11
5 29
2 53
8 3
2 6
2 65
6 59
4 55
5 56
5 48
9 29
2 12
7 11
3 91
4 90
9 5
4 53
5 80
2 7
3 95
10 95
7 57
