6 47
4 56
8 44
6 29
7 56
4 23
6 65
9 11
9 32
7 73
3 38
5 51
7 49
3 30
8 23
7 47
1 51
7 31
9 39
10 89
3 46
4 77
10 70
7 31
4 54
8 33
10 27
7 26
7 93
3 44
3 49
8 37
3 57
9 67
5 24
1 93
8 64
10 38
8 58
3 56
2 89
8 41
3 84
2 4
5 38
7 79
6 28
7 94
2 26
6 7
8 30
10 29
8 58
9 48
5 97
10 74
2 62
7 16
10 8
7 35
1 66
1 90
5 27
4 94
4 2
3 38
10 14
7 40
4 72
9 16
4 74
5 93
8 83
8 74
5 92
9 60
6 79
9 45
8 15
1 16
2 81
6 29
5 26
3 91
1 46
8 43
5 33
4 12
3 17
4 28
10 31
2 86
10 7
4 28
3 51
5 69
1 91
7 13
3 69
9 2
8 60
3 40
8 35
9 87
9 16
7 12
9 22
9 54
4 92
3 16
8 47
1 85
1 36
8 11
10 32
7 12
8 34
3 43
5 19
5 32
5 48
7 100
8 55
5 8
10 59
2 59
10 72
7 75
6 40
5 29
6 17
10 82
1 19
4 80
9 37
3 37
9 12
7 22
5 53
6 31
9 24
9 63
7 85
6 52
5 43
6 37
3 24
10 76
7 21
10 79
6 90
5 62
6 38
7 100
6 89
4 60
9 59
2 95
10 51
2 15
7 96
9 26
10 84
7 61
1 30
6 12
3 26
9 81
5 1
5 57
7 65
4 19
9 80
8 83
5 65
10 21
9 1
5 20
6 53
2 58
1 56
6 72
6 95
10 28
7 8
7 18
3 57
7 51
4 27
8 87
1 67
9 34
1 28
3 24
7 12
4 55
7 25
3 86
10 28
3 91
7 32
3 17
6 80
3 53
5 60
8 63
6 58
1 74
2 27
6 48
8 4
4 15
6 6
2 90
9 50
8 68
6 94
3 8
1 66
9 36
5 2
8 16
4 10
1 80
8 80
3 58
4 49
10 3
10 19
3 100
3 43
2 29
3 40
3 29
2 64
5 94
7 59
5 12
9 77
5 53
4 32
5 61
1 4
4 55
6 72
10 60
8 23
2 10
9 95
9 58
2 97
4 9
10 65
7 57
9 5
5 16
8 35
4 37
8 56
4 58
1 73
9 10
6 12
8 97
1 27
1 90
5 93
3 49
10 78
6 82
6 46
2 18
1 33
7 70
1 66
4 97
8 10
3 39
3 60
4 28
6 52
9 49
8 41
4 19
4 36
1 31
10 39
7 19
6 98
4 96
10 9
2 87
8 43
6 81
7 27
3 19
7 6
9 20
2 89
7 31
10 8
7 24
9 44
5 14
4 94
5 15
5 78
9 74
6 31
6 14
8 12
10 83
6 100
8 53
3 79
7 1
5 82
4 50
1 14
2 61
2 32
7 76
2 84
9 39
8 8
7 5
10 23
5 76
2 52
4 22
1 45
5 56
7 66
10 3
2 8
8 97
3 62
4 66
5 59
9 13
2 100
7 46
7 25
7 2
3 28
7 18
4 79
5 9
3 92
2 49
2 78
8 25
8 10
7 16
10 36
8 78
8 100
6 90
1 22
1 60
6 34
6 17
10 100
2 11
1 40
3 19
3 77
7 71
8 98
6 85
9 34
10 7
8 61
6 83
10 28
1 99
9 12
10 35
1 4
6 16
8 1
5 97
5 29
8 27
4 40
9 94
10 9
7 19
9 65
10 47
3 33
7 27
1 79
1 36
9 84
6 53
2 65
8 35
9 88
7 47
7 13
9 72
5 6
6 32
6 9
5 97
10 77
10 79
5 32
9 8
7 95
9 85
2 95
9 10
1 56
4 49
10 25
9 44
2 97
6 35
10 9
2 60
8 38
9 72
8 29
2 16
8 14
5 30
5 34
10 92
8 93
2 1
9 96
1 96
1 9
6 39
7 81
10 7
3 47
8 85
9 51
9 39
6 88
4 37
2 3
1 35
8 70
6 81
5 22
1 38
9 66
10 22
4 28
6 47
8 17
2 79
3 89
5 73
4 73
5 5
2 55
3 57
10 23
2 59
6 71
10 57
6 64
4 41
1 68
4 49
7 50
6 70
1 1
4 26
5 30
7 43
10 40
2 40
8 69
2 91
7 83
2 61
1 88
5 35
3 100
7 46
5 90
8 9
10 2
8 26
5 26
8 23
1 87
6 48
2 43
7 27
10 37
6 6
4 42
2 89
6 79
9 28
9 24
2 30
9 75
2 69
7 26
1 76
10 20
9 71
10 2
10 33
8 27
4 21
4 9
3 67
1 23
6 9
7 80
7 10
9 70
5 88
9 73
3 88
6 58
3 26
4 21
5 53
10 63
2 73
1 53
4 76
4 66
5 100
5 51
6 88
1 53
1 97
7 19
2 24
7 7
2 66
10 48
7 37
1 67
7 9
10 90
1 66
3 25
6 17
1 40
9 2
7 14
2 22
9 85
8 11
9 2
3 42
4 28
3 90
7 1
8 11
8 89
8 42
3 72
4 57
7 75
1 65
10 67
8 98
1 70
6 11
3 78
8 38
10 60
1 59
8 42
3 22
1 2
3 91
1 51
4 90
6 73
4 100
8 13
4 57
3 47
9 20
9 81
3 94
8 73
9 22
8 98
2 62
5 76
1 55
10 34
10 82
9 66
2 32
6 88
9 24
5 11
7 44
7 89
5 14
4 26
10 32
3 37
2 4
4 99
9 2
5 33
10 76
10 92
7 33
10 80
1 13
5 6
3 77
3 48
10 2
10 75
3 53
8 43
9 62
8 52
7 30
8 48
4 64
2 89
3 50
9 33
6 86
5 97
10 59
2 4
10 95
7 21
6 44
2 80
6 94
7 26
9 41
3 2
3 50
2 17
6 80
5 50
7 94
7 43
8 56
2 6
1 3
1 79
4 58
10 7
3 79
1 37
6 3
7 97
8 74
10 3
10 63
10 69
3 93
3 93
9 86
1 98
1 20
5 62
6 18
3 82
10 89
1 34
3 42
9 83
1 64
5 51
5 74
5 61
1 91
7 94
10 45
4 88
10 85
1 1
6 58
10 100
8 8
2 88
1 12
2 2
10 1
7 54
1 50
7 97
2 24
3 83
4 23
4 8
5 98
8 72
2 59
3 24
7 72
10 4
4 97
6 88
9 72
5 15
5 11
5 15
5 48
7 55
5 2
2 93
4 8
10 68
5 36
5 99
6 78
4 5
10 98
8 14
7 13
5 95
9 48
6 81
6 80
10 50
6 74
5 57
3 45
5 65
2 67
8 62
4 97
6 27
8 87
10 80
3 64
6 93
10 70
5 100
3 43
2 17
3 68
8 86
4 27
5 89
7 33
1 27
7 16
9 43
7 64
1 90
9 57
8 65
5 25
5 48
5 100
10 11
7 56
10 34
4 49
8 82
7 49
4 83
5 37
3 69
7 68
7 40
7 8
3 36
10 64
2 21
1 21
1 100
5 62
1 19
8 71
5 68
6 48
4 2
6 87
7 51
7 96
1 74
4 50
3 25
3 32
4 63
4 18
3 53
9 57
7 42
6 25
9 6
9 14
4 51
3 3
7 24
9 28
6 67
7 13
2 89
9 17
10 34
5 9
3 69
1 62
3 100
9 55
5 52
3 59
5 44
7 27
1 61
3 3
5 29
10 59
10 63
9 6
7 85
9 11
6 5
6 17
1 7
3 5
4 19
6 10
4 28
4 13
7 40
7 58
5 59
3 47
1 71
7 56
10 66
10 17
4 36
3 21
3 32
4 76
8 22
2 87
6 2
10 7
7 100
3 12
5 100
8 57
3 2
2 30
5 68
4 90
5 59
10 3
2 86
5 27
9 41
4 36
2 40
5 35
5 14
5 74
10 85
10 14
5 23
3 98
5 26
6 86
7 1
4 34
6 71
10 49
3 9
7 55
1 84
6 4
5 9
2 80
9 79
8 36
5 87
8 82
5 57
3 61
10 98
5 79
8 22
4 88
4 70
9 21
10 88
6 82
5 86
3 14
7 4
2 61
4 65
5 30
10 30
1 55
7 31
10 18
1 34
4 84
8 66
5 73
8 2
1 26
3 16
3 63
3 81
6 36
8 21
9 55
10 47
8 97
9 47
10 11
6 17
3 15
6 36
3 92
4 75
5 82
9 3
8 40
8 2
7 28
10 16
5 17
7 61
3 89
10 31
3 65
6 77
4 94
4 53
8 18
4 83
9 56
9 44
4 4
8 95
4 76
8 9
9 84
8 16
2 25
9 42
1 37
4 52
4 90
3 19
7 34
9 50
6 43
6 98
8 100
8 39
10 25
1 29
10 95
4 12
3 76
9 36
3 86
7 88
3 46
6 93
2 45
7 48
2 67
10 58
8 84
6 76
2 72
2 91
5 47
6 100
1 66
4 34
8 13
4 2
5 50
3 32
6 47
5 56
1 52
10 75
9 72
9 17
5 54
5 39
4 75
