4 52
6 2
1 73
8 56
4 48
7 90
9 56
7 83
9 72
10 79
5 59
3 75
3 82
3 75
1 61
6 52
4 78
1 24
10 42
7 3
3 60
1 29
4 32
10 70
9 21
5 45
10 92
5 86
9 45
7 22
2 24
5 82
6 52
10 45
8 79
9 3
4 87
5 79
9 29
4 59
2 65
10 91
5 22
7 16
4 64
4 100
9 16
5 60
3 55
5 98
9 91
8 24
8 96
1 77
5 75
8 11
8 97
5 55
3 66
5 66
2 75
1 52
9 39
4 3
6 96
10 53
8 43
5 39
8 82
2 92
10 20
10 10
7 19
5 12
2 7
5 19
2 58
6 75
2 16
6 23
6 41
2 12
6 54
3 76
5 71
1 43
2 74
1 83
8 16
8 38
9 93
6 73
6 65
7 55
6 100
2 63
2 43
4 66
9 9
9 91
10 25
2 70
1 69
2 4
9 56
10 33
6 89
1 2
8 52
1 73
9 66
3 32
10 58
10 43
2 55
1 59
6 5
1 13
7 72
5 22
2 27
8 57
5 34
1 98
3 7
1 30
1 47
7 18
5 77
8 88
10 40
3 97
3 7
2 4
8 7
4 60
10 68
9 74
4 52
10 54
7 1
5 41
6 46
10 96
5 50
1 99
9 37
8 77
8 75
4 59
10 63
8 92
10 45
9 81
5 72
10 46
10 24
7 58
8 91
10 7
3 12
5 18
9 21
9 82
1 5
4 43
5 3
2 35
5 41
6 29
10 46
2 94
9 22
7 49
9 23
5 6
3 14
4 20
6 28
5 25
7 33
4 79
9 79
4 36
4 63
3 74
3 68
3 53
1 13
4 78
2 17
5 2
2 54
7 13
10 59
2 21
10 35
10 71
9 76
4 8
8 24
6 88
2 64
3 28
6 23
3 10
3 38
5 27
2 2
5 33
1 30
2 47
9 95
6 47
3 82
3 11
4 13
3 87
1 54
2 82
2 33
10 39
3 37
4 13
10 39
8 40
5 48
8 63
9 12
1 39
10 19
6 88
8 96
1 19
8 13
9 64
2 19
1 95
10 35
10 75
4 81
6 27
6 57
3 45
7 84
4 87
8 13
1 52
4 38
9 29
3 41
7 78
4 73
9 53
6 70
1 66
1 72
9 68
2 93
3 44
9 81
9 12
4 80
7 71
9 59
1 67
4 71
2 64
2 87
3 37
10 17
7 33
2 60
6 37
4 57
2 5
7 37
9 56
4 71
5 40
9 91
3 39
5 6
1 85
3 21
3 71
2 61
4 94
6 37
2 1
2 61
1 23
10 98
4 37
9 70
7 76
10 66
4 100
5 31
1 22
3 14
9 24
4 68
8 18
4 75
9 96
5 27
7 87
5 21
2 70
2 82
2 91
9 87
10 26
10 65
8 22
7 4
9 6
8 94
10 28
7 14
7 34
5 78
6 69
8 42
2 67
5 70
2 80
4 8
6 90
7 28
4 42
5 17
2 11
1 22
3 58
8 93
9 31
7 3
9 20
3 29
6 80
9 99
3 92
2 68
8 14
9 93
2 26
7 31
5 42
4 36
7 21
5 54
4 64
7 48
7 85
1 22
5 34
1 56
7 71
8 54
4 80
6 71
5 49
10 64
2 55
5 97
8 44
2 67
10 4
7 53
2 32
7 56
3 75
1 1
10 76
9 71
7 58
9 19
5 8
4 61
7 30
10 68
5 60
10 33
1 82
7 80
10 57
6 5
4 65
7 31
6 68
4 16
4 46
1 32
7 83
3 78
8 99
5 13
9 21
1 73
9 28
10 88
10 3
2 76
5 15
10 69
4 26
8 35
1 23
2 62
2 21
2 67
10 19
6 9
7 10
5 57
5 42
6 30
5 50
4 8
7 33
9 84
7 40
6 21
4 86
8 62
6 35
4 36
8 77
2 48
5 73
1 78
8 30
10 32
1 20
2 46
2 79
6 15
7 24
3 94
2 65
1 67
5 85
2 29
4 76
8 24
9 11
3 20
4 89
9 58
1 99
1 95
2 82
9 42
8 54
6 86
1 50
7 50
2 27
5 34
5 22
2 11
8 87
2 66
9 48
9 19
4 75
3 1
8 12
6 62
6 31
2 92
10 35
10 6
2 76
5 34
7 46
9 21
9 91
9 94
2 54
7 87
6 18
3 37
2 63
4 98
9 23
10 30
3 18
2 12
9 8
8 19
8 1
10 41
2 63
7 75
5 63
1 75
7 78
2 39
8 98
9 19
7 70
7 67
8 90
6 34
4 36
7 27
9 53
3 75
5 41
9 72
10 95
7 38
2 59
7 3
3 89
2 100
9 23
2 66
2 95
5 83
8 68
8 84
10 44
3 52
1 7
4 39
7 26
1 36
10 75
3 37
6 36
7 85
6 63
5 37
7 70
9 28
7 96
1 44
10 68
8 71
3 1
6 22
2 32
1 18
7 71
9 32
5 31
3 43
2 21
3 42
2 17
7 71
9 15
9 64
5 11
4 49
1 5
5 15
9 58
4 71
9 46
8 18
4 87
10 82
3 2
10 50
2 34
7 64
5 34
10 40
5 96
5 33
8 61
9 8
4 59
8 28
1 58
9 50
2 14
8 40
10 62
2 5
7 19
10 38
8 45
5 64
5 44
5 11
9 97
8 42
3 63
8 12
8 12
9 31
10 26
3 3
4 17
4 7
5 66
8 25
10 91
7 48
8 21
4 96
4 19
7 17
8 38
1 24
7 20
9 66
2 82
3 39
2 26
6 64
8 66
6 10
1 13
9 28
4 92
6 19
8 37
7 93
3 96
3 11
10 77
2 100
4 58
10 11
4 1
4 88
1 76
2 56
10 11
8 76
5 62
1 25
1 7
7 53
4 61
7 45
5 96
10 71
10 10
10 11
6 88
3 39
7 50
4 100
10 12
5 39
10 66
9 25
1 26
9 11
8 46
4 35
7 24
10 80
5 3
7 60
1 21
10 89
2 38
4 96
8 53
6 91
7 100
4 87
6 34
10 6
7 57
6 64
5 71
4 3
6 7
7 49
6 53
10 89
6 94
2 35
4 37
1 18
5 68
2 48
6 47
10 85
3 88
7 52
4 99
1 76
1 32
8 74
3 63
10 21
7 16
10 19
8 89
4 2
8 98
3 15
9 28
8 46
9 74
9 80
4 44
1 18
2 45
4 80
8 36
1 91
4 23
8 100
1 77
7 97
10 79
1 65
8 90
8 59
2 91
10 68
1 51
9 79
9 78
10 43
6 64
6 92
10 28
8 74
10 77
3 4
8 65
4 5
8 48
1 25
10 19
3 42
4 16
1 90
5 47
4 45
10 74
1 41
5 45
10 6
9 52
5 91
5 18
9 95
3 44
6 92
9 39
9 4
6 11
7 10
3 97
1 73
9 87
7 16
7 43
2 56
7 27
6 98
9 45
4 36
1 16
8 65
9 9
2 22
5 75
10 97
1 78
5 76
5 87
10 14
9 39
4 90
7 37
2 97
6 38
10 3
9 52
4 77
1 15
3 31
1 60
10 73
1 4
5 8
2 77
3 67
6 20
7 79
6 7
4 100
5 1
4 9
10 41
7 7
2 96
1 63
5 64
5 55
4 10
9 44
7 2
5 78
6 22
3 68
5 69
10 46
10 31
8 61
9 39
8 90
4 52
10 27
2 65
5 83
9 64
9 9
1 58
10 21
1 85
7 71
7 38
1 45
2 42
3 39
2 37
10 42
1 79
1 26
2 92
10 69
10 50
9 86
1 4
9 91
9 61
1 8
7 4
9 15
9 36
2 80
9 77
8 26
8 86
6 65
8 40
9 41
7 44
2 96
5 69
6 83
5 43
2 9
10 16
3 18
1 72
3 20
3 68
3 28
8 15
8 59
1 74
10 3
2 18
9 10
7 73
1 31
4 57
2 61
4 37
1 20
7 70
4 49
9 89
4 22
5 84
3 16
9 46
5 39
4 33
4 56
5 31
1 5
4 25
7 1
5 85
1 26
3 90
3 33
5 78
4 46
9 56
8 81
4 19
3 44
10 4
9 43
2 64
7 74
3 86
7 99
3 44
8 88
8 16
2 84
4 52
8 78
2 27
9 1
1 78
9 52
2 19
7 58
1 60
6 34
8 32
7 47
3 36
1 18
3 25
9 45
6 30
2 51
3 69
4 61
3 91
4 10
2 22
1 30
3 26
9 50
4 11
2 87
4 75
7 84
1 76
4 92
3 17
9 41
9 6
1 72
6 49
2 77
3 89
5 34
7 59
9 7
3 56
10 82
5 2
9 18
9 56
8 42
9 57
2 88
8 23
6 87
1 77
4 78
6 36
7 90
7 94
1 84
9 97
9 37
1 12
1 8
4 79
6 58
10 85
8 16
4 34
3 36
9 95
3 53
9 72
5 71
7 8
4 28
4 36
6 30
7 90
3 29
10 12
8 96
8 66
7 76
8 65
8 66
2 22
2 70
2 3
6 92
9 89
