8 44
2 11
7 22
9 81
10 59
1 99
8 67
3 27
6 89
2 95
9 68
1 29
9 68
3 40
3 35
2 24
10 100
9 54
6 99
10 43
6 25
3 46
5 24
3 69
1 48
8 33
9 57
4 79
1 45
5 92
5 25
1 84
5 92
9 24
10 32
1 77
3 18
10 25
1 84
9 65
7 54
5 56
9 35
9 36
8 38
1 3
5 85
5 33
1 13
2 69
3 32
3 6
6 12
6 13
4 17
9 24
9 51
5 45
3 22
2 1
8 39
7 16
6 8
1 55
10 35
8 18
7 31
2 28
8 41
4 52
9 47
8 38
5 31
7 47
5 87
1 73
6 48
4 83
8 9
3 30
3 62
4 58
10 66
6 16
8 35
1 48
10 73
3 90
6 58
9 37
3 85
8 62
10 9
9 36
8 29
7 13
9 34
1 61
7 41
10 29
5 3
5 4
8 19
10 1
2 68
9 85
9 1
3 89
2 89
2 100
2 31
2 53
7 83
1 15
10 51
1 36
2 41
8 88
10 54
3 31
6 73
9 91
8 66
3 21
7 22
6 5
7 19
9 41
2 88
2 64
10 28
7 69
6 73
7 32
10 93
9 79
6 44
7 85
8 84
3 20
3 58
1 5
2 46
9 58
8 39
7 36
3 52
3 83
10 27
2 64
4 57
7 82
3 83
7 48
4 76
4 91
3 59
1 67
3 67
6 48
3 31
5 84
4 28
10 100
1 83
4 40
10 21
3 64
8 32
2 85
1 5
8 5
6 35
3 79
8 7
10 75
8 39
6 34
5 20
8 49
6 73
7 25
8 73
6 84
4 77
8 79
3 76
7 43
1 71
10 1
7 85
5 38
6 68
10 20
10 23
9 93
2 45
1 98
6 6
5 87
8 88
3 94
6 36
3 37
1 23
10 53
4 18
7 45
6 14
7 85
5 77
4 70
9 14
5 59
10 63
6 88
7 42
6 58
10 9
1 70
9 11
7 8
4 45
6 2
4 82
10 77
10 79
2 88
10 50
4 92
10 41
7 41
2 91
1 95
9 16
10 91
8 63
4 73
8 14
9 59
7 46
8 9
5 12
9 69
3 95
8 41
2 23
9 55
8 63
2 93
9 76
7 68
5 59
3 31
4 22
8 69
9 6
7 51
10 4
4 19
5 10
5 46
3 77
1 21
4 14
7 17
6 18
6 4
9 95
2 56
5 76
6 67
1 68
5 97
9 48
8 6
2 64
8 36
10 88
1 29
5 92
6 93
8 97
7 72
7 27
4 55
4 4
8 54
1 47
9 66
4 19
5 36
9 35
9 26
9 47
8 32
10 29
3 15
1 73
2 32
2 78
4 25
7 79
8 42
10 91
1 69
7 98
9 43
9 68
5 71
5 35
9 74
6 24
2 10
9 75
9 71
2 18
10 72
5 61
7 6
1 39
3 73
8 72
3 15
1 43
10 9
6 51
2 46
8 11
5 14
10 30
4 42
2 53
4 34
10 36
5 19
9 57
6 67
1 25
10 18
6 47
2 60
9 47
9 17
10 32
2 80
3 59
8 65
10 100
10 85
1 31
4 21
9 91
7 76
1 42
6 54
5 10
6 26
10 4
5 86
9 64
7 70
8 49
2 67
1 75
5 91
4 71
4 23
10 46
10 97
8 14
3 79
1 27
6 40
8 54
1 10
5 32
10 54
6 49
2 49
7 42
8 11
6 66
3 58
5 59
1 4
5 38
2 94
5 69
9 63
9 99
5 61
6 54
10 79
7 22
10 98
9 97
9 2
9 39
9 50
9 64
7 43
1 5
2 47
6 30
6 46
5 53
4 50
3 87
5 97
4 84
3 56
9 12
6 58
1 87
3 94
7 26
3 49
4 72
6 62
7 76
1 5
4 84
7 79
2 51
9 68
1 16
10 81
1 95
4 8
2 21
8 51
1 57
9 38
1 42
6 70
3 80
8 4
10 47
6 13
3 42
7 56
8 61
10 1
6 34
10 49
8 58
10 49
8 48
9 79
7 19
10 44
4 30
9 39
3 90
3 43
3 43
2 81
7 51
7 29
8 100
6 28
3 25
7 99
6 93
8 46
8 28
1 52
5 14
9 34
9 30
3 47
9 12
6 32
4 7
9 65
1 71
4 81
3 70
1 74
4 11
10 93
10 84
6 17
4 16
5 6
6 42
7 98
6 12
3 48
3 73
9 85
6 21
2 48
6 98
8 49
8 37
5 11
7 59
2 36
4 96
9 22
8 86
5 35
5 34
4 17
2 23
6 56
2 96
7 61
9 36
6 49
9 41
4 56
7 86
1 52
3 10
3 82
2 55
5 11
7 55
1 87
7 11
2 79
7 42
2 49
10 5
10 22
3 65
8 16
10 1
5 66
6 50
3 90
2 81
4 18
1 84
8 94
8 29
5 13
5 8
5 58
10 96
1 100
5 46
9 39
6 83
1 54
6 83
8 10
9 30
9 27
1 95
4 98
3 16
10 95
9 70
6 22
9 70
7 50
3 12
3 6
1 84
6 96
8 55
3 54
1 60
10 71
5 5
4 4
8 28
4 57
3 76
4 4
3 45
2 65
2 3
8 71
5 48
4 99
4 88
2 3
1 67
10 30
10 82
2 58
5 2
7 67
5 10
2 16
1 24
6 28
3 63
9 76
9 72
1 8
8 60
2 11
1 22
10 7
6 98
4 66
2 85
4 56
4 24
10 62
5 8
1 89
5 68
3 56
7 12
8 54
1 97
9 100
10 77
4 75
7 17
7 67
10 6
4 17
2 37
4 39
9 27
5 37
7 22
10 59
6 26
8 62
6 40
9 77
3 97
7 86
6 70
7 69
7 12
1 1
2 11
2 21
1 45
7 63
2 89
8 49
6 17
7 36
5 93
9 42
4 97
5 75
5 83
3 73
8 99
5 69
4 96
9 14
4 41
8 65
5 28
6 90
4 98
10 91
10 44
7 39
6 90
4 27
3 11
9 69
6 16
5 57
6 34
8 29
7 51
2 56
6 93
5 3
8 79
4 44
6 45
6 13
6 55
6 62
1 49
5 3
9 86
2 28
5 47
5 18
2 16
1 11
7 10
7 39
4 20
7 67
8 83
6 34
2 84
7 55
10 6
8 53
4 74
6 11
3 32
4 5
7 83
8 11
9 76
2 61
10 27
7 64
3 80
1 80
2 6
9 83
1 75
3 13
6 75
8 6
2 41
9 10
2 44
6 40
6 56
6 23
3 67
7 74
9 83
8 66
1 64
7 33
1 90
2 14
3 89
3 84
9 14
1 66
1 44
2 9
6 64
8 37
5 33
8 17
1 23
8 56
6 91
10 99
3 80
5 33
9 9
9 70
7 91
7 92
3 35
4 92
6 17
7 73
1 83
8 47
7 65
3 54
1 90
4 87
2 41
1 40
10 50
10 76
3 96
1 51
5 19
2 54
10 23
3 32
4 65
6 30
4 94
7 81
6 41
7 13
5 81
2 93
10 65
3 62
4 29
4 17
1 22
9 22
1 37
2 87
10 14
9 26
2 20
3 87
1 93
1 62
1 3
3 62
3 17
7 35
4 93
2 73
8 48
10 34
10 97
5 29
4 18
9 69
6 28
1 50
5 53
4 26
5 89
10 5
9 3
4 11
1 34
7 20
1 24
9 34
10 82
8 50
4 2
10 73
3 6
3 45
10 30
6 69
10 10
5 21
3 89
5 31
8 38
2 20
8 34
6 52
6 51
3 46
8 25
9 90
4 50
2 16
5 75
10 2
5 21
7 54
8 42
1 79
3 31
1 51
2 31
10 54
5 54
4 65
6 47
9 82
8 60
5 67
4 56
1 66
4 24
10 85
4 79
2 15
10 51
7 83
9 86
4 60
5 73
5 55
10 9
6 86
6 59
2 98
6 58
1 92
2 65
5 56
4 38
8 50
4 91
4 34
9 80
2 24
6 86
8 65
9 34
4 85
7 61
3 62
9 45
4 33
3 89
3 97
6 55
10 45
5 71
10 39
4 60
3 60
8 51
9 58
1 87
10 13
4 89
5 61
5 63
9 29
7 68
6 26
3 37
9 44
6 3
4 83
2 70
4 52
7 33
6 58
1 11
3 47
10 18
1 93
8 42
9 36
9 58
10 65
3 40
1 82
2 63
5 36
1 19
7 10
8 40
7 73
10 27
2 19
6 61
5 45
8 94
7 33
3 31
5 65
1 61
4 88
8 95
5 15
9 70
5 48
10 92
10 51
6 94
3 28
9 67
1 13
9 14
7 56
7 3
4 39
9 19
7 46
5 71
4 13
6 100
6 10
8 20
3 48
6 40
10 95
1 22
9 65
9 74
3 63
2 26
2 41
9 55
1 55
10 34
5 57
10 100
6 29
4 78
5 45
5 66
8 59
7 67
10 82
6 67
10 96
3 16
1 65
9 23
1 72
3 46
2 19
3 54
1 77
1 97
4 16
3 7
4 74
7 70
5 78
2 100
1 60
