3 90
2 18
7 92
1 81
3 51
9 24
4 22
7 30
5 43
7 84
2 78
3 70
10 26
10 39
10 17
2 87
4 87
9 85
3 56
8 83
2 24
3 72
5 29
10 96
1 25
4 35
5 65
8 63
9 45
5 24
2 61
7 16
9 26
2 48
7 95
2 2
4 3
10 87
4 100
9 13
7 53
4 70
7 61
5 37
5 44
2 23
8 24
6 77
9 9
6 29
6 57
3 51
1 56
6 3
1 83
3 64
4 48
5 43
2 75
4 2
1 84
7 52
6 25
1 99
10 25
7 78
2 27
5 69
2 82
7 75
8 71
9 38
1 11
5 1
6 34
5 19
2 99
8 12
4 96
3 10
1 39
10 30
4 96
9 33
5 7
4 14
5 19
5 42
5 56
1 52
9 98
4 27
9 26
2 97
8 46
10 30
7 57
1 25
6 41
8 75
1 62
8 70
1 8
1 78
9 4
2 56
5 44
4 67
7 1
10 53
4 95
4 46
7 28
2 32
4 41
6 82
4 34
3 27
1 9
6 92
10 55
9 10
6 31
6 11
5 28
10 27
7 53
3 94
3 60
2 13
2 84
4 59
7 84
7 47
7 82
1 48
7 45
1 80
6 40
4 46
8 66
3 63
2 79
5 96
4 64
6 62
6 67
5 50
6 92
7 96
10 48
6 39
7 49
9 68
9 54
4 25
1 81
7 1
7 74
10 14
5 34
6 18
5 34
3 46
5 42
1 52
5 83
2 1
3 69
1 17
9 1
7 4
1 35
2 9
9 28
6 68
7 85
2 4
7 55
2 96
7 86
4 37
10 21
2 18
7 60
6 59
2 94
2 2
2 70
5 75
2 64
7 64
7 80
1 15
3 60
1 40
10 92
6 58
8 8
2 93
4 45
8 50
6 80
10 8
2 28
2 88
1 11
9 28
2 89
1 36
9 45
9 65
6 76
3 47
3 52
2 3
10 70
9 58
8 92
5 46
6 43
4 71
2 80
1 8
3 50
5 48
7 33
2 24
2 54
4 21
1 60
3 63
10 45
5 64
8 9
7 95
6 89
7 44
4 92
3 50
5 36
3 64
2 68
1 73
9 45
3 46
7 48
10 82
2 23
7 82
7 4
3 64
7 55
1 63
7 86
2 4
5 72
7 62
4 63
8 35
7 47
9 8
5 60
5 76
7 28
10 6
7 20
6 28
8 1
3 68
1 58
5 74
10 44
10 48
8 21
4 15
6 38
1 41
6 38
5 21
3 48
4 39
9 33
2 9
5 11
4 67
2 53
4 10
3 77
8 89
2 22
8 100
9 24
9 27
6 23
4 68
5 95
6 77
1 28
2 21
1 80
2 81
10 62
9 26
9 95
6 70
1 23
10 20
8 3
1 86
3 77
5 94
5 77
6 77
1 64
2 76
6 74
5 8
5 38
5 62
5 49
10 97
5 28
6 73
1 28
7 36
3 87
7 14
2 82
4 65
5 73
6 23
1 52
2 22
7 72
7 83
1 21
4 55
6 71
3 31
1 43
6 62
4 18
2 85
9 86
1 79
3 76
10 30
5 49
5 30
2 12
7 13
10 22
8 65
4 74
4 99
2 96
5 41
3 25
1 11
1 100
5 9
3 32
8 73
7 63
5 56
8 83
4 96
4 83
10 42
1 13
7 49
3 47
4 75
2 89
2 47
9 58
9 33
3 30
10 79
8 8
10 41
1 8
7 23
4 58
5 10
5 47
1 29
10 52
5 34
10 88
9 10
6 2
3 70
1 81
5 93
5 45
8 27
10 4
6 59
6 21
10 21
2 80
4 26
4 71
2 5
7 81
3 72
9 37
1 48
7 26
10 66
9 90
2 44
3 78
5 36
3 69
8 19
10 77
7 5
5 23
6 65
9 54
1 72
2 95
5 52
1 32
4 83
4 3
1 90
9 86
1 13
8 22
2 69
1 41
7 25
2 70
2 28
3 15
3 19
10 17
5 4
7 11
1 24
3 16
3 59
8 13
7 91
8 72
10 65
6 29
6 3
4 70
2 99
3 40
4 89
5 41
2 6
7 76
5 93
2 97
4 58
1 38
9 45
10 39
10 77
8 56
6 63
10 76
6 39
4 50
5 25
10 67
3 37
9 58
5 93
2 62
7 88
8 86
6 64
9 79
3 12
5 42
8 92
7 17
9 79
1 65
6 100
7 25
9 81
2 38
4 21
9 47
6 91
4 24
5 8
4 32
7 6
4 52
5 80
10 51
4 7
8 67
8 50
3 54
8 66
2 55
6 96
10 91
8 41
6 81
2 21
10 34
2 51
5 77
1 4
10 11
7 43
8 58
3 38
8 2
5 100
2 49
5 75
9 8
5 68
10 55
3 6
10 68
5 87
9 6
9 3
8 29
4 11
2 62
9 49
3 40
7 4
9 45
8 86
3 4
5 42
6 13
5 71
1 28
2 87
8 38
6 63
9 37
7 16
4 34
8 35
2 30
5 28
1 82
6 4
4 92
7 58
4 72
1 78
4 76
3 98
9 45
8 57
7 58
7 80
4 2
8 15
10 70
10 62
9 57
9 98
5 1
1 88
4 55
3 53
1 53
6 39
2 52
9 32
5 82
3 53
2 27
9 30
4 89
3 81
6 33
4 20
3 17
4 73
8 51
5 13
9 88
5 48
9 2
10 33
1 59
3 6
4 40
4 72
7 63
7 85
2 18
10 61
3 49
1 59
2 50
10 9
2 7
10 69
6 8
8 72
2 91
7 55
4 94
8 100
10 44
1 26
1 41
1 2
6 53
3 48
2 63
7 14
1 55
1 72
5 45
9 40
6 44
2 88
6 48
7 75
2 8
4 76
7 93
5 35
7 28
3 59
10 79
7 96
2 4
1 42
8 5
6 10
8 4
3 94
1 18
5 56
2 43
8 44
4 55
3 63
9 44
2 24
3 9
4 78
10 18
1 48
3 5
8 94
6 1
6 51
5 57
6 44
7 37
6 61
2 94
10 47
6 20
2 7
2 10
6 37
7 16
8 85
10 80
1 71
9 28
1 89
1 93
8 83
8 46
10 75
9 59
4 11
8 91
3 20
5 53
8 93
5 52
5 57
7 79
7 38
7 37
4 43
3 16
3 93
5 49
8 34
2 80
9 46
10 27
5 99
1 14
5 9
5 13
9 72
1 81
7 23
5 64
10 69
6 52
8 69
3 48
5 98
10 72
8 89
10 86
2 65
2 74
2 34
1 54
6 26
2 35
8 69
4 89
4 79
4 57
2 20
8 49
2 51
3 92
4 76
6 33
10 81
8 12
3 12
1 12
1 7
1 3
2 85
3 87
8 73
8 74
7 17
9 94
7 98
6 54
10 30
5 73
5 59
5 36
8 94
10 28
10 80
4 88
6 18
7 92
4 32
4 27
1 77
6 9
8 5
1 94
10 40
9 56
6 71
4 55
8 85
3 60
1 96
9 3
6 94
3 58
9 78
3 32
9 4
8 67
6 78
9 31
4 6
1 11
9 33
3 65
5 13
6 25
7 35
5 35
3 63
10 7
3 33
1 79
2 82
7 20
3 32
4 61
6 11
2 82
6 65
7 97
4 9
7 51
4 77
4 5
2 89
2 33
6 40
4 85
5 14
3 80
5 47
5 13
8 56
7 56
6 76
4 27
2 6
1 18
5 38
6 51
1 33
6 77
2 91
4 80
4 57
3 83
1 71
8 2
6 72
6 35
8 96
10 51
3 32
8 26
5 94
3 84
4 63
8 92
7 78
3 3
7 18
5 93
10 57
3 48
1 25
9 2
4 71
7 50
2 38
8 22
8 38
10 1
2 39
1 76
1 26
9 27
9 78
7 93
2 91
4 84
3 89
1 92
4 92
10 40
1 61
4 80
10 96
4 13
10 56
6 18
2 5
2 63
5 45
10 73
7 63
7 34
5 56
1 39
6 59
9 20
7 32
8 78
9 42
5 9
8 11
1 82
4 1
7 76
5 74
5 91
9 28
6 72
10 83
4 81
1 73
1 30
2 57
3 30
8 75
9 56
7 87
7 63
1 85
6 77
3 70
2 41
3 46
7 73
10 54
5 59
8 36
2 18
1 2
8 10
5 23
8 46
9 50
10 7
9 93
6 38
2 9
7 37
10 33
4 22
7 37
6 13
7 38
8 37
1 47
2 43
6 98
10 88
9 25
2 57
2 25
7 92
1 26
3 60
8 33
9 17
6 7
5 3
8 45
7 63
4 45
5 30
9 89
6 77
4 87
2 48
3 93
5 30
1 6
10 26
9 91
6 50
4 29
1 57
6 27
10 63
9 100
6 85
2 70
3 77
8 2
1 25
2 82
3 100
8 9
2 99
4 58
1 55
4 22
1 87
3 3
9 49
6 48
5 17
5 15
5 21
1 15
2 41
1 55
9 51
10 54
10 39
2 89
1 58
4 67
8 9
9 46
1 10
3 64
3 17
7 95
1 25
10 93
6 42
1 55
6 75
6 6
