10 85
2 95
4 75
1 34
2 77
3 1
9 78
3 87
5 82
2 50
6 42
4 62
1 45
10 87
7 50
2 95
6 88
1 60
5 83
5 29
9 13
1 19
10 90
10 72
8 100
9 9
8 36
9 21
2 66
6 78
3 47
2 82
2 78
9 22
2 20
1 16
10 13
3 80
1 9
8 51
10 7
8 67
9 57
8 94
6 73
5 76
5 72
8 4
10 35
4 21
10 38
1 51
7 81
7 62
4 42
6 25
4 43
8 68
5 62
2 20
10 42
7 11
9 46
8 25
7 74
8 25
7 82
6 6
1 8
7 95
6 21
2 53
1 80
6 100
5 26
9 79
3 85
5 78
10 20
9 64
5 49
9 30
2 48
5 92
10 64
6 85
2 55
4 89
10 17
9 15
7 26
2 33
4 2
5 90
3 91
4 58
3 91
4 17
9 79
10 25
9 79
7 46
8 15
9 98
5 48
10 18
3 37
2 68
10 49
6 25
2 30
9 75
7 95
6 28
5 71
7 63
9 30
6 1
4 62
8 75
9 91
6 91
6 83
3 77
7 50
2 85
1 97
1 90
8 82
3 53
2 41
8 68
7 18
3 22
10 55
7 73
10 67
9 52
2 85
5 35
8 76
3 61
2 65
7 48
9 9
5 91
4 32
3 25
6 29
6 22
10 42
9 4
3 81
4 68
2 86
3 19
7 33
4 8
9 81
3 72
1 18
1 62
1 40
2 5
7 12
4 75
2 100
2 88
1 99
5 71
10 75
8 81
1 100
4 40
5 30
7 44
1 18
4 50
1 86
10 41
5 83
10 15
6 89
6 72
3 34
2 86
8 55
10 28
6 24
5 5
1 47
10 50
4 53
7 40
2 33
10 17
5 34
2 45
1 11
3 64
3 74
6 43
4 6
6 57
7 34
1 57
1 72
5 62
7 75
5 46
4 34
6 36
10 76
1 25
8 37
5 74
4 26
10 68
8 73
3 64
4 94
9 54
8 18
2 37
5 79
3 34
1 4
2 87
3 43
5 67
1 92
2 60
1 36
10 92
7 12
5 52
7 84
9 34
3 13
8 91
1 7
5 71
3 11
7 70
5 17
2 35
3 46
6 54
7 87
8 46
5 21
10 94
5 68
10 91
8 55
8 100
9 62
8 77
10 28
2 12
8 36
1 17
6 74
1 34
7 74
5 89
7 18
7 74
2 30
10 64
10 74
2 71
6 75
6 8
8 22
10 70
10 42
8 70
7 65
7 10
6 7
7 94
3 47
1 75
8 18
5 33
1 66
8 1
6 20
5 40
6 6
5 52
2 33
10 41
6 50
5 34
3 32
5 82
1 95
2 66
8 100
6 27
9 42
1 29
10 43
3 34
4 3
1 81
8 11
7 94
8 86
1 56
3 86
9 70
8 82
1 83
3 99
3 80
7 82
2 60
4 97
5 40
3 42
9 74
1 53
5 85
9 8
10 54
5 78
9 8
2 9
8 81
3 33
1 62
7 14
3 62
7 62
10 100
7 90
4 26
2 23
7 22
7 24
9 64
2 34
2 30
6 31
10 21
6 68
9 7
6 16
5 79
5 54
8 29
3 51
10 91
3 17
8 37
2 99
6 36
5 87
4 95
2 36
2 2
1 98
9 53
10 85
2 42
3 21
2 99
1 54
2 31
3 10
6 95
8 12
7 96
9 77
4 100
7 13
6 82
8 37
3 40
1 47
3 68
5 19
10 7
3 66
6 62
2 56
9 46
1 60
5 4
3 83
8 15
9 98
10 47
5 6
1 26
1 21
7 80
2 52
4 23
5 35
2 5
3 66
2 80
1 94
5 13
1 35
10 9
8 29
3 17
3 33
10 36
2 60
10 47
5 12
3 49
5 18
2 8
1 39
9 80
10 90
1 43
6 44
4 43
8 92
8 65
4 10
9 11
3 23
1 5
7 2
9 3
3 18
6 95
9 1
3 10
2 49
2 2
2 9
6 88
3 83
5 87
3 57
4 21
6 11
10 53
3 4
3 47
1 28
6 49
8 6
2 15
1 98
7 53
10 68
1 88
1 5
7 71
8 98
3 72
10 26
7 8
4 20
3 100
3 31
1 35
9 67
8 53
6 62
2 93
10 87
6 27
10 62
2 4
6 29
10 99
9 19
5 62
1 31
1 2
9 96
6 88
1 60
8 82
9 20
9 58
5 15
8 41
2 75
1 67
9 65
10 35
7 32
5 34
4 53
9 66
7 90
8 37
8 81
1 88
7 64
5 11
10 40
10 51
3 83
1 43
6 76
10 18
7 85
3 73
8 27
9 46
9 25
9 66
7 94
7 69
6 75
5 33
10 86
4 71
4 23
6 37
8 88
2 85
5 86
2 59
7 3
8 48
7 38
1 7
4 71
4 48
1 40
1 79
10 17
4 99
8 14
2 77
4 42
2 97
8 96
7 3
8 5
3 11
5 40
1 87
6 96
1 50
4 60
10 90
3 93
1 38
5 36
2 14
1 59
1 89
7 39
10 54
5 99
3 95
4 56
6 3
5 77
10 17
8 38
7 86
8 70
3 80
4 86
9 62
10 57
6 73
8 13
8 96
3 72
10 12
10 33
10 82
10 45
4 15
6 95
2 31
10 64
8 81
7 83
9 86
6 41
9 5
2 48
1 44
6 36
5 74
4 31
9 49
5 66
1 94
8 41
7 68
4 2
7 69
5 28
9 81
6 23
8 53
4 12
1 47
3 82
9 62
3 3
4 16
1 10
1 4
6 71
5 49
7 34
6 5
4 24
8 41
1 31
3 34
2 8
4 41
8 12
7 2
5 84
4 50
10 18
7 28
6 26
9 100
6 90
3 96
5 71
2 19
3 100
5 38
6 36
2 33
2 72
4 20
1 31
9 80
3 7
5 90
6 85
5 19
3 39
6 25
2 34
7 50
3 88
9 51
10 81
5 20
6 99
3 91
8 71
6 26
9 67
2 95
2 93
1 11
9 54
3 62
9 4
8 31
9 29
9 88
10 18
6 62
9 49
7 27
8 48
2 15
7 71
9 73
2 16
10 19
10 65
4 99
2 58
4 86
8 21
3 81
6 100
6 46
10 58
5 4
1 83
1 72
6 51
5 58
6 97
7 32
3 37
9 58
9 47
1 82
2 38
8 82
8 58
5 73
10 46
8 34
1 75
9 45
9 94
9 81
8 21
7 38
10 18
5 44
6 99
4 32
10 38
7 68
3 32
7 10
10 21
4 22
6 21
3 57
5 78
8 82
7 11
2 100
10 68
1 2
7 35
2 100
8 31
8 61
1 19
10 74
9 39
6 63
2 24
6 1
10 82
6 5
4 96
4 39
3 62
4 79
4 50
1 77
9 10
3 3
7 99
2 37
2 44
4 81
3 73
8 49
10 65
1 54
5 83
10 35
9 70
5 79
7 21
7 88
3 83
2 49
5 26
3 11
3 63
10 60
10 10
9 48
2 93
9 65
7 44
5 79
3 59
1 30
7 11
7 49
5 54
8 91
8 10
8 47
9 62
1 60
10 66
10 55
2 24
2 27
6 68
6 100
7 28
8 60
2 73
6 3
8 43
2 85
6 91
8 22
6 19
4 25
3 30
10 86
10 87
2 79
2 62
5 46
5 66
7 49
7 81
4 23
1 65
4 39
10 72
9 31
5 64
7 88
8 60
8 12
5 63
3 25
1 62
10 24
10 86
8 66
4 14
6 36
3 66
6 10
10 41
5 87
6 19
10 51
5 48
8 30
7 94
4 37
6 29
8 63
3 74
9 34
5 21
8 52
1 68
7 52
7 42
9 98
6 69
2 20
7 85
8 56
7 57
5 51
5 67
3 27
2 87
9 65
9 93
7 25
4 29
3 31
9 5
6 16
9 94
9 70
6 95
6 13
4 16
6 11
1 31
2 47
7 13
2 79
8 59
10 83
4 87
4 2
2 55
3 20
7 38
3 57
9 55
2 38
7 30
2 14
8 81
6 64
9 48
1 48
10 89
5 11
4 39
8 81
10 82
2 63
3 37
9 17
8 36
6 26
8 93
2 50
2 9
7 82
2 72
7 68
9 26
6 17
4 14
9 88
7 57
1 52
9 67
10 55
3 26
9 59
5 92
6 77
9 56
10 84
4 24
2 64
4 19
10 13
5 42
1 48
3 45
5 88
9 35
4 13
6 90
7 47
5 74
6 10
4 14
3 59
2 34
10 54
10 95
2 6
2 4
4 39
4 61
1 7
2 67
3 13
7 44
5 26
7 97
10 45
3 14
3 42
10 48
9 16
7 15
6 21
1 76
6 71
9 82
1 8
3 21
9 38
10 22
4 9
10 95
9 83
5 40
2 23
3 8
10 69
1 86
1 77
5 25
9 95
8 99
5 48
10 51
9 8
1 67
10 100
9 57
8 42
4 8
5 44
8 32
1 25
10 100
3 96
2 73
7 99
8 80
6 71
3 95
8 95
10 96
7 51
2 39
1 40
10 35
3 37
