9 48
2 69
2 87
10 55
10 46
9 47
2 77
5 100
4 95
6 86
1 86
6 9
2 48
4 76
6 31
10 17
3 17
8 77
2 86
4 79
4 22
3 82
8 46
2 7
7 51
9 60
9 8
5 59
4 34
4 32
10 65
7 35
4 1
2 89
8 22
6 77
3 94
3 39
5 90
6 91
6 9
7 64
5 64
6 32
8 26
7 95
6 12
1 74
1 24
1 15
4 96
5 36
6 50
7 58
5 100
9 56
4 91
10 56
6 13
9 81
6 79
7 27
7 19
8 65
4 18
1 34
10 36
5 46
4 94
5 76
2 61
10 37
7 22
4 27
10 48
4 29
8 26
5 87
9 26
6 22
4 3
2 10
9 68
2 52
2 30
2 31
8 16
8 27
1 10
2 61
6 11
1 50
3 56
7 75
6 2
4 94
8 7
7 51
3 30
3 22
10 90
3 1
9 2
3 17
5 66
2 59
7 21
10 5
2 35
4 83
4 3
6 8
7 38
1 6
5 30
3 43
8 9
10 49
1 10
5 77
6 4
8 39
9 23
1 62
2 4
10 80
7 95
9 57
4 16
6 45
3 75
3 80
3 1
7 59
8 60
10 84
9 15
7 83
10 60
8 8
7 15
9 100
8 68
10 5
8 76
8 86
3 49
9 12
10 56
8 15
8 89
8 29
8 50
4 82
8 89
9 68
10 88
10 41
9 10
5 63
4 84
2 60
5 41
3 53
4 64
4 85
5 69
1 58
2 63
9 36
9 97
5 97
3 14
5 62
3 4
9 96
5 54
8 23
1 74
6 8
6 7
4 93
4 38
4 60
8 92
4 17
3 48
6 32
6 79
1 63
4 50
8 56
8 55
6 87
9 5
1 56
10 70
8 44
5 38
2 39
7 98
8 13
8 83
3 29
10 78
8 40
4 21
4 30
6 51
1 73
1 1
9 7
2 65
8 41
5 57
5 2
3 9
3 92
9 97
7 92
9 50
2 29
8 12
5 19
10 71
6 19
10 54
4 54
3 88
9 44
6 89
5 30
8 1
2 15
9 70
2 100
5 17
6 43
8 100
9 87
10 41
1 63
10 21
2 40
6 83
9 93
5 61
6 30
3 98
10 49
10 35
8 78
3 77
7 24
7 43
4 97
5 86
2 84
4 25
2 18
10 34
2 52
2 90
2 27
7 100
2 74
5 44
2 49
10 59
3 90
1 84
5 2
7 21
10 54
6 27
10 40
1 68
10 69
10 98
7 97
5 95
9 70
3 56
9 6
7 23
4 24
1 89
3 78
9 40
5 73
2 26
3 14
8 47
1 81
8 41
2 72
10 83
10 69
8 39
9 37
9 41
7 26
1 46
7 12
3 42
6 49
7 38
4 63
6 49
9 91
4 78
5 7
2 87
8 95
5 57
7 85
4 57
8 65
7 67
7 93
2 74
9 54
9 52
3 87
2 52
8 31
6 89
9 3
7 89
4 29
6 43
10 71
8 79
10 7
1 61
3 49
3 54
2 37
7 75
7 96
2 10
4 41
8 55
5 55
6 27
1 42
9 13
4 75
2 7
8 90
9 40
10 19
9 40
8 69
4 40
4 72
2 64
7 5
8 99
9 40
8 95
9 25
10 86
1 53
4 88
5 8
9 91
6 12
3 21
4 78
2 10
5 8
1 74
1 27
6 85
10 42
6 43
7 32
1 22
2 8
10 64
4 51
3 22
8 16
8 65
10 72
7 45
2 99
7 60
10 20
4 86
5 16
6 24
5 99
6 26
10 84
1 29
8 70
7 33
9 98
7 36
8 63
7 66
10 82
6 70
1 14
2 42
2 35
9 94
5 52
3 25
9 31
9 5
2 82
1 61
9 31
3 82
5 11
2 80
4 37
2 16
2 47
8 59
9 79
3 13
4 80
2 3
2 87
9 54
5 41
4 38
9 30
9 63
7 33
4 96
8 39
9 86
9 2
7 87
5 51
5 5
7 48
3 53
10 64
6 21
2 69
3 87
9 81
4 67
9 28
7 65
5 25
6 7
3 51
6 86
2 100
9 97
4 31
4 6
1 88
5 70
7 96
10 76
4 22
7 74
1 59
2 55
7 3
9 9
1 90
9 71
9 2
2 39
3 65
7 15
9 5
8 73
9 4
10 57
2 77
3 95
9 21
4 95
2 32
6 66
3 60
3 6
1 57
5 98
5 2
2 7
3 11
9 22
6 44
1 76
7 35
9 64
4 91
1 4
9 89
6 60
1 79
2 24
8 96
9 69
10 62
9 10
2 4
7 33
4 80
7 38
7 28
9 99
2 26
6 7
3 18
1 9
10 65
10 72
3 7
3 81
1 93
8 89
8 86
4 22
6 89
1 77
1 12
2 26
6 54
2 11
5 50
10 58
8 61
7 75
2 12
2 11
6 76
4 52
8 9
10 20
9 69
5 68
7 94
8 63
3 96
1 77
3 70
1 15
3 79
6 40
8 52
7 33
5 90
3 65
4 66
5 61
5 2
8 88
7 10
10 27
7 31
10 68
1 41
9 72
10 91
9 35
6 18
1 84
9 22
6 50
8 65
3 71
6 34
2 20
5 6
6 90
6 55
7 64
2 37
8 33
10 62
7 77
4 40
9 76
10 94
4 83
4 62
1 64
5 7
5 12
2 12
1 12
6 80
2 78
5 32
9 70
5 66
4 73
4 83
1 9
1 70
7 15
8 72
1 94
8 100
7 37
5 13
4 29
8 62
10 77
5 38
1 39
7 85
6 36
5 39
4 27
4 84
4 62
6 36
1 22
9 82
8 35
7 32
6 9
7 90
1 49
4 8
1 39
7 6
5 85
2 19
8 93
1 21
8 9
4 70
4 24
9 75
8 16
4 6
6 67
7 86
4 47
10 30
6 56
5 57
6 40
5 80
8 97
10 82
3 27
4 13
4 28
1 17
1 66
6 3
1 1
8 80
9 51
2 56
1 60
10 10
5 94
5 50
6 69
7 70
1 20
4 70
10 86
9 98
2 81
2 50
8 81
4 91
2 71
5 85
1 96
10 49
9 74
1 56
9 59
5 25
10 69
1 40
6 78
9 88
9 64
7 8
4 65
10 23
9 77
7 74
7 13
3 22
2 37
9 47
1 37
1 51
10 10
5 56
1 92
4 94
7 71
10 89
8 7
7 36
9 57
8 78
8 53
6 98
10 46
9 30
7 28
8 60
6 10
9 34
1 91
2 48
2 47
1 37
4 8
1 70
8 94
1 58
5 9
5 8
7 45
4 70
3 77
3 13
3 37
2 54
7 21
5 91
2 59
2 39
2 8
10 94
5 40
3 98
3 13
1 56
4 55
1 59
2 14
8 100
5 71
10 59
2 76
10 69
8 36
2 3
3 43
7 59
4 12
4 70
10 33
9 42
3 59
8 25
1 84
5 7
7 93
9 54
9 33
8 96
6 5
6 27
7 29
5 72
3 9
7 61
5 36
7 66
9 30
4 35
7 14
9 37
2 83
10 98
5 29
7 7
7 58
2 17
6 94
10 47
2 64
1 48
8 96
3 56
1 83
2 78
3 46
2 34
2 55
10 96
9 98
1 42
6 96
4 57
7 86
10 99
8 36
2 38
6 84
7 49
1 22
8 33
2 95
10 18
2 76
7 16
8 77
9 25
5 46
7 29
4 36
1 9
9 9
4 56
5 11
6 64
7 64
8 37
9 92
8 54
4 83
4 77
1 58
7 96
2 36
4 26
2 90
10 23
4 92
10 50
10 19
9 37
1 61
3 74
2 7
4 92
1 98
10 44
9 100
4 28
9 23
1 31
8 98
10 43
10 76
1 23
4 6
6 28
3 35
8 56
5 18
8 98
7 13
5 9
8 97
2 67
10 3
3 14
9 74
3 88
9 98
7 68
10 65
5 45
5 28
5 46
7 99
4 55
3 94
5 71
3 4
7 15
9 35
1 72
10 64
1 77
1 49
3 61
9 36
5 4
3 64
10 16
8 96
4 75
9 12
5 99
8 76
4 43
4 59
1 73
6 81
9 85
6 53
10 89
10 87
2 34
9 98
4 92
2 58
10 74
9 56
6 5
6 55
8 35
5 51
9 36
6 97
2 29
7 79
8 73
4 18
2 89
3 18
8 72
2 69
8 92
7 60
4 37
3 67
5 79
8 44
2 86
5 16
6 66
7 26
7 49
10 69
10 43
6 65
3 61
8 81
7 62
9 8
10 90
4 38
1 67
8 74
7 79
2 30
3 65
5 51
4 8
7 64
1 91
7 94
9 62
3 50
10 86
7 79
9 40
1 86
5 60
6 4
2 50
6 19
5 24
2 53
4 31
2 14
7 89
6 21
2 24
4 64
4 18
7 93
1 41
5 64
3 53
10 14
10 88
4 98
9 37
6 69
9 42
6 1
2 1
10 7
5 63
4 86
2 85
6 83
4 83
8 76
4 58
5 9
8 92
7 33
8 71
9 53
8 8
10 11
5 76
8 68
3 38
