5 61
4 41
8 86
7 62
4 15
8 68
2 3
10 9
5 39
2 93
1 2
2 93
10 52
2 86
3 53
1 35
9 93
5 88
3 10
4 69
9 42
2 58
3 66
5 89
6 56
3 23
3 73
2 44
6 2
6 83
6 38
4 45
4 90
4 6
10 6
8 25
6 92
4 78
8 21
7 23
5 99
2 54
4 18
1 71
5 32
5 45
1 22
3 4
7 52
6 27
3 13
7 16
5 95
5 93
2 61
4 24
10 45
1 59
2 52
4 98
6 10
4 78
1 19
7 4
10 35
7 27
4 39
7 52
4 48
10 16
8 58
6 8
9 29
6 32
3 100
5 80
2 52
6 37
3 24
6 13
10 43
3 79
5 57
9 61
10 43
1 24
4 55
5 18
3 65
9 35
2 81
10 22
10 34
9 58
5 70
6 14
6 35
3 90
2 34
8 17
3 13
10 3
3 28
7 23
10 48
8 67
8 91
2 92
7 99
7 57
4 83
8 75
5 89
1 8
9 15
3 10
3 20
5 47
7 14
6 86
10 94
1 80
7 43
4 45
7 12
7 47
4 62
7 10
8 36
9 73
1 79
6 8
3 12
5 59
3 24
9 48
10 42
3 42
1 49
1 42
7 58
5 18
6 16
2 21
10 87
4 65
2 62
5 29
4 87
7 67
1 14
5 9
7 9
5 69
8 79
9 99
5 79
8 60
6 44
1 76
6 32
3 20
7 93
4 79
5 8
7 56
4 53
2 53
8 16
2 30
3 99
4 59
8 68
1 36
3 7
4 1
1 97
10 83
4 4
5 2
5 19
3 36
6 80
4 79
1 17
1 55
2 85
5 55
8 45
1 34
5 76
4 2
4 3
7 21
10 85
10 20
9 43
6 97
3 12
10 84
9 9
5 70
3 64
9 91
2 90
9 50
2 23
9 87
6 34
7 90
5 98
4 14
10 14
6 2
1 16
3 79
5 96
10 34
5 48
10 62
2 3
8 25
10 45
6 78
8 34
5 98
8 59
5 95
1 70
9 2
6 48
6 25
8 54
10 47
6 30
5 61
8 84
3 57
9 65
8 44
7 83
5 29
6 71
2 25
1 12
4 92
6 25
3 6
1 87
2 85
1 69
4 47
5 33
7 56
1 36
7 40
6 5
3 11
3 54
10 77
8 12
6 5
5 7
6 57
5 23
1 81
10 53
3 17
10 5
9 85
8 61
2 56
7 31
8 45
5 9
7 43
5 82
1 78
5 16
4 31
6 81
5 73
3 35
2 39
10 26
7 4
8 64
5 41
3 63
8 73
6 31
10 18
2 54
3 16
6 22
8 88
10 11
6 87
10 63
7 29
6 58
2 9
7 86
3 27
6 96
3 73
9 97
1 59
6 8
7 25
4 93
2 100
7 75
5 10
9 11
8 46
5 23
7 68
1 22
2 61
7 73
8 28
7 74
6 53
3 8
5 95
9 84
6 90
7 67
4 46
4 30
10 87
2 7
9 58
1 37
7 20
4 23
10 14
7 86
1 53
2 62
2 49
4 35
5 98
5 29
3 75
1 33
6 87
5 11
1 29
9 34
3 59
10 63
1 43
6 58
6 95
6 9
7 88
1 7
2 6
2 86
9 85
8 50
5 84
10 63
6 95
10 77
8 100
2 67
7 44
6 61
9 11
2 99
10 74
3 19
4 4
7 50
7 69
5 80
3 67
10 87
9 91
2 35
1 56
7 4
4 59
7 83
5 28
9 50
1 76
8 28
9 64
8 25
5 22
1 40
8 3
10 71
5 53
6 79
2 90
8 42
1 98
7 81
1 35
6 27
2 75
5 69
1 64
7 35
3 83
8 41
7 18
3 75
5 65
6 94
9 68
10 81
3 64
7 11
6 7
6 75
2 34
4 86
9 50
7 68
10 14
3 88
7 9
9 22
3 40
9 47
3 87
6 24
8 29
3 68
2 1
8 60
9 13
8 4
2 14
6 20
10 3
2 12
2 99
3 66
2 100
6 19
5 6
5 1
10 61
6 64
7 85
5 19
7 8
6 6
3 6
9 66
4 40
6 29
10 61
5 9
8 55
5 92
2 95
8 99
4 53
6 31
10 50
10 60
2 39
2 65
2 52
7 92
2 94
7 88
2 79
1 65
3 24
10 9
10 87
4 77
5 63
4 98
7 41
2 83
2 51
2 56
5 76
10 80
6 22
4 28
3 36
6 16
2 7
1 71
9 13
8 17
9 85
6 69
7 2
8 35
1 14
8 31
6 59
6 76
1 23
8 86
7 37
2 55
3 52
2 28
3 15
1 25
4 54
8 83
7 81
7 54
10 62
8 39
10 21
6 46
4 25
5 17
7 14
9 2
3 63
1 92
6 2
2 30
10 14
2 28
5 81
1 39
5 42
10 87
8 62
3 19
5 28
9 57
8 43
4 17
3 13
2 90
10 53
9 60
4 89
8 36
8 86
5 97
4 18
4 100
1 53
4 83
4 60
10 7
10 27
2 16
9 44
3 18
8 37
1 71
9 99
2 29
4 58
7 45
2 54
5 45
2 79
8 94
8 57
8 91
5 18
6 67
9 26
4 1
2 90
7 31
7 89
4 84
7 91
6 56
9 27
2 22
3 68
8 48
7 52
5 7
10 66
7 2
3 94
2 14
5 55
8 4
4 41
10 91
8 97
10 32
9 23
5 44
6 47
7 69
2 23
7 1
2 93
9 100
8 100
5 70
10 93
6 86
7 69
10 25
10 6
2 14
10 72
7 14
1 5
9 13
7 24
8 9
7 7
7 35
3 100
10 64
1 36
6 36
2 40
8 43
6 76
3 22
8 21
10 5
3 57
2 27
6 62
4 98
3 98
3 57
4 91
3 28
9 31
6 24
1 54
4 4
10 27
8 76
5 66
7 40
7 4
7 33
6 46
10 72
1 47
10 20
1 39
7 43
2 63
3 100
4 87
5 76
10 1
2 96
7 7
2 99
2 46
6 65
9 58
1 12
10 93
1 50
4 70
2 16
4 16
4 50
7 28
3 60
10 28
6 1
9 48
4 19
4 39
2 72
4 79
3 41
9 98
4 28
4 27
8 67
7 37
10 28
8 15
7 19
8 8
7 61
10 66
3 27
9 58
3 95
8 34
1 79
4 35
4 38
6 10
7 73
7 3
10 43
7 82
9 82
4 86
2 11
9 27
3 40
5 8
4 32
9 54
1 59
1 4
1 32
6 79
10 30
8 66
2 11
10 52
8 16
3 6
8 78
3 17
4 5
4 20
5 52
5 99
9 96
4 32
3 82
4 31
3 56
1 97
6 88
7 85
2 62
5 20
4 47
5 95
10 83
6 27
1 43
8 49
6 3
3 56
9 24
1 44
5 86
3 49
5 66
6 89
4 87
7 39
3 63
3 77
3 84
10 13
3 37
3 12
4 27
4 32
2 6
2 4
8 45
4 30
5 69
9 56
7 43
10 72
7 4
2 99
7 7
6 13
4 89
5 88
10 25
2 31
7 15
5 86
4 7
2 87
8 97
1 83
1 23
2 67
3 95
10 38
4 57
5 33
9 89
2 10
8 40
7 2
5 21
4 74
6 44
5 1
1 21
4 16
10 90
10 79
1 8
9 32
8 45
8 94
7 64
4 89
2 8
10 40
7 86
3 40
8 98
1 47
8 87
10 29
4 20
10 53
6 31
4 19
3 44
5 91
9 5
7 89
6 82
8 54
6 4
9 96
1 64
2 19
6 5
2 73
7 62
2 80
4 31
3 74
3 24
5 54
10 13
2 94
2 41
5 44
9 1
1 27
3 67
5 50
1 8
7 44
5 12
10 65
4 42
3 13
5 28
7 87
3 45
6 12
4 85
5 34
1 54
7 27
4 85
9 71
7 41
5 59
10 64
2 12
2 47
5 8
7 33
7 40
5 31
3 35
8 47
1 63
1 43
9 30
3 78
2 56
3 22
2 20
5 13
4 85
8 13
10 3
4 22
9 95
9 12
3 16
7 87
8 28
2 52
10 35
6 33
6 94
5 40
2 41
7 36
1 87
1 6
5 43
2 56
6 76
7 68
3 49
9 76
7 76
2 9
8 82
4 82
1 25
9 59
6 20
4 83
4 43
10 88
9 7
8 78
6 53
4 43
4 40
9 94
2 24
4 29
5 71
5 2
7 64
10 71
3 75
5 38
8 16
4 84
4 6
10 32
2 36
4 1
6 16
9 17
3 60
4 50
5 71
2 56
4 80
9 4
7 69
1 95
5 43
6 2
10 94
7 19
5 81
8 66
1 13
7 78
3 7
5 55
4 96
5 12
3 40
1 25
9 47
8 5
1 72
7 70
5 22
10 54
9 90
2 69
7 84
6 61
7 3
3 3
10 48
8 63
9 97
1 100
7 19
5 25
7 30
2 60
9 15
5 82
7 49
1 8
1 55
6 72
3 77
7 92
5 86
9 60
10 79
1 47
3 2
8 13
3 18
3 92
10 3
8 58
7 98
