4 34
1 60
1 96
7 22
1 76
9 75
8 52
5 94
9 28
2 9
10 96
9 32
9 56
3 59
2 58
10 91
5 24
9 58
8 83
3 85
6 32
1 60
5 9
2 63
8 43
6 84
1 7
4 55
7 16
1 43
4 46
10 52
1 13
1 3
4 60
4 79
7 83
8 28
1 68
3 21
2 71
8 54
3 78
3 97
2 85
1 43
7 30
10 44
3 61
7 80
10 82
1 12
5 63
9 49
8 13
3 28
6 56
6 23
10 37
6 40
1 20
6 96
9 78
2 90
2 79
7 98
8 9
9 13
6 3
8 69
4 89
5 55
7 70
6 96
4 82
6 36
9 41
2 64
8 59
1 72
1 73
2 2
10 6
3 46
10 62
9 95
3 44
4 19
6 84
6 47
1 92
4 18
6 44
7 73
8 4
2 63
9 38
8 59
10 81
3 99
10 86
4 91
5 89
4 79
9 68
4 42
9 12
5 10
1 37
10 5
2 29
1 30
5 77
8 16
10 4
1 55
1 21
4 45
8 60
1 89
9 60
9 24
4 40
1 76
6 8
5 2
2 43
6 19
6 75
6 23
2 10
6 95
7 56
6 46
6 50
10 23
7 69
8 77
2 63
10 23
4 32
3 39
1 5
2 50
1 41
6 52
2 16
3 30
2 31
10 16
2 94
9 53
10 100
10 69
7 10
9 28
1 59
9 88
9 88
10 9
9 57
8 53
8 28
4 17
7 26
8 13
10 60
5 100
2 51
4 81
9 24
9 86
6 76
10 6
8 27
9 82
7 4
6 24
2 81
7 48
10 97
9 60
9 73
5 24
9 47
8 95
8 6
6 18
6 58
3 19
3 83
1 2
3 82
5 71
5 44
10 31
1 56
7 89
9 60
1 65
10 88
6 25
3 23
6 100
4 6
5 33
2 31
10 32
6 67
2 20
5 20
9 85
1 55
2 68
3 6
6 94
3 30
1 74
3 19
2 72
5 9
10 27
6 23
5 61
8 59
2 62
7 62
8 91
2 94
4 38
3 62
1 80
2 40
1 58
2 19
9 89
10 37
6 33
4 28
1 80
6 53
3 85
9 25
8 92
1 56
9 73
3 24
2 26
1 80
8 21
9 66
5 71
8 23
5 51
10 25
5 87
8 35
10 1
10 45
8 5
4 47
7 15
5 21
7 45
4 57
3 20
4 17
7 48
6 75
1 1
6 51
3 100
1 16
10 15
8 51
9 42
9 21
3 27
10 44
5 33
2 62
4 33
7 59
8 34
3 68
4 91
6 89
7 15
4 51
8 29
4 46
1 62
7 63
3 77
9 30
9 1
5 81
1 14
2 32
10 66
3 72
10 46
4 55
9 82
8 17
1 33
3 35
2 78
4 50
5 73
7 90
5 87
3 20
10 94
6 37
7 59
3 58
2 93
2 90
2 39
7 43
4 50
9 5
6 58
10 24
1 39
1 21
8 16
7 76
1 93
7 89
2 42
1 85
6 8
10 89
7 94
9 71
8 52
4 20
6 89
10 42
8 56
9 66
6 67
3 73
2 87
4 9
6 87
2 83
8 67
4 33
1 24
1 14
6 35
6 57
5 48
3 44
1 19
7 77
3 70
2 71
3 56
5 52
5 81
8 42
7 6
8 73
7 37
8 96
9 16
1 100
8 27
6 85
4 15
7 63
3 49
2 54
9 25
10 98
8 9
4 64
1 1
5 5
1 17
4 77
3 41
9 47
7 61
8 43
2 42
4 15
6 82
6 2
1 4
7 52
8 91
10 71
10 41
2 46
3 55
3 81
5 56
10 56
6 59
5 49
7 67
7 69
10 27
4 23
4 91
5 70
9 62
2 16
9 17
7 55
9 28
6 91
5 96
10 15
7 13
2 74
3 87
10 66
7 49
7 24
1 65
10 90
9 99
5 7
3 16
7 13
8 83
10 9
5 93
1 35
8 66
5 4
9 28
2 78
5 27
4 63
9 42
7 50
7 22
9 28
3 92
10 31
7 62
10 29
2 87
2 88
7 51
9 13
1 8
7 87
10 54
4 46
4 30
6 98
4 22
4 86
6 65
9 73
7 86
4 57
7 22
6 63
7 12
7 34
2 73
9 87
7 58
10 47
3 30
3 29
8 48
9 43
4 49
6 20
8 38
1 39
10 27
7 43
7 100
6 68
2 49
9 74
6 34
3 8
4 48
1 51
3 64
7 78
1 41
2 87
10 24
5 88
3 96
2 88
7 68
8 33
3 75
3 31
4 95
6 46
9 14
6 97
8 21
9 22
1 6
5 75
9 77
7 40
7 59
1 19
5 20
10 38
8 100
8 82
2 64
2 29
7 87
7 18
10 8
4 57
4 79
5 35
1 12
3 71
4 27
8 39
6 63
3 46
2 50
2 96
8 7
8 13
2 23
1 82
8 60
8 49
3 76
10 76
2 66
2 65
8 100
6 1
1 78
4 51
7 26
3 72
2 46
8 30
9 2
6 50
6 87
10 59
6 57
2 61
3 15
9 62
8 95
7 24
3 80
6 84
5 61
7 95
1 17
4 80
9 92
5 9
4 74
4 56
5 10
3 70
4 11
7 14
7 30
8 17
4 91
6 9
5 58
6 60
10 14
5 7
2 30
7 36
9 52
5 78
9 27
7 44
4 89
5 93
5 31
5 63
2 73
2 41
5 45
8 91
3 2
5 6
8 87
6 54
2 75
7 18
3 61
10 26
10 17
2 82
6 48
8 42
8 10
6 78
8 94
4 33
9 4
8 55
1 18
10 36
6 24
3 43
3 63
8 24
2 93
1 67
10 95
9 79
9 51
2 90
8 85
2 1
9 82
6 8
10 29
1 93
3 83
3 3
9 57
8 87
1 35
5 94
2 43
10 69
9 100
8 14
5 11
5 28
3 41
10 35
3 59
7 9
5 75
2 53
8 55
6 59
7 52
1 88
3 88
9 92
10 21
1 22
4 26
3 49
1 89
8 26
4 85
4 69
3 72
4 32
6 37
3 54
3 59
10 46
3 27
3 41
5 45
4 98
10 48
6 17
4 69
2 74
7 93
2 64
2 12
2 62
9 87
5 10
10 5
7 78
6 2
6 44
9 81
8 10
9 8
7 94
5 38
5 35
6 77
8 67
4 57
1 65
10 98
3 63
8 90
2 73
1 19
3 95
8 40
9 66
5 34
4 59
6 67
4 53
9 43
5 17
5 92
4 95
6 64
7 28
3 89
4 71
1 57
10 5
9 99
8 34
5 2
8 57
6 61
2 84
5 41
1 66
8 8
8 74
3 59
8 89
4 67
1 7
6 68
9 19
1 42
3 25
3 57
6 74
4 16
4 24
10 26
7 63
8 6
6 19
1 98
5 19
10 4
6 63
6 28
9 79
4 36
3 65
1 45
6 18
8 16
1 76
10 59
7 27
1 58
7 58
7 33
6 9
1 55
3 30
10 57
4 65
8 26
2 13
8 56
9 60
10 24
4 82
10 54
9 67
2 44
8 19
7 77
5 96
4 29
9 87
2 4
5 47
8 36
3 64
5 77
6 28
9 89
6 96
2 96
10 78
4 3
4 54
8 64
4 75
7 49
7 52
10 43
9 96
7 14
1 23
2 20
1 83
10 74
8 64
6 98
8 52
5 99
3 99
1 12
3 30
1 17
6 27
5 44
2 85
9 39
7 90
3 97
8 76
9 76
6 52
10 11
4 70
3 74
5 57
1 75
6 46
7 87
9 81
9 98
9 16
1 47
5 66
9 64
10 87
4 31
1 25
10 91
4 23
7 42
7 86
5 35
5 74
5 75
9 70
3 61
5 81
6 36
5 81
8 46
10 21
4 62
9 31
10 14
2 44
2 20
7 72
6 79
6 95
7 30
7 47
8 65
6 35
4 100
6 99
2 34
6 53
8 6
5 82
1 56
2 72
6 67
4 53
5 39
9 84
6 88
6 6
4 47
8 26
1 55
1 78
3 31
4 100
3 31
7 78
7 54
10 11
4 56
3 51
5 4
7 13
1 1
3 71
5 81
1 30
6 31
10 65
7 67
10 29
7 88
6 55
8 35
6 26
1 87
2 51
1 72
9 67
6 84
3 84
7 37
1 25
4 54
7 88
5 73
7 17
6 14
1 57
2 46
6 84
1 55
6 13
7 77
1 89
2 38
5 36
1 2
1 40
1 56
3 54
4 82
3 67
3 93
3 36
10 37
2 90
2 49
7 1
2 14
10 92
6 10
2 6
10 12
2 93
8 71
9 77
9 12
5 31
5 81
8 67
3 39
7 55
1 97
2 23
8 27
8 95
4 58
7 72
10 51
10 47
2 89
6 7
1 1
7 70
9 57
10 12
9 1
5 60
3 10
6 59
9 4
8 42
10 48
8 8
7 75
2 47
3 38
8 9
4 31
4 79
5 9
2 81
1 77
9 23
10 13
10 77
2 37
4 30
3 84
6 92
2 29
9 92
7 36
2 71
10 12
6 23
5 14
