10 19
8 18
10 42
3 66
3 22
4 90
8 67
4 14
1 90
4 57
4 33
5 61
2 55
6 95
3 70
2 47
4 14
4 29
10 88
2 80
10 36
10 52
4 36
7 95
10 83
9 20
4 61
8 6
9 45
7 76
7 42
3 22
9 2
3 39
7 58
3 20
10 59
10 26
5 77
1 92
7 27
9 45
5 95
8 90
3 71
1 3
4 45
6 33
6 59
1 16
9 100
10 38
6 20
4 92
1 91
2 59
9 26
7 35
3 45
10 78
9 17
1 69
6 54
1 1
5 25
3 96
9 37
8 37
3 12
10 58
2 25
3 29
1 32
3 31
9 17
6 77
10 79
10 61
1 49
9 9
9 4
2 87
6 33
2 70
9 41
8 12
8 39
3 29
8 77
9 59
7 55
10 25
1 28
3 46
1 19
9 95
6 56
7 18
8 29
7 12
1 68
9 98
1 94
2 80
6 28
6 33
5 62
4 59
9 66
2 86
1 64
9 25
9 40
5 51
1 96
6 56
7 25
10 85
1 85
6 58
7 47
6 47
7 6
6 82
7 27
6 73
5 59
2 27
6 70
5 96
1 3
9 66
8 20
3 100
4 60
4 90
7 64
2 47
7 44
4 80
2 13
1 73
2 48
3 46
8 48
7 20
4 53
5 6
6 61
10 79
8 48
3 25
6 21
1 52
9 35
7 50
1 58
7 67
4 16
4 38
9 36
5 63
2 82
8 39
4 35
9 58
9 84
9 15
3 72
4 7
3 32
2 39
5 83
9 36
1 2
7 99
9 32
9 53
5 35
3 34
10 52
1 97
8 25
1 39
5 46
6 38
3 86
4 21
3 8
8 35
1 50
7 32
5 89
3 43
7 43
7 58
6 18
5 84
9 74
5 94
1 91
8 86
6 61
7 49
2 93
6 24
5 37
1 66
1 59
3 7
8 26
8 12
9 55
5 28
3 84
4 52
5 47
5 84
4 94
7 2
10 90
5 43
5 42
7 28
1 2
1 99
7 73
4 64
10 49
9 31
9 42
9 60
8 22
2 31
8 12
7 94
6 27
2 28
6 54
2 91
10 78
8 2
8 56
4 70
10 65
10 99
5 8
4 39
4 44
4 39
10 55
3 74
2 95
3 83
1 56
4 79
3 19
6 80
10 98
5 45
6 71
5 83
2 95
3 89
8 65
2 92
8 100
4 9
9 80
7 81
8 96
2 24
9 20
1 49
5 87
7 70
7 63
10 55
9 58
9 37
2 88
10 34
5 39
3 92
7 72
6 85
3 11
5 5
7 11
8 26
10 59
3 44
8 61
5 19
4 70
3 28
1 95
8 86
5 15
2 31
3 53
6 90
6 52
1 31
5 46
5 49
5 51
2 36
9 37
5 100
1 54
6 94
3 8
2 26
5 64
6 69
2 41
2 86
7 84
7 89
10 35
10 88
10 67
2 18
8 31
8 72
8 98
8 26
4 37
7 92
2 47
7 43
1 61
10 1
2 30
3 68
8 32
3 82
3 66
3 1
2 99
8 29
1 47
3 41
9 20
8 83
4 7
2 57
4 93
1 85
3 99
1 24
10 10
6 75
3 12
10 62
8 32
2 66
6 60
4 23
9 54
10 91
5 56
5 51
1 65
2 15
8 90
2 72
7 21
3 35
6 33
10 13
1 32
1 11
9 86
2 67
7 51
2 88
7 47
1 40
5 49
3 72
5 47
5 37
1 54
1 86
9 78
5 57
3 81
3 96
5 76
7 74
2 51
7 43
4 11
7 96
5 45
4 75
7 39
3 59
3 2
10 77
5 39
2 3
3 40
6 46
7 62
9 3
9 66
5 70
2 41
1 49
9 17
5 64
3 17
10 21
3 32
4 78
2 39
6 59
8 33
7 3
1 49
6 8
1 48
3 95
5 40
8 17
7 61
1 63
9 89
10 81
1 39
7 47
5 14
3 72
3 9
10 57
2 96
6 35
6 24
1 25
7 56
10 36
8 80
6 68
2 80
2 24
4 23
2 87
4 53
5 71
5 86
5 75
7 12
3 16
10 44
5 92
10 46
1 40
7 52
2 52
1 82
1 9
9 3
2 10
9 23
5 32
3 32
7 41
8 20
2 60
4 83
6 12
9 9
2 7
1 35
9 81
8 41
3 6
7 89
7 60
4 12
2 14
1 81
1 75
4 4
3 99
2 20
3 97
10 74
2 49
2 22
9 29
6 72
5 63
1 95
2 26
9 5
8 62
5 60
1 25
9 21
9 73
1 68
6 60
6 80
2 19
5 45
4 31
9 60
10 62
4 18
5 10
3 81
4 72
10 81
3 4
1 95
1 25
1 84
3 87
5 16
4 17
4 64
7 83
5 63
1 16
3 54
2 66
6 69
6 83
5 35
6 46
10 64
9 43
7 14
1 40
8 73
2 47
10 11
10 45
4 72
7 96
7 72
4 13
7 72
9 32
10 44
9 29
2 30
6 49
5 39
6 98
7 91
10 96
3 18
5 41
8 32
10 100
7 38
7 19
3 15
4 82
9 18
5 32
9 5
3 33
6 51
2 93
8 7
4 97
8 97
1 84
3 30
6 13
4 92
10 88
8 93
7 11
3 22
7 23
1 40
4 48
7 13
6 37
4 72
8 70
10 72
7 85
3 35
7 91
3 72
4 84
5 62
4 21
7 56
6 50
4 83
7 49
9 75
1 27
1 6
7 98
2 26
3 19
8 58
2 89
6 89
1 84
7 63
4 20
10 24
8 82
2 99
1 21
7 52
5 61
4 62
7 74
1 93
5 20
8 55
3 32
2 3
5 94
4 95
8 25
10 82
7 73
1 19
3 80
4 67
6 69
7 3
9 97
2 83
9 43
9 15
5 16
3 13
10 20
4 78
10 64
4 78
8 21
9 63
3 41
9 62
8 62
6 22
6 72
2 10
10 53
9 33
6 96
4 69
5 37
9 57
5 21
5 56
10 49
8 80
5 78
5 15
6 88
1 18
2 71
6 76
9 28
6 70
5 57
5 17
2 53
5 48
3 79
2 68
4 81
4 14
2 84
9 84
3 67
2 32
5 50
3 66
6 94
9 89
7 86
9 74
7 1
9 25
3 3
5 85
5 37
6 95
9 22
8 31
5 76
6 79
6 4
1 28
3 10
6 43
10 68
5 64
4 91
2 99
2 12
7 77
4 90
8 1
3 2
1 17
5 5
5 95
4 66
6 18
7 8
8 82
3 71
6 43
3 21
2 39
2 43
4 94
5 10
5 48
10 68
8 94
5 36
8 25
5 11
9 60
8 20
5 61
8 71
7 47
4 81
8 27
7 80
9 49
6 51
6 83
4 82
8 18
7 24
7 24
2 20
10 26
6 94
8 9
5 15
1 68
4 61
5 31
6 86
9 23
10 12
9 78
2 46
3 29
8 1
8 9
10 97
1 95
5 38
7 68
5 12
1 90
3 12
3 25
8 23
3 54
10 80
5 30
9 44
2 38
6 39
2 19
1 86
7 21
5 61
6 82
3 77
8 29
3 22
3 96
7 72
4 67
10 30
5 86
7 26
1 39
10 38
3 18
10 62
4 30
6 13
1 2
4 43
7 28
5 68
3 61
10 44
6 74
2 15
7 91
5 25
9 7
8 22
4 71
5 49
9 24
10 76
2 48
4 78
5 81
2 96
4 46
6 29
7 55
2 88
9 64
2 96
2 53
8 96
2 5
6 25
7 65
5 37
7 37
9 70
9 38
7 48
10 39
5 36
2 41
5 22
5 33
3 45
6 94
3 27
9 33
3 8
5 34
7 73
2 12
9 18
1 88
5 19
8 46
5 48
1 10
10 88
9 71
9 57
10 35
10 35
6 82
8 11
10 91
6 26
3 85
2 98
10 56
3 9
6 90
1 38
4 13
5 90
1 17
5 72
7 62
9 100
8 80
1 97
1 72
6 69
4 9
6 72
6 88
3 30
6 96
6 58
10 1
10 24
5 100
6 65
6 4
10 38
9 32
1 95
9 97
10 83
1 63
8 18
4 9
10 6
2 14
4 43
9 19
2 66
8 75
5 17
8 9
8 29
9 65
3 61
1 54
4 7
4 12
10 29
6 7
10 50
2 96
6 38
6 88
4 56
5 74
10 56
4 73
9 82
8 72
9 66
6 39
2 57
6 63
5 64
5 29
9 56
4 1
7 91
4 14
8 7
4 2
7 13
1 95
3 92
4 4
3 3
5 39
3 85
2 85
8 64
1 37
6 34
10 5
1 53
6 86
4 97
10 78
2 65
1 89
9 70
2 85
10 100
3 64
2 23
10 97
1 29
4 98
5 59
7 37
6 77
2 56
10 4
2 67
4 43
2 10
8 58
1 100
3 80
2 52
5 36
3 51
6 6
7 87
10 59
1 72
5 43
8 44
7 59
6 88
6 28
7 45
6 72
5 73
7 40
7 9
6 66
9 100
6 52
4 38
2 78
5 54
7 38
5 82
2 6
9 25
7 96
