4 77
8 29
10 13
9 71
6 34
2 21
9 14
9 100
6 50
6 64
3 3
1 78
9 30
3 8
6 88
2 62
2 27
5 60
5 39
5 11
3 93
10 6
6 82
10 23
5 67
8 46
8 25
4 98
5 80
7 94
10 22
6 32
7 34
1 26
9 38
8 41
2 50
6 91
7 74
2 88
10 40
4 26
1 44
10 90
9 21
4 23
9 6
9 38
4 73
3 19
3 47
9 4
9 93
8 40
3 39
9 28
10 12
2 30
1 5
4 14
7 27
1 42
8 84
7 1
7 14
4 40
3 56
1 41
1 82
5 90
9 52
5 67
6 26
6 40
2 43
5 17
6 100
4 91
1 25
10 52
2 55
4 40
5 9
8 16
7 16
5 3
9 5
10 96
9 39
1 74
5 87
9 16
8 33
3 90
8 56
5 84
6 25
1 22
1 60
10 21
10 85
8 53
1 35
6 60
10 56
6 82
5 56
1 7
9 22
2 59
5 49
3 57
1 25
1 96
8 72
6 91
10 12
7 15
2 49
4 22
10 23
5 51
8 74
4 65
6 59
10 43
4 93
3 10
5 9
9 86
8 94
5 54
4 8
7 13
7 48
9 52
6 37
2 18
10 18
10 15
10 44
2 21
8 40
5 49
9 94
4 74
8 48
9 76
6 78
10 15
4 11
5 96
7 78
4 25
7 47
1 89
8 17
4 32
4 92
9 27
5 44
10 85
9 98
7 35
9 47
10 70
3 2
4 14
6 78
5 54
9 54
4 15
9 2
9 22
6 39
2 23
2 22
3 72
7 3
10 67
9 29
8 8
4 54
4 39
4 36
2 7
8 58
10 28
1 78
9 10
1 49
3 75
9 34
6 58
7 31
8 34
3 65
6 39
2 74
1 71
2 74
1 30
6 64
1 24
6 75
6 37
6 73
8 87
1 35
3 79
5 47
7 86
6 3
2 86
1 67
7 82
3 19
2 14
10 2
8 32
9 23
1 9
9 71
5 1
9 12
4 79
1 50
10 19
9 7
9 37
6 44
7 59
8 30
8 59
5 63
4 84
2 40
4 56
7 36
9 7
8 51
7 6
5 100
4 91
3 57
10 8
1 37
4 59
1 25
3 98
5 88
7 40
3 20
4 60
2 75
3 5
2 26
4 68
7 94
1 43
7 52
3 51
1 47
2 1
5 22
4 37
9 51
7 67
5 16
3 99
6 21
3 29
5 63
3 34
6 67
5 70
10 98
4 95
2 70
5 70
8 42
10 74
3 76
9 42
2 12
5 28
1 25
2 85
5 76
4 35
2 100
9 70
5 58
2 62
2 76
2 54
8 85
7 7
4 18
6 77
5 44
3 64
3 87
9 5
10 90
3 27
6 64
2 48
9 59
8 78
5 39
8 53
4 3
1 34
4 33
10 35
5 12
4 57
8 36
10 51
1 81
6 50
5 56
9 12
7 22
8 22
1 15
4 58
2 60
10 46
2 78
9 25
1 100
2 64
6 59
2 93
5 93
3 44
7 23
2 97
8 4
8 78
4 47
8 13
10 24
1 52
8 88
8 71
8 68
1 74
1 9
1 43
1 33
2 13
1 89
5 64
4 63
4 66
8 67
8 96
7 55
3 54
6 76
8 20
1 3
10 14
9 13
7 6
3 47
4 90
8 3
7 4
2 64
3 19
9 80
1 73
6 81
10 6
4 68
4 25
6 75
5 68
8 95
8 82
4 54
3 13
2 4
7 23
8 7
10 15
9 61
8 81
6 9
4 14
2 75
8 9
3 10
1 32
2 56
2 39
4 77
3 48
5 4
8 75
1 36
3 32
10 46
9 31
4 25
9 24
8 27
4 21
2 30
8 66
5 63
9 100
2 98
5 58
7 84
4 96
3 42
8 49
8 12
4 40
1 87
10 59
2 44
5 97
3 33
4 3
5 1
8 86
10 63
4 95
8 12
1 19
1 43
5 10
4 71
6 84
8 44
2 32
4 98
10 33
3 64
4 33
6 89
8 20
7 53
6 63
7 62
2 92
3 82
7 99
6 89
2 70
9 69
3 57
6 78
3 60
3 27
7 6
1 99
9 100
2 96
9 23
7 36
10 79
7 86
1 69
5 41
1 51
7 40
5 7
2 64
7 75
2 6
7 21
2 40
1 72
10 25
3 57
2 98
9 11
2 33
1 38
9 12
9 47
4 10
5 47
4 50
7 33
2 69
2 6
4 51
7 32
6 5
9 27
1 31
7 88
6 9
3 84
1 40
6 89
5 19
6 68
3 75
4 79
8 16
5 5
4 1
6 77
1 39
10 48
1 15
1 56
9 99
8 2
7 36
3 10
3 18
8 6
7 8
5 13
2 74
6 55
4 61
5 15
8 46
6 48
8 7
2 33
7 59
5 28
1 61
7 34
6 41
9 53
9 35
3 70
5 53
6 54
5 23
6 53
4 70
3 99
9 10
10 92
4 69
10 54
7 82
7 100
3 83
1 9
1 56
9 64
7 59
3 96
10 28
7 81
8 54
10 30
10 77
4 76
7 73
1 76
4 8
7 77
6 95
9 71
8 65
4 60
3 94
7 28
7 80
7 24
5 12
4 71
4 19
9 46
10 91
8 74
1 42
5 13
1 67
4 17
6 25
6 41
1 16
7 62
8 73
3 13
8 98
1 4
9 92
3 46
3 75
4 77
6 52
5 55
3 21
6 69
1 1
3 45
9 26
3 90
5 89
5 98
6 78
1 76
6 89
6 35
9 36
10 64
3 79
6 56
1 30
9 66
1 79
7 80
4 64
6 88
4 48
2 100
6 10
8 7
5 57
1 94
1 76
8 83
7 46
1 88
8 46
10 52
9 79
9 32
1 34
1 25
1 5
6 46
10 59
7 45
4 77
3 35
6 6
10 42
9 70
7 42
1 38
10 27
6 63
4 87
1 48
1 92
10 44
5 97
9 29
1 90
5 60
2 93
4 57
1 85
5 58
1 95
3 47
1 72
8 70
7 10
5 78
1 20
8 94
7 57
8 84
10 3
6 55
1 89
4 66
2 88
1 70
9 14
7 100
5 73
3 73
3 60
3 4
10 59
2 78
8 17
2 84
2 26
7 92
7 87
5 89
3 24
7 59
1 60
6 4
2 32
4 30
3 94
1 93
6 16
2 12
4 50
9 56
4 57
4 66
4 2
6 66
6 63
8 32
1 53
1 71
9 64
10 45
8 96
4 43
7 44
9 77
1 68
6 78
9 27
6 58
6 99
5 85
5 7
10 86
8 69
10 92
5 93
1 69
1 33
7 52
9 13
7 73
1 98
9 1
1 12
1 10
10 30
2 22
5 15
4 52
3 99
10 1
4 31
6 86
10 46
1 42
8 45
5 78
4 61
7 92
10 32
10 30
9 66
4 61
5 91
4 47
9 4
5 12
6 2
8 65
6 70
10 35
2 82
7 19
3 17
1 8
6 20
1 41
9 32
2 50
9 40
5 5
8 19
2 67
8 51
1 49
8 95
9 100
9 10
10 97
6 73
4 38
4 10
4 75
8 20
1 92
1 68
5 21
8 5
3 48
2 36
2 14
6 79
10 73
4 16
6 30
4 6
1 20
5 72
8 57
1 1
4 13
10 53
10 72
5 6
9 48
8 91
5 85
6 82
4 98
3 57
1 54
2 88
2 99
1 57
7 30
9 92
5 11
4 70
2 76
7 42
8 75
3 39
1 77
7 97
9 35
4 11
7 79
2 74
9 95
8 81
4 74
3 89
2 96
1 75
3 1
6 20
9 81
6 68
6 35
8 76
2 88
4 35
10 16
2 25
3 100
4 28
8 10
5 75
10 46
7 96
1 54
1 37
2 50
3 42
3 86
8 35
10 1
9 74
8 50
5 53
8 10
4 90
5 58
3 47
2 70
4 85
4 51
6 68
8 62
4 14
10 75
5 49
8 77
5 35
3 91
6 13
4 20
3 20
9 16
2 52
5 76
4 30
6 57
8 30
8 44
2 46
5 81
7 47
3 22
10 6
9 71
1 86
4 12
9 32
10 58
3 48
5 44
1 28
3 39
2 71
7 22
5 8
8 64
3 85
10 90
6 23
8 4
9 91
2 96
4 64
4 52
3 32
9 10
3 98
5 1
6 22
8 94
10 91
7 89
4 50
10 18
3 22
2 65
7 34
9 98
9 67
7 21
4 91
9 54
8 36
10 48
3 4
10 10
6 27
2 23
2 87
2 75
8 12
6 63
5 1
9 60
9 89
7 13
4 3
1 56
6 2
9 100
10 57
2 72
6 76
5 31
1 71
7 71
9 3
4 52
5 28
6 27
2 67
4 93
2 37
6 83
7 24
6 59
1 4
2 41
9 87
4 63
8 47
4 47
2 89
9 12
4 72
1 4
4 99
4 36
5 92
10 77
6 58
6 72
2 42
7 13
4 58
1 78
8 7
6 83
4 5
3 30
1 53
4 85
4 67
8 63
7 66
3 92
9 73
7 84
6 35
