1 52
5 33
8 97
4 54
2 64
6 97
8 31
10 62
10 35
3 18
5 19
9 85
7 4
1 83
1 35
3 74
1 79
8 30
10 46
2 5
5 43
4 46
4 83
9 65
4 70
4 94
6 71
10 100
1 5
6 29
7 52
1 4
1 99
5 66
3 30
3 41
6 51
5 79
9 44
6 48
5 63
9 7
7 1
4 83
10 45
8 74
2 5
10 27
4 84
7 21
9 10
10 16
2 78
10 28
3 89
1 48
3 24
2 66
8 60
8 38
10 66
7 24
4 83
9 90
1 2
7 23
10 54
10 72
3 14
2 77
2 62
2 68
2 92
7 33
5 13
1 84
6 95
7 77
7 36
4 51
6 81
8 9
1 100
1 57
10 64
9 43
10 76
10 82
3 95
9 30
6 87
8 50
5 47
4 36
9 8
9 64
10 72
8 18
1 18
6 8
7 36
5 72
7 62
8 83
1 44
2 99
9 82
1 47
8 64
2 73
10 9
4 41
1 21
5 53
6 8
7 5
3 54
1 42
9 60
6 86
1 21
3 54
8 31
8 64
8 12
9 89
6 38
10 11
2 82
8 80
8 89
8 92
4 13
4 76
2 15
2 64
6 36
8 58
1 17
6 9
9 12
2 26
3 64
4 42
1 85
4 55
5 37
9 12
3 71
8 62
4 75
3 13
8 50
1 8
4 36
10 62
7 68
7 66
10 13
7 42
7 52
7 56
5 57
2 26
3 55
9 80
10 62
8 84
3 64
4 94
5 85
9 82
9 36
8 27
3 89
2 86
7 28
9 84
9 48
9 69
1 20
8 42
2 83
10 90
4 64
7 65
10 76
3 30
3 8
5 19
7 14
1 11
10 41
4 48
10 71
5 66
1 20
9 93
1 91
9 91
10 27
1 70
5 20
10 13
5 4
3 73
5 27
10 100
10 75
3 11
10 81
5 29
9 81
10 3
6 88
1 2
10 65
5 92
3 69
3 88
6 48
9 94
3 45
7 6
3 98
3 40
2 34
6 89
4 44
2 6
3 89
3 28
8 89
10 83
6 55
2 15
2 60
3 76
10 86
1 69
4 34
8 53
10 11
2 100
7 41
10 93
7 19
6 65
3 37
6 71
1 79
2 14
4 7
8 57
7 90
1 1
4 86
9 26
7 47
5 47
10 4
6 72
3 13
8 32
2 16
10 80
8 17
6 84
4 95
8 71
2 68
2 29
1 68
2 89
1 95
3 41
9 17
8 88
7 20
3 82
10 5
5 11
10 12
2 77
5 6
3 44
9 56
4 10
7 18
5 96
1 34
3 12
9 76
4 83
3 51
1 27
7 26
2 94
1 92
1 23
3 25
10 47
8 63
9 47
1 94
1 73
3 16
10 85
3 57
3 7
5 62
8 42
2 65
4 55
3 21
5 56
7 77
6 68
7 56
10 69
8 86
4 90
7 14
3 15
10 3
8 26
3 66
6 96
5 87
10 89
2 76
5 21
10 84
5 32
2 87
2 84
9 59
4 74
3 91
3 99
6 48
5 54
9 2
10 56
1 73
1 8
5 97
3 45
9 43
3 41
3 89
4 19
6 78
4 21
5 96
10 1
4 54
8 86
9 43
3 60
5 9
4 56
3 79
6 61
5 74
7 49
4 70
2 11
8 89
7 76
3 52
8 40
6 79
8 47
4 16
9 21
10 52
8 74
10 38
3 89
5 92
5 51
7 36
8 8
1 96
1 45
3 83
5 57
9 57
6 31
9 1
10 6
7 54
7 44
4 99
2 72
6 39
9 82
7 9
7 90
7 17
4 30
1 62
10 44
1 33
4 79
6 47
6 37
4 50
4 52
8 21
2 19
2 90
10 65
1 65
4 48
7 87
1 1
1 40
4 88
1 19
4 36
8 69
9 7
8 54
3 41
1 100
1 2
7 36
1 97
3 23
3 18
7 70
7 32
5 38
8 94
6 79
6 37
2 56
9 44
7 77
8 59
3 97
3 12
4 79
10 35
6 7
4 46
1 29
8 26
1 67
6 62
3 57
1 42
2 67
7 23
2 54
8 54
3 55
3 62
3 89
3 32
2 50
6 34
2 74
6 8
5 92
4 95
9 77
2 79
9 87
8 69
8 39
2 42
10 79
8 7
6 55
2 15
7 35
10 86
1 47
1 8
8 92
2 70
1 31
1 56
9 10
10 33
10 98
8 84
4 8
3 65
8 82
4 55
10 15
1 80
5 57
2 56
10 7
8 19
8 46
4 74
2 51
5 84
4 44
10 82
4 71
4 34
3 60
2 99
5 17
9 82
9 76
6 70
6 78
4 93
3 96
8 92
2 71
9 30
9 1
1 34
8 42
7 34
6 78
4 24
9 97
10 92
6 33
5 8
8 28
1 89
7 59
1 65
5 24
4 75
2 13
3 75
9 24
1 47
6 20
10 63
10 64
1 87
9 46
3 61
1 89
5 38
5 69
3 35
7 98
10 18
4 100
8 93
7 54
3 42
10 57
5 9
10 37
5 87
10 79
6 57
1 58
9 13
4 24
1 29
8 92
8 75
3 70
9 8
3 47
2 94
6 7
4 24
9 9
2 72
8 22
9 9
10 14
4 26
10 1
4 12
10 6
8 28
9 15
5 29
3 12
2 25
10 49
3 90
1 23
6 69
1 50
7 83
6 10
8 49
6 96
8 10
9 73
9 23
9 62
8 86
9 39
3 72
3 22
2 62
2 39
1 3
10 59
4 37
9 65
6 57
8 77
7 33
7 28
2 93
8 25
2 45
1 47
2 47
2 92
7 56
3 58
1 50
1 72
5 6
9 92
8 91
3 4
6 59
10 99
9 49
1 86
1 9
7 65
10 61
7 73
1 100
4 91
6 5
7 27
8 42
6 74
2 74
5 49
7 78
10 71
3 96
9 87
4 54
3 36
7 99
6 98
3 67
2 99
1 73
6 38
1 45
10 27
10 28
7 23
7 93
1 12
6 22
8 82
4 28
9 65
5 60
2 71
3 8
1 5
9 9
7 86
5 79
7 64
10 54
9 16
1 32
4 92
2 66
2 52
1 4
3 27
7 81
8 84
5 30
7 33
6 71
6 23
8 88
3 72
6 51
7 79
5 12
5 6
1 61
8 81
5 60
5 18
10 98
3 1
2 91
7 52
10 88
2 29
5 77
10 76
1 37
8 91
9 27
7 35
1 95
9 57
9 70
6 31
6 83
9 14
9 46
9 85
9 3
8 60
10 29
9 51
6 85
10 97
7 23
3 13
2 99
4 28
6 9
8 61
10 51
9 79
6 88
10 65
1 42
5 48
7 44
7 9
8 98
5 45
4 7
5 83
9 14
7 62
2 21
8 37
9 26
5 100
9 51
5 31
2 90
10 69
7 14
2 51
1 21
5 32
6 39
6 18
3 80
3 47
3 58
2 86
7 62
6 8
4 80
4 87
5 38
6 39
3 3
3 80
5 10
10 8
9 55
1 65
5 40
7 23
10 28
7 24
4 93
6 77
8 36
5 78
6 32
8 21
7 47
2 45
10 25
9 42
7 31
4 61
5 35
8 53
1 15
7 32
7 92
4 57
8 2
8 24
8 85
2 41
3 27
1 81
9 81
2 29
6 24
5 81
7 65
6 90
10 52
5 97
7 78
8 73
2 78
9 3
6 8
10 37
4 22
4 88
5 90
7 35
6 48
8 89
2 17
1 75
2 78
6 4
6 20
6 37
6 40
4 69
2 51
9 78
4 43
8 11
7 42
3 59
8 37
9 90
8 84
8 22
5 85
2 80
7 82
1 6
10 21
1 50
9 35
9 21
6 44
3 89
8 27
5 36
4 42
8 75
10 93
5 4
6 9
9 45
3 15
10 18
9 59
10 37
2 47
10 20
2 4
6 75
8 58
2 80
2 51
3 61
7 18
2 57
10 6
1 20
10 16
6 90
2 80
9 2
3 76
9 44
2 40
1 20
5 86
8 93
3 64
9 43
1 9
9 45
1 24
10 76
8 1
8 57
7 82
10 10
2 86
10 37
5 58
6 24
1 48
6 68
5 25
5 77
5 2
10 92
7 56
10 10
4 5
10 97
1 11
3 4
2 80
6 42
9 60
6 56
1 24
1 70
2 19
1 72
9 54
10 26
2 41
5 49
7 17
2 61
4 91
3 93
3 91
8 49
3 49
5 83
2 69
4 49
10 65
4 19
10 41
9 83
7 58
3 25
5 9
9 92
6 84
6 55
4 23
7 85
2 97
4 26
7 8
9 86
9 83
1 39
10 51
1 30
1 45
6 3
5 60
10 92
2 23
5 41
4 63
10 57
6 60
1 24
4 5
10 25
5 13
8 95
8 75
7 5
2 26
7 7
2 11
8 23
8 65
8 57
1 56
2 47
7 34
2 21
7 95
2 29
4 83
8 96
7 50
8 42
2 59
3 99
4 2
7 30
1 5
8 83
8 78
4 53
7 35
3 10
8 31
10 72
1 61
5 44
9 51
