1 52
3 38
3 65
5 13
3 44
8 84
3 39
5 57
5 85
2 43
2 6
2 75
3 70
4 81
3 28
10 91
10 20
6 53
2 90
4 97
1 29
9 9
7 5
10 36
9 85
3 97
4 90
8 32
4 17
4 48
3 96
2 41
9 45
8 71
7 74
1 31
1 33
10 15
4 31
4 65
9 40
3 81
9 12
2 68
8 85
3 81
10 74
7 15
3 55
8 41
6 62
5 47
3 86
1 12
8 66
3 49
10 74
1 54
1 95
3 16
3 25
7 24
9 39
1 90
10 37
9 90
7 17
2 8
2 89
2 66
10 78
7 36
1 91
1 60
2 96
5 40
7 100
2 29
4 82
1 90
10 69
4 66
6 24
8 43
10 6
3 52
4 57
8 6
4 70
9 35
3 9
4 15
9 24
2 80
4 59
10 50
8 14
8 25
8 6
10 24
2 89
3 78
1 89
5 26
2 73
2 43
9 21
1 22
5 55
3 50
5 35
9 87
10 19
9 63
3 64
7 90
3 50
9 8
9 90
7 29
7 18
5 72
8 17
5 49
7 6
3 6
9 33
4 25
8 57
6 28
8 12
9 6
4 36
3 6
3 27
6 14
10 67
10 43
7 91
1 79
2 94
2 80
10 5
9 47
9 69
1 53
5 65
7 79
4 25
3 21
5 96
10 86
7 74
3 86
2 23
7 61
8 33
7 12
5 16
1 98
6 21
4 61
8 4
1 3
6 63
8 95
2 49
6 45
3 44
5 39
8 76
1 67
2 76
2 94
10 22
2 2
9 38
4 12
6 44
2 100
3 24
6 82
2 60
7 23
2 17
6 93
5 98
5 8
9 95
7 82
2 22
1 98
8 16
5 18
9 82
1 14
9 6
7 13
9 94
2 79
6 5
4 20
8 78
5 13
8 9
3 69
7 16
1 23
8 59
10 35
1 96
6 90
7 10
1 24
9 29
5 34
4 40
10 60
5 95
5 57
3 12
1 89
3 72
10 73
5 47
8 91
2 37
7 40
9 13
6 99
2 60
8 59
10 98
7 18
10 93
10 46
2 87
3 84
8 11
3 67
5 11
3 79
5 2
7 20
6 85
8 75
4 80
6 63
10 22
5 84
1 77
6 58
6 69
9 5
7 93
8 74
3 69
3 37
9 10
3 81
7 99
3 30
7 64
10 34
1 78
2 64
8 59
8 41
8 100
9 68
6 9
4 53
9 99
4 3
2 58
5 80
10 3
1 70
6 53
4 67
10 96
6 29
5 1
5 68
9 86
6 90
6 55
3 58
6 15
9 48
6 85
4 64
8 88
2 86
9 90
2 55
1 54
8 19
2 74
3 91
10 40
5 57
5 91
2 47
5 55
2 84
1 55
8 79
7 48
10 50
9 39
1 26
2 54
9 26
3 67
10 54
9 30
6 87
7 34
4 4
9 12
1 99
5 57
8 74
7 38
5 94
10 25
4 75
8 77
5 38
4 86
5 68
6 100
9 86
4 36
1 38
2 59
2 30
1 74
1 60
9 97
4 22
8 91
6 91
7 83
8 88
7 87
7 82
4 18
3 72
1 40
2 25
5 38
3 95
8 62
5 95
2 46
1 19
6 37
3 58
9 100
1 83
10 76
7 63
2 44
6 16
8 94
3 17
2 50
2 24
2 54
4 76
3 58
4 56
2 32
7 19
1 52
9 82
8 55
5 40
5 98
10 43
2 79
4 17
6 22
4 96
8 22
5 70
5 63
2 84
7 84
7 71
3 59
10 59
7 28
5 37
3 28
6 39
8 26
6 70
10 72
3 19
2 61
5 78
9 50
10 57
8 51
2 90
10 13
8 18
6 94
2 25
7 21
3 82
6 71
6 51
8 15
3 33
1 39
8 20
4 27
4 38
1 64
5 11
6 41
1 57
5 33
3 25
4 7
8 42
6 59
1 33
2 26
7 43
1 16
7 68
1 86
8 88
4 28
8 67
4 69
10 45
7 94
8 21
5 56
10 13
6 49
1 44
5 15
1 63
9 73
5 77
1 83
4 93
9 45
3 10
10 47
2 11
2 84
5 17
8 73
3 42
4 46
8 67
3 76
5 71
1 58
6 7
3 66
9 23
8 54
6 95
3 1
5 78
6 84
8 16
5 91
9 61
6 81
4 20
4 19
7 10
9 10
8 80
10 10
4 20
9 4
4 7
6 89
9 58
5 69
5 34
3 92
4 59
8 55
3 72
1 74
9 72
5 37
10 98
2 29
3 86
6 90
8 38
2 12
5 55
8 4
6 53
9 53
4 10
10 50
7 58
4 26
9 85
3 12
5 30
6 61
8 20
1 21
5 67
8 18
8 89
8 67
8 83
2 54
8 32
4 37
9 8
10 7
10 89
7 46
5 19
6 88
2 91
4 52
10 35
9 75
2 84
5 97
4 76
5 2
2 4
1 6
1 39
7 1
8 21
7 63
9 58
7 8
4 37
8 44
7 25
8 59
9 69
1 31
4 14
1 99
4 78
10 53
2 14
8 32
9 59
9 4
6 79
3 50
2 48
8 47
8 31
4 50
1 46
7 55
8 67
9 32
7 78
1 22
1 2
7 63
3 5
3 92
8 13
9 14
8 46
6 8
3 90
6 51
7 21
4 61
3 95
3 44
10 64
5 14
4 63
9 100
3 82
5 60
5 25
2 60
8 25
3 40
5 53
6 12
6 1
6 88
4 36
5 17
5 72
1 12
2 28
1 78
6 82
7 99
6 2
3 56
3 56
1 81
1 10
5 68
10 10
10 48
8 48
8 21
8 11
1 41
3 14
2 76
6 57
9 85
6 26
9 74
2 87
4 63
6 62
1 94
7 17
9 86
5 11
10 97
3 56
4 20
9 73
7 56
10 28
6 47
1 99
1 62
7 71
7 57
6 44
7 75
8 68
7 93
5 91
8 38
3 79
8 10
4 80
1 28
10 29
10 21
6 53
10 7
10 82
2 43
3 2
3 35
7 57
9 29
7 98
10 62
5 48
7 14
4 12
1 33
6 70
6 61
7 66
1 15
10 58
6 10
9 9
6 31
10 39
9 7
10 56
7 86
5 39
9 100
1 5
10 75
3 94
3 85
9 92
5 88
7 93
7 57
2 36
8 53
6 78
2 18
8 30
5 93
8 76
10 37
10 6
7 94
6 85
9 53
3 79
5 68
3 89
3 36
4 29
7 62
6 34
10 63
4 56
3 81
6 100
8 24
4 60
3 50
9 31
5 96
3 88
8 85
7 17
4 20
4 17
10 61
6 47
4 97
10 74
8 33
7 33
5 94
7 30
3 15
10 44
10 42
2 35
4 64
10 90
10 76
6 99
5 48
2 57
6 73
4 27
9 49
4 49
1 26
4 58
9 80
4 25
4 16
4 96
2 81
6 34
3 73
9 92
10 74
9 13
4 30
6 96
3 4
7 87
6 16
6 6
4 23
7 36
3 1
7 94
10 36
9 91
7 18
4 68
2 70
2 74
8 56
10 68
1 28
3 51
8 53
10 2
10 63
1 75
7 77
2 46
3 77
2 51
3 96
1 58
8 42
5 96
8 84
6 33
2 43
4 26
7 72
1 47
6 67
3 45
2 61
4 15
7 44
2 68
3 10
5 75
10 60
8 23
6 5
10 56
5 90
6 14
7 86
8 85
2 24
4 94
8 73
7 10
5 40
5 13
10 8
5 79
8 86
2 39
6 31
4 44
9 53
6 45
7 70
4 32
1 95
10 35
5 72
6 23
8 3
7 15
4 31
3 97
9 42
9 100
2 15
4 71
3 72
2 61
3 16
3 71
10 82
7 38
1 98
4 10
1 39
9 68
9 74
9 31
3 13
7 67
2 17
5 10
8 11
3 60
6 81
1 15
4 94
5 61
8 35
9 66
4 2
9 97
8 81
4 78
4 91
7 6
9 84
9 24
2 62
6 29
2 60
6 59
6 63
1 38
5 56
9 92
3 2
1 39
5 69
2 89
3 56
9 63
3 28
1 50
2 45
7 29
2 14
6 76
3 5
8 75
5 49
1 11
1 92
8 13
3 38
2 89
8 52
3 93
9 61
10 64
6 55
4 66
8 66
9 42
6 99
10 95
4 96
2 16
7 93
9 79
9 10
9 85
6 86
5 60
3 32
4 58
9 62
3 78
8 29
8 61
4 39
7 71
5 52
1 75
9 43
10 69
9 44
7 31
7 84
1 97
2 25
1 31
5 29
7 91
4 94
2 100
10 20
4 45
2 34
4 11
1 38
3 67
3 1
3 88
4 68
1 86
6 39
4 76
1 7
7 51
8 25
7 100
9 49
8 58
7 96
3 2
8 48
4 10
9 59
3 36
7 44
4 57
8 10
4 80
2 57
9 77
4 59
9 32
10 24
9 75
4 2
9 85
5 24
2 28
9 82
4 82
7 98
10 32
5 46
3 72
9 67
3 73
8 27
3 25
9 91
9 23
8 26
7 3
7 66
6 23
7 28
7 75
