9 35
3 56
5 89
2 22
7 64
3 51
4 70
10 66
3 8
4 82
6 89
4 11
8 24
7 79
5 73
2 25
3 63
8 2
2 49
10 88
3 47
8 80
10 68
10 11
8 94
1 1
2 74
8 3
1 59
6 20
5 30
5 38
3 68
7 83
3 8
3 39
1 79
7 97
1 86
8 14
7 8
5 74
3 53
4 66
1 26
1 74
10 70
5 25
10 67
5 67
5 75
2 76
9 2
7 78
5 5
8 65
8 48
8 67
1 13
4 29
9 37
5 15
8 57
5 52
1 2
8 39
6 53
4 2
9 54
5 28
3 24
6 62
4 99
9 93
7 94
1 60
4 96
7 58
8 10
5 48
9 34
3 41
8 75
7 42
6 77
7 37
9 8
5 81
3 1
2 41
7 49
7 75
8 71
6 63
8 57
9 80
7 79
2 55
9 12
2 72
5 97
8 67
2 44
6 88
2 54
9 14
9 81
1 1
2 82
7 46
9 23
7 26
4 5
7 52
2 84
3 67
1 39
6 77
7 40
9 45
3 18
3 40
7 23
4 18
8 64
10 40
2 7
6 23
7 19
3 28
1 72
2 68
7 76
1 14
2 21
8 32
3 44
2 99
6 86
2 12
9 39
2 27
9 97
7 10
9 15
5 59
5 99
9 23
10 98
2 73
3 22
2 3
2 98
7 51
8 30
1 85
3 74
3 49
7 14
1 57
3 16
3 90
8 22
2 80
5 89
9 91
6 36
4 60
3 18
4 5
4 36
4 22
9 32
7 97
7 45
4 77
8 65
9 91
9 4
1 62
8 59
1 33
2 46
4 87
4 66
3 67
3 35
4 62
2 30
3 91
7 11
6 29
5 39
2 64
6 33
9 9
3 23
8 60
6 28
3 49
6 16
7 47
5 32
5 22
1 32
5 79
9 71
4 6
8 75
4 96
7 42
1 95
7 9
6 15
9 71
10 14
10 30
6 84
8 38
8 34
8 86
10 53
5 58
5 12
10 31
10 67
10 86
3 26
8 100
10 14
4 22
3 94
9 70
1 74
2 13
6 29
3 61
9 42
7 54
8 71
5 32
8 65
9 66
1 15
7 2
5 13
7 66
10 72
8 57
9 97
5 58
1 36
5 18
8 64
8 2
7 26
10 74
4 42
2 81
3 77
8 5
7 4
2 2
8 45
2 3
6 54
1 4
1 71
5 52
3 25
1 44
2 29
9 65
3 51
7 31
9 13
6 58
6 99
5 74
2 1
8 4
2 79
10 72
3 5
5 90
8 8
8 8
6 10
1 97
7 82
4 21
1 59
7 58
5 55
1 99
10 51
3 43
9 70
2 65
4 19
3 72
4 49
8 70
10 91
2 74
9 21
1 74
8 54
6 31
2 58
7 36
9 60
6 66
8 62
7 36
10 17
8 89
4 93
10 3
8 24
9 39
2 39
10 75
10 19
8 26
2 30
7 10
10 79
1 8
4 95
9 95
8 2
9 11
4 54
2 62
4 91
2 70
10 100
1 27
8 74
2 31
7 26
2 80
3 77
9 88
7 73
10 81
2 3
9 12
6 6
1 16
9 54
6 81
9 64
6 19
1 90
8 65
1 58
10 54
6 18
6 84
9 56
7 71
7 12
6 25
10 39
1 88
6 29
8 38
7 92
8 70
9 96
8 66
7 63
3 61
8 38
1 34
7 49
8 71
10 64
7 74
5 99
6 59
4 74
7 15
5 6
5 24
1 19
8 97
3 83
1 8
6 32
2 43
1 26
4 29
7 44
10 59
2 81
6 40
7 67
10 49
6 52
8 29
2 85
8 93
2 16
4 88
10 21
4 67
1 1
5 28
4 76
4 76
5 13
9 39
9 80
9 60
6 17
8 79
2 32
1 44
7 57
3 96
3 36
5 94
2 25
6 64
8 35
7 97
10 92
3 1
5 35
4 48
1 37
7 51
9 44
8 36
6 14
6 81
7 46
6 56
7 46
7 2
4 6
2 78
4 4
2 5
2 90
2 69
10 80
2 47
10 26
8 66
1 19
6 49
2 79
5 25
8 32
4 97
6 60
2 27
8 67
2 16
4 69
1 39
1 2
2 66
2 50
8 50
2 12
2 19
4 50
7 73
5 56
7 22
1 11
8 99
2 80
7 1
3 85
5 54
2 40
3 69
5 72
1 32
4 21
2 21
5 89
5 80
1 8
8 95
9 8
1 60
2 11
5 16
3 86
1 49
2 68
3 95
5 67
1 24
10 7
7 39
7 9
10 25
1 6
7 7
1 70
4 68
10 48
10 30
2 44
5 22
10 48
10 45
1 32
5 74
6 69
5 65
10 33
9 22
9 37
10 16
6 63
4 21
3 67
8 82
4 38
10 91
2 47
4 94
2 58
10 74
6 54
6 88
4 71
2 33
3 49
9 78
4 8
8 89
8 37
1 29
4 61
2 25
2 29
9 58
8 19
3 84
4 81
10 35
5 87
1 91
10 26
2 53
6 81
3 41
1 72
9 30
9 77
1 49
7 91
7 26
2 28
2 59
3 59
9 59
10 23
3 32
10 1
9 42
6 13
5 21
2 74
5 9
1 97
8 77
1 47
2 77
5 12
6 97
4 45
4 79
7 69
10 93
9 64
10 5
10 60
2 21
2 98
5 3
4 70
1 70
5 35
6 36
1 9
9 12
3 24
7 68
7 41
6 76
10 21
5 92
10 68
1 29
5 68
8 7
6 27
4 72
1 93
2 22
3 76
4 58
2 66
7 73
3 41
10 25
1 55
6 90
10 99
10 5
9 88
9 42
7 97
8 19
3 71
2 91
1 72
10 69
8 5
3 58
5 35
2 62
8 82
4 52
2 58
5 72
8 63
4 7
5 72
2 74
6 28
1 24
3 54
2 38
10 44
7 32
3 11
1 42
5 46
1 48
3 32
2 68
4 35
4 35
1 96
8 99
9 76
3 40
1 98
3 77
10 47
2 62
10 19
9 65
6 35
8 10
10 74
8 35
5 6
4 9
7 64
4 25
10 48
1 71
5 72
5 14
2 82
9 69
9 9
7 62
7 29
6 84
5 60
7 11
9 19
10 29
10 72
1 35
9 46
7 22
3 55
3 61
10 62
4 24
10 77
1 35
1 89
7 41
2 81
1 54
7 18
6 20
5 98
5 91
9 4
9 57
4 43
9 73
9 9
5 91
4 65
6 6
8 18
4 78
5 15
9 73
6 27
4 97
2 76
2 59
6 5
3 3
9 50
4 92
10 73
6 83
10 31
3 100
4 4
2 49
2 19
8 48
7 94
2 8
2 91
3 96
3 89
8 28
8 54
7 13
3 53
7 27
6 63
5 21
10 3
7 18
3 24
7 51
1 68
2 70
8 38
2 74
4 72
8 13
1 79
3 83
6 37
5 28
9 2
3 49
2 3
9 39
3 36
5 94
9 39
2 70
2 90
6 65
9 74
6 69
8 91
6 8
8 89
3 41
5 96
6 52
10 100
6 83
3 35
5 97
3 53
3 89
6 71
7 73
5 84
4 96
3 4
3 90
2 10
5 58
6 21
7 58
8 35
4 19
5 51
2 76
1 97
10 6
7 60
8 66
7 36
9 31
8 58
7 2
10 38
8 92
1 88
9 95
8 51
5 45
9 62
7 99
4 99
5 6
5 78
3 12
3 40
1 37
6 27
7 64
6 35
5 54
1 62
5 39
8 59
9 89
7 84
1 69
3 20
9 4
7 25
5 70
5 15
3 83
5 73
7 52
10 44
8 29
3 22
9 29
2 33
3 86
9 39
8 8
6 30
8 64
4 32
5 14
2 9
1 76
4 40
7 50
3 93
2 64
3 22
2 95
2 93
6 88
1 41
7 86
9 7
6 51
2 76
8 34
4 2
7 68
4 54
4 78
2 38
1 67
7 99
10 3
10 85
2 12
6 82
2 100
3 49
8 20
2 9
9 16
5 35
1 16
1 89
9 52
7 63
5 7
8 40
10 3
6 54
4 45
10 95
4 30
4 10
10 39
10 34
1 86
4 94
8 80
8 5
1 35
6 49
6 7
5 35
6 49
4 45
2 55
2 28
1 68
6 69
5 49
7 32
5 93
8 73
6 62
8 72
1 53
10 94
5 84
4 41
5 86
5 1
9 55
3 25
10 62
6 46
9 2
8 39
10 17
5 95
2 92
3 19
1 8
5 48
8 89
6 37
5 86
7 54
9 68
1 65
1 72
3 18
10 49
3 50
3 90
1 80
9 98
1 49
7 17
5 46
8 99
4 36
10 13
4 48
3 7
9 61
8 22
5 75
4 98
2 82
7 56
7 88
9 15
1 36
6 89
6 64
9 41
2 90
5 99
3 11
3 39
3 45
2 40
4 35
1 13
6 95
7 59
9 67
3 3
10 17
7 22
2 26
7 43
4 43
8 68
1 64
9 77
6 36
5 85
3 37
5 11
6 72
1 87
5 74
8 43
4 76
1 49
7 21
9 98
9 46
