8 17
4 91
7 65
5 40
7 66
4 7
4 71
1 9
1 54
5 29
7 30
6 84
6 21
5 94
10 50
1 94
5 19
2 98
5 58
5 74
4 54
5 32
3 17
9 21
4 32
4 91
7 71
4 62
10 95
10 96
9 30
6 17
8 43
7 28
3 47
7 30
5 76
9 9
5 44
9 16
3 22
6 38
6 37
4 28
7 46
3 73
7 25
10 53
2 55
3 74
7 88
7 35
9 96
8 22
10 32
2 10
8 58
3 94
6 17
5 38
9 36
5 87
3 22
10 62
8 85
5 98
7 20
3 18
1 61
7 83
2 24
4 3
8 37
6 12
10 22
4 55
7 30
3 64
5 98
3 7
3 35
9 66
10 39
1 35
6 89
8 69
5 8
7 14
3 64
5 90
4 53
7 100
3 76
6 35
6 88
9 45
4 58
9 92
6 14
7 89
7 3
2 22
4 72
3 63
2 49
4 66
3 49
6 65
4 90
1 37
6 80
2 92
2 6
2 30
6 44
4 89
7 74
2 56
9 82
6 8
3 45
10 59
5 78
10 13
8 84
1 92
9 39
9 47
5 63
6 87
3 1
2 67
9 31
10 70
1 27
4 23
9 12
6 29
5 37
10 9
4 38
9 97
9 76
1 83
5 9
2 47
3 82
6 58
8 67
10 20
4 45
10 33
5 34
8 24
5 45
1 36
3 68
6 9
8 100
4 83
1 80
5 7
9 27
1 11
4 8
8 11
10 75
8 1
2 10
6 65
9 62
3 80
2 33
3 67
10 38
4 65
8 8
4 49
8 94
7 13
10 79
3 77
8 66
1 44
1 94
7 50
5 81
4 6
4 51
8 71
1 34
5 39
7 68
6 35
2 37
1 74
4 4
10 44
4 69
2 86
3 69
3 93
7 61
7 9
8 32
4 97
1 73
3 45
6 26
6 28
1 48
7 87
5 75
1 22
3 9
9 14
5 10
3 9
5 75
3 51
1 50
6 21
7 50
8 56
2 40
6 44
9 54
7 63
5 63
10 93
3 16
3 29
10 90
2 10
7 2
8 21
2 7
7 72
7 74
7 80
8 48
10 35
10 71
1 68
9 14
9 24
4 89
10 59
1 14
5 40
5 83
6 39
8 88
7 56
10 52
1 21
5 88
6 37
7 20
5 87
2 63
9 7
10 74
4 44
7 56
3 3
7 17
4 64
6 25
6 95
2 12
8 22
9 29
2 10
9 8
3 11
5 45
5 55
6 23
3 67
1 61
3 16
3 32
5 28
9 86
10 92
5 11
10 56
2 87
2 95
8 92
10 37
7 82
7 98
10 24
5 72
1 77
7 70
5 41
7 41
7 87
1 19
8 84
5 78
1 18
6 11
7 75
5 25
1 56
4 58
9 98
4 1
8 68
3 12
2 59
1 41
3 8
10 24
9 8
7 89
5 38
5 6
9 21
5 51
8 52
10 6
6 29
1 12
8 74
5 96
6 27
10 61
9 92
7 8
7 82
2 21
3 3
5 16
10 27
4 46
1 54
7 50
3 51
5 5
10 15
5 94
10 88
4 36
8 21
9 21
5 15
9 26
2 96
8 25
7 68
6 83
9 50
6 70
9 83
7 6
8 58
3 4
8 58
4 43
6 41
2 93
7 65
4 27
9 3
9 77
8 5
5 49
3 92
9 18
3 58
5 76
7 65
3 19
3 30
10 54
8 22
4 11
1 11
4 33
3 46
2 85
8 13
10 81
4 16
9 70
3 98
9 50
2 78
2 60
9 87
4 96
1 78
6 51
9 2
10 15
2 31
3 51
1 24
2 11
7 66
4 95
5 94
2 46
8 90
2 6
10 62
6 67
10 22
10 93
9 57
2 46
10 4
2 33
8 83
4 90
1 29
8 24
9 31
6 49
4 74
5 81
4 70
10 100
10 22
3 97
9 29
9 50
2 22
9 22
5 81
5 31
8 23
10 33
9 56
2 27
7 64
9 49
8 79
10 50
10 38
10 12
5 24
4 66
6 13
2 58
2 95
1 2
9 46
9 90
6 94
1 3
10 13
5 86
5 86
3 59
7 82
5 37
6 97
3 71
3 25
8 62
1 92
2 22
6 28
3 47
9 28
3 74
10 9
8 60
3 2
5 59
2 26
10 83
1 37
8 61
1 66
7 60
8 60
8 28
10 51
2 4
8 51
3 40
2 4
6 72
8 96
7 52
4 14
1 24
4 75
4 60
9 92
7 26
7 56
4 64
3 4
1 22
10 37
5 8
7 66
4 73
3 71
4 20
8 13
9 95
4 92
8 67
7 91
10 99
10 3
5 81
4 23
4 8
8 53
6 27
10 66
4 86
9 80
10 67
5 57
8 93
4 63
2 38
2 42
9 38
4 74
4 64
2 16
9 33
8 8
10 40
6 22
8 49
6 5
10 87
5 84
5 16
10 16
6 19
1 39
3 94
3 32
7 21
2 59
1 47
9 72
8 24
8 16
9 74
9 29
1 26
10 76
5 50
1 12
9 84
5 49
4 16
6 42
4 35
1 40
7 66
1 73
7 79
2 2
6 11
1 29
5 56
9 35
5 9
7 62
10 45
5 43
5 37
9 90
5 7
4 67
9 88
10 50
7 73
3 58
7 37
6 3
10 95
8 58
4 15
4 82
9 80
10 58
4 26
4 83
6 33
2 75
1 66
4 7
5 33
3 21
6 69
9 19
7 44
4 13
7 23
6 93
1 3
3 34
3 29
8 50
5 80
10 10
6 85
8 9
9 32
5 59
2 6
8 4
1 78
6 40
4 98
3 27
9 62
7 59
7 84
9 30
5 57
1 82
5 96
8 23
7 33
3 45
3 32
4 46
10 83
4 23
1 34
3 3
5 46
7 25
6 10
10 40
8 28
2 29
10 19
5 21
2 73
10 44
1 55
1 98
2 8
1 82
3 20
4 65
7 51
7 28
5 84
4 18
9 64
6 25
5 46
1 20
3 16
7 23
7 67
6 39
6 73
5 81
1 5
6 21
10 57
5 8
9 76
5 63
7 94
3 11
8 1
10 11
3 13
3 13
4 20
5 74
9 69
7 59
3 52
3 52
1 67
8 13
8 83
5 4
4 93
8 27
2 68
7 11
10 73
3 34
10 71
10 13
8 45
4 82
7 53
9 18
4 18
4 46
4 78
2 92
9 74
1 89
6 72
8 35
4 20
10 53
3 87
7 83
5 52
3 16
3 16
10 90
6 90
6 21
9 92
2 84
10 61
3 97
6 68
8 92
4 58
3 76
5 64
2 6
10 96
1 54
6 33
6 80
8 78
9 12
10 17
1 27
9 2
4 79
8 92
7 5
9 74
7 81
9 66
5 74
8 6
3 41
5 53
1 44
4 43
9 17
1 93
7 25
6 52
9 55
10 12
9 46
10 56
7 89
8 81
6 83
8 29
2 87
4 90
3 31
10 48
7 2
7 72
4 7
3 60
2 52
5 60
10 8
7 2
4 33
6 77
3 14
9 23
4 33
5 46
9 49
1 39
9 28
3 7
10 20
6 37
9 32
6 88
1 38
10 22
3 39
10 95
8 91
5 57
8 3
5 8
5 97
8 93
2 87
4 64
6 89
10 88
3 13
7 25
8 96
6 56
8 32
10 37
2 44
10 14
10 5
8 64
10 95
1 81
7 83
5 77
7 89
6 5
7 76
10 93
8 39
2 22
6 96
8 37
7 96
1 63
5 30
10 38
5 92
7 1
9 72
1 13
9 40
9 92
8 38
10 90
10 31
4 82
5 50
9 26
4 24
2 12
3 84
7 59
8 7
1 38
3 42
6 20
3 59
5 44
5 25
4 71
10 10
10 44
8 44
9 32
9 58
8 41
3 34
1 25
10 12
9 95
8 56
6 18
2 41
6 53
7 66
10 92
5 51
9 18
7 53
9 92
9 5
2 29
7 75
10 78
4 56
1 66
5 40
2 83
2 98
4 89
5 81
8 69
4 83
6 70
1 100
9 56
10 94
10 32
10 69
6 57
2 2
2 40
5 20
3 4
6 59
10 74
7 29
10 31
3 88
9 36
5 35
5 94
7 21
9 80
10 98
10 2
10 19
9 8
5 14
5 20
2 8
3 49
7 20
5 5
8 74
5 61
2 32
8 36
7 36
9 23
4 91
5 21
8 10
2 72
1 20
2 22
4 12
2 5
8 69
2 74
3 63
9 17
9 88
1 92
4 17
7 74
7 72
4 22
2 12
4 45
4 63
4 64
10 87
8 71
10 83
5 44
8 6
3 100
9 8
10 89
10 4
3 72
2 73
8 78
10 40
9 78
2 39
10 10
10 70
7 75
8 76
8 14
6 24
3 29
9 22
5 60
7 71
2 98
8 74
2 100
8 14
1 72
10 97
1 94
4 8
3 80
4 10
4 100
2 23
8 53
4 47
1 7
5 93
5 36
2 3
8 39
5 79
4 47
6 6
1 77
2 13
2 87
9 91
6 43
4 71
1 4
