5 10
1 84
10 55
3 14
3 82
10 15
2 82
7 50
2 51
2 93
4 94
3 86
1 22
2 60
10 11
10 23
9 10
8 4
10 5
1 78
9 5
10 43
1 18
9 75
6 38
3 88
4 74
3 89
10 94
3 21
10 92
1 49
6 81
10 50
7 20
10 34
5 44
7 17
8 25
4 11
3 90
3 41
8 78
9 18
3 89
9 45
10 10
8 45
5 7
1 92
9 41
1 13
10 67
3 9
4 38
8 77
2 15
10 78
10 57
5 13
3 41
3 94
5 100
7 92
1 48
3 88
2 99
7 96
1 29
8 67
6 2
9 55
3 13
7 49
2 23
2 21
5 35
1 50
4 46
5 18
5 76
9 81
10 43
10 63
3 48
10 99
10 19
8 65
7 71
8 60
4 21
3 15
3 83
10 55
9 89
2 3
1 2
4 3
4 44
3 45
2 2
1 25
1 44
4 41
9 39
9 54
10 58
10 23
1 49
8 88
9 68
5 46
10 100
4 54
1 34
6 35
7 97
5 90
7 55
1 13
6 75
7 96
4 58
8 88
4 5
1 17
6 31
1 28
6 40
1 90
9 17
6 1
10 91
8 61
9 28
8 13
9 81
5 8
8 90
9 31
1 18
2 51
6 71
2 12
6 59
10 84
5 19
10 2
10 73
2 42
9 23
2 99
3 43
5 20
7 89
5 96
3 14
6 56
1 27
5 63
6 14
7 30
1 41
8 23
3 15
2 93
4 33
6 5
3 70
9 98
9 24
7 50
5 83
9 82
5 68
6 9
7 19
2 2
4 89
3 51
10 33
10 58
4 78
1 51
4 90
4 8
7 50
8 66
9 15
9 79
9 89
5 34
5 47
9 79
6 30
5 64
3 91
2 73
3 40
10 87
9 39
1 97
4 12
9 63
7 4
1 61
3 50
3 53
4 26
10 85
10 69
6 67
6 45
3 23
1 74
2 90
4 53
6 5
10 37
2 15
10 59
9 83
10 4
1 58
5 68
1 92
6 69
5 59
6 91
3 54
2 57
8 7
5 12
7 13
4 49
9 31
1 81
1 62
5 87
10 91
5 56
6 45
2 47
9 66
8 40
4 24
6 27
6 76
5 96
7 99
3 69
7 10
3 60
4 88
2 45
8 22
9 92
9 90
10 86
4 65
7 14
8 56
3 52
6 74
6 12
8 1
9 100
3 46
2 97
7 3
6 64
1 84
2 55
6 33
4 42
5 40
10 59
9 70
5 30
1 81
6 14
6 22
4 10
4 68
1 48
4 29
5 52
2 8
3 32
3 1
8 80
7 14
10 76
7 99
5 44
1 96
1 28
10 98
6 60
4 48
6 16
3 72
3 4
6 43
3 56
4 70
2 19
10 68
6 30
9 97
1 75
7 72
4 23
7 13
7 58
9 5
9 63
7 63
8 84
8 41
7 60
8 12
6 35
3 77
10 7
9 2
10 21
10 56
5 48
1 63
10 22
2 12
5 4
4 22
2 85
8 33
8 86
1 12
10 69
4 94
4 32
3 44
10 46
8 2
2 85
8 85
4 31
2 92
6 46
4 82
10 10
6 60
10 31
9 80
6 81
3 3
1 57
2 89
1 5
8 79
8 51
10 25
3 54
5 46
2 46
2 9
10 76
9 90
9 23
1 54
6 61
4 56
8 58
4 96
6 70
4 66
4 62
10 65
2 37
5 46
10 5
3 97
5 38
2 62
6 38
6 53
7 8
9 92
2 26
9 6
9 29
4 25
9 18
7 4
4 84
7 91
3 45
7 9
4 92
1 93
3 64
6 41
5 87
6 35
7 99
6 85
10 84
5 21
2 26
9 86
7 49
4 50
6 71
6 29
1 91
6 71
3 44
1 18
7 16
6 23
2 44
2 11
3 52
8 77
8 92
10 87
6 14
6 43
2 11
7 37
8 98
6 11
8 64
5 20
7 91
4 70
6 24
3 54
7 7
2 11
4 91
5 99
7 75
4 70
5 41
10 13
1 49
10 2
4 67
9 39
10 66
5 1
10 25
3 12
9 96
1 64
3 66
9 19
4 35
5 38
9 37
10 38
9 93
10 4
8 80
8 92
6 48
7 27
6 57
7 32
3 40
9 67
8 39
8 46
10 75
7 11
3 71
1 66
7 58
9 96
8 96
4 82
3 34
4 97
1 73
6 34
5 30
4 34
5 72
2 11
5 93
8 91
3 70
3 87
9 87
4 79
10 80
5 93
7 58
10 83
9 13
6 79
3 2
6 10
5 82
1 40
8 56
7 44
9 32
1 20
1 92
1 17
5 34
4 29
1 44
4 32
7 57
9 81
9 49
1 86
10 45
6 97
9 1
9 63
6 47
4 41
10 1
10 85
10 19
7 98
10 55
1 77
6 61
8 78
10 63
6 19
9 13
6 24
2 98
6 91
6 81
10 6
5 92
4 12
2 55
6 72
2 55
4 94
9 49
9 73
3 74
3 73
10 78
1 66
5 75
1 17
4 4
9 76
2 86
10 33
8 18
1 4
3 20
7 70
5 89
4 10
6 57
7 59
4 92
1 64
6 99
1 33
2 93
4 69
10 97
10 77
6 16
2 17
6 7
6 34
6 68
6 45
4 1
9 10
10 19
7 61
5 54
2 66
4 32
7 59
6 92
5 68
4 12
9 99
6 72
3 70
5 24
2 22
4 76
9 82
9 70
7 81
9 52
10 73
9 61
5 33
2 8
10 54
9 32
4 34
9 42
8 69
10 95
2 93
4 81
1 58
3 3
7 20
2 39
6 6
9 8
4 59
7 4
9 18
7 10
6 62
4 53
7 8
2 91
10 23
9 29
6 75
8 56
5 86
1 32
7 52
2 97
6 21
5 8
6 9
10 24
10 43
2 22
3 51
2 42
2 11
9 55
7 49
1 59
7 99
2 73
7 28
1 36
2 99
8 41
4 34
3 68
3 13
7 44
4 49
8 53
9 84
2 44
5 79
9 10
5 76
9 93
6 49
3 100
1 14
10 34
2 2
2 67
10 53
8 23
3 95
5 92
8 13
10 43
10 42
3 38
5 48
1 97
1 33
8 39
9 36
6 68
10 69
8 21
10 42
3 28
3 41
3 35
9 47
9 56
2 74
2 39
7 38
4 16
1 82
6 3
8 91
6 26
7 63
8 54
1 4
9 35
10 66
10 94
2 27
9 100
4 38
4 33
3 100
5 70
9 76
4 34
3 42
1 24
5 91
3 82
10 83
6 26
1 47
7 1
4 62
2 42
9 71
9 60
5 34
1 56
9 8
4 2
8 57
3 75
3 62
1 81
9 83
9 63
5 43
3 27
4 18
10 47
9 45
8 80
1 34
8 46
5 98
2 4
3 60
10 3
4 39
6 47
10 13
6 86
6 24
9 50
8 61
1 26
4 67
1 25
10 70
2 2
10 66
7 72
3 68
5 54
8 15
5 80
10 3
7 78
6 75
6 21
6 86
7 51
8 22
3 58
4 28
7 63
5 87
7 82
1 55
4 7
7 58
3 23
1 47
2 95
4 75
7 63
10 33
6 87
3 5
2 61
3 2
1 94
3 2
1 34
7 19
10 83
4 91
9 26
10 36
3 30
6 18
1 89
9 71
10 65
5 78
3 12
2 43
6 1
2 2
9 64
3 99
9 52
4 35
10 55
1 26
4 46
3 57
9 80
4 10
7 42
9 75
4 17
6 99
6 67
6 29
2 43
8 11
7 33
1 34
8 95
10 65
7 60
2 24
4 38
5 80
9 93
6 84
10 86
1 66
9 45
4 100
8 9
2 95
6 51
10 51
3 31
10 33
8 23
9 2
5 68
10 19
3 38
8 86
9 24
5 53
5 86
9 90
10 25
9 55
5 29
3 91
6 13
6 99
7 63
9 43
7 62
10 9
9 10
7 45
7 59
8 14
7 63
9 89
9 26
2 36
10 92
3 98
4 82
10 42
3 37
4 57
2 72
2 5
6 100
7 81
7 27
5 27
10 71
8 26
10 41
2 16
6 63
3 71
6 14
10 41
10 64
9 42
1 33
6 60
5 93
10 85
10 8
5 91
10 98
1 20
4 58
7 61
2 94
5 59
6 12
9 74
3 93
9 31
10 71
8 44
4 92
6 58
9 14
4 94
4 57
5 24
2 58
3 42
2 26
1 38
5 74
1 88
2 51
10 35
8 73
2 15
4 18
4 55
5 24
10 76
8 79
10 22
1 87
9 35
1 10
6 91
3 27
1 72
6 58
4 51
1 34
5 91
4 1
2 97
8 76
4 98
1 37
7 62
2 70
3 25
8 7
7 43
6 10
3 16
7 35
10 23
8 59
4 46
2 16
3 88
10 96
9 10
3 74
1 27
2 90
10 22
7 12
7 86
5 85
7 18
8 33
5 95
6 9
3 31
4 28
2 51
6 58
5 78
9 54
6 21
1 13
2 20
6 93
10 7
6 6
8 9
8 49
1 46
2 34
8 14
4 4
7 71
