2 52
1 62
10 90
1 35
2 66
4 99
10 50
9 89
4 86
8 86
6 17
2 70
3 83
5 21
3 33
6 26
5 15
10 56
2 57
9 62
2 36
8 37
5 45
9 63
8 93
6 15
5 40
4 56
2 4
6 13
3 37
3 3
8 91
1 98
8 76
10 9
10 41
1 55
8 99
1 69
2 11
4 74
1 12
5 62
8 1
10 6
3 27
9 57
4 52
10 62
10 46
6 99
6 63
2 41
3 90
6 13
7 40
6 33
8 33
10 36
9 46
9 34
7 12
8 60
9 86
6 33
2 63
7 78
9 11
6 8
9 74
1 67
4 72
1 5
2 15
9 13
1 26
1 80
1 91
4 84
2 41
2 4
10 32
8 70
3 73
8 74
3 18
6 84
2 55
2 19
4 80
9 26
3 59
8 28
2 76
5 96
7 65
2 98
10 68
4 29
7 21
2 37
3 6
8 80
4 89
6 42
7 57
4 59
9 27
4 71
2 72
5 48
9 21
4 31
4 84
2 69
4 31
7 20
10 66
6 55
2 73
10 38
1 48
2 19
3 48
7 55
2 67
2 66
1 19
3 43
2 91
10 70
3 95
5 23
10 23
2 64
1 77
8 67
5 76
2 3
6 48
1 22
4 91
6 96
10 25
9 6
6 14
2 77
5 17
4 74
1 65
6 48
9 7
2 77
2 14
7 31
4 57
2 14
7 19
6 70
5 9
2 20
3 67
4 2
3 81
9 57
4 51
9 54
3 16
6 37
8 37
4 22
6 33
4 41
7 4
6 42
9 97
3 14
7 65
8 53
8 7
3 33
5 61
2 51
1 45
8 46
2 53
3 85
4 41
6 34
2 52
5 54
1 30
3 3
9 17
2 77
3 46
8 72
1 16
5 63
6 96
3 51
6 35
4 16
7 77
10 13
10 78
6 58
6 60
2 2
7 38
7 31
5 43
2 52
8 63
9 78
4 18
1 2
5 87
9 94
7 73
10 19
1 43
5 12
1 55
6 77
4 61
1 91
3 47
10 64
4 30
2 27
1 51
10 34
7 91
10 92
3 16
3 30
3 38
2 61
9 63
4 72
2 88
9 80
10 40
2 64
7 38
3 54
8 79
1 48
9 45
9 77
6 100
9 96
8 36
10 72
3 12
8 53
5 46
6 11
6 55
4 56
5 74
3 29
1 21
7 82
5 45
1 43
9 20
2 84
6 8
2 23
9 70
6 1
1 96
8 39
4 32
5 57
4 51
4 70
10 43
4 74
9 46
2 68
3 71
8 2
5 82
4 75
8 100
5 17
6 45
6 54
10 91
6 97
10 40
6 14
8 84
6 10
3 4
7 100
3 87
3 54
5 35
7 32
8 84
10 100
8 78
6 5
5 4
9 10
3 70
2 80
10 91
2 16
3 32
1 92
8 18
1 100
10 30
2 77
4 60
3 22
7 2
4 91
1 31
2 95
6 4
5 41
8 25
8 87
3 65
4 88
7 65
9 41
8 64
7 75
8 58
10 59
3 21
4 22
3 64
2 68
3 78
7 85
10 27
6 52
3 20
10 68
3 4
9 87
8 40
4 13
9 44
6 71
4 56
4 87
8 18
1 49
1 85
5 31
5 95
9 49
1 8
4 99
7 39
3 28
2 27
2 89
10 51
9 83
2 94
8 57
5 95
9 35
4 12
9 52
9 22
6 7
9 13
3 50
10 38
6 95
5 51
2 72
10 23
2 25
9 59
3 42
6 89
1 44
9 3
2 80
8 12
9 7
8 68
2 84
2 65
4 28
9 39
10 9
6 52
3 19
8 40
4 23
1 61
2 18
4 99
5 26
3 41
8 40
2 80
5 2
10 100
7 67
3 16
7 74
5 82
8 68
10 85
6 51
7 16
10 23
10 56
8 39
4 41
4 98
10 18
4 92
2 75
10 81
7 24
9 36
10 77
8 4
7 65
3 16
9 28
5 21
10 21
2 75
10 52
7 21
8 93
4 77
9 17
4 36
1 47
3 34
2 44
4 31
2 60
5 23
1 50
8 100
8 46
5 5
5 69
2 5
5 65
2 86
7 92
3 22
1 88
8 74
2 53
10 30
3 6
1 63
5 42
3 94
8 63
1 74
10 34
7 87
9 23
8 7
9 22
9 70
8 23
2 65
9 50
10 43
10 100
3 61
8 44
3 96
8 45
10 70
1 5
10 85
9 98
10 68
10 20
7 60
5 53
8 62
2 93
1 4
7 94
6 41
7 79
10 47
10 24
4 76
5 19
10 5
2 7
2 4
7 7
10 84
2 65
4 55
5 56
3 20
9 79
1 10
9 77
10 50
10 42
7 89
7 97
6 18
10 73
2 3
1 25
2 6
9 15
10 41
5 20
9 47
10 59
4 53
6 52
8 89
4 74
4 20
4 73
2 96
5 76
8 31
7 51
9 59
5 12
7 51
6 33
5 41
1 71
8 62
7 90
9 16
2 77
10 59
9 88
8 63
9 77
5 34
2 93
4 41
7 60
8 22
7 95
1 82
2 94
7 12
10 81
1 19
6 45
3 32
5 94
9 20
8 87
6 28
1 2
3 70
5 73
10 14
8 34
10 79
5 52
7 76
4 87
6 42
7 14
3 55
5 67
3 73
8 43
9 75
1 100
2 17
10 37
5 54
8 30
5 98
8 54
3 94
5 74
3 74
4 15
6 97
10 43
2 32
1 80
8 13
9 34
8 42
9 36
5 75
7 39
6 29
8 75
6 65
2 51
4 65
7 12
6 34
9 5
5 80
7 78
10 98
8 39
10 38
2 97
1 33
5 36
3 67
7 92
7 54
2 22
10 53
3 17
9 50
4 55
5 41
4 34
4 16
7 93
2 99
10 32
8 67
9 31
9 76
6 92
10 81
2 27
7 41
10 12
6 52
10 67
8 87
1 67
9 13
9 10
8 3
5 50
9 98
5 10
4 84
5 79
7 49
1 62
9 41
5 10
3 13
7 91
6 34
1 2
5 17
2 31
4 36
10 74
10 54
7 15
8 52
6 38
4 79
2 94
7 74
10 33
9 40
4 85
4 27
10 26
2 6
7 77
1 4
9 25
7 50
9 20
4 62
4 17
9 79
2 89
2 14
6 8
9 10
9 38
9 68
7 40
7 66
10 98
4 6
3 6
8 83
1 26
1 12
9 6
4 92
4 85
2 27
3 40
7 43
1 38
10 79
6 67
5 73
5 35
5 38
2 5
10 37
2 45
9 93
10 75
10 31
7 96
3 76
9 64
10 35
2 22
8 15
3 11
4 72
5 68
10 13
6 3
1 99
4 25
6 37
5 88
1 100
2 88
4 17
2 8
1 77
2 59
6 52
5 33
9 15
4 92
10 45
3 3
3 42
9 50
5 12
5 100
6 6
4 10
9 38
2 37
4 38
6 36
4 82
4 52
8 10
10 73
10 20
7 98
4 66
4 24
4 22
6 23
8 34
5 79
2 59
3 71
1 37
10 28
6 30
5 92
3 100
10 6
6 29
8 27
3 46
2 59
9 48
8 58
1 31
4 65
8 96
1 8
9 19
8 39
8 78
6 94
2 90
1 62
6 20
2 14
2 7
10 10
3 56
3 80
8 30
1 57
10 30
6 58
5 80
9 60
8 20
9 2
9 87
2 91
10 77
5 40
2 36
6 79
3 4
5 17
3 7
1 7
6 76
2 53
3 43
8 93
10 7
6 50
2 81
10 95
7 16
4 8
9 47
9 96
1 91
2 62
2 2
6 98
2 37
10 68
3 17
5 28
8 83
9 12
8 53
2 35
2 62
1 35
2 49
10 71
7 77
2 83
7 58
1 28
4 31
8 39
10 98
2 94
9 16
4 76
4 10
9 87
7 25
1 84
2 37
10 22
10 87
1 23
8 72
2 72
9 62
7 31
5 9
10 68
9 59
3 13
5 10
3 83
8 79
10 27
1 97
1 42
4 27
3 42
9 87
9 77
2 16
5 39
7 47
5 44
2 62
9 15
3 58
7 19
2 27
7 9
8 14
1 79
10 11
1 96
9 64
9 8
5 3
7 8
4 84
7 79
7 11
6 19
2 41
3 23
10 25
2 9
1 44
1 37
5 13
4 22
5 15
10 98
9 65
9 84
2 59
3 37
1 29
3 44
5 33
10 59
10 89
2 48
6 50
4 76
6 7
6 40
6 12
2 49
2 88
8 26
8 21
1 53
8 84
8 83
6 95
6 91
6 60
4 9
6 5
9 64
2 36
4 68
10 58
3 58
2 31
7 4
5 74
2 17
8 24
4 47
10 42
2 58
2 100
10 64
2 92
5 12
8 80
4 81
9 30
5 37
6 50
2 50
8 77
6 56
3 17
7 8
2 52
4 42
7 59
5 70
9 40
9 46
3 52
1 80
10 35
7 86
6 49
7 64
7 27
2 97
2 19
4 19
8 42
3 33
2 12
4 19
9 85
10 44
4 70
1 43
7 94
5 41
3 13
4 3
4 8
