3 14
10 32
3 16
2 94
9 37
7 60
7 20
5 66
1 67
3 89
3 29
10 57
5 100
10 46
4 63
6 50
2 92
4 30
8 97
1 87
2 84
6 35
9 5
4 13
3 20
4 66
9 77
6 70
4 45
10 63
4 2
3 37
3 74
10 83
7 21
8 42
9 49
8 83
8 51
1 76
3 5
4 36
8 38
7 91
4 39
10 99
9 96
1 36
9 90
10 63
6 36
9 18
7 12
8 16
4 54
10 80
9 84
8 51
1 89
7 4
9 12
5 28
3 96
9 40
9 38
4 11
7 51
4 56
3 65
10 100
3 73
6 68
4 46
1 56
1 33
6 92
4 61
4 44
2 38
2 48
2 67
4 57
1 41
7 31
10 19
2 100
10 100
4 74
2 100
6 53
4 91
5 88
3 70
7 94
5 11
3 1
1 62
4 23
2 23
10 81
7 4
3 65
7 16
8 59
5 64
4 44
3 25
3 72
3 99
6 19
2 79
5 42
5 77
4 44
7 44
4 48
2 38
3 78
5 52
3 82
6 43
1 56
10 26
2 27
8 44
3 41
10 17
9 37
3 77
10 28
3 81
3 96
7 99
8 67
4 92
8 76
3 93
4 65
7 63
1 98
7 9
5 29
1 57
10 96
3 14
2 87
4 13
10 82
7 1
7 76
8 81
5 81
4 18
7 11
10 67
4 68
9 13
10 92
7 47
1 23
4 31
8 93
6 12
4 66
9 29
3 33
3 70
8 61
2 25
10 39
10 87
1 23
5 54
8 85
8 60
8 67
2 86
9 71
7 95
3 16
10 91
4 42
3 32
8 83
6 44
8 55
7 41
6 33
6 43
1 40
1 84
7 28
4 6
1 55
4 45
8 47
6 7
4 80
5 38
4 95
3 50
1 97
8 76
1 86
9 15
3 65
10 94
1 6
10 6
2 43
4 50
5 80
2 29
2 38
3 69
10 95
6 14
2 12
7 21
10 83
9 59
4 72
6 58
10 60
1 68
9 54
1 7
8 54
4 37
5 96
8 48
4 5
8 65
7 60
10 67
4 76
3 56
7 18
1 96
5 39
7 38
5 32
1 88
1 71
9 86
5 86
8 95
7 42
6 8
6 77
2 23
2 25
2 8
10 17
3 98
3 27
7 65
8 18
9 31
10 96
3 14
6 24
7 51
2 45
6 1
2 56
5 96
3 97
9 56
7 91
3 45
2 19
1 61
4 6
6 99
9 44
3 43
7 94
8 79
6 43
4 69
6 87
10 70
5 97
5 60
2 7
3 11
3 16
8 18
3 22
8 41
5 65
8 15
4 57
7 35
7 28
3 56
8 24
1 34
2 12
10 95
8 77
4 47
8 17
9 40
2 72
4 87
9 8
7 96
9 87
7 64
7 71
3 50
2 98
4 19
3 7
5 83
8 45
10 62
3 31
1 63
6 98
3 92
2 52
7 79
1 6
2 18
9 97
8 79
9 17
3 94
4 86
10 19
10 12
8 63
5 2
5 75
3 15
3 73
10 54
9 64
4 41
3 95
4 50
8 7
5 17
5 98
6 44
10 87
1 36
2 66
9 38
2 40
5 72
5 25
3 62
10 64
3 68
6 10
10 13
10 53
7 26
4 55
8 94
5 42
3 87
4 20
6 66
9 81
7 55
9 41
9 56
9 44
9 95
7 68
3 27
2 23
7 57
3 58
4 80
2 5
8 88
6 8
2 31
6 56
2 45
3 76
9 95
9 55
3 19
8 91
5 11
2 95
5 100
3 94
5 6
2 89
1 23
6 67
1 20
9 75
6 79
2 34
8 39
6 36
10 18
7 31
4 67
1 34
10 97
4 36
5 19
4 24
1 64
4 100
5 98
9 43
5 56
10 16
5 42
7 47
9 98
6 94
4 65
10 5
3 55
8 23
5 3
7 83
2 71
10 68
6 49
4 81
5 12
4 6
9 2
4 7
4 86
1 55
10 85
4 66
6 58
5 23
5 64
10 42
10 61
10 22
10 24
10 55
3 35
4 86
6 44
10 30
5 38
8 59
7 60
6 98
3 66
5 57
6 92
4 97
8 5
2 66
4 24
8 70
4 81
4 58
2 7
5 18
5 22
5 8
8 66
3 89
7 43
6 68
7 51
4 64
8 34
3 17
4 21
8 90
8 99
2 98
1 60
8 36
4 27
5 90
3 47
4 35
4 46
10 21
8 59
1 78
8 34
10 70
9 98
9 75
9 7
4 8
2 79
5 49
6 11
5 7
10 78
10 92
5 34
5 15
8 86
8 93
7 92
5 49
8 56
8 68
2 23
2 7
10 99
8 15
9 92
7 26
1 76
8 15
2 27
7 42
9 92
10 68
8 37
7 31
5 83
10 83
10 42
3 4
6 73
8 95
9 9
8 20
9 60
6 90
3 53
10 67
1 99
4 98
5 67
6 24
8 18
2 31
2 64
7 85
10 64
1 49
8 62
4 35
7 72
4 43
3 44
6 90
7 21
3 100
4 48
7 6
4 62
5 23
5 41
3 70
10 46
3 24
7 19
1 27
2 21
9 40
6 96
2 73
2 10
5 31
5 22
2 23
4 55
8 44
8 58
3 22
4 69
1 50
8 12
4 11
4 14
5 43
9 6
8 30
3 56
1 57
3 3
4 63
3 12
8 3
5 73
1 89
6 1
6 2
5 50
9 59
3 45
9 73
3 60
7 5
4 16
4 67
5 38
7 53
3 26
6 14
9 60
10 12
4 40
9 7
4 99
5 36
5 71
2 98
10 52
7 5
9 5
9 81
7 72
3 17
4 25
9 50
2 14
10 82
7 79
5 71
6 5
10 89
10 59
6 23
6 49
3 58
10 73
10 51
9 15
6 44
7 8
8 23
6 83
2 87
1 61
8 100
10 91
8 94
4 2
8 45
1 91
5 97
9 1
8 9
10 56
10 13
3 12
6 85
1 35
1 56
1 32
5 91
8 53
3 84
4 24
6 91
8 90
5 21
4 53
9 58
9 20
3 81
10 81
4 68
2 99
1 37
2 21
10 24
5 19
9 78
10 33
5 36
6 47
3 42
6 76
2 8
2 10
9 31
6 50
4 87
4 77
10 68
8 92
4 55
9 66
2 73
3 80
8 8
1 48
7 1
9 63
6 13
3 18
6 31
9 100
1 24
9 3
4 48
10 8
3 84
6 92
2 68
10 17
4 54
5 55
9 26
2 17
8 91
2 64
6 2
7 3
7 37
9 99
1 42
8 14
8 7
3 3
6 36
9 50
6 64
10 75
7 3
10 24
1 40
10 96
3 95
2 6
9 52
7 95
9 20
10 41
3 96
4 10
6 56
3 93
5 4
9 88
9 3
7 25
2 69
2 63
1 83
9 54
3 15
10 43
4 9
6 26
9 71
4 69
7 80
6 67
8 83
7 50
7 43
1 59
4 43
10 67
1 9
7 86
8 43
4 77
2 62
10 49
8 91
4 8
9 13
10 67
1 58
10 41
7 33
5 36
1 44
4 26
7 45
10 47
7 69
5 98
1 50
8 90
9 98
6 80
4 66
1 2
5 11
4 54
5 100
8 49
8 25
9 71
2 68
6 45
1 51
2 39
2 94
3 60
1 58
4 55
5 31
9 52
2 7
6 20
7 25
10 57
9 93
8 46
7 82
9 44
3 26
5 95
4 9
10 84
5 77
10 47
6 53
10 16
9 38
5 30
5 47
2 53
1 62
5 47
2 65
3 43
10 53
4 93
1 19
6 17
10 65
1 15
4 72
2 23
2 95
5 94
6 91
1 17
8 27
6 31
8 19
4 43
3 90
6 92
2 69
5 28
9 99
3 15
6 50
5 69
8 12
2 35
2 40
1 85
3 43
5 24
10 80
9 95
3 72
8 93
7 86
1 93
1 71
8 15
4 70
1 73
3 48
8 30
10 18
1 20
10 4
5 32
6 39
8 52
3 42
4 93
9 27
5 55
1 49
2 67
6 93
9 80
6 6
6 33
7 66
1 99
8 56
5 2
10 84
10 86
6 98
6 69
8 59
7 23
4 93
1 87
8 65
3 5
5 12
7 54
1 95
9 29
5 61
9 58
4 80
2 49
3 50
1 67
3 98
6 57
4 38
1 96
6 14
2 30
5 92
3 56
9 58
1 55
4 9
9 20
8 78
10 36
1 88
9 49
2 33
5 1
3 70
7 17
2 42
9 57
5 27
4 11
6 66
1 89
6 9
5 72
2 78
9 15
3 90
9 34
5 27
4 14
6 24
5 30
10 92
6 42
2 78
5 35
6 19
7 26
10 49
8 79
8 57
10 52
9 77
5 6
10 41
10 84
5 67
1 47
10 17
1 15
1 43
5 64
1 78
8 35
1 29
5 44
6 90
7 73
2 89
7 58
7 10
7 41
7 72
6 28
2 47
7 49
7 19
8 82
5 11
6 84
6 1
6 14
10 14
10 15
5 34
8 96
6 98
3 15
1 12
4 17
9 10
5 23
