6 34
1 17
8 78
9 39
9 52
3 7
6 95
6 70
10 80
8 78
1 10
4 95
10 77
1 77
9 98
5 79
9 1
2 50
10 24
4 58
8 68
9 22
6 33
1 74
1 34
3 69
4 94
3 49
6 47
5 53
4 29
4 97
4 83
8 65
6 99
4 28
6 20
7 52
7 66
8 23
6 49
1 96
6 1
5 49
1 18
7 77
6 13
8 47
6 32
4 9
9 20
4 46
6 76
10 3
5 13
8 61
7 97
9 91
2 84
1 42
1 24
3 5
5 9
2 58
5 68
4 87
7 38
9 43
5 28
9 77
4 98
8 28
9 41
6 76
1 71
6 77
1 35
4 41
7 89
5 49
1 75
10 81
5 37
5 53
4 87
2 73
10 94
10 51
2 91
9 100
7 76
8 49
7 76
6 6
2 34
1 70
9 20
7 61
7 30
4 86
6 39
5 11
9 53
2 3
7 54
1 48
10 58
5 100
1 43
3 34
9 75
8 46
8 69
1 89
9 57
1 50
8 66
8 35
7 30
2 28
2 9
9 71
2 2
2 91
6 24
10 71
6 80
3 24
7 85
5 51
9 36
4 46
1 97
2 69
2 81
1 73
6 58
5 53
5 70
6 41
10 98
1 20
6 46
3 53
9 63
4 46
5 86
2 98
2 73
6 58
9 11
2 27
9 87
7 6
9 61
3 40
10 59
5 17
5 76
7 93
4 72
3 50
5 28
10 2
6 24
6 32
8 87
2 85
10 85
9 78
10 100
10 9
3 78
5 94
1 19
5 87
8 8
7 84
5 8
10 73
3 39
4 33
8 9
8 65
1 8
1 10
7 26
2 23
6 42
3 71
5 2
3 20
4 3
1 54
8 13
9 8
7 26
1 68
9 50
4 84
9 32
9 56
7 60
1 92
4 37
1 41
9 98
8 88
3 22
3 2
6 12
3 42
9 17
2 29
8 33
2 57
9 85
9 82
8 89
6 65
8 53
7 63
2 66
5 62
4 34
5 75
10 60
5 24
7 75
9 44
1 3
2 94
6 99
8 43
7 9
5 65
1 15
4 32
1 66
10 95
5 2
9 13
2 58
8 78
9 30
10 86
9 31
5 76
5 42
10 47
3 93
2 14
8 19
4 46
2 31
5 47
9 21
1 88
7 25
10 43
2 85
3 61
3 89
10 74
3 22
5 82
8 68
3 61
4 73
1 69
2 96
9 85
8 27
3 24
7 45
5 52
2 35
1 27
9 34
8 41
9 18
10 81
3 15
10 93
2 45
3 75
10 6
5 2
10 79
5 74
7 63
2 77
8 18
1 7
5 5
5 73
6 96
3 6
4 33
7 51
1 71
2 45
6 32
9 74
8 35
10 60
8 90
4 18
3 64
9 49
1 31
7 58
5 78
10 23
7 14
7 75
4 11
4 8
6 98
8 76
4 9
6 40
10 95
9 66
8 90
3 97
1 87
1 11
10 21
3 35
8 51
1 96
6 80
6 67
2 73
7 37
10 86
3 17
2 25
6 45
10 100
1 91
9 30
8 65
10 38
2 14
7 91
3 39
3 72
2 97
8 44
8 96
7 46
5 91
1 16
8 93
2 50
6 68
3 83
9 63
7 63
3 92
6 19
1 92
2 85
8 1
5 68
9 79
8 49
5 2
5 5
9 64
5 48
9 58
9 22
4 22
6 97
3 41
1 58
1 82
3 33
9 72
4 28
3 76
8 3
8 63
8 52
9 66
8 58
2 39
5 100
7 58
5 64
8 33
6 28
5 98
1 26
9 55
7 80
1 79
6 68
2 72
4 71
1 29
2 40
4 66
4 52
3 22
1 100
6 57
1 78
1 52
2 37
4 95
7 21
5 25
4 96
6 31
9 100
10 3
2 89
5 71
8 74
1 91
9 28
7 92
2 36
4 71
3 14
4 58
9 62
2 50
1 67
8 99
6 43
10 36
9 71
1 35
8 15
3 93
4 38
4 86
1 12
6 16
5 1
9 90
7 52
1 50
5 8
4 20
8 95
4 90
1 92
1 24
2 27
9 3
6 64
10 23
10 92
8 51
5 14
7 14
4 94
8 36
9 5
1 22
5 100
6 71
3 86
7 64
7 8
2 2
1 24
3 19
9 24
5 43
6 29
6 10
10 12
1 37
2 96
6 25
4 31
7 55
1 15
6 17
7 53
7 6
6 92
8 30
2 35
1 25
3 74
3 15
2 75
3 4
3 59
9 58
4 51
4 92
2 40
2 93
4 43
1 26
2 90
7 9
6 9
5 33
1 80
5 31
4 43
9 18
10 32
10 3
3 56
9 31
4 33
1 23
1 20
8 43
5 12
10 31
5 87
10 98
5 85
1 52
1 42
1 35
10 40
10 54
10 95
1 47
10 14
8 63
8 67
4 29
1 23
2 84
8 76
6 25
6 3
6 69
5 18
8 91
2 75
7 26
7 19
10 14
8 59
10 62
10 29
2 47
5 83
1 12
10 28
1 22
5 92
9 17
8 47
2 13
5 5
7 91
6 9
2 49
2 88
1 98
3 69
7 54
2 44
2 11
5 92
6 56
3 30
8 75
6 20
7 1
1 42
9 85
7 32
8 4
5 49
3 1
3 24
1 66
1 74
2 21
2 71
6 36
8 62
6 48
7 77
1 53
6 14
6 61
9 85
7 58
9 93
1 82
2 17
6 34
10 12
7 35
2 2
9 41
1 84
5 89
9 79
6 91
7 60
2 25
10 99
1 32
4 66
7 85
3 84
10 43
6 4
1 39
7 56
7 88
2 92
7 27
10 77
4 28
7 90
7 79
1 94
9 81
1 10
6 22
10 74
7 56
5 84
2 79
1 42
5 57
2 98
1 21
5 31
3 3
3 54
6 78
4 99
4 31
9 34
8 65
6 74
7 31
6 78
9 6
8 47
8 40
9 42
5 70
4 38
7 97
2 70
9 54
5 53
4 79
8 83
3 15
7 37
3 45
7 96
9 100
4 23
2 48
2 3
8 100
8 90
10 10
6 28
4 59
9 40
10 36
6 23
4 42
9 38
10 37
1 63
2 13
4 7
10 54
6 3
2 11
9 89
5 73
9 41
8 66
8 53
6 44
6 59
6 8
8 14
10 53
9 35
8 10
5 90
9 85
10 69
3 1
5 65
2 91
6 29
2 41
1 28
6 28
10 63
3 32
7 83
1 10
4 77
3 5
7 21
5 46
6 88
5 87
1 26
2 32
6 48
8 18
8 64
4 79
8 19
7 10
8 28
1 67
10 15
6 12
5 67
5 49
8 57
4 26
3 27
4 79
2 46
6 16
5 77
10 10
7 14
9 26
4 62
10 18
9 41
10 46
2 88
7 30
1 96
1 17
10 60
2 81
8 75
7 82
10 75
8 5
1 94
9 21
2 39
4 80
1 57
1 55
8 41
9 8
6 54
5 88
1 78
10 78
3 15
5 91
8 15
5 32
1 62
8 33
6 7
8 8
2 18
5 47
2 29
5 43
3 37
3 63
6 80
7 65
10 21
7 24
1 33
8 10
3 21
8 64
6 17
8 16
3 43
3 27
8 93
1 29
10 38
4 70
1 63
8 71
10 75
9 38
2 71
1 79
9 8
1 21
4 5
3 57
7 18
2 13
8 96
3 32
6 76
8 22
2 26
4 60
1 99
1 38
4 8
10 81
8 80
8 56
10 28
8 26
3 85
2 91
1 94
2 33
2 89
7 45
1 9
7 63
4 51
8 59
3 45
1 86
2 31
1 21
10 9
7 56
4 62
1 36
5 8
9 43
9 80
8 73
2 33
1 85
5 49
3 81
3 48
6 87
9 30
9 92
2 92
1 47
5 87
5 64
1 21
6 31
7 36
1 1
1 97
5 26
7 50
8 96
10 85
1 91
4 65
9 58
6 18
5 91
8 25
9 67
5 38
1 29
3 39
6 41
4 66
6 89
3 54
1 40
3 31
7 23
8 72
4 53
6 94
1 15
10 36
4 65
7 18
6 100
3 83
1 41
3 51
8 7
6 5
7 93
9 18
1 27
10 75
7 75
7 85
3 91
1 16
2 99
7 65
1 73
2 73
3 66
7 44
5 35
7 75
2 44
3 86
7 26
3 54
3 19
8 62
4 49
3 65
3 27
1 44
6 96
10 90
1 78
5 14
5 94
8 44
10 76
2 5
5 49
9 68
4 33
7 66
9 99
5 94
4 43
3 98
4 16
8 52
9 39
7 12
4 52
6 3
8 48
4 76
9 92
3 67
6 45
3 12
8 37
9 45
7 66
2 12
5 10
5 12
4 8
6 71
6 13
3 18
5 74
5 57
7 54
3 97
9 68
3 40
7 37
9 81
4 100
2 97
10 54
10 66
8 9
4 70
6 4
6 63
9 30
7 35
9 68
2 68
9 52
1 87
7 9
8 73
4 61
10 50
8 43
8 69
5 94
3 57
10 10
4 96
10 50
1 55
6 90
1 34
2 55
8 100
1 93
