2 25
8 86
3 76
7 59
6 59
7 64
9 32
8 59
8 25
5 55
6 61
7 32
8 51
4 62
4 12
7 88
5 85
4 52
2 95
1 34
2 47
9 10
1 46
9 55
1 87
6 74
2 85
6 28
8 19
3 87
3 81
1 52
5 45
4 19
1 12
4 64
2 92
1 15
9 79
4 91
9 30
9 7
7 67
6 25
3 33
5 17
5 75
2 6
1 84
10 72
7 6
4 22
7 24
3 90
3 51
6 52
3 58
3 100
10 90
6 64
5 85
3 14
9 73
10 27
4 41
6 38
10 77
10 99
2 73
9 59
6 32
7 69
7 6
3 40
4 15
6 57
7 7
9 20
7 96
4 26
7 74
6 76
8 62
3 45
10 1
2 27
4 97
3 64
10 3
9 39
6 80
7 64
7 58
5 66
2 98
3 28
3 97
4 80
7 96
3 9
10 85
3 72
7 71
1 94
4 50
3 73
3 76
3 76
3 76
3 88
8 54
2 37
7 28
9 82
2 80
4 2
5 57
4 64
5 16
3 14
2 73
4 58
7 24
7 30
10 28
10 18
7 97
5 16
9 97
1 36
9 13
9 42
8 10
3 53
1 40
4 10
8 9
10 6
8 43
2 25
10 25
7 56
4 14
6 54
8 65
8 71
10 11
1 22
10 81
1 25
1 50
9 79
3 14
4 50
2 58
4 82
3 45
4 31
1 70
6 91
8 76
1 84
5 95
7 81
7 57
7 35
4 94
4 28
6 48
3 53
10 92
3 81
8 90
6 2
9 51
8 78
10 90
5 30
10 72
3 20
8 37
5 96
1 25
8 35
4 83
10 47
1 25
6 70
4 1
5 16
1 32
8 12
6 59
4 97
8 82
7 43
3 33
5 66
6 70
2 25
8 91
8 88
1 58
4 32
10 14
5 91
3 22
6 89
9 46
10 73
3 34
8 82
7 60
3 35
10 5
8 1
7 8
2 52
9 94
7 31
9 89
7 94
2 24
5 40
1 81
7 62
4 12
7 40
6 96
4 37
6 59
10 41
8 69
1 3
5 62
10 81
4 90
7 82
1 19
2 78
3 91
4 9
5 71
6 97
1 99
9 90
2 99
7 54
3 76
10 34
9 9
8 44
10 65
6 49
10 34
9 39
3 39
4 64
9 99
5 3
3 98
4 53
4 54
8 59
3 35
6 87
10 15
3 13
3 54
10 93
9 65
5 78
6 50
7 89
8 21
2 84
1 74
7 98
10 79
1 53
4 23
1 16
6 25
3 95
2 20
5 69
2 89
7 96
7 53
9 31
6 24
9 13
10 17
4 74
10 90
1 20
1 85
4 52
2 30
9 19
7 85
10 28
3 85
5 56
7 34
5 86
1 16
8 29
1 8
10 55
6 12
4 76
9 95
3 63
10 51
10 61
5 72
2 100
1 46
1 92
9 78
10 34
7 2
8 5
3 15
10 11
8 21
6 40
3 2
6 86
8 39
6 84
8 92
3 81
5 39
10 30
2 77
3 88
2 65
6 37
3 58
2 97
3 63
9 64
9 54
2 39
10 98
8 61
9 66
1 37
7 12
5 94
3 55
7 14
6 94
2 72
2 4
5 53
4 85
9 34
10 94
4 8
2 77
1 92
6 78
3 74
8 10
6 81
1 55
7 46
3 16
6 11
1 63
9 51
1 100
6 48
1 76
8 64
7 56
5 4
7 44
1 94
1 17
8 11
3 43
7 3
7 39
1 46
5 77
8 31
3 54
2 14
9 71
2 46
7 85
10 78
7 96
10 87
4 67
10 100
7 66
8 29
10 48
2 16
6 8
3 41
6 10
3 54
1 34
1 53
9 6
3 70
10 14
4 12
4 42
6 59
10 83
4 80
6 50
8 70
6 54
10 66
1 81
1 2
8 59
7 18
5 19
7 19
4 58
5 89
5 22
4 17
8 64
9 8
2 22
3 84
4 41
6 9
2 90
5 54
7 4
9 98
3 31
4 22
4 88
6 15
7 78
9 77
2 75
3 22
8 23
5 17
2 23
5 14
2 18
5 32
1 90
1 26
2 66
1 63
7 47
5 16
9 70
10 24
8 69
3 96
3 50
3 2
7 13
9 93
1 40
8 58
5 38
7 36
10 1
8 81
1 93
7 34
1 82
5 86
3 50
2 72
9 2
6 74
8 23
9 86
9 88
5 44
6 58
4 74
10 91
2 85
4 4
5 43
6 24
5 43
9 82
2 37
1 51
6 55
7 81
10 81
6 67
2 84
7 43
10 87
10 52
4 2
1 22
7 1
2 5
4 30
5 33
2 67
9 62
6 91
3 14
6 23
6 80
7 72
3 69
2 80
3 69
8 42
6 25
7 44
1 79
5 52
1 59
2 79
3 18
6 66
8 8
1 14
3 16
5 20
1 75
2 67
1 62
8 23
9 26
7 90
5 73
3 88
4 36
6 47
7 7
2 45
1 74
2 80
1 98
5 49
5 27
8 21
4 13
5 13
9 17
4 16
6 24
8 95
1 56
1 93
9 94
6 36
1 95
7 56
6 42
3 75
2 96
2 95
8 36
10 13
8 34
1 75
9 95
5 13
9 90
5 87
9 74
10 3
1 45
7 38
6 77
6 78
8 69
4 24
7 79
9 75
9 17
6 33
4 19
8 25
9 72
9 63
3 52
6 97
10 14
4 79
3 18
3 17
8 88
7 84
9 21
9 11
6 26
9 12
4 10
5 60
10 28
1 92
7 99
7 23
9 15
2 61
8 62
10 13
4 59
10 71
8 14
2 60
4 25
6 43
3 99
9 42
5 83
9 90
1 52
6 76
9 4
4 6
3 32
3 42
5 91
10 61
2 11
3 83
3 73
4 75
5 32
1 50
10 77
1 62
9 10
6 81
10 81
5 76
3 40
7 47
4 56
4 35
1 47
3 63
6 4
2 90
5 65
1 13
8 99
3 46
1 5
7 86
7 38
7 25
4 11
5 97
6 90
10 95
6 35
10 89
8 36
4 45
1 62
6 75
7 23
8 40
9 6
3 11
10 55
4 8
1 4
7 23
2 93
6 51
2 98
4 81
4 78
10 89
4 68
7 27
8 21
7 11
5 44
1 99
6 88
9 54
6 12
6 10
1 29
3 90
9 88
10 26
3 91
9 81
5 11
2 30
3 79
5 67
2 28
4 87
1 57
2 85
4 58
9 2
4 98
1 68
6 6
9 38
10 61
2 73
4 73
10 48
9 36
4 96
10 17
4 14
10 17
2 27
2 11
10 7
2 72
6 81
9 99
5 10
4 33
7 41
4 40
1 8
2 72
1 6
10 15
9 1
7 38
1 6
6 49
9 40
8 14
3 13
1 12
5 37
8 87
6 45
4 64
9 91
9 30
9 58
9 83
2 20
7 74
9 80
6 7
9 1
7 86
6 65
4 80
10 93
7 43
7 66
10 4
4 93
4 84
9 22
1 100
2 30
10 14
3 12
10 54
9 36
4 50
5 56
3 51
8 83
7 52
1 46
10 44
8 53
4 24
6 52
9 31
1 76
5 59
5 82
10 9
3 35
9 35
10 57
4 70
9 18
3 12
9 31
4 73
1 28
2 67
5 19
6 95
8 70
3 51
8 75
8 37
5 79
5 2
7 50
3 24
6 51
9 25
1 36
8 50
6 62
5 61
9 63
6 48
2 99
7 39
3 77
6 48
8 59
8 41
10 11
4 66
8 30
2 29
9 5
10 88
4 50
6 66
5 8
1 99
9 28
6 15
9 2
2 57
3 32
1 53
7 74
7 55
5 78
2 18
4 38
2 46
5 29
4 2
8 38
3 63
1 73
5 42
5 37
2 93
5 82
8 46
9 32
2 87
8 84
10 90
1 76
1 72
7 22
6 97
8 14
8 73
5 49
5 2
6 6
7 47
2 44
8 64
3 46
9 87
10 12
10 71
6 37
5 95
10 30
1 7
6 47
2 48
10 9
2 2
8 53
10 96
4 87
9 42
8 43
8 26
9 33
5 46
9 31
9 55
10 37
4 100
10 17
7 13
8 17
8 61
7 66
7 11
6 59
3 86
7 91
3 81
7 76
1 39
6 5
9 38
1 35
3 47
8 28
8 22
1 36
8 65
1 37
3 16
1 51
7 75
5 10
1 95
1 81
7 46
8 71
2 6
6 83
3 38
1 92
2 98
2 63
2 84
6 35
2 16
10 60
3 92
10 32
10 17
6 95
2 55
6 25
8 39
6 94
10 51
8 77
5 94
10 26
8 71
8 3
10 10
9 82
1 38
3 29
3 49
10 71
5 69
8 47
10 40
7 27
9 36
9 16
6 4
8 92
3 63
9 77
5 10
10 96
10 6
10 82
8 70
6 84
3 54
4 34
4 33
7 19
6 15
2 83
1 84
8 18
5 82
10 37
8 17
6 27
9 98
3 50
5 57
4 24
7 24
3 60
9 18
3 42
10 97
4 36
5 13
4 12
5 9
7 43
1 55
3 59
