9 14
3 98
4 68
4 69
1 24
6 23
10 1
5 31
4 31
6 74
7 64
1 98
6 82
6 22
5 64
2 97
9 85
1 8
9 34
5 54
5 78
3 79
5 6
1 36
6 79
2 99
4 68
10 75
10 57
9 64
9 24
5 81
9 72
4 82
8 60
5 48
2 96
9 72
8 91
9 1
8 71
10 94
3 54
9 32
10 37
5 20
3 96
5 46
8 73
3 51
10 51
4 5
2 27
4 37
10 41
1 68
10 94
2 23
5 69
4 74
5 21
2 3
5 30
9 57
4 92
10 56
1 37
2 4
9 25
6 7
2 36
1 19
5 41
4 73
1 87
10 67
1 62
6 57
8 71
6 77
10 32
5 36
2 7
8 45
1 46
5 29
3 69
4 57
3 23
3 41
9 94
4 49
8 31
1 82
3 75
10 58
10 33
6 57
5 44
3 37
4 16
2 81
10 18
10 66
7 65
5 14
9 52
6 83
6 28
5 81
5 98
4 56
4 76
3 9
8 38
1 90
4 22
2 65
7 3
6 54
6 42
1 54
6 3
2 41
7 2
3 27
4 36
10 67
2 80
6 100
6 8
2 86
5 21
7 49
4 74
6 57
10 66
8 43
1 40
4 83
9 45
5 63
6 41
10 68
1 62
6 27
4 10
3 16
1 67
3 87
4 62
2 48
2 58
2 65
5 79
5 98
2 59
8 62
10 92
7 77
1 84
7 6
1 47
4 48
2 4
8 72
3 63
8 94
5 13
6 97
6 44
2 60
4 6
7 28
3 39
7 84
3 85
6 73
4 17
4 2
10 38
6 43
1 4
8 62
9 47
10 63
7 99
5 79
7 14
4 8
6 40
5 84
5 83
4 19
8 58
9 14
9 12
3 58
8 71
8 98
10 65
10 67
2 56
4 74
10 10
10 39
2 93
8 33
1 6
5 53
10 95
1 49
1 3
10 18
1 78
10 69
5 27
6 28
7 10
1 97
3 98
7 13
1 48
9 75
6 62
3 54
6 20
9 9
2 13
10 23
4 46
2 4
3 47
4 59
5 27
7 28
5 23
2 9
9 58
3 70
2 76
7 31
10 65
10 96
1 38
1 16
9 83
6 49
6 55
4 35
8 29
5 51
4 84
8 28
9 83
9 51
6 16
6 100
7 46
6 57
6 80
7 66
7 1
4 58
10 71
3 5
8 50
5 27
9 18
10 58
4 7
10 32
8 36
9 53
4 11
7 80
6 34
4 28
5 4
6 45
3 98
2 45
6 96
5 91
4 40
7 62
9 14
9 47
4 71
10 89
8 68
10 45
2 17
10 59
8 8
7 88
10 32
2 59
7 96
2 34
10 30
5 93
6 96
1 39
4 74
9 1
1 36
1 13
4 95
3 47
9 81
3 90
9 94
5 26
2 99
1 22
2 69
6 31
2 53
10 76
9 79
9 20
10 61
5 10
5 64
4 100
3 19
6 32
3 11
5 74
10 19
4 95
4 64
8 99
5 60
9 67
7 42
3 55
2 42
10 14
2 91
3 97
7 77
9 32
2 40
7 21
7 5
1 3
7 43
10 38
5 71
1 18
5 9
1 6
6 98
2 84
1 88
5 11
8 53
10 20
1 36
9 33
1 8
3 23
10 19
6 40
1 44
5 23
6 83
1 60
6 90
6 32
10 68
7 25
3 77
3 94
8 95
2 51
7 54
4 64
1 72
7 4
7 33
6 92
10 25
5 22
9 62
6 2
5 74
5 76
2 86
8 92
9 18
7 38
5 30
6 1
8 21
6 75
1 80
7 91
5 89
7 68
1 11
1 82
8 22
8 60
2 21
7 17
6 36
2 91
1 19
6 94
2 50
7 9
4 34
7 83
9 43
5 81
3 15
2 73
4 97
3 76
3 56
10 5
1 94
4 74
4 7
7 39
6 75
10 89
7 39
5 1
5 45
4 30
10 94
10 45
10 59
10 77
4 88
3 4
6 75
1 66
10 24
1 68
8 61
8 8
3 3
10 71
2 82
7 55
6 34
10 56
4 18
7 83
3 81
9 59
3 16
9 28
10 71
4 1
1 84
10 77
3 82
8 23
3 3
2 60
9 70
7 41
8 12
1 37
1 46
9 33
2 55
1 44
10 29
5 19
10 3
10 54
1 20
8 35
5 62
5 15
8 14
7 72
8 1
9 20
1 45
2 97
7 87
4 17
10 84
8 88
1 10
3 100
9 53
4 21
10 67
1 7
1 25
2 98
3 100
3 68
2 69
7 69
2 41
7 52
7 69
5 94
1 98
7 18
6 36
8 20
4 69
7 46
8 73
10 93
9 69
9 100
6 37
5 48
5 23
8 37
3 48
3 88
10 14
3 50
4 27
1 40
5 80
10 89
6 4
1 43
4 9
2 25
5 99
8 63
6 29
1 7
4 68
1 38
3 66
2 5
7 76
6 54
4 21
8 4
9 31
1 26
7 55
9 95
2 9
5 4
8 58
2 19
1 63
9 41
4 67
4 74
4 96
7 8
9 39
3 46
4 6
6 4
4 68
4 17
8 48
4 37
3 22
7 97
3 64
1 39
8 96
4 95
5 32
2 96
1 70
4 96
1 90
3 92
10 35
2 96
10 45
1 84
6 86
10 48
6 70
4 54
3 42
6 21
3 98
10 9
6 59
4 42
7 61
10 30
3 28
6 24
3 42
1 47
6 13
2 37
10 75
1 73
9 48
4 79
3 83
1 79
1 41
3 79
4 83
7 67
9 40
2 76
9 36
4 41
1 35
5 43
2 9
5 95
6 6
9 39
10 11
5 14
10 9
6 96
7 2
1 9
6 98
10 45
10 79
9 14
10 81
10 28
4 61
3 35
10 1
6 78
6 74
7 70
5 54
9 53
7 93
7 98
6 79
5 7
1 82
3 3
10 91
4 13
6 3
6 90
9 45
6 43
3 67
4 71
2 1
10 13
3 60
9 9
5 94
4 13
2 15
6 46
1 59
3 41
7 24
6 9
7 24
9 55
10 100
8 6
5 93
3 85
10 66
9 66
5 19
4 52
8 1
6 45
3 43
4 46
5 53
7 81
10 68
1 90
2 16
7 74
2 98
4 80
1 20
5 85
4 11
9 100
3 87
5 87
6 95
5 45
3 25
7 65
2 5
1 63
8 70
3 70
9 45
9 43
5 3
8 26
5 89
9 12
2 83
2 64
8 90
10 94
9 19
4 52
9 70
2 19
5 71
1 12
8 89
3 34
3 85
9 90
8 94
7 53
7 75
3 88
9 44
7 68
6 27
10 12
10 47
3 18
5 8
2 52
5 7
5 73
8 51
2 51
8 77
3 46
9 32
4 23
5 90
10 100
10 8
5 17
3 97
6 11
8 99
4 24
10 18
8 27
5 53
7 51
5 30
8 88
3 58
9 13
4 15
7 53
6 80
8 65
7 71
7 35
1 45
2 2
1 90
10 17
9 75
5 81
1 58
3 79
10 9
10 55
4 16
3 40
3 81
1 65
2 46
3 90
1 74
10 20
6 24
1 14
6 21
2 9
7 56
4 99
10 41
9 40
4 80
7 37
8 81
10 30
3 33
1 28
5 54
10 60
1 55
4 19
5 75
10 7
9 73
8 7
5 34
3 76
2 71
8 87
10 2
8 75
4 52
9 67
5 13
1 5
1 51
1 56
6 24
7 72
8 8
10 64
10 92
4 39
7 94
4 44
6 49
4 36
1 52
7 54
10 47
1 99
2 85
1 16
4 66
5 46
9 33
10 85
2 59
4 9
1 60
5 73
5 90
10 33
10 60
4 15
5 47
7 38
1 73
3 21
5 63
6 79
2 17
2 91
5 38
10 54
3 86
8 25
8 5
8 2
6 60
9 7
5 99
9 11
3 58
5 68
8 89
10 90
7 72
3 42
7 47
4 35
5 47
1 26
6 78
6 28
6 41
4 82
8 77
3 68
4 64
6 64
6 30
9 75
6 88
8 54
5 88
4 2
7 3
5 84
1 13
9 45
4 7
10 83
5 22
10 35
5 87
4 71
8 63
5 10
9 11
5 58
4 62
4 93
1 35
3 65
8 41
2 43
2 81
2 3
8 75
10 75
7 4
4 57
7 52
10 99
6 49
1 42
9 94
4 31
6 66
9 43
9 44
7 69
7 15
2 34
2 62
8 24
2 67
9 12
10 9
2 79
3 57
8 44
2 34
2 40
10 13
6 7
3 36
8 67
2 81
10 75
6 64
9 82
2 79
1 46
6 42
6 44
5 75
10 46
10 99
5 97
2 51
4 40
4 95
6 45
1 28
1 27
5 85
5 82
9 44
8 68
4 39
8 8
3 36
5 1
9 21
9 88
2 100
7 79
5 55
6 76
4 20
8 49
10 45
10 14
5 51
3 1
7 20
4 14
5 15
5 16
7 84
10 31
3 17
6 72
10 65
6 30
9 40
7 11
9 16
4 20
8 79
9 74
2 53
3 86
6 9
2 28
1 87
1 85
