7 31
9 82
6 5
2 97
4 68
7 68
6 87
5 5
5 71
6 15
3 5
7 8
7 97
7 25
8 39
8 68
6 69
2 78
6 9
3 83
7 17
9 95
3 73
4 47
9 44
3 49
1 4
3 61
2 20
8 98
4 31
9 69
10 11
9 84
6 68
5 50
5 40
1 15
4 44
5 80
6 17
10 45
8 12
2 99
7 55
1 9
10 18
6 30
4 99
7 46
10 83
10 51
5 81
8 78
9 24
3 83
10 92
10 22
3 78
4 52
8 10
1 86
6 7
7 16
6 43
6 75
10 64
2 33
10 51
1 94
8 59
5 53
2 74
6 28
3 41
10 61
8 82
4 65
8 39
10 19
7 36
10 79
9 38
2 9
4 32
2 38
3 56
3 25
5 79
5 15
4 17
9 13
2 9
4 75
8 61
8 50
3 58
4 62
3 46
3 67
6 94
9 2
1 20
9 93
2 51
6 67
10 3
5 93
3 47
4 10
2 1
8 79
3 77
7 20
5 94
1 30
10 71
9 22
3 1
8 67
8 10
6 56
7 26
4 49
6 58
4 16
5 56
5 35
1 61
1 86
3 74
1 47
5 89
1 99
9 11
7 83
7 36
5 3
7 51
1 32
8 77
10 4
8 45
7 81
2 90
6 78
10 89
10 50
1 5
5 87
4 68
2 86
7 37
4 58
4 89
7 39
4 84
7 74
5 8
6 87
8 8
1 58
8 23
8 22
5 47
9 40
1 27
6 16
3 29
1 95
6 64
10 66
10 70
10 26
7 38
1 69
7 91
7 33
10 96
9 40
6 27
3 13
6 45
8 93
6 71
6 77
10 81
1 96
10 97
9 77
6 51
5 97
4 50
10 63
2 66
2 88
1 41
2 26
4 20
8 8
5 17
10 68
7 96
3 78
1 47
6 61
7 77
3 5
5 7
8 76
4 10
2 25
3 89
1 35
3 60
8 58
8 85
8 93
1 43
10 72
3 25
7 44
2 71
9 21
10 92
3 25
6 66
1 96
7 51
8 16
3 100
1 82
4 37
6 66
1 20
10 89
1 51
5 57
6 2
7 99
4 74
8 12
7 1
2 77
2 14
1 94
8 24
8 89
1 63
8 41
4 19
6 94
7 97
3 64
3 4
8 77
8 9
2 91
9 80
5 75
3 12
3 99
5 33
5 55
6 4
3 21
4 15
7 18
4 67
7 85
9 24
6 31
2 77
9 61
7 62
6 15
9 75
6 25
6 58
9 40
3 12
5 70
2 60
1 59
10 85
5 49
8 95
10 7
3 82
7 66
8 67
5 12
3 77
8 35
6 27
10 39
7 27
8 32
4 83
2 59
8 51
8 18
4 64
9 51
1 24
10 38
8 48
2 64
8 100
4 41
9 17
10 100
7 93
5 99
10 35
5 78
5 73
9 30
3 20
1 55
3 79
7 13
10 33
5 96
2 49
7 39
3 19
3 13
2 98
3 67
2 52
1 65
6 66
8 68
3 6
5 24
8 59
9 80
9 40
8 39
4 24
1 50
9 42
7 36
1 13
4 45
8 7
1 4
6 24
3 40
8 62
9 46
5 79
8 33
5 56
1 23
10 61
2 16
1 65
2 38
7 72
10 68
6 80
1 43
8 1
10 42
2 13
2 17
6 1
1 46
8 70
6 81
9 8
1 11
8 97
6 10
3 25
3 8
8 69
3 1
3 75
2 86
9 70
7 96
10 27
6 30
8 48
6 25
5 37
5 62
4 61
3 61
8 6
6 9
10 21
6 15
6 24
2 53
4 50
6 8
2 51
5 85
3 97
9 50
5 27
10 73
3 61
5 87
9 49
6 75
10 49
3 96
10 73
2 5
7 52
1 12
5 67
3 52
7 22
10 41
10 48
10 64
9 10
1 7
1 47
9 38
2 67
7 93
2 66
6 44
1 33
3 94
1 4
4 45
10 18
4 1
5 58
2 55
7 35
1 82
3 40
6 79
4 70
4 22
3 43
3 13
6 59
9 84
8 94
9 6
1 66
5 67
6 95
6 91
9 60
6 52
1 48
5 72
4 79
4 19
9 64
10 88
3 65
3 90
7 13
10 9
7 65
1 55
7 45
4 75
10 6
3 100
6 39
10 31
5 77
7 95
3 13
9 81
4 60
6 49
2 49
1 60
6 39
3 64
7 93
3 62
9 13
6 43
8 33
6 95
7 57
2 51
3 65
2 77
8 66
10 5
5 90
1 54
1 81
8 80
1 11
1 78
8 36
3 93
8 66
5 48
1 74
3 34
4 42
3 18
4 95
9 57
10 47
7 84
10 22
2 32
3 23
4 14
6 19
7 93
2 41
4 35
7 48
2 29
6 98
1 94
8 98
5 11
5 94
9 52
5 15
6 3
5 1
8 15
10 86
3 36
1 44
3 62
4 24
3 12
10 79
3 64
4 27
7 32
5 49
9 79
7 35
9 27
8 49
7 43
4 10
7 38
2 13
2 91
2 85
5 6
5 43
3 36
6 95
2 43
6 54
2 86
2 2
9 21
1 67
1 88
2 47
10 58
8 26
6 24
10 16
2 52
6 11
7 46
8 13
5 38
8 15
2 92
5 13
8 24
5 91
9 44
8 43
9 85
1 5
7 27
9 28
3 70
4 31
3 58
2 21
7 6
10 85
4 1
4 39
7 21
2 80
7 93
8 85
10 91
9 27
2 39
5 85
4 95
10 51
2 5
10 96
2 22
6 53
6 69
3 5
7 64
5 16
3 38
5 86
7 63
5 12
4 33
6 76
3 100
3 95
5 21
3 93
5 91
7 81
10 36
4 2
4 24
8 53
8 60
4 84
7 74
4 92
5 99
8 57
2 37
6 63
8 76
8 89
2 65
7 41
3 95
5 66
3 22
10 88
6 25
7 87
3 95
8 47
5 86
7 30
2 77
10 91
4 5
5 43
8 55
1 11
1 40
6 22
5 90
7 21
9 3
9 90
7 27
3 93
10 27
8 41
9 61
2 59
5 32
9 96
8 86
3 58
3 81
7 86
2 99
10 37
3 88
3 93
4 58
6 93
9 45
10 26
7 1
5 22
9 41
5 67
2 18
6 38
8 97
6 48
2 18
10 34
4 94
7 56
5 40
10 73
7 56
9 52
10 92
10 70
1 93
1 20
7 78
5 26
4 12
2 10
2 11
10 24
4 84
8 48
8 100
4 12
2 24
1 31
7 79
2 37
9 46
8 76
7 11
1 32
1 50
7 48
7 85
5 17
2 38
6 17
9 59
6 29
4 86
8 76
5 22
7 8
2 50
4 6
2 33
7 18
7 72
6 33
7 89
10 92
10 5
9 78
7 56
3 9
8 72
5 6
5 28
10 27
6 24
5 59
6 3
6 17
7 16
9 81
3 30
2 41
2 23
2 71
3 52
7 65
6 80
6 17
5 82
7 66
7 40
7 82
7 2
1 22
2 12
1 1
9 14
2 59
8 2
1 9
3 7
5 79
8 72
6 10
3 80
8 49
8 86
3 63
9 26
1 75
4 75
8 84
1 55
5 4
5 60
1 19
6 81
1 8
8 70
5 96
8 81
10 100
10 51
3 23
7 46
5 81
7 5
5 30
5 37
4 90
6 71
2 93
3 65
10 92
8 41
10 96
1 2
3 3
3 73
8 29
2 71
8 43
10 6
7 20
5 33
6 26
3 66
6 72
2 32
9 87
5 14
7 57
7 70
9 98
9 22
4 62
3 25
1 75
9 35
2 34
3 31
3 16
7 6
1 91
9 1
5 56
6 3
2 52
2 39
7 72
9 93
4 49
4 91
4 100
4 70
3 42
9 47
4 60
2 89
9 67
7 57
3 25
2 10
5 56
4 3
4 55
1 22
10 86
7 18
6 94
8 21
7 14
5 44
3 74
2 53
5 27
3 60
2 96
2 65
2 53
4 10
9 33
4 77
5 70
10 25
3 100
2 98
4 54
5 67
3 6
10 44
3 100
3 1
3 39
8 58
7 80
3 9
5 4
4 70
1 72
10 86
3 32
8 39
4 69
8 67
8 64
2 88
6 89
5 65
3 76
10 24
4 84
7 12
5 18
9 42
2 89
6 19
7 76
4 16
10 55
6 58
9 52
1 28
10 14
4 48
5 53
9 44
3 69
6 51
6 20
6 99
4 100
9 28
7 93
7 23
1 1
6 25
4 57
2 56
9 68
3 9
4 4
5 56
10 72
7 53
10 42
10 63
2 77
10 26
9 43
1 1
5 90
5 83
9 57
10 81
4 10
2 77
7 86
4 49
7 17
5 11
2 24
3 97
4 21
1 5
2 70
5 63
4 51
1 62
7 22
10 65
5 28
4 72
2 87
9 48
3 35
8 76
10 2
9 77
9 87
2 69
7 34
3 28
2 47
6 47
2 73
9 66
5 63
2 97
2 31
2 88
6 94
1 73
9 12
3 83
7 96
5 81
7 55
1 11
10 42
1 5
4 19
7 43
7 75
10 5
