6 29
3 66
5 26
9 29
3 24
7 21
1 58
7 10
9 100
4 26
8 50
6 50
7 37
4 67
3 28
10 21
9 32
9 92
3 69
5 43
4 61
7 94
10 6
10 71
6 65
2 93
1 13
3 66
2 75
9 48
9 92
8 91
6 12
5 81
7 78
1 67
10 12
1 27
7 11
9 59
4 8
6 34
1 38
6 58
7 20
10 63
3 10
5 10
8 80
6 70
5 3
9 68
9 33
6 49
6 32
4 90
9 31
2 3
8 92
8 18
7 2
5 16
2 59
6 49
10 22
6 25
1 56
8 82
6 16
2 14
1 61
10 95
1 92
1 50
5 12
6 61
5 75
4 3
1 58
3 2
8 44
3 92
9 91
5 35
3 1
9 60
2 71
9 83
3 16
2 18
1 17
5 15
2 76
4 44
3 75
4 58
1 59
5 98
5 27
2 93
4 47
4 10
9 21
6 74
6 11
7 43
10 55
4 86
5 89
1 48
9 11
10 100
3 91
1 51
3 61
9 25
2 64
8 64
8 56
8 23
3 5
6 45
6 19
4 8
3 74
1 33
7 42
2 58
3 4
8 60
7 59
10 26
3 90
1 58
5 7
9 55
5 46
4 37
5 56
8 77
1 83
3 89
7 70
6 81
3 62
10 79
1 21
1 81
2 94
9 77
3 86
10 77
9 58
1 1
1 95
4 63
2 23
6 39
5 77
5 8
8 65
7 90
9 98
8 14
3 24
5 27
7 86
3 27
8 73
6 43
7 7
2 44
9 8
4 91
10 11
4 68
6 53
8 96
5 78
6 40
2 9
9 22
9 10
1 66
10 59
1 82
2 97
6 40
3 77
7 49
6 51
5 73
10 45
8 8
9 10
5 56
10 27
6 25
2 27
2 41
7 83
8 90
2 67
10 61
2 13
4 50
6 13
3 94
4 55
1 57
3 57
2 26
9 34
4 36
10 100
3 74
6 67
4 63
9 24
2 37
9 13
1 24
8 90
10 32
7 17
1 64
3 3
8 53
7 32
1 75
2 26
9 10
1 77
5 37
3 89
1 88
6 54
7 17
9 29
9 51
4 17
8 74
8 1
3 6
3 12
8 74
10 63
4 76
3 51
8 1
7 76
1 24
2 86
9 100
5 39
1 94
6 9
1 28
6 46
10 32
10 94
3 22
9 74
9 14
4 19
10 73
9 57
1 3
9 94
6 29
10 91
3 78
8 6
5 44
8 23
4 13
8 33
9 37
3 92
6 37
3 62
7 7
10 35
8 61
2 38
3 52
10 93
2 83
8 52
6 4
8 51
5 15
7 75
1 73
6 63
9 72
4 100
1 2
10 34
8 79
3 94
7 54
9 14
9 28
10 99
4 35
3 71
7 30
2 18
9 57
10 55
7 53
10 37
8 26
2 79
4 69
1 86
3 17
5 81
7 26
9 95
7 53
3 22
1 67
5 39
5 21
9 87
1 73
8 17
5 68
8 33
3 59
10 21
2 99
10 71
5 92
5 12
6 95
2 56
2 26
6 74
5 97
9 7
10 71
1 3
1 34
6 41
7 72
5 9
3 39
10 27
5 16
8 82
2 23
8 10
10 31
4 7
10 22
10 4
4 80
8 61
8 30
6 81
8 1
3 32
10 33
1 21
5 92
7 72
7 11
8 95
1 25
5 58
7 6
10 69
9 68
8 6
2 38
4 8
7 81
7 60
8 21
3 2
2 20
4 32
9 50
5 99
8 9
10 35
4 95
3 22
6 82
10 73
5 88
10 68
8 26
6 51
8 67
10 61
4 13
6 72
3 92
10 15
10 66
5 54
7 4
10 64
8 39
1 88
6 3
8 45
2 17
2 70
5 32
6 15
6 19
1 2
10 65
6 27
5 26
7 87
8 13
1 43
6 19
2 9
4 47
6 43
6 49
1 69
9 2
10 31
5 42
3 12
10 13
1 17
4 38
4 1
2 58
9 5
10 2
8 85
3 73
2 27
6 28
2 41
10 43
6 89
3 97
1 31
3 21
5 39
10 25
1 82
10 87
4 13
8 63
8 68
7 27
2 77
9 83
1 55
10 34
7 82
3 61
1 87
6 11
2 57
5 81
5 72
6 33
7 32
9 58
4 42
5 79
9 27
1 77
4 30
5 59
9 29
7 93
7 80
9 73
1 2
10 11
5 60
5 83
2 96
2 65
1 79
8 76
7 36
7 64
10 29
4 78
5 15
7 10
4 46
2 58
1 38
9 82
10 99
1 8
2 48
1 74
9 79
8 34
5 29
10 85
3 8
3 24
5 71
10 32
7 17
4 74
4 14
8 79
1 43
4 66
6 97
10 17
9 58
9 25
5 76
10 71
6 50
5 51
3 77
5 27
2 56
8 33
9 9
5 6
7 85
7 96
4 98
4 19
5 23
5 5
6 49
3 48
3 69
2 85
3 18
5 90
5 9
2 39
6 56
10 70
5 69
2 19
4 12
6 20
4 76
3 27
4 90
4 69
1 15
10 65
8 14
4 54
7 38
6 65
1 34
7 21
4 23
10 25
6 82
2 24
1 15
6 97
10 54
10 9
8 22
8 23
9 31
2 46
10 89
5 70
5 75
7 76
2 42
7 88
2 32
9 70
5 26
6 73
5 18
9 69
3 12
6 83
2 43
5 71
10 64
7 89
10 76
9 42
8 52
7 50
4 95
6 35
4 7
3 46
7 28
6 85
3 22
7 81
7 22
7 37
4 88
7 72
1 52
3 29
8 88
7 77
6 54
3 3
10 79
8 68
6 28
6 88
9 52
8 98
7 95
6 75
6 49
5 11
6 80
5 49
7 21
10 52
4 22
10 53
4 42
4 71
2 8
7 79
8 82
3 28
1 78
7 26
9 59
1 80
7 75
1 28
9 16
10 92
2 70
6 98
9 20
9 19
7 99
5 86
9 4
10 57
3 48
2 38
9 38
4 32
4 30
5 92
3 70
5 67
3 58
4 61
9 37
5 53
9 18
7 24
7 33
1 68
4 88
10 31
9 86
4 92
9 67
3 49
3 21
10 83
6 7
4 64
8 33
10 32
2 75
6 98
6 35
3 61
3 90
8 12
1 71
8 47
5 65
10 81
8 58
7 18
5 24
7 45
3 75
5 56
10 38
10 72
8 12
4 64
8 23
4 17
4 93
9 5
10 41
8 54
10 5
8 22
9 26
10 56
5 5
5 29
7 82
10 93
6 82
2 78
8 47
2 4
9 35
7 90
5 61
2 84
8 30
10 70
6 8
5 34
3 21
2 75
4 15
2 18
6 47
5 33
7 53
9 59
5 71
4 46
6 9
5 61
9 1
4 82
7 55
8 35
9 93
10 70
10 42
7 95
2 17
7 47
10 53
10 66
9 71
8 1
3 20
3 79
8 9
8 39
6 61
4 7
8 87
6 95
5 50
10 3
9 66
4 47
1 43
10 99
2 64
6 20
7 46
5 98
2 40
4 75
10 49
8 69
10 4
10 44
6 23
5 51
9 87
7 81
3 8
3 48
5 38
9 66
4 68
10 71
2 53
3 12
7 12
8 2
10 73
10 55
7 86
5 70
9 8
6 89
2 52
5 41
7 65
3 19
5 89
8 38
7 79
10 12
3 100
1 57
10 24
9 63
6 34
4 34
4 13
1 100
8 81
3 47
5 49
8 87
8 81
7 35
5 59
5 37
8 93
7 47
5 58
10 88
2 28
10 49
9 9
7 44
7 54
8 26
4 90
4 90
4 69
6 25
9 2
2 66
4 86
7 64
8 42
1 34
5 87
2 43
2 94
5 95
7 80
2 46
3 56
10 8
3 9
4 97
5 46
1 24
5 67
4 7
6 10
4 54
8 92
5 73
1 47
1 76
6 97
9 58
4 39
7 78
1 39
9 39
2 24
7 5
5 85
2 61
6 89
2 26
7 78
9 15
3 39
1 43
4 41
5 91
8 70
1 10
10 14
9 6
6 44
4 43
2 35
7 18
3 66
2 4
6 57
5 41
9 80
3 36
7 26
6 53
7 39
9 70
6 79
3 43
10 14
3 32
4 61
6 45
6 47
6 63
1 18
10 14
3 48
10 95
10 63
2 47
2 64
9 9
1 32
10 89
6 89
9 66
8 48
8 24
10 2
10 95
2 96
6 75
9 84
5 21
3 45
4 86
7 99
1 51
1 92
10 29
9 19
5 92
10 60
5 100
4 53
7 20
1 40
10 11
6 12
4 20
3 30
9 1
3 66
10 28
4 32
10 95
3 47
4 47
1 27
6 32
9 42
7 74
4 93
8 91
1 20
9 10
6 66
9 22
3 14
8 77
2 95
9 91
5 24
7 89
7 48
7 38
10 90
4 42
6 7
8 47
3 72
9 14
9 76
2 50
2 47
2 68
4 50
1 36
6 32
4 55
9 4
1 30
3 57
7 23
9 47
8 83
2 76
6 96
10 12
6 76
3 45
8 15
1 36
7 83
3 49
5 62
9 53
3 86
