4 14
4 13
5 47
5 3
2 42
2 50
6 73
1 88
6 80
7 54
5 27
1 32
10 18
6 47
3 75
6 70
3 56
6 36
9 6
9 21
8 30
6 43
3 10
10 98
3 71
3 49
2 38
6 92
1 94
2 11
1 35
10 91
9 53
5 68
1 91
1 91
8 73
3 35
7 69
8 4
8 55
9 47
6 49
9 61
10 27
10 31
2 47
4 43
8 24
2 61
9 37
5 37
9 93
1 37
8 78
5 38
8 52
1 53
8 96
10 24
3 78
2 63
10 59
4 97
8 59
4 84
9 88
7 54
6 73
2 76
9 34
5 85
1 1
5 89
7 89
1 57
5 7
9 11
1 96
3 42
6 65
3 7
3 17
1 75
4 36
6 46
4 33
4 57
8 96
2 41
3 46
4 87
1 78
6 52
9 25
6 26
1 5
9 24
9 4
1 99
10 96
9 79
6 42
4 94
3 16
9 12
2 3
1 63
2 55
3 49
4 74
7 92
2 81
5 74
1 55
1 79
9 23
3 29
7 5
5 23
3 60
6 13
6 27
3 44
10 14
10 82
4 88
1 41
6 39
9 85
5 4
8 63
2 98
3 93
1 74
6 25
10 93
3 79
3 74
2 59
6 6
4 43
6 50
10 93
1 73
1 85
7 87
7 75
6 9
7 48
2 46
2 68
9 28
1 7
1 73
1 36
5 85
3 28
6 21
4 55
3 77
2 22
1 43
3 38
1 36
9 93
1 57
7 51
2 7
6 38
8 19
1 83
10 30
5 49
1 64
9 48
9 56
7 49
3 100
8 5
5 51
2 92
8 46
9 59
10 55
9 97
7 49
8 23
2 40
3 95
3 88
7 44
4 66
8 93
7 95
8 51
9 90
6 61
6 17
10 79
6 12
2 71
9 2
10 48
6 80
2 56
7 52
10 18
1 3
1 93
8 55
10 9
3 37
9 44
3 71
4 84
5 26
9 68
10 90
10 44
5 74
4 66
3 56
10 71
8 7
3 67
2 25
8 71
1 84
10 97
2 91
3 70
10 48
6 84
7 42
3 85
4 27
7 32
6 9
7 27
10 45
6 35
4 20
1 44
9 62
8 9
9 49
8 8
2 72
9 35
4 5
1 36
2 25
2 42
3 46
9 25
4 83
5 47
10 48
4 62
8 89
3 27
8 58
9 16
10 33
7 17
3 68
7 44
4 77
9 24
10 100
7 38
3 96
2 100
1 78
7 38
8 35
9 66
7 93
3 27
8 98
1 43
7 98
8 66
5 34
3 15
3 18
9 30
9 63
3 95
1 65
7 3
9 13
9 32
2 75
1 36
4 73
6 67
2 99
10 58
4 82
10 81
6 60
4 76
1 65
9 75
3 34
4 75
8 35
6 73
3 59
9 45
9 36
6 15
1 84
3 79
10 84
2 68
3 91
2 5
7 55
7 24
2 8
1 86
10 42
2 39
2 34
4 83
5 96
8 74
2 64
2 18
3 35
10 31
10 6
8 85
6 67
3 82
6 47
2 82
6 40
9 83
9 87
9 17
4 37
4 20
7 96
10 95
8 73
1 46
5 14
1 47
5 82
1 17
5 44
2 53
1 33
2 18
4 22
2 56
3 27
8 18
2 19
7 14
7 44
5 21
3 74
7 32
9 56
8 73
3 14
2 96
10 51
5 91
2 44
1 36
8 6
1 98
7 25
4 46
5 29
10 17
3 10
9 63
1 61
2 31
2 50
10 10
10 53
2 2
10 48
7 40
2 2
8 22
4 35
6 79
2 21
1 28
5 55
5 81
7 100
2 25
6 19
1 60
4 7
8 11
8 78
5 9
10 71
7 4
1 48
5 87
3 66
6 68
6 56
8 30
6 59
4 37
3 34
7 94
1 84
10 6
3 87
7 91
3 16
10 86
8 49
1 59
5 13
10 72
6 10
4 26
2 13
6 2
8 1
2 71
5 78
2 100
5 55
1 73
1 31
6 64
8 49
1 10
7 62
1 48
10 72
10 52
10 45
5 16
8 95
7 24
1 83
10 31
3 80
10 48
6 10
1 12
3 17
10 42
8 76
7 48
8 78
5 29
5 85
9 84
9 73
5 8
3 52
10 69
7 20
3 80
1 59
9 31
4 12
2 92
7 1
7 32
3 13
7 48
2 11
1 8
6 14
9 81
10 25
9 97
8 47
2 92
9 100
1 6
5 90
10 88
9 36
10 65
5 16
3 46
5 96
6 6
1 71
7 53
4 67
4 67
4 12
4 5
4 78
6 23
3 24
8 17
7 68
4 93
10 44
5 87
7 8
2 37
1 34
1 80
10 32
5 71
5 19
6 91
8 29
2 84
4 45
6 80
8 67
1 6
4 32
3 35
7 23
5 49
10 42
1 79
4 52
6 33
7 61
10 49
10 33
1 64
9 93
4 1
5 23
2 39
1 97
10 85
8 49
5 86
5 40
7 86
2 89
4 86
10 69
2 80
5 82
4 47
5 93
4 51
5 1
5 92
3 94
5 90
4 22
3 12
2 15
1 69
7 2
4 49
4 64
9 24
10 92
3 30
10 80
6 51
2 13
2 61
10 67
1 81
5 58
3 51
1 100
6 55
9 99
6 89
3 25
2 72
9 11
4 15
1 75
8 40
9 24
2 15
6 53
2 95
4 17
10 88
2 26
8 65
6 87
8 56
1 16
7 25
9 46
2 20
7 85
6 60
2 80
2 96
1 67
10 4
2 94
5 90
9 25
10 31
9 23
6 82
6 74
5 26
4 67
2 24
2 51
2 52
8 45
10 22
3 65
10 27
2 3
5 41
4 50
9 8
1 96
7 1
2 6
7 45
3 84
8 83
6 48
5 35
1 41
2 100
10 24
3 21
1 42
5 41
5 84
5 1
6 12
8 46
2 49
5 80
6 7
2 33
8 64
9 87
10 87
7 34
1 91
4 82
5 64
10 18
8 63
6 29
10 32
5 14
4 34
7 75
6 18
5 10
7 24
3 69
6 18
9 28
6 67
7 37
8 5
8 8
3 44
3 21
2 80
6 60
7 13
4 39
4 46
9 3
9 7
10 24
10 80
6 51
10 99
10 51
9 98
3 56
10 43
1 97
4 76
6 36
9 63
7 88
7 79
1 86
8 6
8 50
10 59
5 97
5 8
2 60
5 65
10 8
10 58
2 8
10 92
4 94
1 64
6 38
8 45
10 73
6 24
3 32
10 9
5 88
2 29
2 27
9 6
10 6
1 56
7 92
9 60
6 70
9 22
6 20
2 76
2 55
10 17
4 53
5 28
6 83
1 86
8 25
9 43
1 13
4 70
3 78
9 23
2 64
10 91
2 51
4 92
5 12
8 82
8 15
8 49
4 62
9 76
2 50
2 55
3 77
9 34
8 85
7 43
8 29
9 43
2 18
5 12
5 4
1 18
9 75
7 100
4 1
9 90
1 41
7 6
2 91
5 92
9 7
3 78
7 92
4 17
2 78
6 46
1 83
5 6
10 12
4 89
6 8
7 41
4 95
9 75
1 81
4 34
8 21
5 30
10 76
1 69
9 59
10 60
9 46
9 13
10 3
6 36
7 39
3 76
3 40
4 96
1 61
9 79
9 66
4 65
1 79
4 76
10 88
6 60
3 4
1 35
3 64
2 77
9 87
1 67
1 43
2 59
4 93
5 100
6 79
6 56
2 81
7 25
5 19
9 68
2 28
1 93
3 18
5 51
4 63
5 3
9 37
6 41
10 63
6 27
3 40
9 39
10 56
4 20
7 73
4 1
7 88
5 66
9 82
3 28
3 63
7 75
3 30
8 34
4 34
2 84
8 96
10 38
5 41
7 2
6 57
3 55
3 96
1 67
10 52
1 6
9 15
3 32
9 69
6 86
3 99
5 82
6 36
2 13
5 25
2 82
2 17
9 34
1 46
3 95
8 43
9 51
6 7
6 89
6 59
8 25
1 56
9 33
1 28
2 84
7 67
7 61
3 25
2 34
5 23
7 14
8 52
10 9
2 3
7 42
3 75
2 19
4 2
10 49
4 43
3 63
2 27
9 54
3 75
10 79
5 88
3 85
5 39
4 17
10 44
6 72
4 23
1 72
6 38
2 3
6 10
5 10
8 25
7 26
10 73
4 45
9 100
7 63
7 19
2 79
4 24
6 50
4 4
1 20
2 79
7 39
3 1
7 16
5 69
3 28
3 68
10 15
1 51
7 25
6 85
1 75
1 69
10 41
2 29
8 98
7 53
7 4
8 47
1 95
6 52
6 64
7 19
8 43
6 41
9 2
5 93
6 21
7 22
8 100
4 28
3 68
7 40
1 2
10 37
8 45
1 68
4 47
9 91
5 63
6 26
5 34
9 6
8 41
8 87
3 79
4 58
5 8
6 93
2 38
5 91
3 47
1 11
3 24
7 48
10 9
2 94
2 38
2 73
2 71
3 41
5 11
1 70
3 20
8 66
4 35
1 68
5 61
9 40
7 68
7 25
