6 18
6 84
7 33
5 99
1 87
7 87
4 31
6 78
8 32
10 62
3 33
10 93
1 76
6 74
7 50
9 6
3 16
1 30
5 90
4 81
9 58
2 62
7 36
10 14
5 87
3 20
7 55
1 61
10 66
5 27
7 29
7 57
8 78
1 81
2 53
4 47
10 20
5 74
4 18
8 66
10 24
3 57
9 55
1 26
4 6
2 60
6 17
9 95
1 42
7 94
6 96
3 65
2 98
2 77
3 88
4 2
7 33
8 26
5 99
4 1
4 36
9 53
6 45
6 15
3 70
7 47
8 81
9 82
8 4
2 30
3 55
4 48
5 79
7 53
4 62
1 22
5 75
10 71
7 81
1 62
6 40
5 42
3 52
9 35
2 42
8 45
6 21
9 42
7 42
9 12
10 1
4 72
4 33
8 64
8 82
8 28
1 53
2 6
1 64
8 47
5 76
10 30
10 85
3 44
5 2
10 38
6 95
5 96
8 84
1 74
1 75
8 25
10 57
2 67
3 29
10 56
3 18
4 82
1 12
5 12
8 51
4 3
7 16
8 57
8 90
7 96
1 56
5 72
4 72
9 1
3 24
5 12
9 92
7 7
3 13
6 88
8 13
1 43
1 53
7 29
5 41
7 10
2 10
7 29
6 98
4 28
9 20
2 67
8 10
6 23
8 73
8 40
10 4
4 82
7 98
10 45
5 86
2 52
2 60
8 82
5 11
8 92
9 9
8 98
7 71
7 25
2 59
8 33
1 68
8 73
4 13
5 32
7 53
6 19
10 35
2 9
10 54
9 86
3 4
6 93
3 33
6 57
9 19
8 91
2 84
1 14
6 17
8 84
7 30
5 9
2 10
1 35
10 61
9 61
5 1
4 88
7 50
7 95
3 14
9 82
9 54
10 55
5 55
3 90
6 61
10 36
1 22
7 83
8 70
8 33
9 98
2 74
2 76
3 99
4 79
6 13
9 56
7 71
5 33
3 50
2 26
2 95
1 58
2 86
3 23
3 26
3 74
9 32
9 49
7 86
5 31
3 97
5 88
8 54
2 30
6 71
6 64
9 94
8 62
4 32
10 54
5 100
7 50
8 57
9 86
3 86
4 49
10 5
10 28
10 21
2 3
1 34
7 21
7 29
4 19
2 24
2 28
2 31
9 88
10 62
1 51
1 49
2 54
6 15
8 73
9 86
3 83
9 22
2 19
1 40
6 60
2 31
6 1
3 64
9 3
7 3
2 92
2 94
3 8
2 37
5 7
4 35
6 63
4 28
1 40
3 12
4 97
3 85
8 73
2 29
3 28
9 44
4 49
9 57
8 74
8 87
10 82
1 54
4 90
8 12
6 94
3 24
7 63
8 93
1 40
1 24
10 74
2 48
8 74
4 94
9 65
7 86
7 50
4 1
3 68
6 45
6 26
4 87
4 50
9 76
5 22
3 52
2 10
3 60
2 90
7 62
3 91
7 54
4 91
10 51
10 94
1 13
10 92
6 19
3 89
4 34
9 83
4 93
8 87
4 91
1 95
8 55
7 88
4 90
5 36
10 9
5 91
5 81
2 88
5 27
9 88
10 26
9 98
1 20
4 57
7 74
5 3
10 47
7 3
8 80
2 71
8 65
8 32
1 48
2 34
7 8
3 11
10 41
8 93
6 43
9 25
8 21
9 100
2 17
1 72
10 5
6 94
10 72
2 100
4 44
7 66
6 4
3 3
6 27
5 86
7 20
1 70
10 15
6 20
2 69
1 24
3 32
3 67
3 51
5 43
4 14
8 48
4 21
5 24
5 55
5 11
9 21
7 49
7 89
5 84
8 15
7 14
2 83
5 44
5 9
8 26
3 57
2 60
10 97
5 60
6 2
8 30
8 64
6 81
8 91
5 24
8 35
1 6
6 55
9 58
9 66
5 16
10 94
3 33
8 86
3 6
7 64
6 92
3 72
2 14
3 60
5 60
7 46
5 33
1 59
5 10
3 30
10 62
6 5
4 61
10 3
6 31
10 36
10 13
9 82
9 9
8 57
8 4
6 62
8 42
4 72
6 2
3 69
9 19
7 13
3 30
3 13
9 49
8 75
3 17
10 80
1 66
3 54
7 40
1 49
5 30
1 98
10 34
8 92
8 63
10 19
7 61
7 54
4 76
10 68
9 92
6 95
8 23
9 18
7 64
3 34
2 4
5 80
4 84
2 29
5 87
8 75
2 98
8 96
8 55
8 64
4 2
5 64
5 86
6 74
1 44
2 53
4 89
1 7
2 59
8 18
2 11
3 96
9 14
8 13
8 2
9 35
7 34
4 50
1 35
2 46
4 59
6 38
2 68
5 35
1 79
1 94
9 57
1 79
5 67
5 35
4 33
4 37
5 78
10 45
10 9
9 25
5 51
2 82
10 97
2 15
4 23
1 17
1 95
3 96
5 61
7 69
7 5
1 93
3 45
3 61
4 80
8 76
9 42
8 47
7 29
2 52
6 25
8 27
4 97
6 2
6 86
5 67
9 82
6 48
3 30
5 19
5 93
4 19
10 29
9 79
3 35
5 50
8 11
10 85
9 10
8 58
7 73
7 90
2 75
10 93
4 66
3 65
2 87
4 45
3 52
1 21
2 8
1 88
5 10
4 61
2 10
2 79
1 54
3 8
3 4
8 77
10 54
1 41
9 10
2 59
10 19
8 93
6 63
6 47
6 31
9 45
10 46
10 55
1 92
9 7
4 42
10 76
4 84
1 89
3 91
4 57
9 54
1 23
6 88
2 11
10 76
3 44
1 29
8 64
4 97
6 53
8 60
9 98
6 13
7 35
8 53
1 82
3 77
9 12
4 84
10 59
6 82
8 34
4 63
10 38
9 63
3 100
1 70
8 66
9 57
9 38
5 13
10 59
2 96
6 50
1 90
5 96
9 76
1 23
2 65
10 78
1 11
6 47
5 69
1 57
2 80
6 51
10 38
8 11
8 51
2 83
3 23
2 26
10 68
2 4
7 75
4 32
2 41
6 43
8 76
4 90
4 33
7 36
7 61
5 16
4 13
8 66
3 38
1 88
3 57
7 23
4 11
4 4
9 77
5 66
6 76
8 22
8 14
5 31
6 89
7 24
3 80
10 75
9 43
10 67
3 35
5 42
10 75
8 29
10 91
9 10
4 92
10 13
1 25
5 78
5 30
5 71
4 86
3 54
8 19
5 6
10 85
5 51
1 23
4 8
4 71
1 9
8 33
10 90
2 72
5 67
8 69
2 74
4 53
5 19
6 9
9 31
10 97
7 44
5 58
9 72
3 41
1 57
3 66
6 62
10 89
9 57
7 29
2 45
4 95
6 91
3 58
3 88
2 57
3 93
7 92
5 3
10 57
4 1
9 47
7 17
6 70
10 37
4 82
9 96
5 45
1 48
9 29
2 97
6 70
2 60
4 22
5 34
3 38
5 61
6 45
4 94
9 21
2 85
9 5
2 70
9 11
1 56
9 58
9 71
10 4
2 94
10 59
10 8
2 74
9 10
5 23
1 38
10 11
7 14
4 46
8 100
5 81
4 6
1 42
8 70
5 11
8 96
1 4
10 59
10 27
3 54
2 53
9 53
3 16
6 1
10 44
3 13
7 31
8 86
2 60
3 10
10 75
10 1
3 60
7 68
7 98
2 31
10 44
5 70
5 84
1 9
7 51
8 90
6 9
4 20
2 89
2 46
2 76
2 24
7 23
10 22
9 48
10 4
6 100
3 46
2 51
10 62
4 19
4 35
10 86
8 73
4 96
10 39
4 62
1 92
9 54
4 54
8 15
5 25
6 48
10 77
7 48
7 40
3 65
5 95
8 84
9 83
2 65
10 72
5 93
2 74
8 80
7 48
2 72
7 66
3 88
4 42
6 97
2 75
5 73
7 91
6 5
3 20
8 21
3 46
4 64
1 95
2 58
8 56
4 95
6 75
6 16
3 78
10 73
9 92
4 69
7 7
5 67
4 99
6 76
3 61
2 77
6 12
4 19
8 45
10 80
8 89
3 81
9 65
10 39
3 25
3 36
10 67
5 52
5 32
10 60
8 84
8 42
6 19
2 99
1 47
6 42
3 54
6 35
4 42
1 92
6 32
5 35
8 94
7 89
8 39
8 55
9 61
8 48
5 46
2 71
9 48
7 83
6 4
7 48
4 62
6 69
4 8
4 80
10 48
4 54
6 92
2 97
5 5
1 88
2 68
6 14
3 14
6 58
3 54
10 7
10 85
10 12
4 73
6 87
3 99
1 23
6 16
10 9
5 87
7 16
1 49
10 77
8 73
4 58
6 36
10 13
9 86
8 14
6 7
5 27
7 77
1 20
1 73
6 47
7 93
3 25
4 10
6 31
4 87
3 96
4 74
10 36
9 62
7 7
8 27
5 100
8 42
3 65
8 65
7 100
7 35
9 11
6 77
4 60
4 50
2 53
3 29
4 60
8 28
4 75
6 95
2 3
3 64
10 2
10 99
4 39
4 91
