2 93
7 9
10 75
4 38
4 84
7 71
8 77
8 30
10 64
5 43
2 60
4 62
4 27
2 64
7 41
1 77
9 83
3 89
8 78
6 99
7 75
1 88
1 32
4 48
1 76
10 21
10 24
2 5
2 62
9 1
1 7
1 40
8 82
4 100
1 44
6 86
6 27
9 41
4 3
2 73
3 47
8 15
10 77
1 64
7 81
5 52
9 24
7 76
8 82
3 11
8 53
1 54
3 5
7 35
2 90
5 57
8 69
2 91
6 20
3 66
1 64
8 41
3 16
7 72
4 47
6 97
6 98
2 44
2 2
3 24
8 62
6 51
9 6
7 35
6 28
5 76
5 70
7 52
8 45
7 81
3 93
7 38
7 55
7 19
10 32
6 66
6 59
9 56
8 86
1 37
5 29
10 42
3 61
4 5
5 61
4 67
2 44
3 6
2 63
6 92
10 4
1 36
9 27
2 48
10 41
4 93
9 100
2 48
4 20
2 85
10 84
3 50
6 64
3 69
9 90
7 7
10 74
6 6
2 81
2 22
7 79
4 5
5 93
5 65
2 58
3 11
3 73
7 85
10 60
9 27
9 4
6 87
10 26
7 81
7 34
10 79
2 35
10 34
7 3
4 37
10 25
7 46
8 48
4 76
5 74
1 85
8 10
9 65
7 60
5 31
10 44
10 63
1 39
7 9
6 42
4 86
3 3
9 32
10 14
10 25
8 80
8 77
5 4
7 17
6 12
10 62
1 99
1 41
5 33
1 25
6 22
5 90
10 57
3 69
2 54
9 22
3 31
10 5
6 45
9 74
2 65
6 12
4 57
4 46
7 10
2 74
9 41
4 70
10 71
8 47
1 32
1 72
1 64
1 16
3 49
5 94
1 97
2 27
1 77
5 2
6 26
5 76
7 8
10 81
4 89
7 87
6 57
2 2
10 33
4 94
2 88
5 54
4 90
10 86
8 4
4 68
3 1
3 91
6 1
5 44
3 31
5 90
9 88
1 17
9 79
10 48
7 67
7 73
1 46
3 97
3 96
4 57
9 63
10 27
2 99
7 59
6 81
9 79
4 42
4 81
2 70
9 100
2 6
9 81
7 67
6 77
4 5
10 40
3 76
4 41
9 95
1 1
2 99
8 2
9 62
8 41
2 53
5 88
7 4
3 70
6 26
1 76
4 1
6 7
4 60
7 8
5 84
10 87
10 80
4 55
5 89
6 38
9 18
1 95
8 1
10 70
9 71
6 76
5 95
7 55
7 51
10 71
8 38
4 81
1 22
1 26
8 10
4 52
5 88
10 68
1 26
9 19
9 6
9 72
10 8
2 31
2 36
8 36
3 54
8 86
2 23
3 20
1 41
1 90
7 34
6 14
10 90
6 77
1 51
3 44
7 98
9 41
4 1
1 95
3 35
7 99
10 29
8 35
6 7
9 97
4 30
9 94
8 73
5 41
6 58
9 16
1 21
6 98
9 40
1 54
8 42
1 11
1 74
8 89
2 87
6 29
1 54
5 93
7 96
5 95
7 67
1 28
4 92
6 89
8 31
7 90
9 38
6 44
6 23
1 37
9 18
8 77
3 60
1 72
6 42
5 99
1 85
5 69
4 59
4 64
3 68
1 60
7 48
7 36
6 96
4 27
1 59
1 22
1 18
10 81
7 8
4 84
1 82
6 25
5 7
6 100
3 64
1 27
10 10
3 47
2 53
5 83
2 18
7 28
10 93
2 26
5 61
10 31
8 52
4 18
9 11
1 96
10 67
10 11
9 99
6 75
4 10
10 89
6 40
9 70
8 93
1 86
4 82
9 44
9 93
9 75
10 55
5 82
4 85
7 40
8 69
10 45
7 99
4 10
7 40
4 61
5 90
3 78
9 94
4 74
1 27
3 92
6 76
7 59
4 74
2 86
9 4
2 56
5 95
10 29
9 82
2 89
6 27
1 28
9 89
2 70
2 43
10 10
3 69
10 66
8 49
5 85
8 64
3 22
9 4
2 9
2 19
7 25
6 38
10 13
6 48
7 39
1 41
2 99
3 91
8 8
2 48
5 10
1 86
6 28
6 77
2 72
6 47
3 38
4 2
4 10
2 42
7 47
6 21
1 9
8 49
2 33
9 10
8 80
4 97
9 50
5 37
2 98
3 17
2 72
4 26
10 98
3 43
7 47
10 11
5 62
4 8
2 100
4 26
5 47
9 18
10 47
7 93
7 97
9 97
6 30
1 96
2 33
1 56
10 30
9 55
2 28
1 23
4 58
9 94
9 39
4 40
6 8
5 2
4 66
6 32
4 33
4 6
4 79
2 5
7 34
8 64
2 78
3 38
3 63
4 88
10 36
5 28
6 56
6 62
9 34
7 53
1 28
8 69
1 52
2 60
4 24
3 24
1 32
9 70
4 10
2 1
2 38
10 61
8 100
2 26
10 68
2 60
9 16
1 49
3 5
10 4
7 7
2 97
8 83
7 2
5 36
5 37
3 70
3 47
10 52
10 78
2 16
10 66
2 85
9 63
7 20
5 34
5 29
6 49
1 1
10 10
5 13
3 72
2 26
4 71
2 92
2 46
9 2
5 34
4 15
5 72
3 11
3 20
3 79
8 70
4 32
6 55
7 4
5 34
3 64
6 56
8 95
7 97
1 6
10 53
7 77
10 43
3 9
5 90
7 88
7 13
4 27
10 5
1 34
9 43
6 71
3 83
2 57
9 13
2 12
9 90
3 20
3 27
8 74
6 14
7 2
10 83
2 46
4 15
10 67
8 11
1 39
8 11
9 40
3 65
8 29
10 89
5 43
7 32
7 86
8 83
1 70
8 30
8 53
8 9
6 62
4 49
10 77
3 84
8 42
3 64
3 16
3 95
8 3
6 97
2 9
2 14
7 67
6 59
8 56
4 99
7 56
3 71
5 35
1 39
4 24
8 59
1 12
7 19
6 60
2 76
3 48
8 73
9 50
10 41
6 51
2 58
5 17
10 7
1 71
6 55
1 33
8 99
4 59
5 90
1 10
10 59
9 54
6 60
6 75
4 86
1 35
2 42
8 68
5 35
4 55
1 69
9 30
2 18
6 53
7 79
6 8
9 4
6 90
10 57
1 45
3 9
2 23
4 97
6 10
6 81
2 49
1 32
10 43
5 65
5 72
1 87
10 18
2 65
9 46
8 63
10 5
8 77
9 19
4 46
2 67
10 66
3 56
8 88
1 43
6 100
1 77
6 77
8 62
3 23
8 6
4 59
1 79
10 44
2 7
4 78
5 78
4 98
10 77
8 94
9 63
4 75
5 69
1 37
8 98
3 18
3 20
6 35
4 54
1 44
4 95
8 79
3 84
5 81
10 82
1 45
9 87
8 22
5 35
10 36
6 91
2 86
3 25
4 35
3 99
8 58
6 11
10 77
6 68
2 43
1 9
9 54
7 22
9 65
5 3
10 5
9 56
9 35
8 74
4 66
2 42
4 19
4 68
7 59
4 96
1 16
10 60
8 40
9 9
6 59
2 33
6 12
4 66
2 84
5 54
2 84
4 14
6 85
6 89
7 65
9 93
6 95
5 77
10 19
1 4
2 78
7 5
8 14
3 13
2 99
5 81
6 25
6 20
8 13
10 73
1 3
9 54
10 98
10 71
8 44
7 94
7 4
6 8
3 7
6 40
8 27
2 71
8 83
8 28
6 99
7 46
3 42
7 97
1 43
2 74
9 3
3 92
4 3
3 16
3 41
6 24
7 35
4 84
10 19
8 5
3 62
2 100
4 62
4 83
7 92
4 63
5 22
8 18
3 97
7 79
1 3
8 33
10 4
7 4
1 75
9 60
2 56
1 49
6 46
4 23
9 55
4 72
3 71
3 55
3 31
6 88
1 90
4 34
8 59
2 36
5 66
6 9
10 8
8 42
9 34
9 91
1 53
8 3
5 22
10 88
4 97
10 51
8 64
1 76
10 10
10 47
7 77
10 3
2 49
8 44
3 3
6 24
8 59
5 78
8 66
7 73
3 23
8 4
8 56
6 71
7 58
1 65
7 83
1 39
6 73
9 2
6 64
8 41
1 87
7 19
4 23
5 81
9 45
9 39
7 35
3 86
10 15
5 14
2 37
5 13
6 18
7 100
4 53
4 44
7 98
10 30
10 34
3 45
5 87
1 49
3 80
9 74
1 21
3 38
8 73
7 72
7 53
1 2
5 55
10 30
4 31
3 61
10 6
2 96
5 68
10 45
6 72
2 74
3 64
7 29
1 74
6 53
8 22
6 56
3 45
6 94
2 32
7 25
4 75
4 84
5 74
9 2
8 90
8 16
4 51
9 4
9 53
2 71
10 38
8 70
10 72
9 37
10 52
2 35
2 66
3 22
8 52
6 66
7 22
5 46
3 32
6 1
3 61
3 47
9 42
5 29
10 79
4 27
7 10
8 93
4 99
4 13
3 77
2 41
7 73
7 8
2 61
1 42
4 7
6 29
8 69
6 32
3 39
1 91
