6 45
8 1
4 13
3 97
6 29
6 85
7 32
7 45
4 29
5 96
9 15
3 36
5 88
6 59
5 28
8 36
3 58
5 11
5 27
2 15
5 20
9 49
7 44
1 6
1 15
8 82
1 41
3 71
9 82
9 82
10 86
6 20
6 54
7 78
2 67
5 43
2 7
9 100
6 66
2 51
5 94
5 99
6 19
1 15
10 78
2 17
8 13
5 83
3 81
7 74
2 32
3 68
9 74
10 20
6 39
10 60
8 21
8 83
5 9
1 53
3 76
4 80
7 93
9 53
5 54
5 88
3 19
4 80
8 20
8 71
9 94
5 31
4 2
3 43
9 9
8 52
8 28
5 8
1 52
3 85
9 23
6 26
8 47
6 100
4 23
5 48
7 11
9 9
4 36
3 29
6 69
5 90
3 6
7 31
4 40
2 91
4 79
1 2
5 24
8 48
8 45
7 23
4 55
4 33
8 82
3 51
10 13
1 44
7 62
5 19
2 17
3 89
5 41
9 79
10 23
8 19
3 36
6 1
4 53
6 29
1 58
9 44
9 20
4 1
2 68
4 79
5 26
7 73
7 6
7 89
7 55
3 74
2 78
3 64
1 38
8 74
5 46
9 44
1 2
4 83
5 40
10 15
3 83
10 60
9 55
10 92
2 8
10 16
5 76
4 6
2 13
9 36
2 99
4 7
10 16
8 95
7 37
9 91
7 97
9 65
7 70
10 92
10 31
9 50
10 2
7 25
9 10
5 34
5 49
4 50
6 5
10 28
1 57
4 11
1 43
2 45
10 32
3 26
7 20
7 68
10 12
8 7
7 22
10 69
8 16
6 63
6 10
9 56
6 42
1 56
4 90
6 76
10 9
8 45
8 66
10 14
8 38
4 47
6 84
4 8
5 68
9 56
5 46
6 68
7 50
8 13
8 64
10 37
2 77
4 84
3 5
1 47
5 40
10 86
3 25
5 76
1 25
9 32
5 37
3 55
5 63
8 93
8 76
10 89
10 40
5 45
2 69
3 51
9 93
8 26
4 72
9 77
7 35
6 87
7 84
9 27
1 22
6 34
8 28
2 20
9 77
7 84
10 43
2 12
5 75
1 1
1 21
1 59
8 14
8 89
3 26
6 25
4 15
8 27
4 28
1 53
3 42
10 7
9 71
10 48
6 36
3 85
8 65
5 45
7 85
10 79
1 44
7 48
3 66
6 81
6 12
2 1
1 30
3 15
8 36
10 92
1 90
4 20
8 32
8 88
10 74
4 7
2 57
1 33
1 83
2 26
2 89
4 75
1 56
1 69
6 54
1 75
8 67
9 49
6 28
7 19
8 79
10 95
10 9
4 20
9 69
7 96
4 59
9 37
8 57
2 56
5 25
7 86
6 36
1 92
9 11
4 23
5 93
3 14
8 97
2 80
10 34
10 46
10 13
7 1
3 90
2 96
6 90
3 9
1 13
10 30
6 45
10 72
6 17
10 60
2 88
6 50
8 65
1 51
6 87
3 35
7 9
10 37
2 73
2 43
4 10
8 61
7 89
4 61
3 21
4 93
2 35
7 58
4 61
4 93
4 9
6 76
5 95
5 39
1 57
2 97
8 87
6 87
4 83
2 67
3 78
2 9
4 29
5 95
2 8
6 84
4 12
2 12
10 8
3 94
9 38
7 31
7 92
2 51
9 8
10 18
4 72
6 33
4 42
3 22
3 32
5 54
8 12
7 51
9 96
10 99
10 53
6 4
1 49
10 77
3 79
1 73
1 27
10 99
10 15
5 75
9 46
7 57
5 12
3 8
3 19
6 4
8 89
10 29
9 42
1 53
3 88
8 9
10 22
6 53
6 83
8 65
3 58
10 23
5 44
8 20
7 88
6 11
10 26
3 90
1 86
10 99
5 72
3 26
6 19
6 26
2 51
1 73
4 84
2 22
9 61
8 30
1 21
1 7
1 57
6 38
9 11
1 51
8 3
10 59
10 88
9 58
5 98
6 75
7 68
3 1
7 14
4 48
4 100
9 89
1 77
7 94
6 11
4 22
8 3
10 17
9 79
3 13
5 85
4 74
9 70
10 52
4 3
10 91
8 7
10 27
9 71
1 42
6 19
3 75
5 47
4 52
10 46
1 64
3 91
1 75
3 93
7 68
2 53
5 42
6 12
2 26
8 6
7 37
10 7
7 34
8 88
10 75
8 83
9 9
5 64
3 94
10 31
10 31
1 95
4 79
2 80
10 11
4 34
3 32
2 87
9 95
5 44
7 63
8 92
3 14
6 37
1 14
5 75
5 39
5 42
9 91
3 39
7 73
2 40
10 79
3 3
1 70
3 39
6 88
5 18
8 90
10 93
8 36
9 4
3 10
6 77
7 13
5 69
1 32
8 92
10 13
9 31
9 7
2 55
7 41
2 25
4 29
4 92
3 28
1 23
1 70
2 20
5 22
5 34
5 64
4 8
9 35
9 51
6 23
2 3
6 51
10 85
4 95
3 7
6 53
10 69
1 79
1 100
1 38
9 10
1 97
6 23
4 44
4 35
3 4
7 92
10 70
10 46
1 56
5 81
7 100
8 48
4 39
1 81
9 61
4 93
5 59
10 94
10 78
9 62
4 96
9 68
8 21
2 27
10 45
9 51
1 16
6 21
2 87
6 77
4 70
1 39
2 71
3 83
3 10
3 54
1 38
8 59
4 57
1 50
10 84
8 84
9 62
2 48
9 20
10 70
1 14
7 19
8 60
9 81
6 15
7 21
2 94
7 27
7 82
5 21
8 51
2 89
2 22
3 85
4 96
9 24
2 52
1 31
2 26
9 85
4 55
8 77
4 97
6 95
2 87
9 66
8 73
3 37
8 64
1 3
9 45
9 94
9 53
8 21
7 61
2 86
5 15
3 44
2 49
6 56
7 81
1 71
6 26
10 48
7 75
1 96
7 78
4 44
9 77
9 34
4 77
4 53
6 62
5 99
8 16
1 80
10 75
2 65
2 47
6 3
2 56
6 3
5 56
1 95
1 23
2 55
2 2
10 81
7 74
3 14
6 84
9 99
2 18
1 68
2 94
5 61
3 54
9 95
9 85
2 90
4 20
2 86
8 53
8 30
4 20
10 49
9 75
1 64
8 6
5 73
4 97
7 51
3 34
4 10
5 86
10 90
8 8
1 24
4 48
8 37
9 51
6 76
10 12
9 71
2 3
9 82
4 34
8 28
7 100
3 42
9 24
5 82
9 38
6 57
10 69
4 57
6 85
2 59
3 20
8 36
3 60
4 11
7 39
3 44
1 100
5 56
10 34
6 70
10 3
9 64
4 51
3 39
3 67
8 77
6 33
5 80
8 70
5 74
5 27
6 88
6 41
5 80
8 64
3 31
8 27
1 51
6 18
7 66
3 60
9 92
1 49
2 87
1 60
9 78
10 59
6 91
10 76
3 90
9 30
10 4
9 5
4 69
6 67
9 98
9 65
3 2
5 6
10 100
8 63
9 18
5 65
9 54
10 4
7 70
5 20
3 37
9 38
1 77
8 68
9 20
10 82
1 5
1 2
4 55
6 43
6 24
6 82
6 24
5 90
10 48
6 23
8 23
10 22
6 93
8 87
4 87
6 82
4 39
9 60
6 53
2 32
5 2
9 19
7 61
7 66
7 84
4 41
5 46
4 24
10 75
7 70
4 88
3 35
3 93
1 80
8 53
2 29
10 90
2 47
10 10
10 71
9 70
2 88
2 53
7 81
6 4
6 35
3 34
1 38
7 79
1 55
5 23
9 74
4 2
1 30
5 30
7 42
8 69
2 75
1 60
10 20
3 96
10 45
1 5
1 10
1 29
2 55
2 100
3 9
1 27
2 60
2 58
1 3
3 95
4 22
6 11
4 59
4 60
10 73
2 78
8 29
6 15
7 58
5 16
8 72
6 29
4 49
7 29
2 21
4 58
1 17
5 27
10 67
8 74
1 61
10 80
5 35
3 85
8 59
6 21
4 92
3 100
1 22
10 63
9 49
4 11
7 33
2 72
6 23
4 38
1 15
9 88
2 38
3 67
10 34
9 85
1 56
1 64
9 5
9 73
6 11
5 62
2 64
8 29
2 21
3 22
5 37
1 81
3 72
9 92
7 71
3 96
1 73
2 28
2 28
6 30
4 30
6 23
2 64
7 34
6 30
8 41
5 13
8 99
2 13
2 50
5 54
2 73
5 15
2 38
7 70
9 11
8 55
10 6
3 36
10 36
5 46
5 78
5 10
4 3
3 59
7 91
1 87
3 40
6 53
4 81
3 11
8 43
4 22
2 75
5 48
7 18
6 96
3 95
2 52
7 1
8 96
7 77
7 39
8 10
1 32
4 92
10 43
8 86
7 62
9 98
2 96
7 72
10 1
10 30
9 52
6 47
8 92
6 66
8 89
6 34
10 24
4 20
9 19
3 13
5 60
10 83
3 20
8 55
7 68
7 29
6 56
1 47
5 76
9 7
6 69
5 41
1 72
