5 11
7 55
3 45
2 11
4 86
1 38
4 36
7 62
8 82
5 48
3 51
7 84
2 54
5 11
3 74
3 5
7 46
10 89
6 60
9 5
3 11
10 85
5 16
7 55
1 70
6 53
9 14
6 32
8 66
7 1
6 92
9 22
7 36
9 99
8 80
7 7
1 72
10 31
9 22
9 93
7 35
5 17
5 4
2 13
5 36
10 72
9 3
10 82
9 65
3 30
1 53
1 65
3 9
6 98
1 99
3 92
2 69
3 64
7 25
2 68
10 9
4 14
3 11
7 57
7 97
2 95
1 99
9 82
10 14
3 80
3 50
6 23
2 55
4 39
3 38
9 69
9 35
10 32
5 71
2 58
8 63
5 80
8 88
1 71
9 62
1 73
6 7
3 15
6 27
5 21
9 86
9 15
8 91
4 3
5 27
5 94
6 49
8 91
2 57
5 16
3 87
4 51
9 59
6 92
6 8
9 42
9 14
2 31
6 29
3 38
2 3
7 16
9 34
5 83
10 48
1 36
5 3
7 99
4 2
10 1
4 17
8 58
7 33
5 45
7 65
3 61
6 88
5 22
2 69
5 96
5 92
9 60
4 24
8 70
8 82
7 87
3 12
10 69
9 64
7 64
9 91
6 40
10 82
6 93
6 56
5 55
5 94
4 96
6 68
10 11
7 18
7 22
6 99
9 100
7 97
2 57
5 78
1 35
6 64
5 56
6 77
9 38
7 85
8 27
6 68
8 21
7 63
2 17
10 79
8 73
10 67
5 52
2 4
9 91
3 86
1 21
8 13
7 19
1 57
4 86
6 76
8 66
2 51
4 29
4 1
10 90
4 27
3 56
5 68
2 7
9 97
7 33
7 8
4 93
2 79
7 61
10 96
2 22
2 77
5 42
9 15
3 74
10 83
6 2
3 93
4 46
2 72
4 15
8 54
2 12
10 39
7 35
1 40
10 91
9 66
10 87
6 34
3 89
5 39
8 85
8 88
8 26
8 35
10 64
8 31
9 48
4 59
3 1
9 44
5 87
3 77
10 61
9 30
2 43
5 6
4 11
9 26
2 86
3 35
8 48
8 71
6 93
10 17
9 66
2 16
3 88
10 79
4 24
9 50
5 16
7 100
3 62
10 21
10 59
9 15
8 51
3 82
4 63
8 49
9 23
3 95
8 24
6 39
10 27
6 64
7 69
8 66
9 82
2 66
7 95
4 80
3 56
3 36
7 75
6 34
9 68
1 83
2 62
5 21
8 91
7 87
2 24
2 19
6 88
3 25
4 100
10 13
4 55
4 60
1 24
4 64
5 37
9 94
7 38
7 34
2 7
10 74
3 23
7 4
7 76
10 42
3 44
5 43
1 30
10 12
6 1
10 76
7 25
4 25
3 92
10 5
7 45
4 95
8 73
1 8
5 30
7 36
8 97
2 53
7 99
1 94
9 49
10 85
1 93
5 5
1 89
4 3
2 19
1 84
1 6
4 11
6 5
3 33
8 14
3 91
9 7
10 59
3 53
2 76
7 96
3 36
9 40
1 23
8 69
6 66
3 27
3 34
5 34
8 28
3 87
5 34
1 65
6 47
8 34
10 88
5 3
2 95
1 72
4 42
1 64
3 49
4 26
5 20
3 92
9 16
9 49
2 29
9 42
10 71
3 65
10 73
2 86
7 70
9 95
1 66
5 96
3 21
7 45
8 61
4 84
9 39
9 90
2 64
8 6
10 29
8 44
2 88
4 93
8 81
8 8
1 58
6 1
9 78
10 30
7 18
10 6
1 67
10 36
4 60
4 8
6 61
3 93
9 100
10 3
4 71
9 60
9 11
2 42
2 76
9 11
7 35
4 58
4 65
8 78
8 69
4 29
1 5
3 11
5 50
1 25
9 70
6 45
9 35
5 96
5 71
3 7
2 75
1 95
5 37
9 60
10 74
5 53
5 16
4 6
9 57
7 90
10 13
6 16
2 66
2 58
1 7
7 58
3 34
6 85
7 55
6 90
4 83
7 27
7 98
7 66
3 97
10 23
7 95
1 18
7 63
4 61
5 19
1 41
6 64
1 38
1 27
3 92
9 28
3 24
10 10
6 36
2 67
3 60
3 38
9 38
10 34
1 45
7 73
7 2
10 98
10 96
4 81
9 79
6 94
9 43
10 70
5 11
8 62
1 52
2 28
3 84
9 16
5 1
4 67
6 35
9 72
10 60
6 97
4 21
7 21
4 46
7 36
3 42
3 99
4 12
7 22
10 84
6 20
9 23
8 22
2 7
4 89
6 5
1 58
8 48
2 23
9 31
8 37
3 15
9 61
7 36
3 80
10 3
9 70
4 64
8 39
8 98
3 9
8 4
10 6
8 27
4 91
8 26
6 41
3 81
3 24
7 91
1 54
9 31
8 79
5 19
7 92
4 36
6 48
4 73
9 43
1 74
2 14
5 72
8 96
9 20
8 61
4 66
4 8
4 46
3 58
6 10
8 78
2 37
1 68
5 75
9 51
9 69
8 62
5 53
7 34
8 1
8 23
8 65
9 58
3 94
7 56
5 74
7 25
5 94
10 94
10 19
9 72
8 72
10 11
5 85
4 99
10 18
7 51
8 64
7 76
2 53
1 96
7 90
3 89
8 25
7 80
10 37
3 31
7 4
4 76
1 31
8 55
7 37
10 24
9 70
5 57
8 39
5 39
1 39
5 57
3 12
10 81
5 68
6 36
8 36
3 21
8 8
1 6
10 69
8 18
5 91
10 35
2 18
10 32
7 97
4 7
6 14
6 42
9 29
10 7
8 87
9 50
3 47
3 87
8 30
1 70
1 12
2 72
6 19
10 43
5 19
7 5
2 51
9 94
9 32
8 52
5 83
9 56
2 34
5 96
9 4
4 95
1 5
8 70
2 23
9 37
8 62
7 21
7 75
2 37
2 40
1 3
1 68
7 3
3 82
1 15
9 39
2 50
3 38
10 51
8 17
10 81
9 46
1 25
5 67
9 24
6 70
2 4
9 24
4 30
1 70
4 82
1 80
1 66
7 90
7 100
9 36
9 80
8 82
4 59
3 97
8 10
10 94
4 74
1 16
2 21
9 12
8 71
5 46
10 24
7 62
5 1
10 10
9 65
4 79
5 81
4 39
6 84
7 15
8 43
10 25
1 17
7 41
8 51
5 96
5 39
3 70
1 50
5 39
6 96
2 89
7 40
2 88
1 45
5 58
7 93
7 94
1 17
5 80
6 94
7 92
3 87
9 53
4 91
4 81
4 66
8 27
5 24
9 16
4 66
2 94
9 54
10 51
10 85
8 30
9 8
3 33
8 17
7 88
7 72
4 86
7 30
3 2
4 85
2 55
2 14
7 53
4 48
9 12
8 66
7 31
8 21
7 52
1 24
3 99
4 61
2 12
5 81
9 9
3 39
1 9
9 77
5 36
5 72
4 65
7 71
3 55
6 89
1 35
6 60
4 89
9 45
6 57
6 94
6 34
4 93
6 87
5 88
4 74
4 42
4 59
7 45
4 13
6 63
1 96
3 86
10 11
5 42
10 68
2 73
8 7
2 1
6 20
6 74
2 69
9 86
4 36
4 43
4 93
7 25
5 73
2 29
2 12
5 78
2 57
5 71
7 48
5 81
4 99
8 63
2 90
1 20
4 50
6 46
9 25
6 21
1 88
5 86
9 65
6 94
1 68
1 7
1 46
6 39
2 6
5 24
1 97
6 84
4 16
3 93
3 63
8 33
3 68
6 56
3 14
5 23
6 74
7 2
1 57
5 77
8 48
9 93
5 81
7 97
2 82
6 28
10 48
8 43
2 85
5 92
7 83
8 11
7 90
7 19
2 25
1 20
3 90
10 12
3 75
3 61
7 16
3 32
9 87
5 64
6 16
10 33
5 75
5 7
6 63
6 70
8 49
3 37
7 98
4 84
2 66
9 11
10 90
1 20
6 73
10 52
5 95
5 35
5 43
1 19
6 75
4 76
9 26
4 98
5 38
8 82
2 59
6 2
5 25
8 12
4 6
7 55
8 28
9 99
9 98
7 79
6 29
2 52
4 99
9 68
1 8
1 56
5 18
5 19
5 95
3 33
8 5
5 93
6 6
8 4
7 93
2 6
2 98
4 23
4 65
3 10
7 98
3 18
10 14
5 22
8 98
10 31
8 95
2 54
3 49
3 51
1 48
6 54
4 88
5 40
8 96
7 70
2 79
9 70
6 9
9 28
10 77
9 57
6 60
5 82
9 69
2 11
10 86
2 62
2 96
8 67
6 80
4 99
3 16
1 95
6 32
10 63
8 100
8 43
7 19
8 8
10 70
8 12
1 21
1 41
7 67
3 61
8 60
3 80
2 15
2 54
10 6
7 68
8 48
4 81
4 45
8 18
1 5
9 7
8 62
10 20
8 28
6 90
7 97
1 99
7 82
8 9
2 61
1 58
5 75
4 84
3 78
3 54
7 8
4 63
9 8
1 16
9 47
3 20
4 42
