9 21
8 18
2 85
10 5
3 24
1 35
9 1
4 43
4 92
8 43
2 41
6 49
5 68
8 73
1 76
8 18
9 61
10 66
9 7
4 72
2 9
3 57
8 46
9 11
4 55
2 95
4 46
1 45
4 87
7 38
9 6
5 30
7 28
2 96
4 83
7 11
5 10
3 14
7 97
7 68
5 79
8 83
1 90
8 68
10 4
1 4
8 28
7 73
9 15
10 47
6 89
4 46
6 67
7 2
3 36
4 26
7 5
3 34
9 86
6 20
5 19
5 63
3 7
7 27
3 97
6 40
10 25
1 29
2 73
8 17
7 61
5 82
3 48
6 62
1 78
1 75
3 64
1 38
9 56
9 37
10 82
4 86
7 2
8 1
1 59
9 54
9 61
4 58
7 49
5 69
9 50
7 92
8 36
4 34
9 53
3 25
10 79
10 99
6 98
8 92
9 66
4 9
6 64
3 88
10 66
2 23
7 18
3 15
8 95
7 19
10 35
8 45
8 67
7 41
10 55
7 52
2 81
2 20
9 35
9 87
6 94
1 81
10 22
8 81
1 63
8 56
7 62
3 100
7 62
7 20
9 10
5 72
8 4
7 9
9 63
5 27
6 10
6 19
4 54
8 8
7 39
7 6
4 14
8 95
9 17
7 77
10 60
1 64
7 84
4 33
8 79
7 81
10 1
1 21
7 98
5 50
8 80
5 80
8 59
9 12
9 63
6 56
1 35
4 24
7 69
4 31
10 70
7 75
4 16
9 62
2 93
4 30
6 80
7 24
3 44
9 72
8 45
8 41
5 48
8 69
8 45
9 56
10 72
2 23
10 53
6 71
8 17
5 32
1 19
5 88
4 27
10 68
2 54
6 59
4 31
7 5
10 90
6 80
3 64
9 51
4 27
5 64
10 76
9 24
7 63
6 32
1 10
4 15
3 39
4 99
9 88
8 58
3 96
7 82
2 40
2 9
4 51
7 24
3 40
8 54
8 47
3 85
3 27
8 57
3 75
8 8
4 3
4 91
7 74
8 88
8 78
7 32
10 76
8 96
4 27
2 59
2 76
4 11
4 32
9 10
4 54
10 40
10 11
1 48
9 68
2 11
1 35
3 32
8 15
4 75
4 58
10 45
9 88
9 34
7 30
5 30
4 45
8 88
9 14
3 9
7 63
2 6
9 52
4 38
6 3
4 18
1 97
2 6
10 79
5 45
4 78
10 18
7 11
6 31
4 14
1 38
8 94
4 87
3 11
6 12
2 84
1 81
10 92
1 85
9 80
7 49
2 10
4 68
10 49
3 91
10 61
1 52
2 86
7 86
10 29
2 24
10 63
10 55
9 99
8 82
5 11
7 37
8 91
4 58
10 50
4 9
2 21
9 94
10 26
4 33
5 50
8 5
5 11
7 14
7 22
9 73
1 68
8 11
5 96
5 87
1 66
2 60
1 63
2 71
2 94
7 98
4 93
4 39
3 73
2 3
6 64
10 99
1 57
5 76
2 71
9 11
8 58
5 53
4 91
5 89
10 23
9 21
10 36
6 50
7 84
10 5
1 19
7 22
2 47
4 47
6 3
10 62
5 89
3 76
2 21
2 11
4 32
10 68
6 42
2 38
1 84
4 38
6 9
5 72
7 76
9 62
4 35
3 20
2 56
9 45
4 5
7 62
9 33
2 92
3 10
6 24
10 90
2 79
6 52
1 92
2 71
9 54
6 49
7 38
6 74
5 27
9 15
4 48
2 7
9 40
1 86
5 74
8 17
4 31
7 62
9 14
1 33
9 2
6 67
6 71
1 39
6 26
6 23
4 31
3 6
5 30
6 92
3 38
5 18
8 7
8 40
3 6
8 21
5 67
3 51
4 59
8 36
7 56
2 49
10 74
6 77
8 35
1 57
4 87
7 4
4 47
2 62
10 100
3 59
1 69
1 99
3 14
5 92
10 87
9 20
4 72
3 56
3 71
8 34
5 81
5 39
4 26
8 24
10 17
8 92
6 99
6 92
6 100
2 72
8 19
4 26
2 24
2 47
5 77
1 89
6 4
2 88
7 29
9 58
7 43
5 64
3 66
9 50
6 77
5 11
9 34
1 29
1 71
8 51
2 54
2 63
1 97
6 98
8 68
2 64
2 44
5 41
1 38
4 29
3 41
4 85
9 14
10 54
2 90
2 92
8 90
3 35
2 70
9 10
3 18
10 74
10 91
1 10
8 11
2 73
5 17
9 87
9 59
4 53
7 14
6 97
7 44
9 3
3 33
10 7
6 100
4 24
1 64
3 84
4 64
2 73
3 56
4 32
6 43
7 63
10 17
9 62
1 89
6 82
10 21
2 73
10 74
5 97
7 63
10 9
4 21
3 67
5 90
5 57
1 48
1 30
5 17
7 40
8 20
4 4
5 62
7 9
8 31
3 42
1 21
6 36
5 68
4 94
5 71
9 65
8 74
1 30
5 85
9 86
9 58
8 96
3 32
3 47
3 8
1 60
1 36
6 62
2 31
2 5
2 39
8 56
1 3
8 21
7 1
5 96
9 63
7 67
7 99
6 65
5 77
1 53
6 46
2 74
9 38
6 14
3 70
7 63
6 93
9 14
7 90
6 59
8 23
8 54
10 20
1 21
6 81
6 2
7 46
1 93
8 3
5 67
2 93
2 2
3 84
3 45
3 86
4 26
6 25
1 23
9 45
2 23
3 37
10 15
7 48
9 98
8 16
10 85
3 39
8 95
8 22
3 61
8 99
9 14
6 86
1 19
3 64
5 74
5 69
10 84
3 52
6 53
3 57
8 92
3 72
7 64
8 56
8 56
10 40
5 22
1 37
7 26
8 84
3 38
8 88
10 21
4 95
2 83
2 4
4 12
5 40
6 81
9 53
7 68
3 100
8 34
6 87
2 96
2 45
4 8
9 79
10 14
7 63
5 79
2 70
3 93
5 11
10 81
10 63
9 86
8 6
10 23
5 8
1 93
8 95
5 71
8 41
9 47
1 82
5 50
1 90
4 59
9 77
3 68
8 91
8 10
4 99
9 53
4 59
5 37
3 75
4 39
1 39
10 47
3 79
2 39
8 26
3 29
2 95
5 3
7 41
9 60
7 72
3 26
6 61
6 35
3 27
9 21
4 5
2 40
9 54
8 50
1 83
1 37
10 55
10 81
10 64
2 72
5 70
4 88
6 70
8 57
4 61
6 9
7 47
10 36
10 43
7 92
9 37
2 42
1 11
7 71
9 61
10 58
7 27
6 67
8 98
7 73
3 92
3 65
2 64
5 85
1 78
7 64
10 67
1 91
4 62
1 64
10 43
7 62
1 93
9 18
4 96
9 29
6 80
6 52
6 25
8 93
7 100
3 23
7 70
8 53
2 44
9 52
5 35
6 100
2 47
10 69
3 12
1 95
7 9
1 99
6 25
7 69
9 51
3 52
7 9
8 21
1 57
2 8
6 21
4 67
9 82
3 49
4 84
2 72
7 99
6 24
7 98
8 33
10 81
10 31
2 98
8 89
1 66
8 91
1 77
10 45
10 32
1 37
4 86
1 80
1 19
7 14
3 17
8 89
5 45
2 85
5 82
7 26
6 77
7 69
7 10
7 28
7 34
10 46
3 18
4 19
7 28
3 54
6 77
8 97
9 39
6 77
8 48
4 40
9 56
3 59
7 73
10 93
8 21
5 91
7 70
5 1
3 13
10 63
3 56
1 69
9 43
10 20
7 62
6 11
9 50
9 73
8 45
4 89
6 96
2 40
1 92
7 30
8 20
5 90
7 7
9 24
1 2
1 49
7 73
10 54
6 59
3 42
10 27
6 14
9 43
2 30
8 8
10 14
2 65
6 2
2 81
9 96
10 58
2 1
7 64
5 7
10 71
2 54
9 11
7 33
5 26
4 92
5 100
3 76
2 46
8 31
6 79
9 59
10 29
1 98
6 29
2 93
2 35
2 57
8 60
2 66
2 17
6 35
2 2
9 34
10 84
7 38
2 41
1 79
3 86
2 63
10 9
2 3
5 1
6 80
9 19
4 61
6 49
6 6
9 90
4 94
8 20
4 2
5 50
8 34
6 5
1 17
3 27
8 83
5 91
2 67
3 24
10 5
1 72
2 21
2 37
10 10
3 29
2 48
1 47
8 97
3 10
4 10
1 57
7 39
2 60
4 33
7 55
5 60
10 32
8 73
4 35
6 44
4 51
9 99
1 32
1 8
9 61
3 98
6 28
2 96
4 8
10 30
5 75
3 37
9 80
6 57
10 48
3 61
3 34
9 99
10 45
2 31
9 79
6 88
2 27
1 6
2 51
2 90
2 76
1 95
8 20
2 22
1 47
10 21
10 42
8 41
4 85
10 26
9 38
3 44
2 67
1 93
9 41
6 27
4 60
3 83
10 40
5 95
6 57
8 88
6 87
8 37
3 40
8 45
9 28
10 43
10 64
9 25
1 87
10 94
7 1
6 54
7 85
4 76
9 82
4 2
1 62
