7 20
4 100
3 60
8 83
4 27
4 16
4 94
9 73
5 85
1 97
9 80
9 6
10 39
4 48
7 70
1 44
3 33
8 29
5 33
3 60
6 16
8 78
2 39
4 84
10 75
7 38
8 26
6 94
6 96
7 97
2 18
6 28
5 74
4 80
9 29
3 94
7 31
5 47
2 1
4 97
5 80
10 25
1 29
8 25
2 21
9 8
5 57
9 36
6 24
8 83
9 81
1 59
2 3
4 53
10 27
6 9
4 17
6 53
3 62
4 15
1 26
4 21
4 59
3 48
1 72
4 93
8 96
5 17
5 54
1 71
5 29
6 100
4 16
8 86
10 61
7 34
4 3
10 41
5 87
8 34
6 24
10 50
4 75
10 85
3 18
4 61
4 75
2 93
6 10
3 84
10 49
5 68
4 76
6 22
7 21
6 48
4 81
9 39
4 49
6 66
6 37
6 31
5 54
3 53
9 35
5 80
9 90
6 34
2 45
4 74
9 22
3 99
1 59
5 86
6 46
1 97
7 49
6 42
6 50
8 91
10 31
6 100
1 13
3 55
9 66
10 76
7 33
1 34
3 54
4 93
3 59
4 70
10 35
10 96
7 58
7 65
7 82
8 10
2 33
3 44
2 43
7 20
4 7
2 78
9 21
1 35
7 31
10 60
10 83
4 3
7 62
7 73
9 87
2 17
6 34
2 29
4 47
2 87
7 86
8 35
9 94
6 84
1 79
2 36
9 49
2 86
6 35
3 59
2 76
5 45
6 37
6 57
2 44
7 71
10 93
7 48
7 60
1 32
3 94
6 78
8 29
5 69
7 16
5 68
7 67
9 74
5 1
4 29
3 52
10 46
10 86
3 90
6 30
5 15
9 57
10 21
8 91
2 96
10 57
1 80
9 50
2 44
9 99
5 60
5 16
6 86
1 65
3 41
5 25
7 81
7 23
4 58
4 11
5 39
6 47
6 19
1 75
9 12
7 14
6 80
1 96
5 73
1 58
7 36
1 98
1 75
10 60
4 72
7 8
6 87
9 1
7 92
9 7
6 96
9 47
3 7
5 84
7 62
10 42
4 44
1 7
1 19
2 29
6 29
6 60
4 66
3 88
4 95
8 2
1 70
8 100
10 1
9 88
3 81
2 41
7 73
6 1
8 91
10 49
7 83
10 53
9 50
4 55
2 2
9 33
5 73
6 52
7 59
8 80
6 87
7 81
10 70
3 96
1 66
5 64
7 70
9 44
9 42
4 98
1 15
1 85
7 37
10 100
6 29
4 72
10 58
1 57
1 12
4 60
8 53
3 39
3 47
6 90
7 10
1 2
8 55
6 73
9 35
6 35
1 3
7 52
9 92
8 54
9 22
8 93
1 26
3 5
4 62
7 77
10 38
3 39
10 57
6 4
5 81
2 6
9 56
10 55
2 48
6 82
7 86
9 2
3 38
4 99
2 91
7 50
2 19
2 7
1 14
4 78
6 61
6 91
6 49
6 35
1 78
7 25
7 38
6 1
10 50
2 36
6 89
4 69
1 79
4 32
8 26
1 66
7 13
6 29
7 22
4 22
5 62
3 97
4 58
1 84
8 81
5 33
10 13
3 98
10 40
3 42
5 32
10 50
10 87
8 37
7 18
1 94
4 40
6 5
7 83
7 61
10 15
7 61
8 10
8 73
8 57
3 20
8 10
4 28
3 54
8 10
4 82
4 5
6 37
8 74
2 65
2 50
7 56
4 4
4 30
4 65
7 54
1 70
4 13
7 69
5 2
2 97
4 89
10 12
4 75
1 46
7 68
1 12
1 72
4 7
6 42
5 4
3 23
9 29
2 68
1 54
2 68
10 53
10 72
1 99
2 60
6 61
9 99
4 44
2 72
3 97
4 93
10 52
9 28
4 64
4 53
5 5
2 14
8 78
5 47
10 66
7 31
3 78
3 71
10 8
10 42
8 23
5 5
10 7
3 30
2 76
7 4
10 11
4 50
10 73
2 1
7 65
2 20
9 85
3 67
4 85
4 40
10 64
10 15
2 27
5 48
2 12
2 35
9 24
6 27
1 41
5 96
9 80
5 75
9 82
2 21
9 2
3 81
7 100
8 74
5 1
6 53
6 100
9 44
10 7
6 93
3 51
2 97
8 86
2 93
1 67
3 10
10 93
1 81
8 4
9 59
8 97
7 55
8 9
3 87
6 78
6 72
5 90
4 47
1 29
9 36
8 89
6 5
10 29
2 12
7 91
3 62
6 83
6 5
8 30
4 74
10 16
8 96
1 46
2 12
6 27
9 66
7 2
9 88
10 13
1 34
10 98
7 87
8 99
7 4
5 87
10 50
7 80
8 66
4 68
8 5
10 30
5 46
4 89
1 24
4 31
7 68
10 16
5 33
7 37
8 74
4 61
9 38
7 68
1 56
8 95
8 49
1 16
7 16
7 43
5 60
10 49
2 77
9 53
6 20
4 85
10 33
1 88
9 68
2 82
5 16
3 80
6 69
4 46
5 92
4 51
3 17
3 5
4 41
2 98
9 14
6 63
10 28
4 39
10 65
1 23
2 53
1 86
6 5
6 40
8 38
7 5
1 59
3 61
9 52
5 66
4 77
7 34
4 34
3 62
5 33
8 4
5 3
1 9
2 12
8 74
10 99
8 58
6 5
2 54
8 94
8 2
4 41
4 64
10 14
4 57
1 35
3 39
8 58
2 82
1 51
3 48
5 13
9 90
3 88
5 92
4 83
1 97
5 100
7 75
1 61
4 61
6 36
8 49
9 11
6 8
2 94
8 70
8 50
1 99
3 32
8 7
9 3
8 35
9 92
10 96
2 96
10 22
8 24
1 41
4 60
7 28
5 12
2 16
4 57
5 92
10 73
8 67
7 15
7 45
5 57
4 15
9 72
2 27
3 50
5 17
7 87
2 53
10 62
4 50
5 90
1 82
2 30
10 55
7 86
4 70
6 49
7 41
4 31
5 24
9 7
8 92
4 87
4 91
10 76
5 75
7 57
2 59
2 39
7 9
5 52
7 11
3 66
5 84
7 95
3 46
4 58
6 78
5 40
5 51
10 5
3 48
7 35
10 6
3 46
10 40
7 9
7 71
10 12
3 72
7 23
5 76
1 72
10 30
3 58
7 5
1 34
9 10
3 58
6 84
2 73
10 67
10 77
8 90
9 9
6 99
1 23
5 70
7 49
9 13
9 33
6 19
3 19
5 47
8 32
2 84
1 76
8 56
7 100
3 77
10 95
3 100
9 32
4 13
4 49
10 60
10 30
1 19
8 79
6 60
3 12
3 71
6 93
1 45
10 63
8 64
5 26
7 75
9 92
4 44
2 75
3 73
9 7
4 73
1 35
6 9
1 6
7 56
8 18
2 31
9 89
6 21
2 52
9 19
4 97
7 4
4 48
3 65
5 82
9 24
5 15
4 82
7 98
6 15
1 75
8 6
3 22
1 14
4 14
8 14
2 90
5 100
3 79
5 36
8 38
1 24
10 10
8 71
6 45
8 81
8 78
10 46
7 30
4 83
1 55
7 26
5 22
4 68
2 9
10 78
6 79
4 34
5 33
2 36
7 93
5 85
10 52
1 87
1 33
6 87
2 45
1 52
10 76
8 13
3 74
9 43
4 1
7 49
4 87
9 65
3 12
3 16
7 96
10 33
5 19
7 74
8 41
8 92
4 81
7 23
4 29
5 23
7 81
10 25
5 89
8 77
7 65
4 85
4 64
1 71
10 25
1 97
7 39
7 58
3 58
1 64
2 35
10 33
3 85
5 7
8 3
2 30
7 20
6 52
3 41
1 35
4 57
8 27
8 18
6 6
5 64
10 30
8 24
10 39
6 39
10 55
1 13
8 54
4 21
1 14
1 75
6 76
7 25
7 97
3 95
10 12
5 89
10 81
4 72
1 99
3 50
7 35
8 74
1 55
9 52
1 54
8 53
3 69
6 72
1 50
4 85
3 72
5 71
3 48
6 78
3 75
10 18
8 14
6 55
6 31
9 82
1 93
1 12
10 95
4 14
1 66
3 5
2 38
10 69
10 19
7 82
7 53
5 51
3 45
8 87
1 75
3 73
5 70
9 51
10 55
1 19
8 94
8 19
8 77
5 36
1 71
10 46
6 26
3 33
8 74
1 24
4 71
6 39
6 5
2 52
8 31
1 4
8 61
5 15
4 87
8 10
1 23
4 56
3 98
3 29
7 88
9 99
4 35
9 79
4 55
7 16
9 68
6 75
3 31
3 8
9 62
1 68
10 52
9 12
6 93
1 34
7 20
4 7
10 15
5 69
6 99
10 74
8 46
7 70
7 13
7 43
10 15
6 23
1 45
3 96
7 31
7 11
4 25
7 62
7 7
9 13
2 58
5 28
4 41
9 60
9 43
4 23
2 19
4 38
4 10
3 82
3 64
10 70
3 20
9 85
1 50
7 64
3 3
5 91
6 64
4 97
5 20
2 69
10 36
5 53
6 24
6 6
