5 49
4 2
10 8
9 84
2 64
3 98
7 56
6 78
4 29
2 59
3 41
9 15
2 77
7 32
2 89
3 46
6 48
7 51
6 2
4 8
6 35
8 59
10 64
3 66
4 93
1 48
8 33
1 95
7 7
4 99
2 96
7 89
10 29
6 72
8 83
6 81
2 48
6 17
3 97
7 89
10 15
7 21
5 36
4 99
5 60
3 20
8 100
2 100
8 86
8 23
8 43
3 39
6 38
5 66
8 47
10 70
3 40
10 12
1 79
6 14
3 93
2 71
10 27
3 21
10 72
9 74
10 83
9 96
5 95
2 4
9 32
6 18
2 77
2 16
2 64
10 44
10 86
6 56
10 29
3 37
5 16
10 56
10 78
9 22
4 42
3 90
4 79
2 29
6 68
4 73
4 67
3 71
1 95
10 4
2 29
3 15
9 28
3 25
10 57
4 21
2 62
6 76
8 89
9 38
6 74
8 67
1 3
7 65
9 48
9 57
6 51
5 61
1 37
6 58
2 39
4 7
9 36
8 30
10 20
9 74
3 79
6 35
5 32
10 2
7 93
6 73
1 24
5 35
3 51
8 77
8 84
10 50
6 33
3 29
4 60
8 12
6 39
6 43
10 39
9 40
10 78
6 91
6 95
6 35
8 81
2 100
4 33
5 99
8 59
3 51
9 80
4 66
2 65
6 89
6 51
1 49
3 42
1 79
5 48
7 31
3 57
4 13
2 81
3 13
4 23
3 50
8 24
7 45
6 63
6 44
7 12
2 89
5 31
7 1
3 40
8 24
9 14
6 90
2 93
2 17
2 89
10 53
7 8
5 60
1 80
8 36
5 67
1 66
4 83
10 98
2 39
5 57
10 47
5 50
10 28
7 74
10 9
5 92
5 89
5 57
10 19
9 85
1 47
5 58
7 80
6 48
3 19
7 47
4 10
3 54
5 27
9 70
7 99
5 95
6 75
10 25
9 26
4 51
10 57
10 85
10 20
1 49
2 95
5 66
6 69
2 52
9 68
6 31
6 18
10 18
4 33
10 47
1 23
6 11
10 20
2 9
2 12
9 12
8 72
4 1
7 97
5 86
3 98
9 41
6 28
2 50
8 95
3 37
2 67
6 31
2 24
8 95
7 44
7 85
7 96
8 57
8 91
1 6
1 58
8 46
6 28
1 29
2 18
7 96
5 22
3 17
8 74
3 38
6 56
7 100
3 34
1 90
10 53
6 10
4 7
7 99
4 21
3 49
3 73
6 55
8 36
1 84
2 98
1 84
8 48
5 82
2 43
8 35
1 24
6 73
10 30
2 67
4 80
1 49
7 64
6 16
2 41
4 72
3 2
6 2
2 52
10 85
10 70
4 65
5 12
6 95
6 89
3 52
3 14
7 97
4 8
10 56
6 13
5 1
9 92
5 40
8 72
5 99
9 88
1 39
3 72
2 81
1 75
6 31
10 9
8 33
8 45
4 62
3 92
9 20
1 88
3 45
2 47
10 83
7 28
3 87
6 46
10 93
3 81
3 28
8 98
10 18
9 13
1 79
4 70
10 31
5 41
5 26
3 87
5 1
6 18
8 26
5 37
3 45
4 86
10 18
3 77
9 10
6 18
10 7
2 42
10 80
7 67
9 98
6 58
4 61
2 3
6 83
10 52
4 92
4 79
3 58
8 38
8 27
7 40
7 85
6 70
4 10
3 75
9 99
10 74
6 91
7 99
1 20
2 85
1 46
9 59
5 67
1 84
9 76
7 2
1 94
9 56
10 73
5 96
8 42
10 73
6 55
6 20
8 38
2 2
2 15
1 90
4 38
2 49
7 49
4 28
2 82
2 85
8 21
5 31
1 6
4 32
8 50
5 28
6 29
5 80
8 19
6 1
9 63
10 20
4 66
2 99
6 76
2 33
5 47
7 35
3 85
8 43
2 91
7 63
5 88
5 99
9 46
3 67
5 82
1 56
8 35
8 10
7 1
8 25
6 1
10 12
10 92
3 74
5 54
8 15
7 60
2 27
8 13
5 28
10 86
5 99
10 13
6 22
5 37
6 75
7 21
6 83
8 34
10 21
5 71
1 35
2 12
5 12
2 75
6 25
4 4
1 39
1 34
5 69
4 95
1 24
4 70
6 63
8 60
10 12
6 90
8 64
2 65
3 74
2 48
3 90
8 3
2 93
7 48
5 2
7 68
7 51
10 48
2 49
8 58
7 10
2 31
8 72
5 23
5 53
7 76
3 14
3 100
3 1
8 98
1 39
1 56
7 46
7 15
2 8
1 8
6 89
1 87
8 11
8 90
2 89
4 99
2 29
3 55
1 95
3 36
3 52
3 62
7 88
6 75
3 12
10 89
4 91
9 61
10 68
7 25
8 85
10 33
1 51
1 11
10 67
10 23
3 73
7 75
6 100
1 40
1 98
7 57
2 82
4 17
2 39
5 29
1 83
10 87
4 97
2 81
4 65
10 53
7 27
3 7
5 8
6 35
7 5
9 50
10 96
6 63
4 13
5 73
6 29
7 4
3 67
6 25
8 61
8 76
1 22
8 81
5 18
10 39
10 86
10 74
10 98
9 95
4 53
1 58
8 57
5 27
2 88
7 63
6 18
1 38
7 81
2 10
5 51
10 80
8 60
1 34
7 100
3 13
6 3
4 72
8 93
3 54
3 72
4 54
10 26
4 21
3 84
10 38
4 99
10 54
9 35
6 21
9 66
8 10
8 100
7 66
4 58
3 5
2 16
2 82
3 67
2 4
9 47
3 68
7 34
8 45
7 64
10 8
4 76
9 92
4 44
10 93
5 8
1 66
7 71
7 29
9 35
8 16
9 47
5 49
5 52
7 25
10 74
8 47
10 14
4 49
6 81
1 5
3 47
8 86
2 85
2 93
7 60
1 15
10 60
9 12
1 45
7 11
6 30
8 73
9 68
3 68
1 89
5 61
7 75
1 26
9 55
10 98
10 83
6 11
5 25
3 91
6 73
9 38
9 83
7 71
2 61
9 49
2 96
8 2
5 35
4 85
8 100
5 2
7 4
5 62
4 78
10 12
1 28
5 45
8 77
3 33
3 55
5 60
5 25
5 40
4 29
5 71
9 97
9 87
6 23
9 18
2 15
8 75
1 17
9 87
8 17
2 42
4 44
1 98
7 76
5 43
3 16
9 88
4 37
1 13
9 44
8 74
1 18
9 33
3 6
6 89
9 26
9 35
10 14
1 33
4 14
6 98
1 19
6 4
1 52
6 82
5 83
8 94
7 16
3 18
9 37
8 48
6 77
7 52
3 75
10 15
4 6
1 37
9 31
9 43
8 47
8 36
4 92
10 75
9 55
1 26
4 44
10 12
10 57
9 60
6 56
10 3
3 77
8 14
2 85
4 58
6 54
8 7
8 78
7 35
3 58
1 36
10 45
5 66
3 99
9 16
9 85
3 73
10 78
8 94
1 39
1 28
1 51
10 4
5 87
7 52
8 86
3 100
10 85
7 37
4 22
3 43
7 6
2 89
1 57
2 68
3 66
7 36
2 68
2 39
1 93
4 68
2 46
1 64
4 12
4 61
3 6
2 15
2 71
10 52
7 99
8 14
9 90
4 84
2 13
10 60
7 2
1 97
9 98
10 46
5 46
6 18
8 40
1 90
5 28
1 56
4 15
2 29
5 63
5 4
3 17
2 10
9 40
8 86
9 63
5 55
4 67
10 32
2 15
7 100
5 57
1 43
10 10
7 73
10 21
2 86
6 8
8 46
9 80
5 56
6 65
9 34
4 79
1 36
9 27
2 10
3 9
5 44
5 31
6 17
10 55
1 7
6 75
2 88
6 98
7 17
2 90
8 12
4 69
1 92
10 73
6 8
2 66
7 71
10 66
1 10
10 19
10 48
7 77
4 67
6 10
5 35
1 84
4 49
9 95
8 54
5 65
10 74
9 78
2 68
3 64
3 60
8 99
9 80
3 46
8 64
8 44
3 16
4 39
6 48
8 71
10 49
4 85
5 87
5 10
4 27
7 92
9 18
3 81
5 47
4 23
9 50
6 92
3 82
7 98
7 82
6 39
10 85
1 11
1 12
9 67
9 40
8 87
9 85
9 19
1 1
4 96
3 6
3 38
2 28
7 89
6 67
4 29
3 6
1 75
4 48
6 31
4 12
4 32
9 68
3 98
4 30
8 24
3 92
5 89
2 66
6 13
9 31
6 50
5 76
6 92
3 44
7 31
5 46
7 23
10 8
3 71
9 11
1 3
8 20
5 59
5 97
2 93
4 37
8 86
2 76
7 86
9 8
3 67
5 50
4 21
5 21
8 4
6 46
1 21
2 41
6 62
2 75
2 90
6 9
1 9
7 5
2 30
4 20
2 59
5 24
1 93
4 91
3 22
3 9
3 63
5 72
3 67
10 50
2 3
8 93
5 55
3 10
5 19
9 63
5 22
9 52
5 76
10 29
7 16
7 83
6 1
2 8
5 55
7 85
3 36
8 87
