9 4
2 92
1 14
9 44
5 1
10 41
9 35
7 90
10 19
6 70
5 16
6 74
6 95
2 37
1 84
2 55
6 44
10 1
4 51
3 73
5 13
1 82
2 71
7 52
8 31
8 98
10 84
7 68
1 17
1 47
4 13
6 36
3 14
7 90
8 71
2 92
5 50
6 91
6 30
6 28
10 98
4 31
2 77
5 49
1 67
7 88
4 49
6 29
7 92
4 65
8 10
2 21
2 98
3 93
7 35
9 32
6 85
8 14
6 20
7 54
4 93
3 27
7 83
1 15
1 51
6 56
6 69
6 47
10 71
3 18
5 19
4 13
9 14
5 90
4 11
6 35
3 79
5 68
8 63
9 13
10 67
3 50
7 7
7 7
5 15
8 64
6 8
5 30
5 46
1 55
10 65
2 35
10 33
2 52
5 38
1 9
1 96
1 99
7 4
6 25
8 48
2 54
6 62
3 45
1 1
6 17
5 11
1 95
6 47
2 37
9 99
4 37
7 34
10 7
9 89
3 76
5 31
10 64
9 52
3 51
3 67
5 40
3 88
6 82
3 85
5 33
10 11
6 25
1 93
3 55
4 29
6 61
4 81
5 10
5 6
6 7
2 3
1 69
3 9
6 69
6 18
6 71
7 13
6 67
5 17
5 29
2 97
6 19
10 40
7 33
2 29
8 58
7 67
8 10
1 64
2 20
6 4
9 43
6 69
6 24
6 57
6 11
5 44
8 71
1 69
8 99
8 44
9 88
1 50
8 41
9 36
8 75
4 21
5 53
4 4
9 31
10 91
1 3
9 95
1 77
6 80
9 66
7 51
9 20
5 79
10 9
1 22
6 57
5 78
10 53
1 57
3 70
2 45
6 79
4 1
1 69
9 76
7 49
5 23
10 75
2 31
8 34
7 45
7 63
9 92
4 44
7 49
7 98
6 24
7 19
2 86
8 86
5 19
10 36
9 60
10 81
3 67
2 84
1 42
10 80
6 85
6 84
6 55
6 47
3 29
3 93
5 19
5 49
6 80
2 43
7 72
2 61
6 57
9 95
3 84
3 42
1 50
8 55
7 35
2 20
2 94
8 82
8 35
1 85
1 54
6 43
6 38
2 4
10 6
4 48
8 67
7 54
6 43
5 52
2 94
8 26
8 100
9 51
2 11
2 83
3 50
6 22
2 31
1 50
9 54
5 54
10 48
7 15
7 84
4 39
8 67
4 36
4 15
10 15
9 10
6 51
3 9
8 50
6 21
2 6
6 21
10 8
2 34
2 95
9 40
7 96
9 3
2 55
1 67
1 37
4 32
10 21
8 49
9 90
8 3
9 89
9 95
2 24
2 34
5 75
2 17
8 48
6 29
9 43
8 71
9 40
10 58
1 32
1 59
10 81
9 38
2 27
3 39
9 49
5 55
5 90
1 22
5 13
3 93
10 64
8 73
7 5
1 75
5 20
7 15
3 38
2 25
6 11
4 27
8 36
7 9
5 17
8 62
3 81
8 60
10 77
8 68
3 45
8 100
3 47
3 73
6 74
7 93
6 94
9 10
7 87
1 21
10 96
8 87
9 47
5 70
9 67
3 39
1 61
9 44
2 71
10 97
3 34
10 25
2 36
6 75
10 8
10 42
10 14
5 15
5 31
10 49
3 53
4 44
6 7
10 15
6 57
6 39
3 39
3 29
3 60
6 19
2 82
6 17
7 92
10 39
1 5
9 3
2 44
1 93
2 69
3 74
7 92
2 62
7 72
6 22
2 35
8 51
2 96
8 53
3 94
8 83
8 61
6 36
6 76
5 95
4 22
6 60
4 81
6 88
5 49
1 91
5 93
9 1
4 9
1 94
9 100
10 83
4 72
1 63
9 28
4 86
8 18
3 82
2 40
9 95
5 26
10 21
4 5
10 66
6 46
3 57
6 93
3 99
1 8
10 68
10 49
1 18
10 6
10 35
9 92
9 13
2 79
10 7
10 44
4 74
3 48
8 9
5 49
6 35
8 43
4 16
3 47
4 51
1 4
1 15
6 82
3 48
4 32
8 21
4 65
6 73
1 60
8 55
3 70
6 83
4 4
4 90
3 21
6 49
10 50
8 75
8 66
5 41
3 10
6 80
4 14
7 62
10 92
9 78
9 90
9 86
1 75
10 79
5 92
3 100
7 62
7 70
3 67
2 52
9 71
1 47
7 4
6 63
3 90
6 42
8 21
5 74
3 45
1 73
5 12
1 35
2 98
2 45
5 42
8 37
8 45
7 51
4 34
9 27
1 93
8 32
9 29
7 61
9 40
7 91
8 97
7 48
10 25
9 67
5 83
10 96
8 67
5 79
9 2
1 73
8 21
5 20
10 71
5 25
5 78
1 27
2 30
1 5
7 80
2 96
4 57
9 13
10 93
1 52
4 21
4 47
8 7
4 52
8 2
3 40
4 93
7 5
3 11
5 84
5 93
9 45
10 57
4 16
2 48
2 4
6 95
1 7
2 77
8 90
6 68
4 47
3 67
4 53
3 33
2 63
1 6
3 42
7 23
2 88
10 58
8 50
10 75
10 30
8 61
7 2
2 62
4 38
9 63
2 72
2 60
1 31
8 53
8 65
10 26
6 91
6 21
1 75
6 81
6 20
4 98
6 91
10 96
4 93
9 93
3 82
8 68
8 76
8 28
7 92
8 35
1 83
9 96
7 85
7 11
1 81
10 24
5 73
5 5
9 16
4 94
9 57
10 52
8 86
7 26
9 75
8 73
7 14
10 7
10 44
10 63
9 17
10 15
4 5
6 94
6 19
9 36
6 56
1 1
3 49
2 63
6 57
4 34
1 58
9 82
10 75
3 86
9 20
4 3
7 62
4 39
9 33
7 49
4 60
4 59
2 53
3 20
1 90
4 68
5 16
7 89
1 38
2 63
3 58
4 44
9 28
9 99
8 40
7 16
7 35
1 37
10 90
10 23
3 91
7 83
4 24
4 36
5 30
8 99
7 31
10 27
8 36
5 87
4 71
5 41
5 93
8 96
8 3
2 94
10 31
2 72
7 6
10 76
4 10
4 6
4 34
2 3
3 62
3 34
2 29
4 92
4 60
1 80
2 2
4 72
4 31
4 51
6 58
2 76
6 90
8 95
5 57
10 32
6 20
8 25
10 71
9 57
4 31
1 76
9 1
10 85
9 34
5 68
4 16
10 27
7 7
10 55
4 2
2 58
5 81
6 76
8 82
3 29
10 35
1 65
4 38
2 73
9 76
3 74
1 43
7 7
10 65
3 94
9 74
9 65
1 6
1 27
7 84
4 6
8 22
2 14
10 23
7 4
9 58
5 30
5 73
6 36
9 90
2 68
9 26
5 33
4 77
4 29
6 2
8 70
5 8
4 48
1 1
7 66
8 35
6 55
9 56
5 4
7 33
7 20
2 16
8 39
7 5
8 7
10 72
1 76
5 8
5 15
5 8
9 84
4 23
6 26
10 70
4 21
8 67
9 54
6 41
7 33
8 95
1 52
3 38
5 80
7 74
5 23
7 80
10 9
4 83
3 55
3 81
7 33
1 22
1 92
6 13
1 17
9 30
6 45
2 47
9 62
1 47
8 47
7 65
9 49
7 47
10 73
5 62
3 54
4 97
3 68
4 23
4 10
4 91
6 14
1 41
7 99
4 2
10 28
1 31
7 12
7 90
6 66
9 26
10 47
2 29
10 46
5 93
4 44
2 37
3 66
1 95
10 37
1 79
4 49
3 85
5 90
9 44
7 11
10 7
4 20
8 1
6 27
7 74
9 23
7 100
5 3
4 84
4 50
8 99
9 27
9 81
2 7
3 97
6 23
5 5
7 85
4 14
3 47
7 57
4 48
6 65
3 74
7 25
1 57
3 65
3 94
4 81
9 12
1 98
2 76
7 86
9 11
4 35
1 38
5 68
6 38
2 71
10 46
8 83
2 22
6 54
8 14
6 35
1 20
6 31
5 19
1 89
2 100
4 12
10 75
10 45
5 4
7 7
8 65
1 88
7 65
1 73
3 2
1 77
8 74
2 47
1 51
4 86
1 18
8 26
6 91
1 61
3 48
7 64
6 95
1 45
5 54
8 38
7 6
4 8
1 44
2 90
1 17
6 56
10 80
8 44
2 18
7 32
7 9
4 86
7 90
1 38
1 10
9 50
1 44
5 56
8 25
2 4
6 73
2 21
3 98
2 71
7 51
5 63
1 99
8 46
3 84
6 23
5 91
6 29
5 66
1 53
7 54
4 86
6 58
4 67
3 44
9 50
3 87
4 83
5 23
5 40
2 82
1 80
7 87
3 25
7 73
8 47
9 13
4 84
2 5
4 51
8 99
2 1
2 94
3 19
7 99
3 74
3 71
8 85
5 49
5 73
2 88
9 74
7 48
6 25
9 46
9 42
4 45
1 29
2 87
7 62
1 61
8 22
1 4
9 9
10 77
9 66
3 4
10 38
5 34
4 5
1 60
9 38
3 84
3 53
1 55
