10 26
3 75
10 50
7 65
10 56
3 96
2 78
9 65
10 57
6 95
2 16
5 68
9 14
4 68
4 36
1 20
6 20
9 8
1 66
4 43
10 44
3 92
2 15
2 75
9 77
4 36
9 97
1 76
10 83
9 11
10 53
1 71
6 75
1 3
2 37
10 39
2 66
6 88
5 1
5 19
8 60
8 27
3 95
4 16
4 4
6 52
3 49
6 46
9 3
8 82
6 11
6 40
5 7
10 31
8 8
6 98
9 93
8 3
1 55
7 24
1 33
9 52
4 79
10 34
10 76
2 80
9 25
9 79
2 73
5 35
9 6
1 91
1 38
8 60
7 96
1 92
8 45
7 21
1 84
1 46
2 42
7 94
8 14
5 36
2 89
6 52
4 94
5 72
5 58
2 99
6 42
3 63
6 58
2 25
3 99
1 99
8 24
2 54
1 7
5 98
3 63
7 40
1 81
5 39
6 100
4 46
10 14
10 85
2 50
4 91
9 92
2 89
4 88
10 18
4 67
8 46
4 99
9 96
10 9
1 80
2 2
3 35
6 7
6 28
8 66
10 3
3 11
2 11
6 40
7 20
9 74
6 60
3 36
2 97
3 41
4 61
8 94
5 96
3 38
9 78
10 39
7 53
3 30
7 63
1 98
5 50
3 93
5 31
7 64
2 94
10 18
3 76
2 85
8 75
1 86
9 32
9 23
9 37
10 62
1 22
9 44
4 15
2 39
4 61
7 78
6 26
3 99
6 41
7 91
7 55
4 3
3 49
8 7
6 44
9 41
10 31
8 87
9 75
9 33
8 55
6 65
3 80
10 61
7 49
2 57
2 93
4 58
2 58
8 51
9 80
2 98
5 48
5 39
9 58
6 46
7 60
10 70
1 65
9 39
9 4
8 48
9 87
7 98
5 15
8 67
8 23
1 58
2 13
8 4
10 1
1 46
6 50
4 42
10 6
4 66
7 30
6 55
1 35
3 16
9 75
1 58
9 84
6 48
8 12
8 18
4 15
8 66
4 85
1 75
3 72
2 60
9 98
2 65
1 31
6 59
6 15
2 90
9 83
6 5
4 15
2 48
6 39
8 85
5 55
4 6
6 41
7 68
4 37
9 90
10 5
4 4
8 59
5 9
9 33
7 60
4 79
1 72
2 63
9 36
7 2
1 79
10 47
8 87
5 62
3 17
9 56
7 29
1 70
10 69
3 92
4 69
9 43
8 33
4 70
6 18
7 10
2 62
1 9
1 7
2 35
5 60
4 12
6 1
8 29
4 24
1 85
7 61
5 12
6 66
9 33
7 28
2 24
4 11
9 55
7 36
5 37
10 41
7 98
10 89
8 96
7 48
3 17
1 91
10 86
1 20
10 2
6 69
8 12
4 57
5 10
4 21
5 75
1 70
4 72
7 31
2 42
10 23
10 23
4 59
8 48
3 24
9 3
4 61
6 70
5 94
1 80
10 38
7 15
2 45
7 80
6 95
2 80
7 46
7 71
10 98
3 27
8 8
6 46
7 77
6 81
2 21
8 79
5 52
5 74
2 67
5 25
9 44
4 57
7 53
6 65
9 88
3 18
10 33
4 9
10 44
6 50
5 45
1 66
3 94
8 63
10 68
10 82
2 74
5 35
8 16
1 38
7 28
7 51
2 51
8 63
5 58
6 49
4 39
4 36
8 28
9 23
5 92
4 70
6 30
10 55
1 10
3 44
6 26
8 100
3 98
10 12
7 20
4 89
8 60
9 44
6 19
10 14
5 11
8 90
3 95
6 84
1 49
5 97
6 34
9 65
10 54
8 69
8 85
2 99
2 22
8 35
9 46
1 4
8 29
5 15
10 74
5 28
9 40
7 100
3 65
6 64
7 30
3 96
4 78
4 94
7 26
6 58
9 66
1 52
3 73
3 74
7 37
5 44
10 54
1 33
3 87
9 86
1 36
9 43
9 30
10 76
7 48
10 62
8 22
5 6
9 33
8 70
8 59
9 72
9 33
3 72
6 19
2 2
10 18
4 45
5 26
2 51
1 88
4 61
10 7
1 76
6 15
1 30
7 82
4 99
7 87
8 73
4 49
4 98
3 86
5 62
2 69
7 7
3 65
10 17
9 56
9 32
6 65
10 24
4 94
6 54
1 97
7 77
7 45
8 51
8 90
1 74
6 19
3 21
10 37
2 65
3 17
2 75
10 9
7 80
9 15
1 36
10 51
8 86
8 100
1 1
4 7
10 85
5 89
7 29
6 55
1 58
5 95
5 88
7 36
1 80
6 30
6 74
3 85
5 22
3 50
2 39
10 22
2 31
5 66
4 6
8 98
6 14
3 45
8 4
4 78
1 26
2 35
6 60
5 11
9 36
9 2
8 2
1 57
9 69
9 35
10 38
9 4
9 82
10 83
6 3
8 19
3 92
5 20
3 18
10 41
7 8
8 24
6 37
10 9
10 2
2 87
9 74
6 95
8 7
6 66
8 36
8 39
7 84
2 32
2 3
3 11
2 2
5 81
1 81
6 41
4 22
6 82
2 93
2 48
6 52
10 2
6 60
4 66
6 73
7 16
8 83
2 97
5 15
10 12
1 34
8 59
7 89
2 81
4 45
2 67
8 45
6 73
5 71
1 92
10 23
3 78
3 52
6 66
3 13
8 77
3 64
9 2
7 83
10 99
3 43
3 72
4 62
10 86
9 80
6 96
10 66
2 42
5 12
1 44
4 30
8 49
4 14
10 86
9 32
9 17
6 46
6 99
4 87
4 58
4 52
8 96
10 55
9 70
1 52
4 53
9 45
2 47
2 17
2 86
10 21
5 66
6 47
6 28
1 77
2 47
4 78
9 42
2 24
5 77
10 95
10 14
8 18
6 88
5 92
6 79
4 28
3 78
7 26
9 71
3 18
2 33
3 8
5 100
1 11
2 100
4 42
8 32
5 25
2 91
4 76
7 90
7 83
3 98
7 30
4 51
4 76
6 54
7 80
5 12
6 7
5 93
2 69
5 73
2 66
4 57
10 37
6 25
1 13
5 21
3 72
5 62
9 70
4 81
7 42
7 19
1 56
9 32
3 87
2 6
10 6
5 85
8 86
9 21
9 6
1 88
10 84
9 58
9 24
6 43
10 91
5 1
6 82
6 23
5 9
8 15
8 75
8 75
8 72
1 90
10 11
3 2
6 61
10 77
4 26
10 50
10 39
3 6
2 78
6 29
10 55
2 71
10 47
9 20
8 3
9 12
4 6
7 63
6 92
9 97
6 37
8 70
5 98
3 86
9 50
1 71
1 92
3 92
3 37
5 79
7 18
4 79
9 97
1 60
3 1
6 71
6 19
9 37
7 47
4 1
7 44
9 19
5 49
6 53
3 13
9 24
2 94
10 99
4 55
3 96
3 7
7 55
10 66
4 86
8 67
6 71
7 71
7 49
6 66
4 85
2 47
7 8
9 79
8 39
1 11
5 64
8 51
5 49
10 49
3 50
6 54
9 67
2 59
8 96
3 70
4 26
3 72
8 19
6 25
4 25
4 48
10 43
7 97
4 45
7 56
5 83
10 55
6 91
4 12
4 16
1 38
7 2
4 10
6 15
4 51
1 91
9 3
6 69
3 40
6 75
10 15
8 69
3 31
6 33
5 42
4 50
4 82
5 78
2 31
2 10
8 93
6 35
2 9
6 19
6 1
10 83
1 98
4 27
7 89
9 86
6 2
9 41
10 25
7 79
1 78
8 24
10 40
8 15
7 67
2 1
7 16
9 36
2 58
9 29
6 46
8 87
2 58
3 57
8 92
2 59
5 59
1 88
5 20
6 4
4 27
6 69
8 8
7 52
10 57
5 36
9 62
3 42
6 100
1 19
9 55
5 91
5 70
1 62
2 45
1 98
5 15
9 21
5 30
10 81
4 13
7 67
9 92
4 100
9 83
5 78
1 85
2 15
10 80
2 23
5 26
4 61
10 38
7 25
6 74
3 53
3 5
7 90
9 78
10 21
6 27
5 55
4 51
6 98
6 47
4 42
7 96
3 45
5 93
8 48
3 23
6 14
4 29
6 22
9 53
10 5
5 97
9 21
9 88
5 54
3 93
7 48
4 43
9 86
6 86
2 82
6 78
9 93
4 25
1 26
1 20
5 43
4 15
4 53
9 10
6 22
10 9
9 24
10 62
10 63
10 6
8 48
9 82
1 50
3 50
2 55
8 17
10 81
5 27
8 18
9 82
10 77
5 31
2 38
9 58
5 14
1 86
5 49
6 77
10 65
1 18
2 88
9 81
10 38
2 51
10 80
1 99
4 57
5 83
4 71
3 71
6 38
7 33
5 18
5 84
3 90
7 99
7 30
2 23
2 5
9 21
2 60
9 75
1 4
8 49
4 58
8 60
8 58
1 3
8 45
9 26
6 5
8 76
7 84
4 96
3 39
10 12
6 33
8 23
6 87
8 2
4 36
9 42
7 87
8 76
6 65
8 53
4 45
9 49
8 2
7 96
