10 2
3 68
5 52
4 72
5 41
3 48
7 50
9 14
3 17
7 78
3 92
10 53
10 100
8 47
5 2
2 100
5 85
1 100
1 70
2 21
4 98
2 82
4 30
2 29
9 45
4 93
6 23
7 31
10 57
4 35
6 25
10 16
4 44
1 16
4 11
5 9
5 39
6 46
9 25
2 86
4 94
3 51
5 29
2 38
2 27
5 60
10 4
4 58
1 49
2 74
1 72
8 25
8 20
9 52
7 38
1 7
3 1
10 97
9 87
3 92
2 44
9 32
7 68
10 27
5 9
4 12
10 7
10 57
8 45
4 12
4 13
7 32
2 48
6 98
8 60
5 30
1 18
10 25
1 8
1 38
2 60
1 96
4 11
9 76
1 58
6 6
8 79
5 58
5 40
3 90
5 76
2 59
10 35
7 2
8 65
6 44
9 10
1 26
1 61
5 31
10 87
3 23
3 79
4 49
1 53
10 77
9 36
9 45
6 9
6 59
10 54
9 13
4 63
9 4
10 20
3 77
4 27
3 21
1 50
9 85
8 58
2 64
8 59
5 1
4 33
7 80
5 43
10 52
2 42
8 35
3 65
8 87
2 28
5 66
4 15
10 13
4 29
2 21
2 30
6 67
7 67
7 94
5 37
6 90
2 41
4 72
8 15
9 1
9 9
9 85
8 30
3 22
8 61
3 78
7 76
7 78
3 43
9 47
10 27
6 39
5 71
1 41
5 70
2 27
6 81
4 42
7 4
4 4
10 77
4 82
5 98
8 35
1 69
7 77
8 41
10 83
4 87
9 64
10 87
1 68
6 69
2 38
10 16
6 6
3 15
1 48
6 35
3 61
2 45
3 7
7 36
2 29
6 63
3 24
3 29
1 89
8 14
7 31
5 51
10 77
1 25
8 87
10 71
2 53
1 30
2 29
2 83
7 61
2 1
6 66
10 48
3 93
9 78
10 19
5 40
7 28
4 4
3 92
3 39
1 23
4 86
6 23
5 15
2 85
2 78
6 36
3 53
4 97
3 90
1 12
6 67
4 61
9 48
2 72
9 2
10 43
4 95
5 5
3 59
5 63
5 30
7 15
10 96
8 33
6 2
7 64
6 33
1 57
8 49
9 12
3 53
4 72
3 75
10 12
4 24
7 27
9 81
6 40
2 31
3 29
1 6
3 18
6 30
2 67
9 87
10 99
10 71
10 79
2 4
8 75
7 73
9 63
7 3
8 66
1 37
9 60
2 89
3 91
6 68
3 33
1 30
4 85
8 4
3 15
6 59
3 9
2 26
5 9
5 20
1 65
4 19
7 63
5 93
3 69
7 37
5 100
9 86
1 70
4 13
3 69
10 5
1 68
5 12
8 49
4 40
1 77
5 31
7 85
10 49
9 74
10 45
5 11
3 47
7 22
4 29
4 77
1 84
9 43
4 14
4 9
6 46
2 30
7 61
3 3
2 88
4 100
9 95
2 44
7 48
7 21
5 97
4 62
3 88
1 31
4 85
1 91
10 4
3 69
2 87
3 1
5 3
5 85
4 55
2 76
10 55
1 72
9 48
6 33
8 99
8 66
10 24
5 79
10 24
9 16
5 32
4 38
3 63
4 32
7 50
5 2
2 38
7 9
7 82
3 58
9 84
2 90
4 87
6 18
3 48
4 77
1 25
2 91
3 98
9 13
2 51
8 16
1 55
3 18
3 84
6 53
10 95
1 10
10 71
8 64
2 86
4 27
2 68
2 32
2 65
1 57
3 94
4 55
2 68
3 38
9 21
10 37
1 23
4 33
7 11
6 21
8 39
10 90
2 57
4 36
9 72
8 78
6 84
2 10
7 98
7 45
1 10
1 6
5 78
6 41
10 8
3 80
4 3
3 74
1 39
10 21
7 23
10 54
6 80
4 30
9 77
9 8
7 86
1 38
6 98
3 50
9 29
3 10
7 70
9 72
7 66
6 56
9 94
2 12
2 39
6 75
6 61
10 69
9 53
4 35
3 36
9 90
10 78
6 47
8 68
4 66
10 50
5 24
10 12
3 88
8 100
9 80
5 34
9 70
3 96
3 25
9 1
5 91
1 36
10 82
4 73
2 22
4 20
3 39
5 67
5 10
7 8
8 82
6 19
5 77
7 6
5 38
3 95
7 31
1 90
9 48
6 92
8 75
5 92
8 17
3 86
6 94
10 70
5 21
2 46
7 60
3 76
1 92
7 71
6 32
8 57
9 8
4 47
7 89
3 77
6 7
2 32
3 32
1 46
8 28
6 50
8 83
3 13
5 7
1 41
2 85
7 12
5 43
1 24
7 88
3 67
6 21
7 18
6 69
3 85
8 100
1 94
4 72
6 62
3 85
8 44
1 58
2 59
6 85
1 97
2 88
10 3
5 75
10 45
2 32
6 18
6 21
8 79
4 32
2 53
7 95
1 22
6 36
6 7
10 50
7 4
7 62
10 60
6 88
6 3
10 65
2 34
7 54
2 58
8 60
2 69
7 100
9 90
2 49
1 36
7 81
7 90
2 48
6 26
7 81
5 9
6 32
3 36
7 36
4 1
4 2
6 3
9 78
7 87
7 87
1 12
9 75
4 64
9 44
4 2
6 30
8 31
8 61
5 28
2 95
7 69
1 96
3 29
4 30
4 67
5 88
6 53
4 19
8 20
9 53
10 32
8 30
5 77
6 76
1 15
1 18
4 18
3 21
1 43
8 40
7 56
1 66
4 95
10 74
7 66
1 51
3 6
8 70
2 7
5 38
7 40
7 46
6 80
7 45
7 96
2 23
10 99
7 80
5 97
2 4
6 80
7 63
3 14
3 98
4 8
7 77
1 59
10 15
10 23
10 85
4 92
1 68
9 44
5 19
1 3
2 12
5 13
9 11
9 52
1 49
1 2
10 67
5 53
2 12
2 30
4 47
6 44
9 19
1 55
10 85
8 98
1 71
4 13
10 80
5 71
10 92
5 99
4 51
6 26
1 58
1 15
7 13
7 99
1 59
8 4
5 60
2 57
8 1
8 19
8 79
5 3
5 58
5 5
5 61
10 81
7 80
7 92
7 66
7 94
5 77
9 43
8 50
7 56
1 50
8 57
10 47
3 25
7 44
4 10
5 38
7 38
6 16
3 7
1 38
2 48
7 88
4 72
7 61
5 64
1 25
2 1
3 44
1 24
10 58
10 35
10 40
9 38
3 11
5 10
7 45
4 5
5 85
4 75
10 72
7 41
10 70
2 12
7 38
1 85
2 88
9 17
1 57
10 28
1 52
2 22
3 35
1 66
5 48
3 39
8 76
9 89
6 51
7 67
4 22
10 11
4 49
4 30
3 59
5 36
6 33
9 24
3 85
6 62
5 73
2 18
10 67
4 38
1 66
5 20
4 26
10 58
3 18
5 23
5 8
10 23
10 59
9 22
7 89
6 61
4 31
10 66
6 98
8 44
9 95
4 24
8 36
6 79
7 50
6 27
2 95
4 32
5 42
1 85
9 25
5 40
7 26
10 57
5 42
10 74
8 8
7 55
10 11
6 65
7 10
4 32
1 45
2 16
1 29
8 68
8 96
10 63
3 96
9 85
7 62
2 40
5 51
4 60
6 39
8 37
6 10
9 81
8 96
8 98
10 21
7 1
4 90
10 33
8 95
8 55
4 94
7 43
1 16
6 73
6 48
7 45
8 97
2 85
6 54
9 22
5 17
7 51
9 95
9 18
6 88
10 43
9 30
10 42
7 73
1 21
10 22
9 84
9 57
1 66
3 5
8 41
2 22
7 30
8 3
4 74
3 78
6 49
8 14
3 50
5 84
8 79
2 6
1 40
4 11
4 54
3 63
3 78
4 52
10 53
9 71
9 14
8 18
5 21
10 11
10 46
7 33
5 57
7 46
6 13
10 26
2 71
5 79
6 94
8 14
9 93
6 2
8 50
6 92
1 78
7 3
3 18
8 54
5 13
7 28
2 72
3 84
3 11
5 81
5 68
8 49
10 3
1 91
3 57
6 3
7 50
5 28
6 67
2 40
3 84
10 43
4 40
6 41
5 27
10 26
6 77
7 29
8 57
2 76
4 99
1 48
9 8
5 1
5 52
6 26
4 75
3 7
1 57
4 71
5 91
1 80
1 8
7 66
1 84
7 85
1 12
7 87
10 19
8 66
10 38
1 6
9 4
8 12
7 68
3 20
4 71
10 17
10 1
5 39
6 60
5 24
10 86
4 95
8 41
4 31
6 28
3 57
1 36
1 70
4 48
7 25
3 35
9 80
10 37
2 32
1 93
2 6
9 58
10 42
10 52
7 49
8 18
9 51
3 43
5 98
8 2
7 77
5 62
10 89
8 51
2 79
7 19
8 40
6 90
4 9
10 1
4 6
10 21
1 35
8 60
7 87
5 41
6 41
10 38
2 36
6 31
5 26
2 82
10 97
5 49
7 14
9 96
3 28
1 68
2 42
9 41
5 21
10 89
4 97
3 6
10 29
9 70
4 97
