9 35
3 81
7 5
5 74
6 58
4 3
10 82
1 99
3 44
8 24
9 68
4 74
2 2
9 62
6 5
8 27
9 4
5 70
2 76
6 27
5 87
1 24
6 81
7 88
9 74
6 65
6 60
3 64
8 55
7 58
2 78
4 85
4 60
9 51
8 81
6 63
2 20
3 7
8 70
5 11
5 1
2 24
1 95
8 100
10 1
6 41
10 16
3 69
5 11
7 74
4 7
8 24
4 29
8 88
1 90
8 70
2 33
7 63
4 41
7 81
1 33
8 45
2 51
8 16
4 5
3 30
10 91
7 99
9 85
9 59
4 40
9 10
3 18
5 93
8 51
2 36
2 43
7 13
1 81
2 34
10 94
1 59
4 56
1 75
2 26
9 17
5 21
2 46
5 75
4 34
1 8
1 53
4 39
10 89
8 9
10 38
3 53
7 29
9 22
6 66
1 90
8 29
10 28
3 31
9 30
5 31
8 41
4 52
2 53
3 6
3 64
4 9
10 72
9 81
5 66
9 85
7 79
2 79
5 5
5 49
8 37
5 6
5 37
7 68
1 61
7 54
8 80
10 87
5 41
2 21
1 83
5 39
6 19
10 31
10 77
9 64
1 26
4 41
4 100
5 61
1 7
2 39
1 33
2 71
7 78
8 59
4 98
4 49
5 71
3 13
7 59
7 87
4 27
4 83
3 3
9 69
9 87
4 3
2 45
7 66
1 97
9 78
6 98
1 23
5 39
5 77
6 55
8 99
7 17
3 24
8 13
1 66
3 36
2 12
5 79
4 83
8 51
8 50
5 43
5 20
3 47
8 16
1 62
2 39
3 96
8 16
8 83
7 1
8 84
3 45
4 36
4 28
3 80
7 87
5 62
2 97
6 7
3 24
8 63
5 52
10 36
10 59
5 20
3 37
6 1
7 47
2 94
4 59
7 88
10 34
10 70
2 86
5 35
8 7
4 63
5 54
5 5
1 74
5 52
7 31
8 60
10 76
6 5
4 64
3 59
7 9
6 68
8 34
1 43
1 84
8 57
4 44
1 75
7 31
8 72
5 15
2 17
5 37
8 19
4 28
4 61
8 66
1 23
3 10
5 58
5 87
6 30
4 7
10 98
9 92
7 99
8 44
1 20
6 47
5 39
8 55
1 1
3 20
10 76
5 58
8 50
9 56
3 45
7 43
1 6
5 40
8 10
1 27
9 57
6 73
2 90
7 77
8 45
8 39
4 81
1 45
8 89
1 40
4 22
5 87
6 50
9 19
7 64
4 15
3 92
5 75
5 58
6 85
10 47
2 99
3 69
6 92
2 13
9 17
5 38
8 20
4 100
9 85
10 38
7 62
4 9
3 61
5 15
6 88
1 5
4 8
4 93
4 87
10 24
7 5
1 28
5 66
2 26
9 87
1 71
7 90
1 24
5 99
8 52
7 77
10 17
7 39
2 56
5 57
7 99
2 67
4 12
2 68
7 65
7 23
9 35
1 3
5 89
8 82
6 49
3 49
1 4
8 31
7 7
10 11
1 70
9 11
4 59
4 15
6 97
9 87
4 79
10 87
5 23
2 9
9 3
6 20
9 55
8 59
10 84
2 69
5 77
4 97
1 37
2 35
5 6
1 70
5 54
8 44
8 27
3 75
7 89
10 82
2 68
3 61
7 22
7 62
10 40
1 22
5 53
10 3
10 72
5 64
5 60
3 90
8 30
2 22
4 99
5 82
7 20
8 40
4 86
3 27
7 47
9 68
2 67
4 8
10 23
1 21
8 2
6 78
9 18
5 29
8 30
6 20
4 2
7 21
2 55
7 11
6 18
3 89
6 51
9 30
7 87
7 13
9 67
8 84
10 92
8 93
1 29
3 26
6 100
4 74
3 58
2 40
9 32
7 96
7 38
8 80
7 92
4 41
1 16
1 52
5 72
8 40
1 81
9 6
2 5
10 17
10 14
6 19
1 79
5 81
7 84
3 59
3 17
2 52
8 36
3 77
2 54
10 16
4 33
5 25
1 80
5 60
7 27
10 75
5 81
1 56
8 44
9 14
3 4
5 9
10 76
5 84
10 38
2 67
8 94
3 46
8 99
4 37
10 38
5 14
10 76
2 9
2 58
1 71
6 95
4 50
1 27
8 100
5 52
2 3
9 3
4 14
4 28
7 31
5 70
7 21
1 86
5 96
1 46
3 71
8 12
6 26
3 41
9 22
6 84
4 87
9 12
6 45
8 5
6 90
8 43
9 87
4 88
2 30
10 69
7 69
7 89
7 62
7 95
4 10
8 33
1 71
5 14
8 46
10 40
10 31
2 86
1 62
5 18
7 18
5 83
10 55
4 47
1 92
4 48
7 8
4 97
6 56
1 68
9 22
3 70
2 28
5 43
1 47
1 32
5 96
5 27
3 62
9 42
10 86
2 29
1 19
7 38
5 36
10 14
6 89
9 99
2 59
2 4
5 57
7 6
1 56
1 53
2 22
4 38
7 34
4 25
7 56
4 85
1 41
9 5
6 70
7 63
2 19
5 20
5 82
2 83
9 78
3 82
2 94
8 43
1 82
9 72
1 58
8 75
10 30
6 17
7 70
7 54
1 84
4 32
9 95
8 57
7 42
2 97
4 42
6 1
4 13
3 59
3 30
4 54
8 63
10 64
5 13
8 15
7 78
6 58
4 39
2 15
9 5
7 26
10 44
10 79
10 44
3 1
9 44
3 35
8 16
8 69
10 10
8 40
9 1
3 74
9 47
5 60
6 10
4 62
2 34
10 95
2 69
1 83
1 59
6 78
4 57
4 65
1 18
8 95
3 26
6 54
9 75
2 46
9 100
9 100
7 45
1 76
9 46
10 20
3 69
4 47
9 86
8 14
8 29
2 42
1 19
6 69
8 98
1 27
4 74
8 97
4 60
5 73
7 5
6 72
4 43
2 9
7 32
8 16
8 42
3 87
10 2
5 28
8 1
6 44
3 45
7 64
3 48
10 35
4 92
10 100
5 32
7 10
6 2
8 45
6 54
6 87
1 10
2 33
9 28
8 69
8 26
6 54
2 29
3 66
10 74
2 55
2 82
9 28
3 52
4 32
2 69
6 75
4 31
6 40
2 99
4 62
2 45
1 30
8 23
2 51
6 87
2 70
9 13
7 77
9 54
4 38
4 50
2 81
9 53
9 11
8 57
3 19
6 75
6 56
10 61
6 68
3 59
8 88
2 55
1 67
10 32
7 21
3 22
9 50
1 21
3 89
6 54
6 16
2 23
7 5
7 91
9 66
1 55
2 21
1 30
4 64
10 94
2 73
2 16
4 82
6 65
1 55
4 60
8 41
5 21
5 64
3 75
2 80
10 54
2 82
4 86
10 34
8 41
5 68
9 33
2 24
3 51
8 59
8 53
2 81
1 1
1 9
8 3
3 60
5 95
8 66
10 73
4 2
8 64
1 5
7 33
2 50
4 26
10 97
6 41
2 2
6 27
9 81
3 27
7 85
6 68
3 14
4 49
9 16
7 18
3 93
8 84
6 63
7 50
3 84
2 22
8 10
7 16
10 36
9 53
7 94
1 16
1 29
4 2
6 24
1 97
7 98
3 73
7 62
9 75
7 48
6 10
5 27
2 10
6 92
9 75
6 9
2 24
7 23
6 42
8 42
10 9
2 20
7 41
1 21
10 9
3 18
5 57
9 47
2 91
9 95
5 65
9 60
1 74
7 73
9 55
8 1
3 80
8 82
8 87
1 26
9 17
8 9
2 92
1 95
1 94
4 89
9 29
3 16
8 96
5 95
6 33
9 87
4 95
7 56
5 68
1 90
5 73
10 29
3 51
1 23
9 15
9 1
7 5
5 58
1 80
4 71
10 65
4 90
4 71
7 3
8 40
10 17
6 39
4 79
4 82
10 59
9 70
5 35
8 49
4 60
7 72
8 31
1 3
8 68
4 63
6 38
9 7
10 31
4 94
2 51
4 80
4 99
4 91
10 80
8 75
3 71
3 3
4 55
9 43
2 3
6 99
6 9
1 16
5 76
9 98
6 99
2 62
6 31
6 79
6 67
5 85
9 91
6 81
7 18
1 68
7 84
10 63
9 29
7 48
6 32
10 91
8 41
7 8
9 27
1 93
7 53
9 99
7 7
1 75
7 4
4 23
7 80
6 95
7 81
10 74
9 23
2 54
6 89
9 49
2 6
10 45
7 45
1 22
9 81
7 67
6 18
6 44
5 77
3 91
4 98
8 83
2 64
5 25
2 58
4 62
4 70
3 82
6 7
9 14
8 68
6 43
8 35
7 18
3 28
8 20
8 27
1 91
4 13
9 38
2 56
3 82
10 93
3 79
5 56
6 59
10 67
2 46
3 100
6 98
8 45
5 85
5 41
10 17
8 77
10 84
2 100
7 50
5 48
2 53
2 43
6 4
10 48
2 16
9 56
2 95
6 71
6 22
5 3
4 90
2 91
5 67
2 65
8 38
2 56
6 1
10 9
8 90
