2 25
7 86
9 8
2 73
3 59
8 34
2 53
5 24
1 53
2 28
8 9
6 77
9 49
6 68
5 26
5 85
2 15
10 72
8 63
10 50
2 15
7 67
5 15
4 45
2 13
3 40
10 67
4 50
9 39
8 34
10 80
10 12
6 91
5 99
9 80
9 12
10 43
7 22
7 63
2 100
1 99
10 35
5 48
9 57
2 7
8 47
1 79
2 50
3 55
6 27
10 90
7 76
9 52
8 80
8 18
2 10
10 81
8 21
5 28
3 33
3 36
5 61
3 99
9 51
7 37
5 88
2 85
7 33
9 92
5 47
2 63
1 70
2 56
3 38
5 72
3 79
9 52
3 72
2 38
8 54
8 94
9 43
1 62
3 5
1 96
5 17
3 11
3 34
6 48
1 87
4 63
8 58
7 42
8 62
6 78
1 20
3 98
9 50
4 25
3 57
9 84
4 61
10 12
4 83
7 54
4 34
6 42
10 67
1 65
2 100
4 83
1 89
9 65
5 99
5 41
3 72
9 36
10 23
5 29
8 52
1 40
5 45
8 72
6 14
7 42
1 47
4 20
1 72
7 7
9 9
4 58
3 67
2 35
2 99
9 19
3 7
2 34
1 43
7 21
6 43
4 25
8 14
1 53
7 42
1 92
6 95
7 12
1 34
6 47
10 42
9 84
3 49
6 38
2 44
9 58
2 33
9 51
6 97
10 11
9 83
8 80
4 100
3 4
4 53
2 31
3 62
1 76
1 29
5 15
2 28
1 2
8 56
6 18
4 44
9 21
2 78
3 58
10 29
2 66
5 63
2 18
5 37
1 54
7 53
8 92
10 28
7 22
2 86
3 23
1 11
4 76
5 8
9 96
8 23
7 88
8 32
4 69
4 6
3 74
2 78
2 23
7 98
5 57
10 65
3 85
7 3
9 11
1 93
2 16
4 71
1 65
9 82
1 81
9 65
3 13
5 59
2 22
1 64
10 3
3 10
3 58
6 30
8 22
6 76
5 24
5 56
2 6
6 23
3 32
8 6
3 22
10 41
9 91
10 49
6 73
10 72
10 17
1 34
7 34
2 30
2 94
8 58
6 1
1 92
8 43
4 61
5 33
2 100
6 48
6 73
4 46
7 20
2 17
8 58
8 14
8 31
10 99
7 25
5 98
10 100
9 2
2 79
9 79
4 52
5 6
8 36
10 39
8 90
2 76
3 30
9 43
7 62
6 11
2 53
2 100
4 24
5 5
9 50
7 11
2 12
3 21
7 26
2 19
1 57
8 76
8 62
10 56
7 40
9 98
6 46
8 83
8 28
7 96
8 4
2 50
6 88
10 41
5 4
8 58
8 14
9 62
4 95
10 33
8 20
6 20
3 17
2 83
6 51
10 23
4 4
9 79
5 58
10 82
6 60
4 45
7 33
3 19
10 19
10 27
6 67
5 37
5 29
5 70
6 2
6 21
1 86
8 51
6 36
6 71
3 20
8 55
3 41
5 21
8 88
10 33
3 57
7 44
3 33
9 5
8 5
6 76
1 14
6 9
5 78
4 18
10 43
5 57
10 3
8 81
1 97
5 88
1 6
10 55
6 31
8 62
10 51
6 30
8 1
6 69
10 18
4 74
7 85
9 62
1 83
3 15
5 22
3 75
7 61
3 100
4 3
10 48
10 65
1 81
2 97
10 4
8 94
5 42
9 10
1 7
1 76
9 2
8 19
2 58
7 79
7 5
5 39
10 36
9 7
6 43
5 68
7 1
10 70
10 39
5 99
1 98
8 3
3 20
1 72
5 2
10 23
9 8
2 4
6 33
3 8
8 77
7 77
3 17
4 76
10 22
7 18
7 78
9 20
10 60
1 18
4 87
5 90
9 10
5 55
5 27
9 29
9 91
5 40
8 51
1 54
4 33
7 33
4 40
7 6
1 25
8 51
4 27
2 44
6 28
4 15
1 23
4 65
6 57
3 61
6 79
2 24
5 37
8 91
2 87
6 54
5 81
4 29
1 92
2 53
7 20
3 44
3 85
8 54
4 3
5 37
5 90
5 56
2 26
9 28
4 76
6 3
1 94
8 91
7 10
4 20
3 63
8 86
3 79
8 98
10 81
10 18
3 91
2 60
9 92
2 56
5 13
6 11
8 5
4 25
10 84
8 18
1 100
3 5
3 31
1 89
3 30
6 66
8 71
10 72
7 95
5 39
1 85
5 20
6 90
4 3
6 42
2 18
10 57
2 85
9 33
9 32
8 88
9 60
8 69
10 33
2 86
5 70
6 77
5 18
2 38
3 78
9 9
7 25
4 61
7 87
5 92
2 39
3 54
1 84
1 13
6 39
3 75
2 12
6 88
10 94
8 27
2 76
7 92
4 3
3 79
4 66
7 56
5 6
2 83
4 94
9 64
7 94
10 5
10 20
3 95
7 32
7 65
7 11
5 99
3 59
1 21
7 78
7 74
4 76
7 36
10 86
6 9
10 37
10 23
10 100
7 41
1 4
9 46
6 6
7 75
8 22
6 1
8 19
9 73
8 78
2 66
2 49
8 89
1 17
3 14
7 31
4 26
4 45
9 41
8 5
2 8
2 20
1 69
10 9
5 30
10 91
2 7
6 93
4 15
8 46
6 11
5 70
2 51
5 92
1 61
3 80
8 20
6 12
3 43
1 68
9 52
2 4
10 52
8 88
8 7
10 47
5 32
4 39
7 67
5 40
9 32
7 59
1 13
5 11
3 32
7 21
5 11
7 89
9 33
1 73
9 86
10 29
7 54
4 36
4 14
2 14
2 60
5 35
10 7
7 17
8 84
1 58
9 88
9 22
3 74
1 4
6 35
8 7
7 93
10 75
8 9
3 74
10 23
4 27
3 37
2 33
5 35
2 77
9 98
7 62
3 82
2 97
7 55
9 10
2 29
9 94
3 4
10 51
1 3
8 50
7 23
3 4
10 89
4 61
10 14
10 94
9 27
3 21
1 5
10 66
1 93
5 64
2 66
1 11
3 89
9 50
9 26
3 38
8 89
7 58
2 87
6 13
10 20
5 82
5 77
1 83
1 91
8 90
5 15
10 19
4 77
4 38
7 13
8 70
8 81
1 45
4 25
9 76
10 40
6 58
9 96
6 64
5 90
3 82
7 47
5 82
3 79
5 31
1 49
8 57
7 59
7 68
9 89
4 3
4 48
8 80
3 38
4 61
9 97
3 9
8 43
8 58
10 3
3 71
3 65
5 83
7 53
6 57
7 58
4 85
4 57
4 56
5 73
6 12
4 53
6 28
7 75
6 84
3 61
7 28
9 41
1 35
10 97
6 86
9 45
9 51
2 25
7 94
9 75
8 15
6 59
8 38
8 58
4 23
3 68
10 85
1 82
2 42
5 12
9 17
4 77
4 85
3 25
5 70
7 36
3 95
10 61
7 63
7 28
10 72
5 22
8 1
9 83
9 24
6 31
10 49
8 54
4 54
2 77
8 93
7 71
3 51
5 44
6 71
6 90
4 47
8 9
7 83
3 53
9 76
5 64
3 27
7 93
1 35
6 1
9 13
5 32
10 44
8 64
8 2
7 67
8 35
4 51
1 100
5 27
3 87
10 12
8 85
1 5
5 60
6 45
10 40
7 28
4 66
9 93
9 45
6 39
6 57
2 22
8 69
10 89
9 60
9 91
5 33
4 79
3 100
4 20
5 81
6 46
3 56
5 3
5 27
7 27
6 5
7 11
9 63
1 32
9 29
7 84
8 17
6 82
10 68
6 76
3 4
3 98
1 99
9 58
3 31
6 98
7 54
4 14
8 32
10 67
7 83
8 45
5 7
7 46
6 24
5 24
9 21
2 21
9 51
4 9
7 55
7 5
7 17
5 43
8 94
8 87
6 77
2 17
7 26
8 76
6 27
2 39
5 97
8 91
8 19
1 86
5 30
10 63
9 10
8 42
9 84
7 11
1 57
10 15
8 6
10 47
10 14
4 46
5 74
1 30
7 16
5 39
9 81
6 76
6 36
4 15
1 90
9 59
5 72
6 37
10 72
7 64
7 5
7 46
9 14
1 13
10 58
3 34
5 98
5 93
8 80
4 94
1 85
7 84
10 45
5 49
9 58
2 74
10 91
8 33
4 76
3 77
9 84
4 1
3 10
8 18
10 42
5 46
8 27
9 38
2 86
3 36
2 82
7 38
5 61
5 32
5 100
7 8
3 99
1 81
9 66
1 53
3 61
8 93
10 58
8 7
5 4
5 74
8 90
9 39
5 47
7 43
4 74
10 26
1 55
5 18
1 89
3 88
1 86
5 41
9 24
6 21
5 34
7 39
3 56
4 17
8 52
8 66
10 59
10 73
1 7
3 64
3 87
8 83
6 36
2 11
8 31
7 32
8 34
4 63
8 16
7 93
8 69
9 89
5 49
3 95
7 92
6 27
1 56
5 29
1 4
2 32
1 51
5 71
5 17
5 26
1 80
2 50
10 69
9 99
5 50
9 28
2 90
