9 92
10 84
7 49
8 23
7 24
3 32
1 72
10 72
5 19
3 4
3 12
7 85
4 43
7 70
2 59
4 64
3 4
9 78
1 33
5 11
9 98
1 97
3 41
4 51
8 60
2 83
6 87
1 14
3 25
5 37
7 90
9 31
1 35
3 25
9 70
8 50
10 88
6 95
4 64
2 34
6 2
6 8
7 34
10 40
5 76
6 57
6 18
9 99
8 85
4 62
4 36
1 8
5 73
8 92
3 6
1 70
8 21
3 92
2 97
9 8
9 73
9 72
1 11
9 27
5 62
2 87
3 16
5 99
9 15
7 87
2 98
9 90
8 37
7 8
1 75
3 58
7 73
10 100
9 31
5 33
1 73
3 10
7 65
2 97
5 13
5 100
4 21
10 3
4 38
7 11
6 16
8 93
4 74
5 55
1 33
2 62
4 12
2 14
8 99
4 2
6 18
6 59
8 98
7 5
3 59
10 9
3 33
6 74
4 89
6 15
5 54
10 42
10 22
2 87
4 39
7 68
2 28
4 33
10 85
9 47
4 10
3 98
2 33
2 53
6 26
4 59
2 64
1 32
6 58
3 61
7 92
4 65
8 1
3 48
1 87
4 78
10 13
1 78
9 12
7 65
3 64
6 99
4 3
7 81
6 90
5 24
4 47
2 89
4 74
1 70
7 19
7 22
6 34
1 49
7 71
9 55
6 9
8 36
7 74
5 88
9 28
2 45
1 31
10 69
3 24
8 66
4 42
10 58
7 11
3 36
6 89
9 39
4 84
2 64
3 81
5 42
5 53
1 58
9 61
4 41
9 77
5 28
6 54
2 15
6 89
7 26
5 79
5 28
6 40
9 89
5 65
5 91
9 33
5 21
2 43
10 25
9 62
6 72
9 30
10 77
8 12
4 67
7 44
9 31
7 19
3 49
5 33
1 27
9 16
6 81
1 52
1 100
8 46
1 15
7 48
8 99
6 100
7 47
10 9
9 48
5 27
8 10
8 93
8 5
2 74
9 58
6 25
10 99
1 39
9 51
8 92
4 90
1 97
9 98
5 17
3 22
8 13
2 40
2 86
5 77
9 35
10 100
1 1
10 46
6 20
10 82
2 50
7 54
4 47
7 36
5 40
9 18
9 6
3 29
3 3
3 13
5 43
3 88
8 81
1 4
1 69
4 95
3 95
8 86
1 42
8 70
4 11
3 11
10 100
5 86
2 25
10 27
5 66
3 72
7 19
9 82
1 49
9 6
1 91
5 3
3 9
8 94
6 17
9 42
9 20
8 20
9 79
8 48
8 95
4 58
10 90
9 87
7 13
3 59
6 53
1 52
8 2
5 50
9 14
5 55
1 65
2 5
5 26
10 55
9 16
9 29
5 91
6 5
10 30
4 54
8 69
3 66
5 39
4 29
7 59
6 34
10 33
5 83
4 9
5 33
3 87
9 53
2 21
8 49
3 38
3 32
5 92
5 53
10 10
2 31
2 96
4 22
1 35
7 37
6 40
10 62
1 1
5 38
9 77
1 10
4 50
6 99
5 69
9 69
4 97
7 84
6 75
8 4
1 82
4 72
3 100
9 77
4 26
4 72
6 10
8 14
5 6
7 53
9 52
10 81
10 93
1 57
3 87
5 51
3 16
9 54
10 56
8 99
3 91
7 8
5 68
10 82
5 6
5 9
1 22
9 18
5 34
7 12
5 41
1 52
8 59
2 48
1 72
8 48
2 18
3 81
6 12
1 57
1 10
10 55
4 38
6 51
10 52
9 3
3 51
8 83
1 57
3 43
3 65
5 19
2 28
3 18
7 17
10 20
8 14
10 31
3 1
6 34
10 63
7 69
8 40
1 28
7 100
9 94
3 11
4 97
1 48
8 53
1 52
10 71
2 81
10 70
10 26
2 32
4 83
8 82
2 5
5 90
7 69
5 9
7 44
2 82
8 48
8 6
2 80
3 14
2 61
7 18
6 61
6 56
5 59
9 58
4 69
8 93
6 32
5 28
2 19
1 49
1 19
2 15
7 49
5 4
7 57
5 85
4 95
8 16
10 41
8 50
4 57
9 87
5 5
3 63
1 93
10 27
1 36
9 13
7 60
7 85
10 92
10 82
4 43
9 57
8 11
7 64
6 52
1 70
1 96
9 99
10 44
9 4
10 81
2 45
2 48
4 3
7 55
5 77
6 22
2 14
6 3
3 70
6 95
8 91
5 5
6 50
7 96
9 7
10 60
6 54
3 22
8 44
4 22
1 86
8 55
7 8
8 47
2 59
8 72
8 13
10 15
1 30
10 71
9 53
10 10
2 44
9 5
8 81
2 26
4 1
10 75
4 71
7 80
8 11
5 6
6 93
10 60
6 78
7 32
7 33
5 55
1 39
4 73
5 5
4 17
10 83
6 45
8 22
7 50
10 66
7 62
5 35
8 34
7 34
5 64
7 57
10 19
8 27
4 59
5 81
9 39
10 86
10 33
6 19
5 69
9 32
7 38
3 54
10 23
3 54
9 65
2 87
6 30
10 8
7 98
2 9
6 70
8 88
5 4
9 51
7 25
9 86
5 54
5 71
1 77
1 35
5 31
9 35
1 96
9 3
7 39
3 24
4 77
10 56
6 13
1 21
8 42
2 6
6 5
10 54
7 49
7 51
4 80
6 90
1 85
6 38
2 53
1 27
6 8
5 74
7 20
2 3
2 32
3 94
4 51
8 6
3 51
7 52
9 95
10 68
1 45
9 91
2 100
10 94
2 86
6 2
7 58
9 5
9 15
1 73
10 56
9 96
4 87
7 61
6 89
4 37
10 87
8 1
10 93
7 60
8 93
7 89
10 59
9 5
2 70
6 91
8 54
10 76
7 85
2 98
8 36
4 64
7 1
10 84
9 72
3 6
9 91
8 77
9 93
7 25
9 67
10 92
4 14
8 49
9 41
1 39
5 100
6 42
6 9
6 37
3 31
4 48
9 53
1 64
2 79
3 53
2 100
9 17
2 2
7 24
5 59
10 100
1 88
7 34
6 53
8 34
9 56
6 73
9 35
5 41
8 82
7 31
6 34
2 80
3 25
4 73
8 78
5 30
2 44
10 49
3 35
6 1
10 43
6 58
1 21
9 52
5 96
6 5
6 97
8 79
7 24
1 67
1 60
9 7
9 45
1 83
2 72
1 41
4 55
1 54
6 3
5 29
1 64
2 39
8 9
1 73
7 58
8 23
5 31
10 41
4 78
7 100
5 72
1 2
8 4
3 23
10 69
7 29
2 31
2 91
3 90
9 46
6 15
1 28
5 93
6 95
10 43
4 15
7 63
10 20
10 51
10 83
6 55
6 26
4 36
3 91
1 92
10 46
4 44
6 68
2 76
4 97
5 25
8 24
9 89
1 23
4 59
7 98
5 33
7 42
5 84
7 43
1 55
7 1
6 49
3 36
2 61
1 43
9 91
9 45
10 22
9 3
6 96
9 49
10 58
6 64
5 10
9 40
2 83
3 56
7 44
2 59
4 48
3 22
9 58
7 80
5 89
2 45
2 47
1 72
8 80
1 84
2 18
5 26
5 67
10 53
1 36
1 79
4 49
4 20
9 77
6 74
9 56
4 40
8 24
3 99
2 97
4 58
4 25
4 89
2 5
1 74
8 62
10 25
7 64
5 83
4 65
2 66
9 29
5 84
4 89
9 1
1 95
10 30
3 6
5 96
2 23
6 70
6 12
2 77
9 85
7 86
8 21
9 37
10 22
10 25
8 21
8 95
6 44
2 37
8 22
4 60
2 59
5 9
3 89
3 18
3 47
2 49
9 53
9 87
9 29
2 39
4 41
1 96
8 77
6 77
9 84
9 52
9 23
5 68
7 66
2 5
10 40
6 40
9 2
9 51
7 71
3 18
8 47
9 37
8 30
6 60
7 93
5 38
1 88
2 77
4 42
8 33
3 26
10 3
7 99
7 46
3 96
10 11
6 98
8 34
1 55
3 61
6 79
7 16
10 10
7 66
3 14
9 51
2 67
8 19
5 96
8 80
9 4
3 48
4 99
6 7
7 96
10 12
7 69
5 26
7 53
10 25
1 81
1 23
1 97
6 71
2 66
3 88
10 23
2 71
7 37
1 19
3 5
1 13
4 88
8 17
8 77
1 48
10 91
9 16
5 29
5 54
1 29
2 7
10 53
10 19
9 45
6 51
5 93
10 1
8 46
10 21
3 62
7 94
5 81
2 52
7 35
5 18
4 92
5 53
2 82
1 52
7 34
9 58
10 42
7 6
6 23
1 97
2 39
3 44
4 6
2 84
7 63
8 98
8 79
3 41
4 1
8 67
5 12
2 1
6 46
9 70
6 62
1 35
7 78
7 16
1 11
8 35
5 85
4 7
4 18
7 8
5 96
5 46
2 32
9 12
2 11
5 92
8 27
3 16
1 13
7 23
9 51
9 7
10 33
9 55
10 58
9 98
10 93
10 7
8 61
1 94
9 39
3 36
4 27
4 43
