9 92
7 60
1 70
3 29
2 18
10 80
3 90
2 57
10 34
3 65
9 64
7 4
8 96
8 49
9 49
7 96
3 14
10 76
1 2
6 15
5 51
10 99
10 13
2 96
3 52
9 44
5 31
9 58
5 28
8 58
8 98
10 58
3 65
8 15
9 54
8 47
8 59
4 67
6 93
7 29
9 96
4 32
1 56
5 36
9 100
1 38
6 37
9 16
2 13
10 13
10 25
10 8
5 28
6 79
5 9
1 13
5 24
7 65
9 46
4 42
10 84
7 31
7 39
9 94
6 46
4 10
4 55
1 55
6 79
10 32
5 65
10 67
10 43
9 15
8 2
2 63
7 7
6 35
7 95
5 85
3 43
4 67
6 85
5 28
6 68
3 40
8 94
6 20
7 85
2 91
8 71
9 84
7 59
10 13
8 33
3 53
10 74
3 30
5 10
7 78
3 67
6 37
10 35
1 48
7 17
4 92
10 85
6 20
3 14
7 5
4 58
6 62
3 61
4 17
3 26
7 18
10 80
9 61
9 84
3 30
5 93
2 97
6 81
10 52
6 38
7 31
2 81
5 95
7 42
5 31
4 58
7 27
9 35
4 70
5 78
8 23
4 95
2 52
3 98
9 12
10 89
1 92
8 31
10 17
10 35
10 100
5 90
9 46
5 19
6 95
10 25
8 71
5 56
2 73
7 96
1 28
1 64
3 15
3 59
3 72
8 89
2 48
9 88
9 71
10 82
7 76
5 91
2 25
5 37
9 30
9 76
5 27
8 99
5 95
3 69
7 47
8 13
9 84
8 7
3 22
3 34
5 34
2 87
8 58
3 60
10 25
3 94
2 46
5 42
8 46
1 94
7 11
10 77
2 86
10 36
10 82
9 69
3 63
4 82
5 82
9 34
9 48
1 92
6 80
2 53
2 63
1 37
1 3
6 42
2 96
9 57
7 8
1 21
8 37
7 94
4 52
6 55
2 5
1 81
8 70
10 60
5 35
6 39
10 92
7 59
4 97
6 14
7 47
4 7
10 7
10 58
3 45
8 46
8 79
9 14
3 56
3 54
6 92
3 75
8 34
2 6
3 73
3 97
6 28
5 47
7 25
7 99
4 57
2 61
9 2
2 37
3 22
6 81
8 3
4 86
4 57
3 42
8 44
5 65
8 83
7 65
6 23
2 100
10 79
6 27
2 54
8 70
9 19
7 71
6 85
2 14
3 100
2 82
8 71
2 43
1 7
1 33
3 89
1 78
6 48
7 35
7 92
10 11
3 67
5 34
7 77
4 2
9 63
10 72
4 56
1 37
6 73
6 27
1 15
10 32
9 16
7 19
8 50
9 35
1 40
2 16
1 95
4 35
1 76
3 98
5 93
8 15
2 33
8 91
1 98
5 78
7 2
2 1
4 94
5 39
7 76
1 34
6 47
6 71
3 13
5 22
7 25
3 3
6 11
4 65
2 57
6 49
2 15
5 66
4 39
2 69
5 28
1 84
10 42
10 54
5 99
9 50
9 8
8 52
9 42
4 96
3 92
3 52
1 99
1 31
8 1
2 65
3 35
3 98
1 86
8 11
8 37
1 55
3 70
9 59
3 2
3 90
7 19
6 32
1 49
7 38
6 84
1 38
10 30
2 8
2 85
9 42
3 44
10 5
1 19
6 26
2 45
9 41
9 58
7 72
10 70
4 60
1 17
1 32
2 29
9 34
1 85
2 32
4 48
10 36
2 20
5 69
2 97
7 94
6 29
8 48
4 85
4 9
5 66
10 11
4 43
7 80
2 72
9 8
10 100
2 88
3 55
10 43
6 90
5 33
7 1
10 81
1 36
1 88
3 5
2 29
9 81
2 34
10 50
5 35
2 49
2 21
6 50
5 44
9 6
4 67
4 69
7 79
3 44
8 59
7 61
3 63
1 31
6 79
2 77
4 32
4 67
7 54
3 52
4 72
6 71
4 78
2 4
2 44
2 72
6 73
1 6
7 7
1 60
8 93
6 50
1 91
3 57
2 89
1 93
1 9
7 5
6 70
5 64
1 54
9 66
8 29
10 88
8 60
4 17
8 6
8 30
2 69
5 4
2 52
4 85
8 16
6 2
9 93
1 57
7 69
4 19
10 12
10 3
1 63
2 94
8 79
8 7
2 69
2 48
8 61
4 41
10 99
5 47
6 86
3 5
4 4
10 26
9 95
6 60
2 63
5 30
3 52
1 79
1 11
10 8
3 74
10 67
7 33
6 55
6 29
10 49
10 35
10 85
9 44
9 22
6 56
2 46
3 65
6 9
9 80
5 45
6 60
3 41
8 15
3 16
2 1
6 62
9 70
4 45
9 52
9 8
1 3
2 57
5 2
5 94
4 72
9 39
4 47
3 58
6 20
9 67
3 96
1 79
9 39
9 17
7 71
2 68
10 32
3 13
2 35
9 68
6 49
9 37
8 43
2 18
5 85
6 76
7 88
10 76
9 27
6 19
10 13
6 61
7 13
9 27
3 72
10 53
9 22
2 8
9 96
9 81
6 56
1 50
5 66
3 65
6 96
7 36
9 26
4 56
10 20
3 30
8 37
8 19
7 68
5 4
10 2
10 47
4 48
5 6
9 70
6 2
1 21
10 7
5 14
4 91
9 17
6 96
7 49
2 20
2 85
2 44
7 72
5 69
7 74
8 63
4 28
2 83
3 59
10 85
9 28
7 64
10 71
7 26
9 58
6 51
4 37
9 49
3 56
10 2
3 93
3 7
3 64
10 29
2 69
10 86
6 86
10 65
5 94
4 84
1 46
5 64
7 66
6 3
8 89
9 53
10 70
10 8
4 54
2 99
2 48
10 85
1 22
2 40
2 79
3 69
10 15
5 31
9 15
6 53
3 34
1 44
8 59
5 30
8 86
8 45
5 74
10 11
1 42
6 68
5 89
7 42
7 19
6 5
2 65
4 52
8 72
5 70
9 47
6 78
5 88
9 35
9 46
7 56
5 52
3 93
4 49
5 42
10 95
9 56
6 22
9 83
10 48
10 12
9 11
7 48
1 55
1 81
10 38
10 7
6 77
5 36
7 54
4 78
7 43
8 50
10 26
10 67
10 68
9 96
10 6
6 16
7 37
10 27
3 6
4 5
9 33
6 7
8 4
8 10
9 79
8 58
6 12
3 68
5 41
4 20
2 57
6 9
6 28
7 50
10 58
7 86
2 64
5 44
5 84
7 42
5 63
4 84
9 84
6 78
6 27
1 66
4 67
6 95
7 29
1 12
8 7
7 69
2 46
3 14
2 53
4 77
10 47
10 24
4 55
1 88
2 86
3 28
8 48
5 40
5 41
2 71
6 25
5 19
1 95
4 21
6 80
9 15
8 86
6 19
1 84
9 47
2 29
10 85
9 25
3 66
5 38
10 14
4 50
4 72
6 95
6 89
5 92
1 22
6 78
8 27
3 87
3 14
9 14
4 74
5 29
8 62
4 97
8 29
6 32
4 91
5 45
5 58
2 17
7 84
5 61
3 6
1 1
4 42
4 48
4 77
9 49
10 35
3 10
6 57
4 91
1 53
3 59
10 93
2 44
1 38
8 45
10 79
1 61
6 39
4 90
2 52
1 4
2 34
9 45
3 24
5 50
1 90
7 83
4 52
7 72
2 47
7 100
5 14
9 88
9 37
8 2
8 13
3 74
3 51
1 61
1 72
8 97
2 89
4 35
1 37
2 30
6 32
8 71
6 31
9 81
7 31
6 2
7 26
5 64
8 85
10 96
2 55
2 61
4 75
6 81
1 39
6 77
8 13
8 70
10 22
3 25
6 9
1 27
2 46
1 61
6 21
2 89
9 35
4 17
2 4
1 66
1 62
5 37
10 1
6 61
7 100
2 66
8 81
7 29
4 49
6 34
1 31
4 71
5 47
8 14
7 7
2 22
2 6
7 11
1 49
3 4
5 68
3 31
4 17
9 32
6 99
2 70
1 94
10 79
2 59
4 15
2 21
10 5
8 72
10 14
2 5
2 27
1 97
8 17
4 6
9 48
9 29
9 17
8 87
10 42
10 64
4 80
9 85
9 51
7 62
10 91
9 28
10 10
10 9
9 43
3 23
10 77
6 94
3 96
5 26
7 58
10 96
1 50
8 81
7 76
9 82
7 17
7 55
4 96
2 27
8 10
6 1
8 23
10 77
9 23
3 54
5 4
8 49
10 29
7 7
5 12
5 15
7 28
10 18
10 59
9 8
8 60
3 88
5 49
4 100
7 64
9 76
2 76
9 6
1 99
5 31
2 94
4 41
9 73
10 28
2 13
8 42
7 72
2 23
6 93
9 66
3 37
9 68
1 50
9 23
7 14
9 70
1 60
6 12
4 47
6 54
3 68
5 15
9 39
2 79
10 29
5 36
5 94
1 1
7 10
4 84
2 62
4 24
6 68
7 44
10 11
3 20
5 22
7 13
3 20
10 20
6 83
9 32
5 62
3 96
1 7
3 93
8 30
6 13
