4 22
9 71
7 78
8 43
7 32
5 61
7 46
9 45
3 39
9 43
1 25
8 82
9 24
1 98
9 8
2 62
7 15
6 87
9 37
7 36
4 14
1 14
3 6
2 36
1 11
8 69
8 63
9 26
3 51
10 68
8 41
6 90
2 27
8 56
9 67
3 28
4 8
2 94
6 97
1 15
10 24
2 46
2 8
7 28
9 13
6 50
4 19
6 61
6 54
1 14
7 13
9 36
4 37
2 35
8 82
6 15
10 10
10 18
7 33
7 79
2 64
5 92
9 53
2 83
8 36
4 85
6 90
6 84
5 27
5 63
3 46
8 8
4 100
6 49
3 61
8 44
6 1
7 78
7 39
8 35
9 81
4 85
6 55
4 67
6 13
4 45
1 40
6 89
5 28
10 40
7 61
10 90
6 76
2 45
4 38
7 62
2 68
9 67
4 98
9 98
6 50
3 81
6 96
4 75
2 57
3 61
10 92
7 23
10 93
10 55
10 5
10 48
6 63
5 14
4 82
2 32
6 16
1 15
4 35
9 5
9 98
10 42
2 79
4 1
1 20
3 86
7 64
9 1
4 37
1 14
10 28
9 42
7 49
10 59
9 56
8 21
5 45
7 62
3 89
4 56
7 73
7 73
10 36
10 72
3 13
9 27
4 67
9 80
6 2
8 98
3 68
1 44
3 80
2 33
3 46
6 49
3 80
6 52
7 9
4 49
8 16
1 97
7 40
1 26
10 11
4 58
8 98
10 73
4 68
8 8
8 87
6 20
4 76
4 35
3 9
2 74
8 34
6 92
3 54
7 63
8 40
9 49
1 38
2 82
2 69
3 1
7 55
4 85
7 43
10 62
6 19
5 29
4 63
9 5
5 41
10 84
5 45
5 38
10 29
10 100
3 71
8 74
7 95
3 71
7 11
4 50
9 44
1 98
8 31
6 66
5 18
6 80
3 2
10 69
2 30
8 82
10 70
3 45
4 30
4 46
3 9
6 9
10 74
2 19
9 22
3 73
9 56
4 4
5 59
5 90
4 22
9 54
10 46
6 28
9 36
3 48
4 46
5 1
6 100
5 30
3 28
7 97
9 4
3 28
1 64
10 58
6 44
2 17
2 43
10 66
2 6
6 47
5 8
4 89
6 71
9 23
3 9
2 74
10 13
5 7
8 92
7 11
9 69
9 62
3 53
8 55
10 55
3 52
9 64
9 53
10 46
4 96
3 57
5 1
10 15
6 7
2 25
9 71
2 11
6 3
3 91
8 92
5 16
2 74
1 82
4 14
1 14
5 91
10 91
6 56
6 3
1 29
4 65
5 1
9 77
8 1
2 47
2 47
2 80
5 14
4 81
1 10
6 78
1 8
3 1
9 29
3 28
3 96
3 93
1 5
8 40
8 87
3 87
1 82
7 79
5 8
1 31
1 35
9 70
5 41
9 9
7 66
5 31
2 86
2 90
7 27
9 54
4 58
7 24
9 12
6 58
3 3
9 11
7 43
8 99
6 35
3 56
3 29
10 99
7 83
4 70
10 35
2 15
3 14
7 31
5 77
1 76
7 44
4 72
5 4
6 92
3 73
4 22
9 25
10 52
9 81
10 94
6 30
3 30
5 31
7 34
1 29
4 34
3 79
1 64
3 17
8 38
7 29
3 51
5 91
10 15
6 74
5 54
1 10
4 11
6 76
10 2
7 36
1 3
5 83
6 9
2 39
4 88
1 12
9 51
6 9
3 3
2 91
2 57
6 25
6 11
8 9
8 87
2 39
10 23
9 57
10 45
5 60
2 90
1 62
5 86
10 16
8 13
4 91
4 13
2 78
2 29
7 12
6 57
1 100
9 23
7 81
3 62
4 10
4 25
1 38
8 56
4 53
4 8
3 55
4 57
7 81
8 82
5 59
2 43
4 25
2 6
2 98
10 65
1 43
7 52
3 29
1 73
4 3
3 16
3 50
5 16
3 2
1 21
4 38
1 79
1 65
1 1
9 61
2 18
6 65
7 80
6 22
5 56
8 18
3 34
1 30
5 32
5 94
3 78
4 83
8 47
3 28
8 75
4 98
6 25
2 87
7 8
1 18
9 47
1 90
4 74
5 53
1 63
9 55
2 54
1 12
2 69
4 58
1 25
5 44
5 86
8 61
5 5
5 13
3 72
7 60
3 26
2 51
9 50
8 43
7 28
8 5
10 51
4 48
1 65
9 48
4 92
4 68
8 77
6 87
6 41
5 10
10 20
5 70
4 54
1 25
6 20
9 96
5 27
8 4
4 66
1 86
2 61
6 6
6 11
10 3
2 32
8 66
6 40
10 24
8 57
10 85
10 83
9 83
2 15
7 32
3 61
6 53
10 19
1 49
1 76
7 46
6 66
8 10
3 93
2 17
10 96
7 19
1 17
9 38
2 48
1 59
4 24
2 22
9 68
9 55
1 11
3 51
6 79
5 12
4 91
7 2
2 6
8 40
9 88
9 55
4 46
6 13
6 15
7 13
8 38
6 2
8 37
4 15
9 11
7 83
9 19
7 67
9 37
6 2
6 79
7 68
2 41
1 6
1 25
8 41
8 2
9 45
6 24
3 10
2 62
5 24
6 24
1 100
7 84
3 7
8 3
6 77
1 44
8 15
9 70
4 71
1 53
5 25
3 55
10 43
2 51
5 13
3 98
10 40
9 55
9 26
1 42
1 99
1 93
7 74
8 19
9 54
6 81
6 56
9 91
4 28
6 12
7 44
4 78
6 8
4 81
10 35
1 28
4 2
7 55
3 61
2 11
5 68
7 19
6 88
2 79
4 82
9 20
9 83
3 76
10 52
9 20
8 90
6 95
2 98
9 73
7 42
7 19
1 34
3 74
6 15
6 12
6 56
8 58
1 32
2 90
9 15
3 18
5 99
4 50
4 34
8 37
9 63
9 6
2 59
6 100
5 11
3 76
7 24
10 88
3 86
9 99
7 22
1 48
5 46
10 22
8 19
10 17
1 100
8 20
3 21
5 32
5 99
8 26
3 66
4 32
6 58
8 80
3 12
10 58
1 52
4 13
8 37
6 46
2 55
6 34
8 5
1 78
4 55
1 8
5 56
5 19
10 66
5 3
9 46
10 96
8 36
1 27
7 43
4 48
6 13
1 63
7 30
5 73
9 52
3 34
6 92
6 1
9 7
4 71
7 88
4 6
7 78
7 27
6 58
5 28
2 47
3 3
7 10
3 30
2 16
8 60
9 79
7 22
10 58
5 61
3 85
4 40
5 70
1 93
7 81
6 99
7 68
7 79
5 78
5 58
1 9
5 99
1 16
7 62
2 26
6 20
1 99
3 38
3 68
3 54
5 65
10 24
4 91
2 55
1 29
2 23
1 38
2 99
6 28
10 29
3 95
2 29
5 7
1 88
9 36
8 1
8 50
8 50
2 55
10 26
3 77
1 94
6 3
3 42
8 42
5 87
7 41
7 95
8 44
1 37
10 99
9 54
1 8
5 41
8 17
4 56
3 39
3 55
6 84
10 78
5 72
4 71
8 72
6 26
5 56
1 47
6 16
4 46
7 50
10 24
9 94
6 57
3 78
7 26
5 1
6 71
10 100
6 95
1 17
2 83
5 12
8 88
3 31
5 100
8 4
4 77
10 11
8 66
1 23
3 31
3 23
6 16
9 54
8 85
1 38
9 13
8 67
4 93
4 100
6 41
1 100
4 62
8 94
2 91
10 46
7 82
6 88
2 45
5 40
5 23
2 65
6 53
10 82
10 90
8 67
9 40
6 96
10 25
7 29
3 27
1 14
4 74
7 86
6 83
7 68
2 11
4 81
10 82
3 53
3 84
3 88
10 6
3 9
5 32
10 47
1 46
8 68
8 25
8 88
7 93
1 78
10 26
6 30
7 28
2 43
4 33
1 16
3 85
1 10
9 16
10 4
9 88
7 100
2 81
9 62
6 92
3 27
4 76
5 88
7 72
4 61
4 33
1 93
1 88
5 76
9 25
8 65
7 35
2 61
8 80
9 8
1 35
4 3
3 21
1 60
8 26
8 19
2 26
1 37
3 52
8 19
1 3
10 84
9 76
9 44
5 64
4 38
8 74
5 14
8 69
8 64
4 80
2 20
1 59
3 39
1 92
8 90
6 54
10 99
6 33
6 61
9 62
2 45
9 86
8 99
10 60
4 22
7 56
2 65
3 4
10 27
2 29
3 54
1 77
4 64
8 49
8 71
5 66
5 28
3 87
8 71
4 41
2 65
9 50
4 70
6 92
9 9
1 13
8 59
5 18
2 5
10 41
8 39
2 72
5 47
10 51
5 25
5 98
9 5
9 93
2 70
7 81
10 82
2 83
8 28
6 72
9 97
10 32
8 5
3 84
6 66
1 16
4 27
2 73
3 34
2 61
8 98
10 25
3 68
6 96
7 66
2 74
7 33
4 30
8 76
7 6
5 5
10 54
10 70
9 44
6 4
10 39
9 18
1 29
8 13
9 63
2 69
