4 100
3 3
2 66
2 53
9 53
6 8
5 19
4 89
8 55
9 85
6 60
9 75
10 86
5 56
8 66
10 5
1 54
10 44
9 52
10 37
10 9
2 7
10 85
7 52
6 29
8 77
8 88
6 47
4 52
5 64
9 35
9 59
1 2
9 95
10 48
2 6
2 87
10 69
3 56
6 65
10 86
3 94
9 26
3 47
9 34
9 38
8 57
5 16
3 58
2 18
1 9
10 25
2 74
4 28
4 79
1 52
7 59
9 36
1 42
9 27
10 4
8 51
7 26
10 3
1 19
5 12
2 44
8 78
7 76
4 15
9 3
8 30
4 74
9 87
6 51
2 30
6 66
9 29
4 53
7 10
10 21
3 38
3 71
6 36
5 7
9 95
3 91
2 55
10 24
4 47
8 97
10 76
4 16
4 2
8 31
6 14
2 80
10 18
10 38
2 40
7 92
5 10
5 72
2 95
2 17
4 53
9 17
4 95
7 18
6 89
8 47
8 66
5 60
6 70
5 36
8 98
4 20
8 41
3 40
4 21
7 28
10 88
8 26
1 53
8 8
5 86
4 66
4 39
2 5
7 73
8 9
9 45
5 13
4 21
8 2
3 78
10 23
10 35
6 56
5 98
3 17
7 53
3 15
4 85
5 18
4 91
1 70
8 42
4 36
7 45
2 27
6 81
4 37
2 64
7 76
3 12
2 3
3 95
3 26
10 3
4 97
2 100
9 66
7 61
7 41
7 21
10 85
3 24
4 73
1 19
9 1
8 52
4 20
5 78
7 60
7 34
4 52
1 72
2 89
10 25
9 39
6 93
2 96
8 80
4 13
2 34
10 80
6 77
3 97
6 20
3 8
10 38
8 5
4 99
7 28
8 31
7 52
8 49
1 67
2 20
1 87
7 98
1 92
7 37
4 82
8 36
2 34
4 70
5 58
3 82
2 10
6 23
10 7
7 78
5 26
8 42
9 64
2 52
6 57
10 65
7 11
1 30
4 59
7 83
4 88
10 16
6 88
9 48
9 95
1 83
8 14
4 99
10 56
6 35
6 92
4 45
5 56
8 82
9 63
1 21
6 75
4 36
1 53
9 27
8 86
2 59
10 14
1 34
3 19
3 11
5 13
7 84
8 21
6 73
1 93
9 99
6 43
3 96
8 22
10 35
3 50
9 28
9 30
7 88
6 49
1 48
8 14
9 67
5 82
7 81
6 85
10 74
4 100
6 28
8 73
9 14
9 84
4 73
3 79
5 53
7 50
1 66
3 37
3 30
3 79
5 32
10 47
8 93
1 62
8 26
9 73
5 37
3 56
2 59
4 100
2 69
1 14
8 2
4 34
6 72
1 31
1 49
1 52
1 38
3 9
9 59
2 36
4 11
10 86
3 16
8 94
4 75
7 12
6 46
1 52
6 6
4 32
9 92
3 32
1 55
9 16
3 60
8 90
2 30
2 58
5 90
9 84
1 60
8 2
1 20
4 23
8 59
5 52
6 1
6 98
10 60
1 97
2 40
5 75
2 99
4 16
7 87
3 99
4 59
7 47
7 3
1 84
9 52
9 13
8 28
10 10
8 2
4 94
9 91
5 80
1 90
10 96
1 41
8 78
4 53
5 98
5 43
2 86
3 9
1 93
7 69
8 60
6 97
10 76
10 45
1 89
8 46
2 26
8 39
7 53
1 70
3 48
6 56
1 22
1 90
8 85
6 97
2 69
5 53
10 28
3 90
10 32
5 76
5 29
4 33
4 45
10 25
9 77
8 70
8 87
3 18
1 33
6 27
9 81
7 77
2 44
6 87
4 79
10 39
5 87
5 52
2 89
3 19
4 93
10 6
5 73
9 22
3 97
3 47
1 35
8 86
5 29
3 22
1 30
2 28
10 6
2 26
5 41
1 40
4 52
8 50
9 37
1 73
10 69
7 29
7 91
8 83
10 43
2 49
3 24
2 47
3 48
8 9
8 82
3 47
8 78
4 12
2 50
3 96
9 73
1 93
9 10
3 89
6 2
8 43
9 65
4 19
5 7
3 84
9 76
1 81
9 55
1 35
7 17
3 11
10 24
9 63
4 95
7 92
2 69
5 88
3 30
8 14
1 8
9 43
5 73
6 94
7 23
3 27
6 97
2 97
2 28
3 88
1 58
7 56
7 62
7 96
4 70
4 29
8 95
7 54
1 64
4 1
5 62
7 5
2 26
7 16
7 15
8 19
4 28
3 92
2 52
1 92
6 90
2 59
5 48
9 29
1 74
3 67
9 91
9 99
7 97
7 25
2 83
5 80
9 80
2 41
9 62
7 42
8 97
4 70
1 79
8 97
7 9
9 8
1 48
9 87
10 33
2 55
6 26
6 51
6 67
5 26
9 30
3 96
10 63
5 43
2 19
3 24
1 8
10 23
8 7
4 80
2 35
8 52
4 13
1 64
5 72
8 96
2 46
7 65
4 45
6 41
3 86
3 32
5 28
8 45
1 41
4 69
1 10
7 4
7 60
3 87
6 12
10 59
5 71
3 21
10 42
7 89
10 67
5 24
5 40
2 17
1 10
10 61
7 22
2 45
8 83
10 57
7 61
2 50
7 89
7 36
2 95
10 27
6 9
4 12
9 13
5 5
7 98
7 41
4 40
6 49
8 82
6 64
10 18
8 82
7 12
2 26
10 27
9 26
9 29
9 20
2 2
3 10
2 45
9 46
2 35
10 41
6 73
3 26
1 5
6 3
5 84
6 99
10 23
2 27
2 4
9 80
1 32
2 31
3 87
6 65
1 92
6 100
3 100
1 54
9 58
9 5
4 49
9 8
8 5
9 90
1 92
5 1
10 33
2 38
5 36
4 20
3 62
4 35
10 79
3 84
8 45
8 51
9 7
4 4
4 56
3 74
8 50
3 22
8 64
9 68
7 84
6 65
10 41
6 54
4 81
4 80
5 75
1 33
9 17
1 87
2 57
9 28
6 14
4 14
5 42
7 53
9 10
5 43
10 22
6 92
1 24
1 3
4 35
6 53
7 21
2 65
10 10
9 96
7 80
10 99
10 21
1 20
10 76
5 62
2 80
8 46
7 50
1 15
8 26
8 97
4 49
6 70
2 55
5 41
7 48
3 57
9 65
1 10
2 92
2 87
7 88
1 59
9 88
2 82
7 15
2 13
3 31
4 19
7 75
10 4
5 69
4 22
3 65
8 82
4 48
5 36
1 9
7 29
9 94
8 79
9 99
2 99
5 69
4 74
7 46
1 56
8 57
10 59
4 9
1 33
8 2
10 19
9 24
5 94
10 36
4 78
1 17
5 45
9 44
8 17
9 73
1 83
2 39
3 69
6 2
2 87
3 99
9 47
7 20
10 98
7 78
4 51
7 41
4 55
4 44
9 15
8 79
8 35
1 94
7 91
7 31
6 31
1 75
6 4
7 85
4 54
10 64
6 3
2 64
1 14
9 65
2 100
6 20
2 52
2 63
7 21
3 68
10 47
5 54
7 54
10 64
8 58
2 26
1 56
4 49
8 34
1 95
7 40
10 9
2 91
1 51
7 83
6 50
2 88
1 36
3 17
10 88
1 14
7 68
3 84
3 49
4 83
9 26
6 15
5 10
5 32
2 52
7 65
6 64
2 73
2 64
3 25
8 5
7 9
6 61
2 38
7 19
8 16
3 74
8 6
3 1
3 7
10 15
10 4
7 71
9 56
5 44
2 19
4 72
4 12
8 63
10 26
9 59
2 30
8 98
3 71
4 100
4 35
7 36
3 46
7 98
2 58
7 83
7 86
2 29
9 95
6 60
9 76
7 58
7 9
10 88
3 36
2 7
9 29
2 39
10 1
10 2
1 58
7 40
4 89
4 6
3 97
5 70
1 60
6 87
4 60
8 66
5 76
9 69
3 36
1 75
7 8
6 54
2 57
4 93
7 87
2 5
8 11
6 75
5 46
4 23
5 28
8 74
10 67
7 50
9 18
5 74
1 11
3 54
8 71
3 16
9 85
2 70
8 56
8 12
9 71
7 73
6 12
7 46
4 21
8 83
7 20
8 59
2 6
4 63
8 47
4 66
4 88
4 20
2 81
3 53
9 38
7 49
10 94
8 87
9 35
4 71
5 57
7 61
10 69
5 52
3 2
8 95
2 45
9 31
9 86
2 26
6 71
9 80
8 83
4 41
9 88
3 71
4 59
5 50
4 77
3 89
5 40
9 11
4 54
7 28
3 42
7 39
10 58
7 53
4 78
10 36
3 95
6 86
5 87
5 100
7 100
3 39
8 36
4 18
6 17
9 18
9 87
7 88
1 7
8 89
9 21
5 44
2 10
3 20
4 76
2 4
3 40
7 82
1 59
7 100
2 9
1 50
4 90
4 72
2 70
1 7
2 85
2 77
8 80
7 14
9 87
5 2
10 48
4 68
9 97
1 93
10 54
3 3
10 62
9 97
4 4
2 76
3 65
4 2
1 9
8 27
4 72
5 42
1 20
9 84
5 81
