2 44
6 75
7 78
10 37
3 37
7 89
8 56
1 44
9 97
3 39
8 77
10 56
8 98
1 68
4 87
7 83
1 39
8 7
6 10
5 50
7 53
2 27
5 1
5 36
5 91
7 98
1 16
10 70
9 44
6 64
6 5
8 78
5 22
7 30
4 21
1 21
6 79
1 53
9 6
10 90
6 37
7 18
5 64
6 23
5 31
2 78
2 54
7 29
3 99
6 8
1 28
3 5
5 75
2 88
3 92
2 75
3 66
7 19
9 62
10 67
7 45
10 42
8 77
1 45
8 68
2 18
10 2
9 83
10 52
3 86
1 14
1 83
10 97
6 34
10 29
10 20
2 67
6 8
4 11
1 33
9 39
7 30
3 39
8 43
1 92
3 61
7 48
7 5
4 7
8 86
6 82
10 4
9 18
2 92
4 39
5 90
7 10
3 90
4 72
3 97
7 54
7 75
3 23
2 78
2 21
1 87
4 64
10 20
2 36
3 42
10 38
3 84
3 90
8 97
1 8
4 96
1 21
3 82
1 62
9 10
7 61
10 57
5 44
4 95
5 34
5 83
8 87
4 10
9 23
5 99
8 96
10 84
10 63
5 29
4 58
7 16
10 20
9 44
9 52
7 66
3 56
10 21
3 34
9 89
2 5
3 29
3 87
5 3
10 6
4 73
1 58
2 9
4 34
4 28
2 71
10 85
7 65
7 30
6 96
1 57
3 80
8 89
6 25
4 27
8 48
2 96
6 34
6 16
2 23
6 70
7 98
5 23
5 7
9 57
5 28
10 89
3 48
8 61
5 59
5 60
1 3
7 91
10 75
7 31
3 55
2 41
5 87
10 81
7 21
10 38
3 46
6 54
10 5
4 32
6 1
4 8
4 76
9 99
8 36
5 27
10 9
1 56
6 62
5 7
8 6
8 9
7 27
4 68
3 14
6 10
1 29
3 49
9 23
6 55
4 82
4 51
3 63
8 81
10 78
10 16
7 16
10 11
1 39
5 70
10 97
2 23
4 81
3 51
10 44
10 95
1 96
5 41
9 79
7 56
9 91
5 17
1 5
10 82
8 68
4 1
4 48
7 63
7 37
1 88
8 43
6 19
9 46
7 22
8 35
10 67
4 22
3 6
4 34
7 72
8 25
7 5
2 45
10 58
9 44
4 77
8 59
6 19
8 5
10 21
7 21
1 55
10 90
6 38
9 40
8 68
5 31
2 73
7 42
7 69
2 82
5 41
5 74
6 64
6 57
2 52
4 98
6 77
7 27
9 90
2 77
4 98
5 52
10 86
8 96
2 7
1 28
4 78
6 54
10 77
2 64
2 44
4 90
2 80
8 82
5 93
2 94
4 62
2 11
3 64
5 19
8 51
6 53
6 61
7 41
3 5
8 20
3 16
5 93
3 56
1 30
8 61
7 3
9 65
4 29
6 86
4 39
4 7
6 61
1 46
2 41
2 14
7 13
8 2
2 15
5 85
10 44
1 76
6 91
4 93
3 69
8 81
4 64
8 83
9 29
4 52
6 83
5 11
1 70
1 87
9 100
1 75
9 11
8 78
2 92
6 48
9 44
9 97
7 94
8 9
1 29
10 64
2 84
5 25
2 15
2 18
9 100
4 91
4 4
7 24
4 25
2 9
2 77
8 77
5 85
9 14
2 91
5 46
3 6
2 82
9 25
8 88
5 79
6 11
3 66
4 78
1 13
8 8
2 40
9 10
5 16
5 51
2 21
8 25
3 98
4 12
10 11
10 17
4 52
1 49
10 37
1 32
2 18
7 37
7 82
9 64
7 5
4 27
9 39
9 46
7 11
2 37
4 29
2 4
1 25
8 80
7 98
10 57
4 74
2 12
7 26
9 74
2 70
9 34
1 32
9 92
9 99
10 55
1 20
9 78
1 8
1 100
8 48
3 46
8 86
6 81
2 85
3 41
8 61
3 88
8 80
9 72
1 65
7 33
5 96
3 43
3 34
8 37
9 15
6 62
1 50
5 81
10 22
5 48
3 60
2 61
2 84
8 82
10 13
4 7
6 27
6 26
5 40
10 19
4 44
3 50
7 26
1 71
2 82
6 88
8 20
8 78
1 27
9 26
4 6
9 14
5 95
8 77
4 76
4 91
7 3
7 46
6 62
4 51
4 83
5 89
7 69
9 97
5 46
6 63
3 49
10 32
10 60
3 5
6 7
2 47
10 87
4 94
9 50
6 81
3 64
4 27
4 99
8 20
7 60
7 65
8 47
7 51
8 49
3 37
10 93
6 81
7 84
3 29
4 42
6 89
4 42
4 25
6 22
8 74
6 33
8 58
8 2
5 74
2 90
3 47
4 29
1 4
1 86
7 44
5 90
2 43
7 83
5 84
10 6
7 75
6 42
10 100
2 43
10 93
6 88
2 19
9 45
1 64
6 18
2 86
3 13
5 36
1 91
7 11
5 94
9 75
4 58
9 20
5 90
6 24
5 46
3 70
1 24
9 6
3 40
4 40
8 69
7 11
3 81
4 71
2 36
7 15
4 58
8 33
9 35
1 99
2 5
6 12
1 81
3 60
1 51
4 30
9 4
2 88
1 49
8 92
5 54
2 33
2 93
3 8
4 26
3 63
9 40
1 29
1 54
9 92
4 95
7 71
3 75
5 31
1 72
5 34
9 86
2 27
10 67
7 81
3 27
10 78
4 59
3 28
8 13
4 20
5 20
9 24
7 42
8 64
7 85
5 24
6 50
7 68
3 53
3 39
4 45
3 54
3 47
2 74
7 27
7 82
1 3
1 13
8 14
8 87
3 56
6 50
3 83
3 60
1 54
7 43
7 62
10 58
4 95
3 43
5 57
10 49
4 96
8 41
7 89
6 77
5 90
10 66
2 65
3 63
9 91
8 37
7 32
7 62
6 8
5 90
5 33
9 18
4 78
6 21
3 100
2 100
1 71
6 58
6 12
2 65
1 7
8 100
8 77
1 26
4 21
6 16
6 88
5 47
7 53
3 49
5 22
4 10
10 85
4 23
9 92
2 46
3 90
2 57
3 91
4 66
10 46
9 76
7 61
2 42
9 58
8 96
10 29
10 94
7 34
5 72
10 77
5 63
6 53
8 56
7 51
10 95
3 48
2 52
9 54
7 5
4 28
10 47
9 80
7 20
8 26
10 14
7 59
8 71
6 91
2 20
7 41
1 60
2 82
7 54
1 62
2 18
2 47
9 50
1 14
3 68
6 16
5 89
1 54
5 58
8 1
8 58
3 33
9 56
5 57
9 38
3 57
5 68
2 84
8 20
8 81
10 87
5 16
3 88
7 73
2 76
4 14
3 6
9 59
2 33
9 76
5 25
4 46
3 95
1 50
7 98
1 19
6 95
8 55
10 44
10 22
5 77
4 55
10 67
6 15
8 71
8 99
10 47
2 34
4 64
9 38
4 64
8 85
1 42
3 56
6 25
7 31
4 1
6 2
2 2
10 53
6 48
2 27
1 68
2 10
7 41
9 87
9 5
2 64
3 59
9 20
1 66
7 49
9 17
3 38
4 99
5 40
9 53
4 48
7 83
2 76
7 88
4 89
4 50
9 42
1 98
4 74
7 72
7 80
2 64
3 80
6 41
9 26
10 55
10 80
9 48
1 21
4 76
4 5
3 43
2 100
1 35
10 78
6 23
2 37
9 2
5 75
1 77
2 49
4 37
1 69
10 65
5 77
4 4
10 83
6 83
1 29
1 95
9 93
7 58
5 14
10 99
4 12
7 67
1 83
8 83
7 7
4 52
1 64
1 99
8 21
5 67
3 75
6 56
7 98
9 54
7 43
1 3
6 89
3 42
10 58
10 81
2 41
4 50
5 74
6 10
10 61
2 90
4 73
5 8
4 98
1 78
5 42
4 18
2 29
8 87
1 11
7 31
6 87
5 78
4 95
9 34
6 55
10 98
5 91
10 54
4 44
5 36
9 98
6 33
9 65
10 81
7 30
5 57
1 22
3 89
1 26
4 4
10 2
7 48
9 60
3 13
1 20
7 14
6 23
7 14
9 88
4 26
6 67
8 88
10 57
6 27
7 73
5 83
4 90
4 27
1 97
6 64
1 91
7 40
2 44
1 31
8 19
1 15
1 42
3 39
9 20
7 79
1 34
8 86
10 40
2 61
10 31
2 84
6 40
6 47
10 10
9 55
2 49
7 51
6 75
2 54
1 76
9 39
1 35
5 99
10 47
5 63
2 12
4 38
5 4
9 19
10 86
4 34
9 34
4 100
6 9
8 57
10 49
5 92
3 86
7 46
2 36
8 97
9 29
6 71
2 78
3 68
3 2
10 8
1 15
6 99
3 46
7 68
4 45
9 41
6 96
10 17
4 62
3 22
2 54
6 22
4 74
3 53
10 55
3 38
2 59
8 43
8 92
9 67
4 74
3 96
4 53
2 82
6 73
8 91
3 55
9 19
5 37
10 43
2 17
5 10
3 99
8 74
10 5
2 23
10 52
4 25
