4 48
9 41
4 99
5 91
5 44
9 33
4 93
10 35
3 90
2 56
8 72
2 19
9 4
3 16
6 83
5 84
6 17
9 21
4 30
10 18
1 1
3 38
7 16
8 67
3 81
7 81
3 92
2 64
7 42
6 60
2 62
9 97
4 83
4 4
3 9
6 62
5 32
3 31
6 44
3 85
6 95
9 67
2 54
7 53
9 12
4 99
6 36
1 78
1 25
6 67
3 75
9 20
4 58
9 12
3 72
9 19
6 4
7 82
1 2
3 77
10 21
1 96
7 95
10 69
10 9
8 68
9 29
2 51
3 92
7 29
8 8
4 71
4 99
1 23
1 31
3 53
5 78
9 99
10 46
10 63
9 69
7 13
1 66
4 20
3 25
1 63
7 13
10 17
6 90
5 32
6 57
8 36
8 40
7 56
1 26
9 43
9 63
9 92
3 70
9 3
7 92
6 20
4 71
7 67
7 39
2 27
3 92
7 43
8 89
2 59
8 5
10 63
8 41
10 87
3 86
5 7
2 21
9 94
7 77
7 2
8 79
5 83
9 22
10 22
1 82
5 4
8 67
10 28
7 12
4 13
5 49
9 81
4 27
4 76
6 71
7 5
6 66
10 100
4 80
5 96
8 15
5 28
6 67
4 37
5 68
2 90
5 80
2 65
10 68
5 74
5 45
4 82
4 88
3 70
10 96
3 86
8 100
5 9
8 53
4 83
10 89
7 35
3 10
6 74
6 50
9 100
6 92
8 42
5 37
1 18
1 21
6 20
5 41
9 45
2 86
10 82
9 35
5 82
1 3
6 49
5 50
7 2
2 4
1 21
8 93
6 46
7 84
3 13
9 29
9 51
8 21
5 37
10 90
8 89
1 12
9 30
7 45
7 77
4 4
9 62
8 32
2 64
9 32
3 42
7 18
10 79
5 71
2 97
7 66
1 62
1 93
5 72
9 81
5 4
8 64
8 42
8 26
10 7
2 81
2 39
5 15
3 57
7 42
5 38
3 43
8 11
9 80
8 76
4 79
3 38
7 13
10 32
8 34
1 95
10 28
5 19
1 79
6 46
9 69
4 3
5 68
3 31
3 43
7 86
7 19
6 65
9 54
10 42
1 82
7 84
1 8
3 91
8 11
3 32
3 78
2 5
2 19
1 19
1 50
9 97
5 4
3 49
5 79
5 77
1 24
4 54
5 58
4 99
2 48
9 69
6 89
4 88
7 86
1 53
6 48
2 50
1 16
8 8
1 17
1 24
5 50
7 50
7 81
10 86
4 32
6 16
6 46
1 51
9 90
3 15
6 61
5 21
6 86
3 91
10 51
10 9
3 26
8 78
1 30
6 5
2 92
4 21
3 46
5 95
9 71
9 31
4 58
4 49
7 17
9 11
6 70
4 33
2 81
5 92
2 19
9 87
7 64
4 100
1 93
2 60
2 9
4 43
8 78
1 71
9 75
4 83
9 13
3 83
2 23
2 75
8 71
3 22
7 56
7 14
4 33
9 93
5 12
3 6
7 37
2 74
1 70
6 87
9 28
5 56
2 100
3 91
2 36
2 80
3 4
3 93
10 93
5 27
9 36
2 64
9 40
3 28
8 59
1 75
6 24
5 36
8 44
8 56
6 38
3 53
6 83
8 7
5 26
2 50
1 81
1 6
2 6
6 67
10 54
5 43
2 49
7 47
7 11
7 67
6 21
7 54
9 47
9 27
9 34
2 21
9 59
9 86
10 24
7 7
4 75
8 52
3 53
2 36
4 96
2 2
2 90
5 91
1 34
8 85
6 77
1 17
6 37
10 54
6 17
4 73
2 26
6 32
3 18
1 39
10 9
5 31
8 64
3 4
3 90
4 89
8 5
9 53
4 21
4 65
5 18
5 97
9 67
1 61
8 52
8 90
6 16
4 97
8 32
3 40
8 21
1 27
7 57
2 27
10 45
8 63
1 22
3 27
5 6
7 34
9 22
6 99
7 31
3 8
10 61
8 92
5 52
9 7
3 2
1 1
6 43
5 60
2 49
10 62
3 79
2 19
2 44
1 10
2 44
5 92
2 12
3 7
5 12
7 18
5 62
3 11
3 57
3 12
3 28
5 11
2 57
4 88
10 15
9 25
3 88
4 22
2 52
9 66
7 47
10 11
9 29
4 50
4 8
6 59
1 42
7 1
3 46
4 37
1 90
6 6
7 43
10 52
6 81
10 13
10 34
8 98
8 94
8 74
6 4
10 6
8 36
4 73
4 52
2 91
10 14
10 6
10 33
10 28
3 60
6 96
8 84
7 27
6 97
1 15
8 61
8 64
1 65
2 79
7 1
4 40
1 98
9 72
5 50
1 45
9 28
4 54
2 3
2 78
10 79
5 72
3 11
5 41
5 21
8 67
9 67
5 10
3 38
2 61
8 30
9 35
7 6
4 76
8 70
9 27
10 39
4 90
6 82
9 37
4 17
1 12
5 99
8 20
9 99
6 53
10 13
10 18
1 61
1 85
5 52
6 35
7 73
9 72
4 53
10 84
3 96
5 82
2 77
3 10
5 24
10 15
5 86
8 58
6 69
6 74
5 71
6 53
6 90
8 87
10 86
1 6
2 51
5 67
5 97
2 29
3 58
4 60
8 71
2 3
10 3
7 3
9 93
4 1
3 73
2 59
7 91
7 12
1 21
2 21
4 83
3 27
7 55
6 63
1 50
1 66
6 82
1 75
2 48
10 27
6 23
6 83
8 46
6 96
1 30
8 81
9 46
5 58
5 6
3 66
3 77
5 86
3 71
8 59
1 58
4 67
3 31
4 9
3 21
10 60
6 35
5 46
1 68
5 84
9 89
5 35
3 78
10 59
5 5
5 91
3 44
5 5
6 49
1 18
5 53
3 55
5 83
10 81
10 8
7 7
7 80
9 30
10 38
7 69
8 36
10 78
1 42
7 66
2 38
2 81
4 22
6 1
8 99
10 86
7 5
9 90
7 63
8 60
3 37
6 92
8 5
6 77
6 48
8 72
6 42
5 16
5 69
6 51
5 26
3 28
8 13
6 90
5 36
10 81
7 63
5 16
5 67
10 72
1 26
3 89
10 23
8 11
4 79
7 59
10 44
6 8
10 98
5 65
2 4
4 73
5 64
2 26
1 59
4 38
1 95
1 60
5 4
4 68
8 59
3 43
7 50
6 66
5 53
10 72
1 97
8 75
4 44
9 53
6 84
5 100
1 29
10 97
4 62
8 33
7 64
7 10
3 95
9 93
10 2
9 84
8 2
7 8
1 42
8 28
10 42
1 98
4 19
4 68
9 59
4 75
1 74
3 36
8 16
1 78
4 25
8 56
6 68
7 75
8 60
4 77
5 18
6 11
9 20
10 70
3 94
2 89
1 28
5 29
7 44
5 41
2 90
8 16
5 98
5 18
2 69
7 100
4 72
9 36
9 17
3 9
8 60
1 48
3 56
7 29
10 20
2 25
3 33
10 96
4 40
4 62
3 44
9 87
2 86
3 65
10 43
7 75
1 64
2 80
3 8
1 64
7 90
4 19
2 53
6 88
5 79
10 94
6 74
4 39
7 14
1 85
1 84
8 7
8 51
3 88
8 89
9 59
2 5
10 79
6 12
4 1
3 26
10 84
9 16
1 65
8 32
7 61
4 45
5 9
6 4
7 57
7 95
5 5
2 50
6 36
10 93
3 18
2 46
10 17
9 64
9 68
9 3
1 97
8 50
10 13
5 87
5 99
8 95
9 57
9 64
8 67
7 63
3 34
6 6
2 24
2 55
6 32
7 79
10 28
3 83
7 87
7 57
3 85
6 19
3 77
4 68
2 23
2 43
6 83
1 35
7 2
8 53
1 45
2 73
5 55
4 84
1 84
4 85
5 100
7 43
9 25
4 64
2 46
4 94
5 32
1 27
10 95
4 81
4 7
7 32
1 82
4 80
6 3
8 40
6 67
10 33
5 3
9 47
2 81
8 42
5 86
8 1
2 67
6 85
1 31
6 52
2 68
10 21
2 68
1 21
9 20
4 28
10 64
3 78
2 23
1 80
4 39
2 30
1 29
6 40
5 35
5 66
8 86
5 1
7 94
9 72
10 88
4 32
2 57
4 40
2 30
9 16
2 5
1 21
5 57
7 45
10 29
10 22
10 19
6 26
7 56
8 38
8 14
6 56
5 81
2 46
4 95
5 30
6 86
9 71
3 81
10 58
7 24
3 62
7 88
10 34
8 87
9 86
6 52
9 10
10 96
9 59
9 94
2 93
9 20
5 50
4 39
9 9
2 8
6 81
7 65
8 2
1 52
8 41
10 55
10 96
8 86
7 55
3 98
9 79
5 14
7 13
7 16
2 12
9 89
9 100
2 58
5 46
8 32
4 74
6 3
10 99
9 7
6 75
7 12
2 7
10 4
10 57
4 51
2 69
1 91
2 81
7 26
7 27
9 42
7 65
9 15
3 39
9 24
4 54
8 19
4 16
3 75
10 93
1 25
