7 92
2 14
9 55
4 55
6 66
9 11
1 45
6 40
10 52
1 11
9 70
3 50
6 25
8 78
7 3
1 66
7 82
2 78
3 49
6 30
10 59
2 37
3 89
3 99
5 92
8 4
3 29
4 24
3 87
10 12
3 35
6 2
7 13
1 37
4 90
1 11
2 46
4 32
8 70
9 29
4 76
6 46
1 38
1 66
7 12
10 41
4 37
5 90
6 14
5 15
1 87
8 2
5 10
4 4
4 38
3 29
10 22
5 46
9 52
7 51
7 73
10 44
8 45
9 15
6 19
6 5
9 39
4 19
4 29
7 67
8 64
9 60
10 31
1 74
5 91
2 56
2 94
3 96
2 64
9 29
1 93
3 45
2 51
7 93
6 53
10 10
2 29
6 22
6 95
5 88
7 40
2 36
10 3
8 12
10 73
1 24
2 16
10 41
1 90
7 89
10 80
2 94
5 15
9 34
3 42
8 3
2 74
8 44
6 59
6 93
7 45
10 87
2 48
9 52
5 84
7 38
5 4
5 26
8 37
10 9
5 16
6 95
4 70
4 80
10 64
10 20
8 63
1 35
6 24
5 62
10 58
8 97
8 54
1 90
9 92
4 23
3 40
9 12
6 95
1 72
3 49
7 86
3 71
2 47
5 30
7 79
7 19
6 18
6 10
10 42
4 15
3 47
9 100
7 38
5 77
2 79
5 89
9 77
7 6
1 28
7 85
3 48
6 67
10 40
4 96
4 94
9 39
9 70
6 15
5 2
9 41
9 93
7 41
3 67
7 72
3 18
2 16
1 67
5 32
9 96
9 64
5 79
1 99
10 75
5 92
4 18
1 46
9 96
8 30
9 19
9 87
5 16
9 61
8 6
9 51
9 42
8 14
7 11
9 27
6 100
1 44
8 16
4 33
8 26
9 30
3 85
7 33
3 72
7 34
4 16
4 86
10 54
8 25
7 16
6 64
5 75
1 8
5 19
10 5
1 48
1 94
3 2
1 30
1 35
5 72
1 61
1 4
5 35
5 51
5 5
3 81
8 88
8 90
2 55
9 50
6 25
7 82
2 64
3 89
10 20
5 71
6 85
10 14
1 5
6 14
7 70
10 7
8 4
3 63
6 8
9 25
4 54
6 14
9 93
2 70
3 25
10 71
10 96
9 23
2 46
5 56
6 31
5 93
7 91
7 43
9 19
8 77
6 3
5 90
10 32
1 58
5 22
2 52
3 34
8 71
7 68
7 59
2 1
8 23
9 33
7 10
3 58
2 47
10 95
1 46
6 53
4 28
8 53
4 10
7 68
3 19
9 47
10 56
9 94
10 82
2 5
8 51
2 59
9 46
3 23
5 53
1 64
4 4
8 40
2 13
7 65
4 58
8 37
3 15
8 64
2 17
2 92
9 76
9 25
7 10
5 87
6 65
9 97
8 95
8 60
9 32
10 33
8 85
10 76
7 64
6 22
2 93
9 53
5 80
5 88
8 48
2 14
10 52
1 52
8 65
9 20
4 93
2 64
7 43
10 88
7 87
10 100
3 49
8 98
9 82
2 48
5 48
7 17
10 96
5 42
9 93
10 13
4 14
9 18
4 40
7 47
6 24
9 34
9 10
8 88
1 72
10 9
5 72
1 72
10 63
4 18
7 23
3 19
8 1
5 76
7 57
3 34
5 19
7 44
6 26
7 74
10 64
2 52
8 42
7 38
9 78
4 8
8 83
8 77
7 96
9 80
8 62
1 4
5 91
6 91
6 92
5 90
2 31
10 47
1 30
9 48
5 97
1 92
6 10
5 16
4 20
10 36
8 97
5 35
5 46
4 61
9 21
1 89
4 93
8 12
6 47
5 85
9 20
8 26
1 96
9 48
8 77
10 11
9 20
10 16
8 10
1 52
10 15
8 42
4 6
1 54
10 57
5 39
7 51
10 66
9 15
8 68
4 47
5 97
8 87
5 47
5 9
2 19
1 42
3 14
1 90
2 49
1 65
7 91
6 94
1 77
6 18
8 85
2 38
7 10
8 69
6 95
7 61
7 34
1 81
10 69
10 53
9 69
2 86
1 36
6 60
5 53
10 6
3 82
3 86
5 98
7 18
5 49
10 27
9 93
8 68
5 91
2 79
10 55
1 48
8 28
10 11
9 68
5 1
10 29
3 59
4 66
5 15
5 56
3 15
6 97
7 76
5 31
4 88
2 1
6 64
10 4
9 86
1 45
5 55
3 60
7 4
2 72
6 75
7 14
4 93
2 28
4 52
1 93
1 99
1 17
9 98
2 4
8 92
6 44
6 70
7 11
3 59
4 10
10 79
7 33
8 9
6 40
6 56
3 27
8 78
10 2
4 92
1 47
6 82
8 66
4 93
2 87
10 46
10 23
9 53
8 73
9 71
4 12
3 81
1 43
2 55
4 24
1 40
1 18
7 72
3 93
3 1
1 96
8 43
10 75
7 44
4 51
10 74
9 48
3 43
6 74
2 67
9 79
10 26
10 4
5 63
2 43
1 16
9 6
8 20
3 22
2 70
10 47
8 8
9 4
4 96
5 35
7 50
1 4
5 53
1 90
3 41
4 35
1 14
10 56
10 66
9 57
10 91
3 61
2 83
8 60
3 75
1 83
8 1
6 57
3 93
7 60
1 47
9 88
5 54
3 31
9 37
1 10
4 91
9 44
10 13
9 1
4 89
4 74
1 6
1 16
8 15
9 46
7 20
3 97
4 20
10 94
6 65
5 63
1 67
6 52
4 56
3 10
6 76
6 15
3 17
8 44
5 10
5 3
10 42
9 55
1 8
9 90
2 74
5 7
9 71
9 15
5 1
8 26
2 39
10 87
6 72
3 56
10 11
5 59
4 84
9 27
8 44
3 3
10 84
10 2
3 57
3 55
6 84
10 3
2 87
7 82
7 94
2 79
3 81
8 8
4 29
5 74
8 93
5 77
7 82
9 48
3 64
4 69
10 85
6 25
3 31
6 75
10 27
9 34
1 96
5 16
2 15
6 2
2 45
8 51
4 30
10 46
8 9
7 76
8 8
8 86
8 60
1 71
10 22
8 30
6 37
4 28
7 52
5 97
4 95
8 6
10 78
5 22
4 34
9 69
8 93
1 83
1 33
2 10
8 57
4 40
7 35
7 39
7 42
6 58
8 56
5 21
2 36
5 98
2 95
10 20
6 64
2 1
6 54
7 75
1 82
9 55
9 63
8 50
1 91
1 13
6 99
5 41
8 30
8 73
6 87
8 8
5 49
8 83
7 20
3 47
10 26
9 51
2 96
1 69
10 24
5 23
10 40
8 14
9 85
3 87
2 14
2 14
5 95
4 76
8 22
9 97
4 77
5 76
4 58
4 59
7 77
6 62
2 12
10 31
3 21
8 16
2 56
5 34
5 56
3 71
2 93
8 7
8 99
9 34
1 98
6 65
5 58
6 24
2 55
8 29
3 98
9 48
10 66
5 3
3 18
6 65
8 68
3 50
7 96
5 65
5 35
2 67
1 31
5 12
3 19
8 12
7 60
7 20
4 16
7 58
8 2
2 67
4 67
2 65
8 16
8 10
8 94
8 16
10 51
1 58
2 74
1 79
4 31
2 50
2 85
4 91
8 57
2 42
5 7
7 34
6 27
7 56
2 66
8 5
8 60
1 70
9 84
8 68
5 67
5 92
8 37
4 41
4 21
10 64
10 19
10 54
10 1
10 94
1 44
5 10
7 93
2 52
1 84
9 96
3 91
1 9
2 89
3 1
7 35
1 87
7 64
10 69
5 73
9 94
3 95
10 30
8 69
7 28
2 26
7 98
4 65
2 89
2 72
6 87
4 19
3 70
7 53
4 30
10 57
1 84
1 59
2 26
5 97
5 67
7 31
6 80
4 11
8 20
9 38
4 22
10 40
2 53
10 43
9 86
5 15
1 14
6 20
9 86
8 90
8 92
6 2
4 70
6 91
9 23
3 48
7 3
2 64
7 17
10 12
3 92
9 57
9 65
2 16
1 21
10 14
10 43
6 92
1 66
3 31
8 12
7 61
6 22
1 86
9 64
5 55
2 45
4 45
5 86
8 20
1 40
3 54
4 100
5 96
5 50
7 56
8 97
1 14
5 14
10 41
2 92
10 41
6 37
2 8
2 36
6 14
6 55
4 90
8 15
5 90
6 62
2 58
9 1
6 34
7 16
2 55
6 60
1 16
1 47
8 86
8 55
8 69
6 69
2 54
8 36
6 39
7 31
5 33
1 48
10 62
3 52
6 10
6 67
3 52
1 97
8 63
7 83
6 74
6 47
2 50
1 40
10 50
9 85
9 17
3 10
8 85
3 25
3 27
6 84
4 44
7 80
8 31
6 60
9 36
4 64
6 97
1 33
5 68
6 48
5 2
5 91
3 3
9 44
3 86
10 52
4 12
3 67
3 18
8 78
7 12
10 30
6 41
2 37
9 40
4 23
9 36
7 68
3 97
6 100
6 11
9 88
4 37
6 48
