10 7
10 39
1 74
6 54
9 78
8 20
5 5
2 67
3 24
10 29
6 98
8 10
6 94
10 4
8 64
6 10
8 99
3 68
5 34
2 71
7 89
5 77
7 7
6 20
3 86
8 36
6 75
7 38
5 13
2 24
2 25
1 68
1 60
6 98
4 17
5 18
5 13
7 18
3 61
7 88
10 32
10 92
4 14
8 50
3 12
8 23
9 93
9 27
6 3
6 18
4 80
2 47
6 80
8 43
1 52
3 38
10 4
5 61
2 70
6 61
6 47
8 76
2 24
2 22
7 70
5 97
1 30
4 90
9 41
10 4
4 3
10 95
4 51
4 52
8 87
5 72
2 54
1 11
5 65
4 62
5 26
4 92
8 64
3 26
7 11
4 82
2 35
2 87
5 69
9 84
4 54
5 86
6 33
1 52
1 72
9 58
1 47
1 58
4 21
7 11
7 7
9 95
6 51
3 21
2 82
6 92
7 50
5 68
10 20
2 47
6 46
1 47
10 9
2 63
7 61
3 27
10 13
5 53
4 3
7 94
3 58
8 30
7 64
1 34
6 59
3 100
9 14
4 33
9 31
9 19
4 57
6 96
3 74
6 31
9 36
6 58
9 32
5 50
5 95
6 7
4 21
3 88
8 80
7 39
5 79
10 86
1 84
10 71
7 68
3 29
10 69
10 20
7 86
4 70
1 83
5 29
9 64
2 46
3 37
10 79
1 96
10 60
8 11
6 27
9 36
2 83
9 7
4 81
2 95
1 55
10 73
2 17
9 34
2 13
2 36
6 78
5 1
6 90
2 25
1 53
6 57
8 78
8 69
10 9
8 94
8 70
6 88
10 54
6 20
6 71
1 10
2 63
3 100
9 14
1 50
5 69
1 85
1 76
1 79
3 39
2 8
2 14
4 65
5 94
1 50
7 80
6 78
6 12
8 7
9 86
8 3
10 98
1 51
1 7
8 10
1 48
6 74
2 15
9 31
2 57
9 25
5 2
9 33
3 26
2 19
7 61
7 47
5 89
8 54
9 10
1 9
9 44
5 10
4 5
7 46
9 17
7 11
6 90
10 58
10 88
3 100
5 79
2 91
3 10
5 40
8 37
4 77
4 98
2 21
8 40
4 99
1 36
8 60
3 57
9 49
3 15
4 38
7 13
1 10
10 9
10 95
8 60
6 61
10 79
2 83
5 96
10 89
7 27
9 38
6 38
7 47
6 95
1 89
2 97
4 32
7 97
8 40
7 60
6 21
2 86
8 84
1 22
1 41
5 49
3 48
5 69
9 79
10 7
5 89
7 85
1 2
5 94
5 4
10 27
4 14
6 28
10 27
7 72
7 98
8 75
5 82
3 38
9 9
2 32
5 54
8 83
8 95
6 2
2 9
1 35
9 7
5 9
9 6
1 92
2 89
10 49
2 39
7 5
10 6
6 50
4 75
9 61
1 8
10 74
8 72
1 7
9 61
7 53
3 32
9 65
5 80
5 66
8 29
1 47
4 14
8 76
4 94
1 47
7 64
2 93
6 13
6 39
7 87
7 39
3 32
4 91
3 58
2 99
2 6
3 62
10 31
1 75
1 37
10 83
4 32
9 13
1 95
2 15
7 77
2 84
2 16
10 15
10 76
2 83
8 31
5 24
10 15
6 27
2 90
4 82
5 15
7 27
10 24
8 71
8 56
6 15
5 86
6 71
7 57
2 44
3 92
10 12
3 82
5 63
2 95
4 41
4 65
7 3
8 39
9 88
2 51
2 97
10 35
5 13
2 90
6 12
9 94
7 70
9 15
9 52
1 13
3 94
6 87
7 20
4 71
5 76
1 3
2 70
6 43
7 72
6 97
8 51
5 31
10 22
8 46
9 18
5 44
3 39
1 40
5 59
3 70
6 33
5 75
2 66
2 94
4 60
7 89
2 86
3 11
7 72
4 48
5 96
9 16
2 43
2 32
9 72
10 2
3 90
6 52
3 92
7 96
6 85
2 35
8 93
7 72
9 73
5 12
7 71
2 21
5 66
8 56
9 94
8 56
6 95
6 53
8 53
1 77
6 15
9 78
6 40
8 41
7 60
7 23
8 11
7 15
4 41
9 59
3 66
9 8
7 28
9 30
8 84
8 93
10 70
8 59
1 82
2 34
5 12
10 60
9 79
6 34
7 30
2 58
5 31
4 27
5 90
1 68
1 14
7 88
9 31
5 9
3 72
3 18
5 79
8 91
4 40
4 57
9 23
6 60
1 31
3 15
1 99
10 82
5 99
9 77
10 49
4 4
1 66
4 46
3 93
5 93
8 45
7 82
5 51
1 46
5 99
7 80
5 93
4 12
5 42
5 98
2 36
9 33
8 83
4 51
10 72
5 57
4 16
6 31
9 78
7 75
4 98
10 84
1 87
5 71
10 72
8 57
6 68
6 59
6 88
9 23
1 41
9 48
2 99
1 26
1 28
5 63
2 86
7 30
6 45
2 78
3 53
8 15
7 89
1 94
7 4
3 55
10 21
7 69
10 74
7 53
10 81
8 7
10 48
1 77
8 19
7 58
6 72
5 12
3 47
8 63
2 60
5 43
1 39
6 96
7 90
7 37
4 58
2 98
1 47
9 95
5 74
1 18
5 2
8 21
2 87
7 94
4 64
7 27
7 15
4 10
6 83
8 58
2 57
3 41
1 45
5 34
10 40
2 39
1 27
2 4
1 11
7 41
7 55
5 87
1 57
4 47
3 45
5 76
9 16
7 91
6 35
5 52
8 67
1 56
9 54
10 93
9 97
6 19
6 99
10 11
9 57
2 61
3 19
7 55
9 90
3 100
9 48
2 3
9 46
8 41
3 92
8 82
6 48
1 57
2 45
8 94
7 59
7 98
3 82
5 83
6 63
3 5
5 82
1 68
3 69
10 75
1 17
5 74
6 88
6 25
3 84
4 38
7 60
6 66
5 73
8 99
2 47
6 89
10 82
6 7
5 28
4 33
2 44
2 41
7 34
8 95
4 66
4 37
8 67
9 32
5 45
1 73
2 90
8 13
1 11
7 68
3 39
4 52
9 34
8 22
8 32
9 37
3 20
10 73
3 35
4 24
2 66
5 71
4 81
2 12
7 18
9 43
8 2
2 55
4 79
9 99
8 4
6 34
6 37
3 88
6 30
1 91
9 47
7 51
10 59
8 98
4 43
3 92
4 6
10 22
2 54
9 58
3 68
4 23
9 94
9 19
7 52
6 72
6 18
8 19
5 27
4 4
2 17
8 66
5 54
2 2
10 88
5 64
1 58
7 38
4 3
4 66
1 83
3 83
2 72
1 32
6 19
6 57
2 17
10 47
4 18
10 86
2 81
5 37
9 81
9 3
9 43
1 5
6 60
8 61
3 80
8 62
8 19
2 18
5 39
6 29
2 54
10 67
2 20
7 5
6 62
4 25
9 79
9 48
2 72
3 5
7 48
10 89
4 69
6 30
9 94
8 78
1 66
3 52
1 90
9 64
10 83
8 52
10 87
5 7
2 18
6 56
4 48
7 21
8 62
8 85
9 15
9 80
9 82
10 65
4 86
9 42
1 61
7 24
7 54
6 30
3 42
8 57
2 22
5 42
2 55
2 76
6 94
1 52
7 51
3 19
7 86
2 3
7 13
9 90
3 61
8 57
9 92
4 93
1 16
5 84
8 43
2 26
10 74
1 26
9 63
3 97
5 3
6 31
7 70
6 14
6 80
8 51
4 48
2 87
2 11
9 74
2 98
4 32
5 16
2 54
8 40
3 84
9 100
7 5
4 12
8 55
9 30
6 94
7 67
3 51
6 94
1 10
7 4
2 81
4 40
7 16
2 13
1 91
1 59
6 27
4 15
2 69
7 88
7 100
8 3
7 50
2 2
10 58
7 33
6 65
8 65
3 40
5 14
2 18
5 29
8 55
3 28
9 65
6 98
6 98
6 58
6 83
10 11
3 84
7 85
9 45
7 92
9 22
4 100
6 46
6 97
4 67
9 89
3 58
6 99
2 52
6 79
8 11
4 68
5 94
3 93
9 45
6 85
6 61
5 41
5 34
3 93
10 69
9 76
3 24
2 92
1 70
3 6
6 13
3 50
7 29
5 44
9 39
1 31
3 95
9 71
9 55
10 98
1 86
6 15
9 72
5 29
4 56
8 15
4 29
8 57
10 53
6 86
6 85
4 63
7 46
1 93
6 88
10 11
10 54
6 16
2 6
9 49
4 26
10 58
9 96
1 64
9 46
8 83
2 55
7 61
5 75
9 39
8 14
5 42
6 29
4 42
8 52
9 69
10 44
10 52
1 49
8 28
4 100
2 3
6 84
1 48
8 95
7 57
1 84
2 32
10 3
4 86
6 28
5 28
5 18
3 96
8 36
10 60
10 55
3 26
1 96
9 37
10 24
1 75
7 18
6 8
5 52
8 74
4 34
1 56
2 83
2 65
4 46
6 62
5 7
4 5
1 88
4 15
6 35
6 69
10 33
9 35
