2 69
10 34
1 62
7 53
10 47
2 35
6 67
1 69
7 11
3 22
4 41
10 20
1 91
7 77
10 4
5 53
9 86
4 47
4 27
1 37
1 49
8 26
9 80
3 56
7 28
7 43
4 93
7 61
8 16
5 18
3 11
5 51
9 12
6 16
9 82
6 100
1 9
8 46
2 42
8 65
8 12
7 44
8 97
7 57
5 85
6 9
1 48
9 77
9 47
2 71
3 29
10 23
1 72
1 93
3 28
9 62
3 31
1 87
2 36
7 57
5 85
7 46
3 3
6 13
10 83
3 94
4 23
8 9
8 88
3 69
7 46
4 5
3 49
3 99
1 87
7 1
8 14
6 49
7 77
6 80
9 67
1 52
5 77
7 40
1 90
10 69
7 93
3 98
8 5
3 100
3 96
4 96
9 59
10 99
9 14
8 57
5 53
10 77
2 66
7 1
7 66
5 53
1 56
7 35
9 61
3 58
7 63
5 35
6 75
5 23
7 53
9 58
1 60
1 58
4 31
9 75
9 44
2 18
1 79
7 54
8 20
1 10
8 14
2 78
8 47
1 65
7 30
1 12
2 31
6 73
3 15
4 35
10 44
2 70
1 11
1 31
3 85
4 31
2 4
2 25
1 60
3 29
5 6
7 34
7 92
7 88
8 38
4 1
1 22
1 27
3 56
6 87
7 65
4 88
6 94
1 71
2 100
9 83
3 28
5 17
7 13
8 94
9 81
9 96
1 25
9 7
9 69
3 22
3 13
5 3
5 58
10 84
4 56
4 43
7 88
1 21
7 15
1 11
8 88
6 49
10 19
5 92
7 62
4 24
6 43
1 23
5 28
5 26
2 24
9 74
7 51
8 53
5 38
6 27
1 29
8 96
3 46
4 89
3 87
4 60
1 12
7 8
8 98
9 87
9 40
10 62
1 37
5 75
8 46
4 10
4 42
7 52
6 64
4 7
3 89
5 19
7 64
8 99
6 87
5 63
2 72
1 13
5 64
8 52
9 51
5 9
5 75
8 58
9 83
5 92
8 44
1 13
9 19
10 78
5 44
5 68
10 100
4 18
4 54
4 91
3 69
3 50
8 62
4 90
9 100
10 17
7 87
4 17
10 64
4 11
9 23
10 8
10 39
10 37
5 3
2 58
6 92
10 63
1 54
1 39
10 15
9 87
8 62
8 16
7 69
8 41
6 44
6 55
5 15
10 10
4 94
4 37
3 99
1 83
2 64
1 58
4 24
6 41
10 98
1 97
6 41
4 64
1 74
9 43
9 74
2 38
4 47
5 38
6 80
7 14
3 98
5 75
4 99
10 31
7 42
6 41
9 23
9 100
3 9
10 94
9 98
4 35
1 11
9 15
2 53
8 100
1 76
8 85
3 100
6 93
10 42
3 68
3 33
6 53
8 98
4 80
5 5
2 47
5 65
4 40
6 32
1 42
10 37
4 41
10 11
10 87
7 19
9 22
2 77
7 56
3 40
2 59
2 48
3 49
9 38
4 71
3 95
8 18
7 5
10 31
6 75
10 38
3 92
1 18
3 76
10 60
5 11
2 89
8 67
10 9
9 89
5 30
8 67
9 14
2 81
6 18
6 46
1 45
4 10
5 37
1 2
6 64
8 28
2 46
8 18
9 75
4 46
3 89
10 28
1 93
4 32
10 87
7 70
4 35
2 12
6 50
4 23
3 34
3 31
5 35
2 13
4 32
6 94
1 98
10 98
1 31
5 10
4 30
8 77
5 98
3 50
1 74
9 87
3 17
6 46
8 68
10 44
2 34
5 48
8 71
6 9
9 92
10 48
8 30
2 65
8 5
9 65
4 53
4 22
7 26
3 43
6 89
7 14
6 95
9 57
7 96
3 25
3 20
10 90
6 32
9 95
5 57
10 81
1 42
8 56
8 95
4 94
1 17
6 41
10 78
2 44
6 2
5 26
10 76
1 26
8 11
6 11
3 72
4 36
7 3
8 49
8 98
1 86
5 33
6 88
4 67
4 89
1 73
7 31
6 67
5 63
8 76
5 33
5 52
9 84
5 89
7 28
3 69
8 47
7 28
8 2
8 50
4 85
10 61
1 82
5 100
10 34
6 83
7 49
7 39
1 57
9 27
6 63
10 66
3 70
6 56
9 32
1 39
6 43
2 13
2 13
4 73
4 9
3 20
6 75
3 55
1 62
3 7
2 64
1 16
6 86
10 34
6 15
4 42
5 60
10 58
10 94
4 69
3 27
1 10
7 50
5 11
3 47
8 65
6 32
6 55
1 48
7 29
9 25
7 76
1 7
7 59
7 3
3 65
3 53
9 22
1 20
8 23
4 97
3 71
10 99
6 8
2 19
6 43
6 51
8 28
2 16
10 74
8 65
3 67
1 86
2 23
9 99
3 96
8 27
1 59
7 98
8 5
1 63
10 21
8 85
2 66
1 88
5 81
1 24
4 37
6 51
8 74
6 57
8 92
6 94
8 65
7 71
2 48
10 85
5 10
2 43
5 42
4 86
6 64
10 44
9 29
8 91
7 55
5 56
9 45
4 77
2 3
3 22
4 48
2 36
2 59
7 40
1 96
4 87
5 16
6 29
3 21
4 82
4 66
5 1
9 90
1 32
8 3
7 17
7 81
1 56
4 4
1 2
10 96
8 82
9 37
6 75
4 4
3 25
10 74
1 84
5 43
8 24
3 41
6 43
1 99
8 42
3 65
1 24
10 87
10 100
3 18
9 37
6 67
7 91
7 4
6 54
1 4
3 72
7 71
8 36
7 14
1 2
3 5
8 29
1 28
1 31
8 17
8 41
10 100
7 81
6 31
7 72
7 57
2 32
6 51
10 31
1 51
7 23
9 85
7 62
7 31
4 70
8 15
7 1
5 25
3 18
10 92
7 53
5 31
1 81
2 29
2 10
5 96
6 85
4 28
2 92
5 40
7 66
7 55
3 31
1 64
7 42
5 79
1 32
10 16
8 7
7 19
3 27
4 91
5 40
9 51
10 93
8 59
6 69
10 39
6 61
6 63
7 22
9 27
2 13
3 58
1 73
5 78
4 31
7 59
9 42
10 70
5 78
1 32
4 75
6 76
1 8
4 21
3 45
9 97
8 11
8 80
4 15
9 89
2 74
6 76
2 60
9 100
6 83
5 8
10 23
6 9
3 92
2 18
3 16
6 5
6 8
9 42
3 49
2 86
4 12
9 82
4 92
1 38
8 32
9 9
8 17
2 95
8 53
1 55
1 14
4 82
8 58
7 36
4 12
10 26
1 29
1 22
5 81
4 52
3 65
1 49
6 54
10 38
5 79
7 82
1 31
8 45
5 18
3 66
6 68
9 77
10 77
4 50
9 20
1 29
1 89
1 39
4 49
1 53
10 62
8 89
1 76
9 94
5 9
5 5
8 92
1 30
8 24
6 48
5 44
3 42
9 42
4 91
3 99
10 81
7 42
5 42
9 29
7 16
5 5
1 40
6 68
6 86
8 10
4 47
2 37
10 43
3 95
3 81
3 70
5 10
7 7
2 39
7 80
2 20
2 23
5 54
5 81
8 20
8 38
9 39
10 88
7 91
1 91
10 34
9 29
4 23
3 88
5 87
9 27
7 82
5 75
2 89
5 50
2 22
1 2
5 84
5 96
3 15
8 99
9 28
3 62
2 45
10 15
3 15
7 90
9 57
9 8
3 37
1 15
9 93
5 100
6 34
9 34
4 55
10 88
5 85
4 73
8 60
3 10
9 13
2 44
4 66
5 80
4 72
9 29
7 48
1 90
9 78
7 29
4 26
8 64
10 56
6 66
3 83
3 50
3 51
2 65
5 45
2 22
5 71
6 19
8 65
5 82
4 98
9 18
4 69
8 96
6 57
1 22
5 99
1 59
9 15
6 98
2 13
7 13
3 99
6 46
2 21
8 25
1 96
2 31
5 95
5 28
2 92
1 5
2 16
10 17
8 79
2 90
1 63
9 67
4 55
1 45
5 51
2 19
10 31
4 83
5 30
3 60
1 94
2 41
5 21
7 20
3 14
1 33
8 22
5 22
6 23
7 40
9 88
6 32
9 59
10 40
4 72
7 36
3 81
10 21
5 55
9 76
6 96
1 84
3 60
2 31
9 83
2 80
5 4
8 36
8 24
10 66
9 53
8 19
6 43
1 82
10 50
5 65
7 26
8 38
8 47
2 82
1 35
2 41
3 11
9 7
7 71
8 69
9 6
7 79
3 91
5 82
8 77
3 55
9 94
6 44
1 7
6 95
10 20
5 17
2 52
10 36
2 98
4 46
1 39
3 86
2 25
4 69
7 1
2 49
8 10
2 45
4 97
10 98
4 72
7 10
3 39
2 1
5 27
6 80
9 8
3 54
6 45
2 97
3 53
4 57
6 17
5 82
1 5
5 55
7 1
6 76
8 10
10 8
4 25
8 52
5 4
4 21
5 55
9 93
8 67
4 89
4 15
3 74
3 15
3 42
5 54
3 54
8 99
