8 99
6 74
7 3
8 61
5 87
3 10
9 14
10 45
4 80
1 87
9 9
2 27
5 41
3 87
4 20
6 31
2 28
4 53
8 7
10 54
2 19
6 77
9 80
10 66
2 30
4 45
5 55
9 20
9 8
6 67
2 92
8 51
6 30
9 91
5 37
1 81
7 98
7 28
4 26
9 34
5 81
4 92
10 75
3 41
4 27
10 1
9 26
10 100
2 73
4 49
7 11
8 49
5 66
2 47
2 65
10 69
8 48
4 12
3 16
3 46
6 2
6 34
5 58
7 26
10 77
8 49
10 76
6 79
8 80
5 58
3 48
2 94
10 70
7 9
10 3
10 78
2 68
2 85
10 53
10 56
9 78
3 40
8 9
9 46
7 8
3 1
10 56
5 94
4 35
5 100
9 74
7 78
7 95
6 98
8 63
9 99
9 19
5 7
5 17
4 15
4 42
3 61
1 72
3 73
5 26
10 8
4 40
4 61
10 57
10 1
5 55
3 23
9 14
8 93
1 69
7 18
8 26
5 61
1 33
9 71
2 29
2 5
3 15
7 45
2 15
1 2
5 1
1 63
8 89
1 14
10 28
10 27
1 76
9 9
4 90
2 19
6 2
8 27
6 83
5 79
6 34
6 34
2 9
1 76
2 6
10 90
10 74
9 13
10 68
1 5
6 7
7 53
4 58
1 94
3 44
3 38
5 4
5 35
6 100
1 81
8 99
2 57
1 64
2 61
5 81
6 17
1 21
8 31
3 74
3 62
2 91
4 56
1 98
4 55
8 54
6 76
2 49
10 8
7 37
5 62
2 41
9 93
2 27
1 71
8 28
1 16
5 56
6 98
7 84
10 21
10 98
3 58
5 80
1 9
7 6
7 65
4 34
8 54
9 97
7 33
7 1
9 10
7 97
7 39
7 14
7 25
5 88
2 70
4 32
4 46
4 98
7 62
10 65
1 34
9 48
5 11
5 93
3 82
4 57
8 100
4 31
1 99
6 13
8 34
2 1
4 94
4 37
4 57
5 35
9 87
3 12
7 47
10 43
8 27
5 5
5 45
6 5
2 36
9 40
2 23
8 75
7 69
8 4
10 57
2 6
9 88
5 7
3 33
3 77
10 45
8 55
5 70
2 15
6 58
3 97
8 28
7 25
7 63
5 58
9 26
6 3
5 17
4 88
4 27
2 54
4 93
10 14
7 70
10 80
1 31
5 41
2 43
4 33
9 84
7 87
3 50
4 42
9 70
7 20
9 95
4 85
8 57
7 59
9 81
5 90
9 26
7 51
7 5
10 45
4 49
9 4
1 83
6 42
5 12
2 85
6 73
10 16
2 95
2 98
10 17
9 59
9 75
1 72
2 65
6 99
6 41
1 25
8 2
10 21
2 62
3 39
2 26
9 73
1 29
8 45
6 60
5 8
10 82
5 83
5 93
4 77
5 99
9 13
7 42
7 70
7 55
10 8
6 38
4 61
6 21
9 50
4 23
4 9
3 55
7 57
5 22
7 88
3 33
3 84
3 24
5 64
8 49
3 11
8 33
4 97
1 2
1 77
4 97
9 98
5 75
1 49
6 79
9 20
5 63
7 27
8 36
5 1
3 3
3 37
4 58
8 31
2 21
10 40
3 67
9 11
9 69
9 79
8 1
9 74
10 87
1 1
6 1
1 31
5 57
1 68
5 54
9 12
2 48
8 98
6 33
7 92
3 12
6 96
1 100
9 19
2 46
7 90
9 84
4 56
7 68
3 52
4 93
2 23
3 17
7 84
9 74
2 17
9 50
9 67
3 35
6 30
3 25
5 71
10 53
10 14
3 62
4 15
9 82
2 38
7 2
3 28
3 91
7 33
8 94
4 24
10 11
3 94
2 27
9 15
4 71
8 14
7 93
3 48
3 74
2 80
3 41
8 78
10 84
1 34
1 37
6 24
1 84
3 51
3 36
5 39
2 43
9 72
3 4
6 92
1 96
1 93
8 41
10 85
4 44
10 78
4 33
1 54
9 9
6 96
4 92
9 22
4 45
4 4
8 7
10 29
3 25
8 96
2 78
6 37
6 100
1 11
9 68
10 31
9 95
6 75
10 59
10 8
8 56
9 42
1 66
1 27
3 13
3 22
5 49
1 51
7 72
2 23
7 68
9 62
5 66
8 98
4 53
6 58
4 25
10 81
4 89
7 53
4 96
7 100
4 76
5 58
2 23
8 3
4 27
5 20
9 29
1 22
4 79
10 24
4 36
5 11
7 25
5 79
5 37
2 16
3 57
5 62
3 38
9 43
4 100
6 76
10 29
4 23
6 92
4 28
10 68
2 34
3 32
1 42
8 33
3 79
2 50
9 32
2 20
10 31
8 68
6 94
1 30
10 38
1 96
1 92
5 38
6 100
10 92
6 81
8 91
10 57
7 97
1 15
9 91
4 39
7 85
3 83
4 39
9 25
8 27
1 40
3 53
8 47
4 40
2 8
7 48
8 26
6 38
10 88
4 45
2 59
9 28
5 14
7 21
9 64
9 85
5 95
3 91
9 4
9 96
5 88
10 44
4 18
1 63
6 26
7 62
4 90
6 94
2 48
5 96
3 25
6 34
10 89
8 29
2 32
3 69
1 44
8 82
9 57
10 69
2 22
1 23
2 46
1 30
4 12
7 15
9 59
6 87
2 83
10 74
2 1
2 1
10 49
9 12
6 38
1 81
6 55
4 32
7 42
8 84
7 54
3 99
10 78
3 6
3 56
8 68
5 52
4 41
5 66
3 75
2 27
10 89
6 17
5 1
8 41
8 76
1 95
10 79
4 37
1 5
9 13
6 56
10 76
3 6
4 88
9 58
4 78
3 55
4 45
5 65
4 28
1 82
8 94
5 53
4 30
1 35
2 52
4 82
10 95
5 19
10 78
2 15
5 9
8 22
2 54
10 1
8 52
5 11
1 76
2 62
4 15
10 12
10 20
6 41
6 4
10 44
3 44
10 26
8 42
8 11
10 25
4 92
6 31
9 25
2 76
7 17
3 9
4 48
3 43
2 62
8 67
4 89
3 91
4 81
3 6
5 4
8 48
4 3
6 34
6 58
4 18
3 96
8 28
5 28
6 25
10 92
3 83
8 55
1 30
2 18
4 53
9 14
9 70
9 22
7 81
8 77
9 47
5 44
4 16
5 10
4 70
1 20
7 81
2 12
1 73
1 17
8 91
1 18
9 45
1 29
4 16
3 46
8 79
9 45
7 53
1 48
5 43
8 98
9 10
10 66
10 97
10 88
3 84
2 91
3 81
3 7
6 86
10 37
7 32
6 2
1 27
10 97
8 44
2 45
10 92
3 40
7 82
1 57
3 48
4 17
5 66
10 81
3 17
3 75
5 76
6 76
9 94
10 45
8 47
5 15
7 88
8 74
8 18
10 4
7 79
9 68
6 65
10 70
6 72
4 90
3 71
8 86
6 62
9 20
9 3
5 25
3 50
7 76
2 40
2 59
7 88
1 28
4 98
8 7
8 14
4 16
1 28
9 85
6 38
6 75
4 65
10 70
4 14
2 18
4 77
2 72
8 1
7 70
2 48
2 48
8 16
4 32
9 31
1 25
3 24
6 60
9 23
9 80
8 12
7 72
4 43
9 67
7 60
8 44
9 51
2 84
2 11
8 98
7 21
7 53
4 62
5 53
4 69
3 72
8 72
1 75
6 78
9 14
7 19
8 88
5 71
6 40
2 77
10 94
5 29
7 58
10 33
3 85
7 54
1 1
8 13
1 26
6 68
4 70
1 4
7 57
7 25
6 36
5 91
9 96
5 31
9 88
4 58
2 84
10 42
2 36
2 93
7 13
4 8
9 14
2 96
2 99
6 85
10 35
2 1
7 57
7 60
6 67
10 39
7 50
1 1
10 13
5 22
1 88
9 3
7 32
3 71
3 26
2 54
9 90
6 15
4 28
3 27
9 46
7 73
1 11
8 88
5 27
7 26
6 63
4 75
2 89
5 97
10 59
3 72
9 37
2 69
1 80
5 53
2 81
9 36
8 92
9 83
1 91
1 23
9 38
1 68
10 81
3 62
1 88
7 72
1 95
3 43
7 71
8 5
2 66
6 3
4 79
2 89
9 57
4 10
6 86
3 92
1 95
4 46
4 47
10 13
6 45
6 36
2 4
8 64
8 87
5 92
10 54
1 6
8 100
9 43
3 26
5 86
1 60
5 73
7 47
1 59
8 27
7 10
4 44
4 73
2 16
6 70
4 100
6 75
1 45
2 38
10 37
9 91
6 15
5 10
10 84
3 79
8 76
4 3
4 9
6 16
5 51
3 52
6 1
9 27
10 28
5 23
8 5
6 73
3 98
1 51
4 6
10 72
3 89
8 21
6 37
5 2
9 86
7 76
2 45
4 58
1 4
7 98
2 46
6 84
10 14
1 86
8 1
3 79
3 70
5 30
1 26
9 62
7 14
7 84
2 81
1 9
4 2
1 55
2 66
5 83
4 30
