2 19
6 57
10 67
2 86
2 7
3 44
6 57
6 21
8 78
2 100
1 19
1 65
7 97
7 11
4 7
4 45
9 32
1 28
6 26
6 1
10 55
5 66
3 18
6 12
8 6
9 37
7 47
7 71
5 94
1 74
4 29
1 57
10 19
1 84
3 6
3 43
4 58
7 99
1 81
10 8
3 22
9 69
1 100
3 23
4 65
3 21
7 19
9 1
3 62
2 26
10 59
8 69
9 78
2 73
7 31
7 100
6 68
3 36
7 95
3 61
7 62
3 44
6 93
8 95
3 75
5 40
7 58
10 91
4 37
5 26
7 84
3 20
8 47
3 11
1 10
7 68
9 1
8 19
3 68
6 43
8 80
9 76
5 42
9 93
3 72
2 29
7 22
2 98
4 98
9 97
9 77
2 76
3 46
5 23
6 96
7 79
4 83
8 36
4 36
9 26
1 88
7 91
9 47
5 100
6 78
9 53
6 19
9 27
6 72
5 31
9 60
1 5
4 21
4 34
4 11
10 34
10 47
3 38
1 75
5 71
2 39
1 49
10 96
6 95
10 65
5 23
2 20
1 29
9 27
10 9
5 59
1 67
7 18
4 51
3 17
7 94
7 66
1 97
4 60
5 48
2 39
4 35
10 44
8 12
2 35
9 6
5 53
1 55
1 57
6 51
9 45
5 50
7 41
10 95
2 44
8 68
2 68
9 31
8 1
6 50
6 86
3 87
6 40
9 86
2 87
2 9
8 96
7 11
3 48
4 88
6 96
9 25
5 54
1 35
8 87
7 19
2 8
2 41
6 9
6 10
10 74
1 33
9 1
4 60
6 41
7 57
2 91
10 92
5 74
5 60
7 65
3 6
5 44
8 9
7 87
1 53
10 1
5 83
6 12
9 74
10 39
9 69
5 17
2 68
7 24
9 60
10 39
2 8
3 16
10 34
1 71
9 87
8 19
6 83
6 54
8 61
8 46
7 100
7 15
10 58
4 68
2 21
3 86
8 4
4 23
9 72
3 24
5 74
6 26
5 38
5 75
9 8
6 13
6 22
9 36
8 53
5 98
4 94
1 25
6 8
7 36
7 11
6 70
3 28
9 48
3 82
2 66
7 56
3 94
10 27
7 28
4 35
7 54
5 47
10 48
7 37
4 21
10 67
4 53
4 25
5 10
2 45
5 23
1 17
8 67
4 87
3 20
1 38
7 92
10 57
4 88
7 18
4 12
3 85
6 83
7 35
9 61
2 38
3 2
9 14
6 93
4 67
8 95
2 2
8 23
10 90
6 36
2 49
5 14
8 12
3 5
10 27
7 23
4 13
8 4
2 36
6 89
10 94
2 54
6 69
9 49
1 8
4 57
5 3
2 95
5 79
1 1
3 28
2 65
6 98
10 33
5 95
4 81
5 83
10 68
9 60
5 48
5 70
1 66
9 51
9 23
7 52
7 78
5 32
10 95
10 89
7 3
2 46
2 34
3 100
2 90
1 70
3 98
5 100
7 71
3 94
7 34
7 50
5 65
9 20
10 60
5 35
3 93
8 38
1 71
5 53
9 31
1 85
6 65
9 54
10 1
9 56
3 40
5 26
5 13
2 84
5 38
9 67
8 96
5 95
5 78
4 96
1 95
6 42
2 86
5 64
6 56
7 53
4 89
7 98
3 7
6 51
8 28
10 76
6 6
3 32
2 94
2 42
10 59
2 5
4 37
10 70
7 66
4 80
3 76
4 32
5 62
3 30
10 17
2 100
9 43
8 82
9 63
5 20
8 30
9 57
4 14
7 29
8 89
9 45
7 51
1 50
7 6
10 84
2 79
7 18
9 93
6 69
2 72
9 69
1 100
6 47
3 73
4 16
9 73
6 94
5 52
4 78
5 28
4 99
1 76
5 95
6 79
7 64
6 19
5 33
5 6
6 38
5 34
9 46
5 45
4 41
6 29
7 51
3 63
9 64
4 85
5 73
3 98
10 84
9 30
5 44
10 4
4 79
7 16
5 54
4 69
5 47
9 72
3 78
5 63
3 2
4 50
7 98
6 24
6 64
1 98
8 66
6 56
2 90
8 69
2 21
6 82
3 55
3 46
2 81
9 77
3 3
6 95
7 61
10 25
1 93
5 47
9 100
5 61
10 27
1 28
4 76
4 91
8 54
9 51
2 53
3 37
4 76
1 16
7 62
1 12
5 47
3 17
3 20
2 56
7 45
8 92
4 56
6 69
6 24
7 91
2 59
9 93
10 48
3 85
6 45
6 45
3 54
5 88
7 36
2 79
4 53
3 6
3 47
5 87
3 40
6 54
2 78
2 8
2 8
1 74
3 6
9 4
4 53
2 12
6 35
1 69
3 62
1 54
9 27
8 97
4 23
8 4
4 90
10 55
9 88
5 59
8 25
7 11
1 29
7 41
2 49
6 47
2 37
3 1
4 31
3 32
10 45
4 97
2 47
10 64
9 60
8 75
8 59
9 11
8 49
2 7
3 6
3 52
5 62
10 97
9 47
1 23
6 65
2 97
10 89
8 79
8 71
6 16
5 14
9 30
3 70
1 9
2 3
7 65
4 36
3 43
6 59
3 90
8 48
7 15
2 93
1 18
3 61
8 24
9 96
1 27
9 96
1 93
10 46
4 69
1 40
6 6
6 4
7 62
10 45
6 9
3 65
3 36
1 60
3 80
9 12
9 11
5 11
6 37
9 97
3 4
3 46
7 48
5 36
9 11
8 10
8 93
1 83
5 30
2 14
8 89
8 11
7 69
7 62
6 30
1 19
4 19
5 78
5 52
7 57
5 64
3 17
1 64
8 10
10 38
7 36
8 97
8 87
9 5
2 17
4 73
8 8
7 54
7 19
10 17
3 82
9 89
1 50
1 46
3 10
8 28
7 5
6 77
1 61
5 96
2 70
10 96
9 64
8 79
1 93
9 61
8 3
6 58
4 6
9 39
10 7
5 7
4 82
7 81
8 82
9 86
10 15
3 64
5 71
9 4
7 66
8 62
8 64
9 12
6 73
2 87
5 18
1 39
4 99
8 16
5 33
9 17
5 89
7 1
10 74
10 57
9 60
8 33
7 46
4 31
6 7
2 6
4 49
2 88
10 51
2 36
4 86
4 60
6 15
3 98
10 59
3 25
9 43
7 83
8 7
8 42
6 87
5 80
1 10
10 3
1 7
8 56
8 9
2 44
8 58
3 81
4 40
4 12
6 37
6 46
5 85
2 33
2 42
10 17
6 76
3 28
1 91
3 35
6 2
10 19
7 54
8 77
6 92
1 66
5 80
2 15
1 11
8 65
9 24
4 20
3 3
8 30
5 14
10 27
2 46
8 60
9 42
5 33
8 43
5 25
4 76
6 34
6 65
1 73
2 64
4 23
6 59
8 25
4 21
6 10
6 87
9 88
6 7
5 31
5 21
2 66
1 95
3 38
8 27
5 77
10 3
8 84
1 12
9 70
6 80
1 69
4 79
3 58
1 37
3 69
2 35
3 95
3 11
10 25
2 33
6 22
4 44
5 45
8 11
6 84
3 38
10 65
9 57
8 39
8 99
6 65
1 83
10 27
9 36
6 98
4 4
7 47
5 80
9 64
3 34
9 59
4 24
3 8
10 21
5 82
6 58
1 45
8 51
8 99
4 39
2 100
5 14
4 65
8 3
7 50
5 59
3 36
4 21
10 75
1 3
10 19
6 90
5 50
8 58
3 46
8 32
5 33
2 41
8 71
6 72
7 7
10 45
2 71
5 71
10 61
10 95
6 91
4 10
9 28
6 64
2 92
1 7
2 47
9 100
1 29
1 77
10 7
6 72
9 70
7 12
5 36
4 10
7 37
4 15
2 39
10 85
6 62
6 11
6 75
2 7
5 20
6 43
5 70
6 16
4 19
1 44
7 95
10 51
1 26
1 48
1 50
8 33
5 4
6 37
9 42
5 94
10 24
5 13
1 43
5 10
3 74
2 88
9 46
8 57
8 73
2 47
6 95
3 5
8 24
9 69
3 54
5 22
6 63
9 93
5 76
9 44
10 46
9 96
4 52
10 78
5 42
7 34
8 17
1 67
10 65
5 58
1 84
1 25
5 83
1 68
8 16
8 68
5 51
10 76
5 58
10 57
8 34
1 1
5 27
8 1
5 56
3 13
1 71
7 41
8 92
5 21
7 10
7 73
8 54
7 75
3 81
3 47
4 60
3 17
10 11
1 54
7 23
10 57
10 9
7 17
1 85
6 33
9 92
8 63
9 78
9 50
5 7
8 34
1 41
7 30
7 83
9 70
7 89
1 7
7 77
9 17
5 74
1 100
5 40
7 66
6 4
3 20
4 37
9 48
1 68
5 60
7 40
6 6
10 51
8 71
6 86
4 85
8 68
6 93
6 3
5 47
9 91
9 6
4 75
2 88
4 61
10 62
3 74
2 24
2 20
9 49
9 22
7 70
1 94
3 9
3 37
3 48
6 35
4 76
2 97
8 6
9 49
9 53
