3 82
3 88
3 21
5 77
3 89
6 35
3 36
8 36
3 66
9 58
1 43
8 61
2 69
8 61
6 22
3 64
8 31
7 37
2 4
9 44
7 17
8 32
3 40
9 11
5 53
8 53
6 99
3 74
3 9
2 90
5 58
5 12
8 85
2 98
5 66
9 33
1 18
10 57
1 90
4 81
4 11
3 1
6 56
9 68
6 25
7 64
7 5
8 1
3 84
5 91
8 16
9 32
2 90
4 90
7 83
10 97
1 80
1 22
5 31
4 33
2 13
10 25
1 34
3 18
4 68
5 26
7 49
10 48
2 11
8 23
7 89
9 80
5 64
10 36
7 92
4 61
10 85
7 4
7 14
1 67
3 9
6 76
8 13
1 82
4 58
1 80
8 4
5 94
9 55
6 8
6 45
2 34
3 73
8 76
6 20
2 78
1 51
2 62
1 17
9 50
5 27
8 34
1 62
10 58
3 81
9 5
2 32
1 34
6 80
6 16
1 93
6 41
9 2
8 87
2 73
8 3
4 3
5 24
6 58
8 29
8 13
2 74
5 77
9 37
5 28
8 33
10 76
8 8
10 30
1 71
5 31
10 46
9 44
5 94
8 41
5 50
6 33
8 89
9 67
9 77
8 95
8 28
2 85
1 57
4 98
9 90
4 21
10 71
2 78
2 100
7 85
8 90
2 68
5 46
10 86
7 60
8 55
4 14
1 25
10 90
1 68
10 24
10 11
9 69
6 99
10 86
8 34
4 93
7 37
9 43
3 46
3 82
1 98
3 74
6 71
1 95
10 30
4 41
1 28
5 17
6 66
10 24
7 7
5 7
10 17
8 61
10 69
5 13
8 69
7 71
3 60
10 22
6 65
10 6
4 60
1 55
7 23
7 62
3 100
9 91
3 12
9 25
10 32
7 23
7 72
6 40
7 51
8 93
9 33
1 14
9 8
6 18
10 17
3 17
10 86
3 38
3 91
5 2
9 65
3 72
7 95
1 54
10 76
3 16
5 75
5 60
9 11
8 47
5 18
10 52
2 4
2 83
5 44
2 100
10 95
5 53
6 14
1 98
10 72
4 37
3 49
8 82
2 41
3 62
4 16
7 83
9 6
9 23
4 40
5 59
7 3
9 94
9 93
6 33
3 6
2 42
10 99
10 76
1 11
2 6
8 52
8 26
1 5
4 74
2 14
8 7
8 80
7 59
7 44
2 65
3 30
9 3
9 95
6 92
3 48
4 4
4 66
5 69
2 52
1 47
1 100
7 41
3 35
4 55
5 54
2 48
4 25
2 65
2 32
7 63
4 37
5 43
9 14
7 85
8 88
3 92
6 41
7 23
2 75
10 15
2 85
10 37
6 71
3 92
8 38
5 6
2 81
5 16
1 68
9 20
5 16
5 22
2 8
6 27
9 100
2 94
5 99
1 48
7 15
9 88
9 28
10 100
9 21
9 99
9 44
1 36
5 41
3 28
6 83
1 64
10 55
1 78
9 42
7 2
10 69
4 68
8 55
3 97
3 80
8 16
3 26
5 4
9 98
2 28
7 44
3 26
5 87
9 32
7 4
2 17
9 42
3 9
3 68
3 1
4 26
10 6
4 2
10 64
1 39
10 30
7 97
7 77
6 88
8 71
2 50
5 51
1 53
5 35
5 65
2 32
8 88
4 86
2 59
8 48
2 45
3 4
8 20
2 73
7 23
9 33
1 20
7 38
4 42
8 37
1 11
10 23
7 53
3 91
8 75
3 92
4 63
7 20
5 26
3 51
2 84
1 39
3 90
10 28
5 10
9 96
2 26
4 28
9 26
3 78
5 84
8 37
4 21
8 26
7 43
6 14
1 13
7 48
4 72
2 48
10 84
8 75
8 22
2 21
7 50
8 59
2 79
4 57
8 56
2 44
5 39
7 1
2 81
5 18
5 10
10 3
8 33
10 7
7 87
10 17
5 93
1 74
8 45
1 26
1 24
2 84
1 38
6 10
2 53
9 66
6 15
8 75
4 68
7 60
1 13
3 76
2 24
5 26
8 28
5 11
4 15
7 38
10 23
9 96
7 31
6 55
4 57
8 58
10 61
1 10
2 4
4 74
6 62
5 40
3 73
7 12
9 28
4 60
7 80
4 20
2 39
5 59
5 42
1 10
1 69
10 76
3 39
3 64
4 40
9 75
4 20
7 22
3 72
1 44
3 15
3 72
8 51
6 11
10 84
2 77
8 35
2 58
5 84
4 8
10 49
7 24
2 97
4 23
1 77
8 46
2 38
1 14
3 6
5 26
4 73
5 86
1 68
7 58
7 61
10 32
4 13
8 67
9 79
4 33
7 55
3 36
1 11
8 77
10 33
10 61
10 98
8 9
4 71
7 82
2 63
7 67
6 89
7 47
4 64
7 10
3 4
9 96
2 96
8 28
2 74
1 8
7 43
8 7
7 49
8 91
1 71
10 69
8 64
2 17
5 71
10 60
8 59
10 30
6 27
1 10
9 25
6 6
4 48
1 82
2 97
2 28
6 71
1 2
2 35
3 53
3 91
6 18
7 41
4 63
6 5
4 72
3 53
2 100
4 5
5 64
8 79
4 86
2 28
6 66
2 97
1 34
8 9
7 21
8 16
1 91
6 34
8 3
8 10
10 62
10 50
3 47
6 44
8 13
5 50
2 93
6 50
1 89
9 6
7 3
10 28
6 86
4 38
1 44
10 4
4 7
3 99
8 85
4 71
3 52
5 12
7 24
10 31
10 70
4 100
7 41
2 52
1 43
5 32
8 29
9 69
4 40
10 87
10 62
1 4
4 76
1 32
2 2
2 87
10 80
1 12
7 68
6 84
6 87
1 70
1 8
5 90
2 17
4 84
7 24
4 28
9 97
3 85
4 67
8 3
9 32
3 30
8 79
5 32
10 65
4 83
4 52
3 85
10 9
10 76
4 56
5 59
3 66
1 34
7 55
6 58
6 74
10 74
4 14
3 49
8 99
9 2
6 1
8 97
8 81
1 25
7 43
3 99
8 24
4 57
9 86
2 25
8 17
6 32
3 93
1 79
3 78
5 89
4 12
4 23
5 9
9 33
3 48
10 55
2 19
9 16
2 29
10 74
3 6
2 95
4 52
7 29
8 25
5 70
6 75
6 62
7 72
3 97
3 14
8 44
5 14
3 40
5 34
5 100
2 89
7 97
6 100
2 59
6 66
3 2
10 56
6 62
7 31
5 65
9 83
7 100
7 6
1 98
7 67
7 56
8 61
2 73
5 76
8 6
10 50
2 85
9 78
1 76
2 38
3 13
9 91
3 50
8 91
4 32
2 83
1 68
3 83
8 58
5 67
1 69
5 32
5 43
5 97
1 8
4 60
4 13
5 76
8 27
9 4
9 39
10 74
4 100
1 58
5 65
3 43
1 20
3 77
7 28
6 73
3 80
4 70
8 41
10 24
8 34
1 22
6 91
1 48
4 99
7 28
2 43
1 35
8 44
5 45
3 24
5 18
3 42
6 23
5 21
4 13
3 64
9 17
8 83
4 73
2 49
6 95
1 66
3 84
10 44
1 48
6 67
1 44
3 46
2 52
2 96
5 5
9 88
9 80
1 53
4 22
7 47
10 7
5 19
6 96
7 25
10 77
10 89
4 52
5 7
2 65
2 48
3 83
8 58
7 56
6 68
3 13
3 40
5 9
4 42
5 5
3 46
9 16
9 13
8 97
1 41
6 98
4 7
10 27
10 99
7 96
5 19
6 68
10 33
8 61
3 27
8 41
2 44
10 19
9 69
1 66
5 89
8 22
3 14
2 5
9 38
8 2
5 40
5 54
10 61
10 91
6 33
1 14
1 90
6 52
10 19
8 78
9 2
10 62
6 22
4 38
3 20
5 56
8 9
4 91
7 24
5 82
6 2
5 55
8 4
8 96
1 48
10 22
1 77
8 13
6 93
10 77
10 56
3 50
7 31
10 56
4 55
10 19
3 77
6 8
6 11
4 26
1 68
1 55
1 53
2 16
3 92
6 17
1 11
10 81
10 26
9 95
8 81
6 21
8 81
2 94
7 98
8 7
1 40
4 22
7 10
9 95
10 75
8 72
8 19
2 53
4 14
10 82
1 14
3 9
4 68
6 71
5 61
5 83
3 42
3 65
1 13
7 34
9 14
9 73
10 95
9 46
2 71
3 79
10 67
3 31
6 48
7 61
3 69
1 65
1 78
4 46
8 21
3 80
3 36
8 81
8 20
3 95
5 49
8 60
10 12
5 15
3 58
3 83
9 2
1 74
6 26
6 20
6 47
8 86
10 31
1 38
2 72
6 85
8 40
10 28
1 28
2 36
8 58
10 97
9 47
10 66
2 69
3 39
10 66
10 67
9 82
1 73
9 83
7 95
2 56
2 75
10 3
9 2
10 8
3 99
5 8
6 36
10 63
6 67
6 34
1 56
10 8
4 87
6 92
3 26
8 24
8 26
5 13
4 99
8 28
4 37
8 81
8 93
