3 44
2 90
9 41
5 94
5 15
2 80
4 73
2 13
7 59
4 66
5 68
1 81
9 9
5 32
8 16
8 61
1 5
8 85
1 45
7 18
6 76
7 23
1 93
6 58
7 50
6 34
2 13
6 66
9 35
9 47
6 43
6 98
10 78
4 74
9 99
9 21
5 78
4 61
10 31
10 11
4 97
8 88
4 49
8 93
9 10
10 65
1 33
3 53
1 74
9 31
1 1
1 20
1 68
9 29
3 3
8 25
3 6
5 6
1 64
5 53
7 79
2 48
1 80
4 71
7 16
7 94
3 38
5 31
7 29
1 91
5 54
7 12
4 100
10 83
7 26
6 63
8 53
4 50
6 44
1 63
1 22
5 14
7 68
3 89
10 54
6 31
10 48
6 67
4 6
9 91
4 12
2 10
6 90
3 93
10 64
8 62
10 26
7 95
1 75
9 75
3 4
4 50
10 95
3 99
6 29
10 6
2 70
9 76
4 65
4 40
10 40
2 28
5 46
3 37
3 19
3 4
9 73
6 90
5 65
10 27
3 78
2 64
7 18
10 74
5 61
10 75
2 97
6 100
9 44
8 49
6 89
9 53
9 90
9 21
6 86
4 85
9 79
7 37
2 6
4 7
6 60
10 63
1 62
10 91
9 57
9 17
4 13
2 66
6 19
9 62
9 68
4 82
7 29
8 58
8 98
9 97
3 44
6 30
1 16
3 61
7 45
4 55
8 69
2 98
8 56
2 61
7 90
4 53
7 92
8 98
5 45
8 13
4 51
8 50
5 73
2 93
6 40
3 50
8 60
6 19
10 68
7 62
5 77
5 24
2 56
4 89
8 23
5 54
4 91
7 46
3 84
7 12
10 70
1 41
10 75
9 74
10 73
8 66
9 67
4 40
5 92
1 11
10 37
6 9
4 65
10 34
6 47
1 30
10 94
2 3
5 20
1 62
1 74
7 3
6 12
9 64
8 6
4 72
3 78
9 18
2 53
3 46
7 10
4 94
8 46
9 41
3 98
6 41
1 22
5 79
9 51
10 65
9 97
8 48
8 19
4 77
4 87
8 46
6 41
6 85
7 52
2 12
3 42
5 16
3 50
7 41
6 48
6 95
3 12
8 20
7 11
9 33
5 3
7 14
7 65
1 23
6 46
5 61
2 4
5 18
6 23
1 17
1 84
8 10
8 68
1 14
6 54
1 74
4 89
7 39
2 74
7 51
10 14
1 3
2 38
6 52
1 99
3 79
6 2
4 13
6 90
9 48
9 77
3 14
10 96
5 4
1 23
10 54
3 90
5 42
8 14
1 82
5 31
4 16
9 26
4 41
6 96
9 73
6 47
3 15
1 2
3 13
4 28
5 83
5 76
7 50
5 48
5 83
9 19
10 90
6 93
7 1
8 87
8 81
5 77
5 5
6 29
3 90
7 9
7 20
5 65
9 51
1 74
2 52
8 39
5 19
7 71
8 66
3 27
5 1
6 18
7 50
7 79
2 15
9 35
10 55
4 93
10 81
10 87
10 69
7 47
1 5
5 62
8 88
7 52
6 95
3 55
9 96
5 22
1 48
5 62
6 4
2 24
8 9
4 68
10 9
1 43
8 10
5 8
5 70
5 26
7 37
8 78
3 28
4 31
10 34
7 73
3 80
5 89
4 22
5 39
7 25
3 58
6 45
9 9
1 53
5 21
10 94
7 18
8 57
7 46
9 40
8 8
9 7
10 10
6 19
4 100
1 17
6 22
9 75
4 36
7 61
4 24
1 65
8 40
2 4
1 19
2 25
6 12
10 49
2 94
10 98
6 30
7 72
9 77
7 98
2 81
4 5
1 61
3 73
1 66
6 32
3 94
2 59
10 96
9 9
4 88
9 63
5 89
1 3
1 88
8 48
4 93
7 66
5 6
10 95
6 64
7 15
8 63
10 42
4 88
3 20
2 66
7 32
2 38
7 50
2 48
4 19
8 43
6 64
9 17
3 28
2 37
5 47
3 18
2 48
9 97
2 89
9 50
5 98
4 28
3 16
3 27
1 9
1 32
3 62
8 40
4 61
9 97
9 16
3 14
6 18
7 38
10 33
5 65
2 10
3 95
7 46
10 70
2 29
1 31
5 65
1 92
3 92
4 97
8 32
3 85
9 65
6 16
10 76
9 55
6 95
10 100
5 24
5 25
9 4
6 52
4 45
3 81
9 23
3 88
6 40
6 81
1 84
10 82
9 30
5 4
7 93
7 82
3 45
3 96
10 8
8 60
3 65
1 23
6 69
3 22
5 95
5 88
8 27
1 16
10 42
4 80
5 100
8 62
3 94
2 99
2 66
9 74
5 30
8 30
5 3
10 52
4 51
9 84
10 26
3 35
3 32
1 35
3 28
3 95
7 22
8 1
7 43
3 43
10 28
3 22
5 87
10 70
4 77
10 22
1 49
4 7
4 78
9 25
10 37
3 38
10 30
4 80
3 62
8 10
5 58
6 15
7 6
5 26
5 81
1 6
7 72
4 22
4 2
1 86
8 72
2 62
10 66
7 42
8 59
6 71
4 49
6 36
10 17
4 18
3 6
2 28
2 16
7 42
10 61
6 29
5 72
1 27
2 18
10 25
8 34
7 63
6 56
9 19
7 27
6 34
3 1
6 16
8 32
5 15
2 30
9 8
9 33
4 46
3 13
2 55
7 47
9 21
6 61
6 66
8 52
7 73
10 57
9 38
7 52
6 76
7 46
7 69
9 63
6 74
1 32
6 85
6 71
9 10
6 77
1 90
7 56
3 79
10 47
6 1
1 100
1 13
1 29
7 57
4 62
5 80
5 22
7 48
1 64
7 49
6 43
9 44
10 47
5 37
8 55
7 87
4 52
6 99
2 26
4 92
10 58
2 94
5 13
7 78
4 32
10 46
7 41
7 46
7 98
8 42
1 61
6 58
5 24
6 61
2 98
1 55
9 76
5 91
7 98
5 60
6 86
10 18
4 4
2 77
8 23
2 31
5 48
8 52
2 89
3 12
3 93
2 84
2 38
6 33
7 56
1 37
3 42
4 32
3 31
7 53
3 12
4 35
5 77
5 59
7 37
8 11
7 34
10 87
8 26
9 20
7 97
6 91
9 32
10 41
3 56
7 14
7 76
7 90
9 27
7 28
1 66
3 86
3 6
5 82
7 11
4 52
1 98
4 9
7 37
9 56
8 28
7 12
6 11
1 29
7 59
8 11
9 51
5 98
6 81
6 12
9 89
10 66
2 58
2 34
6 43
10 5
4 70
8 94
8 65
3 67
9 45
8 84
7 100
9 14
7 50
3 73
8 97
3 18
5 90
8 80
10 76
5 17
7 28
7 54
6 10
5 37
1 56
4 99
9 54
5 46
4 54
9 60
7 17
10 79
10 94
9 21
7 35
2 4
10 95
9 50
2 3
1 50
7 93
10 28
1 99
7 91
1 21
3 23
5 91
6 21
7 61
5 95
10 28
5 12
6 42
7 16
2 63
2 14
6 4
6 27
10 85
5 61
5 30
4 80
10 45
3 76
2 100
5 36
4 99
4 87
2 66
1 34
4 46
6 86
9 1
3 84
7 62
7 55
6 2
6 52
4 29
3 25
5 59
8 9
9 52
9 89
7 47
2 97
4 79
6 13
6 15
10 18
6 12
9 49
3 76
9 63
8 26
4 72
8 14
3 90
7 24
10 13
7 61
4 33
10 81
10 28
9 94
2 27
7 50
9 19
1 38
4 45
1 77
6 28
6 48
9 35
5 2
9 3
7 11
8 14
5 45
8 62
8 4
3 49
1 24
8 58
8 34
8 62
3 60
3 9
10 49
7 4
7 85
6 28
1 29
10 88
9 32
4 31
7 7
6 37
3 95
3 6
1 20
1 94
4 5
5 72
10 63
4 64
5 43
8 63
8 17
5 87
6 7
8 40
6 47
2 23
9 37
8 62
4 65
1 41
8 98
2 64
4 36
5 57
6 31
2 88
9 73
3 67
6 21
10 32
4 22
4 64
7 96
6 54
10 97
9 35
8 73
10 81
2 40
1 94
7 78
10 48
2 9
10 7
10 14
9 88
5 98
8 18
5 7
1 59
1 56
10 15
3 5
3 60
6 77
2 2
4 98
3 71
8 7
9 65
3 54
1 63
10 67
4 1
10 66
6 60
1 37
5 19
3 22
1 4
10 100
7 70
5 81
5 32
5 1
9 67
5 41
7 62
4 55
1 91
3 17
5 57
6 49
10 85
8 85
7 38
3 56
6 83
2 29
10 63
1 7
5 15
5 99
5 56
7 12
2 31
10 40
9 31
7 51
6 75
5 76
3 77
1 95
4 47
10 56
6 28
10 87
2 87
1 89
9 49
4 54
6 5
9 64
2 93
10 60
9 43
8 65
10 2
3 30
9 23
2 57
6 4
8 47
7 92
1 58
10 30
2 46
2 12
3 55
8 44
5 88
4 94
3 19
10 31
6 17
8 43
8 49
10 31
7 79
