10 72
8 23
3 72
10 14
6 2
10 77
8 24
10 56
10 78
10 44
6 22
3 37
4 74
4 14
6 39
7 52
1 99
10 19
8 25
10 97
7 53
1 21
8 52
5 44
3 69
9 56
5 90
10 85
5 59
5 89
10 33
10 66
8 99
6 75
10 49
9 50
8 13
4 66
7 41
2 86
2 95
9 93
10 44
5 28
4 31
10 45
7 73
8 89
8 60
10 79
7 73
6 84
6 75
9 79
1 54
5 47
3 64
1 63
9 43
6 22
10 16
10 72
3 32
3 77
1 6
6 33
7 13
10 84
8 24
1 5
4 3
8 58
5 76
4 79
8 32
3 96
10 77
10 89
4 45
4 81
9 29
9 98
6 99
7 54
1 38
8 30
1 97
6 48
1 51
4 71
1 82
4 34
7 25
2 64
4 44
1 46
7 84
7 47
4 33
8 17
9 82
2 52
6 83
2 61
4 56
9 5
10 1
7 96
8 14
1 77
7 86
5 48
3 17
8 67
3 87
3 14
3 23
4 57
4 57
6 88
5 57
6 60
9 46
2 77
10 74
4 88
1 58
7 30
2 30
7 26
5 44
3 72
9 35
6 3
1 88
5 82
1 64
9 80
2 88
1 34
2 98
4 81
4 81
7 1
6 97
1 64
10 80
9 96
3 37
1 21
1 80
1 35
5 14
6 41
1 79
8 6
7 74
3 29
8 30
9 100
3 84
6 81
6 48
4 26
6 97
2 63
6 87
6 2
9 52
4 79
2 84
5 2
7 54
9 35
2 62
6 76
4 68
6 78
1 75
5 62
4 98
5 26
7 75
4 21
4 28
8 35
9 99
9 34
6 30
8 31
10 3
5 69
1 61
9 37
9 98
4 55
5 9
10 8
2 40
9 29
10 63
10 59
10 35
6 62
3 34
2 73
5 4
8 59
8 83
4 88
3 36
5 77
4 3
7 59
8 45
1 37
2 21
8 41
9 12
9 41
2 58
10 73
6 90
8 77
10 22
6 34
8 97
2 46
10 50
3 42
10 54
3 51
8 53
7 44
5 38
3 36
7 50
8 87
9 43
1 32
2 82
1 71
10 58
2 64
6 47
4 17
8 56
2 87
7 41
9 20
10 62
4 10
9 17
3 100
7 71
7 39
5 78
9 19
10 38
1 4
3 26
4 16
1 42
7 46
5 24
7 14
3 20
4 72
10 61
5 91
7 53
10 19
6 44
1 3
2 14
6 81
9 99
5 79
2 85
10 72
1 21
7 8
1 31
2 66
1 68
10 20
5 97
4 56
1 82
2 29
6 81
1 4
4 82
3 67
9 100
3 81
9 22
1 68
8 15
9 75
1 39
1 39
7 36
1 22
3 6
10 31
8 95
7 5
5 3
10 58
6 27
7 60
8 5
6 60
9 92
9 80
7 74
4 12
1 69
3 48
2 14
9 48
1 25
3 19
6 85
5 22
9 87
4 62
3 43
9 30
5 59
9 25
8 26
6 75
5 24
8 30
1 71
3 64
5 22
3 47
3 30
4 42
2 59
5 91
7 97
10 45
2 48
4 33
7 81
8 97
3 18
4 30
10 93
3 67
1 55
10 81
3 8
9 2
6 32
5 34
5 5
5 6
6 2
2 37
3 16
10 80
5 43
4 90
10 16
10 65
9 67
8 44
8 57
9 30
8 73
4 76
2 52
1 71
7 5
3 5
9 50
8 18
6 45
6 67
1 44
6 70
9 90
8 9
5 87
2 98
6 86
1 56
7 85
2 46
3 66
10 72
2 97
10 86
9 38
9 76
2 25
9 63
4 89
2 64
9 43
4 39
3 68
8 36
3 6
1 85
6 40
2 99
7 8
1 92
4 42
6 86
3 83
4 23
8 55
6 80
9 77
1 60
8 10
1 10
3 18
2 74
8 35
1 2
9 10
9 4
8 20
1 45
1 10
9 70
6 85
8 58
9 25
3 24
9 57
3 66
9 45
1 96
2 96
6 68
6 49
4 7
1 48
7 100
7 49
10 76
8 6
9 82
9 39
8 89
1 48
1 57
10 98
9 95
5 54
5 2
9 55
8 63
10 11
2 88
2 34
5 73
8 91
10 51
6 27
8 3
10 75
8 95
10 38
6 40
3 74
8 8
8 25
1 6
9 44
2 93
9 23
4 73
6 18
8 66
4 65
10 8
8 79
5 80
4 58
9 41
7 23
7 45
6 40
9 59
3 60
7 98
1 97
5 77
1 66
2 15
5 80
9 53
4 32
5 91
10 64
1 68
8 13
10 58
3 70
9 10
6 46
1 72
5 40
4 96
9 52
8 21
1 42
10 23
10 36
1 12
5 49
2 40
6 77
9 63
10 92
7 23
4 22
2 51
6 41
3 66
5 19
1 81
8 5
10 65
1 73
8 29
7 97
4 8
6 87
8 27
1 41
3 67
5 9
5 82
3 74
2 35
4 52
1 51
1 11
2 75
1 75
8 92
7 36
1 99
2 17
3 19
5 51
4 52
5 50
1 94
9 3
1 23
8 5
5 54
10 54
8 57
2 69
8 26
3 10
8 14
8 25
2 2
8 1
9 60
8 6
3 66
9 22
10 62
10 93
2 71
3 91
5 71
6 7
3 82
8 15
9 2
6 43
6 46
5 51
8 34
8 92
1 64
3 98
2 17
9 97
4 29
9 26
1 9
7 54
1 93
1 50
4 96
4 38
3 72
5 72
7 81
3 100
3 78
6 23
3 82
7 4
6 70
6 75
10 12
4 57
2 39
1 77
5 11
6 26
6 39
1 25
2 16
9 7
5 92
2 4
7 51
6 91
3 35
9 26
9 7
7 28
7 39
9 46
8 62
4 48
10 97
8 79
10 8
10 4
2 99
6 18
7 19
6 41
9 19
2 71
2 54
5 16
3 15
9 43
1 39
6 23
7 23
8 28
10 58
9 44
5 39
4 62
4 66
5 58
6 88
4 13
4 89
8 33
7 40
9 78
7 10
2 96
8 5
1 97
4 99
8 30
1 84
5 90
4 4
9 35
2 19
7 74
1 48
6 21
9 97
4 64
4 77
4 50
5 70
2 58
2 14
10 30
5 97
4 35
3 70
4 31
10 3
2 76
1 71
10 22
3 28
6 93
6 2
2 53
6 43
3 67
7 63
3 5
10 55
4 41
1 78
3 31
4 30
10 45
8 95
2 92
2 33
9 77
4 43
8 38
1 83
2 60
7 18
2 26
3 29
10 36
7 18
3 13
10 17
2 11
8 74
3 18
4 82
10 12
3 74
5 48
6 99
2 5
8 67
1 74
7 65
9 68
10 61
2 32
4 39
9 87
8 46
8 24
4 5
3 34
7 86
3 32
9 51
7 69
8 90
5 88
2 100
6 21
8 11
7 14
7 34
8 26
3 66
5 95
9 46
1 71
2 39
5 1
3 74
2 58
3 72
9 76
1 73
2 67
5 24
8 91
1 23
2 10
8 86
7 10
1 67
6 74
8 53
5 67
9 49
7 83
5 100
3 39
7 54
6 25
2 57
3 67
1 65
4 79
9 67
3 74
1 38
5 41
2 81
10 27
5 32
2 83
10 33
1 9
10 28
1 69
6 40
1 87
9 41
7 35
5 15
3 54
3 99
4 78
5 77
6 44
9 79
2 87
2 90
7 76
10 54
2 37
9 39
4 43
10 55
1 81
9 16
3 82
6 95
2 3
5 11
2 99
1 97
3 71
7 56
5 6
8 25
1 86
9 29
1 6
7 14
9 33
8 44
9 11
9 30
8 78
2 62
9 27
5 30
1 8
5 68
7 99
9 45
1 16
8 54
4 44
4 3
1 38
7 5
5 56
4 12
5 92
9 54
3 24
5 20
9 16
4 14
9 62
10 57
2 16
7 22
9 70
8 98
6 46
1 14
2 42
9 100
2 25
7 95
2 51
2 49
6 51
3 59
5 95
3 10
5 40
1 5
6 91
9 94
8 35
9 64
5 40
5 3
6 49
2 82
6 31
3 65
9 95
2 34
9 83
6 52
6 57
8 48
3 99
8 92
6 54
6 13
6 66
3 65
4 28
10 17
3 85
2 38
9 83
9 15
6 5
8 67
8 38
8 69
8 99
3 12
8 12
5 22
2 17
1 73
1 38
9 58
9 72
1 94
2 31
9 94
6 93
10 46
5 45
2 22
1 82
6 25
9 31
4 64
6 96
4 40
2 99
4 52
10 28
2 81
8 2
5 51
4 16
8 49
1 21
7 10
6 33
1 44
3 8
4 74
10 64
9 1
3 18
4 11
7 30
5 21
10 86
9 75
8 10
6 98
9 41
4 45
8 43
1 1
3 75
9 24
9 60
4 65
9 5
1 95
9 85
4 32
8 85
1 24
1 17
1 63
1 95
8 19
9 4
2 15
6 23
1 54
1 81
5 40
2 38
9 100
4 2
8 86
2 44
8 88
9 16
8 80
9 45
2 21
6 45
4 7
1 42
3 100
10 13
7 42
