2 20
6 19
9 9
7 61
10 36
4 91
4 6
2 14
2 13
10 90
7 5
2 59
2 1
3 51
4 85
6 41
4 47
8 9
2 83
3 7
7 8
2 66
4 80
3 6
5 43
8 10
5 77
1 40
10 66
2 2
5 8
9 23
6 100
2 15
4 54
7 41
2 79
3 11
6 32
9 7
8 61
1 68
9 100
6 87
5 29
4 30
6 19
10 80
2 49
2 19
5 70
4 98
4 26
8 66
6 91
8 1
10 97
3 18
7 46
8 48
10 74
7 9
5 42
4 23
5 64
1 63
10 51
4 95
8 77
7 59
10 72
6 99
5 25
2 91
10 16
8 42
5 96
4 81
2 50
7 93
2 86
2 93
10 58
4 12
7 53
3 2
6 39
9 49
2 66
6 27
6 13
6 78
4 89
3 65
7 86
6 6
2 60
3 96
3 63
1 44
2 60
3 64
6 9
1 29
3 44
8 90
10 78
3 68
4 35
4 5
7 31
8 25
10 76
10 5
3 13
1 48
4 71
7 11
2 2
5 21
9 91
9 40
2 42
1 79
9 96
6 1
1 56
1 31
1 39
6 86
4 64
10 48
10 17
7 21
9 48
9 86
6 63
1 97
2 97
3 92
4 34
7 73
5 89
8 79
6 88
5 69
4 17
3 99
1 96
1 77
10 25
8 63
7 32
10 26
7 80
1 27
10 10
9 14
6 75
1 15
10 81
2 52
5 91
1 2
6 59
6 3
5 29
5 17
10 66
7 14
1 82
5 51
10 60
10 63
1 13
10 85
6 1
7 29
7 74
2 77
4 5
10 15
3 71
4 8
2 69
10 45
3 60
1 85
4 24
10 35
4 32
2 53
4 64
2 67
9 7
7 39
3 16
7 2
10 91
4 11
8 64
5 83
5 29
6 45
6 78
5 8
8 71
10 56
1 53
2 6
6 37
6 89
4 78
7 58
3 62
3 19
1 33
6 20
7 10
3 38
3 74
3 66
7 42
7 22
7 9
7 83
6 21
1 95
5 68
10 65
6 71
1 76
4 6
3 44
9 53
3 37
3 40
7 7
9 70
6 23
1 25
8 48
6 74
4 96
7 7
6 10
2 51
2 9
4 96
8 100
6 25
5 70
10 43
8 8
3 87
2 86
7 31
10 23
7 84
7 93
8 81
2 65
5 33
8 91
8 47
1 15
10 3
7 72
2 41
1 98
1 71
4 11
4 60
7 99
7 80
6 66
1 51
8 54
7 93
9 30
5 20
10 61
10 54
10 72
9 60
3 84
6 92
1 68
4 56
7 23
9 90
1 74
8 100
8 10
10 84
8 69
4 81
5 34
5 63
6 70
10 26
3 98
10 50
5 63
6 23
8 34
5 68
10 94
4 82
9 39
8 41
10 53
6 58
4 26
7 92
2 57
9 89
9 92
1 52
1 89
6 1
9 13
3 28
3 17
3 16
2 83
5 45
6 85
2 25
3 61
1 92
7 2
10 26
8 98
7 50
10 37
1 50
6 53
9 58
1 53
4 66
9 13
5 95
6 83
8 1
9 60
6 96
5 84
4 81
2 92
2 29
6 100
8 53
7 63
3 21
2 91
10 83
4 80
4 35
2 57
3 42
6 93
8 63
3 69
5 34
3 23
1 20
1 38
2 76
10 38
5 33
1 22
6 20
9 71
6 14
2 79
7 43
4 2
9 6
8 90
2 5
10 46
2 43
4 62
10 41
7 49
9 59
1 44
9 10
5 35
3 15
1 98
3 89
2 98
7 68
6 6
5 74
3 13
6 75
10 66
2 22
6 14
3 10
8 10
9 79
1 81
8 99
4 26
3 45
1 89
8 29
3 55
1 68
3 24
1 72
6 99
6 37
6 41
7 43
1 40
8 56
9 62
1 49
4 27
2 17
1 95
4 26
9 18
4 45
4 95
5 84
2 56
9 79
1 92
1 21
8 73
7 77
5 49
9 29
6 84
3 42
8 69
9 86
1 2
5 27
8 70
3 37
6 91
5 36
5 61
9 60
7 10
2 90
10 70
2 68
5 98
1 52
6 69
4 74
9 81
5 64
9 50
5 87
7 4
4 84
1 54
3 9
10 54
1 39
10 17
9 17
2 40
1 67
4 41
4 72
1 28
5 78
1 33
10 89
7 17
5 51
6 65
8 51
3 78
5 16
3 30
2 13
4 80
8 7
5 32
3 51
9 38
10 42
3 61
1 59
1 40
4 29
4 69
10 87
10 26
4 80
3 57
6 15
3 87
9 92
9 46
6 81
10 97
3 89
6 65
4 82
10 13
2 66
5 34
2 100
4 33
1 57
6 63
4 27
8 8
5 50
6 99
3 98
2 34
9 97
9 89
6 17
10 66
3 1
7 100
8 98
6 100
2 86
2 43
4 6
4 37
1 76
1 32
8 38
4 84
5 26
8 10
6 61
10 1
2 92
3 64
5 86
10 71
9 58
7 24
4 60
9 55
10 84
5 31
10 86
10 28
2 10
4 14
10 41
2 62
7 73
8 44
7 11
10 10
9 70
3 21
2 27
3 29
9 76
4 78
9 50
5 42
2 56
8 91
6 25
9 62
7 58
10 90
1 98
6 52
2 90
8 75
6 93
9 36
10 89
10 88
6 37
6 61
10 4
5 27
6 66
2 1
3 25
3 77
4 2
4 85
8 95
2 55
6 90
4 28
4 71
3 69
7 11
3 30
10 93
10 24
6 95
7 43
10 47
10 49
6 55
2 15
6 79
3 41
6 77
5 20
3 83
4 49
10 61
7 45
3 33
10 49
9 25
2 75
5 52
10 98
7 18
5 56
7 94
8 70
10 26
6 93
4 59
8 52
3 30
2 45
9 78
6 23
2 35
8 2
3 40
7 29
1 98
6 56
8 38
1 57
6 66
1 7
3 32
1 83
4 70
7 91
7 29
1 96
1 65
4 36
1 59
3 68
4 48
9 61
4 22
4 30
5 80
5 66
5 41
5 44
3 10
8 31
1 11
8 93
3 56
6 96
6 97
4 13
6 91
4 77
3 66
8 53
1 84
9 5
2 44
7 45
8 37
5 36
4 30
7 19
5 75
3 47
3 50
7 23
5 95
7 16
5 5
6 46
3 91
7 96
10 96
8 53
3 52
2 87
8 87
3 9
3 63
10 100
10 21
1 94
4 85
2 76
3 61
6 14
3 1
1 97
6 52
5 76
3 30
4 48
8 38
6 59
8 59
7 48
8 88
4 30
6 36
5 15
9 52
2 35
6 96
4 22
8 50
5 10
10 11
9 94
5 66
8 89
6 80
10 63
9 61
6 99
3 41
5 73
5 43
5 3
8 55
9 27
2 20
7 24
7 96
1 22
2 17
8 95
3 48
8 37
8 77
5 38
4 63
6 56
4 50
7 57
9 99
4 14
4 15
7 20
2 69
2 8
10 34
3 34
8 70
6 17
3 53
4 29
1 15
5 45
4 86
6 1
1 50
8 61
4 72
4 68
10 72
3 55
6 48
9 32
5 7
4 4
5 83
10 46
7 64
7 67
8 88
1 87
9 40
4 72
3 41
6 71
3 19
3 100
7 89
10 91
7 93
5 85
6 40
5 4
4 18
8 56
9 19
1 31
9 75
6 33
5 59
7 57
6 98
2 31
3 35
3 74
4 60
9 85
4 36
10 39
3 46
5 77
6 30
2 38
2 90
3 65
4 22
9 54
2 16
5 83
1 87
10 17
6 47
10 88
6 55
5 84
10 71
6 14
5 41
2 95
10 14
7 79
7 13
9 22
7 45
9 5
5 89
3 33
9 22
10 85
4 92
8 29
9 89
7 94
6 55
10 53
2 53
10 85
5 78
8 98
10 86
8 28
4 1
1 52
3 42
7 65
10 57
4 84
4 33
6 42
2 82
10 66
4 31
10 72
5 52
2 81
2 58
5 25
4 7
3 84
9 58
7 96
9 1
9 11
9 95
7 61
8 24
3 6
3 82
9 8
5 38
3 22
1 46
1 12
10 87
5 75
3 30
2 58
8 83
6 72
4 41
8 53
4 3
1 95
7 73
7 72
4 42
6 75
7 60
2 45
6 37
3 91
4 83
10 38
5 88
2 86
7 57
7 11
2 85
8 14
6 5
1 89
1 42
2 39
5 87
6 59
7 17
6 95
2 53
5 8
6 13
2 13
4 11
6 46
1 39
5 88
8 16
4 38
9 83
3 59
6 17
3 51
3 26
10 95
5 42
10 66
2 12
5 38
5 2
3 44
6 57
9 72
2 58
10 49
4 1
7 29
8 30
8 56
1 26
5 32
10 81
1 58
9 6
6 31
2 46
9 54
2 3
4 30
6 49
3 99
10 8
1 47
7 66
7 63
6 63
4 56
3 51
7 80
5 11
8 26
2 20
8 59
5 21
4 26
7 48
4 75
2 76
7 23
7 30
2 84
7 23
8 33
3 54
1 94
9 75
10 94
3 15
7 16
2 19
4 40
1 4
2 95
