5 44
3 14
5 4
7 87
7 1
9 80
3 34
5 61
4 57
3 15
8 73
3 92
4 58
10 73
1 38
1 100
7 70
2 84
5 59
10 26
9 32
7 40
5 61
6 73
5 85
7 43
9 37
2 69
7 85
1 24
4 44
6 74
1 42
10 42
3 74
8 55
9 60
6 91
3 80
7 28
5 77
2 36
9 23
4 6
7 76
4 29
9 49
6 52
2 6
5 55
7 4
6 94
10 79
7 79
9 56
5 70
5 31
5 66
6 98
2 15
4 47
4 72
6 21
7 39
3 63
9 35
3 93
10 94
10 32
8 3
9 88
3 11
6 88
8 17
4 38
9 96
9 42
8 46
3 27
5 86
8 45
3 54
9 49
3 71
6 50
1 55
7 33
2 58
1 80
3 81
5 12
1 92
5 89
8 33
8 75
5 70
4 40
6 8
7 58
7 3
2 98
7 11
8 62
1 20
3 35
9 34
5 4
10 87
7 4
10 83
9 42
7 59
10 80
8 98
7 45
4 76
7 41
10 36
9 67
10 77
9 5
6 37
2 92
3 91
2 43
2 35
1 31
6 16
3 77
9 2
1 68
5 78
3 45
4 96
8 29
9 36
2 2
7 72
8 90
3 70
6 93
1 33
6 19
7 50
3 55
2 54
3 66
1 99
5 51
3 21
4 7
4 6
10 2
8 81
7 30
6 48
4 16
4 53
5 41
2 29
1 33
9 73
7 80
1 77
8 3
5 94
3 2
6 42
9 48
7 91
9 59
6 75
10 82
1 40
2 53
4 4
5 17
8 43
9 37
1 60
1 37
2 79
4 53
6 25
6 46
5 59
5 37
10 64
9 45
4 48
4 40
9 56
4 81
7 8
8 9
7 38
7 61
4 24
1 40
5 15
1 90
10 47
8 89
5 70
2 15
3 63
7 97
7 45
9 15
10 49
4 25
9 69
7 70
6 65
5 68
3 8
7 73
3 100
10 10
6 55
3 33
1 24
3 60
2 70
1 5
1 88
10 60
1 73
6 34
7 87
8 80
10 47
2 8
7 39
2 72
3 20
1 83
5 7
6 10
10 48
1 24
10 11
2 91
9 83
7 28
6 96
2 29
4 89
3 53
10 15
6 96
6 21
6 41
5 80
1 63
7 95
1 88
1 89
5 9
10 71
5 91
2 6
1 34
3 1
2 61
2 48
4 5
9 29
8 35
9 80
6 5
4 82
9 25
6 50
7 11
10 97
9 12
8 28
5 4
1 32
4 40
7 54
3 20
10 57
4 41
10 5
10 63
6 46
4 91
5 54
3 48
4 60
4 8
6 14
10 37
9 6
2 18
6 9
5 8
3 61
1 75
7 89
5 86
7 3
10 46
10 29
4 96
9 37
4 73
7 68
4 92
9 42
3 34
6 61
7 38
7 96
6 76
2 95
7 100
1 92
3 14
10 36
10 96
7 28
6 20
9 63
7 74
6 50
4 90
5 79
7 45
2 31
8 46
5 67
3 65
2 70
6 18
9 21
1 95
7 68
2 97
8 69
7 66
1 39
6 5
7 86
5 85
1 53
2 63
6 25
7 91
6 68
1 40
9 34
7 77
3 18
3 44
7 32
10 53
6 32
4 94
2 34
9 67
9 55
9 61
10 5
2 21
3 64
7 2
9 82
10 91
7 13
9 64
6 23
10 93
2 55
1 14
3 35
7 54
6 45
2 46
4 52
2 60
10 63
2 33
2 57
4 53
5 78
9 59
2 78
8 49
10 48
10 10
9 5
1 10
2 39
10 3
8 96
3 46
8 92
10 58
8 44
5 17
9 81
1 56
10 77
8 98
2 77
2 80
8 72
5 16
8 48
8 96
10 43
10 83
5 5
10 3
9 49
2 14
7 22
9 6
9 96
7 11
8 64
8 13
8 57
6 12
5 21
7 33
7 44
1 30
1 3
10 45
3 70
8 89
8 72
10 83
8 48
1 61
5 69
8 73
10 54
8 77
4 93
3 38
7 19
3 27
10 70
10 72
1 21
9 44
3 56
7 89
8 60
1 35
1 62
9 12
5 49
4 31
5 97
1 14
8 84
6 87
6 45
7 28
10 16
8 95
7 73
9 25
5 75
7 53
9 1
1 38
3 33
6 22
4 17
5 59
8 4
9 85
9 49
2 25
10 98
2 96
6 68
7 51
1 55
8 28
10 54
5 3
2 38
8 91
6 4
10 56
3 17
8 93
6 89
8 94
8 20
9 46
2 37
4 31
8 95
7 63
10 31
5 90
6 37
3 2
4 8
8 80
1 37
7 32
4 86
10 97
8 80
2 74
10 83
3 5
2 92
8 19
6 2
4 85
8 12
7 77
2 98
2 45
10 55
10 65
3 68
10 32
6 71
1 46
8 59
2 89
1 32
1 11
6 67
4 94
7 37
9 43
4 97
7 81
1 99
3 81
9 62
5 45
1 62
4 78
3 65
1 27
9 69
4 7
7 48
5 38
9 66
2 5
10 23
10 73
1 25
6 59
9 25
5 34
3 92
5 72
2 24
9 42
9 90
5 36
2 79
4 42
6 1
2 9
10 28
1 41
7 9
5 24
6 5
1 16
8 21
8 19
9 9
6 64
1 50
6 77
9 64
8 64
7 69
1 87
2 66
2 1
6 96
10 70
3 26
9 39
7 77
7 12
3 12
9 87
1 67
3 3
4 68
6 61
5 55
1 54
5 71
3 49
7 20
1 4
10 3
4 91
7 60
6 37
4 13
10 9
2 65
1 81
10 63
7 89
6 61
8 78
4 96
10 49
6 55
5 23
7 36
4 64
4 39
5 70
4 23
10 16
6 34
3 51
2 21
8 4
6 33
8 83
9 12
8 65
7 80
1 86
3 95
2 26
10 20
10 42
2 90
1 25
3 4
3 82
8 13
6 78
5 89
3 23
2 96
10 88
5 63
5 74
5 98
10 77
8 45
5 29
5 48
8 40
2 9
8 33
1 52
7 90
2 27
2 47
8 96
7 4
3 20
2 57
3 58
1 72
5 5
4 52
8 83
4 53
6 43
7 61
2 29
3 66
6 86
2 25
6 27
2 59
5 100
4 94
1 94
10 41
3 12
9 38
3 75
4 64
4 21
8 85
9 70
1 28
1 26
5 28
5 50
10 75
3 29
10 66
8 55
10 98
8 11
2 11
10 25
4 53
3 71
8 29
10 64
1 90
3 84
4 61
9 84
9 42
8 93
8 92
1 97
2 25
2 88
1 92
7 49
6 16
7 58
1 42
6 14
10 22
3 18
8 51
4 39
10 85
10 71
3 93
2 23
5 28
8 20
7 12
10 51
6 40
2 84
3 19
4 70
8 57
9 54
1 30
5 37
5 44
9 3
9 68
6 54
8 68
5 68
10 48
5 22
2 11
4 95
8 37
2 29
4 59
9 58
10 47
3 66
7 63
2 85
10 81
6 33
10 37
1 75
9 75
5 83
5 55
3 85
8 63
6 66
10 97
10 12
5 98
6 59
8 90
4 62
4 17
4 14
10 15
4 37
3 30
2 62
10 58
10 32
5 82
9 30
3 20
3 64
6 93
5 8
1 81
1 72
5 23
7 99
1 70
8 86
8 99
5 42
4 18
1 59
7 60
10 77
2 39
2 32
2 10
4 97
3 44
3 33
3 100
5 40
4 6
4 27
5 17
7 72
2 36
6 95
6 4
4 15
2 17
9 41
7 53
3 89
7 46
5 28
8 59
4 67
5 63
3 22
1 78
6 87
1 80
4 98
6 35
1 31
6 18
9 56
10 21
8 69
8 29
7 85
10 28
8 1
3 28
9 81
8 78
7 69
9 38
6 38
5 40
5 89
3 33
2 99
9 82
3 37
5 63
2 52
9 44
7 53
2 79
9 7
2 9
6 95
9 98
4 89
1 32
5 59
8 56
3 4
10 33
2 12
7 57
4 73
1 14
5 73
1 98
3 31
3 76
1 88
6 68
6 25
4 53
4 55
10 93
3 22
7 97
6 39
5 96
3 53
8 83
7 10
10 15
7 28
9 86
4 58
1 15
5 33
10 86
1 74
6 49
4 58
9 91
6 57
4 86
10 82
7 70
10 96
6 28
6 43
9 40
3 26
6 5
5 18
10 100
10 71
1 73
8 46
8 14
3 15
8 44
2 86
6 55
2 26
6 2
8 61
6 53
6 7
8 5
2 98
10 2
7 3
2 27
1 79
3 46
1 49
6 22
7 40
4 87
3 5
5 81
4 59
4 38
6 27
1 82
9 14
9 81
5 10
1 48
8 6
10 36
10 59
4 92
7 28
10 33
2 24
4 93
6 56
6 54
2 79
8 29
5 3
4 8
9 87
5 4
7 38
5 43
5 52
1 53
7 34
2 66
8 12
10 70
6 76
7 69
1 42
6 22
2 68
7 71
3 87
8 74
8 87
2 8
1 76
6 59
5 95
9 33
4 41
6 44
9 71
5 4
9 14
6 14
4 69
5 83
5 30
