6 47
6 59
1 45
10 20
1 58
7 81
10 47
6 13
8 68
1 46
5 12
1 64
9 62
2 44
1 97
1 45
8 40
8 92
7 73
9 57
10 59
1 62
7 89
2 39
4 34
1 99
5 52
10 22
7 31
2 80
8 47
5 3
9 84
5 13
3 49
2 6
9 64
10 85
9 27
9 97
8 81
7 38
6 35
1 26
5 13
4 32
1 69
2 87
8 75
4 76
5 84
3 14
7 37
3 62
9 22
3 20
3 25
4 25
3 25
7 88
4 33
9 35
7 27
6 46
5 89
2 76
3 35
10 94
4 33
6 58
9 16
10 52
2 66
6 83
6 87
8 23
9 12
4 31
7 18
1 32
5 98
7 13
8 24
6 37
3 10
6 95
10 61
5 41
6 56
1 37
10 28
6 35
3 24
3 68
1 1
1 68
4 81
4 16
2 27
8 88
5 19
3 71
1 64
8 38
6 46
8 93
5 13
10 42
2 54
2 80
4 76
1 39
4 72
4 31
8 38
4 15
3 3
3 49
8 57
6 16
7 58
3 37
2 85
4 46
10 21
10 20
1 72
7 45
6 49
10 80
7 40
2 57
9 35
9 77
1 5
10 90
4 22
4 11
5 64
5 4
6 55
3 93
6 9
10 41
4 54
9 37
5 6
4 99
4 99
1 63
6 31
4 13
7 67
9 77
4 3
2 75
4 71
9 6
5 30
9 48
10 9
10 52
2 34
8 77
8 64
8 43
5 15
9 73
9 2
6 46
7 13
7 84
8 16
9 83
5 71
4 30
7 75
6 60
4 16
4 22
10 12
7 50
3 86
8 49
10 93
5 86
10 11
1 55
7 20
8 16
7 84
9 70
4 28
6 94
2 66
5 23
7 99
5 62
9 32
3 98
5 73
6 17
1 72
4 3
5 37
4 9
3 2
5 25
6 4
3 20
3 7
10 80
5 71
7 29
7 71
4 80
2 14
4 80
4 61
10 17
5 28
5 42
6 49
9 66
4 55
5 28
4 60
3 33
8 19
2 6
3 77
2 62
10 71
2 70
3 24
2 81
3 6
8 84
7 60
7 35
2 9
9 44
10 23
8 20
5 75
8 69
3 78
6 21
6 78
3 18
8 48
1 34
7 81
7 69
4 39
2 13
10 18
5 58
9 88
6 28
8 14
9 7
4 97
2 29
3 34
10 86
5 82
8 93
2 34
4 83
8 75
6 47
7 33
5 65
5 66
8 99
9 42
3 54
10 70
10 17
7 42
10 49
6 88
7 46
2 61
10 13
9 31
6 11
1 88
6 69
8 65
7 2
7 29
6 48
3 14
7 42
4 68
5 88
3 90
6 4
5 73
2 83
8 23
3 26
8 41
3 7
7 30
7 49
4 92
4 43
4 8
2 28
5 18
10 29
7 7
9 84
6 96
10 42
1 48
7 71
1 93
6 33
2 60
4 19
1 67
5 13
9 89
1 94
9 49
7 10
8 43
8 2
10 37
2 52
3 5
9 64
8 13
9 21
10 31
1 49
8 83
8 61
1 52
9 81
1 6
6 1
7 95
3 33
5 51
1 95
10 27
1 54
6 63
1 26
9 8
1 15
10 62
3 3
4 9
9 1
10 19
4 32
7 82
1 98
1 72
6 46
2 37
9 8
2 68
6 28
2 22
2 28
9 48
10 40
10 17
5 85
6 13
7 78
10 76
4 60
1 94
8 20
5 87
2 16
3 64
10 11
9 98
9 33
4 95
4 14
7 11
9 54
5 92
4 35
5 82
1 45
3 62
6 88
1 54
1 99
5 87
8 43
4 87
2 14
6 22
4 83
3 96
8 48
10 3
6 12
5 36
1 70
9 76
5 75
8 26
7 84
10 64
3 32
9 10
7 2
8 1
8 18
2 99
9 66
3 84
1 51
8 68
8 10
6 89
7 94
8 37
10 56
7 61
3 91
2 86
8 98
3 3
10 75
10 40
7 69
3 58
3 42
4 4
5 55
2 74
10 78
7 61
6 27
7 9
4 23
9 83
3 85
6 17
8 78
7 48
6 97
10 100
10 40
3 40
6 14
8 42
4 14
3 34
6 92
3 31
2 3
10 74
10 68
8 92
9 27
4 58
4 89
1 32
5 33
3 27
7 15
6 76
5 97
2 91
9 96
4 96
4 17
5 26
2 91
6 46
2 47
1 39
8 82
4 32
6 17
8 93
4 33
1 8
9 85
7 100
4 87
6 17
3 9
2 20
6 46
7 92
7 64
7 22
8 47
8 93
3 68
6 59
9 89
7 13
8 74
4 26
7 32
1 32
7 93
1 51
5 96
4 42
2 60
6 43
3 21
4 75
4 18
3 84
8 6
7 13
3 58
8 68
2 68
6 38
5 99
4 3
9 46
8 68
6 86
4 39
8 12
3 18
7 44
3 17
4 1
8 26
6 78
7 19
2 23
4 35
5 5
3 17
8 79
3 98
9 62
6 73
5 96
5 98
2 85
9 81
8 74
1 34
5 11
4 50
2 9
2 3
5 61
10 56
5 88
10 20
7 36
10 38
1 60
8 91
6 93
1 52
9 76
7 55
3 68
3 65
10 88
10 58
2 2
10 44
2 25
3 57
8 69
3 57
9 21
5 33
9 12
8 35
3 5
5 18
7 9
4 77
8 79
1 16
8 4
3 86
8 33
5 19
4 39
8 10
7 34
9 28
7 62
4 65
8 94
6 47
1 62
3 13
3 12
8 72
6 83
8 70
4 26
10 68
3 20
7 54
5 40
10 23
7 51
6 19
3 50
3 58
7 99
1 37
2 32
4 40
2 20
10 39
4 65
9 6
9 87
6 21
10 51
4 56
5 48
8 12
10 83
7 59
9 77
3 94
7 7
7 66
4 41
5 45
1 57
3 27
10 68
5 53
5 63
2 37
7 95
8 76
8 61
2 50
10 78
5 36
5 76
10 31
7 84
2 48
1 100
9 100
6 7
4 28
8 23
5 55
1 54
6 96
2 6
9 46
7 76
1 54
5 16
9 4
7 48
2 65
5 70
8 61
7 8
5 18
8 67
10 99
3 4
9 23
6 64
8 41
6 30
4 8
9 75
9 67
3 93
5 28
6 53
1 26
9 32
2 70
1 5
9 19
1 57
9 98
1 84
6 41
7 80
7 50
9 48
9 97
6 19
9 92
4 83
5 35
7 37
10 4
3 27
7 12
4 54
7 84
7 89
5 100
1 58
8 1
4 56
4 62
8 47
6 49
3 73
9 48
5 25
10 57
2 78
8 18
8 85
9 85
8 92
4 12
7 93
3 21
3 66
9 86
1 75
4 4
4 86
6 25
7 63
10 92
2 81
2 69
1 96
8 62
1 37
1 58
9 95
6 73
10 32
4 73
9 45
5 40
6 19
7 18
2 31
7 82
7 77
6 84
10 6
4 26
3 63
1 22
9 30
4 1
10 44
2 42
7 28
5 97
5 28
1 86
1 34
6 69
3 86
4 65
5 27
2 98
7 31
10 96
1 21
1 34
6 82
9 35
8 8
1 56
5 80
7 31
2 34
9 88
2 7
2 55
8 83
10 73
3 69
1 60
6 32
2 11
6 19
10 22
4 69
10 68
1 92
6 51
3 21
3 37
8 65
1 69
4 82
2 72
7 96
7 54
1 95
1 28
2 7
4 45
9 95
4 50
8 35
10 59
5 77
8 60
8 80
8 72
8 92
6 42
5 89
5 74
4 10
7 10
5 86
8 42
6 35
6 73
7 95
4 87
4 84
4 65
2 83
2 57
10 22
3 83
3 51
4 55
9 90
4 8
8 75
8 70
1 43
4 62
6 82
2 83
4 45
7 61
7 67
8 14
10 98
3 32
3 16
3 79
3 77
6 7
9 22
9 61
10 21
5 99
3 100
4 59
10 24
3 92
6 72
1 20
5 98
5 28
2 54
7 80
2 57
3 26
5 53
8 64
10 76
7 23
10 26
9 83
3 14
4 48
9 61
4 63
6 41
6 79
10 1
2 63
10 37
7 25
8 6
2 80
8 8
9 95
3 88
7 59
9 65
4 84
6 75
7 75
1 24
10 6
2 66
7 21
8 85
6 93
1 90
9 36
8 2
7 10
8 46
10 11
2 51
9 37
4 93
5 60
6 53
4 92
5 41
8 72
3 25
2 54
7 16
7 47
10 20
1 65
6 91
3 2
1 39
9 13
4 5
6 33
8 5
1 18
7 86
2 37
3 38
9 94
8 53
3 5
7 48
7 30
3 44
1 58
10 93
10 40
10 85
5 100
3 57
1 91
3 40
3 44
6 78
7 31
5 65
10 29
2 64
1 28
4 49
9 25
8 93
2 8
1 57
4 43
9 96
2 4
9 28
10 21
9 91
4 21
4 3
5 85
7 2
7 56
8 89
10 37
3 27
5 60
10 82
8 60
7 10
8 60
3 73
7 60
1 48
6 23
5 97
9 51
8 61
5 81
5 53
3 60
1 52
1 89
7 96
