9 87
4 99
9 92
3 99
6 89
8 33
9 51
10 90
5 68
7 87
9 15
1 90
7 24
8 95
6 32
8 2
10 93
1 67
2 60
3 6
3 47
5 15
10 43
8 63
7 80
5 53
10 49
1 35
10 90
5 16
3 88
9 87
9 52
3 79
9 60
4 67
6 75
2 89
9 52
7 2
7 47
8 56
8 32
6 73
7 61
4 44
2 42
4 22
6 4
8 55
9 55
6 70
6 9
7 31
8 13
9 21
3 33
6 29
2 16
9 58
8 67
8 29
10 39
9 5
9 20
9 85
6 38
8 79
6 21
6 17
9 7
5 6
2 17
4 98
2 14
8 55
3 30
8 65
8 23
3 37
7 74
3 79
1 92
9 49
1 79
1 24
4 81
5 29
3 21
7 13
9 97
4 67
9 76
8 87
6 68
1 1
2 64
2 71
6 17
7 72
3 59
7 70
1 63
6 11
3 11
1 13
7 98
9 51
10 66
2 48
10 80
5 78
8 39
4 23
7 30
8 78
5 64
3 41
10 62
1 76
2 64
6 89
10 72
4 11
2 52
1 6
3 87
10 88
6 16
1 94
8 30
7 17
1 8
7 44
5 45
8 16
10 40
7 96
4 60
5 26
4 42
1 94
4 48
1 91
8 9
4 88
1 26
1 90
8 89
3 47
8 25
7 42
8 31
8 23
3 48
5 5
3 52
4 9
9 43
8 42
9 55
8 74
2 85
8 84
4 93
10 66
9 85
7 51
1 57
7 91
7 3
3 72
2 2
1 58
6 77
1 77
1 82
5 6
1 96
7 80
8 38
1 6
8 65
9 83
1 38
8 69
4 78
5 42
6 68
7 49
7 1
3 86
1 98
9 38
2 45
1 70
2 77
10 13
10 18
3 65
6 70
5 79
2 63
4 4
7 9
8 82
1 91
1 67
5 14
3 44
1 71
8 1
3 26
1 5
1 15
4 90
9 77
10 63
7 46
4 18
5 59
4 29
10 80
7 84
6 24
7 50
8 23
8 38
9 13
4 21
10 81
8 45
5 14
3 52
4 18
1 7
1 4
2 14
9 64
3 87
7 35
9 3
5 87
10 93
1 26
8 69
5 95
8 99
7 39
5 66
10 7
10 16
9 98
6 94
2 53
10 46
3 94
3 52
1 95
5 13
4 37
6 61
3 33
7 24
5 50
9 26
1 66
10 65
3 87
5 76
2 2
9 93
1 78
7 79
4 70
1 3
7 2
2 9
8 52
3 76
8 81
8 66
4 94
8 9
4 16
10 36
1 20
8 42
6 80
5 42
9 24
1 54
1 4
10 90
4 88
1 82
6 14
1 36
10 11
10 73
6 93
1 90
1 33
10 83
5 26
1 99
2 90
7 100
1 65
3 2
3 79
9 99
8 58
7 43
7 42
10 9
8 78
10 50
6 21
4 40
1 81
9 56
6 43
6 71
4 59
9 99
3 7
3 70
2 33
2 35
10 62
6 44
3 95
7 84
6 78
2 95
9 69
7 56
9 75
1 51
8 36
4 24
8 28
4 16
9 23
9 64
9 20
10 51
8 8
1 21
7 90
6 98
6 22
1 75
4 99
8 69
6 94
1 89
8 53
1 45
2 100
6 6
10 51
8 5
6 69
8 47
5 9
9 85
3 60
1 18
10 51
3 29
10 70
9 50
5 62
7 4
4 88
9 61
3 16
3 72
2 85
2 56
10 98
4 61
10 86
4 67
3 25
1 95
5 88
4 92
7 52
10 19
4 22
9 42
10 10
5 17
10 6
3 91
10 37
7 74
8 70
10 36
9 19
1 10
9 100
10 17
8 90
4 3
9 88
2 4
3 57
9 63
2 38
5 36
7 75
9 40
5 98
7 28
2 97
3 63
3 98
2 63
2 40
2 7
8 12
7 22
2 46
8 4
10 10
8 48
7 64
5 34
8 56
4 31
6 66
4 45
5 82
1 97
5 35
3 9
4 24
8 3
5 16
6 25
6 79
4 89
6 30
7 37
3 78
2 45
3 26
8 58
2 27
7 47
5 39
6 13
8 18
9 28
2 7
3 37
1 39
6 5
1 31
9 57
7 37
3 78
7 78
8 95
10 15
2 77
3 58
9 61
1 3
9 54
9 56
6 98
10 67
1 51
2 95
8 41
9 46
1 70
5 9
9 99
8 21
1 32
7 66
8 3
2 87
9 42
8 43
10 5
4 67
10 62
10 44
9 78
4 47
6 62
4 28
3 72
9 12
10 70
8 95
6 71
9 2
7 26
7 63
4 89
5 59
8 21
9 21
4 79
5 9
3 57
2 38
2 19
4 85
1 89
4 60
8 55
9 16
7 28
5 20
6 12
2 58
6 65
10 15
8 61
1 31
9 99
10 3
3 99
4 93
3 63
2 53
6 53
10 37
2 63
4 58
8 75
1 10
10 3
3 8
2 92
9 87
4 48
9 12
3 49
4 94
4 54
8 3
6 65
9 1
8 23
9 18
9 21
1 54
9 72
5 40
8 3
4 24
2 52
7 20
8 81
5 85
2 54
8 25
9 45
2 99
8 16
8 72
8 11
6 45
5 78
5 14
6 60
3 17
8 39
3 40
3 74
10 78
5 1
8 68
8 79
8 49
6 83
2 35
7 89
9 69
6 59
1 26
1 88
5 72
7 86
1 31
9 30
4 36
7 68
10 11
3 35
4 97
4 15
9 67
2 6
4 36
1 70
7 53
8 90
9 19
5 59
5 21
4 90
5 21
4 36
10 66
3 59
9 13
3 95
8 36
5 20
7 99
10 27
9 50
9 72
1 32
8 8
7 15
10 21
3 92
5 84
10 58
7 8
7 23
10 57
6 35
4 8
9 38
10 47
3 1
3 87
8 17
6 96
3 16
8 33
1 64
8 96
2 78
3 45
6 80
7 52
5 96
1 37
7 5
4 24
10 95
10 6
8 79
8 47
5 9
5 90
7 31
3 20
8 7
9 32
4 20
6 32
9 10
7 45
4 56
4 64
1 52
6 10
6 74
9 94
9 65
9 18
5 79
9 84
2 20
10 58
5 19
8 50
2 21
1 56
3 87
8 66
2 54
1 99
8 18
9 71
5 64
5 7
9 26
2 24
4 53
1 47
4 17
3 24
10 82
9 92
10 2
10 34
10 3
1 4
1 47
2 16
3 23
10 93
8 50
4 21
1 47
2 22
2 54
4 24
5 64
9 83
3 88
7 52
10 27
4 22
5 72
5 28
7 13
6 58
4 96
3 97
3 21
2 16
4 25
9 1
7 27
10 45
5 79
2 48
6 41
6 49
2 47
7 67
1 11
5 48
1 64
3 18
9 56
6 40
5 36
2 67
7 28
5 12
5 57
1 6
1 93
9 36
3 71
3 61
1 52
8 43
6 86
6 7
9 7
8 40
8 46
10 54
4 54
7 6
8 68
2 23
9 40
9 8
3 11
4 74
3 69
6 37
8 78
5 8
2 94
4 9
3 90
9 10
8 94
4 43
10 62
1 58
7 53
1 29
7 61
7 10
1 73
3 28
4 15
6 82
6 14
1 42
5 49
8 8
8 19
4 20
4 40
9 91
5 33
5 2
4 99
8 38
6 32
6 80
3 27
3 31
9 59
6 9
2 8
4 7
6 13
8 17
2 42
1 66
4 71
2 60
9 18
9 49
2 27
3 66
4 16
2 1
1 83
5 95
9 97
3 90
7 77
9 2
5 72
7 79
10 39
3 87
5 82
3 90
4 17
3 54
10 20
2 43
2 20
1 83
4 73
7 75
5 3
9 50
3 38
5 74
3 26
4 30
2 39
7 23
1 34
3 84
1 5
2 69
9 46
2 86
2 48
8 61
3 85
3 2
7 68
8 24
3 95
1 98
10 9
2 16
9 71
7 55
9 28
2 35
1 36
7 76
8 37
1 25
9 10
5 94
10 21
5 63
6 43
3 99
8 76
5 55
7 15
5 72
5 6
5 69
7 26
1 73
7 18
3 5
3 27
5 37
7 59
4 65
8 69
5 4
3 83
3 89
4 75
4 79
5 37
1 11
4 21
6 20
8 58
6 23
1 38
1 48
7 49
1 69
5 69
9 74
2 92
10 55
10 86
5 91
9 90
6 22
6 88
8 69
4 44
10 93
9 34
1 42
9 58
6 99
1 16
4 80
5 54
6 20
9 73
8 61
6 28
1 33
7 23
8 2
10 50
3 33
7 88
1 84
8 11
4 76
5 73
1 64
7 88
10 8
3 51
2 96
6 77
2 67
5 39
9 77
3 26
4 98
5 99
2 34
3 73
10 90
5 57
2 84
9 3
5 59
8 52
1 69
6 4
2 18
6 20
1 83
4 6
4 68
7 52
1 8
5 82
10 51
6 55
7 36
4 24
3 57
1 77
8 20
5 52
10 86
2 60
1 95
4 68
5 24
5 58
1 33
1 87
4 98
2 71
7 45
10 21
8 31
3 97
4 33
10 87
3 17
10 18
7 78
