8 58
8 81
7 38
3 3
3 64
5 16
4 45
10 57
7 71
8 69
4 91
6 18
5 50
9 92
4 15
4 5
9 51
7 63
2 53
3 87
3 45
2 75
8 28
3 55
9 13
9 7
6 60
5 77
1 92
4 22
6 78
2 24
2 60
5 20
6 72
10 13
6 48
1 50
5 44
4 87
3 87
10 11
2 93
9 27
8 73
2 35
9 3
1 11
6 35
1 44
7 2
8 77
6 85
4 68
7 80
8 34
8 59
1 52
8 36
2 97
7 6
10 61
3 15
10 83
2 82
2 83
3 43
7 98
4 40
4 67
5 28
6 84
1 50
7 18
2 61
3 42
5 19
6 18
10 61
10 32
1 18
6 89
8 100
10 9
5 12
1 19
1 89
6 56
7 93
6 30
9 71
8 48
1 5
10 29
1 5
10 33
5 72
3 7
9 76
3 13
8 63
3 74
10 54
10 87
5 18
8 14
7 6
3 12
2 77
3 13
4 72
6 11
4 86
1 35
3 24
3 55
5 7
5 74
10 15
3 93
1 98
6 88
7 19
2 49
4 18
1 45
2 2
8 73
9 65
7 11
2 59
1 71
2 77
2 5
8 81
2 65
4 97
7 31
5 77
1 1
10 7
4 86
4 9
4 44
3 88
2 82
5 45
9 93
8 86
2 69
4 88
3 80
10 2
1 35
1 45
6 37
10 64
8 93
6 27
9 80
1 61
10 92
3 51
10 28
2 40
3 73
4 6
10 34
10 95
4 8
4 50
8 28
7 68
5 83
5 24
4 25
2 67
3 9
2 64
6 16
8 40
8 1
10 2
4 10
8 7
10 10
8 72
6 67
7 93
3 86
8 15
8 94
3 29
8 26
3 29
6 35
6 90
9 77
7 45
6 65
1 81
10 34
4 20
10 98
5 17
2 64
7 60
3 8
7 21
10 29
8 41
1 87
3 14
3 62
8 53
2 35
2 39
3 18
5 77
6 44
4 38
10 96
2 92
9 2
6 69
5 56
3 28
9 53
2 91
5 70
7 54
3 75
2 71
9 12
9 80
10 58
1 26
7 82
1 78
1 33
10 67
5 82
8 19
10 60
10 75
6 91
4 70
6 74
3 46
6 19
1 32
8 4
7 86
3 87
6 78
8 57
10 85
6 67
9 9
1 25
9 97
5 80
4 84
5 28
7 65
9 35
10 33
8 69
3 98
6 33
1 25
3 13
8 84
5 3
10 15
9 4
4 48
3 85
4 13
10 4
9 90
10 84
8 4
7 63
8 2
5 74
10 54
2 30
3 76
9 78
7 72
8 20
5 9
7 62
6 19
8 79
2 46
5 75
7 32
8 79
3 54
10 97
2 50
5 80
3 37
6 8
8 72
5 62
7 77
2 68
4 86
4 88
10 60
2 22
5 38
5 24
3 33
1 82
6 44
1 58
3 79
10 14
3 96
2 34
4 22
5 97
8 16
10 65
1 2
9 31
10 89
2 72
3 37
1 89
4 93
1 5
1 5
4 23
2 31
2 91
1 29
10 35
7 64
3 87
4 87
10 1
9 78
7 59
8 40
9 74
9 44
3 73
8 41
10 75
1 38
2 42
5 62
6 65
5 63
2 73
4 51
4 92
3 32
4 10
1 68
5 9
7 21
7 65
9 34
4 94
6 56
10 55
7 77
3 43
7 71
9 69
6 37
7 52
6 59
7 33
1 47
1 91
1 29
6 18
9 87
6 8
3 42
5 93
6 94
1 17
9 40
8 44
4 82
5 13
1 23
9 64
6 19
6 15
1 3
7 80
9 21
2 6
3 23
7 25
9 32
7 75
8 93
8 33
3 43
8 12
9 30
4 62
3 82
4 9
6 76
5 6
10 57
6 22
8 7
6 83
1 45
2 78
8 6
8 78
5 6
7 55
8 65
9 80
7 97
1 57
6 10
4 65
3 65
6 2
9 27
1 10
7 60
4 20
9 24
8 12
5 40
5 60
5 2
1 66
7 60
8 87
3 28
8 9
3 62
10 37
10 30
1 11
6 84
7 39
1 90
5 58
7 77
6 26
2 36
8 35
9 51
2 23
5 68
2 97
7 16
8 83
4 48
1 33
9 70
2 46
4 100
5 62
2 5
5 37
1 100
5 44
8 1
5 18
4 38
9 46
3 87
10 8
7 42
7 98
3 71
1 89
2 43
10 85
9 64
2 61
4 61
4 25
8 24
3 98
6 86
1 80
7 91
2 8
9 83
5 23
10 69
8 12
7 86
10 38
3 18
7 91
9 92
6 61
2 27
5 93
9 77
10 42
10 27
3 12
6 84
10 51
1 9
2 84
7 62
1 22
9 90
3 77
6 80
6 41
7 77
1 78
7 87
4 33
2 65
9 6
7 28
5 84
4 79
4 19
2 66
5 13
10 42
4 37
10 53
10 96
6 12
6 77
8 95
1 93
1 16
10 92
3 16
5 63
4 67
10 39
4 19
6 50
9 44
3 26
6 96
2 3
4 82
10 11
2 1
9 1
1 7
7 61
3 39
4 48
1 100
6 43
3 68
2 22
9 42
4 24
7 84
1 50
8 56
5 98
4 41
9 98
5 27
5 17
2 57
4 62
4 16
1 43
10 97
7 97
5 90
9 87
2 65
10 41
1 10
4 88
8 77
6 51
7 93
10 48
8 99
4 22
1 22
9 59
1 23
2 15
8 97
4 68
1 44
7 71
5 12
7 100
5 18
8 53
5 91
4 7
7 32
10 15
4 69
2 15
5 1
3 15
5 43
5 37
8 73
5 53
7 2
7 5
1 50
1 8
8 6
7 41
9 41
7 22
4 43
1 52
4 63
1 21
6 48
5 92
3 94
10 90
3 72
7 10
7 20
7 8
1 14
2 17
9 33
10 19
8 90
5 93
3 26
9 27
2 16
1 12
2 94
9 23
10 34
3 28
7 29
4 88
3 51
8 21
10 96
3 89
5 75
8 73
10 22
9 27
7 79
4 89
8 50
7 64
4 32
3 4
2 4
4 29
3 68
9 80
10 91
1 74
4 18
6 22
2 41
7 41
6 69
10 11
9 92
2 48
4 57
1 31
7 93
8 94
10 7
1 14
8 41
2 55
2 27
6 12
10 30
4 62
1 41
8 34
8 12
4 41
8 99
4 15
8 69
10 88
5 95
3 68
4 59
9 99
8 94
2 9
4 18
3 18
9 73
5 34
1 68
8 88
5 96
7 86
1 43
7 83
9 27
4 24
4 68
3 24
10 83
9 34
8 59
3 65
3 59
10 20
9 31
7 36
7 77
2 11
6 92
10 51
7 12
10 72
6 12
6 83
6 58
9 36
2 5
8 54
2 41
10 55
4 70
7 55
5 7
9 82
7 83
3 95
5 63
5 91
3 12
8 15
7 70
10 78
10 94
8 26
5 33
2 3
2 67
7 5
8 60
9 36
4 29
7 27
10 38
1 25
7 7
4 17
10 57
3 56
6 29
2 77
5 20
7 84
9 22
2 88
9 5
2 31
7 41
1 73
2 34
9 6
7 46
9 29
4 49
9 70
10 91
3 90
1 14
2 2
7 98
10 10
9 26
8 9
3 35
5 3
10 35
10 54
9 56
9 86
9 20
6 12
7 34
3 10
6 87
10 21
8 7
9 92
9 42
8 13
1 76
1 30
8 45
10 90
1 77
3 53
10 20
10 94
4 86
10 24
9 91
9 26
8 17
4 9
4 67
9 91
1 39
4 61
9 4
5 92
9 6
7 10
2 82
4 13
7 77
2 38
5 22
6 40
1 77
4 6
7 68
9 11
2 80
1 5
10 60
10 78
10 18
4 12
6 78
8 35
3 62
9 90
9 28
9 2
5 43
1 47
3 64
6 57
3 76
2 22
10 96
4 51
6 94
3 16
7 36
3 38
10 26
7 40
2 32
10 66
9 10
6 83
8 81
7 81
8 55
9 35
3 2
9 35
6 69
6 42
2 52
5 65
9 99
9 89
9 32
2 16
4 94
5 79
1 29
2 96
10 55
5 57
3 44
7 46
8 99
8 65
1 86
6 72
6 77
9 45
8 94
6 90
4 80
5 86
6 53
2 17
5 38
3 92
1 56
4 13
4 49
3 66
2 30
1 64
4 63
4 8
8 75
2 73
2 55
5 26
4 54
2 100
1 12
5 7
6 44
3 6
3 27
5 28
6 67
6 99
7 93
7 81
5 4
10 58
9 59
7 81
7 66
3 77
8 56
2 35
1 89
3 27
1 59
1 5
8 15
2 95
9 72
10 49
4 71
3 16
5 41
4 31
10 34
6 32
5 82
9 56
7 55
4 27
7 75
4 55
4 88
10 3
4 39
8 47
1 93
9 83
7 9
10 17
2 66
8 37
2 75
10 73
6 34
6 6
3 95
5 6
8 100
4 79
4 62
4 32
9 78
4 59
3 37
7 35
10 49
4 13
6 10
1 79
8 66
9 40
8 2
2 23
9 61
10 83
9 90
8 4
