7 39
7 32
1 89
7 32
3 14
10 64
3 75
7 59
8 30
5 22
1 93
4 87
9 27
4 45
4 61
6 89
9 94
3 34
9 88
9 82
9 71
9 94
5 12
4 13
5 27
8 26
6 69
9 95
10 73
6 86
4 10
9 79
4 66
4 76
7 46
6 86
3 23
5 95
5 65
3 70
5 67
1 7
6 90
7 100
1 47
2 65
1 100
8 19
1 43
1 89
4 88
1 3
9 28
9 65
5 26
7 33
8 94
10 85
2 57
10 55
4 73
9 19
7 86
6 98
6 37
6 25
2 93
2 19
2 23
3 79
2 64
1 66
3 64
7 56
4 49
3 83
4 43
7 74
6 17
6 91
9 84
9 45
4 17
7 31
1 69
5 42
1 47
10 99
5 16
6 61
8 23
9 10
8 88
6 92
6 83
10 44
9 84
9 91
3 85
5 98
7 92
2 60
10 85
8 30
7 48
5 18
2 34
4 89
5 26
10 72
5 20
4 14
10 52
10 33
1 32
1 6
10 93
3 67
4 52
3 28
10 99
6 33
4 26
7 56
4 75
3 90
1 30
1 41
10 14
6 86
6 30
4 96
9 20
4 1
3 64
4 48
1 48
3 49
6 84
3 58
6 80
7 3
9 68
7 52
5 52
6 66
2 68
2 24
2 80
5 8
3 100
10 31
9 40
6 94
6 19
8 24
10 74
7 73
1 11
3 56
8 59
3 21
5 62
9 77
9 67
5 35
2 88
4 49
7 48
2 12
8 75
7 57
4 43
5 14
10 85
6 84
7 84
5 31
6 6
10 12
7 56
6 94
8 9
8 73
2 82
3 32
10 33
10 58
2 32
3 8
6 98
8 98
2 41
10 41
6 87
10 16
10 38
6 30
8 74
2 68
4 71
9 88
2 21
7 39
3 85
2 53
7 33
2 43
8 95
8 81
9 2
3 26
8 74
2 5
8 40
9 94
5 63
9 66
8 73
6 100
6 50
6 8
8 58
6 58
2 90
2 45
10 5
9 78
4 1
7 25
5 18
6 10
6 70
6 5
5 4
1 56
4 14
5 94
7 37
2 85
7 78
9 64
6 24
5 11
7 97
3 45
10 92
9 73
5 48
10 17
7 23
10 79
9 39
4 81
10 16
5 45
8 38
1 94
1 73
8 2
4 3
2 65
7 27
2 95
1 24
7 74
9 64
10 87
2 32
10 23
7 92
2 45
2 36
2 95
4 14
2 63
2 51
3 5
2 22
2 83
8 4
9 60
3 67
6 90
8 28
3 94
7 31
4 59
8 71
3 67
1 47
8 54
5 5
4 13
7 73
10 42
2 67
5 87
6 50
7 89
10 61
7 72
3 60
7 8
5 82
3 95
6 51
7 70
7 45
2 10
3 69
8 80
6 52
10 72
8 16
9 47
6 57
7 8
5 92
1 31
10 75
6 82
2 67
3 87
1 27
1 14
5 94
3 44
10 96
10 86
5 26
4 37
1 69
10 94
1 98
6 22
5 12
10 47
1 21
4 99
9 86
9 7
5 79
10 79
10 28
5 13
1 62
2 79
1 5
8 3
5 58
6 30
5 34
5 28
6 84
1 28
9 4
3 24
3 48
7 65
5 34
8 81
7 8
2 100
1 93
5 21
7 41
1 34
10 69
8 17
1 25
5 11
4 79
6 33
8 13
4 25
8 95
5 90
8 75
5 77
10 57
8 42
10 87
2 39
9 49
10 24
4 66
4 99
8 9
10 2
7 68
6 56
2 67
4 88
6 91
6 18
7 65
3 97
1 98
1 49
8 66
3 70
3 67
3 73
4 72
9 88
4 66
2 85
6 42
5 24
9 76
3 6
5 9
6 82
4 53
9 27
6 48
9 12
6 99
5 85
10 29
6 21
6 81
4 13
10 16
6 41
6 3
8 46
10 72
6 33
4 57
3 38
2 63
5 25
7 78
10 50
8 20
5 67
10 20
3 4
6 16
5 27
2 24
9 22
9 8
8 98
2 36
3 94
3 94
3 41
9 68
10 85
3 21
9 29
4 28
6 78
3 8
10 86
1 30
2 1
2 55
8 5
8 57
5 10
9 7
1 96
10 95
10 86
3 16
8 15
9 52
7 62
7 42
4 6
8 1
3 8
6 91
4 23
3 33
8 79
6 64
5 50
7 32
1 48
8 61
2 77
9 80
2 21
6 32
4 71
4 70
1 87
6 42
2 31
3 27
7 49
3 47
9 63
4 1
5 76
3 24
4 83
8 69
6 58
5 40
9 9
3 76
2 33
2 85
5 56
4 16
5 27
5 78
7 60
1 37
4 1
9 64
1 70
2 14
8 54
6 75
2 29
8 39
3 19
5 32
6 1
2 75
8 18
3 42
3 56
3 77
1 25
4 35
5 100
8 28
6 53
10 57
8 2
7 20
7 45
3 27
7 67
3 4
4 18
8 7
3 86
10 56
5 62
2 23
2 67
2 58
5 55
6 46
3 28
5 11
8 66
8 34
10 23
7 96
6 66
6 1
3 84
7 22
1 84
6 78
1 22
9 4
3 11
9 22
10 47
2 94
9 59
3 1
6 30
4 18
7 63
7 84
1 66
1 80
1 92
6 2
4 49
7 43
5 98
7 1
7 83
5 39
3 7
1 43
4 34
6 3
3 5
4 24
5 54
2 78
1 98
4 100
5 12
6 83
2 75
10 43
4 93
10 34
8 32
1 14
6 57
3 14
8 11
5 25
2 30
6 86
2 82
5 88
5 96
3 30
4 51
7 40
6 31
7 78
8 43
10 5
4 14
3 47
10 46
5 54
8 16
5 71
1 7
3 50
9 15
2 3
7 42
3 43
5 87
8 67
2 71
3 63
2 5
6 15
9 61
4 21
5 66
9 54
9 78
5 70
9 83
10 31
2 35
3 46
10 72
3 66
10 82
5 45
3 79
10 73
5 98
5 52
10 63
10 21
8 22
5 36
5 27
3 20
8 47
10 31
1 42
2 78
5 81
9 52
10 94
7 78
7 99
10 33
8 15
6 7
4 97
10 59
8 83
1 53
9 94
8 19
10 17
7 84
6 28
4 82
7 60
3 25
6 32
8 74
3 54
5 1
4 52
8 33
6 31
8 87
10 27
3 59
8 69
4 83
3 50
7 12
4 71
1 86
2 86
3 8
3 97
1 54
3 30
4 53
7 91
5 9
3 27
10 89
2 47
7 19
9 79
5 30
2 85
3 14
5 57
5 63
8 34
5 19
3 5
7 62
2 44
8 32
5 26
8 70
6 22
5 89
4 73
8 56
6 9
6 52
7 21
3 3
9 3
2 99
6 22
8 73
2 40
6 83
7 43
2 62
4 97
10 32
9 58
3 69
4 76
1 9
2 1
2 12
9 87
6 58
1 32
4 82
7 33
8 58
5 75
2 84
1 94
5 89
5 63
10 19
2 60
4 84
4 2
1 26
6 82
4 17
9 8
4 2
1 10
2 6
9 62
9 74
3 84
10 51
10 79
10 89
10 47
8 74
2 11
5 24
4 12
4 35
2 18
1 87
7 87
3 14
6 83
9 71
7 56
10 82
6 99
3 90
9 7
8 57
4 5
10 24
8 54
9 41
1 74
2 98
1 69
2 3
5 83
6 6
9 20
5 75
8 43
8 79
2 94
6 28
9 72
6 52
5 34
1 6
3 47
8 70
8 50
7 56
9 46
9 53
1 18
10 17
1 7
6 81
3 59
2 56
4 91
8 58
9 82
7 2
6 49
7 57
8 96
6 1
4 79
10 58
6 57
4 77
5 46
2 46
10 2
6 28
3 79
9 36
10 33
7 58
6 46
10 6
9 69
3 43
6 47
5 10
1 36
9 70
7 88
10 71
7 28
10 33
7 96
2 27
4 15
3 97
6 8
9 64
4 15
8 41
6 86
9 45
6 26
3 44
2 35
6 36
1 23
2 85
7 66
3 59
10 76
7 40
7 11
7 81
8 65
8 32
5 47
7 4
3 68
8 64
10 77
8 65
3 29
8 15
7 56
1 44
5 68
7 58
1 37
4 11
1 84
6 59
1 11
10 1
9 75
2 49
1 54
10 62
9 49
1 20
5 66
4 70
3 36
9 71
7 4
5 47
9 94
4 90
2 73
7 12
10 80
1 28
8 92
3 7
2 54
8 31
6 90
9 49
10 98
3 84
8 100
4 82
3 93
5 86
4 59
6 83
3 57
7 68
10 69
2 67
10 59
1 73
5 18
10 13
7 40
3 9
10 51
4 46
3 39
2 70
5 62
9 77
8 96
8 41
9 13
6 56
9 45
7 57
8 35
2 14
3 65
5 44
7 95
9 48
10 42
7 95
7 61
1 13
7 8
8 76
8 30
8 72
6 37
8 15
7 40
8 19
3 21
7 23
8 28
10 68
2 13
3 48
3 90
6 57
9 29
6 68
4 66
3 89
5 28
3 64
1 62
3 70
6 72
10 34
8 28
8 69
7 20
6 21
5 22
