3 25
7 96
8 78
10 3
5 70
4 28
10 17
1 11
2 45
3 46
6 37
10 43
5 74
7 71
6 25
3 64
9 62
9 71
8 9
10 44
10 38
5 83
4 91
9 5
7 62
1 12
5 36
9 24
5 1
2 95
6 1
1 60
1 40
10 61
5 20
7 38
5 77
2 66
7 94
10 97
10 86
5 3
4 67
5 69
7 28
7 46
1 47
1 33
1 15
3 2
4 46
4 15
7 1
9 41
9 97
5 72
7 56
7 83
9 69
3 6
2 71
9 78
7 36
6 23
4 31
10 2
6 59
6 68
2 19
3 80
4 68
7 89
9 82
7 5
6 27
2 70
2 21
3 45
10 87
3 85
6 92
3 78
1 40
1 52
1 11
6 8
6 40
4 5
1 79
5 75
5 35
3 58
1 24
9 38
10 60
6 12
4 37
1 40
3 52
9 57
8 17
8 63
3 60
2 24
4 54
1 87
6 72
4 53
8 74
10 53
5 100
6 88
6 84
5 46
10 3
3 88
6 33
10 11
5 16
6 21
3 25
5 28
9 15
9 48
10 24
6 75
6 54
4 64
9 31
5 83
2 54
10 49
3 15
6 23
5 21
1 41
5 26
9 18
2 79
9 39
7 79
7 78
9 87
10 5
1 20
3 79
1 9
3 83
10 79
5 99
7 86
2 20
3 6
8 61
5 89
7 2
7 85
6 20
3 14
6 34
3 89
6 34
5 98
10 55
6 84
10 19
2 56
5 85
5 70
8 70
10 24
6 44
3 19
4 71
6 91
7 92
5 75
8 93
9 19
9 80
4 44
8 39
10 22
8 73
8 36
9 79
3 4
6 2
5 73
3 53
1 19
6 23
4 86
4 30
10 4
1 39
2 61
10 8
2 9
10 28
4 21
6 18
4 34
7 3
5 19
7 21
10 97
3 99
7 46
8 27
8 68
5 44
6 68
3 17
6 80
9 69
2 65
4 97
9 49
3 16
8 92
5 28
6 10
7 75
5 15
6 67
2 35
7 86
3 74
3 53
3 19
10 89
7 96
1 54
5 30
1 29
2 94
9 8
8 93
1 40
9 41
7 2
1 14
8 94
2 9
4 62
6 79
10 20
3 33
7 81
8 92
4 65
8 12
10 87
10 91
7 57
10 87
6 72
5 48
7 12
3 2
4 7
1 71
1 29
3 78
2 44
9 11
3 69
8 17
10 7
9 51
7 75
5 27
1 18
9 86
5 100
8 25
1 13
2 96
6 37
5 41
7 44
9 28
3 25
6 71
5 74
10 89
2 42
6 76
2 98
9 55
3 49
8 89
7 38
7 29
5 56
7 12
5 66
10 26
4 73
3 4
6 79
3 66
5 2
5 41
10 78
7 75
4 7
8 12
4 84
4 14
1 61
4 69
10 13
3 98
10 72
1 29
3 86
2 69
8 70
9 55
5 81
1 7
9 92
9 17
7 34
7 72
7 81
5 17
8 1
5 75
2 34
6 98
1 100
3 58
1 10
6 70
2 87
1 50
7 50
1 71
10 87
6 98
3 60
9 29
4 54
6 57
4 5
9 3
3 91
2 70
7 36
6 55
9 96
9 81
9 54
9 48
7 62
5 33
7 53
1 55
10 92
4 57
10 91
9 28
1 65
4 36
7 54
8 84
4 76
3 27
6 99
9 26
9 40
10 28
2 85
10 52
4 55
5 74
2 68
7 41
3 21
8 57
4 45
4 33
6 40
7 41
5 38
2 23
10 42
4 75
9 95
9 64
6 64
3 53
9 22
10 78
1 59
4 80
6 80
7 32
2 82
9 53
8 11
6 1
2 1
2 75
6 97
9 22
4 82
8 21
3 55
6 78
2 51
5 66
9 72
4 56
6 76
3 42
4 69
10 73
7 35
8 3
10 64
3 60
4 100
4 94
2 39
8 11
6 73
4 22
6 69
2 21
8 9
9 9
4 89
1 71
5 2
5 28
2 99
9 41
8 88
2 37
8 96
10 43
5 21
1 40
10 82
8 38
5 33
3 76
2 83
10 55
10 37
7 61
4 8
6 92
7 94
9 66
6 56
1 64
3 48
1 5
8 44
9 65
1 64
7 59
10 58
8 65
2 72
5 42
4 76
6 71
8 88
7 63
1 91
2 84
6 57
6 48
10 23
4 52
6 75
3 45
3 95
2 32
3 48
1 72
1 43
2 16
6 95
3 6
10 47
2 56
8 84
8 41
2 42
6 96
3 8
10 38
10 9
9 94
7 35
8 38
2 64
8 92
6 4
9 23
3 30
7 4
10 93
3 97
1 22
8 98
5 73
2 27
10 62
4 77
8 83
8 53
9 99
7 75
5 38
10 33
10 100
2 96
10 40
5 100
9 83
3 4
8 61
8 71
7 48
4 75
8 3
3 76
5 66
1 13
3 1
6 20
4 30
10 8
10 21
6 25
9 100
4 79
4 52
5 38
7 59
4 90
4 74
5 92
10 23
7 50
9 69
6 73
8 48
4 76
1 25
10 36
10 78
8 94
8 30
1 81
9 100
9 31
6 7
4 76
10 35
9 6
9 66
2 15
7 54
1 12
4 10
7 81
8 40
6 51
2 43
7 12
6 39
1 19
9 59
2 28
1 89
10 21
3 40
4 6
9 91
2 95
7 74
9 1
2 72
2 73
4 84
4 49
6 56
7 48
1 67
5 77
5 18
5 82
4 20
6 83
4 12
2 71
8 60
6 56
4 32
9 28
3 48
4 39
10 82
5 55
6 40
5 58
2 74
9 31
2 17
2 70
3 8
4 34
5 12
4 1
7 72
5 27
8 62
3 79
8 38
4 91
9 44
2 19
10 28
7 66
6 15
8 17
3 1
5 65
5 43
1 80
10 69
9 44
7 64
1 23
4 7
6 74
8 69
3 41
3 5
2 81
10 50
4 30
4 64
6 5
3 15
1 25
7 71
5 25
8 77
8 90
4 63
10 99
8 34
2 39
1 45
9 42
8 78
2 69
10 40
6 88
5 2
6 26
8 54
2 95
2 38
7 97
2 71
10 14
1 20
4 30
5 12
6 10
5 95
8 21
10 71
4 95
1 74
7 40
8 93
9 82
3 37
1 11
2 10
10 10
5 93
9 25
9 17
2 41
2 78
10 70
7 78
5 22
10 49
2 89
2 85
7 22
2 52
4 53
7 2
3 40
7 50
4 1
10 32
9 79
5 25
10 25
1 44
7 93
4 58
10 88
2 1
1 83
2 33
1 90
6 32
10 37
10 16
5 81
7 99
8 36
4 46
3 97
3 11
9 51
3 98
4 14
9 34
8 25
6 50
9 74
2 7
6 91
4 2
9 57
2 48
1 68
6 72
5 87
2 28
7 10
1 95
10 2
5 64
3 72
9 82
6 18
1 8
8 31
5 24
7 10
9 59
7 31
3 71
9 70
10 6
2 49
4 39
3 88
2 47
7 76
8 66
3 57
5 95
7 25
4 30
5 83
5 26
8 77
8 52
10 38
5 75
2 87
2 44
8 81
4 38
7 96
2 92
6 64
10 40
4 65
3 28
10 53
1 10
3 37
1 45
6 48
6 100
2 29
7 84
7 12
4 58
6 6
10 9
1 6
9 62
3 35
3 91
1 83
5 66
10 9
4 44
2 71
4 56
1 76
5 78
2 86
5 2
5 76
1 30
3 23
9 9
8 71
3 41
10 1
4 32
8 51
8 19
3 44
5 48
2 6
8 30
5 54
8 15
10 39
9 78
4 80
5 27
8 80
6 32
9 52
1 65
4 96
4 36
7 34
2 52
7 80
8 13
8 85
8 29
9 24
1 9
3 24
2 66
2 64
3 55
1 59
6 25
3 36
10 94
9 45
8 43
10 14
3 29
10 50
9 15
5 65
4 11
10 72
4 98
6 65
9 18
7 35
3 3
2 7
6 34
2 94
3 50
2 16
8 12
6 21
6 42
8 87
5 80
7 55
5 5
3 97
3 89
7 27
3 64
10 89
1 98
4 64
1 45
2 50
1 65
6 35
9 50
3 34
6 29
2 73
3 85
3 2
6 89
8 83
7 72
6 86
3 72
3 100
5 55
4 20
6 56
8 43
3 95
3 89
1 52
5 43
9 74
10 53
1 92
1 40
9 26
3 94
3 34
8 21
4 69
8 65
4 53
4 9
9 28
8 10
10 63
6 77
10 90
9 18
4 52
2 81
6 87
4 1
3 6
6 68
4 11
9 87
6 12
7 86
5 73
9 4
3 5
2 57
3 35
5 33
2 60
10 27
9 66
1 50
5 51
1 76
2 96
8 80
4 1
1 14
4 36
6 6
3 26
3 65
8 89
1 30
5 88
8 33
6 44
5 3
6 49
8 25
7 33
2 6
4 29
8 83
10 95
10 70
6 23
2 21
1 42
3 21
1 68
6 27
9 21
8 26
2 69
8 35
9 34
3 7
9 75
7 51
9 86
2 38
1 6
9 4
8 60
3 42
3 52
9 6
9 13
