5 50
5 29
7 54
4 88
8 44
10 96
3 10
2 23
3 10
6 73
2 35
10 56
10 22
5 6
8 69
1 97
5 79
6 66
3 39
6 25
5 55
8 12
5 69
3 30
6 41
3 71
8 1
9 59
7 10
4 33
2 100
8 73
4 65
10 94
6 27
1 82
5 33
4 99
6 16
1 41
5 51
5 6
6 40
9 89
5 98
4 42
9 40
7 15
1 12
10 13
6 98
4 50
10 76
4 71
2 60
1 66
9 12
6 38
1 69
6 75
1 82
10 6
7 36
6 73
6 80
3 75
10 29
7 11
5 85
6 39
7 43
5 82
2 48
1 75
1 59
3 9
4 81
1 87
6 9
10 23
6 73
6 4
3 76
4 54
10 88
10 92
5 72
1 52
8 43
3 45
3 38
1 2
3 93
6 11
8 17
8 23
9 59
10 5
5 69
6 11
4 82
5 20
6 24
4 45
8 96
2 57
1 75
8 71
9 37
9 69
5 32
8 6
4 73
9 44
6 86
10 5
4 64
4 5
3 82
1 9
9 1
6 54
1 45
1 7
7 84
1 89
3 56
3 19
9 81
9 15
4 23
7 41
6 65
1 17
6 79
8 27
8 80
3 96
7 69
1 12
6 47
2 80
8 36
6 40
1 37
9 73
3 99
1 14
5 12
2 22
4 77
5 96
8 43
2 99
9 42
6 31
3 10
4 28
3 89
9 34
8 99
10 2
1 14
4 49
9 41
7 39
5 63
7 36
3 44
2 99
9 25
9 19
3 98
6 59
10 37
6 1
9 85
8 59
2 93
5 2
10 27
9 20
7 70
3 6
9 64
5 68
4 29
10 62
8 93
5 67
4 64
10 56
8 96
5 46
7 67
7 73
3 56
7 82
1 17
2 27
7 7
1 3
8 82
7 5
9 48
1 66
3 57
2 96
4 72
6 53
9 49
4 53
9 74
7 43
9 33
10 39
2 1
3 86
4 1
4 59
4 94
4 59
8 44
6 52
10 65
7 42
2 58
2 71
9 67
3 73
4 37
9 9
9 18
6 47
4 77
7 13
6 93
1 39
7 2
5 41
5 99
6 47
3 26
6 74
6 29
10 7
1 5
4 66
10 62
4 89
4 3
10 15
5 32
2 4
9 18
4 31
10 42
8 59
7 50
3 11
1 1
1 5
8 54
6 90
2 53
1 56
1 18
8 49
6 62
8 36
3 64
1 18
2 25
6 18
6 81
1 54
1 71
8 83
4 99
1 36
2 2
1 28
7 94
8 10
7 93
3 21
1 81
8 73
6 10
8 33
3 68
3 66
3 51
7 93
8 81
6 49
5 75
3 6
9 40
3 66
5 11
1 73
7 28
6 85
8 8
4 54
2 22
4 56
10 9
1 72
2 75
6 17
1 30
4 5
4 43
7 31
2 62
5 31
3 78
4 29
8 6
7 3
5 47
2 36
1 9
2 42
6 9
8 83
3 21
2 16
6 76
8 35
9 76
7 87
3 94
10 94
3 85
9 63
2 40
1 62
5 98
6 17
2 28
9 12
1 6
1 21
2 58
8 15
3 18
8 82
5 97
9 20
7 49
4 42
5 52
10 21
6 26
10 28
8 91
8 40
2 34
6 91
5 65
4 94
9 60
5 58
5 57
1 90
2 95
5 36
4 60
8 69
9 31
1 3
7 39
8 42
9 25
6 31
3 50
9 89
4 30
4 61
10 89
2 57
3 33
9 45
1 83
1 4
8 39
1 42
8 99
2 83
5 27
7 51
6 56
8 40
7 60
3 86
1 6
2 1
10 28
8 82
6 29
4 24
2 96
8 81
3 83
2 82
5 88
1 4
4 4
3 86
7 33
8 8
2 95
5 77
2 63
8 53
9 31
6 57
3 95
9 85
7 40
6 13
9 36
4 31
5 53
10 60
7 19
2 90
8 85
7 2
6 76
4 16
8 92
7 45
2 28
10 65
5 5
6 65
2 15
3 71
4 56
9 70
8 57
7 41
10 38
4 28
3 82
5 18
1 5
9 58
10 7
3 49
3 47
5 49
6 56
5 96
2 27
2 47
4 34
1 18
10 53
2 94
10 12
7 7
4 73
7 72
8 96
9 69
2 57
8 47
8 89
10 2
7 45
3 8
2 7
10 90
7 67
5 81
6 36
10 31
5 61
4 61
1 47
1 41
4 99
6 76
9 80
2 69
2 91
9 5
8 29
8 16
7 31
10 85
4 100
4 51
1 55
6 19
6 40
1 73
1 94
1 83
4 82
2 78
6 59
8 89
9 90
1 59
6 34
9 93
9 13
8 85
10 6
7 34
4 30
9 69
8 9
1 54
5 100
6 12
1 45
9 85
7 47
8 9
6 91
1 38
2 20
1 95
3 99
6 99
6 15
6 98
7 93
6 66
9 52
6 98
8 16
7 12
5 56
5 34
6 6
3 92
4 99
7 72
4 97
8 18
1 37
5 63
1 9
6 90
3 23
7 82
7 64
2 24
3 89
10 48
2 64
5 46
2 39
4 80
6 45
2 3
6 65
5 40
4 18
7 40
10 65
2 63
4 34
3 79
7 98
4 9
9 20
5 21
7 84
4 55
5 85
6 77
4 16
1 21
10 54
6 73
1 54
3 42
1 25
1 1
10 30
2 71
3 15
6 37
6 61
4 93
3 4
2 97
7 96
2 66
3 8
9 96
9 77
10 29
3 85
10 63
2 35
10 28
1 76
9 37
1 36
7 11
4 71
7 43
6 86
2 60
1 45
1 62
4 76
2 82
6 23
6 53
9 47
10 67
1 67
4 78
1 84
5 36
9 85
10 78
1 58
9 33
3 36
5 71
4 46
1 47
1 51
6 71
2 64
4 88
2 1
8 88
10 44
7 71
7 83
2 31
9 12
1 43
5 62
1 62
9 14
4 66
8 16
1 56
10 44
7 63
2 13
6 18
7 10
5 46
6 68
9 41
4 60
2 5
6 5
2 20
9 65
10 50
8 38
3 45
5 84
10 1
7 36
2 33
8 68
7 32
4 8
3 65
5 81
8 91
10 48
6 73
3 44
3 23
3 13
2 9
10 9
1 77
9 57
4 92
10 91
10 50
2 48
3 67
3 69
7 89
1 40
10 81
6 61
9 22
6 58
9 81
5 25
2 66
3 12
9 100
4 91
8 34
1 39
8 71
9 2
4 3
4 16
7 43
3 73
4 17
5 9
3 49
5 69
4 58
1 50
4 65
7 56
4 54
1 82
8 16
8 98
3 42
7 5
4 83
1 56
3 94
8 32
8 85
5 84
3 20
4 62
7 27
2 6
6 85
9 91
5 10
7 11
6 80
5 30
2 55
3 26
10 64
5 86
5 60
4 16
3 73
4 13
5 45
2 81
8 18
2 73
2 79
8 90
8 67
5 67
7 77
5 35
9 59
8 88
7 91
4 32
2 31
4 34
4 40
6 97
9 59
4 70
10 29
7 95
6 14
1 61
1 85
8 10
10 79
2 72
10 53
10 47
6 31
10 86
1 3
1 46
10 80
8 70
7 5
8 70
6 5
8 55
6 72
7 33
3 24
5 81
10 47
8 87
3 14
2 64
7 75
4 43
9 19
6 97
6 38
9 71
6 9
7 6
5 82
3 63
2 19
10 76
6 65
10 54
1 35
2 36
10 24
8 78
6 50
4 92
2 81
1 6
10 8
4 25
6 99
10 31
2 14
8 32
7 74
5 34
4 58
4 70
9 86
8 73
6 75
7 31
5 94
9 31
7 80
1 24
2 90
6 94
1 51
1 14
9 99
9 41
4 87
10 84
6 32
3 81
3 8
5 1
5 72
6 94
6 39
10 8
6 56
10 13
3 45
5 17
9 56
2 20
3 67
8 3
7 30
4 99
10 72
5 2
5 64
4 2
9 91
7 64
10 53
2 22
5 72
4 70
6 56
9 91
1 56
2 77
9 30
7 57
1 79
9 47
2 86
10 85
2 91
5 53
2 56
10 90
1 92
8 71
4 40
7 70
5 60
6 61
1 2
7 96
10 90
3 99
10 74
8 65
8 56
3 42
3 22
4 73
5 54
3 51
7 4
3 13
9 61
7 96
6 99
3 12
8 99
9 66
8 39
7 95
4 100
3 39
4 55
8 39
2 56
1 15
4 39
6 31
7 33
8 17
6 64
4 65
2 100
3 5
9 1
9 87
8 72
4 29
1 22
9 4
3 84
10 21
4 22
2 74
8 24
1 57
1 10
6 42
10 71
6 3
5 38
9 18
10 93
7 99
1 8
7 87
2 97
6 81
9 65
4 77
1 48
3 11
10 25
6 73
10 42
8 33
8 95
4 70
10 10
4 70
4 40
2 22
7 39
5 30
6 7
4 31
4 70
2 27
4 48
6 32
5 52
8 42
5 75
9 51
3 23
10 13
7 35
3 83
9 18
3 8
10 49
3 29
3 99
5 42
8 12
5 53
9 6
6 2
3 92
9 51
10 32
1 36
7 25
