9 50
1 55
9 7
10 51
1 35
9 37
8 65
8 77
4 29
7 84
7 2
2 79
5 43
10 64
6 4
9 84
3 11
6 70
1 36
8 44
9 47
6 28
4 97
5 82
2 46
7 13
5 77
1 3
10 89
7 51
6 1
4 22
7 56
1 58
2 3
8 24
5 68
1 88
9 55
5 7
2 24
10 65
4 24
10 69
9 77
7 6
2 22
10 47
2 32
9 59
8 7
10 72
10 28
6 51
1 52
10 53
5 86
6 80
2 95
10 40
5 75
2 93
9 27
7 79
6 34
5 42
10 9
1 8
1 36
4 35
7 23
2 24
8 85
7 34
4 21
1 17
9 67
1 36
9 29
8 82
4 51
9 53
9 80
3 43
9 84
8 10
5 84
7 39
4 46
8 4
2 86
6 60
8 96
5 68
4 39
5 55
2 75
1 18
3 93
3 2
4 97
3 55
8 84
1 87
4 23
4 9
1 15
6 44
9 12
6 87
10 86
6 87
3 63
2 23
3 23
4 28
5 21
2 7
10 79
6 64
1 53
7 92
5 83
3 58
5 77
10 91
3 49
3 41
1 73
8 42
5 14
4 75
7 76
4 20
1 56
9 41
4 64
9 100
5 82
1 45
3 45
6 39
7 33
7 14
5 62
3 2
9 75
6 24
1 28
7 15
3 79
3 31
4 72
4 78
2 73
7 95
6 14
6 43
6 88
7 18
9 93
10 80
3 1
4 78
4 28
9 65
10 28
3 34
8 53
3 59
4 80
4 17
4 73
6 19
10 33
10 36
8 8
8 10
6 44
1 47
1 80
10 93
6 80
1 21
10 30
7 56
6 21
10 74
6 26
5 32
5 73
10 5
9 66
3 66
10 73
10 4
1 63
7 3
5 3
1 9
9 57
10 3
1 94
7 32
10 1
8 16
9 71
9 73
1 42
7 78
8 16
9 29
1 90
7 67
5 60
7 65
3 53
3 70
7 35
6 84
9 34
5 93
10 96
2 24
7 42
10 60
2 75
8 21
6 74
7 5
5 83
8 55
7 85
2 92
8 87
8 42
5 45
2 2
8 58
8 33
6 24
7 7
2 20
8 17
5 73
2 6
3 40
9 72
5 62
9 37
7 94
7 93
7 89
3 43
1 100
4 4
1 50
3 40
5 75
2 60
3 44
1 52
10 32
3 63
10 65
1 57
1 61
6 26
9 92
7 68
7 15
4 63
4 78
2 1
5 11
2 67
1 31
5 93
4 83
5 22
7 92
2 5
6 11
10 72
9 68
1 98
5 50
8 88
6 85
1 63
9 40
9 22
10 54
7 96
10 100
9 54
1 92
7 27
10 45
1 72
2 23
1 75
3 54
3 63
7 99
10 63
3 19
7 9
4 89
2 21
2 43
1 78
9 13
4 97
3 30
2 58
9 31
10 49
2 42
2 10
8 40
3 44
1 99
9 99
10 100
7 68
7 53
7 68
4 83
9 70
8 82
3 93
3 57
2 7
7 26
3 23
7 80
9 54
5 45
4 4
4 54
8 38
8 33
8 93
5 13
5 6
9 54
10 2
1 94
3 12
6 35
2 14
5 14
10 85
6 88
2 38
3 41
10 21
1 15
3 12
1 41
3 89
9 85
5 45
8 100
6 59
5 36
8 97
2 92
5 1
4 96
9 11
7 32
1 59
1 48
7 99
1 14
1 52
4 80
10 74
5 7
5 29
6 98
8 74
9 76
6 43
6 46
6 4
3 34
5 75
5 35
8 67
8 47
5 53
7 46
3 56
6 61
9 11
6 64
2 69
10 36
1 45
5 49
2 92
10 100
5 9
3 57
8 51
3 61
8 6
10 95
1 59
1 53
4 30
4 58
1 71
8 42
3 73
5 82
9 68
7 58
3 17
1 57
10 68
10 41
4 6
9 72
5 69
7 75
6 81
9 5
2 64
4 44
8 70
8 64
10 68
10 12
8 39
3 4
9 26
6 69
10 25
4 36
5 100
4 54
10 24
10 76
5 56
9 20
1 68
8 51
4 75
7 27
7 84
9 44
6 45
9 86
10 31
9 76
1 9
5 92
5 87
3 64
10 22
4 55
9 67
9 76
7 98
5 92
6 46
2 76
3 48
8 92
8 96
8 19
7 83
10 95
7 30
4 20
4 35
4 5
8 84
5 38
9 85
3 74
7 87
5 34
8 59
1 87
7 25
1 77
5 43
6 32
2 69
3 72
6 95
2 2
6 1
6 18
7 7
3 56
2 82
6 74
4 64
9 87
3 4
4 7
7 29
9 96
5 45
9 13
2 61
9 1
3 52
10 63
10 97
3 18
6 7
10 40
8 77
6 16
3 47
9 20
8 20
4 1
2 24
5 58
5 90
8 56
8 48
9 62
8 43
6 87
2 27
8 61
10 86
3 69
8 45
6 81
4 69
10 72
10 44
9 84
2 57
1 98
10 37
1 41
10 24
9 49
2 60
6 84
10 41
6 60
2 14
9 53
8 8
6 5
5 64
6 34
5 95
5 34
9 75
6 47
4 25
1 34
4 80
9 54
1 8
6 87
3 10
2 81
7 64
6 75
9 80
8 40
6 68
2 58
7 58
5 57
9 86
6 19
4 9
5 14
4 3
6 28
3 74
2 68
1 6
6 4
1 9
7 43
8 52
3 72
5 15
4 5
2 30
9 60
9 13
6 1
2 60
1 9
5 44
5 86
3 45
2 83
5 9
9 46
4 62
6 25
9 32
6 59
1 62
10 73
8 51
10 14
5 29
2 63
6 26
2 99
6 15
10 55
8 30
10 30
2 39
10 61
7 19
7 62
4 66
2 14
1 39
7 93
5 42
1 82
8 95
2 49
6 62
1 62
7 7
5 14
1 62
1 36
10 71
10 6
6 65
9 95
10 62
7 3
5 61
6 86
1 19
3 53
3 62
6 78
10 72
8 55
1 88
2 42
7 52
1 84
6 80
4 8
8 78
10 71
10 28
2 31
4 82
6 93
2 100
4 24
1 77
10 59
2 21
9 51
4 46
8 79
2 2
10 73
6 9
8 58
10 35
7 25
1 100
2 28
10 60
4 28
8 10
8 81
10 40
3 63
1 74
5 64
5 9
2 57
10 54
5 63
5 3
9 40
2 98
9 23
9 6
7 86
8 39
10 23
7 23
3 38
1 14
6 57
7 46
9 66
10 65
3 6
1 76
7 79
6 82
7 53
3 1
7 94
6 5
5 29
7 23
2 55
9 56
3 29
1 64
10 90
8 98
8 60
6 6
5 92
6 34
10 99
9 22
3 80
8 19
3 43
10 39
7 32
3 99
6 10
8 5
6 99
9 89
10 4
2 40
4 89
10 25
8 48
4 28
8 92
6 32
4 38
2 45
4 63
3 43
3 60
10 50
6 63
2 3
7 31
10 31
2 15
10 11
5 16
8 45
1 46
6 51
6 13
5 1
9 53
8 4
8 91
2 71
3 99
3 34
9 12
7 35
5 63
3 69
1 84
8 78
10 29
3 65
5 33
6 93
1 94
8 91
9 32
8 83
7 83
4 64
5 79
1 47
6 95
9 33
10 7
1 82
8 67
2 91
10 17
1 35
2 27
9 10
6 11
6 18
10 71
4 96
1 9
8 84
9 68
7 45
2 70
3 11
3 86
7 22
1 70
9 55
6 30
8 7
9 42
8 82
9 11
5 58
8 77
4 85
10 2
5 35
10 48
9 78
6 92
4 64
9 67
7 7
2 75
7 61
2 4
6 81
6 7
3 82
3 68
9 71
4 97
9 85
8 85
5 82
6 51
4 31
1 80
7 41
6 40
8 56
10 82
4 8
5 10
8 97
8 93
5 70
2 72
2 22
7 38
9 8
2 36
10 38
7 14
7 77
3 28
9 48
5 18
5 18
2 30
4 1
2 21
1 42
2 77
5 62
9 90
1 100
1 19
10 53
4 28
6 73
1 23
2 29
8 100
10 80
2 61
1 96
4 15
1 90
10 23
4 82
7 25
9 30
1 28
4 80
7 11
1 83
1 28
3 11
6 18
7 66
3 89
5 57
2 95
8 6
7 5
9 64
5 84
7 65
1 63
10 16
2 98
6 91
9 1
5 79
5 31
10 51
9 100
3 48
2 38
3 48
5 93
9 10
1 11
10 33
3 55
5 91
3 49
8 63
6 68
6 52
4 52
3 85
3 23
2 49
2 3
6 18
4 89
8 7
3 97
1 12
4 6
4 63
8 13
6 21
3 82
6 62
10 43
10 85
4 46
7 8
8 66
6 61
1 82
5 39
4 58
10 36
9 11
3 67
1 93
8 53
7 23
8 53
3 64
3 82
1 33
7 6
2 12
6 16
6 56
4 54
8 19
1 69
7 57
10 19
9 54
5 40
1 27
8 89
9 1
5 14
7 24
7 57
2 32
10 36
4 39
7 88
8 11
4 57
10 22
4 99
9 95
1 54
2 10
4 26
6 45
3 85
3 11
5 11
5 99
6 17
