5 67
2 56
10 35
4 20
7 8
7 79
3 7
1 60
5 22
9 45
9 36
6 66
6 85
4 18
2 80
9 44
1 35
9 61
5 74
1 100
3 95
5 67
9 14
4 1
5 97
7 73
8 19
8 2
3 75
10 76
6 8
8 88
9 23
3 8
5 69
7 38
7 39
5 75
8 8
4 12
4 87
9 45
10 39
6 15
2 96
1 56
1 98
1 84
8 4
1 27
6 67
1 18
10 18
1 4
1 20
4 18
5 93
4 15
3 12
10 78
1 5
2 70
5 39
3 81
1 94
4 36
7 25
9 67
3 87
10 100
4 7
4 71
9 1
3 42
6 3
10 22
3 50
3 58
1 11
5 51
3 62
2 65
6 14
4 2
8 45
7 9
10 15
10 3
6 100
1 45
7 8
2 33
10 15
6 72
5 20
3 49
1 90
1 73
10 54
5 31
5 9
8 82
5 36
1 21
3 50
7 63
10 49
8 16
5 12
8 61
8 93
7 4
1 38
10 60
7 54
8 45
5 48
3 91
5 61
2 29
10 38
1 25
3 12
10 67
9 60
6 31
6 83
2 92
8 8
3 95
7 86
9 13
5 100
4 60
6 78
6 49
8 18
7 36
10 61
1 89
3 33
10 40
8 92
1 12
10 11
4 88
6 96
5 90
10 38
4 50
2 28
7 95
2 85
5 37
8 19
7 27
10 9
2 91
4 92
7 29
6 67
8 73
3 23
9 17
4 6
8 51
4 50
3 12
1 6
9 23
5 46
9 52
7 70
8 12
9 61
10 70
2 43
10 29
1 36
1 62
10 88
2 85
4 29
7 75
8 15
7 73
7 43
6 94
9 82
9 68
7 86
8 53
9 52
8 16
7 89
2 97
4 51
8 71
3 79
2 37
8 18
1 5
6 9
10 46
7 90
6 1
4 68
8 87
9 83
6 14
8 45
10 29
2 5
10 89
1 55
3 86
2 73
2 35
1 77
9 63
10 90
5 57
6 41
10 91
9 58
5 3
8 57
10 71
5 37
1 19
4 18
2 21
10 62
2 9
8 74
8 63
3 7
4 14
10 49
9 67
5 70
7 7
3 24
5 54
5 38
10 21
5 43
3 27
1 2
5 96
3 52
8 51
9 6
10 38
10 87
6 80
4 83
5 39
9 15
9 31
6 70
3 36
2 35
9 44
5 97
4 49
6 32
10 78
8 66
8 76
3 99
3 69
9 69
8 86
1 1
4 78
9 31
7 87
10 80
7 79
1 75
6 79
3 17
2 21
3 30
8 89
10 42
3 100
5 76
3 20
10 14
5 91
1 6
4 1
2 9
5 45
7 68
3 90
3 55
4 56
10 58
8 39
7 47
9 34
5 52
3 37
2 63
3 13
1 87
10 76
8 91
7 6
8 15
7 38
10 19
5 51
10 29
2 24
7 62
9 26
4 17
9 13
6 23
6 16
10 94
8 67
9 97
2 17
6 82
6 3
5 61
8 1
9 29
1 46
3 28
7 6
3 94
6 64
6 87
7 78
1 59
8 71
6 84
9 79
10 92
3 66
2 60
5 78
6 36
10 91
3 44
8 43
4 37
7 47
10 38
9 93
3 2
3 38
3 55
4 8
4 60
1 13
8 36
6 36
4 11
5 98
3 71
7 24
10 48
5 20
3 88
2 30
10 43
7 18
8 46
10 59
9 11
8 2
1 6
7 61
4 63
4 75
3 52
8 18
7 20
4 61
5 22
8 36
1 29
10 30
9 74
2 85
2 42
8 36
5 97
4 90
5 70
9 59
1 3
8 89
10 58
3 29
5 79
10 28
10 78
1 45
6 70
4 1
2 55
4 63
2 17
1 82
8 61
5 24
7 97
1 85
10 60
4 80
3 84
7 86
8 5
3 17
10 79
2 9
10 7
5 79
8 83
1 38
6 52
1 40
1 70
3 69
10 51
3 43
3 96
7 77
9 81
4 70
10 80
7 51
5 26
2 69
9 86
5 90
2 23
7 22
4 84
6 41
4 67
9 84
5 91
7 86
4 35
6 14
2 41
6 31
2 20
8 71
5 35
3 73
7 53
10 78
3 2
2 87
3 35
9 93
9 82
8 77
1 15
4 43
9 79
9 74
4 24
8 59
8 81
1 32
2 76
4 52
2 21
9 73
4 61
5 53
6 33
8 9
10 17
6 15
4 58
7 92
2 56
10 36
6 20
10 15
10 54
7 8
4 11
5 15
8 16
5 71
8 26
9 87
8 97
5 20
5 48
1 41
6 71
7 42
3 69
9 17
1 33
2 82
7 35
4 63
8 15
2 66
2 99
8 55
5 71
5 81
3 75
7 36
9 36
3 37
5 79
3 55
9 3
9 47
4 42
2 79
9 68
10 55
8 92
10 48
1 95
2 90
6 67
3 14
5 41
2 29
5 31
6 73
3 34
5 58
7 15
8 91
6 53
10 79
4 20
9 11
9 21
7 68
10 51
2 90
9 28
6 91
3 88
4 58
5 32
4 7
1 87
10 69
2 19
2 63
3 67
10 32
8 100
8 21
8 95
5 17
3 78
10 65
10 11
2 79
4 62
2 18
4 1
7 27
2 23
10 89
5 26
7 62
6 98
8 79
2 7
6 51
8 35
9 25
10 19
1 7
5 56
4 43
6 9
2 81
1 11
9 59
7 72
3 78
1 65
2 60
1 65
4 52
10 55
3 38
10 56
5 12
6 58
5 98
5 44
5 37
8 28
5 32
5 1
1 83
6 63
10 22
1 10
5 95
2 6
7 68
10 75
9 44
4 75
5 100
9 89
4 57
8 98
1 29
8 34
1 67
7 98
10 5
2 84
8 81
8 100
1 80
10 91
3 95
5 21
6 91
10 77
6 25
8 24
9 84
4 79
1 84
8 19
8 95
4 6
10 37
1 73
1 44
2 88
3 42
8 99
9 85
8 23
2 38
2 32
1 58
7 70
4 94
8 62
9 81
5 9
5 76
10 89
2 50
10 83
7 17
4 36
4 13
3 99
10 100
1 17
9 32
3 21
5 50
1 11
4 48
6 64
2 6
8 43
6 72
2 75
9 64
2 58
10 27
1 38
3 83
1 94
5 37
2 92
2 56
2 6
5 38
9 16
7 26
10 49
10 20
2 85
9 10
7 11
7 36
8 71
6 90
7 89
6 45
6 74
8 88
9 23
6 13
1 95
8 93
5 17
4 41
2 52
10 56
2 20
3 90
7 15
9 50
3 48
3 12
5 95
7 5
3 90
3 48
2 4
6 11
8 20
4 31
4 85
1 93
10 17
1 31
2 21
8 47
6 76
5 70
3 36
6 88
2 90
7 40
4 73
6 47
1 98
8 87
6 71
9 94
1 22
10 1
10 85
6 92
9 1
7 68
10 64
2 4
9 85
9 79
8 42
4 78
9 44
8 43
6 74
6 19
4 63
4 90
9 72
10 74
5 63
9 80
1 88
1 26
3 81
9 82
6 19
5 96
8 92
9 93
2 11
10 52
9 8
7 89
6 85
2 56
9 78
7 52
7 75
3 70
1 75
9 22
5 97
2 100
1 86
2 20
6 13
6 8
1 9
4 79
3 69
5 7
10 86
8 51
10 33
1 71
6 80
2 30
8 60
7 15
10 84
4 40
7 93
5 100
8 82
5 30
1 55
10 11
3 11
10 77
9 19
8 95
5 86
3 38
1 50
7 73
4 57
5 13
3 78
3 55
7 46
9 28
5 28
9 28
5 9
1 26
8 48
8 51
1 46
2 10
3 21
6 25
7 25
4 27
1 84
4 26
4 83
8 71
1 86
10 21
3 87
6 34
10 89
8 2
7 8
1 2
3 1
6 40
6 19
2 19
10 56
9 37
2 15
2 85
5 92
10 54
2 47
7 66
3 53
3 94
6 68
4 95
7 25
7 46
3 17
4 55
10 97
9 51
1 59
6 57
9 47
4 37
5 59
4 57
4 76
9 16
10 1
2 83
5 17
7 82
3 13
9 29
6 64
4 65
2 96
10 7
5 58
10 88
10 12
7 50
5 39
8 63
10 93
8 80
1 58
2 1
9 36
10 68
7 20
5 59
4 60
7 8
1 90
8 12
10 27
2 7
6 81
3 28
8 90
4 65
1 55
5 59
4 54
10 16
5 21
1 92
6 44
6 46
1 49
3 36
7 22
3 40
9 59
9 15
7 78
10 10
1 25
3 11
7 99
2 13
6 32
8 9
3 88
8 35
1 14
2 9
6 18
4 79
6 84
2 99
1 51
9 47
1 39
8 14
9 75
3 67
8 80
10 54
6 19
6 22
3 26
2 63
7 63
8 61
3 28
5 29
1 19
2 1
4 65
6 15
3 46
1 7
3 70
8 34
2 75
5 47
10 48
1 37
3 89
4 3
4 84
1 41
7 80
7 90
10 56
5 3
6 60
7 84
1 45
5 50
5 39
3 26
7 81
5 8
10 31
1 44
7 51
4 30
4 35
8 68
8 28
1 42
