9 36
10 65
1 2
7 26
8 19
1 43
10 67
9 39
5 71
2 6
9 90
3 21
2 84
10 20
7 52
6 39
10 23
6 40
1 24
4 52
5 53
5 65
2 10
5 76
9 80
7 81
2 95
10 29
9 46
5 76
6 90
8 27
5 58
8 96
6 94
6 94
5 6
9 52
7 59
9 46
4 49
8 67
5 71
5 50
1 25
3 79
5 35
9 15
7 40
8 61
2 90
6 31
7 68
5 5
6 74
10 40
3 56
6 52
4 56
6 60
1 57
4 39
4 9
6 33
5 56
9 83
3 87
9 16
7 21
5 77
3 80
8 67
1 31
9 44
3 11
3 1
6 16
4 56
4 8
7 2
3 83
9 54
6 2
9 93
7 18
1 6
9 88
7 91
1 60
3 96
7 38
6 10
3 9
6 92
9 27
1 85
8 70
5 67
9 98
2 41
4 95
6 22
8 70
3 99
6 45
5 46
8 48
3 38
5 32
3 20
1 66
5 40
2 59
10 65
1 79
1 17
6 76
1 20
4 59
8 56
5 3
10 100
5 70
6 59
3 16
9 41
4 49
1 24
2 7
10 95
2 14
5 68
2 21
10 69
3 87
4 2
1 50
6 77
7 55
10 86
6 7
4 6
4 26
2 100
8 78
5 75
5 75
6 20
7 74
4 67
1 100
4 80
7 30
5 93
6 64
3 11
6 23
5 7
2 26
3 30
5 92
9 72
4 72
8 98
8 59
7 52
10 89
1 47
2 63
8 60
3 99
6 49
8 89
2 16
1 67
4 83
8 41
7 63
5 71
6 93
1 60
5 42
8 99
2 91
9 21
3 38
7 87
6 81
10 77
1 33
2 16
3 82
4 21
7 86
8 56
5 43
6 48
3 47
7 96
1 59
4 23
6 24
8 89
7 26
7 91
1 6
8 66
9 56
10 23
2 83
9 22
10 89
6 21
3 94
1 52
10 96
4 79
1 13
4 60
8 66
8 23
1 92
5 8
5 93
1 89
7 28
2 97
5 91
8 53
2 27
10 57
9 2
3 28
6 44
3 5
9 59
5 9
7 34
1 59
1 24
2 33
5 55
5 34
8 88
9 74
2 46
6 6
1 32
10 25
6 71
1 6
8 1
3 97
1 56
8 69
7 90
8 73
3 7
2 48
6 13
8 74
5 76
9 64
3 43
7 91
6 57
6 26
3 29
6 63
2 50
10 49
2 31
8 27
4 56
3 64
10 37
9 58
10 55
3 77
4 14
9 55
3 99
2 66
6 55
10 46
4 36
7 73
3 78
5 24
10 79
10 65
1 29
8 90
1 9
5 57
9 58
5 47
10 83
5 41
5 23
6 32
3 74
8 53
3 60
4 32
5 94
5 91
5 65
6 98
7 13
3 63
10 75
2 96
3 59
5 32
5 16
5 3
2 37
9 85
8 45
5 83
6 39
2 51
10 5
10 94
9 19
4 11
9 85
5 30
6 5
1 94
3 2
6 24
10 79
3 74
4 28
9 93
8 73
9 32
3 48
5 26
5 63
1 26
4 99
9 65
6 55
3 35
10 95
8 72
3 2
9 16
6 42
4 2
7 88
7 63
10 86
5 93
1 78
6 15
2 34
5 12
5 72
4 64
8 57
6 33
9 25
1 77
1 87
1 22
9 88
2 35
2 73
9 73
9 42
2 94
10 61
2 25
1 21
10 100
7 61
3 88
1 8
5 23
7 82
4 68
4 89
7 28
10 23
2 36
10 93
10 40
1 81
5 51
7 56
4 52
7 86
8 81
7 64
1 86
6 52
2 66
5 72
5 83
6 49
9 60
9 18
6 20
3 54
3 29
1 99
4 11
9 57
6 20
8 31
2 97
10 29
6 14
5 59
2 35
3 30
4 83
6 97
10 31
2 48
5 1
1 76
4 21
10 78
2 8
8 15
1 40
9 80
1 78
10 60
7 49
3 3
7 58
9 50
2 92
4 98
7 5
6 53
8 43
1 4
7 7
9 14
3 92
1 18
1 20
2 10
9 16
3 36
1 1
3 73
8 8
1 68
4 90
3 77
4 64
3 76
3 84
6 38
9 8
1 23
4 69
2 9
10 80
3 44
5 24
2 67
7 81
3 40
2 16
7 24
3 49
6 10
7 90
6 58
1 69
10 42
7 85
9 45
4 10
4 68
2 23
6 71
10 38
5 52
6 59
1 86
5 73
4 25
3 74
5 30
9 14
1 28
1 100
9 47
5 77
5 96
3 18
4 36
1 24
1 49
2 27
10 24
6 16
3 30
9 21
3 15
1 71
4 76
8 14
6 97
1 34
2 15
3 61
3 56
6 50
10 62
5 8
9 65
8 23
2 69
6 29
9 75
10 93
7 68
10 7
8 65
4 56
6 38
9 67
7 22
5 97
3 72
9 38
5 8
8 82
6 5
8 67
9 12
9 36
4 46
10 15
4 94
6 15
1 61
9 78
4 99
3 35
8 63
10 60
1 31
6 71
10 7
3 19
8 69
8 86
6 66
7 69
9 76
2 96
9 59
5 16
9 85
4 67
9 18
1 28
2 41
6 12
10 59
10 45
2 50
8 37
6 25
10 3
9 59
1 74
7 57
10 95
10 62
10 94
9 30
1 32
4 99
4 13
4 36
6 1
5 39
9 13
9 99
1 59
8 51
5 82
10 75
8 9
2 8
2 43
3 87
1 6
8 63
10 45
6 51
4 6
10 24
7 85
3 32
5 26
9 17
3 99
9 24
8 35
4 93
8 3
6 4
2 36
2 75
5 64
8 72
7 34
7 98
10 97
8 7
8 85
10 51
5 82
10 57
2 69
7 28
5 13
8 26
3 83
2 9
1 39
2 46
10 40
9 39
3 29
10 52
5 54
3 11
4 2
5 70
9 47
8 2
1 37
7 37
9 7
9 11
5 85
3 10
4 15
1 37
4 67
5 5
2 70
1 24
4 47
9 22
1 45
4 77
2 56
10 88
8 60
7 8
4 42
9 52
10 84
3 47
8 48
9 8
2 65
5 42
2 6
3 50
9 27
8 22
8 17
2 76
8 34
9 88
4 35
1 43
3 20
5 9
3 50
3 30
10 67
7 77
6 82
10 41
6 81
3 46
5 57
9 52
6 9
10 80
2 76
2 4
1 57
7 44
3 20
7 58
1 7
1 98
8 87
4 13
7 66
6 20
3 59
9 22
9 29
7 86
9 27
6 70
5 68
2 38
9 3
2 73
10 3
2 39
8 14
9 99
9 32
9 8
10 47
6 72
6 81
3 60
5 18
10 87
5 93
5 93
9 30
3 35
8 82
10 74
8 38
6 90
9 5
3 30
2 30
8 98
3 11
1 45
4 5
8 56
6 32
6 31
10 82
8 55
8 91
2 10
10 88
10 32
10 51
9 38
10 99
7 9
7 41
9 17
2 63
8 88
6 40
9 78
8 81
6 82
5 11
3 35
10 23
3 18
9 100
2 73
4 95
10 29
5 9
5 68
1 28
4 69
2 79
4 69
7 94
1 80
10 31
10 53
8 56
7 12
9 41
2 73
1 81
8 14
8 25
5 2
4 81
2 96
5 84
2 8
1 71
7 5
6 45
8 100
8 30
7 97
7 98
9 36
7 33
1 87
6 70
9 39
2 65
8 44
8 18
2 36
9 44
4 84
8 98
2 13
4 53
4 53
2 59
1 13
6 80
1 81
3 52
1 100
3 57
3 30
6 63
2 7
3 65
10 89
2 66
6 83
8 46
10 34
10 36
8 64
1 9
4 43
6 47
9 20
2 60
6 66
8 93
7 35
10 55
1 18
5 81
6 89
3 16
4 86
4 45
5 93
4 37
2 50
2 19
10 43
10 18
10 12
3 65
1 75
7 70
6 73
1 19
4 49
3 24
9 94
2 45
10 1
10 79
9 42
6 16
6 85
7 44
9 7
4 19
6 43
6 4
6 22
7 80
10 23
7 17
3 69
1 10
2 14
8 92
4 51
7 29
7 86
4 5
3 72
10 27
3 15
4 68
10 95
9 83
10 41
7 99
7 100
9 62
7 18
8 66
1 72
10 44
6 34
1 86
2 70
2 9
4 63
6 59
6 33
2 78
2 96
2 27
5 51
9 27
1 92
2 88
1 62
6 11
3 62
1 70
9 42
7 49
4 19
6 7
6 39
1 75
1 49
4 76
3 69
2 59
7 28
8 3
3 24
5 92
10 24
6 25
7 60
2 67
7 84
8 87
5 75
5 71
9 99
1 15
5 8
1 91
7 62
10 2
7 39
5 77
7 66
3 20
9 95
4 14
5 61
8 92
3 58
7 63
8 66
1 67
9 85
7 43
8 34
8 90
10 79
7 91
6 91
10 42
8 8
7 96
9 74
2 17
3 8
4 49
8 50
1 88
1 19
3 7
5 5
10 65
7 3
5 14
3 35
5 48
2 3
6 87
4 67
3 67
4 40
3 74
2 35
10 47
8 4
10 3
10 74
1 46
10 92
