6 37
6 71
3 46
1 94
5 87
9 50
7 84
2 91
6 3
8 56
2 99
5 49
9 51
8 91
5 47
2 31
7 62
4 24
7 94
1 41
10 5
8 83
7 32
8 39
8 15
8 61
9 32
10 54
5 10
9 64
5 70
1 48
5 32
6 59
9 13
7 58
8 84
7 29
10 72
1 98
6 73
2 84
3 87
9 47
2 32
9 19
8 32
5 38
7 75
2 66
10 92
1 68
10 14
5 14
4 41
1 84
5 54
3 96
7 91
8 15
3 62
3 28
2 9
10 24
10 8
7 16
10 46
4 28
2 21
9 52
1 62
6 33
4 26
3 33
1 80
1 36
4 55
10 88
1 11
1 32
7 93
3 41
6 84
4 49
2 75
9 2
9 59
6 100
2 9
3 55
5 51
8 92
9 89
2 9
9 33
3 28
10 66
5 53
1 77
10 85
5 38
9 52
2 21
10 38
9 51
1 26
9 3
7 91
5 95
7 5
6 4
4 16
3 45
9 24
7 53
9 34
10 3
9 98
10 96
4 74
1 8
5 11
8 1
9 50
1 57
10 7
10 26
8 46
7 13
3 19
7 21
7 12
8 46
4 81
9 66
9 1
7 43
4 88
10 31
8 81
2 74
7 95
5 47
1 39
8 26
7 77
6 76
3 44
9 71
3 43
3 37
4 47
6 2
4 23
2 20
3 76
9 8
7 69
5 61
9 66
8 47
3 49
8 62
3 26
4 94
4 90
4 53
7 63
1 63
6 3
6 90
1 58
7 89
10 17
4 55
2 49
3 10
5 33
9 68
1 46
1 95
1 97
1 77
7 2
3 56
5 100
10 49
10 32
5 86
4 20
6 78
5 13
6 53
3 72
8 22
9 35
4 57
8 44
8 61
10 40
2 39
2 42
5 97
8 41
3 67
8 72
1 68
9 6
5 85
3 39
4 62
3 78
2 2
2 7
10 74
1 64
2 89
4 37
1 23
4 82
3 56
3 27
10 77
10 35
10 22
7 36
3 70
9 46
5 28
8 38
9 55
1 47
6 6
6 42
5 27
5 75
6 77
7 56
3 27
6 1
10 52
7 97
5 30
4 100
1 13
4 30
10 49
9 73
7 34
3 55
7 15
2 80
1 6
6 91
7 61
5 63
6 75
3 36
10 29
9 48
1 23
10 22
9 99
8 61
10 93
8 22
7 42
5 92
7 99
7 28
3 8
5 98
9 71
10 99
3 19
5 46
6 23
1 25
9 81
10 100
5 19
4 62
3 97
8 12
10 91
2 56
5 62
4 34
10 92
6 73
2 93
6 89
3 58
2 97
7 92
1 14
9 28
9 83
8 70
2 99
7 60
10 53
8 67
1 35
10 86
3 43
6 70
4 45
1 62
3 38
5 71
7 98
2 83
8 14
10 49
10 10
7 13
5 61
7 62
2 12
2 24
6 51
1 67
8 40
10 24
10 74
2 50
1 29
10 94
10 89
10 72
8 9
7 37
5 31
6 95
10 30
3 100
5 19
8 19
4 64
10 47
6 78
3 10
9 99
10 43
6 6
9 2
4 75
9 85
3 79
5 83
8 36
6 96
2 5
5 70
1 2
6 37
1 27
8 75
2 87
4 72
7 47
3 84
10 9
6 61
3 21
6 97
8 55
1 81
1 27
2 85
8 81
2 21
9 76
1 72
5 30
8 39
8 62
2 76
8 11
2 90
2 41
5 41
9 27
9 88
10 88
9 31
7 78
10 98
7 41
1 13
10 92
3 69
8 22
2 62
4 8
2 46
7 4
5 64
6 31
8 3
3 36
10 9
9 61
5 82
6 42
3 58
3 40
10 58
6 40
2 40
7 77
1 65
9 12
9 6
7 4
9 63
10 11
3 26
6 25
5 55
10 95
3 36
9 63
2 30
5 86
7 5
8 86
5 69
5 67
3 81
8 26
6 28
10 58
10 7
8 71
3 38
1 36
4 11
7 92
8 25
7 50
8 30
5 39
8 97
8 76
7 39
8 68
4 81
6 64
1 50
2 39
5 96
4 18
5 90
9 69
2 43
5 98
10 65
2 70
9 77
10 99
1 28
4 3
2 72
1 92
2 82
1 8
5 23
7 7
10 89
8 63
4 96
7 44
3 30
10 50
2 68
5 41
6 23
6 35
7 52
10 72
5 28
6 75
8 80
6 53
6 93
4 49
7 79
9 43
9 60
10 45
9 92
3 48
8 52
2 67
9 16
4 31
10 62
9 96
4 23
10 43
9 53
2 61
7 10
10 47
6 67
1 84
5 75
8 50
7 12
1 60
4 10
3 46
7 12
2 82
7 11
10 45
4 5
1 72
4 23
9 85
9 44
5 75
6 30
6 41
6 54
8 82
3 52
2 75
3 37
9 94
4 10
4 80
7 62
5 53
7 75
8 27
8 22
8 33
3 21
1 11
3 63
7 36
9 3
5 20
10 65
10 76
2 99
6 30
9 67
9 90
6 83
1 63
4 45
3 71
6 97
6 75
3 78
3 31
9 48
8 7
9 57
1 19
5 49
9 25
8 41
1 52
4 41
1 100
3 38
7 69
8 36
9 41
6 91
5 39
4 97
6 10
7 84
9 100
9 42
2 32
2 79
9 6
6 50
8 98
2 76
4 90
1 78
8 98
4 79
5 79
8 39
3 88
2 10
10 70
9 60
2 42
3 45
6 26
3 50
8 73
1 68
5 11
8 5
4 4
3 25
7 60
3 82
2 97
1 60
1 87
1 72
6 42
3 16
1 61
1 81
4 97
2 37
4 92
8 56
2 29
1 82
10 38
2 61
6 6
9 90
5 32
1 42
5 57
2 12
3 2
6 46
7 82
5 56
9 20
2 59
8 40
10 5
3 20
3 94
5 49
10 78
4 32
6 71
5 92
4 91
10 34
7 39
7 25
8 44
8 96
5 77
6 73
2 78
3 63
9 72
3 48
6 90
1 73
8 68
10 8
9 39
10 57
3 47
10 5
9 1
1 39
4 83
8 76
1 90
8 87
10 18
6 74
5 98
6 40
6 24
10 56
7 40
2 42
9 41
6 57
10 68
8 74
2 94
3 9
8 64
8 51
1 98
5 23
3 17
3 29
2 82
1 79
4 69
9 46
6 74
4 67
3 72
8 57
6 32
2 89
5 1
10 48
6 66
4 79
6 79
10 15
5 70
1 83
1 10
4 21
10 31
1 67
8 38
4 76
1 58
3 30
3 96
6 97
8 83
5 2
2 41
7 15
5 7
2 32
6 92
7 18
3 10
7 43
1 45
7 82
2 60
2 30
2 41
3 11
6 9
6 92
3 90
2 28
1 35
9 92
2 14
2 2
4 52
1 37
8 97
7 48
6 82
6 4
6 69
6 22
5 76
1 78
1 87
2 39
8 88
8 52
1 53
8 13
8 45
5 27
7 91
2 73
7 8
9 12
4 67
1 10
5 40
10 99
1 7
8 100
5 96
1 81
6 4
2 63
10 85
1 47
10 86
3 42
6 66
5 90
2 48
1 62
8 89
6 79
3 18
3 6
1 13
5 18
5 31
10 6
10 56
8 60
10 38
8 43
1 63
6 67
9 39
5 19
1 15
5 82
4 97
3 79
3 44
5 35
2 95
2 85
1 62
6 2
9 76
8 43
1 81
10 33
6 60
1 12
5 62
5 40
4 47
4 24
10 77
9 64
1 63
3 42
4 90
4 37
4 92
2 16
2 82
3 54
3 52
3 86
2 1
1 45
4 45
7 48
7 76
1 65
1 15
6 22
8 22
4 34
6 25
4 71
3 64
9 93
10 11
2 97
4 42
1 50
6 42
6 53
5 37
7 75
1 16
3 81
1 60
4 43
7 59
7 51
9 5
8 94
5 83
1 73
4 43
1 17
8 50
4 39
8 36
8 40
1 58
7 38
4 37
7 14
4 26
9 22
7 38
6 65
4 90
6 85
7 85
5 60
6 18
10 88
7 96
1 34
1 72
7 78
3 54
7 94
4 51
3 76
2 59
5 50
3 32
2 69
8 85
7 54
7 49
2 54
4 67
2 8
8 90
9 5
7 17
3 79
5 58
2 91
9 76
7 98
8 76
7 31
5 61
7 87
5 68
5 78
10 91
9 78
5 76
5 94
5 7
2 45
9 86
8 89
9 61
3 87
8 94
5 97
9 58
10 24
9 70
7 11
5 94
5 40
4 99
6 2
4 96
10 73
10 51
9 55
9 90
1 75
8 15
4 28
6 12
4 3
9 71
2 30
10 34
5 79
7 3
3 100
3 36
1 61
4 62
10 64
6 31
1 29
2 34
6 55
10 79
1 18
4 32
7 87
7 92
7 41
2 27
6 98
8 55
5 87
3 46
6 9
7 28
6 9
3 36
1 63
10 46
8 68
4 56
7 57
9 88
3 72
6 75
4 74
6 32
7 98
1 79
1 30
1 24
1 92
2 75
3 4
4 67
7 33
8 36
9 85
8 42
1 7
7 24
6 32
