2 49
2 16
2 1
9 55
8 67
1 87
9 72
2 14
10 33
4 89
4 47
7 97
9 90
3 87
9 8
3 83
9 61
6 69
6 73
1 37
2 3
5 82
4 12
5 25
8 11
8 76
1 40
4 9
1 71
5 65
9 40
4 92
7 94
10 50
8 45
10 13
8 61
2 97
3 56
7 32
7 60
6 12
5 11
1 42
8 55
2 66
2 59
7 65
8 35
5 46
4 96
9 22
10 1
7 100
5 13
3 73
4 11
5 17
7 55
3 34
9 68
4 88
9 23
3 47
4 50
3 98
9 67
3 50
5 19
5 71
6 3
10 57
3 62
2 79
4 13
8 41
6 28
3 73
2 99
5 66
8 49
2 24
5 60
2 43
10 90
2 98
6 41
2 55
7 59
10 23
4 20
8 85
10 96
5 52
4 24
10 33
1 65
7 54
3 70
5 33
8 52
6 82
4 71
1 49
6 15
6 39
2 48
8 63
7 72
9 17
7 96
4 61
8 87
3 50
5 62
6 86
8 16
1 85
6 94
3 80
3 66
5 37
2 66
3 86
4 100
5 68
9 66
3 34
6 81
8 46
10 47
9 55
10 17
3 65
5 53
4 95
6 20
9 8
6 86
5 76
10 44
1 78
8 95
8 39
3 28
8 33
4 30
8 27
6 36
1 41
3 40
6 40
2 29
6 40
5 78
6 22
10 88
6 17
2 62
2 77
9 100
4 99
8 77
1 56
5 70
7 85
2 92
6 52
4 25
7 29
1 32
3 100
4 4
3 71
1 92
1 63
3 92
2 13
3 47
6 87
6 57
4 21
8 89
6 66
7 24
9 24
3 84
1 69
6 79
4 67
9 48
1 55
2 62
8 21
3 37
3 92
6 18
8 66
5 41
5 91
4 22
4 55
9 17
9 22
3 87
7 65
2 14
2 74
1 1
7 53
10 98
8 22
9 53
1 62
6 94
2 67
2 86
6 68
1 11
3 86
8 50
8 41
10 63
8 75
2 32
6 4
2 67
7 78
10 90
4 79
3 48
3 49
4 86
2 30
1 59
3 83
10 46
6 15
1 67
1 76
10 37
5 94
9 67
1 51
7 92
9 64
5 66
7 10
3 48
2 45
3 8
6 86
8 61
6 27
6 72
4 2
4 98
10 23
3 14
6 34
10 77
9 57
6 92
2 66
8 61
10 89
1 91
3 58
2 40
4 62
5 92
6 53
5 80
10 23
8 61
5 43
8 84
10 66
6 47
8 32
2 25
3 7
3 27
1 53
6 27
8 59
5 3
7 100
5 79
9 70
1 27
1 10
1 12
2 51
10 98
7 1
8 21
8 25
8 56
2 72
7 54
7 34
10 95
5 44
10 3
4 93
7 32
6 2
7 7
2 5
10 46
5 93
10 87
9 29
6 59
4 78
6 69
1 91
7 51
8 32
9 12
4 39
6 9
6 44
9 47
9 66
3 93
2 39
3 68
8 62
2 91
6 8
4 68
10 22
10 16
6 33
5 70
10 32
7 74
10 27
4 5
7 68
7 82
7 68
1 19
10 20
4 57
10 58
9 58
4 67
10 92
5 35
5 29
7 8
3 6
3 16
5 53
4 10
3 99
7 100
1 34
5 91
2 12
3 92
8 89
5 11
4 35
4 42
4 69
4 67
10 69
7 91
7 31
7 76
9 12
1 26
9 16
10 79
9 88
4 5
2 95
7 77
8 64
5 97
8 5
4 13
7 23
9 95
4 67
4 83
5 17
1 55
4 44
7 72
5 14
5 29
6 62
10 25
8 31
1 97
9 75
6 23
8 65
2 61
2 17
10 57
7 35
7 87
1 20
4 95
7 33
7 18
4 24
4 83
10 1
3 49
2 33
5 72
1 39
10 45
6 37
2 56
1 38
4 61
1 50
10 55
2 38
10 62
8 62
3 39
4 97
5 2
4 57
3 71
2 96
5 47
10 94
1 6
9 93
6 86
9 83
4 76
2 12
7 74
9 40
7 61
10 39
8 76
6 37
3 54
5 100
2 14
8 66
2 97
3 100
4 66
6 63
6 82
1 95
4 33
5 86
10 42
2 24
7 26
2 30
5 1
6 68
10 10
5 43
8 40
1 63
3 48
7 42
6 57
3 4
4 68
2 32
1 100
2 28
8 33
1 64
9 42
1 7
1 61
3 51
10 72
9 35
9 1
1 64
9 1
8 2
10 71
8 78
4 25
8 53
3 1
7 75
10 86
4 81
10 37
3 28
3 79
6 76
5 40
9 49
1 31
4 66
10 33
9 60
5 72
3 61
9 21
1 31
7 30
5 91
8 10
8 99
2 31
7 49
9 19
6 13
5 6
7 83
9 75
10 25
3 33
8 32
2 86
3 63
2 41
6 76
9 62
7 24
7 18
4 78
2 56
9 72
7 65
2 61
9 1
9 75
5 48
7 17
3 36
2 93
3 11
9 65
1 71
2 35
7 94
6 79
8 15
5 85
1 39
8 85
2 74
8 80
9 10
1 76
9 91
1 12
7 60
4 25
7 17
5 92
8 42
7 78
9 41
7 46
4 5
9 46
5 95
6 18
1 53
4 2
4 22
5 63
6 92
9 36
4 6
3 99
6 74
7 20
5 34
9 49
10 32
2 1
5 88
1 23
4 23
2 18
9 61
5 27
9 43
8 71
4 96
8 64
10 27
9 95
7 78
6 4
2 24
10 49
1 32
8 16
2 51
3 29
10 42
2 1
8 6
4 18
8 71
2 74
7 19
5 94
1 20
6 81
3 38
5 59
7 64
7 49
7 5
10 90
6 30
1 35
3 24
9 27
6 60
5 91
9 64
2 18
9 56
6 5
1 5
8 62
3 23
1 14
6 21
3 81
4 100
3 14
7 16
4 76
4 23
7 69
4 60
2 94
3 44
4 76
10 81
1 74
4 63
4 79
6 40
5 43
8 82
7 2
8 48
10 49
10 80
5 70
5 53
5 26
2 42
1 86
8 2
2 96
9 6
9 40
7 32
2 15
2 53
3 67
1 92
7 73
10 22
5 4
6 98
1 99
5 31
6 75
6 64
6 55
9 64
9 49
1 75
6 6
7 73
4 85
2 98
4 52
2 30
1 4
9 44
10 33
9 90
8 67
1 52
9 59
10 66
7 1
7 24
3 99
6 93
4 59
5 31
6 75
2 68
8 30
5 13
2 82
6 16
8 5
7 4
2 93
2 32
2 2
7 35
4 82
3 66
4 83
8 88
7 25
10 91
4 6
5 99
3 32
4 13
7 71
10 22
7 77
6 6
9 94
8 72
9 36
1 32
10 11
5 76
7 78
2 80
6 92
9 16
4 95
6 96
8 35
6 13
6 33
9 51
1 62
2 71
9 84
1 42
7 17
1 3
8 55
3 26
2 88
7 66
3 6
7 82
8 15
4 81
3 99
1 36
1 63
9 92
2 43
3 25
7 67
1 57
2 40
1 6
3 14
6 4
3 9
4 99
8 93
3 50
7 43
6 52
2 95
4 36
8 100
9 44
3 90
2 42
10 20
1 56
1 33
2 70
6 53
7 71
4 2
1 32
8 40
1 56
7 35
7 22
3 31
6 20
1 99
3 23
1 83
2 80
1 95
9 29
4 73
10 77
4 34
6 84
1 6
9 40
3 51
5 58
10 57
5 69
6 52
6 62
5 97
10 9
6 18
2 59
6 26
10 29
5 33
9 5
6 70
4 44
6 15
5 8
3 69
4 55
1 42
5 21
3 43
5 52
3 59
10 70
2 79
8 41
3 91
9 18
3 15
3 87
5 6
7 52
9 12
4 93
1 44
3 3
10 69
10 28
1 55
5 9
5 76
2 51
10 72
6 9
6 22
1 94
4 78
3 6
3 89
8 32
5 72
10 52
10 9
6 22
5 44
5 84
8 90
4 83
5 76
6 29
4 2
2 76
10 90
3 11
5 96
2 27
6 73
10 60
2 70
9 90
4 39
9 55
3 20
7 75
4 90
5 63
7 11
8 34
1 53
6 54
7 66
8 47
9 18
2 20
6 41
4 47
7 60
7 10
6 90
6 84
10 88
4 65
4 86
8 40
8 77
5 43
3 19
9 24
2 81
6 30
7 52
8 30
9 14
8 78
3 5
9 73
8 4
10 13
2 18
9 49
10 88
6 82
1 65
10 82
9 60
10 60
1 27
7 51
4 51
10 77
6 85
1 56
7 52
5 66
1 44
3 58
10 63
9 83
7 90
5 60
1 9
4 57
9 16
9 1
3 2
3 45
1 61
7 34
8 90
7 91
9 31
1 63
1 98
1 22
3 30
6 10
4 66
8 69
7 42
3 49
4 50
2 49
6 17
7 39
6 3
1 23
6 31
8 35
4 77
6 12
3 12
10 62
10 32
4 56
7 54
4 23
6 89
8 33
7 33
3 74
8 55
10 55
9 57
10 39
2 24
4 95
1 8
10 70
8 15
4 10
9 66
8 43
1 97
7 53
8 54
6 4
