9 82
4 13
1 43
5 82
6 95
10 91
6 5
3 64
9 27
7 82
1 88
5 49
10 74
7 5
3 56
6 81
4 60
5 51
3 16
9 11
8 10
1 35
6 22
2 72
5 12
9 3
6 16
2 55
6 51
3 95
7 19
1 75
7 82
7 100
4 60
7 62
10 95
9 87
7 88
7 98
7 65
10 33
9 69
5 88
4 32
1 38
8 85
8 74
1 10
10 49
1 43
8 62
3 86
5 31
2 23
3 67
3 60
5 81
5 92
7 40
10 30
8 32
7 77
7 58
1 78
3 32
4 82
4 40
2 7
9 39
9 86
8 34
2 26
6 61
10 28
2 53
1 71
2 28
10 99
10 98
4 11
2 11
3 8
5 32
2 89
1 36
9 97
4 60
8 32
9 7
9 97
9 13
7 36
3 82
6 64
8 47
3 26
9 64
5 74
4 13
2 70
9 56
6 93
1 41
4 24
1 94
10 32
3 8
7 37
4 34
9 60
2 49
7 93
5 69
8 7
2 40
1 56
4 85
6 89
9 29
8 11
2 90
8 53
8 75
6 82
4 48
9 42
4 51
1 97
9 5
9 8
2 13
9 45
7 74
1 25
6 23
9 17
2 11
5 26
3 18
5 95
7 33
6 70
4 90
6 58
3 32
1 16
8 51
3 11
8 3
7 90
3 32
6 98
2 49
6 98
10 73
6 27
1 24
10 28
9 26
3 79
9 59
8 55
2 47
3 79
2 8
4 3
2 55
8 73
9 100
3 94
4 79
9 12
1 100
1 77
10 54
10 26
8 72
4 86
9 32
4 81
5 22
4 25
8 57
10 12
7 33
8 24
2 61
1 12
5 59
1 93
5 63
8 82
6 1
1 20
2 8
5 45
7 59
7 99
2 94
7 46
8 99
9 43
2 14
7 69
10 20
2 39
7 64
3 14
9 17
1 69
2 52
9 15
1 81
7 10
6 33
8 30
9 18
2 8
6 40
4 85
6 44
1 83
7 87
6 48
8 48
6 42
9 91
8 99
1 95
7 57
9 79
2 45
8 26
3 46
3 41
9 65
5 37
8 89
7 18
9 78
10 70
6 67
9 31
5 64
4 81
5 64
3 48
4 16
3 47
10 70
10 33
10 50
8 57
4 50
5 73
5 93
9 47
5 70
3 29
5 88
1 23
8 56
6 31
7 1
7 9
7 7
7 37
5 70
2 51
5 50
10 21
1 89
1 67
5 53
1 100
7 77
9 46
2 4
10 81
2 41
7 1
7 25
1 57
9 86
3 19
9 16
5 14
8 46
4 39
5 84
6 33
6 81
3 8
2 4
9 66
9 64
1 73
4 13
10 84
9 37
7 89
1 60
2 100
1 96
5 30
10 6
3 32
3 14
4 11
6 17
3 53
5 22
1 19
5 18
1 80
6 61
3 17
9 47
8 66
1 3
7 20
6 83
2 9
7 1
6 14
5 39
5 23
10 23
10 58
6 89
1 54
4 33
1 15
1 52
1 73
1 75
10 97
4 72
10 23
1 54
1 8
8 88
6 36
7 82
4 42
9 61
8 49
8 24
6 88
3 59
6 84
4 100
6 13
2 52
3 11
2 85
3 44
7 79
9 7
4 97
2 75
3 66
8 79
9 40
10 50
10 33
10 20
5 17
2 88
5 96
6 52
7 94
6 27
1 45
6 69
2 63
10 2
8 77
2 85
2 55
7 11
1 81
9 1
3 40
9 19
9 67
4 91
3 45
6 14
9 60
9 90
6 79
6 98
7 17
5 22
9 95
6 86
2 12
1 86
5 95
1 85
7 77
5 92
5 78
9 26
7 12
5 45
1 46
9 46
7 23
5 87
6 14
7 68
7 61
9 40
1 39
10 13
9 75
1 86
2 41
4 62
1 15
6 75
7 45
2 4
6 50
3 12
6 69
1 83
10 65
10 87
8 97
10 1
5 76
5 78
6 65
1 70
4 80
5 8
2 6
7 7
2 54
10 48
10 28
7 60
5 11
6 7
4 83
2 17
9 41
10 72
8 72
8 46
5 72
5 23
5 74
6 28
9 8
2 36
7 35
6 72
1 35
4 67
4 98
3 91
1 37
2 59
10 48
6 14
8 81
8 13
1 53
6 93
5 75
9 36
8 18
5 98
5 46
10 87
4 94
3 68
5 97
8 88
3 26
3 34
3 19
1 97
4 87
5 31
6 48
4 63
8 28
3 66
1 79
5 41
7 23
10 53
3 19
8 87
1 30
9 63
10 40
2 40
4 100
3 31
2 78
4 82
6 51
6 44
8 50
2 7
7 60
5 21
7 58
3 67
1 5
3 27
2 31
4 62
2 39
3 44
3 69
7 53
8 78
10 84
3 88
7 82
6 51
6 56
9 51
4 37
6 81
8 92
9 73
9 43
5 46
6 38
5 66
2 35
2 52
9 63
2 45
7 61
5 34
9 38
9 100
3 85
5 78
3 13
8 44
10 98
4 79
8 37
5 56
5 97
3 42
7 51
4 3
10 77
6 95
7 71
8 85
5 34
7 82
7 18
7 8
2 76
7 64
3 93
5 20
7 83
9 73
6 6
1 12
2 50
3 36
5 71
10 13
4 61
9 48
6 28
5 20
5 80
1 27
6 55
6 89
5 72
3 79
4 87
5 68
5 99
4 87
5 67
2 24
8 34
10 56
6 53
2 16
10 20
2 97
10 26
10 96
9 25
9 85
2 34
2 10
5 73
9 26
7 30
6 35
10 28
7 77
3 31
10 1
1 73
5 50
8 61
8 4
9 42
2 95
10 79
2 22
10 83
5 30
4 75
3 5
5 36
5 45
1 49
7 98
2 42
6 34
3 10
10 65
8 18
8 17
2 66
7 61
1 51
10 71
3 68
3 30
4 26
7 74
5 87
3 27
4 21
6 13
10 88
4 40
1 30
4 35
5 8
9 74
7 23
2 5
4 9
9 43
7 37
4 5
9 69
2 49
4 39
8 87
5 92
5 84
8 81
7 24
2 92
4 90
1 39
4 64
5 100
4 72
2 78
6 98
3 67
8 87
5 27
3 88
8 68
1 21
2 64
10 22
3 33
4 64
3 73
3 3
3 94
6 43
4 56
2 21
4 69
1 70
9 70
6 72
5 98
7 24
5 11
2 63
4 29
3 92
1 70
8 52
2 56
5 70
6 12
6 18
3 60
7 53
6 20
4 30
4 96
7 65
4 66
10 61
1 47
1 23
7 69
7 5
8 73
7 81
3 86
3 17
8 91
4 1
1 36
10 20
3 32
7 46
6 8
7 70
5 24
10 44
6 56
1 28
8 65
6 91
9 82
5 2
3 93
6 53
5 3
3 48
2 49
7 57
1 66
8 7
9 94
10 8
3 12
9 43
5 60
2 72
10 31
5 93
9 12
2 9
1 81
10 87
4 23
1 14
2 71
6 12
1 35
7 98
5 97
4 95
5 98
7 57
7 86
10 81
4 28
2 90
5 1
4 22
9 15
10 80
3 73
6 46
9 86
8 78
3 6
8 45
4 16
10 33
8 74
9 72
8 67
9 55
9 32
2 95
9 43
8 55
2 53
5 50
4 90
3 17
9 48
1 71
6 12
10 89
2 24
2 84
10 95
9 24
4 74
4 91
3 85
6 8
9 10
9 83
2 54
9 63
7 14
10 78
10 32
5 88
8 56
7 6
3 30
3 94
9 58
7 2
10 24
4 78
6 26
7 64
1 19
9 94
7 25
6 89
3 31
8 42
10 98
5 67
7 62
7 37
4 1
3 87
8 68
10 10
1 66
1 53
5 38
3 12
10 81
10 22
5 73
8 32
9 61
5 97
6 46
9 23
3 7
1 20
9 97
3 71
5 57
8 29
2 24
10 9
1 86
7 20
8 2
5 57
5 37
7 69
5 66
1 23
9 63
7 72
9 51
9 29
7 100
6 74
8 15
3 84
5 11
2 30
9 43
2 34
1 20
7 75
6 2
2 62
5 42
4 82
1 3
3 45
3 7
2 26
1 81
6 81
2 49
10 98
9 66
1 82
8 28
6 27
2 79
7 26
3 52
1 76
4 35
6 54
5 21
5 99
9 65
5 77
4 7
3 82
8 53
8 13
8 70
7 52
2 83
6 15
4 76
9 56
4 89
2 5
9 27
4 43
10 95
6 43
2 22
9 68
4 79
5 48
5 5
7 52
3 28
9 27
5 83
10 55
7 76
4 65
7 21
10 87
4 64
1 91
7 38
9 66
1 12
6 70
4 34
6 22
8 1
9 33
4 9
4 98
10 48
3 14
9 30
2 51
3 26
10 70
8 34
7 89
10 4
9 56
8 13
3 17
10 42
3 38
1 21
8 27
3 45
9 49
8 64
1 19
2 31
7 83
3 91
4 9
6 11
4 93
9 61
10 34
4 99
7 52
3 92
3 99
6 48
6 41
7 20
6 43
5 14
3 87
8 37
4 14
9 25
7 41
6 75
6 6
5 81
7 63
5 69
