7 77
7 58
4 2
5 59
2 82
2 96
1 80
10 89
8 76
6 23
4 74
10 18
6 37
3 41
8 47
2 72
10 72
2 81
5 59
7 15
1 98
5 53
10 17
9 44
10 3
4 97
6 61
6 58
9 96
1 51
1 70
9 21
4 56
9 87
1 79
2 1
6 9
6 66
4 95
6 97
7 38
8 28
6 50
1 82
3 100
7 12
7 71
8 43
6 42
8 28
2 26
5 80
2 38
10 99
3 33
4 45
6 71
6 52
10 69
5 69
2 55
7 30
2 19
9 61
3 24
8 4
10 1
7 97
3 92
9 48
4 36
2 27
8 15
7 54
6 97
3 17
5 82
1 63
8 58
3 88
9 7
3 64
9 51
9 35
2 17
1 17
7 91
10 48
10 6
6 60
4 78
2 39
8 85
5 10
4 55
1 12
10 51
10 66
6 81
9 59
4 11
3 75
1 83
3 44
8 48
3 40
2 57
9 86
7 4
10 87
4 34
7 25
7 52
5 96
10 82
7 65
2 92
6 80
9 75
8 86
7 89
6 73
6 49
6 8
1 70
1 26
3 36
4 42
5 2
4 81
3 26
5 65
3 18
4 14
9 83
9 55
7 1
8 79
5 83
1 30
4 49
10 88
2 72
9 12
7 9
10 1
10 46
10 14
2 90
5 32
10 4
7 47
7 76
7 30
5 78
1 35
7 32
10 91
1 58
4 42
10 13
4 32
5 41
2 89
10 76
8 42
5 21
8 89
1 41
10 42
1 50
1 92
6 22
3 89
2 95
9 93
1 61
4 42
5 96
6 45
2 64
3 45
4 39
4 50
8 26
3 75
2 44
1 97
7 68
1 81
3 18
1 81
3 19
8 88
10 86
10 83
1 74
9 23
7 33
5 2
5 97
8 10
4 43
3 73
9 35
1 23
2 40
5 86
2 53
5 81
3 7
9 51
5 18
2 42
6 27
5 32
9 68
10 62
2 20
9 73
6 77
2 99
5 32
7 83
8 96
5 32
8 20
4 76
9 67
10 64
3 94
2 97
6 53
4 59
5 46
3 81
10 99
10 61
6 87
7 80
6 73
5 19
7 24
9 23
5 31
6 19
10 73
3 40
8 53
8 25
7 53
3 33
10 69
3 46
7 68
8 67
2 74
9 46
6 80
9 16
10 44
9 26
9 21
9 47
6 36
4 32
8 54
8 76
5 71
4 64
8 43
9 74
3 80
7 99
3 3
8 58
2 12
9 90
3 21
8 47
9 2
3 76
4 4
3 2
4 57
3 53
9 49
1 46
1 43
2 27
6 89
1 6
2 1
2 93
9 33
6 83
5 39
7 98
7 40
4 73
8 35
8 4
2 5
8 82
9 58
5 3
3 31
6 36
8 48
3 97
1 98
5 61
6 67
2 45
7 93
9 7
1 8
6 73
8 95
6 31
9 47
8 90
4 24
1 83
4 33
4 60
2 27
9 6
1 70
7 29
6 36
3 72
2 14
6 36
9 56
2 49
6 33
1 32
1 29
2 52
1 36
4 64
9 65
10 22
7 15
9 54
5 59
7 82
5 47
10 46
8 19
9 67
1 23
1 9
4 45
4 51
3 77
1 88
4 11
7 92
9 16
8 60
3 77
10 47
7 81
6 37
3 21
8 38
1 91
10 37
2 65
2 31
10 48
7 48
6 85
1 89
9 19
10 31
6 51
6 83
1 86
4 15
7 33
3 14
5 55
2 88
1 80
5 57
9 1
1 5
1 52
6 72
4 5
8 75
7 12
9 79
6 95
1 11
4 76
8 66
2 16
4 75
10 18
6 77
9 99
9 61
5 63
4 50
2 55
4 57
5 49
10 67
6 8
2 57
2 17
8 95
3 43
5 93
5 84
7 42
6 88
4 38
10 95
8 79
6 7
6 48
4 20
6 87
10 37
7 97
5 72
5 21
7 98
7 5
5 25
1 61
10 34
3 86
6 27
7 54
4 70
6 8
3 20
3 34
9 62
8 88
7 62
8 11
3 34
2 90
6 57
2 41
2 71
10 39
7 28
8 37
1 8
4 5
4 42
10 33
10 19
2 56
4 34
10 58
1 79
9 73
7 17
1 44
2 61
7 40
3 85
7 29
4 17
10 75
9 41
1 84
8 31
2 55
8 97
1 65
9 20
8 91
9 68
1 12
8 45
8 2
8 74
4 93
10 40
4 79
6 74
4 14
8 92
2 100
3 6
2 10
8 47
5 33
6 87
10 53
1 23
10 59
10 48
10 39
6 83
4 35
9 59
1 28
1 96
4 75
7 73
1 51
4 91
7 85
6 49
3 4
1 67
8 1
3 42
4 32
3 93
10 61
2 27
2 65
4 97
10 52
4 71
5 52
7 63
1 5
9 7
8 61
3 13
8 34
1 60
8 35
10 1
6 40
7 92
3 70
4 33
7 3
10 63
6 90
9 1
7 8
7 100
8 24
3 45
2 32
6 31
7 17
2 44
6 28
2 98
10 59
10 77
10 5
3 74
7 33
3 7
9 86
2 68
2 52
8 50
8 22
8 86
9 38
6 67
9 65
7 17
3 52
3 50
9 88
6 55
7 69
5 50
2 75
6 100
5 62
2 14
1 92
6 62
2 53
5 20
7 11
8 46
4 92
8 10
2 98
7 62
8 69
3 50
6 12
6 23
6 17
2 35
2 7
8 22
4 59
2 4
4 27
1 1
4 100
6 6
8 74
9 92
9 38
10 35
8 3
1 42
5 50
1 51
1 25
3 59
9 40
5 39
5 52
2 88
5 55
7 1
8 60
10 89
4 47
1 25
5 50
1 52
8 97
6 52
3 36
7 60
3 7
9 25
5 5
6 6
8 2
4 77
6 76
5 91
9 62
5 96
2 12
3 17
5 10
8 75
6 91
3 1
9 5
4 46
8 100
9 12
8 45
7 37
10 63
4 24
9 96
5 12
10 41
4 26
9 12
2 88
10 58
9 67
2 42
7 61
6 24
4 92
9 76
1 100
4 55
3 52
1 16
10 89
8 53
8 30
4 67
1 91
2 77
5 33
5 45
6 36
3 86
9 38
5 66
10 4
1 74
2 42
8 64
7 38
3 65
2 2
5 13
2 20
6 28
5 32
2 43
4 98
2 68
1 64
9 15
7 19
10 27
8 2
10 97
3 17
4 63
6 53
6 52
4 7
5 52
9 87
7 24
2 58
6 8
8 53
4 57
7 63
1 50
4 49
1 70
9 92
10 57
2 15
4 45
1 56
7 31
1 70
6 55
5 41
1 81
9 78
8 50
7 90
10 55
2 74
9 52
1 28
7 2
10 57
8 75
10 59
2 47
7 78
8 93
4 76
9 10
7 9
6 71
9 97
7 10
10 89
6 95
10 2
10 50
10 38
10 27
7 43
1 55
7 38
10 65
8 61
9 42
2 82
9 51
3 8
7 32
1 95
2 58
6 60
7 29
6 63
3 45
5 98
5 75
7 39
7 65
4 81
9 10
6 23
3 83
6 63
5 51
10 63
10 62
6 67
2 7
2 59
5 88
6 90
4 83
9 68
4 31
5 96
3 11
5 35
8 71
9 46
7 57
9 22
10 83
6 19
2 73
6 30
9 85
9 48
2 7
9 45
9 3
6 86
1 50
3 7
7 42
10 60
8 5
5 3
3 69
5 56
4 49
6 9
5 20
8 1
6 52
8 55
2 42
2 67
9 77
7 73
9 25
3 99
8 39
9 7
6 31
2 9
4 33
4 87
7 68
10 67
8 53
8 29
3 32
4 14
9 86
4 85
4 100
3 58
1 11
1 61
3 17
8 76
4 16
6 13
1 34
9 63
10 70
2 20
5 5
7 53
6 16
4 18
9 54
7 48
6 42
8 13
3 81
3 72
7 74
4 98
2 58
8 13
9 11
8 75
5 40
4 14
10 35
7 100
8 40
10 90
5 18
10 60
2 33
1 96
7 51
8 2
7 47
10 12
6 44
9 18
2 38
5 91
9 20
5 44
3 38
6 77
9 65
5 53
2 21
5 97
2 48
5 14
7 66
2 54
5 33
1 62
2 66
5 78
7 73
5 17
8 31
2 55
4 26
2 61
1 75
4 32
1 3
3 82
1 11
9 54
6 74
2 30
1 33
8 64
9 32
5 31
1 72
6 69
4 25
9 34
1 93
7 87
1 62
9 72
3 29
6 99
6 44
8 27
5 87
9 29
6 12
10 35
6 80
9 39
4 50
9 91
2 19
1 95
2 36
5 74
10 73
4 35
10 58
3 96
2 80
2 29
8 1
2 4
3 65
7 45
7 98
6 62
9 55
4 92
2 85
2 8
10 26
3 24
10 80
1 90
2 71
8 16
6 27
8 87
2 20
9 91
1 55
10 83
3 54
6 6
8 41
10 53
2 30
9 51
4 54
4 24
4 92
8 94
4 38
10 55
9 84
4 28
10 31
9 18
7 63
10 1
2 88
1 41
7 42
5 96
4 84
2 38
4 41
