7 25
2 82
1 3
8 97
7 40
3 49
7 11
10 27
6 15
10 83
1 100
1 28
2 59
9 76
9 44
4 67
5 27
5 70
3 88
1 38
5 52
10 71
2 98
4 55
1 10
7 15
7 5
9 62
1 2
10 44
9 29
3 19
2 83
6 22
3 86
10 47
9 15
6 19
10 82
5 67
2 1
7 46
4 66
5 94
6 7
1 89
8 51
4 41
7 7
3 64
3 54
8 15
4 55
5 85
5 2
6 100
10 10
1 36
6 70
3 79
1 34
7 62
2 97
1 23
5 89
6 91
3 27
5 99
1 34
3 46
5 11
1 22
5 75
10 65
5 25
5 31
3 38
6 95
2 31
7 78
8 94
8 27
9 2
5 42
3 69
1 36
6 39
4 61
8 81
8 93
7 96
7 87
10 37
6 96
10 6
1 57
4 11
3 49
9 42
1 97
6 12
3 25
3 22
4 48
9 9
3 17
2 98
5 70
5 45
2 97
5 57
1 66
8 70
7 67
9 3
10 8
1 39
2 28
8 15
4 28
7 9
1 79
3 16
6 82
5 56
2 87
7 69
10 21
3 76
3 91
7 58
1 50
8 34
7 5
4 14
2 20
3 54
5 37
1 77
1 52
5 40
2 17
3 69
7 28
2 53
5 32
10 82
6 73
10 61
6 40
4 31
7 2
4 27
6 74
6 61
9 71
2 2
1 94
9 77
10 77
7 48
7 2
10 20
9 90
7 95
9 22
10 36
6 47
7 18
10 22
9 49
8 16
1 78
8 24
3 58
4 80
9 55
5 1
10 51
9 48
8 78
6 61
5 50
7 34
9 6
5 25
2 68
6 39
5 16
3 14
1 11
5 3
1 53
7 85
6 3
3 73
3 84
2 23
2 59
8 53
7 66
6 27
9 31
4 56
9 36
4 17
2 64
1 7
2 97
9 39
5 21
7 42
9 75
2 31
3 82
6 89
9 16
4 85
9 1
8 34
8 26
7 19
3 14
10 87
6 85
8 77
7 100
3 6
8 97
4 45
10 8
10 13
1 46
1 54
8 70
7 69
7 62
3 10
10 73
4 97
9 31
6 49
2 57
5 62
7 35
4 1
7 76
4 74
10 86
1 66
9 15
8 59
7 24
1 13
7 36
1 46
4 56
3 10
4 67
3 38
1 41
9 43
8 30
6 24
2 42
8 21
8 99
9 6
6 31
7 87
4 87
6 26
7 41
4 60
8 54
5 81
9 75
5 100
1 35
7 26
3 99
7 11
5 67
5 82
1 61
7 31
3 66
2 100
2 32
1 3
1 79
10 96
10 81
2 6
6 95
2 9
10 29
1 20
2 18
2 81
4 12
10 34
3 58
1 81
3 34
8 56
7 81
3 11
5 67
9 75
8 80
4 5
1 72
2 60
3 100
8 53
7 85
7 65
5 63
5 69
10 94
3 89
4 93
6 57
5 65
5 10
8 77
5 58
1 64
4 72
4 14
4 98
1 56
2 41
9 80
10 27
8 14
2 24
5 26
1 55
7 99
4 79
6 39
9 7
1 72
4 7
3 27
7 38
6 74
3 12
2 69
10 68
7 61
3 96
5 92
3 13
10 92
10 54
7 48
3 12
8 6
4 49
6 72
10 99
10 93
10 24
6 39
5 83
1 11
8 29
8 8
7 6
6 73
6 88
3 87
2 99
5 73
10 90
2 96
1 65
4 93
4 12
6 49
6 25
3 31
4 87
10 18
4 7
2 67
6 91
5 77
3 74
5 32
3 58
3 31
2 46
7 28
4 12
8 87
6 82
10 10
4 74
9 56
10 12
6 44
5 9
1 17
6 89
5 53
2 61
2 38
7 76
4 49
10 53
3 82
5 62
5 61
5 71
6 84
9 36
9 97
6 85
8 92
3 78
8 26
7 96
9 5
6 7
10 24
2 21
7 69
5 68
8 22
6 4
1 2
4 8
7 38
10 75
10 89
7 43
3 68
6 18
9 70
1 1
8 28
1 14
10 41
7 29
8 46
2 19
6 97
6 12
3 59
6 71
7 64
6 68
5 87
4 47
6 67
1 59
5 27
5 79
2 17
8 72
8 29
7 87
6 69
1 55
9 16
7 38
7 38
9 31
7 35
10 39
3 64
8 44
8 23
6 83
3 45
5 10
3 71
7 48
5 31
4 22
3 33
2 38
6 38
1 89
2 32
2 10
1 100
3 50
4 61
9 25
5 58
4 99
4 80
1 46
8 94
1 96
10 26
2 17
10 1
6 13
9 66
10 44
10 15
1 66
5 97
9 66
4 16
7 38
6 16
6 62
1 26
2 30
1 90
4 62
3 94
7 49
10 72
3 38
6 6
2 28
6 47
10 55
2 73
9 20
7 70
8 70
8 100
3 28
3 75
8 85
1 89
4 22
10 36
3 6
5 96
3 59
3 35
8 93
7 59
3 73
9 32
3 60
7 4
6 70
9 3
9 66
10 3
10 80
9 61
2 78
10 26
2 24
3 57
6 58
1 38
7 29
8 48
2 11
4 40
9 15
4 76
2 37
10 95
1 62
4 90
3 73
4 3
7 98
6 37
10 44
4 89
1 43
10 20
9 55
3 15
9 44
1 52
8 71
8 66
10 21
5 24
9 87
6 27
2 58
5 7
5 14
3 60
6 19
2 82
2 80
8 86
5 100
10 80
2 46
2 91
2 20
5 84
8 24
9 75
7 88
5 78
8 89
4 96
1 87
5 31
2 58
1 47
2 13
5 16
9 36
1 38
9 17
1 40
8 97
9 2
4 52
1 44
3 75
10 36
9 65
6 35
10 6
2 49
10 44
1 100
4 16
5 12
6 45
2 25
3 8
10 68
4 97
6 51
6 73
5 37
6 37
7 78
8 19
10 97
3 72
1 12
4 94
7 96
1 67
7 59
10 55
10 74
8 4
3 68
1 80
8 18
10 21
8 56
10 20
7 62
6 51
6 32
10 54
7 75
2 29
5 74
6 69
8 60
5 72
5 84
3 99
1 79
2 35
8 1
9 79
10 93
8 50
6 91
8 45
8 40
6 92
9 85
1 70
8 77
3 22
1 85
2 66
3 93
1 71
1 89
1 88
3 1
5 88
4 79
7 53
7 36
4 59
2 66
3 18
7 81
10 6
2 12
2 81
5 19
10 19
8 3
3 53
3 58
5 22
4 70
7 84
10 33
3 76
5 32
3 18
1 28
9 91
1 53
7 100
1 82
1 17
2 25
3 7
4 1
5 92
4 70
4 85
3 94
7 32
9 50
4 28
7 51
4 18
5 24
5 40
1 97
8 85
7 5
5 91
9 89
10 29
5 97
7 16
4 28
10 94
7 86
10 70
9 90
6 19
1 68
6 19
7 36
5 40
9 93
10 80
9 63
4 58
9 52
8 13
1 13
10 24
8 66
1 39
5 100
6 54
4 51
3 99
1 44
9 2
3 91
1 46
6 58
10 67
2 51
2 52
2 29
1 35
1 23
9 75
7 69
8 70
4 80
2 43
7 60
5 19
8 96
2 25
10 26
7 68
9 74
6 62
1 55
9 82
2 65
5 18
3 5
1 79
10 2
9 55
3 73
6 30
9 92
1 57
7 60
1 28
9 45
8 13
8 7
1 50
2 60
4 48
9 46
5 3
6 2
3 27
2 42
1 24
7 63
9 26
3 16
6 55
9 20
6 95
1 22
3 15
6 20
2 42
5 9
8 24
3 9
2 36
5 47
10 17
3 65
8 37
6 44
3 23
6 43
2 35
3 15
10 52
5 37
5 50
1 4
9 74
5 57
8 60
2 97
1 48
8 66
3 80
2 30
5 18
8 49
1 17
8 75
1 70
9 63
8 34
1 14
7 87
9 3
7 97
10 43
2 54
4 90
10 41
5 82
2 88
8 92
6 53
7 45
4 49
9 45
3 89
9 84
7 49
8 11
7 90
3 70
10 78
7 92
3 3
3 19
8 51
8 78
9 32
4 93
10 44
1 21
4 27
9 33
1 48
9 29
10 19
8 53
10 81
8 78
1 71
3 25
4 88
9 5
4 40
8 16
9 48
2 45
5 16
8 85
7 74
9 85
10 96
1 4
9 55
5 46
4 63
6 97
7 78
8 27
5 3
1 17
9 25
3 83
10 65
2 65
5 29
7 38
2 17
3 20
9 80
3 45
7 72
4 2
4 99
5 77
3 4
3 92
2 34
7 1
7 68
6 48
1 73
4 78
5 83
8 72
8 79
4 92
1 19
2 36
1 72
7 27
3 3
8 82
4 44
9 4
6 43
8 7
5 39
9 96
8 64
6 53
4 93
9 97
8 7
4 92
6 77
10 97
5 8
1 19
3 35
3 84
3 33
3 81
6 95
5 47
2 38
1 18
5 73
4 73
10 8
8 21
7 1
8 59
9 44
2 45
6 34
3 1
6 94
7 67
2 41
7 36
10 28
5 12
5 96
8 76
3 90
5 60
4 77
8 77
2 97
6 47
10 30
