10 5
8 86
10 69
4 54
9 77
3 67
5 92
10 18
7 40
4 93
3 21
10 71
6 17
8 40
5 81
6 9
3 18
3 74
3 85
9 40
10 84
8 10
9 27
3 19
9 16
10 35
1 84
9 56
6 38
7 3
2 13
2 76
3 65
5 75
10 35
1 9
5 59
2 99
9 16
6 29
5 60
5 16
7 97
3 26
9 28
4 43
7 36
2 42
9 67
9 85
10 2
7 14
9 39
1 14
7 96
3 76
8 85
1 76
6 35
9 38
9 65
7 47
4 57
6 50
10 4
6 16
7 54
6 66
3 6
3 80
3 18
7 51
8 87
3 7
6 95
8 80
1 15
8 87
10 85
2 6
3 100
5 16
7 44
10 78
8 68
1 43
1 66
3 68
10 66
10 45
8 39
2 79
9 68
10 75
8 34
9 92
7 3
5 77
10 11
5 78
5 95
1 9
2 53
2 52
2 22
2 19
10 79
6 100
8 58
10 56
8 80
2 68
8 77
4 96
2 40
8 61
7 34
3 53
7 66
6 22
7 27
7 55
3 86
9 87
2 58
4 72
3 69
5 59
8 78
7 7
7 18
4 68
7 37
2 99
8 25
5 4
9 69
4 75
7 76
9 99
6 24
6 29
8 32
7 97
4 22
6 24
9 49
3 99
9 19
7 23
10 3
2 86
2 80
8 54
3 53
8 45
5 44
2 90
9 66
9 94
3 20
3 2
3 26
2 41
1 26
10 30
1 60
6 58
3 27
7 24
7 15
7 45
2 50
7 87
3 61
1 45
6 42
3 61
4 53
2 63
10 28
3 42
6 18
4 34
4 100
9 45
1 87
5 54
10 86
6 44
6 73
9 3
5 22
9 78
8 8
5 45
4 26
4 73
9 84
8 22
7 49
10 6
5 11
6 61
4 76
3 61
8 89
10 67
7 94
5 87
4 53
5 22
2 40
8 6
1 91
10 28
9 71
3 45
8 14
5 50
3 11
4 95
5 9
9 70
8 88
5 10
5 36
9 99
4 98
6 65
2 77
1 26
7 58
7 24
8 25
2 40
6 41
4 16
6 2
8 60
7 73
4 26
1 56
6 91
7 72
2 86
2 69
3 4
7 26
6 90
6 79
1 24
10 8
3 58
7 71
4 33
10 97
4 35
9 89
8 96
7 2
10 70
3 24
9 16
2 75
8 99
9 20
6 41
4 14
3 84
3 20
5 20
4 52
5 65
5 44
7 56
9 68
1 7
3 21
10 72
4 65
5 51
3 89
1 69
5 65
5 18
6 70
1 13
6 86
8 56
3 64
6 39
10 6
4 71
4 41
6 40
4 76
6 10
3 54
4 21
5 54
4 64
8 100
8 54
3 99
4 8
3 73
10 62
9 75
1 81
8 19
4 5
1 84
2 85
6 33
9 72
5 73
2 11
6 19
10 9
8 82
5 82
1 100
8 77
5 9
2 97
1 3
8 83
6 80
7 66
2 61
2 48
7 6
1 77
8 62
3 7
6 93
3 33
9 81
6 12
1 66
1 15
9 18
1 70
3 98
4 63
9 91
7 38
8 57
2 20
1 98
9 11
6 62
8 49
1 74
2 70
8 80
5 59
8 47
4 17
1 28
1 35
3 53
7 70
6 2
10 51
5 18
4 6
1 59
5 54
3 98
5 24
5 93
1 22
5 75
1 57
1 56
8 42
10 30
4 51
10 96
3 70
4 50
10 20
2 66
9 32
5 38
4 85
9 50
3 42
4 25
6 9
6 20
2 81
2 51
3 94
9 25
1 45
10 87
10 60
8 68
2 59
3 44
2 54
5 71
7 97
8 42
8 19
8 49
7 34
3 99
9 34
8 31
9 4
4 92
6 31
2 21
9 56
5 47
3 51
2 32
8 66
1 80
4 97
9 39
8 71
10 43
8 88
1 36
1 4
8 85
5 25
4 97
2 49
5 12
9 84
8 77
5 13
2 18
4 27
8 30
9 90
2 82
6 72
2 66
3 16
1 31
2 81
5 40
1 12
10 22
4 28
2 86
10 98
5 69
7 30
7 78
4 37
9 44
2 85
6 54
6 23
8 26
3 80
9 42
1 48
4 78
3 68
10 38
5 10
7 63
1 46
10 3
4 47
8 78
5 9
6 32
2 79
7 37
6 54
9 19
10 61
4 47
2 31
9 59
8 99
3 76
6 18
1 48
6 13
3 35
9 45
10 76
1 63
7 28
10 70
9 62
9 72
2 17
3 42
5 19
10 71
9 79
4 4
10 79
8 89
10 36
1 40
2 82
3 16
1 95
2 5
6 1
4 19
7 61
4 25
9 32
2 9
5 100
10 85
2 58
6 60
8 92
10 52
3 74
10 48
7 91
2 11
5 22
5 56
5 94
6 3
10 84
10 49
1 40
7 96
9 83
1 63
3 99
2 78
10 32
4 57
5 8
3 95
7 59
3 29
5 85
3 25
7 80
4 7
9 46
6 55
3 16
5 89
10 54
1 97
4 28
6 97
5 36
6 46
6 50
2 4
10 45
2 31
9 100
8 95
9 54
6 31
3 26
9 26
9 16
8 82
1 13
10 70
9 58
5 40
8 36
1 32
6 82
9 72
9 96
9 86
1 93
7 83
7 26
5 10
4 70
2 37
8 65
10 55
2 47
8 80
6 61
5 94
3 45
2 1
4 36
8 70
10 26
8 56
6 2
5 29
3 15
1 41
1 94
7 13
7 49
2 7
3 93
10 4
5 54
7 2
3 80
7 25
3 98
9 54
4 62
8 72
6 3
6 71
9 57
1 50
6 88
2 20
1 44
2 91
2 27
3 86
9 80
3 6
4 32
3 88
8 24
8 85
5 31
4 83
4 22
4 76
8 87
6 100
10 78
9 64
5 90
4 42
1 32
8 53
10 1
3 95
8 3
8 94
10 95
9 68
7 94
10 37
2 74
7 27
5 2
4 38
1 55
6 82
10 71
4 34
8 8
1 99
1 3
7 42
3 69
7 27
3 55
5 3
4 93
8 41
7 54
10 77
8 33
9 13
3 15
8 90
8 1
10 3
10 15
1 29
1 43
5 60
9 97
5 53
3 61
3 25
1 21
3 93
10 76
8 92
3 42
6 71
3 53
8 80
4 9
6 7
10 97
2 70
10 78
1 79
5 22
6 56
7 42
5 31
1 97
6 51
6 29
3 75
7 83
1 82
2 19
4 21
3 98
10 2
5 21
5 10
4 95
2 37
8 26
3 37
10 75
6 73
9 20
5 73
10 52
3 56
9 62
10 5
8 26
8 19
3 26
1 64
1 84
8 97
8 18
5 29
7 18
6 27
10 47
2 97
10 67
10 83
2 55
9 37
10 58
10 91
1 44
7 39
8 66
4 20
8 36
3 97
7 43
2 53
1 46
1 99
10 40
6 15
6 88
5 84
9 53
4 96
10 1
2 45
2 96
3 54
2 81
1 91
6 41
3 2
3 61
7 92
10 16
6 31
2 58
2 10
8 43
6 46
5 87
9 8
1 42
8 74
9 41
9 70
1 13
6 43
4 4
2 42
3 50
9 4
9 24
7 83
10 41
4 42
5 87
8 15
9 85
5 97
2 32
10 59
10 42
10 15
10 47
8 3
1 7
10 86
6 8
6 36
5 19
6 12
2 41
2 39
8 52
8 46
10 25
5 76
1 97
9 84
2 65
8 10
1 62
5 36
9 97
9 75
4 95
10 12
3 93
3 98
2 56
10 62
6 18
9 75
4 1
7 64
3 32
10 47
9 15
2 87
7 39
9 46
2 43
6 5
6 7
9 2
4 32
6 65
9 33
3 54
7 50
7 35
6 38
5 34
4 19
1 50
10 57
5 7
5 75
10 92
8 83
7 33
2 69
10 18
6 24
9 23
2 41
6 26
2 85
9 95
6 61
7 51
2 97
1 36
7 66
7 84
1 41
9 1
7 42
6 86
6 1
1 93
9 37
8 41
2 39
10 31
5 58
3 56
8 85
1 65
7 32
9 67
8 49
8 93
9 35
5 41
4 2
8 77
10 74
7 56
5 13
7 28
1 13
10 33
8 30
10 48
10 42
9 46
5 74
7 1
4 81
8 82
7 9
8 53
5 65
4 2
7 19
5 80
3 86
9 11
8 92
10 90
8 15
4 20
10 18
9 42
1 23
9 34
8 39
3 6
8 22
10 32
5 25
4 34
9 66
10 2
5 79
8 32
9 20
4 3
8 35
5 90
2 37
1 17
7 88
8 65
6 76
9 57
1 59
10 62
8 52
7 42
2 11
10 21
9 16
1 24
7 94
2 71
10 68
7 38
1 100
1 65
5 39
6 78
10 53
8 88
4 69
6 30
6 32
6 8
1 23
2 50
1 96
4 20
10 76
5 70
8 91
2 82
2 51
4 35
8 74
8 13
6 48
8 99
2 70
7 32
9 2
10 66
4 99
3 33
10 20
2 85
3 36
9 68
9 45
3 43
2 80
5 27
4 73
4 32
