1 100
10 89
3 4
6 81
1 38
3 95
9 89
7 19
2 96
8 77
3 36
4 74
3 94
4 4
6 13
1 98
3 92
8 85
10 30
4 74
3 83
6 44
6 36
3 18
4 14
9 20
5 64
1 82
10 55
5 94
3 80
8 30
1 6
7 87
1 77
4 90
10 19
1 44
10 9
2 73
1 65
2 85
4 84
2 88
7 31
5 60
10 56
7 42
1 83
3 29
6 74
7 2
4 27
4 81
9 72
7 58
10 25
3 13
8 3
7 8
5 16
8 46
6 8
6 60
6 7
4 56
7 25
3 74
7 31
8 21
1 42
10 58
5 98
2 45
8 78
9 73
4 72
9 89
5 29
8 64
6 78
3 9
7 28
2 98
10 87
6 55
9 51
1 12
2 52
5 4
7 96
3 12
3 1
7 56
4 94
10 12
10 72
7 19
6 74
4 49
1 70
10 24
9 89
4 74
2 83
5 14
9 33
2 60
5 36
6 78
5 7
6 2
8 5
2 74
5 16
2 36
2 94
4 18
8 50
6 41
4 51
2 79
9 18
4 26
1 30
8 53
8 25
1 54
7 53
2 98
8 96
4 70
7 94
10 47
9 82
4 32
6 36
6 99
7 82
7 42
4 45
2 4
7 87
1 66
9 3
3 51
4 6
2 16
9 33
5 77
10 56
5 37
4 33
6 18
2 38
3 67
4 69
4 88
1 74
2 40
1 53
10 30
5 20
8 78
10 24
10 94
5 44
5 77
9 16
2 37
8 33
7 66
9 20
9 75
1 5
10 92
9 77
10 93
10 85
7 19
6 76
9 33
8 47
6 15
5 79
6 66
10 3
4 7
2 73
1 35
1 36
3 31
10 9
3 62
4 86
9 100
10 55
6 30
7 56
5 53
4 92
6 99
6 5
9 22
3 76
4 23
5 88
5 57
9 91
1 12
5 9
1 9
5 18
4 58
6 43
3 12
7 9
4 15
2 58
5 94
2 44
1 34
8 8
3 2
5 76
7 47
9 70
1 17
2 21
7 51
7 97
9 47
4 71
6 10
4 63
8 51
6 95
9 66
3 41
8 61
5 52
8 87
6 16
5 18
6 88
7 51
7 29
7 11
8 22
2 5
2 67
4 91
1 99
10 31
8 22
6 95
10 31
10 65
8 27
9 89
2 47
5 69
5 36
1 88
1 46
1 78
10 74
5 16
8 85
10 39
1 59
9 8
3 41
3 39
7 27
4 57
7 57
8 9
3 25
4 25
4 99
8 79
6 45
2 82
4 6
10 28
8 73
1 91
7 94
3 79
5 89
4 56
6 28
6 99
2 93
3 51
3 52
4 26
8 79
6 35
10 48
10 64
10 11
6 13
7 57
7 56
10 49
9 2
8 31
9 43
3 27
8 78
7 63
10 9
8 9
10 81
2 24
5 49
3 42
2 97
1 100
2 54
4 78
1 28
1 9
8 37
2 3
7 93
7 79
5 56
10 10
8 20
10 46
1 70
2 17
2 72
8 33
6 89
8 56
9 14
2 79
3 74
2 62
5 77
6 3
3 33
9 83
8 6
5 69
10 83
9 4
5 90
4 90
7 17
7 36
8 72
5 90
7 57
3 63
9 82
9 8
9 9
5 90
8 96
6 95
1 85
1 48
9 31
10 97
4 63
9 97
3 97
3 48
7 86
9 99
10 67
3 7
3 37
1 78
10 21
8 27
7 10
4 57
4 22
6 19
1 61
1 55
8 70
2 74
3 13
10 61
6 97
7 2
7 47
1 88
4 11
8 24
2 72
10 93
6 32
9 17
10 33
9 23
9 55
5 72
3 30
6 77
9 64
10 22
2 89
10 70
1 43
3 88
8 17
7 18
3 48
5 65
8 38
9 37
1 71
4 66
9 69
4 48
8 95
7 71
4 90
10 28
5 17
10 73
4 7
9 28
3 15
6 87
2 84
2 11
3 7
5 60
2 19
6 1
2 55
3 61
4 42
10 5
5 88
1 92
2 65
6 82
1 9
1 57
10 68
10 43
10 47
3 21
10 22
6 52
9 80
3 72
9 22
1 21
8 73
2 33
4 36
6 52
3 29
2 2
8 60
4 13
8 90
10 31
1 96
4 82
3 49
5 75
9 76
3 45
2 68
4 88
9 58
3 35
10 20
7 78
9 21
6 40
7 53
2 36
3 12
7 15
2 43
8 60
4 2
8 8
10 96
7 81
8 77
9 94
1 14
1 12
3 76
2 8
4 43
10 18
8 54
3 66
10 41
8 45
6 91
4 11
8 14
10 4
1 47
4 29
6 95
7 50
9 4
10 70
10 65
5 19
10 7
8 87
7 9
2 64
6 3
1 65
6 85
1 25
2 54
4 13
4 42
5 66
8 89
6 77
3 19
3 44
9 41
2 95
4 4
4 31
4 22
1 46
2 82
7 28
3 37
8 42
1 99
3 57
2 3
4 6
9 13
6 46
6 2
9 85
10 53
7 67
4 40
4 15
6 97
8 80
9 77
6 30
5 64
4 12
5 27
1 84
3 66
9 95
2 36
4 65
7 22
6 81
2 10
7 35
10 22
9 99
7 88
3 11
6 99
6 81
7 59
3 23
10 87
2 68
4 21
5 60
1 20
6 91
2 34
7 54
1 100
7 31
1 83
1 65
8 28
9 93
1 81
7 16
6 47
7 56
3 92
3 61
10 99
6 10
2 82
2 93
6 95
3 26
8 15
5 71
5 97
2 32
3 84
7 14
4 59
3 37
6 50
9 41
10 66
9 13
9 73
7 56
6 25
4 86
4 15
1 81
4 8
1 81
7 16
9 90
7 59
6 30
5 89
1 83
1 74
8 34
7 3
1 6
7 68
3 100
3 63
6 68
6 45
1 98
3 97
4 78
3 6
7 94
9 3
2 67
2 2
6 80
2 88
8 59
3 85
7 12
2 83
1 47
8 94
10 62
5 87
4 33
2 26
10 91
4 94
3 18
7 63
10 27
1 84
9 51
10 59
1 74
7 27
8 15
2 21
7 28
7 83
10 33
1 56
5 11
4 28
2 59
3 65
7 38
4 48
6 47
3 59
4 66
3 52
7 19
8 42
8 18
8 71
3 50
7 75
7 76
10 88
3 35
5 39
2 66
5 55
5 55
9 9
6 19
10 8
2 39
3 3
8 90
2 49
9 61
10 89
8 56
8 66
10 33
7 78
7 76
2 64
8 18
5 40
4 55
6 93
9 12
1 41
10 5
5 12
1 25
9 78
6 64
1 63
7 78
2 42
3 82
9 97
3 100
2 1
4 21
4 2
4 53
7 19
7 76
10 4
8 50
9 4
2 64
2 65
10 81
6 7
6 89
6 2
8 25
10 88
1 88
3 43
1 67
2 91
8 61
1 77
4 29
6 49
3 44
9 58
1 90
4 4
3 25
4 89
3 95
1 100
3 54
5 28
7 81
4 66
4 93
10 87
5 69
10 50
6 76
4 73
7 74
7 41
8 86
3 7
8 43
5 51
5 65
10 82
3 95
2 40
4 96
10 75
3 87
2 46
8 71
5 46
1 84
9 16
4 72
9 25
1 59
9 6
1 18
1 55
7 10
8 60
1 89
10 84
2 82
5 18
3 35
3 69
5 16
2 15
5 79
5 10
6 70
2 91
4 5
8 61
8 17
5 43
8 38
4 86
3 58
9 2
8 3
9 86
2 39
1 86
9 90
7 26
9 29
1 14
6 78
10 99
4 85
3 40
3 26
2 21
7 48
5 41
3 94
7 33
2 21
3 31
7 71
3 61
8 59
4 99
8 9
7 9
4 89
10 16
7 92
9 57
6 87
10 56
1 85
7 31
4 92
6 36
4 12
10 31
3 56
9 97
7 74
9 63
10 37
8 55
8 22
4 58
9 56
6 14
7 97
7 67
4 87
9 45
7 71
5 8
9 69
6 73
6 61
3 89
7 6
2 81
1 14
3 65
3 2
9 57
4 64
8 73
9 67
2 20
1 22
6 89
2 37
3 35
10 89
7 28
7 56
6 73
2 1
8 12
6 54
4 27
2 59
1 65
1 46
8 23
1 50
5 73
9 5
4 62
6 20
6 74
10 61
10 84
2 39
10 73
7 91
10 64
8 98
8 55
2 35
4 58
6 3
9 80
10 96
8 23
1 36
9 57
6 31
6 53
5 60
5 15
8 65
3 45
3 13
5 27
4 27
2 87
6 33
1 90
6 47
9 38
3 34
10 88
3 26
9 17
5 36
5 22
1 81
3 82
6 88
9 2
7 69
6 80
1 4
9 67
7 81
8 34
1 51
3 63
7 69
4 32
9 3
3 26
6 30
3 27
10 26
9 2
7 22
5 57
10 36
5 7
5 18
4 92
5 77
6 38
8 76
6 26
5 9
10 68
5 28
2 35
4 21
9 57
2 41
10 75
10 60
8 55
6 79
3 39
8 49
10 90
10 100
9 18
7 17
4 54
3 100
3 31
10 67
1 66
6 18
9 78
