3 99
2 31
9 76
5 42
8 63
5 42
1 62
10 62
4 15
5 70
9 12
3 38
8 43
2 66
2 41
1 22
3 38
9 28
6 48
3 31
6 89
5 10
8 41
2 46
4 37
4 29
5 83
9 58
10 30
8 87
2 44
3 25
8 67
3 54
6 38
6 3
4 91
9 53
1 86
2 64
8 59
6 64
5 1
9 36
3 51
8 80
8 21
4 82
2 12
1 17
1 6
3 19
1 12
8 74
6 30
10 42
2 95
10 81
9 99
1 19
2 22
2 33
4 65
9 42
8 95
3 14
4 82
7 43
6 18
7 96
9 36
9 65
7 92
7 82
6 8
9 21
8 27
5 42
6 62
8 77
4 58
7 59
2 25
4 78
1 51
2 78
4 49
6 12
9 97
5 9
10 44
6 55
2 37
9 4
10 16
6 78
5 15
2 6
7 100
8 13
4 68
5 13
3 48
7 56
6 71
6 44
8 32
7 36
1 70
8 78
8 81
10 22
4 55
9 90
8 49
7 76
2 73
10 26
8 78
10 57
7 70
10 22
4 27
10 2
9 8
1 84
2 88
10 9
4 15
8 75
10 32
8 87
6 42
10 77
5 62
6 95
10 91
10 67
10 30
3 45
3 37
7 94
8 30
10 78
2 9
7 1
7 51
6 73
3 7
10 95
8 12
2 85
4 60
5 23
4 28
6 31
1 67
2 48
5 65
3 98
1 86
5 41
9 53
6 90
2 8
2 71
5 13
3 91
7 94
3 43
10 13
9 6
6 92
4 54
2 17
10 28
8 30
6 25
9 7
10 36
8 21
3 45
7 44
1 55
8 72
6 18
10 90
8 54
10 74
6 81
7 60
9 13
6 44
7 99
2 23
4 41
6 45
9 85
1 45
10 35
7 64
5 79
4 26
10 97
6 18
8 68
9 21
3 89
10 30
2 58
10 29
8 1
8 82
8 7
9 1
3 63
1 41
8 32
5 10
6 85
5 20
7 38
3 17
10 76
6 3
1 38
9 100
4 62
4 54
9 16
4 32
3 9
1 10
9 56
9 17
8 70
4 52
5 29
7 86
7 29
9 90
7 99
3 52
8 74
9 19
8 10
6 44
5 3
4 41
4 100
7 7
4 10
6 82
8 73
6 88
3 41
9 21
2 17
3 18
5 37
1 83
2 3
3 3
3 77
7 80
5 86
1 29
7 3
8 65
5 40
8 18
8 35
3 14
7 17
4 53
6 64
5 11
1 90
2 93
9 25
5 40
2 60
7 91
8 85
9 87
6 87
1 8
9 16
7 42
9 45
6 21
3 95
7 15
3 51
9 5
1 45
5 22
9 100
2 7
2 65
4 66
6 23
5 91
6 12
6 85
4 67
8 59
4 58
4 63
5 6
7 87
2 81
10 44
5 16
4 95
7 83
2 8
6 27
4 86
9 75
2 75
8 38
8 19
10 52
2 11
10 23
6 92
2 3
5 71
1 79
8 11
5 7
4 19
6 71
8 25
3 28
7 92
9 66
2 87
6 26
4 87
10 11
6 91
7 57
3 3
2 9
9 78
7 8
7 40
10 59
5 17
7 52
4 64
6 75
2 93
7 64
5 75
5 61
1 57
9 67
3 91
1 67
1 48
8 51
7 16
8 79
7 29
8 38
7 3
6 42
6 85
7 25
8 34
4 93
5 37
1 26
9 41
7 47
8 78
4 64
1 29
7 43
4 94
2 27
6 80
5 33
8 34
2 94
8 74
1 38
4 63
7 58
4 80
4 79
4 11
7 2
7 12
4 68
6 39
5 55
8 33
5 38
4 84
5 30
6 57
9 79
1 44
4 31
4 47
6 62
3 44
4 58
8 77
9 81
1 41
2 93
10 25
4 68
10 64
5 38
1 24
2 65
2 43
6 52
8 84
2 84
3 84
4 11
6 87
8 10
1 39
6 42
6 23
7 83
6 81
8 14
10 80
8 49
4 93
8 98
6 17
5 9
10 59
10 86
8 76
9 63
2 49
6 70
10 40
7 15
10 100
6 78
8 99
2 8
9 49
7 93
5 43
7 45
6 6
8 19
3 7
3 96
9 24
2 12
9 92
2 73
8 52
6 97
6 66
9 61
5 19
5 48
2 74
6 44
3 4
2 10
2 63
9 45
2 47
6 97
1 3
10 3
6 13
1 20
7 69
3 76
7 84
5 20
10 70
7 71
10 53
9 34
5 37
9 11
2 50
5 1
10 97
4 15
6 16
7 2
9 72
8 89
3 8
9 80
2 35
8 61
8 98
6 20
10 70
7 72
8 54
6 71
7 94
9 79
2 100
9 20
7 98
1 64
10 73
3 45
7 57
9 86
5 79
1 55
2 52
6 74
8 75
9 32
4 54
5 81
3 25
2 94
9 97
8 33
9 17
4 63
2 56
1 30
2 87
2 88
4 40
9 20
5 15
4 60
2 65
2 49
1 80
10 16
6 64
10 57
6 76
3 18
4 60
5 1
1 14
5 83
8 18
4 22
6 17
8 74
5 15
4 33
3 49
1 89
2 98
5 71
1 1
3 49
6 24
1 15
9 20
10 55
2 22
7 9
9 98
8 23
6 99
6 70
3 87
4 9
4 13
7 66
10 76
2 20
5 6
9 61
2 86
1 57
1 72
5 43
2 92
8 75
5 75
7 45
10 42
2 78
1 75
3 44
6 98
10 21
4 28
6 93
1 4
3 5
8 56
10 58
9 43
1 45
3 93
9 25
6 34
9 30
2 17
7 37
6 66
3 6
5 59
2 49
2 53
9 46
4 33
4 28
4 33
2 38
9 78
6 58
3 45
10 18
10 7
8 95
1 36
3 60
3 80
1 92
1 1
3 82
1 33
4 75
3 29
9 30
4 90
9 88
3 96
8 97
2 1
3 67
8 77
8 74
10 13
6 46
4 36
5 58
10 10
10 22
6 52
2 100
1 85
5 79
2 49
9 20
1 59
5 18
1 48
5 41
3 95
2 32
7 63
3 85
5 18
5 49
3 16
2 65
1 91
4 63
2 91
9 95
4 77
7 51
6 74
10 33
10 62
7 12
6 26
7 9
3 31
2 17
4 97
2 64
9 12
8 49
7 99
1 73
8 51
4 74
9 42
4 85
6 57
5 36
3 68
3 66
10 78
5 96
6 21
10 87
2 16
5 44
5 32
6 75
6 92
4 63
9 9
6 98
1 34
1 83
4 1
8 2
7 27
4 64
5 27
7 59
5 75
10 35
6 90
8 49
7 86
9 66
10 54
2 40
7 16
4 8
1 54
1 99
3 34
1 36
4 40
2 19
6 80
4 60
9 38
2 98
6 39
7 20
7 5
7 26
1 38
8 10
2 58
2 33
3 47
9 92
5 94
1 53
8 1
3 59
7 3
3 55
2 37
2 83
6 31
9 41
4 22
7 62
8 89
7 97
10 14
5 20
7 1
6 66
5 88
1 70
10 66
3 63
9 78
4 1
6 75
2 49
3 62
5 89
7 44
1 35
1 51
9 60
2 52
2 25
8 99
5 66
3 18
6 20
10 63
9 93
9 66
10 81
3 4
7 68
8 98
3 7
5 17
1 69
6 51
10 24
7 84
1 84
7 96
9 24
4 28
6 87
7 79
5 22
7 42
8 37
7 72
10 56
3 6
4 29
1 7
6 16
9 40
1 39
4 22
3 63
2 17
1 67
6 62
1 80
10 33
6 18
3 33
6 7
4 64
6 34
3 55
1 48
6 71
4 27
3 79
10 39
6 58
8 97
8 76
1 86
2 5
5 26
2 82
7 36
5 9
3 7
10 51
7 74
4 13
7 80
10 9
2 61
5 75
4 2
9 28
4 41
1 22
3 94
3 38
4 78
3 19
9 60
2 88
1 91
4 34
8 90
1 52
10 76
9 51
4 97
5 94
2 45
6 95
7 40
9 65
2 54
2 7
6 34
9 89
4 66
8 25
7 1
8 4
5 34
3 32
4 5
4 75
1 53
10 54
8 49
4 92
3 15
1 69
6 67
5 15
10 100
4 84
9 14
9 14
2 24
8 81
6 28
6 75
9 46
10 98
2 42
2 14
1 91
10 37
7 57
2 1
10 65
1 30
4 44
4 41
5 98
3 61
6 6
5 89
4 4
2 74
10 62
9 47
3 31
8 31
9 94
6 64
2 20
4 62
3 71
1 66
8 23
5 93
3 33
7 53
8 42
7 92
2 1
9 68
8 38
7 79
6 44
1 39
4 86
3 6
1 79
8 64
4 68
1 70
4 10
4 100
6 17
6 86
8 91
8 1
7 98
10 36
8 50
3 22
9 19
8 96
10 20
1 60
6 8
4 2
9 54
7 77
5 88
10 89
3 84
2 36
10 40
7 16
9 76
5 10
10 34
8 5
10 50
6 17
10 36
8 82
4 88
2 76
3 40
1 9
1 1
8 52
7 63
2 29
8 35
5 86
7 72
3 93
1 66
7 7
8 68
10 58
10 92
4 26
2 73
