7 78
1 12
9 74
4 19
3 85
4 5
1 84
7 48
2 82
1 62
1 33
9 69
3 95
1 82
6 49
1 45
3 46
10 96
3 7
9 61
10 66
4 30
3 33
8 64
3 33
3 4
7 77
4 87
6 61
10 100
9 59
4 100
6 41
3 57
6 17
2 96
9 51
7 46
7 17
2 78
5 61
3 57
9 63
3 87
8 74
4 62
2 70
4 1
7 59
8 83
8 5
8 62
7 28
3 31
1 24
6 12
3 10
2 70
1 81
10 92
7 12
9 84
9 45
5 37
9 44
4 3
9 62
2 95
7 5
7 71
5 4
6 87
3 16
4 81
1 95
5 95
10 28
5 67
9 20
6 55
3 60
9 3
7 45
8 49
10 89
8 29
7 87
9 14
10 35
9 40
1 100
6 20
9 82
3 21
7 44
7 29
6 15
6 73
1 45
10 18
3 30
2 29
4 45
4 66
6 3
10 10
1 28
8 18
8 59
3 100
7 16
7 40
4 41
5 8
8 23
8 78
1 39
3 87
10 21
1 51
4 71
8 90
5 48
7 10
8 29
6 43
2 45
2 95
3 5
8 92
10 73
6 27
2 59
4 40
10 83
5 12
4 21
7 99
9 87
2 20
9 76
10 22
8 58
5 8
2 21
8 73
1 82
10 31
7 35
9 46
2 68
10 14
3 99
7 22
7 29
10 51
9 70
5 57
8 64
1 60
3 27
9 75
7 95
3 74
6 32
7 31
1 95
3 29
4 79
4 64
8 11
5 60
9 6
10 68
2 17
10 46
1 77
8 59
3 74
5 70
6 68
9 70
1 45
5 32
8 3
5 58
8 56
4 14
2 96
5 28
3 16
9 20
2 1
4 59
5 39
9 21
5 44
4 19
2 37
9 72
10 52
1 2
8 57
8 59
2 75
9 15
1 14
8 35
7 16
1 29
4 21
10 43
10 12
7 6
8 71
10 93
4 26
8 2
2 89
7 57
9 1
5 43
4 13
3 6
10 74
3 4
2 16
10 37
3 88
9 48
1 92
5 62
10 73
4 37
7 73
7 88
8 80
3 75
2 29
7 87
6 87
4 80
4 1
2 67
1 68
1 75
9 95
5 36
9 73
5 19
9 76
1 85
9 81
1 71
9 69
3 75
8 55
9 58
4 35
9 53
4 71
8 1
8 5
1 2
3 70
8 17
6 62
6 60
4 20
1 83
1 49
4 61
1 25
5 40
2 91
5 50
1 51
5 45
10 9
1 70
4 100
6 9
2 68
4 33
4 93
4 100
6 14
8 54
10 43
10 76
8 67
2 15
7 30
8 27
1 7
7 30
5 26
7 29
6 89
9 87
3 28
7 72
8 7
7 50
2 84
2 20
6 26
1 43
7 94
4 47
3 60
4 26
4 82
3 12
7 41
4 91
4 77
6 21
9 28
4 48
8 87
5 66
8 54
8 88
8 21
4 13
10 15
8 95
10 94
5 90
8 77
10 44
1 28
1 34
8 50
6 65
7 14
2 85
2 67
2 11
2 64
9 26
10 25
8 1
1 32
10 59
4 81
7 24
7 77
2 39
7 33
10 9
6 3
4 33
4 33
6 71
9 19
3 88
10 89
7 48
9 34
4 23
1 71
4 16
6 91
4 64
7 67
4 88
2 11
5 35
8 81
8 38
4 47
8 81
4 99
3 43
7 53
1 7
9 29
4 67
1 48
2 37
8 47
10 77
2 46
5 49
8 27
7 73
3 77
4 76
7 52
9 39
1 97
8 69
6 27
1 31
1 70
10 59
3 10
7 84
10 28
5 49
7 41
3 75
4 80
1 93
9 7
7 7
9 14
5 63
1 48
10 13
1 14
7 13
10 2
2 67
3 5
4 18
9 98
1 66
8 51
8 68
1 29
7 20
2 40
8 52
9 40
9 64
6 85
3 18
4 10
7 36
9 93
2 96
7 79
6 39
9 70
7 38
9 9
4 82
7 87
8 32
4 32
6 97
3 81
8 60
8 27
8 35
1 56
5 67
3 94
10 69
2 32
5 57
7 31
7 45
6 90
6 51
9 59
3 20
7 23
7 86
8 32
2 29
1 41
9 91
10 51
1 14
5 47
4 87
7 76
9 60
1 51
4 81
2 58
10 96
7 19
2 81
8 42
10 46
4 26
5 57
2 8
8 39
5 49
10 35
10 32
8 20
3 28
6 51
3 92
7 59
8 53
8 71
2 96
6 58
9 73
4 95
10 76
2 27
2 48
10 97
9 89
6 84
8 99
7 64
3 17
9 50
8 16
7 58
6 2
9 12
3 20
8 27
5 72
9 23
1 26
6 93
2 69
3 37
8 34
1 87
2 98
5 36
8 58
5 100
4 65
8 81
2 1
7 96
3 78
6 43
3 16
3 91
9 84
1 55
10 66
7 42
9 42
9 75
6 82
9 67
2 80
5 33
8 13
8 38
6 54
2 34
1 6
6 48
7 93
8 65
6 79
3 21
8 66
1 67
9 63
2 82
6 52
4 67
6 24
10 13
10 46
9 49
4 96
7 14
1 20
3 52
5 17
1 46
1 61
3 14
3 10
10 42
10 88
8 4
3 54
5 97
9 77
9 16
5 90
8 75
3 50
10 36
1 20
4 2
6 80
3 46
5 96
5 81
9 68
10 15
7 67
1 83
7 96
3 22
3 3
1 98
8 54
6 57
5 44
8 82
7 97
7 27
7 27
2 61
6 73
2 98
6 79
8 14
4 33
6 44
8 33
1 7
7 56
2 18
5 53
4 29
7 75
2 23
2 96
1 100
7 6
7 71
5 73
5 18
4 60
10 2
10 58
8 34
2 81
10 99
6 79
1 47
10 59
6 20
2 19
10 76
3 20
8 38
9 91
3 63
3 44
4 83
4 4
8 32
8 1
8 34
3 25
9 88
7 71
8 2
6 44
8 80
2 26
7 84
7 67
10 69
6 73
10 72
10 73
3 15
3 39
5 21
3 73
10 20
10 99
1 51
9 55
6 84
7 73
8 45
1 99
6 4
10 24
3 89
6 7
5 21
8 43
8 100
9 37
6 23
1 66
5 1
6 47
10 13
8 51
6 93
2 17
2 73
1 88
10 65
9 56
8 89
5 17
2 29
6 26
4 58
1 96
9 36
4 98
8 25
6 63
6 55
2 22
4 30
2 41
1 53
1 73
7 15
5 54
9 78
3 52
3 20
4 34
4 69
4 47
1 14
9 30
10 56
8 35
2 69
9 92
1 16
1 34
2 71
2 94
1 39
1 43
3 57
1 79
4 88
9 37
8 38
9 2
9 79
8 6
5 57
8 100
4 40
2 7
9 58
6 23
3 85
1 95
2 85
8 95
3 17
1 21
5 7
4 63
5 61
7 4
8 94
10 34
6 39
7 75
9 18
3 64
10 60
10 96
10 16
10 27
10 91
7 44
8 24
4 88
9 50
10 44
5 44
1 57
2 33
2 92
5 21
5 30
2 64
9 78
10 62
3 95
6 15
5 24
5 30
7 37
4 41
4 4
4 60
2 30
1 59
7 89
5 26
8 99
5 8
8 93
9 32
9 37
7 17
10 62
9 27
1 71
6 3
4 31
8 60
7 56
3 13
9 21
7 57
8 31
9 77
10 16
9 88
4 96
1 96
6 18
2 33
4 77
7 96
3 28
6 70
6 3
7 71
7 70
9 18
5 60
10 67
5 73
3 44
4 37
9 17
6 44
9 26
2 35
4 47
2 53
4 81
1 4
4 84
1 78
4 45
4 97
6 5
4 46
1 79
1 74
2 31
6 27
9 64
4 50
2 34
8 64
8 33
2 22
2 29
5 78
5 23
7 75
10 24
3 1
5 89
5 74
6 23
9 77
5 46
2 46
9 86
8 59
5 38
1 78
4 5
2 34
4 82
5 84
3 51
9 100
10 10
8 50
8 9
1 45
8 1
5 53
8 30
9 92
1 52
4 19
8 89
5 54
3 96
8 80
7 60
1 80
10 27
2 13
7 17
1 74
3 67
9 46
3 92
10 88
6 24
4 41
6 57
9 66
5 88
3 94
10 76
2 61
4 86
2 100
1 30
10 74
2 45
9 82
5 32
7 43
3 57
3 37
10 41
4 74
8 6
2 14
2 6
1 31
8 73
1 98
9 97
9 39
9 56
7 79
7 60
7 61
8 74
8 10
2 8
5 22
10 82
10 12
3 76
5 58
4 39
3 11
1 13
9 98
3 47
6 48
5 50
2 78
7 21
7 40
2 95
4 46
1 93
8 46
3 67
5 74
5 4
1 20
7 19
1 83
5 66
5 70
9 66
1 29
6 6
4 52
7 33
10 13
7 61
10 53
3 38
4 90
2 16
5 76
9 15
8 98
7 57
4 76
4 34
4 8
1 27
10 86
6 51
3 29
4 24
7 87
7 90
9 32
1 52
2 56
9 100
7 7
7 84
9 67
3 92
8 97
2 61
7 29
10 13
4 56
6 1
8 67
4 51
