2 57
8 41
3 56
9 31
8 6
7 24
10 49
4 13
6 64
10 95
2 82
6 25
7 15
5 87
1 32
4 57
10 71
8 33
3 49
2 14
8 53
10 74
5 23
10 10
9 73
3 1
6 77
6 16
1 92
6 18
5 39
1 49
2 85
7 87
3 89
7 66
3 90
5 55
10 4
6 18
10 37
4 81
7 86
2 7
2 9
3 95
5 97
9 86
7 88
1 37
5 88
1 8
9 60
6 89
7 43
8 37
8 77
9 18
1 1
4 57
1 38
9 35
7 25
6 55
5 100
9 83
9 83
2 20
5 77
1 99
5 17
4 50
2 99
2 9
8 8
5 23
3 63
3 1
1 99
8 49
1 98
10 99
5 85
10 69
9 59
3 89
7 92
3 78
9 100
6 76
8 38
6 73
1 16
9 8
6 80
5 36
1 31
4 50
9 22
5 16
2 72
7 80
7 52
8 25
10 75
7 5
3 48
1 58
4 65
5 42
3 99
7 35
2 54
7 49
1 23
8 25
2 26
5 58
4 59
7 34
4 98
7 74
7 92
1 99
9 1
8 2
4 92
8 7
7 86
8 71
1 3
10 3
6 42
5 45
5 88
3 38
6 48
7 17
8 90
8 12
5 6
3 21
2 80
7 64
7 43
9 32
7 27
8 51
3 4
9 48
8 16
9 48
1 21
10 97
2 13
2 64
8 82
6 41
3 14
3 73
10 48
8 92
7 74
10 37
2 96
10 91
6 13
9 69
8 44
2 38
2 77
4 48
1 19
1 32
8 15
7 95
2 31
4 47
4 88
4 88
1 66
3 50
9 79
9 89
7 2
1 37
5 19
5 56
8 47
5 68
5 6
9 66
4 26
4 89
6 74
2 97
4 25
10 97
3 21
10 28
9 76
8 20
7 46
6 23
8 95
2 23
9 68
9 97
5 22
2 95
2 84
8 44
7 83
7 49
7 91
3 29
2 60
1 37
1 30
9 2
3 99
2 44
10 32
8 93
6 27
10 48
4 40
6 48
4 54
1 24
7 66
6 69
3 15
2 46
3 20
10 68
10 35
8 52
10 70
9 74
4 2
9 80
9 8
9 78
4 8
8 68
4 17
10 43
4 17
9 37
9 79
7 59
2 23
9 89
1 59
4 3
9 37
10 99
1 60
9 81
8 99
2 80
10 96
7 16
10 42
4 54
8 12
8 93
4 95
3 68
7 26
9 57
1 40
7 85
3 23
3 83
3 72
7 44
1 48
2 64
8 30
5 39
4 14
9 66
2 86
2 78
2 44
9 8
9 13
4 26
2 21
6 1
6 56
3 33
5 36
6 70
5 5
8 89
6 54
1 83
8 10
7 54
2 48
3 19
1 35
4 63
10 15
2 42
10 89
6 1
10 17
5 16
4 66
3 33
8 31
6 64
5 18
8 32
9 98
9 15
8 46
5 34
9 32
4 92
9 76
4 61
9 90
3 27
2 39
10 57
10 13
5 93
8 69
2 20
5 75
4 35
10 33
1 25
3 25
4 88
4 76
3 94
2 32
1 70
6 30
5 75
6 57
5 77
10 36
5 34
2 50
7 37
6 66
1 71
10 92
4 22
10 27
1 87
10 94
4 87
1 61
2 86
10 2
4 9
2 64
1 71
5 8
10 18
2 83
2 56
4 24
6 85
2 92
8 20
7 68
8 34
10 6
6 59
10 5
10 44
2 55
3 81
4 92
1 45
3 33
2 24
9 99
4 46
4 3
8 61
1 95
4 37
3 98
7 76
10 24
2 19
10 78
2 38
2 42
9 4
4 8
9 84
2 17
10 100
5 23
8 27
3 70
2 14
8 49
1 2
5 34
3 86
5 93
6 97
3 59
7 48
10 32
9 70
8 30
3 32
3 97
6 100
7 41
1 29
6 67
1 66
5 57
1 1
8 84
7 62
6 71
7 21
1 65
1 12
1 51
4 38
5 46
6 50
8 73
10 76
3 20
10 95
5 29
7 63
4 90
10 93
9 8
4 26
5 27
6 93
2 80
10 81
8 56
1 64
3 82
3 9
9 28
6 73
7 58
6 17
7 29
7 51
1 96
10 40
3 50
2 73
6 87
9 59
7 100
10 98
10 38
10 96
5 95
7 20
6 33
8 6
10 56
4 58
3 11
6 34
2 22
5 60
3 71
9 89
9 6
5 68
10 16
4 95
3 32
9 28
4 46
10 27
8 26
8 84
5 20
3 21
4 78
6 35
10 33
4 54
8 18
8 14
4 81
10 40
2 21
5 14
6 4
4 60
8 56
8 100
7 71
7 9
1 100
4 68
1 15
9 84
8 40
3 72
2 31
5 87
3 60
2 84
3 19
8 16
2 15
10 2
1 65
9 53
2 10
5 17
2 1
3 36
10 68
5 43
10 90
5 90
5 3
4 76
1 71
6 88
8 77
8 10
5 41
9 98
2 69
5 89
3 94
3 65
4 33
5 34
6 84
4 86
3 36
5 97
3 57
10 16
1 59
3 88
3 87
5 100
8 26
8 88
8 54
10 84
8 13
7 5
10 88
5 90
4 40
4 95
10 65
2 87
8 5
7 77
3 48
6 95
8 63
7 42
7 97
2 21
5 82
5 64
7 47
9 64
7 47
9 82
8 78
3 18
6 59
2 68
1 95
9 34
7 5
1 99
6 32
5 71
3 86
10 91
8 15
2 13
3 29
6 83
3 8
3 17
4 1
5 20
5 57
4 85
1 8
4 68
1 31
7 87
9 11
5 50
1 76
10 61
7 78
5 36
5 56
3 75
1 55
5 31
4 65
6 50
2 79
2 55
2 49
7 17
8 66
2 26
5 72
1 27
4 78
10 79
2 9
8 41
10 60
4 92
10 60
8 19
5 12
8 22
7 34
10 32
9 27
7 2
9 78
9 76
9 57
5 23
3 3
2 75
5 18
6 4
6 41
6 72
2 2
6 76
10 23
1 1
4 74
6 69
1 23
4 27
1 38
2 64
9 79
2 32
6 63
10 77
10 8
5 19
3 48
8 29
7 47
2 56
5 55
6 33
4 53
9 50
5 67
2 54
2 60
3 81
10 37
4 89
5 30
7 6
9 12
4 93
8 98
3 48
3 86
6 14
8 12
4 82
3 42
8 29
9 59
9 42
9 6
7 70
7 46
1 34
5 20
8 45
3 69
6 98
9 75
6 90
1 39
2 74
2 16
3 10
1 11
4 22
8 23
8 14
2 20
10 50
4 29
4 35
7 59
5 49
4 45
4 62
6 50
8 100
10 58
8 19
4 53
1 70
5 32
9 52
5 53
7 79
9 28
4 41
2 97
4 47
3 70
9 15
9 78
2 49
9 74
2 54
1 99
9 10
7 77
10 53
2 9
7 36
7 51
8 46
7 26
2 78
8 4
3 44
5 50
1 92
6 1
5 34
10 36
10 17
2 34
5 95
8 3
7 95
7 43
2 38
1 7
5 34
1 93
2 85
4 30
6 70
1 11
10 59
9 57
1 60
9 19
3 99
5 39
8 14
5 64
2 49
6 91
10 96
3 11
9 70
8 87
7 7
6 68
9 33
6 61
10 34
3 59
6 58
5 81
1 33
10 57
8 11
6 62
6 24
9 39
3 11
9 28
4 51
4 19
2 57
2 1
7 25
7 36
10 3
6 54
4 17
8 68
5 93
7 37
5 34
8 69
2 76
1 18
10 33
2 74
6 21
3 87
2 39
8 41
7 22
1 82
3 82
8 44
1 65
4 79
10 73
8 41
6 98
5 8
6 5
7 24
1 91
2 90
3 92
7 73
1 75
2 64
1 20
8 68
6 89
8 100
1 26
10 15
4 60
9 3
2 1
2 52
10 78
7 63
6 45
5 73
6 6
6 36
8 78
7 66
3 44
9 57
4 40
10 19
5 22
2 82
6 75
4 23
7 94
8 97
6 50
1 14
7 100
1 14
3 25
9 24
7 22
5 22
3 61
9 40
9 32
6 9
1 60
2 26
10 63
2 41
10 3
10 22
2 31
3 80
3 1
1 63
4 44
9 65
10 38
5 36
6 10
1 57
6 95
2 35
10 54
3 34
3 3
5 6
9 65
7 87
4 5
5 55
10 76
2 25
3 50
3 93
5 36
10 57
2 53
8 83
4 73
8 20
9 7
1 74
2 61
5 25
5 66
2 96
5 48
2 7
9 7
6 41
8 95
7 73
9 2
9 2
8 74
5 100
6 10
6 45
4 51
6 97
2 7
5 74
10 18
6 41
9 50
9 34
5 33
3 94
5 77
3 16
10 28
2 41
7 61
9 65
8 39
8 44
3 97
5 97
8 52
9 66
10 38
5 85
9 24
6 4
3 59
2 17
5 19
3 44
8 40
2 45
8 78
2 5
7 76
1 17
5 93
3 23
2 96
9 54
4 87
1 73
2 80
6 29
1 95
1 64
4 2
4 73
7 6
2 8
3 88
6 98
9 94
9 15
5 84
8 50
5 78
4 68
6 3
