8 28
2 85
7 17
3 9
8 71
9 16
4 2
5 40
7 59
7 34
6 6
7 43
5 62
7 44
4 54
7 21
3 7
3 70
10 17
6 54
3 2
2 82
9 37
3 71
6 16
3 8
5 35
3 90
10 34
9 45
7 61
1 36
2 38
10 14
5 15
6 57
7 3
1 60
9 81
8 56
1 28
1 3
2 61
2 82
4 37
7 97
9 26
10 45
7 83
10 41
4 89
10 74
1 70
7 62
2 33
7 16
6 18
2 43
6 16
9 49
8 85
7 58
2 62
10 22
9 92
5 79
10 55
7 80
6 51
5 48
5 65
2 75
10 96
9 100
1 57
7 31
6 44
3 42
6 32
7 35
7 39
2 85
9 20
9 44
1 94
5 30
6 94
10 57
9 88
6 99
10 51
5 82
3 43
4 52
4 73
5 46
6 78
9 65
2 40
1 26
7 70
9 49
6 7
2 69
2 47
3 47
6 70
3 24
1 6
1 60
8 16
8 5
5 70
8 45
3 16
7 85
5 81
10 36
3 77
8 52
8 49
3 75
5 43
1 57
9 97
6 30
9 25
6 36
7 67
4 52
9 87
7 22
10 41
9 26
1 99
3 9
1 34
6 45
4 42
8 38
9 56
3 39
1 53
4 1
7 13
4 38
4 97
7 61
5 16
10 81
2 93
6 61
2 38
10 64
7 89
7 95
7 23
1 45
4 83
3 2
7 92
6 71
7 83
7 37
7 56
5 64
6 84
7 64
9 49
6 85
4 22
9 60
6 57
3 42
2 72
6 75
8 88
2 11
3 69
9 15
8 98
10 84
9 60
8 17
3 23
1 90
1 49
4 4
7 64
5 33
9 3
3 73
8 65
5 7
10 41
5 6
7 74
8 39
7 79
4 38
1 68
5 25
6 65
4 84
1 7
1 70
1 44
6 24
2 2
9 22
2 22
5 83
6 20
4 31
8 91
10 52
2 27
6 16
3 70
2 83
3 5
3 69
9 88
7 36
10 61
4 35
3 73
9 26
4 52
4 66
8 40
4 30
1 50
7 29
6 49
1 15
6 43
8 46
3 22
3 88
1 24
1 88
5 20
6 19
5 82
6 50
8 17
4 26
3 3
6 67
3 97
3 29
1 18
5 77
2 31
9 1
9 21
3 80
2 22
10 97
6 65
10 54
2 70
9 8
7 59
9 62
8 95
6 36
4 76
8 19
6 50
8 6
4 62
6 60
10 36
4 65
8 87
9 10
1 100
10 46
9 90
3 55
1 6
3 10
1 6
5 63
9 87
1 97
7 20
4 42
4 17
5 38
2 62
10 19
1 14
8 42
6 85
3 12
6 10
5 80
7 60
9 57
8 39
4 4
8 59
3 100
1 66
7 1
7 88
5 51
7 25
7 20
4 66
5 83
5 52
6 49
7 42
4 45
3 89
7 83
5 79
2 80
9 22
6 74
6 15
10 20
7 88
9 50
10 37
1 55
7 83
3 38
8 63
2 31
5 94
6 67
1 44
6 12
3 77
5 61
10 60
8 57
8 51
5 38
2 76
8 40
4 23
7 75
4 69
5 63
3 5
2 16
7 18
5 11
10 68
7 57
10 95
6 98
5 95
10 52
7 54
10 50
3 57
2 44
8 99
3 42
1 67
2 49
2 56
1 62
6 62
4 83
3 65
2 79
6 67
8 62
5 59
8 25
10 9
10 36
7 28
4 95
4 66
3 24
5 92
5 15
8 36
9 78
2 99
10 32
7 75
1 54
1 50
10 86
4 90
10 60
10 81
10 70
3 53
9 34
2 72
10 24
10 1
5 63
6 100
4 62
10 68
9 28
7 49
4 35
9 84
3 7
9 19
6 19
2 9
2 10
8 10
6 59
8 1
8 30
4 55
9 3
3 70
4 66
6 18
5 98
4 59
6 30
3 32
7 74
5 80
9 2
5 56
3 82
10 89
4 38
9 44
4 9
2 100
6 13
5 34
6 98
4 5
5 49
8 65
4 71
7 78
5 47
4 11
1 84
2 96
8 32
5 70
3 31
7 70
8 60
7 49
7 35
3 99
4 7
9 54
6 23
9 26
5 24
6 55
7 97
4 39
5 40
3 27
2 29
8 92
9 13
5 27
10 33
1 59
2 37
9 47
2 36
1 84
1 2
5 100
4 98
6 81
3 17
9 49
2 11
5 63
7 25
6 96
2 5
10 72
5 71
2 20
10 24
7 21
9 13
2 78
6 77
2 70
9 28
10 41
4 65
9 83
8 76
3 52
5 25
4 95
2 76
8 36
10 14
5 92
4 68
5 45
9 40
2 31
2 85
10 92
2 68
7 71
4 89
1 87
9 23
2 39
6 73
2 13
9 14
10 54
1 76
2 69
2 33
2 36
4 59
10 60
4 83
1 87
5 65
1 85
1 98
1 92
7 82
6 62
6 100
8 49
10 57
2 90
9 2
6 31
7 11
3 70
4 33
10 100
5 99
9 5
8 26
9 7
8 98
6 46
7 77
10 48
3 98
10 7
6 70
2 94
6 37
6 2
3 16
8 89
1 65
6 21
2 63
10 19
8 6
9 62
8 67
8 49
9 100
5 86
4 6
6 41
2 32
2 95
6 60
6 66
10 24
10 23
1 89
4 9
1 66
5 35
6 56
1 40
1 31
2 57
2 8
9 7
3 73
6 75
9 31
6 80
4 15
6 89
4 29
10 76
5 37
7 35
1 75
7 81
2 18
8 69
10 14
7 8
4 24
1 45
10 26
7 22
7 8
6 13
7 25
6 1
7 24
3 23
9 40
2 25
6 26
4 90
10 6
7 37
1 100
4 84
2 46
5 81
5 44
1 44
10 59
3 26
10 62
4 51
9 79
2 76
7 59
9 68
3 22
1 13
6 58
10 74
1 90
6 100
8 42
1 54
7 30
1 94
4 33
6 43
6 61
9 72
10 68
8 23
10 61
4 16
5 5
4 89
5 18
2 63
6 31
7 3
10 18
7 19
9 95
8 91
4 12
3 28
2 34
4 63
5 99
10 11
4 67
3 86
10 50
1 15
6 7
9 23
7 91
9 37
2 72
7 22
9 98
10 85
7 37
2 92
6 5
5 25
5 34
1 25
8 98
3 32
4 14
6 18
6 2
1 40
4 97
2 34
6 70
2 61
9 20
6 62
8 57
3 47
6 66
3 70
3 83
2 88
1 3
5 71
3 21
5 29
2 54
10 53
7 48
5 92
6 92
5 32
1 69
5 88
7 32
1 57
5 83
4 29
4 62
1 80
4 58
7 15
2 91
2 61
9 12
7 88
10 40
3 36
7 60
4 21
4 44
10 82
2 76
1 23
7 25
7 83
7 88
3 67
6 11
7 36
6 66
10 44
9 82
3 28
3 22
6 69
10 30
8 69
6 45
4 41
1 86
8 22
2 91
9 32
7 11
2 23
10 82
4 81
10 36
9 66
8 19
9 28
1 13
8 74
1 94
5 99
2 21
1 47
2 19
5 87
2 74
2 19
10 53
2 65
6 50
10 4
4 47
2 91
8 14
3 28
7 67
5 30
6 12
2 3
5 53
3 19
10 77
10 22
9 78
4 24
7 57
1 67
7 82
4 53
6 20
4 41
9 36
10 25
9 41
10 70
7 11
7 32
7 40
9 65
5 13
5 81
5 9
5 15
9 57
1 19
1 76
1 19
1 90
3 9
1 73
5 20
1 35
8 91
7 39
9 99
2 94
5 4
10 74
1 52
9 7
2 36
1 82
6 76
7 27
6 13
6 63
2 85
8 64
10 31
7 29
9 70
7 81
7 50
4 83
4 2
6 4
4 44
3 74
2 74
4 25
2 53
3 20
7 37
4 70
4 9
9 11
1 45
10 74
1 34
5 49
7 21
2 8
7 88
4 63
2 42
5 47
6 50
3 20
9 40
9 5
8 80
6 68
8 59
1 50
10 56
4 95
5 64
9 7
4 43
10 45
7 80
10 77
8 3
9 70
8 53
9 61
5 96
3 41
2 58
7 24
5 77
5 2
9 13
10 73
7 26
10 82
8 52
5 44
4 1
5 63
7 66
9 50
3 46
10 30
8 20
1 20
4 20
1 46
6 34
10 51
8 44
9 44
5 94
8 78
4 90
5 2
2 69
2 1
3 17
6 30
5 35
3 86
3 30
1 74
5 69
7 79
10 81
7 24
2 21
8 53
6 49
8 97
8 16
4 13
6 34
5 94
10 25
7 2
4 74
5 24
8 80
7 31
9 98
8 29
8 11
8 95
2 32
8 82
2 81
7 26
6 80
8 74
10 55
2 84
9 36
10 17
10 4
4 82
2 94
1 68
3 67
8 14
6 35
4 73
1 41
8 24
1 3
5 53
8 97
4 45
7 37
7 100
5 1
1 20
9 34
3 81
8 12
10 77
8 62
1 79
8 60
1 19
7 88
5 48
7 35
7 75
1 93
2 67
2 100
7 58
4 49
10 71
3 28
1 37
10 19
3 4
