4 61
6 71
8 79
10 9
3 59
9 75
3 61
3 63
2 74
10 77
1 72
9 72
9 93
6 98
9 75
3 35
4 42
9 25
1 69
6 93
5 99
2 18
10 86
3 48
9 3
4 51
7 90
8 25
1 31
4 54
1 14
7 35
6 71
7 11
2 91
3 83
2 72
7 100
2 40
9 48
9 82
3 45
2 65
8 65
6 69
6 48
1 36
9 40
3 38
10 36
3 69
1 23
10 72
7 27
4 11
8 82
10 96
3 25
4 45
3 74
3 47
10 52
7 32
3 85
5 5
2 59
6 54
8 52
2 26
3 70
1 57
10 63
1 18
2 26
3 19
4 33
1 54
7 50
3 66
8 34
9 89
9 54
1 98
9 43
8 17
1 16
6 85
2 2
5 78
1 60
1 67
5 61
3 36
7 91
3 19
8 69
10 74
10 61
10 73
1 80
7 75
5 63
5 88
1 69
1 13
1 59
3 96
4 60
10 94
4 29
8 30
10 8
6 96
2 62
1 80
10 38
1 10
6 99
10 16
1 93
2 75
4 96
6 38
9 62
3 99
4 86
7 56
7 24
6 11
7 34
2 51
7 90
5 23
7 94
3 17
9 85
3 32
8 69
5 94
7 97
5 13
9 69
2 88
7 84
4 35
3 86
9 33
3 88
9 3
10 18
5 93
7 31
1 15
9 52
3 55
10 23
5 99
3 34
10 83
6 45
2 8
1 13
10 42
10 43
10 96
7 89
7 3
8 56
10 54
8 100
2 81
2 32
2 36
4 97
4 48
7 63
7 81
10 35
1 63
6 92
4 71
10 61
9 52
6 76
8 40
10 89
10 97
3 42
4 14
2 27
6 35
9 13
10 48
7 8
4 91
8 79
8 56
2 97
10 34
3 10
2 44
7 51
1 78
4 87
4 39
9 66
7 57
6 76
4 23
9 20
5 74
1 87
3 66
2 1
4 37
3 71
4 4
1 38
10 1
4 47
10 12
1 60
9 5
3 80
10 28
9 59
9 73
7 25
8 51
10 90
3 12
5 86
9 70
10 39
1 33
8 95
7 42
8 16
2 76
8 60
9 13
9 10
6 47
7 41
8 42
8 74
9 83
7 40
1 71
1 28
1 47
10 79
5 43
9 26
10 60
4 21
10 59
3 28
9 93
9 26
8 62
1 95
9 15
5 81
9 35
5 63
4 73
2 83
7 92
6 26
9 96
6 31
4 2
2 41
5 18
7 97
1 85
9 39
3 59
5 21
9 86
10 55
9 10
7 74
10 24
1 5
9 34
2 45
2 18
3 29
4 7
7 14
3 65
8 28
6 27
10 91
8 32
3 96
10 95
2 77
5 25
3 53
2 90
4 28
3 63
5 32
3 31
3 96
10 7
2 54
10 24
1 39
3 49
10 70
1 23
2 24
4 66
4 24
8 4
7 64
2 17
3 34
3 46
7 52
7 12
7 39
1 73
1 87
9 93
5 62
6 15
1 98
3 27
6 65
1 53
4 80
9 64
8 76
10 41
5 1
8 58
3 40
4 43
8 17
9 8
5 30
7 53
1 40
1 35
5 76
5 29
9 89
5 31
10 44
6 11
9 52
7 14
6 26
7 17
4 38
4 17
10 8
10 60
5 5
9 19
5 89
8 27
9 2
8 96
3 36
5 92
1 25
9 87
10 43
9 68
6 17
3 58
5 63
9 37
2 83
8 92
4 56
6 39
3 24
9 5
2 59
7 73
2 44
8 99
9 61
4 23
7 47
3 1
3 15
10 3
10 7
1 88
3 34
9 70
5 99
6 40
4 1
4 54
4 100
1 41
3 19
8 82
8 24
5 11
3 84
5 39
3 52
4 92
6 57
1 43
3 83
4 39
1 78
8 97
2 94
3 20
4 74
1 30
3 63
4 92
8 82
4 88
6 40
1 12
1 63
5 98
6 47
2 63
7 63
1 65
5 73
3 90
3 64
4 50
6 77
1 25
7 50
5 54
4 96
5 96
9 19
7 56
7 100
1 76
5 42
7 11
3 62
8 89
4 94
3 86
10 38
2 40
7 71
8 18
7 39
1 52
6 33
2 44
8 97
6 54
9 97
1 93
6 93
7 51
5 45
3 95
7 61
4 34
3 36
1 91
4 74
2 40
4 65
5 31
4 88
2 69
9 63
2 50
5 62
3 6
1 28
1 5
10 7
9 70
10 55
7 78
2 5
10 51
2 96
6 16
8 2
6 53
6 64
10 7
1 96
3 99
7 79
7 18
2 72
4 66
10 80
8 6
7 88
4 75
9 72
4 95
4 70
7 37
5 36
8 19
2 63
2 14
9 18
2 17
9 31
3 25
8 53
1 39
9 50
5 67
5 63
6 21
8 38
4 59
6 64
8 19
3 57
9 3
7 57
7 3
8 33
7 98
1 71
5 58
1 15
10 14
8 16
2 25
7 51
6 57
1 98
10 46
1 44
3 22
9 85
6 2
1 94
6 99
10 99
2 46
10 25
7 33
3 87
10 12
6 4
8 85
3 60
2 21
10 49
5 75
4 92
1 10
1 33
8 38
4 20
1 68
2 78
2 36
1 92
8 53
7 90
6 49
6 65
8 14
6 75
6 17
7 24
4 73
1 75
10 60
2 34
1 15
2 11
6 64
2 39
6 41
2 77
3 86
4 69
7 52
10 79
8 66
10 68
9 98
9 71
7 61
9 33
10 95
3 99
2 27
4 21
10 59
8 84
7 40
4 8
3 64
7 77
6 12
9 24
7 22
1 67
10 9
4 77
2 85
9 55
9 49
2 76
10 11
2 29
7 99
1 98
1 20
7 64
8 49
9 16
5 11
8 13
6 72
6 2
1 76
4 35
6 44
8 38
1 10
5 21
1 27
9 28
3 28
3 45
7 47
5 77
9 85
7 25
3 26
9 29
5 89
5 94
2 35
2 42
8 71
7 51
8 40
10 64
6 87
10 44
3 95
1 25
4 58
6 12
5 11
6 48
6 23
1 13
6 30
1 48
7 78
6 93
2 6
7 48
2 17
2 24
5 97
9 74
7 65
4 18
7 59
3 61
6 86
6 64
4 84
4 52
5 92
9 63
1 65
3 59
2 10
7 34
2 69
5 67
10 35
2 51
10 33
4 91
4 95
9 42
2 15
5 11
4 49
5 63
2 24
8 65
10 84
4 62
5 55
4 8
2 22
8 34
1 31
2 58
3 62
1 48
1 89
2 31
9 79
5 51
9 45
4 38
10 12
2 63
3 39
5 65
5 78
2 28
8 3
6 23
3 9
4 78
3 43
9 86
8 69
5 11
2 30
1 15
8 20
1 10
5 21
6 18
9 18
1 24
4 27
6 28
5 18
2 15
7 9
5 11
2 72
7 49
4 8
8 14
7 95
6 51
4 92
9 40
10 98
4 23
1 1
6 39
2 45
10 92
1 11
1 2
5 78
10 83
4 87
10 5
9 62
1 45
5 42
9 37
3 75
1 25
4 54
3 63
4 17
5 36
4 97
1 51
5 42
2 61
2 83
3 75
1 80
8 61
1 77
10 19
8 76
7 14
5 22
5 4
4 30
7 33
2 11
7 99
4 77
4 41
9 72
1 52
2 53
9 50
1 95
8 5
8 57
8 29
5 13
2 26
10 89
10 53
4 25
6 8
10 62
5 13
5 70
8 40
2 6
8 26
10 34
10 99
5 19
6 62
7 75
3 93
2 13
7 12
5 95
3 52
3 98
3 53
9 49
7 35
8 27
7 18
10 47
3 29
1 57
9 31
2 40
9 97
4 42
5 15
2 28
4 86
7 76
5 42
10 5
9 14
9 34
6 53
2 18
9 28
5 76
1 14
9 7
2 35
2 41
7 30
6 94
7 78
6 28
5 72
1 85
4 11
5 94
3 93
6 3
2 46
5 87
10 24
3 82
10 26
8 18
7 33
6 11
2 76
4 99
2 39
8 3
1 16
6 24
4 35
5 10
7 49
2 15
8 48
1 67
3 98
6 35
7 3
3 61
10 72
1 20
5 34
4 69
6 48
4 46
10 55
3 3
3 92
4 95
5 75
4 88
6 99
10 47
2 25
2 58
4 75
6 4
10 58
8 9
5 55
7 19
5 84
5 97
2 47
7 23
7 13
9 15
6 73
6 55
5 50
10 59
8 7
9 90
1 26
5 89
5 58
3 76
2 91
8 34
4 90
5 44
5 85
7 1
7 80
2 5
3 55
4 72
2 18
5 59
1 20
7 54
4 91
6 92
8 51
7 80
10 81
5 53
3 92
9 98
6 13
4 4
4 12
5 37
9 35
10 93
1 6
2 84
7 56
7 4
1 49
4 17
4 45
7 34
4 2
7 14
5 46
2 81
6 61
5 54
10 10
7 75
1 64
3 91
8 19
9 7
3 53
9 67
4 53
6 100
1 14
8 53
6 33
9 7
3 49
7 87
5 15
2 6
2 87
2 87
1 74
10 17
1 42
5 35
1 64
7 75
6 49
