8 85
1 49
8 40
1 12
10 94
3 61
5 76
7 14
4 20
7 100
6 9
7 44
10 73
8 23
8 52
4 76
3 15
9 58
7 79
1 37
4 97
3 83
7 47
7 16
4 61
4 69
10 33
1 79
6 48
5 60
6 67
8 28
9 11
6 29
3 21
1 47
5 37
5 68
2 26
1 97
2 72
2 36
7 74
2 6
1 87
9 22
1 12
4 43
2 95
10 44
6 83
8 72
3 20
1 1
9 18
6 21
10 98
6 95
1 17
6 64
8 50
6 76
2 51
6 4
7 56
6 58
1 12
9 57
1 20
3 3
2 82
3 23
3 63
9 28
7 77
2 6
8 57
5 47
1 53
5 41
5 81
1 54
6 8
8 93
2 2
8 73
2 26
10 48
5 87
1 98
9 19
1 92
5 7
6 68
7 21
3 43
5 8
7 26
10 72
3 10
3 70
7 19
2 67
1 84
9 49
6 81
7 2
9 45
2 10
1 36
3 3
10 41
8 56
2 34
7 47
8 73
3 40
10 21
6 12
1 98
5 79
2 2
4 62
8 10
1 24
3 41
3 44
2 92
4 29
1 44
2 54
7 33
3 52
7 31
10 10
9 83
4 51
6 35
2 76
7 19
8 83
7 81
1 7
5 88
5 6
5 94
7 68
10 99
8 18
4 2
10 36
7 35
9 47
7 30
8 39
7 64
6 25
3 31
9 5
9 13
8 48
6 22
2 89
2 75
10 98
8 48
4 90
8 41
7 33
9 34
5 92
2 28
3 59
5 95
5 41
6 74
10 80
10 6
7 50
6 72
6 48
4 3
4 17
1 14
9 42
6 46
1 58
9 51
5 93
8 66
1 8
2 84
10 56
5 93
9 10
8 27
10 27
4 42
8 12
8 73
8 39
5 40
10 29
1 43
5 15
10 26
5 4
3 70
10 93
6 31
4 14
6 60
9 1
2 53
2 32
9 44
5 18
7 72
8 54
10 54
10 33
3 1
7 96
6 73
7 35
10 69
1 61
4 18
5 12
5 40
6 88
7 65
1 48
6 40
1 92
4 40
7 39
5 94
1 57
1 85
9 42
7 37
6 87
6 74
9 57
6 100
3 68
9 92
1 57
2 86
3 8
4 59
1 81
8 41
2 66
9 65
3 54
5 49
2 37
8 12
9 61
7 43
8 69
7 74
6 92
1 76
4 69
3 85
8 35
2 34
9 40
7 18
5 87
3 43
3 66
1 47
9 26
2 43
1 62
6 31
7 83
4 76
6 68
5 74
3 92
9 65
6 69
5 12
2 88
2 89
8 39
2 16
6 65
7 27
3 68
5 83
5 81
6 69
5 27
1 88
4 38
5 2
6 28
6 42
1 47
8 78
9 87
1 75
6 65
9 83
4 74
6 45
5 53
9 67
4 13
4 69
8 23
6 18
9 14
6 25
1 90
7 91
4 75
6 19
1 48
3 27
2 8
9 86
7 93
3 47
7 7
10 25
4 80
2 4
1 34
1 33
7 3
7 38
1 33
6 29
8 29
3 31
2 43
9 73
8 91
2 91
7 39
9 70
8 93
7 56
7 21
5 9
2 28
7 89
7 28
2 21
6 100
3 92
8 70
1 43
4 28
9 17
8 53
10 14
3 34
8 70
7 90
4 74
1 26
6 66
8 21
5 26
5 60
10 88
7 98
5 36
4 16
1 92
9 96
10 69
7 95
5 70
8 61
4 28
5 85
10 75
9 11
5 85
1 99
10 21
9 74
8 16
6 75
4 84
2 8
7 4
10 4
6 52
2 7
10 66
7 41
7 51
1 83
6 58
7 7
7 78
4 79
9 2
7 45
5 17
3 58
7 3
9 37
10 5
3 35
3 61
5 74
1 6
8 39
7 4
7 61
9 43
6 87
6 38
4 90
10 3
7 89
1 38
5 90
5 87
9 54
8 1
10 36
1 73
1 30
9 36
5 5
2 88
7 73
1 34
6 94
9 14
2 73
6 32
1 70
3 52
6 35
7 49
4 6
2 2
5 61
6 25
4 47
8 94
7 50
1 20
2 32
1 55
5 3
3 54
4 59
4 11
6 38
10 50
4 62
10 71
6 11
2 48
10 7
1 99
4 73
5 85
1 2
4 73
6 15
6 39
5 99
10 52
8 52
3 67
4 39
3 79
2 69
10 33
8 81
5 5
7 39
3 48
2 18
5 91
7 87
1 85
5 36
7 48
10 92
9 14
3 52
6 70
3 46
3 84
6 41
4 87
4 26
3 78
8 22
7 12
6 62
5 41
5 52
6 57
9 7
7 8
5 14
2 72
1 86
4 16
7 83
4 65
2 29
2 19
2 96
9 77
3 61
7 78
4 48
7 45
7 96
10 84
5 50
5 77
7 10
1 62
5 74
5 79
5 13
1 62
5 9
4 95
1 18
2 70
1 8
6 59
10 91
2 68
3 26
9 45
2 17
10 57
3 20
10 81
1 85
4 64
8 9
1 99
8 93
10 22
3 32
6 42
1 41
7 65
2 11
9 81
10 3
6 74
6 83
5 84
3 90
10 73
9 36
1 35
9 16
5 37
10 84
9 73
2 13
1 7
7 1
1 88
1 5
6 33
3 5
4 15
5 35
6 96
5 98
1 57
2 17
7 40
9 64
9 45
4 60
8 65
9 96
1 66
7 95
8 94
9 48
2 73
2 28
4 70
6 59
2 48
7 68
9 55
8 99
7 3
2 73
8 67
1 23
10 55
1 8
2 36
1 25
8 16
7 2
1 75
7 47
5 40
7 28
4 42
2 47
6 36
10 81
4 91
2 56
5 95
3 24
6 96
10 56
10 84
2 84
1 66
4 10
10 69
6 89
5 84
3 82
2 90
6 78
7 3
1 98
4 26
5 27
6 33
1 17
6 39
3 39
6 72
6 55
7 24
1 80
3 94
2 46
3 51
8 31
5 68
5 48
9 97
2 18
4 44
5 8
6 70
10 18
6 85
4 84
8 35
3 24
8 7
4 9
2 2
3 89
8 73
7 48
9 78
4 61
5 29
6 16
1 50
9 97
3 56
9 55
4 44
4 50
10 92
10 16
4 59
8 7
9 55
3 40
6 23
10 23
8 27
3 99
10 98
2 81
1 30
6 53
10 82
3 53
1 65
8 39
3 63
8 22
5 98
8 57
9 27
4 60
9 83
8 16
9 10
5 81
1 91
4 66
7 65
5 14
6 13
10 62
5 52
4 60
7 38
8 7
2 6
8 41
8 69
10 62
4 98
10 18
2 50
8 90
10 1
10 79
4 9
9 73
1 12
4 16
1 78
8 94
9 13
6 57
7 68
7 82
2 22
7 39
8 92
9 37
10 19
2 31
2 57
2 32
5 22
2 43
7 74
2 58
3 50
6 36
6 1
4 61
6 54
9 72
3 96
4 51
3 1
1 71
7 8
3 15
1 62
10 52
4 72
1 63
8 15
10 91
9 96
7 93
6 31
5 94
3 99
4 12
2 49
3 1
3 27
2 13
6 100
5 64
1 10
6 17
1 11
10 53
9 44
5 55
8 79
7 20
6 9
2 20
1 46
1 25
6 70
2 12
7 32
7 46
8 92
10 23
1 34
4 15
3 54
2 79
2 92
10 15
4 62
5 18
4 40
4 74
6 96
10 90
10 22
5 66
1 52
3 7
8 4
9 92
1 50
1 37
7 65
10 94
2 41
2 20
8 99
2 20
10 26
3 85
9 83
9 9
9 60
5 7
8 5
9 100
5 63
7 81
6 98
2 69
3 83
7 96
4 75
6 20
7 8
1 23
2 54
2 2
1 4
5 17
5 17
5 100
6 10
3 2
9 44
2 45
7 87
1 84
2 77
1 73
6 85
5 89
2 23
4 49
7 74
2 15
10 65
7 60
5 27
6 74
6 29
9 13
4 78
4 54
8 32
7 79
3 22
1 31
8 58
7 31
6 16
4 66
2 48
4 78
3 29
1 72
2 67
5 46
5 16
3 91
9 71
7 7
6 86
8 29
8 15
7 8
3 90
3 54
5 1
6 32
10 33
5 95
7 1
4 31
5 49
8 39
7 80
9 4
6 43
8 39
2 54
10 35
4 98
10 83
9 82
6 94
6 2
4 40
1 34
4 65
5 80
6 62
8 22
5 31
4 83
6 93
9 8
10 96
2 66
4 13
4 79
3 87
4 58
7 40
5 85
9 38
9 14
6 60
9 2
3 75
3 34
3 43
8 23
1 31
7 94
8 56
9 6
1 11
9 11
4 57
4 95
1 9
3 26
7 64
3 78
5 41
9 13
10 88
5 77
7 45
3 15
2 24
7 20
8 23
9 1
10 76
10 37
6 51
2 57
2 80
2 56
10 24
2 28
2 74
8 73
10 10
6 69
3 76
8 66
6 86
2 29
4 69
3 60
4 67
1 27
6 95
10 82
10 16
7 7
10 47
1 27
2 29
10 76
3 62
7 55
8 96
3 23
1 52
4 95
9 74
2 35
