1 7
1 71
1 82
5 67
6 97
10 35
2 98
6 56
6 94
10 45
2 22
10 94
8 51
4 6
8 92
6 87
3 99
6 82
2 49
2 65
8 97
4 2
6 91
2 87
7 94
2 14
6 38
2 48
9 64
10 25
5 62
7 40
8 95
4 10
2 5
6 84
4 16
6 26
10 42
4 74
7 22
2 70
8 71
1 36
3 15
4 32
10 84
10 7
2 42
5 31
9 62
8 26
2 64
3 37
9 4
9 50
7 80
3 38
5 14
10 1
7 40
8 19
5 58
1 45
2 55
4 13
4 69
10 56
3 19
10 54
2 69
1 27
10 38
2 4
1 5
5 64
5 23
7 23
2 49
6 70
8 20
2 93
8 53
5 5
7 82
3 29
9 39
8 48
10 42
10 14
3 88
7 57
3 76
3 54
1 45
7 77
5 35
7 66
9 3
9 22
3 82
4 94
10 44
6 86
5 58
1 11
9 77
3 51
10 58
10 42
2 89
9 47
8 45
7 88
4 6
7 55
8 13
7 93
1 84
3 25
8 35
2 15
1 71
7 27
9 75
9 82
5 77
5 28
8 15
5 55
10 90
1 95
3 88
7 71
10 50
1 77
9 9
8 26
7 47
8 33
7 93
3 50
2 93
10 35
8 31
2 75
5 32
4 23
5 59
7 42
8 2
7 37
7 60
8 16
5 51
8 100
4 22
10 18
9 2
3 25
3 10
2 24
3 99
9 27
9 61
3 32
8 13
7 73
8 60
2 26
5 87
9 81
1 84
4 83
1 68
10 53
4 23
1 59
2 60
4 46
10 80
4 36
2 58
8 19
5 1
2 66
5 30
4 100
3 12
2 51
5 54
1 44
6 36
5 3
4 42
8 9
3 75
6 50
7 77
9 17
2 87
10 22
9 4
2 80
3 38
8 36
1 40
8 46
8 56
7 27
2 50
3 32
5 85
1 23
1 99
8 44
8 6
4 5
3 26
2 86
9 98
1 57
4 58
2 3
8 43
2 33
5 30
9 70
6 100
10 29
9 16
4 35
10 29
9 63
8 15
6 30
7 44
3 10
8 58
8 50
5 48
8 49
1 1
7 88
9 54
7 18
7 22
9 19
5 42
9 92
10 75
4 95
10 52
10 79
8 93
5 96
9 44
7 41
5 60
4 54
6 84
7 24
10 72
1 32
2 87
5 97
4 87
8 42
3 6
5 28
2 33
3 12
1 40
1 62
2 45
9 31
8 11
4 61
8 27
6 9
2 49
3 12
6 66
2 15
5 21
4 78
7 81
6 11
3 34
9 25
10 40
8 84
3 89
2 24
1 45
8 87
4 100
1 59
7 93
8 73
3 43
2 59
9 2
8 37
2 15
6 73
8 32
3 80
10 79
6 77
3 46
3 61
3 33
6 81
9 59
1 97
1 78
4 21
6 75
9 50
5 87
2 2
8 97
4 13
1 36
7 49
10 60
10 17
2 66
8 2
7 77
9 98
5 64
8 47
2 8
1 97
5 50
4 8
10 48
3 1
8 18
9 6
6 34
2 57
7 23
10 18
4 2
3 14
4 7
4 69
9 10
1 7
4 100
4 27
2 88
8 80
4 16
2 54
3 33
5 53
10 94
8 57
10 82
8 55
7 76
8 63
3 81
3 75
6 81
4 24
3 66
4 71
4 58
1 44
3 75
3 59
10 10
2 80
4 22
4 85
7 7
3 86
4 31
10 26
4 72
7 61
1 80
9 70
7 67
6 60
4 4
2 20
9 59
6 94
3 45
10 57
2 44
8 24
4 82
7 68
1 63
5 64
5 1
8 89
6 13
2 34
6 90
10 79
1 68
4 58
7 59
8 71
5 23
1 51
7 66
8 100
4 16
7 68
9 31
6 47
8 58
9 22
1 32
3 46
4 15
8 6
6 45
6 59
2 24
10 54
8 26
2 59
8 69
4 21
9 82
7 33
6 91
5 49
9 67
6 22
9 14
4 93
7 51
2 68
7 70
9 97
7 18
1 89
5 20
3 55
4 94
9 46
6 80
1 85
2 57
10 63
4 34
2 44
1 23
8 87
7 91
5 76
5 99
6 77
1 18
3 70
8 28
1 31
10 29
10 96
9 6
7 12
1 71
2 89
2 27
2 71
10 85
1 39
6 76
8 68
9 71
1 91
8 84
4 76
7 70
6 93
6 72
5 42
1 41
6 22
6 15
7 41
2 6
7 63
1 94
8 10
2 3
8 20
4 52
1 53
10 27
5 80
10 10
8 60
1 88
4 1
3 22
10 57
2 28
1 99
4 80
9 14
3 54
5 31
8 95
4 85
2 76
6 1
8 49
4 75
6 28
9 40
8 28
8 47
9 56
8 50
4 66
9 37
2 4
1 55
6 6
7 97
9 60
3 33
10 7
1 75
3 25
7 34
5 38
7 18
2 7
3 98
6 97
2 11
6 1
2 52
5 47
3 92
4 93
1 66
7 92
2 24
3 71
8 52
7 15
7 74
8 15
6 99
8 88
8 59
5 68
9 23
9 62
7 11
2 50
8 94
2 31
7 53
5 13
5 4
10 48
9 61
7 53
7 15
1 71
8 30
9 3
5 58
3 81
5 78
4 14
8 88
3 92
5 83
10 53
6 60
1 24
9 73
9 40
7 91
2 23
4 12
5 12
7 95
4 87
1 60
2 74
2 76
4 48
3 5
7 9
1 54
2 75
10 79
5 78
8 100
7 80
3 60
3 93
10 36
10 73
3 38
5 90
10 18
3 2
1 56
8 18
4 68
9 34
9 66
9 70
10 29
2 21
6 71
5 36
7 31
5 33
3 16
9 83
3 66
10 26
4 32
10 69
3 45
8 64
4 63
5 23
2 6
4 90
3 1
8 34
5 87
9 15
3 53
7 99
8 37
4 65
9 88
9 28
10 5
5 46
10 58
2 43
5 43
8 7
4 41
9 79
3 73
1 61
8 46
2 34
2 65
6 87
10 29
2 40
5 44
6 99
1 58
10 80
1 84
6 97
4 80
5 75
10 11
10 42
7 63
10 90
10 72
6 62
3 23
3 65
7 43
3 40
5 52
8 59
2 13
3 96
10 85
3 74
8 67
1 39
2 84
9 78
3 9
4 84
1 21
3 62
9 53
2 91
3 100
2 29
9 79
8 23
4 62
3 64
10 7
7 90
9 59
10 26
9 12
2 21
9 4
7 33
6 85
9 31
6 37
6 48
6 12
9 74
7 32
5 29
2 89
10 39
1 99
9 69
10 46
9 52
5 60
4 73
1 1
8 21
3 88
1 21
5 10
7 6
3 94
8 20
6 88
2 69
7 94
6 45
4 49
9 41
1 60
6 41
9 36
5 55
8 25
7 36
7 44
10 22
1 94
4 91
1 56
1 24
2 77
4 20
5 71
4 49
10 17
9 87
4 11
8 57
3 55
4 56
7 42
5 86
8 93
1 88
6 2
4 61
2 92
1 31
3 58
7 19
5 83
10 9
5 4
8 14
4 15
7 87
7 69
8 23
2 86
10 20
3 64
9 11
7 74
6 50
2 84
8 72
4 69
8 84
8 21
5 70
3 57
5 32
7 79
8 72
2 63
3 80
8 24
3 90
10 32
1 58
9 28
2 51
4 84
10 37
5 28
10 74
4 12
4 10
8 62
9 26
2 77
3 74
8 65
2 31
4 78
5 57
8 98
3 88
2 68
3 10
9 11
4 21
2 77
6 91
5 17
9 40
8 11
3 91
7 7
7 97
9 83
4 79
3 55
7 36
10 52
3 40
8 77
9 27
5 59
4 69
9 59
4 14
3 35
6 99
1 50
6 21
6 72
1 42
7 21
6 78
8 29
4 31
1 14
6 9
2 40
6 9
9 71
8 89
6 78
2 86
3 38
5 74
9 73
5 45
5 2
4 51
3 79
1 34
7 51
6 83
6 73
2 3
2 58
9 41
4 39
5 43
10 35
8 65
10 81
3 60
9 41
5 78
10 5
6 19
8 10
1 83
1 29
5 8
10 89
9 8
7 95
10 28
8 70
7 21
5 33
4 70
1 26
7 87
6 96
10 5
8 41
3 47
10 70
9 77
7 17
2 84
5 18
2 28
7 34
10 42
10 12
7 56
1 33
6 95
1 84
5 83
3 15
6 63
5 89
7 69
9 17
10 53
5 83
10 94
3 58
7 45
1 95
7 23
6 42
5 85
7 76
8 63
8 64
2 86
2 18
9 79
4 40
3 58
4 31
3 35
5 4
4 65
1 70
1 57
7 66
2 50
9 85
9 23
1 44
5 20
9 60
6 71
4 24
2 95
3 78
3 80
2 8
9 11
5 33
4 71
6 47
6 5
9 90
5 28
4 55
9 30
8 28
2 76
7 9
3 29
4 23
10 47
2 52
6 90
10 27
3 33
5 87
9 98
10 92
3 82
3 81
8 83
9 57
6 84
10 53
5 75
5 63
1 85
6 42
3 2
2 1
1 47
3 97
9 90
7 91
