6 71
2 7
4 49
10 12
5 57
1 54
2 86
8 32
1 21
3 49
6 59
1 81
5 100
6 5
1 8
8 88
2 14
9 24
9 8
9 30
6 47
1 22
2 92
10 63
6 39
1 71
8 16
4 62
1 24
7 46
8 39
7 48
5 80
6 97
8 32
1 36
8 49
8 32
4 39
3 13
6 58
9 69
1 96
3 25
4 77
6 14
1 77
1 78
5 49
8 56
2 18
6 29
3 11
4 16
9 90
2 57
2 46
7 85
1 8
4 78
1 73
4 75
1 60
3 4
1 93
6 36
9 85
1 54
6 57
2 26
3 70
10 57
9 27
7 41
1 48
3 17
5 66
5 100
9 43
5 76
9 28
7 29
8 34
9 31
7 86
6 78
3 57
8 14
8 73
10 60
9 38
5 17
1 49
5 1
5 35
5 38
8 33
7 55
7 40
10 4
5 60
6 53
1 23
8 99
4 36
7 71
8 33
10 82
6 70
9 38
4 39
8 64
8 26
1 90
3 79
6 52
8 73
9 26
9 23
10 22
2 91
8 36
2 66
3 78
7 89
5 55
1 44
3 40
10 10
10 67
6 28
6 39
7 83
10 8
7 33
3 44
9 72
3 12
6 7
2 51
3 22
10 4
4 49
10 38
8 64
3 28
1 98
1 39
4 84
5 25
9 6
4 72
9 65
1 84
10 40
2 58
7 48
10 14
1 58
10 55
7 89
3 67
3 50
7 46
3 5
4 57
1 61
1 44
2 47
4 75
8 40
6 78
2 25
1 16
8 96
2 31
6 58
9 55
10 67
5 9
3 38
6 42
3 78
1 85
5 83
3 41
10 55
4 68
4 60
8 38
3 50
2 82
10 89
6 12
8 97
8 7
5 23
5 17
5 58
6 82
8 11
2 34
4 1
1 68
10 32
2 44
2 37
10 83
8 39
5 22
9 85
4 41
2 16
5 79
3 77
5 60
8 44
5 54
4 83
3 85
6 99
9 2
5 80
9 31
3 32
7 66
7 50
9 79
5 5
7 91
4 25
3 75
5 62
1 66
2 21
5 88
2 7
5 36
5 27
6 38
8 96
6 82
10 1
2 44
6 74
6 53
9 80
2 18
10 5
8 1
6 2
5 89
7 73
7 11
10 27
9 91
6 7
5 84
10 65
6 33
9 19
8 5
8 66
6 82
5 28
9 82
2 98
5 55
9 21
1 58
5 43
3 43
8 12
6 83
1 51
3 66
5 79
5 71
10 50
6 91
1 93
5 43
8 46
7 35
2 15
8 64
8 64
9 21
10 1
3 43
1 45
4 62
1 56
2 72
1 12
9 84
7 18
8 91
4 89
2 69
1 55
4 83
4 73
7 62
7 88
3 40
7 38
9 50
8 40
3 58
6 25
7 78
4 33
8 31
8 59
8 80
5 85
7 83
1 7
3 86
3 35
5 50
4 67
2 50
10 4
5 11
9 96
9 65
7 20
9 1
9 41
3 33
1 9
8 18
8 60
2 61
9 48
7 70
8 3
9 9
6 76
5 70
7 54
3 60
3 81
8 87
9 30
5 64
8 50
4 53
9 3
9 30
9 24
7 94
8 11
7 92
4 76
9 31
2 14
8 64
3 74
2 63
5 47
3 68
3 82
9 57
9 69
2 86
8 83
4 32
2 37
9 10
3 76
9 6
6 100
7 85
8 28
1 71
8 67
8 70
7 7
9 33
10 76
10 32
8 37
8 43
5 72
6 93
1 68
9 75
9 69
8 34
9 99
7 54
4 67
3 45
9 10
5 33
6 56
10 21
9 50
1 35
9 13
5 75
3 24
8 83
9 48
3 12
6 15
10 100
8 46
6 31
10 40
7 65
7 76
8 5
6 78
2 44
9 19
4 20
2 56
2 81
8 46
5 27
9 92
9 30
3 100
5 78
10 67
3 13
3 8
4 63
10 69
10 11
9 35
10 29
7 51
9 72
4 50
9 62
1 93
9 86
1 26
3 6
4 60
8 17
6 49
1 25
2 23
3 70
9 16
1 70
5 35
7 46
7 4
3 66
8 32
6 90
2 31
5 84
6 83
7 58
2 90
8 32
7 11
7 31
3 90
6 99
9 86
4 11
1 89
6 38
8 31
9 29
10 67
8 24
7 92
6 11
2 71
9 7
10 75
6 41
9 62
10 47
4 94
4 69
4 60
9 4
5 44
8 15
5 31
2 54
7 7
1 44
4 57
4 24
2 17
3 28
9 19
9 15
3 65
5 53
9 6
6 9
8 53
7 80
9 71
9 85
9 3
8 37
5 36
2 67
3 30
5 24
7 97
4 6
7 68
10 36
8 6
7 84
9 39
5 44
2 73
8 30
4 18
10 2
3 34
2 58
7 59
2 69
1 1
7 41
3 75
2 9
10 96
9 51
6 51
8 59
10 16
9 60
9 94
10 67
8 14
6 7
3 58
1 64
4 15
2 4
8 98
2 36
9 69
9 63
2 3
3 38
3 17
1 52
7 1
6 17
7 89
1 42
10 84
2 56
8 93
1 59
4 33
7 77
10 48
9 48
6 12
6 48
2 34
9 38
5 5
3 86
10 65
4 61
9 33
3 32
6 78
10 69
10 60
2 28
9 10
2 53
5 45
1 45
9 42
7 25
6 87
3 84
6 97
3 54
10 100
1 78
2 91
1 15
8 46
1 97
3 26
9 71
8 56
5 77
1 70
4 47
1 91
8 86
6 78
5 5
4 47
8 90
8 66
9 80
5 37
9 25
9 8
10 9
2 84
3 72
4 57
8 69
7 5
1 88
10 91
2 24
1 1
5 82
9 47
5 77
9 83
6 15
3 81
7 44
2 36
1 42
5 72
6 66
1 9
6 66
2 1
8 33
9 25
8 19
5 76
1 54
1 82
10 90
3 77
1 56
7 10
5 32
2 62
1 68
6 91
8 89
4 43
5 96
9 65
7 6
9 4
9 66
10 44
10 60
5 46
3 4
8 52
2 72
9 39
9 80
7 51
5 56
6 9
3 75
1 91
3 98
6 80
1 6
9 70
8 89
7 74
1 49
5 96
4 92
8 80
10 9
7 73
5 66
2 44
2 88
9 68
9 71
8 82
9 34
7 60
1 87
1 45
7 95
5 20
2 71
7 33
3 16
6 56
7 37
2 63
7 67
10 25
9 17
5 54
9 13
9 26
2 23
9 98
10 26
10 37
2 49
9 100
9 37
3 50
4 84
6 7
9 69
9 52
5 36
5 46
2 12
4 44
5 18
5 49
3 85
9 11
8 3
2 91
2 71
6 89
6 99
6 47
6 86
7 54
10 72
8 69
9 43
3 58
8 47
7 23
7 36
4 34
7 47
2 78
5 31
4 2
5 63
3 83
10 2
1 10
6 74
4 72
2 77
1 12
9 70
4 3
10 9
10 58
8 63
5 27
8 21
1 61
10 82
8 52
9 92
3 18
1 64
1 81
7 47
7 53
3 27
5 18
6 78
8 14
1 70
2 49
6 76
4 51
7 18
9 73
5 93
5 29
2 92
6 24
4 69
8 55
9 18
6 22
4 48
3 56
4 95
1 61
2 29
8 34
9 46
7 43
8 96
8 59
4 65
6 12
3 62
6 48
7 40
2 6
9 50
1 79
6 53
6 65
2 24
10 82
4 54
2 29
9 11
10 59
1 88
7 97
6 27
2 90
1 51
3 40
6 93
10 2
1 73
5 45
7 76
3 17
10 58
4 16
1 63
5 98
3 31
2 56
8 80
4 87
1 53
1 8
9 49
1 6
5 36
4 32
7 82
6 42
6 30
4 90
6 59
10 21
5 95
10 40
3 40
9 56
10 57
5 74
6 13
3 68
5 55
6 78
8 46
6 53
8 79
10 34
2 25
7 98
1 5
1 81
6 72
9 73
7 99
5 35
8 22
5 82
10 8
7 8
5 95
6 85
9 83
1 53
9 74
5 6
5 60
4 52
6 100
5 38
4 47
4 55
9 83
6 9
8 37
6 37
1 78
5 36
2 64
3 69
7 93
1 69
1 56
7 25
1 91
9 7
1 69
4 40
4 70
6 9
3 81
2 33
9 74
4 84
5 13
10 42
10 15
6 59
7 69
10 86
8 90
10 44
9 78
7 5
2 77
3 74
8 77
1 33
9 80
8 14
4 90
8 7
7 48
10 8
2 99
8 57
3 12
2 1
9 37
3 51
7 80
2 20
5 55
2 41
5 44
7 62
9 80
1 44
8 44
1 96
3 94
3 74
3 99
4 97
9 97
8 60
10 77
3 78
6 32
6 67
2 54
6 96
7 85
1 14
6 34
8 82
5 67
6 56
3 9
7 50
5 8
10 96
5 9
5 78
10 77
3 66
5 45
7 32
3 14
2 16
6 42
10 24
3 1
3 47
10 86
8 86
1 38
4 17
3 35
4 47
2 53
1 3
9 34
9 22
5 56
5 22
8 70
2 32
9 100
6 48
9 75
8 19
4 21
10 50
1 29
