3 8
2 16
6 78
3 56
3 90
8 17
9 58
10 10
9 34
7 98
3 59
3 51
3 12
2 21
1 27
4 17
4 56
6 99
3 59
2 41
9 83
10 66
2 12
6 37
7 21
10 28
2 91
8 20
9 100
7 92
8 47
1 6
5 57
9 46
6 27
9 31
3 67
3 55
9 35
4 7
7 92
8 40
8 73
6 4
10 31
8 61
3 65
9 81
5 59
7 32
3 91
3 70
10 36
4 17
1 29
10 43
1 14
2 28
5 44
5 52
1 39
10 4
7 22
7 4
9 77
1 92
5 38
6 56
5 59
3 70
10 57
7 58
6 11
7 14
3 5
5 44
2 18
10 58
6 29
5 4
8 69
1 92
8 45
2 75
8 92
1 68
5 12
6 31
8 66
10 9
4 38
4 71
7 98
6 49
7 6
4 24
1 90
1 75
9 23
8 87
3 95
4 38
2 16
1 16
4 73
1 93
1 98
1 34
1 93
10 46
2 74
2 57
7 67
8 50
6 81
7 41
7 100
4 40
8 85
4 70
7 58
4 67
9 26
3 37
4 17
6 26
10 16
5 15
10 69
5 39
9 50
7 41
5 94
4 11
9 58
2 12
8 71
9 57
4 52
9 79
5 24
3 32
5 40
5 81
6 85
6 72
9 66
3 7
2 59
4 61
1 31
6 92
1 30
4 45
1 28
7 33
8 63
2 20
7 63
6 16
7 77
7 39
2 98
1 14
1 14
3 28
4 77
6 99
1 88
8 62
2 29
5 82
4 6
5 62
2 89
2 71
9 22
3 82
1 49
5 3
4 62
10 83
6 59
1 92
3 57
5 35
1 91
6 16
5 41
4 95
8 65
8 20
7 24
9 72
10 75
5 54
1 60
1 9
9 57
4 48
2 49
1 71
3 35
3 72
10 87
10 49
9 83
9 9
6 47
3 37
8 17
7 74
5 77
10 85
5 36
9 87
4 80
5 87
2 52
7 5
4 38
10 2
1 55
4 42
1 31
9 46
9 50
5 16
3 19
7 60
8 51
2 25
3 78
4 56
5 27
10 37
8 9
8 5
6 90
1 25
4 79
10 53
5 51
5 51
2 63
3 67
10 23
6 45
8 30
8 87
10 54
4 17
5 63
8 58
8 80
8 11
6 25
2 28
10 35
9 69
4 93
1 19
7 83
10 3
8 14
7 91
9 56
10 17
2 62
4 49
5 4
7 19
7 71
5 58
6 51
3 88
2 41
5 30
3 44
8 49
9 56
8 43
2 51
5 76
6 20
7 18
1 38
7 15
2 59
10 35
1 98
2 4
2 2
1 90
8 1
10 69
7 6
9 33
5 43
5 71
2 2
8 26
2 18
1 36
3 11
6 3
5 64
10 18
3 26
9 42
8 34
9 20
5 18
2 45
6 44
6 69
5 64
3 23
9 85
8 14
9 48
7 66
8 22
10 82
5 52
6 79
4 12
4 61
6 49
2 45
9 63
3 3
6 34
8 67
8 63
7 12
7 87
1 80
10 95
3 63
3 67
3 95
6 42
9 45
1 75
10 55
3 48
1 45
8 4
4 17
2 15
5 71
2 6
8 66
2 40
7 71
10 53
8 39
7 64
9 92
7 4
8 97
4 81
8 87
1 94
4 1
1 9
7 78
5 54
7 11
5 52
4 11
1 12
7 40
7 51
1 81
3 76
10 57
9 25
9 32
10 36
7 55
8 34
4 78
5 6
7 31
7 71
5 50
1 17
1 33
5 95
5 29
9 7
1 18
2 21
3 72
9 70
4 84
5 85
2 27
5 80
10 38
1 78
5 6
1 20
9 34
5 6
10 64
2 61
5 32
2 7
10 61
5 71
6 94
5 10
4 69
2 99
8 44
5 80
2 88
10 53
9 55
9 95
8 73
1 17
7 11
1 71
8 93
6 49
5 83
5 54
5 55
5 95
6 89
4 86
1 91
9 4
5 88
5 59
3 69
9 77
9 12
10 15
6 25
1 90
2 86
5 32
3 14
9 91
5 10
6 35
5 16
9 33
8 26
3 24
1 75
2 3
3 49
8 78
9 36
3 11
9 91
3 97
4 85
9 96
3 5
8 51
8 39
6 16
10 31
1 22
4 5
10 5
8 84
3 57
5 7
3 45
2 34
3 80
9 9
6 43
2 16
6 47
4 27
1 20
5 25
9 15
2 41
2 5
5 52
10 86
5 34
8 70
7 15
9 26
5 42
1 82
6 6
10 22
8 5
10 11
2 7
9 38
10 59
8 100
2 81
10 13
8 20
7 95
9 71
10 58
5 59
4 22
6 39
4 49
3 89
6 51
4 69
7 4
7 64
4 58
7 55
5 40
2 6
7 24
1 40
7 88
5 9
6 31
5 12
8 99
9 90
1 14
1 95
7 55
9 4
6 99
7 59
7 66
1 24
9 80
9 32
8 93
7 76
6 21
7 35
2 12
7 1
10 50
9 26
9 55
4 11
4 27
8 23
10 16
4 29
6 17
4 30
8 100
2 63
3 56
8 30
8 13
4 22
3 8
3 80
2 78
10 68
9 30
10 97
2 8
2 70
3 26
4 54
4 85
7 87
5 92
5 16
8 53
4 36
8 28
1 99
9 23
1 32
7 48
10 28
10 42
5 43
9 34
1 60
6 81
4 20
5 20
6 44
8 73
3 28
2 70
3 18
8 19
3 19
6 92
5 12
1 5
10 7
5 55
10 89
1 92
3 18
9 34
9 13
7 68
6 86
9 18
6 33
4 52
3 16
7 44
7 53
9 93
10 3
2 79
1 11
1 16
3 32
8 4
4 44
9 30
8 61
3 36
7 56
9 14
10 64
7 98
10 39
9 63
1 91
10 7
9 68
3 47
1 18
5 56
3 42
3 64
9 10
3 68
8 75
3 68
8 26
8 91
5 91
10 58
1 70
6 36
2 11
3 9
3 13
1 100
6 60
5 98
6 85
6 69
5 39
10 54
1 59
9 76
3 11
2 74
3 25
1 28
2 84
8 69
4 73
9 93
3 32
5 82
7 65
6 77
7 38
10 89
10 87
2 11
3 65
8 96
10 20
10 84
6 55
2 11
5 70
10 51
8 48
8 38
6 79
9 42
5 2
4 80
2 21
5 81
10 12
2 67
4 42
5 60
7 45
3 12
2 7
5 38
9 7
10 94
7 79
4 74
2 50
10 55
6 35
7 6
5 12
10 32
9 68
3 75
7 88
3 23
10 41
8 82
8 38
7 57
2 100
7 31
7 98
9 35
6 74
9 82
4 42
2 18
4 13
4 67
10 70
4 37
9 64
6 79
1 51
1 39
5 55
2 86
5 42
6 7
4 37
4 76
3 76
9 90
4 59
7 87
9 78
8 81
9 55
9 4
3 27
1 13
8 3
2 27
8 71
3 36
9 86
3 94
6 88
1 27
6 63
1 46
8 72
5 51
10 87
8 15
10 19
10 66
9 18
3 86
8 67
5 41
2 18
5 95
3 12
1 1
4 56
3 6
8 84
7 80
10 48
3 67
2 38
4 95
2 41
8 3
10 100
2 51
7 32
3 86
10 18
9 53
2 52
10 13
5 82
5 95
1 73
7 19
8 16
3 90
6 43
3 78
5 73
8 21
1 97
6 76
5 57
3 78
9 8
9 68
1 63
1 1
8 43
6 100
5 53
9 6
5 58
5 46
6 2
5 91
2 17
3 90
7 73
6 21
8 59
7 59
3 53
8 9
8 85
6 19
7 33
10 97
4 83
2 81
4 31
1 98
4 47
7 42
8 67
4 49
6 71
8 22
8 98
6 47
1 48
6 30
4 65
5 7
2 1
3 54
8 8
7 21
1 4
7 89
2 89
4 78
1 97
5 57
8 57
3 100
3 76
8 94
10 59
3 88
1 65
5 88
2 42
7 100
1 48
3 71
6 45
2 41
3 40
6 80
9 34
10 100
4 57
6 3
8 37
8 29
1 3
3 40
10 84
4 20
4 18
10 48
3 14
10 25
2 22
10 83
2 65
1 77
6 22
3 81
5 94
7 6
5 99
10 18
3 97
3 81
9 27
2 20
7 20
4 98
9 4
3 18
7 39
6 29
5 68
10 19
9 18
8 45
6 20
7 15
10 71
2 69
7 99
2 74
4 47
3 1
8 17
8 100
4 26
1 92
4 26
8 35
8 21
10 1
10 43
1 9
3 49
9 31
9 45
2 56
6 43
9 42
9 98
7 91
8 4
1 25
7 17
2 44
9 95
3 7
2 71
7 1
2 56
8 36
5 22
3 77
2 49
1 84
4 79
9 69
10 64
1 8
7 81
2 73
3 57
10 37
1 89
2 30
1 98
4 50
5 94
1 64
3 39
8 59
2 31
10 67
8 34
7 38
1 18
9 52
8 10
5 91
9 69
8 38
5 65
10 41
2 88
6 98
5 87
6 7
3 76
5 41
10 34
1 58
1 39
1 59
6 45
6 84
2 10
8 24
9 92
7 39
4 65
