4 96
5 45
3 72
2 19
7 64
4 41
3 10
1 22
9 97
9 88
3 63
5 38
1 59
9 65
3 11
9 82
4 85
3 26
8 80
8 14
10 6
9 30
1 81
3 42
10 19
8 41
1 46
2 82
3 43
1 52
9 35
9 53
8 36
7 63
3 39
3 48
9 21
4 88
9 12
7 89
7 92
5 99
2 51
2 70
8 86
1 93
3 70
4 45
3 76
7 67
6 9
8 67
9 54
4 14
1 96
4 27
3 75
6 70
7 5
10 89
7 94
9 9
9 23
10 81
10 4
5 94
2 80
5 75
1 97
3 60
4 48
1 7
7 42
9 26
5 72
9 64
1 85
1 34
2 95
7 38
4 98
6 44
3 81
6 94
2 29
3 6
2 8
3 22
9 95
4 27
4 61
1 27
4 36
7 54
2 53
6 80
6 36
9 42
10 58
4 86
5 32
9 48
5 41
1 79
6 12
9 62
3 75
10 41
1 92
4 24
9 34
3 50
7 24
8 98
1 62
2 47
5 89
5 47
2 94
8 19
4 27
10 89
4 90
9 39
8 87
7 64
2 45
9 81
8 56
1 50
7 62
7 78
7 15
4 73
9 32
9 70
4 17
8 14
10 27
3 56
9 18
6 18
9 14
1 53
6 97
7 65
8 65
5 55
6 80
7 80
9 98
5 23
2 6
9 16
3 58
10 26
3 92
9 34
5 34
3 45
4 55
5 95
3 15
2 42
7 94
4 67
6 96
4 96
5 74
9 35
6 57
4 75
2 91
7 73
6 24
3 46
9 46
7 40
7 49
5 46
1 42
1 70
8 95
5 86
4 41
1 7
5 18
2 35
8 58
3 30
2 41
8 95
10 37
5 44
6 63
1 8
2 1
8 81
5 51
8 96
2 54
4 13
6 49
9 99
4 45
9 84
7 68
9 62
9 54
10 20
3 71
6 12
10 17
8 73
1 6
6 92
4 99
4 87
1 5
10 91
7 55
3 13
8 97
8 1
3 76
10 10
1 52
10 1
10 99
2 32
8 78
4 63
5 11
7 23
2 90
7 79
8 17
7 84
1 85
6 28
10 98
5 48
6 23
10 64
6 62
8 92
5 31
8 32
8 65
8 40
9 5
4 18
2 68
4 18
9 51
2 28
1 30
6 37
2 42
9 4
5 76
4 92
4 12
1 72
10 11
9 14
4 49
8 65
4 22
3 65
10 68
8 61
2 2
10 69
10 4
4 14
6 88
8 76
8 33
8 63
6 47
2 49
1 75
10 83
7 40
4 7
2 71
6 99
6 23
3 93
3 22
9 10
7 17
9 16
1 91
7 48
1 30
10 22
8 6
8 77
1 82
5 43
7 16
3 97
4 93
3 55
5 71
10 56
10 53
8 85
8 53
8 100
4 16
4 27
9 42
3 51
7 28
9 21
6 16
2 16
9 49
8 17
2 88
8 43
2 18
1 89
5 12
2 71
9 13
6 70
7 92
4 53
5 62
7 61
5 70
3 55
6 36
5 45
6 4
10 32
5 22
9 70
1 23
3 56
3 37
10 30
2 35
2 98
6 32
5 47
9 19
7 3
2 61
5 89
8 31
4 30
7 39
10 42
6 62
6 52
4 48
1 31
5 3
10 79
2 29
1 31
9 42
1 100
4 59
10 32
8 74
10 18
3 30
10 71
1 98
2 7
7 30
1 93
8 17
5 91
2 83
7 66
7 36
7 54
1 50
4 10
7 48
10 68
8 91
8 77
2 98
7 32
6 98
3 84
6 17
6 15
8 25
6 54
1 83
9 32
10 61
8 28
7 78
2 91
10 26
10 22
7 99
10 56
8 74
3 92
3 98
8 39
5 82
7 29
9 2
2 43
4 78
5 36
7 99
8 4
10 63
5 95
6 7
7 79
2 100
1 10
6 20
1 62
3 83
8 42
3 82
1 14
6 75
1 88
3 87
9 19
8 6
9 57
3 17
3 24
3 50
4 45
2 36
7 81
7 72
5 81
1 53
6 94
4 66
2 87
9 43
8 31
1 42
6 51
8 3
1 52
5 70
7 25
5 9
2 96
4 78
6 11
5 55
9 47
3 85
10 93
1 6
9 57
6 29
9 5
1 81
9 94
6 65
4 42
5 63
1 66
9 51
2 74
1 59
3 80
1 97
8 66
7 25
6 49
4 53
9 15
10 11
3 80
1 75
1 92
8 43
9 68
1 79
2 32
7 69
1 70
5 22
7 90
5 99
9 75
5 36
4 69
7 39
4 15
9 24
3 87
6 32
5 74
3 64
8 100
2 18
10 61
1 48
1 26
3 84
4 74
10 8
4 43
5 98
1 54
2 28
10 88
1 19
8 15
6 21
5 42
1 73
10 57
10 59
8 68
9 21
5 62
2 78
8 94
5 2
8 83
8 27
5 90
3 15
10 64
7 2
1 90
2 19
9 53
2 6
1 22
9 18
7 33
10 74
4 68
9 82
10 79
10 16
8 84
2 44
7 25
3 78
4 28
6 27
8 97
1 27
4 63
7 65
3 93
4 68
10 23
8 43
2 62
9 57
5 32
4 7
7 73
4 7
1 16
10 57
6 47
10 73
5 11
5 4
5 50
10 96
1 94
4 80
6 87
8 28
7 46
8 35
5 89
5 55
8 59
4 6
6 5
2 83
10 2
5 75
1 45
3 34
10 33
9 77
6 95
9 71
6 48
5 13
10 33
2 51
2 72
5 21
2 51
8 62
3 13
8 9
10 62
8 90
7 5
2 91
3 13
9 64
3 31
3 32
7 32
8 47
9 43
9 74
10 43
9 7
8 46
8 66
3 49
6 39
10 28
1 29
2 50
10 96
7 52
1 81
4 55
5 68
1 44
4 42
7 35
6 80
3 99
2 19
3 25
2 39
2 96
1 28
9 94
5 72
4 14
1 55
3 30
6 3
7 87
2 53
7 47
2 94
6 55
3 11
6 79
6 68
2 88
4 83
6 1
2 54
4 97
2 50
9 68
5 55
2 68
7 93
1 100
7 89
5 70
9 26
8 59
10 12
4 4
2 75
6 58
2 51
3 17
8 91
5 90
6 63
4 24
7 65
2 70
3 69
8 4
7 85
6 20
3 65
2 96
9 38
8 5
8 30
8 86
10 21
8 67
10 35
5 77
2 18
2 93
7 70
3 21
10 47
1 91
6 84
6 12
3 83
1 100
7 49
7 53
6 44
6 69
9 30
2 61
4 82
2 40
8 11
5 74
6 81
9 51
6 1
3 56
10 71
1 1
8 75
1 92
4 25
7 94
7 22
9 79
9 13
6 48
1 62
2 2
1 14
6 2
7 88
1 49
8 69
8 9
4 47
5 29
4 35
2 38
6 53
3 19
1 45
3 77
8 93
2 88
7 27
5 21
2 37
1 98
2 22
10 19
4 91
2 3
4 15
6 98
4 61
8 42
4 17
7 94
2 46
2 46
10 35
5 11
9 96
6 26
6 16
1 52
3 85
7 74
4 24
5 86
8 68
2 2
6 38
1 72
2 83
7 87
6 74
9 58
2 8
7 71
9 34
5 52
10 62
3 18
4 67
3 98
8 83
4 77
10 82
10 98
3 65
9 64
7 53
3 99
8 55
9 69
7 17
9 78
8 11
8 11
8 43
5 89
8 42
9 74
6 29
4 86
9 49
6 87
9 87
7 29
1 71
1 22
6 64
9 87
6 82
6 10
7 88
8 16
9 5
5 60
5 82
4 9
10 69
6 86
4 29
8 54
1 46
9 11
9 44
2 87
2 88
6 57
7 83
2 54
8 68
10 54
4 21
2 98
1 86
4 72
7 70
9 23
3 6
5 17
8 92
1 57
7 33
7 50
5 99
2 8
4 59
5 97
7 99
1 35
3 23
3 48
2 78
8 31
10 80
6 59
6 4
6 6
3 25
1 76
3 13
9 6
9 1
8 2
1 67
9 77
3 14
9 36
4 22
3 28
1 96
1 85
8 53
7 94
3 47
2 51
3 20
1 95
8 80
9 6
1 29
10 39
6 34
2 100
1 85
2 67
3 54
2 71
10 54
1 80
1 45
10 100
8 92
2 60
1 50
9 55
5 50
6 18
2 15
1 54
2 32
7 43
3 50
9 29
2 88
1 1
10 21
8 61
6 66
1 37
6 49
3 63
9 25
7 62
5 16
3 8
9 54
6 73
6 56
10 32
4 18
9 69
5 49
5 8
6 1
1 86
2 35
3 85
7 67
7 23
6 46
2 84
8 71
4 33
2 8
2 34
10 92
2 39
1 95
7 28
1 18
8 10
1 53
9 13
7 31
6 40
6 42
8 4
9 100
8 66
8 98
4 13
4 75
5 16
3 60
10 24
9 36
5 45
9 95
10 48
1 86
8 66
10 74
1 71
1 56
8 9
10 85
8 56
6 34
4 71
10 37
9 26
10 47
5 53
9 65
2 84
5 58
5 88
6 51
6 5
4 40
2 38
3 99
2 75
8 66
1 34
