8 88
4 71
1 44
10 73
5 43
3 10
2 80
10 16
1 54
7 3
6 93
4 19
6 15
1 29
8 83
5 70
6 69
2 27
4 66
8 40
7 89
5 100
5 39
5 2
1 68
1 6
4 68
10 15
6 85
5 42
7 94
2 48
8 17
8 60
4 61
7 71
3 32
2 9
5 21
10 45
2 22
1 33
2 21
8 69
3 57
6 75
10 36
6 60
5 59
5 46
6 50
3 25
1 46
1 47
10 13
9 88
3 22
6 35
2 22
8 61
10 51
10 4
10 43
6 27
4 33
9 33
1 100
7 31
6 1
4 24
8 20
7 60
5 22
2 25
10 75
2 18
10 35
3 41
9 47
5 57
1 57
10 37
1 4
6 21
8 67
8 54
10 25
9 33
1 80
4 77
6 15
8 77
6 12
4 26
7 35
7 42
1 48
7 99
5 65
3 30
8 5
2 63
2 93
6 30
2 70
6 65
1 82
4 82
3 92
7 52
8 83
6 77
4 31
6 49
3 68
2 99
8 7
5 74
9 3
6 60
3 57
6 55
1 77
10 80
8 86
1 25
9 15
2 10
1 32
7 45
8 36
1 72
5 25
2 4
9 15
9 35
5 61
1 97
1 23
3 60
6 53
7 63
6 69
5 63
4 8
1 22
8 61
7 76
9 51
6 55
2 22
6 94
10 62
5 86
4 72
3 78
8 46
9 69
6 54
3 74
6 71
1 56
10 8
5 16
1 37
6 44
6 99
2 42
2 40
7 90
2 29
7 89
1 30
3 39
7 76
1 72
4 49
3 95
10 60
8 71
6 19
9 96
3 63
7 42
10 23
4 82
2 46
8 10
5 43
1 18
1 78
9 68
9 25
9 8
8 77
6 59
9 68
2 10
5 53
5 32
7 75
3 64
5 33
4 28
9 70
8 68
1 57
6 27
2 89
4 41
8 8
1 25
9 2
5 86
10 53
8 86
2 51
3 10
7 40
10 57
7 87
9 43
7 64
5 5
6 48
2 88
8 52
4 36
9 87
3 48
6 44
4 4
3 41
9 95
8 99
10 86
8 82
8 21
10 12
8 21
8 97
8 44
8 22
10 22
10 85
9 12
10 53
7 11
7 15
5 83
10 73
6 62
2 66
9 96
8 63
8 48
5 69
9 97
2 73
7 80
1 34
8 95
2 25
10 7
3 75
3 74
1 2
8 83
8 65
4 43
3 40
5 86
4 29
2 59
4 74
5 34
7 51
2 27
1 83
4 92
4 11
9 88
8 83
4 10
7 42
2 50
9 13
3 35
2 47
10 42
6 40
1 95
3 40
1 2
3 75
9 89
8 36
9 25
4 35
8 6
4 4
10 26
7 42
2 30
6 20
10 67
6 15
4 31
10 89
9 91
6 70
5 51
7 10
1 50
1 23
3 76
10 89
6 41
7 27
6 19
4 24
4 25
8 12
2 40
10 22
6 26
9 51
10 49
8 25
1 98
2 6
6 40
8 83
7 93
6 89
7 36
3 11
2 7
7 2
4 36
10 75
1 3
2 51
10 52
6 73
8 85
4 92
2 26
3 75
1 81
7 4
4 23
7 45
10 51
5 66
9 28
10 43
10 75
10 5
3 4
6 82
8 3
3 22
9 9
10 45
8 81
2 98
8 64
3 14
10 57
7 83
1 15
5 48
6 28
8 10
8 53
3 3
5 40
10 99
9 98
2 69
7 37
4 22
4 57
5 49
4 51
3 53
5 34
7 72
1 80
2 52
5 22
6 30
10 84
5 16
10 16
10 35
8 5
2 33
8 79
6 68
2 38
10 41
9 13
1 13
5 98
8 34
5 8
6 41
5 36
7 16
9 20
5 3
4 13
2 25
4 81
9 13
1 51
10 46
3 75
10 13
1 22
10 73
5 66
3 34
6 30
2 99
9 66
10 89
7 70
10 53
9 33
3 25
5 77
1 69
3 62
3 1
5 56
2 96
7 45
1 3
7 4
9 70
5 65
4 92
5 99
6 58
1 72
3 9
6 36
3 29
9 39
3 5
4 64
2 60
8 45
3 85
10 17
4 20
8 90
1 42
5 56
6 87
9 6
8 31
10 84
5 38
5 89
9 93
1 51
6 71
7 65
9 36
1 21
5 22
2 61
2 37
4 33
9 13
6 98
7 72
8 33
10 45
2 30
4 69
2 60
1 76
8 90
10 28
9 49
8 87
9 85
9 55
2 50
4 55
8 73
1 40
5 79
2 93
4 6
1 57
9 46
6 48
3 72
4 85
6 27
7 83
3 95
3 62
3 71
5 90
8 55
1 51
7 51
9 31
4 35
7 81
6 63
1 46
3 27
2 71
2 73
8 47
3 11
4 83
10 13
9 68
10 19
2 21
5 12
10 38
7 99
5 40
4 30
9 27
9 98
8 82
9 66
3 22
6 12
5 82
9 31
9 24
7 26
7 81
9 49
6 87
9 98
6 92
1 60
7 30
7 73
9 89
2 45
5 97
5 3
5 39
10 92
1 83
9 27
9 89
7 4
9 68
5 22
6 39
4 19
7 99
3 74
10 30
6 45
6 43
4 56
9 90
10 82
10 71
7 43
1 15
6 37
4 76
10 49
7 79
10 1
6 91
8 47
6 4
7 27
3 29
1 58
4 35
2 49
10 68
6 22
7 45
9 90
10 32
2 31
10 18
8 76
6 21
3 68
2 14
4 92
10 37
4 14
7 82
10 67
5 57
10 16
2 81
6 28
7 78
7 6
1 1
3 62
1 45
2 75
3 69
9 65
7 14
1 12
7 62
8 5
3 30
4 32
10 80
9 44
10 74
10 47
1 36
6 54
3 68
2 82
10 69
4 96
3 73
10 7
5 9
1 64
7 84
4 67
2 26
5 13
7 19
8 33
9 55
9 1
2 2
10 85
8 70
8 67
2 29
8 92
6 21
6 47
7 18
8 56
10 92
2 87
3 85
3 58
9 18
8 25
4 42
4 13
4 64
5 37
7 75
5 55
1 56
7 78
6 16
5 44
3 51
4 82
4 37
1 67
8 69
8 35
9 96
8 46
6 91
2 63
5 57
4 39
7 64
8 89
8 63
6 99
2 6
6 46
1 18
5 20
10 88
4 48
3 84
5 88
10 35
4 43
8 90
6 33
10 98
9 44
9 6
10 24
6 32
7 79
6 89
6 48
4 30
4 87
6 39
4 66
3 80
1 94
8 3
5 72
9 58
1 7
4 62
9 20
6 29
5 30
7 8
3 72
7 65
10 44
2 69
3 81
9 5
3 57
1 43
10 69
10 8
1 31
1 94
1 51
5 88
6 2
4 98
8 19
2 3
4 79
3 89
7 21
9 48
4 63
9 59
3 40
10 48
1 35
9 99
3 45
6 83
8 23
1 69
9 15
6 33
1 20
9 47
1 85
4 47
5 12
8 78
4 73
7 42
1 19
10 80
10 17
10 60
8 29
6 37
5 41
2 36
10 52
2 23
9 78
10 60
6 36
8 36
9 55
2 98
7 59
10 85
3 71
2 92
3 72
1 30
5 56
3 54
3 65
4 94
1 55
6 61
10 79
9 78
6 11
5 63
8 35
3 31
2 21
1 64
1 84
10 45
8 10
5 48
10 89
4 84
4 94
6 51
10 22
5 23
1 72
10 27
3 95
2 25
3 77
6 46
5 62
7 66
10 16
3 14
4 19
4 52
3 48
7 70
5 11
1 100
7 55
2 16
2 52
7 35
3 31
7 51
9 52
1 31
3 41
1 16
1 55
1 22
4 12
10 50
6 100
10 40
1 60
6 23
3 12
9 70
3 93
1 43
3 84
8 11
2 34
10 53
1 25
10 91
4 96
6 31
6 68
6 7
10 91
5 65
1 97
9 38
1 65
4 69
10 21
7 27
5 75
4 31
4 54
7 70
6 97
8 69
9 75
2 10
8 35
2 16
5 30
9 65
3 79
1 95
8 27
8 97
3 12
10 57
10 32
9 67
2 66
3 95
3 89
3 76
5 28
8 93
3 31
10 10
10 73
4 12
6 55
4 8
9 28
10 14
9 85
7 11
2 97
10 47
5 34
1 45
9 68
4 48
5 20
5 26
3 33
2 47
8 79
5 65
5 39
3 92
9 28
9 33
3 67
4 51
6 83
9 18
5 53
2 68
9 30
6 19
4 3
10 2
10 73
2 28
8 23
1 49
7 25
3 26
6 99
8 21
4 11
9 95
6 44
10 83
10 76
1 57
6 36
7 43
5 27
2 15
6 18
3 30
8 48
5 97
7 75
4 51
3 37
3 51
1 96
7 76
3 33
8 70
10 52
6 59
8 99
1 4
6 73
8 71
1 17
9 91
9 28
1 46
1 83
1 6
7 42
5 6
6 87
3 9
6 87
10 83
9 56
3 39
6 7
7 60
5 53
3 19
10 21
7 82
7 77
3 41
8 66
1 43
5 61
5 43
6 52
10 21
8 15
2 86
3 21
1 73
7 19
7 45
2 19
