1 66
4 61
3 9
2 52
5 83
4 100
5 64
5 55
8 10
9 1
4 29
6 15
2 7
8 53
1 36
2 55
7 38
4 37
10 68
1 17
2 77
4 82
4 36
3 87
2 75
7 64
8 37
9 65
1 32
10 70
7 39
6 39
2 73
1 98
1 97
5 98
8 55
10 42
1 15
5 100
6 20
6 35
4 71
5 21
2 87
6 15
5 99
6 42
1 79
3 36
6 99
8 78
6 8
5 25
5 9
1 89
3 43
8 78
8 53
10 99
9 52
4 84
3 31
1 7
8 99
8 47
8 78
6 2
6 94
1 34
7 37
7 95
8 39
8 79
9 27
1 6
2 27
4 17
5 92
8 75
10 19
5 8
7 63
2 18
10 91
8 61
3 67
2 86
3 7
8 32
9 68
2 24
8 68
4 43
4 29
7 42
8 41
3 9
6 9
3 5
1 84
1 74
9 16
7 21
10 84
10 39
9 65
6 18
6 55
1 68
1 94
3 11
1 51
8 8
4 45
5 85
7 74
9 33
9 11
10 21
2 39
10 62
1 48
6 67
9 3
4 34
7 96
9 3
2 99
2 96
7 78
7 55
8 79
8 38
1 4
8 54
1 58
8 72
1 64
2 57
3 86
3 84
3 50
5 46
4 38
6 85
3 88
6 58
9 96
6 70
6 8
9 64
5 50
10 9
1 26
1 88
1 7
4 30
3 37
1 47
2 100
9 43
6 8
10 40
3 45
8 35
5 78
10 94
3 79
5 34
1 32
7 18
3 41
2 40
9 44
2 71
3 97
3 23
6 21
7 69
1 14
4 11
4 75
2 92
5 69
9 93
1 98
3 45
8 29
2 22
5 67
3 65
6 85
10 23
7 88
10 63
2 90
8 17
5 14
6 96
10 36
4 36
1 99
1 37
2 75
4 73
2 99
10 42
8 80
8 93
3 16
6 60
10 51
7 13
6 96
5 16
1 60
4 61
1 95
7 68
4 55
8 44
5 79
10 38
10 54
4 32
3 41
3 8
4 83
8 7
6 28
7 5
1 100
6 66
7 2
5 12
1 33
6 47
2 80
6 65
2 86
1 64
2 100
4 17
6 64
5 48
7 82
10 50
7 26
5 34
2 58
8 21
2 77
5 34
4 41
8 50
8 26
5 25
4 77
9 33
3 60
6 34
9 83
8 72
10 92
3 82
2 12
9 69
10 95
2 29
1 10
2 94
5 72
10 23
10 30
4 56
10 61
9 35
7 74
10 95
7 60
5 72
8 34
9 50
8 23
5 80
7 28
7 64
1 61
1 39
1 97
9 99
2 61
9 46
5 44
2 14
1 80
7 50
2 39
9 60
9 8
8 43
6 7
6 89
3 34
10 23
1 34
2 42
5 85
3 59
6 64
3 42
7 65
9 10
2 24
5 97
4 72
6 59
2 53
7 13
6 41
3 41
9 68
1 57
8 13
1 10
2 66
4 50
4 75
10 2
3 80
8 10
4 9
1 63
2 12
3 36
4 39
7 28
3 55
6 83
2 25
2 80
5 71
1 36
3 86
2 93
9 4
10 94
2 9
7 67
4 28
9 9
6 72
1 24
5 40
1 49
4 44
10 99
7 30
6 42
5 90
2 71
2 54
10 27
3 74
5 39
1 68
1 29
8 44
5 69
8 70
10 27
9 60
9 33
8 11
6 44
5 55
5 29
2 97
5 50
9 5
8 63
4 100
9 43
1 86
3 100
2 9
8 4
10 44
6 29
4 35
4 48
5 73
7 61
4 30
1 87
3 78
6 72
5 61
2 24
2 92
2 31
10 66
9 45
5 39
7 51
1 22
10 99
8 87
8 9
3 24
7 61
9 5
7 84
3 62
7 80
8 73
7 96
4 65
4 33
8 3
2 59
1 35
5 96
4 83
2 4
5 80
7 61
8 14
2 57
10 19
6 38
10 12
6 90
6 24
4 94
1 26
4 45
7 66
2 41
2 63
10 30
4 100
8 30
10 29
10 74
4 1
5 39
1 2
9 89
8 2
5 41
4 33
10 5
3 92
7 63
4 100
2 15
10 79
1 25
2 70
3 87
7 52
7 27
2 84
3 97
7 72
10 17
2 32
2 60
2 32
8 42
5 55
6 91
3 6
5 98
2 88
7 60
1 34
3 45
3 36
6 23
3 72
5 48
4 3
6 21
2 30
4 65
6 34
10 10
10 92
3 25
2 85
3 77
7 49
9 70
7 15
4 13
9 97
2 43
7 90
3 16
1 19
4 17
6 66
4 45
2 58
5 37
1 7
9 11
3 33
2 54
4 69
2 61
3 8
9 73
9 73
2 85
4 34
2 61
4 99
10 7
9 91
7 91
8 91
7 88
4 57
5 12
7 38
4 18
5 76
2 11
7 64
5 96
7 4
7 14
3 41
3 12
8 11
3 66
8 18
2 38
5 81
8 13
2 14
4 88
3 46
1 89
3 7
4 97
7 68
4 84
6 100
1 100
3 23
6 87
8 6
5 68
8 50
2 21
2 56
4 59
10 53
3 91
10 53
5 17
3 46
1 75
10 31
6 7
1 6
10 58
7 4
4 78
10 83
1 71
5 82
2 83
6 33
3 24
4 76
9 55
7 39
6 54
8 32
9 89
2 1
6 58
8 92
3 61
10 29
1 16
6 63
8 40
10 99
9 76
4 22
9 79
1 50
2 78
3 81
5 91
9 87
8 80
7 25
8 75
2 91
8 12
3 30
3 99
7 66
7 41
3 8
3 65
1 8
10 34
4 96
8 39
6 44
1 96
8 17
2 22
4 77
8 98
9 64
5 99
3 27
3 93
8 75
7 77
1 24
4 83
8 67
2 59
5 73
6 90
6 35
4 80
2 84
9 87
3 18
4 4
3 37
7 21
7 13
2 99
3 23
6 33
8 71
9 22
10 89
5 61
4 6
2 99
8 79
2 43
8 30
5 66
10 5
1 64
10 15
4 16
9 72
5 51
6 4
6 68
5 17
3 85
9 72
6 10
9 79
10 77
1 33
8 45
10 81
10 7
6 93
5 30
4 43
8 18
7 2
8 10
8 72
6 20
7 59
1 26
2 91
3 66
5 35
9 13
5 56
5 34
6 50
2 95
7 93
6 54
10 21
7 58
3 90
3 84
5 9
5 25
5 79
9 93
9 68
9 7
10 59
8 24
4 60
8 10
4 13
7 2
4 53
9 34
8 48
8 57
2 96
4 72
7 48
6 36
2 84
9 54
10 8
1 70
4 70
5 7
10 27
9 83
9 78
9 97
5 62
9 97
3 25
8 12
5 57
2 28
3 78
2 5
9 27
4 40
9 67
7 86
4 4
1 89
8 11
3 63
2 50
8 74
6 32
9 16
1 55
1 16
8 28
7 98
3 99
7 5
8 73
9 92
4 40
6 23
5 22
3 84
1 18
10 24
3 25
7 36
8 89
10 66
2 32
8 69
8 88
10 62
6 46
3 95
7 21
9 18
3 21
6 28
6 98
2 25
9 52
5 72
4 71
8 59
7 72
5 88
3 59
6 67
9 27
2 9
3 94
2 42
9 90
9 63
2 65
5 22
7 24
3 96
7 50
1 62
8 38
8 56
5 99
7 27
8 17
9 17
6 52
5 94
2 67
8 30
9 63
2 2
2 27
5 85
3 22
9 13
9 63
3 74
2 48
6 95
7 18
5 23
4 57
1 35
9 73
1 52
10 17
1 7
3 63
1 58
1 33
3 89
9 23
9 17
9 83
6 14
9 51
7 83
5 12
8 9
2 20
3 92
5 66
9 38
2 38
2 30
5 5
10 93
6 58
10 29
4 3
5 38
6 84
6 42
3 50
1 43
1 8
7 32
5 26
4 55
1 58
3 75
10 70
7 27
3 88
4 30
1 73
10 73
7 96
1 58
10 26
9 94
1 9
9 84
8 10
3 17
9 32
6 36
2 43
2 68
10 13
8 96
6 8
7 59
5 89
7 85
8 25
10 74
4 7
3 10
4 10
9 29
3 89
10 10
9 60
3 91
4 57
1 40
1 41
2 45
7 86
3 82
1 78
3 18
4 86
10 55
7 52
4 55
2 79
3 67
4 94
9 53
6 4
1 24
2 59
9 3
4 90
5 93
3 41
2 39
4 25
8 20
5 78
5 2
2 75
9 21
1 84
3 6
7 57
10 22
1 22
6 29
1 75
2 58
8 79
10 9
2 74
3 88
10 72
10 31
10 80
1 54
3 94
5 73
8 50
5 5
4 63
9 70
3 23
9 21
4 67
8 51
1 19
10 11
4 61
10 65
8 40
5 4
8 53
10 35
8 97
2 41
3 69
4 79
1 63
7 34
7 46
8 34
5 54
6 97
9 1
8 93
6 66
10 10
8 93
6 32
10 67
9 66
8 32
7 11
8 47
2 26
5 91
8 41
4 89
1 38
7 1
1 67
3 66
5 68
7 88
3 51
6 17
1 96
9 41
10 83
2 27
6 24
9 91
9 41
