10 18
5 81
9 4
7 31
8 84
10 41
9 80
9 3
10 54
3 60
3 63
9 53
5 27
6 1
1 23
4 58
8 2
3 19
4 39
5 62
2 12
4 5
6 12
3 16
9 45
5 29
4 16
3 12
2 94
7 62
9 39
10 78
10 97
10 31
1 68
3 34
4 93
9 71
2 54
3 94
7 41
7 25
8 89
8 73
7 58
4 99
10 39
3 36
5 67
10 68
7 1
3 85
7 46
4 12
9 54
6 85
6 78
1 12
9 25
3 83
1 36
3 48
4 4
2 77
7 28
2 91
4 93
9 75
5 11
4 62
9 48
6 9
7 24
5 95
2 20
9 19
2 40
5 5
3 69
2 92
2 16
3 34
3 65
6 89
1 15
2 27
4 41
9 93
1 71
6 36
2 3
4 69
3 71
4 95
9 67
3 74
5 47
7 87
6 27
6 87
8 12
10 70
2 9
5 54
9 74
8 45
7 73
8 100
8 58
10 32
10 89
7 67
9 8
6 36
7 14
8 61
1 80
9 95
10 15
10 60
5 95
1 88
5 78
6 29
8 88
8 2
8 68
10 6
7 85
1 23
6 75
7 50
7 61
2 47
2 35
6 78
2 32
10 95
6 75
9 79
1 100
2 4
2 31
10 81
6 92
8 71
3 61
5 19
1 97
6 28
1 33
8 73
1 38
10 22
2 96
7 31
6 18
7 82
6 74
3 17
8 78
3 77
2 17
6 27
8 57
3 88
9 62
5 76
5 86
1 7
1 39
5 17
7 25
2 100
3 82
2 89
1 67
1 3
10 34
1 59
6 61
5 85
10 58
9 93
2 82
3 91
7 66
10 9
4 7
9 30
7 30
9 3
8 4
9 14
3 52
3 19
6 97
4 77
1 16
2 65
4 59
2 31
7 37
8 98
10 42
8 49
9 98
7 47
8 75
1 47
10 20
9 71
4 41
10 67
4 52
1 47
6 69
9 74
10 75
1 81
2 96
9 47
9 27
3 47
4 64
1 17
3 45
1 34
9 53
4 80
4 3
7 81
1 80
5 75
6 44
8 57
9 95
1 90
10 29
1 41
10 25
8 80
10 72
1 97
7 92
8 14
6 52
5 8
10 84
6 29
4 49
4 55
8 76
2 93
7 34
9 89
3 45
8 64
8 96
8 67
1 100
1 3
4 55
3 15
2 88
2 37
2 93
6 83
4 19
6 100
2 97
8 17
5 92
10 9
5 81
7 41
1 11
1 13
3 89
1 67
9 70
2 48
2 53
6 20
6 72
1 32
1 39
7 94
6 73
10 84
6 100
4 83
2 19
10 50
4 41
4 80
7 72
3 35
9 36
10 11
10 47
3 23
2 58
4 95
1 46
2 55
2 56
3 40
8 78
1 93
7 36
5 30
9 72
9 32
5 78
1 56
2 99
4 51
5 58
6 78
8 53
1 76
3 66
8 33
2 9
4 38
6 85
6 92
8 12
2 69
3 80
2 18
7 46
1 26
2 49
8 80
3 67
10 94
2 61
7 46
1 40
8 42
4 97
4 75
5 25
6 21
3 1
5 19
7 59
8 46
5 94
6 13
1 100
5 73
2 25
8 66
4 55
2 51
10 95
5 94
10 79
6 88
7 22
8 72
9 93
7 6
8 34
6 92
7 72
6 17
9 87
10 34
2 22
8 27
10 87
7 66
2 38
9 3
9 18
2 20
5 58
5 11
3 31
7 86
4 51
4 35
5 34
10 54
8 73
8 85
2 66
4 67
5 18
9 64
5 6
4 57
8 44
4 63
9 57
2 99
5 45
5 41
6 11
8 49
3 36
8 48
4 47
2 40
6 43
10 53
5 12
5 39
10 56
8 40
9 66
9 62
2 74
10 49
10 25
2 36
6 47
3 39
7 38
3 86
9 13
7 28
3 39
7 56
2 26
1 92
9 29
7 24
1 82
7 54
2 76
1 39
6 17
3 71
3 44
5 45
5 55
6 79
5 20
4 74
3 94
7 49
8 15
3 80
5 92
2 96
5 9
10 77
1 44
7 77
5 13
2 48
5 91
9 37
10 69
3 41
6 36
10 26
10 58
3 15
10 50
8 43
7 96
2 39
6 62
6 58
3 11
10 44
10 99
10 39
2 74
5 74
1 12
2 51
10 90
1 89
4 90
1 67
5 7
1 81
1 44
9 93
10 40
8 57
7 77
9 31
8 78
2 89
2 62
2 45
10 98
6 66
2 18
8 13
8 100
5 14
7 90
7 29
4 76
4 90
1 51
6 95
10 41
5 30
3 13
3 54
3 14
1 9
4 100
4 59
6 43
7 15
8 20
5 97
1 62
3 68
1 54
3 57
1 28
1 44
2 43
6 8
5 59
6 7
9 25
5 3
6 63
2 72
3 50
7 26
5 26
4 55
6 82
8 71
1 42
4 76
8 2
2 13
10 80
6 7
10 73
5 68
2 84
6 60
3 80
7 61
8 77
7 14
7 11
7 24
7 91
4 98
6 83
2 83
8 37
10 58
10 44
2 14
8 27
8 92
7 6
8 27
6 54
2 14
10 25
6 28
8 64
8 41
7 75
4 97
1 43
2 80
1 62
7 13
10 63
6 60
5 44
5 26
7 98
2 11
10 20
7 40
2 69
3 46
10 28
9 48
3 97
6 100
7 79
2 2
2 8
2 99
1 29
2 52
9 12
10 16
7 92
9 46
10 56
3 40
4 31
7 70
2 52
7 91
5 6
2 95
7 99
10 38
2 47
1 76
10 52
2 10
10 96
4 40
3 84
6 81
1 96
6 1
2 67
6 93
8 41
6 46
7 92
8 72
5 52
4 6
4 19
1 88
7 74
8 69
5 66
1 7
2 43
3 31
3 63
9 94
7 82
1 50
5 37
2 78
5 94
10 63
9 64
10 44
7 24
4 61
4 84
5 22
8 44
8 82
6 63
10 69
1 83
8 99
2 57
6 48
5 35
4 89
1 96
7 79
10 80
1 72
9 61
2 39
6 30
10 25
7 47
6 94
10 30
8 93
10 1
10 66
9 96
8 62
7 70
4 80
9 80
7 26
1 10
7 94
8 63
1 68
1 96
10 91
10 92
1 85
2 7
8 99
5 41
2 36
3 2
6 89
4 53
10 71
6 90
5 74
1 73
3 52
4 85
8 86
8 69
9 77
8 2
3 40
10 38
3 69
6 37
6 7
4 31
8 12
6 30
10 25
1 22
8 7
5 22
7 7
1 61
7 35
6 67
3 60
9 39
5 44
2 87
6 37
10 46
6 76
7 81
8 56
3 52
6 55
2 92
2 44
10 48
6 26
2 65
7 12
5 44
10 86
10 2
5 13
9 90
3 51
10 67
6 94
10 48
4 43
2 87
3 39
1 42
8 98
3 89
4 92
4 48
8 81
8 100
6 20
6 11
5 65
5 21
1 21
3 22
7 7
2 45
3 44
7 39
7 63
9 70
6 47
9 17
1 35
4 5
9 41
4 80
2 66
9 14
6 14
7 26
2 79
4 85
2 65
6 42
3 5
7 20
3 70
3 61
3 42
2 32
10 54
8 91
3 62
10 35
5 12
2 56
6 67
4 28
4 68
2 9
9 24
1 100
10 1
9 46
6 72
3 61
4 48
3 22
1 62
5 95
10 4
10 72
3 24
6 88
9 73
4 26
10 1
2 81
6 32
7 70
1 40
2 89
4 2
10 91
2 5
2 42
4 78
8 78
9 100
6 85
5 53
4 47
10 59
4 8
1 78
5 2
3 34
3 23
6 25
1 24
8 74
9 97
2 89
8 98
7 81
4 77
10 80
8 6
7 98
9 72
6 39
6 6
3 31
10 3
10 49
7 50
9 23
6 7
8 58
2 71
5 54
10 83
3 78
9 56
10 6
3 85
10 41
7 18
4 61
2 18
9 46
6 85
8 92
3 61
2 9
9 3
3 15
10 44
1 58
8 81
10 67
8 16
3 94
3 54
1 22
4 47
8 51
1 73
2 43
8 70
9 17
9 60
3 4
6 54
8 77
4 53
7 41
6 9
3 2
3 78
4 33
2 95
8 52
10 22
5 29
7 78
4 79
7 87
10 25
5 57
2 19
6 64
7 69
5 86
9 39
8 58
3 37
1 57
9 31
8 44
9 91
4 22
10 99
6 76
7 55
2 79
7 55
8 30
6 70
3 33
8 55
1 61
3 61
2 26
3 78
6 47
5 72
3 22
1 36
9 48
8 29
7 75
3 22
7 82
1 31
4 90
4 30
2 57
9 94
3 77
9 61
1 75
4 72
10 16
5 35
8 21
4 63
7 46
10 31
9 46
1 38
8 8
4 34
1 100
7 49
9 90
2 66
9 51
6 75
7 6
3 68
3 67
5 13
2 42
3 43
7 77
4 91
3 3
2 33
5 76
9 35
2 58
5 79
8 81
7 97
9 12
2 30
1 4
5 11
7 19
9 78
2 54
4 64
4 55
10 23
10 15
10 11
7 88
10 8
