4 4
3 59
1 50
4 12
7 18
3 11
3 71
4 60
9 11
1 21
2 99
7 35
4 72
4 24
6 66
6 39
10 40
10 68
5 31
4 89
8 12
3 46
4 73
1 88
8 20
4 94
1 9
4 16
6 97
4 34
4 47
6 26
5 3
1 54
3 22
5 84
9 62
6 76
6 35
9 51
5 66
9 34
1 54
3 72
3 56
4 64
1 49
6 47
8 53
2 57
1 42
2 24
5 92
8 7
1 94
3 48
2 41
2 78
9 30
8 36
2 46
6 35
2 36
1 84
4 49
7 22
9 40
2 55
7 25
3 93
3 36
7 53
10 13
8 44
6 6
4 63
10 33
5 17
9 14
3 87
8 49
10 23
5 19
1 46
4 23
1 77
6 53
1 11
3 17
1 42
10 25
10 31
1 74
6 72
3 13
2 45
1 24
1 78
9 87
4 13
3 100
8 43
2 51
2 98
3 7
9 27
9 15
7 93
4 13
5 18
2 9
7 29
6 77
10 6
1 85
2 35
9 13
2 56
4 49
8 93
10 49
5 67
5 33
3 65
5 69
8 41
8 53
1 4
10 45
3 55
1 96
7 85
1 11
10 42
2 48
4 9
5 76
8 58
8 15
6 50
6 56
10 28
9 41
7 78
10 93
1 57
9 88
10 6
3 96
4 39
7 50
3 85
4 37
4 44
9 39
1 33
2 21
3 43
1 38
3 10
3 27
6 77
9 26
1 59
7 89
10 5
3 47
1 99
3 90
9 90
3 72
1 77
1 31
9 39
5 39
5 57
3 40
6 97
1 74
4 56
8 18
5 22
8 6
7 72
7 20
3 46
10 55
2 11
3 39
1 86
9 93
6 31
10 36
2 3
3 62
3 69
1 71
7 45
3 99
1 19
9 27
9 90
1 86
8 59
5 18
6 14
8 15
9 47
9 47
7 42
6 53
8 29
3 79
2 35
8 86
7 70
8 39
4 33
1 1
8 12
2 46
6 50
9 41
4 78
10 53
3 90
4 64
3 40
4 52
5 70
7 25
4 86
7 15
6 79
4 18
1 3
7 20
1 26
2 96
9 4
8 13
2 39
10 93
7 52
5 9
9 60
4 73
5 70
3 1
5 80
5 71
3 56
7 32
8 50
7 99
3 8
5 17
8 1
8 48
3 11
9 97
8 99
10 24
7 52
7 36
6 48
2 76
9 95
10 62
7 62
2 18
1 27
5 44
10 20
3 71
8 70
9 18
8 81
6 73
6 13
2 59
4 24
5 96
8 43
4 62
9 35
4 22
3 57
3 77
9 53
3 1
6 40
1 30
4 89
4 73
10 56
3 76
3 31
9 8
4 8
2 20
10 43
4 83
4 89
9 61
9 63
4 83
1 6
6 62
9 51
4 31
3 51
4 57
9 60
10 22
7 16
2 3
4 80
2 24
7 20
5 85
4 90
2 43
5 52
2 14
1 76
2 75
7 27
10 63
6 77
7 61
10 85
10 89
6 49
10 21
10 90
10 59
3 66
8 69
7 73
6 6
10 2
2 26
6 91
5 90
1 14
4 98
8 100
7 72
1 46
3 34
3 78
3 32
10 11
9 24
4 30
7 18
1 23
7 80
7 100
6 98
1 21
7 63
1 20
5 2
3 67
4 21
7 57
7 44
3 37
5 4
9 7
10 74
2 30
8 7
8 46
3 15
6 19
2 32
4 34
3 73
8 9
1 7
5 78
1 75
10 21
8 45
2 31
2 26
5 83
7 50
6 52
1 57
10 65
9 52
6 66
9 58
7 42
7 86
9 22
7 61
5 90
9 96
5 3
5 29
3 94
1 50
4 91
5 40
4 2
6 11
3 51
3 73
8 88
5 97
6 93
9 33
2 24
1 41
4 59
2 17
7 35
3 61
2 43
6 99
10 74
10 65
1 90
2 22
6 50
7 69
9 7
2 13
1 67
8 7
9 74
9 56
1 22
9 90
2 91
4 8
6 41
3 76
1 15
8 73
7 4
2 93
6 39
6 7
3 11
3 22
4 41
1 64
3 64
10 46
9 64
9 45
8 95
6 65
10 61
5 78
7 66
4 5
1 62
5 5
5 48
3 67
4 20
3 63
5 32
2 92
4 90
8 16
2 32
5 10
2 37
2 1
7 84
9 18
1 95
6 37
2 22
8 37
3 86
5 26
8 13
3 17
4 68
2 67
4 17
4 54
3 26
10 5
4 23
1 39
9 35
5 96
1 58
5 16
10 96
2 81
5 66
9 8
9 55
8 71
6 65
10 50
6 94
7 4
8 85
3 49
1 54
7 42
9 59
8 85
4 90
6 32
6 8
8 89
7 43
1 32
8 15
7 53
6 23
1 4
5 4
1 15
8 84
1 23
2 1
8 12
3 19
7 11
5 80
10 25
7 91
5 78
2 13
8 95
10 57
9 23
6 31
2 73
2 12
6 71
7 68
3 7
2 12
2 42
1 71
7 19
4 8
8 21
8 91
8 13
8 81
5 47
3 62
2 32
8 63
4 62
6 28
2 32
4 60
6 76
3 11
9 44
10 66
5 85
10 95
9 95
4 39
7 13
8 17
9 44
7 92
1 12
5 42
9 15
7 53
8 3
9 14
4 59
5 64
4 94
5 39
5 59
1 7
4 81
10 5
8 63
9 20
10 81
1 68
6 59
9 16
7 10
7 43
2 60
1 51
4 83
5 25
2 80
10 100
4 83
4 12
3 64
4 23
6 52
2 12
9 68
7 12
2 96
3 98
1 20
10 70
5 42
2 55
4 31
6 71
10 7
6 84
5 88
9 12
4 43
7 57
2 63
1 39
6 74
4 36
1 58
8 11
6 29
1 8
1 18
7 67
8 53
2 88
10 9
5 76
9 76
2 31
1 23
2 90
2 9
9 39
10 51
10 20
3 22
9 48
1 48
7 58
9 96
9 48
6 30
8 11
1 64
9 90
4 5
7 73
7 19
8 81
10 22
5 73
9 27
2 67
2 90
1 21
3 2
1 48
7 44
9 12
4 56
1 98
5 32
6 19
4 9
9 36
4 75
7 27
2 29
2 50
10 27
4 27
7 2
6 16
4 70
4 52
5 98
1 44
8 44
2 16
2 95
5 46
8 55
2 2
2 16
9 59
4 56
2 38
2 19
3 93
9 13
8 63
1 11
7 3
6 26
5 38
1 41
7 62
1 97
8 50
10 68
8 12
7 24
3 91
3 10
7 97
3 4
6 72
1 75
5 34
5 73
2 31
10 18
9 61
10 66
7 30
3 89
10 80
9 3
4 41
3 15
8 58
1 39
6 36
3 81
8 27
8 78
6 4
9 28
7 69
7 65
9 43
2 43
1 99
9 70
10 9
5 7
8 95
7 31
6 71
8 51
2 21
7 100
3 28
9 10
7 36
9 59
3 68
10 45
3 45
5 100
9 79
2 100
6 12
4 83
7 28
4 8
8 81
3 19
9 40
8 91
4 44
3 46
1 38
7 49
5 43
8 98
8 79
9 67
4 54
5 44
6 84
3 79
2 49
4 100
7 52
1 96
9 19
9 49
10 1
1 81
4 87
6 11
4 8
7 23
9 71
4 21
6 63
10 38
10 11
9 18
2 16
3 78
4 92
1 17
5 4
5 95
8 71
8 95
3 6
8 46
3 81
1 82
3 64
3 83
9 14
3 78
4 91
5 19
9 47
5 29
2 32
4 89
3 54
8 19
5 75
9 19
8 10
4 72
1 4
8 19
2 13
2 87
2 77
7 4
4 77
3 18
6 81
9 24
7 92
6 10
3 29
4 33
7 24
9 2
7 79
10 50
1 83
8 93
1 92
3 57
10 20
5 2
8 55
8 48
1 21
10 85
2 92
6 86
9 74
7 65
8 100
4 41
4 29
9 21
3 54
3 6
8 66
3 20
10 65
8 49
6 37
6 79
8 6
5 36
2 13
7 64
2 68
5 86
8 36
3 54
4 35
7 11
4 78
6 81
2 7
7 3
8 29
6 76
8 97
8 84
6 95
7 31
5 2
6 49
5 17
4 37
9 5
4 64
3 99
1 40
7 27
4 58
3 71
4 5
3 69
5 43
8 66
2 55
1 64
7 20
10 22
2 61
5 86
7 56
1 8
6 98
10 31
3 46
6 65
10 6
3 76
3 15
6 84
5 39
10 35
4 62
9 85
3 34
10 58
9 25
10 18
10 98
5 68
3 19
8 74
4 9
6 36
2 37
1 11
8 20
6 34
10 98
6 61
7 69
1 39
1 49
9 38
1 64
6 57
5 4
8 74
6 44
9 81
3 29
7 74
8 77
2 51
1 6
8 90
9 57
5 83
4 98
10 1
6 5
4 59
6 7
9 57
7 43
1 81
3 90
8 57
3 6
8 63
9 64
1 25
2 23
2 86
6 54
10 70
1 20
6 74
9 54
2 20
1 77
10 18
9 26
3 89
3 8
9 61
1 66
6 28
4 46
8 94
10 6
9 64
9 85
8 77
