4 4
2 62
1 10
9 57
2 80
6 15
2 19
2 9
3 30
10 5
8 63
7 28
8 62
2 72
2 67
6 25
10 20
3 84
7 17
1 20
8 41
4 23
10 74
6 14
5 40
6 73
2 83
9 22
5 100
9 44
6 83
4 32
7 62
8 11
6 45
10 11
6 69
8 45
2 59
5 52
1 40
2 45
3 67
6 10
6 4
2 93
2 11
6 13
5 96
5 96
2 46
10 50
1 17
2 5
6 63
5 66
8 56
3 39
8 79
6 32
7 73
10 21
6 7
5 77
8 24
7 86
4 20
9 8
4 86
2 75
2 93
2 93
2 42
1 89
1 17
7 47
9 77
2 18
4 44
10 72
5 59
3 45
7 92
3 33
3 30
5 44
8 10
8 29
6 4
7 58
2 52
10 44
4 43
4 31
6 89
1 46
9 21
1 57
3 22
7 27
6 46
1 34
8 25
5 69
7 95
3 62
9 93
10 27
9 98
6 16
8 79
2 78
1 87
1 46
10 61
8 8
4 86
10 63
4 58
6 55
9 99
7 58
4 74
7 99
4 31
3 25
10 77
10 93
2 3
6 8
8 53
1 28
4 62
1 41
8 66
9 36
1 68
4 56
9 63
4 5
10 59
10 30
1 47
8 39
3 69
10 52
3 3
10 41
2 57
9 90
9 8
9 43
9 18
5 18
2 15
10 97
7 24
5 76
4 14
10 95
3 83
7 61
3 94
1 9
2 81
4 34
4 4
3 78
5 64
4 27
7 22
3 2
6 3
2 70
5 21
5 54
4 48
10 22
8 46
8 60
7 52
10 43
5 63
5 45
4 16
9 35
4 45
5 81
2 8
7 3
5 45
4 27
4 35
10 65
1 64
5 92
4 4
6 38
3 69
4 86
3 69
1 98
7 55
1 86
10 3
7 57
6 97
1 79
6 30
3 22
7 83
10 91
4 55
10 64
10 76
8 67
5 98
6 12
1 40
8 100
10 84
1 96
6 81
6 22
2 19
9 39
4 44
2 49
9 55
7 88
4 14
5 92
9 4
10 21
6 33
4 36
2 42
1 34
10 98
8 4
7 60
9 25
1 34
1 100
2 38
8 69
9 15
5 79
4 60
4 2
3 5
1 58
6 31
3 56
6 87
6 12
1 47
6 97
8 70
6 86
5 65
6 1
4 22
10 26
3 100
5 66
4 21
8 61
4 74
2 43
1 33
2 43
7 53
1 42
2 10
6 59
9 72
8 68
1 95
6 13
7 33
3 16
6 16
4 50
7 98
2 62
3 11
1 12
1 34
1 56
5 29
5 72
2 31
9 32
5 95
4 62
1 23
8 94
1 87
6 85
4 24
9 9
2 26
3 80
10 90
3 87
4 52
4 17
3 57
7 87
6 9
9 91
2 6
1 48
7 57
6 45
2 45
10 72
6 57
7 51
5 41
1 47
5 26
10 2
9 60
8 27
2 98
5 56
5 22
2 28
6 86
10 79
8 83
2 87
3 44
8 96
1 27
3 85
8 20
5 34
9 23
6 6
1 93
2 86
4 86
3 11
9 35
1 46
5 95
5 14
3 36
4 12
5 7
1 87
5 56
9 62
6 5
6 95
10 22
4 33
10 28
1 58
5 99
10 39
1 81
5 26
4 8
4 87
2 75
5 23
8 5
1 29
5 68
3 22
3 78
1 45
3 50
1 84
4 54
8 86
3 13
5 82
5 8
8 5
5 49
7 24
1 92
4 9
1 98
4 87
5 48
7 29
10 82
9 73
4 85
7 91
4 98
5 94
10 37
8 61
9 67
1 18
6 92
8 39
1 88
10 47
8 21
5 58
7 86
7 13
9 52
5 77
3 82
6 26
2 22
7 19
3 91
8 29
3 90
3 10
2 46
8 5
2 88
6 3
7 11
8 52
5 5
9 73
2 24
1 62
3 92
10 81
2 26
2 49
6 97
6 52
10 56
9 48
7 53
8 14
3 6
2 95
5 91
6 26
4 3
2 30
7 14
7 77
9 72
1 15
1 1
8 98
9 90
10 38
2 69
3 73
6 21
4 68
6 91
6 37
9 81
1 47
5 1
3 91
8 5
2 53
4 55
1 27
6 4
4 78
7 68
7 100
9 73
9 9
8 19
1 6
10 52
2 95
5 40
3 13
4 5
10 5
10 38
2 36
3 38
6 53
3 12
6 36
7 2
4 1
10 90
10 53
6 25
2 36
2 7
5 41
5 72
3 82
9 39
8 1
6 92
8 85
9 47
10 17
7 39
10 60
8 49
8 49
4 44
3 69
7 39
8 91
2 74
1 80
2 81
3 54
7 85
3 67
1 77
2 82
6 6
6 70
1 75
5 79
9 33
1 50
2 35
8 65
9 38
6 68
3 64
7 2
9 63
1 68
3 81
4 21
9 94
9 87
5 89
2 98
7 76
4 68
3 36
5 33
1 38
5 20
7 57
7 78
8 80
8 99
7 19
9 51
5 66
10 72
9 50
8 91
6 77
10 33
2 65
1 55
5 4
7 54
4 35
10 61
8 73
7 12
3 64
6 51
5 27
6 96
7 38
7 14
1 12
1 75
3 98
6 33
10 30
6 24
10 27
4 44
8 71
8 67
1 19
5 3
9 42
1 83
3 38
3 82
2 44
8 96
10 16
6 56
4 22
2 96
3 24
2 11
9 48
6 69
9 88
5 48
6 1
10 77
3 50
5 56
3 95
1 86
3 50
4 19
9 29
10 77
4 34
7 13
2 85
2 24
7 4
7 61
4 37
3 78
3 64
4 16
1 79
10 92
10 45
1 60
8 15
7 12
10 42
5 71
6 66
6 70
1 70
1 67
8 94
2 70
3 54
2 25
4 74
10 47
3 100
7 64
2 72
4 95
3 67
10 49
10 66
2 29
8 7
9 6
6 52
6 9
5 72
8 100
5 34
1 21
5 63
4 79
1 16
10 100
9 98
7 70
7 43
2 79
3 66
10 61
9 95
4 60
9 88
3 57
5 72
9 55
1 87
10 44
7 23
2 21
7 98
9 59
4 68
7 47
10 8
9 45
3 27
2 94
9 21
3 63
5 32
4 30
1 7
7 64
1 57
8 80
10 91
6 60
6 52
8 78
4 72
2 66
4 63
8 63
1 100
8 83
9 94
4 29
4 92
5 82
10 37
7 44
2 42
3 48
9 69
5 58
8 74
7 79
5 81
9 19
5 83
7 5
9 98
1 8
2 73
5 7
3 85
9 73
8 95
3 56
2 69
4 97
8 15
1 69
8 63
7 42
1 58
1 72
4 28
6 87
1 90
2 39
6 15
8 64
5 96
6 40
5 93
1 77
5 82
5 92
9 15
3 56
6 28
6 1
9 92
3 42
10 16
8 82
6 76
2 71
1 15
4 31
5 26
7 28
7 28
9 67
5 43
3 70
6 65
4 52
3 69
8 50
5 46
3 79
3 53
4 88
7 16
4 50
6 98
7 33
10 59
8 51
9 36
3 95
10 22
10 72
9 61
5 2
7 69
6 71
6 32
1 46
9 70
7 28
3 30
9 81
6 22
5 4
9 90
4 87
4 6
7 66
9 46
9 77
8 52
4 33
3 98
7 76
2 65
1 31
4 22
7 22
1 59
2 73
10 37
2 78
3 45
4 69
5 6
7 13
4 60
10 26
9 63
3 89
2 10
2 37
3 89
8 10
7 26
5 3
4 85
4 16
1 84
9 47
4 27
1 97
3 80
2 38
7 39
1 10
8 44
5 26
5 45
9 7
6 63
7 86
4 38
10 53
4 31
8 14
5 6
6 66
7 44
10 32
2 5
5 96
2 15
9 71
2 61
6 59
8 87
3 89
1 40
8 98
6 40
4 70
3 15
2 90
10 1
1 82
3 95
4 56
2 44
9 84
4 8
1 45
7 30
4 33
6 94
6 97
3 94
2 8
6 10
7 19
4 18
2 29
3 44
8 85
2 7
7 21
6 48
4 5
3 95
6 41
3 18
10 100
7 66
3 20
5 27
2 19
4 15
9 12
5 59
4 70
10 6
3 41
1 7
10 67
10 78
5 55
5 62
5 90
6 90
3 6
6 86
9 80
4 13
2 13
8 89
2 5
2 64
6 17
3 70
8 80
6 44
4 37
9 3
10 59
4 49
4 17
6 18
5 41
3 99
2 4
9 75
8 82
4 54
1 60
10 85
8 26
8 8
7 67
8 86
4 99
7 32
7 42
5 33
9 90
9 34
2 31
1 83
4 75
2 50
4 95
5 48
6 95
6 34
9 30
6 49
2 19
5 10
3 44
4 42
10 76
10 57
7 4
1 54
2 18
6 67
1 90
6 47
9 50
7 7
9 22
9 33
8 45
10 20
10 80
4 8
3 17
5 89
5 44
3 100
3 21
7 18
8 41
7 38
1 31
1 22
7 23
4 54
2 51
3 73
4 22
2 36
5 31
10 89
8 62
10 77
2 22
5 58
5 71
3 29
2 18
7 48
8 8
