1 94
1 43
5 83
9 12
5 15
4 40
2 39
8 49
7 46
2 79
8 60
2 97
10 98
8 74
7 19
5 39
10 12
2 77
6 40
3 37
4 76
2 65
7 75
10 69
9 34
6 22
5 11
2 36
6 59
5 34
2 34
3 89
8 31
8 5
3 37
9 68
2 6
5 41
7 51
2 57
9 49
1 46
10 67
3 96
3 48
1 29
4 60
1 67
6 31
5 69
1 94
7 45
2 27
2 2
2 67
7 27
10 31
3 71
7 45
8 83
10 1
4 65
1 12
1 10
2 52
8 37
2 22
7 3
4 61
3 95
2 12
2 20
1 20
7 89
7 32
8 97
10 58
4 20
7 27
8 94
9 2
9 55
1 69
7 7
8 57
2 69
5 58
8 83
9 48
6 85
10 56
9 63
2 62
10 1
10 24
5 42
3 20
6 92
5 72
3 25
3 51
8 98
7 75
9 41
3 22
2 53
3 78
1 1
5 19
2 20
9 31
8 83
9 92
9 5
10 18
7 64
1 51
6 92
4 17
7 26
2 96
5 59
2 10
7 63
10 83
5 57
6 29
8 41
7 68
10 17
8 99
5 65
7 1
6 29
3 76
9 41
9 64
3 78
7 6
6 24
4 7
7 16
10 93
2 59
10 30
8 8
1 52
2 87
9 97
4 39
8 63
10 47
5 28
3 90
10 100
4 25
8 16
10 89
9 100
4 14
4 52
8 46
3 37
4 31
10 59
1 53
2 66
1 72
1 10
4 51
6 68
1 85
1 88
1 5
9 53
8 65
4 83
3 67
7 65
8 9
8 54
1 99
7 74
8 44
7 87
4 61
1 41
10 89
8 84
6 27
10 4
9 49
10 8
2 28
10 68
7 65
4 48
4 34
7 74
5 6
9 3
1 21
4 47
4 69
4 12
2 3
7 50
2 94
5 17
1 91
6 54
9 18
3 75
7 36
1 83
3 38
10 10
6 30
5 39
5 61
9 40
8 57
4 18
3 88
8 35
4 18
6 56
10 77
10 20
5 67
5 28
3 30
10 64
2 19
4 28
2 88
6 55
2 21
4 45
1 70
10 33
8 24
3 74
9 17
8 96
8 90
6 25
9 96
5 1
3 86
3 27
10 75
9 15
8 27
10 30
3 77
8 69
1 69
7 54
5 27
6 85
8 81
5 71
9 52
10 45
3 50
7 39
9 5
5 47
2 88
8 77
5 100
3 98
9 65
5 23
4 87
5 88
6 16
10 97
2 76
5 67
2 24
10 12
3 43
4 34
5 15
6 75
5 8
4 55
1 85
3 42
1 84
2 81
4 71
7 67
3 29
3 81
1 94
5 91
1 41
1 14
10 4
10 60
10 37
5 74
3 63
6 25
1 31
6 71
7 59
2 30
6 78
9 13
7 22
1 19
2 34
7 97
3 95
4 18
7 15
10 33
9 9
4 28
8 80
5 28
3 42
7 54
6 49
10 85
10 63
4 5
6 59
5 52
10 44
4 63
8 49
8 10
5 18
8 49
8 10
2 43
10 54
2 34
2 7
9 55
10 84
8 84
8 8
10 19
6 35
8 63
9 15
1 83
5 90
8 55
2 38
1 31
9 18
9 10
10 68
3 80
8 80
5 32
1 100
7 38
1 85
8 41
9 15
1 97
1 45
8 7
5 48
5 62
1 90
6 82
10 55
7 36
9 4
10 50
5 60
1 93
1 100
2 65
1 43
7 52
1 95
10 75
5 72
10 58
10 94
7 27
1 29
10 51
9 69
6 33
10 96
3 76
1 30
3 28
6 68
1 88
8 61
6 51
9 13
1 5
2 34
3 93
4 38
9 13
4 72
10 6
3 87
4 39
8 10
6 57
4 21
2 9
3 57
2 34
4 19
10 61
10 43
5 71
1 85
5 18
8 55
1 48
5 74
1 85
10 60
1 52
3 55
7 31
9 13
10 40
4 36
8 27
2 64
9 85
3 47
3 57
2 68
9 52
8 57
7 56
3 20
9 86
8 6
7 53
1 8
9 18
1 18
3 27
7 25
2 64
1 23
2 100
1 18
6 40
3 3
5 70
8 39
3 51
4 69
7 9
10 46
3 79
4 17
8 89
9 22
8 23
1 14
9 54
1 1
2 47
3 45
6 97
9 7
5 74
6 45
6 93
6 51
5 63
4 30
8 89
2 23
3 74
1 68
10 70
2 82
10 34
10 63
4 35
7 86
10 51
10 34
4 3
6 4
1 95
7 77
6 98
5 68
10 66
2 49
2 85
3 15
4 24
10 32
2 29
5 79
4 22
6 47
5 29
8 71
7 30
6 78
1 42
8 85
1 34
7 40
9 52
10 42
9 46
8 21
6 31
2 10
3 24
9 93
7 48
6 66
8 1
7 24
2 7
2 63
1 31
6 62
9 9
1 54
3 2
7 10
8 5
3 79
5 97
8 56
10 8
5 32
4 39
8 44
8 75
4 81
6 80
8 22
9 85
5 67
1 39
7 82
7 39
3 47
2 43
9 91
5 25
5 93
8 9
1 46
1 32
8 51
6 57
5 29
9 52
9 5
5 66
10 14
5 85
3 72
2 13
6 47
3 31
5 57
7 66
4 37
8 19
2 13
5 71
5 99
9 54
9 16
5 86
3 81
10 99
2 32
5 44
10 28
9 6
4 68
5 62
9 94
9 21
2 51
9 6
2 7
10 78
9 80
3 72
3 53
3 84
5 74
5 94
6 37
5 33
4 63
6 98
4 68
5 4
7 50
8 44
4 2
9 74
10 58
9 46
3 8
1 66
2 58
6 19
6 63
4 46
1 72
6 65
3 97
8 97
2 80
4 51
1 4
9 48
10 81
5 87
3 2
5 23
2 60
4 25
1 97
8 20
7 49
3 19
10 38
7 27
3 23
10 51
3 17
5 6
8 69
3 49
3 84
2 56
10 12
1 11
10 100
2 18
1 9
5 5
10 30
10 16
8 70
6 95
4 24
10 70
7 62
7 76
8 74
3 2
1 82
3 94
5 84
6 57
7 16
10 31
5 43
10 39
5 73
7 47
8 53
5 58
3 68
5 44
7 100
1 43
6 71
7 68
10 61
3 38
5 43
8 55
4 42
5 24
3 4
3 88
8 70
6 28
8 15
3 22
9 33
8 68
6 86
7 65
4 90
4 55
7 40
5 56
8 74
10 34
7 75
2 1
2 85
2 73
8 92
5 26
8 30
3 65
8 67
8 68
2 4
8 49
5 9
4 3
7 9
10 78
3 67
7 19
1 6
9 53
4 17
1 30
8 86
10 70
1 10
10 97
8 86
8 16
1 40
6 2
9 64
4 9
10 14
6 57
10 39
2 64
2 64
1 93
10 38
6 54
8 43
6 48
9 62
9 96
4 75
3 52
1 34
7 97
10 6
2 11
1 38
2 94
8 24
4 20
6 74
3 7
5 30
10 46
5 1
10 44
2 49
6 26
8 57
2 91
3 82
2 26
6 59
1 18
2 41
10 45
1 9
6 20
3 96
6 7
9 38
6 78
3 70
9 63
8 22
8 7
6 2
6 89
4 4
8 94
4 7
10 60
10 44
9 96
6 28
10 54
8 47
8 37
2 7
7 76
4 72
6 9
1 23
2 60
2 75
7 69
4 47
3 39
5 51
9 40
8 26
8 7
8 29
5 40
9 74
6 32
3 4
7 5
9 63
6 96
8 20
8 50
5 72
3 93
5 58
8 49
10 66
10 71
6 67
6 45
10 33
5 35
3 58
6 47
2 12
2 77
5 84
8 58
7 1
5 91
8 32
1 85
10 84
4 97
8 86
2 6
9 23
8 6
2 45
4 86
4 12
4 86
10 55
2 10
4 52
8 27
1 33
3 69
5 76
6 29
2 82
4 44
4 20
5 85
9 30
9 96
4 77
4 19
7 9
3 44
8 36
10 5
4 59
7 81
10 95
8 48
1 58
6 47
9 76
8 90
5 41
8 83
3 54
6 68
9 5
8 49
4 77
5 51
4 100
10 1
1 19
6 90
10 72
5 87
3 75
9 71
6 93
3 77
9 48
10 78
6 36
4 97
1 88
7 16
2 4
1 49
10 50
2 49
3 45
8 40
4 90
10 88
9 87
2 64
10 5
7 73
10 26
4 56
9 27
4 45
10 97
9 57
7 35
7 79
1 44
4 42
6 83
3 95
1 59
6 77
7 6
4 52
7 10
3 57
5 96
4 36
1 97
9 4
5 90
4 64
9 3
9 57
1 16
6 71
4 20
9 52
2 68
3 23
3 97
8 26
9 78
3 17
7 52
6 84
9 79
5 79
3 82
10 100
4 68
3 61
6 99
3 37
9 2
7 87
10 46
9 30
5 13
2 19
10 24
2 15
7 71
7 96
2 19
5 1
10 95
8 59
8 56
1 52
7 88
2 19
7 78
4 76
4 29
8 50
7 19
4 11
7 12
2 68
6 4
5 66
3 93
6 33
3 22
4 17
5 90
9 51
4 45
