1 49
8 65
9 97
10 16
5 53
8 38
1 96
2 77
3 93
9 35
4 98
6 17
4 63
1 64
9 33
1 50
8 23
3 35
6 16
6 30
7 45
2 11
10 54
4 63
2 25
8 63
1 56
6 78
6 21
1 34
3 43
1 50
1 87
10 1
3 65
1 39
1 77
7 71
8 71
8 93
5 63
9 94
9 37
1 36
4 61
6 84
4 94
10 92
7 91
9 46
10 35
9 64
3 34
3 100
7 65
6 52
4 77
5 48
2 21
7 69
1 6
10 14
10 66
3 80
9 89
8 67
1 14
8 32
8 34
1 16
10 74
2 44
10 76
10 49
10 25
5 42
5 86
1 52
4 17
4 48
8 94
8 85
10 79
7 73
7 14
2 30
5 6
5 8
4 49
10 97
2 100
6 10
3 12
10 99
8 73
5 90
3 14
8 65
5 50
3 44
5 42
7 33
1 55
10 69
9 6
9 33
3 11
2 87
10 27
1 65
5 6
9 62
10 21
2 93
6 46
1 32
8 90
1 56
6 76
3 14
4 32
6 8
7 61
5 26
7 60
10 92
9 71
9 34
6 71
10 35
2 95
5 47
7 69
5 76
9 66
7 84
8 30
8 6
9 62
8 34
1 80
2 46
9 36
1 72
3 100
9 90
5 9
1 82
6 17
1 90
6 63
9 11
10 82
5 19
4 87
10 36
5 5
3 17
7 58
3 40
2 68
1 82
10 37
6 68
8 57
6 63
4 3
5 86
5 75
9 27
6 27
9 76
10 44
3 25
1 68
6 96
3 34
1 43
7 55
3 46
1 20
8 73
4 73
7 79
4 76
3 78
2 19
10 65
5 53
2 28
7 27
9 26
1 76
7 82
9 78
2 80
10 64
5 78
8 9
10 15
4 71
10 61
6 42
8 21
1 91
10 63
7 70
6 46
7 96
1 2
4 2
5 45
9 67
6 89
4 12
1 85
2 70
10 54
2 84
5 1
2 8
3 67
7 57
2 38
6 60
2 46
7 87
4 3
2 42
5 82
2 9
2 79
6 63
1 59
2 14
7 80
2 43
10 71
7 9
10 39
8 38
5 44
5 50
1 91
10 69
5 66
8 48
8 30
7 24
7 35
4 27
7 68
6 39
3 55
5 97
8 40
5 15
2 91
4 47
10 24
6 48
5 79
5 30
3 81
3 62
9 46
10 60
8 77
4 6
6 3
3 90
8 19
7 15
7 23
6 89
10 32
3 27
5 15
4 71
3 29
1 37
8 9
8 16
10 25
10 42
6 75
7 35
3 81
8 78
9 29
5 72
6 75
10 34
1 49
5 53
10 82
3 61
8 86
8 11
8 78
4 73
9 87
3 32
4 54
1 68
8 47
7 9
10 55
3 1
1 57
9 18
2 79
10 58
9 39
6 90
1 56
9 25
3 88
10 38
1 61
7 81
7 67
10 67
6 78
8 91
8 95
7 26
7 9
10 71
2 27
2 36
9 9
7 87
10 64
8 76
5 83
9 20
10 4
10 98
1 72
4 46
3 47
9 20
3 12
9 30
4 74
2 46
10 43
10 99
6 37
10 75
1 67
4 39
9 74
8 43
2 87
4 64
10 53
8 20
2 23
6 58
2 56
8 59
9 54
7 73
3 30
6 86
1 39
7 89
5 9
1 69
6 49
5 43
3 6
10 47
6 95
4 82
9 37
4 8
9 32
3 97
8 35
5 65
7 16
2 37
4 1
3 37
5 74
5 29
10 61
6 32
6 16
6 4
4 9
10 52
10 23
3 18
9 53
9 85
6 17
8 48
3 7
7 34
9 99
9 63
4 30
4 24
8 53
3 6
3 77
9 91
7 31
8 78
2 62
10 66
3 20
3 31
9 70
7 4
3 92
7 17
4 85
1 14
9 99
8 25
8 8
5 46
6 61
3 35
5 40
10 78
2 22
2 32
2 97
6 4
6 1
8 79
10 50
9 62
8 42
2 13
6 69
1 96
4 57
1 27
7 54
1 71
4 50
3 68
8 74
6 70
6 73
2 25
6 81
10 93
7 25
1 54
4 42
10 45
2 83
10 60
3 84
10 21
3 65
7 55
9 12
6 88
8 69
4 47
9 63
8 94
8 49
3 88
7 51
2 98
6 46
4 35
3 38
4 7
2 27
7 8
6 44
8 85
2 85
1 16
8 34
3 34
10 58
9 27
2 34
2 50
6 67
8 45
4 48
8 5
2 88
4 45
10 56
6 82
2 84
10 98
1 20
5 28
6 51
8 26
6 36
3 58
3 38
2 68
4 2
5 4
3 63
9 21
5 14
10 61
10 87
4 56
4 96
6 28
8 57
1 99
5 38
3 5
8 70
8 85
7 93
9 7
3 76
7 3
9 72
6 21
4 1
2 45
5 74
4 63
5 19
8 5
9 87
10 52
9 4
1 79
10 40
2 82
3 21
7 37
4 24
2 51
10 27
7 78
5 55
10 92
6 35
2 55
7 87
8 98
3 83
5 24
9 38
8 58
6 12
6 41
9 53
4 2
9 1
8 44
5 49
4 16
1 67
4 50
4 46
3 99
2 56
1 47
7 53
1 83
4 90
9 9
3 7
4 7
4 63
2 57
1 86
5 62
6 11
7 95
8 16
4 76
3 79
6 23
1 1
5 7
6 70
3 75
4 79
6 69
6 64
2 78
3 17
1 58
10 28
5 36
7 38
2 12
7 60
9 66
6 80
7 85
8 61
1 92
10 7
2 36
3 85
1 99
6 13
3 85
2 38
10 26
6 34
1 84
2 46
7 30
7 95
9 62
1 91
1 36
4 49
8 49
5 61
3 100
5 29
7 74
8 25
1 65
3 26
6 7
6 54
9 9
9 7
10 16
10 83
10 91
9 4
3 79
5 69
5 24
9 26
2 34
3 44
3 69
2 73
8 89
10 47
6 17
4 3
5 42
5 42
4 45
7 8
5 71
9 49
9 33
1 29
9 68
10 72
7 5
2 83
1 71
9 46
3 91
6 27
4 37
3 16
4 1
2 1
5 100
4 13
8 6
2 11
4 16
3 24
4 27
2 72
10 100
3 99
7 43
3 27
7 32
8 28
4 45
10 47
6 74
9 76
2 42
10 14
2 47
10 25
8 94
10 33
3 56
3 13
3 13
9 35
10 28
6 51
1 36
8 27
4 38
2 74
2 6
6 48
6 73
4 59
7 17
10 28
2 73
2 37
6 5
2 96
6 12
7 28
10 97
3 91
8 43
8 61
9 11
8 52
6 8
4 9
4 90
1 31
8 24
8 59
3 43
8 4
10 52
9 1
2 41
9 93
5 14
3 79
2 51
10 74
8 58
8 37
2 63
7 81
9 95
3 79
1 22
6 5
9 45
4 20
10 37
10 100
7 10
6 25
4 31
6 35
2 47
10 32
6 53
10 54
2 49
4 96
4 84
6 54
2 18
5 85
7 51
3 24
4 11
5 34
4 43
3 45
6 70
3 85
10 52
5 94
7 27
2 66
7 23
8 27
1 72
1 1
2 52
7 65
4 46
5 95
5 19
10 70
5 55
10 50
3 40
7 33
10 100
1 31
6 37
9 4
2 66
6 52
8 28
8 100
7 14
9 8
2 55
7 29
8 87
2 83
5 53
4 75
9 52
6 97
10 44
7 38
9 20
8 30
4 15
4 79
3 44
5 56
2 63
1 2
9 21
7 46
1 91
2 25
8 20
8 16
5 45
6 19
5 47
5 42
5 88
5 40
10 59
2 72
4 22
8 37
7 41
3 61
7 46
2 74
9 99
9 46
8 100
1 53
3 90
9 89
10 25
2 26
8 95
6 28
9 70
10 34
1 100
5 81
6 1
9 82
1 74
7 17
2 21
9 39
5 50
6 22
4 73
4 85
7 89
7 55
5 5
4 97
9 34
10 77
9 18
1 25
8 60
7 21
8 52
1 73
10 78
5 79
2 27
5 17
8 37
2 54
5 53
2 67
2 30
9 86
9 39
6 31
9 61
4 80
3 73
8 43
8 95
9 33
8 89
7 6
8 45
2 13
7 16
7 15
4 64
2 12
5 70
6 77
10 94
8 11
8 4
6 97
1 31
10 71
5 69
1 49
3 51
4 91
6 79
1 9
9 84
7 50
8 41
10 29
7 35
4 81
2 64
3 56
1 85
10 99
5 16
7 8
2 87
6 97
4 98
10 9
3 75
6 61
9 85
3 5
1 74
6 12
10 47
9 46
8 62
10 74
1 50
5 25
9 96
8 78
8 45
5 79
6 57
4 29
1 2
7 16
2 41
7 17
9 95
8 93
9 32
7 99
1 19
2 63
3 6
6 64
2 80
1 11
6 72
1 97
1 52
2 70
1 4
10 4
6 82
1 56
6 67
4 3
2 59
3 86
6 22
6 56
9 51
8 90
3 55
7 54
3 51
10 87
1 14
7 28
6 54
8 39
2 78
7 98
1 78
2 86
5 87
4 57
9 85
8 62
5 35
8 47
