6 85
9 83
9 77
1 69
7 98
3 72
4 10
4 87
1 65
9 10
4 30
7 83
6 11
5 76
9 8
3 95
2 51
2 66
6 47
10 20
5 94
6 85
3 29
2 58
4 45
1 21
3 80
4 8
6 43
2 76
10 18
1 69
10 92
9 33
10 70
2 72
3 11
10 28
5 91
7 93
4 17
7 30
5 50
5 26
7 8
9 99
5 80
6 99
8 48
10 94
10 26
10 31
3 59
10 73
8 27
3 89
4 94
7 39
5 18
6 99
10 52
9 19
1 55
6 6
7 92
9 76
10 8
5 89
4 47
10 56
2 81
2 6
3 96
10 91
2 30
8 17
6 29
2 14
10 74
3 13
9 46
7 71
3 87
9 71
10 62
1 21
1 58
7 71
2 99
3 74
8 82
2 24
4 89
4 34
8 33
3 22
6 51
5 23
1 4
5 93
10 14
7 29
9 45
1 13
6 47
8 92
2 49
8 81
5 70
4 2
5 93
1 82
9 98
9 12
9 14
9 67
1 98
2 34
6 27
4 91
4 100
5 73
1 7
5 12
7 17
3 87
3 21
3 8
8 77
3 26
3 66
7 72
8 38
9 46
6 35
1 95
10 53
9 46
7 85
5 5
9 30
7 31
8 98
2 97
9 47
2 18
7 11
9 33
10 85
6 44
3 73
9 43
7 36
6 1
8 82
2 7
3 93
6 96
6 39
3 5
3 43
9 3
7 49
3 85
8 53
2 32
9 50
9 75
3 76
4 24
4 90
9 3
8 90
9 48
6 53
8 51
9 83
8 9
7 85
7 70
5 56
1 51
10 17
8 60
9 60
4 66
5 2
5 96
10 1
3 25
6 63
10 96
7 61
3 44
9 38
1 65
2 79
5 11
2 23
9 14
9 49
1 71
3 22
6 27
8 81
10 38
7 53
8 4
9 11
5 76
9 52
3 41
8 10
7 62
2 71
9 89
4 32
9 8
6 89
1 88
3 24
2 56
9 48
8 58
10 91
2 93
5 20
3 48
2 49
5 18
10 97
8 100
9 99
4 63
6 87
3 31
8 48
10 81
6 91
2 24
8 70
8 48
1 98
2 35
5 76
10 9
7 6
8 4
3 99
2 58
7 4
4 11
1 27
2 90
1 26
5 19
7 40
10 51
4 33
4 53
9 51
9 6
7 97
1 44
7 64
4 55
8 61
4 41
4 43
8 40
8 74
7 78
2 81
6 56
4 97
10 27
7 74
4 10
3 39
5 1
4 14
5 44
6 62
4 64
8 81
3 18
6 99
7 2
9 93
4 74
6 18
3 33
5 76
7 79
5 71
8 15
1 36
7 80
5 57
3 49
6 50
10 8
2 95
4 94
7 47
6 85
2 65
7 67
8 63
10 55
1 30
3 2
7 44
2 84
6 21
2 48
4 80
3 78
10 93
6 52
6 41
2 46
3 46
10 36
10 46
2 24
9 35
9 57
3 5
7 94
5 3
7 20
2 67
10 100
2 86
6 37
7 21
2 15
3 96
5 5
4 32
4 52
1 34
10 49
10 54
3 63
2 45
4 35
7 89
1 7
2 92
6 89
6 77
3 54
3 39
3 77
3 86
10 26
7 56
8 89
5 25
6 12
9 55
8 86
10 5
1 81
2 19
3 31
8 31
7 81
2 31
8 61
2 16
10 86
1 28
4 98
10 8
2 44
3 51
2 72
4 87
9 80
6 21
8 84
2 61
10 94
4 77
3 21
10 71
1 61
5 2
3 8
4 88
3 39
2 88
10 43
9 90
5 91
4 21
7 68
9 21
9 60
3 37
3 88
10 17
5 89
9 91
8 46
5 61
2 29
3 75
2 31
4 92
7 74
8 48
10 22
2 36
4 68
9 98
10 83
7 74
8 100
5 14
7 9
6 15
8 58
8 34
9 26
9 35
6 89
10 60
2 3
10 54
3 48
10 88
4 94
10 84
3 73
7 56
10 81
9 94
3 47
7 1
4 38
9 72
1 45
5 37
10 2
4 15
10 5
4 12
2 44
10 38
3 16
6 28
8 17
9 46
3 58
9 15
2 67
6 28
1 56
4 85
8 93
7 30
1 16
3 69
7 42
2 24
4 21
5 59
6 95
6 31
3 29
6 56
5 99
9 5
3 56
7 35
5 90
10 29
2 44
5 95
7 12
1 5
4 24
10 64
10 72
4 64
7 39
7 77
5 56
5 64
10 68
9 84
8 61
9 63
7 21
8 43
3 1
8 51
6 5
2 15
4 59
2 87
5 80
4 5
9 42
7 1
8 36
6 94
7 27
7 31
4 79
9 28
7 66
2 8
10 53
9 29
3 98
5 10
2 52
5 16
10 67
10 71
4 16
2 41
6 12
4 67
3 79
9 19
7 7
7 65
1 47
9 53
8 9
4 83
7 28
2 79
10 33
5 100
2 28
8 36
8 60
3 77
10 11
8 47
5 3
8 22
2 67
7 83
1 58
4 32
6 50
6 97
2 48
7 67
2 61
2 83
8 74
10 14
7 5
9 96
7 55
10 40
6 61
5 60
3 51
2 50
9 12
7 43
7 89
5 19
8 81
1 99
10 34
4 98
3 19
10 75
7 94
6 40
4 9
4 68
7 44
3 21
1 97
8 32
7 16
2 90
3 26
7 11
10 34
6 1
2 67
1 64
7 78
10 13
3 35
6 42
3 10
7 69
7 73
6 97
4 13
7 14
10 71
8 71
3 96
5 55
10 96
1 93
9 13
1 42
2 48
3 42
8 17
8 82
3 84
1 33
3 83
5 56
3 76
2 56
6 61
1 68
10 91
4 9
3 59
5 55
4 54
5 84
10 21
5 64
3 51
10 64
5 35
10 56
7 49
5 25
10 100
4 100
5 86
7 93
6 17
5 39
2 51
4 85
9 61
7 59
2 68
4 71
10 17
3 11
4 39
3 7
5 58
5 55
3 43
8 99
8 43
4 36
2 14
10 5
7 98
5 6
6 5
9 85
6 28
4 78
2 16
2 65
7 51
7 40
4 44
1 26
10 49
9 88
1 95
6 67
4 56
3 19
5 68
3 50
2 93
2 92
8 98
2 76
2 70
9 37
1 59
4 15
3 22
5 21
6 3
8 79
4 50
2 32
8 47
4 7
3 15
5 68
4 36
8 91
4 29
2 28
2 7
1 81
1 43
7 93
6 32
7 13
4 53
3 50
2 82
10 88
7 35
8 26
3 54
4 54
9 5
6 50
5 5
4 9
4 19
4 57
9 48
5 10
3 84
5 30
9 71
1 71
1 17
5 29
8 68
5 70
8 1
5 3
7 19
2 58
7 51
8 49
3 5
8 14
5 17
8 82
1 43
5 18
8 41
10 63
7 86
7 10
5 19
10 72
9 34
5 56
7 95
6 41
6 25
1 52
6 81
10 71
10 15
3 69
6 82
8 74
10 33
5 74
7 83
4 11
1 35
6 68
5 79
2 73
10 3
4 4
9 43
8 5
5 70
10 99
7 89
10 36
9 83
7 55
5 59
10 52
3 61
7 41
9 70
5 41
8 80
4 35
9 33
5 84
3 71
4 52
10 49
5 43
9 2
6 33
7 69
4 61
4 16
10 88
5 77
3 16
10 46
6 92
5 60
8 4
10 53
10 33
8 99
8 36
10 89
7 86
3 21
3 73
10 52
4 40
4 99
9 32
5 7
10 63
1 95
6 4
10 73
8 73
2 75
10 19
4 88
8 37
4 69
7 72
4 5
9 81
7 9
9 79
7 17
5 85
5 71
9 18
2 20
8 57
4 68
10 92
1 4
5 11
7 82
6 61
8 72
2 20
6 11
4 43
8 98
2 77
8 92
5 20
9 27
9 64
4 55
8 35
9 23
6 70
4 15
7 14
6 11
2 28
7 24
6 86
1 21
3 76
5 94
3 92
5 60
9 34
5 40
4 59
4 3
1 22
10 22
6 69
3 56
3 62
8 65
4 69
4 2
2 25
2 96
8 60
6 17
5 48
4 74
5 54
7 58
2 93
2 20
1 67
6 46
6 21
3 86
3 84
4 38
2 45
10 19
7 61
6 53
3 69
3 31
3 43
2 66
5 94
6 21
3 12
3 21
8 25
4 70
10 99
8 91
2 91
5 66
10 43
6 28
9 50
2 12
3 5
5 26
10 86
10 16
7 44
2 33
3 23
4 78
2 94
8 19
8 31
1 70
8 30
1 63
1 26
2 64
3 50
7 75
3 35
1 26
4 23
10 15
5 38
2 62
6 41
4 49
2 42
6 91
7 14
1 68
7 38
6 65
8 88
4 15
3 25
4 83
5 77
3 29
2 31
6 61
3 80
6 100
2 47
2 92
2 79
2 61
1 64
3 27
2 32
6 56
7 62
7 18
10 70
4 61
2 53
8 40
10 83
7 59
1 38
3 10
9 53
1 56
9 39
9 76
10 34
1 4
3 41
1 56
1 14
9 54
10 64
9 91
10 73
5 83
3 32
5 49
