5 26
2 31
10 11
10 93
5 4
10 23
7 31
9 60
1 56
5 5
3 6
2 9
9 90
3 58
5 17
9 71
7 54
4 91
1 63
7 50
8 86
1 81
2 40
8 32
3 92
7 29
7 97
7 20
7 71
9 75
9 17
5 39
1 37
7 84
2 83
7 42
1 16
10 6
1 47
4 25
9 50
8 44
3 72
9 56
7 54
3 52
3 60
8 2
4 95
9 86
10 73
6 31
1 73
2 88
1 8
4 71
4 53
2 22
9 2
10 82
10 75
3 77
5 65
8 23
9 51
3 49
9 25
6 11
10 3
1 5
1 72
7 93
9 21
6 3
6 92
3 37
9 50
7 10
1 25
1 83
5 35
9 26
6 33
10 27
3 72
2 48
5 42
3 80
5 1
9 48
8 17
7 50
5 15
2 52
7 98
1 5
2 29
1 55
6 16
3 86
3 61
9 5
7 47
8 67
1 62
9 79
10 21
10 21
2 98
6 5
7 32
4 47
10 99
4 62
7 83
9 29
7 55
6 48
3 78
1 79
4 37
10 98
4 81
10 69
7 18
9 19
3 49
2 15
4 59
9 86
6 24
9 4
10 72
9 49
5 84
1 92
1 12
6 12
2 92
8 15
6 21
8 61
5 76
2 5
8 86
6 39
2 31
8 98
7 97
5 57
8 76
5 97
6 20
10 17
2 63
5 3
10 41
8 79
3 62
7 70
2 16
1 85
5 82
8 28
3 50
5 58
9 90
7 31
2 93
3 78
8 85
9 16
3 12
1 97
5 65
7 2
6 25
7 73
9 92
9 38
5 6
7 98
4 15
7 18
6 91
7 17
10 58
3 99
6 76
1 88
3 57
2 13
2 57
2 33
10 42
8 35
10 11
6 32
2 34
2 81
7 14
6 100
10 7
4 52
3 70
3 86
10 56
6 94
1 36
6 55
8 90
4 4
7 80
10 44
2 7
9 97
7 90
3 74
4 67
6 34
6 2
1 85
7 93
3 14
5 14
4 62
10 12
3 65
1 56
7 86
4 43
10 82
1 26
6 70
4 51
9 50
4 92
3 16
4 69
7 73
6 62
9 14
1 67
4 41
7 5
8 87
7 10
1 80
9 60
3 35
7 14
10 96
1 72
10 3
6 22
9 42
9 50
7 67
9 51
10 73
10 5
5 85
1 6
7 62
8 6
6 38
7 48
8 15
9 34
7 74
3 44
4 70
3 8
10 97
9 13
7 57
10 89
3 38
5 13
7 92
3 6
9 72
1 42
7 44
7 98
6 73
1 74
4 28
4 37
9 1
4 76
1 68
10 14
8 93
1 83
5 7
1 86
8 2
3 44
2 55
8 23
3 41
6 76
5 13
7 46
1 97
6 52
7 3
9 46
4 82
4 95
6 95
1 3
5 74
9 16
5 83
4 47
7 48
10 23
10 25
6 89
3 51
10 78
2 74
6 78
4 45
4 81
1 52
10 57
10 26
8 76
8 1
3 52
9 40
8 14
4 95
5 75
6 14
4 89
8 12
5 90
9 11
5 10
2 37
1 88
5 85
8 40
3 93
4 68
4 40
8 61
8 45
1 48
1 66
10 10
1 10
9 17
7 18
7 57
2 55
4 84
2 100
3 35
4 58
5 65
3 60
9 5
4 12
3 56
10 4
10 84
8 51
4 97
2 84
10 27
7 34
4 41
9 45
7 85
7 73
8 8
7 20
10 89
4 75
10 10
1 50
5 28
8 65
3 73
1 20
4 99
5 73
3 70
5 89
9 11
2 33
8 21
10 29
9 22
3 60
3 96
4 22
3 65
2 49
1 84
6 98
1 57
4 53
6 5
6 21
6 84
5 100
3 52
2 25
9 7
10 68
3 41
7 22
7 43
6 54
3 8
10 98
1 62
4 62
7 61
4 20
2 21
2 27
10 9
2 66
6 89
3 86
1 56
4 40
7 23
4 10
8 39
5 72
9 49
1 19
1 45
8 30
1 72
6 45
9 80
7 39
4 35
5 63
8 46
3 79
3 52
9 74
1 70
7 93
7 79
10 73
4 26
3 43
7 48
9 80
9 84
10 76
5 73
10 19
9 16
5 67
2 63
2 17
7 17
3 95
4 47
6 15
4 85
1 75
6 79
10 13
8 71
2 21
5 28
8 9
5 96
10 85
8 7
10 81
2 28
2 24
2 9
5 86
8 88
2 7
5 33
4 43
9 16
6 22
5 43
5 46
1 47
8 99
6 12
1 31
3 7
10 75
5 14
9 70
8 44
2 9
9 74
3 79
7 90
8 60
9 18
5 62
7 5
6 63
10 71
9 70
4 62
7 76
6 42
6 71
8 81
10 43
8 39
9 45
5 34
8 58
4 34
8 68
6 10
1 44
4 3
6 56
6 57
8 71
3 63
2 84
3 51
7 40
5 88
9 53
2 24
1 83
1 19
7 73
4 26
3 98
6 12
3 26
7 64
9 1
6 99
3 50
2 53
9 8
2 19
8 42
3 65
6 65
6 31
1 45
10 52
6 17
3 55
2 75
2 98
6 20
5 54
6 36
2 57
10 15
10 99
10 93
7 27
7 27
7 73
5 75
2 70
10 53
9 40
9 36
1 9
4 78
9 31
3 79
4 10
5 49
7 5
10 53
3 99
4 62
8 10
1 32
3 27
10 87
7 26
10 33
1 7
6 30
7 2
7 39
10 19
9 11
10 3
1 87
8 40
9 32
10 88
3 84
9 14
1 17
4 69
8 9
2 85
6 48
1 40
5 4
5 22
2 24
7 57
3 39
2 96
5 19
4 43
2 50
8 20
5 33
8 29
7 98
3 3
8 92
1 48
9 73
7 97
4 83
6 46
10 12
6 70
1 34
7 17
2 19
7 50
8 26
7 27
10 13
3 34
3 50
9 86
2 94
7 5
1 82
9 14
9 71
10 41
9 36
8 17
6 94
9 42
1 84
1 7
1 25
3 36
9 55
3 47
4 13
2 98
8 45
8 9
1 68
5 19
7 19
3 12
5 73
7 65
5 87
7 4
10 20
4 2
2 21
10 10
2 80
6 8
8 18
1 28
4 70
5 62
2 43
6 8
5 33
8 23
4 92
6 66
1 82
9 59
4 98
3 52
3 32
4 63
1 74
4 71
3 70
1 47
9 22
3 33
9 57
1 68
2 41
9 26
9 21
9 13
3 9
2 52
7 72
6 15
7 30
5 41
1 8
9 11
2 94
9 89
3 83
5 39
7 40
1 83
8 51
3 35
9 34
4 35
2 17
10 80
7 21
4 14
8 63
10 28
7 29
5 67
8 56
10 46
2 92
2 85
2 44
10 96
8 53
6 96
9 59
1 49
2 83
7 83
8 68
10 15
4 97
7 20
8 96
6 88
10 5
8 13
3 22
8 94
10 67
4 55
5 37
4 36
7 60
10 11
6 79
8 76
4 5
6 26
1 86
10 12
3 7
3 30
2 99
8 75
1 74
5 65
8 16
8 51
7 56
1 42
5 79
5 26
4 33
10 21
5 47
4 20
5 78
2 69
6 11
10 4
1 56
9 33
5 84
8 80
7 47
3 9
9 37
8 91
4 38
9 40
5 78
5 38
10 63
5 33
4 11
5 26
4 24
8 96
8 64
7 73
5 82
10 19
3 97
10 2
8 2
3 55
1 8
7 55
9 8
3 7
2 99
9 19
5 58
4 60
6 73
4 27
5 56
9 93
5 18
10 6
5 15
7 63
3 61
3 79
1 27
4 1
6 91
9 44
6 98
5 56
2 11
10 70
10 9
3 82
7 5
1 81
5 31
1 19
7 49
3 90
6 51
1 78
9 10
4 4
3 17
1 98
10 49
8 98
3 13
6 95
1 90
5 49
10 68
6 59
2 27
2 28
7 80
2 7
8 57
5 21
3 65
4 46
8 36
5 67
1 20
1 47
3 84
6 23
10 90
10 44
1 39
3 73
4 26
3 43
8 24
4 26
10 76
4 52
3 64
2 65
7 6
3 70
9 12
7 24
1 63
3 25
7 83
3 17
9 18
6 91
9 70
5 91
6 57
7 37
2 52
9 28
8 76
6 97
7 33
6 82
1 64
10 75
2 37
9 56
3 98
5 93
5 92
9 51
1 40
5 5
1 21
5 51
4 52
8 99
5 80
7 90
8 10
1 53
8 86
2 49
10 48
10 8
9 25
3 75
1 65
8 95
3 18
10 52
3 48
1 4
7 9
1 59
8 63
3 88
10 45
5 86
7 63
1 45
2 63
2 40
4 20
2 15
7 60
7 1
10 63
1 77
6 64
10 79
3 93
8 35
7 31
3 73
9 15
6 59
10 23
7 16
9 14
9 58
7 75
4 20
10 45
4 14
6 80
9 49
1 7
6 94
6 88
5 75
7 100
1 39
1 28
4 100
6 69
7 67
7 83
10 67
1 50
6 97
8 70
7 48
2 58
3 34
5 3
8 84
6 34
10 12
6 36
5 92
1 31
9 70
2 91
