5 21
3 41
9 97
4 88
7 38
4 13
8 9
8 36
1 84
9 15
9 64
6 76
8 20
2 11
10 19
2 45
3 41
7 63
6 71
9 14
4 86
1 67
2 15
9 87
4 41
7 84
2 34
3 68
10 87
2 56
2 80
7 68
9 37
4 78
6 47
7 64
6 2
5 24
6 59
1 75
2 91
6 77
1 17
2 29
4 53
10 1
10 81
8 74
2 23
1 70
6 85
1 1
6 98
4 58
2 70
6 19
9 62
5 98
10 86
8 88
7 84
5 50
9 74
3 22
1 4
2 11
1 68
2 6
7 94
7 3
5 56
9 28
2 42
1 77
1 71
5 100
3 46
9 67
8 1
9 69
9 72
9 65
7 68
1 31
4 58
2 42
6 47
2 6
7 39
4 59
4 92
8 50
7 49
8 9
9 19
1 98
1 11
2 61
8 93
4 27
10 34
1 71
7 2
6 80
3 45
4 81
9 96
8 54
3 86
7 14
9 10
7 22
3 65
1 26
1 68
3 59
3 69
1 38
5 14
8 83
7 60
2 58
6 71
5 95
3 85
2 64
9 49
10 29
3 17
10 40
3 93
6 39
10 37
7 7
3 1
8 99
6 95
8 62
6 17
7 18
10 18
2 26
1 1
5 15
8 89
9 99
10 27
5 58
7 44
5 82
9 34
4 23
4 56
4 29
3 48
5 47
4 73
1 92
6 41
6 39
4 99
3 47
1 62
8 81
5 4
1 12
2 78
1 36
1 49
4 79
4 81
2 17
1 66
9 38
8 93
3 6
1 37
3 76
3 59
8 36
3 31
7 4
2 60
2 30
4 56
2 80
3 90
8 77
2 77
3 28
1 2
5 19
4 37
6 30
8 33
7 70
1 38
10 85
1 77
2 56
4 59
2 77
2 70
7 10
8 37
4 43
1 63
9 3
7 100
1 90
9 92
2 8
6 93
9 2
1 76
3 31
4 3
6 9
6 70
8 22
1 28
2 93
3 41
9 66
9 34
5 55
2 89
4 62
10 44
8 12
8 93
9 55
1 80
6 43
3 45
6 43
1 72
5 80
1 91
8 72
3 95
10 5
6 16
3 51
9 63
1 44
10 5
1 39
7 38
2 49
10 71
4 9
7 3
6 19
2 81
2 40
10 23
1 24
9 55
8 24
8 70
7 75
3 23
2 8
8 73
4 35
4 85
8 53
9 75
5 66
4 8
6 79
8 90
8 84
6 92
6 44
2 4
3 75
9 32
8 86
9 89
10 75
9 27
10 63
7 89
4 9
1 8
9 24
5 72
5 90
9 31
3 69
6 95
5 46
6 51
1 80
4 38
5 59
1 59
9 11
6 77
8 17
4 23
9 80
2 85
1 60
8 91
1 44
5 78
7 39
6 84
7 95
6 35
5 65
4 100
4 4
10 83
6 92
3 12
8 55
4 60
8 44
7 4
7 52
6 88
5 94
1 20
10 86
1 46
2 71
8 31
8 95
2 63
2 92
3 100
9 40
2 23
7 81
8 63
5 11
8 82
10 56
5 34
2 47
6 65
3 32
9 98
5 67
8 85
6 48
6 49
1 60
1 100
2 99
3 71
8 86
8 69
3 95
10 67
8 80
1 42
9 88
7 12
5 94
3 88
1 52
2 50
10 43
1 60
1 54
10 5
7 53
3 7
8 73
4 50
9 73
3 67
8 59
6 82
1 45
9 62
1 44
5 24
5 16
8 4
7 10
1 16
10 11
8 41
1 56
8 47
5 39
8 53
4 2
8 47
8 31
9 46
2 20
8 82
4 80
1 82
9 60
6 60
6 72
4 31
1 22
10 67
4 50
10 68
7 59
10 48
4 18
2 83
7 85
3 61
6 7
3 19
7 79
2 54
5 78
5 81
5 62
5 53
2 74
4 20
6 72
7 32
7 31
1 98
1 21
9 80
4 52
5 3
3 78
3 57
6 95
8 6
3 89
4 78
3 22
1 41
2 88
1 67
2 21
3 99
4 70
3 19
8 56
1 25
8 99
10 42
6 100
3 48
3 73
9 13
7 3
8 27
1 23
5 78
8 57
9 71
8 15
7 27
10 15
4 63
8 77
7 88
9 36
7 90
3 96
7 75
7 4
8 21
3 25
7 92
3 15
6 48
8 72
8 43
9 16
8 96
2 33
3 47
7 60
6 99
10 84
3 30
1 18
9 9
3 99
10 58
10 19
9 71
10 54
5 100
4 64
9 51
4 61
10 60
3 4
9 40
3 99
1 5
2 97
7 93
8 11
10 71
4 12
3 19
5 71
4 93
2 19
4 10
8 43
1 22
6 88
1 62
8 12
1 65
5 44
5 7
6 83
4 87
7 30
6 38
7 57
9 22
7 12
5 75
9 82
3 14
6 95
5 87
1 43
5 97
10 56
8 29
7 98
2 75
7 71
7 31
6 50
2 24
5 92
6 55
10 81
4 63
8 41
9 40
6 77
7 46
4 33
7 48
1 44
4 2
1 41
10 49
9 80
3 90
7 87
2 58
1 19
2 93
5 64
7 89
4 40
5 86
4 39
6 92
7 77
2 41
6 60
6 62
3 14
1 97
4 88
2 1
6 1
9 1
9 54
3 54
2 10
7 20
8 89
2 81
4 21
6 23
4 66
1 92
10 13
9 88
4 84
5 34
2 64
9 42
6 3
9 35
10 38
4 21
6 39
3 63
4 45
8 80
6 29
2 60
8 51
1 79
3 22
2 29
1 69
6 33
7 49
10 16
5 7
1 48
3 43
6 74
7 95
6 37
1 49
3 43
8 34
4 95
9 100
3 24
4 70
2 93
3 34
5 32
7 32
2 66
2 63
3 70
10 49
4 34
9 24
7 59
4 84
1 23
6 75
8 38
9 53
9 98
4 10
3 9
6 70
6 30
7 4
5 35
6 46
2 1
10 64
2 65
3 79
6 36
8 6
6 54
4 21
5 37
9 63
3 21
1 62
5 20
8 45
9 24
10 42
6 60
5 53
1 97
5 6
2 1
8 11
5 98
4 66
1 73
7 71
2 26
10 37
10 9
10 55
4 71
9 53
7 47
5 1
5 70
8 17
3 46
2 51
1 52
7 45
2 3
10 42
4 2
8 90
3 56
10 90
9 82
4 100
3 77
6 86
3 54
3 1
5 60
1 49
9 18
10 68
2 30
6 98
8 26
3 32
5 97
2 81
5 42
7 77
5 10
4 96
8 80
6 100
5 6
2 15
3 98
4 13
4 87
4 56
6 10
5 74
4 13
7 17
3 15
2 94
7 55
10 65
3 67
8 8
3 73
1 62
2 37
3 39
10 5
1 75
1 54
6 41
4 88
6 93
6 53
6 86
2 59
1 38
9 13
6 55
10 32
9 85
3 39
9 82
10 8
5 9
1 26
10 22
3 52
7 75
1 92
6 33
10 46
6 2
6 80
10 67
8 76
5 22
3 72
8 6
5 81
2 7
5 14
2 74
3 8
2 73
6 68
9 63
4 93
1 83
3 85
6 19
3 79
7 34
4 20
9 15
7 23
3 29
10 29
5 99
8 85
8 71
4 13
10 72
7 4
6 14
8 72
4 64
9 88
9 16
6 67
5 93
3 30
9 10
9 13
8 63
6 57
10 31
5 79
10 97
1 9
2 75
4 58
5 4
10 12
6 21
8 20
8 49
1 47
8 35
1 25
3 97
3 52
4 46
8 25
7 24
6 30
2 33
10 56
4 37
5 26
3 77
5 25
2 26
1 21
1 63
7 76
7 65
3 36
1 71
1 53
3 79
6 15
1 85
2 61
5 45
4 91
2 51
2 12
1 36
7 97
5 20
4 23
8 64
6 64
4 88
3 89
7 89
5 27
3 22
5 72
6 6
10 9
3 24
6 39
4 95
5 42
10 19
3 42
10 20
7 17
3 74
4 27
4 18
5 70
8 17
5 85
3 55
5 51
7 44
1 68
10 43
7 41
1 83
9 2
8 51
8 25
8 85
7 9
6 95
2 9
9 18
6 99
7 60
3 34
1 58
1 36
7 48
4 29
8 70
4 69
9 83
8 32
4 40
6 68
7 50
3 79
9 73
3 60
5 98
3 65
8 63
1 47
3 15
2 2
3 45
5 96
5 74
9 85
6 96
6 24
2 49
7 41
10 65
3 86
1 99
7 9
6 87
6 37
3 22
8 57
4 87
8 2
10 63
8 24
6 92
8 5
5 82
8 10
10 67
1 27
3 53
10 69
1 77
9 82
6 99
6 53
5 9
10 41
3 83
7 38
9 1
5 67
4 7
3 66
4 22
10 93
6 3
5 57
4 94
6 38
10 57
6 59
4 75
9 92
6 20
3 22
6 99
4 58
10 39
7 54
9 75
5 97
3 25
10 26
2 50
4 81
1 36
1 34
8 37
4 50
8 44
9 60
9 42
8 85
8 2
6 73
7 94
9 87
10 99
8 75
5 36
10 74
5 68
7 78
8 18
3 13
5 33
7 5
6 53
