5 66
10 10
2 18
1 27
10 61
8 31
8 70
2 40
6 82
7 4
10 86
2 96
2 7
2 95
5 47
5 43
6 17
1 15
6 93
9 42
10 44
3 43
8 88
5 87
6 89
9 83
2 15
4 50
8 27
8 59
3 69
9 28
8 88
2 9
10 2
1 4
3 58
6 50
1 81
2 6
2 57
4 33
6 73
8 14
8 53
1 28
5 88
1 27
5 41
4 76
1 13
5 2
10 49
5 38
5 59
10 58
5 25
4 34
4 65
2 99
9 4
4 74
8 64
8 97
7 74
2 81
5 12
8 60
5 7
7 9
1 5
6 75
4 70
7 78
5 65
9 34
8 70
7 27
10 48
2 85
5 65
6 86
1 25
9 9
9 89
4 86
7 56
4 80
10 13
4 22
7 60
8 55
10 6
6 96
3 32
5 85
7 3
6 61
9 60
6 62
2 27
4 5
10 98
3 62
6 40
6 61
9 91
4 61
8 3
8 38
1 41
6 98
6 1
3 28
8 84
7 47
9 33
6 14
6 70
6 61
3 68
5 43
3 81
9 37
2 7
1 80
2 62
6 87
7 61
7 49
10 37
5 95
3 59
3 53
5 93
7 64
10 13
3 8
8 67
7 59
2 44
3 74
6 99
10 94
5 16
4 8
8 56
1 27
5 89
1 3
1 30
7 76
9 55
5 40
10 51
1 82
1 59
9 40
9 93
4 36
8 13
5 19
4 92
10 14
9 30
8 99
8 38
8 80
3 14
9 71
1 72
8 47
4 8
10 70
9 11
10 68
4 94
9 47
8 53
8 70
7 8
3 76
6 4
8 82
8 9
1 34
1 43
4 57
6 52
2 100
4 82
3 43
8 98
8 45
10 32
3 68
4 82
8 84
9 16
7 48
1 94
8 75
9 99
7 9
5 72
5 39
4 17
6 61
5 68
6 43
8 1
6 55
9 87
6 11
3 67
3 22
2 15
9 68
4 65
4 67
8 79
2 86
9 41
7 21
6 34
6 35
8 38
6 73
5 48
3 91
7 48
2 41
6 54
4 16
6 95
6 15
6 84
10 97
3 17
8 40
6 42
6 36
10 98
7 35
9 89
3 85
1 28
7 69
3 73
3 27
7 24
8 36
4 75
7 16
10 21
6 38
9 22
4 43
6 90
1 8
3 7
1 70
2 6
10 38
2 73
9 29
2 37
10 43
4 11
9 51
3 54
10 11
3 40
3 38
10 4
7 2
9 12
5 65
6 67
4 11
1 43
6 47
6 97
8 87
9 6
9 82
4 23
7 66
1 89
4 18
4 99
2 62
8 41
2 14
2 65
10 41
1 57
3 15
3 57
1 85
9 34
5 98
4 44
1 31
4 73
5 84
5 36
4 71
9 41
5 49
2 39
4 11
5 32
2 63
10 72
10 61
5 81
1 25
7 66
8 64
9 20
2 91
1 74
10 7
3 14
4 70
9 62
1 14
4 84
5 38
8 34
1 3
4 21
2 81
4 77
3 87
6 98
8 79
1 66
5 95
2 99
1 53
10 40
10 22
3 80
7 44
5 80
6 50
5 71
7 25
9 16
5 48
4 58
9 100
5 63
3 30
1 3
6 23
9 73
7 83
3 90
1 65
8 49
1 39
5 87
2 69
6 27
9 24
5 66
6 74
4 53
6 1
7 16
2 47
9 80
4 68
7 5
9 62
9 78
10 61
10 89
1 57
5 22
1 59
3 80
7 54
10 45
9 64
5 44
2 48
3 29
10 46
4 32
1 49
6 98
1 57
8 61
8 38
9 78
9 21
1 58
8 50
6 10
7 30
1 5
4 8
9 29
2 44
5 16
10 56
6 49
9 67
10 43
6 63
1 87
5 45
9 14
10 84
5 61
2 5
9 1
10 11
1 35
10 51
10 42
6 94
3 72
1 90
4 50
4 75
8 59
10 84
7 1
4 99
5 13
1 70
10 57
3 31
7 11
3 59
4 96
10 75
2 6
7 39
4 32
2 76
1 21
9 6
2 88
8 27
10 23
1 12
4 29
9 37
7 54
7 79
7 31
4 51
5 4
9 38
3 91
6 85
2 98
1 86
5 33
6 44
4 49
10 97
9 41
4 66
8 28
2 64
2 79
2 18
4 21
9 90
9 73
7 18
5 28
9 57
3 77
1 11
5 58
10 5
9 21
1 57
7 55
8 98
3 8
5 69
9 61
1 88
7 96
4 68
8 27
9 51
5 96
5 2
9 87
4 90
10 80
3 38
6 77
9 85
3 2
6 50
2 5
5 12
8 89
9 97
6 98
7 47
7 21
4 47
8 10
7 98
7 96
10 89
2 18
1 20
7 61
5 71
5 25
4 9
1 12
2 95
6 5
7 62
1 74
1 17
10 11
9 5
8 72
6 22
4 5
10 51
10 76
10 67
3 7
7 48
6 93
3 33
4 12
10 43
2 54
7 8
5 5
5 97
1 15
2 98
2 58
2 28
10 45
10 62
10 5
8 33
1 60
9 79
7 64
7 67
4 8
4 4
10 16
6 60
5 34
10 87
1 38
9 73
9 46
9 36
9 31
5 75
5 53
3 81
5 13
7 78
7 42
8 89
2 69
6 26
4 6
9 79
7 4
2 14
6 1
1 94
10 44
9 67
7 12
3 7
2 50
4 24
2 66
10 52
5 63
5 28
3 13
2 41
2 21
5 37
8 44
5 90
5 40
3 29
6 8
7 82
8 79
4 56
1 37
4 7
4 22
8 2
6 96
8 73
6 100
9 28
9 8
10 46
9 12
2 16
5 95
5 92
5 37
5 67
7 27
2 96
5 91
10 56
2 91
6 51
3 25
7 3
7 29
8 89
6 67
2 61
7 3
2 55
8 19
1 76
3 44
10 38
1 29
3 29
3 10
3 75
5 61
1 83
7 31
3 63
7 77
5 59
1 9
9 86
5 97
10 28
8 28
6 53
6 17
7 78
2 73
6 14
6 51
1 92
10 98
10 36
9 87
4 4
7 38
2 29
9 36
7 71
10 47
2 46
3 62
5 99
8 31
10 39
2 96
6 98
1 50
9 12
4 85
10 2
1 100
8 44
1 52
6 48
1 73
10 7
2 13
2 63
4 30
4 53
5 71
9 92
6 71
6 28
2 45
7 97
4 64
9 12
1 83
8 88
8 1
2 89
1 21
3 11
3 80
8 90
3 84
6 11
8 28
8 90
1 45
1 74
2 2
7 79
6 95
4 95
6 53
2 21
4 18
4 46
10 51
3 66
10 52
4 75
3 67
2 28
3 73
5 21
4 70
5 87
8 48
2 21
4 31
10 74
1 81
7 97
2 41
4 23
2 82
4 43
6 22
2 69
6 92
4 62
2 32
9 35
9 85
3 17
9 37
10 56
6 17
1 8
2 55
4 34
3 79
6 28
7 10
6 1
8 70
7 56
1 47
10 19
7 2
2 7
1 5
9 51
7 86
3 19
3 66
2 84
7 78
4 61
3 12
3 65
3 40
10 24
5 9
3 75
8 92
3 85
6 56
1 52
8 53
7 29
6 32
9 12
7 39
1 48
3 46
3 15
3 57
1 33
9 100
6 72
7 46
6 81
1 54
6 21
10 14
7 19
2 38
2 38
1 51
8 46
10 5
5 61
1 30
3 52
6 86
7 80
10 1
4 63
7 79
5 64
3 96
1 88
7 71
8 2
2 85
3 98
6 1
10 37
2 30
3 77
7 45
4 33
2 83
1 57
5 19
9 16
4 3
5 37
6 37
4 80
3 26
9 82
5 34
1 57
4 1
9 72
5 74
6 10
8 3
10 37
5 18
8 37
9 75
3 58
1 27
2 68
8 45
7 71
8 39
5 80
4 40
9 32
3 81
9 63
4 99
6 47
8 48
6 39
6 37
10 91
3 32
5 31
2 2
9 56
4 22
1 15
8 6
5 57
2 6
7 76
4 15
1 97
1 77
7 58
8 17
9 63
10 34
9 44
2 94
3 26
3 98
2 56
1 24
5 61
7 77
2 97
2 3
4 77
3 68
2 59
5 2
3 14
1 75
6 70
4 21
10 21
9 26
1 32
5 77
1 22
1 46
10 26
1 44
1 99
4 83
10 40
4 68
4 98
9 81
7 7
10 1
5 29
9 8
5 4
7 49
4 25
2 13
3 12
4 38
1 72
3 56
5 23
10 43
2 65
9 66
2 3
6 28
10 69
6 18
2 59
3 49
3 9
1 18
10 50
6 28
1 28
6 12
1 27
5 44
5 76
10 55
6 80
2 82
1 58
5 61
9 21
1 80
4 91
10 36
1 8
4 38
7 3
4 35
9 92
3 95
8 42
7 20
2 71
3 18
5 67
10 49
8 54
3 55
5 99
2 89
10 82
4 36
1 68
10 1
1 38
8 79
4 12
7 1
8 17
10 56
3 17
6 10
7 14
5 97
6 80
7 91
2 48
4 71
10 96
1 74
1 13
4 64
6 62
5 14
4 49
9 25
8 60
