8 41
3 5
5 24
10 18
2 18
4 16
2 26
8 10
10 43
10 14
3 23
7 90
4 60
1 53
10 14
8 70
5 22
1 7
3 65
7 41
6 24
4 72
7 33
7 83
4 76
9 7
9 44
9 77
5 13
4 86
1 70
3 98
3 7
9 53
4 99
7 6
9 88
5 56
6 12
9 36
4 15
5 66
4 27
3 97
5 89
6 54
4 93
5 43
1 62
5 37
9 31
5 96
6 66
5 41
1 96
3 75
1 38
7 81
8 14
3 11
1 98
5 88
7 6
10 29
1 5
9 68
4 31
3 20
5 74
4 65
10 96
3 16
9 15
6 10
6 24
3 14
2 66
2 32
10 42
10 19
4 42
6 71
9 7
8 66
2 80
4 70
9 20
8 25
8 15
2 27
1 42
5 80
5 46
8 46
3 56
6 26
2 63
2 65
2 25
3 73
8 75
10 55
8 5
3 64
5 47
3 86
9 26
1 97
10 58
6 38
6 25
5 90
4 9
5 82
5 28
4 70
5 25
2 83
9 30
8 45
3 77
4 42
10 96
7 79
3 50
3 65
3 79
8 67
8 24
2 42
2 93
8 29
8 100
6 40
6 92
5 73
5 10
2 92
6 91
8 64
2 82
2 61
2 41
9 20
1 84
4 25
7 66
5 90
3 2
3 70
4 18
1 92
4 22
9 86
1 31
3 29
1 14
1 72
2 12
10 37
7 45
3 60
10 67
3 12
5 49
3 51
10 40
9 26
5 77
5 90
3 76
10 61
1 34
8 89
4 79
10 8
9 23
1 89
5 3
3 19
6 30
6 37
4 39
5 26
5 87
6 30
8 96
5 21
5 93
4 12
2 79
6 95
7 94
1 78
4 58
8 97
5 93
9 66
7 34
4 73
6 95
9 92
7 84
7 85
4 13
8 85
3 82
10 99
6 21
10 26
3 37
1 76
1 58
1 68
8 10
1 6
4 23
9 83
3 42
7 20
1 12
2 53
7 15
4 95
1 26
4 73
4 39
10 4
1 89
5 26
9 6
2 75
4 33
8 11
6 49
2 23
3 60
8 78
3 15
3 28
9 43
7 80
5 88
5 78
7 58
10 64
3 86
5 25
6 47
4 97
7 50
10 25
2 83
1 6
5 41
2 22
9 58
3 85
10 37
4 2
5 29
8 79
10 27
9 3
5 23
8 11
1 44
9 88
9 66
3 64
8 78
3 44
4 9
5 85
8 77
5 92
3 97
9 81
8 84
3 79
7 26
10 71
2 71
6 62
8 93
8 20
4 25
9 47
7 25
2 5
7 81
6 31
5 84
9 12
7 70
5 2
1 72
2 71
3 8
6 43
8 40
9 22
3 74
7 42
3 90
8 80
6 100
6 64
2 80
2 38
5 28
3 31
9 66
7 45
6 23
7 8
3 7
3 11
3 22
1 31
1 16
5 74
4 75
9 31
9 71
9 37
10 91
8 79
2 77
6 81
1 18
8 69
4 90
6 89
6 60
4 96
2 75
1 75
7 84
4 99
9 83
8 76
10 5
3 98
5 16
7 13
5 3
9 66
10 69
2 30
8 9
8 5
7 15
5 20
6 74
10 89
7 77
5 92
9 49
9 72
1 78
2 18
8 90
6 46
10 7
2 97
3 40
9 28
8 48
10 87
6 47
5 36
10 65
7 99
7 84
6 48
9 83
6 45
7 18
3 10
7 82
8 34
1 65
9 58
2 61
2 34
7 75
4 54
6 55
5 91
8 25
6 78
10 70
1 72
10 27
2 54
6 28
3 81
8 37
4 66
7 16
8 40
3 14
5 80
10 91
7 58
4 41
10 56
7 9
10 29
1 22
7 29
6 46
7 10
10 63
8 34
4 11
10 48
4 65
8 37
3 65
5 62
3 18
1 96
3 58
10 95
10 54
9 88
4 97
2 86
5 68
6 31
3 72
6 21
4 59
1 7
10 12
4 14
9 59
4 79
9 10
3 27
2 60
3 14
5 99
5 83
8 31
9 89
3 25
3 24
6 53
4 67
9 46
2 75
7 81
3 24
2 82
3 51
7 87
10 24
9 53
7 51
1 28
1 79
9 43
3 2
1 50
3 24
5 62
1 95
7 27
4 36
5 36
10 72
10 39
4 10
9 83
2 69
5 76
2 74
4 62
3 8
1 83
1 68
2 39
6 87
2 98
6 27
2 41
9 95
5 77
7 8
1 9
4 45
9 50
3 53
3 78
7 29
3 59
5 100
7 10
8 84
9 61
10 8
10 73
6 7
8 52
2 37
4 66
8 35
3 11
7 21
1 79
5 41
6 30
10 75
9 23
7 69
2 84
10 16
9 59
9 88
1 77
4 49
1 72
8 68
10 70
9 6
7 29
2 68
4 29
8 3
1 87
3 62
4 84
8 95
10 93
10 18
3 63
5 18
2 30
6 2
3 56
3 88
4 55
1 98
2 59
7 97
10 80
9 63
6 56
1 84
7 18
7 13
10 2
9 42
8 43
3 11
4 96
3 26
9 95
4 55
2 21
2 48
8 67
9 4
10 21
6 36
1 17
2 82
3 59
1 14
5 61
6 74
9 46
4 69
9 71
7 68
10 34
3 61
10 83
8 70
2 98
9 62
7 60
10 63
3 13
4 25
3 14
5 47
4 2
3 88
1 49
1 87
1 50
3 16
2 58
7 7
4 99
1 96
4 41
5 82
4 65
8 92
9 19
10 54
9 98
2 28
9 55
6 66
7 2
3 92
1 55
7 13
10 97
9 36
6 41
1 70
8 70
8 75
10 48
2 3
10 35
4 53
2 46
5 88
9 53
9 22
6 17
9 15
4 67
5 10
1 89
8 87
7 68
7 25
9 61
9 63
7 99
7 26
2 82
2 93
3 32
10 86
10 78
2 81
6 50
9 67
2 55
3 29
2 72
7 3
1 34
3 76
8 21
1 36
8 27
5 18
5 58
10 63
5 12
1 59
3 33
6 91
6 96
5 29
8 53
4 85
3 71
1 24
9 2
2 31
8 49
3 17
5 16
3 62
2 65
5 62
8 68
3 38
7 15
4 1
8 40
1 10
4 64
4 38
9 1
6 38
1 8
2 72
1 16
10 11
8 63
1 68
1 44
6 55
5 90
9 63
1 12
5 79
1 60
4 2
3 31
5 66
1 56
5 61
1 93
10 61
4 15
9 27
1 52
2 7
3 60
4 62
5 97
6 20
5 1
1 64
1 63
9 43
8 93
9 66
2 4
10 29
6 81
6 82
7 53
8 1
8 69
7 26
8 92
5 100
6 29
2 73
2 1
2 96
3 46
10 62
8 67
4 83
2 37
6 29
9 34
8 15
1 48
7 27
8 8
4 4
5 26
8 79
8 98
2 18
10 49
8 14
8 34
10 54
9 22
3 80
2 27
4 10
8 78
3 9
2 90
5 52
10 94
3 80
7 9
6 61
3 64
7 80
10 12
10 39
6 50
10 15
10 17
3 21
6 44
3 25
8 37
4 87
8 42
9 51
4 18
6 32
8 52
10 18
4 21
6 74
8 24
4 79
3 91
10 54
9 76
5 1
3 74
5 18
9 62
3 32
1 70
9 20
3 69
4 82
3 10
6 82
6 71
3 98
1 98
7 38
2 91
4 55
7 24
2 5
10 94
9 7
7 73
4 45
5 76
9 90
7 26
3 36
2 69
5 86
2 53
7 64
7 45
10 38
1 91
5 63
5 46
5 85
6 38
7 22
6 79
9 81
5 29
3 32
4 88
9 42
8 81
7 85
3 14
7 26
3 4
6 21
4 46
6 64
4 53
10 88
10 58
6 23
6 44
1 5
7 41
1 62
1 24
7 65
3 22
4 55
1 86
3 30
4 57
6 10
7 58
2 75
6 51
3 37
2 99
10 24
4 85
9 14
7 73
3 60
10 85
6 42
1 13
9 28
9 69
5 14
5 82
6 26
3 77
5 13
5 72
4 48
2 30
6 59
8 77
6 77
9 30
1 33
5 10
2 12
3 93
7 60
10 73
6 34
10 92
8 77
9 1
2 62
7 73
1 95
4 27
1 52
9 23
3 18
5 45
7 73
7 52
2 28
1 34
3 27
5 91
1 20
6 26
6 14
8 1
10 52
1 88
2 15
3 46
7 64
7 32
7 25
10 63
2 2
2 1
6 96
1 79
6 70
4 74
5 92
1 4
1 1
1 2
3 52
6 9
9 95
7 5
10 93
6 67
10 19
2 10
5 42
9 77
5 23
9 81
2 91
3 33
5 6
6 12
3 24
7 54
9 15
5 68
8 60
1 46
8 65
1 50
2 76
8 39
3 19
9 24
8 32
6 79
4 67
1 95
1 34
1 2
8 69
9 16
8 16
10 97
2 70
5 85
6 47
6 10
8 39
8 62
10 14
1 4
2 84
2 2
3 43
3 77
3 87
5 5
1 22
1 40
4 97
7 42
8 63
5 42
7 17
5 12
10 18
9 70
2 58
2 74
8 35
