4 69
1 99
3 3
3 12
6 32
10 47
10 5
1 85
7 37
5 81
7 40
9 48
6 73
1 49
1 53
8 31
3 25
2 93
10 26
5 6
5 81
4 90
6 87
7 1
4 19
5 63
6 8
5 40
6 21
8 35
6 46
3 86
1 65
9 57
9 63
6 44
4 46
4 7
5 36
4 85
5 38
2 61
8 94
4 82
5 59
8 40
6 32
5 68
3 52
9 85
10 33
4 58
4 58
8 26
7 8
6 50
3 1
8 13
3 17
8 97
3 87
1 22
7 62
6 61
8 37
5 71
1 96
10 92
8 51
2 83
10 17
9 56
2 98
2 33
3 58
4 58
5 77
6 87
3 60
7 96
9 54
5 98
10 61
5 45
6 55
5 82
7 34
5 26
3 55
4 40
2 67
9 8
1 68
2 45
3 3
9 31
1 25
7 82
9 51
1 26
2 23
10 52
4 80
9 65
8 18
4 46
2 35
9 100
2 6
4 83
5 23
8 15
5 36
6 43
8 75
7 42
3 15
7 99
6 65
4 12
8 49
1 83
9 31
5 54
4 6
1 50
4 86
9 71
4 65
10 25
7 100
3 66
6 71
2 61
9 53
2 21
10 77
1 64
1 6
10 30
8 3
10 32
6 39
10 53
7 41
1 1
9 74
1 46
10 31
10 45
10 7
5 41
5 42
5 51
9 57
4 23
5 39
5 62
6 35
2 81
8 96
6 18
4 70
9 66
5 91
7 75
3 79
7 79
10 80
3 66
8 23
6 30
10 16
10 21
6 76
2 57
2 46
3 87
9 11
1 85
2 71
1 83
9 37
8 41
2 43
1 84
10 84
2 74
8 99
4 48
5 33
6 75
9 79
10 14
6 65
3 52
1 7
8 82
7 23
10 72
8 75
8 81
10 37
2 100
8 96
10 71
4 83
6 3
8 58
3 55
3 37
8 2
3 58
4 58
3 26
6 75
9 31
5 37
4 73
6 4
5 59
6 86
9 77
7 51
9 85
6 80
1 75
9 88
10 94
7 41
4 96
8 23
6 65
8 1
9 41
8 49
10 88
2 41
8 28
4 77
3 34
5 74
10 6
5 90
5 81
9 86
7 72
5 56
8 88
9 27
5 56
2 36
10 47
4 1
9 15
4 13
7 91
1 70
7 10
4 55
6 12
6 81
8 55
2 6
6 67
9 57
9 2
7 57
8 72
9 40
8 66
5 36
6 62
4 19
5 19
2 8
1 92
10 22
3 32
3 76
2 35
10 70
3 68
8 4
3 18
6 72
7 18
1 74
2 88
8 73
8 94
5 73
9 95
1 21
2 47
7 39
1 88
5 2
3 81
3 4
3 71
7 12
2 90
3 31
1 90
6 24
4 27
2 85
3 90
5 19
1 57
7 86
5 47
2 9
7 38
8 17
5 5
4 80
7 87
8 42
4 2
4 20
1 77
6 65
8 49
3 34
3 26
1 6
3 58
5 99
9 58
1 61
7 70
4 76
8 72
2 48
4 93
10 81
1 44
4 57
1 99
1 20
3 88
5 51
3 14
7 41
5 1
4 82
7 8
2 97
6 65
9 1
5 31
5 100
2 97
8 52
6 26
1 4
3 25
6 92
8 38
3 97
1 60
9 32
2 4
4 81
8 7
3 84
5 27
4 87
10 63
2 51
3 21
10 98
10 57
9 58
6 76
5 53
1 3
1 73
10 14
6 54
4 9
8 70
7 35
2 96
10 14
4 90
9 59
7 62
7 63
2 69
3 23
7 92
7 8
4 83
3 94
4 79
5 60
10 82
2 14
8 6
9 15
8 4
1 46
2 69
10 15
1 44
6 18
4 82
4 33
3 94
8 24
1 60
7 23
8 65
3 7
8 73
7 61
8 38
4 88
1 61
8 22
1 8
10 75
6 11
6 34
9 100
2 64
8 89
3 91
2 31
4 32
4 46
9 93
3 60
8 22
1 56
7 15
9 29
6 72
5 76
10 70
6 70
4 90
3 98
3 18
1 84
6 35
4 91
4 42
1 25
4 29
2 45
3 31
9 42
3 2
10 67
10 1
5 91
1 57
4 64
8 31
10 67
3 13
2 94
8 93
5 14
2 47
4 32
8 57
6 68
10 42
10 70
2 80
1 77
4 63
8 1
10 7
1 85
6 38
7 66
2 100
6 51
1 33
6 45
10 85
5 55
10 18
9 8
7 82
8 33
10 66
7 23
1 28
1 97
5 14
3 71
2 58
2 99
5 63
9 5
1 92
8 66
1 27
9 37
3 31
2 19
2 16
9 45
9 50
5 44
9 69
6 61
4 64
10 55
9 72
1 74
5 41
3 10
1 45
9 1
6 64
4 34
3 31
8 79
8 4
5 38
3 43
3 40
5 5
3 91
6 62
10 30
4 49
7 95
7 15
3 32
2 84
9 23
3 8
2 93
2 18
3 78
2 12
3 72
5 78
3 62
7 24
1 52
4 11
5 72
10 47
9 7
4 12
7 57
9 99
7 24
5 13
8 53
1 95
8 34
1 33
10 69
5 25
4 32
5 19
1 34
9 4
8 8
3 71
4 54
1 88
3 6
5 12
9 7
9 14
6 93
9 9
9 19
9 83
10 14
7 30
8 16
4 61
3 33
9 26
9 16
2 91
4 5
2 83
8 24
9 68
8 93
1 75
2 53
2 40
1 86
8 95
3 24
4 48
2 5
6 100
7 23
10 84
10 16
3 59
7 7
10 20
4 70
3 78
2 67
1 73
1 25
10 91
6 59
10 99
7 92
2 93
9 16
8 31
7 99
10 56
9 60
3 59
8 12
2 43
10 97
3 58
5 17
9 33
9 72
5 55
7 23
3 82
7 27
9 19
7 14
2 96
5 9
7 9
5 51
10 29
10 6
9 27
2 4
6 21
5 57
5 12
4 68
4 74
5 32
6 2
1 65
9 34
6 88
9 62
2 60
8 88
7 31
4 8
10 1
3 76
1 31
8 22
3 45
4 46
8 38
8 98
1 49
2 55
4 57
3 66
7 69
4 29
1 27
8 33
5 68
1 49
3 57
9 9
2 60
7 69
7 17
10 44
5 28
9 9
5 46
2 93
2 96
4 35
7 87
10 14
6 89
3 85
8 85
9 49
5 83
6 39
8 71
5 77
10 88
5 7
4 53
8 47
2 48
4 79
2 27
6 35
7 29
1 55
7 12
9 2
9 77
5 85
5 58
8 31
7 80
3 90
10 46
8 4
9 17
5 60
8 78
7 31
2 94
4 84
6 45
8 48
9 78
1 30
8 43
8 35
4 92
1 81
3 23
10 8
2 28
9 74
3 98
1 52
8 54
9 6
5 22
4 2
5 43
2 79
5 61
6 41
3 21
4 93
2 42
1 86
7 51
3 50
8 92
7 96
6 32
2 68
5 16
9 26
1 74
1 71
10 5
5 24
2 97
1 29
6 39
2 16
8 40
4 91
2 11
4 56
6 8
1 99
1 70
10 82
4 73
4 94
4 27
4 22
6 34
10 41
6 64
2 64
10 69
4 62
9 33
5 41
2 26
8 29
3 21
6 91
10 75
5 77
10 50
2 6
2 18
5 22
9 30
8 43
8 4
5 86
10 54
5 13
3 74
9 50
2 25
4 2
2 4
6 31
10 19
1 31
8 67
1 51
2 64
9 21
8 20
9 95
8 52
3 57
1 37
6 37
4 38
2 41
6 64
9 73
8 2
6 27
4 56
9 93
10 100
2 50
10 90
5 90
7 25
8 93
2 21
1 26
9 71
5 41
2 99
10 62
8 58
5 12
3 74
7 39
6 27
8 62
7 4
2 38
3 22
3 40
1 92
9 26
7 44
7 90
3 34
1 42
2 48
9 88
4 75
5 49
2 33
6 65
9 23
9 92
1 42
7 28
1 53
3 56
8 71
3 60
6 47
4 70
4 72
4 29
9 13
3 36
6 45
1 23
7 84
5 7
6 74
9 88
8 76
3 21
6 82
7 54
1 20
9 41
1 21
5 92
4 90
4 51
2 32
10 80
7 30
2 11
6 65
4 3
2 53
2 32
9 29
6 98
6 48
2 96
10 4
7 61
7 72
4 75
5 37
4 55
3 45
6 25
6 61
4 3
4 93
4 93
5 38
7 34
4 11
7 34
9 85
1 76
9 6
8 43
10 89
6 58
6 73
3 97
4 40
6 90
10 58
1 53
10 35
5 12
9 33
8 100
10 95
8 53
1 96
10 24
6 68
4 55
10 19
8 29
3 14
10 21
5 90
8 55
9 20
1 34
5 59
8 28
6 51
7 7
5 43
7 100
5 70
5 12
2 61
3 27
6 85
5 49
10 64
9 51
10 31
2 54
1 71
1 25
2 17
5 100
3 81
1 50
3 34
3 83
1 73
3 75
1 35
7 56
9 36
7 94
6 18
1 70
10 15
6 32
7 96
9 74
10 96
6 51
10 41
1 33
1 17
2 92
7 56
1 55
6 46
4 56
2 97
