10 57
1 8
1 25
7 20
9 3
10 85
9 6
5 57
8 42
1 64
7 66
6 26
2 47
4 13
9 86
5 28
8 73
1 30
5 92
5 98
7 95
4 60
9 1
3 40
5 39
5 38
2 81
1 74
10 10
8 66
3 55
2 7
6 89
5 5
8 40
5 32
2 83
7 12
9 25
4 99
3 1
1 55
1 51
2 23
4 44
6 15
1 60
3 72
9 95
7 37
6 29
1 9
3 99
5 30
9 16
5 12
6 48
9 67
8 57
2 53
7 7
8 40
7 66
6 13
4 64
1 34
3 16
10 98
9 83
4 39
3 5
6 69
5 68
5 90
7 62
9 14
3 17
1 21
1 56
6 87
8 72
2 97
3 28
1 55
1 91
10 66
1 49
3 23
6 37
4 65
10 30
6 40
1 64
2 47
8 50
10 65
10 19
4 12
8 54
8 43
6 3
5 31
2 99
1 69
8 79
9 50
7 26
3 43
2 33
9 76
3 21
2 81
2 89
10 61
2 33
7 3
7 70
8 62
7 4
5 76
4 38
2 3
6 17
3 61
7 80
4 30
10 5
3 64
7 33
2 3
5 57
2 91
10 14
4 75
2 95
9 88
7 33
1 71
7 56
1 32
2 9
7 4
2 100
4 54
5 69
2 58
6 63
7 46
5 69
10 35
6 64
7 68
8 98
3 18
6 14
5 84
1 72
7 86
9 92
7 10
7 39
5 14
2 43
2 49
7 9
3 72
5 20
6 49
6 71
4 32
2 4
2 95
5 57
3 88
6 89
6 41
4 73
5 59
9 43
8 4
6 36
7 44
9 30
3 27
4 94
1 58
3 88
6 23
5 4
3 74
1 38
4 14
5 41
5 54
10 37
1 54
5 47
2 38
1 6
9 93
9 57
2 98
8 93
9 40
8 56
3 65
5 71
6 26
4 36
8 85
6 81
4 68
4 62
9 26
3 61
6 8
10 45
1 18
1 92
2 59
5 95
10 83
8 44
6 9
6 2
8 42
7 46
6 33
10 81
4 64
8 67
8 48
2 34
5 85
1 4
4 8
10 47
2 26
10 7
9 54
8 95
1 36
8 80
9 39
3 40
3 36
8 34
10 8
2 44
10 87
4 18
4 27
3 86
1 25
9 61
3 31
9 39
7 3
5 96
8 80
8 27
5 51
1 37
5 21
9 35
9 76
7 64
8 91
5 10
6 92
1 92
8 29
4 66
1 15
2 45
5 20
8 66
6 64
9 13
5 86
8 3
10 40
7 29
4 97
3 56
10 83
6 23
10 99
6 88
6 5
7 63
9 88
2 64
6 38
4 20
4 61
7 100
9 60
10 58
7 13
6 36
3 83
6 27
7 43
3 77
8 55
10 7
5 4
1 59
9 43
6 90
6 12
9 9
8 18
10 54
4 50
2 18
5 70
7 47
7 90
9 64
1 11
1 49
10 96
10 85
7 67
1 61
1 75
4 76
1 28
7 10
4 9
2 86
1 70
5 92
2 47
6 83
9 48
2 71
9 31
2 15
10 48
4 20
9 47
1 91
8 41
5 41
1 81
10 72
6 50
3 52
2 71
4 4
5 6
9 32
10 98
2 18
1 35
5 24
9 56
10 60
3 81
2 7
9 83
2 35
10 26
3 94
3 70
4 64
6 1
10 5
7 96
3 36
6 73
3 35
8 26
2 1
8 9
4 21
1 43
5 61
5 82
8 72
6 63
7 16
4 78
1 8
8 74
2 94
7 85
4 69
6 28
10 59
1 55
2 6
3 21
5 9
10 43
4 66
9 99
10 26
7 51
2 8
2 44
6 52
1 7
7 73
1 15
1 10
10 49
5 86
8 84
2 10
3 11
4 96
5 50
6 75
8 2
5 90
5 70
5 6
2 75
10 67
5 2
10 22
9 53
3 34
3 61
3 41
8 60
2 47
7 83
2 71
8 86
3 85
2 43
10 87
8 41
10 44
4 63
8 63
1 41
7 38
2 59
7 98
4 37
1 79
5 55
8 13
9 11
6 2
6 40
7 1
4 1
2 63
10 43
4 21
4 96
4 73
6 43
1 6
4 14
8 50
5 82
3 55
3 81
5 92
7 4
5 55
1 60
2 36
6 33
1 99
8 87
10 27
5 49
6 75
8 27
7 78
8 83
10 88
6 52
4 55
7 16
2 100
7 97
1 96
4 51
4 3
4 76
10 32
6 48
1 82
8 32
2 59
5 95
10 67
5 56
10 20
5 36
7 45
8 31
4 82
3 86
2 79
4 100
6 33
10 41
3 70
4 13
7 8
2 74
7 90
1 78
5 38
8 31
5 31
5 20
5 95
8 57
8 53
4 32
8 6
5 16
8 9
5 59
10 37
8 95
1 39
8 29
6 78
4 86
1 92
7 20
6 10
5 37
3 79
4 19
8 94
9 24
3 14
2 37
7 47
4 15
3 91
2 85
10 43
2 93
2 65
2 33
10 84
9 26
4 18
2 41
10 73
9 27
6 100
5 35
6 41
10 17
6 43
4 98
9 6
9 15
1 46
6 4
2 95
3 51
7 50
10 62
6 28
8 2
10 33
8 57
9 60
9 23
5 81
9 20
5 85
5 97
1 79
4 10
2 86
3 74
3 47
8 98
4 34
6 80
5 95
4 83
8 3
3 79
7 98
3 27
2 11
10 79
9 60
2 58
4 50
9 44
9 37
5 66
4 15
4 99
4 47
4 77
4 98
2 77
9 37
2 100
2 25
9 24
6 65
10 4
6 58
2 100
2 36
6 48
8 28
8 55
9 62
4 72
10 22
1 90
10 32
4 50
7 29
9 5
7 85
5 52
5 75
10 88
8 56
6 14
8 92
7 6
10 42
8 34
2 23
1 30
6 82
2 97
9 91
10 74
5 10
8 66
5 83
2 32
10 93
6 87
6 48
8 14
4 28
2 77
7 71
7 45
1 11
5 73
5 82
1 18
4 86
7 55
3 89
1 90
10 38
9 7
8 39
5 23
5 80
3 88
5 44
9 18
10 30
5 26
4 22
2 42
10 95
6 37
3 14
5 80
7 13
5 10
2 89
7 91
7 45
6 11
1 66
3 14
7 24
10 60
6 52
6 38
10 59
7 10
10 65
5 74
8 88
3 9
8 19
2 7
9 5
9 43
7 28
8 84
5 78
1 7
8 39
6 21
10 95
7 57
8 47
5 2
2 16
5 6
1 73
4 66
4 59
4 22
6 38
7 5
8 46
2 16
8 19
6 68
7 19
5 14
1 63
6 46
6 5
9 91
7 41
4 6
6 34
10 62
2 41
2 33
5 17
3 34
7 1
2 15
4 43
5 69
9 41
9 86
6 48
10 63
9 37
5 28
5 88
1 94
9 40
4 88
8 47
7 89
7 68
5 41
5 55
7 14
2 2
10 80
10 54
8 18
10 57
10 28
10 75
3 14
9 87
8 65
10 52
7 49
5 41
4 3
7 15
4 98
6 13
9 53
3 86
8 44
10 28
7 33
9 72
9 10
4 91
6 16
2 20
7 30
7 43
3 61
10 78
1 16
5 71
7 68
9 75
7 98
2 58
8 92
10 3
2 62
8 43
8 55
5 39
5 93
3 63
5 82
7 70
10 47
3 35
1 95
2 73
9 18
3 64
10 32
2 29
10 42
7 44
7 88
2 24
2 72
3 80
10 79
3 58
5 53
4 21
3 43
3 20
2 2
3 9
6 87
1 96
5 79
5 5
4 24
6 73
6 61
7 42
1 15
3 5
8 45
4 58
4 8
8 47
10 64
6 57
5 55
6 76
4 84
8 27
3 46
10 84
6 15
9 90
1 67
8 44
8 24
3 5
1 29
4 39
2 38
6 1
1 40
1 91
1 25
7 97
2 79
1 19
3 22
7 51
2 35
1 68
10 4
5 27
4 11
7 97
4 24
5 97
10 15
5 60
5 66
4 19
4 55
10 8
5 78
9 65
5 19
9 31
8 83
3 35
5 5
5 51
2 100
2 20
7 96
6 94
7 71
6 50
4 69
6 48
6 95
9 41
2 78
4 42
6 60
1 29
3 1
1 70
8 27
2 46
6 78
3 55
3 60
1 73
3 22
4 19
6 58
5 87
9 89
1 5
9 51
2 62
3 84
9 90
6 14
5 27
6 15
1 9
1 18
2 88
1 50
2 65
10 54
10 30
6 7
4 92
4 100
4 45
7 1
1 55
4 76
8 8
4 28
3 66
1 71
7 72
6 16
5 38
4 62
6 54
1 77
4 26
7 83
4 47
2 42
4 13
5 4
8 93
8 28
8 80
6 33
3 25
3 5
5 10
2 68
6 67
6 67
9 53
2 68
10 11
1 80
7 56
3 41
7 40
7 61
3 56
8 27
5 13
5 5
3 41
6 87
10 66
6 40
8 8
3 56
1 70
4 74
3 16
6 80
2 60
1 60
5 78
7 49
3 75
6 95
5 10
2 92
3 99
10 93
5 66
5 33
8 47
1 34
