4 91
4 94
6 37
7 71
6 83
3 2
9 53
2 69
10 29
8 94
6 58
1 52
1 76
4 64
8 77
10 61
9 61
9 37
4 79
9 82
2 5
10 73
8 31
3 41
4 47
5 100
2 76
2 72
5 36
4 81
6 56
4 27
10 45
6 27
2 13
8 47
2 13
7 52
10 13
9 63
1 76
8 92
3 95
4 19
5 57
3 64
2 94
8 86
8 1
5 29
10 71
1 82
3 98
10 52
7 63
2 84
8 1
10 96
3 3
8 90
4 61
3 77
1 14
3 82
8 94
10 1
6 75
4 78
1 42
4 39
7 82
7 20
1 60
10 50
3 81
9 21
7 77
9 16
5 60
4 87
9 96
3 13
1 71
1 92
4 95
2 23
7 61
5 34
6 26
5 97
9 72
3 27
8 37
10 34
8 21
9 100
4 43
10 48
7 19
8 4
3 75
5 7
9 28
5 52
2 67
10 33
5 33
2 61
10 92
2 57
2 28
9 42
1 35
5 75
6 10
9 29
4 100
8 51
2 100
9 31
8 31
1 31
3 55
5 34
1 72
1 15
1 98
8 21
1 96
8 4
4 52
8 32
9 15
10 51
7 24
7 94
3 89
4 65
6 23
7 68
2 24
4 47
3 46
10 84
6 89
10 16
4 66
1 60
7 28
9 100
6 29
4 71
6 63
3 65
10 44
3 24
2 15
1 21
8 4
5 32
9 64
7 24
3 95
6 99
6 55
3 92
2 54
3 43
2 84
4 77
10 74
3 37
8 67
5 85
8 61
9 41
6 24
3 7
3 96
7 46
3 76
3 61
7 48
4 97
2 35
7 43
8 94
7 41
7 38
4 27
10 92
6 34
6 32
9 21
2 75
7 92
4 83
10 90
1 6
10 94
7 5
8 38
6 95
8 57
6 53
4 20
8 14
3 88
1 81
4 42
10 19
10 39
6 7
7 23
6 100
9 86
6 63
2 86
7 22
9 48
10 76
2 74
3 54
1 82
5 44
4 38
3 6
3 20
5 34
9 36
4 67
1 88
10 67
5 76
9 54
3 64
3 31
7 75
7 64
2 25
7 99
3 10
4 20
3 50
4 95
5 77
8 82
6 77
8 70
7 6
9 19
8 94
4 6
3 26
8 57
6 77
3 87
5 16
2 1
2 74
2 85
5 47
4 93
8 81
4 28
9 82
5 26
6 89
9 65
2 87
1 49
3 98
5 36
9 82
7 94
10 68
6 81
7 57
9 1
1 15
3 9
6 83
5 82
5 71
5 52
1 98
4 14
7 95
10 62
10 11
8 27
2 20
5 23
8 78
10 74
10 20
5 85
8 5
7 95
10 57
6 31
6 12
3 94
10 1
5 8
8 59
1 38
1 9
2 44
7 20
7 22
2 60
5 23
7 96
4 94
5 94
9 81
7 75
10 85
1 35
7 92
9 58
1 50
3 28
4 66
4 98
10 28
2 38
7 97
7 28
8 83
8 87
4 84
1 37
10 2
2 14
7 89
6 80
10 20
9 4
8 38
7 69
5 97
10 63
4 62
3 78
10 29
5 96
4 50
3 77
8 89
4 86
5 50
10 78
5 6
4 50
9 59
6 75
7 39
4 51
4 85
10 56
1 68
3 72
9 44
9 7
10 71
4 55
8 73
7 95
6 40
10 26
5 27
6 50
9 74
9 45
7 3
4 80
9 60
8 29
2 62
7 95
6 67
6 48
8 16
5 18
9 29
9 19
5 17
6 73
8 88
5 22
6 85
3 41
6 42
3 20
10 37
4 61
4 17
5 65
6 92
6 93
10 73
10 2
9 52
8 43
9 12
7 49
4 53
6 43
6 94
8 32
4 51
4 34
8 22
9 68
7 21
3 80
5 40
8 99
2 50
10 10
4 51
2 96
10 28
4 58
10 7
5 35
3 41
1 92
7 33
1 99
7 71
7 65
10 11
7 17
10 1
7 58
9 19
4 40
7 86
9 91
1 53
4 65
6 98
7 73
2 63
10 47
5 22
2 85
7 54
2 61
8 26
4 97
10 16
10 80
6 71
3 64
10 5
10 96
4 12
8 4
7 7
4 91
7 6
10 93
8 88
6 51
8 82
1 29
6 92
4 34
2 26
8 71
4 74
1 38
8 2
6 85
9 62
1 92
9 27
6 28
3 93
9 66
7 23
2 4
4 46
9 55
3 93
9 79
5 40
7 67
3 11
3 88
3 23
4 6
6 44
9 42
10 70
3 51
1 78
5 92
8 15
9 31
1 63
5 24
5 80
8 29
3 25
1 26
7 26
8 96
5 47
6 71
9 18
7 2
7 19
3 20
5 77
4 89
3 3
6 38
6 25
1 90
3 46
8 73
10 60
7 83
7 46
8 27
2 81
8 54
6 1
5 56
1 88
4 54
7 95
10 13
1 96
3 42
9 67
6 59
8 32
10 23
9 47
10 14
6 16
10 52
7 66
1 65
4 67
2 5
6 69
5 34
4 48
5 26
2 77
3 63
9 51
1 75
8 84
4 25
7 66
4 28
9 17
5 53
6 46
4 71
2 82
4 3
6 90
5 90
10 14
6 45
7 67
7 12
3 62
10 23
8 60
4 5
1 5
10 6
4 46
4 88
8 38
2 2
5 76
3 74
2 27
5 5
2 71
5 58
9 33
9 28
8 77
4 16
4 68
10 38
2 14
4 4
4 69
1 62
6 29
10 85
1 15
6 84
4 49
1 28
7 85
4 64
7 70
2 41
4 72
7 3
3 2
3 74
7 99
2 91
3 98
5 88
10 72
2 76
5 13
1 35
4 34
8 7
10 22
8 59
1 26
7 61
9 3
8 18
8 52
7 29
4 86
9 43
5 17
5 71
1 31
6 3
3 56
2 21
4 93
8 27
8 27
10 50
6 64
2 18
6 32
6 9
9 66
2 61
8 78
3 8
8 56
9 43
6 79
7 67
5 20
8 16
5 97
6 35
9 78
3 68
4 23
2 37
2 16
2 99
10 18
4 67
10 48
4 56
4 18
7 47
3 94
4 75
4 41
9 89
4 44
1 25
3 32
9 83
5 51
4 76
2 2
10 52
5 18
10 65
1 31
4 71
10 83
6 56
4 94
9 50
8 47
3 56
4 73
2 98
8 52
5 38
7 15
9 87
5 58
6 51
2 88
1 50
8 60
1 11
3 50
2 84
3 62
6 38
6 92
10 26
1 66
3 70
2 15
4 85
10 81
8 66
7 39
1 16
7 97
1 55
10 20
8 6
7 41
5 55
10 14
10 55
2 94
4 87
5 47
9 88
8 2
4 66
9 86
2 81
3 72
5 53
2 67
9 57
4 9
2 42
3 55
3 65
9 43
3 99
4 79
10 34
10 97
7 30
7 46
8 2
4 12
4 12
10 53
4 43
7 33
1 88
2 48
8 49
10 77
5 67
10 7
4 34
10 19
4 51
4 31
8 93
8 22
8 9
9 12
3 33
6 85
1 25
7 19
6 94
1 29
4 78
10 87
5 28
9 19
5 24
7 9
4 8
2 60
3 24
2 22
8 68
10 46
4 80
3 57
10 35
2 2
3 61
7 67
1 12
10 38
5 27
1 92
6 98
7 61
2 93
4 45
4 63
8 60
5 62
4 5
7 70
4 45
5 80
7 18
3 87
5 87
7 13
5 92
7 51
3 82
8 31
2 58
2 98
8 37
3 63
5 13
1 31
3 65
6 47
7 10
4 67
9 18
1 29
10 12
2 3
9 58
5 26
7 69
4 29
3 64
8 98
6 52
1 88
10 54
2 89
10 66
4 90
9 32
3 33
9 62
5 35
9 98
4 100
10 42
2 8
6 38
5 48
8 41
2 6
10 13
8 26
9 33
9 99
7 60
4 26
9 92
6 45
7 57
8 35
4 49
8 48
9 29
10 57
3 2
5 14
9 41
1 36
10 92
6 54
9 91
7 99
7 8
4 83
3 20
7 12
2 42
3 63
4 13
4 12
3 45
7 55
2 11
1 97
7 3
10 15
3 76
4 37
9 20
5 48
3 9
1 38
3 80
6 59
1 20
6 2
9 15
3 25
2 14
7 22
5 51
9 26
3 36
3 96
10 53
5 16
4 51
1 66
1 21
7 35
2 77
4 38
6 100
4 12
1 54
2 6
1 86
7 8
7 74
5 23
4 95
7 39
6 15
2 8
5 91
6 91
10 85
8 14
7 44
9 64
7 100
4 70
4 12
3 27
1 54
3 8
6 58
10 45
4 63
4 35
5 60
2 99
4 22
1 80
3 51
5 1
4 23
9 82
3 23
9 81
2 97
6 84
8 86
8 75
10 27
2 88
4 22
8 32
10 12
6 88
4 65
6 16
8 72
8 93
3 58
7 69
9 70
10 94
3 59
7 43
1 82
3 55
10 86
2 92
7 65
9 31
10 90
5 23
3 70
4 28
1 93
4 55
6 45
9 72
9 61
6 35
1 68
9 23
2 64
4 17
6 56
3 25
