8 20
6 79
6 33
6 6
6 55
7 33
10 1
8 55
3 85
6 83
4 64
3 14
7 33
2 61
6 50
1 96
7 74
8 45
9 41
2 2
6 84
2 11
10 72
9 40
2 23
9 7
9 92
8 30
9 25
8 68
8 98
3 79
4 60
8 1
9 52
1 87
3 35
7 45
3 55
5 87
7 60
4 21
9 76
10 81
6 76
6 58
9 1
1 66
9 92
2 33
8 10
3 18
5 40
7 70
4 51
6 64
4 7
2 4
8 78
6 77
8 60
8 93
6 30
10 99
10 100
8 32
5 5
7 87
9 51
4 100
9 55
5 8
5 18
1 100
7 33
8 4
4 3
10 11
5 42
7 76
8 2
10 11
6 70
8 73
4 68
10 15
5 59
7 87
5 55
5 30
9 50
2 14
4 78
1 50
7 16
2 1
4 72
10 68
9 63
2 29
7 58
8 85
6 56
10 77
4 84
6 84
8 24
4 40
9 22
3 28
4 93
5 16
1 4
10 13
1 63
4 11
9 63
7 83
8 33
10 9
9 3
7 28
9 3
1 34
9 53
8 84
10 80
3 67
4 48
4 96
8 19
9 6
7 65
7 18
3 35
7 60
3 85
5 57
2 12
8 96
5 84
9 39
3 57
6 66
2 69
5 75
1 38
9 7
6 70
8 17
9 89
3 93
4 78
8 87
1 23
10 29
7 91
7 71
7 13
3 74
8 79
10 53
7 13
2 61
3 92
3 84
6 68
6 41
7 62
1 94
9 82
8 30
1 5
2 29
6 59
3 91
6 6
6 50
10 42
9 90
9 88
10 87
4 22
7 4
10 37
2 38
2 47
2 55
2 68
2 6
2 96
4 65
5 82
8 7
3 4
5 28
6 63
9 42
7 70
2 29
2 63
1 23
1 74
7 63
10 67
10 33
9 95
5 95
3 94
3 98
1 88
4 67
9 67
1 17
1 37
8 5
10 7
1 98
8 46
7 99
5 81
4 94
9 32
8 82
3 96
7 93
6 69
6 92
2 73
9 81
4 38
2 92
3 23
6 14
3 39
5 54
3 8
1 25
8 100
10 38
7 6
2 79
4 68
2 59
2 80
5 29
4 14
8 65
6 29
9 43
6 54
2 1
6 94
3 14
8 46
2 70
8 10
1 76
1 51
3 16
1 58
5 93
7 11
1 42
2 51
10 61
1 22
4 24
9 4
4 94
9 23
8 15
10 70
7 12
9 89
3 10
6 14
2 93
3 12
9 76
4 83
5 60
6 20
10 55
8 38
5 83
8 86
10 40
6 31
8 99
6 27
1 6
6 52
6 61
9 6
2 86
8 66
2 4
7 27
4 73
3 40
10 67
9 67
7 7
8 78
2 6
10 28
2 35
2 7
9 5
1 72
4 46
9 12
7 18
1 83
4 3
3 14
4 97
9 99
6 89
9 37
2 39
8 37
10 26
9 12
2 6
8 43
7 52
9 17
9 80
6 69
8 68
7 8
4 97
10 45
9 25
2 53
8 32
7 41
10 11
4 56
2 54
8 82
5 34
7 65
3 88
5 28
6 9
8 74
8 63
5 62
9 93
6 77
2 68
3 24
4 90
8 9
7 3
8 45
9 6
9 4
8 77
8 89
2 90
8 52
2 64
6 41
2 42
4 99
9 31
3 71
6 62
8 44
3 28
8 5
10 72
6 42
4 27
8 95
3 35
4 53
2 78
5 35
2 99
1 94
4 29
1 41
8 87
7 29
3 49
2 5
5 42
2 50
8 3
3 54
4 43
10 43
1 43
4 82
1 61
10 97
3 62
3 7
8 55
4 12
7 6
4 82
6 26
6 22
3 87
10 11
1 82
6 16
2 26
8 5
8 92
9 6
8 87
6 12
8 68
8 85
8 100
6 59
1 44
2 64
10 13
4 57
10 78
3 9
3 75
4 41
2 20
3 11
6 39
8 56
7 15
8 68
8 85
4 24
9 81
7 82
6 19
5 17
5 53
9 22
10 82
6 73
10 68
8 46
9 69
4 68
4 31
9 44
3 23
10 18
10 89
4 90
8 11
8 54
2 32
6 72
10 67
4 78
5 81
5 69
5 3
8 27
7 5
7 75
8 1
8 96
7 92
6 85
3 52
2 84
7 2
9 97
3 39
9 26
1 22
9 69
3 41
2 30
6 37
1 23
6 3
2 23
7 37
6 31
2 55
3 72
5 20
7 54
3 81
8 56
5 20
7 98
2 25
10 36
9 14
5 46
5 33
4 78
2 93
3 48
6 38
5 57
7 82
7 66
1 36
7 89
1 95
7 28
10 32
2 18
10 73
10 30
3 20
2 49
9 60
6 84
3 14
6 24
9 47
8 99
2 2
1 76
10 38
4 79
5 63
8 46
7 54
2 4
7 50
9 73
10 9
8 87
8 32
6 8
5 72
2 56
2 54
3 34
9 42
3 90
6 77
6 19
9 44
4 32
9 85
3 37
4 97
2 40
1 23
4 45
7 85
10 96
1 25
1 10
10 67
3 47
4 86
10 70
8 76
1 90
2 76
5 10
1 51
4 13
8 31
3 88
3 89
4 57
2 29
8 92
4 48
5 97
5 62
1 5
3 54
4 34
8 35
5 79
7 28
9 33
10 52
9 92
1 1
7 21
3 32
2 49
5 22
6 79
9 61
1 76
3 93
8 72
7 26
2 100
10 8
5 11
6 79
7 62
10 5
2 85
1 16
6 48
1 69
9 6
6 51
1 94
6 26
6 12
4 1
10 62
5 95
3 24
4 78
4 89
10 12
6 1
5 95
4 77
6 64
3 79
1 93
9 55
3 77
9 1
8 1
9 84
4 56
5 44
10 63
10 50
4 23
5 38
8 72
5 81
6 84
9 72
1 62
2 80
1 13
2 73
3 72
7 35
3 32
4 80
3 48
2 56
1 93
6 18
5 48
1 48
9 89
10 66
4 41
10 16
10 99
10 10
3 80
2 14
2 74
4 30
1 11
10 63
1 68
8 69
1 13
2 73
10 2
5 69
4 1
6 67
8 34
6 62
7 92
10 78
4 39
2 15
4 67
4 32
9 49
8 97
2 56
10 16
8 16
1 5
1 39
3 30
10 100
1 3
7 4
7 9
8 39
8 50
1 13
2 34
3 95
9 73
4 54
3 29
4 43
7 38
4 20
3 45
3 22
5 86
7 100
9 94
9 81
3 9
9 31
5 29
10 100
8 49
3 10
5 45
6 94
9 15
2 25
5 82
1 15
1 59
2 93
10 82
7 62
10 11
8 27
5 82
7 1
10 36
10 44
4 16
6 14
8 42
9 84
10 71
10 77
1 66
9 97
2 8
10 18
2 23
6 43
5 37
4 78
4 63
10 24
8 73
10 22
6 18
8 95
8 8
5 13
8 55
4 42
5 5
7 57
8 79
5 37
5 100
3 10
7 39
10 46
8 48
3 72
10 30
3 53
9 84
9 83
10 74
7 15
5 19
3 54
3 89
8 28
7 81
7 94
4 94
1 55
4 37
4 25
10 83
4 66
10 67
4 94
8 50
2 32
8 17
3 97
2 55
4 45
2 16
9 9
2 45
4 25
3 5
10 28
1 82
8 58
10 66
1 95
6 53
6 5
6 40
3 76
1 51
7 66
10 24
7 100
2 24
2 22
5 68
8 55
4 37
1 82
7 96
9 53
10 29
6 87
10 19
1 17
7 6
8 32
6 93
6 55
5 71
10 17
7 5
6 19
6 37
8 72
3 74
4 33
7 44
4 40
4 19
10 80
6 76
3 80
2 44
4 38
1 62
9 50
7 80
4 35
8 98
1 18
2 19
9 63
4 64
3 62
5 47
1 43
7 45
8 85
2 16
4 92
3 45
8 41
4 22
6 53
3 4
10 67
7 75
4 94
8 22
7 68
8 47
8 92
2 77
8 7
10 46
1 73
9 47
5 79
9 2
9 42
10 2
6 11
4 11
7 55
10 75
8 81
3 52
3 11
6 91
5 34
1 69
7 75
10 58
7 86
4 48
4 1
6 38
6 42
4 58
2 58
5 57
3 92
4 21
7 66
9 45
10 50
9 37
8 16
6 69
8 8
10 93
2 24
4 63
6 85
7 1
5 75
6 20
8 2
7 39
5 39
6 85
3 4
9 95
7 21
2 3
8 56
8 100
5 68
1 12
10 66
6 95
4 33
7 10
6 4
1 57
5 74
1 53
10 18
6 50
7 37
1 41
2 46
4 38
3 52
10 22
5 7
9 48
4 40
10 94
5 63
7 79
6 52
3 15
10 78
10 55
4 57
10 87
4 30
6 30
9 53
1 14
7 83
6 21
2 98
8 76
9 86
10 42
5 85
9 1
3 75
1 93
7 9
5 97
1 84
8 45
10 23
1 42
3 82
1 73
4 25
1 75
1 85
3 17
6 89
8 5
2 21
9 56
5 36
2 64
4 29
4 17
3 54
10 99
3 72
2 73
8 54
4 13
10 16
2 73
5 31
