8 78
3 68
10 9
5 75
6 41
3 36
9 38
1 21
9 90
3 88
5 92
9 37
7 87
3 41
4 59
9 33
1 76
3 96
4 19
3 58
6 9
3 18
1 81
2 68
8 34
4 80
2 27
6 70
2 100
2 59
9 82
4 100
10 71
6 79
6 76
1 31
1 39
7 21
4 29
7 57
8 49
7 98
10 71
8 51
7 33
8 3
8 92
10 88
5 46
7 12
10 8
7 21
5 19
5 48
1 81
3 1
6 18
8 77
9 45
1 12
3 97
3 81
10 48
8 89
1 63
3 57
4 80
5 1
2 33
2 22
2 30
7 51
2 87
1 25
3 71
10 100
5 74
8 6
5 94
5 22
1 100
2 21
6 71
2 91
9 73
6 97
10 71
7 84
3 34
5 18
1 76
7 32
2 98
5 80
6 23
9 44
4 7
6 61
2 9
4 62
9 35
3 97
9 21
3 16
5 1
5 88
2 5
4 84
8 98
1 53
5 70
9 59
5 2
7 39
9 91
5 87
9 31
6 52
8 10
6 27
1 34
1 68
4 97
5 67
6 70
3 92
1 12
7 42
1 83
4 69
1 36
3 26
6 8
2 11
5 13
5 36
9 82
9 36
2 97
1 22
2 18
9 33
8 24
8 34
7 68
6 25
7 1
3 2
1 32
9 39
9 27
2 72
4 33
2 50
4 39
5 100
1 54
1 96
4 46
9 79
10 58
5 97
10 9
10 40
7 57
5 55
10 94
10 90
6 27
8 85
1 26
10 35
7 30
5 73
3 23
6 48
5 93
3 8
2 1
1 23
3 24
7 79
2 90
6 99
3 64
9 77
1 15
5 25
1 38
8 41
1 74
9 54
8 97
2 22
2 44
2 61
6 58
5 55
7 26
6 79
10 60
2 98
1 49
8 62
8 66
10 91
4 68
5 41
3 50
3 56
5 74
5 88
4 21
9 15
1 46
2 45
8 75
2 37
5 65
2 87
3 49
7 82
4 8
3 84
7 31
3 60
1 36
7 68
4 78
2 7
4 71
7 79
8 89
1 48
7 70
9 20
5 17
1 16
5 26
5 36
10 42
4 76
2 49
1 30
4 61
7 40
2 80
4 30
1 61
5 13
7 12
10 81
9 68
6 85
7 95
4 16
10 1
9 19
4 85
6 58
3 46
8 21
8 65
3 97
2 37
2 15
1 76
8 29
2 72
10 31
6 82
5 30
7 22
2 1
7 29
4 12
5 41
9 66
6 7
10 90
4 39
3 90
9 41
7 5
7 83
9 39
1 92
10 67
8 59
9 58
5 29
1 99
3 73
8 63
9 18
8 45
9 32
5 26
5 47
10 16
1 22
10 2
4 88
1 10
7 77
5 30
2 31
6 92
4 92
4 52
9 64
8 92
1 5
8 43
3 15
5 47
5 81
2 39
10 54
5 1
8 21
10 53
2 86
5 34
3 12
8 41
6 60
8 17
1 64
7 78
6 61
10 58
2 56
10 2
3 87
7 77
6 65
9 32
7 99
5 86
9 47
4 15
9 35
7 84
4 34
6 34
8 79
7 5
10 79
3 59
10 86
7 54
6 50
8 42
4 24
5 20
1 7
7 72
2 67
6 43
7 87
3 54
6 72
2 3
2 46
8 70
9 4
8 35
1 27
5 11
9 52
7 59
10 41
1 86
10 55
1 44
2 10
3 52
4 21
1 45
10 88
9 23
5 12
3 33
8 94
1 15
5 80
8 57
9 65
10 76
8 40
3 95
6 17
4 68
2 96
1 94
1 83
3 3
3 78
10 39
8 2
7 78
4 87
10 59
3 3
9 30
2 73
6 42
1 51
7 60
1 29
7 55
9 25
6 13
3 47
5 66
8 30
7 72
3 38
6 88
7 39
4 88
10 91
10 59
1 55
8 61
9 18
5 24
1 68
10 44
3 87
5 2
5 60
9 58
8 92
9 86
10 69
4 39
10 21
5 70
3 63
3 48
3 82
7 76
2 42
8 86
9 40
1 78
8 34
4 2
5 37
9 26
1 21
3 18
10 7
5 61
9 1
7 68
6 50
5 76
7 76
6 43
3 52
3 31
9 46
8 74
8 82
8 47
9 19
5 72
10 58
8 38
5 46
5 45
8 92
1 28
9 18
7 29
7 27
9 57
1 98
10 13
7 75
9 58
2 58
1 31
10 65
9 81
2 59
9 35
1 8
9 47
1 36
8 29
7 36
4 100
2 83
10 79
3 78
1 7
7 52
8 30
10 9
7 11
7 70
5 18
9 12
10 14
8 22
3 48
3 91
9 71
9 17
4 29
2 77
10 57
10 59
10 97
10 9
8 92
9 84
6 18
8 47
5 21
3 52
4 97
1 25
3 62
8 48
9 21
10 28
1 61
4 48
9 61
9 33
2 96
9 48
6 44
2 54
8 79
3 14
1 40
2 41
2 95
6 52
4 49
7 97
10 67
7 39
2 88
10 46
1 46
3 92
3 26
9 63
7 73
5 15
7 37
3 52
10 52
10 92
9 96
4 55
8 22
4 29
1 64
3 3
3 43
3 51
10 90
4 70
4 83
4 93
9 16
8 8
8 6
7 74
10 73
3 43
2 71
10 8
3 100
9 53
2 50
8 49
2 31
2 18
9 56
6 10
3 62
10 56
1 16
3 45
4 43
8 99
4 2
2 84
4 76
10 27
1 65
10 49
9 58
1 99
2 33
10 20
3 41
1 86
6 39
2 4
9 39
9 7
9 18
3 79
4 76
4 90
1 65
1 52
9 53
4 42
6 82
4 85
9 71
9 66
9 99
9 12
3 10
8 54
9 80
4 60
4 40
10 12
10 13
2 91
3 41
10 70
3 38
3 38
8 39
7 56
4 59
5 90
9 5
4 20
2 64
4 95
6 13
2 80
8 63
7 40
5 39
1 43
4 46
1 43
9 25
3 57
8 36
1 48
10 94
3 18
3 25
8 59
1 21
1 15
9 64
9 92
7 94
4 26
8 14
9 36
2 53
4 61
7 33
6 15
10 27
2 55
7 64
1 50
4 46
5 63
7 55
1 51
3 66
5 95
1 13
9 85
7 55
4 50
4 80
10 87
9 63
4 63
9 16
10 58
3 3
4 24
8 25
8 25
7 55
4 56
6 56
6 18
1 72
3 39
6 83
1 52
10 71
1 7
1 98
10 92
2 88
10 85
9 62
6 6
6 5
10 7
7 34
8 23
5 59
9 33
3 6
4 86
7 73
10 71
9 94
5 28
1 78
9 42
4 2
1 82
1 8
9 80
7 77
6 59
9 23
8 86
6 83
1 92
10 98
10 65
8 36
2 34
3 43
5 28
2 76
2 96
1 97
4 98
7 99
7 52
7 78
4 98
9 67
5 84
2 31
7 8
3 23
3 86
7 12
6 86
6 68
2 42
3 75
9 21
4 56
4 100
5 72
2 67
3 81
2 37
2 67
3 85
7 36
7 64
1 54
9 36
8 56
10 90
9 86
8 78
1 73
2 93
6 83
2 32
7 31
5 66
8 22
2 38
10 98
2 80
9 16
8 47
9 66
3 66
5 86
3 60
2 46
5 21
9 88
3 34
7 82
4 36
6 88
8 10
2 83
9 34
5 10
10 7
3 11
9 48
4 75
4 12
9 91
3 29
6 60
9 31
7 50
6 92
3 97
10 98
10 92
7 61
10 84
7 70
8 50
4 77
8 65
10 29
6 99
1 65
3 70
8 31
4 42
9 12
3 94
5 89
10 64
5 55
1 15
9 47
2 72
1 89
7 37
3 19
10 3
3 25
3 26
3 21
9 27
5 49
3 37
5 56
7 89
7 14
4 45
7 83
1 5
5 88
4 25
6 99
5 46
7 37
5 32
4 85
6 60
1 31
5 84
9 70
4 44
3 51
7 8
7 44
5 100
3 54
6 31
7 60
4 49
6 97
2 100
4 87
4 62
10 2
7 54
6 23
7 48
6 91
1 67
6 49
3 30
1 7
9 70
6 86
2 4
8 48
3 62
8 73
3 21
1 33
4 11
4 32
7 42
7 88
3 66
9 91
2 83
10 35
9 62
6 66
1 38
6 52
1 31
2 68
3 97
1 10
3 31
2 40
8 70
7 7
5 85
10 29
7 14
8 81
2 68
1 76
1 28
2 47
2 38
2 2
4 53
6 96
8 46
8 12
3 44
7 96
3 4
9 88
8 20
9 7
7 6
10 47
3 30
7 79
9 46
2 74
9 26
2 66
7 9
7 59
9 27
7 71
6 35
8 7
5 4
8 43
9 74
10 55
2 92
1 38
2 37
4 49
7 31
4 81
9 47
3 65
10 15
5 67
2 95
5 34
7 96
9 95
4 38
1 48
10 1
9 69
7 59
8 98
5 69
9 78
10 87
5 7
8 66
2 90
9 7
6 70
4 10
4 65
8 36
2 48
2 13
4 72
2 2
10 9
6 36
2 27
9 99
1 8
6 70
10 71
6 47
1 58
1 26
