5 98
9 31
4 95
2 36
5 6
10 44
1 92
10 40
4 43
3 23
8 61
2 24
8 65
10 73
4 51
2 66
6 44
8 39
8 48
2 98
4 93
9 49
1 9
1 84
10 32
7 44
2 51
5 93
1 73
6 29
4 56
1 90
4 48
7 5
9 49
1 30
3 2
2 2
10 47
4 86
6 7
4 74
8 59
3 97
5 80
4 64
5 83
10 83
10 52
4 35
5 57
9 99
3 41
7 74
8 97
7 60
5 21
3 1
10 84
6 9
1 67
7 56
7 21
5 93
6 5
1 92
8 88
4 35
5 10
8 55
2 87
3 11
8 55
3 77
4 91
9 56
3 78
2 11
4 85
4 12
3 68
3 25
6 91
5 43
3 88
4 73
6 98
3 78
6 35
10 90
10 39
8 31
3 21
10 40
7 96
10 39
9 35
4 64
1 1
2 18
10 1
8 82
1 1
4 23
4 94
4 57
4 44
7 2
8 44
8 98
10 100
8 23
10 39
3 91
4 50
4 30
4 27
6 51
7 88
8 18
2 8
10 16
6 63
10 8
7 35
5 84
8 76
6 43
7 28
8 88
10 55
10 84
10 19
1 9
7 48
9 45
3 77
5 57
2 67
1 47
7 74
4 55
9 29
3 21
9 74
1 77
7 100
4 43
3 34
1 11
7 33
10 62
1 57
3 99
3 28
8 80
4 29
5 68
8 5
6 34
7 92
7 13
8 64
9 16
8 6
6 45
8 42
4 21
7 3
6 38
5 55
6 78
5 3
1 48
7 24
5 93
4 12
3 77
9 51
9 27
8 56
3 23
5 31
1 28
9 77
6 7
9 92
8 43
1 14
4 9
2 1
10 84
6 45
9 31
1 77
5 80
5 76
2 45
8 92
9 45
10 78
4 12
6 50
2 8
9 72
4 73
5 4
6 68
5 6
9 65
6 47
8 66
9 41
4 64
9 54
4 20
9 73
3 19
8 77
6 72
3 66
4 35
2 46
8 100
6 85
6 53
5 25
10 25
7 69
3 18
2 65
2 82
5 99
5 18
4 98
8 20
1 21
10 67
7 62
2 45
6 64
2 5
10 34
7 27
3 47
7 61
5 31
7 59
1 29
6 87
9 28
2 60
2 23
5 78
4 84
1 31
8 52
4 88
5 26
4 22
5 2
7 16
6 95
8 79
10 93
3 41
1 35
8 51
4 21
8 22
1 17
1 29
6 1
2 18
10 1
2 66
4 44
6 11
7 34
2 89
1 24
9 29
2 56
7 10
9 35
9 29
10 96
2 85
7 35
8 47
7 17
3 49
8 47
2 18
3 66
8 10
9 66
10 53
4 66
2 1
7 56
2 74
2 42
4 76
7 70
3 56
10 39
2 9
2 61
3 46
9 7
3 38
9 27
8 3
3 62
5 99
2 86
3 97
2 70
1 13
1 2
1 96
7 33
9 43
7 56
4 93
1 12
10 56
4 75
3 9
7 75
8 89
7 28
9 50
10 33
5 14
3 79
1 42
10 50
7 14
6 97
3 69
6 29
2 49
7 25
8 45
6 73
7 99
6 17
8 33
5 42
1 43
10 28
10 32
3 3
9 3
9 56
8 61
2 54
1 40
1 51
8 66
5 29
4 100
9 59
1 18
1 29
2 58
1 43
4 29
1 31
9 37
10 1
2 65
6 56
6 14
3 51
7 48
7 78
9 13
9 28
1 30
5 47
5 53
5 58
3 18
2 14
4 34
4 16
2 25
10 91
8 63
7 91
9 52
10 57
5 58
2 17
1 68
7 91
6 100
1 87
1 13
7 65
2 76
10 8
4 93
9 70
3 43
10 93
7 36
1 97
10 74
1 23
10 68
8 34
7 17
8 100
7 24
10 31
7 23
1 3
8 18
9 13
9 25
6 10
5 6
10 91
9 94
6 12
3 30
4 3
3 66
5 66
8 61
2 73
4 93
10 99
3 78
8 81
10 54
5 86
7 17
2 86
9 6
6 25
10 22
9 94
5 55
5 29
10 98
1 38
6 95
6 82
8 99
2 53
4 89
10 61
4 32
1 10
4 1
9 74
5 88
9 76
3 66
3 49
7 98
6 31
8 100
4 2
1 88
5 17
1 75
7 55
7 22
4 80
5 44
2 70
5 53
6 56
9 16
1 38
1 25
4 71
6 70
8 44
4 77
7 38
10 20
6 4
10 4
5 15
7 78
10 31
1 75
4 23
4 24
6 52
9 72
5 46
2 2
4 77
5 30
4 47
1 63
2 24
3 7
4 79
2 16
10 88
3 88
3 76
3 36
4 75
8 25
8 45
3 100
7 27
9 92
6 9
5 21
6 11
7 100
5 41
4 2
1 28
7 99
7 87
2 69
6 10
4 6
10 55
8 3
7 99
1 69
7 91
3 82
7 88
7 90
6 64
10 8
10 57
5 72
4 9
10 7
2 71
10 86
3 68
4 96
9 72
3 99
7 46
9 58
2 97
9 80
7 49
2 9
10 61
6 24
10 97
6 25
3 28
4 85
1 69
9 74
7 20
1 97
4 69
6 36
10 100
7 40
6 63
5 2
10 21
3 89
8 40
4 8
3 47
4 35
6 74
1 38
4 26
1 35
6 72
8 16
10 58
10 98
7 87
2 26
5 69
6 65
2 13
8 83
7 78
1 44
8 45
1 92
2 74
8 65
8 88
9 24
6 16
2 44
4 24
1 59
2 77
1 27
5 16
5 92
7 18
9 56
4 77
3 84
4 67
5 23
4 96
9 42
10 40
1 4
3 38
3 86
2 9
9 50
3 6
6 20
6 83
7 24
5 19
8 29
1 46
4 98
1 68
4 14
3 99
6 60
8 22
10 10
7 57
2 77
7 6
5 54
3 29
3 23
7 21
5 96
2 72
3 65
10 89
2 38
3 73
3 22
2 55
3 89
2 21
2 85
1 45
5 36
3 28
7 33
1 35
4 60
8 87
5 31
3 51
10 60
4 1
2 69
3 62
5 96
5 89
1 35
10 6
8 87
1 32
2 50
1 19
4 30
6 84
5 26
3 13
3 68
3 81
3 45
4 46
8 78
1 60
7 92
3 77
5 2
8 68
7 78
10 56
3 86
5 83
5 10
9 51
8 44
8 40
6 94
10 95
8 28
2 12
8 10
6 23
1 75
9 42
4 97
4 23
6 39
2 100
1 41
1 57
1 38
2 1
7 25
5 74
6 94
5 55
6 99
7 55
8 27
6 80
5 56
8 86
10 62
6 95
1 52
5 88
8 82
8 98
5 84
8 50
1 67
5 50
2 54
6 70
1 69
3 48
3 97
2 73
1 31
7 8
6 32
1 56
8 18
3 53
8 93
2 28
5 64
3 5
7 7
7 95
8 31
3 88
10 54
2 86
3 94
10 18
7 16
5 23
1 91
6 79
10 7
5 87
9 5
4 17
10 55
6 51
9 10
2 85
7 38
10 64
7 98
7 99
2 39
5 44
4 44
6 32
10 82
6 31
2 26
9 68
2 52
1 65
3 77
6 19
6 73
2 76
10 43
1 33
1 100
3 48
6 7
10 37
10 6
10 37
2 10
7 59
10 80
10 45
3 89
4 74
5 8
10 16
4 55
6 90
5 68
4 41
3 81
7 68
2 60
8 100
5 5
7 89
2 90
7 28
9 78
2 90
9 93
6 84
2 8
5 100
7 20
5 15
10 86
2 1
2 66
7 45
2 37
2 80
10 50
3 69
4 27
9 27
5 6
10 59
2 42
4 100
9 29
2 1
9 89
2 30
8 86
1 79
4 16
3 47
7 92
1 56
5 49
6 69
1 30
10 13
7 35
10 22
1 97
10 87
1 99
4 30
8 51
2 75
7 62
3 61
2 56
5 26
4 24
8 44
1 20
10 75
6 37
3 50
3 70
4 5
4 51
3 64
8 77
4 63
6 45
3 16
7 62
8 47
10 95
2 75
2 19
6 20
7 84
6 76
10 51
8 96
3 98
10 18
8 92
8 78
7 3
10 18
6 59
10 53
1 3
5 56
2 4
6 64
1 26
10 20
1 56
5 44
1 36
3 30
2 72
3 65
9 88
2 96
8 90
1 55
9 88
8 45
1 4
3 4
10 73
2 2
6 18
9 84
2 1
1 14
10 98
3 82
9 69
10 38
3 31
9 38
6 45
10 99
8 24
9 71
4 53
1 17
1 51
4 36
7 44
7 56
8 24
1 65
1 22
8 37
9 98
9 96
4 15
8 30
2 98
3 66
4 3
10 95
7 69
8 9
4 22
6 61
3 20
5 77
6 87
8 11
3 79
5 96
5 54
9 74
1 24
6 56
7 59
8 62
2 79
1 74
9 78
8 93
7 57
8 98
6 91
7 92
4 82
2 43
4 49
6 51
1 29
8 74
2 89
1 32
2 52
5 75
3 29
6 40
10 39
8 29
5 3
3 98
10 16
8 60
6 61
10 49
9 50
6 6
1 60
6 31
5 43
6 85
5 39
