2 36
3 36
6 95
7 77
5 22
9 52
5 34
6 62
10 30
1 79
1 28
5 31
1 44
5 84
4 22
4 2
10 24
4 27
1 62
1 36
10 7
9 12
5 89
4 4
2 56
10 12
8 80
7 18
5 90
2 97
5 78
4 17
9 22
8 18
3 50
5 7
6 91
7 46
1 54
5 81
5 36
1 47
5 68
5 6
8 98
5 65
8 14
8 63
4 88
4 91
7 83
3 73
9 32
9 58
1 58
7 36
4 100
2 26
1 20
4 91
3 79
9 70
9 14
7 43
4 44
4 60
4 61
5 19
6 12
1 12
1 96
7 67
10 62
4 64
10 51
5 67
1 83
3 14
2 3
8 38
8 63
4 7
4 1
9 9
4 72
4 44
1 57
8 87
8 36
4 29
7 1
10 28
8 73
5 35
7 28
1 71
3 94
4 23
3 95
9 2
2 28
5 27
5 32
9 31
10 87
1 65
2 74
10 11
7 44
3 64
8 18
2 80
10 19
6 89
3 46
6 91
9 92
9 83
10 21
2 32
7 71
4 68
3 99
7 79
8 61
4 14
9 56
4 87
2 75
7 91
10 98
1 88
4 80
7 98
3 1
7 58
1 56
2 67
6 48
6 13
10 77
3 87
2 98
4 76
2 77
5 82
2 36
6 12
2 19
10 11
2 7
9 60
4 38
2 100
9 92
1 73
7 50
2 53
10 33
4 52
3 23
5 31
7 55
7 44
6 3
6 22
8 71
9 75
5 4
7 5
7 99
2 70
8 25
5 18
5 88
7 19
6 32
7 53
3 27
3 24
9 79
9 43
5 74
9 59
6 100
6 53
6 18
3 29
10 58
10 56
8 52
10 41
6 84
1 4
2 37
5 71
5 46
3 83
2 60
7 63
9 5
4 36
3 12
9 82
4 17
10 62
5 64
3 61
2 90
8 28
3 44
6 38
1 29
6 36
7 95
10 80
9 34
1 14
8 25
9 80
3 22
8 96
5 32
6 24
6 99
6 89
1 89
6 85
1 77
10 76
3 65
1 6
9 76
6 56
5 6
10 16
6 52
10 55
4 29
10 89
9 4
4 100
4 99
3 59
6 68
7 26
8 58
6 4
4 52
9 32
10 50
7 21
6 13
10 77
2 46
8 45
5 67
3 76
5 15
6 77
8 39
6 94
4 17
6 87
5 48
4 76
4 54
4 77
2 52
5 88
5 84
2 76
4 53
7 100
8 51
8 7
4 50
3 92
9 6
6 15
3 69
8 19
9 1
10 98
7 80
3 22
1 62
8 78
9 46
10 6
1 78
3 68
6 37
6 17
3 82
10 95
5 43
9 65
8 40
7 84
2 70
4 85
10 49
7 70
10 42
4 25
5 93
4 29
8 20
10 95
10 20
1 52
1 58
6 26
2 54
2 80
4 35
4 100
4 8
4 65
9 97
4 94
10 11
9 9
5 50
9 24
10 29
7 54
2 22
6 2
5 35
2 74
9 81
9 20
9 39
10 74
5 7
5 35
5 45
4 94
1 49
5 55
5 76
2 60
6 66
8 30
1 68
7 34
2 65
1 3
5 23
7 70
1 63
9 98
10 97
3 49
4 3
2 16
3 25
6 63
4 88
3 97
8 48
4 99
1 3
6 3
8 35
1 9
4 83
6 9
3 58
8 89
1 42
10 55
10 49
5 62
8 19
8 22
4 51
9 6
9 99
6 42
6 55
2 26
7 77
10 6
2 53
1 60
3 12
9 92
10 71
7 39
5 58
5 7
7 22
1 54
4 60
5 26
7 24
10 62
7 3
6 12
9 45
10 71
8 54
6 11
3 4
3 87
3 6
6 80
3 97
9 81
7 44
1 94
1 93
1 13
5 23
3 95
10 87
9 33
6 68
1 1
5 15
2 29
5 92
5 95
4 6
6 56
5 94
4 38
8 35
8 42
5 78
1 80
3 94
4 52
10 22
2 45
5 80
8 11
7 2
10 81
2 36
1 94
1 85
3 27
3 77
5 38
7 72
6 85
1 50
6 81
6 12
6 47
3 20
9 42
4 29
5 63
2 24
8 37
9 39
6 95
8 20
1 33
6 69
1 60
4 32
9 27
4 54
5 71
2 87
8 70
5 37
4 92
9 92
9 6
5 78
1 28
2 63
3 42
4 13
1 64
7 23
8 8
3 44
3 9
9 51
8 30
9 62
6 83
9 80
2 8
4 59
3 73
10 10
3 86
5 100
6 21
2 64
2 25
3 34
5 5
2 26
2 67
9 35
7 58
3 6
2 36
7 34
1 42
4 2
3 41
4 18
8 83
1 2
1 81
3 23
10 76
8 20
8 36
4 86
5 25
1 48
9 18
4 55
5 39
10 18
2 98
1 98
5 18
1 5
7 13
9 89
8 73
6 20
4 62
9 14
3 74
6 22
8 77
9 46
1 32
6 91
5 14
1 90
4 99
8 90
5 77
9 6
7 92
6 86
3 13
6 94
9 83
10 99
7 95
3 23
5 94
9 68
6 21
1 32
2 76
1 12
10 32
10 19
4 85
10 95
8 68
9 47
5 46
8 80
1 45
9 34
6 43
6 17
4 26
4 58
9 43
3 72
4 40
2 9
4 64
2 46
3 88
5 10
7 45
8 75
9 90
8 86
3 9
4 31
8 70
5 38
5 87
6 17
2 66
7 94
5 37
6 87
9 93
4 93
9 35
10 31
7 60
10 5
8 35
8 85
6 29
9 61
1 40
4 39
9 41
10 39
7 29
3 95
4 59
2 5
3 56
10 81
6 27
4 26
3 53
2 28
2 62
3 67
10 58
1 95
7 7
2 48
1 50
2 57
3 73
4 74
4 45
2 59
4 33
8 68
9 67
4 91
7 70
2 96
6 2
7 68
4 8
6 65
1 46
5 38
7 91
2 60
10 36
8 37
4 84
7 40
9 97
4 78
8 44
1 44
9 42
6 31
3 50
1 53
5 36
6 69
5 39
3 83
5 87
8 14
4 24
7 26
5 68
3 66
5 65
9 43
7 24
6 27
7 79
1 82
6 84
3 43
10 27
8 91
1 80
8 46
6 67
1 6
9 23
6 90
3 57
7 97
5 7
4 44
4 23
7 50
7 82
5 75
8 24
10 39
7 53
8 61
2 99
6 60
1 38
3 87
5 80
1 33
8 51
9 95
7 84
3 11
6 79
4 61
1 9
10 57
4 61
1 25
3 56
9 52
10 49
3 36
7 37
1 73
10 40
7 48
4 76
8 87
3 37
2 18
9 59
5 27
2 5
3 39
8 8
5 98
7 84
8 89
5 21
4 99
7 98
7 73
1 35
1 28
10 10
8 61
7 74
4 7
2 95
5 89
2 17
9 6
10 7
6 59
2 59
4 60
10 98
4 36
4 22
9 24
4 5
8 7
1 93
4 15
2 53
9 82
2 67
6 71
7 18
3 50
9 8
6 69
9 94
6 89
5 89
2 96
8 82
9 27
10 45
2 96
6 13
5 67
2 60
7 31
5 14
1 28
10 12
3 72
8 76
8 75
8 100
9 100
8 69
3 77
9 29
5 66
5 85
6 59
7 73
9 64
10 54
3 71
6 83
5 38
8 27
8 34
3 2
1 64
5 63
8 62
8 47
2 25
9 12
2 3
7 41
3 60
6 98
3 15
10 12
9 43
10 47
10 15
8 52
9 67
1 18
8 93
1 9
4 53
1 34
3 65
1 6
2 93
6 30
2 3
10 52
1 43
2 56
7 33
5 66
10 79
10 4
3 66
7 83
8 26
6 4
5 96
10 37
10 52
1 62
1 83
6 14
2 85
4 95
5 96
3 99
7 27
9 80
3 46
7 27
8 72
10 56
1 41
10 58
2 25
9 83
4 96
5 71
1 7
3 94
9 21
8 96
8 14
2 50
2 65
5 14
3 74
9 28
6 91
2 64
10 96
8 31
2 29
2 87
5 68
10 75
1 8
9 96
7 86
9 78
4 70
10 91
7 90
1 31
4 83
6 24
7 93
5 100
9 38
5 69
7 35
3 89
3 75
3 45
8 41
1 80
8 1
3 20
3 54
7 85
3 75
7 93
1 52
1 85
3 56
6 58
6 41
4 40
7 97
10 96
9 76
1 40
6 63
4 10
3 91
5 78
3 86
10 100
3 29
4 14
6 51
4 62
9 87
2 20
4 75
7 100
3 43
1 47
5 59
1 97
8 38
7 22
4 1
2 37
9 23
10 95
4 85
6 60
2 91
7 58
8 7
8 63
7 82
7 88
3 37
5 84
9 89
3 65
9 91
4 48
5 60
10 76
8 80
6 81
2 54
1 76
2 56
9 38
8 17
6 39
4 62
3 96
7 85
1 96
7 9
6 40
8 78
10 62
8 4
7 53
3 96
3 20
4 23
4 60
4 80
1 8
9 13
3 4
1 2
7 10
2 42
8 70
7 18
4 83
7 36
10 79
2 45
1 61
4 87
9 90
4 47
10 51
2 79
8 49
