2 27
9 89
6 85
4 52
9 61
2 61
2 45
9 19
1 24
10 16
1 56
6 67
8 76
4 32
10 25
8 38
9 12
9 90
6 80
3 95
7 34
8 73
7 19
8 2
4 9
6 56
1 2
6 90
6 30
8 75
7 96
4 89
1 1
9 65
8 54
5 91
9 44
4 38
7 73
6 88
8 48
8 65
4 98
2 85
8 17
9 59
4 58
8 31
4 72
5 20
8 52
6 25
10 20
4 27
2 79
6 33
7 11
8 87
6 18
8 67
10 39
10 97
3 91
7 23
1 60
10 6
6 65
7 49
5 30
3 100
9 23
6 92
8 65
9 58
4 41
10 9
3 46
3 22
5 61
5 7
4 64
6 20
9 97
7 78
9 61
2 89
2 54
2 82
9 85
6 34
7 96
1 74
9 20
3 77
8 95
3 7
1 21
7 36
9 25
2 69
9 35
7 22
10 86
3 34
3 100
2 12
1 77
7 68
7 46
2 33
4 58
9 93
9 56
8 96
3 80
5 49
6 39
6 68
1 30
6 13
6 22
8 70
7 92
3 29
3 12
4 76
9 16
10 59
9 59
6 6
1 15
1 32
7 12
10 74
9 51
7 19
7 60
9 94
7 84
10 49
2 82
8 50
3 25
7 1
1 43
3 32
4 9
4 36
5 60
4 83
4 96
7 51
6 80
9 83
9 45
8 69
6 84
3 41
3 59
10 28
7 76
3 41
6 63
8 81
1 73
5 45
8 33
9 11
8 59
5 53
4 96
6 17
8 70
1 31
9 32
7 16
4 30
3 61
8 95
8 52
10 24
4 91
1 95
3 12
2 52
5 88
4 100
6 13
5 99
6 2
4 40
3 77
8 65
3 33
3 16
1 77
2 54
4 58
9 54
7 41
5 37
7 9
8 58
4 60
8 25
5 40
1 2
3 6
3 92
1 7
5 60
7 68
10 21
9 100
10 4
2 56
6 61
10 62
4 28
10 75
4 35
10 40
10 74
7 12
8 1
2 65
10 87
8 96
4 14
1 67
8 43
7 94
10 91
8 13
10 81
6 30
2 64
4 90
6 65
6 39
1 19
1 70
2 5
5 74
3 4
3 29
7 51
8 34
2 9
10 73
6 23
4 96
9 73
1 78
7 67
9 82
5 9
6 34
3 3
5 5
5 81
8 84
3 7
1 41
7 37
6 66
8 10
8 2
4 67
5 13
9 90
8 66
1 64
9 41
5 5
2 7
1 68
3 47
5 67
3 23
8 49
2 36
10 86
6 31
6 48
7 73
10 72
1 94
10 57
9 51
4 77
5 93
2 68
9 70
1 36
1 43
2 79
1 100
5 52
2 52
6 69
10 80
7 77
5 56
6 2
2 32
5 37
7 42
3 51
7 54
10 33
5 54
2 56
4 24
5 8
5 61
7 98
4 77
8 23
5 89
10 40
5 81
3 33
8 64
2 3
9 33
2 59
10 72
6 100
9 18
1 28
9 89
5 43
1 100
10 57
1 64
10 59
9 1
2 20
3 40
3 38
3 53
10 8
5 56
5 75
2 89
5 27
7 50
5 3
2 49
6 52
8 23
3 35
9 72
3 94
6 93
5 10
2 81
8 35
4 79
7 53
8 8
5 26
4 53
5 52
3 9
2 6
7 39
8 99
10 94
3 4
5 64
5 32
5 45
9 54
4 65
5 13
5 6
10 31
2 29
10 61
4 50
1 99
8 71
7 29
9 19
8 49
10 5
5 64
4 5
6 9
1 45
1 25
10 8
10 65
3 32
6 25
8 46
8 22
5 56
4 72
1 75
7 82
3 100
9 38
9 29
3 72
7 52
4 67
1 19
8 49
2 39
10 37
8 76
9 7
7 38
2 91
9 19
2 2
6 96
6 58
4 13
8 96
6 74
3 49
2 36
7 91
8 69
1 34
4 24
4 19
5 21
9 79
8 25
9 73
10 53
7 52
2 30
9 21
8 98
7 45
4 58
7 73
7 83
6 26
2 78
9 57
5 32
5 69
6 19
4 12
10 29
3 27
6 75
2 14
5 61
10 5
2 37
7 57
10 69
8 30
5 71
4 21
9 56
7 43
6 92
1 86
6 42
2 29
8 20
1 75
4 46
10 7
10 61
6 23
2 46
8 78
1 25
5 88
4 56
9 94
7 80
6 32
4 100
3 32
2 85
8 76
2 27
4 44
2 38
2 85
3 75
9 2
8 30
8 86
3 37
10 46
10 84
1 93
2 17
6 46
9 10
4 58
3 62
9 64
3 60
5 90
1 16
4 78
8 36
6 53
7 47
2 7
7 6
8 62
2 3
8 73
4 91
2 17
7 43
9 23
3 16
1 39
5 96
10 98
5 25
2 27
8 61
8 89
8 24
1 61
10 31
7 34
5 65
2 92
8 43
6 4
5 85
2 42
10 36
2 1
5 36
10 24
4 52
8 76
7 85
4 65
3 8
10 89
10 23
5 3
6 2
7 1
7 30
9 3
2 72
5 93
2 90
1 51
6 100
3 39
6 28
1 55
3 35
2 30
7 8
1 35
5 24
9 65
7 73
1 81
4 51
8 16
4 53
3 8
9 40
2 52
6 44
10 93
3 59
6 1
3 46
1 23
8 68
7 3
10 70
4 76
4 58
6 47
9 51
7 20
8 45
2 65
3 90
5 95
8 18
9 74
3 13
5 71
10 47
5 69
4 3
7 65
4 25
1 15
9 38
9 46
3 95
2 20
4 63
1 88
8 86
6 29
1 23
2 40
5 12
2 29
2 53
5 79
10 23
8 94
6 36
8 51
4 85
9 23
3 72
6 24
2 91
4 89
7 81
10 21
7 44
4 32
9 69
2 54
4 25
5 49
7 8
8 34
6 68
8 15
2 55
3 20
3 15
8 68
2 80
9 3
7 99
8 2
3 54
5 75
8 67
10 20
10 35
3 59
5 32
4 100
8 70
2 3
5 83
1 64
4 63
9 1
10 93
8 31
10 88
6 13
2 60
8 67
3 83
1 7
8 28
6 10
7 56
4 73
4 58
2 31
1 54
4 67
5 45
1 7
4 79
7 97
10 81
1 86
5 77
10 33
6 65
5 37
10 86
1 99
3 14
6 35
7 69
10 66
8 7
10 26
4 15
2 10
2 33
3 40
8 50
10 42
5 3
8 53
2 30
3 5
7 60
1 37
8 80
9 82
7 21
2 4
3 60
4 5
9 45
3 23
2 21
9 1
6 85
3 94
4 9
8 49
8 60
2 13
4 43
7 37
7 33
4 57
7 67
1 61
3 9
2 25
9 78
3 50
3 100
5 27
9 28
9 49
2 93
5 99
3 15
6 93
7 100
7 96
8 15
10 70
9 73
1 88
7 5
4 82
1 87
4 42
10 18
1 37
10 4
3 87
3 15
4 22
3 5
10 87
8 56
1 1
6 96
1 58
8 2
6 20
3 20
3 65
3 27
4 68
9 92
4 73
6 3
7 99
10 73
6 16
2 66
3 21
10 63
5 28
3 62
4 25
5 84
10 61
10 79
8 18
3 70
5 16
2 51
2 16
2 20
4 80
9 41
8 95
2 85
8 91
4 75
4 80
5 2
8 39
3 62
2 16
5 26
4 18
3 55
1 78
9 21
5 75
7 17
9 53
10 84
6 9
5 51
3 85
6 12
6 9
2 37
7 25
4 12
3 25
8 67
9 4
3 69
8 70
4 47
4 98
10 5
8 63
7 69
7 9
1 71
9 44
7 38
3 18
6 99
3 31
7 68
4 75
6 24
1 67
1 53
9 88
6 55
10 12
8 37
7 43
4 18
4 32
4 83
9 78
8 60
4 54
4 68
1 30
6 37
5 54
7 33
10 35
8 36
3 74
4 43
1 32
8 99
2 5
10 83
10 65
4 2
8 83
10 13
4 53
2 85
6 93
2 94
7 67
4 41
5 84
2 100
6 3
9 95
8 71
9 6
2 52
2 82
1 86
8 34
8 73
1 4
3 47
4 32
7 77
7 45
9 61
1 38
1 60
5 25
9 57
1 40
2 14
4 36
5 15
10 75
4 45
8 21
8 96
1 12
8 37
4 17
3 7
9 47
4 32
2 3
10 45
9 9
8 12
2 23
7 78
8 25
2 45
3 29
8 43
4 4
9 10
7 73
2 56
10 62
5 47
5 58
10 61
5 50
8 57
8 96
5 59
10 86
6 42
4 72
6 58
4 14
5 68
2 40
2 26
7 91
8 43
3 17
10 19
1 26
9 69
5 27
9 54
9 48
8 96
6 69
9 51
9 44
6 75
5 87
6 43
1 2
1 66
1 49
8 9
1 57
3 93
4 64
2 59
6 13
4 18
9 5
5 55
9 40
4 4
6 86
9 40
8 35
8 100
2 78
3 36
9 50
1 80
1 50
7 65
9 39
10 24
8 91
10 74
1 57
5 71
3 5
4 29
6 43
7 36
10 40
3 20
1 76
1 83
4 13
5 66
4 85
10 34
4 5
