9 63
9 76
1 39
8 11
2 14
8 87
8 18
1 14
6 24
5 65
1 31
4 27
2 98
1 94
4 88
5 40
8 30
7 97
10 34
5 79
10 36
7 86
1 63
4 46
7 57
9 20
10 15
2 26
8 52
8 42
7 21
9 17
7 95
5 89
6 49
5 69
5 16
3 6
7 96
2 69
9 38
2 71
5 45
4 52
5 14
1 91
9 52
1 59
1 64
2 92
5 90
9 17
3 73
6 59
4 26
5 30
10 85
4 79
6 4
6 6
10 84
6 23
5 33
10 45
10 62
9 74
7 8
4 59
7 73
5 27
7 96
3 38
1 91
9 97
5 16
2 80
6 94
1 25
5 85
9 92
2 5
6 28
9 4
8 86
10 6
6 91
6 75
4 21
5 84
10 27
5 2
10 34
1 60
5 5
2 40
8 71
6 1
7 33
8 8
10 18
1 25
1 28
10 58
2 86
3 68
2 71
4 13
8 79
2 26
9 39
7 80
2 79
5 14
1 13
2 27
2 97
7 95
7 1
8 5
4 18
3 27
3 16
9 94
2 24
9 7
3 16
2 7
7 68
2 68
8 96
6 86
4 45
3 86
5 90
4 89
3 53
2 40
7 22
8 36
9 24
9 21
4 34
4 97
8 2
6 74
10 38
5 16
10 47
8 47
5 91
7 25
6 14
8 9
6 33
4 87
6 32
4 22
4 91
10 41
4 4
5 78
10 83
5 42
4 46
7 14
3 12
2 14
9 38
5 100
1 38
9 72
5 56
7 16
5 14
8 19
5 91
1 91
8 32
7 91
8 59
3 43
7 42
5 23
8 57
2 47
1 27
10 54
4 27
7 93
2 51
8 24
10 94
9 32
4 27
9 7
7 58
4 29
10 19
6 20
10 26
7 76
4 22
8 10
3 18
7 26
8 42
10 83
1 58
6 22
2 10
3 11
4 74
3 58
7 61
5 54
7 54
4 33
6 14
9 15
6 73
7 47
9 43
10 20
8 99
5 25
8 12
7 87
7 64
4 49
2 51
6 84
2 80
6 32
8 75
1 13
1 35
5 28
9 7
2 52
6 24
10 42
6 29
5 73
6 56
2 5
5 89
6 47
8 6
4 10
3 73
10 9
3 33
10 53
3 40
8 46
4 6
8 3
10 10
9 91
7 93
7 75
7 95
2 46
1 13
7 11
7 25
4 54
5 35
1 38
1 20
3 15
8 77
1 9
9 33
7 65
2 69
8 28
7 26
4 5
6 100
8 7
6 73
1 49
1 28
4 39
1 54
4 82
9 93
10 39
2 4
5 26
3 9
3 66
10 48
3 53
3 97
9 61
8 83
5 73
1 93
9 11
10 42
1 48
8 81
5 91
6 34
3 74
1 47
5 22
5 19
4 33
3 1
10 31
8 98
8 62
7 54
5 16
9 17
9 28
9 33
3 24
10 95
7 21
6 83
2 88
7 30
1 70
8 48
2 56
9 6
6 85
3 42
9 60
6 5
4 34
9 43
9 65
5 11
1 77
7 1
9 64
8 57
7 31
5 33
7 35
5 43
10 34
1 74
6 85
9 16
1 95
2 1
4 12
3 2
2 15
9 16
1 18
5 16
10 88
5 33
7 90
2 21
1 59
10 78
4 65
4 80
2 46
6 15
9 23
1 40
8 17
8 21
3 89
6 87
10 82
4 87
9 27
5 25
3 10
8 17
2 73
4 95
8 76
3 83
9 31
7 50
2 58
7 28
10 15
9 31
4 68
9 12
1 23
6 62
9 99
10 44
8 69
6 56
3 40
1 31
7 37
1 11
2 75
5 44
7 54
2 34
2 27
8 80
6 66
7 43
7 25
1 79
9 13
4 27
5 70
2 11
6 71
10 26
7 55
2 58
9 60
4 98
3 18
3 78
7 60
3 18
9 8
5 25
7 29
6 37
4 15
5 20
9 42
10 21
3 70
10 42
6 91
2 90
9 26
1 96
9 53
1 70
8 73
9 7
5 69
9 80
8 22
9 14
8 98
4 64
5 61
6 79
2 41
2 10
4 10
5 75
2 65
9 52
10 87
4 48
10 65
2 54
3 39
3 93
6 78
5 29
6 100
5 58
6 48
1 6
8 98
8 54
8 40
7 42
8 6
2 78
5 76
1 62
1 27
1 8
9 80
2 69
10 49
7 74
4 61
7 11
3 91
10 55
4 9
4 70
6 19
1 55
5 92
8 32
10 78
5 12
8 3
2 25
5 23
8 21
6 8
8 67
2 32
5 87
5 6
4 58
8 98
4 95
5 3
1 72
10 95
9 81
7 26
6 16
7 67
5 24
3 69
7 84
1 69
6 81
2 70
10 64
8 5
7 67
8 54
7 22
9 90
10 50
1 51
4 50
6 63
5 66
5 59
4 97
1 27
8 30
8 84
3 11
2 55
9 59
7 58
7 63
10 24
5 60
8 32
6 63
8 38
2 9
3 80
4 14
6 1
2 46
7 1
6 59
4 17
3 95
7 73
5 1
1 84
3 2
3 70
2 43
5 89
7 58
4 51
6 11
4 36
4 76
7 65
6 13
4 97
9 74
2 72
1 22
9 42
9 10
8 45
8 71
2 47
3 20
3 27
10 44
8 7
6 17
1 8
4 75
7 2
10 33
8 7
2 25
4 47
9 61
6 17
6 45
8 25
10 97
3 14
8 6
2 43
1 37
10 3
2 87
5 65
4 99
2 2
3 6
9 62
7 94
6 94
6 87
7 10
3 38
7 74
6 64
9 19
2 75
7 87
6 56
7 73
10 73
4 24
10 1
8 72
7 47
3 4
7 12
10 2
10 18
10 64
3 25
2 11
5 20
4 39
2 30
5 59
7 35
10 67
9 99
6 92
6 85
2 11
1 92
4 38
1 71
7 16
7 51
1 84
2 68
6 30
10 53
8 82
7 92
5 94
6 74
10 2
7 15
8 31
2 91
3 61
6 14
5 86
4 82
3 49
4 78
5 32
2 73
8 74
6 93
9 28
4 64
8 19
9 94
6 51
7 66
10 28
5 6
7 90
8 20
5 43
4 43
9 40
2 27
6 80
1 38
5 27
8 20
4 98
6 14
9 57
8 19
1 14
10 16
8 16
9 86
5 81
6 99
5 12
7 25
7 19
9 11
10 13
2 86
10 88
6 27
10 91
7 52
4 55
2 20
3 44
9 1
3 87
3 77
9 10
1 65
9 28
10 87
9 91
4 98
2 96
6 60
7 94
2 68
3 32
6 41
7 53
5 12
3 86
2 26
9 27
10 2
7 22
1 90
5 9
6 100
8 15
5 70
7 59
1 43
4 92
6 56
10 61
1 54
5 29
9 65
6 7
10 96
10 17
3 6
1 31
5 33
8 4
6 76
4 20
8 17
7 28
10 1
9 2
3 42
10 45
4 92
1 34
8 99
4 82
8 97
8 21
8 47
8 43
7 79
5 70
8 82
10 23
4 67
4 74
4 81
7 37
10 93
9 36
1 88
5 17
4 35
5 11
5 88
8 89
2 87
6 41
1 26
3 61
10 11
2 83
4 96
10 1
10 48
1 61
9 93
3 32
10 70
3 81
1 39
3 81
2 95
2 29
9 70
10 23
4 13
1 98
1 60
8 18
4 94
1 49
9 96
2 69
9 80
1 6
4 64
3 35
4 36
4 73
4 29
3 13
7 36
10 79
9 23
2 95
3 23
4 76
5 40
9 88
9 93
6 84
6 84
7 76
10 42
9 39
3 39
6 77
7 73
6 78
6 79
4 77
4 47
8 17
7 69
5 52
3 11
10 65
4 9
9 28
4 60
5 89
5 36
1 97
5 80
4 83
10 95
5 31
3 41
8 22
10 7
4 25
3 84
4 75
8 21
10 81
5 87
4 29
6 84
4 69
8 72
1 94
9 55
1 89
2 10
1 37
7 82
5 56
2 40
2 84
1 38
4 66
10 19
3 21
9 3
3 72
6 38
6 19
10 12
3 92
8 37
2 64
2 87
7 92
1 85
3 61
5 34
1 16
2 3
1 91
10 62
3 58
6 22
8 77
6 36
3 76
2 39
7 17
1 72
2 21
2 36
3 42
2 12
10 25
7 4
4 33
7 56
2 32
3 23
4 2
4 89
10 51
6 64
1 1
3 59
7 84
10 32
9 71
9 56
3 36
9 98
2 28
7 1
9 77
3 70
1 4
3 46
10 47
9 52
1 52
10 39
2 40
9 27
1 4
9 43
1 10
5 96
4 48
4 29
1 73
6 99
2 49
10 82
1 36
1 30
2 82
10 28
1 74
5 70
5 89
6 95
10 86
10 67
5 69
7 24
10 61
9 65
2 79
9 60
3 61
8 66
8 51
2 2
6 69
7 1
4 70
8 38
8 73
4 39
6 43
9 74
7 80
9 65
7 59
3 41
4 70
10 74
9 47
3 18
8 94
2 47
4 94
2 83
5 86
5 87
9 93
2 28
7 23
8 78
2 5
2 82
8 36
1 48
