8 26
2 14
2 38
3 13
4 88
1 37
8 75
7 97
10 10
5 86
1 76
3 34
7 52
5 31
8 16
1 25
4 95
6 25
7 76
10 37
7 53
4 45
1 9
2 75
9 6
7 58
6 59
8 32
3 30
10 27
10 18
10 52
8 29
4 76
1 93
7 14
10 5
7 73
2 19
3 19
4 56
9 72
1 12
8 26
5 52
2 57
10 6
1 82
3 92
1 93
1 30
3 13
4 30
10 78
7 21
7 29
5 21
5 26
7 1
3 55
9 70
7 85
9 20
4 34
8 84
4 2
8 62
7 22
2 21
3 46
7 48
3 15
3 1
3 38
6 61
2 24
4 95
3 87
4 49
6 34
10 45
2 94
10 37
8 73
7 87
3 67
3 80
7 59
10 63
4 51
1 17
5 57
10 97
10 72
1 44
4 87
4 27
3 21
4 84
2 65
2 22
7 24
1 95
3 73
3 37
10 93
10 75
5 34
8 71
10 10
5 37
10 32
7 89
7 35
9 38
1 86
6 59
3 21
6 96
6 55
8 54
8 69
6 98
1 62
2 36
9 83
7 17
2 95
8 81
3 36
7 83
3 70
4 98
5 18
5 16
3 83
6 81
6 93
9 55
9 61
7 50
5 10
9 63
9 17
4 85
4 53
9 56
3 95
6 66
1 12
2 77
4 41
4 92
4 23
10 10
10 53
1 23
5 43
9 56
10 77
2 55
4 57
9 77
10 34
6 17
4 74
7 3
2 2
3 13
7 5
8 69
10 8
9 100
4 74
1 27
7 49
6 65
9 51
5 77
5 42
9 98
1 23
10 16
10 50
4 77
2 53
9 86
4 47
6 45
3 87
9 81
9 46
3 84
3 81
1 24
7 92
9 16
4 73
7 99
4 69
6 1
9 74
5 21
2 97
5 18
3 3
1 29
6 95
9 44
1 31
7 31
8 40
5 33
7 19
9 37
4 2
6 67
6 17
2 92
9 51
3 99
5 21
5 19
6 17
9 58
6 39
3 57
2 61
1 27
1 53
3 28
5 50
9 20
4 76
8 50
10 97
5 4
3 8
8 56
3 72
7 83
6 6
1 6
3 88
2 8
7 16
9 12
6 81
8 27
7 89
3 36
7 22
2 53
1 82
5 87
7 51
10 14
1 57
9 11
8 89
4 2
7 90
6 35
9 18
8 58
1 54
9 68
1 63
9 17
10 98
6 100
10 63
1 74
8 7
9 59
10 99
2 22
1 61
9 80
3 2
10 16
7 5
4 54
10 80
1 82
1 65
2 32
7 40
9 19
1 80
7 71
10 71
3 68
5 80
10 52
7 32
5 97
4 33
6 81
10 48
4 30
2 85
5 26
5 45
6 32
10 24
7 98
10 5
8 68
10 91
4 33
5 69
10 48
10 10
2 53
10 56
3 3
5 12
8 27
5 11
4 75
4 99
8 36
2 72
1 86
5 14
3 51
7 85
3 2
7 57
7 67
9 8
6 59
9 16
3 50
3 70
4 46
8 29
4 18
10 49
2 21
8 85
5 73
2 8
9 16
8 100
9 22
10 79
10 87
2 11
7 48
7 5
3 18
10 7
2 92
6 16
7 3
9 17
3 83
1 17
6 28
7 61
7 54
5 38
1 95
10 96
4 96
4 65
8 59
2 4
8 60
4 20
8 86
7 96
5 14
2 97
9 75
4 50
9 96
2 100
8 71
2 72
2 86
7 42
6 66
5 8
7 88
7 34
6 60
2 60
2 73
6 27
6 77
9 81
5 79
1 19
4 55
1 85
9 87
4 99
7 41
2 71
5 76
3 29
8 67
4 28
2 12
5 80
4 86
8 98
6 44
2 1
6 39
5 84
1 50
1 29
5 24
9 81
5 47
7 87
3 68
5 24
1 16
8 64
10 90
9 15
6 2
3 58
4 38
6 10
8 88
7 56
9 29
8 62
10 5
10 53
4 88
3 93
9 52
2 22
3 33
6 81
6 58
1 35
8 66
7 78
2 60
3 59
5 19
6 71
6 63
6 34
8 77
2 81
8 5
3 72
4 18
7 45
6 75
8 68
7 54
4 32
9 18
1 11
2 46
7 78
5 20
4 92
1 32
4 17
1 38
7 99
4 35
2 49
10 9
1 29
6 17
8 8
7 15
10 23
8 81
3 85
3 33
10 72
4 32
7 30
4 8
7 98
4 94
3 79
6 33
9 41
8 56
1 82
2 14
1 49
8 6
5 11
4 24
6 90
8 3
9 71
10 70
2 23
9 37
8 82
8 22
4 37
8 20
7 27
1 72
8 6
8 95
8 4
4 36
6 89
2 28
2 12
3 4
4 14
2 90
2 51
10 97
10 88
4 43
7 53
4 76
5 9
1 5
6 44
3 23
10 66
6 27
6 41
3 3
2 57
5 54
9 16
2 56
4 19
2 42
8 58
6 34
9 16
10 64
3 52
6 85
10 72
5 83
6 71
5 98
8 50
6 41
9 74
7 34
5 98
7 61
8 61
7 95
1 24
10 8
1 98
4 50
3 64
5 33
4 100
5 93
9 21
4 31
9 94
5 45
7 21
4 36
9 90
2 3
1 49
5 81
3 76
5 35
10 42
3 58
6 38
2 33
6 92
7 92
6 83
9 37
9 55
2 38
6 65
9 36
10 42
1 11
6 53
8 12
8 1
4 92
7 44
1 42
1 81
7 16
8 21
9 6
8 81
3 85
9 75
7 40
10 48
1 18
8 5
4 55
3 87
5 24
8 66
8 26
6 84
5 3
9 8
10 57
6 58
4 64
6 98
1 83
8 38
6 50
5 24
9 39
9 45
7 22
1 40
2 64
2 75
1 88
7 80
2 66
4 75
10 82
10 36
1 52
3 45
10 30
6 51
2 13
2 62
8 46
4 46
8 1
8 16
8 1
1 82
8 8
2 72
4 36
4 16
9 43
9 21
9 96
10 48
3 95
7 44
6 44
1 40
8 47
7 23
7 12
8 16
9 79
10 56
6 99
8 62
9 21
7 93
2 58
1 81
4 25
7 4
10 76
7 15
2 6
9 86
5 75
4 96
9 27
4 32
6 77
2 2
3 77
7 6
4 85
7 45
9 26
5 21
10 17
9 98
6 12
4 50
7 48
3 29
7 85
8 32
1 87
1 28
7 63
5 84
6 14
6 56
10 10
6 12
2 9
9 89
10 72
9 62
6 8
2 87
8 57
4 55
10 53
9 41
1 72
10 59
6 35
5 30
3 25
8 29
9 70
9 68
3 35
3 96
7 11
3 30
2 10
7 62
4 23
8 8
1 39
3 6
7 9
1 75
8 24
5 75
7 62
6 7
4 43
4 37
3 77
8 11
7 72
5 21
8 9
5 48
1 97
2 37
3 56
4 88
9 59
7 27
5 11
7 38
1 84
4 17
7 74
5 64
9 84
3 67
1 87
5 87
6 89
2 74
4 63
4 87
4 33
7 37
2 94
6 86
7 80
9 95
8 26
8 3
6 93
4 61
10 72
4 72
10 4
2 7
3 36
2 70
3 70
6 4
3 79
5 6
3 18
5 40
7 93
9 87
5 75
10 59
3 26
4 84
4 61
6 84
10 58
6 8
10 63
1 49
4 62
6 33
7 55
6 55
1 38
6 88
5 87
4 24
6 7
4 93
10 4
1 15
1 84
6 97
1 63
8 80
9 83
2 37
6 49
5 22
9 87
2 58
8 36
5 17
2 17
10 49
5 70
7 62
7 16
4 65
2 66
3 52
7 22
2 86
4 20
4 58
5 78
4 5
1 51
5 74
7 42
1 46
9 46
9 78
3 36
4 21
1 41
8 62
9 83
10 70
9 71
2 26
8 44
7 2
9 7
2 94
10 99
6 54
6 64
2 26
8 89
2 79
1 87
3 9
4 53
2 90
8 94
6 80
6 98
8 43
2 53
1 38
7 4
7 64
5 69
5 79
1 72
10 57
2 9
8 15
1 98
5 43
7 34
10 69
9 70
6 26
7 39
3 22
1 9
2 73
2 45
1 76
1 59
10 94
9 2
2 66
2 88
9 72
7 98
5 100
10 93
9 94
4 68
8 85
6 18
7 11
4 3
1 87
1 99
6 18
5 51
7 86
9 13
4 29
8 58
6 70
3 15
6 99
7 73
9 36
7 51
1 35
5 19
8 90
9 44
8 25
8 11
6 52
1 59
3 90
6 63
3 91
6 96
1 69
6 13
2 34
9 63
2 42
9 45
1 17
8 93
4 31
2 38
8 60
3 55
9 83
1 32
2 15
6 55
10 49
6 81
9 57
9 40
6 43
4 30
4 61
4 76
5 17
5 53
3 22
6 5
10 72
7 6
4 61
8 2
10 61
7 99
2 27
4 57
9 82
5 94
9 82
4 56
1 41
10 95
4 13
2 41
2 58
9 48
2 33
5 100
7 67
8 82
1 44
7 9
9 51
10 52
1 40
6 48
2 77
4 76
7 26
8 39
10 64
3 43
4 9
