2 32
2 8
6 35
1 31
7 35
9 61
6 67
5 4
8 24
9 70
6 90
10 7
1 26
9 78
1 78
7 56
4 19
2 95
5 51
3 50
8 62
5 25
4 99
1 17
4 57
10 38
4 83
10 41
3 58
1 93
3 73
7 90
9 71
7 5
5 50
5 15
7 91
9 61
5 47
5 5
6 73
1 56
4 93
5 3
4 97
2 87
10 35
3 48
1 40
6 55
2 28
4 22
2 74
7 17
3 39
8 35
5 35
9 82
10 85
5 88
7 93
1 31
10 71
1 80
4 38
10 31
8 74
2 87
6 11
4 46
4 52
8 76
8 17
8 22
10 9
8 5
1 20
10 65
7 65
1 32
3 60
7 87
8 43
7 53
5 38
5 66
2 13
5 28
2 86
6 62
4 96
3 13
3 88
2 13
7 22
6 68
10 40
5 86
5 75
4 61
6 31
2 39
1 26
2 18
8 33
9 32
2 64
10 42
10 3
10 83
6 49
4 5
2 60
7 8
8 7
6 42
9 74
7 96
4 80
10 99
9 36
2 55
10 69
8 45
6 62
5 72
6 67
10 47
3 62
2 5
4 27
9 70
1 3
8 77
1 59
4 31
6 61
4 99
2 87
2 85
9 17
5 2
8 11
1 6
1 20
8 1
5 9
8 90
2 5
8 34
7 41
6 78
4 57
5 65
4 59
4 44
2 1
8 35
6 17
9 57
1 83
5 5
9 7
10 17
7 82
10 27
8 77
10 43
2 32
7 99
8 85
7 63
1 71
6 30
5 38
5 85
3 19
6 15
8 85
7 41
9 88
8 5
7 64
3 70
6 78
9 79
1 27
5 29
10 94
5 67
5 5
1 53
1 100
3 45
3 18
4 15
1 36
7 67
10 76
4 69
5 63
10 96
7 60
3 16
4 69
10 90
7 15
1 86
10 42
10 78
3 22
3 46
2 91
3 48
10 92
3 58
3 51
4 70
7 89
6 33
7 96
1 72
5 7
8 12
5 9
8 42
4 42
6 19
7 27
10 22
4 53
10 57
9 6
5 25
1 52
6 83
4 2
7 7
9 73
5 7
8 40
4 29
9 5
1 78
3 53
5 84
2 2
2 19
7 39
3 17
2 45
3 12
7 89
6 9
9 58
9 22
5 65
8 71
10 96
4 78
3 77
6 79
6 84
8 68
6 8
7 51
10 86
10 41
1 51
2 53
10 42
8 2
9 22
8 9
5 86
5 65
2 95
2 5
10 78
8 40
9 67
6 33
6 2
10 65
10 14
6 63
1 51
10 74
6 37
7 86
7 7
3 48
4 22
5 48
2 44
7 58
7 6
4 73
7 90
9 57
5 92
8 99
2 23
1 55
4 88
1 61
4 8
3 30
6 96
3 70
4 99
2 79
4 23
3 62
1 20
8 73
7 62
3 89
9 38
3 61
2 36
5 12
1 96
3 65
8 72
7 93
8 14
5 19
4 47
8 56
2 12
4 12
7 16
8 50
9 35
8 27
4 93
1 51
8 100
7 13
5 37
4 20
10 86
6 93
2 34
6 35
4 76
7 43
4 78
9 16
9 86
7 54
9 51
7 84
3 31
9 92
5 24
2 28
6 22
10 46
5 8
9 15
7 19
1 70
9 28
2 61
5 84
10 98
5 62
2 88
6 82
5 72
5 94
5 51
7 18
4 81
3 49
1 89
7 26
1 72
7 29
3 8
6 20
8 87
3 54
4 64
1 23
5 61
3 5
8 59
2 79
4 52
2 1
6 68
8 87
8 78
2 31
7 45
3 98
10 80
3 23
4 27
7 29
4 81
10 58
3 46
1 48
3 81
3 87
3 100
10 38
2 20
2 84
8 84
2 95
10 77
2 49
9 9
4 65
8 42
6 49
4 74
5 30
4 52
1 53
7 45
5 78
8 65
8 46
8 22
8 35
2 40
5 95
5 10
5 97
4 12
4 62
8 30
8 52
5 38
9 97
4 71
10 39
6 90
10 11
1 25
5 65
5 63
5 63
2 54
8 57
3 69
3 29
4 50
1 87
2 71
5 49
4 14
4 98
5 63
2 77
9 99
10 13
10 38
9 55
8 89
5 76
3 3
8 9
6 79
2 13
2 83
8 27
6 99
3 66
2 83
1 66
2 59
7 31
4 47
8 24
2 12
1 6
1 22
10 56
6 11
8 41
10 81
8 36
10 24
4 99
7 79
7 59
7 93
7 16
1 84
3 94
3 58
6 76
2 23
6 45
1 36
9 48
10 22
6 61
4 31
5 46
5 54
7 24
10 81
10 84
5 85
9 61
9 35
3 85
8 38
5 23
4 28
5 16
9 41
10 32
9 99
6 74
8 46
8 93
5 36
2 49
3 83
5 9
4 79
10 5
3 51
5 99
1 61
6 17
7 35
7 58
6 56
2 20
8 37
1 9
9 32
5 82
6 38
4 22
8 30
6 61
8 17
3 98
6 30
4 26
1 28
4 10
7 54
1 71
6 71
4 14
3 27
9 4
6 30
3 92
6 52
7 1
6 25
7 26
3 72
1 71
2 51
2 78
10 98
2 84
9 77
1 79
1 36
2 13
7 62
4 43
1 6
7 67
5 51
4 32
9 97
7 85
4 21
2 89
2 66
1 70
1 3
3 19
3 3
4 1
3 27
6 82
3 74
10 58
5 2
6 88
4 51
4 47
5 62
5 34
10 64
8 9
5 37
9 32
5 4
1 98
10 85
9 35
3 50
4 19
7 63
2 22
3 92
4 89
8 25
10 27
2 19
9 14
6 10
1 88
4 23
10 75
10 99
8 40
3 13
3 96
4 21
8 9
3 26
2 28
6 24
10 94
4 23
8 44
2 91
7 72
3 45
7 33
10 90
9 91
5 63
5 56
6 53
3 59
5 16
4 16
7 36
4 5
7 48
7 72
2 79
6 48
8 68
7 42
7 45
7 78
4 8
4 20
2 39
1 35
4 11
5 19
10 52
1 10
9 30
2 13
2 67
3 96
1 46
6 10
5 2
3 38
2 9
2 27
3 23
7 56
1 85
9 72
3 22
8 34
4 6
10 43
2 7
5 72
7 90
1 20
10 70
8 51
6 64
2 98
9 76
10 68
10 39
5 88
5 94
7 93
7 27
9 47
6 71
10 28
10 56
2 36
2 48
9 25
4 63
7 68
9 39
1 69
9 98
7 65
3 74
5 63
2 84
2 84
4 30
7 64
10 88
2 58
5 66
7 16
4 25
7 1
3 19
1 44
3 37
6 50
3 52
8 76
5 43
1 50
2 33
10 80
3 47
6 92
1 25
3 48
3 54
7 6
9 77
1 57
9 40
5 32
1 12
9 67
2 4
2 50
3 43
8 31
9 95
8 31
9 64
4 96
4 94
5 66
7 49
6 96
9 95
8 50
4 68
8 50
1 17
10 64
8 25
3 59
8 22
3 53
1 24
5 54
1 26
2 6
7 26
7 25
7 26
7 85
3 10
2 79
10 19
9 39
2 99
6 42
4 15
6 57
4 45
1 69
2 80
10 49
7 65
1 56
7 2
10 20
3 38
10 12
2 79
8 51
3 80
7 9
1 86
5 40
7 39
5 8
4 54
6 15
2 98
7 61
2 81
7 63
2 21
3 51
9 20
4 12
5 57
8 85
5 35
6 9
2 69
9 100
9 55
6 65
7 85
4 95
9 93
4 19
10 19
1 73
5 90
1 39
8 30
8 44
4 2
5 64
2 4
6 9
2 39
8 74
8 53
8 92
10 57
5 51
8 88
8 59
3 17
3 68
9 2
6 39
4 96
10 50
10 55
4 12
9 10
10 19
9 94
8 98
3 17
10 44
7 59
3 83
3 57
6 30
7 94
5 54
8 27
2 95
4 19
8 87
4 100
2 35
4 90
6 67
1 37
9 13
1 89
3 90
7 26
4 25
5 78
8 12
4 29
8 33
4 84
10 39
10 38
8 74
3 31
4 25
3 2
5 22
10 86
10 56
10 41
3 10
9 5
7 27
10 85
4 30
7 37
5 43
4 78
2 53
8 97
9 25
3 30
1 28
4 65
10 76
5 68
7 76
9 16
2 94
7 91
1 10
8 11
3 69
2 26
4 100
4 54
3 23
5 95
9 98
3 63
4 76
3 97
3 95
5 67
2 76
2 35
8 100
9 2
2 24
10 21
2 29
5 16
8 99
9 96
2 5
3 51
5 63
5 79
10 4
7 53
4 3
3 86
9 44
8 41
9 31
9 11
5 66
2 39
3 49
2 61
2 24
5 98
10 8
3 18
2 66
5 3
9 77
2 74
5 55
4 97
1 32
7 52
7 19
6 65
9 69
3 74
8 40
7 28
3 93
3 43
2 6
2 97
3 71
2 73
2 52
4 62
9 5
8 37
7 27
1 47
1 11
10 95
8 39
4 81
1 56
7 84
7 31
10 90
9 78
1 26
6 36
8 75
8 75
7 36
7 14
8 84
6 34
1 21
3 56
5 24
