6 75
10 3
4 47
8 98
1 84
10 58
3 65
10 92
1 40
1 52
8 85
3 53
5 96
4 89
4 38
9 34
8 12
1 35
2 32
6 65
8 72
3 62
10 49
2 48
1 29
3 58
9 77
7 97
10 3
10 50
10 4
6 77
4 13
1 89
9 20
10 51
9 58
1 13
1 1
8 58
10 56
2 30
8 43
5 77
7 29
9 53
3 99
6 68
6 48
1 39
9 100
2 86
3 94
9 73
9 89
2 40
9 59
3 7
9 29
6 44
7 23
9 27
7 22
3 92
5 7
9 32
6 42
5 70
10 72
7 65
6 98
2 12
5 28
5 33
6 65
4 87
2 25
8 14
6 26
6 33
9 12
5 76
8 21
5 48
7 7
10 65
10 12
7 87
3 84
10 12
9 3
1 41
8 92
9 64
2 49
6 3
5 61
10 99
3 11
7 56
5 85
10 89
5 89
6 96
10 35
6 65
10 90
10 7
4 50
9 20
6 55
3 73
7 55
6 46
7 56
2 82
5 96
3 45
6 44
10 40
1 22
3 70
6 26
2 77
6 60
4 53
6 83
4 40
4 34
8 31
7 64
2 49
3 62
4 90
7 54
3 3
2 63
2 57
3 92
4 67
4 61
6 90
7 13
5 59
1 6
4 52
8 80
9 61
1 85
4 3
9 49
5 52
4 26
3 69
8 67
10 96
3 71
6 36
8 85
2 51
5 95
4 48
10 88
4 28
8 26
5 55
7 60
9 56
1 89
6 81
1 60
8 44
3 69
10 4
9 37
4 52
3 9
1 3
10 2
6 40
9 77
3 8
3 56
10 31
10 99
1 16
8 34
9 29
5 86
6 31
1 38
2 94
10 95
2 81
8 61
3 86
1 98
1 90
4 36
5 100
9 8
10 19
4 1
10 33
9 88
3 79
3 50
9 84
9 63
3 19
1 50
4 9
3 17
7 67
5 57
2 100
3 51
9 55
5 10
7 37
8 37
10 74
1 40
7 3
7 43
10 19
1 75
2 10
9 18
2 40
10 34
7 43
9 78
5 85
2 84
2 8
4 27
9 35
7 53
4 58
7 1
6 3
5 72
3 1
7 53
5 34
5 3
4 4
10 83
4 68
10 28
7 55
6 84
2 94
7 40
8 58
1 7
9 6
5 12
3 29
10 62
9 4
4 25
2 88
7 83
6 32
9 73
8 66
5 81
6 88
1 21
9 95
4 50
6 80
7 43
1 75
8 36
7 97
5 83
4 30
9 22
10 49
3 91
3 76
8 90
9 11
5 13
7 28
10 10
3 5
5 81
8 67
4 97
2 32
7 42
9 48
9 8
6 95
6 47
7 74
4 31
9 1
3 24
5 6
8 75
10 89
5 91
8 56
10 87
1 70
1 41
2 87
8 73
10 98
2 64
7 20
2 12
10 37
4 4
1 65
8 9
10 33
7 37
2 67
1 15
9 12
9 44
1 38
7 69
9 75
7 55
9 21
9 64
4 7
7 3
4 76
9 80
1 95
7 26
3 72
3 94
5 95
6 84
6 19
5 48
2 69
9 23
1 18
5 37
4 59
8 97
7 21
2 20
4 49
7 26
3 70
1 10
9 45
7 96
7 39
3 2
1 59
2 61
6 7
10 6
5 17
6 61
2 53
2 16
8 62
3 42
4 38
8 84
2 56
4 73
3 86
10 70
10 31
6 64
5 35
9 58
4 9
5 71
6 63
1 14
1 54
9 29
9 60
9 96
6 51
6 42
7 91
9 90
8 17
4 28
5 7
10 2
4 84
6 4
9 53
7 60
3 85
4 31
9 11
5 5
5 22
7 56
6 63
2 40
6 47
9 81
10 23
9 83
7 77
1 47
3 23
5 20
6 64
8 45
2 72
1 49
6 74
9 17
2 45
2 70
2 10
9 85
2 42
3 35
7 28
5 25
8 83
8 4
9 89
8 42
1 47
6 79
10 73
2 28
9 2
5 70
4 55
3 13
8 49
10 35
9 41
8 29
10 43
4 97
7 26
8 55
4 15
7 14
5 13
3 50
1 34
1 73
7 61
3 83
3 20
7 87
7 24
6 63
9 63
1 43
6 42
3 35
2 89
5 96
9 69
8 97
4 100
7 55
3 76
5 30
3 46
7 83
3 17
3 4
10 24
4 14
10 29
5 75
2 49
5 7
5 48
6 97
2 86
5 68
10 28
3 43
9 20
9 15
8 17
9 7
2 82
2 2
4 67
9 58
10 86
8 44
7 5
7 73
6 29
3 8
9 25
2 57
5 13
3 70
8 26
6 33
9 73
4 43
4 36
6 96
10 29
2 51
9 53
9 13
2 36
6 79
1 7
10 37
5 75
1 98
5 54
10 85
9 92
10 5
2 37
2 74
9 69
3 40
10 53
7 38
7 45
5 88
2 79
6 90
3 27
8 77
7 96
7 59
2 24
7 15
3 65
3 19
8 24
10 11
1 42
3 67
4 53
9 93
10 36
8 100
3 68
5 89
4 60
3 92
4 85
9 59
4 19
5 23
9 91
7 28
6 43
8 84
5 31
7 64
2 26
8 96
5 80
4 60
4 59
4 79
1 90
1 43
9 5
4 7
9 17
3 47
5 55
6 46
7 32
2 59
4 61
6 1
8 96
7 83
2 23
9 5
6 64
1 9
8 30
8 15
10 24
9 20
1 80
9 49
2 28
1 20
4 57
8 55
5 16
3 99
2 38
8 81
8 78
10 95
4 19
1 61
5 57
5 78
10 86
3 79
9 98
10 72
7 70
7 23
3 87
5 98
2 94
2 83
1 46
9 46
9 66
2 68
9 71
3 47
6 99
9 75
7 19
5 43
4 29
3 29
2 81
4 57
10 65
9 24
3 17
5 90
2 93
6 37
4 92
8 53
2 84
3 22
1 63
5 93
7 40
9 59
4 88
8 63
1 62
4 59
4 62
6 87
7 74
3 26
8 1
6 6
1 6
2 70
6 21
6 10
10 97
1 76
8 2
4 6
6 94
9 77
4 83
8 13
6 95
2 98
10 29
5 52
3 20
7 14
6 10
6 14
10 83
7 65
9 72
6 29
1 63
1 69
1 25
9 8
10 71
4 30
9 78
10 88
4 10
2 3
7 46
2 85
7 46
6 4
3 5
7 63
3 31
9 52
10 59
1 19
4 15
9 5
7 5
2 74
7 96
4 80
3 88
4 42
2 31
10 81
6 30
1 78
4 44
1 60
4 66
9 96
6 77
6 48
5 69
7 58
6 38
4 30
9 73
3 95
7 40
6 10
5 59
5 88
10 40
7 24
5 46
4 81
2 46
3 50
10 67
6 8
10 1
6 12
9 53
10 50
8 51
9 66
7 12
3 7
10 34
9 45
1 23
1 12
9 7
10 32
8 3
5 99
3 43
4 6
10 31
4 97
10 90
5 2
4 36
9 89
3 46
1 45
1 32
1 63
5 95
1 16
3 68
7 9
9 94
4 49
3 92
6 34
8 99
3 92
9 47
6 71
3 41
1 4
2 94
7 7
1 98
8 65
10 99
5 73
7 45
8 60
8 43
3 78
4 77
8 64
9 67
1 5
4 1
1 33
7 80
3 96
7 88
3 84
6 80
8 38
4 68
9 84
1 94
6 33
2 77
6 45
6 58
1 35
5 48
6 88
10 11
2 78
9 9
10 95
3 2
2 37
4 11
10 12
9 91
4 7
1 37
5 51
2 84
7 33
8 21
1 10
3 87
4 85
2 66
7 78
6 50
10 59
5 83
5 16
3 98
2 16
9 47
5 98
6 7
5 46
5 32
2 58
3 67
7 49
9 26
6 20
6 40
5 30
2 70
3 25
7 32
9 88
2 13
2 43
7 1
5 32
1 37
10 69
5 32
10 94
8 8
1 85
3 47
10 55
7 90
9 86
4 89
2 78
7 61
1 50
1 70
4 2
9 36
4 17
1 66
7 96
3 86
6 69
9 80
5 62
3 74
7 56
9 33
5 56
9 22
9 50
10 72
3 83
5 89
8 41
1 8
4 34
5 43
9 34
3 47
4 59
6 38
4 2
10 67
2 49
4 16
10 7
7 85
9 8
9 9
9 19
8 15
8 10
4 68
8 89
2 59
8 82
10 82
2 81
1 68
8 56
10 76
5 90
3 57
2 62
1 15
9 75
5 63
10 82
10 67
4 28
4 93
2 82
2 78
5 95
7 67
3 14
10 48
5 98
7 86
9 67
8 67
4 73
4 3
1 99
10 78
9 90
8 73
1 33
4 47
6 15
9 25
4 48
1 14
2 31
3 9
6 20
5 17
10 90
8 88
6 85
7 67
10 68
10 18
8 78
1 99
3 78
7 62
8 52
6 5
1 90
5 65
2 9
2 89
6 34
6 34
10 25
9 16
3 53
1 73
3 52
4 32
3 58
1 34
1 23
4 64
4 91
1 48
7 42
3 67
4 83
10 88
10 53
10 16
5 93
8 26
10 96
1 97
8 19
2 8
