3 18
10 17
8 7
9 83
4 65
8 52
4 46
7 95
4 80
8 96
1 58
3 98
5 93
4 17
2 19
2 1
10 23
4 29
5 63
5 70
9 4
6 51
4 85
3 58
2 59
10 74
7 75
2 57
8 68
9 24
3 33
8 89
1 41
6 49
9 31
5 68
2 17
6 78
6 35
2 72
4 36
8 72
8 30
8 62
9 56
6 53
8 37
3 98
6 75
6 15
5 22
3 47
8 64
9 66
10 6
6 65
2 17
10 4
5 98
7 68
7 43
3 48
9 28
4 79
4 19
10 29
9 96
2 28
5 4
2 73
6 69
9 84
5 28
7 45
3 4
9 73
9 62
10 49
8 61
9 93
3 55
2 38
5 30
9 94
8 63
4 33
10 45
9 86
4 66
5 42
10 15
2 1
10 85
10 100
7 9
9 40
8 64
4 78
7 71
4 70
3 24
10 49
4 1
3 78
6 11
5 30
4 39
3 6
7 60
5 58
8 30
5 79
6 34
2 17
7 96
9 28
5 54
1 9
2 82
2 62
2 35
2 6
3 65
1 2
9 99
7 53
3 43
7 35
10 9
1 99
9 84
10 51
10 26
8 5
9 51
8 59
5 54
8 3
1 16
9 98
9 10
10 83
6 18
5 32
2 49
1 92
1 20
9 76
3 1
2 5
2 73
3 24
2 12
5 82
10 13
5 81
10 69
6 67
4 23
4 86
3 98
4 93
5 50
10 87
10 53
2 94
7 46
3 7
10 53
7 73
2 75
7 4
3 44
6 29
5 82
7 12
10 76
5 17
5 9
6 3
7 87
4 15
3 85
10 9
8 93
3 66
7 90
5 95
3 50
1 1
6 100
6 74
6 58
8 72
7 22
8 9
1 71
7 75
8 87
2 62
8 55
6 76
7 35
5 93
10 69
4 100
5 36
7 90
4 22
3 2
9 55
8 65
8 9
5 60
1 22
8 17
5 85
2 7
3 41
9 79
4 47
2 64
9 99
9 42
5 70
3 51
3 52
2 90
2 45
2 54
8 50
2 75
3 5
5 4
10 25
8 16
6 97
7 31
6 40
3 98
6 36
7 32
4 76
9 57
2 98
3 15
4 86
9 83
9 45
2 53
10 70
10 46
4 83
1 64
8 72
3 60
6 54
3 39
6 15
2 45
9 90
1 72
5 78
2 10
5 43
5 52
8 57
8 35
1 73
5 15
4 86
10 58
2 73
5 58
2 18
2 88
5 84
2 18
7 23
3 84
10 92
8 40
2 65
3 91
4 7
5 64
10 82
1 12
5 73
2 52
3 36
7 12
10 23
2 16
8 72
3 24
4 24
9 9
8 42
3 67
1 81
3 52
5 13
8 59
2 82
1 69
3 77
7 13
9 96
6 62
10 5
9 24
4 23
2 55
1 81
7 79
1 23
10 73
1 38
3 87
8 44
10 85
7 94
1 84
10 40
6 20
3 87
9 37
4 45
6 70
7 45
6 35
10 1
10 53
6 78
5 28
10 39
5 12
10 71
2 29
3 57
8 94
9 73
7 58
3 9
2 34
9 38
6 10
3 38
5 27
8 100
3 29
8 59
5 47
2 86
2 28
9 88
5 21
10 68
2 97
4 85
3 20
9 61
1 37
9 76
5 15
8 36
7 63
1 15
10 44
3 37
9 80
8 5
6 23
10 27
1 19
2 24
6 79
3 22
10 88
9 13
6 89
4 91
2 66
3 29
4 57
5 40
6 66
9 80
9 22
1 63
6 19
6 57
1 66
3 55
2 26
2 63
2 49
5 88
5 33
1 87
10 73
6 30
2 21
10 52
2 1
5 39
3 6
9 22
8 64
3 50
9 8
3 32
6 19
9 84
4 29
1 83
1 4
8 3
2 39
8 71
2 76
4 75
3 24
8 25
6 86
3 63
7 45
5 17
2 28
10 94
5 97
2 71
1 86
5 92
10 17
7 56
7 95
5 80
3 40
9 95
3 73
3 65
3 54
4 26
6 47
2 74
5 55
1 68
10 20
1 44
8 62
2 66
5 26
6 61
4 11
7 80
7 42
2 56
6 43
3 11
9 52
6 29
1 72
5 62
10 17
4 32
3 20
4 79
7 6
6 2
2 73
4 20
7 43
8 21
6 67
8 24
1 15
10 98
7 39
1 97
8 8
3 7
8 4
4 65
10 9
4 60
3 5
5 31
3 58
6 11
8 28
10 1
4 4
3 86
4 70
6 1
7 47
8 9
9 33
5 41
10 13
2 47
8 20
4 93
1 74
4 43
7 95
3 1
7 71
2 36
7 98
3 14
3 5
10 39
10 76
2 95
9 29
9 65
2 74
4 14
3 11
10 52
1 7
10 22
9 93
1 13
6 98
1 27
2 94
5 100
9 37
10 67
8 49
8 93
6 54
9 1
9 37
9 94
8 62
9 94
10 49
6 100
5 7
9 6
9 23
4 17
2 32
2 85
9 30
1 64
4 41
10 96
9 69
5 54
7 25
7 75
6 51
5 61
3 25
6 25
1 54
7 5
9 60
1 1
7 50
2 44
2 95
1 25
10 17
1 59
1 83
4 87
8 27
8 61
7 96
7 62
8 33
8 60
3 73
3 7
2 91
5 5
4 19
1 62
2 19
8 98
2 13
3 47
9 85
7 79
7 99
10 11
2 43
3 27
5 29
3 79
8 39
10 53
1 38
1 53
7 6
2 38
5 99
9 99
5 33
2 11
6 43
7 97
5 44
6 69
9 94
5 48
6 80
5 3
8 15
10 3
10 26
5 55
3 60
3 83
6 100
9 70
6 35
5 36
4 76
2 19
7 33
4 72
7 89
6 84
10 76
9 40
9 47
5 58
6 81
2 95
9 36
2 79
7 4
6 92
8 55
7 72
5 53
6 17
3 31
10 78
8 31
3 20
2 90
4 70
10 98
5 63
8 83
8 11
3 26
5 9
3 38
9 80
9 79
10 88
8 60
8 13
6 88
9 59
7 73
6 80
8 38
1 39
7 64
2 49
6 88
1 95
7 11
10 88
3 31
2 85
5 1
10 43
2 32
6 33
6 78
7 15
3 78
3 10
9 47
4 46
2 35
2 26
3 76
1 83
4 36
1 84
4 67
3 55
10 91
5 29
7 20
4 48
1 38
10 38
1 80
1 5
3 3
1 78
1 28
4 38
7 95
1 25
10 45
8 18
7 49
8 69
6 95
4 45
3 41
2 1
9 92
10 62
3 87
8 18
3 3
3 40
10 23
3 92
9 43
5 54
2 65
6 91
4 83
9 69
4 88
8 29
3 73
7 34
4 8
6 60
3 69
10 54
1 18
8 73
1 85
5 83
2 48
5 97
10 64
2 33
8 23
10 32
9 69
5 72
7 98
10 98
1 67
5 47
7 22
1 56
1 39
8 80
9 13
10 17
1 15
10 76
9 1
9 79
6 7
10 36
10 36
3 57
3 7
5 39
1 79
9 49
2 14
2 21
3 9
5 80
4 3
9 7
2 87
1 62
3 23
8 63
2 23
6 89
5 71
2 47
2 91
1 91
4 9
1 39
2 72
9 3
10 51
4 96
6 81
7 61
2 89
3 13
2 23
3 22
1 66
9 22
4 4
8 35
5 87
9 57
2 94
8 92
5 81
5 90
5 70
2 56
3 30
3 53
10 71
4 52
5 24
1 36
1 2
2 86
6 34
8 95
9 94
7 60
6 40
2 38
9 67
9 27
7 92
8 39
8 96
6 3
1 61
10 90
4 30
7 78
3 53
2 58
8 72
4 98
1 33
10 27
7 27
8 50
3 9
8 59
1 34
7 75
9 37
5 95
10 32
6 40
4 85
5 69
9 30
2 76
4 34
3 22
10 4
3 48
1 100
5 82
6 88
7 84
4 69
9 4
1 92
3 88
6 76
1 13
7 26
4 41
4 85
2 2
8 11
3 19
5 89
1 36
5 15
5 33
8 92
2 32
3 73
10 98
4 20
4 69
7 97
5 88
1 96
1 55
2 3
7 25
1 96
10 60
7 98
7 4
3 81
8 20
5 96
6 66
2 31
10 50
7 54
8 47
4 81
6 30
5 90
6 68
4 97
2 66
3 79
8 63
8 18
1 87
8 52
1 100
10 63
1 71
2 66
4 16
9 75
1 38
1 89
5 6
7 48
3 62
7 79
10 20
2 66
5 25
3 30
8 84
10 3
9 88
2 97
2 89
8 50
8 7
7 95
8 28
8 2
2 25
7 21
3 81
3 90
5 91
4 10
10 45
1 95
9 22
4 26
8 8
4 27
4 98
1 86
5 58
9 18
1 51
8 75
10 11
3 36
10 84
9 76
4 29
10 64
1 36
7 62
3 18
4 56
3 19
5 19
7 68
9 72
9 47
5 38
9 86
6 66
2 57
5 99
9 22
7 48
8 98
8 41
7 99
4 19
2 40
9 41
1 18
1 8
5 57
2 26
8 10
9 34
4 49
1 32
6 57
7 97
1 17
4 34
