2 49
7 58
9 12
8 69
5 88
4 30
8 71
8 81
2 11
2 34
8 88
4 15
7 52
2 14
6 85
10 63
7 91
9 71
8 51
2 70
5 56
10 63
1 1
5 94
7 51
8 89
6 21
4 48
7 46
8 88
10 32
9 51
4 51
3 14
1 92
5 39
6 16
5 66
7 49
7 56
10 81
4 16
3 54
5 67
8 26
4 66
5 31
9 93
8 91
3 66
10 38
9 80
3 5
2 64
7 16
5 87
9 83
10 14
1 27
7 15
9 7
2 84
6 98
10 82
8 13
6 83
7 38
9 17
4 69
9 52
7 29
2 67
1 94
3 80
8 70
9 13
5 31
7 38
3 30
1 65
5 46
4 18
6 19
1 85
1 81
6 45
6 60
8 83
9 87
5 100
10 62
8 80
5 61
2 64
5 34
8 59
10 86
1 17
9 49
7 9
7 21
4 89
6 70
7 100
6 24
7 92
8 40
10 37
4 8
7 35
8 22
2 76
1 17
6 82
1 93
3 12
3 77
4 31
10 2
6 17
1 46
9 98
5 54
9 4
3 9
1 65
5 39
10 39
7 35
2 44
8 22
3 95
10 12
4 76
10 49
8 75
3 32
7 88
1 56
6 88
5 12
8 80
6 45
4 57
4 32
5 47
1 73
9 10
8 12
6 54
3 66
8 30
1 32
8 53
9 76
4 35
5 62
4 87
1 87
6 94
7 52
1 63
4 81
2 56
10 32
4 18
6 9
10 86
8 37
7 62
7 61
6 86
2 93
2 54
10 37
7 81
2 6
8 96
2 90
9 55
5 39
9 61
3 19
6 98
9 6
2 61
2 72
4 72
9 46
8 58
6 55
2 39
6 8
9 35
9 41
2 64
10 58
8 90
2 72
3 67
7 45
3 40
6 11
2 11
3 76
7 73
4 18
3 100
3 4
3 86
4 89
9 66
1 38
3 97
7 98
2 76
1 32
7 37
10 2
3 76
7 69
3 41
6 90
3 11
3 96
2 3
4 59
8 87
10 85
8 82
8 51
3 62
7 97
6 2
8 51
4 94
6 72
4 84
10 82
9 17
1 42
8 1
9 66
7 51
4 88
9 98
7 31
7 61
10 50
9 14
10 9
3 94
8 68
1 28
3 74
1 61
6 59
10 64
7 22
8 8
9 79
5 27
6 89
10 16
2 64
6 89
4 61
8 36
6 87
7 88
10 78
1 65
7 55
10 100
10 24
2 48
9 94
9 79
10 77
7 48
2 59
3 19
6 85
4 99
10 79
2 17
7 99
8 26
7 50
2 62
2 71
4 48
2 77
5 36
6 8
9 77
4 79
1 77
10 61
6 8
1 93
4 1
2 41
5 47
7 40
6 40
3 48
2 39
4 36
8 60
6 77
10 70
5 80
9 54
10 64
3 43
1 22
4 77
1 19
10 86
2 45
2 24
1 14
10 14
6 78
10 35
3 8
8 97
5 9
5 25
4 66
7 51
5 36
10 98
3 5
8 32
8 96
8 9
10 86
6 69
6 57
9 95
8 30
10 39
8 52
7 48
4 8
4 61
8 48
4 63
4 43
6 57
7 19
6 91
6 82
6 3
2 55
2 77
5 99
1 19
1 56
8 78
4 81
3 65
1 58
5 8
5 91
8 32
2 41
5 62
4 81
4 85
9 6
5 46
3 97
3 47
10 72
6 64
7 81
3 14
3 89
6 93
6 70
4 34
9 45
6 30
5 8
3 62
1 80
1 69
2 75
7 7
7 49
1 28
3 29
8 9
1 43
3 26
2 10
3 62
3 20
10 92
9 49
7 84
9 38
6 49
2 18
9 41
7 20
4 72
1 60
3 61
10 43
6 100
3 50
2 97
4 34
2 30
7 12
1 77
5 60
4 44
3 16
8 99
1 35
10 46
7 15
1 32
9 12
8 90
7 71
9 3
1 56
7 30
3 84
4 21
4 86
8 30
3 41
1 49
5 15
9 24
10 73
2 72
9 88
8 19
10 92
1 91
10 12
5 47
1 5
10 1
2 84
7 17
1 43
2 12
9 88
9 73
6 31
6 97
5 45
1 9
6 5
1 83
6 83
7 97
8 40
2 33
6 86
3 15
5 4
3 28
10 30
3 77
4 3
10 28
4 40
4 23
3 11
7 4
4 88
3 16
2 100
2 25
3 83
6 82
10 92
9 29
10 65
5 73
1 96
7 85
4 50
6 26
5 54
9 5
3 61
1 29
6 82
6 24
10 17
3 36
1 98
7 66
3 56
9 67
9 88
7 68
10 13
7 44
2 48
4 8
6 57
2 82
4 88
4 31
6 7
6 44
8 46
5 20
2 9
4 45
6 39
2 88
8 50
1 59
2 15
3 18
6 3
6 97
10 37
4 14
6 68
2 26
4 69
2 99
7 7
1 18
2 49
5 50
1 20
1 65
9 55
10 78
6 89
6 85
8 79
4 80
3 1
5 94
9 79
7 58
7 17
2 6
7 55
5 45
7 45
8 92
9 63
9 65
3 45
10 70
4 70
10 50
4 39
1 85
9 10
2 42
3 48
7 41
7 77
2 31
9 32
1 79
3 75
9 7
2 57
2 4
4 46
4 95
10 20
3 57
4 16
5 66
2 77
3 35
2 29
1 61
4 68
3 6
1 60
3 27
2 11
9 100
5 56
4 72
4 81
8 56
9 37
7 88
4 26
2 12
5 73
7 6
9 3
1 2
8 13
3 46
4 52
4 80
5 96
7 73
5 22
4 1
6 7
9 5
4 48
7 69
5 1
4 60
4 11
7 25
6 3
2 92
2 4
7 58
3 36
5 13
9 87
7 60
10 49
7 8
2 39
5 9
2 68
1 100
9 38
1 53
10 96
9 92
5 39
2 89
5 87
9 98
3 7
8 9
4 56
4 99
5 31
1 68
3 66
10 89
1 70
2 29
4 67
6 83
3 41
8 100
5 66
10 29
1 88
5 57
6 42
5 19
10 15
2 98
7 88
7 52
3 56
5 5
9 2
10 53
1 45
7 22
6 75
10 73
10 89
2 54
7 15
2 43
1 29
5 51
2 29
2 85
1 88
6 25
2 17
5 97
1 81
4 84
4 85
9 76
6 85
4 2
4 34
3 20
2 76
1 11
7 90
9 60
9 82
7 25
7 4
5 64
2 35
9 91
10 9
2 55
4 1
10 8
5 3
7 58
10 27
1 35
2 14
2 64
2 78
2 37
10 88
10 6
9 73
2 96
9 55
6 69
5 14
6 80
10 55
3 29
9 87
4 97
5 61
10 1
3 84
6 58
1 29
10 26
3 33
10 98
9 49
9 67
4 10
2 86
3 65
3 76
7 97
8 31
4 48
10 65
3 91
8 59
6 14
9 29
10 69
6 1
3 49
10 77
4 46
9 87
6 49
1 92
9 95
8 76
3 82
6 62
8 81
6 92
1 19
10 54
8 71
10 45
4 35
2 10
2 34
7 77
7 60
4 12
7 86
5 72
4 52
8 44
7 60
8 5
6 32
10 47
4 88
10 42
8 61
5 15
9 90
8 82
2 94
5 1
10 50
4 72
5 93
2 13
2 22
9 10
4 18
1 78
9 28
3 36
3 74
7 44
10 26
2 72
2 61
3 27
4 3
3 30
6 46
8 19
4 1
2 35
8 41
7 59
1 55
9 16
3 19
3 12
4 62
9 9
10 19
6 73
4 69
10 76
3 29
2 23
9 54
7 93
10 64
6 19
4 12
7 69
2 54
2 28
8 77
3 60
6 56
6 32
4 88
5 61
8 61
3 76
8 25
8 3
9 75
10 70
5 1
1 54
3 79
6 72
3 9
2 22
7 3
2 48
5 39
10 24
7 23
5 15
4 34
9 36
7 87
3 76
1 77
3 49
3 97
8 27
10 80
6 37
1 28
5 20
4 56
6 60
10 21
9 31
2 17
3 42
7 95
4 16
5 63
4 10
10 56
4 22
6 3
3 15
1 24
4 85
8 49
1 30
9 15
2 46
3 74
5 25
5 35
8 63
3 65
8 75
3 29
10 77
5 43
9 78
3 26
5 91
8 64
10 79
9 80
8 78
4 21
3 31
4 84
9 84
8 65
2 73
9 43
4 51
4 54
4 32
8 19
8 93
5 71
7 72
2 68
10 95
4 61
3 37
10 53
1 28
4 12
1 9
10 78
4 9
1 85
9 16
8 22
6 12
10 67
8 47
7 36
9 15
4 96
2 68
7 55
3 63
4 46
7 86
5 67
6 75
8 60
6 87
1 71
9 4
4 64
10 66
10 7
7 59
9 4
10 91
3 25
10 69
10 63
6 36
2 77
2 4
10 75
9 39
1 67
8 28
8 2
1 72
6 33
8 74
6 27
5 6
2 35
1 81
5 11
8 23
1 37
4 5
7 6
5 25
8 89
4 61
7 85
8 86
1 23
1 26
2 11
5 61
2 22
8 19
4 46
8 83
2 18
4 29
9 52
4 54
6 58
7 31
