3 7
5 5
1 68
10 77
8 39
8 55
9 71
2 70
6 90
8 43
5 51
3 25
3 94
2 80
1 7
4 4
7 87
8 88
1 55
10 57
9 49
8 9
6 49
2 46
7 60
5 24
6 93
1 21
7 18
5 82
2 6
9 19
10 57
8 79
4 44
3 61
2 67
1 25
3 57
6 8
3 95
3 20
5 2
1 82
4 95
5 41
3 8
2 20
5 34
4 20
8 78
2 21
4 53
9 4
6 27
5 5
3 20
3 79
10 94
5 29
7 3
3 20
5 52
5 91
7 38
10 42
8 73
8 20
2 87
4 96
7 8
2 56
10 57
1 25
9 69
3 10
4 20
6 19
3 99
10 65
3 69
10 37
7 26
5 43
3 5
3 27
2 27
9 83
3 91
1 2
8 97
8 56
10 32
4 26
7 79
6 94
8 31
7 14
5 36
5 26
4 11
8 19
2 33
2 67
10 62
2 59
7 47
5 64
10 65
7 93
1 8
6 46
5 20
9 47
2 36
7 1
6 53
7 54
4 81
8 51
2 74
9 58
8 1
1 46
8 64
4 13
3 21
8 20
7 40
8 54
7 13
10 71
10 38
7 92
8 40
6 16
10 90
10 53
5 70
2 45
1 81
3 17
6 86
1 45
2 15
9 86
9 47
8 64
7 32
9 19
9 49
6 18
1 48
3 3
3 35
2 18
3 20
5 4
4 35
8 100
8 24
7 27
8 99
6 17
3 25
9 12
7 52
4 72
8 54
5 64
8 99
8 45
7 93
4 68
8 29
3 47
2 1
10 61
5 96
8 90
1 63
5 36
4 18
9 31
6 50
10 4
9 10
9 41
6 80
8 53
6 28
8 7
2 88
6 16
1 83
2 15
5 4
1 42
3 98
2 83
4 10
8 100
8 1
5 55
7 45
10 21
9 95
4 51
1 67
2 1
4 67
6 19
4 45
6 13
2 69
5 3
9 4
10 98
1 43
9 71
7 7
2 45
7 26
8 61
5 84
8 27
9 81
6 35
8 14
9 99
2 58
1 80
4 62
1 36
7 17
2 36
9 40
7 2
2 98
10 74
9 16
8 81
8 20
8 83
6 35
4 64
7 53
1 38
8 73
7 45
10 98
10 55
8 86
10 55
4 30
2 97
9 23
2 25
8 84
6 50
1 60
3 2
9 63
5 88
8 9
2 21
1 15
1 99
6 75
1 88
1 90
5 95
8 77
10 2
7 14
10 29
6 21
9 83
4 83
4 71
3 26
5 48
5 23
6 90
3 9
6 49
9 7
6 56
1 10
4 9
4 33
2 52
7 62
1 17
8 78
8 42
8 84
8 66
4 30
4 97
4 93
1 50
6 4
2 24
9 6
10 84
7 57
1 54
2 66
1 86
1 79
9 31
3 58
3 48
10 17
7 55
1 39
3 84
8 22
1 22
1 80
10 21
4 83
1 60
6 83
5 97
3 26
9 92
9 54
5 21
9 95
1 94
4 43
5 73
5 92
1 26
8 54
8 74
5 10
7 9
4 7
5 62
8 92
6 1
2 26
1 56
5 52
7 47
2 77
5 83
7 7
6 90
5 2
6 53
8 95
2 2
7 23
10 97
2 92
6 31
1 96
1 95
2 53
8 70
1 69
7 17
2 42
8 16
5 10
2 13
7 13
2 47
8 84
5 87
10 27
2 10
4 10
3 29
4 62
8 78
8 2
1 51
5 9
3 33
9 96
3 30
6 37
10 8
7 52
6 83
10 72
9 26
10 73
6 51
5 21
4 12
2 74
10 9
4 97
6 60
4 93
7 21
5 6
8 60
10 8
3 52
5 31
3 62
10 10
10 31
9 25
3 47
4 4
5 91
2 49
1 86
9 5
10 40
6 100
2 8
10 32
3 80
1 49
2 27
5 83
4 63
3 15
1 4
1 3
2 42
7 53
5 39
10 12
7 37
10 80
6 3
10 8
7 50
7 97
5 56
2 77
2 65
6 89
6 55
8 100
10 80
2 26
1 94
8 46
1 39
7 17
2 10
3 35
3 99
9 84
3 66
4 59
4 23
4 95
9 95
6 27
5 39
1 96
9 20
9 87
8 78
10 36
6 97
3 83
7 29
6 29
7 41
6 59
3 36
10 95
3 6
2 57
3 66
8 70
3 69
8 55
6 54
5 56
1 67
5 35
9 65
9 96
3 1
3 92
4 29
6 16
5 53
3 48
3 21
7 20
8 64
7 33
9 55
9 45
4 94
4 26
8 8
8 70
7 57
4 85
9 96
5 47
1 95
6 61
1 13
1 58
3 58
3 51
6 34
8 20
7 75
1 93
3 73
5 31
6 22
8 8
2 67
9 2
7 10
10 7
8 48
5 49
4 59
10 63
4 61
3 96
8 85
4 93
2 100
10 89
9 75
10 43
4 64
5 73
8 35
4 28
6 36
9 41
10 38
4 23
9 98
9 58
7 30
5 88
1 81
9 82
8 41
10 68
1 69
1 62
9 97
7 67
7 11
3 25
2 100
4 85
7 60
6 21
4 6
1 55
8 57
10 86
8 48
7 41
8 29
1 28
6 21
9 3
8 11
4 53
8 96
5 58
3 27
8 93
5 35
4 70
10 42
7 24
1 15
3 19
1 80
1 44
1 59
1 98
4 55
7 53
2 52
2 34
1 39
9 15
9 19
2 97
8 14
9 4
10 35
3 54
8 74
1 24
5 78
9 34
3 36
10 90
3 57
4 9
1 89
3 62
9 39
3 8
6 79
9 99
8 100
9 62
2 88
3 28
7 23
10 80
7 36
3 72
4 6
10 51
9 91
2 3
1 78
1 31
3 11
3 56
1 85
2 71
4 9
5 7
4 2
10 97
7 72
6 58
3 89
1 96
5 51
2 61
9 25
5 89
7 94
4 91
7 64
4 88
2 4
5 49
2 78
4 67
9 25
8 16
5 71
7 35
3 28
3 73
1 56
3 40
2 14
7 21
3 66
7 55
10 67
9 7
7 36
3 55
7 18
9 70
3 44
4 42
7 78
1 61
9 58
9 66
3 4
6 34
4 10
8 67
1 81
3 24
2 72
6 9
2 95
2 10
1 91
9 96
8 93
9 8
9 24
6 1
10 61
6 88
8 86
5 71
7 15
8 100
8 85
8 96
7 84
3 77
9 1
10 16
5 21
6 35
8 17
10 51
2 36
5 2
2 14
10 52
2 63
10 44
3 64
10 2
8 85
1 17
10 25
8 27
3 3
6 16
6 51
10 57
1 4
3 77
8 4
4 75
1 83
6 79
4 8
1 30
1 43
2 29
7 84
7 25
9 1
6 43
8 8
10 79
1 91
8 51
9 26
4 62
3 81
8 26
8 3
4 75
1 73
4 50
10 34
8 51
8 25
4 79
3 68
5 73
7 33
8 8
10 60
4 54
6 75
7 40
1 75
4 91
5 30
5 91
6 70
7 43
2 50
2 36
7 60
9 23
6 100
4 82
9 79
4 39
10 80
7 82
9 52
2 64
10 64
1 40
2 38
3 42
2 56
3 43
1 88
3 69
4 98
10 99
10 71
9 53
6 56
5 26
1 67
1 7
7 58
6 30
4 83
5 23
2 39
1 19
3 40
6 2
3 81
5 59
2 12
9 16
10 28
8 39
6 40
5 89
5 41
4 85
6 24
4 64
2 20
5 61
7 39
5 60
6 47
6 21
2 89
4 35
2 70
8 47
6 71
5 96
2 3
9 91
5 87
3 8
3 41
3 71
7 54
3 46
3 51
1 37
4 11
7 4
5 32
1 98
9 63
7 81
10 70
9 34
10 81
9 70
1 12
9 4
1 65
9 15
3 33
7 48
3 62
4 86
10 93
5 84
4 49
6 35
10 40
8 74
3 89
1 16
3 76
3 94
5 35
6 88
6 73
8 74
8 61
6 76
9 69
4 18
4 4
10 100
5 27
4 14
6 36
10 48
7 37
3 73
1 85
1 22
4 72
10 49
3 65
10 43
4 92
8 44
9 54
4 3
10 6
2 30
6 26
5 12
9 7
9 1
1 82
5 63
2 88
7 71
10 97
7 84
10 66
1 96
6 20
9 87
10 85
10 39
10 10
3 62
2 71
4 87
5 19
3 64
3 23
10 16
10 7
7 25
7 99
8 44
6 81
2 10
10 61
1 16
4 29
3 39
7 7
6 87
4 20
4 17
9 88
3 54
10 40
7 15
6 68
6 40
5 35
3 94
2 60
9 10
5 27
9 67
2 73
10 23
6 72
8 66
6 31
3 80
6 19
1 46
2 100
7 83
8 7
2 25
6 68
1 7
4 35
4 54
7 28
4 2
10 53
6 30
5 16
3 55
5 78
8 90
10 95
4 9
3 44
6 25
7 28
9 2
1 46
4 24
3 79
8 81
7 24
4 47
2 72
5 61
6 30
1 62
5 69
6 47
10 15
2 71
4 92
8 41
5 88
6 84
6 93
3 94
9 60
9 52
9 21
4 58
7 66
