8 46
10 36
9 80
2 91
5 41
8 99
8 59
4 55
5 20
1 18
8 68
4 41
10 44
8 25
9 28
8 22
10 100
8 42
7 97
4 79
4 3
9 73
6 94
9 32
5 58
2 95
10 84
9 97
3 4
1 81
1 13
10 81
4 43
5 87
1 93
10 89
10 34
9 19
9 38
8 32
7 43
2 85
5 57
8 77
8 8
2 27
10 24
3 17
4 24
2 16
2 52
9 13
10 88
10 98
3 50
7 62
1 23
9 65
4 3
6 97
6 36
10 3
1 14
2 66
1 73
5 51
8 2
5 42
7 55
3 20
5 83
5 42
2 26
6 86
7 35
3 1
1 52
10 1
6 42
9 44
8 79
2 98
10 76
2 81
10 4
5 59
9 84
5 30
10 60
2 51
6 100
6 96
4 15
8 1
2 49
3 98
10 5
4 76
3 50
5 29
6 8
10 2
2 17
9 84
3 37
7 62
3 23
10 71
1 27
8 3
10 62
3 85
2 73
3 41
1 18
5 75
10 29
2 85
5 87
7 80
8 85
9 62
5 43
3 89
5 87
6 64
6 93
1 8
1 74
3 65
7 83
8 67
5 80
6 72
2 77
4 44
1 3
10 64
10 72
5 27
4 74
9 15
6 63
1 60
4 11
3 9
9 50
1 92
4 17
6 35
7 15
7 97
1 5
3 82
9 87
7 73
5 98
2 44
10 60
8 29
9 58
3 19
8 13
3 35
10 59
1 75
4 42
2 50
5 97
3 26
3 99
4 70
1 61
7 63
2 50
7 79
2 5
5 97
6 72
4 44
1 56
9 10
1 46
10 45
6 97
6 27
10 97
8 43
5 56
8 24
6 55
6 65
6 74
5 46
8 53
6 22
2 11
6 58
8 10
4 91
1 47
4 56
6 80
10 92
2 19
2 75
10 23
1 43
9 3
3 10
8 19
6 86
5 19
1 94
9 98
4 64
5 52
6 28
3 12
1 20
5 10
9 81
6 29
7 19
3 77
7 17
6 55
5 36
3 10
1 10
10 50
2 35
1 68
1 100
8 54
9 64
7 57
7 16
6 25
1 15
1 16
5 67
4 83
7 8
10 38
10 86
1 59
1 77
6 23
7 61
6 89
6 16
9 28
7 26
9 8
6 4
3 44
8 97
2 67
3 73
1 49
10 54
1 69
8 30
1 33
10 56
4 50
5 63
6 15
2 14
10 33
8 97
8 33
9 9
6 6
4 27
8 33
6 59
1 35
5 13
3 46
8 55
3 8
7 86
7 97
4 44
3 60
9 99
5 35
7 45
6 88
8 92
8 51
10 76
7 29
3 43
9 29
2 60
7 60
10 41
9 8
7 24
3 86
8 26
7 17
1 72
1 62
3 18
1 11
9 33
4 44
3 39
6 56
7 98
4 24
7 79
9 38
6 3
1 63
10 25
9 1
2 6
1 15
8 25
10 97
7 66
4 87
3 42
1 62
7 21
10 39
7 97
2 5
9 83
3 98
4 29
6 45
10 63
1 83
6 14
2 21
4 95
1 42
7 64
8 46
6 66
6 54
2 7
2 27
3 26
4 91
6 86
6 39
2 80
3 67
1 21
10 10
9 44
6 46
8 61
6 77
9 39
10 56
6 44
10 93
9 3
2 62
10 91
9 37
2 19
5 70
10 70
3 22
8 97
3 2
7 32
7 8
2 58
7 58
2 65
10 27
10 78
5 56
5 5
3 4
10 54
10 49
9 20
2 59
2 75
3 11
6 90
7 53
5 66
7 26
1 6
10 41
3 27
9 89
8 40
8 4
9 64
4 35
10 48
8 75
6 13
4 60
2 10
7 93
3 51
3 91
3 86
3 91
5 3
6 71
1 7
9 45
1 89
2 17
9 38
9 24
8 3
8 17
9 41
1 80
7 89
7 26
8 94
3 25
9 28
4 85
8 31
7 67
5 73
9 98
2 89
8 27
6 97
9 11
3 11
3 6
9 56
1 18
3 37
2 71
6 84
5 16
6 20
5 46
4 24
7 54
7 54
1 25
4 59
9 18
8 43
2 90
5 80
5 52
1 97
3 76
3 78
1 62
6 57
9 77
6 15
4 38
8 80
5 24
3 30
2 36
4 46
1 82
8 98
3 38
7 88
7 42
10 22
8 79
8 35
2 34
7 44
6 61
5 29
8 53
10 60
8 27
7 36
1 16
4 41
7 15
5 22
9 87
6 56
8 1
1 21
10 56
9 49
7 27
6 54
5 79
1 91
6 79
9 81
5 46
8 5
3 25
5 36
8 36
6 8
9 87
2 84
4 98
1 9
9 61
8 66
6 28
2 94
6 39
4 8
6 26
1 82
1 24
2 62
9 70
5 66
1 82
9 12
8 37
5 28
4 15
1 35
6 11
1 29
9 87
6 5
9 74
5 4
9 72
7 8
7 95
8 27
7 36
2 69
3 18
1 39
6 23
8 98
3 64
1 48
3 100
4 86
10 24
10 51
7 2
9 57
10 92
2 62
7 61
2 46
4 47
7 32
1 64
10 98
10 82
9 71
4 73
2 21
8 25
6 36
5 62
6 54
5 25
10 11
10 44
4 80
2 9
9 73
4 79
7 25
10 34
5 63
5 87
7 14
1 61
2 29
9 42
2 98
8 70
3 86
10 37
8 78
10 8
5 36
2 22
7 48
6 9
8 10
4 73
6 87
8 80
10 80
5 37
2 14
10 74
2 59
8 40
1 74
1 80
4 31
5 20
1 34
7 29
8 38
10 67
7 34
2 98
4 76
10 64
8 54
1 19
9 66
10 10
3 65
8 92
2 29
6 90
6 17
2 79
3 90
4 34
4 23
7 46
10 41
10 93
7 61
8 68
9 76
6 67
5 42
2 50
9 98
7 51
6 6
10 87
6 62
4 57
8 56
10 2
8 19
10 76
8 48
1 72
2 40
10 14
2 51
6 9
6 99
1 60
2 96
4 45
1 63
4 8
2 43
5 17
8 55
1 75
5 75
5 52
8 62
8 27
6 53
1 76
5 10
2 60
5 56
9 73
3 95
2 92
6 80
8 30
3 68
7 9
3 78
10 9
10 78
8 95
10 55
10 77
8 29
7 7
9 22
10 55
4 4
4 5
3 24
10 10
1 45
3 39
10 60
1 17
8 24
4 65
8 90
2 54
3 7
4 90
8 25
10 50
6 16
8 70
10 3
2 2
2 60
4 67
1 37
9 49
9 64
8 69
8 82
10 44
2 12
7 1
9 30
7 16
4 1
8 3
7 13
7 96
4 96
6 37
2 47
7 5
4 43
2 40
7 34
4 71
1 4
8 82
9 89
2 67
9 86
6 40
3 1
6 57
8 29
3 31
4 36
10 9
7 11
2 46
10 36
9 27
9 59
9 31
6 13
9 69
7 36
2 90
4 80
8 61
1 100
1 92
4 40
5 53
6 14
2 85
5 13
4 24
10 10
2 84
7 75
8 64
2 25
7 25
2 62
2 4
1 63
2 21
2 93
7 13
9 67
1 43
3 8
4 62
10 59
3 43
3 59
8 17
3 42
8 8
1 98
9 17
7 48
4 8
9 1
5 92
5 34
4 4
5 63
5 45
7 80
2 11
6 48
9 28
2 36
1 39
1 41
10 54
1 38
5 41
7 16
6 76
7 43
3 31
7 62
6 56
8 44
5 33
4 19
9 21
9 78
5 91
2 14
5 82
9 53
6 35
8 92
4 59
1 63
5 48
2 99
5 9
10 15
8 75
10 56
3 28
3 76
4 79
5 30
4 92
4 65
6 62
1 91
2 47
9 52
8 36
8 44
5 82
9 81
2 5
9 82
6 1
1 2
5 3
2 57
6 70
3 10
3 83
7 9
10 66
9 92
10 94
3 65
3 29
4 19
1 86
3 26
5 52
3 40
10 16
4 83
1 86
10 89
8 85
1 64
5 61
10 66
8 3
3 96
10 100
9 63
2 50
5 20
9 72
9 63
8 5
4 39
6 41
9 49
6 20
9 6
5 88
7 34
8 2
2 71
1 20
10 87
9 86
9 3
5 3
10 6
1 63
10 2
2 31
1 21
9 57
3 75
5 7
4 20
5 75
8 50
3 9
6 26
7 77
1 24
10 63
9 60
1 9
9 27
1 24
8 27
4 72
4 80
7 14
1 61
3 7
10 3
3 51
2 48
2 31
5 67
5 22
10 63
8 51
4 43
10 44
4 6
5 59
5 13
9 61
1 47
2 81
1 52
9 70
8 9
3 9
9 87
9 62
3 58
6 18
7 34
7 35
2 95
4 32
7 34
8 47
5 16
4 6
6 13
6 62
6 9
9 19
1 33
4 56
2 6
5 58
6 35
7 17
1 28
5 43
2 58
9 70
5 71
5 37
9 79
2 15
5 5
6 47
9 12
3 36
8 65
3 61
8 12
3 26
1 63
6 87
4 38
7 97
9 80
3 78
8 38
8 40
5 28
10 24
5 57
8 50
2 57
4 13
8 50
