9 84
10 71
10 33
1 67
1 48
3 97
7 6
5 12
8 62
2 68
5 67
5 72
2 62
3 33
10 72
2 5
3 53
2 100
7 76
8 40
4 35
2 44
8 33
2 88
8 95
3 83
7 37
1 54
5 84
7 41
9 5
1 4
1 3
8 20
1 42
6 72
3 36
5 31
6 25
4 56
8 24
10 44
1 16
10 32
5 93
5 51
8 77
6 24
9 87
5 39
2 63
5 1
1 10
1 78
7 82
10 37
10 51
6 99
7 1
5 66
6 94
5 76
7 7
6 37
4 31
3 5
2 60
7 36
4 35
10 1
1 38
4 70
1 81
3 86
1 31
10 19
3 39
7 35
9 39
4 22
7 36
8 95
3 80
7 52
9 93
10 88
1 39
8 57
3 10
1 63
7 42
3 4
10 80
10 92
4 62
1 68
9 34
4 71
6 52
1 31
3 30
7 20
1 97
1 70
10 10
3 88
7 35
2 72
9 97
10 11
3 27
10 62
9 33
8 75
4 50
3 38
3 52
9 63
4 63
7 3
1 33
6 91
6 33
5 88
1 62
5 96
2 63
6 86
4 21
5 90
7 85
5 52
2 100
3 59
3 29
9 14
6 95
4 27
10 17
4 16
10 50
7 39
2 53
7 57
9 86
5 84
2 99
4 23
1 19
4 87
2 56
10 35
2 44
5 76
6 90
4 7
9 35
6 45
8 61
8 6
3 4
4 37
1 36
2 40
9 83
5 19
2 7
8 24
9 15
3 30
8 8
8 10
4 48
6 81
4 48
2 47
1 2
5 82
6 32
4 30
9 32
6 96
6 75
10 51
2 98
9 26
1 20
2 57
3 8
9 34
4 62
5 21
8 22
9 37
2 4
4 6
10 76
4 12
10 19
4 8
3 91
2 6
3 49
10 40
1 28
9 67
8 13
9 43
5 78
2 8
3 84
7 12
6 74
6 45
10 23
3 4
3 16
6 36
3 92
4 50
4 72
6 9
4 51
5 74
4 55
8 66
2 91
4 39
6 70
3 17
2 100
6 11
5 43
7 91
8 4
10 79
8 13
2 49
2 8
4 86
2 37
7 59
1 33
3 76
6 79
6 42
8 25
9 13
10 73
10 7
2 57
2 69
4 73
9 31
2 35
1 54
3 61
10 7
6 87
5 51
5 35
6 43
9 43
4 1
5 58
2 100
5 96
5 10
9 12
6 40
2 24
4 7
2 21
8 46
7 68
8 19
7 4
8 33
10 1
6 16
9 98
1 39
1 88
8 14
2 36
3 75
4 72
1 37
9 50
7 93
2 36
5 49
3 27
9 42
9 99
4 50
7 85
3 2
4 94
9 71
6 44
8 88
3 10
5 72
9 71
5 46
1 20
2 85
3 65
2 11
5 18
4 38
2 87
4 27
4 77
4 31
7 32
8 55
5 94
7 7
8 22
7 43
10 91
1 26
4 96
5 53
5 9
7 1
1 20
9 97
1 85
7 78
3 3
4 44
9 61
1 58
6 62
6 79
3 22
4 21
6 29
3 91
9 37
8 34
4 43
3 72
2 7
10 70
3 79
8 44
3 27
5 67
2 2
9 10
7 48
2 94
8 16
4 1
10 89
9 14
10 22
6 60
10 22
3 21
7 66
10 9
4 70
6 24
10 12
7 36
2 9
9 8
7 20
4 71
10 34
4 25
5 51
10 17
3 67
1 3
3 9
7 93
2 9
1 41
8 50
5 2
5 38
9 96
4 15
4 5
1 22
8 63
10 35
9 4
2 33
6 98
10 40
3 31
5 93
8 16
10 77
9 86
4 95
2 50
6 96
9 96
6 84
8 15
3 43
2 71
9 97
1 51
10 20
4 63
1 56
10 15
2 30
2 10
10 78
9 33
4 46
7 2
7 29
8 10
1 17
2 40
7 82
9 89
8 78
7 21
3 30
6 10
7 47
2 77
1 1
7 70
9 23
6 45
5 95
5 55
6 6
5 70
2 36
8 30
9 5
7 25
3 9
4 99
5 37
5 95
4 88
4 33
9 29
5 88
10 90
7 71
10 46
8 65
7 8
3 19
2 64
10 28
4 4
9 47
4 12
5 12
2 66
9 77
1 21
4 63
6 25
10 86
2 17
9 30
2 85
2 48
1 31
8 57
4 8
3 1
9 47
9 48
3 67
7 55
1 39
5 11
1 24
10 19
4 14
4 3
7 71
5 48
4 97
2 35
4 27
10 91
5 32
4 36
10 44
6 94
8 83
9 78
9 40
9 75
6 75
4 34
8 87
4 76
6 100
6 24
6 73
2 70
1 70
10 3
8 44
1 95
4 49
5 78
7 52
3 22
5 19
7 9
9 5
9 15
4 6
9 100
5 56
9 98
1 32
3 24
1 80
1 46
2 81
3 1
9 96
2 36
6 61
10 58
6 7
2 27
8 37
7 65
1 55
9 42
2 16
2 9
5 70
10 55
2 71
5 45
8 45
2 76
1 30
4 48
5 83
3 5
10 3
6 28
2 23
5 95
7 44
2 53
1 1
6 53
5 59
10 85
8 87
9 34
10 51
2 27
8 41
6 96
9 45
7 70
8 86
8 44
9 29
1 33
8 95
5 69
5 20
10 85
5 4
4 8
2 94
5 12
1 60
9 66
2 27
5 98
6 72
6 23
6 71
5 63
2 4
8 6
3 68
7 82
2 95
5 88
5 40
8 33
10 72
1 20
4 9
10 60
8 15
5 37
6 30
7 1
5 80
9 9
8 53
2 50
7 49
5 46
3 45
10 76
8 58
2 45
3 27
6 96
9 66
6 97
4 66
9 1
1 76
10 34
3 85
8 75
5 12
9 8
9 41
10 100
3 1
9 86
2 17
8 42
5 22
6 81
3 75
1 25
5 12
7 89
1 94
9 24
3 11
5 44
5 24
1 49
4 30
7 91
5 22
2 74
3 97
2 70
10 69
6 60
7 58
3 97
9 73
7 81
3 15
3 98
8 81
9 23
3 32
6 64
5 56
6 5
3 27
10 51
2 20
7 23
2 37
4 74
8 94
3 98
4 51
4 20
4 62
9 46
1 19
6 60
4 61
3 14
3 15
2 66
6 47
2 92
4 34
7 82
1 21
1 91
1 64
9 40
10 22
6 27
6 76
2 51
9 51
4 48
9 97
1 92
3 56
7 64
2 87
4 31
9 42
2 60
8 29
8 58
10 28
1 64
1 2
1 39
8 60
3 93
7 18
4 20
1 73
3 84
4 32
2 74
1 88
2 2
3 54
10 67
5 29
5 23
9 10
3 22
3 29
6 9
9 65
1 96
6 95
6 71
2 60
8 54
10 89
5 92
10 44
2 83
8 38
3 83
2 27
7 29
7 90
4 42
5 6
1 85
5 83
3 37
10 71
8 76
2 56
8 30
1 86
4 70
2 25
2 36
2 5
10 47
1 95
3 65
3 58
10 34
10 91
2 82
4 49
3 40
10 44
6 80
6 77
2 23
6 79
1 14
9 73
4 53
2 84
1 79
1 41
3 4
6 28
9 14
2 99
9 1
4 55
7 22
7 44
9 91
1 80
1 34
5 62
3 71
5 61
3 35
8 57
5 11
5 90
7 38
6 13
1 44
6 15
7 32
1 15
2 62
2 36
8 82
2 65
2 56
2 98
6 37
9 28
2 86
10 65
4 1
10 74
9 21
7 93
7 43
6 39
7 67
4 35
3 96
6 17
10 57
5 51
4 57
4 42
8 30
5 24
1 18
8 26
1 67
9 33
5 82
1 59
9 83
10 100
10 39
5 63
3 78
5 99
3 31
2 54
8 3
9 25
3 79
8 2
1 27
6 51
10 8
8 16
9 37
4 29
3 55
1 49
6 38
3 8
10 60
9 16
7 4
5 54
2 39
4 21
4 5
9 23
8 19
6 73
7 94
9 20
9 72
5 50
1 98
2 52
9 54
2 89
3 38
2 85
8 63
8 59
10 68
1 45
5 51
3 19
7 14
1 87
3 38
8 11
10 34
2 68
7 27
3 44
5 61
9 68
7 77
5 73
1 97
1 45
8 6
10 76
2 45
5 20
9 58
4 91
1 21
8 24
5 26
3 2
5 68
1 1
8 35
5 6
5 72
4 42
8 21
9 71
1 74
7 24
1 98
6 11
1 28
8 100
9 79
8 46
10 76
5 58
2 47
9 51
1 4
3 90
5 57
3 13
8 22
4 47
8 72
6 53
3 98
3 4
1 10
6 88
9 77
4 16
9 19
6 79
6 10
7 91
3 41
10 72
2 40
4 9
4 63
1 72
2 17
1 96
9 27
7 1
8 94
9 95
7 90
10 91
1 33
3 54
5 21
2 12
10 1
5 6
7 35
1 41
1 47
5 84
10 35
7 56
5 12
6 71
8 52
2 82
4 55
8 24
5 21
9 100
8 9
6 50
8 48
9 35
2 56
6 40
6 69
8 26
1 3
9 28
3 22
1 20
7 42
8 7
3 25
9 40
2 67
