3 6
4 34
6 67
8 87
5 45
7 84
6 53
5 45
4 74
8 74
4 78
1 90
7 37
3 1
10 12
2 29
4 46
8 21
10 94
6 91
5 34
6 32
9 85
9 67
2 29
10 26
7 11
3 85
6 56
4 13
4 64
7 8
1 5
9 29
9 47
5 78
6 43
8 71
7 15
1 1
10 97
1 58
8 52
2 9
3 20
7 82
7 40
5 86
4 23
9 98
2 32
5 89
7 16
9 3
6 75
8 72
2 30
10 82
4 55
9 76
3 98
4 27
9 57
3 27
5 56
5 40
1 67
3 96
5 73
5 50
4 81
8 59
7 56
10 36
3 67
9 43
5 98
4 57
10 66
2 11
1 12
8 92
10 4
8 82
7 81
3 39
9 26
3 36
9 79
1 45
10 58
4 61
6 88
9 18
6 48
2 25
7 38
6 4
1 90
6 12
8 38
7 94
9 26
5 1
7 54
1 14
4 12
8 84
4 16
3 20
1 62
9 18
6 36
1 78
4 25
6 81
5 82
10 35
10 36
10 42
1 95
6 86
9 97
2 89
2 50
7 13
7 93
8 1
5 21
7 29
3 78
5 38
1 19
8 6
4 76
6 40
8 4
7 45
7 34
9 80
4 14
1 75
8 92
6 95
5 12
7 9
2 88
5 95
7 19
7 7
2 6
6 51
6 22
8 83
1 55
10 48
4 88
8 1
9 15
1 72
9 74
10 42
1 56
5 64
10 79
8 27
4 79
7 39
2 14
3 8
8 2
9 10
9 3
8 19
10 75
6 59
3 83
4 88
4 45
3 84
7 67
10 61
5 87
3 79
10 74
10 57
2 25
8 45
7 73
1 94
8 59
7 85
10 99
6 52
3 75
5 60
7 71
3 89
7 29
10 20
5 19
9 20
3 100
6 82
6 84
8 100
9 35
3 22
8 46
4 72
5 95
1 7
6 79
9 83
1 81
6 57
10 29
8 51
3 18
4 17
7 54
10 7
2 64
5 81
10 20
6 74
8 80
9 98
7 67
5 83
1 36
1 15
2 100
2 49
9 47
8 37
7 37
1 14
1 46
5 63
1 1
3 73
5 55
5 69
2 74
3 41
2 97
9 54
8 99
5 78
5 88
4 80
1 34
3 1
7 35
6 44
9 33
3 17
4 59
4 79
6 34
1 98
9 32
3 14
9 100
3 94
10 72
8 27
8 73
7 36
7 34
8 75
9 56
3 71
10 68
9 26
7 73
10 9
4 90
3 2
4 98
9 30
2 8
4 21
9 90
3 39
9 92
1 73
5 21
9 85
7 79
9 71
2 93
3 14
7 30
6 67
3 100
1 72
6 11
4 84
7 5
4 11
9 11
5 66
3 58
7 9
2 87
8 13
2 60
10 73
6 97
1 44
5 36
3 50
10 77
9 69
4 77
3 6
5 30
4 73
6 93
6 90
2 17
4 70
6 71
7 58
9 86
8 66
6 12
1 23
8 51
6 23
7 60
9 42
3 66
8 67
3 63
10 75
7 72
1 74
1 38
5 41
6 34
8 85
1 9
9 19
8 80
9 19
6 41
3 34
9 70
6 91
3 8
6 79
1 20
8 11
10 33
4 79
3 43
4 88
5 43
3 78
2 65
10 5
4 31
6 62
7 99
3 19
3 52
9 67
4 46
2 19
10 24
4 86
4 64
4 60
5 74
8 48
2 1
9 20
7 71
9 90
6 12
1 32
6 39
3 64
8 1
8 99
4 59
1 72
5 75
2 77
1 58
2 85
10 13
4 41
2 74
5 46
1 46
8 13
3 21
4 7
5 14
8 70
3 26
7 8
7 80
3 23
4 11
9 98
8 19
3 24
9 2
9 99
2 55
10 80
1 86
2 34
9 40
6 49
2 45
5 90
10 31
8 73
3 13
10 54
6 62
1 40
6 72
7 64
6 42
7 82
1 70
6 75
8 43
4 4
4 11
6 62
3 33
1 79
1 23
9 37
10 99
9 54
8 96
6 92
9 72
5 27
1 52
7 9
10 44
6 46
7 70
3 81
4 81
8 79
5 95
6 3
2 16
1 94
7 6
10 5
4 67
1 78
4 62
7 48
10 10
4 64
5 8
3 57
2 96
4 99
8 75
6 88
4 5
3 23
7 6
7 95
3 15
5 76
10 86
2 17
9 22
7 57
5 10
6 28
7 29
2 95
3 81
10 29
5 5
4 38
3 3
2 16
1 47
10 92
10 6
7 14
1 59
3 31
1 100
8 93
7 69
8 81
5 63
2 20
7 20
7 30
10 91
10 69
10 51
1 43
2 36
10 81
9 78
9 8
6 30
6 20
3 19
7 79
1 10
8 87
1 87
1 21
10 85
9 55
6 48
2 97
5 33
9 37
9 14
6 68
9 8
8 81
7 15
2 33
10 82
9 57
4 81
4 9
7 12
7 69
1 1
6 85
9 61
2 78
7 7
8 28
8 30
6 1
2 86
9 40
1 59
4 78
4 18
2 90
2 25
5 35
9 74
4 53
3 36
3 88
10 66
10 48
2 52
7 26
6 91
8 72
5 77
5 2
8 83
6 41
5 57
1 9
2 100
10 78
3 14
7 83
8 10
9 8
5 6
1 26
5 39
4 85
9 36
4 53
9 80
3 78
2 38
7 75
8 34
10 67
4 98
5 39
6 71
9 39
4 59
6 8
1 5
8 22
3 76
8 72
5 31
3 29
8 17
10 34
9 61
9 18
5 26
8 17
6 18
6 58
6 25
6 92
1 77
2 88
2 40
3 81
4 66
10 69
9 2
9 4
1 52
6 72
3 93
3 24
8 51
7 57
6 6
9 86
9 84
1 35
6 14
1 42
6 61
7 87
6 93
4 79
10 60
7 24
1 66
6 67
10 84
3 47
9 4
1 2
6 57
6 98
2 28
1 26
5 47
1 10
5 77
7 46
4 24
8 19
10 35
9 1
8 11
6 65
2 93
3 64
8 93
9 18
4 100
2 13
9 88
1 96
1 88
9 9
9 20
2 17
5 54
3 47
10 80
4 82
4 70
5 77
7 79
4 98
3 96
4 35
10 25
1 50
8 9
2 88
6 97
2 81
8 68
8 34
4 30
4 59
5 71
9 72
9 79
2 88
4 17
9 21
6 37
7 11
3 95
2 95
3 78
3 100
2 85
2 51
5 13
3 76
6 12
6 61
9 26
2 81
6 71
5 98
3 17
4 37
7 52
4 51
5 95
9 66
5 77
10 48
7 46
7 44
5 37
4 92
3 75
4 64
6 2
7 33
2 16
5 89
5 62
5 90
3 89
2 50
10 76
6 87
1 96
5 1
3 54
9 33
10 35
3 87
5 70
4 4
5 50
10 10
4 22
9 34
9 84
5 37
9 58
10 19
5 24
10 84
6 78
10 72
9 17
6 91
6 83
4 38
5 80
1 29
5 52
8 22
4 74
9 35
3 15
4 12
1 89
4 32
3 47
6 2
4 50
3 51
4 68
3 83
6 57
10 38
1 36
1 46
3 66
9 67
10 58
6 58
4 59
3 67
10 7
3 42
7 57
6 24
2 23
4 12
3 74
9 25
9 90
6 99
6 97
1 82
1 25
6 82
8 3
4 22
2 64
3 40
8 78
8 18
3 78
10 35
8 50
2 41
6 78
6 35
5 69
7 84
4 10
9 82
10 24
4 72
9 20
5 76
5 22
6 65
10 95
3 78
1 21
2 22
6 92
5 80
4 26
1 56
2 95
1 64
1 59
7 70
4 56
10 50
4 8
4 64
7 92
5 36
6 96
8 38
8 80
7 100
7 70
8 31
4 58
6 63
5 7
8 56
2 56
4 94
9 100
1 24
8 42
2 9
9 90
8 99
10 85
9 97
2 100
5 12
5 24
7 59
8 60
6 33
8 84
1 37
8 51
3 80
6 45
5 9
1 8
10 2
7 53
10 86
1 57
1 53
4 65
2 80
2 19
7 2
3 44
8 13
1 16
6 77
1 77
9 8
2 65
4 6
3 22
8 56
9 15
9 8
8 65
1 47
9 39
3 51
2 100
3 28
7 76
8 87
2 26
6 99
2 49
10 80
7 49
3 21
7 78
7 29
2 52
8 98
5 61
5 35
10 20
8 5
3 58
1 17
2 76
6 32
7 77
8 64
7 66
6 38
1 8
3 13
9 46
7 27
2 4
4 43
10 91
6 88
1 31
1 72
5 11
10 57
4 96
3 33
8 65
7 40
4 24
3 84
2 50
6 37
3 9
2 35
7 7
10 81
2 54
10 24
8 91
6 1
5 11
10 24
8 82
9 14
7 19
6 54
1 46
3 44
3 46
6 14
5 54
8 57
9 47
2 92
5 7
2 8
2 77
5 20
8 29
8 48
2 63
1 94
9 52
3 24
4 58
7 81
1 58
4 26
6 43
7 89
1 73
10 38
3 7
8 7
3 50
6 82
6 8
7 53
2 42
9 97
1 26
3 64
3 53
2 38
8 89
2 83
