9 4
9 48
4 17
8 94
8 8
7 80
3 77
3 39
1 66
5 67
7 40
8 82
5 27
1 75
1 58
8 45
1 47
7 10
8 21
2 10
7 55
9 7
2 88
6 48
7 38
3 53
1 88
2 23
8 78
8 68
2 72
3 98
8 82
4 25
2 6
3 34
8 95
9 31
2 46
1 10
6 76
7 19
10 76
5 82
8 63
4 93
9 38
5 82
5 91
4 33
10 4
4 30
4 98
9 38
10 78
6 12
2 30
5 11
9 27
8 27
5 53
10 34
7 45
3 68
9 43
5 6
8 76
5 1
9 97
7 27
4 72
6 100
2 97
3 38
3 77
9 81
6 6
4 91
8 20
2 89
3 10
5 5
10 10
8 76
4 44
10 86
7 85
8 79
2 65
7 21
6 18
1 82
10 40
8 13
3 75
6 41
9 48
9 65
5 25
5 38
1 23
1 99
7 4
2 44
8 50
3 11
3 99
1 15
6 37
8 46
2 75
3 15
8 89
7 37
3 17
10 72
5 45
4 2
1 90
7 41
7 36
2 95
3 44
7 67
9 99
3 48
2 68
4 92
10 53
1 87
9 30
5 14
2 60
3 87
1 94
2 75
6 27
8 88
6 3
10 84
8 43
5 54
2 44
10 20
10 16
3 34
3 57
7 3
9 19
4 55
2 85
7 53
8 75
3 23
9 47
6 11
10 33
2 40
10 30
9 66
4 93
1 27
6 18
7 44
6 45
8 56
3 78
2 5
4 91
8 1
10 97
6 95
8 41
10 30
10 23
7 91
7 94
7 100
6 20
3 65
10 79
4 84
4 85
6 52
10 33
9 7
3 7
1 9
3 91
5 21
6 45
4 39
3 77
6 43
4 91
9 2
7 90
2 14
1 66
2 9
7 47
4 35
5 29
5 85
9 35
1 43
7 19
2 25
6 32
10 39
1 7
7 62
8 12
8 95
4 47
6 74
1 26
9 79
8 69
10 30
3 56
3 14
8 14
3 70
9 5
7 47
5 29
9 61
10 30
8 65
5 45
6 48
5 54
2 10
5 46
9 93
9 16
9 77
4 21
10 34
3 21
10 90
6 77
3 73
2 32
9 41
3 2
5 50
7 100
3 60
4 77
7 18
6 73
7 96
10 45
4 96
5 28
5 57
6 90
6 48
3 70
8 92
5 41
2 69
8 22
7 22
5 20
10 48
4 37
10 83
6 77
7 93
8 46
4 65
3 56
3 38
6 92
7 1
3 55
2 97
6 25
2 82
6 39
3 12
2 6
6 11
9 22
9 100
9 43
4 59
9 80
6 37
2 5
3 40
4 99
5 97
4 4
6 18
7 81
2 70
2 89
5 38
8 34
10 66
1 51
2 89
4 17
9 47
7 55
2 77
9 90
3 78
4 5
3 40
8 30
4 81
7 50
3 10
7 28
8 87
6 82
2 49
4 43
4 40
7 57
8 32
6 19
7 76
9 19
4 2
8 63
6 34
5 53
8 98
7 57
7 95
6 11
8 26
5 67
5 38
5 74
6 98
4 34
2 42
8 49
2 91
7 35
4 13
1 14
2 10
4 79
4 81
8 76
9 24
8 92
10 31
9 99
2 13
1 64
9 69
8 65
7 36
10 18
5 49
6 57
2 46
3 78
6 34
8 31
6 48
10 43
4 71
5 57
3 95
4 12
4 93
4 45
4 15
3 29
5 27
1 46
2 86
6 73
3 61
1 25
5 40
5 79
9 100
2 30
5 99
1 66
5 37
9 62
3 18
8 87
2 39
3 92
6 67
10 88
9 71
7 39
6 66
6 88
4 56
2 55
10 85
5 67
1 98
6 13
8 99
2 85
1 48
5 49
6 67
9 56
2 100
9 83
2 73
1 55
6 59
8 32
5 89
8 67
3 60
8 4
2 56
1 82
3 99
8 95
3 16
3 80
10 92
7 10
1 93
3 60
9 86
3 61
1 63
2 37
5 50
8 44
2 80
2 95
9 24
8 36
8 1
8 40
3 18
6 100
5 6
6 57
8 65
10 46
4 100
1 93
1 33
7 69
8 39
8 87
5 66
6 2
1 82
2 97
4 63
9 93
7 52
3 85
9 8
9 14
10 11
3 67
4 89
2 46
10 42
9 38
3 86
8 10
3 19
1 46
7 42
3 92
6 27
10 1
7 14
4 71
8 47
10 64
5 25
3 93
5 15
3 65
10 75
1 40
6 61
3 12
7 32
1 43
8 44
9 43
7 72
2 39
6 70
10 96
8 90
1 93
3 32
10 31
1 47
2 52
10 38
2 98
9 93
2 53
3 34
6 34
1 25
2 16
3 55
5 62
6 95
8 9
2 40
4 36
9 71
2 70
6 60
8 41
5 40
7 37
4 97
5 47
1 23
7 60
9 19
8 50
2 14
9 99
7 95
1 25
8 22
9 22
8 86
10 88
4 18
7 36
7 41
10 65
6 60
4 68
4 60
9 48
8 73
4 93
3 45
7 6
4 94
10 43
3 40
2 3
4 27
3 79
4 6
3 5
1 84
1 65
9 28
7 5
10 16
8 48
8 62
4 33
4 20
2 23
8 94
9 95
1 94
8 68
2 80
4 86
6 96
2 69
9 2
2 65
5 44
2 84
2 94
4 16
2 43
8 68
6 97
1 15
9 88
1 84
2 8
6 16
10 68
8 65
8 58
4 55
6 29
7 37
3 98
8 43
3 20
3 28
4 35
7 79
2 49
8 39
4 84
7 20
7 59
10 60
2 96
8 31
3 27
6 99
2 37
7 57
2 15
6 9
9 26
7 12
8 100
4 13
6 42
4 17
8 39
9 56
4 36
4 94
1 85
4 30
6 75
1 70
9 100
8 20
3 93
8 22
4 30
9 82
3 37
1 80
2 17
5 36
6 98
6 51
4 16
6 34
1 36
3 83
9 30
8 53
2 27
9 31
9 95
6 81
9 1
8 4
5 36
1 71
7 39
2 10
1 79
5 83
7 96
7 11
4 86
7 40
6 83
6 98
8 2
3 60
9 10
4 33
5 2
2 11
7 69
9 56
1 31
8 44
7 95
2 3
3 87
8 49
1 54
8 96
7 68
9 74
3 73
9 40
3 84
5 18
10 86
6 8
6 76
8 63
6 90
2 50
9 54
10 4
7 37
8 87
8 93
9 10
5 29
2 92
8 69
8 50
5 41
7 31
2 49
8 78
2 20
2 80
4 27
2 1
4 33
2 35
10 24
4 17
2 57
6 14
6 74
5 89
4 51
4 8
2 35
4 58
9 60
6 2
6 57
3 80
9 9
10 74
5 18
10 52
5 67
7 97
4 95
3 8
4 14
7 24
3 18
7 36
7 100
2 35
2 9
3 20
2 89
5 35
2 15
7 77
2 38
5 21
5 47
1 39
4 23
6 50
3 42
1 74
7 4
8 40
5 95
3 23
3 73
4 87
10 46
2 5
5 19
2 31
5 67
4 86
9 11
2 6
5 70
1 13
4 74
8 24
9 54
5 7
5 93
5 28
1 4
6 8
7 72
6 54
2 15
1 25
2 57
8 73
9 66
5 45
2 35
6 60
7 79
10 77
4 61
8 66
6 100
7 38
6 98
7 91
3 46
3 3
6 81
4 6
2 100
4 2
7 12
6 70
5 86
10 73
8 22
5 91
9 83
3 19
4 46
3 93
3 9
9 94
7 47
3 85
5 74
8 83
4 40
10 37
10 66
6 48
6 38
7 30
1 1
7 94
8 83
4 60
8 40
3 69
5 39
10 43
8 17
7 2
5 63
2 62
1 52
1 88
1 7
4 88
6 62
4 97
3 77
6 25
7 22
1 99
2 58
7 80
6 40
4 57
8 9
4 63
8 100
4 61
8 8
7 67
7 93
9 70
7 52
10 59
2 88
10 73
2 46
3 26
7 40
1 42
6 74
7 68
4 45
10 93
2 89
10 99
3 55
10 11
4 96
2 19
6 90
4 24
1 25
2 19
5 97
4 59
2 66
5 36
1 20
6 27
7 27
2 43
8 55
2 26
3 98
3 56
2 11
8 50
9 14
2 83
6 30
5 26
2 94
3 99
7 45
1 19
9 88
9 39
1 51
3 100
1 37
1 19
4 56
10 20
5 53
7 81
8 32
10 9
6 53
3 58
9 35
2 64
10 62
7 92
4 12
8 73
5 92
5 27
8 69
1 90
9 70
5 69
9 2
2 21
9 82
10 4
4 23
4 8
2 24
10 13
1 29
7 45
4 25
9 32
5 77
9 100
1 49
2 16
8 46
1 54
8 51
6 5
1 53
2 81
4 46
10 58
7 20
5 72
3 15
5 95
2 85
7 70
4 35
4 73
4 86
1 80
7 76
6 10
6 44
5 28
2 76
1 64
7 90
3 98
6 11
2 55
9 68
10 47
1 91
9 69
2 82
5 43
8 3
5 63
7 21
9 1
4 66
9 78
8 86
4 87
1 3
2 20
3 79
5 41
6 56
1 7
2 20
