2 87
2 22
2 56
3 32
9 64
4 60
2 96
7 51
5 22
7 17
5 95
6 2
8 12
8 88
2 35
1 100
7 60
8 61
9 25
2 12
2 92
5 73
2 19
8 95
9 66
9 29
4 94
9 78
10 25
5 94
7 59
4 94
10 100
3 24
8 92
10 44
8 8
9 17
2 77
1 40
2 35
5 25
6 13
7 51
9 73
2 65
6 80
3 86
8 87
10 5
7 75
9 32
10 47
4 95
5 81
2 66
5 45
3 56
2 66
4 25
2 46
5 35
6 49
5 38
4 21
1 3
6 81
6 59
7 99
10 8
9 68
4 8
7 20
5 81
3 100
5 62
5 33
3 6
6 58
4 72
8 38
8 42
9 59
10 10
5 59
5 46
9 33
9 63
9 60
10 14
3 45
1 8
2 22
9 33
4 8
6 68
9 93
1 2
3 35
9 64
1 66
7 10
5 41
6 38
10 81
7 31
7 73
6 32
5 81
7 40
9 46
1 7
8 44
6 11
10 24
1 18
5 70
10 57
3 39
8 34
5 62
10 66
5 76
1 89
10 30
9 80
6 29
8 13
2 10
7 58
1 59
1 16
5 37
6 46
7 39
5 23
3 61
1 37
7 15
9 96
8 93
7 63
1 56
7 2
1 82
3 13
7 79
2 5
4 57
1 37
1 45
6 93
7 52
9 78
4 26
2 77
2 74
10 39
10 75
5 9
9 21
4 70
6 5
2 94
4 48
5 82
7 11
1 3
6 40
2 87
8 4
2 23
3 73
7 34
1 19
7 99
1 84
4 100
8 40
4 75
7 51
6 10
5 82
2 61
1 14
3 55
8 93
6 35
7 85
4 66
10 99
1 88
5 45
6 19
9 1
7 75
6 70
6 59
3 80
4 45
8 92
6 62
4 54
1 17
7 80
5 38
4 40
9 95
5 9
4 75
5 82
5 51
6 5
8 11
9 72
8 97
2 95
3 81
6 82
9 93
1 56
1 67
10 69
6 81
3 4
8 1
8 42
10 3
8 40
8 12
4 7
3 38
8 91
9 6
2 65
1 46
6 90
5 55
6 50
7 86
5 74
3 71
4 66
1 22
1 6
2 56
5 68
5 71
5 64
3 31
4 88
6 24
6 14
1 83
1 12
8 57
10 99
10 39
9 32
1 77
5 65
9 35
8 32
10 17
5 9
3 74
5 54
8 13
10 61
7 52
6 34
10 59
2 10
3 28
5 68
8 72
7 8
4 71
6 34
1 56
3 12
1 53
5 92
7 26
9 17
9 81
1 21
9 39
1 37
8 90
6 13
3 74
7 78
7 69
5 6
5 27
3 47
2 31
9 61
2 14
4 38
10 30
3 24
10 26
2 58
2 81
10 63
3 60
8 68
4 74
6 5
5 91
6 44
6 41
9 77
2 39
2 62
5 63
8 71
8 60
9 19
10 61
6 23
8 94
1 19
8 33
9 22
9 64
9 49
9 25
9 61
3 82
4 28
2 84
10 87
7 85
1 54
6 31
4 4
8 27
7 9
1 33
1 89
3 97
3 48
4 81
7 45
5 91
7 60
7 70
4 55
6 20
10 40
8 17
9 94
6 52
6 55
9 60
10 7
1 27
7 15
10 3
10 3
5 21
6 13
1 28
2 44
9 14
1 49
5 49
1 18
9 1
3 29
7 30
10 12
2 50
3 3
1 73
4 97
2 85
6 9
10 85
9 17
8 6
10 65
7 62
1 3
1 17
5 47
2 85
5 87
4 25
7 88
3 18
8 87
9 23
8 94
8 75
7 95
4 77
6 72
8 16
9 54
8 17
3 85
6 79
3 92
9 33
2 50
3 94
7 48
2 30
3 49
9 45
10 17
2 23
4 98
1 15
5 30
1 16
6 98
7 54
4 99
7 53
2 88
1 14
7 84
1 23
7 2
3 100
10 99
1 39
3 27
3 64
5 20
9 8
3 84
4 76
8 49
5 91
9 48
9 28
8 68
3 1
5 61
5 82
9 90
1 50
2 23
4 73
5 87
2 99
3 33
1 52
5 90
3 81
6 81
8 58
2 83
3 54
5 90
8 37
5 77
10 92
2 65
10 84
7 43
1 97
1 87
9 50
9 21
2 43
3 78
5 79
1 14
2 43
8 45
5 3
5 84
5 41
8 59
10 12
3 5
3 15
4 80
6 26
4 94
4 2
7 37
2 11
7 95
10 63
2 34
3 6
5 24
7 44
5 79
10 45
3 84
6 65
3 29
2 73
9 29
10 18
8 36
1 14
2 13
3 8
10 1
8 5
6 48
9 45
10 26
2 27
3 89
9 19
7 70
6 90
8 99
3 43
6 64
1 20
4 18
6 55
6 1
6 56
6 37
1 22
4 89
3 75
9 74
6 68
3 92
2 32
4 40
1 52
2 93
6 41
7 62
8 27
10 64
8 84
3 42
3 97
6 74
2 99
7 70
1 5
6 52
1 21
7 75
7 90
10 8
3 66
8 57
5 18
7 20
8 55
4 88
6 34
8 6
9 53
3 63
10 25
10 53
4 32
6 44
9 28
8 78
4 54
8 84
9 85
2 78
10 23
1 98
9 55
9 21
6 72
5 45
3 85
10 58
7 46
9 96
9 28
9 98
5 93
7 35
9 51
8 23
7 11
1 40
2 62
9 54
2 68
4 60
10 13
8 91
8 85
3 86
2 67
10 55
9 11
2 4
6 2
8 5
6 79
9 55
1 19
9 55
9 37
4 5
10 68
1 47
3 58
5 90
7 36
4 73
7 72
5 74
4 19
1 49
7 79
3 46
3 80
5 55
8 87
10 76
4 31
7 92
7 34
3 81
3 89
6 31
7 56
3 30
2 49
10 11
6 87
1 54
5 99
6 53
7 82
5 88
7 2
1 48
1 28
9 50
2 3
10 59
7 52
4 82
5 89
9 51
1 68
3 82
3 68
2 71
6 39
5 33
9 21
8 40
1 72
9 66
4 13
5 63
4 42
3 58
7 95
4 8
3 84
1 82
8 36
5 7
4 9
7 95
8 71
7 73
5 46
9 56
1 96
3 65
6 8
8 64
6 86
8 84
9 25
7 23
1 31
6 70
4 4
10 75
2 52
4 9
8 35
7 93
3 20
9 87
4 9
1 19
9 47
1 74
5 34
1 60
2 77
4 64
6 56
4 13
4 14
7 89
10 5
3 100
10 56
2 38
4 5
4 28
7 78
2 29
1 51
1 54
9 69
4 94
6 25
1 68
9 75
7 5
1 54
9 49
3 10
6 54
4 37
9 65
10 78
9 50
6 16
3 100
7 100
3 30
5 35
7 100
10 15
1 57
4 28
5 89
4 91
2 31
3 39
4 30
1 68
3 58
7 25
6 26
9 70
6 40
3 71
6 66
5 72
7 52
10 69
6 75
2 86
10 77
6 97
9 2
3 32
4 99
10 43
5 17
1 10
4 34
6 84
2 97
4 32
1 72
3 17
7 55
8 41
10 35
9 58
8 89
10 65
9 38
1 41
8 24
4 9
1 67
1 73
9 53
5 87
10 3
9 54
2 18
8 52
1 99
6 86
7 72
10 92
3 31
6 14
2 24
1 66
1 10
5 76
10 23
2 51
3 39
3 5
6 68
1 45
8 76
2 85
2 74
4 25
1 18
4 48
7 68
8 74
1 41
2 69
10 26
5 10
7 98
7 11
3 75
3 18
2 61
5 51
2 87
7 99
3 71
6 3
7 100
9 21
7 34
10 50
9 19
3 12
10 78
10 83
9 77
6 43
10 11
3 16
1 88
7 19
9 53
10 81
5 97
1 79
10 71
10 56
2 13
4 75
5 5
7 64
10 58
6 6
3 99
9 41
8 84
2 41
1 74
2 47
7 26
5 91
4 74
9 40
5 77
1 85
2 72
9 28
3 57
1 13
10 7
4 17
5 24
3 96
1 21
5 62
6 40
3 14
8 32
2 13
1 29
3 18
2 43
9 35
8 74
9 100
8 28
8 15
9 67
1 61
4 65
9 57
2 74
4 15
8 61
4 39
10 40
2 3
9 66
6 7
2 6
9 33
8 66
7 97
6 34
1 68
7 75
6 48
1 37
2 95
5 17
6 78
3 23
7 52
8 16
2 54
1 12
10 26
1 77
8 15
10 4
5 64
3 76
9 27
5 60
6 98
6 20
10 98
6 17
3 29
10 15
1 22
5 77
4 15
10 25
3 75
3 49
9 2
1 78
1 82
6 75
1 27
8 98
2 96
9 63
6 1
8 50
9 65
8 48
7 9
7 37
8 98
10 78
10 93
6 6
8 69
10 67
3 7
10 46
2 54
8 7
4 13
3 76
1 42
9 61
1 32
1 3
10 37
4 34
3 78
2 36
8 97
1 43
1 38
1 42
4 26
7 40
2 100
6 43
8 69
2 57
2 48
4 25
4 39
5 81
1 73
10 44
6 57
10 23
7 72
2 24
8 27
6 43
3 28
2 77
7 78
2 27
4 24
