8 8
4 73
1 28
3 2
4 14
1 83
10 4
2 56
9 76
9 63
9 78
10 39
1 14
10 76
6 5
10 18
2 36
5 22
5 29
1 76
8 43
10 5
1 69
3 57
10 47
1 59
6 38
9 38
3 89
9 33
8 40
7 33
7 49
7 86
3 29
8 100
3 82
10 65
4 68
10 32
5 10
1 16
6 23
1 32
8 49
9 11
9 62
1 41
2 70
7 41
2 21
3 33
10 15
5 80
4 86
9 82
9 96
5 3
7 86
5 18
1 52
4 16
6 82
10 10
10 53
4 88
6 56
5 4
6 46
1 35
6 57
2 51
1 44
3 39
8 86
8 63
8 20
3 63
7 21
2 95
6 64
6 74
10 30
10 69
8 7
6 27
10 85
8 38
2 55
6 43
10 48
4 32
1 59
10 53
8 30
8 73
2 12
7 46
8 92
2 3
7 2
3 39
10 4
3 76
10 58
9 77
7 31
2 85
7 22
8 76
3 74
1 32
7 30
1 78
6 5
6 67
1 70
6 15
7 53
8 81
3 51
2 80
9 91
7 53
3 97
4 29
4 20
7 24
5 44
3 78
8 86
5 73
9 93
9 95
10 33
4 32
10 35
1 85
2 65
3 13
4 44
1 61
4 92
7 36
7 23
10 56
6 18
1 28
3 33
1 7
9 22
9 26
4 94
7 90
2 28
8 21
5 11
10 35
6 91
5 76
3 95
2 61
10 6
5 53
4 99
6 23
8 80
6 46
5 100
2 96
1 1
5 40
9 81
2 63
10 52
8 10
6 96
5 98
6 20
3 56
2 47
2 16
7 13
3 21
5 57
4 20
7 63
9 43
5 28
7 61
9 47
7 4
4 37
4 50
6 99
8 80
4 10
4 32
9 16
9 95
1 8
6 53
8 2
8 2
3 83
1 33
8 65
10 63
1 8
3 17
6 20
3 74
9 18
3 69
6 38
2 28
6 39
3 7
8 55
1 44
5 41
2 60
3 30
6 34
6 99
8 99
2 81
4 74
6 91
2 18
5 77
3 23
7 64
1 54
4 9
10 14
2 75
6 76
9 96
7 70
1 52
10 76
9 58
10 55
6 71
6 47
8 25
3 17
2 17
4 98
8 49
2 36
8 70
1 59
4 97
9 7
6 81
10 52
9 70
3 58
8 29
5 73
2 21
6 65
10 92
9 56
7 14
10 29
4 28
3 96
8 65
2 44
5 84
10 92
5 21
3 63
1 17
1 62
1 89
9 81
5 38
7 43
3 57
10 46
2 98
5 55
1 79
8 10
4 67
6 63
1 44
3 65
4 34
2 12
3 34
2 2
4 11
9 94
9 13
6 87
9 16
3 60
7 27
3 56
8 39
9 88
10 78
6 89
10 42
6 74
8 31
7 99
1 95
2 87
3 10
7 55
1 22
7 99
10 70
4 100
3 8
10 33
8 51
3 35
4 99
4 56
2 8
5 90
1 90
7 21
5 53
10 35
1 48
6 81
10 15
4 88
1 26
5 70
2 80
2 34
3 42
10 6
1 42
7 80
9 52
2 41
8 29
3 6
4 65
5 57
5 15
8 20
7 21
2 69
7 97
5 43
1 79
8 32
5 76
4 92
8 57
5 37
2 66
3 29
3 15
10 50
1 45
8 34
8 60
6 11
5 72
9 21
1 90
5 66
4 71
2 51
9 77
6 51
10 89
6 72
3 96
1 82
8 33
2 43
9 85
9 45
10 27
3 17
5 35
4 89
8 10
7 57
1 67
5 5
2 34
3 15
9 38
8 92
6 68
2 66
2 10
3 98
10 6
2 87
10 6
5 8
5 54
10 21
7 57
8 41
4 67
9 81
4 71
2 53
9 73
9 69
8 69
3 86
1 44
4 59
2 71
4 10
3 86
8 44
8 85
9 74
8 50
10 99
9 88
6 83
1 9
2 73
10 76
4 37
3 37
9 40
10 30
10 9
1 6
4 98
7 4
5 12
6 83
5 4
1 69
6 56
4 63
10 82
5 8
8 51
2 54
10 19
9 62
9 61
1 47
2 42
1 91
10 48
5 57
6 14
1 19
8 15
7 7
4 47
1 22
5 85
7 18
1 11
4 73
9 68
2 36
4 73
1 88
6 100
1 72
3 22
4 23
5 55
6 30
6 29
4 96
9 1
5 14
7 45
9 29
7 80
4 61
7 27
9 32
8 90
7 89
4 7
6 96
9 99
10 8
8 39
3 39
9 73
8 53
9 45
8 79
2 59
4 95
8 75
4 75
7 9
5 55
3 31
4 21
4 60
8 47
8 62
1 94
2 44
5 11
5 95
8 16
10 43
4 98
7 38
6 92
1 77
9 27
4 47
10 74
4 11
4 85
3 30
7 91
8 14
3 77
10 74
8 42
3 39
2 28
10 68
10 29
4 42
6 32
10 74
9 62
1 53
5 62
6 27
2 1
5 79
8 74
4 94
8 58
10 39
2 52
8 20
8 85
4 64
2 18
4 65
3 39
1 8
6 21
2 16
9 3
8 8
3 39
4 77
6 36
9 47
3 51
4 79
3 35
4 52
4 70
8 36
3 35
4 94
1 66
5 82
5 31
2 35
2 83
7 81
9 28
9 4
4 19
8 29
2 45
5 72
5 63
2 46
4 56
6 2
8 38
9 36
10 39
5 6
7 98
7 47
4 57
1 28
3 16
3 81
10 65
3 62
5 86
2 44
3 100
7 68
9 68
9 71
4 57
1 68
2 53
6 38
10 81
6 65
6 72
6 40
5 32
6 77
9 54
8 6
9 52
7 97
4 52
6 43
10 11
8 13
9 35
1 7
5 47
3 50
4 74
1 86
1 31
9 81
8 51
10 39
7 92
8 67
5 15
5 59
10 70
7 81
6 73
7 14
6 78
9 63
8 19
2 82
3 68
6 70
6 86
7 89
8 24
1 100
4 44
8 20
9 26
7 64
3 74
2 50
9 91
9 60
8 5
10 61
10 76
5 45
9 46
6 97
9 20
10 63
2 48
7 38
5 43
4 2
6 62
5 32
9 95
2 62
10 16
8 74
4 2
8 20
9 72
9 78
5 51
7 28
6 86
5 4
7 85
6 52
3 66
10 4
10 20
9 31
6 66
2 91
7 96
3 21
8 55
6 30
9 63
7 11
10 59
1 27
9 19
2 29
8 33
8 77
1 87
10 45
5 30
7 29
4 25
6 19
5 28
1 21
10 86
3 84
5 70
1 31
10 95
6 89
5 44
8 72
9 44
8 35
9 37
10 67
6 25
2 14
7 74
6 28
3 22
5 51
5 63
1 7
3 100
6 24
8 70
2 41
7 59
3 17
5 37
3 19
2 11
3 6
6 65
7 15
7 33
5 53
3 71
2 44
1 89
6 42
3 20
7 83
2 16
3 63
1 50
8 86
8 4
5 95
1 93
7 42
2 9
4 37
5 73
1 54
7 47
10 84
5 25
3 75
9 14
7 49
8 19
8 47
7 9
10 42
9 52
2 4
5 8
2 99
8 10
1 68
2 19
4 36
8 17
6 61
5 95
4 32
6 60
6 52
1 64
5 41
10 35
3 50
1 15
1 7
10 60
10 39
9 67
4 72
3 13
3 16
9 94
6 70
1 18
6 2
5 58
5 18
5 76
9 36
7 10
6 77
3 30
6 23
1 4
6 59
10 4
5 85
4 86
7 77
9 44
5 52
1 59
10 32
10 50
4 1
3 73
8 89
1 50
8 39
9 18
2 53
2 38
9 67
3 100
2 44
4 66
3 92
4 47
3 43
9 30
9 90
8 43
7 16
2 32
3 84
9 93
2 78
9 40
7 52
5 33
3 23
10 53
8 91
1 74
2 59
2 87
2 27
8 10
7 12
2 96
1 14
7 81
2 54
9 17
7 37
2 23
6 66
5 76
8 76
5 20
9 81
3 10
6 59
10 65
1 3
7 35
6 28
4 37
9 90
8 82
4 1
3 75
6 70
5 80
1 32
7 40
3 15
6 10
10 95
7 27
9 64
1 69
10 87
4 91
5 20
7 22
9 6
8 17
8 33
10 32
5 31
6 44
4 11
4 59
8 2
4 38
8 91
4 85
7 7
5 82
8 2
1 66
3 5
6 69
2 25
4 93
10 16
9 58
5 12
8 42
2 53
10 76
6 33
10 99
5 55
1 25
3 51
9 33
8 86
9 70
6 57
7 58
4 96
1 100
2 54
7 54
1 48
4 94
5 52
10 79
1 24
7 9
3 51
4 83
10 16
8 18
9 17
2 23
9 71
3 52
3 1
4 15
2 11
9 16
4 2
6 79
6 41
5 19
8 90
2 1
4 64
1 4
9 61
1 33
8 25
6 71
8 38
1 74
7 25
7 70
1 70
5 68
8 27
1 13
10 25
3 30
6 33
10 71
6 9
9 27
5 53
9 45
7 19
4 83
5 95
5 24
3 55
1 96
5 74
4 68
7 75
7 35
1 84
2 9
7 66
10 37
9 99
