4 65
9 91
2 58
8 88
6 81
3 6
1 86
9 43
5 7
9 98
4 27
5 73
6 31
8 17
6 7
7 52
9 18
2 6
9 27
1 17
3 55
7 4
5 97
5 78
6 71
1 21
7 68
2 70
7 76
6 76
4 16
7 94
4 43
4 57
3 60
4 35
7 63
3 18
10 47
5 88
4 55
7 17
4 82
6 59
8 20
9 90
5 14
3 1
3 85
6 19
10 72
1 75
2 85
10 100
10 23
4 57
8 1
6 14
7 46
10 7
5 72
8 9
9 75
8 12
5 57
3 5
2 20
2 9
6 68
8 98
1 87
9 32
7 86
10 73
4 59
9 7
6 68
1 87
5 59
3 4
7 89
6 85
3 95
3 49
4 26
3 100
6 51
9 66
6 74
5 44
1 93
5 3
4 64
3 47
7 85
10 61
2 66
7 53
5 62
5 14
7 25
4 79
9 79
10 11
7 17
10 69
10 49
8 51
6 68
7 37
2 37
9 91
7 36
4 95
1 28
9 20
10 86
4 5
7 100
8 66
9 55
8 71
5 18
9 50
5 36
1 65
1 24
6 65
1 3
8 65
9 9
2 85
8 94
5 96
1 2
10 72
4 24
1 14
3 97
6 8
5 83
5 40
10 97
6 68
7 26
7 6
8 38
10 95
8 63
1 7
9 47
5 53
9 88
1 46
6 57
6 55
1 67
9 84
10 32
6 99
6 15
5 31
4 70
3 7
1 6
3 98
9 73
1 68
8 74
8 79
5 70
4 97
10 6
2 87
6 22
9 3
7 41
7 46
8 66
9 96
8 75
7 42
1 84
10 38
4 88
1 10
5 29
8 99
5 82
3 4
6 22
3 96
5 27
3 97
10 73
3 95
6 86
10 1
8 51
8 59
8 72
5 37
8 41
3 4
2 1
4 43
8 73
10 66
7 11
3 90
2 11
6 28
10 66
2 61
3 58
9 74
5 92
4 54
1 99
7 25
3 52
1 16
8 2
6 24
3 43
6 87
8 77
7 90
5 17
1 72
1 46
3 28
1 74
6 52
5 34
9 74
3 87
1 71
8 34
7 82
2 40
9 43
8 6
1 58
7 58
4 4
7 50
1 53
2 31
6 43
10 98
5 14
9 30
4 29
7 51
3 74
6 50
9 50
7 75
8 64
3 48
2 52
5 39
4 8
3 7
5 91
4 76
8 54
2 97
2 5
4 80
5 6
10 97
5 84
3 83
4 47
3 64
3 52
7 52
5 22
1 94
5 65
5 71
9 58
3 84
2 46
1 74
1 7
10 93
10 50
8 42
9 48
1 75
9 21
3 33
6 74
6 52
10 43
9 24
10 5
1 91
7 42
8 60
2 96
5 54
7 35
2 49
8 7
10 35
7 73
10 11
3 42
4 93
10 11
8 14
10 8
9 37
3 60
3 3
3 66
1 48
9 6
2 4
2 99
10 21
9 86
7 30
8 88
4 41
4 88
4 85
3 79
3 36
8 37
7 73
4 65
6 62
7 21
8 5
8 61
3 93
2 39
6 80
2 88
7 31
1 6
2 2
9 21
9 38
7 15
2 25
5 4
3 14
2 35
8 14
2 13
8 51
4 84
8 67
4 75
6 13
5 61
3 80
5 47
8 53
6 80
10 36
7 24
5 14
2 65
8 35
2 22
8 47
7 13
5 43
1 77
7 9
4 77
1 56
6 33
6 31
4 26
2 61
7 69
7 80
8 37
8 99
4 65
2 68
8 42
7 67
3 46
3 96
1 43
3 77
7 50
10 17
10 51
2 37
8 18
8 46
8 25
7 90
6 78
3 56
3 40
2 35
8 93
10 11
10 93
1 80
10 31
8 35
7 10
9 11
8 48
7 85
8 51
3 57
10 44
10 62
3 93
3 43
10 82
9 84
7 85
10 80
1 64
9 73
2 44
9 15
9 87
7 21
7 65
1 19
7 44
8 69
3 43
2 49
5 99
8 32
1 58
6 65
9 8
7 7
8 35
2 66
10 90
8 50
3 14
8 24
1 74
4 70
5 73
8 86
1 98
10 79
1 92
8 48
5 64
1 73
4 76
10 55
10 74
10 4
5 70
10 21
5 77
5 62
7 55
9 28
1 72
10 5
1 35
10 56
4 47
10 39
3 72
1 27
7 70
10 23
2 54
2 58
4 10
1 15
9 14
7 38
7 48
5 9
5 60
8 97
2 19
9 8
10 94
1 85
3 76
1 31
3 28
9 45
2 52
5 2
8 36
7 89
6 3
8 33
2 61
10 16
5 9
9 34
9 74
8 37
10 34
8 39
9 14
1 76
4 57
9 79
9 3
9 100
7 9
4 96
6 92
8 4
8 80
3 67
7 12
8 36
4 60
7 45
5 87
6 27
4 50
4 66
2 21
4 4
6 1
2 1
2 44
10 26
2 98
4 49
7 100
10 33
1 91
3 31
9 67
10 61
6 74
2 10
5 12
2 35
4 68
5 41
7 61
6 81
5 52
3 58
6 35
4 85
10 43
5 3
3 54
9 62
6 59
6 73
4 27
3 40
7 70
10 37
8 3
4 82
5 54
5 35
8 71
1 43
2 32
2 63
7 24
10 23
10 14
1 98
6 82
3 53
3 79
10 19
8 90
2 44
9 55
7 28
7 82
5 27
7 45
10 32
7 25
6 59
4 86
2 28
2 14
3 14
8 38
2 92
10 43
2 55
6 63
4 5
3 15
8 22
5 99
9 78
1 26
5 31
1 72
8 81
10 17
3 39
6 15
10 92
6 53
4 24
6 16
10 70
2 30
5 87
2 81
6 53
9 66
2 46
2 84
10 79
1 73
2 69
9 4
1 79
8 15
1 66
8 20
8 95
7 51
10 23
4 76
10 53
4 9
4 56
8 34
5 95
3 53
3 4
4 15
5 25
10 19
7 10
1 20
6 59
10 7
8 37
5 88
8 74
8 7
7 98
9 93
8 41
8 61
8 42
2 96
9 26
2 69
3 31
1 59
7 68
10 12
2 46
8 85
1 63
1 92
2 71
3 54
8 81
5 69
8 50
8 9
3 73
2 91
9 77
7 10
1 36
9 60
10 60
1 2
6 82
4 8
1 68
4 36
2 79
10 9
6 61
4 99
8 92
8 46
10 57
3 93
1 97
9 46
10 2
1 52
2 17
3 8
1 72
9 80
5 35
4 89
10 89
8 29
5 33
1 67
10 18
9 19
10 25
3 42
6 57
7 6
9 70
10 30
4 83
5 38
10 97
1 46
2 9
1 85
5 45
5 41
9 53
9 22
9 81
1 72
10 76
3 77
5 47
9 12
1 50
7 57
10 48
3 27
4 34
3 68
3 45
4 92
3 81
7 55
7 81
2 32
4 88
10 77
5 41
6 17
8 64
6 50
5 98
7 16
4 31
5 2
4 7
8 80
7 10
9 45
5 21
9 51
2 19
7 73
3 68
5 49
3 90
10 25
4 81
4 33
9 45
2 62
1 16
6 69
10 81
2 42
6 45
2 52
1 36
8 14
10 12
3 41
4 35
7 33
5 59
2 26
10 15
6 41
3 92
7 7
10 37
4 38
1 53
1 66
2 32
5 16
4 1
2 75
3 67
3 95
3 82
9 35
1 42
8 27
9 59
1 23
3 23
10 87
7 9
4 27
3 42
1 63
2 7
8 69
8 15
5 71
8 11
8 5
1 92
10 59
4 93
5 88
10 14
1 59
9 92
4 26
3 39
9 58
2 38
5 54
3 70
10 80
7 38
9 19
1 76
3 14
7 81
5 33
10 75
1 50
2 96
1 60
5 86
1 9
7 73
4 25
9 17
7 15
3 27
4 72
1 39
7 7
9 41
7 60
9 100
3 34
8 7
4 67
1 47
7 98
4 6
8 13
10 23
4 88
1 54
8 26
10 75
3 75
1 3
6 29
8 20
10 81
7 51
10 21
10 51
2 39
8 48
9 39
3 53
5 82
8 95
10 5
10 88
4 30
7 9
1 82
2 12
2 79
4 74
10 20
4 33
3 72
4 58
6 100
10 33
8 82
5 46
4 63
9 33
6 88
6 21
6 88
7 58
1 14
1 1
1 6
9 21
4 99
1 53
3 77
5 62
1 24
1 70
4 45
1 70
10 72
2 4
5 92
8 14
4 91
1 28
6 2
5 40
2 50
10 45
10 20
7 93
10 47
5 37
9 76
5 20
2 43
6 50
7 73
7 31
6 85
3 15
9 89
4 74
4 37
4 46
6 63
10 89
10 40
8 25
10 95
5 50
10 52
6 44
8 83
9 69
9 26
7 58
6 61
4 38
4 1
8 56
9 21
7 91
7 75
3 28
5 46
4 20
3 8
9 63
10 42
10 45
7 99
4 85
10 7
1 12
6 86
6 27
10 51
3 89
4 87
9 80
8 41
4 79
8 43
4 22
2 50
1 46
3 56
6 60
8 72
5 88
5 16
4 99
6 3
6 94
6 57
6 14
5 20
3 2
10 28
