10 58
6 55
1 48
7 24
2 37
6 49
6 26
8 33
5 17
5 76
10 6
3 8
5 57
10 97
10 17
2 32
8 21
4 5
3 32
1 11
7 95
9 50
9 72
2 59
5 58
8 42
3 96
6 81
10 75
4 25
6 55
8 4
10 21
3 74
9 72
4 76
10 58
6 54
8 7
2 53
3 62
6 22
4 79
5 74
3 48
2 63
6 44
5 84
4 82
2 42
4 36
3 26
8 39
10 63
5 42
8 25
9 72
3 47
5 32
9 83
2 74
6 68
1 87
9 77
8 92
10 21
2 7
7 3
8 75
7 20
9 6
3 95
6 90
1 1
5 90
6 11
6 12
3 54
4 32
7 14
8 98
2 39
4 9
2 80
3 100
1 37
7 58
7 44
4 71
4 8
6 93
2 48
7 9
5 91
7 44
4 32
8 30
3 36
4 54
1 84
4 46
2 14
1 55
2 28
6 54
7 77
1 14
6 43
8 30
2 26
2 46
10 71
3 58
2 57
4 95
5 45
10 47
6 84
9 100
10 23
10 81
7 67
1 64
7 15
1 20
7 79
7 67
9 35
3 20
6 53
1 100
2 44
2 82
1 53
5 13
7 84
1 50
10 57
10 80
3 78
4 69
6 62
8 50
4 7
6 18
9 71
1 88
8 96
1 7
10 15
1 71
1 52
8 62
8 53
8 89
7 4
8 26
10 15
9 75
6 31
3 5
2 25
9 3
4 42
5 57
1 49
9 25
5 3
2 57
4 22
9 99
8 79
10 51
4 63
8 39
6 61
8 41
1 30
1 69
5 62
1 42
2 59
1 92
2 52
10 32
4 44
3 75
2 9
5 52
2 92
9 42
10 11
4 22
6 31
3 91
1 55
3 72
4 41
10 55
2 100
5 48
4 64
4 45
9 47
2 97
6 64
8 42
2 74
7 88
10 94
5 61
5 90
1 4
1 32
9 14
3 99
8 88
2 80
8 15
8 56
1 30
10 22
4 66
7 45
6 3
6 33
5 78
10 75
6 91
7 54
6 78
7 80
6 91
8 30
1 3
6 5
6 22
3 94
6 75
4 29
1 75
10 67
9 42
4 37
4 95
2 73
6 2
6 80
2 21
10 1
5 13
7 34
2 83
3 57
4 7
5 22
1 32
6 44
2 66
3 81
7 41
6 64
10 87
10 18
8 37
7 97
6 52
8 10
8 95
3 21
1 13
10 95
7 37
9 8
6 33
6 59
2 1
3 91
4 8
8 63
7 5
5 30
2 84
4 66
3 20
4 88
1 54
10 57
6 24
5 19
4 55
6 6
6 10
9 82
3 10
1 19
9 15
10 80
2 10
9 9
1 12
5 80
2 73
10 52
7 19
10 37
10 73
5 15
2 70
5 81
5 80
3 26
5 89
6 44
6 13
1 25
3 32
7 43
4 67
4 7
7 15
5 47
10 26
3 37
5 76
6 93
6 38
10 11
5 21
10 89
7 1
3 36
1 84
1 8
4 63
3 95
5 4
7 80
1 95
1 98
2 79
3 48
8 12
7 35
8 12
1 30
1 67
10 30
2 72
9 99
6 73
6 60
4 6
4 11
9 59
6 100
4 85
1 64
7 20
3 81
10 94
7 13
3 86
6 81
10 84
7 33
3 86
3 49
1 41
6 38
7 19
3 7
10 80
7 84
9 35
3 58
5 19
1 25
1 35
5 74
10 24
8 64
1 45
3 67
2 77
4 69
2 38
6 40
3 45
5 56
2 71
1 94
10 39
1 47
3 89
2 60
3 3
1 86
4 15
6 82
9 42
6 10
8 96
3 47
5 92
4 80
6 91
3 76
9 54
7 5
7 13
8 17
2 51
6 62
2 63
4 53
7 68
10 70
3 14
9 36
7 89
4 61
5 36
4 1
8 71
4 53
7 62
10 78
2 38
5 20
8 69
7 5
8 26
1 46
5 95
1 30
7 76
9 25
5 33
7 13
8 88
4 45
7 72
4 15
6 42
4 32
4 18
3 85
10 58
4 73
2 27
8 42
8 93
10 38
10 19
8 48
4 67
2 55
9 80
2 7
9 57
8 94
9 21
2 14
7 6
5 79
2 7
10 7
8 52
1 87
10 40
4 73
6 58
4 82
3 17
9 51
8 40
10 3
7 47
3 60
2 16
8 88
7 35
3 43
8 1
1 72
5 79
3 32
8 83
4 94
9 87
10 78
2 16
6 21
2 99
7 11
3 54
2 72
9 61
4 83
5 47
10 49
4 94
1 39
7 51
1 60
1 75
2 93
2 11
8 58
4 73
2 30
4 17
1 12
4 68
4 62
6 84
10 42
1 89
10 8
7 22
4 30
7 21
3 36
7 6
5 21
8 6
4 58
2 5
6 10
1 1
3 82
2 82
7 4
7 56
2 99
6 80
3 54
1 40
5 39
1 44
9 34
4 1
10 26
6 70
8 4
5 34
9 40
8 35
7 46
3 92
5 14
1 41
6 27
9 68
6 5
3 35
6 93
1 3
7 40
7 8
3 29
6 31
1 35
1 9
3 15
9 29
2 19
2 45
2 97
4 25
9 10
1 2
10 67
8 39
8 17
8 47
7 89
3 94
6 72
6 1
10 45
2 45
4 94
4 92
7 36
6 20
9 64
6 12
7 50
9 62
1 96
2 42
10 80
2 14
4 11
6 59
7 100
9 54
6 73
9 13
2 80
6 85
3 61
8 87
3 60
4 70
4 43
4 31
3 11
10 44
2 60
6 3
10 78
6 100
6 66
1 86
3 90
3 70
6 50
4 45
4 68
3 18
4 39
3 61
2 32
3 42
9 50
3 9
8 100
7 98
2 61
3 29
10 4
5 98
8 54
5 72
2 6
8 47
6 7
4 95
7 61
4 68
5 73
6 40
6 63
2 20
7 99
9 36
8 32
5 18
9 50
8 98
1 34
1 88
2 24
7 14
9 69
7 64
8 99
4 6
3 46
9 35
7 16
1 13
2 1
4 8
9 46
2 96
5 80
2 94
1 82
7 58
3 60
10 93
1 82
5 46
8 37
10 38
1 68
10 29
2 23
2 4
3 25
4 66
4 21
3 15
7 48
2 76
2 58
7 32
9 79
10 59
8 56
9 42
6 30
5 84
4 62
3 89
6 32
7 64
9 95
2 14
5 28
3 82
9 51
6 11
4 37
3 7
10 47
7 94
4 11
5 90
5 91
5 95
9 35
10 18
4 80
8 100
10 35
2 100
6 27
7 90
1 49
1 92
9 66
9 14
8 51
5 3
3 40
8 2
7 61
4 11
5 7
8 24
4 76
4 20
5 19
8 68
9 27
2 91
10 2
9 19
4 45
9 95
7 79
6 36
8 79
4 85
3 72
6 75
9 53
10 53
10 54
7 5
2 38
3 48
7 17
8 41
4 78
7 58
5 43
5 34
6 1
5 95
5 96
9 44
2 14
3 83
7 4
8 10
2 83
1 55
9 97
7 54
7 53
2 47
9 52
6 6
7 10
7 76
5 81
4 7
6 41
7 65
3 77
7 42
6 97
9 76
2 1
6 88
8 31
10 76
4 66
4 47
6 87
4 73
7 9
1 45
1 56
6 49
2 85
5 41
1 70
8 39
2 33
10 3
6 40
7 71
4 81
1 10
6 40
9 51
4 42
5 49
10 95
5 21
3 97
6 52
9 44
7 16
4 70
1 46
6 76
4 1
4 62
10 26
6 52
4 64
2 58
8 67
3 92
1 22
8 91
3 98
10 11
7 42
5 74
3 73
1 70
1 11
7 75
9 95
8 20
8 5
5 8
2 24
3 17
7 49
7 21
4 80
3 45
7 51
9 11
6 48
10 19
7 23
5 50
7 2
2 56
10 66
10 84
1 44
1 34
10 20
9 38
4 85
5 44
6 57
2 32
10 65
6 10
5 2
2 34
4 71
7 91
6 19
10 15
7 90
1 73
6 32
4 94
5 26
1 92
9 17
7 89
1 41
3 52
2 28
10 95
9 88
4 94
1 32
9 35
2 98
1 52
1 32
9 73
6 21
1 86
9 16
8 50
1 78
6 49
10 93
10 57
6 11
10 28
1 72
1 22
2 52
10 23
4 66
1 55
2 77
7 94
2 40
1 83
4 15
6 24
7 48
7 17
5 64
5 87
3 17
1 7
9 33
1 79
6 57
9 97
3 100
2 8
1 38
5 80
4 25
9 50
6 35
7 73
8 34
3 60
10 5
1 46
9 9
2 60
8 9
10 1
1 2
5 91
8 58
5 62
7 15
5 19
10 49
10 79
3 41
9 82
9 78
8 39
10 11
8 90
10 29
1 9
8 59
3 24
2 16
3 72
3 18
1 63
2 97
6 30
6 38
8 55
3 70
4 34
2 39
4 52
1 99
8 20
4 96
2 22
1 92
5 45
4 92
4 89
5 48
10 66
9 32
10 8
1 42
7 88
3 17
6 11
8 29
9 30
9 72
10 86
6 81
8 75
4 8
9 33
