5 84
7 32
8 64
4 12
3 84
10 85
10 99
9 74
3 29
2 41
3 55
6 19
9 67
10 85
8 36
10 38
3 51
9 59
9 77
3 99
10 94
7 35
9 66
10 57
2 11
4 22
4 34
1 21
1 31
6 17
4 12
7 42
6 9
10 51
3 67
4 89
7 28
8 28
4 72
6 53
6 70
7 94
9 80
6 69
7 12
5 36
4 12
3 78
8 90
6 81
10 15
3 64
5 22
1 63
7 92
3 33
4 29
10 62
4 14
9 19
7 15
8 68
4 25
4 80
9 22
9 36
10 12
2 34
2 87
7 12
7 42
7 38
2 2
9 97
3 75
4 2
7 4
7 3
1 22
4 81
10 65
2 84
3 63
10 19
9 25
1 47
10 51
3 40
7 72
4 55
6 40
3 95
8 15
7 71
8 80
1 53
4 82
6 65
10 6
10 65
4 70
5 81
5 18
6 50
6 26
2 12
3 40
1 90
10 88
8 71
5 98
8 23
2 51
9 15
2 72
9 22
8 52
5 24
4 16
9 17
2 90
9 92
1 68
1 90
3 7
4 59
3 68
10 68
2 6
3 90
1 10
5 22
10 21
9 30
8 68
6 17
8 50
5 91
2 39
6 32
6 84
4 52
10 87
9 83
7 80
3 78
4 3
6 90
3 50
4 98
5 15
5 5
9 43
5 22
9 17
1 64
6 66
6 24
10 66
7 17
5 70
5 4
2 64
7 2
7 3
1 96
7 68
1 38
4 42
6 92
6 67
10 89
5 39
7 97
1 6
7 90
7 58
7 11
7 99
3 26
5 28
2 16
6 51
8 60
6 85
2 96
8 12
2 48
5 89
4 81
7 30
6 89
9 61
3 3
10 55
10 89
4 53
7 43
10 13
3 38
4 21
9 17
5 64
1 48
1 38
3 42
10 71
5 24
10 71
1 8
9 61
5 76
1 82
1 91
3 49
9 17
4 86
2 100
10 72
10 67
3 100
6 23
8 96
4 16
9 80
9 94
10 20
8 67
7 30
1 26
3 84
10 40
2 47
9 74
8 35
10 83
9 36
3 57
9 33
9 20
3 95
3 70
5 5
3 29
9 99
7 91
6 9
3 77
7 46
6 84
3 30
3 56
4 94
9 18
1 51
3 54
7 6
5 70
4 70
6 83
4 55
7 66
10 84
2 10
5 82
2 44
9 4
6 99
6 98
3 100
6 73
1 15
4 64
3 52
5 54
9 100
3 48
3 91
5 58
4 91
2 50
6 56
2 98
9 100
6 20
9 85
4 11
5 10
5 72
7 51
8 87
6 77
1 28
10 22
9 82
7 1
4 96
10 51
4 7
5 67
8 88
9 91
1 70
8 72
7 3
1 51
9 65
1 50
1 4
1 40
4 45
10 80
4 98
10 57
3 51
9 43
5 57
1 9
3 21
10 97
3 62
8 80
10 64
10 75
8 97
6 47
3 22
10 12
4 13
3 6
5 63
6 89
9 97
4 59
9 69
5 92
4 79
10 62
1 13
5 59
5 81
9 29
10 69
1 32
4 29
3 11
9 34
9 36
7 66
5 6
9 53
5 26
9 99
9 38
10 76
5 43
3 45
5 89
8 47
4 73
5 50
1 66
10 1
8 5
2 14
8 28
8 70
6 23
8 58
8 47
3 79
4 54
2 64
9 95
5 36
7 6
6 48
10 81
2 63
7 32
5 83
8 99
8 23
10 54
2 88
4 72
7 5
1 49
3 40
3 15
6 26
10 69
8 63
5 43
10 56
4 45
3 62
1 82
2 80
6 92
9 29
9 67
2 15
1 68
8 24
3 10
9 15
6 7
4 3
1 100
7 1
10 11
9 55
3 69
10 26
5 89
6 8
3 75
3 19
6 51
10 95
7 98
8 7
2 47
9 32
9 80
1 17
9 50
4 54
1 96
2 68
2 40
5 31
8 25
10 53
8 41
7 75
2 1
1 81
3 7
4 41
10 36
5 93
6 32
9 67
3 3
8 79
3 10
1 37
9 95
4 91
6 26
8 38
5 50
1 69
9 32
6 80
3 6
9 44
9 7
5 6
2 11
10 46
4 35
5 61
5 31
1 96
5 96
4 18
4 73
5 92
6 93
2 23
5 20
1 62
7 4
6 83
2 58
2 69
3 6
4 76
4 44
6 89
7 89
2 57
9 42
7 1
6 39
6 19
10 73
1 52
1 90
1 10
9 90
10 49
1 20
9 75
10 1
8 56
3 74
8 12
8 53
5 44
1 74
7 97
1 73
5 21
5 54
8 58
2 6
6 81
7 64
5 92
2 17
3 25
8 98
4 31
6 71
4 26
9 73
7 15
8 28
7 94
10 16
6 77
2 78
8 42
2 60
3 12
6 17
3 70
2 82
1 98
4 42
9 38
3 45
7 78
7 2
1 94
8 75
9 61
1 58
10 75
3 42
8 15
6 46
8 70
1 38
10 65
8 40
10 53
5 18
5 38
7 48
1 25
6 20
8 87
9 70
4 72
6 14
3 25
4 85
2 6
6 61
1 59
1 24
8 10
6 24
4 7
7 20
9 100
4 15
3 48
3 31
3 18
7 73
9 14
6 80
2 76
2 12
4 34
1 62
2 86
5 58
7 64
7 20
9 6
2 35
9 2
7 8
9 4
2 55
7 85
8 33
5 8
1 39
2 49
4 46
6 8
10 88
1 15
7 7
1 8
2 49
10 70
9 13
5 11
10 16
4 64
3 15
7 77
6 49
2 3
3 57
9 88
8 44
4 55
2 53
7 97
5 37
5 96
6 22
7 42
4 71
9 37
5 90
10 79
3 43
7 77
2 9
3 59
3 36
2 35
4 50
3 33
10 54
7 15
5 39
10 85
9 85
4 42
4 59
4 11
10 61
1 40
10 76
8 76
7 32
10 20
9 35
8 29
2 45
7 85
8 88
6 93
5 49
6 69
2 4
8 48
9 70
1 30
3 17
7 28
2 98
3 7
10 90
4 21
10 42
4 49
7 89
9 45
10 20
7 79
8 23
6 74
6 79
5 8
5 92
4 5
2 40
10 82
10 73
4 83
10 56
5 90
1 63
9 70
6 62
6 44
3 51
7 30
9 71
6 26
3 89
2 90
1 26
10 6
9 31
10 81
7 20
7 74
9 37
6 7
7 11
9 28
5 20
7 3
2 96
8 12
8 33
3 85
4 2
9 11
1 24
7 31
7 65
8 47
3 11
10 69
1 26
7 59
3 70
1 18
9 59
6 94
6 98
1 78
10 81
9 81
3 56
9 28
5 97
10 46
9 77
5 7
3 63
5 37
5 81
5 50
8 19
7 59
7 54
6 97
2 42
3 16
7 99
8 84
4 61
10 23
1 7
9 57
9 64
10 38
3 13
5 20
2 50
10 73
2 40
4 83
8 39
1 55
7 78
6 48
2 60
4 66
8 42
4 12
8 71
3 94
10 27
3 7
7 85
2 30
7 92
1 28
6 69
2 48
1 91
2 23
6 92
6 75
3 96
4 63
9 29
7 20
2 46
5 15
4 56
10 12
5 6
7 15
10 12
8 77
3 16
1 18
8 66
1 58
4 55
9 10
8 97
7 78
8 58
1 89
10 38
9 21
4 62
7 68
1 67
8 28
6 32
8 4
1 26
5 31
9 14
5 54
2 48
4 78
2 63
9 80
5 52
2 86
4 32
5 79
2 23
2 67
1 23
10 41
8 43
9 6
2 33
4 98
6 70
7 21
4 1
5 85
7 25
8 36
2 45
8 70
10 15
5 67
9 58
7 74
10 86
6 18
4 84
1 43
8 74
7 76
1 28
5 15
5 98
9 33
9 36
4 26
3 61
8 33
3 47
1 94
4 46
3 33
2 43
4 32
8 1
1 45
8 29
5 78
6 99
3 98
1 53
10 61
3 54
6 71
7 40
8 57
6 48
1 81
2 51
2 38
7 55
3 25
7 66
10 35
5 68
5 30
2 100
6 94
2 21
5 34
9 19
1 40
2 48
9 80
6 6
7 56
3 35
8 92
6 77
10 17
4 36
7 23
7 89
3 90
2 80
1 33
8 66
7 39
8 93
4 80
1 6
6 86
3 2
10 1
4 61
2 40
5 55
1 20
8 72
4 24
9 84
9 34
2 52
2 49
5 60
1 58
10 62
9 73
2 12
10 38
1 90
4 49
9 59
9 64
1 90
5 16
4 92
8 68
3 61
9 14
1 85
9 26
3 50
4 32
2 88
4 90
2 37
9 72
7 30
6 57
3 90
3 39
10 42
8 86
10 46
6 30
9 100
1 40
8 95
5 40
10 39
5 96
8 64
1 28
9 37
4 93
5 20
3 16
3 51
3 78
7 85
9 18
1 44
10 16
3 87
10 100
4 45
4 74
6 81
3 97
5 11
1 2
1 92
1 40
3 46
10 58
6 64
9 82
8 89
5 5
9 40
1 76
5 17
4 54
6 14
10 27
9 85
6 78
7 22
7 6
1 57
