5 79
7 8
6 86
9 2
3 96
1 32
3 41
4 81
1 82
1 63
6 4
7 66
2 86
6 17
1 94
3 80
8 47
5 41
3 82
9 87
6 48
2 56
7 60
2 14
3 50
6 35
9 47
6 35
5 4
8 4
4 74
5 84
10 96
5 41
3 2
4 49
6 33
3 97
9 7
4 10
4 17
3 60
6 100
7 16
2 93
4 44
9 2
5 53
4 38
10 60
3 5
8 89
8 44
9 70
7 79
6 57
7 15
6 58
6 18
1 48
8 71
3 94
6 19
9 78
3 5
3 14
9 23
7 35
3 69
3 47
5 63
9 90
6 27
3 34
3 73
1 84
3 29
3 47
3 47
5 36
6 36
10 100
1 16
5 86
3 20
6 5
1 88
6 26
8 31
10 22
4 2
3 48
6 78
4 18
9 93
4 51
8 65
3 4
6 13
9 32
10 45
4 86
5 97
5 41
9 45
6 44
4 44
4 47
10 95
9 31
9 22
5 78
6 10
5 100
8 54
10 26
7 16
7 24
9 38
1 46
9 6
1 47
9 48
6 51
4 68
6 86
7 97
10 6
10 69
6 47
4 58
7 3
10 20
6 21
9 88
9 26
1 99
3 82
4 65
8 53
5 65
2 48
9 70
7 3
2 4
7 33
8 9
9 81
1 51
5 83
3 90
9 1
2 54
1 75
4 11
6 20
10 23
2 59
2 38
7 93
5 96
8 50
6 47
8 64
3 67
10 73
5 65
9 74
1 48
7 86
7 23
1 18
8 19
5 57
3 9
5 79
5 77
7 82
10 49
10 90
2 46
2 60
5 96
4 90
1 45
9 53
3 81
4 7
6 88
4 40
4 77
6 41
7 35
5 29
8 91
3 5
3 14
9 42
7 51
5 24
1 9
7 50
4 11
7 93
3 29
2 26
6 57
4 93
4 54
7 64
4 64
2 5
4 60
9 12
4 95
10 49
6 76
7 87
10 83
1 82
6 74
5 63
8 82
9 89
2 13
3 98
8 24
10 60
7 72
3 99
2 7
2 21
10 1
3 62
8 61
2 34
10 26
7 21
4 62
4 57
2 38
5 95
2 44
4 64
7 30
10 2
10 56
6 92
9 98
1 98
5 52
8 91
5 19
10 53
7 52
2 91
2 92
10 7
9 91
4 13
2 46
3 41
10 53
4 89
6 65
1 51
5 80
8 35
8 95
8 36
9 21
6 1
7 34
4 26
1 57
10 1
4 80
9 68
3 15
10 93
3 56
7 54
7 42
1 26
3 59
3 5
3 52
10 19
4 65
3 81
5 83
6 6
10 88
2 35
9 24
1 3
7 77
5 89
6 73
4 77
1 35
9 99
7 30
6 95
6 38
8 94
7 64
4 48
5 45
10 23
4 87
4 60
6 85
5 58
6 25
3 100
4 67
5 48
8 58
7 7
4 91
2 83
4 53
6 100
7 33
1 15
6 33
5 28
9 29
10 4
2 95
4 43
9 19
7 92
4 20
6 83
2 81
3 75
6 5
1 34
10 2
3 2
7 20
3 99
2 43
4 43
8 42
4 93
4 3
7 13
3 65
7 57
10 60
9 10
4 17
1 18
3 30
5 90
3 88
8 28
6 35
3 71
6 95
4 83
2 79
8 61
3 40
6 79
3 4
7 60
9 96
9 95
6 59
1 94
8 100
4 44
8 15
10 36
2 13
5 1
5 67
10 70
10 54
4 69
3 97
5 93
3 90
6 78
3 6
3 23
8 88
3 26
5 90
10 6
3 5
7 6
10 38
9 26
2 18
6 56
10 66
1 42
7 36
8 3
5 71
4 51
3 9
3 63
8 28
7 38
1 58
2 3
4 26
1 20
1 36
4 84
9 13
10 21
10 77
2 61
10 10
7 16
1 66
6 83
6 32
5 19
9 100
9 23
6 85
10 16
3 17
5 89
6 96
3 8
8 89
6 97
7 7
8 100
6 15
8 9
6 84
1 8
9 44
7 99
5 5
4 6
1 36
6 22
4 25
8 58
3 29
2 22
4 14
7 1
2 97
3 86
9 86
5 75
10 61
8 11
5 16
2 47
9 66
5 12
9 86
1 99
6 57
8 97
8 82
3 86
7 68
9 42
8 87
5 12
6 79
8 87
2 27
10 26
4 58
4 99
1 40
1 43
2 55
4 82
3 73
6 19
6 34
1 56
10 56
8 45
6 15
2 38
9 34
4 34
4 100
2 26
5 4
8 39
5 38
4 57
4 1
10 93
3 90
5 21
4 71
1 88
8 33
3 33
10 33
1 29
10 57
8 2
1 96
9 41
3 3
7 61
4 60
8 18
5 85
6 61
6 81
6 79
10 27
9 91
9 80
7 46
4 60
8 54
1 69
3 11
10 76
4 95
6 24
1 24
2 9
3 39
5 78
7 20
4 52
1 69
7 95
6 98
1 18
1 75
2 62
3 52
5 49
8 46
9 94
3 18
1 61
10 84
9 17
1 82
8 1
4 27
4 45
9 95
8 66
3 1
9 85
6 8
6 96
5 31
10 22
8 96
2 78
1 88
5 28
6 29
1 4
2 97
3 8
1 70
7 5
7 72
2 21
7 3
4 56
5 6
8 52
1 30
9 47
1 30
3 14
1 65
7 9
2 86
4 30
1 56
3 25
10 91
9 53
7 46
3 26
4 90
6 24
8 88
8 77
9 31
2 78
4 19
5 82
10 54
2 37
4 92
3 65
2 10
1 87
9 75
4 32
1 72
5 78
4 46
9 15
4 67
8 10
9 37
4 62
6 15
9 31
8 94
3 46
2 59
2 69
8 24
3 54
7 12
5 58
8 69
2 9
10 81
9 92
3 41
8 58
2 87
4 81
9 18
3 10
2 56
6 9
6 16
2 18
3 38
3 52
5 40
9 20
9 94
8 49
1 50
3 16
4 99
6 75
1 57
3 73
4 58
2 5
2 27
1 79
2 81
7 51
8 67
4 75
10 6
6 42
9 20
1 20
10 54
4 89
10 45
7 86
7 52
10 66
10 1
4 26
4 9
8 45
8 70
5 39
4 16
8 45
1 47
6 21
9 5
5 83
7 12
2 57
6 23
7 44
4 58
7 97
9 56
8 8
10 65
4 3
5 25
3 7
2 40
8 99
7 68
8 53
6 28
7 79
9 71
7 51
9 15
4 36
3 32
8 57
3 12
9 95
5 92
3 16
4 93
7 90
3 58
6 79
3 83
8 31
7 55
3 39
10 54
1 22
3 89
4 44
8 12
9 36
4 43
6 87
8 96
3 24
2 24
9 53
1 41
10 70
1 80
3 84
7 41
8 19
4 21
1 38
5 88
2 74
4 79
9 42
8 92
10 90
10 46
1 22
3 60
9 55
7 66
2 9
4 7
5 39
3 18
9 77
9 83
7 43
5 27
1 36
8 57
10 90
10 67
5 64
1 77
4 6
8 8
5 20
4 64
2 20
4 52
9 9
6 67
10 53
10 1
1 60
1 43
9 23
3 16
1 5
3 41
1 8
8 27
5 31
7 96
7 19
9 9
2 28
4 60
6 84
9 50
3 43
9 90
8 78
1 49
3 90
5 22
9 84
9 43
1 52
7 36
5 86
10 22
3 9
10 36
1 71
7 73
10 90
9 43
5 42
4 21
6 95
4 90
6 66
5 99
2 17
9 42
2 84
5 86
5 12
5 28
1 94
7 60
6 99
4 49
3 43
7 57
10 88
3 32
10 95
8 20
9 71
4 4
1 86
10 71
9 36
5 53
4 17
3 52
6 79
6 3
4 18
1 24
6 17
6 1
5 67
4 50
7 62
6 9
1 95
2 82
2 43
10 78
10 70
2 40
8 98
3 23
7 19
10 64
5 22
2 87
1 88
2 40
9 10
7 5
10 64
3 59
8 19
7 55
10 22
9 74
9 80
9 32
4 24
10 30
8 67
3 64
2 57
3 7
8 15
10 80
7 99
10 61
2 57
8 20
7 27
2 51
8 25
9 55
9 23
8 29
7 28
5 94
8 35
8 47
5 77
9 14
9 71
8 13
2 93
1 41
2 36
9 78
6 29
5 82
10 28
3 15
4 20
5 67
1 92
7 11
6 99
4 88
6 41
1 82
7 47
5 26
8 26
1 68
6 39
2 7
9 98
10 57
10 77
9 6
1 64
2 52
10 67
1 17
10 64
2 90
6 31
9 44
9 76
3 37
3 53
1 52
8 41
7 27
6 69
8 43
4 53
5 78
3 100
10 72
9 37
9 95
5 97
3 6
9 87
5 4
10 85
7 3
3 82
10 36
9 70
2 14
6 62
5 52
8 81
2 27
5 94
10 85
5 9
5 96
8 45
9 38
2 13
1 59
8 56
2 41
4 6
9 32
5 16
1 39
1 11
6 77
6 98
3 41
8 11
6 22
8 49
8 63
8 3
4 36
9 16
4 29
9 78
2 27
9 73
2 74
1 51
7 91
2 94
4 23
6 6
4 16
9 5
5 94
