1 48
7 63
6 37
6 68
6 23
3 43
4 81
3 99
8 46
3 52
9 22
9 42
7 25
4 30
10 10
4 83
7 5
7 41
9 93
5 36
5 58
1 100
6 6
4 26
4 55
7 54
1 34
1 63
10 71
4 37
1 10
10 86
6 80
1 85
10 22
6 51
8 76
8 99
9 70
8 58
4 78
7 88
10 49
5 2
6 63
2 41
9 86
10 23
1 43
3 94
7 1
1 94
8 42
2 21
6 24
4 82
7 33
9 25
6 88
6 71
1 89
2 73
3 79
9 83
7 68
1 92
8 69
3 45
3 9
9 32
9 73
4 19
3 66
7 57
3 55
7 17
6 81
7 93
9 56
4 90
7 28
4 67
3 23
5 92
9 59
8 54
7 60
6 48
7 15
8 96
7 72
4 37
4 2
2 21
10 10
3 87
5 92
4 60
2 98
8 54
1 41
10 21
8 53
1 98
9 97
10 79
7 5
5 74
4 6
6 41
10 16
10 23
2 30
1 17
5 6
10 4
7 59
5 51
1 9
2 93
10 40
8 12
6 2
3 17
8 79
6 14
10 19
6 34
10 95
2 68
4 80
1 5
1 81
3 35
2 67
3 65
7 24
10 97
4 26
5 78
6 66
5 91
6 90
7 75
6 7
8 11
3 79
7 38
10 78
9 94
2 36
7 21
7 5
6 69
6 37
5 84
7 32
3 95
1 9
2 7
3 54
3 8
7 36
3 51
6 24
7 26
6 71
5 46
7 15
1 80
9 72
2 84
8 51
10 52
6 17
4 22
7 7
5 15
6 10
6 55
2 70
6 5
6 69
5 71
10 33
4 98
5 82
5 90
1 76
6 41
9 93
5 83
1 8
10 50
3 57
1 75
4 31
2 53
1 13
9 65
1 93
3 84
9 16
5 58
4 51
3 43
2 98
8 91
3 91
9 98
9 38
5 19
6 57
9 52
8 51
6 76
4 6
10 4
7 93
3 63
2 87
7 100
9 55
9 82
9 62
5 20
2 40
4 23
7 50
8 1
5 56
9 36
9 7
10 64
7 1
8 77
4 46
4 50
6 36
1 39
6 99
10 87
1 100
8 46
3 31
7 60
4 19
10 92
3 1
5 23
7 17
5 34
3 31
7 88
5 90
5 83
1 43
6 59
9 81
2 76
8 56
7 22
5 92
1 16
6 100
2 25
3 88
3 24
5 25
6 17
4 20
3 94
1 47
8 100
10 51
10 75
7 45
7 29
4 88
1 78
2 65
9 82
9 79
7 56
3 2
3 96
1 59
3 47
3 25
6 6
8 27
4 9
1 14
9 91
4 2
7 20
10 2
8 54
5 89
2 53
9 88
7 34
6 94
10 27
8 82
8 29
1 52
10 94
3 31
3 59
4 87
4 55
6 59
4 34
1 87
9 24
6 25
10 72
10 41
7 65
5 50
8 90
7 51
3 44
6 88
3 69
2 34
8 62
1 22
6 88
3 99
10 13
6 47
8 43
10 57
10 63
7 40
4 92
6 19
3 81
6 4
10 61
7 28
5 10
4 10
8 42
5 44
10 51
6 67
1 57
8 65
2 58
5 46
8 50
8 32
8 81
8 29
10 23
8 44
2 87
10 71
2 31
1 43
8 95
3 61
1 48
7 66
10 65
7 83
10 42
10 95
2 10
4 81
1 51
7 22
4 28
4 88
3 39
5 86
10 17
8 17
8 23
5 95
2 86
4 18
1 76
7 4
8 26
5 54
3 26
5 43
8 34
9 27
9 98
5 85
4 68
4 43
2 10
7 48
2 90
8 33
10 2
3 61
7 69
4 42
8 27
10 14
10 69
6 30
2 89
3 63
7 21
10 70
1 46
1 74
9 85
4 82
10 73
3 96
6 89
6 18
10 2
10 67
6 100
6 78
9 98
10 100
4 59
7 84
3 77
2 44
6 86
4 78
2 90
1 37
3 36
3 70
8 55
1 75
9 76
10 40
3 67
10 49
2 60
4 87
8 21
8 43
5 45
9 37
3 28
6 79
10 50
10 14
8 86
7 58
7 77
5 22
2 7
6 13
1 14
10 89
4 89
7 86
1 68
3 87
9 27
6 26
4 72
8 58
6 55
6 19
5 82
10 81
8 50
9 4
9 53
2 96
2 4
7 58
6 81
5 28
3 39
8 71
4 82
10 14
5 15
4 38
10 36
8 72
6 28
9 95
1 2
9 61
10 5
2 66
2 5
5 36
3 100
10 81
7 76
3 54
2 20
5 15
8 86
6 17
6 21
1 58
4 41
5 33
5 13
4 82
3 27
6 91
9 10
10 96
5 25
6 5
5 4
7 31
10 38
8 47
2 90
4 67
8 50
3 22
5 21
5 91
5 64
1 100
2 86
2 25
10 50
10 97
4 30
10 26
4 46
7 22
9 34
6 1
8 92
7 69
6 78
1 80
2 32
1 25
4 63
2 44
9 98
2 48
1 54
8 67
1 2
7 37
2 28
9 85
4 68
4 69
1 26
8 77
4 14
9 60
2 37
4 47
3 31
9 99
5 33
7 50
8 63
9 38
1 90
3 81
8 69
10 16
6 75
1 35
7 83
2 39
2 44
4 72
8 2
8 43
7 65
5 51
3 41
9 23
10 11
4 60
6 69
6 25
10 44
2 77
9 59
7 8
2 80
2 47
6 26
6 42
1 48
2 36
10 64
10 17
2 36
9 27
2 17
4 96
1 58
10 20
9 26
8 88
3 17
10 63
6 97
2 53
9 60
5 26
2 43
1 28
1 99
3 69
4 64
6 12
3 59
1 3
5 55
8 87
10 40
2 96
7 76
3 36
10 67
10 47
2 55
7 12
8 58
4 75
7 100
7 58
3 60
8 31
10 14
7 85
5 3
10 91
1 30
5 59
2 84
6 2
6 83
9 45
10 83
3 8
2 54
2 79
8 90
7 31
7 25
8 74
8 100
3 75
9 65
3 1
9 32
2 96
1 72
10 31
10 52
3 8
8 21
4 21
2 52
7 91
2 94
9 70
10 38
9 53
8 90
3 100
9 93
8 84
5 46
1 78
3 36
2 60
7 54
6 5
1 90
7 80
7 53
9 33
5 49
7 44
6 52
8 95
2 5
9 98
10 81
1 6
10 4
9 15
3 25
7 79
6 16
7 9
3 96
6 3
6 42
4 72
3 17
8 5
8 22
2 91
4 52
3 30
6 18
6 94
6 54
2 51
7 94
6 67
3 64
3 87
7 83
8 62
2 62
8 15
3 82
5 70
10 80
10 72
6 79
1 100
5 100
1 9
3 85
5 61
1 84
4 95
8 94
2 89
10 22
9 54
3 20
8 56
5 48
7 82
5 44
9 49
9 27
2 81
3 43
4 3
8 54
4 85
10 5
3 34
5 90
10 8
10 84
3 4
2 29
10 17
5 20
2 66
3 1
6 2
2 86
5 10
1 23
2 34
6 34
1 48
8 78
5 90
10 83
4 71
8 71
9 6
1 83
7 50
2 64
10 94
5 5
9 65
2 87
9 6
8 20
1 99
2 21
8 44
9 91
10 4
5 41
5 83
10 25
10 2
8 28
2 99
1 56
7 73
5 5
6 1
6 24
4 60
1 8
10 58
10 50
6 95
10 4
8 5
7 38
1 29
1 99
5 27
1 79
1 21
7 54
10 51
3 4
2 10
9 3
2 52
3 63
8 29
7 24
1 84
8 63
4 95
1 35
5 96
8 15
10 73
5 38
10 48
5 98
5 74
1 61
4 30
4 30
10 1
7 21
3 63
5 18
1 13
5 68
4 95
9 42
3 78
5 44
7 64
3 68
10 39
4 39
4 67
2 43
10 99
7 50
6 44
4 21
8 35
6 56
7 48
8 2
8 15
8 53
8 51
7 64
2 50
6 17
7 85
10 66
7 44
1 71
9 14
5 7
4 67
1 77
7 83
2 66
10 89
3 32
9 52
1 61
1 86
4 54
6 42
6 67
7 28
10 70
2 28
7 60
7 51
2 15
9 12
5 70
8 75
6 10
5 17
4 87
10 59
7 35
6 96
2 39
6 29
4 85
6 100
2 93
4 59
7 12
1 11
9 50
6 61
5 67
4 92
4 51
4 57
1 92
5 73
9 29
5 85
3 60
8 64
3 24
9 54
2 74
9 72
1 50
7 92
3 91
3 11
10 47
5 94
8 48
4 86
7 1
10 16
1 49
1 29
10 70
6 76
1 49
9 42
6 67
5 99
9 37
8 16
3 13
2 7
7 8
1 31
2 63
8 17
10 74
4 100
7 76
8 82
2 99
9 95
10 79
8 39
9 74
8 80
5 11
1 78
3 68
9 48
5 59
1 4
6 23
5 63
5 53
7 63
8 89
4 77
7 12
2 35
4 89
5 39
10 23
5 82
4 7
6 13
1 97
9 34
4 85
4 31
4 29
4 23
7 54
5 46
4 29
3 92
7 43
2 57
2 61
6 12
2 66
5 74
4 38
4 14
3 52
