4 37
9 100
3 55
5 42
9 59
1 53
9 97
7 86
8 70
8 82
5 26
1 40
5 82
10 7
7 2
8 96
10 5
10 64
10 48
5 54
2 88
10 4
5 11
6 73
2 91
5 90
4 67
5 42
4 27
8 56
3 39
1 51
1 83
4 90
8 70
4 97
2 1
3 29
5 12
1 60
10 76
7 6
2 60
6 68
1 58
1 58
3 60
7 100
1 16
1 89
5 66
8 85
10 42
8 36
9 67
2 52
4 95
8 73
10 36
7 65
6 38
2 75
7 14
5 20
5 73
7 60
2 11
10 91
1 27
8 66
5 68
1 41
6 18
3 47
10 27
7 99
5 29
5 21
7 100
9 23
8 60
3 69
2 45
6 2
8 33
10 37
4 88
1 95
5 66
2 76
2 65
8 10
9 45
4 47
7 35
9 24
5 22
7 100
7 57
7 32
2 5
1 95
1 3
9 13
5 11
1 88
10 95
2 60
4 4
4 6
3 42
6 80
9 19
9 55
5 23
10 89
8 90
4 86
10 3
6 47
7 5
9 67
8 57
7 7
3 12
7 56
5 1
3 10
7 7
3 4
8 1
7 59
9 35
6 64
2 51
10 79
2 92
5 2
4 42
10 47
8 22
3 46
8 93
2 71
6 46
3 53
8 25
1 64
2 8
1 49
2 4
5 11
4 43
7 12
6 46
4 82
3 30
7 97
10 41
8 91
10 55
9 68
6 67
6 68
6 84
9 67
8 88
2 63
8 20
3 5
10 62
2 34
5 56
6 84
6 50
8 26
7 100
9 88
3 78
6 57
1 57
10 75
5 58
4 57
6 2
4 65
5 73
8 7
10 92
5 43
4 99
4 55
2 67
7 21
9 62
10 93
6 21
2 26
3 27
8 63
9 8
2 52
3 67
6 47
10 14
9 82
3 65
8 35
5 86
3 84
7 84
3 4
5 61
5 83
1 54
10 69
8 35
9 51
5 25
4 16
8 30
2 93
9 78
5 41
7 75
9 83
4 35
8 55
3 77
1 45
1 40
4 13
2 64
10 80
1 62
10 6
3 11
8 81
6 77
2 70
2 47
5 88
6 11
3 6
6 73
1 86
10 88
5 49
2 57
4 37
2 99
8 58
1 15
5 53
2 11
1 30
1 83
6 90
2 37
10 29
3 61
3 82
8 74
6 21
8 75
5 69
4 35
1 84
10 60
3 48
1 2
9 1
4 49
2 93
2 96
6 31
4 89
5 87
7 23
3 63
8 18
3 72
6 7
1 44
7 80
9 64
7 82
10 2
2 61
5 17
6 65
10 1
2 37
4 63
1 2
8 65
9 90
9 14
5 98
5 53
10 5
3 92
4 50
10 26
4 37
4 74
6 3
1 67
7 89
8 40
4 68
4 75
1 3
9 91
3 64
2 84
5 32
5 61
6 58
7 44
9 64
2 32
9 95
7 20
4 64
9 84
2 24
8 86
6 80
3 56
5 46
4 25
7 81
4 49
5 23
5 29
4 94
5 36
7 100
4 85
10 76
5 14
9 98
6 42
7 27
2 31
6 19
4 99
4 8
7 30
9 92
2 29
8 38
5 97
1 98
1 41
2 59
10 2
1 19
5 71
2 30
9 86
10 35
2 79
7 41
8 18
2 61
8 27
6 34
5 90
7 50
7 69
3 59
8 36
5 62
4 48
8 23
2 12
9 67
8 36
10 60
7 75
8 35
7 64
5 16
3 81
6 55
10 29
1 6
8 61
9 44
5 18
3 92
5 1
8 71
8 75
4 84
5 72
3 82
9 48
4 17
5 54
2 9
6 13
2 45
4 80
10 88
8 25
9 98
7 25
6 65
4 100
3 79
10 17
8 56
1 82
8 62
2 7
8 33
10 40
9 92
2 100
8 50
10 48
9 90
6 73
9 40
4 59
4 51
8 27
7 84
7 63
8 85
5 70
8 39
9 19
6 7
7 23
6 47
10 24
5 6
3 83
1 57
3 7
6 70
8 80
9 35
8 63
10 23
2 29
4 97
3 1
7 42
3 20
8 2
8 92
9 3
3 89
2 90
4 89
2 30
1 58
10 11
7 29
3 92
7 22
6 34
5 11
5 49
6 24
9 48
5 53
4 20
9 46
7 15
2 80
7 88
9 12
7 55
8 10
1 63
9 100
8 47
8 9
6 75
9 5
4 88
7 75
1 95
6 94
2 34
3 21
6 32
8 14
4 40
5 6
5 66
10 35
5 10
8 79
3 54
9 48
3 75
7 82
10 83
5 37
6 98
7 28
8 90
9 100
3 73
1 40
5 40
9 83
3 99
10 48
2 32
7 62
7 91
4 85
3 75
1 4
1 4
8 72
2 66
6 98
2 23
3 69
8 68
2 65
7 52
8 100
6 19
4 66
1 99
10 92
3 69
5 93
8 62
9 74
5 4
6 68
1 81
8 37
6 4
3 47
8 64
4 49
9 89
10 84
9 36
6 69
6 95
6 26
5 76
3 22
9 44
6 7
8 31
2 47
1 26
7 15
8 84
10 61
8 23
1 16
3 48
2 14
8 83
6 62
4 40
9 100
7 98
1 62
9 2
9 64
10 51
3 88
3 38
6 89
2 9
5 39
9 91
10 48
8 39
2 45
9 53
8 43
9 25
10 45
4 89
10 72
6 68
9 62
1 34
2 60
4 55
2 15
9 92
7 58
6 16
4 23
6 92
4 51
2 23
2 20
5 93
4 42
6 11
9 57
8 23
5 27
7 93
7 82
4 27
4 69
9 46
10 12
3 71
7 38
6 54
6 27
6 93
5 79
9 33
6 94
6 81
7 2
8 35
2 2
3 89
9 61
7 13
5 13
4 46
5 66
8 63
9 42
7 89
5 42
9 58
4 15
1 76
9 76
8 53
7 5
2 49
7 1
1 29
10 72
9 44
1 43
4 22
8 74
3 58
2 89
4 77
6 54
7 2
6 70
1 79
1 75
2 40
3 2
7 62
7 15
8 17
4 47
9 52
1 82
10 100
6 89
5 28
10 26
4 8
2 12
7 80
9 78
3 37
9 20
4 67
8 65
9 1
9 92
9 83
9 89
5 77
9 29
3 66
4 19
6 88
10 97
9 46
1 55
4 12
10 78
1 70
8 70
2 46
8 58
1 43
2 85
8 75
2 71
3 70
5 37
3 69
7 26
1 47
1 31
3 42
10 61
7 93
7 78
7 61
1 87
2 94
6 86
10 82
9 44
3 45
7 56
2 12
1 27
7 20
9 52
1 74
5 41
5 90
5 78
9 28
10 40
5 11
6 62
3 25
9 67
6 12
9 97
3 60
6 7
2 61
6 100
4 8
3 49
8 27
7 28
6 38
3 92
9 50
9 74
1 72
7 42
4 65
10 71
3 81
7 87
8 46
1 54
8 89
10 38
1 21
10 94
9 28
4 69
9 38
1 3
10 7
3 50
8 5
6 21
2 44
5 10
2 75
6 7
9 1
6 68
1 24
10 35
1 45
8 32
10 53
8 20
2 20
8 70
2 28
7 5
1 69
2 90
1 72
4 69
9 78
2 90
1 56
9 3
4 82
1 49
10 33
9 21
6 28
3 20
9 18
7 70
8 94
8 80
2 73
7 22
10 83
5 9
8 45
2 82
1 69
4 7
10 67
6 66
1 65
4 5
2 27
7 53
1 97
4 83
3 66
1 76
8 29
6 49
7 63
7 36
3 41
8 43
4 67
5 91
8 2
3 32
4 39
5 48
2 70
5 81
4 10
9 9
1 30
3 29
10 17
8 10
8 7
3 20
7 73
7 56
10 80
7 90
6 81
8 81
1 96
6 11
6 79
3 12
1 98
10 50
8 41
7 27
8 6
2 100
6 49
1 22
3 74
7 71
9 59
7 6
8 35
9 53
8 15
2 77
8 47
9 8
7 86
2 2
5 15
7 9
3 87
9 80
3 17
9 98
8 43
1 17
1 52
6 6
1 100
8 88
2 36
7 98
8 3
10 93
9 28
10 51
5 35
3 78
10 15
3 92
10 43
1 13
8 22
2 59
4 12
3 94
5 30
7 93
9 53
8 63
2 56
7 55
4 97
6 76
6 75
8 53
10 61
6 2
5 6
10 15
5 32
6 97
3 15
2 36
7 37
3 85
8 32
6 17
10 88
2 2
5 55
7 20
1 90
2 89
8 19
3 75
4 44
7 67
3 27
5 32
5 1
2 69
3 47
9 45
10 50
7 4
2 83
3 62
4 6
3 4
9 13
1 19
10 72
3 67
1 37
2 21
2 18
9 21
1 38
1 82
3 9
6 87
1 15
4 71
3 33
4 89
2 57
2 11
2 72
5 21
4 65
3 39
3 4
10 67
7 12
1 88
10 18
2 73
3 48
6 62
5 15
6 43
7 22
1 86
5 68
1 77
1 72
8 9
7 99
4 73
7 9
2 9
10 22
5 64
1 62
8 68
4 12
5 78
5 73
6 64
7 23
5 16
6 41
2 96
