6 63
3 24
6 28
1 51
5 8
8 65
3 61
1 11
7 53
5 49
2 65
5 62
8 37
9 2
7 20
1 90
1 90
1 55
2 57
5 9
10 73
1 39
7 96
4 5
2 79
7 66
2 43
2 72
3 24
2 48
4 36
2 59
8 3
10 75
10 90
9 87
6 39
1 100
10 37
1 61
8 17
3 30
5 13
6 55
9 85
5 47
5 48
3 6
8 88
9 100
1 46
5 1
4 88
9 14
2 57
4 28
3 13
8 77
8 74
3 48
5 51
9 50
8 72
5 11
5 71
5 14
3 78
9 7
2 25
7 91
6 23
5 97
4 21
2 19
6 67
2 15
9 36
6 53
2 85
3 52
5 17
2 6
5 28
1 8
2 90
9 29
2 79
1 18
3 42
5 40
1 87
6 27
2 38
2 89
3 14
1 67
3 78
8 74
9 43
10 33
7 51
10 26
5 98
3 4
9 40
3 45
7 7
7 74
6 31
1 84
2 23
10 52
10 58
4 84
9 24
10 1
10 100
4 21
7 72
7 86
5 31
9 61
8 78
3 65
4 89
9 72
1 9
7 73
9 5
1 59
5 58
6 13
8 93
5 47
9 99
8 22
4 99
2 44
7 28
9 79
7 73
3 4
5 36
10 48
2 51
5 11
6 78
7 73
1 85
5 2
7 41
7 81
3 92
6 78
2 2
2 10
8 87
10 88
3 66
8 21
4 16
8 20
2 99
5 44
10 6
10 16
5 78
8 86
9 37
3 39
4 43
1 47
8 75
1 28
7 98
7 42
1 91
4 94
4 33
8 87
10 38
4 59
5 33
1 63
9 36
4 63
1 60
10 9
5 29
1 64
3 97
5 25
5 18
10 69
8 41
1 70
8 75
5 33
10 54
7 53
4 35
6 43
10 96
1 9
1 21
4 33
3 65
4 94
3 31
3 62
7 54
9 65
8 51
10 41
1 62
3 95
5 28
1 10
3 83
5 75
1 15
2 29
5 30
8 38
9 36
1 88
3 81
10 75
4 75
8 71
6 88
1 10
2 65
7 43
4 42
7 50
3 55
2 38
1 50
9 93
7 71
6 51
2 85
1 100
5 59
8 100
7 64
9 54
2 19
8 100
1 60
5 55
3 4
6 99
5 64
8 63
6 57
7 43
6 54
9 14
6 39
7 66
9 63
2 79
7 42
3 33
8 38
1 70
10 100
8 72
9 29
10 83
1 46
9 12
9 41
10 83
2 43
10 83
9 68
9 52
8 30
3 16
9 47
2 26
6 45
4 13
9 63
1 54
5 90
2 38
1 34
10 27
10 51
3 38
7 36
7 97
7 43
4 78
6 99
3 92
4 80
3 2
4 46
7 48
5 13
2 34
2 95
6 40
7 99
6 2
8 22
2 100
1 57
2 36
3 55
7 40
3 97
10 44
3 88
6 92
1 15
9 7
4 14
7 48
6 38
2 86
1 35
8 99
1 92
2 21
2 67
4 13
8 21
9 62
8 92
4 23
6 27
6 24
3 43
3 11
3 18
2 19
6 22
2 74
6 20
9 69
3 57
8 40
3 82
7 64
10 59
7 16
2 27
6 23
3 93
9 39
2 37
4 58
8 91
9 71
8 96
1 16
10 23
10 33
2 76
6 2
9 47
4 48
2 26
7 48
10 4
5 46
6 73
8 16
3 27
6 4
7 6
8 30
6 33
5 87
10 41
6 68
4 24
2 19
1 67
5 33
5 36
7 76
5 64
9 8
2 21
7 5
4 8
6 63
1 54
7 19
6 28
10 6
5 17
1 13
10 35
8 87
8 39
9 35
8 83
1 65
3 66
2 52
6 39
2 96
2 50
5 49
5 53
9 80
9 26
1 13
1 78
9 91
4 14
1 17
5 2
2 86
1 13
8 39
1 47
5 80
1 34
4 24
4 75
7 11
2 4
1 28
5 5
1 16
1 47
5 86
1 17
9 84
4 22
7 82
7 97
3 54
7 49
10 45
1 68
4 50
4 14
2 41
7 74
10 54
10 61
5 39
6 96
1 80
2 50
2 15
3 19
8 36
8 55
9 20
8 6
7 41
3 24
1 37
10 14
5 69
9 69
9 36
7 39
4 11
9 16
4 16
2 57
6 38
3 93
6 72
8 2
4 64
7 39
2 12
6 4
8 53
4 34
1 13
5 18
8 35
7 64
3 69
3 21
4 66
5 2
10 38
6 16
1 59
2 2
1 85
5 66
1 51
9 21
4 89
3 84
6 2
10 55
2 79
10 86
3 45
4 19
7 17
3 48
3 39
10 22
3 10
6 67
1 9
4 81
10 41
8 39
8 55
10 37
5 2
4 96
5 76
6 35
7 86
9 10
3 78
5 14
1 88
6 30
10 25
7 50
6 16
5 25
7 78
5 13
9 26
3 66
8 54
5 19
5 5
5 90
7 54
7 83
5 34
10 89
3 30
6 41
3 16
3 60
7 52
4 35
6 86
2 89
5 83
3 58
8 58
7 40
5 86
1 52
4 78
7 6
9 4
9 9
7 18
5 86
4 87
5 40
9 15
5 46
7 63
10 20
4 96
10 92
8 10
5 89
2 84
1 7
3 3
6 42
8 37
6 68
3 81
3 67
3 29
5 99
8 98
6 74
6 20
10 73
6 78
8 43
5 54
10 30
4 59
5 37
9 91
5 70
1 84
6 60
6 55
1 13
10 33
9 35
5 97
4 37
7 46
8 5
9 38
3 36
1 17
10 6
7 81
9 92
6 54
9 60
3 94
10 4
6 78
3 20
7 52
9 78
6 55
10 43
4 96
9 85
4 80
1 51
3 18
2 50
4 18
10 26
6 61
8 56
2 3
5 72
6 97
2 41
8 19
4 62
2 2
5 69
3 75
6 83
5 60
7 32
10 13
10 95
10 85
9 77
10 51
7 51
3 16
10 47
7 40
9 82
8 50
1 20
10 24
8 55
5 12
6 29
2 41
2 30
7 18
5 63
1 50
8 50
5 40
6 66
9 1
8 93
9 12
4 17
5 42
5 37
8 9
6 31
10 56
4 43
9 56
6 54
4 84
2 4
9 10
7 59
1 50
3 78
2 2
5 30
8 38
4 61
7 33
7 100
3 60
3 27
6 22
9 9
3 46
6 98
3 89
2 62
7 72
9 66
3 14
1 89
3 42
6 45
4 65
6 42
2 83
4 37
2 12
7 10
4 78
8 7
5 14
2 43
6 29
7 3
8 48
6 16
5 88
9 64
3 4
8 83
1 72
5 38
7 8
5 83
2 74
4 39
8 89
1 1
10 51
1 49
1 94
1 13
2 19
2 15
10 31
8 24
6 11
4 77
7 40
2 9
9 25
8 59
7 25
4 46
5 96
7 82
5 2
8 78
6 54
6 96
9 50
7 9
8 57
5 87
8 73
3 49
6 23
8 58
2 31
9 97
2 66
2 17
6 72
8 21
3 68
1 99
10 96
2 22
1 40
4 27
2 94
4 53
5 16
4 69
1 23
3 33
2 16
7 83
4 69
4 47
6 38
7 27
10 98
4 35
7 66
6 21
6 76
2 42
6 24
10 19
7 56
10 63
9 3
6 46
7 13
8 60
10 61
4 100
2 100
6 52
3 85
8 6
8 91
3 60
2 31
8 68
9 79
7 32
9 61
10 34
8 44
8 68
5 78
2 34
2 29
5 97
4 99
10 45
9 38
7 14
1 70
10 5
4 96
4 6
1 59
2 46
1 53
3 58
10 63
7 7
6 86
4 97
6 24
9 94
10 82
9 34
4 68
8 69
8 2
3 46
5 2
4 38
10 5
7 92
1 86
1 36
4 15
4 54
3 78
2 46
5 67
5 51
4 29
2 17
9 42
9 60
4 5
7 66
4 71
10 97
10 82
3 15
2 55
4 70
4 2
1 9
3 68
5 68
3 49
2 92
6 24
8 36
6 60
9 71
8 41
5 40
2 87
8 87
10 35
7 19
5 33
1 13
2 26
6 91
7 36
10 71
2 67
10 10
5 23
3 21
7 100
3 55
6 50
2 49
5 27
3 43
1 62
2 81
4 37
3 46
4 43
6 12
5 4
8 57
10 62
7 79
2 11
3 76
4 81
2 32
7 46
3 19
9 52
4 38
7 48
7 66
9 36
7 38
2 15
9 91
2 46
8 57
4 24
7 60
8 10
4 52
9 73
3 15
5 57
3 58
3 72
9 60
5 37
9 14
10 11
4 7
9 70
6 80
4 52
4 35
3 56
9 74
2 72
5 15
5 9
1 48
2 65
8 2
2 45
5 18
3 57
2 40
7 57
5 15
3 2
3 53
1 63
1 42
8 58
2 31
1 26
2 9
3 54
7 97
4 28
6 2
9 44
1 39
1 9
1 98
9 75
1 22
2 67
3 14
8 88
10 23
10 70
6 96
3 48
2 77
9 18
8 41
5 46
2 81
1 69
6 62
7 59
1 74
1 40
1 60
4 89
9 83
10 23
3 46
3 39
