10 8
2 19
1 23
9 91
8 75
7 93
2 9
5 48
5 80
4 53
3 12
6 90
9 66
1 55
6 89
3 87
2 47
9 32
7 12
9 80
8 13
7 70
3 25
7 13
3 63
2 12
3 87
10 34
4 98
5 45
9 97
8 58
6 45
2 39
9 91
3 81
7 27
9 89
2 51
4 7
9 10
8 59
5 70
10 80
7 7
4 42
3 58
3 12
5 18
9 67
7 91
10 62
8 81
9 62
6 95
2 42
4 66
3 21
3 92
9 80
5 47
6 52
6 7
9 88
10 94
9 56
4 24
6 6
6 15
9 30
3 14
2 97
3 35
9 30
8 85
4 58
7 72
2 70
10 88
4 51
10 65
3 54
4 3
7 50
8 88
4 19
5 31
1 97
8 85
1 14
6 82
1 13
10 67
4 72
1 30
4 93
1 11
1 13
8 19
10 38
2 26
8 55
6 31
5 66
2 75
4 53
1 83
6 54
3 44
6 86
9 36
3 94
5 84
1 74
2 32
2 21
4 8
5 5
8 53
1 75
3 19
4 40
5 42
3 53
5 31
7 89
6 63
1 73
9 60
4 35
2 83
10 24
1 89
3 85
9 53
3 33
6 64
9 82
9 21
10 97
4 96
8 99
8 94
6 54
8 42
8 18
10 8
6 46
10 39
8 3
2 20
6 95
5 1
1 62
4 60
3 35
9 43
5 54
7 30
4 59
5 4
6 18
10 9
6 56
2 4
2 51
5 53
7 87
1 60
5 58
3 6
9 26
3 100
8 53
1 98
3 66
5 60
9 47
2 68
3 94
10 77
1 42
7 5
4 83
6 55
5 5
5 19
8 3
5 31
8 60
2 34
1 15
4 83
5 25
8 85
10 24
10 54
8 94
2 79
5 51
5 39
5 60
2 96
7 26
7 35
9 11
9 51
7 20
2 14
8 32
8 91
2 57
4 39
10 65
4 87
3 12
2 100
5 81
2 92
5 23
2 34
3 42
10 4
7 99
10 43
2 53
6 2
9 58
3 52
10 74
10 74
9 54
4 74
3 46
1 40
8 77
2 18
1 6
8 13
10 49
7 95
10 42
5 39
5 86
6 61
5 77
10 47
1 13
10 85
7 29
8 51
2 13
8 16
8 70
7 19
9 81
10 58
8 5
3 85
10 54
8 26
2 86
5 15
4 16
9 5
2 80
10 13
2 6
1 93
6 53
6 2
8 36
3 75
8 49
9 17
1 90
9 91
3 38
6 89
4 36
8 66
8 58
3 87
3 73
6 35
9 85
7 84
7 69
3 56
6 82
5 22
5 2
8 95
9 51
3 2
5 52
10 100
7 60
2 76
9 6
10 27
8 22
2 48
3 18
7 48
10 57
10 40
9 97
10 68
10 35
5 17
3 37
10 62
10 60
5 5
5 48
3 77
3 58
3 27
3 81
8 18
4 32
4 28
10 67
4 24
8 49
7 22
8 83
10 30
8 48
10 33
4 24
8 77
3 18
6 23
9 34
6 68
5 17
6 69
4 70
8 96
4 1
5 17
4 17
8 18
3 22
5 60
6 86
7 90
10 47
5 51
4 19
10 68
5 6
3 96
9 64
4 81
5 91
1 68
7 5
7 32
5 32
7 19
5 49
7 18
6 48
2 32
9 42
2 67
6 41
7 52
7 54
3 41
9 11
10 20
3 32
5 30
10 25
8 25
4 11
3 60
4 44
1 1
10 19
3 1
9 41
4 29
1 51
8 61
6 82
7 23
4 33
10 93
7 93
7 87
10 25
4 83
1 54
2 47
9 35
2 75
4 91
6 80
4 12
10 77
7 34
4 60
9 54
1 25
9 80
2 56
3 62
8 64
1 51
7 1
3 18
2 98
9 97
3 24
9 25
10 25
10 1
9 52
4 99
6 82
6 31
7 60
4 16
8 12
4 64
8 84
7 4
4 97
7 9
3 10
3 97
9 60
9 38
6 2
2 62
8 72
2 49
8 84
8 51
1 69
3 98
2 86
7 64
8 83
1 53
10 29
10 5
2 44
1 53
2 19
4 9
10 78
6 1
8 47
5 93
4 12
10 11
5 66
6 15
9 72
2 91
2 94
6 61
7 3
1 79
7 34
4 25
7 82
10 97
9 62
5 68
5 9
10 1
2 69
9 52
5 3
5 74
5 51
9 96
10 11
7 30
6 47
3 73
4 15
8 76
6 84
7 76
2 88
3 39
5 21
10 97
3 22
10 38
4 23
4 3
6 26
7 79
9 15
1 14
4 44
1 51
9 18
10 14
6 9
5 93
7 2
1 79
8 23
5 88
8 31
10 90
1 66
3 15
7 61
10 40
1 82
2 56
2 3
8 38
8 87
7 64
4 71
9 49
9 24
10 10
7 37
10 64
6 97
10 93
8 93
4 18
3 10
7 33
2 35
4 32
9 44
7 26
10 52
5 45
10 23
9 10
6 85
4 58
3 80
5 89
2 80
5 97
10 50
10 96
3 55
10 87
2 91
2 41
7 94
5 100
6 53
3 39
1 94
6 31
7 63
2 3
3 86
5 76
2 39
10 67
4 38
4 16
5 31
9 60
5 56
6 21
10 66
10 12
10 4
3 41
10 6
5 4
7 26
7 85
8 97
6 1
3 68
6 79
10 77
2 58
8 58
9 41
3 70
2 72
4 44
4 65
7 20
5 62
8 12
2 22
3 12
8 14
7 26
6 19
2 62
3 98
2 17
8 44
5 29
8 76
9 69
10 94
9 35
3 55
8 40
5 63
6 4
2 27
2 27
8 29
10 12
8 33
3 44
7 62
6 35
1 1
8 88
3 42
5 62
9 78
7 47
2 30
5 12
5 46
6 52
8 80
1 76
10 100
7 24
1 6
3 35
1 12
1 19
5 14
2 20
1 47
7 25
1 8
9 62
3 49
5 16
10 66
3 70
4 24
2 8
3 8
9 79
2 36
4 21
9 86
9 79
3 58
10 93
2 48
2 4
2 43
7 84
2 17
5 18
8 35
10 37
5 10
10 17
5 12
9 100
6 65
3 21
10 75
8 35
4 8
7 36
9 36
2 23
5 41
5 51
8 99
1 34
1 38
6 35
10 58
4 8
4 92
1 79
7 87
3 95
6 69
8 88
5 8
4 93
5 19
4 75
4 87
7 19
6 97
2 75
5 38
7 57
7 14
2 37
6 76
10 34
9 19
6 53
6 91
3 47
3 27
6 81
5 32
9 5
3 10
1 38
3 62
6 68
10 96
9 63
3 40
1 44
6 25
6 68
6 37
1 96
6 20
2 24
4 64
1 51
2 34
6 4
5 88
8 1
10 50
5 85
5 82
3 72
8 48
7 43
9 11
1 41
6 100
1 50
5 88
4 53
4 61
4 37
7 42
3 10
9 60
10 23
3 82
10 66
4 95
8 59
6 56
8 25
9 68
2 37
8 85
6 48
4 46
6 41
7 18
4 86
2 81
3 9
2 88
7 63
5 39
2 87
10 48
6 96
2 47
4 42
10 50
10 48
10 30
8 56
10 59
9 2
8 65
4 43
1 17
6 50
7 20
8 93
7 63
2 43
8 63
2 1
10 71
8 87
5 37
1 18
2 41
1 40
3 78
2 68
5 43
2 79
3 70
9 4
9 37
2 41
5 97
1 42
2 28
6 60
1 94
2 90
10 44
4 80
7 30
7 62
10 96
2 7
10 40
10 64
1 38
9 27
6 64
4 1
2 97
2 52
4 10
2 14
4 13
7 76
5 10
2 43
7 91
10 17
2 11
8 12
10 87
9 68
8 93
4 98
5 55
8 85
4 20
3 48
8 98
9 31
2 29
10 12
2 8
6 34
7 78
10 81
2 22
3 24
5 48
1 17
9 12
10 87
1 46
7 2
1 57
8 50
2 4
4 42
1 27
4 65
4 2
5 32
9 37
1 4
7 88
6 97
10 82
4 32
1 90
3 6
4 21
5 91
8 79
1 55
4 48
6 95
6 7
4 3
7 95
1 55
5 34
9 28
7 72
6 15
3 52
7 73
1 78
5 82
5 5
2 68
6 72
7 83
6 100
1 47
3 20
7 54
4 58
3 56
1 86
2 21
2 69
5 39
2 24
10 5
7 83
4 89
6 45
4 93
8 6
9 76
2 25
9 84
6 79
10 87
10 76
8 16
6 25
3 52
10 64
6 51
10 57
6 13
6 1
3 54
8 9
3 10
8 92
3 5
10 10
3 19
10 55
10 48
5 96
5 48
1 52
1 41
7 2
3 62
1 51
5 53
7 52
2 73
1 75
1 14
1 23
10 49
6 73
3 79
9 13
8 55
9 70
3 93
5 95
4 55
5 47
7 34
6 56
2 37
10 73
9 46
7 81
1 73
6 56
4 100
8 41
10 57
3 5
7 67
4 12
4 55
6 85
3 50
1 1
4 21
1 81
5 22
6 53
5 67
4 83
9 44
2 8
5 21
6 45
8 18
3 52
6 68
9 50
8 37
2 63
