5 5
7 41
7 17
1 71
2 42
6 13
10 95
5 32
3 16
10 20
2 76
6 42
2 45
9 70
4 7
3 92
8 72
3 71
9 23
10 12
6 35
9 38
10 47
3 83
3 68
1 91
9 95
2 83
9 29
1 22
6 77
6 35
2 14
7 3
5 83
9 87
8 11
2 38
10 65
4 31
7 61
1 73
2 45
3 14
4 95
6 46
6 44
9 33
2 91
9 97
8 16
7 99
1 60
2 43
3 5
9 47
2 38
10 34
10 26
5 31
4 95
9 42
8 43
9 81
10 14
9 87
4 10
1 46
3 84
7 87
4 64
1 72
2 1
9 78
7 66
1 85
8 25
6 42
6 3
1 52
1 9
5 38
8 54
8 49
3 77
3 61
9 69
8 54
1 89
3 14
8 6
6 38
9 21
8 90
2 95
9 38
10 34
8 83
3 67
2 31
10 25
3 65
6 65
10 49
8 57
4 8
9 86
2 87
10 7
1 83
2 43
10 6
4 27
10 65
9 98
9 69
5 73
10 3
9 71
5 28
4 78
6 26
10 13
1 11
6 55
1 64
6 8
3 45
6 94
7 52
10 70
5 71
9 21
10 79
10 96
9 15
10 12
5 83
3 27
6 44
5 100
9 37
8 97
4 58
3 40
8 4
10 31
5 92
1 81
9 42
8 55
2 20
8 4
10 35
4 9
8 82
8 68
2 74
6 47
3 15
8 77
7 77
5 6
4 33
8 49
4 7
2 60
1 77
3 60
2 35
9 18
1 19
5 41
10 3
2 81
1 37
2 41
6 71
9 54
7 54
3 65
5 1
8 64
4 71
7 4
3 33
10 98
10 73
3 60
9 28
1 83
3 7
4 68
7 95
8 40
2 42
5 77
6 90
9 10
10 53
5 46
5 47
3 34
8 12
2 58
8 78
8 2
9 99
7 90
2 19
10 87
9 34
9 73
4 45
4 58
8 20
7 97
9 100
8 93
1 78
3 69
3 60
1 21
2 38
8 47
1 9
1 55
6 94
8 52
4 27
5 93
10 76
4 33
5 47
3 80
3 77
7 78
7 61
5 9
3 76
6 90
2 8
5 69
7 57
10 40
6 38
9 31
5 72
7 21
5 39
8 94
1 57
9 49
6 83
10 33
2 96
8 45
7 100
4 92
2 100
8 95
6 4
2 94
7 49
5 79
6 29
3 19
10 36
10 33
2 46
7 5
9 7
6 26
10 26
5 5
2 63
10 18
2 15
7 89
2 95
5 97
3 54
9 24
2 4
1 12
10 100
4 2
5 72
3 26
3 72
6 55
6 77
7 97
5 1
4 5
10 61
6 16
10 3
10 28
3 85
9 25
6 50
2 88
3 60
1 70
4 72
4 87
6 39
7 60
2 17
2 56
5 8
9 89
7 78
3 88
8 44
3 23
9 25
9 45
7 87
10 16
8 77
9 88
8 60
3 47
9 56
1 5
1 24
3 10
1 1
1 95
10 29
10 12
8 80
3 35
8 48
3 45
1 71
2 98
7 54
7 66
4 84
7 73
9 4
7 88
9 59
4 42
10 96
5 70
3 23
8 78
3 13
8 41
1 90
7 50
10 83
7 49
10 86
2 43
6 1
7 19
5 60
9 60
6 8
5 54
10 94
2 61
8 59
7 52
7 14
8 83
6 67
10 96
2 59
4 80
10 19
6 10
5 9
3 61
10 90
2 36
7 5
1 56
7 69
3 49
8 63
7 9
5 47
10 74
4 86
3 3
9 81
10 15
2 48
4 22
9 62
5 20
1 36
3 84
1 57
5 66
8 10
10 17
3 95
7 93
4 71
5 84
5 16
2 49
6 87
4 94
8 87
6 90
1 92
4 72
7 16
2 30
9 22
1 7
7 91
2 7
4 70
2 96
6 35
8 27
1 9
5 73
10 30
2 54
7 72
2 12
3 93
3 84
4 51
6 45
10 90
8 18
7 7
1 70
4 43
9 39
6 6
5 56
3 50
7 44
9 36
2 17
3 85
9 41
5 93
9 17
8 77
9 72
4 95
8 15
10 100
1 83
4 30
10 75
7 44
6 20
1 48
4 79
6 68
3 90
8 24
8 35
3 27
5 50
5 8
4 50
9 90
1 96
9 41
10 1
5 24
4 49
10 8
9 8
3 33
9 65
6 28
5 38
6 33
1 4
4 32
7 100
9 20
3 34
3 60
5 6
4 46
8 25
7 60
3 50
8 73
3 83
4 70
4 82
8 71
3 94
10 34
5 39
8 59
4 57
6 73
3 98
6 25
6 46
8 49
3 69
10 64
2 4
6 52
7 80
3 33
7 100
8 58
3 58
8 6
1 17
9 42
7 22
9 58
4 54
2 33
3 48
10 41
2 76
10 12
2 51
6 74
4 6
4 80
3 86
3 59
5 86
5 58
9 74
2 60
3 35
7 74
2 83
4 93
5 23
9 69
8 76
6 39
2 59
8 53
3 17
1 51
7 100
8 13
6 84
4 80
10 18
3 7
5 23
1 40
8 84
9 91
7 98
1 23
4 81
2 7
3 19
1 1
2 39
8 55
2 19
7 34
7 35
3 52
8 7
7 5
3 65
5 31
2 45
3 67
6 66
3 24
8 11
4 63
7 26
8 64
4 88
4 37
2 46
7 1
10 52
2 57
9 53
9 15
2 78
5 19
4 96
2 91
7 5
2 10
8 3
1 17
2 93
8 38
10 51
6 95
4 85
10 36
9 55
1 17
7 80
10 54
5 13
3 20
10 58
1 5
1 32
7 13
2 14
9 89
2 33
6 76
10 86
1 29
4 28
8 23
10 12
10 89
5 26
4 83
7 73
8 53
9 82
10 43
2 73
1 50
1 42
1 42
8 52
3 57
9 9
9 83
8 97
6 8
10 83
7 32
6 26
4 54
6 22
4 29
1 81
5 8
9 41
2 64
5 34
7 91
3 4
8 12
9 51
3 98
3 12
7 24
7 94
6 71
2 10
2 95
7 23
10 23
3 13
6 42
10 65
2 41
7 58
3 15
3 75
1 36
5 25
3 86
3 93
2 66
8 47
9 99
7 81
10 73
5 19
7 60
3 28
8 77
6 67
1 22
2 80
4 30
7 54
9 29
1 77
2 32
2 61
3 26
10 63
6 32
10 72
9 7
2 27
5 55
9 27
10 43
10 43
3 68
8 3
8 11
5 64
1 60
9 15
10 21
8 4
3 12
6 98
9 33
7 15
9 48
5 69
3 36
1 51
9 77
2 3
4 39
8 34
8 92
2 39
5 75
8 28
5 31
2 38
5 60
7 55
6 16
1 87
10 83
1 5
4 25
7 28
9 22
9 30
5 8
4 48
2 80
10 88
10 75
3 68
9 39
10 80
4 79
10 52
9 95
1 15
3 97
10 24
6 22
6 36
4 66
6 69
9 12
10 3
3 12
4 16
4 82
7 69
6 100
7 11
3 68
6 28
7 5
3 13
5 97
4 49
2 96
5 8
2 87
4 81
3 48
8 98
3 45
6 94
5 48
4 38
6 23
6 77
10 29
10 21
3 45
1 16
10 22
3 95
5 9
6 3
2 60
10 93
2 20
10 40
1 26
4 47
3 22
8 60
10 36
2 61
4 88
5 82
2 34
6 36
2 75
9 64
4 3
1 3
9 36
7 7
2 95
5 31
9 11
8 5
2 75
9 65
6 9
6 50
9 26
10 13
1 72
5 41
6 71
6 83
7 15
7 5
5 91
7 98
10 60
9 47
1 74
8 41
6 33
4 100
8 46
3 95
6 100
7 81
3 93
10 72
9 3
4 28
3 2
3 88
6 75
7 62
3 84
6 5
5 46
1 21
1 4
6 38
3 71
8 85
2 85
10 91
7 35
6 84
9 79
5 29
7 83
7 55
2 38
6 69
7 77
9 40
1 54
4 94
2 29
10 40
5 70
5 77
7 27
1 100
5 66
5 41
2 13
3 85
9 64
1 69
2 67
10 38
6 68
2 10
5 6
2 38
10 81
7 48
7 71
7 20
9 65
10 16
8 15
1 77
1 41
8 44
7 75
10 46
4 91
8 52
3 59
9 28
8 53
3 61
6 96
8 49
4 54
9 94
7 27
7 49
5 42
7 44
2 1
9 24
3 99
3 43
8 14
7 29
8 80
5 36
1 8
4 34
1 6
1 22
1 63
9 84
9 38
4 55
10 81
3 37
9 68
1 90
8 21
4 69
5 76
4 25
10 49
7 71
10 56
5 14
2 65
7 12
1 2
5 51
7 7
6 56
8 53
3 87
10 51
10 21
3 73
8 51
9 90
7 29
3 69
4 80
9 32
9 41
2 34
2 50
3 64
4 94
1 47
1 32
9 44
9 29
6 80
8 100
10 43
3 84
9 9
1 9
3 81
7 7
1 18
10 57
1 86
7 30
9 69
4 78
1 32
10 75
9 49
6 15
10 52
3 62
5 95
8 90
10 66
5 99
10 61
8 64
6 43
6 28
10 49
