5 9
2 54
6 73
3 85
3 96
2 53
6 49
8 1
6 6
10 52
9 33
3 59
3 83
9 65
8 75
7 22
3 100
4 23
7 7
7 57
3 88
7 12
6 60
1 100
1 21
10 53
10 94
7 48
2 21
3 62
10 40
10 7
2 12
8 39
3 45
9 99
8 82
8 20
1 64
4 37
1 3
7 62
3 97
6 96
5 40
1 81
9 7
1 53
4 77
5 87
6 21
3 70
7 98
10 79
1 91
8 46
5 60
1 49
8 17
2 96
7 75
5 18
9 100
8 44
6 6
1 42
10 86
9 59
4 24
2 23
8 31
2 96
2 63
2 92
3 22
2 39
7 37
3 61
7 92
5 16
8 33
2 75
7 49
9 98
10 12
2 18
6 48
8 74
3 14
5 81
8 81
9 75
4 87
8 70
5 22
1 52
5 28
1 88
5 8
10 95
5 34
10 98
2 73
10 74
5 3
10 23
7 49
3 13
7 66
1 37
8 11
5 53
9 85
7 20
10 74
10 77
2 77
4 90
2 26
3 28
7 11
3 22
2 95
6 100
10 92
6 67
10 46
10 54
4 2
6 32
4 24
4 77
10 35
3 14
9 96
8 2
3 34
5 23
9 46
3 18
7 98
3 19
5 67
9 25
3 16
6 26
4 17
9 54
2 6
10 71
5 62
8 62
8 13
3 12
8 14
7 84
3 8
3 85
8 71
6 4
6 35
7 40
5 74
5 17
7 44
3 15
9 25
7 72
10 50
1 47
7 8
6 57
9 70
2 29
9 29
3 19
5 71
8 8
3 86
8 82
10 87
6 20
3 12
3 70
6 45
9 83
3 15
3 46
10 19
10 99
3 98
8 63
5 28
4 20
3 17
5 77
10 8
8 45
8 11
1 54
4 8
6 88
2 67
1 87
10 45
3 63
7 9
8 20
7 34
3 35
10 52
5 45
2 11
6 34
7 23
2 56
5 10
8 98
7 85
6 52
2 7
1 14
5 67
6 69
4 84
9 94
6 34
6 79
9 53
6 3
4 87
2 86
3 19
8 53
4 5
6 36
5 28
8 51
10 34
9 40
7 28
7 91
4 40
9 62
2 95
10 96
5 79
3 2
3 94
6 50
6 74
4 88
2 53
10 14
7 69
7 82
4 100
6 92
10 1
9 43
4 44
8 46
10 40
5 88
7 85
2 91
1 88
3 11
3 91
4 27
6 29
8 6
10 30
10 51
4 17
2 58
10 27
3 43
3 10
8 98
2 54
1 78
10 51
2 86
3 48
3 66
5 20
7 66
3 56
1 98
8 57
8 38
9 28
4 25
8 4
6 65
1 58
2 86
10 13
3 49
4 69
8 83
5 30
9 75
10 43
5 8
10 56
8 80
7 34
5 51
3 2
4 48
3 97
1 87
1 91
4 23
5 10
10 91
3 94
3 68
10 63
3 81
8 3
5 80
7 99
2 57
4 56
9 41
1 71
4 61
3 15
6 5
3 15
10 8
3 44
9 42
5 92
2 78
2 61
1 89
9 41
2 15
3 83
3 17
2 48
8 41
2 4
9 59
2 28
2 48
1 9
1 81
10 2
6 5
4 2
9 100
2 21
10 41
3 75
6 96
9 60
5 5
8 79
4 16
10 12
8 58
7 76
10 80
3 61
5 4
2 99
4 17
8 12
8 20
3 19
6 17
3 99
3 59
10 87
10 29
10 5
7 34
6 2
9 96
8 81
4 33
2 100
6 39
6 32
2 95
9 67
7 21
1 25
3 50
7 80
1 78
2 62
6 28
10 65
8 81
10 14
3 78
8 99
1 19
3 86
6 97
10 56
9 71
3 1
4 30
5 43
10 42
2 18
5 37
6 84
1 74
4 47
2 26
2 46
4 81
2 66
9 8
8 9
3 33
10 25
8 59
10 75
6 18
3 66
8 99
4 45
9 52
3 66
10 82
8 9
4 12
8 95
10 8
10 54
8 80
2 91
7 37
6 45
9 2
5 51
2 100
1 36
9 95
8 85
6 56
5 47
3 65
10 3
7 51
6 32
6 95
4 57
10 93
6 12
5 9
5 91
9 87
5 1
4 2
6 69
4 30
5 20
8 48
7 29
4 34
5 6
3 16
2 13
7 45
2 41
1 32
5 67
3 72
6 45
4 42
2 30
4 42
9 53
5 52
10 60
2 46
7 5
9 24
3 40
6 75
3 90
10 18
2 75
7 51
6 52
9 51
7 24
5 74
5 9
6 82
6 14
7 90
6 88
2 54
1 62
5 58
5 38
8 77
10 63
4 37
1 20
4 32
8 15
8 33
10 92
7 65
4 17
9 6
6 87
4 23
1 63
8 22
1 7
5 83
6 67
10 76
7 40
2 42
8 75
9 35
10 19
8 75
9 66
10 26
5 7
6 47
1 31
5 15
7 73
8 92
7 34
9 78
2 9
3 69
6 48
10 13
9 37
1 74
3 77
2 86
9 76
10 10
10 42
2 86
1 88
10 49
4 62
8 66
8 77
1 84
6 98
2 85
3 87
4 22
9 46
3 71
2 28
5 31
1 87
9 33
5 89
6 22
2 93
9 100
3 84
10 96
1 76
5 73
5 52
1 56
7 21
9 39
6 5
6 38
3 36
6 66
5 99
4 19
2 57
9 32
3 68
8 76
9 80
7 36
4 57
6 40
6 74
6 24
3 43
1 77
5 35
1 36
1 75
8 27
5 52
4 10
10 84
1 42
9 4
3 82
10 45
2 22
4 97
4 41
6 57
7 90
6 46
6 75
9 72
5 3
8 71
6 74
6 29
6 92
1 70
2 59
1 64
3 21
2 74
3 50
1 27
8 17
7 27
2 7
9 59
4 18
10 31
2 13
10 29
10 26
6 72
10 79
8 31
2 34
7 44
3 79
9 30
6 80
8 47
5 69
7 79
4 57
4 74
1 94
8 36
1 9
9 51
9 54
6 89
2 96
6 53
7 56
4 29
1 25
2 90
7 47
5 76
7 24
3 5
5 69
1 85
9 45
7 3
5 33
7 15
5 20
5 11
7 50
7 85
7 65
7 4
5 39
2 75
3 55
3 23
10 94
7 68
2 82
9 52
1 35
6 60
3 6
8 72
3 67
4 53
6 15
10 73
4 60
4 47
7 41
1 94
7 69
7 2
8 99
6 6
10 48
4 32
1 62
2 50
10 17
10 37
5 28
9 97
8 30
2 13
7 43
1 77
4 66
3 82
3 45
7 89
8 20
1 80
4 47
6 62
5 71
6 30
9 96
3 40
9 77
10 60
4 76
10 83
1 58
4 8
4 95
5 96
1 3
8 3
10 81
5 16
6 41
10 19
9 14
10 93
7 45
7 56
9 97
6 2
7 28
7 77
5 6
7 21
8 53
7 66
6 18
8 56
5 20
2 13
5 47
5 94
9 70
7 26
10 86
2 32
3 44
4 16
9 58
10 74
4 83
8 96
7 56
9 78
4 14
6 54
5 34
2 61
8 33
3 17
2 2
5 11
1 22
7 98
5 30
5 57
5 15
4 81
9 36
10 81
2 1
2 85
8 5
4 52
10 57
2 90
3 26
6 29
7 38
10 98
7 12
4 24
1 87
9 6
2 81
2 51
8 47
4 52
6 34
2 13
9 86
6 92
6 78
6 99
6 80
5 28
10 1
2 76
8 14
10 14
7 4
9 23
10 66
8 23
8 1
7 29
10 24
3 7
5 69
2 65
8 49
1 17
5 52
1 13
5 96
3 50
7 13
4 84
10 53
10 38
3 59
4 88
9 87
5 28
7 84
1 55
7 59
1 9
10 35
6 28
5 34
4 41
6 63
5 44
1 21
2 27
7 80
10 6
4 23
2 26
5 39
8 25
8 88
9 70
9 58
7 66
10 94
9 19
7 99
5 5
10 100
1 91
7 16
2 31
7 41
10 34
1 77
4 66
6 11
8 11
5 63
5 70
8 38
2 5
7 85
10 8
3 35
2 72
7 58
5 31
8 16
5 55
6 95
2 80
3 92
1 5
1 56
4 43
6 21
2 94
6 48
9 97
2 59
5 41
8 99
8 37
1 95
3 17
10 37
1 66
7 63
2 82
1 30
2 37
2 95
9 31
10 85
5 88
1 3
5 51
2 74
9 3
1 84
2 1
1 42
2 99
1 61
10 81
7 80
2 31
10 12
10 75
10 40
3 57
3 47
2 73
6 29
7 72
8 87
3 31
8 95
2 4
6 48
7 95
4 39
10 15
4 16
7 15
5 4
4 16
3 83
5 99
5 69
8 15
8 62
9 17
6 92
1 74
2 90
2 59
9 19
8 11
4 71
6 69
7 22
7 4
9 91
10 74
3 69
3 29
1 2
4 69
4 92
4 75
9 14
9 10
8 27
9 72
2 46
7 16
9 38
1 51
5 80
4 81
9 11
4 51
2 20
9 31
6 100
7 8
10 44
7 95
6 20
10 58
4 52
1 97
9 83
3 20
2 5
3 85
9 60
