6 22
3 6
9 85
8 11
4 81
1 40
6 54
1 86
6 78
5 72
1 42
7 72
7 12
9 60
7 71
10 1
5 17
7 52
9 28
6 58
5 31
8 70
9 100
1 24
3 74
3 13
2 5
2 98
2 13
7 15
1 62
4 74
6 97
5 41
1 79
7 69
3 76
7 56
6 19
2 74
4 56
6 47
10 48
10 84
2 38
5 89
1 5
10 57
10 98
5 13
1 1
9 15
6 50
3 70
1 46
8 62
10 37
10 10
1 46
9 94
2 39
3 57
3 1
6 67
2 88
4 69
7 78
3 34
1 22
3 80
3 73
3 76
4 60
3 99
7 60
8 83
9 12
3 23
9 89
3 19
9 31
5 7
5 39
3 50
10 1
3 99
9 57
2 5
1 19
7 77
8 20
4 28
6 44
2 47
6 70
5 15
5 67
9 25
1 95
2 65
9 93
1 37
7 94
10 1
3 93
7 20
6 2
3 61
4 85
5 29
8 90
5 47
1 28
7 90
1 55
1 1
5 7
1 24
4 70
10 60
8 62
6 100
2 49
10 65
9 13
10 22
10 76
8 61
5 69
10 6
1 34
4 30
2 95
2 27
2 51
6 89
3 53
10 57
9 17
5 61
9 6
7 12
4 97
2 83
2 88
8 1
3 64
8 66
8 12
3 46
4 9
10 49
8 87
1 67
5 7
3 73
7 6
2 85
5 20
2 13
1 3
10 84
1 34
9 62
8 64
10 94
8 15
7 47
10 9
6 50
1 18
7 72
5 66
4 76
7 90
8 69
5 35
6 33
2 68
1 49
1 50
1 53
5 69
2 92
7 49
5 11
7 78
1 51
8 58
8 45
8 6
9 53
9 24
4 78
4 20
3 21
3 9
5 89
5 20
3 32
4 88
10 73
4 64
1 38
5 66
2 24
6 16
10 25
3 19
3 26
2 24
4 7
2 83
2 13
4 59
9 11
3 46
10 56
8 91
6 72
10 74
2 17
5 81
9 43
1 49
3 53
7 72
9 91
1 30
10 17
6 78
9 56
5 19
10 92
4 88
1 86
8 50
5 49
5 76
10 52
6 69
7 91
7 51
2 68
10 95
10 53
5 58
3 71
5 51
6 29
2 42
4 40
5 29
8 67
6 26
6 55
8 74
2 17
9 53
5 11
7 42
5 81
7 26
9 46
8 42
6 76
8 38
4 9
4 89
3 18
2 30
2 26
5 88
6 1
10 91
9 99
7 92
1 29
6 35
6 27
5 51
7 87
2 63
5 46
10 13
10 96
7 72
10 2
4 55
3 45
10 100
3 86
4 67
6 46
10 20
7 83
7 80
7 44
4 41
8 14
8 100
5 68
7 61
7 75
1 14
5 35
9 28
6 54
1 35
9 79
5 74
6 29
7 51
7 10
8 13
8 62
5 91
1 63
2 60
10 44
7 94
9 97
9 28
2 15
2 30
4 56
6 96
1 34
8 74
6 45
2 66
7 30
4 99
9 83
10 54
9 2
4 92
5 39
8 28
5 14
4 11
6 17
9 66
5 98
1 91
8 41
4 80
2 74
2 74
7 38
2 90
2 44
2 66
9 15
7 47
4 63
9 85
2 74
3 45
1 52
9 27
3 70
6 12
1 85
9 85
3 55
4 76
2 84
10 25
3 38
5 73
9 65
6 38
8 55
6 76
10 1
9 18
9 53
6 46
8 32
2 16
4 2
3 93
2 43
6 61
7 29
4 38
7 58
2 24
8 85
5 99
2 1
7 72
3 21
1 97
7 38
5 87
9 39
3 48
8 28
2 2
7 91
1 39
3 11
4 61
10 90
4 47
1 11
6 85
7 29
5 57
4 28
1 41
10 78
5 22
1 53
3 88
10 15
1 48
3 55
1 31
9 52
4 88
6 72
8 81
7 95
9 66
7 30
6 60
1 91
1 90
4 87
6 83
6 64
4 59
6 20
6 35
3 82
6 84
8 4
6 48
3 42
5 65
9 19
5 83
6 55
6 37
3 49
8 99
7 79
7 91
2 95
10 73
2 88
4 82
9 34
10 9
9 19
6 66
1 40
2 61
2 44
9 6
2 85
10 55
4 61
6 9
6 67
8 49
8 22
6 55
3 87
9 82
5 16
2 24
9 65
8 75
2 36
10 73
4 84
10 13
5 47
3 15
3 97
1 71
5 53
6 89
10 75
1 33
8 71
6 15
9 66
3 22
8 78
5 26
6 25
9 35
4 83
5 5
1 9
9 75
1 91
1 83
10 77
8 60
4 71
9 11
5 42
8 72
8 99
8 55
10 18
7 70
3 67
4 33
6 98
3 76
1 34
10 74
5 78
1 21
3 31
7 65
1 49
4 94
10 13
7 53
4 80
1 6
8 18
3 62
5 53
9 72
7 45
6 77
8 2
9 45
6 70
8 97
9 97
6 8
9 65
5 82
9 46
1 24
3 28
2 57
1 58
6 1
5 24
6 17
6 96
9 92
5 81
4 90
10 80
1 50
8 52
7 85
6 17
6 94
3 86
1 20
10 96
2 9
4 55
10 5
3 9
10 90
8 85
9 80
7 38
8 4
9 85
7 79
6 1
6 25
8 82
10 15
1 88
4 78
10 39
5 70
1 32
9 15
2 31
7 68
8 57
2 57
1 8
4 35
1 81
10 72
8 46
7 81
4 30
10 1
5 14
10 82
4 78
3 59
8 69
6 1
9 27
9 39
2 73
5 94
1 74
10 37
3 44
2 2
6 21
7 74
1 50
1 32
10 11
6 90
6 45
8 7
2 8
9 53
8 24
10 71
5 32
5 27
8 78
10 47
10 94
3 45
4 98
7 41
5 71
6 43
10 50
5 87
9 66
7 90
4 30
10 82
10 26
2 97
2 35
3 19
4 69
7 14
6 90
6 39
2 73
8 64
1 88
10 44
6 79
9 31
10 13
5 24
3 57
8 25
5 4
4 86
3 69
4 89
10 58
5 82
2 62
6 67
2 16
10 43
2 87
7 33
3 59
8 28
4 29
6 1
6 59
3 61
9 19
7 66
10 6
6 61
9 17
3 57
1 84
1 95
1 24
8 10
9 7
1 98
5 81
3 6
5 98
10 59
6 47
7 40
10 99
4 68
7 55
9 79
8 54
2 80
8 16
4 83
6 93
5 47
7 74
6 45
10 71
4 21
3 60
7 49
6 91
7 8
6 84
3 43
2 77
5 83
2 75
2 88
1 29
6 51
9 4
8 84
2 84
9 98
3 43
4 7
3 44
9 8
10 8
3 70
7 41
3 76
5 18
9 5
5 95
2 49
5 18
2 88
2 76
6 7
3 64
8 100
6 17
4 16
3 14
2 92
3 74
2 13
4 13
10 26
8 60
9 77
9 93
3 53
10 19
4 55
1 10
8 90
5 50
10 65
2 51
3 9
9 68
3 25
9 56
9 10
8 67
9 91
10 73
8 54
4 74
9 18
5 30
8 86
9 79
7 70
3 2
5 84
8 27
4 69
9 94
10 43
2 39
10 16
3 81
5 69
3 71
5 61
10 55
7 92
10 33
9 28
9 56
7 23
8 8
5 75
3 52
6 83
4 66
2 36
8 30
1 37
5 84
6 91
7 87
2 8
2 66
8 66
7 89
10 85
1 50
6 66
9 61
8 16
3 3
7 70
8 47
8 33
8 16
10 56
1 39
8 86
10 68
4 37
3 28
5 53
8 5
9 59
1 67
1 76
1 95
2 78
4 70
9 23
1 71
3 45
4 22
7 46
6 74
10 12
10 38
3 68
5 85
10 85
6 48
6 48
8 64
1 68
10 89
2 41
7 49
3 14
2 70
2 47
7 36
6 75
2 31
9 23
8 26
9 53
9 92
5 41
7 36
9 61
10 68
10 8
8 78
10 61
10 8
8 19
8 2
1 59
7 98
6 76
8 24
2 34
6 44
2 5
1 74
2 21
7 16
10 100
4 58
8 44
2 71
2 100
6 49
7 79
9 24
1 68
8 24
4 28
2 12
6 57
6 26
6 47
8 73
3 13
9 46
6 95
5 48
3 24
8 91
7 79
6 13
8 19
10 72
9 4
1 95
6 92
6 20
10 15
9 11
10 99
10 9
9 57
6 51
4 77
7 74
5 4
10 56
10 17
4 6
4 33
10 55
7 92
2 56
10 98
7 89
2 70
10 15
5 34
3 36
6 56
9 97
8 82
2 2
5 98
7 33
5 80
4 41
3 24
2 30
8 75
2 36
4 46
1 36
9 75
1 54
4 85
10 79
7 55
7 23
4 5
1 37
8 88
1 36
9 95
5 23
4 74
5 27
5 3
5 52
3 91
10 70
1 80
4 51
10 6
6 94
1 96
9 46
6 45
7 30
4 35
1 77
1 100
5 31
2 20
5 7
2 27
1 95
10 93
5 86
2 76
5 96
7 34
5 21
9 72
1 40
9 42
6 66
4 44
8 72
6 99
8 58
2 22
3 38
8 80
9 5
8 99
2 41
