4 26
8 21
3 76
2 21
10 99
4 24
8 98
7 85
5 28
9 88
5 18
5 35
2 44
4 41
6 94
4 45
8 12
3 21
4 98
6 72
4 32
7 67
10 94
8 20
8 60
7 13
9 85
9 45
3 42
2 88
2 1
5 89
8 19
6 8
10 80
5 86
2 51
2 78
6 86
2 46
3 80
3 67
1 41
5 14
3 3
10 72
1 91
10 69
9 52
10 22
3 32
10 8
5 95
4 29
4 95
8 22
9 14
6 83
6 35
7 79
1 32
7 23
10 56
2 63
3 17
9 35
2 76
6 69
6 38
4 65
5 32
2 25
7 51
7 59
10 87
6 72
6 5
5 8
7 10
2 56
3 83
10 8
10 88
3 99
9 90
8 28
7 2
7 7
7 87
2 57
4 55
4 80
4 66
10 7
3 68
8 99
1 70
4 80
7 19
10 19
10 57
8 96
7 75
10 83
4 82
7 8
8 62
8 89
2 14
3 88
9 87
1 18
4 62
10 91
10 81
7 12
4 53
3 32
5 50
7 2
8 76
5 71
10 49
3 52
10 91
10 12
5 17
2 50
3 14
1 65
4 55
10 91
10 71
10 80
2 5
1 80
2 32
6 85
7 70
1 8
7 12
1 53
10 14
3 30
10 96
8 42
5 92
7 56
10 67
3 40
1 16
6 12
10 20
1 7
9 56
4 95
5 76
7 57
7 9
10 43
5 71
10 66
8 69
4 55
8 93
2 76
8 55
2 11
3 42
10 82
9 8
1 86
9 100
1 39
6 42
4 97
9 78
4 26
7 69
5 67
1 89
7 64
7 95
5 69
2 48
7 75
4 34
5 68
8 73
7 39
9 58
8 32
4 14
1 40
10 68
9 8
6 35
1 65
6 12
1 89
4 20
1 21
8 32
4 38
1 13
9 73
8 4
4 79
4 28
5 58
9 11
5 100
4 10
1 34
1 81
4 96
7 36
1 20
8 52
5 36
9 21
6 18
9 44
10 43
10 42
9 55
8 57
7 5
5 8
3 75
4 78
1 77
3 74
3 32
1 82
9 9
5 81
4 60
8 91
3 27
8 53
10 71
9 11
9 87
8 7
3 52
1 19
7 86
7 87
5 57
1 4
2 10
10 45
1 21
3 81
4 100
5 61
3 83
6 48
9 88
1 1
8 25
1 9
8 21
10 63
2 95
6 65
8 59
3 77
9 99
1 16
8 86
3 14
4 37
7 13
3 62
7 36
9 22
9 24
2 90
6 6
2 15
8 18
8 11
9 25
10 100
5 82
7 56
7 40
1 23
2 100
5 94
6 5
6 88
5 3
3 42
1 23
4 88
3 13
1 87
1 8
4 99
7 51
7 99
5 3
4 16
9 72
2 31
7 100
3 34
10 38
1 73
2 100
6 45
4 46
1 91
8 28
3 25
2 14
9 79
2 22
3 7
6 70
8 18
5 17
6 95
6 2
4 51
4 40
2 40
4 48
1 54
9 35
5 20
8 63
10 87
5 43
9 3
3 80
2 78
9 28
8 57
4 82
5 79
8 86
9 81
7 3
9 69
1 42
6 54
2 87
3 64
9 100
8 1
4 18
7 85
10 41
10 24
4 62
9 70
10 84
1 74
4 92
1 40
10 82
2 93
2 37
6 86
9 43
5 50
4 71
1 73
9 52
4 10
3 47
4 3
5 20
5 36
10 26
3 30
9 45
1 47
5 30
5 52
6 50
4 35
1 31
9 94
9 60
6 88
5 40
8 3
1 71
10 28
9 77
7 24
6 84
4 23
1 33
9 95
3 10
9 38
10 11
4 30
3 75
5 83
8 62
2 38
7 17
2 81
8 94
3 34
7 51
1 26
8 54
4 3
3 87
3 29
5 10
4 66
10 67
1 94
4 80
5 4
5 22
3 67
3 80
7 27
5 78
4 58
2 34
5 91
1 93
10 75
3 20
7 49
7 74
8 13
7 62
4 72
10 14
1 62
8 12
1 92
2 9
6 52
3 8
1 100
6 20
1 1
4 66
4 5
5 18
10 56
9 13
7 66
3 49
7 90
9 37
7 68
2 71
5 69
1 77
8 46
5 60
1 93
10 52
4 63
4 28
3 51
4 25
4 60
9 19
6 11
5 48
10 92
6 38
1 68
8 24
9 44
4 85
3 12
9 28
3 79
7 76
7 30
2 92
8 8
5 36
2 58
2 80
4 76
9 4
8 5
8 21
10 75
4 18
8 15
4 28
5 36
4 10
10 54
7 24
4 43
10 79
1 42
5 49
6 60
4 79
6 44
9 21
8 30
9 73
5 57
6 68
1 7
2 46
10 2
3 53
2 92
3 98
7 27
10 12
3 71
10 97
1 37
7 15
8 71
10 24
2 34
5 7
10 39
3 84
5 22
10 90
7 92
9 31
7 17
6 56
9 14
4 63
6 97
7 56
4 27
3 92
7 30
5 37
4 5
4 47
1 94
9 23
5 43
5 95
10 4
3 66
3 8
7 42
9 50
1 87
10 85
5 22
2 9
1 79
10 29
5 73
6 82
10 29
4 16
2 78
10 88
10 80
7 35
1 44
6 62
2 88
9 15
5 20
3 88
8 8
9 63
4 12
3 82
4 15
2 24
5 9
1 6
7 13
5 28
3 10
4 44
10 24
10 34
8 79
10 13
4 69
7 50
2 34
6 31
9 66
7 67
10 18
2 84
2 11
3 2
1 35
5 44
6 2
5 49
7 27
9 42
2 41
3 51
1 93
7 27
6 49
3 48
10 85
10 40
5 42
9 31
10 37
9 66
8 3
7 46
5 48
5 94
9 52
9 81
5 46
9 52
9 92
7 76
9 44
1 21
2 10
7 96
10 23
1 3
9 6
8 18
3 26
4 9
3 55
1 73
8 85
1 65
5 88
4 75
4 38
5 31
2 96
8 40
4 48
4 85
10 39
2 60
10 80
4 15
3 81
7 63
6 62
7 86
9 72
7 36
9 51
8 63
9 36
3 8
10 22
6 26
1 71
9 86
1 8
8 4
1 59
7 70
8 53
7 64
7 20
4 84
9 58
5 87
6 21
10 64
3 7
5 97
6 42
4 37
5 64
6 37
1 88
9 79
10 26
5 21
1 21
5 15
9 69
7 17
2 27
1 55
3 13
4 62
3 14
6 28
5 14
2 33
10 52
8 14
6 33
6 39
1 75
7 64
10 2
6 43
7 82
10 82
9 86
10 65
4 85
10 80
1 12
10 76
4 68
1 99
1 42
1 32
9 49
8 4
10 70
2 63
1 95
3 77
2 35
7 42
9 3
5 37
2 55
4 61
8 83
6 61
8 88
6 86
1 31
9 2
5 21
6 4
8 38
8 28
9 24
3 10
2 47
1 27
2 19
4 63
4 66
7 84
8 21
7 8
9 41
3 16
2 51
7 75
4 82
2 74
7 33
5 56
7 69
9 45
4 56
9 23
10 76
10 62
1 23
1 74
10 8
6 100
4 24
1 74
9 79
6 99
7 30
7 79
2 46
3 95
10 34
1 30
2 89
5 65
6 75
7 57
7 40
1 6
9 12
4 75
5 74
10 77
4 82
7 89
6 37
8 99
9 45
8 21
4 58
2 85
8 77
7 91
4 96
2 87
5 87
2 56
2 78
6 22
9 67
6 5
6 6
1 3
7 37
10 99
8 14
8 60
4 90
1 58
4 52
8 39
9 97
8 23
2 43
6 6
3 16
1 72
8 62
8 11
6 73
10 52
5 66
5 76
2 12
3 25
3 21
7 62
10 33
7 67
3 2
6 31
6 68
8 100
3 81
2 77
7 79
3 80
1 25
10 37
2 39
10 100
6 2
1 47
9 17
5 12
7 86
4 26
7 60
5 59
3 34
9 55
3 89
9 99
9 48
8 69
5 65
3 83
9 7
6 35
8 67
10 11
7 40
1 6
6 13
2 79
8 25
9 9
5 49
1 41
5 46
9 6
6 41
6 94
3 61
1 5
10 57
3 70
3 83
7 77
10 5
8 30
4 38
2 45
2 73
3 11
7 43
2 40
8 39
3 90
2 63
2 86
9 45
4 71
8 40
9 92
7 57
6 7
10 50
8 89
3 86
9 88
10 44
4 96
4 38
1 5
10 82
1 30
6 72
5 33
8 13
8 39
8 1
4 59
8 41
5 53
1 40
4 84
2 60
3 58
6 56
2 93
5 69
6 89
5 18
7 55
4 61
2 41
3 37
8 24
3 33
4 79
6 59
4 55
2 7
3 38
4 31
4 29
1 100
8 26
1 23
9 20
2 89
10 63
4 53
7 87
5 21
8 69
2 3
2 65
9 26
1 39
1 28
2 73
2 32
10 42
1 75
5 61
2 32
10 69
8 24
4 65
4 30
8 75
10 64
5 50
9 12
4 58
4 91
1 42
4 37
3 96
2 50
5 87
4 3
9 94
8 60
3 13
4 22
8 42
7 90
9 95
2 6
10 31
2 52
7 82
9 9
3 69
