2 46
9 93
7 68
5 65
6 16
10 24
3 71
10 8
7 6
8 99
4 98
9 63
4 45
7 19
10 54
7 90
3 97
10 91
5 69
2 42
9 82
4 99
8 87
1 21
10 21
4 84
3 66
3 68
9 14
5 23
3 12
4 26
8 97
5 69
6 73
8 8
9 98
10 1
10 43
1 97
1 11
6 7
3 88
6 77
9 83
8 65
6 20
9 47
2 85
8 42
2 81
4 92
2 72
6 56
9 8
7 31
3 79
7 23
6 58
2 5
5 79
5 73
5 70
3 52
8 63
7 98
10 72
8 74
3 100
1 23
2 89
3 89
8 87
7 52
8 59
2 65
2 23
6 32
1 67
9 82
3 33
5 81
6 10
4 37
5 30
4 18
7 90
5 96
8 73
4 83
10 40
3 33
8 100
8 17
4 38
7 9
2 13
5 4
6 96
10 22
5 62
9 62
9 24
6 91
2 58
5 30
8 19
8 40
8 56
5 92
2 12
7 84
8 65
10 89
4 89
8 1
2 84
8 33
6 11
3 68
2 95
1 83
7 20
9 59
4 52
3 25
4 92
2 8
6 82
9 90
7 46
8 73
7 75
8 25
8 45
8 84
7 82
1 33
5 86
8 98
1 8
9 96
8 62
1 97
3 52
6 26
9 82
7 79
7 65
9 64
5 84
4 38
10 60
2 8
5 29
6 44
3 96
4 93
3 83
4 22
6 3
9 25
9 94
5 83
4 48
1 44
7 64
5 83
4 89
1 32
3 86
6 86
9 71
4 61
5 6
9 60
1 75
4 99
8 44
3 16
4 1
10 52
6 72
9 59
1 81
6 25
1 88
5 51
2 55
5 98
8 60
7 3
5 52
7 100
10 27
4 99
4 24
8 77
6 28
4 94
1 47
3 15
9 79
9 96
7 51
4 46
6 68
7 26
10 2
1 49
9 77
2 71
10 69
3 45
9 45
6 47
3 61
4 55
7 32
6 9
1 74
9 24
4 58
5 74
7 100
6 92
9 26
4 57
10 36
9 10
5 42
5 98
2 86
3 60
5 35
3 58
9 58
9 64
10 63
4 63
4 24
6 99
8 46
8 17
1 73
4 94
8 67
3 93
9 1
6 62
7 3
3 50
8 13
10 43
3 90
5 76
10 32
8 49
8 78
6 59
3 40
6 95
8 5
4 38
7 24
5 81
5 36
4 50
3 32
10 43
7 40
6 98
3 6
7 58
1 22
2 30
1 21
3 56
8 88
4 82
10 53
7 1
1 86
2 45
9 91
10 2
4 4
9 80
6 84
5 15
1 88
6 99
2 95
3 25
10 54
4 68
6 69
2 26
9 18
10 73
3 30
7 50
10 6
1 51
3 99
8 54
4 78
4 5
7 72
5 59
7 49
10 69
8 56
2 85
5 92
7 7
10 53
9 97
6 59
1 11
9 27
8 1
3 60
1 13
7 78
3 36
3 89
1 29
7 30
8 16
9 18
7 86
10 52
4 82
10 38
5 52
9 16
6 54
3 45
6 95
1 46
5 34
1 53
8 43
10 31
5 9
9 66
7 64
4 87
9 34
3 4
4 85
10 34
7 39
6 85
6 83
6 77
8 68
7 29
1 12
3 35
1 55
6 72
10 50
10 6
6 23
4 44
10 43
9 65
1 79
5 37
9 80
5 89
9 66
6 82
2 68
5 74
2 34
8 91
2 79
7 60
9 11
3 22
5 65
1 40
4 18
6 100
5 2
7 43
2 88
9 19
8 14
8 15
6 39
10 83
5 48
5 71
7 48
2 91
7 76
3 1
7 45
2 43
4 31
3 59
7 78
6 61
8 15
8 24
4 92
7 73
10 1
3 25
9 16
9 51
5 8
10 78
1 18
9 97
7 25
4 53
2 33
1 55
4 26
4 7
7 99
7 20
8 93
8 83
7 10
6 44
2 45
1 45
10 47
2 58
5 21
5 20
10 23
6 93
7 89
8 50
7 94
5 65
7 17
5 70
5 86
3 36
5 58
6 68
10 71
3 59
1 86
9 38
8 94
3 20
4 6
6 51
10 35
4 43
2 81
3 16
6 25
4 71
9 91
10 48
3 94
8 59
10 49
2 58
6 45
10 91
9 33
1 79
5 65
8 39
10 61
7 46
6 77
3 80
8 66
7 77
8 68
7 99
4 82
5 71
4 92
9 87
9 7
8 26
5 37
1 67
3 76
8 48
3 20
10 55
7 81
2 35
6 45
2 70
9 28
8 30
3 79
1 55
6 80
4 56
7 17
3 74
7 2
3 6
3 45
2 77
2 53
7 38
1 98
9 9
1 24
8 68
8 46
5 27
8 12
6 25
6 34
8 85
3 21
1 67
2 3
10 17
10 29
3 2
7 33
4 98
3 94
7 23
3 10
3 56
8 82
10 9
7 61
6 58
2 83
1 53
3 93
10 27
6 10
1 79
7 76
5 36
8 25
2 48
2 6
8 81
5 43
8 3
6 93
7 97
8 68
8 62
5 40
5 16
6 40
10 81
3 78
8 28
7 2
4 79
7 82
7 55
4 83
5 73
4 14
8 1
2 22
2 40
3 29
5 60
9 86
8 67
5 59
4 96
8 53
4 16
1 6
4 5
5 69
3 37
3 52
8 50
1 62
8 57
8 89
9 93
9 69
3 63
7 23
7 44
7 25
7 63
7 30
8 59
4 70
10 37
3 27
3 57
1 35
6 62
2 43
7 6
6 61
8 63
3 55
8 39
4 75
4 3
9 22
9 58
10 89
5 51
4 36
6 53
6 83
7 68
5 6
4 40
8 37
6 36
9 33
5 33
3 23
8 78
7 30
7 62
10 91
6 40
3 74
5 14
7 7
3 77
8 25
4 9
9 6
5 42
3 47
4 71
8 32
2 10
6 99
4 21
10 24
10 45
5 12
9 93
5 59
3 66
9 9
7 25
9 68
1 85
2 56
10 36
4 51
3 53
2 48
6 77
7 11
4 96
6 44
4 53
2 94
3 55
8 71
3 74
7 86
9 77
5 100
5 48
5 27
10 77
5 89
3 70
2 62
1 45
5 37
1 15
2 41
8 15
2 52
10 27
8 17
2 54
5 87
1 40
4 82
10 32
4 98
7 99
7 58
9 58
6 16
4 46
6 16
4 96
3 94
4 37
7 96
7 80
5 45
2 92
4 62
3 56
10 39
2 12
10 78
2 62
3 91
1 15
1 90
8 13
1 67
5 2
10 97
4 19
6 15
9 38
9 63
10 86
9 45
2 70
10 64
3 21
7 76
6 93
4 80
3 5
10 86
9 6
9 38
2 50
6 60
1 32
10 50
1 2
9 66
3 32
8 9
7 58
10 37
1 4
3 69
2 82
10 19
6 35
2 23
7 79
1 59
6 98
9 71
3 84
9 72
9 10
10 20
1 67
5 52
4 53
8 58
4 14
5 59
2 48
4 21
2 8
10 82
6 15
8 30
8 27
8 70
4 57
4 98
6 46
2 88
9 23
2 7
7 6
8 12
3 18
10 68
7 3
8 33
5 55
9 10
3 69
4 8
6 61
1 7
10 88
5 30
4 2
10 84
1 42
1 28
10 59
1 80
1 14
3 22
3 11
8 4
3 61
7 74
2 80
6 94
5 14
4 44
7 19
1 72
9 46
4 21
3 51
10 84
1 46
5 70
7 2
3 67
1 14
6 24
10 89
4 20
8 10
1 91
8 94
5 92
7 58
5 89
5 24
5 97
4 71
6 94
10 1
5 80
7 78
3 79
9 97
9 21
4 53
5 24
7 2
2 7
9 90
9 83
9 25
10 74
4 17
1 1
4 7
5 47
9 15
10 81
8 2
3 76
2 79
3 66
7 79
1 54
10 42
5 20
3 7
1 80
1 72
5 42
10 16
2 31
10 34
2 12
5 3
9 94
10 19
4 41
6 41
10 73
6 98
9 94
10 8
7 51
6 76
2 7
10 77
6 54
5 27
6 11
3 37
10 11
3 67
6 97
9 1
2 44
6 29
10 75
3 40
7 31
10 24
1 24
5 89
7 9
4 74
10 62
9 55
10 74
2 26
6 54
8 91
4 18
10 81
2 25
2 10
8 71
3 70
6 23
7 49
9 99
7 87
4 78
7 94
3 52
6 47
7 5
10 94
10 31
3 12
7 78
3 90
2 84
5 28
9 90
9 24
7 86
7 38
4 57
7 49
3 61
3 76
10 56
9 66
9 93
9 71
8 53
2 69
1 73
9 16
7 19
3 86
6 11
7 11
3 89
3 96
2 64
10 55
2 45
1 91
9 46
1 39
8 26
7 78
8 3
6 24
8 92
7 20
9 89
10 41
8 20
9 4
8 10
5 41
6 71
2 46
7 87
4 22
1 42
6 65
6 98
5 53
4 28
3 89
9 61
8 98
7 32
3 56
2 30
1 43
3 34
3 67
1 79
1 49
7 19
3 3
2 1
4 40
8 55
5 70
8 19
10 20
4 76
7 61
5 18
