3 12
2 49
8 15
1 78
9 89
7 4
10 33
10 40
7 83
7 4
7 10
4 60
7 99
1 88
5 16
1 68
7 82
6 87
5 68
10 29
6 5
4 12
4 91
4 58
6 98
9 94
10 11
9 60
6 51
3 39
6 61
1 34
7 51
1 14
6 62
6 88
8 80
1 30
10 9
1 45
9 93
8 51
10 12
3 46
9 80
1 82
7 27
6 95
8 59
9 26
4 2
9 50
4 8
7 75
6 8
7 57
7 70
5 39
4 32
6 46
9 43
7 17
2 25
3 10
6 69
6 84
5 100
3 32
10 31
10 58
4 82
2 29
4 20
6 98
2 36
1 72
5 100
1 64
5 16
6 64
9 39
7 82
6 51
9 2
1 23
3 50
4 78
5 94
6 34
5 21
9 7
3 63
7 63
4 55
10 95
1 64
10 75
1 66
8 19
4 100
9 78
2 65
2 81
7 39
8 5
3 99
3 37
8 19
5 83
4 51
7 42
7 28
1 31
6 26
9 68
8 77
3 21
7 3
2 58
7 9
9 82
10 91
7 75
10 74
4 58
3 43
2 66
8 30
8 29
8 100
8 4
4 81
10 56
10 86
8 13
2 76
6 71
3 83
1 96
10 22
6 83
10 47
3 42
5 30
6 42
6 47
4 20
1 2
3 47
2 95
4 15
10 15
3 89
6 71
7 49
3 72
6 73
8 23
2 47
3 29
2 98
4 24
9 42
3 18
7 62
10 51
4 64
6 55
1 32
1 53
7 37
9 11
10 85
3 83
1 4
8 99
9 77
6 45
3 77
10 57
3 49
6 85
2 86
6 32
10 72
5 86
9 16
3 96
1 52
3 79
5 57
7 24
4 3
6 36
8 34
9 5
4 60
3 65
2 84
7 49
7 17
3 35
1 55
5 55
5 60
3 28
9 15
8 35
3 56
4 75
10 64
9 24
8 78
7 63
9 87
2 63
10 27
5 15
5 62
4 11
1 54
1 65
7 65
10 57
9 56
6 28
10 39
10 70
1 69
6 23
1 77
3 70
8 65
5 14
2 79
7 77
2 86
1 45
2 16
9 85
4 38
4 18
1 64
1 85
6 55
9 66
1 21
5 57
4 21
10 32
8 92
10 9
3 28
6 58
6 11
7 77
9 24
1 85
3 6
8 11
1 54
8 2
7 100
4 77
9 61
6 9
6 65
8 38
7 28
7 40
1 15
2 38
3 68
4 46
7 10
1 44
10 40
10 89
2 73
4 6
4 99
1 25
2 77
1 61
3 1
4 13
6 70
9 59
1 3
2 31
8 91
4 82
8 74
1 70
6 77
1 3
10 13
4 77
10 84
7 13
10 45
7 26
9 27
8 42
9 74
8 18
2 10
6 59
1 60
5 81
1 3
3 37
6 52
10 32
9 51
3 40
3 86
9 96
3 51
9 96
6 99
1 5
8 70
10 19
6 10
9 38
3 79
4 76
9 64
5 14
9 45
4 4
1 74
3 62
8 5
10 64
1 35
3 74
6 3
9 19
10 76
10 29
10 6
7 79
8 49
1 67
9 38
1 1
7 83
8 60
6 34
8 7
3 70
9 44
8 22
4 3
8 82
2 47
8 15
7 63
9 43
9 35
8 99
10 44
2 79
9 38
9 4
8 37
10 12
5 60
2 70
9 19
4 76
3 23
7 27
7 32
1 26
5 90
10 71
3 25
7 72
3 100
1 90
7 98
6 96
3 76
10 75
7 98
2 1
8 52
5 77
5 37
6 50
5 9
5 99
5 28
9 55
6 30
4 45
7 45
2 28
2 82
2 62
6 53
9 3
1 24
6 49
7 7
5 50
2 10
5 38
7 32
10 84
8 13
10 96
6 82
3 95
6 16
2 14
7 99
10 72
9 79
8 16
3 26
10 32
9 43
2 17
6 54
1 55
9 28
8 100
9 87
6 88
6 64
4 40
1 18
8 97
10 95
1 93
10 29
4 30
6 71
10 83
6 41
3 15
9 75
8 87
7 38
6 52
4 5
2 47
6 95
6 55
4 81
7 57
5 61
5 93
5 14
1 88
9 62
1 10
8 46
5 72
3 48
7 28
8 40
6 16
3 37
10 40
8 2
5 67
7 93
6 54
9 40
7 25
4 17
5 91
6 69
5 85
3 92
5 26
9 71
6 38
8 82
10 49
5 21
3 47
3 10
9 55
4 18
10 49
3 18
7 37
4 88
8 70
3 31
5 51
4 11
8 81
5 71
1 10
3 66
2 42
7 92
3 29
3 58
7 37
9 48
10 34
6 88
5 31
10 97
10 3
7 89
10 50
8 63
4 87
8 61
4 7
5 87
1 76
9 22
7 52
5 20
6 44
10 31
10 61
1 57
7 70
2 36
2 64
1 83
2 15
3 38
10 87
1 6
10 88
7 13
8 82
9 65
5 8
5 99
4 88
4 56
8 16
10 28
3 60
6 87
1 36
2 13
4 89
4 18
7 40
4 99
9 88
4 92
2 38
8 11
10 54
9 22
6 100
5 49
5 85
10 71
8 73
9 83
2 66
7 38
7 58
5 60
7 25
6 57
10 70
5 15
8 1
3 10
4 88
4 19
5 63
8 58
8 13
7 3
4 12
7 27
7 13
9 1
8 22
2 47
1 24
2 35
4 49
5 13
5 91
9 31
9 95
2 5
10 62
9 68
7 34
2 1
9 44
5 16
7 42
9 4
10 32
5 28
10 73
5 95
9 16
2 99
2 24
6 63
8 18
3 92
2 49
8 20
5 1
2 63
8 89
9 85
9 98
1 44
10 33
4 3
9 84
8 1
6 47
10 85
6 26
1 79
10 28
2 67
2 70
2 65
1 52
10 73
3 41
3 9
10 46
7 2
7 96
8 40
5 51
10 55
5 26
10 83
10 76
3 98
8 20
8 54
10 2
5 78
3 87
3 46
8 7
4 87
2 74
4 12
3 16
8 4
8 6
8 85
6 35
10 15
9 83
10 22
5 60
9 24
6 62
3 75
6 9
1 12
1 75
4 13
8 67
3 49
4 90
3 98
10 92
1 28
8 95
10 65
6 29
6 1
4 44
4 4
10 59
7 46
5 95
7 24
6 87
6 30
2 22
3 77
10 96
6 90
5 28
3 8
3 5
5 79
6 83
1 2
5 97
1 72
5 6
3 55
3 25
1 90
1 6
2 14
1 90
2 60
3 94
6 77
10 29
10 42
1 64
6 47
8 8
1 20
5 96
1 60
3 64
2 46
8 69
3 5
2 55
4 95
7 73
7 46
5 84
2 4
4 83
5 73
9 32
8 67
2 76
9 6
4 88
1 66
3 49
7 78
1 2
8 35
2 8
6 70
8 39
10 15
7 84
10 83
5 67
9 85
2 12
5 69
5 18
4 5
4 84
1 50
1 43
8 79
5 53
4 17
5 73
2 59
10 51
2 65
2 39
2 69
8 34
6 89
1 26
7 48
8 56
10 99
8 51
5 84
3 62
1 19
5 99
5 22
6 44
2 27
1 48
1 52
3 12
8 46
10 30
3 99
7 11
8 75
8 1
6 22
7 33
4 13
4 75
5 50
6 75
8 69
2 69
9 73
8 44
4 37
5 72
10 41
6 90
7 1
6 9
4 100
8 8
1 37
7 12
8 59
5 99
8 100
4 54
1 85
7 47
7 80
5 68
1 31
1 45
10 77
6 32
7 83
1 68
8 29
8 67
9 94
6 2
5 62
5 35
1 32
3 33
9 41
6 89
3 84
9 100
9 87
5 86
1 7
3 77
4 36
2 87
9 59
1 10
7 29
1 66
10 57
5 18
4 47
5 35
10 66
6 23
6 23
9 9
3 11
3 87
7 50
9 77
3 18
6 93
8 40
8 60
2 18
6 30
6 98
2 7
7 39
7 6
8 62
8 56
6 72
2 86
2 43
10 31
5 58
4 85
5 15
8 47
9 96
9 49
6 70
5 44
10 75
3 41
9 11
6 36
10 21
9 42
7 99
4 44
9 84
8 3
1 18
3 94
3 22
3 31
5 44
4 10
2 11
3 35
5 77
3 19
7 96
6 67
8 47
1 13
4 16
3 87
6 18
7 14
4 74
10 32
9 50
9 34
6 15
4 22
10 30
9 1
7 31
6 4
3 9
7 85
5 61
9 73
2 41
2 78
8 1
4 63
6 18
4 56
9 55
3 28
6 34
4 16
6 34
9 51
8 83
2 89
5 8
7 5
6 41
10 67
9 22
9 82
4 3
1 14
10 90
7 58
7 15
5 99
8 58
10 90
3 100
8 24
6 84
7 23
1 61
2 91
5 50
1 79
8 25
2 75
5 85
3 61
2 90
10 99
6 35
7 71
6 100
3 22
10 30
7 86
3 89
8 29
2 93
1 95
1 60
5 8
10 63
6 3
1 72
10 10
5 37
5 92
5 16
1 72
10 46
8 24
6 69
3 91
1 18
2 43
1 21
4 75
7 41
5 21
8 40
5 24
5 27
