2 23
7 42
5 7
3 66
6 18
9 52
9 63
3 40
3 12
7 30
6 32
4 95
8 30
2 96
9 15
3 50
8 63
2 41
8 33
8 65
10 14
7 46
10 76
1 95
8 24
4 91
4 97
2 50
7 31
2 67
7 65
6 91
3 47
10 25
5 25
2 12
4 57
10 43
7 12
3 91
10 40
1 96
5 53
7 89
6 70
8 34
5 59
8 82
6 50
6 70
8 51
4 2
2 49
4 85
6 2
2 3
5 46
8 39
7 5
9 67
9 31
10 6
7 22
7 76
2 75
3 89
8 58
4 83
5 28
7 62
9 62
4 40
5 68
9 86
5 92
3 74
9 70
4 49
9 53
3 45
3 88
8 88
1 90
5 5
5 99
4 25
4 97
7 25
5 56
9 51
3 38
6 3
1 43
9 93
7 12
4 40
2 27
6 33
3 43
3 26
3 15
6 54
9 86
2 67
8 64
4 48
9 4
9 49
4 77
2 56
5 24
10 66
3 73
4 67
4 82
1 83
8 46
1 74
2 97
6 66
1 77
10 60
9 53
7 1
2 54
5 60
5 56
8 38
7 35
5 70
9 59
5 55
1 41
1 11
3 47
4 9
10 44
6 51
7 90
10 83
10 56
2 76
1 21
9 58
1 39
4 6
3 33
10 87
1 92
1 91
10 40
4 93
6 7
3 2
3 14
10 34
4 9
6 61
8 98
5 11
4 98
2 60
8 48
5 31
7 94
7 5
5 90
2 54
5 82
5 7
9 89
1 31
5 39
4 57
5 27
4 56
9 76
9 14
4 73
10 66
2 33
9 88
1 87
1 64
5 7
6 84
7 80
4 58
1 87
4 65
2 37
2 7
8 88
4 62
8 71
10 9
10 92
6 35
5 43
10 66
9 53
3 67
3 2
2 66
1 33
2 6
2 31
5 25
8 40
7 27
3 54
1 92
1 30
1 15
9 73
7 16
1 80
7 62
9 100
8 76
4 61
2 47
4 50
9 58
7 95
6 97
7 19
3 34
4 77
6 33
4 5
10 92
7 11
4 68
5 69
10 28
3 55
7 96
10 69
7 69
8 52
2 68
1 93
7 40
3 3
7 94
8 96
8 36
2 80
10 18
1 74
10 65
7 87
6 93
9 97
10 35
10 45
2 20
8 89
6 65
10 97
10 89
1 9
4 60
1 57
5 10
4 58
4 24
5 17
9 18
3 68
2 67
10 32
10 42
2 66
5 91
2 88
4 21
2 93
7 10
9 3
6 58
4 29
2 61
10 92
4 56
6 49
9 6
2 26
4 68
2 29
10 48
1 94
8 25
9 87
3 80
3 50
2 72
10 68
4 59
5 74
6 66
8 65
1 100
9 19
1 56
2 48
5 96
2 100
10 86
5 63
10 66
10 99
1 18
4 46
5 11
5 93
5 59
3 46
2 49
2 35
5 97
9 26
9 13
10 94
4 1
10 14
5 49
3 100
5 59
1 3
1 4
5 95
7 57
9 20
6 20
2 30
2 59
5 72
5 88
10 19
9 95
2 55
1 69
10 61
2 51
9 12
9 39
10 2
9 15
4 90
10 97
5 68
3 98
3 29
6 24
6 21
6 66
9 35
8 34
2 40
5 7
4 88
10 4
8 83
10 50
8 16
8 50
5 9
3 75
7 94
10 79
2 75
9 56
7 69
6 15
1 28
5 93
8 84
4 75
10 26
10 96
5 59
7 77
7 52
8 36
3 69
5 46
5 76
2 84
10 53
3 93
8 9
8 95
3 27
6 79
6 67
1 87
7 94
8 71
10 7
2 67
9 37
10 49
6 58
3 94
9 28
9 12
3 98
3 24
3 54
2 33
3 42
8 37
2 49
9 67
3 8
3 63
7 7
8 79
1 19
3 6
8 13
10 47
5 97
4 76
8 36
8 40
1 59
9 84
6 73
3 58
5 13
8 52
9 14
5 61
4 80
3 97
2 45
9 99
6 40
5 63
8 89
6 18
3 77
1 87
3 14
10 80
4 52
10 42
3 67
5 94
4 9
3 34
3 75
7 23
9 92
1 65
1 30
6 80
9 50
5 50
2 78
8 36
8 98
7 34
9 9
3 83
10 10
1 56
7 23
6 49
10 5
10 62
1 26
10 45
3 57
9 78
3 16
7 31
6 39
9 94
7 68
6 40
7 83
6 9
7 18
2 38
2 15
3 99
4 86
7 15
6 61
5 57
7 17
9 41
1 79
7 48
6 77
4 25
7 12
3 4
5 51
1 21
8 50
10 19
1 85
8 7
2 59
5 97
9 95
6 45
2 94
6 35
10 35
2 9
9 61
8 50
10 43
3 32
1 78
7 90
7 43
4 84
9 59
6 77
5 81
7 48
7 40
10 19
10 39
3 28
7 2
3 61
9 69
10 76
4 75
7 36
4 37
5 15
1 90
4 93
10 52
1 62
5 13
9 48
8 48
7 64
8 42
10 70
10 49
1 72
2 9
9 17
3 54
5 84
6 30
9 77
1 67
1 18
1 13
10 26
9 66
4 43
8 59
6 46
3 96
4 10
6 71
7 25
4 43
10 51
9 4
7 65
6 39
7 57
10 35
3 1
1 82
1 38
6 51
10 36
6 62
2 59
6 19
1 13
7 51
9 39
10 67
8 90
9 35
7 39
2 24
10 34
3 51
1 84
10 63
6 20
5 73
6 98
6 91
8 88
2 50
7 32
3 65
6 46
2 19
8 27
7 21
10 100
10 34
8 30
2 95
2 66
8 35
4 5
3 60
2 9
8 21
7 52
5 77
2 71
1 8
6 50
2 8
5 43
10 54
9 24
5 40
4 11
7 56
9 49
1 11
10 38
1 51
4 85
1 94
8 20
8 73
8 35
9 34
8 63
7 83
3 73
10 44
3 57
4 51
8 69
8 26
4 18
10 5
10 56
10 90
6 9
7 19
5 16
10 79
2 92
7 62
8 42
6 96
8 62
9 40
9 74
9 26
4 6
1 10
9 32
4 43
9 70
9 45
5 71
1 55
3 14
6 90
10 19
8 11
7 64
10 48
8 56
10 15
9 96
2 46
9 90
10 34
7 47
9 15
9 68
2 58
1 26
2 8
6 79
2 11
5 65
1 38
10 62
8 52
5 50
10 38
5 50
5 28
2 33
1 70
1 16
2 88
10 79
9 43
7 19
2 3
2 1
1 99
3 81
4 19
7 39
9 57
10 79
10 35
8 23
4 41
10 55
1 77
3 76
1 51
1 19
1 46
6 18
2 57
6 85
5 35
8 71
6 52
1 74
7 16
5 17
9 45
10 93
1 92
9 95
10 73
7 42
4 26
8 37
3 71
10 93
8 19
4 42
3 46
4 31
6 99
7 7
4 65
6 61
7 87
2 12
1 25
8 65
6 1
2 71
8 67
7 42
6 21
1 8
4 31
1 29
6 47
8 81
4 82
3 92
6 28
4 49
1 25
10 32
3 20
9 83
10 57
6 12
4 79
7 5
9 64
2 85
4 98
7 79
9 90
5 25
1 76
8 39
8 87
5 94
6 11
9 36
5 97
1 82
5 50
3 22
5 89
3 70
1 43
5 73
9 44
7 41
2 48
8 99
5 3
2 36
9 35
8 60
7 76
3 25
10 27
2 70
2 56
2 46
2 25
7 40
8 57
9 48
10 10
6 72
4 44
10 14
1 66
3 87
8 38
5 37
4 8
4 16
7 99
8 27
9 94
6 99
10 95
3 78
6 71
1 34
5 62
5 51
10 80
9 55
4 37
9 53
6 78
9 58
9 74
3 53
8 8
7 54
5 74
8 26
1 67
6 13
5 86
9 36
7 35
8 46
1 52
7 58
5 81
3 56
4 60
2 25
2 4
10 17
5 45
5 81
10 10
3 33
6 83
3 76
5 90
10 74
1 96
6 72
4 36
1 20
3 57
8 31
8 78
10 44
6 44
1 26
10 11
6 3
7 21
4 65
1 69
2 21
2 99
9 30
1 33
4 47
3 46
1 7
9 51
1 40
2 20
2 66
3 60
6 97
4 33
5 80
8 39
8 14
6 49
10 49
5 43
2 10
8 78
4 100
3 69
9 7
5 76
6 65
1 60
6 21
7 43
8 88
7 97
1 57
7 88
10 32
4 1
2 44
6 26
7 71
1 96
1 67
9 96
6 42
8 98
4 26
10 73
7 31
7 40
7 46
9 31
8 1
5 45
4 53
9 41
2 87
3 66
5 83
6 37
9 94
2 60
6 4
9 94
1 46
5 46
4 50
4 15
10 25
2 81
10 97
1 51
5 70
3 34
8 39
8 43
6 89
2 8
1 27
8 35
3 80
8 80
5 12
7 62
8 39
10 82
1 96
6 49
2 17
10 11
3 39
10 84
9 50
9 43
7 79
8 46
4 51
7 18
1 71
8 40
7 37
6 4
1 35
10 62
5 35
8 23
1 55
2 71
8 86
2 49
6 73
3 58
6 28
9 88
8 25
6 32
10 64
