5 93
6 18
2 60
10 48
4 48
10 51
1 64
8 57
7 72
6 58
7 22
5 82
1 93
5 83
6 33
1 7
4 75
3 46
4 55
9 88
4 12
9 54
2 1
8 96
10 7
4 50
6 74
6 56
2 68
1 28
9 16
10 66
9 12
8 40
9 44
9 76
1 64
1 28
1 32
10 56
1 26
3 34
5 28
1 75
2 37
8 90
7 31
10 40
10 100
10 75
10 50
1 87
3 67
7 15
7 97
2 80
2 3
3 21
8 58
6 27
8 64
4 12
4 39
6 48
8 26
9 19
4 17
2 74
3 86
9 37
10 65
5 73
6 24
4 100
8 28
9 78
1 49
1 26
6 32
3 75
5 63
5 81
3 34
4 37
7 54
6 80
8 91
2 59
6 55
2 53
3 73
8 22
6 67
2 81
10 45
1 16
6 36
1 63
10 76
3 51
4 49
4 78
2 84
3 93
5 62
10 30
10 41
3 55
4 92
10 43
6 2
5 12
7 75
7 43
9 39
8 37
6 60
3 82
10 79
5 16
4 86
1 13
3 57
6 18
10 55
2 50
9 20
7 47
9 41
1 16
7 96
10 22
8 63
8 100
5 32
9 64
3 11
7 12
5 84
2 87
9 79
1 21
1 42
5 84
4 86
8 98
10 82
9 60
1 62
6 97
5 20
1 56
6 89
2 26
8 90
5 18
7 61
10 80
6 96
2 5
5 2
9 97
3 62
4 97
4 61
7 31
10 82
1 85
2 72
6 35
1 76
8 22
4 18
5 87
8 27
5 99
10 21
8 5
8 79
9 13
5 91
7 100
6 10
8 18
5 76
10 80
9 77
2 40
7 20
1 74
9 90
3 5
8 31
5 38
3 18
6 1
10 78
1 15
9 13
3 69
5 64
7 7
4 86
5 60
6 16
10 93
5 34
2 85
6 15
5 21
8 74
1 57
2 56
1 88
9 67
8 16
3 26
1 46
2 78
10 73
3 34
6 33
2 46
2 84
5 31
10 97
5 67
2 81
8 67
8 11
9 51
4 3
1 49
1 64
7 18
7 36
9 6
2 17
5 19
4 45
4 77
7 90
10 74
3 28
9 25
8 68
3 73
10 83
8 8
3 1
1 73
8 52
4 91
2 92
2 52
7 5
10 15
9 12
9 46
5 63
2 3
9 64
10 26
10 40
2 88
1 73
4 91
5 78
3 75
3 53
10 61
4 80
8 95
8 91
4 99
1 33
3 29
8 41
10 81
8 50
5 66
8 20
6 65
6 86
3 81
5 41
9 67
9 97
8 10
8 7
3 50
4 75
8 72
8 29
1 70
9 32
10 100
6 6
4 86
7 64
3 8
10 89
1 13
8 77
5 64
1 53
10 51
4 5
10 21
3 71
4 94
6 43
7 55
2 32
5 27
9 55
2 54
6 86
3 47
2 76
1 73
6 11
5 88
9 35
10 59
1 7
5 24
3 90
8 91
10 81
3 3
5 48
5 53
1 86
5 78
2 1
7 85
7 79
5 32
8 20
1 45
3 49
1 89
1 99
4 52
4 85
3 74
8 14
3 78
8 99
8 58
2 17
3 100
4 80
6 84
9 45
1 7
7 2
5 92
3 51
10 41
3 92
10 89
6 58
7 33
2 16
7 82
2 4
4 10
7 82
3 86
1 73
9 76
7 80
1 17
9 89
3 72
6 22
8 79
9 16
10 26
6 9
2 22
7 53
4 62
4 66
10 90
9 1
2 26
6 81
5 73
9 63
4 48
9 91
10 25
8 31
9 29
2 74
3 18
8 45
2 62
3 86
6 2
7 69
9 75
5 28
7 15
6 54
1 52
4 24
6 38
3 44
1 54
9 64
4 7
9 24
8 64
7 32
5 29
2 20
6 80
10 1
5 60
3 17
5 46
6 40
4 14
9 95
7 85
6 37
3 9
7 81
7 58
8 46
3 72
10 83
3 34
3 68
5 23
4 13
2 44
1 62
2 42
5 55
10 18
2 3
6 50
1 85
10 90
10 22
2 81
10 78
3 79
1 53
9 21
2 70
7 27
8 60
10 97
9 78
8 52
2 49
7 9
1 55
6 9
2 11
7 16
4 72
2 8
6 17
7 17
3 3
6 67
9 18
6 28
10 41
4 57
5 51
2 67
3 45
8 79
6 94
1 48
9 98
10 73
6 10
7 35
3 45
8 84
4 22
6 30
4 55
8 19
8 65
3 54
10 61
1 8
10 69
4 81
2 8
1 58
9 6
3 52
2 84
3 82
4 1
8 23
5 38
1 15
8 52
3 6
5 47
6 68
1 1
4 63
1 17
5 86
7 92
3 11
10 76
10 53
4 56
4 8
6 2
9 37
2 50
9 42
10 56
8 11
6 47
6 76
5 62
5 35
10 88
8 32
9 48
5 17
2 2
6 20
4 21
3 81
10 1
7 74
10 28
4 73
6 74
9 33
8 7
9 79
10 43
8 68
7 40
1 77
6 71
8 72
4 53
10 75
5 52
6 34
4 11
6 57
2 74
9 96
10 15
7 48
9 83
10 19
4 38
7 15
7 91
8 47
8 42
1 87
1 43
10 75
4 84
7 13
6 7
3 24
2 63
4 56
7 66
8 7
8 76
6 89
3 50
2 66
2 77
7 17
10 78
1 41
8 36
5 7
2 49
2 46
3 75
2 93
8 58
3 71
4 46
1 89
2 32
7 15
6 86
5 77
5 85
6 63
5 86
1 20
2 69
6 25
4 98
4 57
2 33
7 8
8 38
3 85
3 86
1 5
6 73
8 87
5 93
1 81
10 55
7 1
6 94
8 77
5 49
4 77
4 54
2 88
7 54
5 86
5 63
5 69
4 49
1 22
2 68
7 40
7 39
10 36
9 27
4 59
6 4
3 33
10 97
2 18
8 34
2 88
2 42
1 18
9 11
3 79
6 12
10 91
5 26
10 74
1 38
1 35
3 98
9 73
4 39
3 23
1 48
3 79
10 33
10 9
7 59
7 83
6 8
4 94
10 19
3 91
4 66
5 75
2 28
1 20
9 14
1 34
4 25
9 99
4 88
8 88
5 4
4 12
4 84
1 70
9 58
8 79
9 88
5 29
5 73
4 80
7 56
6 96
6 92
9 48
6 17
7 6
2 27
4 27
2 88
7 34
9 93
3 85
5 98
9 85
7 51
5 36
4 36
2 12
10 15
3 86
4 61
1 72
6 27
2 68
1 9
6 3
2 34
8 83
4 6
7 54
4 48
1 47
6 2
5 82
2 67
8 96
5 13
6 61
2 10
4 31
8 25
2 76
6 98
6 92
6 2
1 76
5 40
1 35
3 10
7 71
7 36
4 52
8 36
2 10
8 65
1 36
9 86
3 86
8 100
8 15
8 88
3 76
9 88
6 10
9 56
10 10
8 69
4 12
9 42
1 46
2 63
5 71
2 87
2 24
3 85
6 49
2 11
1 73
6 12
3 65
9 49
6 36
5 15
10 50
2 19
3 69
6 6
7 76
2 68
5 78
1 89
10 39
6 28
5 40
2 52
9 84
3 79
10 64
10 73
5 52
10 67
8 24
8 95
4 42
3 89
1 25
1 59
9 11
1 25
7 28
10 99
1 63
7 100
8 11
8 25
8 91
1 79
10 94
2 1
7 71
5 23
2 48
7 12
5 70
4 63
9 77
9 30
10 30
2 71
1 63
8 4
8 87
10 17
3 75
5 46
2 33
5 84
3 23
10 8
8 96
9 71
4 8
4 88
8 85
4 40
7 91
8 41
6 20
9 23
10 52
8 55
7 37
4 78
8 43
9 2
1 25
6 68
4 32
1 78
8 76
5 83
3 84
5 22
1 54
6 88
6 97
6 95
9 64
10 71
8 44
4 71
2 21
8 98
6 6
2 20
4 67
10 25
7 76
1 4
8 97
2 8
5 29
3 100
5 92
3 45
10 25
8 67
6 76
9 25
6 53
4 89
9 1
4 64
1 67
9 34
8 28
6 27
6 96
1 43
1 42
8 32
10 66
7 85
5 73
10 1
1 13
10 46
5 32
7 2
3 100
8 54
2 57
2 86
5 34
1 55
5 82
3 38
10 55
3 18
2 6
7 87
1 35
6 31
1 94
7 50
2 67
10 89
3 2
4 71
10 64
3 81
10 72
7 4
2 89
6 30
9 65
6 53
1 38
8 56
2 36
9 44
3 9
10 22
10 13
3 80
9 82
10 85
1 35
2 87
10 56
8 52
1 43
10 85
8 47
2 56
7 43
8 64
4 29
6 63
9 84
5 56
5 51
1 42
3 81
4 38
6 26
1 53
3 93
4 2
4 69
6 55
5 45
8 78
1 27
8 89
5 88
7 75
2 71
4 81
2 68
4 61
2 78
2 92
10 57
6 52
9 92
10 67
3 83
5 55
5 72
3 95
4 93
9 77
1 55
2 10
9 62
5 52
8 45
4 35
5 8
2 15
3 65
5 74
2 1
6 97
9 16
2 2
