8 99
8 85
7 22
4 66
1 93
7 6
4 42
3 84
7 95
1 3
10 53
3 96
8 84
1 30
8 39
6 36
7 29
6 17
10 7
1 65
4 12
2 68
1 28
1 62
1 61
8 86
8 33
8 39
9 1
2 17
7 34
8 48
1 39
2 73
2 55
6 58
6 61
8 55
3 34
10 50
6 22
8 83
8 35
6 63
8 19
5 99
9 44
2 6
6 87
6 47
7 95
8 48
2 24
10 49
8 1
4 49
9 30
9 100
10 50
1 18
6 72
8 27
8 81
8 20
5 88
3 53
7 2
8 65
4 81
7 88
8 44
7 15
7 44
1 63
4 2
10 56
8 46
2 1
2 44
3 70
6 29
6 50
4 1
7 18
7 4
6 94
4 59
8 36
3 90
1 71
6 24
8 30
3 55
1 9
7 81
7 97
8 4
1 34
4 6
7 78
5 53
8 13
4 79
6 15
8 14
5 36
4 23
9 76
6 96
9 64
6 4
9 61
9 83
6 37
1 80
6 19
1 76
5 32
1 67
2 96
1 73
7 66
8 12
2 42
2 29
1 37
1 14
2 10
7 35
4 7
1 93
5 38
5 20
5 63
3 56
2 1
5 16
4 46
2 85
1 39
8 7
3 39
7 31
6 63
5 60
7 16
2 61
1 74
1 51
3 95
6 53
8 44
5 93
9 38
4 5
8 68
9 43
8 48
10 94
8 49
1 63
2 53
1 52
6 25
8 83
3 90
5 19
7 17
7 73
4 96
2 90
7 32
1 100
7 35
5 11
10 67
9 25
7 25
3 47
6 52
5 97
9 98
8 17
6 18
2 28
3 51
2 4
2 32
3 33
6 77
8 35
4 51
2 49
6 60
10 86
6 26
5 2
8 82
8 95
1 65
8 21
7 99
9 7
5 44
1 6
9 28
10 29
5 42
7 30
6 18
1 47
7 21
1 52
1 34
10 18
4 90
2 26
2 68
3 56
9 11
10 50
8 25
10 61
4 95
7 76
2 95
4 97
7 50
10 36
10 82
8 57
2 51
4 42
5 42
9 51
5 42
10 59
6 13
10 48
2 64
1 66
4 39
6 45
9 88
7 6
9 22
10 13
8 2
3 80
4 49
10 55
6 65
6 79
8 23
6 61
3 74
7 6
2 55
5 73
4 52
6 18
4 31
6 49
4 31
1 66
9 74
2 52
2 84
5 95
10 47
10 97
7 4
4 30
5 33
6 21
8 14
1 95
4 31
6 13
7 23
10 94
3 68
2 58
1 46
6 28
4 21
6 3
6 11
10 32
5 59
5 3
7 97
9 71
10 60
10 66
8 86
7 65
3 47
5 6
7 3
5 36
3 26
6 20
8 95
2 46
3 92
8 86
2 42
4 69
6 9
4 99
1 72
1 23
5 35
7 56
9 57
2 64
1 20
4 27
7 47
3 89
3 76
3 23
8 45
3 8
4 6
2 9
6 48
5 1
3 76
4 87
8 66
8 40
8 37
10 96
8 37
3 49
5 36
10 24
9 41
8 49
5 23
2 59
6 63
6 41
10 30
8 67
9 46
2 48
9 51
6 80
3 42
7 18
4 38
5 21
6 87
6 21
6 80
7 97
2 29
5 27
2 2
1 57
2 67
6 27
9 28
9 66
9 93
7 92
5 88
10 69
4 43
5 70
5 14
2 72
8 77
5 33
5 15
7 84
1 87
8 27
10 76
2 86
7 88
7 98
8 97
1 96
5 72
6 5
2 8
5 87
1 36
10 18
6 28
6 52
6 18
9 2
4 37
3 13
9 63
4 54
3 89
4 47
5 19
6 66
7 69
1 71
6 45
8 1
6 35
7 34
7 34
10 2
10 88
9 15
8 80
3 91
9 68
9 1
1 48
8 77
9 31
10 15
5 77
8 100
1 12
7 77
2 77
2 53
10 70
6 30
8 13
5 64
10 82
3 98
10 2
6 86
7 46
2 51
2 52
8 77
9 49
8 62
6 39
9 45
3 34
2 4
9 10
9 38
8 99
8 63
8 26
10 24
9 8
8 88
8 2
3 94
5 23
7 64
9 38
8 48
4 63
3 73
3 17
6 42
10 64
1 43
3 72
4 13
7 14
8 65
2 90
1 45
2 15
2 68
2 88
5 39
8 55
10 20
8 56
7 98
7 96
4 63
6 47
8 44
4 49
1 3
2 25
9 39
7 12
4 88
4 53
3 58
2 94
3 41
8 63
9 95
1 90
10 14
10 8
5 44
8 20
9 49
3 78
9 100
1 46
5 99
5 30
8 25
3 22
3 9
4 52
1 61
2 68
7 81
6 59
8 66
1 99
8 20
3 90
6 88
9 37
2 2
8 3
9 83
1 5
2 67
1 77
8 32
7 46
7 59
8 59
6 35
10 38
10 43
5 97
9 23
5 9
9 20
6 44
1 62
4 97
2 16
3 10
9 44
2 30
2 80
4 73
10 29
10 29
5 46
4 82
9 77
3 15
10 26
9 76
9 1
10 48
7 71
6 88
8 40
9 89
3 49
7 8
1 9
5 20
1 94
8 42
7 77
3 73
7 38
1 92
10 3
10 9
2 24
4 59
2 10
3 64
7 5
4 57
9 63
1 8
10 30
4 53
2 33
1 29
2 11
9 23
3 10
5 84
3 72
7 99
1 16
7 90
8 96
4 68
9 83
5 72
9 50
4 23
7 7
1 74
5 90
8 15
1 28
6 29
9 46
9 39
10 72
9 55
6 27
7 21
6 44
9 72
6 39
10 63
9 21
1 84
4 58
10 13
3 6
4 45
6 15
7 56
9 72
5 87
7 2
3 35
1 88
4 64
4 44
9 89
7 57
6 75
1 44
3 8
6 92
4 71
6 34
8 17
9 29
2 22
9 67
7 83
10 14
5 56
7 14
10 87
4 84
2 7
8 39
8 14
2 58
1 66
5 15
6 4
9 96
6 25
3 89
6 40
4 25
4 48
7 4
5 63
9 42
7 81
5 7
4 84
9 40
10 48
10 51
3 15
4 63
2 30
10 69
8 75
3 43
3 1
9 19
3 17
6 99
2 75
6 57
9 61
8 2
10 68
5 54
7 30
7 27
9 71
6 69
3 92
2 66
4 41
3 18
9 39
8 51
6 63
8 12
4 90
5 24
4 43
1 2
2 38
7 40
10 7
6 44
6 51
10 87
4 58
4 37
3 63
1 10
1 84
7 93
6 79
6 94
4 67
5 49
6 99
5 37
10 22
10 15
8 51
4 78
7 63
9 61
6 85
2 88
1 42
2 43
5 32
3 43
1 89
1 87
8 28
6 32
8 8
7 25
9 93
3 23
1 16
6 29
6 15
7 100
8 58
5 74
1 20
7 25
9 78
5 79
8 67
7 44
9 13
5 47
10 40
9 6
4 94
5 50
9 27
9 40
1 42
7 47
3 20
4 90
10 25
1 49
9 81
3 48
2 78
1 28
8 13
8 19
10 87
6 59
7 69
5 46
3 84
10 17
10 99
4 55
3 54
7 74
4 29
5 57
6 42
9 76
3 100
9 62
7 37
1 84
4 67
2 12
2 50
6 37
4 18
2 65
4 37
9 1
9 65
9 24
3 85
3 36
1 32
6 14
6 2
6 86
6 26
6 76
8 10
7 6
10 77
5 54
4 71
9 62
5 34
6 19
2 43
9 68
7 26
1 93
7 8
7 24
6 37
5 7
6 51
6 76
1 71
2 95
6 94
1 10
1 55
2 35
7 48
9 42
2 98
5 1
6 30
10 3
3 30
6 85
9 46
10 64
5 57
8 52
2 20
1 48
5 89
6 76
8 96
3 60
4 43
2 92
6 17
7 70
5 66
4 90
4 1
7 61
10 19
4 20
2 75
2 93
7 92
2 58
2 7
3 42
2 42
5 32
3 39
1 9
4 53
1 78
6 90
7 12
5 44
7 65
8 37
7 76
2 3
5 93
2 86
3 58
7 67
1 34
7 29
5 45
10 86
7 45
6 39
3 24
9 53
10 98
9 13
2 22
5 35
9 57
10 80
5 15
5 77
1 30
4 96
3 73
7 50
3 15
4 94
4 9
8 26
10 62
10 20
10 26
8 72
6 57
2 61
3 70
6 65
1 24
6 83
4 14
5 72
10 3
7 90
10 48
5 6
1 3
7 56
2 96
9 89
1 71
1 41
5 93
1 35
1 68
5 6
8 31
9 21
5 15
3 31
4 41
7 42
6 23
4 71
6 61
5 83
2 5
5 36
1 72
7 34
4 46
6 69
7 92
10 45
2 89
8 2
3 34
2 86
1 59
7 35
3 28
1 98
5 81
9 6
10 54
10 19
7 6
3 24
6 26
2 40
6 30
2 81
1 77
6 49
7 76
3 46
3 54
5 41
9 9
7 76
6 31
2 30
1 47
2 16
5 80
3 73
9 71
4 74
1 54
2 84
4 72
5 47
6 37
10 33
5 66
3 9
4 76
6 82
7 87
5 40
9 27
10 49
