9 30
8 10
5 33
3 57
10 29
6 35
6 79
5 94
3 98
1 100
9 26
1 24
2 25
7 33
7 56
3 34
7 27
10 31
5 14
5 27
3 4
3 55
3 83
7 72
10 64
3 89
9 29
9 73
1 56
9 36
7 32
6 48
6 24
2 67
1 76
9 27
4 12
6 67
4 51
7 65
8 57
9 77
6 53
10 21
6 91
8 66
5 42
6 4
10 78
2 70
5 40
8 97
8 87
2 71
3 71
5 100
8 21
10 29
7 63
4 77
4 86
10 57
7 98
8 72
6 65
4 92
7 92
2 89
7 23
1 51
6 4
4 90
3 56
8 26
7 14
3 45
4 57
10 39
10 81
3 5
6 41
7 54
9 40
8 74
8 86
9 15
4 98
5 47
6 78
7 89
1 7
4 52
5 32
5 35
3 70
7 22
9 50
6 70
1 11
3 80
9 10
7 68
8 44
2 86
6 67
7 88
2 1
6 47
8 54
1 61
6 73
8 72
8 88
10 78
9 5
3 41
1 44
3 73
10 30
4 60
6 6
5 17
2 73
1 42
6 5
8 5
8 71
1 91
8 58
8 21
6 55
6 47
8 52
10 86
1 97
2 52
3 13
6 67
7 89
2 20
10 55
9 28
6 76
3 86
2 34
1 75
10 72
3 46
3 66
6 91
3 32
8 43
8 99
4 90
1 80
4 46
5 26
8 80
4 43
1 66
7 74
7 44
6 44
7 91
3 70
5 44
2 75
10 25
5 23
3 3
5 63
9 72
9 32
4 43
9 44
5 55
3 36
5 89
4 56
4 62
3 99
6 37
5 59
5 10
5 90
4 72
9 21
5 69
7 78
8 96
7 7
9 92
10 30
1 68
2 27
1 43
4 99
3 46
4 7
2 89
2 73
7 11
6 47
7 46
1 96
5 95
6 17
8 18
8 57
9 91
1 6
6 97
1 36
9 28
8 72
7 39
4 38
2 31
8 23
8 35
3 30
6 80
6 58
5 1
9 97
10 53
3 4
5 81
9 72
7 70
9 81
7 39
4 54
4 28
8 68
6 71
6 52
2 52
5 40
8 48
4 58
8 34
5 66
8 39
6 33
3 12
7 62
4 70
6 29
8 66
2 83
7 47
2 58
2 73
5 30
7 8
8 12
8 62
4 87
9 66
9 8
5 22
4 48
8 24
8 3
8 33
6 7
10 6
7 52
5 81
4 25
1 93
6 39
7 49
8 15
4 91
4 82
5 20
4 39
5 68
7 23
8 61
4 13
4 42
4 41
4 79
2 15
3 66
4 82
9 8
3 51
1 61
10 33
6 83
7 45
7 87
8 95
3 67
10 79
10 69
8 15
3 55
5 84
9 40
7 83
4 57
5 42
4 30
3 98
9 73
1 68
6 57
10 41
3 90
2 44
6 23
6 68
7 5
7 26
6 34
7 41
4 86
4 60
5 67
4 80
4 32
5 20
10 30
8 39
7 70
2 78
4 1
7 25
7 93
2 32
1 89
1 95
4 10
6 70
3 31
9 73
1 11
7 52
9 5
7 91
8 71
10 49
3 75
10 55
10 27
10 67
2 9
1 38
8 93
3 4
2 76
9 92
4 26
8 76
9 70
10 99
8 81
4 61
4 77
10 24
5 56
2 37
3 46
4 63
6 64
1 56
7 47
10 97
6 21
10 37
5 23
3 61
3 68
2 71
2 90
3 13
7 83
6 82
3 67
9 8
10 41
6 89
3 35
3 3
2 40
3 30
3 98
9 18
1 9
2 83
5 91
10 14
1 56
9 5
7 9
3 14
8 98
9 72
8 2
7 19
2 48
10 12
2 43
4 86
5 26
10 23
9 47
3 63
2 35
9 46
5 19
1 33
4 1
3 7
4 73
7 6
1 19
3 74
3 4
7 17
5 97
10 2
7 31
5 43
9 16
9 89
4 95
6 21
3 76
2 57
2 51
4 98
1 91
1 96
2 83
5 19
7 73
3 37
5 67
2 12
6 91
7 43
10 82
9 97
9 46
9 51
7 38
3 64
4 59
7 11
5 40
6 87
5 66
3 30
10 62
3 85
6 69
1 64
6 99
3 7
10 67
4 56
7 95
9 100
5 43
9 10
9 41
9 7
9 96
3 93
7 17
10 97
7 69
9 79
5 56
7 74
7 12
8 5
9 45
7 50
4 12
1 97
1 52
2 10
7 12
4 80
6 64
2 37
9 43
1 64
1 2
10 49
2 99
5 49
6 21
6 14
4 64
1 45
7 49
9 47
4 69
6 38
6 39
3 46
9 11
3 36
1 72
5 42
3 10
6 84
6 51
9 88
7 61
3 46
2 53
3 35
4 26
10 28
1 81
6 34
3 21
1 10
3 47
7 3
8 4
1 23
1 42
5 75
3 85
7 3
5 88
7 95
1 49
7 92
10 74
4 26
6 81
7 10
9 39
7 9
7 81
2 54
4 11
6 57
3 90
3 92
10 22
4 25
5 5
1 90
7 48
2 18
5 12
3 45
4 19
1 12
10 29
7 59
4 2
3 8
4 71
3 89
10 66
1 26
5 82
8 56
1 77
5 54
4 16
7 91
1 73
10 4
4 24
4 48
1 90
6 26
2 85
1 79
9 65
5 98
10 9
6 61
7 57
8 78
1 35
9 82
8 6
7 85
3 31
1 1
2 100
3 73
5 90
8 34
3 51
3 85
6 68
1 18
5 62
2 2
6 96
8 72
2 21
5 23
9 64
4 52
6 96
5 66
8 83
9 53
8 83
2 54
10 41
5 9
2 18
6 41
4 15
5 1
2 100
6 22
6 49
9 56
3 73
10 33
7 5
4 52
4 38
5 19
4 99
4 98
8 33
3 33
8 52
4 60
10 55
7 89
3 77
8 2
3 100
2 14
8 43
10 52
7 59
8 47
2 26
5 52
1 41
1 96
8 40
4 85
1 80
8 2
7 24
5 28
5 85
8 33
6 65
3 48
4 99
7 1
3 98
7 83
10 20
5 96
8 81
7 57
3 29
4 31
2 66
5 50
10 63
9 18
10 75
8 48
3 54
1 27
4 79
6 68
4 66
7 99
4 77
3 95
4 42
6 2
1 52
2 67
2 91
10 81
2 21
3 97
7 20
4 83
3 82
7 94
4 21
8 74
9 75
5 40
4 97
1 73
10 16
1 27
2 25
6 61
10 80
9 6
3 64
7 42
2 42
7 45
2 43
6 29
2 19
7 67
9 56
2 1
9 16
8 59
2 52
2 8
5 7
2 68
1 87
3 100
8 18
2 98
8 64
8 56
1 1
8 80
7 43
10 74
9 99
10 82
10 1
7 96
10 9
8 90
2 92
10 5
9 36
1 73
9 13
6 67
2 62
6 16
9 20
6 24
5 85
3 56
8 68
2 75
5 8
9 96
1 40
9 1
3 19
8 88
2 86
6 66
8 20
7 38
8 77
10 7
9 98
8 34
6 4
10 39
2 27
5 63
2 31
6 72
7 24
3 13
4 79
1 72
6 25
9 19
9 38
3 27
1 2
10 96
6 78
7 5
1 27
6 67
3 92
2 66
8 33
4 36
3 15
4 99
8 28
6 62
6 32
9 68
10 42
9 76
4 5
10 29
7 98
10 6
7 65
2 27
6 36
1 72
5 51
4 98
8 69
4 39
5 59
3 57
6 69
5 45
2 54
9 15
3 30
5 10
3 47
1 30
9 95
10 41
1 10
2 84
10 56
8 99
10 95
1 68
7 50
4 52
6 45
7 43
7 17
1 47
7 69
6 45
8 56
7 88
4 46
9 26
1 29
10 21
8 27
2 19
2 3
10 51
1 94
2 29
5 37
3 76
7 45
10 58
5 98
4 56
8 36
4 49
2 40
9 86
8 80
4 88
4 95
1 33
5 60
3 32
1 29
5 5
6 91
2 50
4 21
3 82
9 15
7 71
7 58
7 5
1 85
1 9
1 47
1 19
7 76
3 78
10 93
10 43
3 73
8 1
4 30
8 65
8 25
4 93
6 42
8 70
10 20
2 35
9 77
3 80
6 65
3 69
1 86
2 97
3 77
3 96
2 43
1 21
2 7
2 83
8 88
7 94
5 59
7 54
2 63
4 73
4 24
2 35
2 78
10 68
2 11
5 1
10 62
6 75
1 16
10 41
3 92
10 28
4 78
2 26
3 47
6 89
9 69
9 2
1 27
2 51
8 73
9 4
8 18
2 50
8 77
5 30
1 98
4 85
7 38
6 71
7 99
6 64
4 8
9 3
5 56
9 74
8 33
7 63
5 7
5 30
6 54
5 36
6 38
4 20
9 11
4 61
6 22
7 71
4 20
5 74
5 81
10 42
7 27
10 21
3 25
4 16
9 23
1 78
6 45
2 74
7 80
3 39
10 21
9 13
5 10
10 16
9 62
3 22
1 77
4 90
3 36
9 80
1 99
6 63
7 66
1 73
4 51
4 83
6 74
5 39
10 45
5 10
1 7
8 82
4 73
