3 69
2 45
7 71
6 78
4 66
9 64
5 62
7 15
9 18
8 15
7 18
9 77
2 12
5 22
9 9
10 86
10 64
2 97
4 96
8 36
2 80
4 96
2 25
1 96
1 83
3 76
4 76
4 13
5 66
5 4
7 96
7 12
8 41
5 29
3 45
5 39
1 100
8 31
4 21
4 32
5 48
7 23
5 96
3 89
5 25
5 69
7 6
5 91
2 7
3 72
5 49
8 20
7 94
4 63
6 61
10 39
8 76
10 50
6 70
10 80
5 67
10 33
10 17
10 91
6 13
4 21
4 81
8 27
3 10
8 90
8 33
3 5
3 54
5 31
3 84
1 80
5 14
6 26
2 56
2 11
5 29
5 50
4 55
1 68
7 72
10 2
3 54
5 1
10 19
5 61
4 8
4 90
5 44
9 69
1 56
10 64
10 17
7 94
2 30
7 98
2 44
9 2
9 80
10 43
5 36
1 44
3 22
7 1
10 10
8 75
5 7
3 89
10 22
6 50
9 40
2 2
6 93
5 54
2 97
3 1
7 87
2 29
10 1
10 99
9 64
10 27
1 25
3 96
9 100
4 36
7 21
9 71
4 65
10 83
3 32
8 9
2 57
1 22
5 1
10 93
3 86
9 21
3 68
8 2
3 3
10 46
8 93
6 70
1 18
7 79
8 94
2 63
4 82
1 1
1 67
1 6
2 64
5 81
2 95
7 66
3 11
6 94
8 13
5 3
4 58
3 76
2 21
10 49
2 2
7 61
10 70
6 99
3 14
5 7
4 35
7 82
8 72
10 46
6 29
2 14
4 83
2 21
2 20
8 29
4 61
6 10
3 15
8 16
4 91
3 67
6 26
1 43
9 34
5 61
10 75
2 86
10 42
4 10
2 16
2 15
5 70
2 36
8 89
9 93
10 9
5 54
10 48
7 68
9 33
10 68
1 18
5 83
3 43
4 87
7 76
7 61
7 31
10 91
6 40
9 41
7 82
6 55
8 32
3 71
7 84
3 37
9 71
10 87
8 66
4 88
2 13
6 81
7 39
5 92
7 69
7 76
6 84
3 5
8 30
8 73
8 69
4 81
5 72
5 20
6 47
1 21
3 58
3 87
3 29
4 21
8 19
10 72
1 33
6 58
2 27
5 1
6 26
4 5
7 49
5 23
2 97
9 67
2 99
1 20
10 50
8 16
10 87
6 31
4 46
7 78
4 34
4 57
9 92
1 56
3 65
3 55
7 54
4 69
3 5
3 72
3 43
2 100
5 4
6 18
2 51
1 43
2 23
4 54
6 48
2 18
9 64
3 73
9 25
1 75
4 63
3 67
1 94
3 53
1 66
9 32
8 84
4 90
4 51
3 59
1 100
5 31
1 66
2 9
3 81
5 77
5 42
9 40
1 80
4 67
10 22
3 2
1 49
10 16
2 50
10 41
3 41
8 87
9 36
2 82
3 36
4 71
8 77
6 12
8 61
10 99
2 11
2 28
8 94
4 96
9 22
8 4
4 83
6 47
9 10
2 69
9 96
2 69
10 88
7 15
5 49
1 63
9 6
3 77
5 67
3 42
4 73
3 91
5 62
9 98
9 99
10 2
4 98
6 80
3 96
2 24
3 16
6 5
3 10
5 38
6 32
9 18
9 47
1 55
4 73
10 27
7 51
4 20
4 86
8 35
6 40
10 76
1 5
9 72
6 64
8 39
10 8
2 28
1 95
3 88
2 34
6 28
5 39
8 56
9 52
7 29
7 49
4 42
5 66
6 28
2 94
5 51
4 77
1 25
10 41
4 1
6 71
1 88
7 98
1 82
8 36
1 76
3 98
4 67
8 73
8 1
2 31
8 19
5 17
4 99
3 2
8 39
9 30
7 92
9 4
7 69
2 22
10 12
8 24
2 19
2 56
4 19
1 16
3 87
5 97
4 32
4 85
10 82
8 65
6 10
8 50
6 26
6 62
1 19
5 73
3 86
2 97
8 99
7 76
2 30
5 97
8 15
6 27
8 81
2 6
1 72
2 39
8 1
5 79
3 42
6 80
8 27
2 73
6 55
9 88
4 41
5 41
10 100
9 11
1 93
2 91
3 52
8 8
2 45
2 15
10 38
10 46
5 11
9 92
9 69
3 18
10 27
8 17
4 71
3 77
8 74
9 97
8 44
1 52
5 55
8 36
6 54
3 9
5 25
9 10
9 36
8 33
9 62
8 89
4 24
8 62
1 95
6 16
4 3
9 80
10 26
2 47
10 42
7 89
7 10
2 87
8 4
8 10
10 84
2 5
5 36
4 29
8 25
7 88
3 85
1 75
1 80
5 29
8 14
4 29
7 58
7 39
3 53
10 96
7 61
9 5
5 38
3 71
10 48
8 85
10 83
2 73
8 55
3 40
8 70
6 1
7 56
9 74
3 24
10 32
1 14
4 20
6 81
1 23
2 19
8 86
2 71
2 71
10 59
5 85
1 14
9 50
10 38
9 12
8 63
8 21
2 79
6 16
4 95
4 81
6 27
5 73
7 55
9 24
10 65
3 32
8 59
5 19
1 57
10 96
6 40
2 51
5 40
2 27
9 44
10 34
7 11
5 100
6 14
9 100
5 89
4 89
3 56
1 12
10 8
5 52
7 74
4 87
9 12
9 47
1 90
1 5
2 97
4 53
7 12
6 8
9 19
10 36
6 13
5 14
9 89
3 18
8 73
10 88
4 36
2 98
6 82
2 47
1 82
5 54
8 81
4 20
10 34
2 64
9 2
10 81
9 16
2 27
10 97
6 62
5 11
6 17
1 61
7 19
10 5
4 32
4 5
9 50
7 75
7 35
9 35
6 71
5 99
4 80
5 74
2 46
8 10
8 4
5 2
5 93
10 8
1 36
1 52
9 13
8 41
6 71
7 48
5 35
3 96
2 31
6 5
7 16
1 77
9 3
9 49
4 50
6 16
1 92
4 59
8 14
4 97
2 78
9 38
4 30
6 31
3 5
5 37
7 14
4 40
9 46
8 54
9 9
10 85
5 81
3 73
5 11
4 15
10 62
10 59
3 6
9 62
6 62
10 65
7 91
9 82
5 61
5 61
6 95
3 46
2 94
10 34
2 83
4 54
1 4
10 41
9 26
8 91
3 21
4 87
1 68
8 64
3 67
6 78
2 43
6 84
5 9
10 86
8 67
9 52
2 52
9 47
5 95
10 26
9 80
7 23
1 95
6 49
10 66
2 62
6 25
7 58
5 49
8 1
3 70
9 86
6 2
10 57
5 16
9 45
4 98
4 59
8 36
10 94
10 20
1 24
8 38
6 45
3 17
6 99
4 81
3 51
2 6
7 91
5 70
1 6
8 34
7 48
6 5
8 39
6 51
5 11
10 94
10 33
4 51
4 85
5 27
2 1
1 20
9 66
9 80
4 65
2 82
2 31
2 37
10 95
3 41
1 65
8 23
10 53
1 53
9 57
10 56
8 69
4 24
6 93
1 70
2 24
4 72
4 7
5 69
2 11
2 27
9 82
10 99
6 86
2 13
5 69
7 81
7 98
8 42
2 79
5 29
1 1
10 25
10 8
9 23
8 15
10 45
2 60
2 58
10 12
6 29
9 76
10 54
6 97
3 61
2 62
3 72
10 36
5 94
2 30
8 47
2 38
10 3
5 68
4 83
5 7
5 82
1 6
2 77
10 98
2 31
7 81
1 44
6 54
6 89
8 41
4 91
3 29
5 81
8 83
2 6
10 50
4 16
5 80
5 20
1 4
9 86
5 60
5 76
1 63
6 99
3 49
7 30
8 80
6 23
1 32
2 12
10 5
9 55
6 8
9 71
6 92
1 71
8 20
4 88
1 19
10 87
5 87
5 37
3 6
10 45
8 47
3 4
9 54
1 91
9 80
10 68
3 86
2 22
5 55
3 41
8 37
4 51
8 5
4 10
2 32
2 10
10 36
2 91
1 83
9 3
10 23
1 54
5 93
7 100
8 83
4 30
4 86
10 34
9 93
7 9
5 82
5 68
4 31
7 59
5 13
6 49
3 32
6 26
3 74
3 91
10 35
6 44
7 53
9 64
7 54
1 85
2 27
9 33
2 61
7 39
6 47
6 80
3 94
9 78
7 13
9 7
5 7
5 38
4 52
5 48
10 45
4 82
9 40
1 99
6 24
10 97
9 26
3 83
4 22
10 46
8 17
6 10
9 87
9 49
4 12
10 79
10 44
9 77
1 1
1 72
2 70
10 17
4 2
6 11
8 29
9 57
2 83
3 55
5 71
5 67
1 52
9 74
2 64
1 29
8 61
4 13
7 62
4 71
1 66
10 13
4 72
1 79
7 71
5 86
1 100
5 87
9 22
10 83
6 2
10 82
1 17
6 14
4 96
6 72
1 51
8 23
5 77
6 1
6 68
5 2
8 40
6 78
4 55
8 23
2 33
3 81
3 85
2 31
3 8
3 56
10 16
3 42
3 90
9 10
8 43
8 17
1 53
8 42
2 78
