7 84
3 48
2 85
4 69
5 29
3 18
8 85
3 27
10 81
7 84
7 29
7 73
1 13
2 58
8 82
1 84
9 4
7 77
10 23
4 1
4 67
10 82
1 16
3 87
5 70
7 37
3 18
6 79
10 90
8 4
8 60
9 3
5 39
6 7
9 77
9 37
8 69
10 55
5 1
10 59
3 56
4 89
5 63
1 42
5 89
4 86
1 34
3 65
7 25
1 58
5 34
8 88
1 51
7 47
6 5
10 51
7 67
7 53
6 95
2 27
2 11
7 36
7 8
8 73
8 9
5 35
5 83
2 59
6 36
8 25
7 55
8 17
1 7
7 87
6 87
4 69
4 62
9 51
10 43
4 60
5 29
6 72
5 38
4 78
8 66
7 1
2 47
8 74
8 19
10 25
5 74
6 77
5 59
4 85
8 58
1 74
5 84
4 79
5 34
4 93
2 95
7 39
4 18
9 93
10 65
5 65
5 5
1 83
8 50
3 28
5 37
9 2
3 57
10 15
1 60
10 67
3 88
4 91
3 11
1 36
2 91
8 13
10 47
3 31
5 26
1 7
9 77
2 9
8 13
4 48
7 75
7 29
1 14
4 38
7 87
7 72
10 58
5 17
4 20
8 8
9 9
2 66
9 82
10 55
1 85
6 82
5 80
6 34
6 27
2 14
4 45
10 85
3 15
9 7
3 81
7 23
6 26
4 61
5 62
6 83
2 11
7 85
3 2
9 68
1 44
6 57
3 17
10 18
4 76
8 52
2 41
5 75
9 64
6 93
10 80
8 42
2 44
4 94
2 33
7 80
6 33
7 62
2 56
2 4
4 90
1 53
10 37
2 65
5 12
4 16
6 29
1 64
7 64
5 24
6 58
5 49
7 62
4 29
10 89
10 86
8 85
8 93
7 32
10 1
5 75
6 100
8 39
10 96
6 67
6 6
6 52
2 13
3 30
3 54
5 41
2 61
3 81
7 91
8 66
2 47
8 79
7 52
2 1
5 19
5 53
10 82
8 32
9 9
4 19
10 78
4 55
1 37
8 81
7 66
10 40
5 22
1 5
10 39
1 8
6 73
3 41
3 11
3 97
5 60
9 48
5 15
1 31
4 50
6 47
3 79
3 5
7 66
7 53
1 88
10 31
4 41
4 89
8 94
9 91
1 31
8 68
5 39
2 26
8 75
8 30
1 11
6 26
3 97
1 99
2 72
3 63
10 64
7 24
3 21
5 55
6 70
10 13
5 65
9 56
5 97
3 9
7 19
3 54
6 53
4 11
9 20
6 27
2 18
4 1
2 26
6 48
4 24
3 33
1 25
10 63
3 79
10 26
6 5
10 21
10 79
2 33
1 37
7 67
1 34
8 61
8 52
4 55
7 58
6 73
3 39
5 53
6 50
3 59
10 31
5 96
9 66
8 8
7 70
2 72
2 81
4 57
4 38
2 67
5 60
4 57
8 79
2 74
6 14
1 25
10 48
6 22
6 23
4 22
1 39
9 37
1 23
3 95
4 31
5 96
7 86
4 5
8 46
3 69
9 2
6 52
2 8
7 96
4 54
9 9
7 88
4 43
2 47
4 32
10 28
7 67
4 19
5 5
7 18
6 82
2 55
5 80
2 8
10 81
7 98
7 91
6 73
6 21
2 90
10 52
9 90
6 83
7 75
4 17
8 13
10 86
3 1
10 37
3 46
9 93
10 16
7 2
10 86
6 63
4 99
2 35
7 54
4 85
5 40
8 33
6 46
10 100
5 11
6 39
2 28
2 77
4 64
9 51
7 4
6 46
4 4
7 64
10 22
1 24
7 64
9 32
7 73
8 93
1 54
1 26
5 32
9 80
1 49
8 50
9 25
7 77
5 90
10 17
9 16
8 68
6 67
9 64
5 39
9 71
9 70
9 57
8 8
2 19
5 4
4 51
4 59
9 69
2 12
3 1
1 35
4 98
9 51
3 55
1 22
5 53
10 3
5 98
10 55
9 25
9 29
6 78
6 57
5 85
1 12
9 23
6 51
5 14
4 9
5 31
1 72
5 25
10 100
9 23
3 26
4 6
8 91
1 83
4 75
1 98
2 91
8 1
2 85
8 82
10 60
7 50
10 47
1 87
7 65
7 50
1 63
3 63
6 19
2 2
4 34
4 94
4 21
1 13
4 39
2 68
8 58
6 33
3 37
8 83
1 79
6 45
7 48
9 48
1 81
8 6
6 32
10 20
2 61
10 32
4 3
9 84
10 36
6 72
5 1
2 18
8 82
3 13
10 47
4 51
2 52
4 37
10 91
5 33
4 27
8 54
4 20
8 17
6 86
6 51
9 39
9 100
6 66
8 2
2 74
3 50
8 5
3 21
7 18
1 95
3 49
9 7
10 10
9 47
1 63
1 58
4 8
5 83
10 78
8 92
9 80
3 33
10 47
1 12
2 77
10 70
2 97
9 7
4 77
8 39
8 72
4 81
1 90
8 38
9 43
5 55
6 25
6 67
4 96
5 72
9 80
6 61
1 28
5 2
2 13
3 8
8 37
3 55
7 59
4 2
10 37
2 99
7 74
3 20
6 14
5 38
1 3
7 4
8 69
7 44
2 30
3 74
1 93
4 66
1 34
1 77
1 31
4 24
10 69
5 53
5 5
8 54
6 18
9 52
4 61
1 61
6 97
4 82
3 73
8 77
1 91
7 7
10 90
10 17
8 88
8 29
10 54
7 56
4 58
6 12
6 84
4 12
2 45
1 20
5 12
8 15
8 6
6 34
1 46
10 20
2 66
2 89
10 45
8 28
10 74
10 76
6 9
3 35
8 98
10 42
2 39
4 49
5 67
2 49
5 14
5 15
4 63
1 92
5 38
4 86
2 25
1 9
6 69
2 76
8 48
5 51
10 98
4 60
9 51
2 25
9 39
4 52
6 35
1 22
5 36
5 57
5 85
8 67
7 56
7 60
3 15
3 24
7 97
3 54
8 28
2 92
6 40
6 81
3 10
5 16
3 84
3 35
10 22
7 28
2 46
3 60
5 59
10 51
6 91
6 32
4 40
7 26
8 82
3 83
3 68
10 53
2 77
3 6
9 2
3 23
1 90
10 30
4 17
7 83
6 49
6 42
9 90
7 50
9 37
9 10
3 18
10 13
6 48
8 32
8 51
10 49
1 40
10 7
1 39
2 13
5 42
5 20
3 14
5 4
1 33
5 10
2 27
4 5
5 61
5 91
9 67
7 92
9 98
8 31
9 15
7 84
8 67
6 53
3 20
1 5
8 41
3 23
9 59
1 49
4 87
9 64
7 56
10 51
3 70
6 53
6 88
10 89
6 8
5 55
5 41
4 44
6 94
7 1
5 70
3 44
6 28
3 4
4 61
6 43
4 28
7 51
2 6
8 75
9 64
3 9
8 71
1 13
4 51
9 67
3 32
7 86
1 29
10 25
6 54
8 27
4 69
9 8
9 73
7 58
3 69
4 42
6 20
6 25
1 45
5 35
2 37
5 11
4 49
3 91
1 51
8 8
5 9
7 47
4 74
10 91
3 36
5 55
3 27
7 11
1 8
4 15
5 38
3 4
6 2
5 28
3 61
2 53
3 56
9 54
2 8
10 69
2 92
8 33
10 68
2 60
10 44
10 33
7 2
10 73
9 57
5 59
4 66
8 42
10 89
2 19
1 94
3 73
2 19
1 22
1 7
1 87
9 96
1 95
10 96
2 33
7 77
4 92
3 96
6 28
6 37
3 3
9 90
7 74
8 17
3 19
9 52
10 92
3 72
2 62
9 62
10 28
1 7
4 18
8 74
8 86
10 68
5 2
5 19
4 40
3 52
5 48
1 92
9 56
1 98
3 6
8 99
4 86
4 35
2 67
7 96
2 69
9 45
3 29
7 17
6 92
7 18
2 37
9 45
4 15
7 12
9 91
5 92
4 32
8 24
2 13
3 66
5 52
7 25
8 17
1 5
1 74
8 60
1 74
5 97
9 71
3 87
6 81
7 51
6 74
4 71
4 45
2 81
6 79
2 68
1 33
1 49
3 20
9 93
2 87
9 87
7 51
2 66
1 76
9 46
10 39
1 8
5 48
6 79
7 63
2 77
5 40
1 71
10 24
1 42
1 79
10 35
3 72
7 90
10 20
5 52
4 11
1 46
3 72
7 98
5 67
9 57
3 54
5 42
6 26
2 59
7 56
10 18
1 32
6 63
6 33
3 33
5 35
6 82
2 90
3 93
7 8
5 63
1 26
8 62
1 25
5 79
1 96
2 2
4 2
7 60
2 30
10 53
1 46
1 64
7 74
8 12
5 33
9 44
10 26
8 43
1 85
3 63
10 69
3 57
8 67
7 6
7 53
4 52
1 56
5 83
1 71
8 27
8 63
10 100
10 4
7 65
7 59
10 98
10 89
4 21
5 54
1 65
4 88
1 22
5 10
4 36
1 43
8 26
4 21
2 19
10 98
3 93
7 90
2 54
4 85
4 64
5 92
3 92
