2 18
5 82
8 31
8 38
7 62
2 74
6 34
2 11
1 26
9 47
8 40
8 19
6 20
1 83
2 40
8 29
4 26
1 71
2 22
3 86
3 90
8 100
3 4
4 93
6 32
4 9
9 68
4 5
10 64
3 97
8 78
8 43
10 27
6 83
4 32
2 80
10 65
3 86
10 24
7 76
10 89
2 16
3 33
4 59
8 29
5 57
9 15
9 18
2 21
10 35
4 65
1 47
7 9
1 48
8 63
2 15
9 21
7 1
6 56
5 68
7 2
8 79
8 50
5 78
3 44
9 17
8 82
2 31
9 91
7 67
10 59
7 80
3 8
8 67
6 68
3 5
8 43
4 35
1 24
2 62
9 19
4 55
4 3
8 34
1 91
3 45
2 43
7 64
3 9
5 89
9 37
6 90
4 11
7 81
3 4
7 2
4 96
5 24
6 54
4 98
5 9
3 24
5 52
1 83
2 34
2 1
7 96
8 2
1 36
6 77
9 74
7 68
9 66
6 32
4 45
6 3
5 93
10 7
7 97
1 16
3 97
10 63
5 32
8 10
6 32
1 12
5 87
7 6
7 88
3 79
10 64
8 38
8 7
9 94
10 6
3 64
2 48
1 77
2 22
5 38
9 64
5 13
2 22
9 64
9 71
10 90
3 78
1 19
1 35
2 30
3 16
4 46
8 9
2 52
8 77
10 61
9 44
2 12
10 71
9 12
2 44
7 91
1 7
6 10
1 56
1 93
2 38
5 39
7 45
4 85
4 94
1 28
8 97
8 13
5 59
8 88
7 85
10 44
7 20
2 70
5 12
1 69
4 1
6 83
8 17
9 7
2 100
2 75
5 32
4 28
7 46
2 28
7 3
5 20
2 32
9 68
5 49
9 13
9 20
9 74
7 71
9 2
3 7
2 5
6 60
5 49
10 26
6 53
10 18
10 47
6 87
5 60
7 49
9 25
5 28
9 3
7 84
4 22
9 88
2 11
5 60
1 33
2 98
1 23
6 38
5 89
4 42
9 33
10 38
1 45
4 91
1 14
9 79
9 99
1 14
9 72
3 64
6 94
3 31
5 82
4 95
8 42
3 24
6 36
7 81
3 89
8 36
10 41
2 34
10 86
5 45
5 86
8 75
7 10
1 11
5 93
5 24
8 27
3 6
10 56
5 2
6 57
7 16
2 46
9 88
8 81
9 94
6 23
10 51
2 92
4 82
1 21
4 3
9 79
10 43
1 71
10 45
8 2
9 78
5 26
1 68
6 78
3 96
9 23
5 50
6 24
4 42
8 26
1 30
1 57
6 80
6 70
3 62
2 91
9 75
7 40
5 76
5 56
7 4
3 63
7 6
5 95
9 34
10 67
5 15
3 87
5 24
6 56
4 29
9 39
7 33
6 17
10 94
8 51
3 5
10 15
5 61
9 15
7 91
10 81
7 16
4 68
7 39
10 83
5 9
6 56
6 3
10 33
7 47
6 95
9 20
10 67
7 88
5 50
1 3
3 7
2 22
8 25
6 90
4 4
9 80
6 34
4 78
4 11
7 84
1 52
1 100
10 46
7 7
2 31
1 90
3 35
8 98
3 76
8 28
2 94
2 8
8 11
1 93
8 4
1 11
1 47
10 5
5 61
2 98
10 21
8 27
5 54
7 70
1 79
5 26
3 83
4 91
10 32
4 29
9 48
7 21
9 22
6 80
3 75
9 9
1 27
3 54
3 35
2 19
5 13
8 79
2 68
10 99
10 30
3 65
4 78
10 26
2 7
10 80
7 9
3 4
2 2
6 56
2 36
10 20
2 25
3 79
9 76
7 81
1 4
5 29
9 95
8 30
10 49
2 62
4 83
2 14
7 3
8 52
2 70
4 91
4 21
9 63
8 25
10 73
4 10
5 46
6 31
8 92
1 60
8 17
4 80
7 21
6 43
2 46
9 84
7 23
3 69
4 6
3 8
8 7
1 16
3 75
10 93
10 62
3 89
1 9
3 41
8 55
8 28
4 31
3 47
1 92
6 75
7 49
4 44
8 47
6 10
5 13
4 54
9 78
5 30
9 83
8 98
5 62
6 60
6 18
8 55
2 89
10 21
10 91
7 10
9 13
9 17
5 79
10 42
4 82
2 45
9 50
2 75
5 92
8 62
10 4
10 40
1 79
7 81
9 36
1 70
3 17
1 27
1 53
1 8
6 92
8 89
6 11
7 87
2 2
6 30
6 76
1 53
5 39
3 65
4 25
3 35
7 67
9 86
5 64
10 81
8 89
3 13
6 41
2 2
8 92
3 49
8 3
9 91
3 11
8 36
10 17
9 94
9 10
1 81
9 75
1 92
7 78
2 83
7 72
8 94
8 46
7 73
2 99
4 61
1 4
3 14
1 49
3 55
6 100
9 100
3 7
4 11
2 85
4 43
7 1
9 29
1 96
8 60
4 95
9 28
6 42
9 4
2 4
1 97
10 7
10 43
3 87
2 28
2 59
1 27
2 63
3 67
6 18
6 25
8 24
10 52
6 9
8 92
7 54
1 25
2 52
9 47
6 51
10 35
10 48
1 49
4 3
9 18
6 76
1 20
9 9
6 52
6 13
4 92
1 60
1 91
6 28
8 54
5 48
4 13
3 63
4 95
7 8
2 100
9 6
7 89
10 67
6 85
10 30
6 78
10 49
4 78
4 93
3 18
4 85
5 10
8 46
5 95
7 87
4 53
2 15
2 28
7 24
2 71
1 67
3 8
7 98
5 31
3 16
6 86
10 19
10 18
8 100
1 40
4 66
10 23
3 81
10 41
1 35
3 45
2 62
3 53
4 90
2 62
9 36
10 10
3 69
1 60
2 36
8 90
1 68
5 76
3 6
7 93
10 73
1 64
4 85
8 62
7 38
3 10
4 11
8 18
1 83
10 69
10 40
2 66
10 70
7 40
3 7
1 55
2 65
4 72
4 6
10 17
4 20
7 48
5 48
4 78
3 98
10 60
1 38
3 42
2 38
6 41
1 52
4 47
4 8
6 92
5 51
10 96
6 87
5 24
1 11
10 39
1 17
8 18
7 83
4 68
7 52
9 93
4 41
3 29
8 69
7 61
6 53
1 25
7 76
6 49
2 27
3 15
8 1
4 71
7 15
4 83
6 35
1 60
8 82
4 41
5 72
5 87
2 72
9 54
4 14
10 36
8 2
7 92
2 97
7 15
5 14
9 27
1 95
6 55
9 71
7 83
1 34
9 73
2 100
2 18
4 2
1 61
2 34
10 85
7 74
4 93
2 32
6 88
4 21
8 50
4 88
7 44
10 98
4 88
2 81
2 53
9 6
8 39
6 56
4 2
3 94
3 25
9 33
9 30
4 8
6 93
8 29
6 74
8 9
9 64
1 11
4 80
6 29
10 39
6 60
5 27
8 4
8 29
7 1
2 81
9 32
5 39
2 1
2 63
3 6
10 96
5 13
1 65
2 24
9 80
9 46
7 97
4 45
6 47
7 47
2 42
2 86
2 73
3 22
1 54
5 25
5 65
3 1
3 58
5 14
3 27
9 70
10 6
1 88
6 20
6 57
9 92
1 42
7 90
6 14
9 7
3 63
6 2
5 94
10 66
9 76
9 44
5 4
4 100
10 38
2 59
5 21
6 38
2 58
2 48
10 3
6 15
5 47
6 41
10 79
1 85
10 97
8 63
1 100
9 98
5 25
2 73
3 1
2 11
3 9
2 96
2 39
9 48
6 70
8 59
8 89
7 91
4 49
5 67
6 62
7 96
1 44
9 90
9 47
2 68
2 36
8 45
3 83
10 24
10 31
3 95
6 61
4 20
6 69
2 61
4 73
4 18
8 100
10 77
8 36
1 38
2 33
9 57
2 35
7 94
1 42
3 23
8 65
6 16
5 16
3 84
2 43
1 84
8 84
1 11
7 16
4 54
5 24
1 21
2 87
5 93
2 92
10 92
7 18
10 12
1 42
9 65
5 78
2 23
10 69
5 56
6 27
4 66
4 87
4 64
7 7
8 32
1 72
4 22
6 16
2 35
6 32
9 20
8 68
7 18
8 38
1 71
10 65
2 20
5 48
8 79
8 27
10 88
5 47
5 56
2 91
10 97
8 2
9 49
8 55
3 24
3 59
3 1
3 30
7 39
6 19
6 2
5 54
8 82
3 80
3 2
8 2
3 54
10 23
1 67
8 84
3 43
10 29
4 18
8 26
8 87
4 43
3 1
3 30
7 67
3 100
1 54
3 47
6 46
4 3
1 87
9 47
9 55
3 79
8 17
9 73
3 76
3 88
6 7
4 45
5 53
5 53
6 38
2 45
5 13
10 2
9 92
6 88
7 6
10 18
3 59
7 90
4 15
8 55
2 29
9 5
8 78
9 54
10 23
8 15
8 44
7 89
9 91
4 67
5 13
1 89
5 64
3 43
7 46
6 31
9 34
9 36
9 81
10 84
5 44
8 47
10 93
1 36
4 96
1 23
8 65
2 4
8 51
