8 43
4 57
10 74
6 19
2 99
8 83
7 80
4 71
9 26
2 8
10 87
7 20
1 7
8 15
9 54
7 44
5 78
4 5
3 80
10 57
7 58
5 58
8 80
7 41
5 43
9 82
7 98
2 96
1 6
2 85
2 49
2 39
8 51
7 21
10 88
5 61
3 54
9 86
2 59
3 37
5 40
1 72
8 70
7 48
8 52
2 70
5 30
7 6
6 17
5 63
8 13
9 62
9 100
7 13
5 75
5 8
10 40
2 80
5 55
4 72
1 2
2 97
10 10
3 5
9 23
8 77
7 84
3 69
3 99
9 25
10 16
7 17
9 34
5 17
8 82
3 79
9 93
3 71
6 48
7 5
4 15
9 90
9 55
8 37
4 41
3 85
5 33
10 9
9 28
4 87
5 66
9 66
3 75
4 62
7 37
3 74
5 43
7 62
1 1
3 83
5 21
3 97
5 22
9 8
1 52
5 46
4 48
7 72
6 21
1 4
3 60
7 28
9 64
6 90
4 43
6 91
4 38
6 77
4 48
6 97
4 75
9 7
3 27
1 50
4 91
6 76
6 5
4 42
1 2
6 92
10 92
5 65
9 50
7 18
7 22
1 5
5 1
7 32
10 59
8 88
6 41
4 38
9 1
5 33
6 62
1 42
7 61
9 20
7 15
4 82
8 21
9 84
4 10
7 75
6 41
1 50
6 67
10 58
6 39
8 36
9 25
2 90
9 29
3 73
6 23
8 91
6 56
10 5
2 82
9 95
3 64
5 99
5 5
2 40
2 88
2 56
1 74
4 62
1 44
3 71
2 52
3 79
3 47
7 69
1 9
10 28
4 68
9 4
5 70
4 44
10 31
8 29
7 100
3 41
3 75
5 63
6 3
5 56
6 83
7 16
4 51
8 38
1 46
8 72
1 40
8 63
2 57
2 95
2 7
3 95
10 81
3 13
3 36
5 74
5 35
4 25
5 71
2 13
5 54
9 16
5 86
5 15
10 12
4 77
7 90
3 45
2 67
9 72
1 59
3 99
2 76
1 25
7 23
6 49
4 79
1 4
10 99
2 86
4 19
5 32
3 31
2 85
2 24
1 13
1 80
10 16
9 28
10 100
9 17
10 23
3 53
10 83
4 100
7 11
2 99
8 55
1 84
10 49
2 20
6 96
7 63
2 58
2 34
2 37
10 67
9 62
5 37
6 86
2 69
2 86
10 94
3 51
1 27
7 44
2 76
1 88
2 43
7 68
3 96
10 89
6 99
6 90
10 82
3 77
5 87
5 72
8 88
2 20
6 34
1 18
2 35
4 58
7 98
6 10
6 90
2 15
9 78
1 31
2 24
8 11
10 100
3 35
8 80
8 85
8 94
7 59
10 26
5 50
5 74
8 48
7 68
2 53
2 76
2 89
9 64
4 93
2 64
1 45
4 30
8 19
8 79
10 47
4 64
4 52
2 77
1 66
4 48
1 96
6 41
2 24
3 61
6 3
8 85
7 57
9 7
5 98
8 65
8 75
10 53
1 95
9 61
3 16
6 67
10 19
7 41
1 13
2 64
7 12
9 14
6 99
8 50
3 86
3 4
1 57
2 58
2 83
5 27
3 67
6 23
1 56
7 48
2 15
8 32
9 17
8 15
4 7
7 92
8 66
1 43
10 39
6 47
2 66
9 91
7 5
8 15
9 72
3 21
3 49
9 9
2 74
2 7
9 93
7 88
7 14
4 100
7 76
2 50
8 98
5 85
5 60
7 44
7 95
6 66
8 49
9 4
6 38
1 80
6 85
1 10
7 40
5 38
8 44
6 81
2 11
1 89
4 71
9 33
9 76
3 89
4 75
5 32
8 10
4 52
9 76
5 51
5 30
1 88
9 19
2 28
4 98
8 51
9 26
2 30
3 84
8 40
3 77
8 98
3 42
9 48
1 61
8 34
3 32
3 27
6 50
1 10
7 31
7 39
4 2
9 80
6 54
4 33
2 12
10 41
4 41
3 92
4 32
2 83
5 4
4 8
3 39
3 51
8 30
7 12
5 17
6 62
3 79
5 81
4 77
8 30
3 36
6 9
6 1
9 19
8 76
1 25
4 68
1 68
2 58
1 100
1 45
8 69
6 71
4 89
5 3
10 72
4 43
5 24
6 44
5 86
2 28
7 63
1 36
2 80
1 40
1 77
5 21
3 80
7 86
7 99
9 18
1 59
4 45
6 4
9 13
8 22
6 25
4 10
10 91
10 83
5 36
9 13
1 37
3 92
9 91
7 36
4 30
9 32
10 15
1 32
1 25
8 62
9 67
6 94
3 73
4 38
7 37
10 66
1 65
8 35
1 94
5 15
9 63
5 98
9 60
9 52
10 62
5 67
5 90
8 19
2 50
1 20
8 52
3 81
5 61
8 4
2 45
6 66
10 22
7 93
1 10
8 27
5 6
7 63
5 53
1 40
8 67
9 58
10 68
5 70
2 61
5 12
10 26
7 64
4 5
5 50
8 67
6 19
2 32
2 30
1 61
2 55
1 87
8 3
5 19
4 57
2 2
7 74
9 50
7 40
8 2
1 40
5 47
5 98
8 84
2 58
8 66
9 86
1 37
4 8
8 2
3 78
2 39
5 55
9 96
7 40
3 44
9 36
1 11
1 2
3 63
1 30
4 23
5 11
9 71
1 80
10 20
6 41
9 23
3 45
2 57
4 90
8 63
5 53
4 59
1 37
1 91
3 15
6 57
1 8
6 8
9 35
2 39
1 45
10 100
2 63
8 29
7 59
6 91
1 44
2 59
7 76
7 98
3 95
9 3
4 38
8 53
10 38
8 60
3 48
8 50
10 14
4 51
7 96
5 92
3 32
2 18
9 7
6 23
9 30
7 43
10 38
3 40
6 48
8 18
10 52
2 95
9 97
8 96
5 51
9 87
4 5
3 25
6 10
8 41
4 35
1 58
7 2
7 7
7 30
7 95
4 87
8 68
10 57
9 16
5 9
9 70
4 84
5 75
7 45
1 67
7 86
5 11
4 35
1 53
2 39
4 44
10 7
10 86
7 89
4 14
8 86
6 15
4 56
5 17
5 84
10 70
10 60
4 4
10 80
8 1
3 67
9 100
5 93
3 88
7 37
9 7
4 74
8 25
2 98
2 3
6 14
7 19
2 16
10 90
2 75
8 81
7 51
2 33
2 61
8 62
5 86
8 95
2 80
1 56
2 81
10 44
9 29
6 35
6 46
5 64
3 35
9 33
10 70
9 88
2 35
7 16
9 63
2 5
4 50
5 5
7 97
7 61
6 15
10 36
6 31
5 31
3 52
4 39
5 69
10 96
4 3
10 70
3 81
2 78
3 70
3 18
3 67
4 18
9 26
4 84
8 74
8 83
10 93
8 53
6 91
9 86
7 25
7 41
7 67
2 54
4 26
10 53
7 30
4 19
9 20
4 18
8 64
4 96
9 39
9 25
3 52
3 26
9 93
9 3
3 21
1 56
4 80
2 65
8 11
5 55
6 14
2 42
4 72
5 9
7 91
7 33
2 37
5 83
9 99
3 38
3 84
10 81
10 61
1 57
2 65
6 78
2 64
7 1
10 59
1 15
1 11
4 72
10 13
5 2
7 70
5 17
3 83
3 76
7 66
10 87
7 100
6 94
10 62
3 65
8 27
2 65
1 28
3 82
3 13
5 43
8 100
5 68
9 7
2 31
8 21
6 55
7 89
7 45
7 52
2 48
2 99
9 12
6 86
3 92
8 28
7 93
6 87
10 27
1 43
10 48
2 19
7 39
10 47
1 23
8 14
10 81
10 96
10 12
2 41
2 60
3 26
3 61
2 84
5 63
8 47
4 91
4 4
7 53
2 91
9 66
10 72
7 72
7 29
4 76
6 73
4 76
1 76
3 3
10 72
10 10
1 76
6 9
9 83
4 83
3 88
4 24
7 22
7 81
6 7
10 1
4 78
10 38
10 1
10 62
10 89
1 6
8 5
1 14
8 42
7 7
5 75
4 17
6 75
6 64
7 96
2 55
9 31
1 28
1 34
7 83
3 40
8 82
10 7
6 18
4 32
5 64
4 54
2 71
9 21
6 37
1 87
7 61
4 90
7 37
10 10
10 34
3 92
6 82
3 61
1 64
8 8
4 14
7 24
1 32
7 66
5 25
8 45
1 20
2 1
6 94
9 42
3 10
10 43
4 14
9 31
2 97
8 4
10 78
6 38
9 8
5 91
9 11
6 37
6 68
4 54
10 1
10 60
7 36
7 76
6 86
1 22
10 56
7 86
9 26
10 42
2 53
3 16
10 23
6 44
4 72
9 91
6 60
6 19
7 72
7 95
4 83
5 97
4 38
7 11
2 56
3 40
3 17
8 5
3 89
10 29
9 9
2 17
3 69
7 56
2 29
4 55
3 55
4 85
10 91
1 59
2 11
6 35
7 88
6 70
2 5
9 56
5 83
4 68
3 58
4 50
6 24
8 98
7 24
4 93
1 75
