6 24
9 83
10 44
5 15
5 22
5 75
8 96
5 93
10 45
9 33
8 86
3 8
3 94
5 66
1 97
3 59
10 61
6 34
10 100
10 78
4 51
5 63
5 20
9 29
6 44
6 16
8 70
8 9
9 59
1 44
1 47
1 43
5 2
3 86
10 82
4 61
3 37
4 1
3 6
1 26
5 75
2 27
3 6
8 59
5 27
4 99
10 58
8 94
7 90
2 84
6 85
7 88
6 59
4 89
6 22
5 56
2 100
1 73
5 29
3 75
5 48
3 89
10 17
3 16
6 32
1 47
10 81
10 7
1 36
3 75
8 41
2 79
3 46
1 41
2 28
4 57
4 38
2 40
10 88
6 84
8 62
8 71
2 23
1 85
10 25
3 31
1 6
3 70
7 76
5 93
8 38
6 17
2 71
1 63
8 56
3 35
5 50
3 80
6 22
1 15
3 3
5 6
1 82
10 94
2 19
2 100
3 35
1 22
10 86
1 78
9 81
3 25
4 34
9 50
8 19
3 64
9 12
7 98
3 44
5 67
7 88
10 91
9 28
6 61
6 46
8 13
9 33
7 29
8 52
10 33
6 21
3 45
7 85
7 45
5 52
7 36
6 9
7 40
10 4
6 69
10 49
2 76
6 50
10 8
2 9
4 78
10 76
8 86
6 70
6 90
6 7
7 26
10 99
3 29
1 23
9 39
1 17
2 84
1 68
4 34
1 85
10 75
10 73
8 95
10 99
2 21
9 36
3 92
10 46
9 88
5 2
8 83
1 20
3 48
10 14
9 74
6 76
5 98
4 75
4 99
8 3
1 70
6 88
4 91
5 82
6 3
8 73
3 64
6 60
9 19
2 36
6 13
9 34
7 50
7 19
7 79
6 20
8 46
10 82
1 51
6 70
6 21
3 67
2 12
8 30
2 99
6 3
8 75
3 22
6 67
5 16
9 58
7 5
2 87
6 10
2 20
6 84
3 7
6 100
1 32
5 62
9 91
4 22
7 3
7 94
4 2
5 54
10 57
7 65
9 75
2 29
1 21
2 35
2 11
6 40
8 11
6 36
4 40
4 78
1 82
6 80
2 57
4 10
3 84
9 65
5 33
10 23
1 50
6 62
2 74
7 76
5 63
1 56
2 36
4 2
10 12
10 30
3 50
4 11
1 2
5 58
3 85
4 58
3 77
7 10
9 57
10 68
9 13
10 66
8 89
10 62
2 80
3 26
3 23
8 2
10 96
5 22
10 43
4 80
9 16
9 72
5 43
1 47
5 44
4 37
1 98
6 23
5 87
6 17
4 90
5 14
3 34
10 30
8 15
2 33
4 28
9 14
2 20
2 5
3 1
8 15
3 22
8 76
4 13
5 4
1 78
1 91
9 99
7 86
9 74
10 24
10 40
6 25
3 4
9 23
3 36
3 2
10 44
2 6
2 45
10 85
4 96
8 74
6 16
1 74
8 18
2 69
3 65
1 45
9 11
2 92
3 44
7 80
6 97
2 60
10 92
9 37
1 22
4 70
10 45
7 82
1 29
10 77
3 87
4 10
8 94
7 80
7 94
3 3
9 38
1 10
2 57
4 32
6 38
3 12
6 17
3 53
6 74
7 11
8 9
2 40
2 64
6 36
3 54
6 32
2 64
4 17
2 10
2 93
1 50
1 75
3 89
7 89
6 57
10 99
6 16
2 75
8 32
7 35
8 51
5 55
5 29
5 96
4 52
1 86
8 64
2 95
1 41
8 93
4 66
7 70
4 44
3 26
2 44
4 66
10 94
4 68
5 91
9 72
1 38
7 58
2 71
9 49
3 36
5 60
10 14
9 20
5 12
10 11
6 19
3 16
2 63
7 23
6 45
4 28
2 38
1 56
1 3
1 24
3 95
3 15
4 23
6 31
8 25
4 52
10 94
7 33
3 61
1 68
8 31
4 80
4 9
7 34
5 13
10 17
8 6
10 39
4 23
6 58
5 23
2 71
10 59
6 54
5 9
1 7
6 2
4 9
1 66
10 54
6 55
7 99
9 56
1 46
3 17
6 10
4 53
9 78
6 19
3 91
5 67
6 7
9 76
10 75
5 87
10 29
3 35
6 79
2 66
8 97
8 21
8 21
4 4
2 30
8 31
6 94
2 70
1 82
5 87
5 100
8 89
6 87
3 75
6 28
2 72
4 76
1 79
1 43
2 96
6 67
6 62
4 25
2 91
8 50
6 53
1 38
6 83
8 40
4 5
1 2
9 25
5 35
1 96
7 74
2 84
2 21
10 88
1 100
5 5
7 32
7 88
2 93
7 47
3 92
7 97
8 66
9 86
2 2
10 82
8 4
8 33
5 56
8 61
4 2
6 49
3 37
6 48
4 28
2 86
8 19
8 81
9 87
3 82
10 36
2 43
2 97
5 39
6 76
10 6
8 95
6 55
3 11
1 95
3 43
9 43
10 5
1 26
6 9
8 71
8 7
8 18
1 40
8 21
9 25
1 45
3 32
5 63
8 95
3 78
9 27
1 67
10 61
5 25
9 1
8 47
7 49
6 47
7 73
5 76
7 82
3 48
5 96
3 36
8 89
3 58
2 75
3 18
1 77
2 5
10 99
8 26
8 24
8 10
7 1
1 48
10 33
8 70
10 91
5 3
6 61
1 93
3 87
3 83
4 68
9 97
9 53
9 17
8 18
7 95
3 88
1 92
7 100
7 47
10 18
10 19
8 47
7 9
2 88
6 87
10 61
4 71
6 41
9 48
8 96
2 23
8 40
9 25
8 24
5 39
7 1
10 90
2 10
2 77
8 66
10 50
8 9
1 47
3 7
5 19
1 31
9 48
6 31
3 70
10 50
4 90
5 43
8 13
1 100
6 10
1 87
7 99
3 8
1 95
6 42
5 85
2 9
4 40
5 49
2 24
2 40
8 16
7 84
7 99
7 47
7 62
9 81
5 23
4 42
7 36
7 34
1 15
2 35
10 74
8 80
1 71
5 43
9 30
2 44
9 98
8 69
6 86
9 60
6 42
1 75
3 23
8 100
3 88
9 84
8 2
1 99
6 35
4 87
6 23
4 12
9 51
5 28
4 11
1 83
6 99
9 67
3 63
10 47
5 17
2 50
8 84
3 15
10 59
4 52
8 47
6 80
9 1
5 65
7 100
10 82
5 31
6 50
6 84
1 12
1 2
5 32
6 9
3 74
1 84
6 77
3 66
9 98
9 89
5 64
9 61
3 26
3 70
9 68
2 90
8 34
6 18
9 69
2 11
1 32
4 53
3 72
9 76
1 53
9 99
4 49
3 66
6 30
2 95
2 33
6 5
3 93
7 30
6 19
7 88
5 80
2 11
4 32
7 65
3 10
1 35
8 16
5 27
9 23
9 47
8 84
6 6
5 54
2 86
7 40
4 7
7 38
9 90
4 52
4 50
3 15
5 60
7 41
6 41
10 52
4 74
7 83
4 99
10 56
6 50
9 98
7 64
8 47
4 21
2 42
2 69
7 80
6 50
2 32
4 70
1 93
8 43
5 36
5 82
9 64
6 9
5 39
4 91
3 34
3 2
6 92
7 48
1 7
9 83
1 97
1 68
2 55
7 39
9 76
10 54
9 65
1 55
6 96
8 52
5 75
2 82
5 39
3 86
9 63
2 65
4 59
6 26
7 33
2 22
2 67
3 51
10 31
10 18
9 41
5 40
3 87
2 100
7 91
1 71
1 89
5 13
2 96
6 100
8 56
2 23
1 37
2 89
10 79
8 52
1 78
5 13
9 54
2 46
5 88
2 36
7 7
2 14
3 14
7 46
1 43
9 51
3 42
2 37
5 80
2 21
1 47
5 49
9 86
8 73
9 26
4 63
3 9
3 49
4 50
3 9
3 38
6 49
9 58
7 29
1 83
6 15
6 3
8 11
5 29
3 80
10 33
1 58
9 42
10 38
1 12
1 11
5 22
9 83
2 21
8 19
7 87
10 84
5 48
8 95
10 43
4 100
10 77
4 100
3 50
4 40
10 5
9 78
1 82
9 50
10 55
3 30
10 13
2 68
3 13
3 45
4 63
1 57
6 9
2 80
3 22
3 48
8 19
4 37
6 27
6 77
5 79
4 30
4 43
2 45
10 73
6 34
4 17
7 26
4 71
3 1
3 25
8 66
1 26
4 4
2 48
3 18
10 75
8 23
1 100
2 65
1 17
9 32
4 10
6 16
3 77
1 12
3 39
10 49
9 96
7 59
10 34
9 54
1 5
5 93
5 37
1 20
8 14
1 25
7 97
7 51
4 41
2 34
6 13
7 58
9 88
10 98
8 75
10 40
3 19
4 77
1 32
5 36
2 54
1 20
3 3
5 78
6 97
9 84
10 46
6 84
8 86
5 78
7 22
7 54
4 95
10 49
7 37
5 95
7 66
4 13
2 51
5 22
8 86
7 56
4 11
10 5
8 65
9 25
7 92
10 89
7 22
5 63
2 71
2 1
10 50
1 40
4 17
2 23
