1 56
4 22
10 19
6 42
9 19
7 26
9 87
6 82
10 61
4 80
8 4
4 61
8 96
4 66
4 97
9 69
7 83
9 40
4 89
2 81
7 4
6 48
3 60
4 50
7 46
3 44
2 17
2 52
5 43
2 4
9 99
3 26
6 73
4 95
10 38
7 77
9 86
3 47
8 20
7 11
5 53
6 32
9 13
7 53
9 96
9 31
1 45
1 59
8 34
4 92
10 63
9 68
9 48
6 77
6 6
7 52
10 33
8 42
5 45
7 40
9 7
7 21
4 68
6 6
6 29
1 85
6 70
10 75
6 41
7 77
1 46
8 74
5 78
1 40
8 52
3 52
5 72
10 8
4 83
9 60
1 80
7 24
2 98
5 10
3 19
6 67
4 69
4 97
8 27
8 77
6 31
7 70
10 47
9 6
7 54
8 12
2 97
4 20
8 28
5 56
10 56
6 99
5 38
9 28
6 6
5 49
7 77
3 73
10 20
6 65
9 30
8 63
4 66
9 73
10 67
6 90
3 1
4 86
5 38
2 8
5 29
4 68
7 26
9 51
2 34
2 12
8 7
7 69
3 1
7 27
6 4
2 67
3 10
10 95
4 76
2 88
10 1
10 74
4 31
7 5
2 31
4 23
3 55
1 53
3 15
4 15
8 66
8 56
7 27
2 61
6 36
5 50
9 18
3 7
8 99
7 94
4 34
6 79
2 85
10 56
5 96
4 47
2 21
9 85
6 52
3 38
8 63
5 11
3 16
6 88
3 83
10 16
9 10
10 54
6 62
10 82
2 100
8 49
9 54
9 42
8 25
6 1
8 24
2 18
3 79
1 36
10 58
9 44
1 16
4 2
6 76
7 58
7 59
1 16
9 68
9 26
4 22
5 79
7 68
10 25
2 91
6 55
4 52
5 97
2 20
3 46
6 46
2 85
6 5
1 24
5 68
6 65
4 79
4 58
10 14
7 9
1 40
6 53
1 6
6 12
6 23
7 34
7 81
2 31
8 94
4 85
5 81
2 81
9 31
9 11
1 18
6 81
3 78
6 94
8 27
10 45
7 83
6 62
8 92
6 87
4 66
7 83
2 35
1 52
3 84
7 39
10 49
7 11
3 72
2 66
1 92
1 32
10 57
2 34
1 48
4 62
1 92
6 94
10 99
10 55
3 72
9 85
7 59
7 20
3 72
6 82
8 76
10 32
7 40
9 51
2 16
2 88
1 61
1 15
8 60
4 89
7 36
7 81
8 38
3 35
7 4
3 17
3 95
4 69
4 18
3 39
3 32
9 12
6 14
9 65
5 23
7 71
7 20
3 99
7 64
9 42
6 49
1 98
9 70
10 13
4 30
9 68
2 85
1 43
3 85
6 88
7 59
6 77
6 25
7 92
10 65
2 26
6 44
3 11
10 44
5 2
6 71
1 41
7 18
1 4
2 31
9 88
10 96
8 42
5 61
4 82
3 40
7 94
7 35
7 43
7 86
9 21
1 83
5 14
6 76
2 77
9 100
9 9
10 83
1 19
9 29
3 3
6 45
2 83
2 63
5 31
10 35
6 53
1 60
6 27
6 94
10 92
10 76
6 3
1 39
3 92
1 68
6 73
5 97
3 69
5 56
8 21
3 99
6 95
3 11
8 36
6 88
4 33
3 83
2 91
1 25
1 36
1 84
8 82
10 63
1 87
7 5
8 75
9 19
8 99
6 37
5 46
2 95
2 73
7 5
7 56
8 100
10 100
1 20
9 14
2 32
2 70
3 80
4 72
6 6
9 64
1 36
1 76
5 58
7 24
8 18
2 37
8 100
8 80
10 27
7 11
3 46
7 46
6 96
9 88
3 45
10 75
8 13
8 58
2 62
3 78
4 85
10 56
5 14
6 59
5 39
7 6
4 32
9 86
1 68
3 35
6 55
7 80
3 100
4 64
5 58
5 98
8 60
5 85
8 6
1 86
5 70
7 24
9 40
2 43
7 58
2 1
5 28
8 10
7 68
5 78
5 55
4 61
5 73
9 6
4 94
5 37
6 77
2 44
9 14
9 21
1 16
4 54
10 77
9 90
5 71
8 36
4 35
6 58
10 1
3 8
7 4
6 51
5 12
10 9
10 46
10 71
4 15
4 23
2 62
2 3
6 68
10 66
2 37
4 66
9 81
9 32
10 96
3 57
6 4
5 29
2 69
10 50
9 24
5 15
7 53
5 91
9 82
6 49
5 26
4 13
3 59
7 41
1 17
1 63
6 59
8 76
7 23
2 94
7 77
3 49
4 60
9 92
6 91
5 28
9 16
8 95
9 80
4 95
6 43
8 92
9 93
2 32
3 74
8 34
7 43
4 31
10 71
2 78
7 49
4 27
4 87
3 27
10 68
7 58
6 91
10 5
2 100
5 27
6 61
6 55
8 10
10 89
1 5
3 46
3 85
7 34
2 50
10 82
3 35
10 94
1 68
6 69
8 43
9 87
10 13
9 37
7 49
2 53
8 54
3 76
7 95
1 45
1 69
10 27
3 44
9 64
8 94
7 58
6 2
5 54
5 88
8 75
4 6
3 96
6 3
8 60
2 64
2 53
7 65
1 59
2 45
7 46
1 54
8 81
9 100
7 75
3 54
7 14
10 12
9 71
3 11
5 53
10 50
6 8
2 77
7 94
2 57
9 10
8 32
1 37
2 6
8 30
4 89
7 73
3 78
5 13
1 11
10 32
6 85
6 36
2 81
7 51
7 91
9 23
9 66
8 16
4 89
6 99
6 100
9 66
2 14
9 62
6 78
7 88
2 31
6 12
9 78
4 91
9 9
7 1
10 3
4 55
4 7
5 83
3 28
9 46
3 58
1 86
4 64
6 19
2 31
3 36
1 64
5 98
9 61
6 48
9 52
6 57
1 61
2 29
6 47
5 48
1 67
2 13
3 94
9 6
3 80
10 84
3 21
8 19
4 36
4 84
9 95
5 52
6 71
2 72
9 89
8 62
9 45
8 92
3 87
2 48
3 52
6 56
1 76
9 43
1 66
5 18
8 55
3 29
2 13
1 14
9 57
7 93
6 76
8 37
5 79
6 71
10 25
6 33
8 34
1 38
4 63
6 96
1 65
6 15
3 39
1 66
4 27
6 17
9 56
6 54
2 87
6 96
3 25
5 45
8 41
5 79
10 91
3 16
10 92
9 64
2 5
7 53
3 83
10 53
5 81
4 82
6 67
9 38
9 70
8 6
8 8
7 87
7 30
10 57
7 61
8 45
1 22
9 9
8 87
2 50
1 87
1 13
2 94
9 18
7 73
8 35
4 76
7 2
6 40
3 63
9 91
4 89
7 40
2 71
9 28
6 39
8 82
2 59
4 68
4 36
4 54
8 16
4 24
4 75
7 28
10 55
8 78
4 49
10 74
2 24
8 76
8 81
9 33
7 69
8 77
4 67
6 1
5 42
10 37
1 39
9 56
7 3
5 39
8 57
9 75
1 27
4 94
7 96
9 14
2 41
5 82
6 85
5 6
7 79
8 66
2 42
2 86
5 65
9 49
5 32
9 12
2 52
2 7
2 43
9 87
2 9
1 11
1 87
10 85
6 41
10 75
8 75
4 51
4 80
4 49
5 60
3 21
7 59
10 50
9 67
3 50
5 56
5 27
10 52
5 29
7 58
8 13
2 59
4 40
8 47
5 86
3 14
6 74
5 25
6 47
4 100
3 25
4 46
1 18
2 2
6 88
6 36
2 47
8 58
1 91
10 100
5 32
7 41
9 24
5 60
9 79
8 38
2 49
7 7
7 32
1 1
10 84
7 78
10 86
10 71
10 1
6 11
4 32
4 39
1 60
8 30
8 90
6 8
6 30
10 11
9 6
9 3
3 71
9 65
8 53
9 99
6 50
2 34
6 38
9 68
5 45
7 65
3 62
1 26
8 28
4 6
1 88
10 22
6 47
4 99
10 60
10 29
2 86
10 67
9 96
6 34
6 6
1 71
9 66
7 42
1 11
6 61
7 93
9 90
1 33
4 41
3 76
1 50
5 29
2 4
9 4
8 95
5 11
8 40
9 39
10 58
7 94
2 3
3 65
5 1
10 61
6 96
9 40
7 90
7 74
4 75
1 62
9 27
5 7
2 42
3 55
3 50
3 95
4 60
9 9
1 49
4 3
7 87
3 37
5 33
8 83
6 99
8 21
9 40
10 76
3 42
4 33
5 76
3 33
7 4
6 92
1 22
5 27
10 22
3 46
3 42
9 6
8 84
2 5
7 40
9 68
9 73
8 22
7 54
8 19
9 3
4 6
7 18
9 49
4 45
8 16
1 90
10 57
2 63
2 7
2 19
6 44
8 46
6 81
9 40
3 70
10 70
10 100
7 27
1 37
1 4
8 9
2 72
8 10
10 30
7 82
9 30
8 52
10 72
10 87
9 8
7 55
9 67
4 29
9 81
8 42
9 84
5 76
7 37
5 94
6 59
7 94
4 25
7 4
2 13
7 31
4 20
