10 27
5 48
9 60
3 39
4 35
4 4
10 49
1 54
7 91
3 20
4 4
4 71
3 47
5 7
9 63
6 60
9 91
1 52
8 96
2 56
1 51
10 8
2 53
9 24
2 24
2 53
5 81
2 53
2 47
9 31
6 95
10 51
2 99
10 70
5 96
2 37
6 61
3 89
8 77
4 72
2 45
6 7
9 52
5 71
5 87
4 17
9 61
5 26
2 48
4 4
8 27
3 73
6 69
5 10
8 6
7 31
8 100
1 94
6 20
5 65
9 15
10 1
10 58
5 77
2 98
3 85
7 81
8 42
3 22
1 23
4 55
2 36
9 66
8 70
6 49
3 54
1 75
9 52
2 29
8 58
6 46
6 25
8 75
8 32
8 2
4 100
4 61
9 29
10 27
7 11
5 72
2 47
10 91
8 97
2 2
7 51
9 78
10 73
9 44
1 5
3 83
2 89
10 27
7 87
8 59
10 77
9 92
7 96
1 59
5 11
4 34
4 61
1 34
7 63
2 88
2 47
5 86
1 62
1 61
7 93
2 98
3 85
6 54
4 64
9 27
4 92
1 56
4 55
1 88
9 25
7 100
10 18
10 60
2 4
6 68
5 1
5 92
8 89
8 45
1 12
3 19
4 87
8 52
4 34
1 91
1 42
8 79
5 100
1 43
7 62
9 79
10 8
8 1
9 79
1 89
6 56
10 6
2 61
1 31
4 90
2 55
7 65
1 6
3 71
7 12
5 99
7 95
7 22
6 24
8 62
7 47
9 19
2 74
4 20
9 53
1 2
5 11
9 25
8 40
9 43
5 59
4 85
4 59
6 74
4 27
1 74
10 66
8 18
6 81
8 18
6 36
3 71
7 89
6 95
1 17
6 30
8 3
8 44
3 39
1 53
2 100
6 40
5 47
2 1
6 12
2 73
3 63
2 93
5 23
3 16
7 42
2 58
5 78
10 14
10 56
1 46
5 100
3 74
10 89
2 59
5 27
9 19
10 87
2 55
4 86
4 21
10 10
3 27
3 19
8 32
6 14
1 30
1 100
8 74
2 81
8 81
5 14
6 63
10 74
9 94
1 51
3 100
5 38
2 14
3 53
5 91
3 59
9 65
6 50
10 35
7 46
10 6
3 65
3 30
1 79
1 14
9 72
9 35
1 65
10 11
2 54
2 50
5 17
10 26
9 55
9 37
4 32
1 16
7 20
6 58
7 3
1 62
5 98
5 25
10 24
2 14
7 52
7 57
10 52
3 11
4 15
1 88
3 88
8 81
1 35
4 96
10 89
4 31
1 9
7 22
1 70
8 6
1 100
8 32
8 87
10 49
9 78
1 80
2 41
4 9
8 70
6 33
4 6
8 49
4 32
5 11
9 79
2 28
6 94
9 51
7 14
5 71
5 3
4 81
7 83
5 25
2 40
2 88
7 13
5 7
10 29
6 2
6 72
3 48
1 58
3 98
1 14
9 75
1 100
8 56
4 75
3 65
9 91
2 89
9 14
1 82
4 7
8 13
10 40
4 13
10 32
1 70
6 10
7 22
4 60
1 48
1 69
5 17
2 49
10 48
6 42
10 77
8 69
7 23
1 55
6 12
8 60
5 94
2 26
3 19
1 26
4 17
2 27
2 76
4 28
7 89
5 32
4 73
3 69
6 52
5 74
1 16
5 6
1 46
6 47
1 59
1 51
5 63
7 63
2 59
7 70
10 61
6 85
10 94
9 69
2 24
8 81
1 22
6 98
1 42
8 77
4 50
9 48
2 46
10 61
3 9
7 92
9 58
10 96
3 28
7 42
1 51
10 79
9 74
6 7
2 74
7 18
1 55
9 19
4 82
7 64
10 19
3 22
2 26
3 6
3 70
7 84
1 54
1 20
8 56
8 67
7 66
9 4
8 23
9 29
10 92
6 20
6 61
9 24
10 28
7 89
4 13
8 19
8 47
7 72
2 95
4 56
6 75
3 67
4 74
6 26
10 82
1 74
9 11
9 82
6 44
7 28
2 76
7 11
7 12
1 28
3 32
4 84
8 15
1 50
2 31
8 82
2 26
2 13
6 84
2 64
6 22
9 80
7 53
9 24
3 96
3 24
10 22
5 89
1 40
8 97
4 3
9 93
3 19
10 74
10 85
4 89
4 27
1 55
1 21
5 78
8 35
2 62
8 86
4 92
7 61
5 37
9 62
4 38
1 45
5 44
9 49
4 87
2 29
7 21
7 23
10 73
4 9
2 69
1 52
1 57
3 66
8 33
7 35
1 71
1 1
4 79
7 97
4 56
3 54
8 41
8 81
1 88
6 66
4 10
2 83
10 56
9 99
4 14
8 19
9 99
1 5
10 12
5 97
4 58
10 5
1 99
6 64
8 9
7 91
2 19
2 16
8 49
6 41
2 99
8 26
1 45
7 55
5 78
8 28
3 59
9 6
10 24
1 79
7 34
5 75
2 52
5 23
8 3
10 66
10 52
5 51
4 18
4 1
2 34
8 47
9 32
8 25
7 15
6 55
9 96
10 45
2 91
7 28
7 56
3 84
4 42
5 59
1 91
9 41
2 83
4 70
8 21
7 98
4 44
4 60
2 76
10 87
5 51
3 18
1 31
6 70
7 32
7 5
7 98
2 30
3 9
1 52
7 86
1 6
3 60
10 5
8 76
2 85
3 1
4 37
5 19
8 68
6 95
10 71
9 96
5 97
1 69
3 74
5 15
1 36
9 99
8 44
10 29
1 41
1 47
4 87
9 73
5 90
5 54
6 35
4 37
3 36
4 66
4 36
9 52
3 95
9 15
4 46
10 83
1 68
8 9
4 54
10 30
9 85
2 81
7 97
3 97
4 5
4 13
7 58
6 45
8 25
5 18
1 14
9 57
2 31
4 74
1 98
8 88
9 15
3 41
1 14
3 91
7 2
1 57
3 83
4 65
8 57
10 12
2 46
2 29
9 81
6 50
1 73
2 88
1 86
5 37
10 18
1 21
10 33
1 11
2 35
1 6
9 8
7 8
5 10
2 42
2 2
8 18
6 89
5 54
3 81
6 46
10 85
8 62
9 73
5 73
3 39
8 74
4 88
2 94
10 40
8 95
9 50
10 5
7 26
2 38
8 76
7 7
6 74
1 49
9 70
6 78
1 91
3 91
9 39
8 55
10 30
9 2
8 13
6 71
5 38
10 72
1 83
4 60
1 86
4 32
10 77
6 23
4 35
8 15
5 83
3 14
8 56
5 37
3 47
4 33
10 90
6 43
6 82
8 30
9 48
4 89
3 88
6 10
2 42
2 87
6 98
7 84
6 100
6 38
6 97
5 62
4 57
3 41
5 34
1 5
4 77
1 13
3 57
10 63
2 57
1 95
2 19
2 20
7 28
6 59
3 82
1 95
8 49
10 5
5 21
5 15
3 5
7 4
10 6
1 97
7 88
8 99
2 51
4 90
10 56
1 73
10 70
1 79
7 91
8 86
1 49
2 14
5 52
5 22
4 29
5 8
5 50
2 47
7 56
5 63
9 46
2 84
3 29
4 55
10 83
10 61
7 89
10 54
3 89
1 63
7 77
1 53
8 84
4 75
7 71
9 82
9 40
4 72
2 95
4 30
5 76
3 59
1 89
7 98
3 72
9 47
4 43
1 87
3 10
3 31
4 85
2 80
4 86
8 60
1 36
6 60
4 59
1 78
7 5
3 62
9 95
2 6
8 77
5 15
9 87
6 98
1 89
4 76
6 45
10 14
1 73
9 94
6 23
5 39
10 70
8 55
10 20
3 52
9 53
1 23
5 4
9 14
10 7
3 58
7 45
9 57
8 96
9 87
6 42
5 18
1 30
10 28
7 92
1 100
3 65
3 98
7 88
10 41
6 35
3 11
9 50
3 28
4 91
10 43
1 58
6 59
4 7
9 5
8 50
5 12
8 67
5 18
7 4
5 9
9 13
2 2
2 43
7 93
8 65
6 47
3 11
6 65
9 84
7 75
1 11
10 38
5 2
7 71
8 32
4 84
7 58
10 36
9 81
7 50
1 74
7 39
4 10
4 86
8 85
1 30
1 67
7 95
1 31
7 57
5 76
6 59
5 28
5 72
1 83
10 52
7 10
8 41
1 43
10 21
4 86
5 88
5 9
6 32
10 80
3 73
2 95
8 98
2 53
4 38
8 71
3 71
4 22
6 63
1 38
6 65
6 56
2 84
6 98
2 83
8 2
1 67
4 82
1 65
4 28
1 71
8 79
3 48
2 12
5 5
2 10
5 36
6 97
10 91
8 70
9 65
10 66
9 73
2 56
1 28
1 97
7 2
10 59
5 76
4 74
2 94
8 51
7 28
8 87
2 55
9 56
10 58
9 75
10 94
7 46
9 51
2 92
5 20
1 32
10 10
1 79
8 82
10 79
10 54
1 41
8 55
2 41
10 25
1 9
2 75
4 4
7 53
1 2
9 72
6 54
5 81
9 75
3 14
5 52
2 66
4 35
4 48
10 33
