9 43
9 12
6 9
5 38
9 50
8 8
3 72
9 75
4 9
9 3
10 70
8 24
1 42
3 95
7 18
4 70
8 71
5 48
6 52
9 36
6 98
3 92
3 94
8 73
3 50
3 70
5 44
1 11
8 100
8 53
9 65
3 55
6 28
8 76
5 58
6 60
8 47
5 36
4 3
7 99
5 17
2 43
8 79
10 69
1 14
2 93
7 91
5 6
9 66
6 30
5 47
9 89
4 87
2 97
5 6
10 51
10 75
7 32
5 55
8 43
3 4
7 47
7 22
4 96
1 17
4 4
8 7
2 64
5 52
3 45
8 20
2 25
6 88
5 67
3 33
7 72
4 30
1 55
4 29
3 24
1 33
6 56
8 47
9 57
8 16
7 26
2 39
6 43
2 12
1 23
2 28
8 77
1 68
9 73
6 33
7 68
6 66
4 76
8 11
10 8
10 81
8 35
4 58
4 87
2 39
4 80
7 33
10 98
4 73
1 17
8 8
5 33
9 12
5 91
10 61
10 92
10 88
4 56
6 30
6 81
9 16
4 38
8 11
7 51
10 91
1 4
4 54
7 46
1 87
10 86
3 84
9 97
7 21
10 57
9 38
5 79
7 77
2 45
2 66
5 71
3 8
4 45
2 62
9 61
3 74
3 15
5 45
8 73
8 80
2 90
2 47
6 79
5 25
1 50
9 55
7 26
10 10
3 27
4 28
8 31
2 15
10 75
5 30
3 90
2 1
3 59
3 28
7 69
9 47
2 59
6 5
2 90
7 63
4 4
4 21
1 47
4 92
6 83
9 43
9 77
4 87
1 33
8 93
3 98
6 80
2 18
8 37
8 97
10 16
9 64
4 72
8 19
1 70
1 90
7 15
1 25
7 8
2 83
9 31
9 58
7 93
6 98
3 94
2 80
10 73
1 9
6 65
10 48
6 2
8 20
3 98
7 99
1 83
7 65
2 25
7 57
9 80
1 59
9 20
7 50
2 78
10 80
10 49
3 85
1 54
3 93
9 52
4 87
5 91
9 23
7 40
7 54
5 74
2 73
8 4
3 76
3 83
2 66
10 44
4 63
5 59
6 13
5 26
10 92
7 34
4 89
6 35
4 30
8 71
6 1
2 53
2 46
2 72
4 26
1 20
6 90
2 13
2 97
7 72
6 23
9 50
2 3
4 94
9 21
3 7
7 53
5 56
9 91
5 65
9 40
2 39
3 53
3 20
9 20
3 57
8 72
4 88
4 86
3 90
4 30
5 22
4 59
1 64
9 64
2 86
1 28
5 45
1 37
8 83
8 1
5 69
10 30
8 100
8 65
4 6
4 22
9 7
7 42
8 6
10 81
4 50
8 34
7 73
3 46
2 16
10 98
3 13
10 22
5 66
5 75
5 95
8 28
1 96
8 22
10 80
7 53
10 75
5 99
6 63
4 99
2 25
7 98
9 44
3 92
6 6
3 6
9 96
10 89
4 47
6 75
8 81
8 93
3 63
2 77
7 96
2 81
9 24
7 30
1 94
1 79
4 72
2 58
10 98
8 65
6 46
6 13
3 94
1 53
5 43
10 58
4 23
8 4
6 27
4 40
2 92
10 92
6 16
3 57
1 91
3 8
8 79
6 25
5 90
2 100
5 91
8 25
6 13
10 35
4 56
1 74
4 29
2 67
9 9
5 88
8 34
10 97
6 11
6 81
7 66
10 63
1 67
10 62
9 21
5 31
4 33
9 10
2 54
2 31
8 13
4 84
10 92
7 93
1 26
3 15
1 48
10 17
8 31
2 73
3 99
6 48
5 3
2 30
9 22
1 97
10 18
4 4
1 7
7 23
7 40
9 54
4 7
9 96
10 7
2 58
6 24
3 85
4 66
6 73
9 34
8 60
8 29
4 100
1 35
7 48
2 17
2 66
4 100
2 30
4 91
7 38
6 95
4 23
1 6
5 51
1 1
5 82
7 19
8 24
2 3
3 24
5 61
7 95
10 6
7 23
5 59
1 28
1 29
6 2
10 75
6 21
4 79
4 77
9 74
2 44
10 43
5 86
9 56
5 22
4 70
9 16
10 62
4 43
7 13
2 73
8 24
2 37
2 17
4 17
5 67
1 84
1 52
10 100
1 82
2 85
2 51
6 1
8 78
8 21
8 95
8 53
1 91
9 41
1 70
6 75
7 18
8 1
7 17
7 95
10 86
2 70
10 69
1 6
8 37
3 74
4 96
9 97
1 26
10 24
3 30
3 59
8 27
5 86
5 14
6 78
7 82
5 56
8 13
3 34
1 21
5 88
3 7
2 35
2 43
3 2
10 74
1 81
4 54
4 71
3 44
5 91
5 32
8 99
10 6
10 90
6 72
8 84
6 93
9 56
3 88
6 51
2 82
10 36
4 54
1 92
6 19
7 42
4 85
10 43
10 4
7 37
8 87
5 11
7 57
6 83
10 94
8 79
5 12
1 13
7 97
5 61
8 33
7 61
2 86
7 40
2 32
10 88
2 14
7 84
9 7
2 70
1 6
1 74
3 55
8 3
6 89
3 98
3 65
3 66
4 85
6 95
1 86
7 71
5 85
9 31
10 40
8 98
1 30
8 73
2 88
6 47
6 24
7 28
4 36
10 81
7 79
3 59
1 76
10 34
1 100
4 20
7 39
4 15
7 19
9 63
5 73
10 81
6 16
4 17
1 52
5 100
4 40
8 3
9 97
3 20
1 51
1 55
6 73
7 84
4 68
10 64
8 29
10 64
7 6
2 47
5 12
10 97
1 43
8 53
7 58
2 82
5 1
2 84
4 9
6 54
5 51
10 84
6 77
9 26
2 78
3 13
1 49
8 40
7 18
3 37
7 85
10 19
6 88
6 96
4 43
9 40
7 27
6 99
7 92
9 68
8 12
10 23
3 30
3 59
10 52
6 37
4 50
10 56
4 98
1 70
8 76
10 59
5 11
8 21
8 15
1 97
8 72
5 61
3 40
5 96
6 68
3 90
2 19
6 41
2 13
7 13
10 20
4 83
2 1
10 79
3 69
8 23
1 70
3 44
5 42
4 27
10 12
8 57
4 63
8 81
1 11
5 59
4 37
8 7
1 43
5 91
4 82
8 15
4 78
6 63
5 84
2 70
2 98
10 53
9 43
10 57
2 65
1 32
4 25
4 16
10 11
5 59
5 35
7 96
2 48
8 9
5 75
5 39
8 75
6 98
5 41
6 17
2 83
4 2
8 72
8 34
8 71
5 82
10 84
6 83
5 31
10 80
3 78
6 62
7 60
4 28
4 57
2 100
8 85
3 42
8 13
9 13
1 12
5 68
4 23
6 64
8 33
1 11
3 78
6 32
2 63
8 31
8 25
1 51
9 95
10 21
6 8
4 56
6 70
7 50
5 6
3 30
1 32
9 70
9 34
3 21
8 9
3 75
5 48
4 94
2 45
7 54
8 18
8 75
3 53
10 42
1 33
2 86
3 45
10 46
4 82
5 37
6 41
7 89
5 55
9 64
10 23
10 85
9 54
3 96
7 73
5 74
6 54
3 16
4 32
7 1
1 83
4 23
4 17
4 59
6 48
4 94
6 52
4 82
4 69
3 37
3 65
8 49
7 52
7 31
5 50
8 97
6 76
8 80
10 32
1 43
9 71
7 4
1 78
8 69
5 33
3 83
6 79
1 82
10 4
3 80
5 33
8 9
4 22
3 99
5 50
3 56
7 99
2 97
3 51
10 55
5 97
10 93
4 2
3 12
3 24
9 75
3 69
3 1
5 44
4 46
7 58
4 3
4 40
7 14
3 41
4 58
10 87
9 48
5 37
8 92
10 48
2 87
4 36
5 81
9 79
4 34
6 9
4 42
1 67
3 95
9 58
8 36
10 83
4 36
6 45
8 11
7 51
8 61
9 93
3 89
9 57
1 58
1 20
6 62
3 27
2 87
8 15
3 44
4 41
5 8
2 23
10 94
9 29
7 1
7 76
9 6
9 53
7 24
2 81
8 68
8 40
3 71
10 36
10 58
10 94
1 53
8 81
5 19
10 43
4 66
5 12
10 22
8 100
6 69
10 85
10 83
5 59
9 79
10 53
3 34
7 86
6 74
5 44
5 72
1 28
8 41
2 83
3 15
6 48
10 100
10 60
8 19
10 80
8 30
8 54
6 64
3 95
7 89
9 68
10 84
9 28
8 29
3 43
10 76
3 77
3 58
9 26
2 60
1 57
7 69
9 27
8 37
2 4
5 72
6 1
3 76
4 96
10 47
5 49
5 9
7 38
10 11
7 15
5 66
7 24
6 3
7 40
8 76
10 22
2 75
5 43
4 46
9 96
4 7
10 49
4 83
8 15
1 7
10 91
2 81
8 25
8 58
3 72
6 96
9 87
7 20
8 13
9 43
1 86
5 1
7 71
8 36
2 21
3 73
5 45
8 10
1 27
6 72
10 49
2 99
5 11
2 12
2 17
9 40
2 69
8 20
4 31
10 1
9 99
3 13
