2 50
5 55
1 27
9 52
9 30
5 48
2 65
1 66
3 50
4 61
4 70
5 1
1 66
1 17
5 12
1 98
8 94
10 83
7 99
4 1
2 51
8 60
3 18
1 16
2 76
6 18
1 80
9 32
7 27
6 93
10 20
6 1
5 87
9 46
6 75
7 23
6 17
3 58
1 31
2 28
6 37
4 56
8 15
7 71
10 56
8 60
10 55
2 57
6 61
1 4
3 38
3 51
3 61
3 83
4 76
6 24
5 29
9 80
10 64
6 65
2 8
4 45
1 44
3 29
9 83
4 82
7 29
2 68
8 35
6 92
6 22
5 66
8 83
3 12
1 66
8 15
3 41
4 32
4 83
1 74
7 43
6 70
2 31
10 7
3 19
10 30
1 36
1 79
6 13
2 94
2 69
2 32
2 85
1 85
7 1
2 47
6 47
9 34
4 97
10 36
1 17
8 48
8 30
2 30
10 93
3 85
3 98
3 62
8 57
3 100
5 89
10 74
1 53
6 17
1 14
5 3
8 81
8 53
5 5
4 48
9 89
6 45
2 60
9 90
5 22
4 70
6 20
4 12
2 71
6 7
7 14
1 43
3 78
3 95
5 85
3 49
9 51
9 70
8 71
7 39
9 42
3 77
8 57
9 4
2 54
5 40
7 22
7 73
5 30
5 74
4 68
10 52
4 24
1 45
1 76
1 27
5 30
1 63
5 45
7 60
6 46
7 21
8 45
4 28
3 84
4 48
8 4
7 10
5 80
5 12
4 35
7 27
9 42
8 43
10 30
10 89
5 72
4 84
2 12
8 45
1 67
6 18
4 85
1 19
3 95
7 65
9 35
3 42
9 10
10 81
9 35
2 10
9 38
3 27
6 42
8 40
5 36
1 93
10 18
9 54
3 5
7 83
8 56
1 69
8 85
10 53
5 93
3 37
2 84
1 65
1 11
4 61
6 35
10 44
5 23
3 20
1 14
10 57
5 26
9 96
4 57
2 48
3 38
7 35
4 24
8 22
3 12
8 19
1 61
6 35
4 93
5 41
4 34
6 66
9 54
2 63
8 25
5 80
7 18
7 23
7 53
2 46
9 8
4 26
4 36
10 2
3 35
2 56
3 60
8 15
8 92
9 77
2 24
7 43
3 56
9 95
10 94
10 50
9 12
4 52
9 85
1 45
8 30
1 62
7 38
8 57
3 62
10 38
10 79
4 4
1 76
2 56
2 49
3 80
7 31
10 7
1 27
5 29
3 21
1 59
6 26
6 5
3 51
7 16
1 59
5 47
1 91
7 21
4 8
7 22
8 33
9 80
1 72
10 36
6 68
6 82
1 26
5 82
10 28
2 25
7 42
4 72
5 4
6 11
5 45
2 15
10 19
4 66
10 67
5 40
7 76
4 56
6 28
4 64
8 99
9 74
4 41
2 71
3 51
4 34
8 26
6 59
4 24
3 82
4 51
6 84
2 100
8 77
8 25
9 63
9 44
10 6
3 12
6 21
5 37
8 6
5 68
6 98
6 21
4 32
10 34
9 52
5 77
3 4
10 29
4 3
10 14
8 94
9 31
5 8
3 53
6 50
5 43
9 28
10 5
5 59
6 10
8 80
6 10
1 50
3 4
6 20
8 37
6 6
3 26
2 58
2 16
10 2
6 83
5 26
8 88
8 52
9 96
2 41
6 3
6 70
10 22
1 79
8 21
8 5
2 1
6 54
9 65
3 72
2 92
2 14
10 7
7 83
3 5
8 25
6 1
4 1
5 19
9 55
7 16
6 28
2 7
3 60
4 29
2 74
10 5
3 62
4 53
7 91
7 11
4 38
6 7
7 95
1 74
7 71
3 31
6 51
4 54
1 76
4 35
3 72
2 100
4 85
9 15
6 17
8 83
1 55
3 70
7 12
10 1
8 21
10 92
4 17
8 72
8 71
8 43
4 28
4 56
1 7
3 96
3 65
9 61
1 32
1 53
1 99
5 42
6 33
2 78
2 23
7 15
2 11
10 42
8 60
5 20
1 72
1 85
9 82
7 4
2 21
4 60
1 85
9 47
3 9
4 90
5 61
6 9
7 86
5 87
6 84
2 65
5 57
3 96
8 1
5 38
9 14
5 60
6 61
5 86
10 38
10 35
5 6
4 95
7 3
1 23
2 90
8 12
7 28
1 4
3 6
8 58
3 72
8 49
7 12
5 64
5 13
1 5
9 79
9 65
7 30
10 45
3 40
6 39
5 79
8 82
1 12
3 95
10 25
6 73
2 62
4 10
10 61
9 25
8 43
10 47
3 87
6 85
2 94
3 51
2 29
2 41
4 16
7 43
2 75
9 90
10 91
3 54
7 50
3 39
10 20
6 37
7 47
1 60
1 18
6 44
5 62
4 46
4 69
1 16
2 69
1 80
6 86
1 57
4 100
9 9
8 56
8 7
8 52
7 9
4 82
1 78
8 46
3 31
6 9
8 63
6 67
10 14
2 60
3 14
7 63
5 17
3 51
5 88
10 64
2 69
4 98
7 45
1 61
1 71
5 10
2 80
4 29
2 100
2 88
6 11
6 23
3 71
1 30
10 22
7 30
8 39
8 91
10 36
5 84
2 99
3 68
10 88
5 48
3 51
1 91
10 3
1 1
1 66
4 85
3 20
7 14
5 71
8 53
5 17
2 18
4 30
6 32
4 13
8 14
1 82
10 13
7 37
8 28
3 90
5 12
8 17
8 8
9 6
1 52
10 99
8 78
9 65
1 66
9 71
3 61
9 13
7 5
3 27
1 48
1 100
10 6
1 10
6 60
4 83
10 47
10 61
10 86
1 83
1 74
5 28
8 96
1 17
4 48
6 43
4 57
5 43
2 72
6 8
2 31
10 3
1 75
7 28
3 1
2 40
6 99
9 35
2 11
4 78
10 38
1 63
10 87
9 76
4 65
6 57
6 51
4 45
4 48
6 89
3 76
10 45
5 86
3 51
5 86
6 18
4 62
9 93
5 30
9 2
10 74
6 26
8 34
2 17
6 93
1 30
10 37
7 77
3 62
1 10
9 69
9 55
1 77
7 38
1 99
5 97
5 27
5 87
9 75
7 88
2 99
5 8
8 2
6 12
2 88
6 38
5 89
2 41
3 35
10 10
3 88
9 14
3 20
1 72
5 38
4 49
8 13
9 83
8 65
8 19
9 24
10 49
4 61
3 47
8 7
9 13
4 51
3 100
5 44
1 92
4 23
1 25
7 64
2 39
9 8
5 62
8 17
7 69
6 60
9 1
1 70
10 43
8 51
4 20
6 80
9 53
1 87
3 7
8 88
1 23
5 6
4 36
5 9
5 43
3 52
9 28
5 68
10 91
1 20
6 33
2 31
4 2
9 88
7 87
7 69
1 73
10 84
3 97
6 1
4 91
6 84
5 23
4 48
2 15
5 35
8 15
1 70
4 70
10 72
5 2
2 94
1 48
5 84
9 89
1 4
1 9
9 17
7 43
4 27
9 29
1 6
1 11
2 5
6 82
2 46
1 44
2 63
7 63
3 67
6 61
10 40
6 45
5 5
3 23
3 69
1 3
8 87
1 92
8 19
2 31
8 58
5 75
4 78
4 23
6 46
7 57
8 22
5 27
5 38
5 11
9 61
4 71
2 88
3 79
1 49
4 59
1 20
5 61
2 5
8 61
10 40
6 80
6 1
1 34
2 31
9 36
4 76
9 10
3 71
4 19
8 47
5 47
3 20
9 54
5 9
6 15
1 53
5 70
2 74
9 4
4 95
3 37
3 6
6 33
2 47
2 92
8 16
10 27
6 51
3 45
5 85
7 74
4 45
8 40
8 25
6 63
3 41
3 75
7 26
9 34
7 89
3 11
9 77
6 47
9 99
7 18
2 2
4 14
8 64
9 45
4 61
10 45
5 62
9 5
3 13
4 10
4 15
7 39
3 70
2 91
8 78
9 82
10 80
1 87
9 67
6 45
4 47
8 40
8 59
8 35
7 30
7 93
9 83
2 41
5 82
6 26
5 59
10 80
1 42
1 5
5 61
9 17
2 27
9 29
9 49
1 54
5 75
5 90
10 7
10 12
10 66
2 14
1 38
3 48
5 69
9 40
7 73
8 88
1 32
10 44
10 94
8 21
1 13
4 87
9 77
5 80
8 18
7 46
5 19
2 11
7 81
10 59
5 57
9 39
7 11
9 61
10 36
6 97
6 47
4 79
1 52
4 6
2 13
6 85
5 71
8 37
8 57
7 24
7 12
2 25
5 64
6 44
9 86
1 81
3 23
2 45
2 20
4 81
6 52
4 8
1 96
7 64
3 46
1 25
7 95
10 94
10 94
2 81
3 36
9 33
1 10
4 99
2 10
1 46
9 91
3 28
9 88
3 31
2 8
1 36
3 40
5 11
10 2
2 48
3 67
9 62
10 59
3 51
9 88
8 44
6 65
6 71
4 46
9 19
9 98
8 55
3 80
4 8
6 64
1 68
4 5
5 32
4 20
