6 87
6 74
6 40
6 69
4 75
7 95
3 36
3 45
4 15
2 53
3 1
7 16
2 49
3 51
10 99
3 9
7 51
5 88
6 71
2 77
9 16
6 2
7 55
4 43
5 94
1 36
9 9
2 19
1 66
4 21
4 49
10 8
3 29
1 69
1 5
7 59
4 11
9 92
4 31
3 15
4 11
2 72
3 55
4 49
9 83
8 46
8 39
10 91
8 55
3 13
3 7
9 43
1 55
2 67
6 87
3 22
8 87
7 57
9 98
7 7
5 93
8 40
2 62
10 87
3 22
6 92
6 65
2 84
10 30
4 18
1 79
9 52
4 67
7 59
3 30
6 4
3 42
8 57
5 44
5 39
6 71
2 2
3 41
7 51
8 35
9 53
7 64
9 36
5 69
6 23
9 16
7 53
3 15
10 23
3 97
3 61
7 96
1 52
1 30
7 83
7 33
3 1
1 77
7 91
9 86
8 91
1 16
8 66
6 8
5 60
4 40
9 2
3 98
3 24
10 81
8 17
3 1
9 48
7 83
6 73
6 10
8 49
9 40
7 39
7 1
9 11
9 81
9 93
5 85
9 64
5 96
10 77
5 84
8 24
8 9
7 29
3 1
3 84
4 71
6 71
7 13
2 9
6 12
7 12
4 33
6 95
3 95
6 90
4 64
8 4
1 83
8 56
8 3
1 92
6 82
3 74
4 78
3 40
1 3
4 64
1 29
8 57
10 72
9 13
5 22
5 44
2 70
9 90
6 27
6 85
10 59
9 38
3 23
1 14
8 67
1 76
3 39
1 90
9 21
3 82
5 38
8 16
3 57
1 58
1 47
2 71
6 46
3 89
9 95
8 57
10 34
9 42
3 14
8 22
4 62
9 69
4 52
7 20
4 72
7 81
1 70
4 82
7 53
6 48
7 80
4 87
4 79
8 47
8 33
10 50
7 90
10 33
10 76
1 13
2 28
3 79
7 47
9 51
9 71
2 82
9 60
2 47
2 23
4 82
3 38
3 93
7 6
4 6
4 86
2 1
6 85
6 47
7 67
1 5
10 93
9 16
6 24
9 61
8 21
5 93
8 67
3 22
4 88
9 26
4 81
6 94
8 34
7 30
3 63
6 32
8 21
9 66
10 20
7 22
8 93
5 25
2 85
2 75
3 55
4 59
2 3
6 47
4 59
4 48
8 17
9 4
6 15
5 95
10 4
8 40
10 88
6 89
3 40
7 36
4 64
10 26
7 50
9 48
9 20
9 56
9 46
10 13
7 94
10 16
1 76
3 21
3 66
7 26
8 20
3 99
3 25
7 10
5 68
3 21
4 59
3 79
5 38
5 35
3 94
5 9
4 76
6 100
6 97
10 8
1 21
6 73
2 74
10 60
3 75
6 27
3 69
3 68
5 61
6 51
10 35
10 29
10 48
7 77
5 72
10 22
9 71
4 79
1 54
4 100
5 12
7 96
1 52
9 84
7 31
1 24
1 82
1 93
9 39
1 80
7 4
2 41
9 26
8 16
6 97
3 53
7 51
4 82
9 99
2 55
5 87
10 54
1 75
10 97
4 99
9 93
5 11
6 37
10 57
8 24
6 75
9 40
8 88
8 72
9 19
1 53
4 55
5 5
10 37
1 4
5 58
1 80
1 56
2 21
8 58
8 95
3 70
7 57
8 19
7 58
6 75
6 49
6 33
9 65
5 72
4 87
1 82
5 34
8 88
7 30
3 63
10 89
4 99
8 87
9 60
7 8
4 63
7 100
5 79
1 66
1 33
10 74
5 29
9 50
8 46
6 52
8 70
6 6
5 24
2 75
10 83
7 58
9 92
7 93
2 95
6 76
4 19
9 100
9 44
4 71
1 35
6 70
6 13
6 59
6 68
7 80
6 43
8 57
3 1
5 85
9 22
5 84
7 10
8 58
8 15
5 56
7 94
5 69
4 29
2 95
8 92
2 24
5 30
2 19
7 91
7 92
9 4
7 89
6 63
2 20
2 94
6 6
2 87
7 9
9 86
2 69
9 55
2 41
5 18
9 82
5 45
4 82
1 21
2 63
10 18
9 5
9 49
7 82
8 7
1 93
5 100
4 35
10 21
8 11
7 81
6 93
6 39
10 10
8 17
3 58
7 89
2 46
6 76
5 37
7 73
2 26
8 19
2 17
4 3
10 43
9 45
9 16
4 18
10 61
10 68
4 10
6 34
2 26
8 90
1 45
9 10
2 56
3 87
10 45
1 5
2 41
7 27
2 47
3 54
9 86
1 78
7 24
5 9
7 19
4 73
1 56
8 17
1 42
8 84
7 53
3 89
5 33
6 3
10 43
8 65
1 86
2 87
5 2
4 85
7 62
5 52
3 53
2 66
7 89
8 41
3 47
6 66
4 66
10 61
8 34
5 14
10 61
6 86
10 22
1 22
3 26
8 98
3 48
3 98
4 80
3 28
2 25
8 41
6 21
10 25
2 90
3 34
7 26
8 49
1 79
8 37
7 53
2 32
4 98
3 84
10 29
8 27
5 94
3 76
7 1
6 31
8 98
10 15
5 70
7 34
10 57
7 37
8 64
10 71
7 61
6 89
8 46
7 68
9 42
7 30
7 80
1 66
5 34
8 72
8 69
3 30
7 92
4 47
9 83
3 17
6 91
2 16
1 63
9 5
2 65
4 56
7 19
5 56
3 74
3 90
3 42
2 50
9 28
1 50
2 97
6 95
9 18
10 33
1 73
6 7
4 92
6 17
4 9
7 68
8 70
2 28
10 66
7 44
3 14
6 22
8 38
2 85
3 32
4 89
10 72
6 30
7 65
2 66
2 80
8 5
9 35
3 59
4 21
5 65
1 29
10 36
1 60
9 47
1 20
3 59
10 32
10 10
8 74
1 6
7 65
1 92
7 87
9 22
10 18
3 25
7 68
5 99
8 25
6 88
3 79
10 32
1 56
3 95
10 94
9 89
10 51
1 25
10 100
3 61
2 82
7 75
6 97
8 16
8 46
9 86
3 47
1 31
9 37
2 37
7 9
1 20
6 39
5 65
10 65
9 21
10 89
10 89
2 15
5 34
5 38
3 36
1 18
7 69
1 86
8 63
9 71
3 86
5 73
10 58
4 58
6 81
9 86
10 82
8 39
9 65
7 18
6 65
8 62
9 88
3 96
7 43
5 29
4 92
8 77
3 41
6 28
5 94
2 30
1 1
4 51
6 94
7 66
5 82
5 25
7 39
4 15
7 91
4 81
6 69
10 86
5 37
3 9
6 15
10 69
2 88
10 9
7 4
10 38
5 64
8 50
5 83
3 82
1 45
4 65
6 53
7 68
4 60
5 55
3 96
1 58
1 93
7 24
5 36
10 89
9 5
7 13
5 51
10 10
6 75
5 20
10 21
5 33
5 81
4 52
10 6
5 62
2 5
6 99
2 33
8 91
1 34
4 99
5 72
4 55
1 46
9 26
8 100
9 95
8 99
3 22
5 60
9 57
2 8
7 53
10 11
3 86
5 15
8 10
1 36
2 29
2 2
7 23
8 43
4 14
6 68
3 60
7 99
2 26
6 27
10 11
1 51
1 96
3 96
2 4
1 98
2 27
2 67
10 47
2 13
2 52
5 42
2 91
7 62
6 78
1 60
10 22
9 76
6 85
3 49
10 36
4 23
4 73
7 81
8 75
8 2
6 51
2 98
4 41
7 1
7 80
2 59
5 99
10 63
7 3
4 62
9 33
3 2
7 81
10 4
1 49
2 91
3 63
3 17
10 56
10 13
5 74
5 38
6 32
4 75
9 88
3 62
7 50
10 64
4 5
9 8
6 23
6 56
1 30
7 53
2 34
5 49
8 61
4 76
7 79
1 20
8 76
7 11
2 8
8 72
1 82
3 33
2 8
4 55
6 86
8 35
5 69
10 78
8 72
8 48
10 7
9 11
7 77
7 99
3 12
5 46
10 63
9 22
10 60
4 74
7 83
1 15
7 52
4 3
2 89
9 68
4 4
1 15
9 29
2 88
8 31
10 91
8 69
8 89
5 91
5 49
1 87
7 8
4 71
1 76
4 73
9 90
1 67
6 73
10 40
6 52
2 100
1 30
2 56
9 4
8 54
9 83
6 64
3 72
3 43
1 46
3 87
3 24
6 26
2 76
8 64
2 52
1 46
9 3
10 35
7 8
5 7
1 16
4 34
8 58
6 26
3 76
8 17
9 68
8 75
4 73
10 38
8 12
3 40
10 87
9 11
5 1
2 16
1 69
8 95
5 53
2 18
7 91
9 36
8 3
3 21
6 55
7 37
9 92
4 55
10 94
6 91
2 15
4 64
2 89
7 96
9 51
10 85
4 30
3 91
5 53
3 36
10 38
9 59
7 56
4 12
9 18
5 33
5 2
10 55
4 92
4 16
4 54
10 33
4 54
9 60
7 98
8 56
9 43
2 89
5 68
6 88
5 70
2 79
8 50
9 37
6 31
1 61
7 3
4 49
5 81
7 28
