9 5
7 76
9 43
2 91
9 75
1 53
1 11
10 43
4 7
3 60
1 61
7 86
2 23
10 87
7 48
8 59
4 58
2 41
9 7
6 4
2 85
3 5
3 4
7 70
8 68
10 89
5 1
10 51
9 8
8 24
8 35
8 89
6 44
5 94
4 10
5 2
4 82
7 36
7 18
7 24
5 16
1 63
3 46
2 99
10 97
1 63
7 40
2 44
10 31
5 22
7 89
4 2
10 4
9 44
4 52
6 60
8 11
6 49
2 40
10 75
6 18
8 20
10 24
3 79
1 19
3 56
5 96
5 19
5 44
10 79
1 86
3 51
5 41
2 77
4 43
3 3
3 50
3 96
2 26
10 71
4 4
4 74
8 49
4 82
2 6
1 39
2 69
7 89
1 66
9 30
4 92
5 39
8 3
8 41
8 42
7 27
4 73
3 16
7 3
3 35
8 98
10 88
10 44
10 85
4 53
4 33
6 91
10 6
5 39
10 17
10 81
2 12
8 80
1 80
6 35
10 57
8 100
5 72
10 84
2 72
9 100
7 32
1 43
7 68
6 48
4 95
4 6
4 46
1 23
1 8
6 91
3 41
7 76
4 56
4 68
5 97
10 49
10 17
7 80
9 63
2 96
8 63
4 22
6 92
8 92
8 74
9 11
5 51
9 14
4 17
6 4
7 22
2 78
4 19
2 18
8 41
5 48
8 69
10 88
10 32
1 41
8 92
2 54
9 87
5 86
2 30
4 13
2 29
4 1
4 73
10 90
9 11
5 12
5 65
10 17
10 87
5 79
6 41
1 8
9 24
7 63
8 35
4 38
1 46
9 39
8 46
6 8
9 92
1 88
7 52
10 60
3 56
4 14
4 81
6 53
9 74
4 43
6 56
5 76
5 74
6 40
6 15
1 7
4 17
4 56
10 4
9 37
2 9
1 22
8 49
5 50
3 7
10 68
7 61
6 26
6 49
2 20
9 41
5 7
8 98
3 68
1 19
10 33
6 59
8 15
9 59
6 35
7 89
10 27
8 14
5 36
6 19
4 27
9 29
2 81
4 38
1 76
7 24
9 99
3 73
8 97
10 69
7 95
5 4
4 88
5 56
9 31
3 59
1 53
7 65
5 60
7 62
4 55
10 23
9 19
3 64
9 36
9 29
10 90
6 26
8 51
8 5
7 50
1 90
6 13
7 71
1 16
3 42
7 83
2 5
1 90
7 44
5 80
6 97
3 21
10 13
7 12
7 75
5 42
10 55
1 1
3 70
6 30
3 81
8 98
2 60
7 4
2 60
7 24
6 8
9 79
10 33
1 23
9 37
4 78
1 76
3 88
6 58
10 69
5 100
8 58
9 2
2 87
9 45
4 30
9 35
8 44
5 40
8 72
9 51
6 98
1 26
6 49
4 68
5 22
4 95
8 97
7 73
2 21
10 23
1 44
9 4
9 29
3 76
3 51
9 2
7 31
8 48
3 5
8 14
6 40
7 25
1 28
6 55
5 2
3 73
3 23
5 33
4 93
5 93
5 8
1 88
4 16
2 68
10 8
1 82
5 72
8 79
3 87
7 11
7 13
9 76
9 95
6 84
4 85
10 48
9 82
2 87
7 34
9 7
2 19
9 3
8 12
9 36
5 14
8 97
10 70
7 84
8 100
10 59
5 36
8 41
8 7
4 58
5 76
1 56
7 24
6 81
8 47
7 86
6 93
1 50
9 22
5 52
4 42
5 69
6 79
7 12
2 73
7 69
10 7
2 80
1 80
8 48
5 62
7 91
1 84
3 80
8 44
9 77
3 85
10 70
4 33
10 64
4 41
6 76
4 38
5 39
9 62
4 8
6 4
7 35
3 39
6 65
1 77
8 10
10 9
1 43
7 50
8 38
8 15
10 59
5 41
10 41
4 88
9 33
5 26
2 99
5 65
2 20
2 36
3 61
8 54
6 38
1 43
1 86
5 79
1 74
9 5
8 21
1 45
9 92
10 74
6 51
8 60
1 45
6 17
8 32
6 84
7 9
4 99
7 15
1 25
9 62
7 5
10 31
7 28
8 12
9 91
4 43
5 86
3 40
5 85
10 11
8 74
8 55
4 2
5 10
9 57
9 54
9 1
2 29
3 55
4 44
6 98
3 22
1 5
4 81
1 91
8 15
7 85
10 72
5 81
8 14
7 39
4 5
2 2
5 57
6 36
6 67
5 18
3 25
1 99
3 41
6 40
6 60
2 2
4 88
7 56
6 76
4 59
6 77
4 67
5 36
10 5
3 58
8 68
7 3
6 77
6 54
10 67
4 86
4 3
7 79
10 77
8 80
6 88
3 74
7 1
8 89
9 64
7 46
1 31
7 41
9 55
7 78
10 88
1 88
9 53
4 5
10 3
1 70
2 12
8 46
6 15
6 37
2 54
4 64
10 3
3 75
5 41
10 52
2 48
4 75
5 80
9 27
4 19
3 69
9 13
1 54
1 14
7 24
4 23
5 14
6 97
5 77
10 3
2 100
3 75
9 26
3 68
6 56
3 7
3 97
6 48
8 27
1 97
9 53
10 63
5 14
1 20
7 94
7 1
4 82
10 11
7 6
2 29
6 72
1 90
1 12
6 62
6 100
1 96
5 17
10 66
6 95
2 97
5 87
8 38
6 95
5 46
4 71
5 3
5 75
3 77
3 24
4 21
6 93
3 80
4 36
5 87
2 65
7 67
6 83
4 36
7 61
5 52
5 93
1 89
7 61
4 63
9 26
9 38
6 58
8 20
5 25
9 20
9 100
1 42
9 75
9 21
3 66
5 96
5 79
10 33
7 82
6 41
7 33
10 33
2 79
9 49
8 89
4 43
8 81
8 31
10 27
8 47
2 5
5 42
4 46
4 18
7 71
4 82
9 54
4 10
8 93
10 82
3 96
1 26
4 58
1 49
3 50
4 12
1 98
3 91
5 45
4 7
5 62
10 46
8 25
1 40
3 50
7 3
3 53
8 43
7 89
1 97
6 65
8 69
5 37
1 2
4 61
1 29
1 17
4 82
3 57
10 49
10 52
6 97
6 97
7 60
9 61
4 38
5 28
4 50
10 98
5 35
5 66
8 80
1 99
8 26
2 7
3 60
3 34
3 79
1 55
7 79
3 66
8 76
2 66
6 43
2 66
1 27
7 43
7 5
3 60
4 32
7 19
5 56
8 16
9 6
5 89
5 93
6 12
5 44
4 64
3 72
10 3
5 25
5 57
1 98
5 69
8 62
6 72
2 30
10 6
1 25
4 8
2 22
4 68
9 89
2 54
10 5
6 63
10 46
1 60
10 100
8 96
10 92
3 20
5 19
4 21
1 20
3 11
7 82
1 56
8 28
2 71
5 22
6 93
9 81
10 32
9 42
5 3
8 81
2 12
6 5
5 3
6 52
2 44
10 100
9 34
2 76
8 100
8 26
3 53
4 71
9 56
2 42
1 33
10 73
4 70
2 25
6 54
1 60
2 92
7 66
7 5
1 69
4 93
4 83
10 8
2 35
10 96
8 3
5 6
10 40
9 62
1 39
8 33
4 85
9 91
5 67
10 93
5 100
2 29
10 31
7 84
7 17
8 78
4 12
6 6
6 72
10 48
4 91
9 96
6 30
4 8
6 22
4 30
7 97
6 37
7 16
2 3
4 86
9 4
9 95
4 93
5 98
10 43
8 53
4 11
5 75
8 64
2 45
5 52
2 22
1 81
1 24
1 87
5 45
5 54
6 6
8 91
5 60
7 60
8 44
7 26
7 29
7 10
6 94
10 24
2 57
1 76
7 68
7 86
1 11
4 74
4 94
4 45
7 77
10 99
7 98
4 46
9 91
2 39
2 74
1 17
4 54
7 47
9 12
1 15
4 95
4 2
4 48
4 78
3 38
10 19
10 85
1 13
1 54
3 71
1 17
4 62
2 80
8 54
10 88
7 38
8 45
3 74
3 50
5 49
10 6
7 85
4 95
5 5
10 5
2 13
4 39
8 5
6 87
2 56
2 16
1 40
1 2
4 35
8 29
3 16
8 49
1 13
1 86
3 85
8 29
10 35
8 20
10 45
3 8
4 10
4 8
6 47
3 69
10 13
3 29
5 43
2 68
1 98
7 24
1 17
1 49
8 38
3 32
4 59
7 78
1 31
3 76
5 53
4 22
8 96
3 45
6 16
7 15
8 57
9 87
2 85
9 33
9 77
9 87
4 81
1 45
9 65
4 79
6 81
8 14
6 91
10 55
3 76
3 100
6 85
1 32
6 18
2 30
5 22
7 52
1 57
5 54
8 6
4 23
5 95
3 53
10 27
1 6
3 68
10 62
9 48
1 63
3 30
3 63
2 86
2 73
5 97
9 9
1 22
2 86
4 3
1 74
6 76
2 41
5 31
4 82
4 3
4 56
6 75
2 16
7 84
5 61
7 67
1 16
4 50
5 17
2 77
4 89
1 85
6 50
5 65
5 94
10 41
10 94
5 40
6 30
1 57
