4 22
10 33
7 55
4 23
10 67
10 48
1 91
8 87
3 9
9 91
5 73
8 70
4 67
5 98
7 81
10 10
7 50
10 46
5 69
10 10
5 70
7 52
9 35
2 8
4 40
9 97
4 44
6 83
1 34
9 9
10 9
9 85
10 20
2 30
9 38
8 42
1 94
6 12
1 35
4 33
4 73
9 16
1 60
7 92
10 25
10 71
7 50
9 96
3 66
10 57
3 99
7 63
9 81
8 8
5 48
10 12
10 17
2 4
5 46
7 64
8 100
2 30
10 51
9 20
3 45
3 27
3 27
5 27
9 17
9 8
7 25
5 70
5 12
2 89
8 21
8 83
6 55
6 24
3 17
6 17
2 61
7 41
9 3
5 56
6 11
3 37
3 59
6 15
8 6
7 92
6 50
9 83
9 13
9 28
7 87
4 78
1 53
4 69
7 49
2 22
10 39
7 73
8 8
9 98
1 82
1 36
8 4
1 38
5 32
7 46
5 22
1 36
2 27
6 89
9 36
6 55
10 78
3 22
8 83
1 88
10 26
5 20
7 27
4 12
2 31
10 51
3 92
8 67
10 50
2 60
5 93
9 37
5 18
2 51
6 65
9 72
6 69
10 54
5 56
1 15
9 33
9 25
4 36
2 78
6 65
1 54
1 58
6 64
2 67
6 20
8 96
5 71
9 34
6 2
6 82
1 1
6 91
2 38
2 27
2 50
5 62
9 99
7 67
6 74
9 23
5 29
1 36
7 1
9 19
5 54
10 50
10 98
5 10
2 28
5 92
4 71
4 83
9 60
4 83
5 29
10 85
4 30
1 44
6 86
5 98
2 99
8 59
4 67
9 64
8 25
2 8
4 20
4 38
7 31
8 22
3 57
9 5
2 80
10 92
7 61
7 100
9 34
8 74
8 36
8 18
8 76
7 86
3 30
6 21
7 86
4 69
1 51
10 50
3 21
8 41
4 87
6 29
2 2
4 50
3 69
9 72
2 57
9 82
9 81
7 29
6 8
8 35
6 51
4 78
1 59
3 38
10 7
5 69
4 91
3 31
7 21
5 26
4 41
4 73
1 40
8 78
10 5
5 48
9 81
8 11
3 57
1 99
3 6
9 84
2 53
5 42
8 65
9 63
1 10
10 18
6 32
3 20
8 1
5 57
2 60
5 18
9 31
6 5
1 16
10 94
4 24
3 98
9 5
5 13
9 58
9 6
2 61
5 62
3 40
2 98
1 45
4 19
9 57
2 19
6 77
4 63
8 41
1 51
9 12
9 15
10 92
9 52
8 34
6 90
5 95
10 77
4 12
6 70
10 92
7 82
6 32
6 47
7 70
9 10
9 7
6 60
6 88
6 52
8 76
5 91
4 73
4 80
1 28
5 75
1 98
3 81
5 49
9 97
1 13
9 87
7 53
7 70
7 30
1 59
5 70
6 64
8 81
3 39
4 86
2 58
4 21
2 37
5 66
10 3
1 77
9 88
7 99
9 15
3 58
2 100
2 90
8 11
10 81
10 9
10 65
2 23
7 92
10 65
8 45
2 15
6 90
5 15
10 85
7 76
10 1
4 80
3 78
7 94
6 16
8 30
5 30
4 86
9 23
7 61
2 30
1 14
2 16
9 4
3 95
1 57
7 9
3 66
4 38
8 30
6 71
9 43
2 97
10 62
6 74
4 14
8 99
3 9
7 99
9 42
5 76
3 94
9 92
1 58
4 47
5 91
10 96
9 75
2 14
9 13
4 61
9 27
8 62
7 82
1 96
5 73
2 53
6 51
5 41
5 9
2 13
5 9
4 37
10 87
5 4
3 37
6 97
3 80
9 76
8 74
9 65
2 62
2 5
3 60
6 100
9 94
2 68
1 84
6 96
3 2
9 100
5 31
9 69
2 54
2 76
5 45
9 76
4 52
1 93
9 69
1 45
10 70
3 99
8 24
9 75
3 72
1 61
2 60
3 44
5 77
3 51
4 94
5 20
2 56
6 5
10 70
4 37
3 60
7 59
9 17
1 53
6 6
4 96
9 70
6 12
8 43
6 68
4 91
1 13
8 61
6 81
1 78
4 38
4 21
6 75
7 75
10 63
1 11
8 17
9 22
5 57
3 71
4 49
4 75
1 24
7 71
8 80
5 59
1 26
6 72
2 36
5 45
5 39
10 48
8 47
8 32
6 25
8 10
4 44
3 13
1 59
9 39
7 62
3 43
7 44
2 13
9 74
1 73
5 47
3 16
1 15
1 56
8 13
7 82
2 49
7 31
8 36
7 48
7 21
3 35
7 52
2 84
1 16
1 1
10 29
6 35
9 49
6 97
9 94
10 50
9 94
9 43
2 77
10 11
10 23
5 80
6 70
6 7
10 56
10 87
6 99
2 70
2 100
10 61
9 31
3 99
6 93
7 6
7 24
6 11
6 97
2 56
4 82
7 99
2 19
8 13
5 36
7 92
3 78
8 19
7 75
4 52
9 94
2 88
6 12
3 8
10 50
9 80
3 65
6 50
7 52
5 92
8 32
4 34
9 64
7 38
6 33
3 42
2 70
9 90
9 10
1 83
5 51
1 96
6 77
5 11
6 29
10 92
2 51
3 35
10 77
7 51
10 42
6 28
10 17
1 89
2 28
10 59
10 64
5 56
5 52
10 79
7 2
7 41
5 26
10 35
7 75
3 51
5 59
3 67
2 3
1 48
2 40
8 1
8 56
4 7
6 5
1 5
1 89
9 95
7 68
9 47
9 6
8 80
10 45
9 61
4 51
3 30
2 16
3 88
5 16
7 23
8 84
1 18
3 84
9 1
9 72
5 38
2 52
7 83
1 18
8 41
1 2
8 79
9 22
1 93
9 44
10 6
4 66
2 85
1 32
2 21
7 36
6 33
10 59
8 64
1 68
9 100
10 83
8 70
8 93
8 34
8 79
1 74
6 93
5 62
10 16
1 38
5 71
1 79
4 67
9 11
6 70
2 28
3 80
8 65
5 61
7 30
1 42
3 53
4 26
8 78
8 41
9 91
2 66
6 81
7 85
5 52
8 16
10 89
8 46
9 34
6 47
7 14
9 29
10 97
4 62
4 52
7 11
4 29
7 7
1 98
1 97
3 54
2 51
1 46
2 28
4 95
9 73
8 84
9 63
7 72
3 32
1 100
7 73
4 93
2 8
1 22
1 31
4 43
10 61
3 91
8 28
9 62
8 1
5 28
3 9
2 11
8 12
3 71
10 24
9 81
9 19
6 50
3 46
5 66
3 88
2 65
6 11
9 4
10 54
10 89
1 22
4 2
3 66
6 33
2 79
5 22
3 74
9 37
9 91
2 74
6 83
4 31
7 88
3 29
1 35
9 95
2 84
7 17
6 95
4 61
2 52
3 4
3 96
2 15
5 78
9 100
3 37
5 93
4 12
6 65
9 51
1 27
3 8
4 39
10 73
1 11
3 1
2 47
7 1
6 81
1 70
7 65
6 1
5 56
7 55
6 20
9 35
2 20
7 89
2 50
8 98
9 27
4 74
3 19
5 22
7 86
3 4
1 95
7 36
10 3
2 57
7 46
2 16
1 27
6 21
10 77
2 5
2 78
9 85
6 31
10 97
3 11
7 7
6 71
5 51
4 99
4 5
10 70
4 75
8 78
10 49
1 19
8 70
6 92
8 79
4 49
2 8
8 47
9 53
2 49
1 15
1 95
8 31
10 90
7 19
1 12
6 61
4 2
8 69
9 4
7 39
3 79
1 74
10 99
5 72
2 65
5 70
3 4
4 33
7 24
8 47
8 91
1 48
4 28
9 6
5 26
5 67
10 47
4 51
7 42
6 84
4 82
5 10
10 41
6 29
5 90
5 45
9 31
7 51
8 70
2 38
10 2
3 68
3 27
2 19
9 68
2 54
9 54
1 58
10 82
7 72
5 38
10 73
6 84
8 85
1 24
1 83
5 57
6 10
3 24
7 90
2 26
2 14
3 96
4 15
4 20
6 1
2 93
8 97
7 27
5 51
4 30
4 35
4 75
5 20
5 59
5 60
6 43
7 39
3 43
5 47
8 6
9 69
9 71
6 59
7 48
5 69
10 20
8 77
10 55
1 79
2 46
2 6
10 4
9 71
2 1
4 15
1 52
9 24
5 4
4 29
4 41
2 99
1 74
6 73
3 21
1 86
5 82
7 3
1 8
8 75
1 72
5 76
3 31
7 93
1 24
2 69
7 13
5 40
10 60
3 83
6 98
10 30
9 30
7 31
9 23
1 98
7 57
5 65
9 3
9 21
7 15
1 6
2 21
5 56
3 82
2 48
9 41
8 75
1 12
6 30
5 30
9 66
1 4
1 34
9 26
6 88
10 33
9 72
6 91
10 41
5 3
10 90
9 78
8 53
4 31
4 80
5 16
10 24
8 21
3 43
7 31
4 9
3 77
3 71
5 27
8 13
8 41
9 55
7 18
1 35
7 75
10 53
8 42
5 71
1 96
7 64
9 15
5 93
