1 50
7 62
9 80
8 67
4 2
8 6
2 24
9 43
1 63
7 74
8 27
3 16
2 17
9 35
1 73
3 89
8 68
6 90
8 1
6 35
10 82
6 8
8 94
8 61
1 57
3 74
5 76
6 20
9 91
1 27
3 97
6 6
10 12
6 66
1 42
6 40
4 12
4 31
4 77
1 90
7 6
4 62
5 62
7 71
3 1
6 10
9 92
10 64
2 96
7 77
9 18
8 75
6 31
2 58
8 84
4 65
8 75
3 80
2 61
7 59
7 7
8 6
7 56
5 42
4 77
6 79
4 94
10 72
7 17
4 9
10 64
3 48
7 86
9 40
6 38
8 94
2 61
3 65
3 92
6 9
7 15
10 65
5 17
6 34
9 44
1 96
10 48
1 1
5 60
2 64
1 36
8 16
5 27
9 30
7 77
5 65
7 58
9 73
6 51
2 50
7 69
10 96
1 64
9 16
3 53
10 46
5 28
4 95
9 53
4 61
2 66
5 97
1 14
3 9
10 85
4 4
1 49
5 75
10 81
3 10
4 12
3 24
8 73
9 89
10 27
4 38
7 36
1 6
7 83
1 23
1 50
7 87
7 94
4 91
1 58
10 91
9 95
2 68
4 28
3 14
1 44
1 29
2 57
1 100
2 84
6 69
4 15
6 28
2 49
1 75
7 88
1 3
5 57
6 89
9 91
9 68
6 6
5 42
8 8
6 18
1 39
6 58
1 27
3 7
2 65
5 51
10 98
6 45
1 89
3 91
2 1
4 1
10 63
2 22
7 14
10 65
9 46
3 51
8 3
8 19
1 92
5 39
10 84
5 54
3 41
1 83
1 19
10 57
6 64
6 52
5 42
5 57
7 75
7 30
3 49
10 65
8 5
1 43
6 63
3 89
10 27
2 47
7 39
9 10
10 41
3 100
7 1
3 73
6 36
5 97
3 32
2 9
10 80
1 68
4 42
3 3
6 32
5 77
10 93
10 6
9 90
8 2
7 62
4 86
5 26
8 90
2 81
3 6
9 24
8 72
3 26
9 28
10 44
3 88
5 36
10 65
9 47
7 58
4 29
8 72
7 53
6 99
3 99
9 41
9 11
4 65
9 26
2 44
10 35
6 28
2 48
7 92
4 56
2 52
10 27
2 82
7 37
3 79
5 43
10 50
7 87
1 66
10 19
7 58
3 21
5 17
1 6
1 31
3 97
10 45
5 95
3 17
7 26
5 74
4 67
1 36
1 17
7 67
6 95
4 34
2 22
6 91
5 93
5 38
5 30
1 39
1 46
10 21
6 12
5 33
9 42
1 88
9 97
2 20
9 21
5 22
10 94
9 30
8 89
2 48
1 62
3 8
2 79
5 81
10 86
4 42
1 73
6 21
8 75
2 10
3 78
7 68
2 20
7 11
3 27
3 14
6 47
4 7
4 14
10 50
10 18
2 43
6 15
8 88
2 23
3 63
8 17
7 53
9 70
6 29
6 3
2 79
5 67
10 92
10 68
9 19
8 7
9 75
4 5
8 13
2 77
3 85
9 99
9 12
6 66
3 83
9 79
3 29
5 96
5 32
2 60
7 54
7 8
6 94
1 78
3 24
2 13
6 83
10 94
3 54
2 18
1 80
8 66
9 73
1 56
8 5
7 23
7 100
3 46
10 64
9 26
10 76
9 11
4 33
6 21
6 91
2 20
1 33
1 65
9 14
10 72
3 69
7 8
2 48
5 90
9 93
5 46
7 86
3 98
1 7
1 81
9 2
9 61
10 7
5 74
8 86
9 72
6 91
8 75
2 52
1 18
3 77
2 85
4 77
5 12
6 65
1 53
4 64
8 97
7 55
4 41
4 82
7 80
6 62
1 85
9 21
10 39
7 85
4 11
4 50
4 23
5 52
1 70
10 65
1 40
5 75
5 4
5 13
6 4
1 73
2 33
3 67
5 13
3 60
5 13
8 21
3 9
4 47
7 15
6 28
5 2
1 49
6 33
7 92
7 16
5 17
8 72
2 61
3 32
3 10
1 87
10 70
7 36
8 89
4 80
2 30
2 75
4 56
5 60
7 47
4 35
5 7
6 29
6 63
5 35
2 67
1 16
6 28
5 5
8 36
7 18
7 71
5 39
5 8
1 80
10 78
10 95
10 28
2 37
2 3
4 36
9 83
3 52
2 100
6 40
2 64
10 4
3 90
2 18
8 89
10 49
1 76
5 14
2 90
10 18
1 27
1 54
6 86
1 31
8 45
9 5
4 91
1 67
10 40
6 71
5 16
5 80
7 38
10 2
9 27
4 99
5 52
7 28
3 41
6 78
4 32
5 4
8 86
4 98
2 1
4 28
8 67
3 8
10 11
4 81
10 94
5 53
8 45
3 64
9 50
10 5
9 57
6 60
1 78
9 45
9 40
1 51
10 12
4 98
6 48
10 60
8 47
4 47
3 47
1 40
2 35
8 3
8 83
5 91
4 22
10 5
3 90
4 49
8 30
5 57
9 77
4 11
3 99
4 94
7 70
2 61
5 27
4 28
5 55
2 36
3 70
5 57
5 59
2 14
9 13
3 54
4 65
8 38
7 80
10 24
9 2
2 67
8 58
10 21
6 61
8 50
8 62
6 62
8 94
10 18
2 21
6 47
2 1
7 77
9 96
2 16
3 78
2 82
5 13
4 73
9 88
1 10
2 70
9 35
10 44
5 25
4 7
6 51
4 69
2 56
3 22
2 75
3 6
8 34
7 66
8 88
6 25
10 13
10 42
9 52
9 84
8 59
3 57
7 31
7 84
3 99
5 6
10 96
10 12
7 51
10 95
4 23
1 100
9 33
10 27
7 54
9 67
4 48
2 45
5 29
7 43
8 13
10 60
1 4
5 86
10 81
5 19
8 89
5 24
7 55
8 31
7 96
10 89
2 72
7 6
5 5
2 62
10 36
9 100
5 94
10 60
2 43
7 22
8 75
5 6
10 47
10 52
8 67
10 54
3 74
6 12
6 78
6 36
4 14
6 86
5 42
5 24
5 51
10 36
1 20
3 42
3 37
7 21
8 22
8 37
8 48
2 35
10 36
4 46
1 33
3 47
7 9
9 76
9 59
4 37
1 88
1 11
9 13
4 94
6 89
3 39
1 64
6 99
10 16
3 76
5 87
4 18
8 34
7 8
9 97
5 65
7 68
4 50
3 22
3 56
8 65
7 3
3 88
10 17
3 33
6 25
1 57
2 55
6 45
7 86
2 63
8 33
7 72
1 95
2 22
10 37
9 13
10 66
8 42
10 36
7 71
5 98
7 67
10 74
3 83
2 16
10 58
2 4
10 26
3 81
5 96
10 87
9 46
1 84
1 87
1 43
1 63
10 22
6 37
4 95
3 84
9 78
7 34
9 1
4 56
8 73
5 27
9 1
8 71
5 69
4 71
7 100
9 40
6 91
4 95
6 78
6 63
6 86
6 79
5 94
10 6
8 58
2 72
5 18
6 25
7 64
10 82
6 66
1 27
10 11
8 21
5 20
4 80
10 38
10 73
6 59
7 51
4 54
5 96
9 13
9 66
3 94
2 28
5 26
1 43
3 46
3 35
4 15
3 83
3 94
8 64
3 74
9 11
7 95
4 69
10 55
1 49
7 70
1 12
3 34
5 61
9 17
10 36
1 9
5 5
9 59
10 32
3 36
2 47
1 69
6 60
4 81
6 11
8 53
8 44
8 76
10 8
2 72
4 86
6 49
2 74
10 33
7 24
2 50
6 42
10 97
8 97
3 16
8 99
5 55
2 39
8 46
6 88
7 47
2 83
1 23
6 25
8 12
7 54
7 67
2 92
3 55
1 84
8 51
9 98
6 39
6 4
9 34
9 50
5 85
1 81
7 60
5 86
3 15
9 52
4 67
5 82
7 35
5 16
6 49
2 2
8 82
7 25
10 35
7 97
10 15
10 6
1 58
7 65
2 67
3 16
3 54
6 84
1 60
3 11
7 88
3 94
1 28
6 68
2 57
5 29
4 36
2 71
5 31
3 95
10 88
2 4
7 100
6 29
5 27
10 96
3 76
9 55
1 36
1 94
7 29
1 59
8 5
9 72
7 78
1 4
5 1
9 97
10 38
5 49
9 55
9 94
7 67
8 44
6 35
10 43
8 29
9 59
7 78
6 49
4 18
4 75
5 51
5 87
5 66
1 16
10 77
7 87
5 90
7 6
4 29
8 27
7 15
5 84
3 63
1 66
5 58
10 32
1 89
6 46
10 86
10 71
5 13
5 9
7 90
8 44
3 45
9 82
8 42
1 34
7 23
7 15
10 15
6 28
2 52
8 70
1 77
3 2
6 95
10 21
10 14
4 14
10 84
1 92
4 78
6 25
8 39
7 87
1 30
10 2
3 32
2 83
7 31
6 51
2 42
5 75
8 78
2 13
6 26
3 25
1 39
4 18
6 74
7 64
10 84
6 34
6 77
3 48
1 80
6 81
8 54
9 3
5 74
6 52
2 26
