5 48
10 53
9 78
10 18
2 30
9 45
5 19
4 27
7 2
7 44
1 58
1 60
6 63
5 96
4 33
1 4
10 39
10 3
5 65
6 76
5 4
2 23
4 85
4 14
3 17
4 70
3 40
8 7
8 28
5 39
2 53
7 94
3 51
8 40
5 52
7 83
1 25
10 45
10 96
5 75
3 76
9 28
6 68
10 29
4 85
1 29
4 99
7 96
9 24
1 12
1 62
3 9
8 71
5 64
10 83
1 71
2 57
1 63
2 45
7 90
6 42
7 89
5 96
3 82
10 90
9 72
7 79
5 84
3 71
3 6
8 26
2 1
9 20
8 64
5 4
2 68
9 7
6 42
10 23
2 38
3 37
6 34
3 56
4 32
6 34
5 57
9 26
8 27
8 23
1 25
1 96
6 65
6 3
2 19
5 33
1 78
8 93
9 100
7 25
10 95
10 86
9 83
2 18
1 46
1 13
4 44
10 53
1 57
10 24
5 49
5 41
4 23
2 86
3 57
3 28
1 95
7 100
6 78
1 47
7 65
5 73
3 60
8 84
4 30
2 20
2 81
6 51
9 44
10 79
7 25
9 71
2 92
6 52
4 61
9 12
5 30
6 1
1 61
4 92
8 22
3 49
3 4
1 32
3 14
5 86
8 4
4 34
4 100
10 69
9 36
10 93
9 90
4 15
10 24
9 34
5 33
3 5
1 53
10 55
7 69
10 9
9 23
10 56
7 13
8 45
6 12
6 55
4 80
4 25
9 47
7 41
1 81
3 5
8 43
8 40
1 80
10 49
10 44
10 81
1 7
9 55
3 19
10 5
5 38
4 57
5 64
9 90
9 3
1 13
4 57
5 20
10 4
4 58
3 17
6 26
5 72
2 38
5 63
10 40
8 25
1 52
2 10
7 32
6 54
2 5
1 64
9 99
3 64
5 36
1 41
1 10
2 77
6 72
9 46
7 59
6 52
10 74
4 65
9 71
10 92
10 93
5 13
8 95
2 82
2 47
9 20
3 1
7 49
9 19
3 42
7 7
8 45
4 27
9 53
2 48
1 94
4 21
7 93
10 67
7 32
9 15
6 30
1 44
6 82
8 72
5 90
10 22
6 65
5 43
6 14
10 30
8 20
9 88
8 54
3 24
3 38
1 84
1 35
10 67
7 33
1 11
1 75
6 39
4 35
5 26
4 28
6 57
6 65
8 28
1 26
7 32
7 74
8 82
5 4
10 52
3 86
9 13
6 51
9 23
3 96
3 19
1 24
8 82
1 2
10 20
6 80
8 35
1 53
1 68
10 27
3 41
5 24
7 67
1 88
6 65
4 36
6 80
3 33
10 80
2 90
4 63
10 32
10 31
10 26
2 8
2 54
7 66
4 32
9 64
8 4
5 74
1 2
9 7
8 75
4 92
10 23
7 70
5 55
9 27
3 91
6 64
2 48
6 50
10 57
4 67
5 89
9 60
4 71
3 10
9 90
4 49
1 62
2 37
3 67
2 20
6 5
9 34
1 37
6 17
9 44
10 8
2 54
10 74
8 63
6 59
1 58
10 72
10 34
6 77
5 94
1 32
1 24
8 32
5 26
9 32
10 37
5 34
4 7
10 85
6 5
8 23
10 15
9 100
9 73
9 20
6 46
3 15
9 39
7 83
10 45
10 86
6 44
4 67
2 97
2 12
3 50
6 10
10 98
1 49
4 44
4 47
4 77
10 44
3 95
7 63
1 72
8 72
5 28
4 9
6 82
4 8
7 46
5 72
10 29
7 56
7 90
3 77
5 94
3 99
5 87
3 36
8 33
7 61
5 14
6 22
8 56
5 28
8 88
2 25
5 14
3 40
4 4
1 32
4 18
4 37
10 16
2 98
3 38
10 93
9 9
3 44
9 30
2 60
3 41
7 29
3 96
1 46
5 6
10 27
3 35
10 33
5 50
1 69
9 78
8 57
4 50
4 80
8 72
1 97
5 49
7 88
2 75
4 85
9 72
7 9
5 95
2 23
10 9
9 36
9 13
5 4
8 57
10 46
5 18
9 2
4 51
5 61
8 3
2 65
1 57
10 56
6 12
2 32
5 52
1 49
3 32
10 7
6 61
4 58
4 60
7 28
7 36
10 30
4 85
8 3
6 57
2 86
4 48
6 11
9 24
7 71
7 93
9 21
1 11
1 48
8 47
7 86
9 60
10 41
7 44
1 10
6 86
7 1
6 66
10 57
1 80
1 57
2 42
4 58
3 23
6 72
9 73
5 8
7 6
8 100
5 3
9 55
7 34
2 99
4 90
8 17
1 5
6 80
6 98
3 95
2 29
6 81
3 4
1 55
6 91
8 93
8 96
7 21
7 30
6 41
5 69
2 20
2 3
6 100
3 37
8 27
1 64
5 1
9 35
1 30
9 27
7 57
9 66
4 68
5 97
2 55
4 69
10 8
4 89
3 90
10 31
3 3
9 92
8 66
6 74
8 34
7 81
8 24
5 6
10 45
2 24
7 49
7 32
7 40
9 20
4 60
6 80
10 26
6 47
5 10
6 81
7 18
3 30
10 26
2 34
5 71
3 43
10 51
8 13
4 41
3 96
9 83
9 13
7 4
9 75
9 15
7 60
6 90
7 21
10 55
8 27
5 99
2 5
8 8
5 19
9 30
4 12
9 78
9 68
6 98
3 24
2 22
8 16
10 67
3 28
8 55
3 74
8 100
3 19
8 78
7 61
7 80
4 45
1 83
3 63
9 51
8 76
5 91
7 20
10 16
9 60
7 10
8 26
3 99
8 89
1 52
10 68
1 29
5 19
10 37
4 65
8 16
8 53
1 22
6 28
6 10
2 60
3 55
8 39
1 58
5 66
1 89
6 85
7 56
1 73
3 7
2 66
5 24
6 59
3 39
6 68
5 60
9 22
1 92
3 9
8 68
2 51
1 38
1 85
6 10
10 100
7 23
3 74
10 88
5 16
8 14
10 20
9 70
5 79
6 31
7 84
1 42
10 48
7 56
1 3
6 10
3 32
3 7
9 78
6 62
7 74
9 23
8 80
8 69
6 26
9 37
1 89
9 26
7 80
8 17
8 46
1 89
4 8
4 12
3 96
5 81
6 9
3 33
10 100
5 52
4 9
6 91
9 11
2 84
8 64
10 74
1 64
3 82
10 81
1 51
2 54
4 86
5 10
7 26
9 25
6 64
3 37
6 11
7 53
9 71
4 83
2 99
4 9
7 61
10 63
5 30
8 83
1 60
5 53
2 92
8 94
8 36
5 77
4 54
6 9
10 91
1 63
2 96
3 43
5 71
2 49
3 94
7 47
7 92
9 90
9 68
10 47
7 57
6 11
7 100
7 90
3 9
8 14
4 73
3 92
8 79
2 96
6 3
7 10
2 32
5 96
7 63
6 52
1 69
1 84
8 37
4 29
2 72
2 72
9 97
1 98
4 66
7 12
5 28
7 56
6 95
3 56
10 83
9 65
10 83
4 11
4 72
9 36
2 40
7 50
3 10
1 63
10 11
4 8
4 39
10 14
1 54
10 42
1 89
3 35
4 52
4 13
5 91
3 45
1 6
9 88
6 6
7 94
10 58
3 73
6 91
2 91
4 20
5 85
4 45
2 28
10 55
6 34
7 49
4 34
6 30
3 6
5 59
7 91
9 60
9 87
9 19
6 38
10 14
7 42
4 63
4 6
2 5
8 77
2 1
1 57
1 79
10 35
3 79
6 82
3 60
1 25
8 77
6 1
5 95
2 52
1 87
7 4
7 76
7 7
4 32
5 49
5 17
4 72
2 71
3 8
8 79
9 88
1 35
8 39
5 55
2 92
2 48
5 86
3 15
3 48
6 59
6 30
2 40
3 68
3 52
8 48
10 48
7 95
1 18
1 25
5 31
8 18
10 56
8 44
10 11
3 84
1 72
8 49
3 45
10 56
2 28
1 93
10 23
8 27
7 62
9 17
8 30
1 54
6 29
3 66
7 47
10 42
8 32
9 60
2 60
6 32
2 56
1 17
10 41
3 88
6 91
3 77
10 37
1 71
9 41
6 53
10 72
5 58
2 95
6 5
7 67
9 60
10 71
10 51
5 45
8 38
3 33
5 88
10 10
4 17
4 70
3 99
6 53
9 6
8 65
9 55
10 9
6 63
7 83
2 32
3 28
2 60
7 4
1 77
7 72
3 30
1 9
1 86
10 22
4 100
4 6
6 38
5 47
2 78
7 83
9 22
7 13
5 31
1 20
4 42
5 5
3 52
6 82
1 29
8 52
2 84
5 21
5 62
5 91
7 76
3 82
1 70
9 21
10 66
10 81
5 27
7 49
10 28
7 13
1 80
5 82
1 35
10 100
6 51
4 68
7 62
5 74
10 49
1 83
2 42
5 38
6 50
3 48
3 5
6 58
7 100
2 85
4 41
6 58
5 22
5 51
3 60
9 45
8 62
5 59
5 35
1 33
1 93
9 87
7 76
10 97
3 31
1 56
9 58
