9 2
9 40
10 85
1 29
7 81
3 38
4 82
10 36
5 24
8 91
9 17
5 70
5 62
4 40
7 80
6 94
9 72
1 47
6 5
10 15
3 6
3 99
8 36
10 6
7 49
5 43
9 75
5 32
7 36
1 98
2 43
9 14
6 69
3 98
1 10
1 5
4 67
2 3
6 53
7 89
8 3
1 6
9 92
10 19
8 80
3 93
8 15
2 64
9 73
6 86
3 84
4 26
10 15
6 41
2 8
1 9
9 78
3 25
1 89
3 23
4 98
1 35
4 87
1 81
1 76
1 20
3 73
2 3
6 84
3 73
9 33
8 45
8 22
5 35
7 13
9 74
10 86
5 22
8 75
5 17
7 78
1 11
10 38
9 24
8 40
7 20
7 73
4 13
6 46
7 20
3 13
3 66
5 48
2 33
3 43
7 16
3 30
5 11
6 17
3 56
2 29
2 60
3 52
5 63
2 68
2 44
5 40
3 63
8 16
8 32
3 8
1 85
10 70
3 40
8 33
7 12
3 65
6 31
7 44
1 21
3 22
4 7
7 15
9 58
6 82
5 15
6 6
7 73
4 68
1 46
9 51
2 80
9 74
3 63
8 28
1 3
2 50
3 93
6 56
7 7
4 78
2 42
7 52
10 39
6 5
7 66
3 58
5 55
9 14
5 30
2 17
1 3
6 6
2 75
4 38
5 78
3 80
2 54
6 38
7 72
6 98
1 19
3 26
6 34
7 62
1 15
3 81
2 15
6 63
10 20
4 38
9 26
10 47
1 57
10 1
4 20
9 41
4 80
3 44
5 1
6 22
9 54
5 3
5 91
5 13
9 95
6 39
2 76
4 96
1 77
3 12
2 7
1 75
2 79
6 44
2 83
2 50
1 64
2 72
8 1
10 72
3 78
1 58
6 32
4 44
5 1
5 83
3 52
8 88
9 43
2 88
5 53
8 57
4 99
10 63
5 6
8 92
1 25
7 29
4 45
1 53
9 93
4 67
8 87
1 24
10 65
2 10
2 38
7 21
2 93
3 41
5 93
6 57
5 34
4 19
1 16
3 44
3 69
10 95
2 90
6 58
4 87
4 6
2 44
4 25
7 1
7 65
3 76
8 3
1 58
6 89
5 92
1 49
2 66
7 28
7 83
5 80
9 55
4 75
1 73
6 8
7 35
2 75
1 92
7 65
2 90
5 94
5 63
1 84
5 90
1 45
7 19
5 1
3 67
4 33
4 1
4 4
2 47
8 100
2 45
9 97
5 17
9 87
5 82
10 25
4 55
2 83
3 33
1 48
9 73
6 57
4 13
9 75
2 5
9 67
1 62
9 77
4 11
8 35
1 60
2 44
5 44
1 21
10 26
7 22
7 40
10 50
5 41
6 34
4 30
7 49
10 60
7 75
3 52
4 18
3 27
8 49
7 21
10 75
8 66
3 56
7 33
6 1
1 65
2 25
2 100
9 21
3 90
10 1
5 12
5 81
1 96
3 79
4 6
6 18
8 64
8 96
10 78
4 9
5 4
2 80
4 89
1 36
5 62
9 88
4 36
9 51
3 18
6 16
8 100
3 65
2 85
4 95
1 52
10 42
4 83
5 99
5 56
2 60
1 21
1 48
3 22
2 40
10 87
1 38
2 37
6 60
3 61
1 65
4 84
1 29
5 33
9 34
1 33
10 68
5 94
9 81
6 24
3 33
1 32
4 98
5 75
3 92
8 11
10 2
1 73
9 25
8 23
3 61
4 12
6 85
6 87
6 3
3 33
3 34
1 48
8 49
5 56
1 21
3 100
9 14
7 79
3 7
3 21
3 12
1 58
4 61
2 13
5 10
3 21
10 26
2 85
10 69
10 22
9 54
5 100
3 69
2 6
1 50
7 82
2 74
1 1
8 44
6 7
7 89
1 40
7 1
8 8
8 23
7 49
9 11
8 58
8 50
9 82
2 82
7 75
10 25
8 47
6 61
1 27
9 2
9 75
4 67
6 24
6 39
6 67
7 52
2 3
5 47
6 28
10 68
7 84
6 55
6 95
1 12
7 50
2 43
3 84
5 53
4 86
7 77
10 17
7 26
7 11
6 10
9 94
10 19
3 41
9 57
4 57
8 30
7 87
9 70
2 13
6 95
1 46
6 40
5 48
7 1
7 9
8 88
7 38
9 44
5 89
2 32
9 9
7 46
7 60
8 17
6 45
6 72
6 99
4 46
5 23
3 63
2 94
8 10
1 79
1 6
9 80
8 62
9 3
2 56
1 90
4 29
6 16
9 88
1 22
7 49
5 98
3 39
5 85
3 82
1 49
8 85
9 100
10 68
8 20
10 77
10 92
3 26
2 66
10 84
9 7
10 31
2 45
7 34
5 36
10 69
7 36
6 54
8 27
1 10
7 62
6 69
5 47
10 40
10 19
9 47
10 85
3 42
10 88
1 58
10 41
8 51
10 9
5 32
5 57
6 95
10 59
8 58
9 63
5 79
1 32
6 69
4 89
9 48
5 7
4 67
10 44
8 44
4 2
1 76
4 92
8 13
9 42
7 2
8 71
1 63
10 75
5 79
6 79
8 87
2 35
3 60
9 94
7 76
5 61
4 49
5 14
6 23
7 47
4 13
6 64
10 96
1 50
3 84
5 26
1 40
1 70
2 37
7 55
4 30
2 1
2 59
9 39
3 44
5 43
5 2
8 62
10 53
4 68
4 41
10 79
7 87
3 10
6 90
4 59
9 12
4 98
3 95
9 53
6 82
5 60
1 69
3 80
10 8
10 69
5 81
7 90
5 56
10 70
5 49
9 9
9 64
1 72
4 68
10 22
8 43
7 16
10 19
6 63
6 59
1 57
4 56
2 10
8 87
10 78
6 75
2 90
2 48
3 99
6 51
4 94
5 60
3 45
5 79
7 31
6 68
9 81
7 3
3 8
5 91
4 31
9 42
6 17
3 50
9 36
1 43
5 75
10 6
10 53
2 26
6 87
6 93
1 19
3 30
2 92
7 42
1 35
7 89
8 43
4 39
10 9
10 53
4 83
1 39
5 3
2 27
5 76
2 63
8 9
8 43
9 25
7 86
9 44
4 93
4 8
2 91
3 12
3 76
4 82
2 16
8 55
1 90
9 34
7 30
8 54
1 88
1 84
2 53
4 13
10 9
5 44
7 35
3 36
2 40
3 69
6 81
7 90
3 28
6 12
3 94
5 42
8 1
10 97
3 37
9 2
3 97
2 26
5 40
9 93
4 38
10 96
9 61
1 54
2 20
4 47
10 39
2 65
10 77
7 51
7 63
2 51
3 6
3 23
9 1
1 75
9 81
7 27
7 2
1 17
6 7
5 63
5 25
7 43
7 16
3 19
8 32
1 44
8 100
6 50
5 1
7 3
4 81
8 21
9 87
7 62
9 16
8 11
1 32
6 41
7 67
6 92
9 10
7 65
6 77
4 64
5 16
9 23
7 31
5 7
2 83
9 81
3 27
7 4
7 87
2 9
10 61
3 99
8 30
1 71
5 99
8 21
8 61
1 37
6 35
2 16
7 92
5 62
6 77
1 73
5 20
8 49
8 82
2 76
2 48
9 61
5 14
8 12
7 70
1 72
5 87
3 74
5 24
4 33
7 89
10 24
6 45
10 8
1 91
5 71
1 15
9 70
5 61
6 26
10 65
9 96
2 29
3 50
9 100
3 83
10 92
9 70
5 8
2 50
5 28
10 47
2 37
5 64
1 52
9 39
5 75
4 9
1 77
9 99
6 68
2 42
10 85
7 22
5 79
3 60
10 16
7 25
9 17
10 95
4 80
6 10
3 21
4 4
10 34
4 79
2 88
5 64
1 16
10 78
6 3
3 64
2 47
2 28
4 78
7 57
4 28
2 84
6 57
1 75
2 80
8 7
8 36
1 36
4 74
1 47
8 84
5 96
2 73
2 53
10 25
10 20
8 81
3 85
10 100
4 12
7 92
9 30
10 80
5 6
9 82
4 65
2 94
4 14
3 71
6 56
3 27
10 46
8 37
1 4
6 34
10 46
6 45
10 98
5 80
5 34
9 13
9 27
3 65
3 28
9 73
9 9
9 90
7 97
7 59
1 58
2 18
9 5
9 84
3 96
5 48
1 65
3 58
9 50
4 89
1 17
3 1
1 19
6 63
3 64
4 29
2 19
7 22
3 61
9 36
7 27
5 83
5 25
7 53
7 17
2 65
7 65
3 46
4 27
2 18
1 87
9 47
3 22
3 13
8 10
6 93
1 53
5 31
2 24
6 31
8 53
4 59
2 89
2 81
7 4
6 23
1 66
10 85
10 44
9 6
3 88
9 80
5 43
10 50
7 61
3 52
8 14
9 41
1 67
4 68
4 99
10 86
4 38
5 32
5 9
1 91
1 92
7 40
8 76
10 65
4 60
8 90
7 71
3 57
9 29
10 63
4 16
2 43
2 5
6 36
6 20
8 6
2 73
4 26
10 45
2 73
7 69
3 35
3 81
