10 17
6 54
8 48
1 17
2 39
5 87
8 75
4 48
8 13
10 47
2 24
4 49
7 95
7 14
6 30
10 58
6 13
1 99
10 97
1 66
9 44
5 72
9 48
8 94
2 67
2 69
9 86
9 60
1 32
8 47
8 95
5 18
10 78
1 47
10 85
8 65
10 31
2 86
10 85
7 4
5 41
5 79
3 22
5 47
3 14
5 70
8 30
8 42
8 41
10 90
10 73
4 57
3 55
5 15
1 95
5 91
1 9
7 91
4 67
9 10
4 19
1 8
2 83
6 27
7 64
1 56
10 17
10 7
10 50
2 1
4 21
1 90
4 8
3 36
9 85
8 32
3 44
7 99
8 3
8 24
7 32
4 97
4 71
5 7
8 98
3 59
5 28
4 99
7 10
8 91
9 37
8 38
7 57
3 89
8 73
10 54
5 5
1 17
10 97
3 64
7 33
3 66
2 55
4 35
9 79
7 62
6 94
1 12
3 41
7 20
1 66
10 17
9 47
9 68
4 55
7 95
8 17
8 96
2 66
1 38
8 79
3 43
4 5
8 69
2 78
1 18
10 57
9 80
2 94
3 23
6 87
6 92
4 99
4 18
6 38
1 71
4 46
3 76
8 69
4 90
9 83
6 66
1 91
8 60
8 78
5 77
8 60
8 66
8 75
9 61
2 6
2 67
2 80
9 39
3 14
5 99
7 23
9 89
5 15
5 81
9 98
7 82
6 59
1 94
2 93
5 16
5 55
4 29
3 96
6 39
7 25
6 15
2 8
10 77
9 73
10 86
4 96
8 58
6 78
6 44
2 37
6 79
3 56
6 86
10 36
2 80
7 38
2 87
1 84
9 100
7 58
8 20
5 82
4 17
2 1
10 59
3 47
9 18
4 49
3 30
5 6
1 83
8 59
1 7
8 60
8 32
6 25
2 63
4 10
4 87
7 55
3 72
8 59
4 29
3 83
9 25
9 7
7 82
2 82
3 2
8 9
8 55
10 59
6 30
6 2
4 49
9 92
1 31
10 44
3 29
6 93
8 94
4 52
7 35
6 19
1 73
3 65
10 24
5 66
5 90
10 79
8 54
7 77
1 91
10 76
4 69
2 80
5 74
5 23
8 45
8 9
10 35
4 73
10 24
1 61
2 35
2 93
3 18
1 89
6 29
10 61
4 100
9 39
9 8
8 13
6 87
7 72
10 14
5 25
10 13
4 30
7 64
7 52
3 1
10 100
7 72
8 81
2 60
1 31
7 93
6 22
10 84
1 21
7 64
2 100
1 29
8 29
6 42
9 100
7 47
2 67
4 98
7 50
10 48
2 67
5 69
4 58
8 93
5 15
2 65
6 88
2 78
1 34
4 49
3 1
7 28
1 30
9 57
6 49
1 33
4 59
7 71
9 68
10 23
3 94
4 2
7 64
7 74
9 50
6 8
4 79
3 85
9 39
3 93
2 10
3 41
3 12
6 21
4 30
5 51
7 87
2 23
5 11
2 36
6 73
3 68
7 37
7 64
2 53
1 15
9 17
2 38
3 65
5 12
10 31
3 56
1 98
4 36
9 35
9 4
4 42
5 96
2 57
1 91
4 25
4 59
2 98
3 30
3 34
6 15
2 54
5 85
3 25
4 68
4 10
7 34
1 53
10 46
4 21
8 89
3 97
6 25
3 45
2 67
7 96
1 64
3 44
1 56
7 59
5 36
10 1
3 63
3 39
7 12
10 14
3 10
3 80
1 92
9 65
4 12
8 70
5 91
2 2
1 57
7 5
6 59
7 92
1 37
1 7
4 78
9 49
3 22
6 3
6 89
8 24
10 53
8 13
5 82
2 82
9 22
3 41
5 86
8 47
1 74
3 77
8 97
5 12
5 82
4 49
8 43
5 53
9 47
7 84
4 99
2 69
5 17
3 2
4 85
1 30
8 37
8 10
10 53
8 48
7 84
5 39
5 39
7 55
8 100
8 88
2 35
10 99
6 52
8 93
3 68
4 97
10 82
8 97
10 30
1 5
9 86
2 32
3 1
7 43
2 30
3 88
9 97
7 12
7 33
2 77
8 38
4 24
7 29
10 19
1 87
8 23
2 59
8 52
9 93
8 42
3 8
7 40
4 42
1 4
5 19
2 3
7 96
1 67
5 99
8 7
10 53
9 81
10 27
1 88
10 30
5 42
1 46
7 13
4 65
3 6
10 86
8 2
1 81
10 45
8 82
6 65
9 27
6 37
1 18
8 75
10 20
3 80
2 96
3 58
4 100
5 56
9 78
1 18
5 46
5 32
6 20
10 14
8 94
9 22
2 53
3 90
2 65
3 48
10 62
9 68
2 81
10 61
5 56
9 72
8 55
10 82
4 52
3 17
8 6
5 35
9 66
8 28
5 31
6 33
9 24
1 14
2 52
1 96
1 58
7 83
6 67
6 60
4 54
6 59
2 66
2 46
10 79
5 13
3 83
6 5
1 7
1 32
2 39
5 42
6 46
8 8
3 15
3 3
6 22
8 39
10 28
6 37
3 43
3 14
6 60
10 59
1 18
5 63
7 40
6 16
9 43
4 22
3 75
5 97
6 56
8 70
1 17
6 53
2 66
2 94
1 75
4 66
7 93
7 78
4 55
6 72
9 53
9 45
3 14
5 23
1 37
8 91
1 96
10 50
1 44
5 2
3 36
3 88
9 100
5 78
8 33
6 75
1 36
5 2
2 85
8 77
2 92
10 34
8 55
1 48
2 65
6 57
6 34
7 95
2 55
3 2
4 82
3 25
6 57
8 57
7 20
1 98
9 28
4 64
8 62
9 31
10 38
7 27
1 94
9 37
10 38
2 22
10 26
3 42
4 30
4 60
8 90
3 36
9 35
3 12
9 23
1 99
8 41
8 93
1 8
5 20
7 22
7 11
6 20
10 90
10 17
7 13
7 64
10 18
8 60
4 38
9 100
1 20
1 68
2 15
2 11
9 61
8 66
2 68
8 37
7 80
4 37
9 20
2 26
1 95
8 56
5 35
4 98
10 41
8 30
1 19
6 60
8 64
8 61
10 90
1 52
1 62
10 42
4 48
5 43
6 65
6 93
3 63
2 12
3 84
4 99
6 55
8 47
8 41
4 89
5 36
8 19
7 14
5 24
7 97
4 100
2 98
2 9
10 64
9 87
9 11
7 27
3 71
5 3
7 7
7 30
8 54
10 99
7 66
4 7
3 72
2 81
2 47
3 50
10 28
2 31
9 24
6 39
6 94
1 5
10 64
5 46
5 41
3 43
10 52
5 88
6 52
8 53
7 69
7 78
4 35
7 7
10 29
5 45
2 44
10 25
6 11
8 2
9 48
1 17
8 21
6 1
7 73
4 69
5 22
10 100
4 72
5 64
3 91
10 7
5 42
1 54
10 35
6 75
6 4
4 86
8 69
6 4
10 12
10 9
5 27
9 53
3 7
9 57
7 98
8 4
4 63
3 49
5 94
9 84
8 68
2 77
10 8
9 68
5 12
5 96
2 3
5 51
9 81
7 4
3 18
9 40
6 79
5 1
3 26
6 13
7 85
5 79
3 46
7 77
1 46
8 99
5 20
8 43
2 89
1 67
5 67
10 23
7 39
5 100
3 32
9 22
9 86
8 96
6 31
3 72
10 85
10 9
3 69
8 14
10 60
10 50
1 65
8 81
4 46
9 47
3 65
10 31
8 51
7 88
6 43
4 67
7 22
5 4
7 10
6 27
9 49
9 99
2 60
9 91
4 77
4 17
8 67
2 92
8 1
9 82
8 78
6 24
8 52
7 82
3 82
10 70
1 76
2 59
6 27
5 4
7 31
3 92
2 19
4 2
3 95
3 66
7 11
5 5
3 47
3 43
3 35
5 95
3 18
6 17
3 4
2 71
9 45
7 9
6 64
10 36
3 81
5 42
2 60
1 20
4 16
4 84
9 31
9 2
7 94
2 27
3 93
7 86
2 22
4 96
4 48
2 74
9 36
10 68
4 27
9 16
7 6
6 41
5 19
10 24
10 33
4 70
1 40
2 60
4 66
2 92
5 66
3 16
1 56
2 61
6 85
6 45
6 37
7 38
10 75
5 95
8 38
4 62
3 91
3 58
1 18
6 21
5 69
1 58
8 95
6 36
3 47
6 92
6 74
2 98
9 59
1 93
3 14
1 30
7 27
10 2
3 57
5 9
3 71
8 36
2 11
7 70
2 79
5 71
5 41
8 6
7 55
10 89
8 63
8 3
6 20
7 46
7 72
5 26
2 26
5 71
10 84
5 27
1 54
4 88
4 24
3 73
4 63
8 83
5 24
7 4
9 70
6 84
8 46
2 5
5 48
7 21
6 69
10 66
9 80
2 54
1 38
10 68
9 71
10 51
5 38
5 14
3 13
8 94
8 67
1 13
5 43
6 52
1 54
5 80
10 40
5 85
8 80
4 39
6 98
8 22
3 23
7 97
9 9
3 83
4 92
9 63
9 4
8 7
10 12
3 97
