6 84
10 13
4 19
2 59
2 87
7 39
1 26
8 56
1 41
9 95
8 33
8 6
6 39
8 30
4 62
5 40
8 37
3 20
6 26
10 46
8 71
2 98
3 16
2 16
6 38
8 93
1 78
6 61
7 17
3 30
3 41
4 69
7 37
3 57
4 83
2 45
9 47
4 59
2 20
7 84
6 75
7 14
1 75
8 49
8 89
1 17
3 91
9 9
5 76
6 94
3 37
1 88
6 83
4 43
2 42
2 16
5 97
2 54
7 67
9 3
10 38
5 77
8 26
9 100
3 66
4 25
3 8
3 78
10 31
9 68
3 91
3 18
2 28
3 1
10 99
10 79
2 25
1 17
6 14
3 81
1 95
7 97
7 29
8 28
6 91
3 87
9 98
3 24
6 20
8 67
8 30
1 32
3 63
5 25
5 86
9 20
9 27
6 7
5 87
7 94
5 63
10 45
8 88
8 78
2 64
7 92
6 68
10 55
3 30
9 41
5 66
7 35
8 42
10 49
1 59
1 11
8 46
1 1
8 68
2 81
10 50
7 25
7 62
2 95
3 35
6 34
6 83
6 52
5 48
5 49
7 59
9 52
5 30
10 35
1 18
5 1
7 69
2 72
1 75
6 78
1 34
9 90
4 100
7 36
1 56
7 97
5 54
9 20
10 85
6 59
1 7
1 98
9 32
10 51
10 55
7 58
2 55
10 63
7 5
2 42
3 72
6 47
7 94
3 64
7 53
1 17
8 46
8 99
9 73
6 89
2 95
1 23
8 33
9 24
5 55
7 3
2 94
7 42
1 95
6 44
4 60
3 46
10 80
1 49
1 66
1 18
9 83
10 90
4 54
4 81
5 2
5 31
5 31
5 91
7 89
5 40
2 99
5 60
3 4
1 15
6 32
9 98
2 97
5 55
10 97
2 2
7 80
7 37
4 32
6 68
7 45
4 43
2 98
4 1
2 38
10 55
5 63
2 58
4 95
7 46
2 93
6 40
2 88
6 94
6 23
10 26
1 39
8 26
9 81
8 24
1 59
2 51
7 72
10 72
7 29
4 86
9 92
2 29
6 15
4 58
7 21
2 82
7 85
2 40
9 68
3 89
7 34
2 95
7 72
8 58
4 82
6 23
3 72
10 87
4 71
1 28
6 98
5 91
10 58
9 94
1 87
10 36
7 44
5 100
8 86
1 11
8 6
6 27
6 78
9 17
4 99
10 57
8 61
1 77
2 31
8 68
7 61
9 66
1 76
6 70
7 21
3 51
1 46
5 60
8 94
8 27
4 68
8 69
9 12
4 36
8 14
4 1
4 12
9 17
10 62
5 8
1 73
4 18
8 61
1 7
5 100
1 9
6 73
10 71
8 38
4 44
10 99
4 75
10 30
6 83
5 59
2 36
3 61
5 73
7 84
3 87
2 56
4 67
9 15
2 60
5 98
8 90
1 92
3 47
6 65
10 35
6 91
6 71
8 91
9 46
1 18
8 13
5 14
9 17
6 61
4 92
4 10
1 12
9 84
5 4
2 47
8 73
9 56
4 52
5 33
8 95
8 87
2 41
10 86
7 84
1 7
6 82
2 92
1 64
2 40
10 12
8 65
4 53
2 48
6 65
9 81
8 3
3 16
7 70
4 3
7 67
8 46
9 79
6 81
6 33
10 14
2 71
9 15
9 31
3 23
1 27
7 41
3 98
6 4
2 33
2 7
1 6
2 21
2 7
7 65
1 31
4 10
4 87
10 29
2 16
4 88
3 37
3 46
2 56
5 100
6 66
9 21
5 13
6 85
10 89
6 13
9 46
3 98
9 26
2 11
10 71
3 51
6 92
4 88
10 73
8 55
9 48
7 52
4 56
6 53
10 46
8 38
4 63
3 85
6 1
8 49
10 11
3 29
6 100
1 39
5 74
9 78
10 56
1 89
9 59
2 57
4 13
4 59
2 40
4 44
4 43
4 3
9 90
5 9
1 80
7 31
3 85
4 71
4 38
8 4
6 3
8 50
6 35
1 39
1 23
7 37
2 1
2 44
3 87
1 79
7 97
6 83
7 8
5 81
3 5
3 21
1 46
1 95
10 36
2 18
6 91
9 52
7 15
5 86
6 95
6 72
6 75
3 37
2 90
9 49
5 90
6 84
4 38
9 21
1 60
7 35
6 96
8 36
4 24
4 67
8 44
10 52
6 21
2 72
8 51
6 53
3 77
3 37
2 54
7 15
4 90
9 88
3 50
9 45
3 17
8 17
1 36
10 81
7 8
10 7
3 67
1 49
6 97
1 60
6 90
5 10
6 47
2 23
7 93
1 28
7 97
1 34
1 61
2 42
10 64
8 19
9 99
10 32
10 95
1 9
2 7
2 24
7 94
7 86
5 6
6 36
3 78
10 79
6 17
5 4
9 32
9 77
3 25
9 22
5 7
10 19
2 35
4 12
7 36
4 31
5 55
7 69
5 78
1 4
5 31
1 29
7 45
2 31
2 35
9 56
6 12
9 60
3 48
9 75
8 85
6 91
5 98
8 92
3 73
5 85
10 60
2 61
9 51
3 46
8 56
8 49
4 7
4 50
9 33
3 27
8 93
7 82
6 46
10 84
8 92
6 82
5 6
10 38
5 49
4 38
3 12
9 29
4 88
5 31
2 30
2 96
3 75
2 32
3 3
7 70
5 99
1 19
3 70
9 67
1 60
4 11
5 55
1 81
6 2
7 37
8 63
6 21
6 92
5 25
2 65
8 21
3 86
1 28
8 1
3 53
8 28
1 89
9 17
4 9
8 86
9 1
7 8
7 18
7 67
7 1
5 77
7 54
6 20
7 72
10 90
2 86
5 8
5 71
4 59
10 59
1 87
6 71
3 37
5 72
7 69
5 75
9 73
6 32
10 98
10 29
1 17
8 54
2 1
9 3
2 23
3 29
4 91
8 35
4 7
8 38
5 78
10 73
4 11
1 71
2 4
7 49
7 90
5 91
4 10
7 31
5 43
1 75
10 31
8 61
6 61
4 24
5 73
3 17
3 86
10 8
7 29
9 33
6 25
5 16
4 49
4 89
2 34
8 28
9 58
10 77
9 91
5 63
4 35
3 93
3 2
1 54
9 38
1 34
9 39
1 46
8 28
2 95
8 28
8 12
9 30
4 79
9 17
8 67
1 92
5 15
7 63
2 34
8 46
4 6
4 62
1 11
2 79
3 34
7 62
7 88
3 16
1 70
6 51
7 2
10 71
5 20
8 30
3 78
7 2
9 18
7 28
4 39
5 19
2 23
5 6
1 47
10 75
3 44
1 49
7 43
9 89
4 52
7 81
8 93
3 78
5 34
9 36
4 33
10 48
1 88
9 82
7 38
2 97
2 79
10 100
8 39
7 50
6 39
6 6
2 53
6 53
4 54
10 14
10 89
5 86
4 70
9 24
8 52
5 71
7 88
9 38
5 68
2 41
4 57
7 52
1 10
5 81
5 97
2 46
6 83
1 96
8 20
7 10
8 29
8 52
5 80
3 93
4 89
5 79
2 30
10 83
4 72
3 71
6 37
2 65
5 64
3 95
4 4
8 79
10 22
6 30
1 21
1 36
6 59
9 52
5 18
9 15
7 64
6 74
6 13
1 21
4 12
5 50
7 45
5 15
3 42
7 70
8 64
5 91
10 61
6 15
1 100
2 12
5 2
8 24
5 48
4 28
5 50
7 62
2 79
10 27
5 58
8 71
8 17
1 86
8 28
1 77
1 90
5 86
8 65
6 30
6 72
6 13
6 78
10 39
9 49
9 21
9 13
6 54
7 96
3 50
2 71
2 6
1 90
3 34
9 41
5 87
8 63
9 8
5 49
7 44
9 24
1 7
3 63
9 87
4 52
4 25
2 38
4 53
6 34
6 19
9 98
1 72
6 10
9 49
4 22
4 7
2 33
2 60
1 93
7 73
9 95
7 25
8 94
8 11
9 72
4 25
2 81
1 25
1 5
6 4
5 69
3 37
9 34
9 80
1 62
7 61
8 27
6 25
2 70
10 92
3 41
9 32
4 6
8 49
8 80
4 62
2 95
5 13
5 16
10 27
1 63
8 67
2 78
7 77
6 99
8 75
7 25
4 44
9 56
4 1
8 47
8 61
10 8
5 9
2 3
1 17
1 7
6 18
1 18
7 25
1 4
7 45
6 52
4 93
5 79
5 9
4 30
4 15
8 62
2 69
1 15
3 71
5 62
10 63
2 49
1 90
4 25
4 25
9 26
5 56
6 60
10 24
7 81
10 35
2 59
4 15
4 72
4 15
1 25
5 62
1 77
7 94
7 59
3 73
9 11
10 28
6 6
10 95
10 59
7 49
5 55
3 17
9 10
3 83
5 31
1 66
4 23
5 71
3 89
1 62
3 87
1 69
5 85
3 34
4 38
4 70
4 21
8 52
1 40
9 70
1 65
4 4
10 15
5 52
4 4
9 27
9 53
2 71
1 30
4 48
5 24
7 48
9 41
4 35
