3 74
8 60
8 14
9 11
2 16
3 60
8 93
2 62
1 68
1 85
6 81
1 65
1 38
8 74
10 95
10 97
5 59
2 34
2 65
7 82
8 41
8 83
7 5
10 46
6 36
8 65
3 23
1 63
8 77
9 1
6 24
2 79
6 63
1 16
7 54
6 68
2 7
2 96
7 64
2 47
9 85
9 79
2 8
4 94
3 70
10 53
6 41
5 56
5 77
4 36
4 21
6 69
3 77
2 67
5 60
10 81
8 67
4 81
5 88
2 71
6 29
2 37
4 51
8 28
4 75
6 17
8 37
7 11
4 50
6 96
1 20
10 31
9 97
10 90
10 57
8 30
3 18
3 13
7 93
1 2
7 56
9 23
9 86
8 56
10 51
10 100
2 78
7 66
3 33
3 7
3 72
7 78
5 1
7 53
1 16
8 79
9 15
1 11
2 65
6 4
9 73
8 70
6 30
10 50
9 13
7 18
3 95
7 48
5 21
9 9
10 78
6 86
2 97
9 15
4 25
2 77
8 18
7 14
5 36
1 34
2 26
1 57
6 97
9 4
6 68
3 54
1 30
4 40
7 59
4 25
7 38
4 4
7 79
4 44
3 33
5 39
5 20
10 62
5 75
7 61
3 13
10 70
2 53
10 97
1 91
1 100
10 37
6 36
9 60
5 64
7 61
1 77
7 4
10 47
8 96
2 32
8 43
5 47
6 41
2 57
6 62
3 23
3 2
8 39
10 53
6 10
5 46
7 47
5 16
9 7
2 96
1 45
3 15
10 96
5 34
3 55
5 16
3 5
8 47
8 66
3 2
2 63
8 3
3 38
5 36
2 54
3 60
6 15
1 10
5 61
1 91
6 87
4 88
9 63
3 18
2 69
3 66
2 89
6 81
6 54
6 46
3 21
1 96
7 99
7 86
2 50
6 76
8 31
2 44
3 2
8 43
7 71
9 19
6 6
2 90
1 74
8 45
8 54
10 2
3 4
8 52
4 20
6 78
9 69
6 7
5 27
2 33
1 53
8 55
10 97
10 78
5 15
10 65
8 27
5 29
1 87
8 44
6 69
8 32
1 70
9 24
7 5
5 88
5 74
1 80
10 82
7 55
10 64
8 33
10 75
7 22
1 40
8 54
10 95
2 43
9 5
2 81
1 3
9 65
6 80
5 4
3 26
9 8
6 11
5 98
6 30
5 75
4 71
8 73
4 45
7 5
10 31
4 96
1 39
4 35
8 76
3 20
2 39
6 42
6 49
7 41
8 48
10 99
2 43
8 91
6 51
1 9
5 52
2 51
10 93
9 63
5 5
6 92
9 43
4 71
4 1
1 88
1 53
6 59
4 81
7 95
7 49
4 76
4 99
10 12
8 31
6 16
8 29
9 69
2 56
4 19
9 73
3 48
7 81
3 82
3 40
9 32
2 71
9 41
7 45
3 96
3 62
1 10
4 9
3 56
8 48
4 81
4 58
2 17
9 5
5 25
3 65
8 32
7 94
6 41
5 86
9 71
2 91
6 78
2 68
4 36
4 30
9 9
5 79
9 11
2 100
5 7
10 84
7 81
3 85
4 2
3 97
7 37
4 37
9 59
10 11
3 16
8 43
4 84
3 98
3 30
1 26
4 24
5 5
9 4
8 79
10 11
7 67
5 10
7 80
5 93
10 14
10 32
6 89
1 69
3 40
7 42
5 39
6 13
5 95
5 61
4 50
6 1
9 8
6 81
9 16
4 9
1 1
8 55
4 66
3 12
3 32
2 99
3 31
6 33
10 18
2 84
10 85
7 71
4 23
8 28
8 21
5 31
10 87
3 19
3 44
3 14
1 88
1 12
6 50
6 81
5 4
9 41
6 77
2 18
9 33
8 46
1 92
8 70
3 28
4 70
10 37
3 94
2 29
8 43
5 97
6 52
1 7
3 48
5 36
3 5
2 86
6 38
1 35
4 90
6 70
4 93
3 72
7 49
3 98
2 62
3 34
7 30
6 24
2 81
7 32
4 76
6 73
7 25
4 100
3 60
7 7
8 89
6 61
1 74
6 40
3 42
2 59
5 44
2 42
7 63
10 20
5 32
6 3
8 68
4 34
9 83
8 48
1 40
1 57
5 37
4 3
4 28
5 63
7 29
4 30
8 92
5 15
4 92
8 11
10 93
10 53
6 95
5 32
2 83
1 62
3 87
3 35
8 26
6 42
5 74
7 28
10 79
3 31
4 57
2 27
10 93
3 77
10 57
1 8
6 18
5 34
1 44
3 59
4 77
7 85
9 66
9 31
3 51
10 68
4 22
5 85
1 44
4 23
5 68
3 64
8 9
9 96
8 70
6 47
8 49
7 74
5 13
7 64
4 13
2 64
4 83
4 93
8 14
6 85
5 5
9 3
9 91
2 16
5 36
10 73
1 61
7 31
3 36
4 91
1 45
6 13
9 97
9 92
4 18
6 93
10 3
1 58
6 10
4 66
6 59
7 47
4 75
1 79
4 7
8 35
8 83
2 29
8 32
5 22
6 54
6 30
2 98
4 65
2 8
7 54
2 49
3 53
4 26
3 37
6 36
3 29
8 99
9 78
3 74
9 35
8 29
1 72
7 19
9 83
1 19
6 16
9 61
6 5
10 13
6 40
2 45
10 5
3 25
9 15
9 29
9 50
5 70
1 79
9 33
5 45
5 33
3 93
4 8
4 57
9 86
8 33
10 78
8 46
3 1
4 28
4 17
9 16
9 43
10 67
7 53
6 27
1 36
1 64
7 93
8 33
8 31
10 5
2 66
5 13
9 27
9 46
10 65
10 32
3 74
6 89
9 38
8 64
5 62
2 65
5 85
2 63
6 65
8 33
5 61
4 74
10 10
6 99
6 9
7 43
1 44
8 23
10 53
6 81
8 16
4 20
2 75
1 85
4 21
2 19
7 48
1 12
4 40
8 1
6 85
4 57
8 9
9 39
10 89
7 69
5 30
4 49
10 23
10 3
7 41
1 97
1 54
1 60
9 95
6 14
7 15
2 2
8 49
5 20
8 22
1 82
4 64
5 92
9 86
9 19
8 74
1 18
5 35
5 85
8 37
6 56
9 92
9 85
10 16
3 6
8 93
7 62
10 1
3 62
7 31
4 3
2 12
7 11
8 40
1 49
3 28
8 91
6 22
2 43
4 74
3 94
4 33
5 61
1 95
6 49
8 39
8 63
2 38
5 26
8 13
5 46
2 89
6 37
2 52
6 11
9 71
7 10
8 38
5 76
2 53
1 31
10 33
2 36
4 70
3 56
3 40
4 44
6 40
7 31
7 11
7 18
10 91
10 100
2 61
5 19
6 62
10 23
5 9
6 22
3 11
9 26
5 95
9 100
3 61
10 14
4 70
6 4
10 17
4 18
8 41
3 30
6 80
10 13
1 84
1 53
9 40
7 19
6 66
8 50
4 48
9 52
9 90
9 56
4 63
8 58
8 11
9 48
3 89
1 14
8 89
4 4
7 67
8 35
8 84
4 58
7 97
6 43
9 33
10 39
1 51
8 67
8 26
10 38
8 70
3 92
7 97
3 40
5 26
3 50
5 73
1 83
7 76
3 54
4 38
2 21
2 26
8 53
6 27
7 75
6 63
7 17
8 35
8 97
2 82
9 96
9 30
8 22
4 4
1 94
10 43
4 49
7 64
6 41
6 45
5 80
3 72
10 19
2 31
8 90
7 27
5 26
2 98
4 66
5 59
7 25
4 4
6 44
7 10
6 45
6 52
6 17
2 61
8 40
5 98
6 88
9 33
3 34
3 22
7 76
1 15
5 48
4 53
5 98
4 58
7 19
2 85
8 42
9 98
5 91
10 99
10 86
5 8
1 42
5 69
3 24
5 5
3 80
9 79
4 82
9 24
4 98
6 3
4 2
7 3
6 77
7 3
3 1
4 48
6 69
4 11
9 1
6 34
2 60
8 66
1 97
2 54
10 30
9 67
7 54
10 72
7 12
7 25
6 77
1 93
6 63
7 81
8 9
5 100
3 48
1 76
7 67
10 19
7 59
9 8
7 33
7 56
1 82
3 94
3 98
5 83
7 92
2 82
10 89
9 28
2 88
9 39
4 51
7 47
10 21
3 66
4 16
6 45
2 1
9 24
6 15
1 61
6 72
4 83
10 56
3 2
1 32
3 23
8 82
2 49
2 21
8 10
5 3
10 21
4 19
9 94
4 36
6 41
9 64
1 59
7 20
8 10
8 21
7 19
9 16
9 83
4 93
2 43
3 53
3 81
4 71
9 45
4 87
9 57
4 3
6 18
5 98
10 87
6 21
3 15
7 36
1 95
9 23
10 30
10 27
10 46
10 25
1 28
4 54
8 78
5 8
3 33
8 73
8 91
10 30
9 24
4 51
9 26
8 86
5 46
3 69
2 50
9 70
1 20
6 30
2 69
6 65
8 43
1 90
2 100
6 23
1 41
1 77
10 64
6 38
3 35
7 22
8 2
6 20
3 99
1 38
