3 98
6 76
2 98
2 39
6 48
8 40
10 56
4 76
8 88
6 8
5 39
1 15
10 37
1 50
2 20
3 83
1 4
1 2
1 88
9 25
5 21
2 2
6 1
9 31
2 65
6 14
8 76
1 98
5 76
4 22
2 58
6 37
9 22
1 64
2 5
3 93
8 32
2 53
3 74
7 12
1 53
6 64
1 14
7 32
6 71
2 92
1 35
2 47
10 97
1 8
9 61
5 98
8 9
4 59
10 39
3 48
7 25
6 56
4 45
9 94
7 34
1 60
9 10
3 10
1 26
6 12
7 61
3 82
10 79
8 58
7 81
7 59
1 23
10 56
2 14
1 68
8 17
8 90
3 99
1 38
9 63
4 43
8 92
9 99
9 84
7 96
7 47
6 25
1 12
10 86
9 32
6 5
8 32
6 99
9 91
5 14
7 17
9 57
5 2
5 25
2 70
10 71
6 97
1 97
4 88
6 65
10 64
9 62
1 43
7 53
6 77
10 63
10 7
4 6
5 16
3 69
10 82
5 46
8 48
8 64
5 71
1 26
1 53
1 54
3 78
3 98
2 54
5 25
1 51
3 3
10 10
5 63
5 56
1 6
9 55
9 13
5 28
10 87
10 68
8 75
5 52
7 57
10 73
10 47
8 28
4 74
7 50
1 11
2 76
8 77
5 3
3 41
9 45
6 50
5 28
6 7
6 83
1 42
10 54
9 90
8 78
2 37
1 6
3 12
7 42
8 25
9 43
1 24
6 80
8 97
6 17
10 94
9 89
2 1
9 62
6 41
5 100
10 2
4 70
3 59
7 86
10 24
5 24
1 65
1 15
8 22
5 68
3 69
1 100
10 74
7 88
2 42
3 68
4 55
6 5
6 87
6 48
6 24
8 73
1 69
1 32
8 60
10 72
7 36
7 2
5 74
8 53
10 19
5 72
8 28
2 95
2 50
9 64
5 48
6 74
2 44
9 33
7 96
5 29
4 67
6 72
6 91
2 4
3 44
7 89
7 63
7 29
8 25
2 61
4 16
1 48
7 13
4 8
1 72
4 24
9 29
2 78
8 19
4 85
2 98
5 31
3 1
3 86
7 19
7 45
6 13
4 74
6 73
3 78
4 25
1 73
7 55
8 92
7 1
8 21
5 81
6 54
1 11
2 91
9 46
3 22
10 77
9 60
2 4
2 35
3 88
3 7
6 32
10 82
5 89
9 35
4 17
5 26
9 16
10 99
2 83
8 97
7 46
5 67
6 77
4 67
2 92
2 90
7 81
7 20
1 43
3 68
1 33
1 75
3 31
6 78
3 89
2 7
5 7
9 75
10 9
1 66
7 1
9 46
9 54
7 61
1 36
7 19
9 38
1 61
8 3
2 21
3 81
3 42
10 100
7 99
5 24
6 91
6 95
6 44
10 22
7 83
8 26
9 24
5 31
2 80
7 97
7 15
2 51
9 35
6 53
6 3
9 53
3 4
5 38
10 80
10 46
9 12
8 79
3 80
2 89
7 83
2 94
1 41
7 75
9 98
1 46
9 11
6 45
3 96
10 43
1 16
8 14
10 6
5 18
1 83
10 16
3 92
1 27
5 74
3 12
5 27
9 4
8 20
6 68
7 10
10 8
2 87
1 82
2 63
10 35
7 27
5 47
9 9
9 42
5 58
10 6
3 57
8 93
5 54
9 65
10 47
9 27
2 26
5 17
2 40
1 50
1 14
2 20
1 83
10 85
5 2
8 75
10 82
9 27
10 11
3 9
3 8
7 43
1 39
1 47
1 61
7 3
9 28
10 4
10 87
1 11
1 33
2 33
3 65
8 25
7 38
5 52
5 31
9 92
3 46
10 26
6 70
3 3
3 8
6 94
6 19
8 88
3 68
3 28
3 73
1 39
9 4
6 85
1 57
3 42
2 50
2 32
6 79
8 20
5 90
8 72
10 92
3 13
5 66
3 6
6 67
7 81
9 27
8 29
8 46
9 18
4 47
7 49
4 64
9 24
4 11
4 14
10 34
7 100
1 15
1 17
7 88
4 20
9 47
3 95
3 30
3 10
7 50
8 87
3 89
3 18
1 18
1 78
7 24
3 75
7 80
6 82
3 62
8 18
4 83
9 85
9 84
7 84
3 54
8 56
8 57
10 78
10 91
6 38
2 60
7 8
1 24
10 24
5 54
2 57
5 71
8 84
7 70
9 23
2 67
7 56
6 26
4 12
8 23
3 47
4 73
1 9
1 24
9 76
9 36
3 32
10 59
6 71
10 91
5 15
4 94
10 73
7 30
1 9
1 10
4 36
9 18
4 33
5 91
8 57
5 56
4 95
10 36
8 56
1 46
2 80
4 18
6 9
6 47
1 31
4 58
6 62
3 85
2 5
4 18
6 49
2 22
4 78
9 78
1 88
8 69
1 22
3 88
9 56
3 15
6 8
1 98
4 73
5 32
5 95
4 75
5 70
9 29
3 89
9 72
7 50
2 18
5 6
5 19
1 36
5 27
2 71
1 47
1 32
8 8
2 5
4 93
2 84
5 67
7 17
5 6
2 52
1 78
3 78
9 27
3 70
2 91
2 92
8 59
9 60
5 38
10 89
4 45
7 69
1 11
8 84
1 45
10 83
2 81
2 76
3 1
2 57
1 71
6 11
6 1
2 73
7 40
3 41
9 14
2 50
9 28
4 72
2 4
5 58
5 43
6 27
9 33
2 79
3 31
10 9
5 22
1 62
6 19
3 80
1 1
3 6
7 51
4 100
6 79
3 3
5 56
7 91
6 97
7 1
1 11
5 88
3 61
1 100
6 39
3 38
7 32
4 51
4 97
2 100
9 71
9 67
9 96
10 40
8 59
6 95
1 15
6 34
10 71
4 82
4 3
5 52
8 50
7 66
7 96
7 28
5 48
5 53
10 99
4 23
6 35
10 36
5 26
3 90
10 55
10 30
7 97
5 56
8 48
6 67
3 25
5 9
10 20
2 10
9 53
7 42
6 28
10 53
6 42
10 52
3 17
3 89
4 12
6 76
1 49
3 77
10 64
4 1
7 61
1 94
1 29
7 27
2 90
6 21
1 65
5 52
9 58
1 58
7 35
7 35
1 26
8 81
1 33
9 14
10 11
4 84
3 73
1 53
4 62
4 86
7 81
9 34
10 2
4 19
3 84
6 41
2 58
4 78
10 63
6 99
4 45
4 53
8 55
7 100
2 55
1 61
3 100
9 26
7 15
9 29
1 93
5 54
8 33
7 33
7 52
2 80
1 83
1 33
1 76
7 88
6 90
8 17
1 11
7 29
4 3
9 40
2 3
1 86
9 52
10 58
7 95
5 57
3 98
3 23
1 20
10 74
10 82
6 88
7 18
3 58
6 46
6 91
4 98
6 57
4 94
6 93
8 59
1 2
9 21
2 72
5 68
3 16
9 51
5 15
8 33
10 81
7 10
10 23
7 94
5 64
8 59
1 89
8 30
9 96
5 41
6 24
1 26
8 48
3 62
5 33
9 52
4 18
6 26
9 39
8 87
7 86
5 84
1 71
8 46
6 25
4 64
7 98
4 79
1 33
5 34
7 7
3 91
3 97
7 51
9 84
2 33
5 55
10 97
5 94
3 4
2 43
4 57
10 87
8 38
9 55
9 44
9 89
10 93
7 62
3 71
8 90
10 48
10 75
4 73
4 63
2 76
9 89
8 46
10 87
4 69
4 10
9 99
2 15
3 64
2 22
5 42
1 77
7 4
1 38
1 72
2 62
4 14
10 7
8 7
4 37
10 75
9 26
2 95
9 16
9 6
10 44
3 51
8 68
9 64
9 8
4 86
6 10
3 30
1 38
6 24
10 14
5 95
8 83
6 93
4 88
7 57
3 48
1 42
2 64
6 38
5 38
3 52
1 80
3 80
3 4
10 6
6 54
8 63
3 70
8 40
2 57
5 7
7 90
3 88
8 36
1 76
2 3
8 26
7 96
5 44
1 79
4 49
9 48
6 37
3 74
5 5
3 13
1 17
6 58
3 36
6 77
7 12
2 78
5 43
4 82
9 29
8 21
8 56
7 77
6 82
1 23
7 3
8 33
6 51
2 88
1 2
9 11
1 16
8 81
8 15
3 89
9 17
9 72
4 27
3 89
1 34
7 57
6 90
9 80
6 57
7 9
3 47
10 17
9 93
8 96
9 31
7 45
2 78
3 63
2 42
4 43
4 1
1 48
8 7
9 35
9 51
10 95
9 79
7 76
4 35
2 25
2 26
4 16
6 34
9 19
4 42
2 32
8 99
8 52
5 65
5 10
9 37
1 56
7 52
2 4
10 14
9 21
3 80
3 28
4 87
10 34
7 55
10 23
10 48
4 62
1 57
7 88
8 27
2 91
4 48
10 20
6 54
4 37
6 62
7 25
5 46
1 58
8 68
4 82
1 20
4 29
10 54
6 98
5 60
6 4
9 35
9 25
4 6
1 16
9 59
4 33
8 23
4 73
1 53
7 19
