1 95
8 7
10 57
6 100
1 77
5 88
9 10
4 48
10 2
9 94
5 72
3 20
1 36
3 36
4 66
10 10
8 67
7 86
8 60
6 93
5 47
1 38
7 76
8 32
3 44
4 43
6 62
9 12
7 48
3 3
8 21
3 72
2 89
9 54
1 17
9 97
1 89
8 50
7 88
4 21
1 4
10 62
7 11
4 6
7 49
6 25
8 48
9 25
6 2
5 91
1 35
2 33
4 19
8 96
5 30
1 63
7 84
10 29
4 83
9 53
7 41
3 36
8 35
7 53
7 90
5 61
6 34
5 28
4 61
9 53
9 7
2 85
9 49
8 16
3 39
5 13
10 86
3 35
8 66
6 23
8 33
7 36
8 39
3 3
7 39
6 79
7 47
1 32
10 27
2 85
2 74
8 48
4 22
7 91
6 18
4 12
10 95
6 96
7 77
5 82
1 33
1 92
3 100
8 72
10 54
9 25
7 84
1 16
6 91
2 66
7 19
4 43
2 68
4 30
5 81
1 44
10 15
6 67
4 16
6 44
2 34
2 5
2 46
7 13
9 70
1 2
6 44
10 22
5 76
4 21
8 82
4 78
5 96
10 20
9 59
9 93
8 30
3 52
5 71
10 93
2 63
2 1
5 21
1 11
2 39
4 16
9 28
8 8
2 98
6 95
8 8
4 47
7 92
10 22
2 48
2 98
9 86
4 25
3 70
1 62
6 64
6 54
9 96
9 57
5 99
4 41
2 43
2 14
2 31
6 87
7 100
6 16
10 87
9 5
6 53
4 100
2 93
7 12
6 1
10 34
9 29
8 40
9 73
7 89
6 2
5 95
6 59
9 53
8 86
5 5
6 7
10 1
2 48
5 99
5 72
10 7
10 70
3 82
1 77
6 28
4 98
10 74
9 46
1 67
7 67
3 42
6 50
2 17
1 75
3 59
3 76
4 51
7 87
9 82
4 16
1 33
7 12
1 1
3 81
5 78
7 77
8 22
8 97
6 11
9 12
6 29
4 42
6 39
8 12
2 36
9 89
1 77
10 94
6 47
8 2
9 47
8 34
8 35
7 17
4 31
3 56
2 12
5 5
8 38
6 65
9 52
2 16
1 39
8 17
8 3
3 7
9 66
6 40
5 47
5 1
2 91
9 63
1 36
2 77
3 78
7 34
9 43
4 70
3 93
2 25
7 47
7 4
5 71
6 5
4 68
4 5
5 89
8 85
1 49
9 3
8 45
8 87
4 83
1 70
3 12
4 66
8 11
6 84
9 21
10 23
3 9
4 66
10 46
3 6
3 51
5 94
10 19
6 32
8 58
1 45
10 88
3 84
7 1
9 3
3 1
4 59
4 23
3 96
2 69
1 46
8 27
6 86
3 77
8 16
2 71
10 42
3 100
3 98
10 74
1 54
9 31
3 49
10 76
1 85
9 35
3 80
2 7
7 84
7 43
5 41
6 22
3 57
4 77
1 10
1 19
4 12
3 58
3 85
6 98
4 99
7 12
4 22
3 33
8 32
1 49
2 93
3 3
6 27
2 19
7 70
10 31
8 97
9 55
5 39
4 39
7 26
1 83
3 66
3 92
9 56
10 46
4 89
3 86
10 67
10 41
4 52
10 38
5 6
6 93
1 67
6 77
10 17
2 69
3 94
5 60
2 50
6 87
6 14
4 3
7 86
2 76
4 62
6 4
7 51
2 81
4 41
5 35
4 80
7 50
1 100
6 33
10 78
1 31
7 90
9 67
5 51
10 31
2 61
1 97
1 87
8 71
4 16
3 17
5 68
10 42
7 25
10 31
9 59
2 55
6 58
6 65
4 22
3 19
2 86
8 94
8 18
5 87
4 78
10 44
1 64
9 12
1 53
1 71
8 41
6 11
2 46
10 53
1 84
2 92
3 19
5 5
2 68
9 12
9 81
9 98
9 69
5 4
6 28
8 48
7 85
7 47
1 74
2 47
8 100
9 42
2 61
4 92
6 18
8 7
8 2
5 81
5 86
9 60
6 22
8 81
10 94
8 78
4 29
10 67
8 67
3 56
4 3
2 94
9 60
1 43
2 98
10 32
8 43
3 82
1 31
7 92
7 65
8 73
5 93
10 65
8 92
3 47
2 55
9 95
5 68
7 37
6 71
4 91
5 33
7 10
10 27
5 12
9 73
3 79
5 17
4 10
6 19
7 34
9 8
1 59
1 29
8 33
7 38
10 90
8 23
2 86
7 65
10 2
8 74
1 25
10 40
3 61
2 21
3 86
8 77
7 3
9 8
3 22
4 23
6 89
5 1
1 23
3 31
5 84
7 5
7 11
3 92
6 98
10 98
10 83
9 16
9 41
6 7
1 61
4 21
9 81
6 28
8 24
9 11
9 48
9 97
2 56
1 63
7 81
8 88
1 41
4 99
9 99
6 10
6 26
1 26
7 44
5 20
10 91
10 23
2 5
4 23
4 69
9 42
4 74
2 53
10 31
2 52
9 80
10 27
8 68
8 93
2 64
10 4
8 57
7 9
10 78
6 26
10 2
10 25
2 9
8 89
3 89
9 73
3 28
6 77
8 4
1 85
5 4
3 48
4 30
1 46
8 42
1 34
1 74
7 96
3 35
6 83
9 9
3 79
3 39
2 61
7 62
9 12
1 44
6 12
8 29
9 22
1 78
10 76
3 42
1 19
3 78
8 59
9 69
1 70
3 97
4 73
7 50
6 68
2 76
5 17
3 35
8 61
3 59
8 67
2 90
3 58
3 48
7 54
10 6
3 26
10 75
6 21
1 87
7 3
2 4
9 3
2 64
5 87
6 82
10 40
5 53
8 17
4 76
4 71
8 59
6 83
7 83
2 8
2 29
6 23
8 5
1 81
1 15
3 12
2 25
1 70
9 72
5 95
4 66
9 30
9 25
9 17
9 79
4 34
10 10
8 21
10 94
7 87
3 57
1 43
10 14
9 82
2 83
1 14
3 26
5 8
6 24
5 35
1 10
3 76
7 64
3 41
3 67
2 98
1 13
8 94
1 64
2 70
1 73
9 60
10 69
7 37
4 67
5 59
2 88
5 9
10 7
8 27
5 20
10 13
5 48
5 8
5 23
6 73
9 87
6 63
9 25
3 28
2 63
8 59
8 77
7 25
10 92
6 51
4 13
7 20
7 10
2 4
8 92
4 100
6 1
6 61
1 44
6 89
10 4
10 53
6 38
5 89
9 31
4 24
5 14
10 28
8 99
2 31
3 97
10 58
4 26
8 31
5 97
6 68
6 41
3 31
6 9
1 32
10 20
7 48
2 11
9 68
5 78
7 38
6 44
3 92
2 55
4 93
6 68
1 46
3 43
1 10
10 56
2 99
7 70
4 21
6 1
9 33
10 28
9 47
9 24
1 16
1 24
2 19
1 53
3 35
8 6
8 70
3 14
4 25
8 10
8 21
10 47
2 70
6 60
7 11
9 37
5 69
5 68
9 41
3 97
6 61
7 29
9 39
7 39
6 63
1 44
5 74
4 41
10 59
1 67
3 58
9 83
9 48
6 96
5 87
1 26
6 79
6 93
7 53
1 59
7 40
2 51
2 97
10 91
3 13
7 93
5 28
5 22
1 68
7 7
8 89
10 30
9 14
4 70
5 32
8 18
1 80
3 32
3 87
8 29
5 100
6 77
6 48
9 30
3 14
7 79
3 50
7 48
3 8
10 71
9 87
4 49
4 32
2 86
1 62
7 80
8 78
4 16
7 36
6 60
9 56
7 94
5 44
8 80
4 81
8 29
6 20
3 66
2 27
1 95
4 83
6 94
2 69
7 22
1 58
4 59
3 1
3 84
3 77
10 18
2 47
1 67
2 54
3 83
9 41
6 44
7 5
9 65
6 97
5 19
1 64
8 67
7 75
5 74
6 70
6 2
1 93
6 66
4 100
7 27
3 43
6 88
10 62
10 88
8 53
2 10
6 64
3 68
5 30
4 48
7 16
7 100
9 64
9 46
4 95
3 2
2 33
5 1
6 29
3 51
3 69
4 19
7 48
5 58
5 38
5 30
7 93
2 45
1 30
10 11
3 60
7 61
6 17
6 92
3 70
9 10
1 90
4 52
4 30
8 41
3 100
3 71
8 66
4 60
3 71
4 52
6 41
9 74
9 94
4 32
4 76
9 85
2 43
2 43
4 51
8 14
9 100
4 56
7 47
4 1
6 62
4 22
10 71
9 47
10 49
5 11
8 16
3 65
7 5
3 16
1 7
8 47
7 72
6 36
6 76
5 56
10 3
2 12
4 22
3 62
4 88
3 98
2 47
6 20
8 7
8 25
4 14
2 2
7 71
6 100
6 16
4 85
4 10
7 40
5 50
4 93
3 2
3 80
9 19
8 16
10 9
7 64
6 20
6 90
10 34
2 20
5 41
7 28
6 60
7 11
2 14
8 43
6 88
6 23
8 13
5 60
8 100
6 61
9 48
10 15
2 15
5 79
4 6
1 66
10 61
7 28
