3 29
2 15
5 29
3 64
6 27
4 3
6 63
6 14
1 1
6 90
9 11
4 46
9 33
1 82
6 99
1 23
6 86
10 86
5 43
3 10
5 81
9 56
2 62
10 46
6 46
2 88
9 76
6 95
5 73
6 35
5 47
10 37
2 55
10 34
10 99
2 47
8 31
8 19
7 43
4 66
1 79
7 40
2 80
10 90
7 75
3 4
1 98
6 49
4 18
10 68
10 52
7 5
10 94
2 55
8 15
7 68
5 21
4 64
4 63
2 71
6 14
10 66
6 59
3 36
4 32
10 14
8 71
2 34
5 100
6 79
7 93
5 54
9 76
6 86
10 46
6 25
1 84
2 84
8 11
9 82
9 41
1 70
8 46
3 22
10 46
2 8
3 41
8 40
8 77
7 52
8 52
9 53
5 19
1 45
7 60
10 39
10 85
5 91
1 20
7 95
2 56
6 43
6 100
9 91
1 22
5 65
7 93
5 18
3 73
9 95
7 62
4 86
6 44
4 17
1 46
5 94
6 65
5 21
2 1
5 91
2 31
6 33
9 70
9 57
6 48
1 37
4 16
6 87
3 26
3 40
7 79
8 86
8 75
6 16
5 69
8 8
8 26
9 89
4 90
6 6
10 45
8 44
6 42
4 100
5 43
7 13
7 92
6 17
8 81
9 58
5 55
4 85
5 90
9 23
6 6
4 1
8 4
8 22
1 17
9 27
7 62
2 46
3 19
3 16
7 6
2 66
2 11
1 83
4 99
10 65
7 17
2 97
8 25
5 85
3 52
2 73
8 13
8 49
9 91
10 15
10 28
9 48
3 38
7 94
7 80
7 78
3 88
10 43
7 16
8 87
8 19
7 53
5 78
5 49
7 29
4 73
7 1
9 48
10 83
4 1
1 55
2 78
2 82
8 94
9 73
1 78
4 75
5 96
9 15
2 70
1 92
5 43
2 18
7 31
8 71
1 25
2 90
9 1
6 19
8 80
5 55
5 37
1 36
10 94
10 22
6 84
9 73
7 68
6 75
7 68
3 5
3 5
5 50
7 19
7 32
4 34
9 80
5 96
8 92
4 62
10 44
1 12
3 15
9 61
4 68
1 58
7 69
8 67
8 43
6 16
9 20
10 15
7 47
3 4
1 86
5 33
10 65
9 4
5 54
8 46
5 5
8 71
1 16
4 80
6 81
5 53
2 80
1 21
2 59
1 7
9 71
3 19
3 37
7 86
8 47
6 67
1 38
9 58
7 29
1 95
6 72
4 5
7 95
6 85
4 65
5 83
7 25
4 59
10 4
4 53
8 81
6 87
5 11
10 28
8 77
9 82
1 84
3 76
1 1
2 90
9 33
2 43
1 15
9 14
7 54
6 97
8 1
9 98
1 40
3 7
5 3
2 38
4 97
1 46
4 3
7 93
1 12
6 75
8 10
7 28
1 63
7 94
6 22
1 98
4 92
6 8
8 99
1 46
2 55
9 43
1 32
7 26
2 76
7 19
9 29
9 20
5 95
6 52
9 76
10 45
2 57
2 32
3 70
10 60
2 33
7 35
6 89
2 61
3 94
9 83
8 57
9 35
4 53
3 75
7 84
3 52
4 17
10 30
4 16
8 85
6 33
3 15
5 89
9 45
8 37
10 76
1 37
7 45
10 62
4 96
9 1
7 10
10 13
2 46
3 27
2 48
10 53
2 46
6 84
1 98
7 71
2 44
8 85
8 41
1 3
4 78
2 100
10 88
2 45
8 68
6 41
8 31
5 38
2 55
8 95
7 90
5 15
6 73
3 22
8 40
4 62
5 61
10 76
7 62
9 78
2 77
3 46
9 79
5 57
6 24
5 17
6 71
3 60
4 94
4 87
6 73
1 52
8 1
7 85
7 83
4 90
9 23
4 17
8 59
2 40
2 100
6 79
10 38
2 92
8 3
7 21
7 90
2 81
10 58
1 68
10 68
4 62
10 28
1 82
7 28
9 64
8 32
3 36
3 46
10 13
9 24
9 67
7 93
5 53
7 96
4 36
10 77
6 13
9 54
2 94
10 38
4 57
9 86
10 16
5 68
8 40
5 9
1 97
9 42
2 64
5 64
2 50
8 65
8 37
1 39
1 4
2 8
2 62
5 52
2 40
9 88
9 90
10 71
9 72
3 46
6 82
8 21
9 25
9 17
6 21
6 75
9 5
7 55
2 57
5 93
5 3
6 97
4 85
8 85
8 3
8 9
1 67
7 42
1 13
1 73
7 16
2 16
6 31
8 51
7 69
8 17
10 30
9 76
3 10
3 51
9 55
2 19
7 74
1 89
6 15
1 60
10 16
4 63
9 73
6 71
6 89
10 88
3 88
2 73
8 81
5 9
8 67
2 43
3 61
10 38
3 75
6 39
10 47
4 65
2 93
1 72
8 3
7 42
2 21
3 27
4 57
2 71
4 92
5 70
6 58
2 67
3 91
6 42
5 86
1 81
2 7
2 22
4 45
1 55
1 2
6 31
8 44
7 9
9 4
7 51
9 6
4 33
4 29
1 80
2 57
1 94
7 83
9 40
1 80
9 20
9 7
9 36
9 5
5 39
5 54
3 95
8 10
8 41
1 41
2 2
1 29
8 6
5 34
9 11
10 73
10 64
8 78
8 60
6 19
5 42
8 15
1 98
4 40
2 26
2 22
10 48
9 88
1 37
4 44
3 51
4 6
6 82
1 1
10 25
7 88
8 61
2 17
5 96
2 73
9 28
7 4
5 29
8 98
3 77
6 71
9 79
8 60
7 12
3 52
1 95
4 78
9 28
3 64
10 48
1 69
6 99
1 72
7 42
7 9
6 20
3 6
9 24
5 39
5 22
2 38
8 59
2 58
2 51
9 99
3 71
6 84
1 91
2 97
1 62
3 32
4 4
1 86
6 14
4 34
3 34
7 99
10 53
2 4
8 42
8 18
1 84
10 77
4 17
5 75
10 11
9 15
4 51
4 33
5 8
9 67
10 25
3 24
5 25
7 41
7 26
10 38
2 96
1 54
8 55
10 23
7 62
8 49
8 40
6 87
2 55
7 57
8 56
2 28
4 42
1 75
7 85
9 46
8 39
7 2
2 87
5 61
10 34
9 31
9 83
5 2
8 2
2 99
4 22
2 64
1 57
7 46
9 85
9 70
2 52
2 92
8 100
4 75
3 89
3 10
9 56
3 65
6 31
5 51
8 39
7 27
2 85
7 24
7 49
8 75
7 28
2 14
2 30
5 56
3 92
1 84
4 12
4 9
6 79
6 55
10 47
1 97
9 8
3 16
2 77
4 25
6 35
2 98
3 61
8 73
1 34
8 50
5 50
5 4
10 21
10 28
9 54
10 35
10 95
2 93
1 9
10 70
1 60
9 69
5 1
2 20
8 37
3 76
3 69
4 82
1 39
6 86
1 53
2 96
1 41
6 57
9 5
4 73
2 88
10 55
4 95
9 40
6 90
5 94
10 91
6 2
2 90
3 33
5 50
8 16
5 76
5 70
7 70
1 19
4 95
5 12
1 93
6 38
7 28
4 72
6 47
5 60
7 6
4 97
9 55
5 68
5 77
10 50
4 14
7 50
4 60
3 16
2 93
9 65
6 61
1 34
4 98
10 4
7 66
8 54
9 11
5 64
8 27
8 15
1 79
7 77
8 24
2 55
3 90
2 82
3 26
10 19
10 62
3 76
1 95
2 32
8 26
3 95
8 15
2 78
1 32
9 41
6 51
9 5
6 88
2 4
1 30
8 5
3 72
6 97
1 92
5 31
3 80
7 85
3 17
9 71
9 97
1 89
5 16
8 1
5 88
7 23
3 58
3 99
7 61
3 77
9 6
4 26
2 50
9 98
9 92
5 50
2 23
1 66
6 88
4 85
8 32
8 68
3 74
6 96
6 92
7 71
4 41
10 95
7 18
6 27
3 6
8 79
4 84
5 99
1 7
5 3
8 70
8 70
6 93
10 17
9 1
9 12
7 52
6 20
3 2
6 48
10 100
5 2
9 58
9 32
5 64
3 84
1 29
3 94
10 49
4 50
6 68
3 87
2 32
6 15
6 33
10 64
5 53
10 94
8 51
1 2
9 28
7 17
5 60
10 59
10 67
5 87
2 42
3 36
3 73
8 30
9 79
6 19
7 99
5 49
5 41
1 64
9 27
4 92
7 97
2 69
8 10
8 97
8 17
2 12
1 79
5 90
6 68
8 21
10 14
1 37
2 19
9 79
5 24
5 18
5 72
9 9
1 92
10 93
3 43
1 31
1 53
9 91
3 92
2 71
2 72
2 12
4 6
5 74
10 92
9 47
3 63
7 71
2 97
2 22
2 94
10 15
10 83
3 85
5 67
4 41
1 19
7 36
1 48
1 21
3 98
3 51
1 32
6 53
3 59
7 3
8 28
2 67
8 99
2 96
7 38
2 22
6 63
6 46
3 14
6 57
6 15
8 74
3 9
4 61
3 76
6 92
5 41
8 76
7 91
