7 52
9 83
5 18
7 83
2 90
8 100
4 19
7 66
6 89
8 51
2 6
7 97
10 97
9 32
1 53
6 4
9 66
8 24
10 33
6 43
4 6
3 52
8 16
3 9
2 40
5 56
9 42
9 15
10 8
9 50
2 65
3 67
8 43
2 66
9 74
5 51
6 70
4 98
3 11
4 53
8 20
1 21
9 61
8 46
4 46
8 33
2 1
8 61
1 8
7 38
10 85
5 59
6 54
6 10
7 65
3 26
5 73
7 60
2 96
2 24
6 1
1 95
3 26
8 46
1 91
4 90
6 60
2 22
10 86
10 64
1 58
4 76
4 35
10 43
4 2
5 46
10 39
9 42
6 31
8 17
9 16
4 24
7 78
3 90
1 22
8 32
9 60
2 70
10 18
10 29
6 3
4 63
5 90
10 81
1 8
4 99
3 29
1 75
8 40
5 64
9 93
6 70
6 45
4 33
4 26
3 78
4 16
8 57
4 31
4 96
7 86
10 96
10 61
3 75
9 68
10 55
3 5
2 95
1 77
4 64
7 82
3 90
5 40
3 77
3 38
6 83
9 44
5 15
3 32
6 17
9 98
7 57
1 28
1 6
2 39
4 100
2 8
9 73
7 52
2 14
6 91
10 38
7 3
10 41
1 37
5 91
10 32
8 3
5 36
10 70
9 51
1 61
10 98
5 92
5 83
6 5
4 34
9 57
3 34
3 98
2 94
9 83
3 5
7 16
4 83
9 85
10 18
4 74
6 94
9 86
3 9
7 58
4 99
5 93
7 29
9 61
8 37
6 39
1 30
6 17
8 38
4 95
1 55
5 61
5 70
8 22
9 43
7 32
7 77
8 29
9 29
1 39
8 3
6 45
10 77
1 82
7 45
8 2
8 26
9 23
8 55
1 70
1 64
5 4
3 54
7 93
5 77
5 72
10 100
8 76
8 34
2 26
4 52
3 79
9 76
6 3
9 73
1 66
5 97
8 38
3 8
1 5
1 38
7 3
4 60
5 97
5 32
6 62
4 55
9 71
8 92
2 55
1 16
5 76
3 25
6 29
9 97
4 17
6 11
6 49
8 7
5 42
3 67
9 46
6 22
7 97
5 15
3 11
6 80
1 81
7 96
2 70
2 19
8 57
9 84
3 53
8 61
2 8
8 43
6 97
9 77
8 97
3 56
3 49
10 1
9 46
7 75
3 73
6 31
8 54
6 94
2 61
3 2
6 4
6 45
6 56
9 48
2 79
1 44
6 63
2 35
5 50
3 85
9 77
10 61
2 46
2 80
6 66
9 94
6 73
7 89
5 23
1 66
5 51
1 2
1 6
10 49
1 9
7 27
10 55
9 85
7 15
6 35
6 91
4 68
3 75
9 6
8 17
3 37
10 70
8 74
7 1
4 1
2 23
9 24
7 7
4 71
5 24
4 62
2 86
5 42
7 42
9 92
10 23
8 27
3 10
10 17
9 93
3 37
4 96
7 68
7 100
10 7
4 13
1 61
6 96
7 66
6 35
6 16
3 77
3 85
9 53
7 94
7 86
4 67
4 88
8 88
4 7
4 13
1 55
1 41
5 64
1 70
2 32
10 69
5 62
3 55
9 58
1 2
1 19
2 17
4 96
4 44
9 24
3 88
6 60
8 49
8 4
3 40
2 19
2 23
7 7
8 5
10 81
5 68
8 33
2 60
4 51
6 66
6 46
2 82
4 70
2 70
7 41
8 45
9 46
8 7
2 52
9 63
5 98
1 56
3 64
5 16
1 13
3 88
1 82
8 53
8 64
9 15
9 90
1 33
7 67
1 57
6 44
7 37
5 65
8 83
10 31
4 37
7 70
7 74
10 100
2 10
2 70
7 57
6 49
9 88
9 57
9 47
8 76
3 51
3 83
4 52
1 67
7 3
3 90
3 23
2 91
3 38
10 52
4 71
5 11
1 10
7 93
7 75
8 87
8 45
10 99
7 83
5 15
3 18
10 69
2 39
10 44
3 99
8 70
10 9
9 79
4 39
3 97
7 25
6 67
1 54
5 56
5 57
3 41
8 54
1 44
4 67
7 98
5 18
5 48
7 40
4 54
4 58
8 99
5 12
10 69
7 48
4 8
5 90
7 3
9 98
5 45
9 42
6 10
5 7
6 3
3 27
8 12
1 13
10 65
7 72
10 68
7 49
8 47
9 33
2 33
8 100
5 10
1 61
7 28
10 14
5 70
6 46
8 88
7 78
4 73
9 50
6 90
6 59
5 3
10 14
7 92
8 66
7 46
10 63
1 56
2 3
2 53
10 74
1 51
6 3
3 46
9 49
1 80
1 68
5 85
8 18
4 12
3 70
1 49
4 44
2 17
6 29
9 76
7 46
1 41
9 10
10 37
1 30
10 97
5 25
3 62
9 96
1 29
7 34
1 19
7 9
9 48
10 26
9 39
10 91
3 81
1 64
2 96
3 68
8 43
7 78
4 89
1 16
9 54
5 51
5 81
7 65
5 96
10 44
9 90
1 88
3 80
7 1
2 48
8 7
1 55
10 91
4 94
1 43
9 28
7 77
1 9
6 28
10 58
9 61
5 58
9 90
8 82
1 25
7 82
10 84
9 16
10 72
1 41
5 4
1 6
7 28
9 57
3 83
4 6
8 27
3 77
1 84
5 66
10 8
4 97
2 30
5 48
2 77
6 58
8 100
6 5
10 96
8 76
6 70
10 68
6 87
6 1
3 50
8 53
4 66
6 37
2 9
1 80
4 77
1 45
5 86
8 49
1 49
4 10
2 40
3 87
4 49
5 89
6 29
3 99
6 39
6 22
6 30
2 63
3 6
9 47
2 2
10 86
1 34
5 19
1 69
9 40
3 17
6 81
7 76
7 55
2 42
6 88
5 85
7 42
1 18
4 95
7 81
9 27
9 93
2 72
10 45
5 82
8 71
3 13
10 12
7 2
3 25
6 72
1 25
10 37
9 15
2 80
8 38
9 65
7 8
3 27
5 73
10 98
3 19
3 58
1 32
4 64
7 42
4 76
1 2
8 67
6 51
2 92
3 58
7 95
8 25
10 82
4 85
2 96
6 37
2 50
6 52
10 96
2 99
9 70
4 17
7 5
7 51
8 19
2 56
3 70
10 50
1 68
1 76
3 79
8 89
8 47
9 65
3 87
1 90
2 5
4 5
8 55
6 51
3 43
5 85
1 26
8 20
4 37
7 62
10 80
2 30
4 32
10 78
4 5
9 28
8 33
9 38
1 69
7 3
8 77
6 12
8 18
5 11
3 17
4 91
2 79
7 94
5 77
9 16
10 89
1 65
10 2
1 89
3 42
3 15
7 6
5 49
3 23
3 52
1 20
5 84
7 11
3 99
5 74
1 6
7 52
8 81
5 61
6 77
3 78
5 87
8 65
9 57
9 97
7 36
2 83
1 77
2 29
3 14
8 12
3 72
5 25
1 44
7 80
4 87
1 59
3 39
9 62
3 35
8 3
3 94
8 32
2 45
2 49
2 31
5 73
7 79
10 46
9 78
5 89
1 82
2 67
3 43
7 69
1 99
2 39
9 97
5 41
7 36
7 34
7 23
6 39
2 50
10 57
10 90
1 23
3 30
8 10
6 34
2 30
10 54
10 42
6 33
10 45
4 19
3 45
1 4
5 85
5 26
1 2
4 78
7 98
4 72
7 14
9 42
2 34
3 76
3 39
1 73
10 48
1 1
5 54
3 46
1 67
2 74
2 10
6 21
10 30
9 55
10 53
5 81
1 19
10 59
7 24
3 87
5 46
4 70
10 24
3 95
9 37
10 82
9 49
8 18
5 91
4 16
10 3
2 20
5 55
10 30
1 89
5 69
8 96
5 31
8 68
5 10
5 87
1 27
5 3
5 66
10 18
2 14
10 93
1 75
6 21
7 2
8 20
10 52
1 32
1 83
10 66
2 95
9 38
7 61
3 27
5 14
1 85
5 74
10 59
4 54
5 85
7 17
3 42
9 80
8 100
4 51
8 1
5 45
4 48
4 18
7 81
1 16
9 46
4 31
8 57
10 49
8 79
10 66
1 6
7 94
8 71
1 38
1 14
6 46
1 23
2 52
4 19
9 25
4 100
5 33
2 34
7 64
1 15
2 54
10 54
5 28
5 85
1 85
8 40
1 40
5 42
7 47
9 83
4 13
4 47
8 93
2 51
10 99
3 62
7 96
10 71
2 14
4 70
10 15
7 33
9 84
9 77
5 82
6 30
1 39
4 35
8 90
4 64
6 22
1 43
3 45
3 29
1 38
2 38
9 72
10 95
5 78
2 100
10 49
7 91
7 9
7 61
7 40
3 4
8 28
9 9
6 60
4 59
6 79
9 66
7 49
10 38
10 46
2 60
6 69
5 83
5 6
7 83
8 60
1 32
5 23
5 82
2 61
7 82
10 21
5 32
6 61
4 95
4 72
1 59
5 41
1 18
8 85
2 55
3 81
9 67
10 5
7 73
5 13
3 46
