4 76
7 69
1 48
8 29
3 51
3 51
3 35
4 52
5 94
6 43
1 2
2 76
5 57
4 50
7 77
4 88
7 24
5 77
10 2
10 30
5 4
4 80
8 66
2 67
10 40
8 1
10 55
5 84
6 98
4 16
1 68
3 29
10 6
4 90
7 62
4 94
8 72
5 44
5 27
9 18
10 7
3 10
2 94
8 34
5 14
3 82
7 88
4 88
10 27
6 32
6 31
8 54
8 80
4 6
8 46
5 54
1 67
7 47
4 70
5 45
10 79
8 37
7 84
3 2
9 51
3 92
1 37
8 38
6 60
6 50
8 48
2 43
9 89
1 98
5 44
3 23
6 3
1 23
4 44
5 15
3 46
8 16
4 65
10 22
2 80
1 72
3 96
6 89
5 70
1 25
3 30
5 1
2 12
4 14
8 21
3 54
3 24
7 50
6 82
10 21
1 35
5 68
2 19
5 23
10 1
9 39
5 96
3 90
9 79
4 5
10 15
9 4
9 65
6 9
1 97
4 3
7 71
4 66
3 8
7 90
1 93
4 20
4 28
7 56
4 17
10 4
4 1
8 61
6 41
7 1
10 33
1 94
9 11
2 59
2 71
5 73
5 54
9 8
8 33
9 56
10 20
2 55
8 11
2 68
4 7
10 79
3 42
4 44
3 58
5 34
5 5
2 1
4 11
6 63
8 24
9 1
10 81
10 30
8 49
7 74
3 5
1 41
5 1
8 50
8 85
9 38
9 57
6 42
10 94
7 70
10 99
9 36
2 39
4 81
2 20
3 55
8 33
3 17
10 17
1 31
6 9
6 61
9 80
3 92
6 49
5 52
8 34
2 85
8 12
3 49
6 52
6 70
3 77
4 89
5 91
3 64
8 16
6 39
1 13
8 38
7 86
10 28
8 71
5 3
1 15
6 73
2 47
6 48
4 51
2 23
7 34
8 77
7 39
7 18
7 5
2 64
10 47
3 36
6 5
2 83
10 43
5 29
6 20
2 33
8 12
7 14
4 74
9 77
10 74
1 23
8 7
4 8
1 33
8 40
8 53
5 29
10 74
10 57
10 96
1 60
6 32
2 83
8 4
3 21
2 29
3 51
9 83
10 68
7 52
3 62
8 25
6 96
1 50
6 1
6 77
5 18
7 23
8 68
9 79
1 5
10 48
9 77
6 66
4 93
10 84
3 95
8 29
9 61
8 48
4 73
4 99
10 62
10 1
1 7
3 20
5 40
9 87
5 53
4 87
5 26
7 25
10 88
2 16
2 92
10 37
4 54
3 45
2 78
1 86
8 94
8 34
5 51
4 29
6 47
4 50
4 92
8 18
9 60
10 30
10 4
4 91
10 19
5 83
1 91
4 33
5 91
6 69
5 70
8 16
3 39
2 92
5 87
6 41
5 51
8 27
4 22
4 79
10 59
9 97
5 36
2 72
8 29
6 42
5 44
7 30
4 54
5 21
10 82
4 41
2 29
4 65
8 66
8 41
1 80
7 56
9 11
3 57
4 92
1 49
1 90
2 29
7 90
5 35
10 30
3 21
6 54
10 49
10 99
3 32
10 42
2 88
2 93
3 38
8 41
3 100
2 64
1 7
1 5
1 61
10 55
4 34
1 38
3 57
3 10
4 26
9 63
6 8
8 97
9 37
8 38
3 49
7 73
5 81
10 42
1 72
2 24
8 69
8 62
7 76
4 35
6 6
10 36
5 24
5 33
5 83
2 53
3 84
10 14
6 39
10 41
10 42
1 18
2 36
2 97
9 51
6 81
8 3
2 2
9 69
8 70
8 93
1 52
4 48
3 43
5 5
2 14
8 54
8 21
7 68
1 15
9 5
7 89
6 91
1 76
2 54
10 91
5 57
9 53
2 5
7 71
1 35
5 65
1 65
9 12
8 57
5 76
10 79
3 35
8 80
3 50
8 91
6 50
1 60
2 84
8 20
3 51
7 25
5 31
7 30
1 36
5 99
7 92
8 75
9 86
1 51
7 24
7 37
6 36
10 41
1 59
10 72
10 82
7 38
8 63
2 42
8 20
7 38
9 15
3 36
8 83
8 40
6 82
9 23
6 72
10 38
3 91
10 97
4 10
5 8
7 8
4 32
10 14
4 9
3 6
1 27
6 37
6 44
2 44
4 94
7 27
2 38
6 81
8 64
1 88
10 6
4 72
1 72
9 24
1 94
8 83
7 31
3 49
5 76
9 3
8 21
8 17
3 28
8 63
8 69
10 91
9 19
2 7
3 51
7 90
4 55
3 92
10 29
2 35
4 27
10 50
3 1
1 61
4 82
4 23
2 22
8 41
3 32
7 59
5 44
8 41
6 94
10 12
6 27
6 91
10 96
4 73
5 57
6 92
2 46
2 80
10 50
7 83
3 81
9 49
1 60
1 81
5 45
1 23
3 60
10 48
2 55
5 52
2 77
4 50
3 42
4 79
10 94
7 64
9 19
7 18
4 90
8 86
6 81
9 81
6 65
2 79
4 91
9 83
3 82
8 47
5 84
1 98
2 68
3 22
3 64
1 45
2 7
4 11
5 11
4 31
4 57
6 87
3 54
1 82
6 39
1 6
7 9
8 86
2 59
2 34
8 61
6 82
2 5
10 53
5 77
3 31
1 93
7 97
5 50
3 74
2 80
5 75
2 65
5 88
1 52
8 15
1 13
5 77
6 63
4 35
1 72
8 35
8 28
6 33
9 1
3 21
3 70
10 28
7 80
10 15
7 86
8 19
3 86
4 38
9 90
9 98
4 80
5 66
8 58
7 43
10 61
2 81
6 9
3 55
10 18
2 99
9 42
3 51
2 23
3 57
6 84
4 98
1 84
5 48
3 68
10 22
9 83
7 93
9 52
3 24
8 70
9 48
9 43
7 90
3 39
8 15
1 37
9 35
1 34
5 93
8 53
5 7
7 55
8 9
8 55
9 76
7 54
2 74
10 57
8 1
9 84
4 43
7 4
2 16
1 33
3 34
3 50
10 97
4 29
5 9
1 50
1 75
7 68
1 82
8 73
1 76
7 20
2 24
5 41
6 54
8 64
7 9
2 90
5 89
8 73
2 30
5 22
1 5
7 22
8 78
6 34
5 98
1 77
8 52
7 1
6 68
9 92
8 20
8 21
7 75
6 11
10 7
9 31
3 69
3 70
6 40
9 85
6 57
3 9
10 23
1 27
2 43
2 22
2 2
7 80
9 62
2 90
8 19
10 51
8 88
3 13
8 51
9 61
1 18
2 5
7 23
1 19
7 59
2 60
4 95
8 62
9 67
2 44
4 56
7 73
5 46
8 68
6 99
2 3
3 92
6 29
7 81
9 70
3 75
3 79
6 23
9 68
9 18
9 59
6 73
8 38
1 38
5 85
4 52
6 41
10 77
3 9
6 94
10 76
4 80
6 83
6 54
10 57
7 26
9 13
1 18
1 44
7 13
7 1
5 75
7 70
10 85
5 85
5 65
5 55
6 6
7 64
5 53
1 37
5 36
1 56
10 28
6 27
1 23
1 88
3 42
5 7
8 46
6 24
9 30
10 85
7 97
1 22
10 94
8 37
1 84
4 5
1 97
10 2
3 11
7 77
8 27
6 50
9 90
9 12
10 33
8 78
3 92
3 77
5 11
3 85
6 25
5 48
4 3
4 97
7 14
3 78
3 53
8 11
9 21
2 64
8 98
2 53
10 31
10 44
2 59
7 15
7 28
4 97
9 49
8 40
6 95
2 94
1 60
7 29
5 57
1 91
8 98
6 70
4 56
8 41
10 38
2 85
4 5
7 16
3 95
9 92
7 51
10 60
4 88
8 12
2 12
5 62
6 59
9 78
9 81
5 66
3 4
5 59
7 23
5 25
7 73
5 69
5 38
5 86
6 17
10 53
2 98
2 62
7 87
5 76
6 78
6 61
1 82
8 100
1 27
9 48
7 35
10 26
8 80
8 18
10 32
3 83
7 80
1 29
4 9
10 17
5 25
2 84
9 2
5 100
9 45
2 40
1 46
4 31
10 88
3 17
8 51
2 54
6 74
10 16
4 37
6 4
3 100
7 84
4 58
5 60
10 84
3 91
1 76
7 37
1 27
9 95
2 60
5 87
2 16
8 63
10 7
3 9
1 63
1 21
2 53
2 35
6 85
5 59
8 31
8 55
3 84
3 12
10 30
9 17
7 77
7 46
1 31
9 37
1 79
9 39
7 55
9 1
9 47
1 5
3 62
3 17
10 68
6 96
2 77
8 1
7 94
6 89
10 90
2 19
5 60
4 42
10 4
9 55
6 20
5 42
8 97
5 4
9 95
8 67
10 58
9 74
5 91
6 51
4 15
4 96
10 18
3 22
3 28
2 37
10 62
9 8
6 36
1 96
2 80
7 89
8 11
4 65
10 71
6 38
8 73
9 35
3 40
10 31
4 88
6 21
9 77
6 8
1 92
3 47
4 16
6 53
2 85
3 97
9 3
9 16
4 54
3 80
6 51
