7 4
6 99
9 99
9 79
5 65
4 22
9 51
1 45
2 31
7 97
8 66
4 51
4 20
6 68
7 90
1 6
4 29
1 10
6 98
7 10
9 46
2 69
4 2
6 45
1 29
5 68
2 38
10 28
7 48
9 82
9 92
5 18
1 82
5 74
2 99
7 8
4 95
1 18
9 68
2 45
8 57
1 82
7 61
10 22
2 91
8 76
10 58
5 29
7 65
3 59
1 94
6 19
1 52
1 22
10 64
5 99
7 41
5 59
9 84
5 54
6 35
1 82
3 64
7 22
3 87
2 41
7 6
6 53
9 93
9 87
8 26
1 49
1 66
8 76
5 2
5 79
3 74
7 92
4 7
4 82
4 12
6 25
10 63
1 11
3 22
9 83
4 83
8 8
8 24
2 11
9 7
6 98
10 6
5 55
9 91
9 48
1 20
9 9
8 66
10 4
6 63
5 53
8 46
2 23
8 59
5 70
10 16
5 19
5 28
5 13
6 35
2 6
2 35
7 47
7 6
8 45
1 36
8 13
5 48
7 79
10 66
4 36
10 100
5 41
7 52
3 80
4 3
10 46
10 56
3 30
5 95
9 14
3 92
1 24
2 59
5 48
6 35
1 53
8 12
9 65
6 14
7 35
7 52
4 56
3 73
2 34
7 98
1 66
3 77
6 60
7 46
8 97
2 9
6 33
4 83
5 59
5 98
2 62
6 65
8 81
10 12
6 35
6 10
5 14
6 49
1 39
7 59
10 75
7 71
8 92
2 90
1 46
5 60
5 25
1 42
2 57
10 35
3 33
10 60
2 97
2 97
5 27
6 58
2 46
6 58
10 66
6 92
1 75
7 72
6 20
3 80
3 24
10 60
10 97
2 39
5 73
2 33
6 66
2 19
6 93
8 3
8 92
1 69
7 29
10 13
3 72
6 54
8 5
8 92
3 21
6 4
10 92
4 5
6 19
5 39
1 25
6 44
2 36
7 46
9 90
1 21
7 39
10 1
9 76
1 15
8 99
9 33
3 54
2 37
4 74
9 62
4 10
5 26
7 88
7 66
2 76
7 42
8 91
1 88
1 43
6 54
6 6
1 77
2 4
7 69
5 16
10 42
7 51
2 9
2 27
10 49
8 51
8 65
6 31
1 47
2 92
2 86
2 14
9 65
5 90
7 89
5 99
8 54
6 45
5 13
1 82
6 96
10 48
9 71
10 83
2 43
9 40
5 38
8 88
5 28
6 12
8 69
6 5
1 27
6 35
7 46
6 3
2 30
9 7
8 34
1 43
8 100
1 26
1 77
10 98
9 7
8 13
9 32
3 85
1 63
10 87
6 35
2 71
3 36
7 44
4 39
7 76
3 56
2 47
5 19
1 34
1 32
7 22
7 80
10 35
8 50
10 71
1 62
3 31
9 81
3 14
1 94
6 28
3 45
5 67
8 63
6 50
3 46
2 11
1 39
6 43
8 58
9 7
2 97
5 46
2 90
7 78
8 19
1 57
2 55
10 45
1 71
9 16
5 34
4 3
6 95
9 5
9 62
8 28
2 90
1 100
10 2
7 47
1 62
7 2
10 89
5 35
1 77
8 79
7 55
7 31
7 70
1 10
7 7
5 46
1 43
8 49
3 77
9 87
1 58
6 83
2 27
3 70
8 42
6 11
3 86
7 22
1 89
7 8
6 59
10 29
2 69
8 73
5 32
3 43
10 9
4 92
4 82
3 69
4 51
5 37
3 62
3 5
10 60
9 77
3 94
8 52
5 13
5 97
10 34
5 42
5 9
10 97
1 57
1 54
2 82
9 67
9 23
10 8
3 67
2 92
8 59
6 52
7 49
3 35
3 68
6 94
1 40
10 75
5 49
6 57
9 80
7 59
7 14
5 86
8 54
7 29
2 38
4 92
7 70
1 17
1 65
9 76
7 4
2 61
3 1
9 56
8 21
9 24
6 86
8 65
8 93
2 28
6 83
7 38
6 27
8 2
10 57
7 91
4 86
3 2
9 97
6 57
1 92
7 74
8 16
1 42
3 67
5 94
2 4
6 11
5 86
2 94
7 25
2 68
5 10
2 40
1 18
8 88
3 87
1 53
8 7
1 44
6 26
2 45
1 58
3 30
5 42
3 65
4 4
2 15
7 4
7 62
7 23
7 83
5 29
1 69
6 63
3 25
1 100
6 11
8 23
2 77
9 98
10 27
3 99
2 52
5 72
4 65
4 60
5 71
6 69
3 55
1 57
1 94
7 63
2 23
1 10
6 33
7 32
2 65
7 33
2 2
10 34
9 19
1 38
2 15
6 1
4 29
5 12
3 30
2 17
2 5
6 44
2 57
1 62
5 6
10 46
3 69
1 2
5 46
10 29
2 85
3 35
2 81
10 21
5 10
5 7
10 53
5 52
2 94
2 86
1 58
3 19
6 99
3 88
7 13
5 100
3 10
2 36
5 70
2 35
9 94
5 41
3 23
4 22
8 36
2 34
4 41
10 67
9 2
4 91
1 7
2 47
10 98
5 81
2 92
8 6
5 9
5 39
9 56
3 55
1 42
5 59
9 75
9 83
3 10
7 77
1 19
5 22
4 80
6 12
5 55
9 23
2 40
6 1
2 94
2 95
4 81
10 1
1 64
6 74
6 17
10 76
8 74
7 78
3 37
1 82
10 68
1 1
7 43
3 47
5 67
8 4
2 25
7 76
8 48
5 36
8 29
3 21
9 77
7 27
7 85
2 30
9 57
2 97
2 81
9 13
5 38
10 5
7 18
1 40
8 36
8 22
4 50
3 72
8 77
7 32
8 55
2 6
6 36
1 54
9 55
9 83
4 83
8 43
3 35
3 76
6 11
1 3
3 10
6 10
3 68
10 69
6 80
5 25
3 44
1 56
1 1
2 88
2 90
5 88
9 28
4 70
2 21
8 64
2 87
10 25
4 76
2 11
7 67
3 51
2 1
10 52
9 78
6 17
10 68
5 63
8 23
7 45
8 90
2 52
3 21
10 25
10 24
6 29
8 85
5 7
2 71
10 10
10 35
6 51
2 95
5 29
9 62
3 84
9 18
7 51
6 30
1 52
10 36
6 31
6 42
6 18
10 6
3 44
4 52
2 68
9 21
9 73
2 41
5 29
4 33
8 74
3 100
10 89
10 77
5 6
9 62
9 49
1 87
10 36
7 20
9 69
6 57
8 20
9 38
2 38
9 60
7 65
4 87
4 36
2 17
7 5
9 16
4 30
10 36
9 70
2 100
5 78
10 67
2 97
5 95
7 48
6 74
3 58
5 13
2 4
5 42
4 85
9 1
8 14
8 3
6 57
8 8
9 91
4 3
3 48
8 92
5 39
2 23
10 91
5 79
3 87
9 35
6 81
6 12
6 89
7 3
10 73
9 27
7 24
7 94
7 38
7 99
3 35
6 87
3 84
6 4
8 75
10 99
9 53
5 78
9 51
1 28
1 11
8 26
7 9
8 14
10 26
5 61
8 24
8 50
7 32
5 90
8 97
5 21
9 98
8 75
10 56
9 18
4 6
9 68
10 18
6 17
8 45
8 97
7 70
2 28
6 71
3 30
7 37
1 46
10 44
1 14
2 8
2 6
3 6
10 82
1 10
8 54
7 98
1 93
10 72
3 34
4 2
10 12
4 99
6 63
2 5
5 12
5 42
8 62
4 8
3 4
7 87
4 45
9 49
4 18
4 88
3 58
3 100
1 67
1 87
8 53
5 31
7 13
1 48
5 24
9 28
10 94
1 79
5 86
4 51
8 60
9 45
8 10
4 10
2 64
5 33
8 86
1 46
3 65
10 64
2 27
6 44
5 95
4 52
8 69
6 55
1 54
4 54
7 25
10 39
9 86
2 41
2 92
8 45
5 91
8 40
9 43
9 43
7 12
9 20
6 27
8 2
8 93
9 88
1 75
2 91
4 10
7 79
3 66
7 40
2 63
10 54
4 12
6 6
7 24
4 88
4 98
2 3
2 84
7 40
6 40
3 39
1 28
9 90
8 69
6 92
9 31
1 51
8 6
3 3
2 85
1 72
5 20
3 70
5 77
9 48
4 5
5 98
6 60
7 52
1 43
4 100
3 25
8 91
8 90
2 17
8 40
5 20
10 28
5 92
4 97
4 17
7 96
4 24
2 5
8 91
8 77
3 41
4 1
5 58
2 59
8 25
7 96
5 68
4 42
5 96
7 99
1 87
8 35
10 74
2 100
5 12
7 100
4 46
8 41
2 40
2 32
3 78
6 39
2 56
8 58
1 7
4 25
3 10
10 77
10 84
1 4
9 40
5 3
3 79
10 35
2 17
5 31
4 1
4 18
6 27
8 33
4 52
10 76
7 25
3 66
8 65
9 86
1 89
4 58
3 29
5 91
3 9
5 44
5 29
3 32
6 23
1 17
3 68
6 47
4 74
9 34
5 17
6 6
4 84
6 53
5 67
10 63
4 47
7 77
7 66
3 14
8 26
9 28
4 61
1 28
