4 78
3 31
8 76
8 83
5 39
1 66
10 60
2 50
6 89
6 25
3 46
5 29
8 94
4 26
3 93
1 25
4 44
9 8
7 93
10 81
10 46
6 25
5 49
1 78
6 90
8 100
4 1
1 57
9 46
6 73
1 3
2 35
2 97
8 34
8 91
10 2
4 93
9 65
3 13
4 2
2 56
7 18
4 91
6 60
4 9
1 76
10 5
1 59
5 21
6 97
7 39
8 7
7 88
9 79
6 67
4 7
7 59
10 8
9 5
9 80
6 37
9 55
2 100
2 57
10 68
4 73
4 16
10 95
9 14
4 84
2 28
1 93
6 7
2 60
1 7
9 2
1 95
2 90
7 72
7 91
4 70
7 26
10 95
3 59
1 5
6 39
5 99
6 99
3 40
4 79
4 47
4 34
4 27
6 61
3 3
3 87
10 83
3 81
7 83
1 59
4 95
5 88
3 60
5 82
7 85
5 18
3 51
10 55
5 1
3 13
8 83
3 46
1 58
6 85
10 64
3 79
7 90
9 31
8 12
7 1
6 12
6 12
7 23
4 26
3 45
3 13
8 72
9 63
4 73
4 34
9 3
8 78
3 4
4 52
8 46
1 74
5 87
1 85
8 6
3 30
10 63
2 81
7 89
10 23
4 30
4 8
9 91
4 97
1 22
7 84
6 3
5 34
4 19
8 41
2 68
1 16
7 82
8 17
10 94
4 34
4 58
3 63
8 13
6 71
6 33
8 21
2 62
5 16
2 89
5 64
2 2
1 28
10 28
7 49
9 16
5 7
5 1
1 15
5 47
6 58
2 59
7 41
5 79
2 82
4 27
10 23
3 87
6 82
5 47
8 81
3 58
1 95
10 84
2 5
10 92
10 99
10 53
3 7
7 87
5 81
9 98
1 72
1 84
2 81
7 33
7 54
2 53
8 78
5 29
5 59
5 74
6 61
4 10
6 15
7 61
4 52
8 94
4 17
5 20
8 86
10 68
10 54
5 100
8 35
9 56
3 39
8 33
10 70
9 48
10 61
1 90
8 1
6 3
4 61
6 67
8 8
6 25
2 59
10 11
8 91
4 23
6 76
9 89
6 51
5 10
2 26
4 57
5 85
4 17
1 80
10 66
8 72
3 12
2 52
6 51
9 90
7 1
8 10
1 35
9 79
5 91
9 68
1 30
9 15
5 95
9 34
4 80
8 42
5 37
4 89
4 23
8 75
4 90
3 54
8 11
8 31
7 77
7 21
4 26
8 1
2 27
9 31
6 14
10 69
9 72
8 31
10 15
7 71
4 25
4 98
9 4
1 47
10 2
10 24
7 13
7 36
4 47
5 100
4 87
10 6
5 33
8 68
4 76
8 18
8 20
10 20
5 30
8 38
2 92
3 5
6 33
3 23
4 1
1 16
3 43
9 41
3 56
1 38
6 46
10 91
5 93
9 10
10 5
5 69
6 97
7 8
5 52
1 71
8 11
1 71
9 11
10 58
4 45
10 7
4 92
1 43
1 97
3 74
10 66
2 72
5 38
8 21
6 38
8 100
3 90
3 52
5 38
7 84
9 3
3 53
6 38
8 17
10 20
3 75
3 5
1 91
8 19
8 97
1 22
10 10
7 18
7 26
1 85
8 99
5 4
10 23
2 80
6 39
5 34
4 14
3 13
7 5
6 64
6 15
8 64
4 16
9 51
4 18
5 99
9 89
2 42
10 77
5 23
5 27
3 27
6 65
10 2
7 82
4 73
10 2
9 81
8 78
7 1
2 45
1 40
4 4
5 2
2 64
10 47
10 89
8 87
5 30
10 17
7 24
9 93
4 84
3 28
5 70
2 100
9 60
9 85
9 16
7 36
10 86
3 19
3 30
6 50
3 55
3 73
1 25
8 22
1 56
9 1
10 38
8 80
7 42
7 89
5 79
3 97
10 89
9 71
7 38
10 68
3 58
9 6
7 73
6 7
4 67
1 33
7 78
1 80
1 79
6 17
8 47
3 23
4 48
8 16
2 1
5 76
6 34
8 89
1 78
3 99
3 35
8 24
7 76
2 94
4 75
2 92
9 80
5 90
5 71
5 93
8 42
10 44
10 59
8 81
1 29
6 35
8 26
10 9
2 66
10 72
10 94
2 19
1 8
10 16
10 6
2 6
3 78
7 74
9 78
6 99
8 33
5 84
5 14
3 100
2 32
2 68
6 8
6 5
8 61
5 68
3 9
6 56
2 56
5 68
10 85
6 78
10 44
5 64
1 1
5 85
1 48
5 96
10 10
2 14
9 19
1 86
4 21
1 66
5 17
10 8
3 90
9 3
10 51
8 84
1 14
1 85
1 52
10 77
2 99
1 79
5 39
3 5
8 48
9 25
10 25
7 3
8 40
9 80
5 18
3 96
9 26
3 72
6 56
4 3
9 63
9 39
10 85
9 87
9 68
4 96
3 24
6 45
8 2
9 68
1 96
10 80
7 87
4 48
5 98
7 78
5 70
5 30
10 89
7 70
1 68
2 59
9 77
10 26
8 19
3 60
1 14
7 36
8 46
8 40
1 76
3 90
7 48
10 57
6 14
2 3
9 16
7 71
9 21
6 34
6 80
5 79
3 52
1 47
3 76
1 93
7 22
7 55
8 33
6 67
5 69
7 62
2 81
9 48
4 47
9 85
8 46
5 14
10 45
1 79
10 76
5 29
3 61
10 29
6 6
1 9
9 94
3 3
2 53
10 16
2 60
6 2
7 58
3 71
5 74
6 70
3 42
1 84
5 57
5 67
5 45
3 82
10 52
8 42
3 94
6 53
3 4
4 71
1 87
1 73
1 22
9 70
10 78
5 12
3 98
6 91
1 64
10 87
7 24
3 19
2 22
9 79
8 74
8 50
7 72
7 17
9 30
3 29
6 40
8 56
4 63
10 31
1 82
10 3
3 25
8 42
10 79
5 37
10 35
1 1
8 59
7 78
7 66
1 16
6 97
6 21
7 33
2 61
5 51
5 22
10 28
3 19
7 84
8 35
6 43
6 74
6 12
7 77
1 86
7 52
10 19
7 61
7 88
3 91
3 39
1 13
3 29
5 65
3 65
9 22
2 53
4 66
9 73
5 97
5 77
5 19
6 24
5 36
7 75
5 94
9 67
10 31
3 56
10 6
3 35
10 25
2 90
2 37
1 75
5 58
6 64
10 74
5 23
7 49
8 95
4 14
1 85
3 25
10 60
8 80
9 84
10 29
7 62
2 91
1 19
9 37
2 22
5 60
2 44
1 88
5 39
7 39
1 19
9 74
3 70
4 77
1 30
6 93
7 68
3 16
7 60
7 97
8 100
7 7
1 23
10 37
3 48
3 5
2 12
2 26
2 65
7 47
6 28
4 33
5 77
5 4
9 78
8 35
7 86
8 70
8 29
9 78
8 74
9 76
6 16
9 78
9 70
6 95
8 34
7 46
8 73
5 3
7 37
8 98
1 39
9 32
1 40
6 72
1 65
8 59
5 87
2 37
10 17
6 73
3 80
10 19
2 79
7 72
3 37
8 90
6 77
1 79
7 10
3 93
5 92
4 20
8 34
2 80
1 13
7 17
7 14
7 12
8 12
10 65
3 7
7 20
5 9
1 89
9 94
2 76
10 19
7 9
3 71
5 62
2 51
9 23
6 92
6 10
10 52
7 100
2 77
3 91
3 98
9 56
1 52
5 62
8 56
6 28
2 28
6 55
6 11
9 38
8 75
5 45
1 42
7 79
10 9
5 60
2 90
8 2
5 16
4 26
6 81
8 59
3 40
9 84
2 52
1 4
4 94
10 100
4 7
9 84
7 54
2 2
1 90
2 48
9 38
5 92
7 39
6 79
6 27
4 48
2 11
5 60
8 21
5 79
5 11
2 20
2 52
10 13
9 17
6 30
8 59
2 81
6 85
8 92
3 37
9 48
2 68
10 97
6 44
8 54
4 9
9 39
9 23
9 86
6 24
9 88
9 82
1 45
1 96
5 54
1 26
6 35
4 87
6 92
5 59
2 74
4 66
5 13
4 100
1 20
10 23
9 78
8 42
3 34
4 96
5 93
8 63
7 17
2 23
8 62
3 62
10 71
4 61
5 82
4 45
10 60
6 13
6 55
6 29
3 54
6 88
5 97
6 50
6 3
2 88
4 57
4 54
2 52
8 35
6 2
6 16
4 61
7 19
1 25
1 38
9 61
8 9
9 78
2 53
3 36
1 56
6 46
8 58
3 5
3 16
5 76
10 68
3 31
5 33
2 11
5 46
10 26
6 31
6 16
4 67
6 13
1 57
1 17
5 37
2 99
4 100
9 22
2 85
4 19
9 58
9 96
5 87
3 5
4 33
3 30
10 96
1 13
5 15
9 18
1 85
3 61
7 34
7 39
1 27
2 49
5 11
5 85
3 47
4 83
1 44
7 14
9 32
1 96
2 43
6 89
5 50
3 87
6 95
9 94
2 34
9 67
9 39
8 31
4 12
10 99
2 24
