7 95
5 6
2 78
7 48
6 1
7 71
4 77
5 4
9 50
1 16
4 7
10 44
5 62
7 10
3 33
2 34
2 38
4 63
3 84
3 84
10 71
10 10
9 38
3 43
9 95
9 61
8 87
9 67
9 76
6 69
8 49
5 2
4 98
9 78
8 78
1 98
5 94
1 22
8 11
4 65
10 31
8 92
9 4
2 89
9 54
2 70
9 20
7 51
3 99
6 81
4 63
4 9
4 47
2 9
1 40
10 22
7 77
5 88
5 70
4 46
6 67
2 62
8 9
1 21
5 8
7 79
5 56
7 78
4 38
10 25
1 85
1 98
2 87
7 5
8 94
6 76
5 57
2 71
8 96
8 15
3 59
5 76
4 20
8 85
10 79
3 73
6 16
4 20
6 71
10 11
7 27
3 57
3 26
10 87
9 30
3 38
9 78
4 64
1 55
1 81
1 22
3 81
9 42
5 13
9 83
2 6
3 2
9 25
6 79
4 24
4 50
4 82
5 75
6 92
8 22
6 51
8 54
7 66
10 13
3 52
8 61
10 79
4 94
6 82
3 21
3 100
1 69
1 94
1 72
8 62
6 57
1 95
4 45
10 26
8 12
9 22
3 54
3 64
5 64
9 70
2 66
6 94
7 2
8 87
9 86
9 4
5 82
6 80
4 53
2 71
3 72
1 59
5 30
6 83
2 67
7 45
5 95
1 14
4 29
8 77
10 73
3 77
4 59
2 3
7 96
5 32
7 32
4 11
10 30
6 19
7 67
6 60
9 96
4 53
4 51
5 15
6 53
2 1
5 24
7 40
8 68
10 65
10 48
7 89
10 59
10 48
1 9
9 47
10 56
10 81
3 7
1 58
9 2
9 12
1 80
4 38
4 62
7 74
6 37
2 66
8 8
10 38
8 76
2 14
4 1
6 72
5 62
10 18
2 40
8 98
4 59
8 50
1 23
4 27
9 47
1 29
10 80
4 18
7 72
1 88
4 66
4 73
6 87
3 6
10 75
3 56
2 62
5 19
6 21
6 60
3 80
3 79
4 91
2 98
6 46
10 78
5 34
10 12
4 78
6 7
10 82
3 92
5 36
6 90
5 21
2 98
6 26
7 28
3 12
4 20
3 34
9 19
8 43
4 85
1 4
4 48
4 59
5 80
3 5
3 87
5 23
4 32
6 69
7 99
4 1
6 15
8 22
8 9
10 55
9 92
2 88
5 51
5 100
7 55
10 34
8 62
8 90
2 1
8 12
7 81
3 28
2 75
9 72
6 57
6 23
10 10
1 31
8 9
6 11
7 41
10 87
1 2
1 64
6 3
4 47
8 62
2 30
7 48
2 32
2 74
7 31
9 89
1 20
6 33
8 30
10 55
5 83
4 72
6 100
7 82
3 63
7 41
10 64
5 39
3 5
7 50
7 3
6 55
10 11
5 93
5 94
10 19
5 22
7 59
1 41
10 48
3 59
1 63
3 84
6 22
5 47
7 94
7 43
6 47
7 17
4 34
5 67
4 27
5 92
7 88
9 32
7 51
3 60
10 24
7 75
5 87
2 75
4 21
5 23
6 29
4 9
3 100
9 1
9 29
6 66
9 15
6 2
5 9
9 16
8 11
9 57
9 33
5 20
7 13
8 15
4 1
6 72
10 14
10 24
6 31
10 96
10 80
8 81
6 52
8 62
2 97
3 49
4 28
10 59
4 59
6 71
10 8
10 33
10 85
1 44
4 92
8 92
10 78
3 14
2 59
9 24
7 86
2 97
10 100
4 63
6 30
6 94
6 48
10 24
8 8
3 96
2 80
8 49
3 54
9 41
10 82
6 62
2 61
2 8
5 69
3 88
4 84
10 54
9 31
1 50
7 96
9 98
3 76
3 68
8 55
1 10
4 93
9 76
9 63
4 65
6 15
2 95
2 42
9 1
10 60
8 63
7 1
4 96
6 34
7 3
3 22
1 81
9 77
2 3
10 4
2 38
2 47
8 31
9 15
7 24
9 43
7 41
6 66
8 72
10 32
9 18
7 19
1 14
1 48
3 63
9 39
7 17
9 100
1 69
5 40
5 48
6 76
2 50
6 36
1 44
1 1
9 23
3 9
8 16
10 60
10 87
1 21
6 55
3 78
10 40
9 61
2 27
1 27
7 90
9 15
6 77
10 69
1 17
1 81
9 13
7 40
7 83
5 34
10 37
9 85
10 84
1 33
7 46
9 81
4 12
3 63
5 31
2 52
5 41
6 3
3 99
7 60
10 99
2 85
2 81
2 53
3 98
6 65
3 93
5 56
2 52
9 71
5 70
4 2
7 21
2 82
8 76
10 48
3 80
9 99
9 48
10 46
1 81
5 77
7 3
1 38
10 19
3 31
8 74
10 52
3 1
7 71
7 70
8 25
9 34
2 43
8 21
1 69
4 50
6 16
2 22
4 54
10 36
10 49
3 95
6 68
9 8
8 46
3 30
4 73
9 32
9 86
8 26
9 53
4 40
8 15
9 77
10 84
7 7
5 11
4 61
2 100
5 78
4 2
5 68
8 10
5 18
8 16
2 62
1 49
2 28
1 22
7 95
3 33
1 85
8 46
8 100
4 43
1 8
4 32
7 60
9 7
6 56
8 89
10 77
6 39
1 44
3 76
6 66
10 35
7 50
10 53
10 87
5 85
2 9
4 44
7 62
1 84
6 92
2 12
3 34
6 51
5 99
1 94
7 32
9 20
3 92
9 93
9 16
9 26
10 33
10 29
8 18
10 5
10 31
9 78
3 70
7 15
7 6
8 4
10 2
1 58
6 30
9 90
4 61
3 43
10 77
2 16
9 40
9 30
6 11
7 54
7 30
9 4
8 19
3 45
10 85
10 67
10 49
10 35
10 39
7 42
6 36
6 77
5 35
4 40
3 71
4 65
1 56
7 67
6 6
8 22
1 31
6 6
7 95
6 25
10 26
9 93
9 79
8 19
5 53
4 33
9 60
4 79
8 93
6 99
10 2
5 50
2 61
10 15
9 84
1 91
9 79
4 43
9 53
7 75
3 16
8 43
2 69
9 32
1 17
4 4
4 39
4 35
3 2
5 63
10 62
8 3
4 40
6 32
1 79
1 80
3 90
4 97
6 74
9 75
3 8
6 2
10 54
7 71
8 100
5 68
4 96
6 71
1 73
10 36
10 44
5 48
4 25
2 87
5 12
7 49
2 58
2 65
10 34
2 82
8 94
10 48
7 43
9 27
6 20
2 75
6 36
2 89
1 42
10 61
9 75
9 61
10 67
10 10
3 72
2 89
10 68
7 82
5 13
1 9
6 72
4 66
2 8
2 19
5 45
7 4
4 33
10 28
4 34
7 55
1 74
1 100
5 21
8 94
8 70
4 2
7 45
6 36
3 7
10 59
8 6
2 50
4 24
5 2
5 33
1 2
1 35
4 3
2 7
4 16
4 52
4 97
1 2
10 16
5 9
4 93
5 53
1 81
3 8
10 94
2 66
7 70
5 89
6 5
8 84
5 68
1 50
3 76
2 77
4 88
8 91
8 45
6 70
6 4
2 76
10 61
8 31
6 59
3 44
9 91
6 57
1 3
3 97
10 16
3 44
6 11
7 1
2 70
9 96
9 67
7 36
3 83
5 46
1 9
6 100
9 80
10 10
1 83
2 15
6 13
10 96
6 78
3 1
6 77
5 89
9 58
3 13
6 91
7 44
5 96
4 90
1 33
6 87
2 70
7 88
1 14
3 21
10 47
8 33
8 49
10 91
5 89
10 98
6 94
5 73
9 77
4 94
2 34
5 68
2 91
8 54
5 56
1 83
8 4
10 89
3 3
8 8
3 53
9 76
6 8
8 69
10 6
4 50
7 99
4 33
5 26
6 72
2 26
3 42
8 63
3 8
8 55
10 82
7 33
8 78
7 28
9 36
3 69
6 33
8 19
4 34
10 11
10 83
6 73
8 38
7 6
4 34
6 1
1 46
4 28
6 8
5 63
4 90
1 69
8 52
7 87
5 98
5 23
6 77
3 41
9 75
9 56
9 100
3 28
4 9
5 32
2 39
6 49
6 23
4 50
9 5
1 2
2 39
9 16
5 50
4 54
5 93
6 74
3 57
5 88
8 9
6 17
6 30
2 85
5 66
1 65
7 84
9 97
2 88
4 60
10 29
9 75
9 55
1 78
2 98
7 31
5 35
7 81
9 21
6 52
7 85
1 12
7 23
3 16
8 56
2 18
9 42
9 17
10 87
2 2
7 26
7 71
5 86
5 61
6 1
6 86
1 70
3 57
2 29
9 46
2 60
2 18
8 38
7 71
1 99
5 12
4 49
8 53
3 52
4 42
7 42
1 2
1 59
2 82
10 83
5 8
5 16
10 32
1 56
1 42
6 76
4 30
5 40
7 68
7 96
6 27
10 15
8 17
9 54
9 89
3 67
1 54
9 49
3 40
8 16
10 54
6 19
3 3
10 66
2 41
5 85
8 80
10 16
1 75
