1 40
1 17
8 21
10 41
3 71
10 81
7 3
9 82
1 81
6 83
10 15
7 16
4 60
7 72
9 73
10 2
9 6
9 92
8 14
7 53
2 14
6 70
5 61
2 24
5 31
7 76
8 2
7 47
6 29
9 85
4 11
10 26
7 100
1 37
4 61
5 57
4 1
8 40
3 69
5 50
2 81
7 60
7 5
1 16
1 15
2 94
6 58
2 68
8 64
2 74
6 29
3 92
8 60
4 57
9 92
9 26
9 96
4 4
5 99
7 74
8 12
2 68
1 69
10 77
4 11
1 80
6 62
6 55
1 79
1 68
4 8
9 5
7 12
5 86
4 44
4 7
7 70
8 1
10 20
5 69
5 5
6 88
1 13
5 97
3 2
7 97
4 96
5 70
1 13
4 84
3 77
1 40
10 54
3 15
5 36
2 43
10 98
1 1
5 57
2 7
5 97
2 16
4 97
6 87
10 43
9 65
5 94
9 12
6 89
5 64
3 13
1 44
5 98
7 23
7 47
9 21
7 88
5 38
6 69
6 25
3 74
7 29
4 26
2 69
8 69
2 10
9 94
5 32
7 33
2 66
9 30
5 66
10 6
7 77
10 24
8 75
9 25
1 4
3 69
4 20
2 23
3 85
1 35
10 82
6 38
9 54
8 6
1 31
10 65
2 79
2 93
1 7
5 90
3 47
6 75
6 68
10 95
8 87
3 28
4 7
9 55
10 12
2 64
9 68
10 55
2 31
9 44
7 98
10 87
5 96
9 73
6 58
5 65
4 69
7 62
9 15
10 94
9 42
2 39
9 81
5 53
4 33
10 66
9 75
9 6
8 25
2 43
7 42
6 52
3 44
3 89
3 17
10 52
1 2
3 60
5 29
2 8
7 1
3 50
7 12
4 9
8 89
6 68
10 55
6 90
1 91
9 79
4 42
2 66
7 11
5 66
3 40
2 90
9 75
6 8
1 38
4 73
4 100
7 44
7 22
9 49
9 78
1 95
7 89
5 94
5 53
2 61
3 16
8 12
4 76
10 61
6 28
1 98
4 30
4 12
3 79
6 31
8 89
9 30
3 96
8 57
1 16
2 38
4 3
9 78
7 42
6 33
7 67
8 40
4 71
9 11
6 1
5 98
8 64
9 78
4 89
10 91
2 25
9 88
9 73
10 35
2 43
8 10
9 23
9 39
1 12
6 77
2 69
1 88
1 47
2 79
4 96
2 12
10 58
1 96
8 92
4 13
7 50
9 10
8 83
1 95
2 99
9 87
2 83
8 3
6 31
7 72
5 98
3 4
9 17
10 45
9 66
8 67
3 87
10 9
8 96
8 40
5 58
9 48
1 14
7 40
5 82
2 37
5 91
2 6
4 17
8 15
7 79
5 56
7 11
3 22
4 94
4 33
4 76
4 65
6 51
3 99
5 58
8 54
4 87
7 80
8 86
5 71
7 37
8 26
5 40
9 65
3 44
2 20
2 69
3 65
3 46
7 20
4 90
5 41
9 25
3 64
7 44
2 44
4 26
4 27
3 32
10 51
2 3
10 83
7 21
6 48
4 90
8 15
10 70
4 39
4 22
8 84
7 19
10 83
2 14
9 36
9 57
3 19
7 47
10 12
9 53
3 3
1 100
5 59
2 7
5 62
4 73
7 22
9 68
7 7
3 27
6 62
8 17
10 54
10 83
6 93
1 67
3 82
4 80
1 42
3 23
1 85
4 63
10 7
10 17
2 1
2 3
5 59
1 55
4 35
1 68
10 87
10 85
8 91
3 85
5 78
9 32
4 17
4 20
10 19
5 16
3 80
2 26
6 24
4 23
3 82
7 94
1 26
6 30
1 72
9 36
8 65
10 57
10 49
7 52
3 39
7 52
2 100
5 13
8 93
1 42
7 68
4 20
3 34
5 70
6 61
4 9
9 61
7 18
1 29
2 22
7 40
7 93
2 22
10 36
1 85
7 46
2 32
10 39
8 27
4 69
8 1
3 35
5 59
10 19
1 42
9 27
9 73
1 27
9 29
5 27
3 38
9 93
8 75
7 83
1 49
3 27
1 40
7 83
10 80
9 12
4 84
2 66
9 25
3 31
10 61
10 69
1 79
1 54
9 84
2 11
5 52
4 33
7 23
10 88
7 50
5 41
6 41
8 28
3 76
7 47
1 83
5 55
8 63
3 61
3 3
1 92
9 95
2 13
6 81
5 23
8 74
9 27
7 63
4 1
4 45
5 85
6 19
10 92
3 84
5 42
6 25
1 13
1 40
4 97
6 46
8 20
10 76
7 81
3 26
2 60
9 70
1 16
7 39
1 74
1 96
4 61
7 85
2 92
4 25
8 56
5 79
9 71
9 19
9 54
7 13
10 78
2 81
5 12
2 57
5 86
7 12
1 95
2 76
9 98
9 32
2 82
5 64
2 83
8 29
3 76
5 16
1 7
3 55
6 77
9 13
9 59
4 20
2 66
4 53
1 98
9 55
9 36
6 24
5 25
5 73
8 11
8 64
6 46
7 73
6 100
6 30
6 67
8 72
9 12
9 28
10 50
6 19
1 20
2 99
8 12
2 94
3 69
4 28
8 68
10 89
9 83
6 64
4 47
2 36
5 16
8 46
5 15
4 8
7 92
2 37
10 89
4 13
6 80
4 29
1 81
2 28
10 60
9 64
9 18
4 24
3 58
9 46
4 89
6 26
4 38
5 67
2 4
9 15
4 26
8 49
1 56
10 74
6 66
4 29
10 50
1 84
5 90
9 57
7 79
5 29
7 44
5 65
1 25
7 74
7 25
7 35
1 94
2 94
5 81
1 76
7 96
7 24
5 45
3 34
1 54
4 93
7 65
7 5
1 55
2 3
9 36
4 5
6 51
3 62
9 29
3 56
1 27
3 31
5 85
1 21
5 5
8 93
3 13
7 74
10 27
8 94
9 63
9 47
9 42
1 45
10 54
10 81
7 81
9 43
2 12
6 63
6 17
4 27
2 29
4 45
9 12
10 79
1 18
8 17
4 80
7 18
5 96
5 52
5 91
6 14
1 13
5 80
6 50
1 93
7 67
10 24
6 99
10 86
10 2
1 88
3 17
7 23
5 52
9 88
6 60
2 57
10 52
10 6
9 87
9 65
3 85
8 15
6 36
10 15
6 81
8 48
2 40
2 2
2 25
10 58
10 49
8 61
7 13
3 43
7 89
10 29
2 74
2 44
2 2
7 5
5 37
5 80
10 10
3 48
10 19
7 29
4 6
1 72
4 88
4 51
6 64
3 2
9 2
4 6
6 30
4 86
4 9
10 68
10 55
7 58
4 74
5 57
4 74
4 51
2 62
9 33
6 48
4 20
3 61
6 26
7 64
2 48
2 13
9 80
7 2
5 50
7 34
10 79
9 26
4 42
6 89
3 1
8 48
6 19
3 55
10 86
1 23
5 57
5 1
10 49
4 28
8 61
3 55
4 26
2 86
6 64
8 23
1 24
8 52
3 67
5 1
6 74
10 92
6 95
3 50
4 11
3 88
7 34
4 22
1 67
9 73
3 79
1 31
7 13
3 86
8 44
9 85
8 41
9 27
10 95
5 34
6 41
10 63
9 91
6 74
3 81
3 40
10 18
7 25
8 48
8 96
7 86
7 5
6 79
5 67
4 81
3 79
6 71
5 93
7 47
6 46
3 13
8 71
6 88
6 18
4 82
3 47
1 57
9 80
10 17
3 93
4 29
6 64
3 33
1 6
9 10
3 92
6 93
8 33
5 35
7 32
4 27
5 62
5 52
4 14
3 34
1 25
6 67
8 33
9 73
7 25
8 23
7 92
8 68
4 43
4 1
8 21
4 93
6 46
2 17
10 47
1 82
5 50
3 51
3 70
3 28
4 79
8 43
6 56
2 11
9 21
1 15
8 7
5 43
6 7
9 54
6 28
5 38
1 21
10 33
2 23
5 100
4 11
10 59
6 25
5 24
2 18
3 90
7 40
7 42
1 96
5 96
2 67
3 5
3 74
4 88
1 45
6 16
1 46
2 93
2 36
1 51
9 91
8 16
5 47
6 92
5 62
1 15
10 22
8 96
7 100
8 70
5 94
4 57
3 88
7 54
5 16
7 83
2 87
3 30
3 12
8 53
10 52
4 40
1 52
4 30
4 56
10 37
1 92
7 14
2 89
4 2
1 73
1 44
9 68
10 7
8 32
1 91
5 48
9 73
3 49
8 84
6 77
10 63
7 82
1 3
6 48
2 97
1 67
9 39
2 24
3 25
2 85
3 77
3 44
4 66
1 17
1 29
8 61
5 2
5 4
8 81
10 82
1 27
5 90
7 55
3 99
3 35
1 29
10 100
6 96
7 25
1 36
1 73
9 82
6 47
1 38
6 88
8 10
5 84
3 7
6 69
7 22
5 13
8 11
6 90
2 86
9 49
9 15
3 17
9 48
10 10
2 33
7 74
3 89
1 79
8 72
2 3
10 89
2 82
1 11
7 51
9 35
