2 76
2 76
5 78
4 29
7 61
1 54
9 75
4 52
2 17
1 69
1 68
7 40
2 74
2 9
4 20
8 4
9 23
6 67
3 43
3 61
4 40
9 98
3 84
4 77
5 31
8 23
9 3
5 91
6 59
4 74
1 2
2 39
6 52
4 23
7 2
3 68
8 51
9 29
2 80
1 20
2 65
6 27
2 74
9 24
1 85
10 19
7 65
8 18
10 56
1 16
6 94
7 27
9 18
9 62
6 15
3 67
1 80
10 42
5 60
7 14
2 2
9 60
5 92
2 99
2 15
2 67
10 63
4 14
2 61
10 57
5 47
9 51
1 68
8 5
9 34
8 54
4 84
4 78
5 56
7 6
7 93
1 91
4 50
10 73
3 56
6 54
6 35
9 100
5 21
2 19
4 55
1 48
6 92
10 55
8 52
4 37
8 18
4 23
8 6
8 23
3 87
5 53
9 96
7 85
6 91
5 47
5 3
6 43
9 3
8 49
7 72
7 66
1 58
6 93
4 84
7 93
6 38
3 94
5 12
4 94
1 18
5 56
7 55
5 13
2 35
3 43
2 77
10 21
3 21
5 81
1 79
1 90
9 36
2 82
1 15
1 5
9 37
8 59
2 58
10 23
4 5
8 81
6 58
8 40
1 62
4 25
7 15
6 47
10 39
2 4
7 8
5 28
5 10
1 17
1 76
7 60
4 17
8 55
2 19
2 77
8 59
8 54
3 93
5 52
10 17
1 51
5 67
2 56
3 35
6 39
6 62
8 74
5 19
7 90
8 33
6 76
10 94
6 25
2 96
9 44
7 71
10 77
9 1
2 76
8 30
9 91
9 80
2 49
5 14
7 48
2 4
3 67
5 13
8 37
6 33
6 76
10 14
6 18
9 9
9 5
6 89
2 91
2 53
2 79
8 44
9 51
2 83
6 39
8 30
4 2
6 7
9 12
8 68
2 80
1 7
7 67
10 21
7 30
5 29
6 70
7 96
3 30
2 30
3 91
9 62
6 88
7 22
9 95
10 98
3 60
7 24
6 46
7 14
4 80
4 13
10 19
10 5
5 25
1 61
6 45
6 61
2 7
1 59
2 10
3 40
10 87
8 84
1 49
10 24
1 54
7 60
6 33
7 40
6 52
8 65
10 50
7 27
7 59
6 81
8 21
8 70
7 16
7 25
2 32
9 31
9 22
4 42
6 5
8 2
8 68
1 98
8 42
8 68
5 89
6 73
4 31
10 87
2 15
10 57
10 29
9 35
9 42
3 76
2 15
6 25
7 11
9 35
8 4
2 40
5 55
1 58
7 41
8 57
8 16
6 52
6 2
3 76
2 64
2 17
3 98
7 58
6 27
5 20
3 17
5 26
3 31
2 96
1 23
5 38
4 83
4 17
6 55
6 62
3 74
1 86
8 27
1 17
8 75
9 18
6 20
1 16
7 92
8 52
5 28
3 72
4 5
2 4
9 46
5 52
1 99
8 74
1 14
3 22
5 79
4 96
5 62
5 56
2 98
1 9
2 81
5 37
2 60
3 14
1 29
3 96
4 56
1 17
6 90
4 29
5 3
10 78
8 59
2 56
9 66
4 92
6 50
1 87
5 54
9 14
2 92
3 44
9 67
9 40
6 28
3 29
9 7
9 29
8 51
4 10
2 82
8 32
5 94
8 44
9 18
6 73
6 73
4 5
2 14
10 95
4 71
5 44
10 48
5 92
8 93
6 87
9 52
9 14
6 50
6 69
10 96
8 98
3 14
5 19
7 99
1 48
3 89
7 81
6 4
3 24
10 26
4 36
3 39
4 85
4 46
4 6
7 88
1 81
3 7
3 38
9 12
6 9
5 88
6 47
7 49
7 32
3 65
6 87
10 47
7 17
7 41
4 83
1 22
10 15
5 82
1 22
10 48
4 46
2 8
3 31
8 78
8 52
10 59
3 93
2 100
6 27
9 52
4 91
10 47
7 63
10 53
2 23
3 19
9 86
3 70
9 70
7 11
4 81
9 36
6 5
8 38
5 86
5 58
9 92
10 90
2 86
1 44
7 17
3 42
9 29
9 54
2 86
2 88
7 99
6 8
8 49
9 33
10 2
2 37
10 25
6 98
1 91
4 20
2 4
5 95
8 28
6 88
7 92
2 82
7 48
4 18
6 12
7 70
3 48
9 26
10 45
2 89
9 78
3 65
10 35
4 8
2 30
8 55
10 28
2 63
7 54
8 94
7 5
6 88
2 40
10 80
2 42
3 83
4 52
8 47
5 20
9 84
1 96
4 32
2 26
10 85
3 97
2 46
2 38
2 91
5 76
1 37
5 50
3 86
4 52
10 69
8 53
2 91
9 72
7 22
5 21
8 67
2 80
8 56
6 85
2 71
8 78
7 34
10 62
8 31
7 71
4 12
5 68
1 33
10 93
6 27
6 83
3 89
4 91
7 36
8 3
9 96
7 82
7 91
1 78
5 3
7 64
3 8
3 71
6 2
2 85
5 80
8 31
3 47
7 79
2 80
9 25
9 70
6 95
5 39
4 10
5 5
1 43
7 44
5 47
5 3
1 8
6 88
10 32
6 14
4 99
3 86
2 41
2 98
3 37
8 6
6 22
8 41
1 97
10 29
8 48
8 14
7 38
10 13
9 40
9 20
7 36
7 83
3 84
1 62
4 57
9 14
2 66
2 23
10 5
6 10
3 98
7 13
9 36
10 44
4 49
3 67
1 9
7 50
9 82
3 40
5 86
9 77
3 74
10 91
7 88
9 68
5 77
7 91
6 74
10 20
8 96
6 90
1 66
9 84
4 19
8 3
5 65
7 4
7 18
6 69
10 33
7 3
7 33
4 84
4 86
2 86
10 37
6 33
1 8
2 68
5 14
8 51
10 97
8 62
5 53
2 74
6 20
5 99
2 29
6 96
4 71
6 42
7 12
4 24
10 22
8 92
6 65
9 57
1 34
7 88
8 21
1 60
10 22
8 51
9 91
4 91
10 78
2 56
2 69
2 79
9 88
7 74
10 50
8 27
10 1
1 18
5 64
6 29
2 43
4 39
7 58
10 54
8 49
6 35
8 20
1 34
4 23
1 66
1 91
2 23
6 73
2 56
2 35
9 64
6 37
7 33
5 93
8 100
4 36
7 19
10 17
8 22
5 31
10 86
9 46
7 7
1 67
4 9
2 51
4 78
2 78
2 83
1 77
2 40
1 62
10 62
1 15
10 74
10 91
8 68
9 92
1 37
7 78
9 33
9 22
8 93
8 98
8 14
3 74
6 40
3 43
1 90
5 24
8 10
1 95
6 96
10 98
1 44
2 18
6 70
10 69
9 38
4 68
10 29
2 25
6 100
5 23
2 67
9 30
3 58
1 43
1 51
9 30
4 17
10 32
2 46
8 84
3 62
10 12
10 77
10 64
3 6
3 23
7 63
3 15
8 14
5 80
5 41
3 49
8 94
5 27
10 85
9 78
1 20
1 11
8 38
10 75
5 27
3 23
2 80
6 41
2 78
1 18
4 50
1 3
1 88
7 92
9 17
3 93
4 92
4 88
9 99
9 44
8 16
7 74
1 71
4 33
2 31
4 32
2 13
4 95
5 12
8 6
2 40
3 36
2 54
7 75
8 37
7 78
2 60
2 36
1 51
8 83
10 91
5 82
1 19
8 51
9 69
2 54
6 46
9 70
7 42
3 29
9 48
5 5
10 87
4 58
7 45
9 39
5 4
6 41
1 91
5 70
6 19
10 35
8 57
9 5
2 13
8 14
2 55
3 44
5 25
6 3
5 48
8 77
5 21
6 76
5 71
4 11
2 2
5 49
2 95
8 71
10 1
5 89
6 27
10 21
9 14
8 19
9 98
6 9
2 2
3 63
4 52
5 32
3 78
3 68
9 80
10 85
9 24
4 58
10 96
1 14
7 62
6 27
10 21
2 63
5 16
5 15
10 29
3 91
10 76
9 66
6 26
8 92
1 33
2 33
4 57
5 88
5 70
9 98
9 49
7 62
7 9
5 47
5 64
10 69
7 27
2 96
9 90
10 46
9 8
7 3
3 51
7 56
9 97
9 17
7 4
8 60
4 23
5 96
10 38
7 2
10 82
2 48
10 79
3 96
7 49
1 16
8 98
5 32
4 22
1 31
8 35
10 91
10 81
2 33
8 18
6 18
2 31
4 73
4 59
5 66
5 20
10 22
3 1
5 65
6 31
3 13
4 61
6 73
6 75
10 22
4 53
4 57
6 53
4 44
8 79
5 27
10 30
8 24
1 97
4 2
4 88
8 82
2 76
5 60
4 17
9 48
6 3
2 31
2 53
8 96
9 43
4 9
6 14
5 87
4 46
8 53
3 55
2 6
9 81
5 21
4 91
7 47
8 68
1 76
6 5
6 42
1 82
1 67
7 63
1 69
10 43
5 69
9 85
7 58
3 92
3 56
1 33
2 85
7 15
8 79
1 15
10 73
4 1
3 84
1 99
4 2
1 41
