7 23
9 34
2 6
1 30
3 72
8 8
5 100
6 35
3 84
8 57
4 73
7 37
10 18
5 51
4 24
7 42
2 56
7 22
5 85
4 80
5 32
4 76
2 2
3 42
1 49
6 57
5 31
5 92
3 53
10 93
3 56
5 80
7 22
7 90
3 3
6 25
7 54
10 41
7 24
3 84
9 89
4 13
9 27
9 54
7 51
3 14
9 66
9 59
7 80
3 25
3 57
7 3
3 94
6 10
6 99
3 60
1 43
8 11
7 64
9 13
10 54
8 96
10 58
6 34
1 96
10 83
9 66
10 78
3 44
7 15
8 58
5 40
6 73
8 71
8 6
1 47
1 88
1 61
8 81
8 34
8 40
6 36
3 34
4 76
6 28
6 52
3 85
9 61
4 17
2 75
6 14
10 48
6 42
1 91
4 2
10 7
7 10
3 1
9 6
1 63
5 98
7 81
7 9
10 98
6 85
10 92
8 59
6 29
8 28
10 12
6 97
6 92
3 88
6 88
10 70
4 31
3 41
4 47
4 1
5 17
10 27
10 27
6 25
10 62
5 58
6 11
1 99
9 34
5 63
10 91
6 92
2 14
7 95
8 52
5 14
10 39
7 20
1 27
5 85
5 51
10 32
2 52
1 40
2 77
6 91
1 81
8 2
1 93
1 14
5 82
2 23
6 43
3 12
3 4
1 58
1 75
5 10
9 48
2 35
5 12
7 20
5 54
1 16
3 15
9 51
5 56
4 13
8 30
8 27
2 30
5 89
1 27
8 92
1 9
10 48
4 40
3 50
3 90
5 1
5 82
4 39
2 10
5 63
2 76
7 89
5 45
5 13
9 19
6 26
2 13
3 87
10 85
9 13
9 45
5 77
4 95
5 92
8 72
7 85
6 93
4 58
1 66
5 7
4 74
1 31
7 91
7 45
8 42
1 25
5 12
2 73
6 98
7 87
7 67
5 96
3 76
3 77
4 35
5 98
1 1
1 85
2 99
2 14
4 64
4 33
2 34
2 12
1 86
10 44
9 49
3 3
10 25
3 44
10 58
1 74
8 47
5 2
8 89
4 49
5 27
8 15
9 54
1 43
4 4
7 19
10 32
6 78
9 82
9 17
2 82
7 64
3 86
10 100
3 21
1 98
4 42
10 65
4 42
7 12
8 35
8 88
6 31
6 38
10 49
5 30
4 63
9 39
5 19
10 61
1 40
10 93
5 50
10 13
3 97
6 82
5 80
8 70
1 66
1 54
10 83
5 73
2 69
1 16
1 85
9 58
3 60
5 51
8 50
9 57
7 80
3 83
10 43
7 67
3 29
7 87
10 7
2 71
1 92
3 1
7 82
10 91
4 55
3 80
4 71
8 74
10 69
7 59
6 88
8 1
5 41
9 100
1 54
6 12
6 21
9 17
10 67
7 48
10 24
6 95
10 29
4 68
5 46
8 18
1 14
2 70
9 40
7 14
7 32
7 40
3 75
7 98
2 3
2 97
9 15
1 12
10 64
2 79
5 22
3 97
6 94
2 100
3 12
2 44
8 4
2 7
6 21
4 68
10 15
10 22
8 56
6 80
5 75
1 75
7 4
1 100
3 47
3 16
4 91
3 38
9 67
1 1
10 41
6 63
9 3
1 58
5 8
4 30
4 79
4 76
6 42
8 97
2 6
2 6
9 11
2 53
7 29
9 74
3 10
10 96
5 11
10 79
4 33
2 94
3 75
8 89
3 100
9 47
9 23
8 6
4 76
10 52
6 69
4 41
8 9
4 3
4 86
3 51
4 5
8 73
10 24
2 84
1 100
10 27
8 81
2 36
9 64
2 20
4 36
3 44
9 28
7 55
5 24
8 72
8 55
4 66
6 34
9 39
5 56
10 35
1 77
1 40
6 80
4 100
7 45
10 21
8 57
3 20
1 95
4 20
6 35
10 22
2 64
10 4
4 70
9 63
3 31
5 38
8 33
6 16
9 30
4 98
8 27
2 34
8 25
5 16
10 1
6 36
10 40
3 61
4 24
2 70
3 99
5 86
6 90
6 53
10 81
2 33
8 21
10 14
5 7
7 24
5 69
8 13
8 71
7 87
2 77
1 100
5 8
9 91
2 23
10 66
5 54
1 91
6 2
2 92
9 36
5 56
3 48
4 92
9 52
8 62
6 9
10 85
7 78
10 31
8 92
9 20
9 10
4 68
6 51
5 31
2 29
4 96
2 28
3 33
8 45
5 34
6 33
1 34
5 83
2 84
5 5
10 30
4 9
8 76
3 77
5 83
8 26
7 60
3 63
8 9
6 3
4 79
1 35
8 39
9 97
8 19
6 10
9 52
2 59
6 7
1 81
6 93
6 10
9 100
3 48
3 11
1 37
2 29
6 49
1 83
9 52
8 36
1 32
5 79
1 59
9 49
5 1
9 72
3 38
2 59
10 91
3 15
1 8
5 20
5 93
4 86
8 34
4 75
6 29
7 18
9 94
10 65
5 3
5 68
3 10
1 67
4 97
3 54
9 60
7 72
4 9
1 45
8 53
3 8
9 51
9 26
10 27
5 41
3 62
10 86
9 9
2 70
10 64
5 12
2 92
3 48
4 96
3 55
8 81
7 27
1 5
4 42
1 96
7 96
4 26
8 73
3 36
2 34
7 22
4 51
1 73
8 82
3 55
4 48
7 80
2 44
3 87
2 70
5 42
8 53
8 20
3 98
10 71
6 57
9 73
2 97
10 75
5 92
7 36
5 89
9 96
1 95
3 18
9 51
2 76
5 73
6 62
2 32
3 97
1 4
4 7
1 82
7 17
5 3
9 81
2 89
3 37
1 4
7 32
2 92
6 40
2 8
5 34
9 56
4 39
3 71
9 51
5 81
3 72
7 19
10 76
4 97
8 12
1 94
10 43
3 38
9 75
6 63
1 19
4 88
7 52
1 6
10 21
8 98
7 36
6 44
6 95
5 48
6 29
2 35
4 98
5 44
3 88
3 20
8 17
8 43
3 6
2 53
7 66
9 70
7 4
6 58
1 25
2 27
1 32
2 97
5 1
6 39
6 60
9 32
6 8
9 86
5 95
3 28
7 8
10 16
1 21
1 41
2 94
6 53
8 28
8 25
8 92
4 98
9 71
9 70
6 96
2 36
9 83
1 91
8 85
5 61
6 22
6 97
9 59
5 34
10 14
4 59
2 91
1 57
2 97
6 48
1 5
5 26
10 79
1 61
8 76
6 12
7 17
8 34
10 90
3 31
9 46
7 63
1 38
5 73
8 89
1 45
5 100
10 78
8 83
10 40
1 89
4 5
2 100
10 40
1 69
2 35
9 91
7 13
1 10
5 81
8 19
3 56
6 56
3 11
6 79
1 50
5 36
5 45
6 47
10 10
2 67
8 82
9 82
7 97
3 26
5 57
8 9
3 47
2 24
2 74
1 38
7 61
8 5
3 19
6 71
7 25
4 52
7 1
4 22
5 63
6 77
6 78
1 21
2 16
6 79
5 70
7 33
1 11
9 33
6 24
2 80
8 90
2 80
1 64
2 64
6 79
6 9
2 11
7 92
2 97
5 54
4 88
7 95
4 21
10 10
10 87
10 6
8 55
1 47
8 77
10 96
6 52
3 66
9 29
2 13
1 88
7 70
9 39
1 33
5 63
7 10
8 8
7 88
3 5
2 89
4 95
1 70
2 52
8 82
8 7
10 25
4 26
2 60
8 99
7 67
9 53
10 80
8 24
10 27
9 40
7 91
10 63
1 61
9 89
9 54
9 66
7 36
4 3
3 78
4 53
3 1
4 19
10 56
1 55
7 42
3 60
2 88
5 7
9 41
6 60
4 99
3 17
3 69
10 59
7 38
9 40
1 10
5 77
2 62
2 79
7 94
10 53
10 80
1 2
3 80
2 86
6 36
1 8
1 85
8 78
8 19
6 9
5 35
6 90
8 3
7 26
8 31
9 79
3 47
1 17
1 92
4 73
8 73
9 72
10 68
9 63
8 81
5 75
8 35
6 88
7 65
5 60
5 65
9 5
9 53
8 91
1 70
7 62
6 98
8 44
7 5
7 56
9 96
7 82
7 27
1 5
7 42
7 32
3 51
6 1
3 26
8 21
1 37
10 61
4 83
9 73
8 65
4 27
4 97
8 59
8 15
6 51
8 93
1 2
4 42
8 18
7 75
6 34
5 58
6 6
6 49
4 86
7 36
7 94
6 30
7 53
3 82
2 36
3 98
7 55
1 85
6 91
5 6
8 86
10 25
7 48
1 34
9 83
7 41
6 75
7 1
9 41
4 81
2 69
5 13
1 42
8 57
3 69
7 53
6 82
7 49
6 97
8 24
2 65
4 85
5 32
3 49
10 14
1 48
10 38
4 22
7 63
3 74
8 68
7 59
6 58
8 99
1 12
5 42
9 7
7 63
3 63
5 14
4 48
10 42
10 95
10 74
1 43
3 59
1 5
9 92
8 72
5 19
7 56
4 92
1 86
9 57
