9 1
1 91
6 47
1 4
2 86
8 10
9 72
7 80
1 80
6 5
5 50
6 17
3 100
2 96
5 45
8 41
2 76
1 97
9 8
5 86
6 27
10 50
6 74
2 41
10 56
4 60
10 55
6 92
4 88
6 51
5 81
8 6
8 38
6 64
5 30
1 3
10 80
7 21
7 34
4 2
4 5
7 97
5 43
4 65
3 39
6 66
4 71
5 61
8 35
3 57
5 29
2 88
9 69
3 86
8 49
4 40
9 63
2 86
5 31
5 83
9 39
4 38
5 8
7 30
10 71
2 6
3 38
10 88
3 66
6 9
8 58
4 42
2 82
1 37
6 42
10 18
1 53
4 81
2 6
8 67
9 82
9 89
7 64
6 44
1 43
3 78
10 98
3 38
10 86
4 76
5 76
5 24
8 46
7 41
4 40
5 54
3 40
3 21
9 20
5 84
3 88
4 26
8 84
10 5
6 83
4 34
2 26
8 23
5 92
10 41
2 83
1 95
1 53
10 18
8 37
9 51
4 4
1 31
1 49
1 42
5 53
4 19
2 27
1 44
5 12
7 41
8 86
2 32
9 45
7 77
2 11
10 71
6 13
1 35
2 35
2 35
3 79
6 16
1 16
10 46
7 62
4 66
5 54
1 71
4 31
8 52
6 75
7 77
4 41
7 45
9 5
2 57
10 87
8 63
6 56
3 2
2 65
9 38
8 82
7 56
3 85
7 33
1 88
5 4
9 65
1 37
6 60
6 11
3 11
3 54
7 27
9 48
5 31
9 7
3 74
1 97
3 77
9 90
9 79
4 66
8 34
1 43
9 14
6 50
3 52
3 68
4 98
1 51
3 43
7 11
8 79
4 27
9 76
1 37
2 95
7 7
4 62
8 59
2 39
7 2
7 47
7 37
1 80
3 52
4 84
7 24
8 40
3 49
8 14
3 57
2 44
9 53
6 30
4 74
5 2
3 99
7 14
3 21
10 46
5 75
1 16
1 81
2 42
3 25
3 63
7 87
8 11
4 10
1 22
7 58
8 39
4 36
2 82
7 80
5 15
7 91
4 93
4 91
4 52
1 84
9 31
4 85
1 51
2 91
2 69
8 1
4 63
4 25
4 99
6 15
10 99
5 73
4 61
3 28
2 10
7 2
3 62
10 88
2 17
10 67
10 29
10 34
2 1
1 76
2 89
9 80
7 83
9 49
1 94
10 78
4 69
1 62
6 56
4 13
2 64
5 3
8 53
9 57
4 26
9 23
2 83
10 41
2 90
8 34
8 5
3 79
7 24
9 85
5 53
2 95
5 28
5 26
3 16
9 6
3 21
2 74
7 23
1 37
3 97
5 29
4 42
10 41
1 8
6 30
9 24
10 58
7 46
9 22
5 84
3 34
3 70
2 71
8 83
1 92
6 47
8 86
8 65
4 59
7 60
7 38
9 87
7 98
6 86
9 13
7 7
3 55
2 6
9 64
2 97
4 86
1 33
5 84
1 10
10 41
5 17
3 69
7 24
5 28
1 82
6 67
7 98
8 71
7 12
6 29
10 15
10 72
3 97
5 96
4 28
8 52
6 77
8 99
10 17
1 86
2 16
5 34
2 14
1 17
10 40
1 36
5 31
10 100
4 6
3 94
10 13
10 90
6 47
4 3
8 100
10 18
8 68
8 20
8 57
8 25
10 47
1 31
8 55
7 36
1 69
6 1
8 59
1 69
9 36
3 58
4 18
4 10
5 1
2 81
8 12
9 59
5 65
9 70
8 36
1 95
8 8
6 30
3 96
1 51
5 3
7 67
8 63
1 56
10 15
7 62
8 82
2 24
3 16
7 47
10 82
4 69
8 7
5 81
2 62
10 94
10 61
8 67
5 99
3 19
1 55
7 7
5 17
10 98
2 59
5 76
4 37
7 6
9 5
6 9
6 14
5 61
2 48
3 46
2 30
9 24
6 56
7 44
7 80
7 23
6 15
4 9
3 8
8 99
5 46
8 55
1 57
5 25
9 39
6 3
4 51
1 53
5 22
10 64
1 75
7 42
5 46
1 95
5 41
9 70
2 95
7 18
6 61
2 56
5 63
2 68
8 48
5 20
8 78
4 28
2 53
10 75
5 40
8 54
9 47
3 57
6 63
5 48
1 15
2 88
8 11
2 98
5 24
9 95
9 44
10 96
7 20
2 94
2 11
10 26
7 33
1 66
7 75
1 14
3 14
8 71
8 92
10 60
2 14
7 56
6 54
9 91
7 42
9 55
4 70
2 14
2 77
3 7
1 70
6 43
10 68
9 59
7 36
7 72
8 8
7 46
9 3
1 50
5 40
5 10
6 26
10 51
10 17
7 92
8 40
9 65
3 96
3 83
6 66
5 78
4 76
4 6
4 100
7 48
6 78
3 76
10 89
8 29
6 70
4 39
4 34
8 33
3 66
8 51
3 68
5 96
7 31
6 6
7 31
5 54
10 4
10 88
9 91
1 31
10 80
4 17
5 67
7 62
3 45
5 92
7 26
2 84
10 21
7 15
6 83
5 68
6 30
3 26
3 51
10 30
5 40
8 15
7 59
1 46
9 2
10 68
10 36
7 95
3 22
6 62
1 93
1 45
6 8
5 94
5 81
7 57
6 27
5 32
3 35
7 58
3 34
1 41
5 79
7 92
7 10
10 30
10 96
9 39
7 46
5 48
1 10
7 17
6 92
2 47
2 79
7 21
2 11
9 6
2 47
8 40
10 77
5 51
10 85
9 27
3 28
1 68
4 65
2 26
2 50
6 83
10 38
3 93
1 38
10 63
1 38
10 30
9 35
1 81
7 3
4 36
3 73
10 75
5 18
3 12
3 53
10 65
2 100
5 15
7 7
8 32
4 46
3 72
4 47
8 24
10 70
5 20
1 35
4 48
6 86
1 66
6 44
3 94
10 25
5 98
3 22
7 33
6 3
10 12
4 79
7 89
8 35
1 32
6 12
7 75
5 92
10 20
10 89
6 11
6 26
5 91
5 63
5 23
4 48
5 70
10 85
5 86
9 1
2 39
6 77
6 28
8 93
3 28
2 14
8 78
4 7
2 62
5 78
4 40
6 77
5 68
7 99
6 73
6 49
2 34
10 82
6 99
9 68
8 56
4 5
9 45
7 39
7 58
2 70
5 10
4 59
3 56
10 47
8 29
2 14
9 77
5 24
1 64
2 2
9 97
7 96
6 31
5 94
8 60
8 89
2 12
1 77
7 42
4 14
10 78
7 12
10 11
8 89
9 16
9 1
9 30
1 56
2 56
9 32
3 36
2 41
7 42
10 92
9 71
4 80
3 96
5 36
8 9
10 61
1 69
7 4
1 8
7 97
2 73
9 39
10 85
10 96
1 60
1 71
10 3
7 61
5 60
10 34
2 67
8 58
3 89
5 4
6 95
7 7
4 48
3 76
7 68
1 56
6 58
2 10
5 30
8 89
4 92
4 60
8 96
1 71
3 31
3 92
10 74
2 2
6 7
10 13
2 1
7 30
2 85
1 10
8 63
2 8
8 38
3 68
10 85
3 92
10 67
8 49
5 62
5 69
4 68
2 17
2 59
1 22
1 28
5 75
10 55
10 93
6 81
5 70
2 6
6 100
3 77
7 57
8 35
3 22
2 45
4 5
8 59
10 60
1 95
10 95
3 65
9 78
1 9
1 29
2 82
9 73
10 54
4 55
8 20
10 92
9 25
2 24
8 61
3 8
10 86
9 56
2 51
4 37
7 62
6 37
2 58
4 13
5 84
6 84
7 54
10 82
5 41
4 82
10 72
7 2
3 81
8 42
10 74
3 48
4 68
10 63
5 78
1 41
6 65
7 7
8 81
8 17
1 95
6 68
9 93
9 78
10 16
2 100
3 85
3 53
2 36
8 30
9 13
5 81
2 12
7 69
8 96
1 50
7 89
3 9
10 4
10 31
1 11
1 2
2 38
2 45
6 52
1 86
3 64
2 78
2 21
10 5
6 20
9 3
1 53
5 82
2 100
3 95
4 55
9 36
1 70
6 57
3 22
9 80
10 87
3 18
2 76
10 99
1 57
4 89
4 77
9 90
3 18
9 72
4 43
6 20
4 12
8 67
5 37
5 39
8 9
1 1
4 42
4 28
9 94
5 52
2 60
10 22
5 94
7 80
10 39
4 95
10 73
10 80
5 41
5 12
2 71
1 93
3 73
2 35
6 96
1 76
10 22
4 57
7 91
2 93
6 79
7 27
6 41
10 3
7 94
7 98
7 52
7 85
2 47
2 49
6 63
3 49
5 76
4 51
2 38
5 48
3 47
1 3
5 24
9 98
9 57
9 46
5 21
9 37
5 19
10 21
6 54
9 14
4 40
9 37
8 42
1 9
9 4
6 20
1 1
10 36
6 80
7 99
2 26
6 76
4 89
5 19
6 78
4 81
10 16
7 78
3 16
8 36
8 20
8 77
4 100
10 32
8 81
3 97
1 7
7 31
3 5
1 44
1 71
