6 16
10 75
3 63
1 83
9 27
3 1
3 84
9 67
8 74
4 57
10 51
10 28
5 60
3 93
4 62
6 30
10 71
1 81
10 86
4 73
4 21
1 6
9 86
6 86
10 33
8 33
5 48
2 37
8 13
7 64
6 85
8 91
10 38
9 29
6 56
8 72
8 73
7 24
10 48
2 82
5 6
4 15
10 80
4 39
9 89
7 77
7 19
3 49
6 51
1 5
9 94
2 45
4 87
3 62
8 66
7 54
10 83
6 82
5 65
3 28
5 34
4 84
7 47
1 23
1 40
9 88
7 63
9 23
5 87
1 11
9 21
5 8
7 30
2 10
10 35
1 37
7 90
9 14
2 10
3 70
9 22
3 30
6 55
7 8
6 5
9 62
9 60
6 44
2 68
1 35
5 74
7 82
6 90
6 65
2 79
8 6
8 50
2 100
2 19
7 17
9 40
8 32
6 36
7 20
6 49
1 30
10 75
3 66
8 62
5 15
6 66
8 22
3 94
4 68
9 18
2 69
9 18
3 58
9 4
8 22
5 14
10 5
7 26
9 49
3 66
3 67
10 36
9 27
2 59
2 52
5 97
10 18
10 65
8 97
4 49
10 90
7 41
7 10
2 41
9 65
4 46
10 29
9 88
3 48
1 5
4 58
7 27
10 73
7 79
9 15
8 14
8 38
1 38
4 16
3 95
9 88
9 42
4 17
10 27
6 34
9 28
8 84
5 44
4 25
3 14
7 78
2 91
10 68
1 19
3 47
5 13
7 23
4 89
1 84
5 24
6 85
1 19
3 13
6 41
6 47
7 67
3 45
4 45
10 44
2 67
6 91
4 69
4 81
9 21
7 44
1 4
10 81
1 56
8 69
6 33
2 3
8 90
9 28
1 35
9 12
4 86
5 64
9 79
1 31
3 8
2 63
3 86
10 85
3 18
3 77
6 28
4 93
10 71
5 11
10 98
4 62
10 91
10 50
9 5
6 41
6 92
2 68
5 78
9 41
2 64
8 55
2 83
4 48
4 74
1 19
5 13
9 50
10 4
8 94
4 66
7 70
6 19
4 27
1 45
8 59
6 16
8 97
10 54
1 4
6 82
6 6
2 72
3 66
9 99
9 75
7 87
2 100
2 70
3 60
7 34
5 33
7 80
5 66
2 36
10 95
7 97
7 38
5 4
9 44
6 29
7 25
5 82
5 76
1 29
8 51
3 89
3 92
8 33
2 66
9 45
7 99
8 54
4 66
4 32
9 32
2 10
1 32
10 55
2 93
2 96
2 13
5 19
5 3
1 51
3 65
5 46
2 24
2 80
9 54
4 89
10 59
4 18
1 48
8 32
8 5
8 95
8 32
5 27
9 47
7 42
10 7
7 10
7 96
1 77
5 78
4 34
8 45
7 41
9 61
1 88
8 72
10 94
10 30
4 38
5 84
4 18
8 41
7 85
10 73
2 35
7 83
8 3
9 18
10 67
5 88
7 76
4 84
9 85
10 50
5 19
10 9
7 51
8 41
2 32
5 23
8 47
3 27
7 25
2 21
10 8
9 28
6 62
8 7
10 44
7 60
6 11
8 95
8 33
4 41
2 66
3 28
4 77
9 28
2 67
8 39
8 8
5 28
6 66
2 33
2 58
4 41
4 73
4 18
10 31
10 60
10 52
4 34
6 81
3 65
7 98
2 39
10 58
5 82
8 7
10 36
3 25
3 15
9 41
7 77
8 63
7 82
10 9
3 9
4 3
4 34
3 73
4 59
3 68
5 10
9 93
4 66
4 11
2 40
5 88
5 33
1 35
9 55
4 41
3 75
3 55
9 87
4 100
4 40
9 64
3 38
9 85
7 31
5 97
2 30
9 53
7 70
2 41
10 60
2 89
2 90
10 29
4 88
6 24
5 61
9 92
9 75
1 90
1 60
1 79
1 87
1 72
5 95
2 35
3 67
3 73
5 30
10 88
9 30
3 76
6 32
9 78
3 58
5 80
7 33
10 89
5 62
4 82
4 73
10 86
3 26
5 91
9 5
4 94
3 55
4 13
1 62
8 71
8 58
6 52
10 50
7 3
7 35
10 71
9 8
3 18
6 4
5 45
8 20
6 17
6 29
5 6
3 66
8 87
2 7
8 45
2 34
2 41
6 71
7 46
10 95
4 91
10 37
6 23
10 38
6 22
8 99
1 80
1 69
7 54
3 41
10 20
8 70
7 63
6 80
1 59
9 31
4 9
10 93
4 96
2 69
5 46
7 25
6 54
5 67
10 52
2 56
8 20
8 94
9 65
9 32
6 98
7 88
6 4
10 52
10 44
9 70
6 99
5 47
2 60
7 88
3 85
10 21
8 70
3 9
2 62
6 98
6 84
9 93
10 88
10 39
7 96
7 25
10 2
10 2
10 95
10 83
4 92
9 70
4 49
8 44
10 24
5 10
7 77
9 79
7 92
3 53
9 15
8 25
7 59
6 92
10 78
1 4
10 95
3 53
4 81
3 6
4 41
5 96
3 92
10 98
7 74
10 53
10 86
3 99
2 6
5 27
7 93
2 89
8 40
9 41
6 27
2 21
5 11
4 36
8 89
3 25
7 56
3 9
10 87
7 58
7 43
1 14
3 57
1 80
4 25
9 70
2 90
4 98
7 88
6 35
7 96
10 61
3 36
10 24
1 1
10 23
5 53
2 9
10 41
5 14
6 60
3 80
8 99
2 16
6 5
6 63
2 78
9 13
2 20
8 43
2 30
7 66
6 2
2 76
2 98
3 90
3 26
2 71
10 84
6 9
3 70
3 90
10 23
9 58
9 45
3 32
2 78
9 7
7 12
4 60
2 71
4 17
3 15
9 92
6 68
5 18
2 23
5 11
1 38
9 52
5 63
2 57
3 5
8 49
7 33
6 63
8 65
6 59
10 15
8 62
2 93
9 26
5 76
2 62
10 7
9 23
5 6
6 93
10 100
7 65
7 31
4 31
1 63
1 43
3 22
7 92
7 27
5 34
9 53
9 47
1 51
6 46
2 82
8 67
10 59
4 62
10 67
5 50
10 29
10 66
6 4
7 52
1 42
4 50
2 21
4 7
9 13
5 66
3 39
3 41
7 88
5 57
3 5
10 50
3 84
6 28
8 45
4 53
9 39
2 22
5 30
5 16
7 33
4 46
9 12
6 31
10 78
10 34
7 61
9 71
7 91
5 52
3 28
7 96
9 26
5 53
6 14
7 64
7 8
3 11
1 35
10 55
9 74
1 40
9 15
2 27
3 83
5 15
6 15
10 43
4 2
8 79
3 87
7 86
5 37
3 69
2 50
10 71
7 98
6 96
10 23
1 3
1 95
4 64
1 44
1 100
8 91
8 6
9 83
5 30
5 5
7 83
1 15
5 17
6 50
4 26
8 13
3 28
7 83
4 97
7 53
5 50
3 41
5 96
4 75
1 100
5 35
5 15
6 8
3 3
9 45
8 90
4 37
1 29
9 64
3 24
9 40
3 28
5 21
10 10
2 23
6 96
9 12
3 66
4 2
1 56
10 75
4 15
10 90
9 94
9 13
4 5
6 66
1 97
7 59
2 71
8 23
6 59
7 91
8 55
3 61
3 28
3 64
8 9
3 90
5 79
10 59
8 1
3 3
5 18
4 58
3 100
1 47
5 51
8 96
1 20
2 17
7 40
10 9
10 78
3 91
10 92
7 81
7 72
3 99
6 84
8 50
7 97
4 31
4 46
3 8
5 82
5 70
10 34
5 82
4 76
9 90
5 69
10 35
1 62
9 62
4 76
9 60
7 45
2 55
2 47
10 14
4 64
1 20
5 36
2 90
8 59
9 51
4 19
4 66
6 54
6 48
10 48
8 19
10 93
7 18
7 74
4 90
4 27
10 63
4 12
7 65
3 77
1 70
7 28
8 65
2 9
5 76
10 82
2 87
4 81
8 62
1 72
6 53
6 19
2 27
5 84
6 24
3 48
8 31
8 14
2 29
1 10
4 40
4 57
5 81
6 20
9 33
1 43
6 67
1 27
2 23
3 83
10 62
3 100
4 18
2 52
1 25
8 59
8 99
5 21
5 48
8 39
1 41
4 45
1 26
4 8
1 33
2 82
3 11
8 39
9 91
2 46
1 77
4 5
9 20
7 99
10 1
1 34
3 72
8 64
9 68
3 62
8 55
8 47
4 76
10 3
8 14
4 69
6 42
5 11
6 96
5 41
9 55
4 4
2 75
7 62
10 41
4 32
10 50
10 80
5 8
4 84
10 43
2 99
7 91
5 63
3 59
6 13
6 19
1 78
10 22
10 86
2 28
8 7
6 42
3 19
3 84
5 19
2 77
1 46
4 17
4 42
3 34
2 74
3 39
8 59
2 81
3 12
9 29
2 47
5 59
7 90
2 15
5 88
1 50
1 33
8 23
4 39
8 19
5 96
7 54
10 13
3 60
6 49
6 81
8 99
9 37
2 68
5 50
4 99
7 44
10 44
3 82
1 59
