1 80
7 45
6 42
10 29
5 25
1 93
6 11
4 7
7 78
4 69
1 70
6 8
7 95
10 62
7 47
2 55
10 61
10 100
7 97
10 1
5 70
2 46
1 99
8 1
10 10
1 2
5 40
9 43
5 70
2 59
1 16
9 31
10 8
5 53
6 78
6 93
4 92
1 89
2 93
3 68
6 90
10 27
7 29
6 16
7 70
9 89
7 53
8 53
8 79
9 10
6 12
5 20
4 29
8 10
5 45
10 7
6 68
10 42
10 49
10 19
1 49
2 62
7 90
4 59
3 64
8 25
5 24
5 99
4 30
9 85
10 65
3 91
6 86
9 17
4 65
6 63
2 58
2 56
9 88
4 71
1 64
2 81
5 9
5 6
3 15
5 34
5 98
1 52
1 25
4 19
6 40
8 29
5 52
4 6
3 22
6 9
2 96
7 2
2 15
10 20
4 64
10 18
2 50
6 21
3 97
1 40
2 19
1 65
5 37
9 44
9 57
8 82
3 90
8 28
3 35
10 10
2 89
8 27
7 76
8 35
1 30
4 41
6 13
1 86
8 87
2 14
4 72
3 2
9 23
8 96
3 36
9 72
2 46
8 71
6 33
7 6
9 76
4 16
8 11
4 9
9 8
8 29
1 31
2 25
8 50
7 44
3 63
8 33
7 3
7 73
2 100
1 41
6 99
9 7
4 43
3 34
9 66
4 51
4 55
9 62
10 53
10 34
10 75
4 6
2 99
9 29
8 78
6 1
6 75
8 20
4 96
5 60
9 14
6 70
4 27
7 14
4 59
1 25
8 60
5 43
8 40
6 63
8 46
2 34
5 92
4 85
1 83
7 8
9 88
7 97
8 28
7 92
3 60
4 81
9 79
2 59
3 96
1 76
3 84
7 55
2 93
9 89
7 6
7 82
5 4
3 60
4 81
5 98
4 59
10 70
7 39
7 55
4 97
1 34
9 41
7 13
5 32
9 85
5 65
3 61
10 9
4 19
5 74
7 33
7 69
4 4
9 41
8 83
5 17
6 71
2 32
1 40
8 75
2 35
7 35
9 10
5 41
9 82
3 12
8 92
9 39
6 76
1 64
9 38
7 97
8 66
9 29
5 35
7 99
7 17
7 28
5 53
5 51
1 26
6 26
5 13
4 71
4 68
6 77
10 53
10 37
8 35
8 77
4 99
4 92
1 25
10 41
1 17
3 30
2 89
6 25
6 69
3 26
3 74
6 71
7 24
7 49
2 54
6 52
1 36
2 19
2 41
8 53
10 99
7 92
10 9
7 52
2 71
10 76
1 85
8 34
6 78
6 85
6 92
3 53
8 61
5 10
8 24
2 64
6 43
1 7
2 85
3 84
4 4
10 73
4 45
6 95
5 72
1 85
1 75
9 80
5 79
1 33
3 98
5 63
10 88
10 56
4 73
6 75
8 40
8 45
9 70
8 1
8 1
5 40
3 73
4 93
7 66
9 42
8 96
5 58
5 39
5 40
2 73
2 8
2 3
9 28
3 73
4 72
4 67
10 40
4 89
6 21
1 17
8 80
2 40
8 75
9 3
5 77
1 2
5 80
1 96
8 89
2 72
6 85
9 55
2 64
4 95
3 76
7 53
5 51
1 12
2 24
3 33
10 88
2 26
9 58
8 15
6 46
6 97
8 88
6 56
10 71
3 75
10 41
8 98
6 66
6 27
1 29
7 65
5 60
9 15
8 99
9 14
2 9
2 67
6 43
2 4
1 86
3 89
1 4
1 3
4 14
1 49
9 25
2 91
2 43
8 44
8 57
10 31
3 80
2 34
2 100
7 64
5 70
7 14
1 73
2 53
6 24
10 86
8 72
9 82
8 76
2 13
7 51
6 43
2 69
6 46
8 47
1 79
4 49
5 48
6 73
5 59
5 18
6 58
4 91
9 99
3 98
5 58
10 10
10 89
2 73
5 8
4 79
7 19
5 84
7 49
6 28
1 42
3 33
5 90
5 5
1 57
4 95
9 47
7 49
6 34
10 72
6 34
2 80
2 37
2 71
5 32
6 89
7 98
8 85
10 84
10 59
9 13
4 17
9 65
7 97
5 82
6 74
7 90
6 87
3 32
1 66
8 41
4 80
9 3
1 30
5 78
8 92
7 75
2 98
2 6
9 21
10 92
7 99
10 19
8 23
4 70
7 68
3 44
7 2
8 12
3 88
8 71
5 100
9 67
7 80
8 96
7 57
1 89
1 51
6 65
1 93
7 48
4 31
8 2
4 90
5 26
9 55
4 71
4 84
2 32
2 100
5 46
6 82
1 29
1 70
5 84
9 44
9 37
5 42
8 53
7 52
2 16
8 71
10 46
7 39
8 35
6 34
8 88
1 71
4 15
1 83
6 40
7 92
1 6
6 16
1 75
10 85
3 75
7 95
4 16
3 2
8 43
8 34
7 3
2 33
8 44
10 92
1 57
4 38
9 15
9 74
1 55
3 84
7 7
5 25
4 10
6 60
10 21
1 4
3 69
7 15
3 92
9 99
8 84
10 41
9 63
1 17
3 1
8 38
7 96
2 59
9 67
5 37
1 97
7 40
6 12
8 21
9 50
1 62
4 80
8 2
9 87
2 95
2 61
5 6
5 85
10 82
9 38
4 86
4 98
5 21
10 62
7 64
4 51
4 99
10 17
3 92
3 75
2 73
4 15
10 29
3 6
8 87
7 61
5 10
9 45
1 73
8 33
10 91
9 18
10 31
6 79
1 51
1 71
10 95
9 40
9 82
2 93
4 32
9 100
2 78
9 74
2 10
7 88
7 79
7 37
6 58
6 62
4 60
10 50
5 29
8 94
8 5
3 76
7 94
7 29
3 41
2 24
2 78
5 44
7 87
4 97
1 76
1 98
2 62
9 92
2 23
7 31
7 27
9 20
9 21
2 33
2 27
3 96
4 95
2 47
9 71
2 61
9 81
7 80
1 38
6 59
4 45
6 22
6 11
2 100
1 24
9 41
3 37
10 22
8 70
1 47
7 76
1 71
8 61
2 15
9 27
1 81
5 22
6 55
8 9
4 5
5 1
8 36
6 30
7 53
6 59
2 98
10 33
3 48
7 84
3 35
10 26
9 50
6 80
2 66
7 26
2 95
6 11
7 86
3 43
2 30
3 34
10 86
9 63
10 4
7 57
1 80
5 57
7 20
3 5
2 64
10 81
3 17
9 13
9 71
6 15
2 53
5 19
1 10
10 65
9 98
9 6
2 42
9 31
8 49
5 35
2 15
7 15
2 52
7 45
2 59
10 91
10 29
2 70
9 74
2 11
5 83
9 45
10 17
6 17
10 17
9 64
8 13
3 55
3 92
9 49
8 86
7 30
1 91
5 19
3 31
9 82
2 70
8 87
10 81
3 70
1 37
10 57
5 89
2 98
10 12
6 18
2 97
8 84
4 71
3 25
3 91
5 13
4 24
4 57
2 39
7 7
2 29
8 62
8 43
8 51
10 29
9 17
1 31
5 50
1 60
6 82
8 44
4 21
8 21
4 1
8 10
10 38
6 33
6 51
9 91
5 26
1 91
5 76
5 3
3 75
1 75
10 76
5 28
10 45
9 96
6 48
10 14
5 66
7 8
7 32
8 82
1 56
10 5
5 72
4 60
6 43
8 43
2 69
6 21
5 18
6 55
3 94
10 95
10 52
10 51
2 69
6 42
10 64
10 16
5 21
1 7
5 67
3 10
2 67
9 74
5 59
3 7
8 27
6 21
7 87
3 54
6 37
10 93
6 95
7 99
1 10
8 25
5 2
3 54
4 11
6 16
4 88
6 39
8 2
10 5
8 24
4 40
2 42
10 22
5 4
2 52
8 45
1 55
8 73
2 95
9 69
4 21
2 10
4 45
10 89
2 25
7 89
5 78
7 46
4 53
7 63
5 77
10 81
3 55
2 23
5 38
1 41
4 19
7 84
2 86
7 23
4 75
8 85
2 31
4 39
10 14
2 21
3 94
9 17
1 7
3 33
10 11
3 7
2 24
9 38
6 37
10 27
2 66
3 58
9 36
6 59
3 33
4 25
2 44
3 43
5 18
3 30
4 54
7 3
2 34
6 49
7 87
4 42
2 62
10 52
8 5
4 39
8 71
3 4
7 71
1 25
3 92
6 6
2 38
4 32
2 56
4 52
5 80
10 37
9 59
3 95
7 70
1 72
9 94
6 17
5 55
5 56
4 25
10 18
7 96
6 60
9 26
2 100
2 71
5 94
7 93
2 52
8 2
8 100
4 52
3 96
4 71
3 48
8 38
4 69
8 71
10 81
8 13
6 40
4 61
10 6
6 9
1 79
2 58
4 72
2 96
1 74
9 88
8 73
10 25
9 100
1 92
3 77
9 99
5 57
1 62
5 1
9 94
6 74
1 17
9 11
4 46
4 95
6 57
7 23
5 48
5 66
6 51
2 14
7 6
9 42
9 17
5 47
7 27
6 48
8 36
2 19
2 62
9 9
5 36
