1 50
5 87
6 43
7 91
5 32
3 47
6 16
7 51
7 81
10 77
6 44
3 51
2 91
5 66
2 60
9 33
9 32
5 28
9 45
4 68
8 22
9 40
6 94
6 40
8 96
1 45
6 13
7 8
4 11
2 93
4 3
4 26
5 39
7 64
4 19
6 14
1 69
7 69
10 31
7 97
5 1
3 50
7 32
2 81
5 51
5 14
2 72
1 71
10 75
7 48
9 76
9 35
3 10
10 62
6 69
9 87
3 93
8 8
3 29
10 42
10 51
4 76
10 48
6 29
1 32
4 2
4 20
7 49
9 34
10 99
7 68
1 45
3 71
4 4
8 62
4 86
6 46
10 57
1 26
8 15
1 58
2 44
9 16
7 84
9 35
9 49
2 91
3 9
10 17
7 20
4 45
7 10
10 98
1 32
10 91
10 26
2 17
6 24
2 68
10 18
6 6
5 66
1 98
2 20
5 66
4 6
3 18
9 30
7 46
7 98
3 82
4 42
7 8
3 12
9 30
5 17
2 59
8 64
1 73
2 14
6 58
4 73
4 64
7 25
9 49
7 49
5 39
8 86
6 41
3 35
8 12
6 53
6 78
4 22
4 57
8 10
10 100
5 41
10 43
2 24
3 24
5 75
10 91
9 91
4 42
8 66
4 26
7 48
5 47
1 12
8 34
5 65
3 33
7 79
9 28
8 55
5 16
10 86
10 65
8 85
4 81
10 27
9 23
6 8
8 85
10 99
10 91
9 46
2 18
9 65
8 86
1 37
2 79
4 8
8 50
5 83
5 44
4 24
8 23
3 5
6 78
4 17
2 20
9 42
3 89
7 13
5 73
4 3
2 46
9 96
6 37
9 94
6 100
5 11
9 43
2 16
10 73
4 88
3 14
9 41
1 11
5 70
9 26
8 48
4 93
2 70
5 38
7 46
9 77
7 26
9 98
10 25
7 29
3 79
1 56
5 70
4 68
2 12
2 68
1 58
1 36
8 27
5 98
3 2
6 83
8 12
6 12
3 48
9 39
6 22
4 34
4 95
7 80
3 71
7 56
2 23
4 59
7 61
6 48
7 67
8 86
6 5
7 66
4 20
2 76
5 97
6 53
3 41
4 35
2 79
6 37
1 35
7 33
1 78
2 72
6 32
9 82
6 66
1 83
2 74
9 34
9 24
3 48
7 3
4 33
9 100
1 20
10 99
10 36
1 49
9 43
3 95
9 78
7 69
4 56
1 50
6 94
6 51
1 12
2 63
6 73
3 71
6 76
1 3
8 62
7 70
1 57
2 34
1 68
7 40
10 72
8 99
9 28
6 75
4 32
4 94
3 5
6 11
3 25
2 35
8 85
8 65
7 29
10 53
9 59
1 50
9 24
3 58
3 80
10 87
1 21
10 79
2 27
1 32
6 44
5 10
9 7
6 78
1 11
4 29
6 2
3 59
5 63
6 66
8 77
8 22
2 2
9 63
8 57
3 42
9 60
7 65
2 1
1 78
10 60
4 78
6 78
9 15
6 93
3 80
3 37
9 23
6 83
2 26
10 25
6 33
2 69
1 75
3 15
8 31
2 67
10 76
9 20
8 98
6 15
10 92
7 83
1 87
7 93
9 23
8 60
2 61
9 80
2 25
2 90
4 63
9 100
3 6
4 2
10 32
4 96
9 10
7 18
6 19
5 87
4 71
7 58
5 7
8 53
2 39
8 3
1 13
8 8
2 45
9 17
6 82
5 49
1 21
2 16
6 92
1 41
4 26
7 7
10 97
9 94
1 97
10 97
1 45
1 70
9 84
8 73
4 15
9 89
7 10
1 39
1 60
9 8
2 19
1 67
1 97
5 2
2 38
3 39
3 39
7 87
3 49
2 62
2 7
7 88
10 64
3 56
2 89
4 92
8 35
9 34
4 54
10 78
7 91
1 37
3 100
5 50
7 85
2 11
9 58
6 23
8 16
7 35
4 90
1 56
6 2
8 96
9 20
3 68
1 27
7 10
5 38
5 39
1 3
3 62
8 60
10 61
3 38
10 100
4 71
4 48
9 67
8 60
2 80
4 40
5 63
4 32
6 67
9 71
3 89
8 10
1 9
6 83
8 77
3 7
4 76
3 100
4 71
2 56
3 48
6 88
1 23
7 89
9 90
7 25
2 28
3 94
10 26
2 64
9 34
1 16
9 66
10 53
3 94
10 26
3 38
3 59
2 94
6 66
6 79
7 2
3 27
1 44
10 82
6 24
1 81
7 15
8 19
7 43
3 63
7 8
10 80
9 62
2 61
1 40
5 50
9 17
2 75
8 54
5 20
2 44
3 73
4 72
8 29
6 76
9 7
10 8
2 16
2 15
4 16
1 61
1 47
7 43
6 88
7 97
4 90
2 43
3 16
6 74
4 35
5 19
9 9
4 3
4 13
9 14
6 6
2 86
6 3
1 67
9 25
2 49
5 20
6 90
8 51
4 83
1 65
4 57
3 3
2 41
10 24
5 18
5 12
4 39
10 16
7 49
7 31
8 50
6 4
4 100
2 17
6 41
8 99
1 40
10 35
5 78
4 35
8 43
4 42
9 48
1 8
1 62
2 66
3 84
4 87
8 33
1 68
9 1
6 86
1 28
3 57
8 98
1 59
10 53
1 31
9 36
5 30
1 57
10 74
10 83
10 2
2 42
2 20
3 35
8 52
3 84
2 38
2 29
2 17
2 62
1 48
3 97
10 34
6 82
3 30
9 75
2 8
10 22
4 59
3 87
4 59
9 24
2 46
10 91
8 52
1 79
2 5
5 33
2 5
8 70
5 82
7 31
6 41
8 66
4 19
8 89
7 66
4 44
2 69
2 83
10 40
9 22
6 69
5 62
7 77
4 21
10 92
5 61
1 49
6 89
10 84
5 33
7 53
2 25
8 94
7 75
8 93
5 70
2 37
2 46
1 68
10 65
10 26
10 67
9 100
2 16
6 43
7 55
8 68
9 55
4 26
7 49
2 99
6 80
1 69
8 99
8 76
5 65
2 28
5 43
2 22
3 97
6 40
5 7
9 99
4 17
1 64
9 78
8 51
8 63
4 4
10 87
2 15
7 50
6 96
9 79
5 20
3 15
4 3
2 73
3 95
3 67
10 17
5 55
4 64
10 91
3 19
4 31
4 96
10 42
7 60
1 12
1 65
5 95
10 83
5 92
10 10
5 30
5 41
6 30
3 37
2 89
10 58
7 67
10 67
10 52
4 88
4 30
6 16
7 44
3 77
3 1
10 38
2 97
3 36
2 76
1 8
7 57
7 36
3 3
4 77
7 81
3 54
5 29
2 23
6 87
9 1
1 65
2 22
8 80
8 37
5 57
6 88
1 53
2 50
7 42
1 4
5 96
6 95
7 17
6 98
8 94
5 90
10 26
6 14
7 68
9 28
8 9
5 42
7 87
1 35
2 30
1 34
2 86
4 62
5 70
4 67
9 100
2 65
6 13
10 94
9 4
7 7
7 43
5 60
5 67
9 77
7 98
8 54
2 66
2 57
5 44
8 7
3 18
8 77
4 50
3 51
8 97
4 60
8 61
8 20
3 32
10 98
5 73
10 36
3 60
8 49
10 26
1 47
4 87
8 92
4 77
6 15
8 2
8 24
4 62
10 32
5 22
5 66
3 1
7 84
7 65
3 90
10 6
8 62
2 68
2 31
5 74
9 64
7 12
6 10
6 53
4 38
3 14
7 50
2 88
5 38
4 8
6 99
2 26
9 28
9 76
6 49
9 49
8 25
4 50
3 19
10 87
8 33
1 99
2 90
9 71
1 79
4 90
9 9
4 52
8 17
3 11
10 100
1 74
8 34
3 48
3 51
10 89
8 38
5 30
6 10
5 2
1 21
10 98
4 67
7 22
6 73
8 78
10 53
2 40
5 63
3 79
9 85
1 17
3 63
5 2
6 97
7 57
3 10
10 29
4 19
8 81
9 41
10 92
10 99
7 53
5 1
6 50
3 30
9 76
4 5
1 15
5 80
4 48
4 5
9 73
4 66
8 73
4 55
1 85
3 52
6 7
9 50
7 9
10 46
4 10
1 93
8 54
2 78
8 83
6 26
3 5
2 31
6 78
1 37
2 42
6 89
7 91
10 64
2 97
9 60
1 75
2 10
10 18
7 76
2 66
7 21
9 90
7 44
9 60
4 22
2 43
10 41
5 86
8 13
6 98
4 25
8 23
8 72
10 52
8 38
2 97
10 55
7 46
9 22
10 99
10 10
5 39
5 66
5 22
7 55
6 79
2 37
4 46
9 83
6 39
4 99
5 7
10 34
7 17
7 88
6 98
8 65
4 66
7 77
3 100
2 6
2 100
9 95
5 35
10 43
7 87
8 88
9 98
5 20
5 62
8 68
8 15
2 60
5 56
9 5
1 12
7 16
6 37
1 8
4 64
5 77
1 29
10 29
3 68
3 4
6 93
8 35
1 20
2 73
8 46
7 11
8 70
7 86
10 95
8 20
