7 58
8 90
8 47
4 92
1 1
6 20
10 96
6 20
3 66
7 51
3 28
9 24
2 93
5 21
6 92
4 29
4 9
8 23
6 57
8 78
10 73
9 77
9 62
1 74
9 39
10 28
10 86
8 39
4 76
6 22
2 68
6 79
3 56
6 21
6 29
10 51
9 57
10 73
9 30
10 22
9 88
4 33
8 24
8 4
6 37
8 22
5 93
9 44
10 94
9 77
8 82
4 20
3 32
3 55
2 40
4 22
6 11
5 48
7 81
7 98
6 16
5 3
1 34
8 60
6 54
2 54
4 80
6 56
9 40
9 91
10 21
10 38
4 95
1 47
3 85
8 38
5 41
6 87
9 44
3 74
4 34
9 4
10 32
8 77
10 59
4 26
1 40
7 19
4 31
7 9
2 57
2 99
1 84
8 16
3 38
5 71
6 100
6 67
4 57
2 28
7 38
10 74
3 6
10 45
6 76
10 54
10 21
3 90
3 32
9 49
2 32
7 27
4 62
2 31
8 91
2 96
1 69
6 77
7 82
6 84
5 63
8 71
3 32
2 63
10 7
3 47
8 27
3 85
1 34
3 100
6 19
4 87
9 52
4 37
7 100
7 3
6 66
1 50
9 38
2 74
5 47
9 44
7 38
7 15
7 97
7 31
6 25
5 50
10 59
7 16
6 53
1 63
6 62
3 73
6 23
5 26
2 42
5 1
8 69
8 82
6 43
7 38
5 32
9 32
2 86
8 57
8 80
4 99
2 55
5 2
9 60
3 24
9 82
5 39
7 49
6 5
3 44
5 23
7 80
1 50
2 69
5 37
6 30
4 28
9 33
8 15
1 41
1 47
1 56
8 17
5 98
10 25
4 92
3 33
7 9
4 56
10 55
4 22
8 14
5 18
2 43
4 55
4 48
6 44
5 65
5 27
1 2
7 21
4 86
9 32
5 96
2 26
5 22
1 10
6 85
6 65
8 51
9 27
7 40
7 35
7 31
10 41
1 84
3 11
3 52
7 53
10 97
9 87
9 45
5 91
8 26
4 80
2 24
4 37
2 86
10 99
9 34
3 27
9 65
1 72
6 8
5 78
2 95
10 16
7 83
1 19
10 85
1 92
1 89
2 58
9 92
5 70
6 80
2 10
1 43
1 4
1 52
8 33
8 46
2 76
2 1
9 77
10 95
9 20
2 12
3 23
8 74
1 89
9 48
6 56
3 94
8 82
5 66
10 40
9 38
1 24
3 99
1 81
2 71
7 37
5 11
3 87
4 54
9 59
7 26
8 51
3 40
7 71
7 28
7 53
1 4
2 20
9 66
8 88
10 53
8 63
5 99
10 34
3 87
1 66
2 73
4 58
5 56
2 35
4 36
8 83
4 20
8 35
3 92
10 100
6 34
9 65
4 36
9 36
10 70
7 82
3 27
8 97
5 27
5 45
1 55
3 7
2 37
5 22
8 29
5 67
6 53
4 20
7 66
5 73
7 61
2 25
8 70
3 40
3 7
9 38
5 65
4 43
7 87
5 41
5 31
2 20
6 15
3 36
8 93
4 42
8 20
9 77
10 95
6 4
2 12
7 21
1 78
1 16
1 79
3 91
5 5
2 71
7 43
3 40
6 9
6 37
8 10
1 54
5 63
2 43
9 80
1 88
2 29
4 79
4 4
10 89
1 91
9 100
10 66
5 18
9 66
10 8
3 79
10 54
4 4
10 39
2 70
4 13
7 8
3 59
8 82
4 23
10 52
1 35
3 3
9 35
7 63
2 46
8 36
2 55
2 47
3 91
6 99
9 60
2 74
8 92
7 2
8 32
9 2
9 88
7 62
3 50
1 26
2 99
9 64
10 5
10 4
3 31
5 97
6 2
2 78
3 66
8 99
10 29
3 23
1 24
2 52
4 49
8 81
3 63
4 83
1 10
7 90
3 31
7 92
1 3
7 98
2 86
2 18
4 42
2 36
6 90
8 48
1 40
3 46
4 59
7 6
1 52
8 31
5 31
3 99
5 39
10 76
1 82
5 46
2 90
3 61
3 26
8 66
8 17
7 11
7 61
7 16
3 23
4 2
1 24
1 66
7 93
3 1
4 68
4 75
10 46
3 31
7 88
2 19
4 14
9 17
8 95
6 66
8 72
2 94
9 36
4 50
5 13
5 13
2 26
5 14
6 13
1 27
3 12
7 47
8 3
2 52
2 16
9 95
2 75
5 69
10 97
4 10
9 61
7 60
5 94
8 87
6 61
5 44
8 6
7 93
8 21
8 76
6 60
1 48
7 76
6 41
9 74
7 78
4 15
8 34
7 31
2 12
8 56
4 69
1 75
10 13
1 40
9 17
8 83
8 32
10 34
4 47
2 67
5 47
7 24
4 99
5 82
7 16
4 6
4 66
9 5
10 19
1 64
2 51
8 62
7 23
4 6
1 91
6 56
8 92
3 51
3 67
2 29
4 4
1 8
4 66
9 66
1 60
10 32
10 2
9 87
1 98
7 80
4 26
3 14
2 50
4 81
2 86
6 86
9 2
1 58
9 87
7 57
1 28
10 33
8 69
3 24
10 80
7 39
7 65
5 79
7 84
4 18
4 3
1 19
8 21
3 48
10 95
10 38
9 18
7 31
6 82
10 63
8 97
3 92
3 87
5 25
5 67
1 25
6 80
10 34
1 54
4 41
6 36
1 26
3 6
1 57
5 75
3 22
3 18
6 14
10 47
5 59
7 38
1 92
5 75
1 26
2 20
8 42
2 28
7 67
6 76
9 8
8 1
3 69
1 47
8 58
5 49
10 5
5 77
10 60
7 45
10 84
7 48
7 14
9 28
2 71
4 69
8 63
4 9
6 18
6 26
2 52
8 84
3 15
10 61
5 88
2 54
2 86
5 81
10 26
7 76
2 28
7 81
6 4
1 45
4 58
2 29
7 80
7 6
4 81
10 85
2 86
7 91
2 77
2 31
4 26
7 32
1 92
2 83
3 56
3 2
9 62
10 96
3 17
7 81
3 12
4 13
8 70
3 14
8 42
5 35
8 90
5 76
1 34
9 35
2 30
5 60
2 13
9 2
8 100
1 87
8 50
6 94
10 98
1 47
4 68
2 64
8 25
10 84
9 67
7 38
2 96
10 35
6 66
9 79
9 4
8 22
4 29
9 8
6 76
9 48
9 95
1 39
10 20
6 99
9 89
5 11
8 39
5 35
5 88
3 20
1 94
7 71
3 56
8 81
10 40
4 28
1 11
7 99
9 54
6 23
6 14
9 54
2 62
5 51
7 24
7 80
3 30
1 82
3 31
1 76
3 64
8 3
1 32
6 76
2 64
2 62
2 96
10 20
10 58
4 17
5 79
3 16
9 19
1 35
8 3
6 46
10 85
7 92
3 19
5 27
3 22
9 2
5 53
9 84
1 47
10 95
8 58
4 75
3 50
5 90
10 2
1 85
7 62
2 33
7 98
7 55
2 3
3 9
2 92
2 75
2 73
10 55
8 39
8 5
10 79
9 26
3 18
6 65
9 5
5 20
10 59
10 53
5 76
9 32
1 13
3 84
3 51
5 99
3 72
10 91
7 5
10 49
4 97
3 84
1 31
4 94
1 45
5 40
8 37
4 3
7 85
1 64
3 46
8 40
7 60
6 40
4 46
4 42
7 85
10 5
5 84
8 59
8 92
1 8
1 57
3 70
5 42
5 2
6 49
3 42
7 11
4 1
3 35
10 84
6 49
5 93
5 47
8 87
9 40
4 18
5 81
9 85
9 54
7 38
6 73
5 85
6 26
2 85
5 3
2 33
4 86
8 6
2 13
3 74
7 6
6 49
5 33
9 92
3 52
5 17
7 54
4 69
10 99
10 21
5 48
1 87
9 54
10 72
1 86
6 20
4 28
3 14
1 28
4 39
3 59
7 26
5 23
5 26
9 20
8 3
10 98
7 95
3 55
2 77
4 65
3 61
3 64
7 4
9 91
3 54
4 54
8 5
2 25
10 72
2 23
2 30
6 91
1 33
8 87
10 40
2 31
10 21
8 21
1 71
6 74
7 12
6 82
2 75
10 24
6 78
7 46
2 47
1 1
6 65
10 92
3 46
6 35
10 27
7 23
4 80
1 88
8 91
10 24
6 4
3 39
4 30
6 36
7 100
2 60
5 55
1 73
9 65
4 86
9 89
7 34
4 99
1 42
1 21
9 1
4 58
3 75
5 78
7 66
9 77
6 81
10 75
3 54
7 81
8 80
3 81
8 98
4 50
10 24
6 95
2 24
7 47
7 84
6 72
6 82
1 85
7 52
1 37
9 32
9 61
9 1
3 65
7 96
1 75
2 97
4 49
4 48
7 35
9 61
6 2
7 90
7 80
2 49
6 68
8 37
8 21
6 32
7 87
3 14
5 34
8 10
7 7
4 72
10 65
6 47
4 37
4 8
10 75
8 27
9 58
1 11
8 50
1 62
8 24
8 74
3 22
3 91
8 61
4 25
6 33
5 34
