8 13
7 71
6 87
5 45
6 88
6 44
1 64
1 32
5 56
4 69
10 37
10 13
9 34
5 14
6 62
1 59
1 63
1 48
9 46
8 83
8 39
7 7
3 24
1 89
5 41
3 14
10 32
1 20
9 72
3 22
10 40
7 35
8 58
10 93
4 81
9 71
8 28
10 46
7 68
7 80
5 38
9 31
9 15
3 86
5 94
10 81
4 68
10 83
2 74
10 56
5 74
9 85
7 79
5 58
7 13
5 2
4 70
8 82
2 96
7 76
1 39
4 38
2 70
8 16
7 6
4 51
10 84
10 4
8 12
10 17
4 26
1 71
9 81
1 58
8 55
8 54
10 89
5 42
7 3
5 2
2 28
7 37
8 72
8 29
7 3
3 77
10 36
2 23
6 58
1 15
9 75
9 19
5 42
9 83
3 7
5 80
7 39
9 38
1 20
2 52
2 84
3 69
2 70
7 21
10 91
2 69
10 36
6 16
9 32
6 7
3 4
8 51
9 70
6 74
8 36
5 4
2 3
9 29
2 1
1 10
9 14
10 48
2 15
4 92
8 97
4 96
1 89
1 15
3 54
4 46
5 7
7 26
4 92
9 10
5 27
2 73
2 49
6 73
7 79
6 9
1 46
5 88
6 31
2 35
10 64
6 16
8 45
10 42
7 90
7 22
1 75
2 79
5 26
4 42
10 84
6 17
10 11
8 82
10 40
6 100
3 46
3 50
10 15
1 19
8 31
2 19
2 18
9 92
1 46
6 85
3 3
6 24
8 100
7 63
1 96
6 62
10 5
9 3
3 12
9 74
7 29
8 4
4 26
9 72
8 81
3 85
1 11
3 35
3 93
4 49
3 25
2 68
3 85
2 7
10 80
1 79
2 70
5 81
1 87
10 22
3 71
10 2
8 21
4 78
10 78
10 49
8 62
8 79
5 70
10 26
6 20
1 97
2 28
3 34
3 36
1 43
10 92
5 44
1 48
10 9
10 47
5 20
2 76
1 75
10 4
8 44
1 88
3 17
8 12
4 87
2 85
10 38
6 80
6 52
10 29
7 47
6 67
7 97
9 29
6 87
8 98
3 70
5 86
4 90
3 50
10 60
2 3
2 52
6 82
6 4
7 3
7 41
1 12
8 56
7 65
3 92
8 10
9 34
6 56
9 50
3 46
7 94
3 77
8 37
9 60
3 46
4 2
7 15
10 24
10 37
4 70
1 5
8 82
8 54
4 38
1 18
5 32
1 20
1 39
2 32
8 52
4 1
9 75
10 48
10 36
9 88
6 59
3 4
9 100
1 77
7 51
8 77
9 40
6 54
8 90
5 74
8 16
8 49
4 85
10 33
2 81
10 46
8 37
5 47
7 62
7 99
1 39
4 13
3 18
4 84
5 54
8 95
4 26
2 66
3 1
9 61
1 85
9 61
6 22
3 18
10 45
6 29
2 87
6 15
2 13
7 86
2 49
9 62
6 23
5 21
6 53
8 97
8 33
8 75
9 66
4 22
1 38
2 93
4 46
1 58
10 55
10 76
6 6
10 80
3 99
4 48
5 28
6 25
6 93
8 91
1 96
5 47
4 35
10 65
6 73
9 40
7 2
5 91
1 10
4 37
5 74
3 89
7 76
5 80
5 25
3 89
9 68
10 89
5 45
2 75
1 11
2 50
8 95
6 61
2 27
9 44
5 12
6 31
8 77
4 12
2 92
5 89
9 70
6 83
9 75
2 93
3 92
7 91
8 11
8 56
7 52
8 38
5 65
3 26
5 3
10 26
5 8
9 64
8 3
4 62
7 95
9 42
5 9
7 89
4 28
2 79
3 58
6 71
2 65
8 74
4 39
9 57
7 96
6 92
7 43
10 5
6 20
4 34
4 9
8 97
7 3
2 78
9 52
9 50
6 63
7 59
8 5
9 19
2 59
3 59
4 53
6 65
5 26
1 98
6 77
7 38
7 96
8 53
3 27
4 88
2 29
2 65
1 28
1 45
1 99
9 60
1 13
7 94
2 40
4 56
4 32
1 1
6 67
4 45
7 50
9 97
10 21
8 49
2 36
6 98
9 6
8 87
8 8
6 51
6 55
10 26
6 46
2 22
9 7
7 56
1 17
9 64
1 21
1 30
6 33
8 67
7 33
10 28
7 17
5 50
5 72
1 35
4 4
2 12
8 2
2 48
5 85
5 14
6 23
3 40
5 96
8 96
6 72
5 3
4 76
8 76
10 65
8 83
10 17
6 72
5 30
1 92
1 73
5 87
8 48
10 7
1 9
3 36
5 3
3 41
1 98
8 80
4 27
5 18
10 26
3 62
9 93
10 28
3 46
9 30
10 12
3 67
4 71
7 88
5 78
1 12
5 43
8 56
9 34
10 88
8 30
7 49
2 21
10 36
8 47
10 88
3 63
1 36
4 46
4 16
9 5
9 66
9 13
1 4
4 2
6 46
10 77
1 18
7 72
8 9
3 88
5 92
10 25
2 15
5 15
3 51
6 64
1 82
1 50
5 50
5 43
3 86
4 40
6 53
2 4
8 41
4 26
4 4
4 22
1 67
7 89
5 14
5 86
2 60
4 90
6 12
10 73
2 6
8 22
4 73
3 78
4 78
10 48
10 37
4 86
8 64
6 24
8 37
7 65
5 65
3 36
3 7
2 27
2 13
6 76
9 27
3 62
8 7
7 47
10 14
8 16
5 2
8 89
7 87
4 59
6 59
10 88
9 86
4 71
7 27
6 41
6 39
2 36
1 88
8 90
6 89
9 18
1 69
4 87
9 57
1 54
1 92
8 83
3 66
3 11
3 44
1 94
4 96
6 56
8 57
3 58
10 87
3 70
9 89
7 35
10 51
8 8
2 62
1 44
3 43
8 57
10 97
9 22
9 47
8 89
3 70
3 97
3 47
5 13
5 78
5 88
6 80
2 46
8 19
7 40
7 84
10 39
9 24
7 1
9 100
7 85
2 32
4 54
8 43
9 32
7 9
3 83
2 69
3 44
2 6
6 62
8 30
8 74
7 39
9 64
1 26
3 62
10 53
8 34
1 28
4 69
6 49
3 74
3 50
8 66
4 51
1 94
8 4
1 30
8 93
4 94
6 90
2 18
9 95
5 19
4 65
6 93
8 62
5 20
5 86
5 92
5 67
4 73
4 88
4 43
8 58
4 43
3 32
9 63
9 49
1 77
4 8
2 32
3 72
4 42
6 90
1 82
7 64
6 14
7 56
4 89
9 94
2 100
8 47
10 46
3 47
8 27
8 90
8 70
6 95
6 15
3 37
10 4
2 60
5 54
3 24
2 96
8 38
3 92
9 92
9 16
10 57
10 93
5 98
9 10
10 28
6 32
7 8
3 85
5 86
4 96
1 62
6 76
4 72
5 44
9 58
9 91
8 12
5 64
7 9
4 94
1 17
4 3
1 63
1 31
2 22
7 16
7 55
1 84
7 14
10 95
7 10
10 48
7 70
5 43
10 67
4 93
3 80
10 31
3 38
5 60
4 60
5 87
10 2
7 2
2 6
4 14
6 52
9 11
4 73
10 6
10 15
6 10
5 96
8 17
1 40
2 65
1 32
10 96
10 45
7 100
5 46
7 84
10 44
8 95
4 4
4 94
9 26
7 86
5 57
4 44
10 46
10 91
7 59
4 52
10 45
3 23
8 34
3 1
1 53
10 54
7 31
8 67
1 32
10 94
5 47
10 45
5 15
5 80
1 67
9 14
7 34
4 56
6 8
4 54
2 72
5 7
3 26
8 91
5 48
1 60
4 70
6 31
4 53
6 93
3 50
10 74
3 99
1 5
9 57
7 46
6 92
8 37
7 74
3 93
5 51
3 33
3 7
7 34
2 73
1 94
8 55
3 53
9 89
5 75
10 98
1 6
7 10
10 33
3 9
1 42
10 13
6 1
2 73
3 39
4 30
2 7
1 46
1 2
3 55
3 98
1 46
10 49
7 38
10 60
7 49
7 44
9 17
1 16
3 3
9 25
9 42
10 95
2 43
4 78
5 18
6 6
6 48
7 71
9 100
5 56
4 93
5 22
4 48
2 46
7 51
3 21
4 34
1 56
9 7
9 12
4 10
5 22
10 67
5 89
8 75
8 74
3 12
2 61
3 98
8 30
4 44
2 90
2 25
6 81
2 36
2 96
1 51
7 32
10 8
6 74
4 35
2 94
10 49
5 32
5 62
9 54
5 59
4 100
4 76
9 53
2 44
1 87
3 56
5 23
4 56
7 67
8 66
2 20
1 37
6 24
7 97
6 33
10 66
2 24
5 95
7 94
10 90
2 57
2 54
4 58
6 28
2 51
5 98
5 64
2 33
5 20
9 55
5 14
5 83
1 53
5 93
2 42
10 6
1 60
4 60
7 23
5 38
9 94
5 60
7 14
2 18
8 36
2 95
7 82
3 49
7 16
6 47
1 46
8 68
2 70
7 63
8 48
3 20
8 65
8 99
9 13
6 71
5 25
9 70
