10 36
10 86
1 46
5 75
8 32
4 97
7 3
9 89
3 89
8 46
5 48
6 19
2 7
3 98
4 66
5 38
2 26
6 49
3 22
3 68
3 58
2 89
9 39
5 16
4 28
10 17
4 85
8 38
7 69
4 57
9 2
2 21
5 88
10 18
6 10
7 11
5 10
10 12
5 80
3 89
3 75
4 18
1 40
9 81
1 8
10 38
3 32
6 50
5 32
10 43
2 93
10 67
10 40
6 100
8 97
3 53
3 88
8 32
10 64
3 12
7 54
7 30
8 5
4 35
1 16
10 92
8 59
2 38
7 20
9 32
4 90
8 84
9 25
1 20
1 45
10 35
6 56
10 63
2 28
9 100
9 5
3 67
9 17
10 69
6 29
10 56
9 72
7 97
4 100
1 24
4 76
1 81
6 78
4 55
10 73
8 54
1 27
1 5
7 46
9 67
7 13
6 17
8 42
4 1
5 38
4 9
1 65
3 63
10 12
7 37
4 17
9 53
10 26
5 31
6 47
3 70
3 30
10 37
7 48
8 24
8 59
7 8
3 51
6 36
10 22
3 85
9 19
8 45
1 86
5 8
8 23
6 51
8 73
9 6
5 71
2 97
2 47
10 76
2 34
9 97
9 4
1 3
7 72
7 65
7 23
7 63
6 14
9 41
10 87
5 47
9 35
8 81
1 30
5 25
1 2
9 62
5 53
3 80
3 55
3 50
3 61
4 35
6 13
7 57
1 94
6 4
7 71
3 16
4 15
6 67
10 8
2 38
3 23
8 22
5 12
3 51
4 40
7 49
1 83
4 59
3 35
8 89
8 83
1 25
1 40
7 62
4 12
2 94
3 36
10 63
9 16
4 25
7 71
8 74
3 53
5 75
3 6
5 38
1 19
10 69
7 100
8 51
9 60
8 6
8 18
5 70
7 71
10 80
9 68
5 11
1 70
9 32
9 63
7 8
6 64
4 64
5 14
10 32
2 99
3 86
4 11
10 55
9 99
7 79
3 97
1 86
9 78
4 26
9 73
6 69
1 10
1 13
8 35
9 23
10 50
3 37
8 48
9 34
1 14
4 64
7 47
2 61
9 62
4 43
10 38
5 71
6 99
7 85
9 44
5 19
1 31
9 99
9 97
7 11
5 72
10 32
6 55
1 83
1 97
4 49
5 53
10 89
3 46
1 96
5 75
5 80
3 46
10 58
2 74
3 95
7 20
6 34
2 11
4 80
5 24
9 60
9 97
5 3
3 64
6 77
7 53
1 30
6 62
2 52
6 35
4 20
3 26
2 76
4 40
1 85
3 98
5 74
10 63
7 37
1 87
10 17
8 86
1 62
4 11
7 5
8 24
9 56
8 83
8 42
6 10
5 32
1 87
9 61
7 52
10 40
3 95
5 19
9 34
7 70
9 14
4 31
3 57
3 22
9 14
1 18
5 64
5 75
3 52
6 86
7 18
2 30
8 31
1 49
7 76
9 96
3 6
8 80
4 57
10 38
4 59
8 82
2 40
3 56
3 76
2 52
7 38
2 21
7 19
10 84
7 50
5 75
2 59
3 8
4 74
2 36
6 35
5 63
8 37
9 21
7 92
3 84
1 68
3 16
4 75
4 19
8 59
9 19
10 58
6 37
3 14
3 93
5 2
4 48
1 46
2 33
9 31
8 25
5 64
8 47
8 84
4 56
7 30
4 44
8 2
2 81
4 55
1 43
4 90
10 22
1 73
8 9
10 86
10 5
10 66
6 2
1 38
1 60
4 53
7 38
5 76
7 64
3 99
2 8
7 86
2 89
5 64
3 35
4 99
1 62
5 29
9 77
1 16
9 54
10 58
9 62
9 55
7 20
1 91
4 95
3 39
7 88
10 84
2 97
10 5
10 12
9 27
5 9
5 26
2 16
1 86
3 90
1 95
5 54
2 59
10 64
8 55
9 92
5 98
4 61
4 97
7 1
7 91
4 60
9 21
8 75
6 93
6 4
9 41
4 73
9 11
10 27
4 85
8 1
7 40
7 13
3 6
6 54
9 72
10 64
8 88
7 10
9 51
4 15
5 77
10 99
5 31
4 57
1 34
5 6
2 51
9 32
5 61
5 22
5 63
2 72
8 15
9 47
3 24
5 27
2 37
5 53
1 55
9 80
7 17
3 8
6 11
5 42
9 36
8 15
4 13
2 76
5 71
3 91
5 44
8 44
4 19
4 95
1 11
4 22
6 47
2 10
10 15
3 88
2 94
5 38
5 60
3 60
5 16
5 89
6 75
10 11
6 7
6 56
3 26
9 46
8 3
6 58
9 61
1 44
10 32
6 55
3 17
5 9
4 28
4 10
1 53
9 6
8 36
2 1
2 70
4 44
5 45
7 53
8 80
8 52
1 45
1 9
8 20
10 9
7 73
3 98
7 81
1 11
6 22
2 17
9 37
3 16
3 6
1 22
9 23
7 19
5 54
2 37
7 73
1 30
8 11
10 100
9 1
9 25
2 42
10 34
5 41
3 50
2 14
8 3
1 100
10 69
8 14
4 6
10 63
4 55
8 57
2 77
8 15
1 80
2 19
1 77
9 32
5 46
7 19
7 29
5 9
3 98
6 13
3 81
1 76
2 64
7 51
7 29
3 76
3 20
8 6
4 97
9 71
9 45
4 27
3 56
4 31
7 82
9 72
2 42
3 63
9 37
3 58
9 99
1 44
2 54
2 38
10 40
5 58
7 86
8 98
4 3
10 62
8 29
4 70
8 33
6 27
5 6
9 77
8 48
5 52
9 16
1 15
5 35
6 77
2 77
3 10
4 63
3 10
9 100
2 35
3 73
8 58
1 80
9 89
4 64
7 82
8 40
3 66
9 73
9 20
2 10
6 66
3 19
10 35
7 10
9 48
1 35
4 26
8 57
2 68
3 30
8 23
5 13
1 42
3 59
3 23
1 57
7 35
3 68
2 81
1 7
8 65
7 50
7 44
4 19
8 73
10 31
4 62
7 23
9 40
1 49
10 25
3 82
1 79
8 26
10 84
8 79
8 5
6 15
6 12
1 13
2 50
8 31
6 69
2 38
9 47
6 67
3 52
2 86
9 62
9 9
1 48
1 34
3 60
8 42
2 42
10 63
8 67
4 9
8 23
3 38
10 23
5 52
5 6
4 8
1 51
8 24
3 56
5 24
8 14
8 42
3 78
3 22
4 72
6 6
1 15
6 79
4 65
6 88
1 89
9 60
7 42
2 72
8 58
3 66
3 80
5 16
7 36
3 40
6 74
4 2
4 55
5 50
4 32
6 9
1 91
3 70
1 92
2 8
1 16
6 19
6 14
7 80
1 80
5 47
2 33
1 4
10 5
9 14
1 77
9 41
1 97
2 66
5 100
10 73
9 4
6 26
7 75
10 82
3 21
8 33
8 92
9 85
2 58
3 51
7 79
2 69
10 11
8 60
1 66
1 75
7 56
4 41
2 71
9 25
9 81
1 48
4 71
7 57
5 98
1 73
4 82
9 44
8 5
1 17
3 3
8 45
7 69
10 60
7 19
5 5
4 82
3 55
6 46
2 19
8 13
9 56
4 35
3 55
3 39
6 87
3 3
7 40
10 99
8 25
8 2
10 84
2 86
5 35
8 22
8 84
8 23
2 32
3 37
1 98
5 89
7 24
9 72
6 80
4 58
3 1
3 72
3 64
2 47
8 18
5 19
8 7
6 72
8 38
1 45
1 68
8 67
2 91
6 72
8 16
2 30
10 77
10 50
7 85
7 10
5 54
4 96
4 74
7 36
4 61
4 10
10 30
5 76
10 92
5 27
7 49
6 62
5 64
5 95
2 49
6 47
6 61
7 65
5 31
10 43
2 48
9 8
4 72
2 30
4 15
6 28
8 63
1 28
8 90
6 96
6 38
1 90
6 65
3 30
7 62
10 56
2 38
7 36
7 89
9 47
4 89
10 67
4 74
2 71
8 3
7 24
10 88
6 3
1 13
8 93
6 76
6 13
9 8
6 33
2 10
9 1
10 44
3 61
5 37
8 26
3 79
8 7
7 1
8 26
3 25
6 23
2 77
4 100
5 75
3 48
4 75
8 18
9 2
3 1
2 64
8 14
4 74
3 66
7 27
5 3
9 90
6 74
10 5
5 11
3 79
7 24
10 75
1 99
9 70
10 56
3 13
5 56
7 85
1 69
5 82
7 5
8 26
4 97
10 3
1 92
2 57
8 66
10 7
4 20
6 80
7 89
1 65
8 34
8 63
6 2
1 71
8 14
4 83
5 49
10 51
1 40
8 16
1 25
6 54
2 45
7 32
10 76
5 7
10 97
6 75
7 59
9 34
2 48
5 43
9 5
8 95
1 71
7 84
2 41
3 18
5 54
9 75
6 6
9 21
10 73
9 27
7 48
9 99
10 33
6 80
2 53
7 17
8 85
5 9
9 31
10 5
6 3
10 23
1 54
9 36
2 34
2 75
4 4
7 21
2 35
5 17
10 70
6 18
