9 48
3 27
1 3
10 21
4 18
6 2
4 17
5 34
5 61
10 73
3 66
7 18
6 78
6 37
9 16
3 25
4 74
6 95
8 56
2 66
8 44
1 4
2 82
10 29
3 61
2 7
8 45
7 71
10 6
1 31
5 26
7 78
6 22
9 16
10 61
2 3
2 99
9 35
2 98
6 69
6 71
6 97
3 39
6 61
5 72
9 70
1 84
2 5
4 30
8 31
4 77
10 75
1 25
9 93
2 31
4 21
5 13
5 17
8 96
10 77
10 36
10 97
7 30
6 80
2 20
10 39
5 21
10 59
10 15
3 90
10 95
4 10
2 49
3 41
9 85
3 66
8 54
2 7
1 69
3 41
2 65
2 16
7 39
2 15
8 65
2 32
4 66
8 60
8 45
5 52
4 54
10 41
5 49
2 74
7 28
4 40
3 10
2 62
6 55
10 2
8 39
5 4
10 67
1 87
3 6
3 2
8 61
8 90
4 3
1 73
9 68
4 70
10 61
4 41
6 99
1 1
7 25
2 87
6 66
10 66
4 44
9 80
5 76
9 72
1 34
5 68
5 84
7 11
2 3
9 61
3 22
6 36
8 31
9 28
6 92
4 53
9 55
2 76
9 91
4 68
5 19
6 8
2 60
9 35
8 95
3 51
3 25
5 46
4 73
6 63
1 36
3 70
9 51
7 100
4 96
5 6
4 26
1 83
7 73
2 69
2 31
6 65
6 30
4 92
2 78
6 68
6 95
5 99
3 83
4 55
1 82
7 1
7 100
2 91
8 34
10 58
2 50
3 89
7 25
7 74
9 100
2 31
1 95
7 49
8 29
7 8
2 54
5 18
3 15
10 51
6 40
1 53
3 72
7 74
7 89
8 95
7 65
10 93
9 7
6 71
6 60
1 74
7 54
1 45
9 11
9 95
9 66
10 84
9 4
4 77
10 94
9 8
9 23
4 64
6 37
5 94
5 83
8 34
2 70
2 45
4 34
5 51
3 61
10 48
4 35
2 72
1 41
7 73
5 40
4 58
10 57
8 66
10 23
4 29
7 33
10 67
3 71
9 95
1 79
3 36
1 74
6 76
9 17
6 21
2 33
5 46
10 31
3 18
4 53
4 88
1 59
1 83
5 2
9 8
1 83
3 10
4 71
8 82
10 46
9 81
8 54
10 88
10 8
1 27
4 71
9 61
6 45
10 76
7 58
2 92
6 54
6 23
4 35
8 13
3 45
5 93
8 15
7 28
5 64
10 96
1 2
9 70
1 74
8 79
4 89
7 97
6 58
2 18
8 30
6 1
6 86
8 4
8 8
10 18
1 73
5 51
1 70
2 86
5 98
2 91
7 25
10 2
9 47
3 80
3 20
2 54
7 67
3 39
1 77
8 59
6 22
5 98
2 95
7 42
4 90
2 49
3 15
1 11
5 56
4 29
7 93
5 72
3 26
4 53
5 66
2 58
8 88
4 25
1 69
2 8
9 98
10 45
8 67
4 53
2 73
5 37
8 33
6 47
2 67
10 84
7 90
6 22
1 89
7 2
8 11
5 13
7 28
1 11
3 21
2 90
6 23
1 59
1 67
8 56
5 37
4 90
8 23
8 57
1 85
10 98
10 91
5 78
10 95
10 90
2 73
4 91
3 25
9 99
3 21
6 38
8 16
5 71
1 99
8 47
7 26
10 60
1 84
7 38
2 24
8 55
2 15
8 61
2 23
5 47
3 33
2 21
3 41
2 40
7 96
1 46
5 95
10 46
6 5
1 29
1 37
9 13
5 67
2 67
7 58
10 33
8 49
10 81
8 55
5 21
10 28
4 7
6 77
8 29
7 55
1 71
1 53
1 62
4 29
10 97
1 22
6 26
8 7
3 90
1 3
8 54
8 68
7 19
2 10
2 69
7 63
6 8
5 37
7 27
6 76
1 7
2 33
7 73
9 8
3 68
1 72
1 50
10 24
8 13
1 82
9 17
10 83
10 45
4 92
7 59
6 94
6 34
8 46
3 7
6 80
2 56
10 2
1 50
8 56
4 53
6 48
6 26
8 36
10 92
2 47
8 56
10 61
3 20
2 2
8 84
4 19
7 36
5 42
2 5
8 40
2 39
9 56
5 79
8 18
4 55
4 73
7 47
2 62
8 95
4 51
8 79
4 45
3 54
4 55
7 32
7 24
5 75
5 34
3 69
9 29
8 41
9 6
6 99
7 42
10 62
5 44
8 37
8 6
4 9
9 89
1 15
7 39
6 29
9 76
4 100
4 40
5 98
5 3
6 37
4 71
10 45
4 98
9 10
5 62
8 5
7 45
8 21
7 79
2 42
1 55
2 92
4 37
6 82
3 91
3 45
4 18
2 100
9 88
2 53
3 76
7 75
2 55
8 55
7 66
5 21
9 89
1 60
9 15
3 93
7 55
10 59
8 27
2 79
8 3
7 71
10 66
8 9
9 42
4 97
6 62
4 93
7 13
4 89
7 37
4 52
10 78
6 62
6 62
1 6
7 86
4 55
3 22
10 65
1 78
5 11
10 25
9 52
7 64
10 38
5 40
8 46
10 8
5 62
8 46
7 6
8 85
4 79
2 46
5 13
4 43
1 48
6 60
6 50
9 41
6 88
4 29
5 50
4 30
1 81
5 65
10 54
9 45
3 33
9 32
9 95
9 91
3 16
3 19
7 73
1 92
3 19
9 38
2 86
8 67
9 57
1 22
1 18
2 93
2 25
9 89
1 86
9 67
8 93
6 34
5 42
7 98
3 82
6 36
1 50
8 32
8 67
1 12
3 78
1 30
2 16
5 53
7 31
4 29
8 9
8 9
7 78
3 95
5 50
4 83
4 16
2 72
4 86
7 36
2 34
2 23
5 54
10 28
3 48
6 80
7 60
6 100
5 88
7 9
5 23
3 35
2 81
2 47
10 27
4 91
6 98
6 76
6 23
5 82
1 43
7 93
8 76
1 31
4 84
3 59
10 36
10 56
10 18
4 50
2 90
4 47
4 11
2 26
1 70
10 11
1 86
5 3
8 75
5 25
8 46
10 18
9 94
7 74
2 70
6 81
7 46
6 1
8 8
4 8
3 4
10 15
9 55
3 38
3 93
2 16
3 98
2 24
6 69
1 48
10 73
7 46
8 16
3 77
10 4
9 51
4 76
1 81
9 53
4 71
10 64
1 50
6 13
2 16
8 32
1 76
9 91
9 63
9 88
4 35
3 73
9 82
8 16
6 95
8 72
4 61
7 50
8 97
7 17
6 79
9 44
2 100
1 52
3 44
3 41
6 83
2 3
2 18
5 69
8 7
9 49
8 13
8 79
1 95
3 52
9 28
5 9
3 38
8 88
5 36
10 44
10 60
7 88
9 77
2 90
10 50
7 98
5 18
5 49
3 49
6 17
9 36
8 26
1 28
5 64
5 35
8 12
5 60
4 13
10 2
3 57
2 97
7 57
7 85
3 18
4 63
10 20
2 98
10 84
9 7
1 95
2 10
2 3
4 29
4 55
6 18
4 79
5 10
6 100
1 81
9 18
1 21
6 73
10 54
1 75
8 23
2 9
8 4
9 51
6 45
10 29
1 16
5 63
10 14
10 49
3 74
8 18
7 75
5 72
7 1
2 66
9 52
2 30
8 81
8 92
2 38
7 67
5 41
9 58
6 21
4 87
9 29
1 86
9 1
5 42
5 74
2 90
8 22
8 50
3 22
5 7
7 90
10 33
6 75
5 76
7 91
6 39
7 9
8 66
3 35
8 62
8 22
4 39
10 21
6 53
9 2
8 16
6 55
10 59
6 81
6 37
5 83
8 63
5 86
4 9
7 16
9 91
4 76
2 76
5 77
10 56
6 66
10 51
4 82
7 37
7 64
2 40
7 87
9 17
3 41
7 8
6 58
6 59
7 80
2 50
10 77
5 25
6 37
6 59
7 55
9 68
7 23
5 93
2 50
7 23
9 37
6 30
3 35
2 62
7 43
6 45
7 43
2 38
7 32
5 45
6 66
8 71
3 59
6 58
5 83
3 27
3 27
8 29
1 96
7 46
8 80
5 4
7 41
1 42
3 2
1 64
6 26
8 6
7 14
6 57
7 31
1 32
1 34
3 78
9 38
9 16
4 40
6 8
8 76
8 21
6 27
6 5
10 13
5 37
10 31
4 75
10 47
1 83
7 27
6 48
9 51
9 49
4 66
4 76
3 1
2 71
8 92
7 12
8 34
9 92
2 88
4 15
8 21
10 94
1 45
1 1
3 92
4 88
8 46
6 65
8 50
5 57
9 60
2 61
4 36
1 79
3 97
4 50
8 58
5 10
9 80
6 22
10 17
10 57
1 45
10 47
2 68
10 5
10 48
6 15
9 45
5 63
2 42
3 28
3 78
10 60
7 77
5 90
1 94
9 48
5 18
8 18
10 31
4 9
10 59
4 83
7 79
1 10
5 80
2 64
8 57
5 95
3 15
6 10
1 18
10 29
7 74
8 21
