5 89
10 75
3 21
5 12
1 51
4 6
6 47
7 13
10 90
3 48
6 88
8 74
5 56
3 38
6 77
7 42
7 40
1 48
1 33
6 54
1 95
9 68
10 94
8 56
1 36
10 62
7 61
1 18
5 56
2 19
5 85
8 38
7 96
5 40
5 100
7 61
3 40
10 22
6 95
6 26
4 20
7 49
6 12
5 50
7 100
7 7
3 26
9 63
4 69
8 72
6 59
3 82
1 52
5 41
1 99
1 23
10 51
9 62
3 68
10 93
9 56
3 5
7 71
6 84
8 63
5 51
4 65
1 21
1 41
4 55
4 76
7 30
6 41
7 8
9 65
3 32
8 20
7 58
1 41
5 6
9 86
7 100
10 46
10 37
6 52
4 74
5 33
1 88
10 77
8 39
10 47
4 43
8 56
9 32
8 30
1 49
2 26
4 81
2 83
6 80
5 5
8 53
1 11
4 13
7 1
2 11
5 51
10 26
8 3
4 61
3 42
1 25
6 22
9 78
9 35
7 7
2 88
4 76
9 41
8 64
2 100
2 44
2 17
6 96
6 63
6 95
10 64
6 45
3 56
4 61
5 55
7 25
3 17
2 48
9 88
9 62
2 97
3 71
6 72
2 33
9 38
5 56
9 84
6 66
3 6
1 48
1 94
1 88
5 48
4 95
7 55
3 59
7 98
10 66
5 4
3 31
7 9
8 83
2 47
7 19
5 42
7 53
1 4
8 69
9 93
1 67
9 66
2 46
10 89
8 35
1 69
1 8
7 73
2 12
5 72
2 41
8 46
8 58
5 82
5 43
8 99
8 18
7 78
10 84
9 63
4 21
2 48
3 21
10 48
5 32
8 43
10 64
9 99
2 30
9 43
9 59
10 84
7 14
1 46
10 4
5 1
5 16
3 25
5 77
7 99
9 45
7 45
2 23
8 2
2 25
9 4
4 49
2 74
2 38
1 39
9 36
9 17
8 8
1 55
6 73
9 46
3 21
2 70
8 27
4 65
9 28
3 92
10 32
2 51
6 67
8 48
5 61
6 24
10 18
8 86
9 65
7 72
7 99
7 76
8 36
5 88
3 57
3 3
3 21
7 17
8 79
5 49
6 38
9 46
3 28
6 59
10 100
4 67
3 34
5 17
5 6
3 97
6 6
9 10
8 4
5 93
6 67
10 7
6 1
10 70
8 100
8 17
2 79
2 74
10 45
7 25
10 28
3 19
9 53
9 36
10 92
5 55
2 16
4 77
1 87
2 90
9 25
7 68
9 82
5 84
3 45
9 99
5 70
5 34
1 12
9 2
6 86
10 95
4 13
10 72
7 92
9 21
8 79
7 61
7 32
2 15
10 87
4 67
8 82
1 93
10 50
9 43
10 62
9 69
9 98
4 39
9 27
2 22
8 10
7 47
9 54
3 37
9 96
10 46
4 42
8 22
2 80
1 24
10 67
7 33
10 11
3 83
8 89
2 47
8 10
2 23
8 39
8 59
10 39
1 67
4 62
1 99
5 92
10 48
6 50
7 39
5 40
9 42
2 17
10 94
10 40
6 36
9 61
8 30
4 59
10 19
5 96
5 53
10 8
8 3
8 43
4 46
10 90
10 95
7 44
6 72
2 26
6 51
4 58
9 12
10 95
7 85
9 62
9 92
6 58
6 6
4 69
5 36
6 4
8 47
7 26
3 89
1 70
4 6
1 58
10 90
10 96
1 49
8 92
6 13
1 88
6 76
5 21
7 23
3 93
7 72
10 75
4 89
9 79
5 36
1 75
4 68
2 39
2 72
5 15
7 70
3 1
3 69
1 50
3 45
9 83
1 98
2 90
10 16
8 97
1 98
1 42
8 17
3 85
10 9
5 79
8 91
6 13
1 34
7 85
2 88
7 5
6 44
6 95
9 34
7 64
1 35
6 70
8 19
8 40
5 57
10 68
6 58
3 53
10 22
6 2
2 85
4 8
2 50
10 16
3 63
1 89
3 68
8 85
10 57
3 6
3 35
2 41
7 14
7 71
10 86
2 25
6 64
4 74
5 21
5 67
5 26
10 34
5 79
9 64
7 34
8 34
8 15
3 23
8 39
4 93
5 69
2 49
6 5
7 45
1 80
2 73
8 69
6 61
3 95
8 27
6 64
1 8
1 74
7 70
1 20
5 86
9 32
4 15
7 48
2 55
6 27
1 9
3 74
7 49
7 33
4 21
1 33
3 100
6 27
6 81
9 91
10 18
4 82
2 66
9 77
5 78
10 35
5 68
3 63
6 74
7 48
7 91
8 18
7 51
4 19
9 41
6 74
5 81
6 87
4 72
9 83
9 21
1 96
10 62
10 42
10 60
1 29
5 68
4 47
3 8
5 25
9 53
7 94
1 95
7 80
6 6
3 64
1 44
2 68
10 66
4 12
9 32
5 63
1 53
4 4
1 50
9 53
4 11
4 67
2 48
3 48
4 19
3 59
1 76
5 66
5 29
2 69
3 44
1 34
8 14
1 77
6 23
1 24
10 44
4 61
7 53
2 92
1 45
2 51
1 35
1 11
7 83
7 73
3 70
8 95
2 35
1 2
9 58
1 93
9 23
8 96
6 37
7 35
10 9
4 21
1 79
7 57
10 23
6 24
6 9
8 81
8 15
5 59
4 88
10 1
9 30
1 48
5 8
1 61
8 82
7 73
2 47
9 91
3 82
3 70
4 5
8 77
3 90
7 44
9 67
5 59
10 26
2 5
9 46
2 23
3 13
9 40
10 3
4 2
5 64
5 99
1 38
6 2
9 94
10 60
2 36
4 83
5 58
8 19
5 83
9 96
3 74
4 28
9 15
3 29
5 56
3 27
8 64
1 80
4 77
8 29
8 24
3 98
10 100
2 25
3 39
4 29
10 77
7 90
1 19
10 29
7 67
8 69
3 95
7 28
1 92
10 69
8 58
6 76
8 69
2 81
5 59
3 81
7 5
4 81
6 52
5 17
1 33
8 10
10 16
3 97
3 18
10 1
6 58
5 27
8 56
6 97
2 10
4 52
1 22
9 99
10 32
4 29
10 61
5 87
2 38
6 56
10 16
6 13
4 44
10 9
6 59
1 26
2 67
10 59
9 38
1 51
4 81
3 58
2 84
10 98
3 5
10 48
3 2
7 2
6 69
9 34
1 87
7 41
2 20
1 41
8 91
1 56
6 50
2 15
10 97
1 60
6 77
3 73
5 63
10 78
1 15
10 45
10 71
8 36
8 64
2 75
6 66
4 88
4 15
5 9
5 62
10 93
4 14
7 20
8 12
2 54
10 28
1 46
7 36
3 96
4 52
7 12
3 14
2 29
1 28
1 55
5 97
3 9
7 36
4 44
2 93
8 89
7 50
6 6
4 46
8 57
3 54
10 72
3 40
8 84
9 69
3 49
7 78
8 12
7 40
8 2
10 53
4 53
5 95
1 100
10 84
4 18
9 8
10 80
1 76
1 98
6 27
3 20
1 30
6 78
8 41
5 57
7 21
4 21
8 31
7 89
7 35
2 17
1 85
5 71
4 45
8 33
2 53
10 51
10 21
9 27
5 62
3 57
9 69
3 80
2 40
6 83
10 35
1 41
2 41
6 18
1 72
9 50
7 75
7 79
8 51
5 22
7 73
8 99
1 20
4 52
10 3
3 89
10 23
8 89
6 44
3 32
6 45
6 5
1 13
6 63
4 55
3 77
8 46
1 71
10 71
8 99
8 41
6 45
5 20
10 7
7 30
10 5
5 43
8 89
4 55
8 76
9 86
6 86
4 19
5 19
6 98
7 82
3 49
8 31
10 10
4 33
1 31
5 10
4 95
2 40
3 97
9 68
9 11
5 46
6 45
6 5
9 48
6 9
5 78
1 43
1 28
9 44
3 92
3 11
7 48
5 5
1 39
7 6
5 51
2 70
8 81
5 77
6 62
9 29
4 62
1 14
7 23
10 13
10 88
2 54
10 56
4 99
1 34
8 83
3 70
2 36
10 70
2 74
10 68
7 68
3 97
10 96
3 75
10 82
8 22
1 65
10 81
3 4
4 1
10 5
3 68
2 81
3 100
5 28
9 69
6 70
1 53
6 71
5 67
2 40
5 80
9 68
5 27
4 74
7 56
9 44
2 16
3 73
2 75
1 16
5 2
9 65
2 48
3 98
3 44
7 47
1 86
10 18
2 75
10 54
8 79
1 67
1 99
4 76
9 3
10 9
5 78
1 4
10 100
1 90
10 2
2 6
3 10
9 99
10 97
10 12
8 10
6 38
3 100
10 9
4 45
1 47
10 63
1 15
6 55
10 85
3 8
9 95
2 85
5 48
1 33
3 53
9 54
4 46
6 92
5 86
6 35
4 43
7 18
8 25
10 72
6 47
4 83
3 93
10 24
10 24
6 42
5 67
1 17
9 98
4 23
3 50
8 7
9 13
6 50
9 11
1 91
9 98
2 82
4 3
4 74
10 76
9 13
3 26
5 45
9 46
4 48
