9 90
4 36
4 7
2 45
7 60
4 69
8 94
6 18
9 29
10 24
10 42
7 88
7 13
8 33
9 54
6 41
1 29
8 97
8 35
2 2
4 16
7 17
5 71
9 38
2 85
1 46
6 82
9 18
9 21
4 40
8 67
4 57
5 47
6 80
9 73
5 23
8 81
8 36
1 47
8 99
10 90
6 39
4 66
7 98
6 75
6 15
5 51
2 71
10 36
3 56
5 52
1 59
9 73
7 84
8 29
6 100
3 59
5 95
8 77
9 8
1 71
5 70
9 32
6 88
1 55
3 45
5 92
1 95
10 90
4 95
5 2
8 18
1 54
5 78
5 15
7 83
4 13
4 13
8 14
8 84
8 73
4 40
6 78
4 51
5 70
10 87
10 77
2 57
5 41
1 92
3 81
1 16
9 16
9 92
10 96
5 19
8 99
3 99
2 13
3 82
5 90
9 38
2 31
6 84
2 29
3 22
3 63
1 31
6 86
4 40
2 22
4 68
7 43
4 52
8 9
6 57
8 30
3 83
5 83
9 60
5 90
9 55
1 23
5 39
5 73
8 87
10 97
7 80
4 30
3 81
8 91
1 63
7 50
5 79
1 81
4 97
7 49
6 15
8 51
10 85
1 87
5 39
3 72
5 18
7 44
6 96
6 98
4 42
1 2
10 92
10 26
1 2
2 96
3 54
6 43
6 96
9 2
7 43
7 15
4 11
9 57
3 49
1 51
5 8
7 38
4 63
8 61
6 80
6 39
2 80
4 38
4 66
10 87
4 75
2 39
7 35
1 5
4 38
3 13
10 49
9 17
7 41
7 67
6 35
4 68
3 61
9 72
5 76
5 35
2 96
8 63
5 77
8 4
5 4
9 53
6 58
7 9
10 73
7 39
6 50
2 50
9 6
9 58
1 89
7 44
9 44
5 44
10 59
5 81
2 72
1 74
5 31
8 73
9 47
8 33
2 14
7 49
6 65
6 67
5 91
6 15
7 4
4 25
2 98
9 86
9 16
9 32
4 24
3 12
3 19
6 18
7 26
5 28
6 88
10 96
1 15
1 59
4 77
5 75
10 85
9 45
10 78
3 76
8 60
1 99
10 45
3 5
2 44
9 21
2 6
9 23
3 93
3 98
6 14
7 73
9 38
10 44
9 77
9 25
1 44
5 59
8 6
6 7
3 61
3 30
3 51
1 19
9 44
3 35
3 47
8 39
7 33
3 65
3 2
5 8
9 35
5 78
6 32
9 91
10 88
10 52
5 3
2 34
5 65
3 22
7 96
8 86
1 56
4 89
4 95
5 55
5 66
7 97
3 65
1 9
4 39
1 27
4 7
7 32
3 71
8 46
1 74
6 21
7 81
1 20
10 29
6 49
8 33
2 40
1 80
6 78
4 99
1 75
6 73
7 73
6 7
8 68
9 99
6 100
4 72
5 58
2 77
6 20
8 72
3 59
2 37
5 26
4 28
2 84
2 51
8 74
1 29
4 13
5 69
7 88
9 63
2 51
3 58
10 4
10 66
5 45
5 48
6 35
5 1
6 54
7 88
5 83
5 100
7 23
8 51
10 45
10 48
4 95
7 44
2 1
7 32
10 64
4 26
10 23
1 95
2 93
1 100
5 6
4 14
6 63
9 65
7 81
3 23
6 62
6 35
1 40
3 77
3 15
5 29
4 46
9 41
5 53
10 99
4 82
8 24
2 53
6 43
3 55
3 70
10 75
8 95
1 89
9 10
9 37
7 15
2 55
4 92
7 77
1 10
1 84
5 45
7 69
5 81
7 4
3 95
5 76
4 61
5 83
7 63
7 79
5 79
2 70
4 100
10 3
7 91
6 26
4 83
7 43
4 63
1 50
4 10
8 59
3 47
2 50
9 95
1 34
1 41
2 56
10 100
5 49
6 36
5 60
8 67
1 91
4 34
7 29
8 77
4 26
9 95
2 34
7 43
3 92
7 37
8 16
10 69
7 16
2 76
8 97
10 12
7 8
4 41
1 23
3 85
10 99
2 12
4 88
1 31
6 34
8 39
8 42
2 31
3 89
9 83
5 97
5 39
9 80
10 20
3 11
2 37
3 91
5 38
9 100
9 22
3 4
6 92
10 27
3 34
7 78
8 5
10 28
9 28
4 33
10 11
6 30
2 87
8 58
2 69
9 45
2 57
5 50
1 35
10 30
2 93
10 80
6 94
7 35
10 66
6 9
3 6
7 74
3 64
8 92
7 14
6 71
8 12
1 92
4 15
4 20
3 28
6 19
1 59
2 26
2 94
10 82
4 37
8 59
3 68
8 49
4 31
4 11
8 38
8 42
10 14
5 56
1 81
7 10
3 6
9 80
6 96
5 97
5 89
8 55
8 42
1 17
3 26
5 76
5 36
1 15
3 55
1 51
1 38
4 99
9 81
6 69
3 15
10 6
10 53
6 5
8 55
10 28
8 18
8 70
5 14
10 93
9 59
3 72
5 59
9 81
3 79
9 98
2 44
3 9
7 8
8 98
3 34
10 45
1 63
6 50
5 71
3 70
1 100
7 79
8 34
2 43
9 84
6 2
7 23
6 18
3 96
1 96
8 1
8 58
5 9
1 39
10 56
1 8
9 64
10 93
8 77
2 87
7 80
5 29
6 59
6 57
9 73
7 87
7 33
2 37
9 84
8 54
6 73
8 69
6 89
8 57
10 57
6 11
3 8
2 16
5 29
6 38
5 89
4 10
3 69
1 19
6 45
4 22
7 49
3 62
9 13
5 19
7 77
7 48
5 74
6 54
6 68
5 28
5 17
1 13
3 11
9 37
1 42
1 16
10 49
8 19
10 59
6 20
10 14
10 51
7 12
1 56
7 62
8 89
4 98
6 17
1 24
4 65
9 49
6 82
6 61
8 72
9 28
9 4
2 83
10 66
5 45
2 41
7 77
7 11
6 91
2 73
6 47
9 40
4 1
9 31
1 8
3 29
10 26
9 6
10 94
10 38
3 5
10 42
4 81
6 16
3 76
3 17
3 81
8 90
9 58
4 72
4 11
10 78
6 98
2 2
3 41
10 79
3 52
5 78
9 23
2 98
4 81
7 78
8 10
3 19
8 80
5 72
7 53
8 10
9 53
8 60
6 36
7 20
5 98
5 89
5 79
2 2
2 6
10 23
3 26
9 14
3 64
3 84
4 8
8 23
3 78
3 61
5 72
5 91
2 32
4 92
6 21
5 80
1 51
10 17
5 56
9 65
5 48
6 18
9 10
1 12
10 17
6 29
6 29
3 71
10 84
1 2
9 96
7 72
5 21
4 7
3 36
8 43
4 26
1 45
6 47
6 24
8 74
9 55
6 51
3 11
7 28
9 71
8 85
3 34
9 19
10 34
5 84
3 43
3 45
10 46
9 96
8 96
1 89
7 7
5 93
4 5
2 95
8 36
9 23
9 86
6 17
7 13
7 74
9 98
2 37
9 48
1 69
10 81
6 75
2 85
4 20
8 99
10 17
4 97
2 36
2 43
8 19
5 32
8 59
3 1
9 94
9 24
5 70
5 37
3 86
2 91
4 60
8 18
3 11
6 100
1 49
4 47
5 49
8 84
7 42
9 30
5 97
6 81
6 90
6 49
4 64
8 46
1 44
6 78
7 71
3 44
8 13
2 96
6 75
7 64
5 48
7 58
9 4
7 75
6 82
8 93
5 28
2 48
2 33
3 19
4 55
9 46
6 50
5 40
9 22
8 92
2 45
8 5
5 69
8 63
5 21
1 48
5 22
1 56
3 18
2 13
3 89
3 36
8 5
4 41
6 68
4 61
10 12
10 31
1 7
7 60
8 36
6 64
7 2
1 11
8 32
10 48
7 59
4 5
1 93
10 16
4 59
5 99
2 66
7 48
10 86
4 63
1 35
5 52
3 69
7 40
2 75
6 44
8 60
2 26
7 31
8 65
7 38
10 12
9 19
7 100
2 82
8 11
3 85
1 40
10 1
5 59
6 43
5 85
4 49
4 94
4 67
9 37
2 69
7 3
3 10
1 10
6 3
7 60
5 63
2 11
6 32
1 93
3 27
8 38
8 52
2 74
8 49
8 65
2 36
4 49
8 60
3 20
8 66
2 75
5 49
7 42
9 69
5 89
3 24
1 37
5 70
10 29
4 48
8 96
8 36
9 72
4 4
1 28
8 1
2 83
4 27
5 34
2 72
3 24
6 1
8 52
1 96
1 47
5 8
3 1
5 39
2 60
5 40
10 95
1 62
9 93
4 92
1 37
8 57
7 29
4 83
8 28
2 13
9 5
6 59
10 100
6 63
5 31
9 14
7 22
10 64
3 100
8 16
4 24
5 72
3 65
9 98
1 58
8 73
9 31
6 43
7 100
5 87
2 4
3 70
5 75
9 67
2 12
10 21
3 55
5 46
7 23
7 21
5 60
4 8
9 91
1 21
3 91
2 43
5 8
10 73
5 31
4 95
8 70
1 93
7 90
5 94
9 23
9 61
