3 1
6 45
10 23
3 36
8 66
3 99
2 62
7 31
6 86
10 34
10 29
1 30
5 99
9 76
6 34
1 65
4 70
4 81
10 7
4 48
5 27
8 14
8 76
2 63
3 27
8 92
8 95
6 89
6 17
4 40
1 53
1 22
2 35
10 42
3 59
6 55
2 39
10 64
1 32
7 11
1 9
1 53
1 52
2 78
4 89
3 36
4 48
7 39
7 11
8 64
1 34
7 51
7 32
1 79
6 15
10 32
5 16
4 9
6 56
1 52
2 15
8 48
5 4
1 22
10 93
8 28
5 62
10 53
2 76
7 9
1 64
10 38
4 31
7 45
9 8
8 12
7 35
10 69
10 64
7 99
9 47
3 4
2 23
8 16
4 73
9 25
10 44
10 72
1 31
2 32
6 52
8 18
5 88
1 41
9 60
8 76
9 79
9 38
4 10
9 42
3 93
1 15
1 26
8 91
4 9
7 73
1 71
8 89
3 72
1 10
8 85
8 10
1 14
6 73
4 50
2 99
5 85
4 84
2 19
5 23
6 15
8 94
6 33
9 74
9 2
9 79
9 14
4 88
6 25
7 9
3 31
2 57
9 25
5 26
9 22
3 24
9 94
5 55
3 14
1 25
10 33
4 16
8 28
1 92
5 42
2 66
7 30
9 98
8 5
4 87
4 35
3 9
10 78
7 30
6 76
4 97
2 3
10 49
4 26
5 71
1 74
9 64
4 42
3 31
3 65
3 74
8 79
10 78
5 63
6 92
7 24
2 76
4 98
1 79
8 92
7 17
3 29
7 68
6 80
5 7
1 88
8 95
6 17
6 25
1 13
8 86
8 72
8 99
2 67
8 36
4 11
3 69
4 14
5 9
5 51
6 91
8 56
2 82
4 57
1 84
8 40
2 67
7 23
9 72
9 6
1 18
5 74
10 8
1 91
5 43
2 59
2 95
9 92
10 11
1 44
2 19
6 99
10 87
8 74
6 83
5 83
7 68
5 98
4 93
4 95
5 6
10 57
4 54
6 3
8 22
5 74
4 92
10 40
4 34
1 84
1 4
7 86
6 26
3 14
9 57
6 21
6 14
5 100
5 33
10 62
10 80
1 65
9 65
1 33
1 24
10 53
8 82
8 67
2 68
3 46
3 60
9 71
7 87
8 45
3 51
4 98
2 84
9 88
10 6
4 84
6 93
6 82
9 86
1 98
2 34
2 39
3 6
8 11
2 34
4 27
10 6
3 49
9 82
10 56
3 13
8 11
3 2
1 26
6 36
9 30
2 33
10 29
3 14
9 54
5 53
7 63
9 4
3 56
4 58
4 35
3 36
2 55
2 22
8 46
5 75
5 73
5 83
1 74
3 77
5 36
7 98
2 24
9 57
5 59
3 52
3 48
9 31
1 28
8 1
7 85
3 100
4 9
8 90
3 68
1 34
2 29
10 12
1 18
2 18
10 62
10 80
5 4
9 56
7 94
10 7
9 68
8 55
10 39
1 57
8 71
4 82
10 1
6 23
8 10
8 27
7 41
2 55
4 22
7 93
10 97
8 44
2 2
7 3
4 16
6 20
2 2
1 33
8 88
8 51
1 3
6 80
3 35
10 43
6 39
4 78
5 81
2 52
4 47
5 21
4 94
7 35
1 37
9 87
4 98
9 45
10 85
1 24
1 86
2 78
3 2
3 40
5 65
1 32
1 76
10 32
1 90
3 31
5 89
6 87
6 58
3 59
10 61
6 36
3 92
8 63
1 39
4 99
9 39
1 46
8 12
5 54
1 40
1 54
10 45
2 85
1 34
4 75
5 98
1 32
1 71
6 26
6 27
10 43
7 62
8 96
8 71
8 60
1 72
7 54
10 1
6 7
2 16
9 12
8 29
10 59
5 97
1 64
8 89
10 39
10 21
5 37
4 90
7 73
3 38
3 30
7 86
3 99
9 58
8 70
6 1
4 66
1 75
10 91
4 78
8 84
7 37
1 1
1 97
10 55
6 37
5 46
2 4
8 5
8 94
9 25
7 35
2 100
10 50
7 25
4 85
8 54
9 71
10 24
5 18
7 31
6 75
4 42
3 45
5 67
2 9
3 57
4 38
7 46
9 72
8 76
9 11
9 56
10 29
8 23
2 44
8 36
4 90
5 10
1 75
6 31
1 19
3 67
5 14
3 84
7 49
10 34
7 38
8 67
4 76
9 68
6 64
4 4
9 36
4 35
4 42
6 66
5 80
3 38
6 40
6 37
6 7
8 90
1 69
1 58
10 92
4 29
2 60
6 8
6 71
9 75
3 61
10 63
9 92
7 33
1 83
10 87
5 21
9 17
3 21
3 98
9 77
10 45
1 84
7 43
2 44
9 28
10 24
6 47
9 35
4 86
1 84
2 39
8 63
2 41
8 36
9 19
2 26
1 76
5 18
7 43
4 71
7 33
6 16
2 26
8 1
10 33
8 30
8 52
2 92
4 60
9 2
1 25
6 29
5 30
9 57
4 5
9 64
5 42
10 32
5 7
8 46
8 72
9 53
10 4
7 70
1 56
6 74
5 35
10 37
9 72
9 42
8 88
2 79
5 52
2 37
10 99
2 73
2 40
10 58
6 40
10 51
6 63
3 20
4 77
9 33
6 96
9 19
6 77
8 12
6 33
10 22
3 61
6 39
4 42
4 28
3 3
10 89
9 60
10 9
3 49
9 39
4 96
4 68
5 72
3 11
6 83
6 23
9 15
3 69
3 61
9 60
7 82
6 6
4 43
3 36
4 77
10 37
9 51
10 83
4 76
5 36
9 84
2 57
5 43
8 49
2 13
3 29
3 17
6 99
7 57
2 77
5 66
7 84
5 85
10 95
6 34
9 78
8 6
6 47
7 93
4 60
3 98
6 35
7 47
8 100
7 8
9 33
7 19
8 84
7 18
10 77
9 50
5 99
9 84
4 50
1 38
2 50
6 76
8 19
10 81
1 61
1 90
8 52
5 17
8 1
4 78
2 55
5 63
4 53
1 3
5 77
8 62
7 91
8 99
7 28
3 67
8 58
1 38
1 100
8 68
9 87
10 58
10 53
10 2
7 89
7 33
2 24
3 77
6 83
1 20
7 79
6 100
1 22
2 52
5 59
10 95
4 42
7 80
8 66
7 47
8 51
9 28
3 76
10 14
9 86
3 1
6 35
2 29
8 79
2 32
2 53
7 23
5 2
10 10
5 54
1 73
4 79
5 38
5 44
8 30
2 4
1 12
6 33
7 14
4 60
9 10
9 25
4 40
9 46
9 79
9 54
5 41
5 29
3 17
6 57
2 52
2 36
6 100
5 59
9 38
8 44
6 14
10 87
10 97
1 80
10 47
9 41
7 35
10 49
2 60
9 98
2 82
5 44
8 37
1 48
9 38
3 60
5 1
8 20
2 3
10 62
8 34
1 31
7 38
4 43
9 23
10 95
10 85
1 82
1 64
3 97
2 70
7 1
1 58
7 83
6 46
7 22
2 37
5 81
3 99
6 79
2 27
8 97
1 100
3 31
6 11
9 36
9 57
7 29
2 29
5 89
4 9
9 94
3 70
7 62
7 58
9 13
5 50
5 16
2 77
1 20
4 32
6 61
4 12
3 33
4 14
3 85
9 21
7 39
6 79
6 7
3 34
2 4
3 50
9 38
9 81
6 75
2 46
6 35
3 95
2 61
8 77
1 55
4 90
2 85
3 39
6 3
8 48
4 62
6 69
2 77
5 79
7 69
3 57
2 46
5 49
6 73
9 6
10 16
3 31
3 44
4 34
10 79
6 100
3 69
8 21
10 77
2 100
9 58
2 29
4 71
7 23
10 64
5 94
6 83
8 25
10 100
9 96
9 37
8 57
7 54
9 73
5 93
10 60
6 46
3 26
6 33
6 16
3 56
2 47
7 49
6 68
10 41
4 41
5 64
9 40
3 65
5 50
7 13
9 79
8 4
10 72
6 20
6 9
8 8
1 71
7 65
8 51
3 87
4 22
4 2
5 92
5 10
10 22
2 78
9 100
8 62
7 28
8 65
5 22
4 95
10 53
5 91
4 39
8 77
1 69
2 35
1 94
3 9
8 87
2 91
4 7
9 47
4 69
2 60
2 11
4 19
6 1
5 44
9 76
3 61
9 36
9 99
3 26
8 78
9 71
9 92
10 50
4 62
5 47
6 92
6 23
1 66
9 24
8 75
6 77
3 69
5 6
5 7
5 64
8 5
7 84
7 14
1 43
10 5
2 54
8 81
9 27
4 57
3 96
8 37
7 63
4 67
6 43
2 35
9 83
2 54
2 33
3 89
9 7
1 58
8 58
8 63
3 14
8 4
1 43
1 25
2 37
9 29
10 48
6 25
5 92
3 96
10 42
5 63
7 57
1 94
9 95
6 83
5 38
2 39
8 51
9 23
2 24
8 36
9 63
1 15
7 66
2 37
2 44
8 2
3 42
3 93
5 42
8 45
10 84
5 18
8 86
5 68
4 84
