2 84
4 71
2 28
2 91
9 82
4 60
2 55
7 58
5 77
10 65
6 80
5 77
9 31
5 20
4 90
5 50
1 34
2 100
2 81
10 25
1 21
6 3
5 52
10 15
6 71
10 41
4 11
8 50
2 60
8 87
2 29
8 88
1 44
8 6
9 16
4 15
3 65
1 32
10 21
2 83
4 89
7 43
4 70
5 9
6 99
4 3
8 84
7 24
8 16
10 38
8 88
5 16
4 8
4 87
1 23
7 57
6 65
3 1
8 13
7 62
8 43
1 74
6 59
2 39
8 36
3 71
6 26
7 29
10 83
3 84
6 92
1 67
7 89
6 58
4 7
7 37
7 6
10 30
10 71
4 77
4 90
8 29
3 49
9 2
5 70
1 67
7 48
10 38
2 46
2 98
8 92
9 45
1 87
5 50
4 23
6 94
1 3
1 88
3 85
4 59
6 69
9 29
4 6
2 85
3 44
6 5
10 28
4 2
9 69
8 6
6 64
1 81
6 79
8 72
10 99
10 71
8 4
5 100
3 18
4 45
9 47
7 83
6 93
8 78
9 65
6 38
5 5
10 31
10 18
8 93
8 55
7 38
2 35
9 22
10 93
6 38
7 51
5 37
2 40
7 99
2 76
1 27
4 22
7 96
10 32
3 80
9 19
6 26
5 2
5 66
4 66
7 75
10 28
6 89
4 59
4 37
4 52
5 91
3 72
8 51
9 45
8 35
9 25
8 57
5 76
4 8
5 86
6 53
8 54
1 61
10 57
4 54
4 62
8 64
7 30
5 17
3 25
3 60
4 25
3 7
3 91
1 40
8 4
5 20
4 96
6 4
10 43
4 60
1 22
8 69
2 65
1 5
8 67
10 86
2 26
3 10
5 33
2 79
9 88
3 59
4 100
9 82
8 52
10 67
10 80
9 62
1 72
7 96
1 61
4 70
8 48
5 19
10 16
5 31
7 27
6 23
9 80
8 7
1 8
6 17
8 52
7 19
2 79
10 90
4 81
7 66
7 64
2 17
7 62
10 42
8 12
2 32
6 98
5 24
9 88
6 76
4 85
7 52
4 91
6 23
2 48
4 51
3 9
3 86
8 56
2 43
4 75
9 97
6 64
8 11
1 7
2 52
3 97
4 62
3 87
1 14
3 95
2 30
1 47
6 95
6 22
2 6
5 25
7 83
8 19
3 10
5 74
2 70
4 51
3 71
9 52
5 48
4 40
7 78
7 75
5 64
9 76
6 79
4 66
8 10
4 87
2 32
2 8
7 34
10 66
1 49
2 81
10 60
5 96
5 79
7 44
4 12
1 26
4 75
3 52
1 33
10 100
7 1
2 30
5 76
2 63
1 55
8 7
8 7
9 67
6 61
6 91
9 100
7 20
3 68
7 26
5 21
3 62
8 53
4 3
1 19
3 79
1 85
1 84
6 73
1 77
5 4
2 99
10 80
10 94
8 8
8 1
8 22
1 73
9 44
3 67
10 52
1 68
8 31
1 35
8 73
10 5
3 56
10 37
8 39
9 47
7 66
8 55
8 95
2 41
1 7
3 59
10 79
7 55
2 50
8 13
1 61
9 33
8 78
6 96
5 74
3 33
10 38
10 48
1 9
5 69
10 100
8 78
2 91
9 40
3 32
2 49
10 34
5 4
8 25
2 20
8 100
5 82
3 40
6 78
3 7
10 11
10 33
8 44
10 89
6 55
2 95
3 12
5 43
1 53
3 85
10 58
4 18
2 72
7 52
3 76
6 67
6 53
10 65
5 42
10 96
2 47
3 70
3 44
5 38
10 1
10 90
6 1
1 52
1 93
5 51
7 27
7 90
5 36
5 80
3 16
6 73
4 98
1 1
7 36
9 31
7 49
2 72
8 41
7 70
7 58
9 95
10 89
5 43
5 37
1 55
2 40
6 12
10 15
9 68
9 33
7 44
7 95
3 23
10 75
7 31
7 11
7 14
3 86
4 16
9 30
2 28
3 61
10 81
2 65
8 91
4 22
9 59
7 72
5 16
1 7
2 24
2 20
2 23
2 89
6 34
5 84
10 21
1 84
9 15
9 42
7 19
2 28
2 32
1 80
3 93
5 20
9 72
8 77
4 50
10 86
1 53
3 19
6 72
4 11
6 47
6 52
9 59
6 46
2 29
10 7
10 36
3 34
4 84
2 85
3 15
7 90
9 28
6 59
9 7
9 58
6 76
8 48
4 34
4 36
4 40
8 85
4 68
1 41
1 16
10 94
5 31
8 24
10 40
5 40
9 77
5 67
9 91
8 38
4 70
1 51
9 69
2 30
9 1
3 18
1 39
1 75
2 76
1 88
1 92
3 5
9 87
6 69
5 28
1 74
9 26
6 78
3 98
10 93
1 32
2 9
7 63
3 47
4 48
4 35
3 57
3 80
5 31
1 25
5 18
6 80
7 55
1 54
9 13
1 68
5 63
10 64
9 57
9 96
5 66
5 100
10 99
7 63
7 38
2 21
3 94
7 48
2 43
10 10
3 78
5 57
8 24
8 26
7 44
4 32
4 30
8 40
4 85
4 100
8 13
5 37
4 76
2 42
8 40
3 82
4 19
6 77
4 77
7 12
3 82
1 4
4 12
1 46
6 40
4 77
4 19
8 83
5 43
8 1
6 65
2 3
1 70
7 93
5 72
3 24
9 11
10 44
6 48
6 95
3 88
8 99
5 88
1 6
8 84
1 11
6 61
9 4
2 27
9 39
10 28
8 42
3 61
3 24
9 83
9 29
10 21
8 38
6 12
8 43
10 87
6 70
4 14
10 6
9 43
3 52
6 62
10 29
6 38
10 36
4 99
6 95
7 6
9 58
2 47
5 72
3 28
3 72
3 72
6 60
9 18
6 56
7 12
3 85
3 15
7 92
1 14
2 30
10 99
9 67
5 66
4 49
3 2
1 43
7 85
2 42
9 4
7 67
5 44
1 18
10 71
1 36
2 39
2 21
4 18
9 41
9 19
5 37
5 97
8 80
6 91
6 45
3 32
1 21
10 44
6 6
9 87
5 43
8 18
10 69
2 13
3 84
1 36
4 80
6 15
1 15
5 72
9 48
2 31
2 89
5 70
5 14
1 59
10 71
10 91
1 64
2 89
2 99
2 44
9 19
9 66
5 12
3 66
8 24
9 100
4 93
1 65
7 76
9 90
9 34
10 71
3 73
2 41
5 56
2 27
10 33
8 94
7 83
3 28
5 48
10 9
2 99
2 89
2 19
2 33
9 66
10 48
5 81
9 34
1 5
5 2
7 6
9 52
9 20
10 62
9 44
1 91
10 45
10 71
5 96
10 79
6 13
9 56
9 11
8 92
3 4
3 23
4 51
6 60
3 67
6 13
6 53
9 37
3 29
4 53
5 30
9 14
7 44
5 22
10 68
9 78
2 83
5 67
6 91
3 18
3 59
9 99
10 18
3 29
5 56
10 45
6 37
4 76
4 95
2 78
2 91
7 13
5 19
4 55
9 35
8 53
5 70
9 30
5 88
9 84
3 50
10 33
1 50
4 13
4 50
3 100
3 20
9 88
3 12
4 18
2 38
8 66
8 10
10 4
7 14
3 49
9 84
5 15
10 37
5 62
5 29
5 69
9 16
3 93
7 50
7 96
10 57
3 65
3 41
5 51
2 97
10 33
4 63
6 3
5 28
10 11
8 68
6 87
4 42
2 18
4 93
7 1
7 94
6 1
1 85
2 38
8 15
9 48
9 38
9 67
9 61
1 88
6 91
8 92
4 7
6 39
3 37
3 66
10 92
8 87
5 3
9 30
9 87
3 98
5 12
6 32
10 48
10 40
10 73
4 75
1 30
9 10
10 10
10 73
8 49
1 62
4 23
7 17
9 82
8 66
5 29
2 7
9 36
7 32
3 64
2 68
5 87
5 64
2 75
6 96
3 53
4 60
2 85
1 93
4 31
8 52
6 56
3 94
10 37
4 32
2 34
5 63
2 55
6 24
9 30
8 94
7 92
1 2
8 73
3 52
4 87
2 6
5 59
8 11
3 36
9 31
8 32
7 48
10 73
10 88
2 77
6 2
8 3
8 3
5 83
1 80
3 76
3 70
1 100
6 33
10 84
5 82
4 31
10 12
5 22
6 5
3 54
4 39
4 21
1 1
10 18
8 68
7 57
6 1
9 96
1 81
10 74
7 76
3 17
9 21
10 41
5 43
3 15
3 90
8 67
6 93
3 16
6 25
5 67
1 74
10 96
5 49
7 77
4 62
3 27
3 73
7 26
1 81
3 17
5 72
3 72
9 66
7 20
7 9
3 77
10 46
9 54
10 34
4 29
4 68
7 89
4 11
9 38
8 56
10 48
7 86
5 9
1 6
8 57
8 53
6 32
8 57
2 99
7 37
1 87
1 26
9 27
6 27
5 96
1 75
3 72
9 75
5 37
9 18
9 32
2 70
1 55
6 98
8 23
4 57
6 14
10 23
2 48
6 57
1 73
3 35
