8 37
3 27
8 78
5 2
5 82
1 52
10 3
5 19
3 85
5 87
2 38
8 44
6 43
5 45
10 41
1 47
9 37
2 91
1 40
1 29
5 15
8 54
1 66
6 64
4 40
9 62
1 60
5 43
6 7
3 12
7 54
9 7
10 85
10 58
10 90
9 41
7 10
6 36
6 47
9 25
2 3
6 38
10 71
2 18
8 46
4 74
2 94
8 4
10 11
3 56
7 56
2 91
10 94
6 22
4 67
6 99
3 64
6 59
2 52
2 80
6 57
6 82
8 32
5 42
2 93
3 69
10 9
10 87
5 65
4 84
5 44
6 93
10 84
2 10
1 18
9 27
1 76
3 8
1 25
3 76
3 32
5 26
8 17
5 69
9 6
2 3
1 81
4 5
9 40
1 69
6 93
2 25
1 67
10 76
7 52
4 43
6 25
6 50
5 53
10 88
1 100
5 65
4 19
6 24
3 38
7 26
3 78
8 50
5 14
5 78
6 89
6 98
7 82
4 17
2 64
8 33
4 61
9 32
8 33
1 17
2 87
8 8
10 20
7 36
6 45
2 54
6 25
2 27
2 4
5 55
10 22
8 28
6 15
6 3
9 71
9 13
1 51
2 83
7 52
2 12
3 84
4 1
1 95
3 64
4 59
10 100
9 72
8 96
5 43
9 6
3 10
10 52
8 82
6 19
3 57
8 21
10 39
7 89
5 80
9 9
5 2
1 12
6 18
4 58
8 85
5 73
4 74
6 62
10 11
4 57
10 76
9 69
3 5
1 20
4 3
2 40
9 7
10 80
6 54
1 73
9 81
8 5
8 89
8 58
2 56
9 7
5 84
3 49
7 100
8 33
6 52
8 38
9 45
10 90
7 86
4 71
2 51
8 60
3 9
3 12
1 28
6 3
6 37
5 57
7 42
10 4
9 44
3 82
9 55
4 44
1 42
10 81
2 55
10 88
3 6
2 66
8 82
2 76
5 28
7 72
4 33
9 2
5 74
9 94
8 35
6 25
8 25
3 6
7 21
9 84
6 43
6 82
2 51
4 30
2 84
6 95
9 75
8 17
6 47
7 11
4 11
4 73
2 63
7 32
8 85
1 96
2 56
5 17
4 8
3 13
7 73
3 77
2 37
1 23
9 90
2 5
1 80
3 60
5 45
9 88
8 26
4 40
10 34
4 18
2 87
5 21
7 68
10 19
9 71
2 38
8 71
10 15
4 30
7 15
7 46
5 49
10 74
5 24
8 92
5 42
7 21
8 79
4 9
2 81
9 13
3 40
8 71
7 62
1 85
3 52
3 51
2 25
1 59
8 89
5 87
5 13
9 94
5 42
7 27
9 15
3 87
1 60
7 69
3 45
4 81
6 61
2 71
5 97
2 75
3 46
9 49
7 66
7 98
7 5
6 14
4 4
4 97
5 87
8 50
4 73
6 62
6 33
6 86
8 56
6 4
9 78
1 41
7 30
9 13
8 82
3 2
6 8
10 66
9 27
3 45
4 42
4 48
1 56
10 1
6 64
4 43
7 7
9 25
7 57
2 50
2 1
9 44
7 49
6 32
6 22
2 18
6 44
3 95
3 94
2 27
9 30
9 40
7 8
9 33
2 50
6 47
9 44
4 52
3 81
1 9
4 14
7 30
2 10
2 62
3 96
6 13
4 65
2 87
3 86
9 17
9 50
10 43
8 44
7 81
9 85
6 31
1 13
1 89
9 1
1 23
1 20
9 10
8 86
4 12
1 71
9 70
1 12
2 57
2 2
1 83
10 96
5 52
10 46
9 81
8 68
3 80
5 4
7 94
1 9
10 50
4 53
9 80
8 38
7 26
5 49
6 46
2 59
5 77
2 61
2 56
7 64
10 34
8 99
7 54
7 41
3 95
7 47
3 26
10 94
8 23
5 61
3 51
8 78
2 6
7 35
9 70
7 45
9 50
7 25
7 5
9 67
3 78
6 100
1 96
8 56
10 70
7 38
7 26
1 16
5 51
3 10
10 90
9 34
4 22
1 30
9 56
10 63
5 42
3 70
9 26
1 21
10 20
4 8
10 62
7 14
5 20
7 40
7 60
5 56
6 99
7 2
9 2
10 72
9 81
3 97
5 5
1 1
1 17
2 31
2 63
8 12
2 21
9 80
4 77
7 35
7 49
3 14
1 83
4 67
6 33
4 51
7 17
2 76
4 45
1 32
1 90
7 65
8 38
3 22
6 28
6 34
8 88
9 4
7 64
4 56
4 23
4 78
4 93
4 97
2 56
5 93
1 2
7 26
6 79
2 70
6 29
7 38
3 39
5 82
5 60
9 74
8 35
1 8
6 41
1 37
4 13
1 8
3 63
10 35
2 83
3 24
4 49
10 15
9 20
1 43
5 8
2 78
7 13
9 71
6 2
1 83
10 38
8 4
6 2
3 51
6 64
2 56
7 56
3 76
9 5
2 3
2 79
7 32
2 89
2 70
6 71
5 49
1 77
2 34
8 10
10 7
9 100
9 71
9 60
3 2
8 64
10 54
10 78
1 87
8 11
5 21
9 96
3 8
5 80
5 76
10 20
10 63
3 76
2 76
10 96
1 85
1 23
4 5
8 96
2 92
8 34
6 41
7 6
4 51
5 89
9 95
9 59
4 98
3 60
10 99
9 69
3 28
1 100
4 98
10 33
8 71
9 56
1 44
6 92
9 32
7 53
1 92
3 91
4 1
9 24
4 44
10 13
2 4
3 33
10 95
7 38
10 67
2 24
8 64
4 39
8 64
2 88
4 30
7 17
1 60
2 76
10 43
8 24
5 37
10 7
5 15
5 22
7 1
6 41
8 11
7 50
4 62
2 14
6 13
9 85
3 10
8 60
8 12
1 60
2 34
5 34
3 6
9 69
4 13
4 28
8 15
7 77
2 43
8 99
2 57
3 41
4 4
6 32
1 48
5 16
7 32
5 86
1 52
8 40
5 98
3 6
6 40
8 37
2 23
8 19
2 82
1 60
3 97
1 48
2 21
10 89
9 15
9 23
2 97
2 14
8 33
9 17
9 52
8 82
10 2
3 34
2 76
3 43
7 43
6 27
1 65
6 73
9 26
3 28
5 50
10 32
2 57
7 10
3 56
7 30
3 63
4 72
1 60
6 52
4 39
2 83
4 71
5 48
1 62
10 43
7 21
9 9
8 27
9 45
2 73
3 63
6 23
6 76
3 25
8 86
1 32
8 78
1 3
10 32
4 11
6 2
1 32
9 18
5 87
2 34
1 45
2 61
1 57
2 28
1 47
4 2
9 24
3 34
9 54
1 12
3 64
4 67
5 54
4 94
7 65
10 56
4 86
10 95
4 62
5 6
10 42
9 63
2 84
10 37
7 42
3 5
8 38
6 64
9 19
1 29
2 16
10 21
2 3
1 1
10 78
4 99
1 2
3 62
7 79
4 36
7 5
8 57
1 100
5 18
3 28
7 32
1 65
7 96
8 57
10 84
8 96
7 96
1 47
3 26
10 39
2 75
1 53
8 80
7 15
10 53
1 51
2 98
2 91
2 28
10 58
3 19
5 85
7 3
1 38
5 3
9 89
3 50
6 100
2 21
5 55
8 66
7 98
6 48
10 95
3 39
8 43
5 63
5 41
2 77
9 49
9 74
6 48
5 17
5 5
8 16
9 60
6 31
5 71
5 33
10 73
8 19
6 45
10 51
4 67
5 26
7 14
1 46
3 54
9 40
4 41
1 33
6 17
7 80
4 44
2 5
8 73
8 77
1 23
3 39
7 72
4 5
7 84
2 72
6 28
5 98
1 46
2 5
7 11
6 11
4 72
7 21
3 58
6 49
9 5
8 20
1 48
2 48
1 3
10 51
8 69
10 9
6 22
3 28
6 65
2 59
3 64
1 72
3 93
8 19
8 99
1 49
8 18
9 98
7 96
10 59
6 14
8 35
2 31
7 17
1 20
6 11
6 58
10 83
7 41
4 39
10 33
4 46
10 15
10 50
3 17
10 9
7 15
10 94
6 39
7 84
1 96
3 45
7 47
9 29
2 47
5 9
9 48
1 88
5 71
5 78
5 68
7 84
9 91
5 52
6 97
1 14
1 93
4 19
2 12
2 6
10 71
8 21
7 98
10 91
9 49
7 92
2 91
7 65
10 24
2 78
6 89
5 6
7 34
3 31
9 44
9 99
3 88
6 99
9 65
7 50
8 86
1 89
5 8
8 7
4 71
10 24
8 48
4 20
6 87
5 59
2 39
10 15
2 79
5 50
5 76
10 73
5 17
8 49
9 86
2 38
2 27
8 18
9 44
3 1
8 78
2 12
1 25
7 95
6 68
2 36
9 79
7 64
7 24
9 9
1 18
3 43
5 94
3 32
2 7
8 85
5 37
7 34
9 54
2 82
9 26
7 23
8 38
4 4
7 44
1 79
8 58
1 61
10 48
4 70
7 88
5 86
1 93
10 53
2 3
9 64
6 18
7 20
8 70
1 25
3 32
