3 71
10 98
6 13
3 79
5 66
5 37
5 24
9 84
10 72
4 39
3 17
7 9
3 99
9 23
1 57
5 56
6 47
7 48
2 56
10 82
9 23
10 61
6 41
9 50
9 97
8 68
9 64
3 61
3 56
2 73
9 80
10 2
2 33
5 27
4 32
3 37
5 81
10 31
2 24
3 49
1 74
10 57
10 3
1 59
2 95
7 4
2 3
9 46
2 71
1 15
6 10
1 19
4 86
3 95
10 65
4 28
5 29
9 21
1 45
10 39
8 32
10 7
10 51
9 85
5 83
9 40
10 5
4 81
3 79
5 69
8 88
9 48
9 60
2 8
5 78
7 44
4 63
5 82
1 35
9 35
10 58
5 50
10 98
6 6
7 93
9 62
7 91
1 100
10 40
2 35
8 47
3 43
5 39
5 73
8 44
5 47
4 89
2 37
4 68
2 83
4 14
8 65
1 15
10 94
9 66
6 44
4 79
3 11
2 22
9 4
7 85
1 90
10 82
5 58
2 83
7 12
2 31
10 18
3 2
10 39
3 64
2 93
1 98
3 85
2 66
5 44
9 35
6 80
4 18
8 23
3 76
10 85
8 83
3 45
3 39
7 62
4 35
4 8
4 29
9 69
2 1
5 3
6 69
6 56
3 93
5 6
9 50
7 73
4 40
2 62
8 91
1 65
2 74
3 39
10 48
1 38
3 65
6 75
9 47
6 55
7 54
1 18
7 13
8 44
4 45
5 5
7 53
2 61
10 59
3 69
5 62
2 73
10 7
9 95
2 62
1 29
5 67
4 75
3 86
8 80
2 33
4 79
6 13
5 53
3 17
10 10
6 55
8 2
8 91
2 43
9 1
7 41
7 83
7 26
10 5
8 95
1 22
2 27
4 80
5 59
3 71
9 35
9 95
6 25
10 5
7 32
6 97
1 64
8 77
3 41
10 81
6 66
9 54
6 25
10 49
4 44
2 71
2 70
6 63
4 37
5 81
8 20
3 41
5 26
3 43
7 70
2 10
2 68
2 91
4 97
2 17
2 31
9 71
1 29
10 43
3 42
8 66
10 21
10 17
6 14
5 63
1 55
7 40
4 10
5 39
8 43
10 63
8 62
7 17
9 19
3 30
2 58
2 18
10 77
9 74
1 69
5 78
9 78
7 52
10 84
7 23
1 51
6 84
3 18
5 35
3 68
6 12
3 75
9 28
10 50
10 95
2 82
4 33
9 6
10 18
2 57
7 75
8 78
6 95
4 62
9 66
2 100
7 9
7 90
6 79
10 47
3 69
7 87
7 18
7 4
6 41
3 94
6 83
2 82
3 88
9 35
2 62
1 63
10 86
2 54
7 52
7 89
4 59
7 70
3 2
8 70
7 41
6 95
5 11
6 13
2 4
8 21
10 55
1 46
5 71
5 92
7 32
4 98
3 65
5 91
3 100
10 77
7 83
5 39
9 50
5 90
5 6
4 63
1 21
3 27
4 55
4 36
6 25
5 84
1 92
1 55
2 22
2 94
10 74
8 39
7 30
1 65
9 26
10 6
8 55
8 48
2 98
3 85
7 96
8 61
10 51
10 34
1 79
2 48
8 10
6 83
10 98
4 18
8 17
4 82
3 19
9 52
7 9
4 20
7 89
3 83
9 31
1 28
3 3
10 79
5 72
8 54
10 29
4 46
5 55
4 90
8 80
9 75
6 79
2 53
9 76
9 93
8 95
8 88
5 29
7 31
2 83
1 37
6 88
3 47
2 62
1 87
6 13
4 37
5 4
2 71
8 5
9 15
6 39
7 79
3 98
7 88
2 64
1 52
4 84
1 19
2 52
4 1
8 35
7 35
6 97
3 87
9 99
9 26
7 96
7 56
4 15
5 51
3 46
8 14
5 19
2 81
9 53
5 99
5 63
8 39
1 37
10 60
1 76
5 72
9 85
1 64
6 70
6 95
6 86
5 80
1 34
9 53
9 72
1 62
6 91
7 47
3 29
5 76
3 63
2 99
2 3
9 75
5 80
8 27
1 38
9 82
5 49
10 79
6 1
5 42
4 16
7 30
10 24
5 65
2 23
8 33
2 81
5 29
2 41
3 29
2 81
8 67
9 36
3 52
2 97
1 54
6 10
6 40
5 15
2 15
9 97
7 88
1 24
2 17
5 89
9 92
8 88
9 100
9 71
1 70
9 55
2 99
8 85
1 21
1 97
3 31
9 34
5 11
5 99
1 32
2 36
9 89
9 66
2 16
6 21
8 67
1 68
4 93
7 37
3 9
8 86
3 73
2 100
2 7
4 78
5 93
10 46
2 90
10 44
3 37
4 56
2 98
8 63
3 59
1 57
7 1
4 71
8 5
9 24
2 98
8 26
6 49
8 58
4 17
3 8
10 28
9 18
1 19
4 24
3 70
1 19
10 68
9 59
9 30
4 18
1 22
1 34
10 96
7 98
3 36
4 97
7 32
4 65
9 70
9 68
4 81
3 98
1 73
9 62
10 65
6 46
1 1
7 2
1 85
2 8
3 41
9 4
10 83
8 39
2 83
3 82
10 42
10 9
2 38
4 81
4 9
1 51
4 17
8 75
3 81
4 94
1 31
8 84
9 50
7 49
5 74
6 59
6 90
2 81
3 75
6 72
10 72
6 87
4 97
2 64
8 32
6 34
6 70
9 46
6 24
5 79
8 32
4 62
7 52
8 3
2 90
5 9
7 59
8 69
5 93
7 78
3 21
10 5
10 47
6 81
9 59
9 1
3 56
8 39
5 54
2 25
9 92
7 91
10 93
4 4
6 2
4 44
10 21
2 67
9 60
10 17
1 20
9 79
7 90
4 47
2 97
3 84
8 90
5 79
7 92
10 26
3 2
1 87
8 68
5 8
4 67
9 43
4 54
1 25
8 54
5 42
9 97
6 96
7 3
4 47
4 17
10 33
6 99
9 94
6 1
9 16
4 39
2 30
1 79
10 43
6 12
10 22
1 73
6 29
1 70
10 47
3 43
9 70
4 20
9 29
4 37
2 91
9 92
3 11
1 68
2 61
10 52
5 89
3 18
4 6
2 13
10 89
3 43
6 57
2 33
1 61
8 12
1 57
3 86
10 61
8 68
2 26
1 7
9 67
1 63
9 25
8 56
10 47
8 45
5 74
8 62
5 61
9 97
6 93
8 65
8 84
8 76
6 84
9 56
5 23
7 17
2 65
4 29
1 17
1 92
4 49
6 63
5 34
2 45
8 65
3 98
7 49
8 76
6 41
10 95
9 65
10 60
1 1
2 10
3 58
2 54
10 62
10 73
8 55
7 60
6 99
3 47
8 95
1 71
9 46
7 96
9 86
9 99
4 30
10 69
5 31
8 60
8 1
7 86
5 48
5 85
1 81
2 90
8 63
7 95
5 4
7 55
3 77
6 87
4 73
8 76
1 78
8 49
9 29
6 28
1 74
5 65
6 5
2 66
9 64
5 45
10 69
2 40
5 90
6 64
9 52
10 98
3 90
6 95
3 100
7 54
1 100
3 100
8 4
8 75
9 22
10 52
9 70
8 48
6 74
9 86
7 48
8 7
9 20
7 86
9 89
10 88
9 83
7 41
4 30
5 13
6 46
10 38
9 39
2 81
9 12
4 88
7 89
1 36
3 34
5 92
1 31
10 82
5 34
2 53
5 99
1 97
10 87
5 83
5 64
8 53
2 77
2 6
7 95
7 39
9 60
1 71
8 63
2 76
9 49
7 55
8 7
10 77
9 58
10 53
10 76
6 59
5 84
2 98
6 74
10 6
1 21
1 35
6 69
2 39
2 73
2 76
10 6
2 91
9 10
6 74
10 29
1 15
4 74
3 86
3 74
4 75
7 61
1 38
6 1
8 22
5 25
8 60
4 84
10 62
7 55
9 22
6 25
6 81
8 82
1 15
3 18
10 8
5 20
5 22
1 27
10 77
6 94
2 3
4 24
3 82
8 50
2 63
10 90
3 42
9 88
2 60
5 76
1 100
2 44
2 47
8 15
1 40
8 27
10 16
6 68
1 39
8 79
7 99
1 34
10 16
9 69
2 62
2 38
9 60
8 82
7 79
10 5
6 3
1 20
2 60
5 94
8 77
4 92
6 66
2 71
5 85
5 8
6 5
1 42
7 86
2 36
5 92
4 1
3 62
7 42
9 6
7 11
7 53
1 7
9 1
10 63
1 44
5 70
6 32
3 46
9 40
2 97
7 54
1 62
10 73
4 77
2 27
9 64
6 85
7 96
10 96
3 35
9 73
6 86
3 88
5 15
1 80
2 70
1 19
6 6
8 1
6 87
1 43
10 43
1 35
9 90
3 23
10 55
3 24
10 92
6 16
4 93
10 96
9 90
6 76
2 7
9 1
2 62
9 18
8 37
5 30
3 85
8 57
8 87
8 98
1 97
7 26
3 84
8 87
3 98
2 4
6 31
5 37
6 26
5 59
2 58
1 38
5 58
5 7
10 62
10 65
1 24
4 4
