8 2
10 68
7 55
10 13
5 26
7 84
4 95
1 34
4 75
8 89
6 32
9 84
3 74
2 5
6 66
2 62
8 34
3 47
4 37
4 43
8 69
6 93
8 42
5 48
2 49
1 88
4 86
7 28
6 48
3 61
7 24
9 83
7 73
3 75
1 67
8 50
2 87
1 53
1 63
6 34
2 23
4 3
3 19
2 86
3 3
2 97
9 14
7 99
8 44
4 69
6 88
8 11
6 53
7 71
5 47
5 89
9 2
5 52
5 8
6 37
5 93
7 90
4 61
6 78
3 97
5 3
7 82
8 53
2 6
10 67
3 49
8 36
10 42
8 77
1 36
4 34
4 36
10 30
1 28
2 15
1 52
5 67
10 77
6 86
7 88
10 29
9 66
4 81
2 23
10 97
8 91
2 16
10 61
6 79
4 23
6 31
6 47
4 92
9 5
10 47
5 38
8 6
4 5
3 65
6 97
3 24
2 70
8 52
1 56
8 80
6 27
5 30
1 5
10 46
3 95
7 95
9 67
9 52
9 46
3 95
1 15
9 82
10 8
4 78
1 93
2 13
6 39
8 99
4 50
1 38
6 47
4 67
5 61
9 21
4 82
2 65
8 83
3 67
8 6
10 45
1 76
2 99
4 63
7 31
2 73
10 38
1 88
9 35
10 26
6 96
3 89
7 20
8 75
3 20
4 63
6 26
7 77
6 12
4 36
4 54
8 12
4 20
5 94
6 26
8 28
3 21
2 37
9 43
10 97
5 8
7 67
3 61
5 20
3 46
10 74
6 11
9 89
1 6
10 65
3 85
6 45
1 40
3 48
7 47
8 15
7 79
7 23
4 50
2 61
8 47
10 32
3 95
9 85
9 46
4 54
8 8
9 38
6 5
2 18
6 28
3 6
3 64
5 26
5 24
3 91
3 53
4 2
10 17
2 36
9 31
9 89
3 19
10 39
10 17
1 38
8 94
3 38
5 42
9 61
6 31
5 92
10 39
4 24
2 43
3 46
4 62
9 17
7 9
4 60
6 23
6 96
8 32
3 83
2 74
9 27
5 5
8 90
10 25
1 71
1 59
5 3
2 93
2 42
3 82
6 77
10 42
9 65
2 10
7 45
2 41
1 4
2 68
7 30
8 40
8 63
10 61
4 23
7 22
10 21
5 52
1 29
6 24
9 28
3 34
2 16
3 88
7 21
9 92
7 96
8 94
5 39
9 22
6 94
3 19
1 49
7 45
4 90
9 56
9 37
8 98
6 20
5 98
7 5
3 3
5 49
2 65
9 71
3 22
10 92
3 6
1 82
5 57
8 51
2 7
5 57
9 78
3 8
9 7
10 21
8 51
1 11
2 32
4 88
4 65
3 60
4 54
8 73
3 38
1 31
3 35
6 44
7 16
8 18
4 75
4 16
1 68
1 66
3 39
5 77
8 62
6 40
2 39
10 97
3 81
10 15
6 34
4 9
10 74
10 64
8 58
6 95
9 84
8 16
8 38
8 54
3 50
5 38
5 82
8 51
4 33
1 44
5 14
1 24
6 88
2 88
8 92
6 85
4 49
3 40
7 69
4 68
8 16
3 84
8 73
6 90
2 56
9 80
7 1
1 5
5 12
7 16
2 2
6 54
9 91
5 54
4 25
9 6
5 69
2 12
9 6
7 83
2 75
4 52
9 14
1 77
7 36
4 65
10 7
1 7
1 91
1 5
4 52
5 53
10 9
1 55
2 20
5 92
7 14
1 12
7 98
1 44
6 52
6 35
5 79
1 31
2 57
5 43
9 76
4 36
7 52
4 61
8 10
7 68
1 56
2 56
1 95
8 64
3 54
1 26
3 2
1 38
4 45
1 6
3 24
8 79
7 49
6 50
10 75
9 16
9 94
9 84
6 74
4 92
3 16
1 86
1 40
2 29
4 70
6 31
5 64
7 59
3 5
6 6
10 24
9 91
3 40
3 99
1 52
5 29
1 74
5 71
10 41
4 79
3 9
7 2
6 1
5 32
6 51
5 81
4 70
7 98
8 41
5 11
4 48
1 29
1 81
4 5
6 26
3 33
9 98
3 59
2 29
4 44
4 8
10 90
9 30
1 27
3 10
4 78
3 54
9 32
1 57
5 79
3 85
7 66
4 76
8 26
9 94
6 65
5 12
8 55
1 23
5 65
9 94
5 2
4 38
9 72
9 66
4 31
5 72
6 27
9 20
5 75
8 70
1 83
10 22
4 30
3 68
5 41
1 14
7 97
4 56
4 48
4 43
10 83
1 66
10 19
5 65
6 22
8 83
1 33
8 99
1 9
4 59
3 94
1 54
7 32
8 93
2 93
5 97
8 69
7 11
7 82
10 36
1 63
3 4
2 91
8 11
10 90
4 36
3 33
5 50
3 48
6 63
1 21
1 60
3 43
7 35
7 61
3 1
5 17
1 49
7 98
8 5
2 2
9 93
9 53
5 1
7 71
6 8
9 68
9 11
7 90
7 99
2 59
5 84
10 42
7 31
8 1
2 22
2 1
3 35
9 6
6 16
8 82
7 79
5 93
6 3
10 94
1 61
3 49
8 56
4 92
9 28
4 25
3 62
8 23
3 67
5 33
6 34
9 16
10 72
5 16
7 55
9 7
5 95
7 10
9 46
2 81
3 10
8 49
9 44
7 56
3 68
3 37
6 84
9 27
7 23
8 73
5 12
9 57
4 48
8 14
6 5
3 75
10 68
10 81
3 21
1 68
5 70
2 71
9 14
2 66
2 65
9 30
10 58
5 72
10 64
9 6
3 58
8 7
4 10
9 86
10 97
7 63
5 9
2 22
9 71
3 36
7 24
8 52
1 37
2 95
3 11
4 65
6 5
4 89
7 56
6 95
8 35
3 24
1 41
6 54
4 29
9 19
7 22
1 45
1 8
6 12
8 86
2 20
1 5
1 93
7 6
5 32
8 20
8 57
7 15
3 64
1 89
1 65
7 6
6 44
4 31
5 9
9 19
5 50
2 19
9 19
2 100
10 78
4 72
1 60
2 65
5 63
1 66
5 60
3 8
3 26
4 48
2 56
2 24
2 27
2 27
5 2
2 3
9 81
5 50
3 35
4 29
7 100
4 46
6 50
1 4
2 18
10 93
8 19
7 52
1 96
10 60
7 40
4 34
2 68
10 23
3 92
1 10
6 58
1 42
10 4
7 66
1 76
3 87
2 47
8 59
6 60
10 51
3 4
2 65
3 11
9 15
6 36
10 68
2 69
5 9
10 74
2 27
6 73
8 37
10 28
3 57
9 40
8 56
2 97
6 20
8 22
6 77
9 51
5 27
3 38
6 8
9 100
5 62
9 45
1 52
5 86
3 90
4 35
10 35
8 76
7 51
6 74
10 42
5 5
6 44
7 52
6 39
9 6
10 98
7 46
6 8
9 85
10 39
9 33
6 63
4 18
5 34
8 35
4 25
9 70
4 33
4 16
8 57
4 43
4 97
9 14
8 88
9 81
10 98
10 87
8 4
10 57
6 78
4 32
10 87
2 50
10 28
2 73
3 27
7 41
9 46
7 5
8 81
5 74
2 41
3 16
1 100
8 18
6 90
3 49
3 44
9 28
6 84
9 43
7 45
8 15
1 90
8 78
6 39
4 8
4 55
8 65
1 29
7 73
5 37
2 67
10 12
1 74
10 13
8 7
9 54
3 72
5 63
9 85
10 45
5 94
2 4
7 89
9 39
5 82
3 93
7 9
5 26
9 15
1 71
4 57
1 79
9 13
7 15
8 99
9 56
9 42
3 20
3 44
6 43
2 65
9 18
7 91
4 31
1 66
6 74
9 19
3 51
2 59
2 28
2 11
10 84
1 34
6 28
2 55
4 25
7 5
5 58
2 2
2 50
4 92
1 71
8 35
7 12
7 12
4 48
5 78
7 68
8 79
1 34
3 46
10 37
9 40
1 6
4 41
8 73
10 1
6 76
3 37
6 88
10 9
1 86
5 99
1 29
9 73
4 56
6 79
9 82
2 33
3 19
1 13
2 21
4 90
4 27
5 72
3 59
8 30
1 91
10 22
9 11
9 5
10 25
4 24
3 1
2 67
2 40
3 53
9 45
8 61
5 7
10 8
9 3
9 35
10 49
10 8
5 17
1 76
8 61
9 41
4 50
6 87
1 29
10 13
7 27
7 95
3 72
7 2
9 13
6 59
1 89
9 92
2 68
5 97
8 32
8 17
1 100
2 66
4 18
4 34
10 28
8 3
3 3
6 17
3 64
6 4
5 44
5 23
6 20
8 75
6 46
2 32
7 80
10 42
10 99
1 84
6 47
4 15
6 22
9 97
6 38
10 57
7 29
2 100
9 36
10 50
3 48
5 47
10 41
5 16
7 92
9 69
1 65
8 62
2 67
4 51
2 40
5 73
1 100
8 27
5 29
2 34
5 72
5 33
4 93
5 52
9 14
10 71
3 42
7 95
1 36
3 79
10 54
8 46
8 33
5 25
4 75
