1 71
8 24
1 20
6 71
5 93
4 54
10 98
6 86
6 97
6 34
2 14
10 75
6 68
3 45
8 86
8 15
1 39
9 60
2 27
7 46
3 82
6 8
6 38
7 7
7 16
6 49
5 28
5 3
10 56
5 69
8 8
8 48
1 83
2 27
4 37
3 15
1 73
1 2
9 22
6 99
9 59
7 25
7 19
6 26
6 15
7 2
3 35
3 41
3 33
6 97
1 42
6 49
8 85
3 68
5 87
3 38
8 32
1 78
6 28
10 100
2 54
6 18
1 66
10 30
3 59
8 3
10 83
8 33
7 4
1 2
8 75
5 72
5 52
2 81
9 54
5 91
1 69
10 80
2 90
1 89
7 90
6 7
5 80
3 31
1 49
6 57
9 1
7 40
10 64
3 100
4 98
4 40
1 97
5 56
4 81
3 64
3 91
5 83
5 7
8 74
9 27
6 99
6 74
7 83
10 90
9 81
8 47
2 22
7 99
2 18
2 71
3 19
6 80
5 82
4 50
10 67
8 32
5 66
6 84
2 24
3 7
4 15
7 85
9 63
10 98
2 82
4 62
7 96
10 6
2 24
5 17
3 66
10 54
2 93
5 99
2 60
5 47
7 46
8 93
6 20
5 5
7 53
9 25
4 64
9 21
2 21
1 75
8 66
6 98
3 40
1 94
1 95
3 38
4 15
1 54
7 57
4 40
5 10
1 73
10 74
8 4
2 13
6 48
8 20
10 4
10 88
4 65
7 88
3 27
3 64
6 64
2 73
1 2
1 92
1 36
1 76
8 1
9 61
9 41
3 3
7 28
4 71
2 41
6 84
7 60
9 47
1 52
7 13
5 37
3 33
5 6
5 87
6 79
5 76
1 61
10 80
5 86
2 3
8 89
2 51
2 24
8 14
2 50
6 44
3 31
4 81
2 81
4 95
6 73
8 21
6 81
10 99
3 38
2 74
8 81
5 65
3 58
1 7
1 60
1 24
3 34
2 22
6 84
4 51
1 13
5 6
10 43
7 48
1 52
2 94
7 90
1 53
4 15
1 25
6 88
2 94
9 28
9 5
3 68
6 88
2 49
3 74
10 54
3 82
8 8
1 6
3 4
4 19
9 60
9 92
9 78
9 61
8 98
8 51
9 15
1 41
4 82
10 14
1 24
8 62
8 65
1 46
6 17
5 37
3 3
6 61
8 41
6 47
3 44
2 23
9 13
5 88
1 8
10 4
3 45
9 35
6 85
6 27
9 40
4 77
8 17
3 10
5 53
6 81
1 78
7 73
9 64
8 46
3 87
2 22
2 9
6 94
3 66
3 63
2 86
2 43
2 70
9 17
7 43
9 22
8 92
9 53
4 47
1 42
3 87
4 50
2 73
1 43
10 82
7 80
4 77
4 9
8 46
9 53
8 94
8 99
3 34
9 23
6 35
5 22
6 12
6 34
6 13
4 54
4 75
6 89
6 76
4 89
2 13
10 22
5 51
8 48
4 59
9 31
6 86
5 95
1 46
9 49
10 63
6 14
8 10
4 82
4 40
6 35
3 26
10 40
10 17
3 65
6 13
5 22
4 24
3 76
1 89
2 64
1 18
1 63
5 83
8 71
9 44
5 5
1 15
10 55
4 72
1 53
3 62
8 67
2 4
7 55
1 88
9 53
3 39
8 87
6 94
8 88
2 37
10 49
3 71
1 60
3 89
5 92
2 60
9 5
8 18
10 45
6 37
4 73
7 44
5 84
4 67
9 53
9 2
7 39
9 49
2 37
8 43
4 48
1 81
6 74
6 71
9 45
4 10
6 85
3 57
1 47
4 33
1 95
6 59
3 48
6 50
2 48
2 47
6 39
2 66
1 38
4 70
6 57
3 52
7 28
7 17
7 15
5 22
6 25
1 89
5 76
7 87
10 16
3 72
8 66
6 51
7 11
6 59
10 62
4 80
10 46
3 24
9 45
1 5
9 31
10 55
3 83
1 42
7 41
1 74
1 48
8 100
2 82
8 83
5 23
3 12
1 15
9 22
6 1
1 97
9 25
5 90
1 60
9 68
10 71
2 94
3 50
9 73
8 28
10 2
2 29
1 25
10 39
5 76
6 98
7 76
4 95
8 57
6 64
2 69
8 35
10 31
6 88
2 94
8 84
7 58
6 84
6 91
2 19
1 98
2 45
9 92
4 25
10 32
1 87
7 81
3 47
1 98
9 69
1 19
1 90
6 25
7 99
9 82
9 98
3 99
4 74
8 46
4 64
3 72
4 84
5 76
6 73
7 62
1 50
10 88
9 66
1 47
3 27
2 53
4 55
1 55
4 4
8 26
8 11
8 20
8 4
3 69
3 64
8 52
8 95
2 24
10 96
9 91
5 80
8 10
6 96
9 39
4 20
9 40
9 5
5 41
6 2
1 54
10 8
10 58
7 91
10 89
3 89
8 77
6 61
10 35
7 44
1 14
3 22
2 20
7 28
1 14
6 27
8 33
6 81
8 99
10 75
7 65
4 67
5 42
8 91
1 62
3 92
7 4
1 81
4 14
2 60
8 8
8 87
10 32
6 87
1 28
5 55
7 49
10 16
4 85
2 46
2 5
4 2
10 78
8 38
2 18
7 99
7 29
1 74
2 57
2 39
1 64
4 94
1 77
4 59
2 67
6 49
6 26
5 12
2 43
4 37
5 75
9 86
10 92
8 35
2 29
2 79
5 96
4 53
1 5
10 52
1 11
5 97
8 31
9 36
4 8
8 61
2 11
8 42
8 6
1 43
9 84
1 89
3 26
8 79
4 17
2 11
9 33
4 74
7 73
2 28
7 72
1 59
10 12
4 62
1 41
7 25
5 70
3 84
8 37
5 58
10 13
2 88
10 10
7 47
2 64
2 83
3 20
10 54
10 27
4 14
9 73
1 74
2 75
6 64
4 42
6 68
6 41
7 88
6 73
8 53
3 72
3 65
1 35
5 20
5 1
4 54
2 81
3 22
5 63
5 37
6 56
7 97
7 73
5 54
1 67
2 72
4 33
10 7
8 77
10 19
7 84
6 46
10 41
1 60
5 62
1 36
10 56
1 2
2 92
4 9
5 39
8 35
10 58
2 91
4 95
6 19
1 97
7 94
7 78
2 58
9 88
8 87
6 57
10 35
8 44
4 43
2 85
10 23
1 93
3 15
1 24
10 65
3 52
8 75
1 99
9 25
10 12
4 8
6 87
5 20
10 67
1 4
4 10
7 99
5 76
4 66
1 80
3 77
2 21
7 32
5 36
2 44
5 4
7 42
6 75
3 40
3 83
5 54
1 33
8 81
4 1
5 44
4 44
3 19
4 76
4 93
7 78
5 69
3 78
4 45
6 16
4 20
4 22
4 74
4 79
3 90
3 30
2 49
4 96
4 26
10 76
7 74
6 69
9 52
10 63
10 5
2 34
3 79
10 45
5 13
5 99
4 65
10 100
4 45
7 74
5 63
1 75
1 55
2 23
7 11
8 32
1 98
4 54
8 26
10 60
1 26
3 85
4 12
7 96
3 68
1 89
2 85
4 7
1 64
9 23
5 36
4 39
6 45
7 64
7 73
5 39
7 61
2 62
8 60
3 52
10 87
6 30
8 81
8 78
5 66
8 30
10 11
5 29
3 1
9 50
4 88
9 66
8 50
3 73
6 29
3 37
1 13
7 99
8 27
4 2
10 59
9 82
5 78
8 62
10 77
5 67
9 18
1 53
5 97
6 83
7 50
10 50
6 74
8 55
8 10
9 56
6 41
3 46
4 99
7 81
2 75
9 32
10 12
9 67
4 86
10 99
6 32
5 5
2 22
10 83
9 72
6 4
9 19
5 7
8 62
9 28
9 39
1 55
2 53
8 90
6 30
6 37
7 74
7 89
2 21
7 18
5 66
6 34
8 89
3 76
9 57
10 38
2 55
4 40
2 86
6 44
5 76
4 14
6 77
7 85
6 99
2 1
1 87
8 62
7 15
3 22
5 26
6 18
9 96
8 65
8 15
10 75
9 71
2 38
8 29
8 95
4 49
3 83
6 69
3 40
9 86
1 68
2 81
4 34
2 7
10 1
6 43
5 21
9 41
8 55
6 77
9 5
3 33
6 64
4 97
8 12
6 49
7 22
6 12
8 12
6 63
3 53
10 79
2 95
7 34
2 39
10 2
4 65
3 37
7 85
7 46
8 42
2 35
3 85
1 93
8 97
8 40
9 75
6 47
2 41
6 32
8 42
6 52
6 9
3 84
4 42
4 69
1 37
6 22
7 48
8 48
3 42
8 10
2 83
10 90
10 47
1 60
4 91
3 51
1 78
7 38
8 69
6 82
8 35
9 69
5 16
4 10
8 77
8 93
8 15
3 97
9 89
8 71
8 90
8 50
4 100
3 76
5 88
5 88
7 42
3 44
9 4
9 71
2 91
5 69
1 58
10 28
2 51
1 4
6 68
2 57
7 63
2 100
7 7
8 44
7 39
2 32
4 84
5 99
