8 1
6 36
4 78
3 15
10 19
10 39
7 6
9 92
9 70
4 19
1 3
10 33
1 77
8 31
9 37
8 15
5 32
5 47
10 91
4 33
2 46
1 47
9 88
9 84
2 44
5 61
6 84
10 15
3 91
4 93
10 29
3 6
2 71
10 4
3 91
4 56
1 79
2 92
9 98
2 67
10 37
2 24
3 93
10 40
3 41
3 5
5 79
4 82
1 19
9 57
3 63
3 81
8 47
1 89
1 29
8 72
10 89
8 75
5 88
4 69
2 11
3 20
7 100
3 14
3 71
7 73
5 35
6 39
10 96
5 33
10 77
10 100
6 36
7 100
4 81
10 58
8 17
1 40
3 11
3 23
1 13
10 100
7 66
4 95
6 35
7 38
9 88
9 75
5 90
9 67
1 91
3 78
4 70
2 83
7 92
1 68
7 84
2 74
10 44
9 89
5 100
9 71
2 41
6 100
1 10
10 54
6 66
10 98
3 80
3 55
9 88
6 58
5 43
8 48
10 5
8 25
2 15
3 13
5 93
7 72
3 2
5 6
10 91
9 58
8 53
3 42
1 62
6 73
4 88
10 52
8 62
8 90
6 76
7 70
8 54
6 67
1 12
7 40
1 5
8 74
1 86
8 91
7 31
1 40
6 53
2 76
8 3
3 84
2 75
6 44
7 79
3 68
10 10
10 23
3 29
3 17
2 60
2 46
1 94
5 41
3 56
6 79
4 11
3 29
7 43
5 61
4 41
9 48
1 58
4 15
10 90
6 83
6 65
3 60
7 80
8 5
2 27
2 89
8 46
5 75
7 98
2 63
9 59
5 91
3 17
8 76
7 5
3 78
10 86
5 71
3 99
2 91
5 63
4 62
2 89
4 55
5 46
7 1
6 30
4 24
9 3
1 38
7 64
3 56
3 75
3 25
1 10
8 1
7 72
1 78
10 63
10 76
5 89
9 92
9 93
9 92
10 4
3 93
8 22
5 9
4 11
7 85
4 99
4 88
10 58
5 74
2 12
8 3
10 49
3 38
7 13
8 90
3 24
10 46
8 88
5 71
6 72
9 87
7 6
5 3
9 81
4 76
10 57
5 96
10 91
9 45
7 88
3 32
3 31
8 75
4 80
1 16
10 89
10 7
10 35
10 11
4 88
4 46
4 49
9 22
4 55
7 7
7 77
2 23
1 16
10 74
7 22
2 20
8 41
1 49
2 51
7 24
10 29
8 75
4 9
6 34
9 45
7 98
2 5
2 46
7 29
5 98
7 97
1 85
8 62
4 57
6 49
7 81
10 43
5 71
4 28
3 19
6 81
4 73
4 34
8 79
10 5
1 67
7 69
1 49
3 78
9 56
6 82
10 11
5 13
3 18
6 30
1 7
6 95
9 24
1 20
3 11
4 83
10 54
2 79
10 20
5 38
10 89
9 53
2 38
2 65
7 17
5 100
8 68
6 99
4 48
4 74
5 29
2 12
9 65
8 34
2 4
5 55
10 4
1 7
5 13
2 77
3 46
7 42
7 90
3 100
3 23
1 64
10 35
10 36
10 18
6 10
2 51
1 71
8 1
8 39
7 97
10 18
9 7
1 26
6 79
10 32
5 51
7 23
10 58
5 44
7 92
2 96
5 89
10 83
6 96
6 69
2 14
7 20
2 47
2 98
4 65
10 77
10 90
4 54
3 41
9 10
5 75
3 55
7 87
10 58
1 57
9 22
3 7
2 63
3 58
8 2
4 32
4 21
10 14
8 21
5 50
10 87
3 67
3 80
7 97
10 90
7 21
5 57
1 73
6 3
2 44
2 5
10 81
7 86
6 74
3 9
1 46
9 22
3 4
3 14
3 75
1 10
2 74
10 79
4 31
4 8
7 37
7 79
7 24
1 53
5 67
3 5
3 12
4 17
7 22
7 62
9 36
10 22
7 50
2 87
7 39
4 29
5 70
3 5
1 41
5 2
1 15
8 62
6 61
7 87
8 26
5 15
7 97
2 13
2 56
1 13
7 79
3 8
4 81
10 70
6 67
7 49
8 52
10 63
7 9
9 27
3 87
5 69
7 81
8 29
2 76
5 30
7 3
7 80
8 12
6 18
5 27
8 66
1 24
10 41
10 43
7 63
2 81
7 29
3 74
5 20
7 23
8 65
8 100
5 40
2 62
7 34
9 64
8 65
9 97
10 91
4 88
5 97
9 72
3 6
1 37
6 3
3 91
4 87
3 46
1 5
9 31
9 70
8 11
6 37
6 58
3 65
4 72
7 23
1 80
9 92
1 85
6 50
7 2
8 19
1 61
10 28
1 92
2 13
3 96
9 4
10 4
9 12
6 94
6 7
2 41
1 76
7 56
4 45
7 98
2 69
8 24
9 3
10 27
8 91
7 15
2 72
4 65
6 95
10 36
8 26
10 16
9 58
6 39
3 48
4 89
9 62
10 56
3 91
8 66
9 88
10 59
5 95
6 94
1 78
1 31
1 32
2 63
4 85
8 25
1 7
9 70
9 69
3 68
3 28
4 23
2 73
10 85
4 43
8 76
6 2
9 22
4 61
2 92
10 73
10 31
3 6
4 74
1 31
7 1
6 98
7 88
4 94
2 72
2 33
9 26
2 55
1 82
5 25
6 14
2 46
7 69
7 56
5 31
5 55
10 63
1 92
7 68
3 45
7 81
6 6
2 4
6 51
6 26
3 51
10 61
4 69
7 27
4 99
4 63
3 54
1 34
3 84
6 88
8 53
4 52
6 76
1 6
10 93
10 16
8 45
2 42
5 46
10 52
6 78
4 36
7 63
3 25
1 53
3 38
7 59
7 36
2 23
10 32
4 94
8 29
1 65
10 71
1 8
1 97
2 36
2 36
7 54
4 17
4 38
9 23
10 1
2 43
7 61
5 91
4 44
8 21
8 57
7 58
3 27
9 9
7 70
10 86
1 76
8 37
7 85
4 68
9 35
6 2
2 29
9 93
6 71
9 79
8 51
9 77
10 3
10 33
10 20
8 46
1 28
4 74
10 88
2 24
9 23
8 56
6 35
1 24
4 1
10 36
10 37
2 26
6 37
3 73
4 71
3 29
1 82
7 72
2 96
3 79
4 68
2 43
9 14
9 47
10 77
3 80
5 73
1 24
9 37
5 52
2 21
1 93
1 75
10 22
5 61
4 65
9 75
6 35
6 84
5 2
6 100
4 14
2 96
8 16
3 82
6 31
3 26
8 52
5 42
1 37
2 79
4 26
4 62
5 14
7 63
10 21
2 100
4 63
2 14
1 80
4 52
4 34
2 60
7 9
7 92
4 65
5 54
1 87
1 9
4 26
3 44
1 97
7 25
6 26
6 19
8 73
4 44
8 28
8 98
7 100
6 60
6 29
3 42
5 66
3 51
4 63
6 32
1 16
10 5
8 97
7 38
5 80
9 5
9 10
2 12
4 93
1 39
6 19
8 11
9 97
8 20
1 51
9 65
3 92
1 91
3 54
4 5
6 60
5 67
1 44
9 45
6 4
2 72
4 56
8 84
5 63
7 57
1 52
3 36
2 24
9 100
4 29
9 31
5 1
6 27
9 65
10 7
2 89
4 47
8 19
2 67
9 64
10 41
5 58
3 73
2 36
6 18
5 55
1 23
2 87
3 96
3 74
8 20
6 65
5 57
5 62
5 22
2 44
1 92
10 23
8 67
6 8
8 89
10 28
2 75
3 79
9 43
9 7
7 65
5 87
3 65
4 21
2 7
1 84
8 75
4 33
9 76
6 92
10 48
2 52
9 49
10 71
8 43
7 35
10 70
4 11
5 43
9 26
6 64
8 78
4 89
10 88
9 15
8 97
4 67
8 46
10 10
3 97
1 24
7 99
8 80
2 17
9 100
7 51
8 86
9 20
9 3
9 9
7 63
4 73
5 87
8 2
10 34
5 15
4 43
7 18
8 100
2 9
2 40
3 12
3 73
7 97
8 28
5 92
8 38
1 82
9 3
6 34
10 53
8 43
3 76
3 42
2 53
5 87
6 22
5 50
5 1
3 77
4 93
2 9
5 6
2 75
4 43
7 24
5 59
6 28
1 49
9 65
7 10
8 92
7 74
8 97
4 74
9 8
5 93
9 7
7 68
3 96
6 100
10 33
1 16
6 59
10 5
3 87
9 31
6 54
5 88
10 73
5 48
9 15
10 92
3 83
8 96
3 73
5 57
2 92
8 40
1 22
1 73
4 1
7 87
6 47
6 97
3 37
7 79
2 92
8 19
10 25
5 71
2 35
9 11
7 14
7 99
5 31
6 99
6 51
4 100
4 30
10 85
3 6
7 62
8 13
9 1
2 20
10 34
2 32
6 1
3 27
7 56
4 72
3 82
8 89
1 48
7 75
4 95
2 76
1 23
1 36
7 82
6 37
6 4
2 54
6 72
2 90
5 53
5 15
4 7
9 42
5 41
8 71
4 7
6 74
4 52
10 51
4 95
1 67
1 76
4 84
2 43
2 29
