5 87
3 66
7 15
1 61
4 84
6 70
2 36
8 95
8 82
9 72
8 19
10 34
4 8
7 65
9 32
8 58
10 35
3 90
1 55
8 51
4 66
1 77
9 41
2 23
2 16
6 8
2 79
3 77
2 97
4 59
3 32
8 70
4 11
3 28
6 20
3 56
10 88
9 90
9 28
2 41
9 22
3 76
4 71
4 82
5 1
5 36
4 24
1 65
7 13
7 55
2 82
10 37
6 98
7 37
6 42
5 15
9 29
7 95
5 53
6 60
2 31
5 38
2 77
10 83
2 26
2 38
4 46
7 69
7 40
1 54
10 71
6 41
8 57
4 84
9 71
7 52
4 30
2 92
9 94
10 72
5 62
6 3
10 19
1 46
5 54
3 53
7 70
1 85
5 6
10 5
9 37
5 9
3 19
10 13
5 56
10 99
9 69
1 77
2 34
9 54
7 76
10 83
1 87
9 97
5 60
5 70
10 90
3 57
8 67
2 100
8 53
2 9
3 55
8 97
4 78
10 41
2 78
3 78
4 58
8 73
7 71
4 85
10 6
10 34
3 40
5 38
6 68
10 81
10 71
6 73
6 64
6 4
9 55
6 24
2 84
2 58
5 7
4 67
9 38
6 24
9 3
7 68
9 62
7 80
3 67
3 83
9 75
9 11
1 57
3 96
3 17
3 80
8 55
7 93
1 69
9 40
5 68
4 67
1 50
10 70
9 42
9 9
3 47
8 58
1 62
2 6
1 4
9 63
6 61
6 70
7 79
8 42
6 15
1 26
2 21
9 10
3 83
2 25
6 17
8 44
6 4
2 3
10 77
10 38
4 75
7 82
6 81
6 50
10 15
7 48
3 77
5 69
8 44
1 98
8 60
5 98
7 25
6 45
10 44
9 42
10 19
10 81
3 71
10 59
2 2
6 91
6 45
2 19
9 7
3 8
10 52
3 15
9 6
4 2
2 38
7 99
9 7
10 83
3 100
6 78
9 63
2 43
2 50
2 95
2 41
6 48
8 66
1 36
8 47
4 73
2 19
6 32
8 80
7 53
8 60
10 42
6 77
2 26
7 35
3 50
7 94
7 100
2 86
6 1
1 40
7 17
5 54
10 78
8 30
4 17
6 75
9 32
2 74
6 89
6 73
5 52
3 66
10 26
4 19
4 42
4 45
2 81
3 39
2 72
9 21
9 53
3 90
2 16
6 76
2 29
5 87
8 32
4 41
1 25
8 5
6 42
10 90
9 10
3 3
1 35
7 85
10 56
2 85
5 18
5 84
9 1
5 53
7 47
6 83
9 1
7 56
3 90
6 2
10 21
1 41
10 27
3 78
4 26
5 34
3 89
2 78
5 65
5 24
5 69
2 88
10 54
5 61
3 61
8 35
5 63
9 93
3 68
10 87
10 99
7 84
3 61
10 62
2 49
3 19
7 41
8 71
3 68
5 84
8 24
5 43
3 18
5 56
2 61
8 46
6 39
4 68
4 8
2 36
4 77
9 95
3 24
5 34
8 100
5 80
3 27
3 100
5 20
4 69
2 30
9 21
8 71
1 80
3 84
9 60
1 46
9 87
5 98
4 79
3 80
4 49
3 25
4 8
9 44
9 5
4 85
10 50
9 22
6 72
5 22
6 78
3 10
5 19
2 50
2 64
5 38
8 15
6 35
1 12
7 6
10 27
8 60
4 19
9 16
3 6
7 9
2 1
5 91
1 48
10 41
10 79
3 37
5 35
5 5
1 92
4 63
1 100
3 16
4 9
5 81
6 93
2 62
7 55
3 24
9 13
8 83
7 41
3 25
7 85
1 42
7 24
10 41
9 59
9 56
4 24
1 25
1 14
7 5
8 62
1 85
7 23
9 47
6 90
3 50
2 76
4 95
6 8
3 30
7 52
7 89
9 32
1 12
2 11
7 73
9 20
4 2
1 65
3 54
2 10
2 41
2 100
10 36
7 8
6 17
5 84
8 83
7 9
8 50
7 80
9 71
1 31
10 52
2 71
7 71
6 61
2 4
1 10
6 12
1 92
10 6
8 62
4 41
10 63
5 8
2 36
3 71
4 56
1 45
3 82
7 60
5 63
7 85
5 17
3 80
5 43
7 5
3 22
7 84
1 54
4 61
9 11
10 4
1 11
3 31
4 61
3 10
2 67
8 95
4 77
1 28
4 43
9 82
2 45
8 4
8 98
9 21
6 42
9 99
5 24
6 49
4 93
4 48
4 11
2 94
9 55
5 15
6 82
7 53
10 2
4 8
5 94
7 84
5 40
4 4
3 7
8 15
3 9
9 12
2 21
9 14
9 58
6 58
2 14
3 75
1 94
1 57
5 48
2 58
3 33
1 14
6 20
6 25
10 69
1 59
10 35
1 59
4 19
2 81
4 73
8 71
6 8
4 87
9 74
10 75
8 54
5 26
9 11
4 67
9 34
3 100
9 43
7 66
5 81
5 59
3 60
4 73
3 89
1 5
4 41
10 72
9 18
7 12
1 91
4 98
7 47
4 41
1 30
7 25
3 88
6 89
5 99
7 41
7 64
3 96
7 17
7 100
10 2
4 51
1 46
8 100
4 57
5 75
8 97
5 30
8 37
2 87
3 62
3 99
8 25
1 44
5 66
3 23
10 93
2 92
10 70
7 7
4 35
7 69
7 26
9 28
7 16
9 20
9 17
4 35
8 93
1 56
5 4
8 73
1 60
5 22
9 45
4 54
9 90
10 5
6 34
3 47
2 19
1 21
7 48
7 46
3 3
9 65
9 35
9 50
8 86
6 63
5 29
7 77
3 1
1 72
3 12
7 71
3 93
7 74
10 31
7 14
3 96
10 19
4 71
2 54
6 15
8 80
10 63
9 44
6 8
5 49
9 54
3 57
8 59
2 98
10 97
1 5
10 31
3 9
4 8
9 62
9 24
7 16
5 23
10 100
6 52
4 41
9 79
9 87
7 23
1 38
9 4
9 42
8 84
4 44
2 5
3 76
5 100
1 33
6 77
8 79
5 60
10 28
8 78
1 11
6 44
2 13
4 82
10 29
5 40
4 84
2 24
7 18
10 99
1 76
8 21
8 19
7 16
2 81
3 25
9 36
5 11
9 68
6 100
10 83
2 14
10 52
7 83
3 15
6 50
2 65
1 31
6 83
3 69
9 69
7 34
3 38
4 75
3 79
1 47
3 90
3 59
8 41
9 16
5 7
1 5
7 87
10 31
7 43
5 78
2 80
1 62
4 97
7 69
1 26
7 85
10 84
9 10
6 38
5 81
4 86
9 18
8 23
6 100
4 75
6 68
9 61
5 94
2 26
8 8
4 100
9 27
2 99
10 7
9 72
5 59
6 9
5 35
7 32
10 52
2 7
6 86
2 49
4 8
1 91
3 68
2 38
7 29
9 89
7 71
6 47
8 78
10 90
8 8
9 63
8 17
2 80
2 33
10 12
6 45
2 18
10 90
9 99
9 99
9 65
4 45
3 71
1 54
8 27
2 100
1 20
4 76
9 9
4 24
9 17
8 9
6 45
5 73
5 56
4 84
3 12
2 22
5 7
5 67
6 87
2 55
9 58
3 14
1 73
3 71
2 81
5 56
5 14
3 26
1 29
6 26
1 76
4 85
5 36
3 57
9 94
5 30
4 50
8 65
2 90
10 35
8 36
3 13
5 93
8 76
2 93
10 24
10 15
10 43
9 29
6 59
8 20
7 92
5 12
9 26
8 71
7 51
5 69
5 10
8 48
1 35
3 25
2 37
8 75
1 31
7 19
3 39
1 74
9 34
3 92
2 73
3 9
8 76
8 1
7 69
3 8
3 4
7 65
2 39
5 50
10 33
8 70
8 32
4 6
5 59
7 97
10 41
7 58
9 61
9 20
9 56
7 10
4 98
2 29
5 48
4 87
9 2
1 6
3 89
6 90
1 31
6 19
2 52
8 88
6 54
5 97
8 9
10 85
7 70
2 36
7 89
7 82
10 37
2 10
5 59
1 41
5 83
3 96
5 1
9 34
1 4
1 85
7 61
4 45
5 87
8 22
2 2
7 100
5 42
3 26
4 94
10 3
3 14
7 14
1 3
10 59
6 14
7 80
7 97
6 50
6 61
6 89
1 91
1 95
4 22
1 36
10 75
3 68
1 21
7 62
7 12
3 30
1 45
9 5
1 43
4 12
2 33
2 79
1 32
9 77
4 92
5 74
6 76
2 64
7 27
6 31
1 2
5 48
6 56
2 37
8 16
2 55
3 66
6 16
7 49
7 29
4 73
4 89
10 37
2 96
7 57
3 38
6 67
10 30
4 67
1 39
5 40
2 48
5 89
9 70
10 22
9 11
10 4
2 84
9 36
2 22
1 93
4 67
2 73
4 29
2 35
8 73
7 50
2 34
6 37
3 95
4 46
2 27
5 10
5 84
2 12
4 4
5 30
2 37
2 5
7 11
10 59
8 36
1 16
2 4
10 62
6 95
4 35
2 61
2 38
2 25
