4 44
1 95
7 84
10 21
8 10
5 48
8 94
7 92
2 20
8 41
10 75
8 62
3 42
3 59
1 76
9 66
4 37
2 98
2 91
8 34
7 35
7 29
3 34
10 34
2 60
9 86
8 76
9 34
4 92
2 76
7 77
2 30
6 60
1 3
5 64
2 85
8 12
8 72
4 88
8 29
3 100
2 15
2 93
7 55
2 81
4 42
3 82
8 89
4 67
5 45
1 70
9 49
7 6
9 61
5 5
9 69
9 10
10 23
1 18
8 26
10 80
5 87
7 39
1 6
7 8
4 67
10 90
3 80
10 23
8 52
2 28
6 61
2 64
9 41
9 86
4 26
7 25
8 21
7 5
9 18
4 76
8 71
2 79
3 82
8 56
8 69
7 77
4 69
7 23
4 99
9 37
2 92
3 15
3 27
9 83
9 81
8 31
2 68
5 65
6 9
2 1
6 57
6 29
6 47
4 39
1 72
3 31
7 44
3 68
8 53
3 90
8 82
6 38
10 6
9 17
6 19
3 90
6 70
7 96
8 97
2 92
2 45
7 1
3 1
5 82
4 67
10 93
8 34
9 6
4 2
8 7
7 9
6 99
10 58
4 40
2 88
7 38
10 68
3 99
3 48
5 46
9 30
1 12
9 77
8 10
10 46
10 25
4 74
9 24
8 52
8 80
9 83
10 5
10 75
7 24
8 37
10 81
1 60
2 16
1 34
8 61
8 68
7 5
6 47
8 68
3 52
4 53
6 83
5 41
10 41
7 64
6 83
8 49
4 19
8 56
4 6
8 91
4 75
1 3
9 76
2 65
7 99
6 61
9 80
1 6
8 6
10 52
9 15
1 67
4 58
2 65
2 72
6 7
7 91
8 26
2 68
6 57
7 43
9 7
4 17
7 87
9 46
6 39
4 45
10 39
1 57
4 42
10 97
9 15
7 28
6 14
8 88
5 54
6 26
1 96
8 71
2 22
9 93
2 37
8 60
4 16
7 48
7 40
5 17
5 29
10 46
4 40
5 11
7 98
3 90
2 95
8 34
1 81
10 11
8 67
1 85
4 4
9 67
5 90
3 96
5 87
4 26
4 87
5 23
1 70
3 89
4 69
8 77
7 93
5 77
10 96
3 47
3 90
2 47
6 100
4 65
3 35
8 43
5 63
1 46
3 86
3 54
4 45
3 45
7 18
5 58
9 69
5 84
2 1
1 30
4 18
3 81
10 58
9 12
1 37
10 40
2 46
5 93
6 27
4 50
2 32
2 97
1 61
10 94
2 15
5 42
9 22
1 11
8 68
5 71
7 4
4 3
4 74
3 95
1 32
7 87
5 3
4 96
3 13
9 81
10 18
3 18
5 29
7 88
1 29
9 27
3 45
7 24
2 50
10 74
3 15
3 53
8 27
6 59
10 64
6 34
1 83
3 78
2 85
9 92
10 45
7 77
3 83
10 42
5 41
9 68
4 45
8 44
7 4
4 24
4 50
7 69
7 54
6 94
8 29
1 62
5 4
3 95
3 7
4 19
10 77
6 80
8 33
2 83
3 74
8 68
1 48
7 38
3 15
4 23
9 58
4 23
4 89
8 75
7 96
2 56
2 64
7 6
8 31
7 95
10 52
7 44
1 93
7 4
3 58
7 79
1 99
1 91
2 62
6 47
3 38
2 29
6 4
2 30
8 92
9 67
4 12
8 83
2 1
6 100
8 15
4 60
2 69
4 58
8 85
4 97
7 18
6 57
7 99
2 96
7 83
6 48
9 68
1 93
10 29
2 73
10 30
7 69
4 86
8 43
8 48
10 24
1 91
1 17
8 54
10 81
9 5
1 66
2 70
8 18
5 77
3 41
4 15
1 54
5 93
5 18
6 97
4 80
7 37
10 64
8 82
2 75
8 45
9 17
3 84
10 34
9 31
4 73
1 33
8 19
6 44
5 69
3 9
1 66
5 89
2 99
4 81
2 92
10 11
8 52
4 83
7 70
2 2
2 28
10 18
8 60
5 27
2 66
9 40
8 40
9 35
7 62
3 88
3 91
8 44
10 36
10 39
2 8
9 91
5 68
2 20
1 2
3 6
10 69
8 66
1 4
9 70
1 61
1 50
9 28
10 87
8 64
8 64
2 2
1 28
9 90
8 1
1 56
9 34
7 8
5 75
8 93
7 98
2 67
7 9
8 71
5 65
1 98
9 94
9 47
2 61
5 77
1 79
9 13
7 91
10 25
4 75
10 75
10 43
5 60
7 64
2 1
4 65
2 91
4 45
5 91
9 64
10 10
2 43
6 79
10 91
4 4
4 66
7 38
2 14
5 98
6 90
9 8
9 48
5 10
4 40
10 10
10 96
8 61
10 21
5 90
9 68
8 75
9 67
8 70
6 63
7 47
10 5
5 42
8 96
6 37
10 21
9 85
6 54
4 34
10 49
10 44
4 26
4 32
3 32
7 68
1 16
4 28
4 19
10 2
9 96
4 49
3 31
10 18
5 36
5 48
1 59
8 54
5 72
10 35
3 91
8 42
3 100
2 20
9 34
8 24
4 57
10 17
8 69
1 75
4 78
7 19
6 54
8 97
6 66
3 81
5 42
2 70
7 8
9 88
2 44
1 68
3 6
6 38
1 80
1 55
1 78
6 25
8 72
5 16
9 97
5 2
3 27
6 27
10 98
9 24
2 18
7 46
6 88
7 20
3 68
3 34
2 3
1 24
9 24
8 3
4 72
9 38
10 95
2 13
8 22
5 27
10 44
4 7
1 33
9 86
4 22
6 92
5 66
3 5
6 57
6 18
7 44
8 84
7 54
2 68
3 71
2 98
3 98
3 49
2 16
3 74
3 40
9 9
4 73
6 91
3 77
8 85
9 100
2 57
7 72
1 77
5 21
7 93
10 24
8 98
4 54
8 29
2 14
10 57
5 44
3 83
5 66
9 76
7 28
2 93
5 41
9 70
10 80
3 27
10 45
9 17
10 82
4 22
8 46
7 37
6 30
9 97
10 17
6 32
1 53
8 19
9 9
1 5
10 46
6 81
2 95
3 26
4 21
1 55
8 87
10 84
9 23
4 84
9 26
7 7
8 7
2 92
9 32
1 93
7 60
2 23
5 49
7 6
1 74
4 68
9 5
5 10
10 12
10 17
7 33
7 63
1 96
3 23
4 17
1 66
4 24
5 28
1 50
3 7
4 73
2 15
7 75
7 59
3 16
6 91
9 74
10 79
2 70
10 65
10 14
8 36
6 65
6 57
8 47
7 43
1 35
1 38
2 55
4 11
3 23
5 52
2 49
6 59
6 1
8 86
3 29
2 83
5 4
4 38
9 37
10 48
1 31
8 21
7 75
9 39
6 18
1 70
9 82
8 72
1 80
8 98
8 43
10 52
8 80
6 6
4 98
10 64
4 25
1 90
9 56
10 17
3 44
8 13
3 48
3 60
3 47
1 40
9 1
5 17
3 81
2 2
4 31
5 86
8 42
1 39
1 19
9 83
2 70
5 71
3 13
3 53
2 90
4 57
9 13
9 60
5 28
2 66
10 28
4 90
1 50
3 48
2 86
3 52
8 79
1 34
10 7
8 54
8 59
8 16
5 72
10 68
8 9
1 49
8 97
4 29
7 84
5 99
4 54
4 36
5 20
1 26
9 91
7 11
7 15
3 50
2 70
8 85
1 70
2 72
9 26
1 97
4 52
3 2
1 94
5 11
10 87
3 68
1 90
6 16
9 100
10 19
8 51
4 43
4 9
10 94
7 46
1 16
10 86
6 81
6 80
5 41
2 99
1 36
4 22
9 5
4 21
10 42
9 58
5 95
7 82
9 37
9 31
1 53
5 7
9 45
8 87
1 99
3 62
2 26
3 52
3 22
8 11
9 24
6 1
1 71
2 96
3 10
2 55
9 40
9 63
2 86
10 15
4 47
9 24
1 33
10 32
9 28
5 73
9 29
8 95
2 53
3 23
5 48
5 84
2 81
8 49
4 68
2 7
5 19
2 85
7 10
10 66
9 98
5 24
5 49
6 95
2 100
2 12
4 49
5 60
4 76
2 69
4 50
9 9
2 94
2 86
4 40
7 70
5 79
4 90
4 31
7 62
4 100
1 50
4 74
5 44
9 62
5 83
6 13
4 91
1 40
1 30
10 16
10 51
8 73
8 6
9 51
5 81
3 41
8 86
3 42
4 93
10 81
10 40
6 96
8 70
4 45
5 26
2 14
9 75
6 100
4 86
2 39
2 94
9 28
1 51
4 43
8 25
8 15
3 40
3 89
9 74
3 66
9 41
9 2
4 68
9 98
10 78
5 37
9 6
6 87
2 89
4 46
6 53
5 99
7 82
2 62
5 67
4 5
6 68
1 91
2 96
6 68
5 86
1 37
3 89
3 20
3 37
7 74
10 32
7 93
8 14
5 15
5 21
9 20
6 10
6 50
6 29
10 75
4 67
4 89
9 15
1 30
3 14
6 69
9 28
5 85
9 41
5 37
