8 44
9 8
8 25
3 85
4 98
5 85
10 7
2 76
6 88
4 73
6 57
7 79
9 68
3 85
1 18
9 12
5 73
6 32
10 65
7 17
3 77
1 61
9 73
8 27
1 19
3 30
1 94
8 77
6 11
5 59
3 23
10 84
10 79
5 55
6 68
5 10
4 34
9 96
4 52
9 93
1 28
8 77
4 33
10 91
3 51
2 40
1 28
6 57
8 29
6 14
3 71
9 93
10 77
5 63
5 91
9 66
3 61
5 80
6 61
1 36
5 94
7 3
2 54
3 78
10 37
2 19
5 70
2 94
5 53
2 79
2 66
6 65
2 28
3 81
7 67
9 73
9 25
1 8
3 84
10 100
6 25
3 68
9 80
7 4
2 92
1 11
7 38
10 47
5 18
9 3
4 18
6 14
1 64
6 48
3 43
10 79
7 14
2 64
7 53
6 8
3 73
6 63
2 34
10 76
7 91
10 26
6 27
5 94
3 47
4 21
9 45
4 27
1 100
7 83
1 62
5 86
1 79
9 7
1 91
7 43
9 7
1 66
9 68
1 46
10 74
4 73
1 85
8 83
1 91
6 90
3 62
6 81
10 35
5 19
4 84
1 17
10 6
1 24
5 68
3 34
9 17
4 7
3 68
2 91
7 27
8 63
9 49
3 30
1 26
5 95
8 25
2 25
9 16
6 6
2 20
8 33
10 76
2 31
5 69
9 45
2 36
3 28
7 60
4 37
8 94
1 52
4 27
6 100
1 57
1 50
2 82
4 84
7 70
5 45
2 73
10 87
1 42
10 20
3 58
2 17
6 72
9 56
2 97
5 58
1 21
2 19
2 14
7 71
7 69
4 33
8 67
3 25
7 72
8 79
3 68
8 71
5 52
9 37
1 56
9 95
6 55
7 61
1 15
1 97
5 91
3 59
8 3
2 65
2 80
7 21
6 5
4 59
2 78
2 46
5 23
9 66
3 29
9 44
1 25
7 75
10 22
4 84
2 46
4 93
8 44
5 34
2 77
8 64
8 30
9 35
7 74
2 28
6 29
7 72
9 81
10 57
6 44
3 55
3 19
10 29
10 94
8 10
4 57
9 7
6 23
10 69
5 82
4 64
2 13
3 26
6 14
5 38
10 94
9 76
9 22
2 95
5 64
7 86
2 69
4 32
5 23
1 38
8 18
1 87
1 79
7 41
6 64
8 3
8 44
5 87
8 40
7 77
3 67
5 85
7 83
10 74
10 49
9 36
2 83
6 97
4 92
8 84
2 96
7 87
3 90
7 68
4 93
8 31
10 3
2 22
1 1
5 18
10 96
2 82
1 4
8 46
1 36
10 17
8 61
1 80
7 20
7 15
1 4
7 15
7 88
6 87
5 23
3 63
3 73
10 15
5 74
4 89
7 19
3 91
10 76
7 56
3 46
4 49
7 25
1 59
3 10
1 12
10 12
3 63
8 25
10 50
6 79
10 95
1 49
2 55
8 96
4 83
6 64
5 12
6 80
10 83
9 9
4 7
4 8
4 20
7 78
1 24
10 42
10 55
4 57
4 19
4 94
2 18
1 69
4 34
8 58
6 88
9 85
4 81
5 20
8 74
1 93
9 66
1 92
7 90
9 17
3 45
3 45
1 77
7 11
3 26
5 71
5 94
4 85
9 43
3 63
9 78
1 78
10 37
7 8
6 96
1 36
7 43
1 73
6 92
7 96
2 72
7 70
9 57
10 63
4 64
3 49
10 20
4 33
3 84
2 27
7 12
9 97
2 95
10 79
6 34
8 26
2 25
4 35
4 80
6 57
1 92
10 51
8 40
2 93
7 66
7 87
9 67
8 42
9 68
4 2
7 92
5 3
6 43
8 50
5 56
4 17
10 63
3 21
10 81
6 40
4 33
8 39
8 85
5 21
1 82
2 58
3 57
9 96
10 28
6 16
3 53
9 25
2 77
7 46
6 100
7 49
10 49
6 68
8 41
8 15
2 50
10 56
9 58
8 41
4 99
8 97
6 74
6 22
3 67
10 94
8 56
10 75
10 48
3 13
7 12
5 16
9 66
2 48
4 7
5 94
5 75
9 100
2 80
8 92
10 15
8 57
7 46
10 60
10 83
10 87
1 30
5 12
8 92
4 49
4 44
4 75
6 51
1 57
6 58
9 27
7 91
9 76
10 46
4 26
6 91
7 85
4 74
4 55
9 15
4 47
10 100
2 56
5 52
3 5
7 25
9 71
4 18
8 71
1 68
9 10
5 55
1 43
3 93
4 69
7 11
3 34
9 52
8 92
10 15
9 3
4 25
9 40
6 68
3 96
9 43
10 68
9 99
3 62
9 83
4 50
2 40
1 19
3 43
8 9
9 1
1 75
1 46
10 9
2 81
5 58
1 67
4 16
2 55
1 97
5 51
6 93
1 42
7 26
2 6
3 13
3 36
7 54
2 99
8 84
6 13
10 94
2 22
6 6
4 83
9 29
3 6
9 72
10 2
9 2
3 33
7 74
7 90
2 91
8 52
9 55
6 17
1 86
1 50
3 82
7 8
5 53
9 16
2 53
3 82
4 83
5 19
10 26
9 54
1 67
8 43
2 8
3 44
8 14
9 16
2 64
3 100
7 93
10 48
6 86
1 16
8 13
10 49
9 82
9 60
8 37
2 82
6 73
5 70
1 100
3 67
2 27
7 33
3 90
6 75
6 1
3 75
9 53
1 83
1 78
8 53
1 42
3 82
10 3
5 15
6 63
10 32
7 97
7 34
9 7
6 57
7 79
5 35
7 27
9 24
9 34
8 47
9 89
1 42
10 26
9 19
5 16
1 71
6 32
5 3
9 17
9 5
4 24
5 24
2 78
8 9
6 78
9 4
9 78
3 3
3 6
1 62
2 33
7 99
1 54
6 84
1 47
5 64
8 16
8 27
10 70
8 30
3 50
4 15
5 6
6 53
9 11
2 60
7 18
7 37
3 29
4 58
8 25
9 17
2 99
4 6
1 60
10 46
7 66
4 84
8 8
6 3
10 81
7 70
8 94
9 61
8 18
7 71
5 8
1 26
5 13
1 39
1 59
9 58
7 9
1 99
3 40
9 66
7 36
4 55
3 29
4 94
3 73
1 1
6 23
1 16
2 21
10 61
2 3
3 94
4 89
1 4
4 39
2 66
4 48
7 39
2 84
1 45
5 50
8 55
2 3
10 90
10 9
8 96
7 77
1 33
10 12
7 19
6 64
6 30
9 8
9 74
3 38
4 74
5 69
10 97
1 15
1 2
8 83
1 24
7 96
2 100
6 96
3 49
5 96
7 27
3 46
8 12
1 19
3 84
6 42
2 67
2 39
1 9
2 57
1 85
4 89
6 71
4 11
10 49
4 42
6 37
7 96
6 17
10 48
9 12
5 5
2 29
3 52
7 58
7 77
7 40
9 79
9 53
9 42
4 75
1 99
3 47
8 75
10 90
5 68
1 58
3 93
2 100
3 45
4 83
5 76
9 43
5 34
8 15
7 81
3 43
3 86
3 14
7 47
9 42
4 68
8 69
7 56
4 22
10 99
1 37
2 39
1 36
2 7
4 85
3 56
5 73
6 79
3 78
1 100
5 25
2 39
4 94
10 36
5 61
10 57
3 39
1 72
3 2
9 30
1 78
7 83
10 37
2 59
5 90
9 66
10 3
7 86
1 16
9 3
8 36
5 96
2 63
4 96
3 41
2 81
1 59
5 22
3 52
1 21
9 15
3 5
1 48
8 72
8 33
9 91
5 95
5 87
1 18
9 6
9 53
3 79
1 88
4 69
5 12
9 98
6 73
8 13
6 8
8 53
4 78
2 1
1 58
6 62
7 99
9 24
9 91
10 1
4 92
8 11
1 75
2 25
3 7
6 22
9 60
9 6
5 98
9 61
6 58
8 78
2 63
7 45
3 25
7 45
7 16
7 50
3 100
8 46
10 74
2 55
3 82
1 10
7 43
6 27
2 61
3 78
10 26
10 16
9 29
8 58
8 11
6 100
2 11
5 54
2 66
10 70
7 16
4 93
1 38
2 15
10 65
3 42
10 35
3 59
7 70
1 49
1 94
10 42
2 33
2 52
2 22
1 33
7 93
4 4
2 23
9 21
8 37
3 55
7 23
9 72
3 76
10 21
5 5
3 77
1 96
5 77
10 47
5 54
9 45
9 43
3 85
4 13
1 89
7 52
6 78
1 36
10 11
9 59
5 20
7 59
6 74
7 24
10 68
1 55
6 96
5 4
4 49
2 58
8 25
6 66
7 35
1 44
2 64
4 54
8 62
9 81
4 17
6 97
3 98
9 21
6 71
3 9
9 50
6 98
8 85
2 92
4 7
4 18
7 61
5 58
10 44
5 19
9 87
9 1
8 13
6 72
4 40
2 70
9 5
4 23
6 14
2 19
6 26
6 39
8 28
6 20
9 85
3 37
7 43
4 11
7 21
5 48
6 93
10 58
7 70
2 66
3 19
2 34
7 59
