4 81
6 93
7 17
8 65
5 95
7 50
3 12
4 27
7 5
4 100
6 89
4 48
2 15
3 93
7 96
10 26
6 18
1 33
3 52
2 35
2 79
6 81
7 85
2 28
8 76
1 82
1 18
8 60
3 64
3 32
5 13
4 60
3 29
7 52
7 47
6 90
6 97
6 4
5 70
6 24
8 43
10 88
7 91
7 59
6 4
6 65
10 84
4 3
8 80
4 63
1 57
3 83
10 56
3 56
3 48
9 75
6 76
4 47
7 18
8 23
4 76
8 88
4 69
2 14
2 12
5 72
8 34
4 69
9 42
5 27
8 6
10 88
2 96
8 76
3 91
3 10
7 68
4 93
1 1
7 78
2 46
1 77
10 95
8 30
4 9
10 63
4 89
9 95
5 11
3 2
2 61
10 64
4 84
10 100
7 52
5 51
9 72
8 37
10 39
5 100
10 99
2 47
5 8
1 62
7 25
5 1
10 72
2 58
8 12
2 85
6 65
1 64
10 23
8 68
7 10
3 39
8 90
6 50
5 76
10 23
5 62
5 1
8 45
4 52
8 28
9 93
2 92
4 62
10 66
4 66
1 57
3 96
5 91
10 7
10 20
10 87
7 50
9 6
4 67
5 54
5 56
6 18
3 49
2 80
2 19
8 75
1 64
2 55
1 51
9 67
4 20
7 21
10 13
5 16
10 78
9 83
6 11
9 66
3 69
6 40
2 1
8 48
4 45
2 36
1 8
9 43
3 9
9 2
3 90
8 84
4 79
8 48
10 55
4 12
10 24
4 8
5 48
7 68
2 23
10 90
1 79
2 84
3 50
4 6
5 7
6 25
8 26
7 20
4 66
3 8
4 13
3 24
7 67
8 30
1 87
4 82
4 15
5 76
10 43
6 4
1 66
4 95
8 81
9 73
1 41
7 51
1 44
2 77
9 48
1 60
3 15
4 11
4 6
10 61
1 49
3 97
4 45
8 38
6 82
4 64
6 57
3 7
9 41
5 51
7 81
8 93
4 26
6 91
2 51
6 22
2 83
3 69
3 66
6 34
6 49
2 40
2 60
1 38
4 10
10 82
8 63
8 6
3 5
2 7
6 22
9 92
2 46
5 60
8 22
3 31
2 5
6 75
4 19
5 22
1 48
6 81
7 14
1 5
7 67
2 78
8 10
9 49
5 97
5 77
8 73
2 82
8 90
7 38
3 46
10 57
10 93
10 9
3 90
2 56
2 5
3 98
7 92
9 42
2 93
4 20
9 95
3 37
8 1
3 48
7 97
10 82
8 100
6 69
9 51
4 25
3 86
6 40
4 53
4 64
7 61
7 27
4 60
2 34
5 57
3 99
5 83
5 30
8 62
9 18
8 25
2 18
9 82
6 31
8 7
10 74
3 69
2 52
3 52
2 4
5 47
6 72
7 2
9 83
8 58
9 72
5 84
3 82
10 50
7 40
8 83
5 56
5 6
5 75
1 83
1 95
9 50
10 30
4 97
2 63
1 36
4 95
1 48
10 90
9 1
5 51
9 25
6 2
7 91
7 10
10 37
4 12
2 46
9 87
4 75
4 96
6 97
6 82
3 68
2 100
6 56
10 24
8 25
5 96
4 1
5 70
1 5
7 17
2 52
6 60
4 53
7 84
1 88
2 14
8 86
2 97
5 50
7 46
7 43
9 99
7 83
9 82
4 13
8 4
2 71
10 4
9 20
9 58
2 54
7 22
5 20
9 58
1 23
9 57
10 63
1 61
10 65
2 84
10 23
4 19
5 52
9 28
6 18
6 50
9 14
2 11
2 19
3 46
2 60
1 23
8 68
10 28
5 20
5 5
4 56
8 80
9 94
4 92
1 44
6 97
6 25
4 1
7 56
9 33
9 8
10 82
4 12
5 59
3 27
6 57
1 56
4 66
7 65
6 71
4 78
5 81
2 26
5 23
5 33
4 95
6 4
10 78
6 61
9 62
5 23
9 99
2 91
10 14
4 62
5 26
10 64
2 92
2 81
6 30
8 23
7 92
5 75
9 81
7 29
5 73
5 63
5 100
2 49
5 46
6 28
5 85
4 30
3 21
4 87
9 30
1 34
2 73
4 45
5 61
1 34
4 9
10 19
1 92
10 62
7 52
7 96
7 3
4 16
8 40
10 43
1 7
7 49
1 56
3 27
9 42
2 97
7 16
9 36
7 30
5 86
9 30
10 93
6 25
4 77
2 53
2 25
7 28
8 90
10 35
10 57
4 62
3 14
6 92
6 21
2 91
2 89
9 62
8 44
4 3
3 99
8 20
1 26
5 1
5 8
5 17
10 65
5 67
3 69
2 100
4 51
1 42
5 22
3 83
3 92
8 60
8 40
6 45
5 54
4 96
4 58
9 46
3 49
4 1
5 70
9 4
10 57
2 32
3 23
4 25
2 53
5 33
4 2
6 97
2 87
4 23
8 90
4 31
10 81
9 46
9 81
3 60
6 23
3 61
8 22
4 33
6 59
9 38
1 35
1 31
5 3
7 82
4 10
5 18
7 60
8 88
9 10
1 12
1 74
7 21
5 21
8 29
9 100
2 74
10 68
5 63
10 46
9 75
9 91
8 48
8 46
7 47
5 64
6 53
5 61
3 51
8 66
1 63
4 29
7 10
9 49
6 33
8 23
10 12
2 34
1 22
8 60
8 89
5 13
8 37
8 1
3 56
2 70
9 53
5 36
9 42
5 58
9 61
7 54
10 49
9 17
7 47
5 89
6 75
2 39
1 62
2 5
8 83
1 57
8 65
5 32
6 33
2 47
7 63
1 32
2 87
8 73
4 83
8 69
5 68
3 68
10 91
3 18
5 49
10 51
8 91
10 90
10 4
1 32
10 100
4 40
9 62
2 38
5 34
4 37
2 74
3 94
5 60
7 35
10 70
1 8
10 49
7 1
2 14
5 28
10 30
2 91
8 22
9 23
3 93
5 84
6 22
7 26
2 17
6 44
9 29
7 83
9 48
2 2
3 72
3 37
2 55
7 8
7 6
3 18
1 42
5 91
5 56
2 12
4 43
10 86
5 15
5 30
3 65
7 56
8 82
6 6
8 62
3 39
10 27
3 78
8 59
10 21
10 91
8 60
8 12
5 40
5 28
6 52
6 42
2 79
3 100
3 66
7 63
8 9
5 29
1 6
7 71
4 87
5 44
8 26
2 22
9 82
5 20
3 28
4 97
1 36
4 61
3 34
5 35
7 45
7 51
2 8
6 1
9 20
6 78
7 50
10 36
10 65
5 58
5 92
8 85
8 22
2 38
5 75
8 40
8 60
7 2
10 26
9 48
1 80
7 18
8 7
1 74
3 76
8 54
7 30
3 59
3 57
4 22
4 59
9 20
2 1
6 1
7 37
10 77
2 4
8 32
5 55
3 16
2 4
1 78
1 87
1 1
10 98
7 6
2 7
8 5
5 88
5 26
10 97
5 53
4 99
1 32
3 60
4 18
10 56
2 40
6 99
10 8
3 21
5 26
5 87
2 45
9 2
6 18
1 34
8 45
8 70
1 45
10 92
7 81
7 57
6 48
4 22
1 73
7 44
6 94
4 43
4 23
7 35
1 24
4 4
1 4
3 52
9 92
9 81
3 84
2 66
4 100
8 36
7 75
4 34
4 53
9 94
4 64
1 37
10 10
2 27
7 78
1 69
10 52
1 68
2 26
1 79
6 70
10 61
2 6
1 68
10 84
2 98
2 2
4 62
2 73
2 91
8 95
5 50
8 82
3 78
8 65
6 81
1 62
5 81
2 94
2 8
2 14
1 78
6 83
5 70
2 44
10 8
2 35
7 70
5 10
6 85
8 40
9 47
1 58
7 83
1 43
10 70
8 32
1 41
5 61
4 40
9 21
2 53
10 66
4 94
3 35
4 97
6 20
5 50
4 92
7 21
10 54
9 52
2 62
2 40
4 14
5 56
5 29
5 28
2 65
8 13
3 22
5 100
7 39
7 89
4 60
5 21
4 41
2 73
5 83
2 76
5 61
2 31
6 91
5 55
6 70
4 63
8 79
4 33
5 31
7 56
1 7
2 77
3 70
4 42
7 80
10 59
10 30
5 64
7 65
2 84
2 51
4 1
7 90
1 12
8 67
3 12
5 65
9 27
9 72
9 69
9 9
3 38
2 30
4 91
5 32
9 1
10 11
6 42
5 74
2 68
1 50
6 84
7 46
5 36
1 51
5 90
7 9
2 57
7 39
5 57
3 51
10 75
4 74
8 35
2 59
8 87
7 46
3 5
2 29
3 92
4 27
2 76
3 98
8 84
7 31
7 37
3 35
10 74
10 37
6 27
2 91
3 7
10 31
10 46
2 55
8 63
2 85
8 31
1 73
8 91
5 57
3 88
9 24
9 70
9 2
2 66
3 60
4 69
2 75
5 51
1 64
9 29
7 35
7 3
8 77
1 25
8 65
9 77
4 73
6 43
8 99
8 65
4 70
10 98
8 32
6 73
1 27
