2 100
5 34
9 17
4 80
8 14
6 39
3 28
10 46
6 25
9 26
9 10
1 80
6 52
7 40
7 89
3 86
2 63
8 8
1 14
4 67
1 28
4 64
7 99
6 58
9 26
7 13
8 88
1 82
5 38
7 84
6 32
1 50
3 56
2 85
7 34
4 25
3 28
3 93
8 70
9 47
10 91
2 17
10 23
4 63
3 40
4 7
9 37
3 51
8 37
8 1
1 70
3 48
7 34
2 31
8 58
3 44
4 94
9 59
8 41
3 61
1 79
6 4
3 56
3 88
4 15
4 9
8 73
4 100
2 29
8 28
10 58
6 79
5 88
8 78
7 67
4 21
5 5
4 15
4 42
6 74
10 15
10 76
2 84
4 99
3 55
3 94
10 3
5 57
8 65
5 49
3 27
5 58
4 35
8 24
4 71
9 65
10 87
7 25
2 74
3 70
7 42
5 48
9 28
7 49
9 65
9 58
9 28
5 74
10 77
6 91
3 45
8 76
8 80
5 46
8 52
1 12
3 76
5 82
3 33
1 20
3 68
9 96
3 71
5 58
8 54
7 45
9 35
6 20
9 61
5 23
5 5
5 83
10 51
7 44
6 51
7 66
5 90
1 4
3 87
6 34
5 72
9 61
8 42
5 1
3 32
2 10
7 25
6 4
10 40
9 62
4 94
3 91
6 91
1 4
9 49
8 17
6 22
8 30
8 80
9 30
8 96
6 24
4 85
4 39
8 19
8 36
5 16
10 38
9 46
6 26
7 32
9 20
10 99
10 58
1 1
4 44
3 89
7 62
6 4
9 71
8 100
9 95
2 19
5 79
7 97
5 12
9 76
4 70
4 49
9 4
9 39
6 87
6 90
1 99
3 98
8 29
7 63
8 50
3 51
2 32
5 82
10 32
9 2
2 81
7 10
5 73
8 73
7 6
4 57
3 71
1 40
10 4
5 12
9 12
3 51
6 99
6 23
1 69
7 41
1 82
10 7
5 15
5 72
10 66
7 40
1 18
2 82
10 45
9 18
7 76
10 63
3 41
3 30
7 48
1 93
7 96
4 36
3 36
8 42
10 6
3 64
10 24
4 50
4 28
8 47
6 99
2 12
7 61
7 64
4 15
3 79
5 81
8 97
5 11
10 95
7 31
3 53
7 74
9 15
8 81
7 54
4 46
8 57
8 24
3 77
8 99
3 59
10 22
9 10
5 28
5 2
3 49
5 3
3 82
10 2
7 91
8 78
2 46
8 83
4 94
1 89
4 21
3 27
4 86
1 43
6 39
2 43
7 84
9 70
9 66
8 45
4 67
9 12
9 49
7 37
9 50
10 64
2 20
8 98
8 18
1 28
5 4
7 30
4 75
2 86
2 37
5 95
1 28
3 56
3 57
8 15
8 21
4 62
4 52
6 65
9 10
7 5
2 31
9 81
9 79
1 51
6 55
4 97
4 55
3 99
6 37
3 98
8 55
2 87
4 9
10 86
9 62
4 41
2 21
7 49
4 43
6 61
9 96
7 26
5 72
10 27
1 77
9 33
2 47
6 71
8 31
6 49
4 61
10 26
7 84
3 80
7 16
5 83
2 9
1 11
4 22
3 45
8 69
3 64
8 14
5 53
8 7
7 24
1 3
10 58
9 90
3 17
3 6
3 99
4 76
4 47
9 42
8 28
2 26
3 12
4 15
8 31
9 71
9 86
1 30
5 38
1 26
9 13
7 69
4 79
3 35
9 94
9 80
7 14
3 86
1 49
4 28
8 23
9 89
7 12
4 64
10 99
2 33
1 63
1 32
8 80
7 97
8 93
9 92
9 26
7 47
5 66
9 19
1 90
2 24
10 28
7 62
4 83
2 9
9 95
2 3
4 19
4 66
9 28
9 5
2 11
1 36
9 11
5 16
9 40
5 4
2 62
5 3
6 67
9 43
9 62
4 84
10 62
7 58
6 81
5 3
5 51
6 17
6 40
2 80
7 5
2 29
7 37
8 12
1 75
8 60
9 60
2 37
9 70
7 45
5 38
9 24
2 96
4 70
3 50
4 75
6 89
9 4
1 45
8 49
6 42
7 35
3 35
7 79
1 79
2 60
10 59
5 22
10 51
5 24
8 81
6 41
10 20
4 87
10 90
8 53
6 22
4 96
4 30
6 73
9 48
6 1
1 83
7 13
1 73
6 97
10 40
2 53
9 14
1 48
2 33
5 89
10 78
8 27
8 6
8 44
5 43
10 98
10 22
2 79
8 8
9 47
10 3
10 12
2 15
6 42
9 30
5 1
9 45
8 4
6 9
7 48
4 83
2 10
1 100
5 26
6 25
7 93
2 35
3 34
4 82
5 61
2 80
9 72
2 57
10 4
8 22
3 48
9 27
4 61
9 39
10 90
6 4
8 15
1 83
2 46
8 65
6 73
4 39
6 43
8 80
4 25
7 86
4 25
5 29
9 83
4 68
5 93
3 84
6 97
7 39
10 29
6 98
1 14
3 20
8 82
9 11
10 37
1 40
1 75
1 71
8 5
1 1
9 13
6 71
6 55
10 96
6 54
5 67
10 53
4 10
3 100
4 79
5 55
10 97
4 29
6 67
1 61
10 25
1 34
8 96
6 38
9 89
5 86
9 82
7 60
3 81
10 6
3 26
6 19
9 16
6 36
9 51
6 29
4 17
6 13
8 38
3 24
4 47
4 57
9 64
9 65
7 14
6 19
8 21
3 65
8 49
2 12
9 40
10 84
3 8
2 2
3 99
8 47
4 41
10 22
7 49
6 87
10 73
9 85
4 15
6 5
10 73
8 80
3 66
6 58
6 34
7 5
4 93
7 98
1 23
7 31
4 1
2 34
5 28
7 10
3 98
2 28
3 19
6 5
2 33
10 47
4 96
4 41
6 77
4 77
7 30
4 37
9 40
8 18
6 97
1 18
7 97
10 77
5 16
1 10
5 20
10 59
3 22
8 35
7 16
7 12
4 2
3 71
5 33
5 76
3 28
2 70
3 64
8 47
6 47
8 73
4 33
1 47
8 22
1 67
5 64
7 76
10 37
9 83
9 2
3 58
4 36
7 22
10 14
4 56
9 12
3 28
8 95
1 97
6 47
3 48
1 6
3 75
7 25
7 26
6 90
6 94
3 53
10 46
9 68
6 75
2 56
1 79
5 21
10 75
9 50
3 7
5 5
5 83
4 22
5 51
1 44
1 11
8 28
3 17
7 67
5 97
8 46
1 79
6 53
5 20
9 45
10 51
10 47
9 95
3 87
6 31
5 66
4 61
1 72
7 32
7 97
6 12
9 27
3 68
3 25
5 84
1 51
5 45
7 7
1 35
1 60
3 10
5 10
7 40
2 74
7 62
4 63
9 70
9 70
9 22
3 22
4 44
4 77
8 1
6 12
6 67
6 38
10 67
6 17
1 41
1 9
9 92
6 37
4 94
6 91
8 64
7 80
10 94
10 58
7 95
1 20
1 80
5 52
9 79
5 95
7 86
6 49
6 18
4 27
8 80
3 79
9 91
10 48
9 60
3 63
9 46
9 41
2 64
4 83
7 22
4 20
7 81
2 95
7 8
2 21
6 72
8 77
10 62
7 99
6 44
3 23
9 15
6 97
8 61
8 90
8 31
8 96
7 25
7 82
9 9
7 79
4 34
4 42
4 42
5 40
4 100
9 18
5 81
2 34
7 9
5 73
7 63
3 39
6 30
6 74
1 14
7 32
6 74
8 85
6 63
3 70
5 79
7 37
3 9
6 17
3 6
8 41
5 98
4 61
6 24
9 84
8 94
7 62
2 17
4 3
10 1
6 45
9 13
10 7
5 75
7 98
5 88
1 73
8 91
1 69
10 47
1 72
3 66
9 28
5 13
10 98
10 99
5 44
3 15
10 73
3 66
7 69
7 37
10 86
7 91
1 49
10 83
8 13
9 78
4 49
10 52
8 77
3 22
5 77
10 59
2 66
9 43
7 10
4 90
5 82
8 30
3 75
6 37
1 71
2 5
2 10
5 17
6 89
10 65
7 6
4 3
6 74
8 78
1 93
8 24
4 24
10 39
2 21
9 96
5 23
6 44
2 43
4 44
6 40
5 17
1 61
9 62
10 78
5 98
4 49
3 14
1 22
8 95
10 1
2 92
2 72
1 7
5 69
1 66
8 62
2 94
2 48
5 28
2 69
10 68
3 40
2 88
4 48
10 29
3 12
9 81
8 46
2 85
2 14
9 9
10 46
8 87
8 36
9 69
8 12
5 12
3 84
10 66
1 82
6 75
10 98
2 99
9 26
8 63
2 94
3 91
4 72
2 61
8 5
8 41
10 46
10 30
2 43
9 72
4 14
3 22
4 7
4 66
7 35
10 29
10 23
5 3
9 29
9 76
2 31
8 41
10 79
9 69
5 67
5 90
8 37
4 69
3 51
5 15
4 30
5 6
7 84
2 97
6 100
1 68
1 2
9 27
6 28
4 69
9 93
7 5
2 45
3 18
