4 33
4 33
8 3
6 48
10 30
8 91
8 45
10 72
9 46
10 63
3 50
8 82
9 78
5 92
10 66
1 86
5 96
9 14
7 68
1 44
7 96
1 90
2 35
3 23
1 63
6 64
1 19
6 75
5 43
3 78
9 99
6 89
4 87
9 55
8 10
10 55
5 85
10 51
2 56
2 18
9 48
8 19
5 39
7 58
8 77
2 19
2 40
4 30
9 20
8 54
2 74
5 34
3 18
8 46
4 15
3 86
6 18
10 58
5 15
4 98
1 74
3 29
9 18
3 18
4 5
8 98
3 79
2 17
5 43
7 83
4 32
10 99
9 21
6 24
1 35
7 68
2 33
6 55
6 56
8 60
2 96
8 79
3 33
5 79
5 32
1 43
6 96
10 92
6 54
10 93
7 65
2 80
2 65
9 89
4 27
6 50
8 46
7 65
4 37
5 97
2 89
1 36
4 26
6 98
10 23
4 78
7 83
7 93
9 7
3 63
8 94
1 37
5 83
9 93
6 6
1 63
9 22
7 68
7 55
8 81
9 85
7 89
7 93
2 85
8 80
9 30
4 69
2 64
4 99
10 5
7 85
7 16
10 11
1 50
6 10
1 49
8 95
8 88
7 30
1 97
3 74
8 68
1 93
7 85
5 41
6 83
9 73
9 61
7 7
2 58
7 60
8 65
1 99
2 78
5 74
1 47
3 26
3 27
8 41
9 37
6 87
8 74
2 42
7 22
9 40
5 81
5 72
7 77
1 88
6 87
7 93
6 51
2 12
9 66
3 2
10 24
8 12
3 86
2 37
9 6
1 60
2 73
8 78
9 7
1 89
3 23
1 25
3 81
1 92
10 49
9 79
1 85
7 27
7 99
8 34
1 82
10 85
1 96
9 11
10 5
2 24
1 66
2 3
7 12
1 14
9 8
4 56
1 69
1 98
4 1
5 3
4 98
8 81
2 8
2 74
4 7
3 7
9 72
10 81
2 77
9 29
8 15
10 6
6 7
9 43
5 21
9 42
4 21
8 93
2 63
2 8
3 71
3 43
1 78
10 94
3 100
6 55
3 47
2 100
9 36
3 79
10 90
7 23
2 28
4 25
8 32
3 92
3 3
1 89
9 95
4 59
9 76
1 6
6 30
4 3
4 20
6 54
7 15
3 89
3 43
1 5
2 83
7 54
4 63
4 99
8 86
1 15
6 54
3 24
10 30
1 34
9 66
9 68
9 70
1 28
9 37
9 9
8 73
2 71
5 24
1 86
2 61
3 66
8 98
8 23
8 58
7 66
3 8
1 29
5 34
4 9
9 91
7 5
1 100
2 34
3 54
8 22
6 52
5 9
4 51
8 77
4 78
8 18
1 7
2 97
5 28
6 15
6 52
10 21
2 90
7 67
5 85
4 50
9 13
10 92
7 38
8 88
7 82
2 58
10 94
2 32
3 34
6 46
8 98
1 88
9 98
5 79
3 20
7 44
8 5
8 85
5 22
6 33
3 63
9 91
4 11
4 1
4 50
10 55
1 63
3 40
6 84
2 34
5 96
10 7
4 9
9 31
6 81
4 100
2 59
10 100
5 59
3 54
10 98
8 62
2 67
7 87
5 4
6 87
1 45
3 38
2 100
7 83
7 52
5 1
7 44
3 97
8 41
4 22
2 4
2 89
7 99
2 22
7 82
3 22
8 34
5 51
8 70
10 51
1 58
9 11
10 93
3 39
10 94
10 48
5 39
6 99
3 99
1 26
3 47
4 48
7 8
2 16
4 19
6 14
6 73
9 12
2 82
6 33
6 98
3 25
8 87
4 25
7 67
7 5
1 37
1 28
5 46
9 94
2 15
5 5
9 90
4 35
6 23
8 60
6 40
5 13
6 1
4 69
9 2
2 52
7 38
7 30
3 30
10 89
6 99
4 3
9 76
9 15
2 44
8 7
8 93
9 32
8 51
5 2
6 65
2 11
6 81
10 27
7 73
2 9
8 5
4 57
8 77
7 66
10 26
8 91
5 13
6 71
10 79
5 1
8 35
4 30
9 66
5 30
9 22
2 94
10 15
9 6
5 46
7 34
8 52
7 43
2 11
1 3
6 64
3 21
8 37
4 72
2 53
8 52
3 91
1 72
3 28
8 30
8 2
2 32
7 69
8 79
1 20
10 75
8 50
3 35
5 3
8 47
9 35
6 52
10 5
4 35
5 76
2 70
5 91
9 80
3 3
5 24
2 4
10 46
4 53
2 22
1 60
1 70
2 70
4 86
7 55
6 99
6 55
5 49
4 14
3 38
2 90
3 25
10 66
5 100
10 21
10 54
8 13
1 80
4 40
2 67
9 98
4 27
1 86
10 32
1 98
3 54
2 96
3 79
6 19
5 72
10 59
6 96
7 86
9 31
4 84
8 26
8 14
9 57
4 99
3 22
2 96
4 28
9 78
5 41
8 39
9 36
3 25
5 7
3 11
10 17
8 90
2 60
2 55
6 63
3 12
4 59
10 96
1 68
7 29
3 91
7 81
9 94
5 41
7 40
8 39
9 87
10 82
10 100
4 36
9 78
10 12
7 4
10 65
1 17
3 36
9 46
4 38
3 99
6 58
5 10
3 94
1 61
2 48
6 35
5 18
9 31
5 31
10 60
4 84
6 21
1 98
7 65
3 93
4 39
6 8
8 41
5 90
1 47
7 65
8 4
2 48
8 52
8 97
1 48
2 81
3 74
1 18
8 9
10 44
5 10
2 39
4 50
8 37
6 81
6 31
8 79
9 87
5 14
10 58
10 7
6 11
4 58
2 25
7 1
8 89
7 80
1 52
5 53
4 79
7 39
5 24
10 93
8 23
4 49
1 90
1 53
2 67
8 83
8 76
6 17
6 8
1 9
9 73
1 52
6 74
9 73
3 27
5 85
6 59
2 81
7 22
2 19
6 41
3 58
1 16
6 98
2 54
5 29
1 56
2 57
1 16
7 50
4 84
3 43
6 60
6 49
6 53
1 37
3 36
10 95
3 31
4 91
7 67
4 28
9 92
5 20
3 41
6 44
8 20
7 40
2 62
9 95
3 31
8 65
7 53
8 30
8 35
10 53
2 19
2 25
5 97
9 72
3 23
2 97
4 73
3 76
8 92
5 37
3 24
3 57
5 92
10 59
4 83
7 31
9 89
4 78
10 91
8 17
7 60
8 7
6 77
8 37
1 59
6 5
2 4
6 17
4 76
1 66
1 27
5 25
8 94
9 25
1 22
5 24
10 8
2 88
7 78
10 30
8 87
1 65
5 31
7 8
6 86
2 19
8 60
7 8
2 65
6 32
8 35
1 32
3 25
9 81
3 58
5 36
10 79
9 63
2 78
3 30
6 74
2 17
4 16
5 80
6 35
5 5
9 100
2 45
6 96
5 66
8 92
4 21
3 84
4 5
5 28
10 72
1 79
4 2
2 1
10 83
6 48
1 9
3 35
7 100
10 68
5 59
5 20
3 28
3 30
8 88
9 57
3 21
1 42
9 68
5 54
10 11
3 12
3 72
4 55
4 68
5 19
7 8
7 99
9 42
7 64
8 44
6 77
5 89
4 87
8 41
4 90
7 72
7 98
10 66
2 20
1 30
7 94
9 37
2 3
4 50
8 7
3 73
1 88
10 17
9 33
2 95
3 92
1 21
4 94
10 99
10 82
2 37
7 61
10 82
10 34
8 85
8 23
8 27
3 10
1 28
5 13
3 47
5 5
10 38
8 6
1 15
3 42
8 46
8 95
6 62
2 11
3 62
3 43
1 9
6 48
1 67
8 70
2 5
2 6
6 12
9 48
8 61
5 82
3 88
2 41
1 19
2 62
10 77
7 56
3 53
2 84
2 85
2 61
9 53
10 72
7 94
7 61
6 31
10 16
8 55
10 14
8 75
9 19
7 75
2 69
2 25
9 40
2 15
2 94
9 75
6 50
8 36
8 92
4 39
5 43
7 36
7 80
4 55
9 50
1 23
4 12
7 55
4 23
3 36
9 9
10 59
2 51
1 3
4 6
5 51
2 63
2 6
3 52
1 40
2 88
6 82
6 14
10 37
10 49
9 84
3 9
3 72
1 45
3 35
5 71
3 85
1 84
4 21
7 93
5 24
5 67
10 15
3 98
8 20
1 94
7 100
3 31
1 96
3 16
4 66
6 70
4 14
3 63
9 22
7 81
7 64
1 89
3 35
9 26
2 8
3 19
6 23
6 98
7 6
4 14
10 34
7 88
3 2
9 82
8 81
5 5
1 20
8 45
8 60
4 11
5 98
6 74
8 22
2 47
1 65
2 48
2 95
5 5
5 73
9 75
7 9
3 48
3 96
6 39
3 53
4 92
7 80
5 85
4 20
10 2
5 30
9 95
6 76
9 100
1 79
1 85
4 66
7 51
6 71
6 95
9 99
7 71
8 38
5 59
1 9
2 39
8 57
4 58
1 25
1 94
5 56
8 75
9 36
7 54
4 79
4 66
1 44
3 53
