9 63
9 81
5 33
9 56
7 37
3 46
10 63
1 96
1 75
5 25
1 46
1 53
1 18
10 91
3 96
8 87
1 1
2 82
7 58
9 99
1 13
7 58
10 66
9 30
7 27
4 79
2 29
9 7
8 11
7 96
10 88
7 24
7 53
2 71
8 97
10 69
3 94
2 60
8 9
10 30
10 53
4 9
2 16
6 74
6 75
3 33
1 53
6 59
5 16
5 86
10 89
4 47
2 94
8 52
7 5
2 93
6 71
3 86
1 26
7 64
10 13
5 69
2 50
1 4
4 90
6 58
1 78
10 72
1 58
1 79
2 40
3 30
3 22
4 38
4 76
7 34
7 60
8 71
3 52
8 92
3 44
3 28
9 81
5 45
1 94
10 95
5 33
6 59
2 34
10 49
7 77
8 23
7 13
8 64
2 34
10 3
9 11
8 22
2 81
10 42
1 10
1 18
4 97
1 68
9 31
5 8
4 29
1 45
9 57
7 37
9 9
4 85
1 46
6 62
8 3
4 22
8 89
2 39
9 35
1 91
7 9
7 22
1 45
7 92
2 66
8 15
3 75
6 29
7 44
6 10
1 66
7 70
5 33
4 62
1 64
7 38
5 39
1 18
5 76
4 78
7 61
9 24
4 43
5 24
8 65
1 60
5 19
9 58
10 60
4 20
4 75
1 98
8 91
5 66
10 71
6 65
4 54
3 94
3 30
4 93
10 40
10 59
8 48
2 85
1 40
2 83
9 88
10 38
5 4
1 33
5 81
10 53
3 73
2 32
10 78
1 46
6 71
7 87
9 76
3 24
3 39
10 40
6 32
2 87
5 97
6 56
4 15
3 91
9 86
4 46
4 47
8 4
9 64
2 9
7 76
5 59
4 87
2 48
4 14
3 5
4 95
1 49
5 16
7 47
7 76
6 33
7 32
10 14
2 53
5 23
8 26
3 37
3 62
1 38
3 78
5 87
2 3
4 50
5 96
5 17
2 33
2 71
9 45
4 22
7 4
2 3
3 30
9 35
4 57
4 18
3 85
4 14
1 15
1 65
4 64
3 64
5 44
1 86
4 35
10 69
5 82
8 24
2 35
7 60
2 92
1 76
2 51
2 25
5 100
7 24
5 71
5 33
10 48
10 45
8 57
5 34
9 75
5 77
3 9
2 30
9 71
8 77
8 43
8 42
7 66
5 82
6 37
9 64
7 98
7 91
1 47
4 70
2 27
1 97
9 17
3 82
2 93
6 91
5 41
5 19
8 45
5 27
10 79
1 44
3 71
2 19
1 82
3 89
2 54
5 33
2 2
1 23
10 36
10 52
5 5
2 88
1 9
3 48
1 8
7 62
9 93
1 18
6 1
4 11
5 100
4 62
9 77
4 99
2 71
10 19
4 100
5 87
8 53
4 27
3 5
7 41
2 25
5 65
4 9
4 91
6 72
2 53
6 60
10 91
7 73
4 28
6 94
4 17
4 15
6 30
2 93
5 35
6 47
1 85
1 45
2 57
8 36
9 45
5 22
6 63
8 84
10 3
9 98
1 9
3 13
7 100
8 1
1 42
6 99
7 8
3 90
6 55
1 14
8 45
10 89
3 18
2 6
3 36
3 84
5 1
8 25
8 45
3 64
4 38
6 96
3 64
10 63
4 27
3 20
1 43
7 81
1 97
6 4
2 4
6 4
3 18
3 61
8 93
3 22
8 84
7 72
1 88
8 88
1 42
7 32
6 39
8 90
8 51
3 2
3 89
5 67
8 40
7 98
7 88
10 8
8 40
7 62
4 85
2 38
10 43
10 43
2 23
3 25
3 57
6 52
10 85
8 81
3 86
3 69
7 46
8 21
1 53
1 61
1 69
6 84
3 71
1 77
10 53
9 90
9 99
2 90
8 55
8 61
9 25
4 88
8 52
6 10
1 69
10 23
4 25
3 94
9 6
3 54
8 51
6 31
8 85
1 84
8 39
9 31
9 76
3 40
3 29
3 18
10 97
5 30
3 26
3 85
1 87
9 90
10 15
1 95
1 98
2 82
7 57
4 52
6 88
7 60
3 81
1 97
5 16
1 55
5 67
7 53
1 63
1 85
7 100
10 71
9 34
7 100
8 2
3 7
2 21
1 30
8 80
5 4
9 68
5 54
3 40
9 72
6 58
4 3
1 54
6 49
6 47
1 5
8 80
9 36
8 95
2 57
8 6
1 34
10 6
2 35
1 33
7 29
2 7
7 83
1 29
3 41
8 51
8 55
5 57
7 100
9 97
7 13
8 79
2 48
1 73
1 62
5 38
3 69
1 95
3 51
5 98
8 25
4 39
9 4
8 96
5 34
7 4
9 25
7 28
8 45
5 82
1 51
8 8
3 66
9 21
2 57
5 99
8 40
9 86
5 45
3 73
1 75
8 67
9 74
9 59
2 25
6 89
6 26
2 29
5 72
6 43
10 59
6 34
1 83
7 25
5 3
10 32
3 2
5 47
4 69
2 82
8 93
10 1
9 30
5 3
1 73
10 47
6 91
1 86
6 64
7 28
8 52
7 81
5 20
3 36
3 4
4 92
8 44
6 39
6 61
2 25
5 48
4 73
2 74
8 43
10 59
6 26
1 21
7 41
8 76
1 13
10 44
10 45
8 67
9 35
2 81
10 51
9 14
9 10
6 60
7 17
7 66
2 8
5 38
1 86
1 62
5 27
6 73
9 42
4 57
9 28
1 16
1 81
1 77
7 94
2 73
5 77
1 88
9 10
1 66
5 82
10 55
9 46
2 87
5 65
10 42
9 47
2 40
1 44
7 33
4 17
2 21
4 5
8 22
8 11
6 15
4 76
10 94
2 1
5 38
4 68
10 95
8 96
7 34
7 54
2 96
4 70
1 24
4 63
10 66
8 40
7 36
2 68
4 75
5 61
1 38
1 58
4 87
6 70
4 34
3 9
9 65
9 98
5 54
8 74
6 16
9 89
1 84
9 50
10 67
2 6
1 50
8 50
8 27
9 30
2 60
7 20
10 89
7 53
6 70
9 18
9 15
4 73
1 13
2 19
7 70
5 68
5 92
1 51
9 2
8 4
3 68
6 67
2 82
5 82
5 18
5 99
9 27
8 57
8 65
5 9
1 94
9 82
8 82
2 70
1 52
6 95
5 50
1 2
9 76
6 86
1 16
8 21
5 41
5 29
4 57
7 90
7 53
7 52
3 98
7 8
7 50
5 72
3 50
10 29
5 38
4 12
8 85
5 25
6 96
5 36
8 10
8 5
3 7
7 27
9 18
8 66
1 44
4 63
4 79
3 65
2 24
1 9
5 78
7 5
6 44
5 19
9 78
6 50
4 71
6 35
3 31
7 50
7 24
7 87
10 47
9 36
2 83
8 53
10 17
1 71
2 90
6 10
6 62
6 5
8 89
9 84
10 93
4 34
2 12
8 25
5 88
5 20
4 6
4 75
3 7
6 50
4 57
8 36
9 86
5 23
3 58
10 25
3 24
9 57
2 100
1 41
6 8
8 40
6 81
6 25
7 56
1 22
4 34
7 10
7 93
3 26
5 65
4 27
10 72
10 4
9 19
8 94
9 21
9 88
1 41
2 92
7 60
4 56
6 8
8 59
2 9
10 56
4 51
3 2
4 61
3 57
9 73
3 93
6 72
5 92
10 53
8 79
2 46
7 70
9 56
4 85
1 41
3 12
10 3
5 17
1 58
9 73
7 79
4 41
4 33
4 89
1 26
7 64
9 44
2 6
3 49
8 29
9 12
10 82
7 89
6 93
8 77
2 49
8 44
9 80
7 80
4 21
1 79
2 76
1 49
1 66
3 95
10 10
9 16
8 42
1 78
2 78
7 93
10 4
2 85
8 75
2 13
10 74
10 57
5 2
1 68
2 64
7 47
2 58
10 31
5 8
1 41
9 31
1 41
4 90
9 80
2 89
1 4
3 91
10 99
9 19
4 22
7 47
1 64
7 98
7 14
3 45
1 47
10 69
4 98
1 87
3 40
7 52
9 16
8 84
7 77
6 95
1 60
3 23
8 27
4 93
9 69
1 7
8 27
6 15
10 73
9 19
10 27
8 81
6 75
4 1
9 40
4 65
9 80
4 65
6 47
2 9
10 56
8 28
10 93
7 78
4 40
2 55
1 13
4 79
5 8
8 18
3 27
3 42
3 39
6 63
2 92
5 3
3 15
2 23
1 30
3 30
6 40
8 73
5 34
7 43
7 58
8 76
7 10
7 34
5 41
2 71
4 71
9 2
2 66
1 60
4 26
2 91
2 5
10 23
10 83
1 49
5 66
10 70
8 66
10 52
8 66
3 80
6 99
2 8
10 13
2 51
7 39
6 40
5 19
7 96
9 100
3 45
4 84
9 75
3 95
5 85
2 2
1 42
8 36
1 74
7 88
1 77
4 47
9 86
4 37
7 36
2 83
8 26
9 17
4 1
6 3
9 1
6 36
8 25
7 35
10 95
10 94
2 12
3 38
2 32
