8 22
8 9
8 68
6 44
6 86
9 1
4 6
9 10
2 30
1 14
7 5
8 44
8 20
7 63
1 70
9 25
8 84
9 27
9 33
9 17
4 50
3 89
3 54
10 27
10 58
9 52
6 28
6 48
1 69
4 83
8 81
3 99
7 27
7 32
5 74
9 56
3 96
2 58
1 82
10 78
7 49
2 72
3 56
7 11
1 82
4 13
6 7
5 45
7 63
10 48
4 87
9 20
10 21
5 19
4 26
3 69
1 23
2 57
8 50
2 30
6 27
1 74
9 79
5 76
2 68
9 39
7 27
3 27
6 39
4 84
2 35
10 69
1 20
6 48
9 89
8 9
6 12
5 12
1 50
6 7
9 86
5 70
7 86
1 11
9 59
8 89
9 17
9 41
9 12
3 75
4 73
7 11
8 92
1 13
6 99
7 68
7 100
6 47
4 9
6 76
7 45
9 39
7 46
3 63
5 62
1 72
1 71
3 53
3 77
1 20
4 22
2 53
7 40
8 80
10 55
9 43
3 41
1 92
4 56
1 56
6 68
2 89
6 83
3 34
6 61
8 5
9 52
8 10
3 57
9 20
5 93
1 48
1 3
7 22
8 87
7 55
1 96
10 80
9 91
1 75
4 82
2 21
5 72
10 80
4 78
2 38
7 94
6 59
10 99
3 20
1 26
8 89
4 40
10 48
2 94
6 68
4 38
5 58
4 11
8 43
7 92
3 17
8 14
2 23
5 89
4 22
7 53
8 38
7 50
1 14
7 5
9 73
3 30
4 10
5 24
8 79
5 4
8 26
2 78
10 65
2 44
2 88
3 77
5 25
5 59
3 88
2 94
8 77
7 70
4 7
4 7
5 47
10 8
5 22
2 81
6 72
9 2
1 86
3 73
1 23
10 43
3 75
7 100
4 9
9 66
9 19
2 1
4 28
2 65
2 86
7 7
3 33
5 37
3 45
10 70
6 32
10 70
3 76
2 80
3 52
7 26
7 49
7 77
9 57
4 67
1 25
3 73
6 92
6 34
6 52
8 27
4 95
2 80
1 14
5 25
2 79
10 18
7 70
2 60
3 4
3 62
7 7
9 79
9 49
6 78
3 26
6 20
5 77
6 33
6 73
9 68
8 66
10 69
3 52
3 37
4 26
8 81
8 72
6 76
7 87
9 83
7 37
8 70
9 22
3 45
2 53
4 20
9 45
6 69
1 13
5 40
1 70
10 10
10 80
6 56
10 46
3 6
5 84
2 64
6 77
7 19
10 94
9 69
7 27
10 56
4 67
5 94
1 6
8 68
6 19
2 55
9 64
5 87
7 92
8 86
7 15
7 69
6 1
1 28
1 68
5 60
9 76
9 63
6 91
5 30
9 10
4 22
3 23
5 22
8 63
7 33
4 96
7 57
4 48
6 56
6 6
1 79
6 99
5 5
9 40
7 9
3 15
8 9
10 16
3 22
5 27
2 37
10 31
6 65
9 49
9 50
4 27
3 54
3 20
1 10
4 54
4 82
6 4
4 19
10 46
2 53
3 14
8 33
6 57
1 91
10 27
3 73
2 72
6 49
9 4
9 14
7 73
7 23
10 72
10 80
6 26
1 5
3 78
4 77
8 49
7 8
1 14
8 17
7 16
7 56
2 9
2 56
7 64
2 77
8 99
4 32
3 56
1 48
10 90
2 1
2 81
9 92
6 62
10 83
9 84
9 59
4 89
9 20
9 13
2 4
5 26
2 24
3 19
10 16
9 15
6 38
7 95
10 47
10 16
1 94
2 40
1 46
5 95
2 59
10 33
3 48
9 27
6 96
3 88
9 27
9 31
4 16
8 63
7 13
5 50
5 43
5 11
6 97
3 71
10 60
8 71
10 77
4 36
10 99
1 59
7 83
3 32
9 26
9 2
9 18
9 78
4 13
7 46
3 35
8 9
4 80
5 97
1 71
5 19
2 61
10 51
1 1
5 96
10 68
3 36
1 18
1 71
8 29
10 97
1 70
2 65
8 41
2 39
9 49
8 62
10 55
3 65
5 77
6 21
9 15
6 5
5 16
8 41
10 46
9 87
4 20
3 23
5 90
2 43
9 69
7 100
4 76
4 25
9 35
4 58
1 50
5 80
2 46
4 44
5 40
10 1
3 55
1 60
1 53
1 19
2 97
7 2
2 52
6 30
4 11
9 7
6 25
9 22
2 98
1 40
9 75
6 75
4 57
4 27
7 18
2 91
1 15
1 6
8 16
1 69
9 52
10 25
10 53
4 98
10 37
4 30
3 97
4 44
10 47
6 28
1 17
4 65
3 93
3 26
3 83
9 18
3 76
4 82
3 1
1 29
4 68
5 92
3 91
8 77
7 49
6 95
6 79
2 95
1 96
3 68
7 6
5 88
3 77
1 100
9 82
10 63
5 13
2 52
2 11
3 13
4 35
2 40
2 80
3 81
2 12
4 2
5 100
10 8
1 57
1 65
1 99
9 24
9 61
7 45
4 80
9 90
7 45
8 43
5 6
8 9
1 53
1 43
10 22
1 65
3 46
1 83
3 76
7 19
6 24
6 71
8 27
4 45
8 19
3 89
1 92
8 12
2 43
2 11
2 71
4 17
8 41
7 65
10 50
5 52
7 62
5 38
6 47
7 9
10 49
3 40
6 47
6 1
7 66
9 79
8 19
3 13
9 95
3 4
9 97
2 85
7 58
2 39
10 1
1 8
8 10
4 30
2 13
4 94
5 10
5 81
7 87
1 12
9 70
6 18
4 71
10 24
5 90
5 84
8 84
6 31
3 44
4 70
3 66
2 8
6 14
2 19
3 90
5 24
8 39
7 49
8 26
5 98
8 17
4 99
2 24
1 42
2 33
9 32
9 32
3 27
10 16
2 80
8 76
2 62
9 6
2 23
3 50
2 50
5 70
9 47
8 66
1 48
4 74
5 13
9 78
7 14
7 46
6 40
6 46
8 38
4 74
9 18
5 30
10 97
5 38
2 4
10 77
4 82
4 44
7 95
3 85
5 2
4 33
1 39
5 60
9 83
9 73
5 45
8 34
2 79
7 26
10 54
10 93
9 27
4 5
9 4
8 11
4 26
1 54
3 37
6 100
2 86
3 98
4 76
10 79
4 71
8 8
3 2
4 75
4 16
8 62
9 22
6 48
2 48
10 79
6 55
8 73
2 98
2 96
8 44
4 44
10 74
4 25
9 46
2 15
1 17
5 67
4 27
7 35
10 49
4 77
6 79
3 88
7 68
10 76
8 43
2 90
1 32
3 61
9 76
6 3
10 86
2 4
10 10
2 96
6 36
4 76
8 47
8 95
3 72
4 59
7 43
7 28
10 64
8 12
6 67
3 42
7 22
10 40
7 96
1 31
8 63
5 100
5 22
4 10
9 33
1 95
9 7
6 22
9 35
7 50
6 7
9 73
2 25
7 97
8 55
6 10
3 99
6 96
7 32
9 67
6 44
2 81
10 27
3 5
4 93
7 10
3 84
5 46
10 21
10 42
2 77
7 94
4 31
8 74
4 93
10 88
2 25
4 97
9 99
8 84
4 77
6 86
9 34
9 1
10 72
10 94
3 64
5 53
6 57
6 21
9 53
5 21
6 28
7 87
10 91
5 99
8 4
2 45
7 5
6 52
3 67
4 63
7 46
9 46
1 58
7 100
7 77
2 29
1 28
1 7
6 28
9 19
6 38
2 38
8 94
10 30
7 93
2 95
1 78
1 18
3 17
10 29
2 40
8 81
3 25
5 69
9 20
9 100
3 14
8 58
4 32
3 60
10 35
5 91
2 88
1 52
4 64
1 18
2 17
7 55
4 65
1 4
9 77
5 81
8 57
4 78
9 59
3 28
10 17
7 51
2 21
5 24
10 24
9 48
1 94
8 22
9 14
1 26
7 54
9 30
7 63
1 16
4 87
5 62
2 46
9 79
5 23
1 47
1 76
8 67
10 43
1 91
3 89
8 57
10 23
8 87
8 3
10 17
5 96
10 1
5 31
6 15
6 88
8 81
2 33
1 71
10 42
2 52
6 65
6 99
8 92
3 18
4 22
6 45
4 98
10 37
8 88
7 79
7 83
7 96
9 23
4 100
9 28
3 25
7 23
4 82
1 50
4 84
10 19
10 84
5 90
1 46
3 52
3 51
4 76
2 19
9 37
8 18
9 94
6 81
1 11
2 47
8 43
8 3
2 15
4 10
6 59
4 93
6 12
2 94
4 15
6 95
7 96
4 69
1 55
9 68
6 24
10 54
7 41
2 14
9 22
2 70
1 17
6 6
5 32
1 74
4 44
6 74
7 12
7 48
1 7
9 26
8 51
5 91
3 87
8 30
2 56
9 34
10 32
5 44
4 39
4 33
4 79
6 39
5 32
5 17
1 46
4 89
4 40
7 34
10 77
5 54
5 68
5 44
2 92
6 39
5 58
6 89
10 65
3 99
6 21
6 78
9 32
9 26
9 82
4 75
4 19
7 74
10 91
