3 90
9 89
5 29
3 30
4 35
7 100
9 50
10 54
4 88
5 81
1 52
4 70
3 87
6 86
6 16
6 93
8 76
9 10
7 78
8 95
4 23
10 56
7 49
1 15
10 20
2 40
1 82
9 14
1 68
10 22
7 14
9 26
8 70
3 15
6 35
3 65
4 29
7 69
4 73
8 58
1 2
9 87
1 22
8 100
9 96
8 100
4 80
5 88
1 50
7 78
1 39
6 89
3 12
6 5
9 41
4 31
2 8
2 24
8 99
2 11
6 28
4 16
7 35
7 18
8 2
8 77
6 30
6 71
2 42
10 14
8 69
4 4
6 52
6 25
8 58
7 1
1 29
4 74
4 1
5 45
8 15
4 71
1 89
6 42
2 26
6 70
7 62
5 58
10 39
8 4
1 46
6 50
1 69
1 22
9 54
2 69
10 62
2 8
6 31
6 99
1 51
2 27
9 15
6 88
7 37
8 84
9 27
8 64
1 89
3 57
4 61
4 34
2 89
10 64
3 21
2 70
6 31
6 92
3 9
8 96
10 90
4 38
7 74
1 21
10 73
10 45
9 98
3 47
9 49
2 7
2 22
4 66
3 64
9 46
3 99
10 35
8 26
1 4
10 82
7 50
9 92
9 68
3 14
7 20
7 50
5 90
3 82
6 100
9 40
10 79
1 57
6 65
4 1
3 43
5 84
3 30
5 88
1 37
1 16
6 11
3 84
6 59
4 6
4 84
10 61
3 77
1 12
4 77
1 75
3 40
7 59
10 82
5 48
2 32
3 49
6 90
3 30
5 72
5 93
7 57
9 20
10 30
8 79
10 60
8 32
7 38
8 11
2 81
4 67
8 13
2 12
5 53
10 78
6 100
8 88
10 40
9 85
5 44
4 55
9 25
4 95
1 69
10 89
4 5
2 75
6 45
10 53
1 18
9 94
8 43
3 38
7 45
3 80
7 98
4 87
4 65
2 14
6 73
5 21
10 8
4 42
2 54
1 57
2 3
1 48
3 53
4 40
8 63
4 1
7 84
2 12
6 80
10 3
2 11
8 33
5 90
8 29
9 94
8 3
1 4
7 14
9 95
10 84
4 67
9 47
5 39
7 72
1 86
3 72
2 1
5 59
4 73
3 45
10 100
7 39
8 47
10 14
5 27
1 77
10 21
1 64
5 85
9 14
9 86
5 23
9 21
9 59
9 75
3 32
3 88
5 54
6 78
9 70
10 67
4 12
1 36
7 78
2 40
10 79
4 81
7 65
1 33
6 80
3 20
3 63
8 62
2 12
10 53
3 39
4 78
7 35
7 61
10 7
4 30
6 54
2 94
9 42
6 95
9 94
8 1
7 73
3 3
6 55
4 2
5 37
9 36
5 6
8 16
5 65
1 9
9 68
3 70
2 74
8 82
8 18
6 62
6 80
3 9
1 10
10 27
1 4
10 25
4 80
3 80
9 29
6 36
5 75
10 57
7 5
10 23
7 99
6 71
4 71
2 94
5 10
5 4
10 87
1 62
6 5
1 58
6 16
8 20
2 58
9 98
7 70
4 48
10 93
7 55
6 58
8 1
6 17
8 2
2 68
6 41
5 50
2 49
5 8
9 63
8 98
7 71
1 87
2 15
5 25
3 3
9 48
1 58
4 23
5 61
2 34
6 16
5 26
4 11
4 98
5 71
9 26
9 17
8 83
10 78
10 11
3 99
8 95
3 37
1 30
9 25
8 16
10 97
2 94
8 5
8 21
9 66
3 43
5 35
1 61
8 95
9 25
2 82
4 57
6 30
5 85
9 97
9 8
8 98
8 29
1 98
1 27
4 62
10 63
8 15
9 75
8 85
10 34
4 49
4 91
8 25
7 77
9 14
5 56
2 75
7 51
8 96
6 23
4 2
5 81
2 69
7 55
1 53
9 79
2 75
3 93
8 15
5 88
1 52
5 33
3 34
3 29
3 84
10 49
5 86
2 7
4 79
10 58
5 29
4 62
10 33
9 35
1 11
6 66
8 78
9 31
7 32
10 46
2 97
8 44
4 43
6 85
3 7
1 84
4 90
3 78
6 63
7 97
8 53
10 42
3 45
8 79
1 78
10 78
10 37
10 93
3 67
5 71
2 6
8 37
1 61
8 76
6 52
3 87
10 61
6 32
8 52
9 42
4 43
6 2
2 37
6 97
2 56
2 98
4 79
2 33
9 69
5 39
4 34
2 73
4 87
6 65
6 20
1 51
1 22
1 2
6 68
1 34
6 25
7 98
3 79
5 36
10 82
5 52
8 10
6 87
4 15
3 56
5 25
7 41
9 46
3 61
8 88
8 1
3 50
6 61
1 81
2 26
2 32
2 98
5 23
4 40
5 50
8 65
6 43
2 80
3 40
9 55
2 22
10 82
5 55
9 17
6 67
1 30
9 51
5 21
8 35
6 22
9 59
7 85
10 17
9 23
6 49
5 72
6 13
6 9
8 24
9 66
7 99
9 70
6 64
3 50
10 55
7 11
2 6
6 67
5 63
7 84
3 6
3 41
10 86
10 42
4 58
9 23
6 9
9 52
10 89
2 56
9 46
9 56
3 39
3 32
2 23
3 93
5 53
3 86
1 33
6 1
3 43
5 44
4 27
10 54
9 40
5 32
3 97
3 73
5 10
8 19
1 39
3 72
2 20
4 34
2 57
3 1
2 37
5 10
8 99
7 90
9 96
7 65
6 96
10 23
8 59
9 69
4 24
6 43
9 42
10 13
7 51
1 4
5 7
10 100
2 29
7 73
9 21
4 27
1 18
5 44
8 31
8 84
8 21
8 51
1 7
2 27
10 83
7 12
2 69
7 71
8 98
9 11
6 79
6 99
7 12
9 72
2 84
4 95
4 95
8 32
3 72
2 2
5 44
7 95
2 3
2 82
1 94
2 92
2 27
7 21
9 34
7 65
6 76
6 31
5 10
10 38
3 7
10 35
2 87
2 43
9 65
1 9
6 37
9 4
7 7
5 71
5 59
6 54
8 98
10 15
3 45
3 97
1 82
3 72
5 4
2 97
7 8
4 29
5 2
3 3
3 85
10 83
3 32
4 7
3 50
3 48
10 5
10 48
9 55
7 52
1 2
2 41
4 19
10 14
7 54
1 12
7 4
4 37
7 17
7 79
8 32
8 76
3 54
10 1
9 72
7 56
1 66
5 23
6 2
1 74
2 60
8 61
2 56
2 56
1 33
8 64
1 1
7 54
1 43
7 31
10 100
5 91
1 68
2 67
9 93
10 43
1 26
3 60
2 81
5 88
3 57
9 76
4 7
9 23
4 81
5 25
6 36
9 17
9 71
2 73
4 52
5 65
9 5
8 19
5 99
5 2
6 13
4 92
9 48
4 98
5 28
5 84
2 50
1 71
6 28
10 77
1 43
9 27
2 88
10 56
9 51
3 65
8 48
4 84
1 87
8 64
1 35
2 85
4 100
4 20
9 15
5 66
2 2
2 89
1 5
9 32
3 11
4 9
10 23
3 89
7 60
5 40
7 27
2 18
8 20
8 73
5 63
10 18
7 30
4 75
2 21
9 44
10 97
2 19
9 58
10 81
3 35
9 90
6 52
7 52
9 44
4 13
4 41
10 67
7 82
5 27
9 31
5 78
6 28
8 94
7 32
2 88
9 57
3 15
6 41
10 35
3 59
9 49
8 13
8 7
1 18
3 54
7 8
1 35
8 52
4 51
7 38
10 100
6 48
1 26
3 39
4 3
9 69
5 24
6 58
9 32
5 18
4 42
9 96
5 70
6 37
10 49
8 91
10 28
5 6
5 8
1 74
10 28
4 63
5 6
3 73
4 47
10 58
2 26
8 51
10 29
2 40
6 49
4 48
4 88
2 94
7 20
5 77
2 93
5 79
8 28
1 17
2 20
6 23
1 11
6 96
3 71
9 55
4 86
3 85
1 67
3 12
2 78
9 69
3 32
1 31
4 53
6 7
3 67
9 63
3 92
1 95
3 79
1 36
2 48
2 62
10 94
6 8
2 71
8 98
1 56
3 30
3 61
5 47
8 8
6 28
4 2
6 70
9 23
9 62
8 60
4 22
2 30
8 78
3 14
2 11
5 96
7 8
7 93
9 13
8 75
5 77
4 51
4 67
8 29
10 89
8 5
7 22
6 45
6 18
9 96
8 57
3 85
1 45
6 65
3 60
6 27
3 42
2 62
2 75
5 27
3 53
6 79
9 25
4 44
6 69
4 40
3 35
2 60
1 57
4 47
7 1
4 22
9 55
10 41
10 85
8 7
9 95
6 19
7 65
2 27
4 62
7 26
5 74
9 19
7 24
1 70
1 55
7 2
4 20
7 76
10 14
5 70
7 97
8 65
4 31
5 58
3 57
6 31
9 54
1 3
3 79
4 79
2 99
5 77
5 70
5 51
3 66
3 36
10 93
6 88
4 6
4 69
6 30
10 6
9 55
10 96
1 93
8 24
9 9
7 21
3 47
7 35
4 40
