4 68
1 57
2 54
1 100
8 2
9 63
8 76
8 31
10 34
1 44
9 66
7 23
10 58
7 93
2 37
5 29
4 20
7 91
2 46
9 88
3 70
3 22
3 72
7 72
4 99
5 66
2 54
7 9
6 36
2 18
10 39
8 42
3 42
8 58
3 59
4 68
4 13
9 66
9 29
4 42
6 52
5 87
7 65
10 72
4 37
6 43
3 29
6 38
10 15
3 50
9 18
5 83
10 36
7 97
10 85
1 96
5 42
1 80
3 8
5 97
1 56
4 17
2 72
10 24
9 72
9 87
9 26
4 47
4 95
9 89
6 92
3 47
6 61
9 91
2 78
4 63
6 24
8 34
5 63
7 89
7 15
5 78
3 7
7 65
1 94
10 60
8 85
1 55
6 78
5 98
2 100
8 79
7 99
10 71
5 67
1 93
2 1
5 93
7 70
6 32
3 45
1 85
10 40
7 56
10 87
5 83
3 77
4 45
4 51
4 41
8 87
10 59
7 30
1 18
7 98
5 70
3 24
10 49
5 17
2 29
5 40
8 40
4 13
6 65
4 73
5 43
9 43
9 64
10 5
7 4
4 20
6 28
7 14
3 98
2 85
5 99
6 7
8 100
7 65
3 6
6 85
7 93
2 44
3 68
10 4
5 91
4 63
4 85
6 93
10 50
3 28
10 85
4 43
1 44
9 28
1 89
4 55
10 83
9 57
6 58
3 66
5 4
10 31
4 62
2 31
10 23
7 5
7 68
10 55
8 86
10 79
5 81
4 63
2 77
6 18
10 39
10 82
1 93
8 13
5 87
6 6
2 47
7 64
3 12
9 93
1 43
5 93
10 35
1 1
7 4
5 16
7 7
5 22
5 64
7 20
1 59
5 40
2 85
5 82
5 9
4 35
2 16
4 22
8 11
6 37
9 6
4 35
7 45
7 40
8 55
9 57
8 40
8 10
6 29
9 46
9 26
1 51
3 76
9 47
9 44
4 31
7 45
7 82
2 58
1 81
7 36
4 59
4 19
8 28
8 28
2 56
2 19
3 87
8 35
8 31
8 19
7 74
5 40
4 81
9 97
2 21
5 26
2 30
4 71
10 78
3 12
5 97
6 62
10 24
5 49
9 15
4 12
2 8
3 23
3 100
5 60
5 89
1 10
5 31
1 26
3 92
6 19
2 41
3 25
7 78
9 98
8 98
1 2
5 35
8 46
2 32
3 56
3 43
6 50
9 29
4 44
8 82
1 16
1 46
7 81
10 97
4 75
5 16
8 6
5 96
8 58
5 77
9 52
1 63
2 80
10 1
7 99
8 48
1 7
2 94
2 9
2 13
4 86
2 54
5 28
6 3
9 85
5 6
3 50
10 59
2 30
10 22
10 53
10 53
4 12
6 85
4 22
3 49
3 45
9 67
5 63
9 76
7 13
10 95
7 15
3 90
2 74
9 44
1 66
1 67
2 7
9 14
2 100
9 75
4 23
4 68
1 100
1 35
8 89
9 97
6 15
2 95
2 27
3 44
8 24
6 84
2 40
4 85
9 82
5 10
4 100
9 76
9 15
5 12
2 85
2 55
1 37
2 88
5 9
2 98
7 9
10 10
6 32
3 43
4 33
5 25
7 68
5 3
4 91
8 7
7 93
8 21
1 34
9 75
10 93
3 92
3 37
3 7
7 70
7 31
3 5
1 57
6 88
10 74
2 61
1 4
10 73
3 20
6 89
4 22
1 33
8 60
8 49
10 36
3 50
6 26
10 21
7 19
5 2
5 45
9 65
3 47
2 70
5 71
2 3
7 91
4 55
10 50
7 1
1 29
2 28
8 23
10 22
3 93
10 92
2 18
4 26
3 23
10 54
4 31
9 68
7 43
4 57
7 65
3 65
10 22
1 44
3 90
4 72
6 16
2 97
8 83
10 93
10 5
5 87
8 75
3 47
10 2
1 73
4 45
6 92
2 75
3 14
1 76
10 74
10 68
5 77
5 16
2 53
3 94
6 60
9 31
10 50
4 32
5 22
5 11
9 63
7 88
2 47
10 36
4 49
5 45
10 32
2 8
8 12
5 16
9 29
1 48
9 6
6 77
7 41
6 6
5 66
3 9
10 85
8 3
1 28
2 75
2 31
10 95
10 44
2 52
7 82
2 94
6 98
4 13
2 60
5 54
4 12
1 89
10 18
9 40
10 13
2 73
1 80
1 74
9 49
2 38
8 76
6 7
6 28
6 23
8 73
2 48
4 70
2 94
10 97
5 31
3 74
10 65
7 97
7 4
8 8
2 2
10 33
7 37
6 1
3 21
7 38
1 72
2 43
1 26
5 58
4 13
7 47
10 46
8 53
4 18
10 61
10 36
4 91
9 52
2 36
4 49
1 81
2 52
6 20
3 91
9 74
10 69
9 9
1 51
3 91
6 55
5 100
1 52
8 17
10 19
5 54
3 37
9 29
5 27
9 9
1 55
10 63
5 40
9 88
8 29
4 18
1 99
3 88
8 58
7 27
4 10
7 39
6 23
10 35
2 66
8 50
10 99
9 3
10 97
9 16
6 53
7 43
3 99
7 86
9 85
9 69
8 26
4 18
2 88
4 97
9 47
9 10
2 19
9 60
1 56
6 16
5 89
10 11
1 90
3 61
6 31
10 51
10 42
8 24
7 52
6 16
8 25
9 58
8 67
6 52
3 42
5 25
1 78
1 55
6 100
10 94
4 38
10 2
1 47
3 29
7 47
6 41
5 25
6 21
2 43
2 86
10 58
2 10
9 100
6 78
6 46
5 33
7 71
1 13
3 60
9 48
5 77
8 3
6 70
7 72
1 71
10 91
1 21
6 9
2 43
2 12
6 28
4 26
1 39
8 67
5 29
2 78
3 18
7 98
6 25
1 99
3 34
6 53
8 14
7 71
9 38
3 13
5 65
4 20
2 52
6 46
3 51
6 99
8 70
5 98
1 37
8 42
1 42
6 6
10 77
4 27
3 75
3 65
9 13
9 71
6 3
6 81
1 45
5 54
10 60
9 11
2 42
8 88
9 53
5 96
6 43
6 99
5 85
1 32
1 36
6 41
10 88
6 73
5 31
2 64
6 98
1 82
10 61
10 13
8 77
8 69
6 40
7 92
10 7
6 71
1 59
8 88
8 3
5 8
8 2
7 93
10 90
9 21
1 53
3 43
10 92
7 20
4 2
10 33
2 30
8 32
3 26
5 45
4 27
8 12
5 90
5 16
9 66
4 34
2 35
1 96
10 87
8 29
8 95
7 39
1 63
1 89
3 28
1 3
9 42
4 63
3 90
5 42
4 36
9 96
6 42
3 65
3 14
10 17
2 95
10 18
10 60
3 85
3 45
3 27
8 66
8 71
3 18
9 14
10 85
2 95
9 42
10 73
2 25
9 94
7 29
10 69
1 14
7 8
3 21
4 69
2 97
1 15
7 78
5 42
8 61
1 95
3 68
10 53
10 12
3 34
4 29
10 10
1 81
8 23
5 69
10 72
5 9
4 32
1 27
10 52
7 92
5 13
6 83
1 81
8 75
10 56
3 52
5 42
8 9
4 20
1 45
2 77
6 12
10 20
3 77
3 12
8 54
2 43
2 28
8 8
7 70
10 84
3 45
9 60
9 78
1 13
1 24
8 4
10 8
4 5
2 55
10 35
10 11
2 87
7 38
4 55
2 96
3 86
1 33
10 90
8 36
2 52
3 18
7 48
4 70
10 53
7 57
8 5
4 15
10 100
5 98
9 10
4 99
3 66
5 10
3 16
6 74
5 67
7 32
8 98
10 58
5 2
6 8
7 22
8 25
5 42
3 23
6 80
7 37
2 100
6 51
3 100
4 30
10 85
7 5
3 22
8 68
7 55
2 95
6 25
9 75
3 65
2 17
9 50
6 76
2 65
10 18
8 72
9 58
10 35
1 69
3 11
7 4
8 12
1 86
4 3
9 75
10 89
8 64
5 4
3 2
3 76
6 39
1 84
2 28
6 63
9 57
8 66
4 49
5 46
1 62
3 99
1 10
5 75
8 50
3 85
5 48
7 45
10 46
3 30
4 14
4 95
10 48
10 67
6 5
9 43
6 66
2 74
9 61
4 73
10 96
7 78
4 98
1 28
3 24
7 52
10 29
4 13
8 63
10 45
4 62
6 49
8 95
1 20
4 30
3 81
7 4
8 38
3 100
5 65
1 1
6 94
1 29
1 67
8 93
9 53
10 74
8 78
8 88
4 57
6 50
2 70
3 49
2 35
4 70
9 16
4 87
1 46
2 38
6 52
3 19
6 54
4 27
4 76
2 13
4 52
3 73
7 76
7 16
7 82
7 36
2 10
2 37
9 53
1 8
7 32
5 36
9 94
3 26
2 46
7 11
4 21
6 63
4 51
1 20
4 2
3 78
6 49
7 40
9 38
4 99
8 28
3 4
6 14
2 48
8 77
10 62
5 90
8 15
1 88
3 42
10 17
5 15
5 75
3 22
3 91
