4 15
6 31
7 66
1 96
6 99
2 23
4 42
10 79
9 88
5 44
10 80
1 39
9 80
5 68
8 39
2 19
1 49
10 55
10 7
5 44
3 21
2 75
7 46
2 32
6 20
3 40
9 21
2 69
9 94
1 55
9 18
7 68
10 6
7 12
4 61
5 76
5 19
5 17
10 40
10 66
2 88
2 55
10 69
9 100
8 13
3 45
2 61
8 40
7 83
10 10
6 84
7 87
5 81
3 30
9 45
9 32
5 77
9 21
1 33
1 28
9 35
5 21
9 36
10 10
4 6
3 73
5 89
6 86
10 47
8 8
6 21
8 51
10 63
1 30
6 48
8 35
2 78
6 68
1 24
5 67
3 20
6 6
3 75
7 17
1 29
3 93
8 22
8 11
1 62
6 58
3 50
2 15
3 31
7 11
9 85
7 55
4 76
3 79
10 95
6 91
7 79
5 28
2 19
7 36
9 42
6 22
8 96
4 32
5 22
8 83
5 86
8 85
8 88
4 66
5 48
7 25
1 1
6 25
10 69
5 89
9 66
10 69
7 17
3 84
4 8
5 70
4 19
10 86
7 3
9 82
1 42
9 27
10 62
2 76
1 14
1 30
6 4
8 31
8 30
6 29
8 19
6 10
10 89
3 77
7 85
10 31
10 10
1 44
6 95
2 2
5 69
2 41
1 83
10 20
4 18
9 3
8 75
8 42
4 11
2 51
1 57
6 77
6 64
10 77
6 97
6 9
3 87
3 4
1 98
9 92
9 73
10 28
5 26
10 78
6 45
6 44
10 72
8 32
3 78
8 18
6 66
5 87
1 23
2 99
7 67
4 95
4 20
5 58
8 87
10 75
9 4
9 84
3 71
3 1
8 6
3 82
5 39
10 47
8 26
1 56
8 36
5 82
5 79
10 85
10 2
2 11
7 63
9 46
6 80
8 42
5 64
2 18
3 36
8 69
8 55
7 89
3 94
2 72
3 76
3 71
2 82
1 92
8 27
7 3
4 60
4 53
4 59
6 42
3 65
4 29
9 10
4 98
5 85
4 13
2 49
9 25
3 41
9 37
8 83
2 30
8 67
9 13
2 27
9 1
1 14
5 48
5 60
9 1
3 5
8 5
3 38
6 86
10 45
2 93
7 11
5 8
3 81
1 82
9 33
2 88
5 51
4 48
6 96
7 43
2 86
2 16
7 58
5 84
8 67
9 3
9 40
2 69
8 2
5 40
4 44
1 2
10 44
4 3
6 83
8 59
1 36
8 46
4 41
1 56
5 43
7 84
6 90
1 48
8 42
8 68
7 4
10 24
5 64
10 36
1 76
9 63
6 74
1 68
10 40
10 50
6 45
10 57
4 79
3 46
5 4
8 48
10 70
9 2
7 37
2 7
1 47
8 64
10 30
1 92
7 42
3 13
1 53
6 51
9 25
1 3
5 10
1 90
3 26
8 24
5 77
5 12
6 29
8 6
7 71
10 48
6 20
10 98
5 95
6 40
1 84
5 75
6 94
6 13
2 90
5 17
10 46
10 59
4 53
1 36
10 60
9 75
10 73
9 76
2 75
6 78
8 95
1 61
2 62
9 41
1 41
3 34
7 66
6 61
2 64
6 79
3 30
1 41
4 53
8 88
7 81
3 92
1 74
2 65
6 64
4 74
4 16
1 22
4 22
2 40
6 85
4 30
3 2
8 98
7 5
3 38
7 84
2 35
6 98
7 33
3 73
10 8
9 13
6 7
9 62
3 38
7 100
9 43
5 2
2 59
3 16
6 82
5 50
1 61
8 2
9 59
2 97
2 92
4 43
6 74
7 30
10 54
1 38
8 59
8 35
5 94
8 86
6 63
8 13
2 27
9 3
6 15
1 76
10 73
10 31
7 78
5 22
2 84
7 22
9 61
3 57
2 77
4 68
4 22
1 46
7 46
8 84
2 23
8 18
2 78
7 36
4 17
2 6
8 64
5 37
4 83
3 44
6 31
4 70
9 86
1 98
9 5
5 85
6 65
6 83
1 53
8 7
6 16
8 53
8 3
2 42
4 26
9 71
9 32
6 75
5 8
3 27
6 84
9 67
9 61
5 39
1 22
5 11
7 62
2 9
7 63
7 2
10 5
4 88
7 4
1 27
6 40
2 62
6 91
9 1
4 89
2 73
7 43
5 48
3 40
2 64
5 90
6 79
7 34
1 86
9 32
7 90
3 13
7 95
5 50
7 80
1 39
2 79
1 5
8 87
9 34
2 8
4 31
7 88
9 86
3 84
8 62
1 13
2 40
3 50
9 6
7 3
2 99
3 87
7 25
1 35
4 79
1 51
5 58
4 50
8 28
9 4
4 72
9 64
8 37
5 94
2 29
9 86
9 58
1 87
4 6
3 45
6 72
5 2
6 35
3 23
6 74
4 48
9 73
9 42
8 68
6 85
5 85
5 82
5 28
1 33
5 76
6 28
10 25
10 93
8 22
4 71
3 9
5 81
3 33
9 87
6 40
6 74
8 1
9 50
9 61
8 38
2 23
8 16
9 46
7 88
10 100
3 25
5 76
8 55
3 84
9 27
1 37
4 24
5 69
7 11
8 56
1 14
9 67
3 54
7 58
1 99
6 55
6 17
5 52
4 98
2 10
9 24
7 17
4 44
9 21
4 20
9 34
9 85
3 20
7 6
10 85
1 94
4 97
9 60
1 73
6 98
4 52
7 43
2 14
3 51
2 94
3 61
10 95
5 11
4 87
8 98
9 81
2 33
8 97
7 57
6 30
9 27
3 40
7 46
1 68
5 75
8 34
8 19
5 34
6 72
9 18
10 52
3 76
4 31
7 35
4 49
9 24
7 33
4 28
9 32
5 89
9 89
9 71
8 73
2 4
4 24
4 75
5 72
2 74
6 86
2 87
1 91
2 23
7 75
3 63
1 74
3 51
8 81
9 40
3 56
8 20
7 10
5 17
5 37
6 57
10 60
1 66
8 27
8 94
7 59
2 73
1 39
3 38
9 35
6 81
2 47
8 39
2 88
9 57
9 55
4 38
5 71
2 50
4 46
1 50
4 27
9 6
4 47
1 100
9 31
10 74
1 30
7 49
1 24
2 65
4 59
5 40
2 53
7 65
7 99
9 39
9 37
10 11
2 47
1 67
1 36
6 95
9 34
7 46
1 91
7 58
8 64
6 45
1 31
7 54
7 98
4 64
3 19
9 86
8 90
3 35
8 20
7 93
2 26
10 33
2 2
9 93
10 78
9 90
3 85
1 5
4 60
6 54
1 98
2 17
10 41
3 85
3 6
10 90
2 59
6 87
5 15
10 73
8 66
10 91
2 51
1 62
7 53
9 9
1 46
5 71
3 95
6 93
1 1
2 88
5 100
1 63
10 11
4 74
6 63
9 71
6 85
7 50
4 75
8 88
7 27
8 100
1 13
6 39
7 74
4 90
9 34
5 54
10 70
9 40
3 6
2 71
6 43
8 71
4 73
2 32
6 77
3 40
5 74
8 50
4 34
8 4
10 83
7 44
2 24
2 31
3 50
1 87
7 89
1 75
1 36
7 21
10 60
10 63
6 46
5 3
10 27
9 10
6 2
7 72
9 64
4 95
3 8
5 74
8 26
4 97
1 90
1 74
3 16
8 34
2 70
3 50
2 34
3 9
9 52
4 36
6 12
5 9
1 27
2 61
10 24
9 73
5 55
6 88
8 40
7 67
1 9
1 46
8 31
8 19
9 32
1 93
2 19
9 20
5 79
7 15
2 49
4 23
1 65
2 98
7 2
7 40
7 23
3 84
3 50
1 94
4 59
6 22
4 48
10 20
9 61
5 9
5 35
8 51
4 51
9 98
3 28
7 4
2 1
5 39
5 98
8 73
2 35
2 21
1 60
1 17
1 28
2 7
6 44
6 22
6 18
8 17
10 59
6 55
2 15
9 48
9 93
4 76
4 75
10 66
6 20
9 87
9 8
4 85
10 85
8 62
7 64
10 78
2 96
10 98
5 79
7 95
5 42
10 31
8 28
6 19
8 10
4 82
9 98
6 30
4 58
2 25
10 69
5 35
6 1
5 15
2 4
5 60
7 36
3 18
9 45
6 14
8 59
10 11
8 78
7 79
5 67
5 78
9 28
5 9
8 7
5 96
10 27
10 10
8 5
2 22
7 39
7 79
4 43
2 64
8 15
4 15
7 100
9 65
1 81
6 56
2 10
9 15
7 46
5 78
1 67
4 54
7 5
1 72
1 82
3 91
8 45
5 87
9 80
2 94
4 49
6 59
3 34
4 98
2 1
7 79
7 51
1 1
1 83
3 95
9 16
5 3
2 84
4 99
5 89
8 30
7 87
1 95
6 27
6 20
8 14
8 38
3 9
5 33
10 62
10 28
7 89
10 68
6 5
2 46
4 10
5 75
10 51
2 31
6 20
4 74
1 80
2 99
6 9
6 17
9 41
10 1
1 96
8 11
7 72
6 26
8 30
1 19
5 62
4 72
