2 10
7 3
2 76
1 62
3 17
10 43
3 79
2 83
1 38
7 70
5 29
8 24
2 17
3 41
9 69
8 97
4 67
3 97
7 78
2 5
6 75
5 47
8 50
3 97
9 55
10 11
7 54
10 40
4 77
2 3
8 93
9 17
5 49
10 30
4 23
6 2
10 31
2 39
9 73
1 73
9 11
9 26
8 65
4 51
9 82
4 27
6 80
7 7
9 55
5 31
9 35
8 17
10 53
7 44
6 41
7 60
2 69
9 53
2 89
4 2
9 70
4 17
6 45
6 20
8 87
6 14
8 27
2 77
7 85
2 64
9 81
3 78
3 39
1 90
10 66
6 24
4 23
10 1
6 85
10 83
7 23
5 49
10 83
1 2
8 6
2 25
10 89
8 34
3 43
3 55
9 12
8 98
5 39
8 55
8 55
2 70
5 13
5 31
7 82
8 50
4 30
4 13
3 98
7 57
1 34
5 74
1 48
4 68
9 19
1 75
4 96
3 14
9 11
3 96
8 68
1 19
5 32
4 6
10 3
8 14
10 97
3 86
10 14
2 25
5 87
10 38
6 3
2 18
1 10
2 56
5 37
7 50
2 55
8 51
3 81
3 83
9 38
7 4
6 57
3 34
6 3
2 14
1 60
1 23
10 34
1 11
4 10
6 50
7 8
5 81
2 55
9 62
9 14
2 94
7 13
10 71
5 27
8 77
6 36
10 45
8 23
1 42
7 47
3 36
9 40
10 66
3 61
9 11
3 4
8 33
9 39
9 15
3 18
9 50
1 42
2 35
5 77
7 83
8 91
8 100
6 37
3 28
7 12
5 51
2 58
8 10
2 62
10 55
1 6
1 17
5 34
2 70
4 39
2 60
8 34
1 81
7 72
6 69
2 11
10 2
7 99
8 48
6 18
8 27
6 6
6 54
6 9
6 38
5 3
9 28
9 89
10 72
3 73
7 15
1 55
7 28
3 51
2 55
3 56
10 90
2 85
4 38
7 23
4 18
2 36
1 55
8 27
2 21
9 20
1 45
2 91
10 24
9 61
1 79
2 91
1 81
2 32
3 75
6 42
9 75
8 41
8 73
3 100
6 83
10 41
5 99
4 31
5 79
7 62
1 72
4 12
5 92
6 52
5 91
6 8
6 17
4 35
7 11
2 97
9 51
1 71
7 50
7 92
3 88
10 23
9 35
7 90
8 42
7 19
8 53
5 93
7 67
1 59
4 51
3 57
8 52
7 60
1 56
3 1
9 68
8 70
2 11
8 54
9 12
5 66
5 13
1 80
5 90
4 67
1 75
7 61
3 8
3 91
10 51
2 95
1 31
1 36
10 7
9 98
3 82
3 33
10 19
4 57
5 94
2 24
7 14
4 68
3 13
8 11
4 29
2 17
5 37
8 9
5 25
4 17
6 75
9 92
9 88
2 61
5 74
2 10
2 4
7 99
6 91
7 21
5 48
1 4
6 21
5 37
7 56
10 76
5 56
1 83
5 78
7 31
4 39
4 9
9 45
9 53
3 59
5 2
1 67
3 87
5 48
6 68
1 93
7 6
2 88
4 77
8 43
1 32
6 85
1 25
3 13
2 78
5 17
4 24
10 35
10 74
9 29
8 34
10 54
6 20
1 41
8 56
6 50
6 43
5 91
9 69
3 13
4 67
10 41
5 4
10 38
6 90
8 29
8 14
6 33
9 24
10 56
1 14
1 79
6 20
7 14
9 71
8 48
5 55
7 70
2 62
3 2
3 62
8 92
1 98
3 40
6 1
1 24
8 73
9 22
7 32
6 13
7 78
3 45
5 62
10 85
10 94
5 69
1 54
7 85
4 64
5 97
9 12
2 59
8 79
10 43
9 34
10 70
2 13
4 58
6 69
4 77
1 99
6 61
4 43
5 21
2 34
3 95
8 100
5 74
3 5
9 6
6 71
6 78
4 29
7 7
2 36
6 12
6 15
6 21
8 4
2 64
6 26
2 74
5 46
8 40
5 83
6 84
8 78
3 96
2 15
8 86
7 65
3 83
4 65
7 89
7 30
1 37
4 33
2 15
4 81
5 7
7 53
5 76
6 3
5 58
6 53
9 60
9 59
4 81
4 92
2 82
2 12
8 41
6 99
7 44
8 1
5 72
7 27
9 58
10 79
2 45
3 24
2 26
9 63
3 56
8 34
9 66
3 59
10 100
5 32
10 59
7 39
4 22
7 37
6 46
7 6
3 29
6 76
3 59
8 3
8 85
6 73
2 63
3 70
8 73
3 4
4 59
4 30
3 59
10 83
8 40
8 6
1 61
4 29
7 38
10 15
7 31
3 62
6 92
5 93
4 21
4 35
7 8
7 3
7 4
2 61
8 28
1 33
9 90
8 30
6 89
2 57
3 79
8 57
2 85
3 61
4 48
3 33
7 82
4 49
10 28
10 70
3 19
7 83
3 79
1 81
4 24
10 39
8 93
9 90
6 10
5 81
1 21
10 93
6 29
6 12
8 28
8 16
1 100
5 71
3 45
10 85
8 29
7 9
7 32
6 77
2 87
9 18
10 61
6 73
5 34
3 81
6 64
8 61
4 43
9 29
6 48
3 73
10 70
5 6
6 50
2 6
4 41
2 83
1 16
8 59
1 59
8 87
3 39
3 18
7 72
5 50
3 99
6 66
4 25
1 47
4 40
10 97
1 86
1 60
9 45
5 29
10 2
8 39
9 63
7 40
7 63
1 45
6 35
10 89
2 100
3 54
8 29
7 69
8 36
9 50
1 93
4 89
8 2
1 88
7 81
8 1
6 88
1 18
8 52
9 36
2 22
9 70
4 7
7 60
3 66
5 76
5 24
4 16
4 79
5 26
8 52
7 74
6 72
4 90
1 38
5 44
4 43
3 80
3 42
7 5
8 36
5 35
1 37
4 70
3 77
4 58
4 94
3 63
8 69
3 44
6 84
1 65
7 12
5 6
5 24
7 19
6 66
9 98
4 61
3 11
9 37
2 47
3 67
7 4
2 73
8 77
10 6
3 75
3 11
1 4
5 47
4 99
4 88
1 49
3 63
2 47
10 1
7 54
6 85
2 44
10 79
5 52
2 22
2 54
4 94
9 53
9 31
6 13
8 35
4 41
2 40
8 70
6 83
9 42
4 50
2 85
5 35
10 82
9 82
1 54
2 83
1 77
7 74
6 69
6 46
5 77
8 76
10 80
6 54
9 19
5 86
8 97
8 53
4 50
7 39
5 74
10 48
3 20
9 78
9 67
10 97
6 14
4 43
2 52
5 74
8 6
6 39
10 6
3 46
5 64
8 100
5 88
9 20
6 8
4 91
2 87
3 56
10 31
4 40
4 44
9 31
8 83
1 3
7 38
2 88
5 45
8 10
6 10
7 20
8 94
1 39
10 97
6 35
5 36
2 100
1 70
10 89
8 68
6 98
6 7
1 85
3 4
2 89
9 30
1 74
2 64
9 40
8 65
3 74
3 34
7 38
7 3
5 5
7 67
5 5
10 91
3 88
5 50
6 80
1 86
9 8
10 9
3 18
1 26
10 37
6 69
2 43
5 76
2 17
3 72
4 44
1 15
5 53
4 42
1 16
9 39
1 64
4 14
5 67
8 62
8 37
6 91
7 83
2 99
1 35
3 6
5 87
8 63
7 88
10 12
8 92
10 65
8 40
7 74
2 40
10 27
9 41
10 50
7 90
2 97
3 58
9 33
2 85
8 95
6 22
5 41
3 2
9 68
8 75
3 6
6 4
4 47
7 5
6 58
3 11
4 94
5 50
5 70
1 47
2 66
4 77
9 56
8 84
7 24
10 85
10 88
2 17
7 60
7 57
9 14
5 55
6 94
1 83
6 48
8 25
1 14
7 39
4 61
4 38
1 53
5 55
10 79
9 60
3 71
10 49
4 78
5 89
5 80
7 98
10 27
6 10
2 22
6 79
2 29
8 42
3 11
5 83
8 80
9 69
1 28
6 50
3 43
8 74
4 18
6 21
4 72
1 79
5 53
3 1
5 36
10 33
4 69
2 79
3 78
1 35
1 63
3 22
9 88
5 10
8 99
3 2
2 31
6 91
10 49
8 17
9 73
9 18
10 49
6 6
9 98
1 75
8 56
4 79
2 9
2 36
6 6
8 24
10 6
4 56
7 52
10 35
9 68
4 59
10 5
8 36
6 86
8 28
10 27
8 80
2 71
7 17
3 84
1 19
4 52
9 43
6 47
4 23
3 50
5 13
10 70
2 5
8 33
7 59
2 16
1 53
9 18
5 29
6 42
1 43
9 98
8 3
4 62
10 94
6 98
6 4
3 37
4 13
7 48
7 84
10 50
7 14
3 84
9 11
7 46
6 85
7 6
9 90
8 61
8 63
8 28
8 71
4 44
6 88
10 22
3 67
6 27
3 99
9 3
5 52
1 45
10 71
9 55
4 49
3 40
5 18
7 61
4 63
2 24
4 99
6 60
9 27
5 45
1 53
9 99
4 72
