7 44
2 19
6 13
3 41
6 90
1 61
9 57
3 78
9 7
6 83
7 49
3 15
6 52
3 54
2 61
5 40
6 56
3 22
7 11
1 73
10 62
1 49
1 83
2 11
2 88
3 27
9 88
7 52
5 91
8 69
5 1
4 53
3 75
2 87
6 95
6 1
4 98
1 31
2 83
5 93
1 50
2 81
7 66
7 42
2 60
8 83
7 10
6 60
7 21
4 73
7 72
7 48
7 90
3 83
5 38
8 51
1 41
4 3
3 91
10 43
10 100
3 58
9 28
6 26
6 38
1 72
3 47
10 74
5 25
9 74
6 71
6 54
5 100
9 80
6 16
8 17
8 17
7 29
9 49
3 83
9 94
1 92
10 31
8 5
5 25
7 74
2 2
6 33
6 61
9 9
10 60
7 77
7 4
7 20
7 79
7 82
2 56
2 49
5 80
8 23
10 100
4 57
2 20
5 45
1 99
1 64
4 32
5 50
6 25
1 56
7 86
10 32
6 6
3 76
5 55
10 13
1 72
1 50
4 56
3 6
9 33
1 47
10 19
9 53
2 56
10 39
2 81
6 97
10 46
7 43
8 15
7 22
6 71
2 21
6 67
2 48
3 85
9 8
10 61
2 38
10 64
2 87
3 40
1 28
9 98
4 12
9 49
1 55
5 90
3 30
10 80
4 54
3 21
8 89
4 71
3 4
5 27
7 66
7 20
5 18
5 24
2 22
3 20
5 4
3 37
7 9
2 12
3 4
2 70
3 69
2 32
3 36
5 84
10 98
5 16
9 79
6 61
6 25
10 48
9 52
3 16
8 51
1 25
9 32
4 20
5 92
9 9
6 46
5 98
2 66
1 93
8 42
9 21
3 5
2 70
6 60
6 67
8 31
6 58
3 32
4 79
7 30
7 21
2 45
7 86
7 38
3 26
1 92
1 44
7 47
5 85
9 36
5 98
6 92
7 64
1 13
6 31
4 68
2 100
7 90
3 1
7 47
7 75
10 8
6 78
4 81
5 66
2 87
7 5
9 60
4 18
10 10
1 48
7 13
4 87
6 21
2 5
3 59
2 85
3 100
2 63
6 77
4 60
4 46
3 95
9 22
3 5
5 60
9 42
1 88
8 18
10 93
2 87
1 92
7 44
2 98
2 87
2 86
2 15
5 29
7 2
10 31
3 15
8 7
10 32
7 47
8 19
4 71
9 95
6 57
4 22
6 86
7 37
9 44
4 40
3 31
9 88
3 17
2 3
7 38
7 8
2 25
2 64
10 35
10 9
6 70
4 49
4 45
10 47
3 3
1 78
7 45
6 11
10 58
10 38
3 58
9 36
4 7
8 5
10 52
6 49
5 75
7 37
3 35
7 19
6 23
7 90
4 15
10 5
8 16
4 51
1 59
5 30
10 27
10 9
10 83
8 54
6 80
9 41
7 80
5 42
3 17
5 75
3 68
10 39
2 1
2 95
2 64
4 4
10 55
1 84
2 88
5 10
3 82
8 93
8 47
8 5
10 35
5 14
8 29
6 1
3 64
3 69
10 26
5 51
4 89
3 95
4 14
8 92
9 83
9 53
2 44
1 74
1 83
4 2
1 14
3 71
4 82
5 45
3 37
5 55
5 3
9 9
3 38
8 7
7 33
10 47
3 45
8 46
5 40
10 47
7 50
3 13
2 5
2 20
4 4
6 4
1 100
8 58
5 92
6 48
9 47
8 96
5 72
4 57
3 6
2 66
3 46
7 35
10 42
10 97
10 84
8 14
9 92
6 19
7 47
9 4
7 33
1 14
5 78
6 87
5 49
2 30
8 57
2 17
5 90
7 25
5 80
4 45
6 88
8 52
10 16
9 25
3 76
5 84
7 30
5 23
1 38
10 79
4 21
1 58
4 8
1 47
9 62
3 25
5 14
3 63
8 30
3 100
8 22
5 87
6 45
2 35
8 55
6 74
5 95
5 52
9 96
2 51
4 68
4 17
1 48
7 86
10 27
1 89
9 89
3 38
9 11
8 6
2 30
6 66
6 86
3 17
3 18
4 50
8 6
7 43
7 13
6 21
10 8
10 56
8 63
10 54
2 75
2 39
6 18
4 8
2 60
6 7
7 14
6 51
3 89
3 9
9 9
8 43
2 72
6 24
9 82
6 93
8 66
3 15
9 59
2 79
5 30
7 48
6 61
6 3
4 49
5 81
7 4
7 36
8 57
4 23
10 49
7 6
5 84
4 83
6 57
4 68
1 32
9 69
4 37
1 81
4 50
4 49
9 82
10 77
2 100
1 52
10 24
7 79
1 13
6 33
4 52
10 38
1 17
9 86
7 28
1 21
1 75
10 22
3 83
10 9
6 24
4 42
10 68
9 32
2 64
6 74
2 29
4 73
4 37
6 79
9 25
8 12
5 9
5 88
7 8
9 5
5 90
8 43
6 47
3 53
10 93
2 30
2 31
10 62
4 62
4 52
8 24
5 1
6 11
4 99
3 68
2 20
10 6
6 93
1 87
2 43
5 30
9 37
4 41
5 92
2 62
2 13
1 21
4 17
2 14
4 7
4 31
6 42
10 72
5 21
9 11
9 98
2 57
9 31
2 25
7 44
3 90
10 61
4 5
2 35
7 62
10 28
8 93
1 84
5 79
2 27
4 43
4 48
6 78
9 60
4 95
7 37
1 77
9 62
2 38
4 72
2 3
9 41
9 18
4 61
3 36
6 55
9 27
6 84
2 51
5 51
6 81
5 99
7 32
5 82
5 98
8 30
9 80
4 8
2 70
5 6
10 6
4 89
4 95
6 99
8 5
10 6
10 80
2 59
3 87
5 87
7 100
6 56
7 62
6 59
1 6
9 98
7 22
7 81
8 47
2 47
4 71
9 91
5 53
4 20
3 13
10 27
7 76
6 55
9 8
3 32
2 12
4 5
3 56
10 67
3 96
8 95
1 95
7 55
7 99
7 67
1 32
7 19
9 2
4 26
9 11
5 1
5 2
7 44
9 15
6 66
3 5
6 20
1 74
1 3
6 90
7 99
5 81
5 31
4 2
8 42
10 43
5 19
2 63
10 50
6 12
5 52
1 66
10 53
3 64
2 85
2 26
1 44
5 99
1 43
3 33
10 53
9 75
7 94
5 3
3 28
6 95
10 11
10 87
5 35
8 12
9 2
8 95
4 47
10 100
8 71
10 26
1 94
4 96
6 42
1 51
6 9
9 35
3 49
8 44
2 37
4 71
9 22
7 9
10 47
8 8
9 27
7 56
2 10
9 98
8 11
2 17
1 73
9 61
5 96
1 93
9 32
8 69
7 9
3 97
3 17
10 13
9 23
2 45
3 76
5 29
6 85
6 43
8 49
1 37
4 25
6 35
5 46
6 33
8 15
7 14
8 100
1 53
9 22
10 4
3 93
9 44
2 60
9 64
7 64
6 18
1 88
1 41
5 86
3 56
9 39
7 75
8 21
3 24
8 90
5 42
3 40
9 91
3 99
4 67
7 79
3 69
1 89
8 82
1 77
1 17
3 55
1 86
3 62
9 48
2 77
6 93
7 29
5 28
10 20
4 67
4 73
2 14
5 80
2 92
6 89
7 93
1 25
10 11
8 38
4 23
7 57
10 67
2 33
8 33
10 86
9 53
5 7
1 32
2 57
6 95
6 86
10 32
5 71
3 32
6 42
8 5
10 56
2 78
4 15
5 50
6 4
6 82
2 99
6 100
1 20
4 37
5 63
8 18
4 19
10 90
1 16
9 32
3 79
7 36
7 67
8 69
5 23
9 23
3 16
1 22
9 24
6 39
1 20
2 38
10 82
7 42
2 56
2 5
3 26
2 60
9 18
8 96
10 75
2 62
1 31
6 53
9 15
5 98
7 98
6 45
10 92
9 19
3 41
4 79
7 9
1 59
2 88
10 59
8 28
10 1
2 51
4 74
2 91
6 49
3 20
8 18
8 62
6 13
9 55
9 48
9 56
8 55
10 76
4 99
8 78
9 11
3 5
1 1
3 98
3 80
10 94
1 46
5 81
4 16
10 19
5 5
2 23
6 45
3 22
4 52
6 9
4 93
1 11
4 89
5 14
10 31
8 57
8 65
10 64
6 92
5 60
7 42
10 82
4 70
3 22
1 66
2 81
8 29
10 88
8 79
4 52
7 10
3 48
2 38
4 34
1 41
2 19
2 10
8 16
10 65
8 69
6 44
5 94
7 56
8 13
9 94
3 60
9 13
6 16
7 66
8 23
5 8
1 18
1 38
9 67
2 74
8 23
1 7
3 31
3 27
1 13
4 71
10 46
3 57
3 40
3 97
9 46
2 68
6 32
4 49
8 53
8 89
9 79
7 43
1 18
2 69
3 61
5 94
10 30
9 69
7 21
5 83
10 89
2 17
5 59
3 97
2 3
9 14
5 13
9 47
6 25
9 62
4 44
6 99
9 92
7 93
4 58
10 99
4 38
4 91
4 95
9 39
2 34
6 98
4 17
5 100
