3 90
4 78
9 94
2 27
10 39
7 2
3 32
1 13
1 79
8 66
8 51
5 48
6 8
7 98
10 62
7 96
9 65
2 22
6 91
2 100
3 19
10 90
6 90
10 88
3 77
10 60
7 67
7 84
3 57
4 84
9 56
10 96
9 31
5 23
8 82
1 12
10 94
10 78
7 79
6 3
9 64
8 93
2 67
10 29
10 97
7 26
2 28
2 91
10 15
6 56
7 43
3 39
1 10
8 35
8 6
4 46
2 88
3 85
3 77
8 56
1 26
5 100
2 11
7 84
8 3
6 55
5 61
5 63
10 57
6 10
4 91
3 23
8 32
1 40
10 87
4 69
10 52
2 22
7 3
10 40
8 62
3 68
10 44
1 66
10 53
10 4
3 79
6 52
5 66
2 10
8 65
5 63
6 37
6 96
8 56
8 83
1 87
7 81
5 76
7 64
5 76
7 16
2 21
9 21
10 28
2 67
9 26
7 95
10 44
4 30
5 85
9 33
10 67
8 51
8 83
1 31
4 43
3 21
1 70
8 20
8 27
10 72
2 34
1 33
5 9
5 100
5 70
5 57
5 6
9 63
6 90
3 81
9 70
10 2
7 89
4 99
1 95
1 100
5 98
8 68
4 3
7 43
6 4
3 44
7 17
7 36
3 51
7 2
7 41
9 16
8 98
7 30
5 29
5 66
5 9
10 97
1 72
8 22
2 86
6 61
5 10
8 18
6 17
1 7
10 20
7 20
10 62
8 7
5 83
8 16
6 27
9 72
6 2
9 97
9 64
5 29
10 22
9 69
1 69
5 24
5 91
6 39
5 16
10 60
4 33
8 86
7 37
8 60
8 78
8 60
1 87
4 68
4 36
2 85
4 46
5 13
7 78
8 19
5 60
3 37
3 69
8 10
9 78
6 46
6 24
7 63
6 26
5 37
1 74
5 63
5 37
4 13
5 16
6 2
4 19
6 95
10 42
1 89
10 39
3 69
1 56
9 35
2 30
5 66
8 59
7 97
2 65
8 69
2 51
4 15
10 97
5 2
8 28
1 100
2 3
7 6
7 2
3 66
1 46
9 96
2 74
4 41
1 38
4 48
5 21
1 86
1 61
9 50
3 70
2 62
9 91
9 57
1 22
9 90
5 19
1 66
4 49
3 70
6 45
9 20
3 28
9 80
4 23
4 34
2 93
5 11
3 86
6 6
9 28
7 50
5 4
4 46
5 54
9 24
5 9
9 38
9 14
6 99
3 80
5 91
5 54
1 67
6 56
10 44
10 24
6 86
5 57
10 76
5 19
5 3
6 46
4 29
10 28
5 77
9 31
1 49
3 47
4 10
10 66
4 20
8 53
10 70
8 59
5 46
6 90
2 43
3 73
5 39
9 82
1 4
4 32
2 39
5 13
10 17
5 79
3 97
4 33
7 18
2 41
3 86
9 76
3 89
8 78
1 33
3 64
4 78
5 84
9 70
10 100
6 70
1 12
1 92
3 26
2 39
10 3
8 88
9 93
8 48
1 83
7 94
8 34
6 14
2 6
10 65
8 72
8 15
1 4
10 61
10 93
2 7
2 90
6 58
5 89
7 95
4 23
7 52
7 20
10 85
6 47
10 9
7 13
8 23
9 15
7 88
6 27
3 36
1 2
6 22
3 52
6 4
10 75
1 76
2 5
2 33
6 78
1 66
3 51
3 46
6 34
7 96
10 58
9 77
4 65
1 88
2 61
9 42
5 81
4 77
6 75
2 52
6 75
7 84
8 54
10 96
10 96
5 70
9 19
7 90
1 2
10 50
9 94
2 70
2 45
9 5
9 76
9 84
9 39
6 94
7 61
5 42
2 34
5 69
4 58
9 24
9 26
7 34
5 33
5 18
2 13
6 9
8 14
8 43
4 33
8 4
5 34
10 2
8 19
3 74
6 63
6 53
7 15
10 72
8 52
5 20
9 76
5 60
2 99
1 20
5 90
7 100
1 75
8 46
2 7
6 85
5 49
6 23
3 69
1 38
9 13
6 23
2 7
6 59
2 32
6 83
4 61
9 68
4 97
5 41
8 15
9 57
2 94
5 56
7 50
3 14
8 66
10 42
6 80
9 78
9 41
6 81
3 91
6 81
1 41
10 55
6 78
10 95
9 81
6 62
4 57
2 32
10 73
9 8
9 59
10 24
2 58
5 32
10 3
2 86
6 85
7 64
2 29
3 59
3 9
6 68
9 7
8 89
10 47
6 98
3 67
8 94
10 91
5 26
6 77
4 64
4 78
6 60
10 91
7 52
2 51
5 39
10 50
3 89
6 44
4 13
4 48
6 56
8 40
3 61
6 14
8 91
9 96
6 7
4 76
7 63
3 20
9 25
4 98
10 52
10 24
3 38
8 42
4 53
9 21
8 19
4 33
5 74
3 74
1 62
10 17
2 44
10 50
5 55
2 90
3 5
3 34
8 55
9 99
2 54
2 1
4 60
7 6
8 38
7 22
10 80
6 1
2 34
1 66
7 6
4 14
4 93
3 36
5 30
1 12
8 79
10 74
7 86
6 34
7 83
7 99
10 41
8 37
9 22
7 48
8 97
5 14
2 19
4 13
2 54
3 43
2 83
8 86
10 82
3 85
1 88
3 88
1 65
4 12
4 12
4 44
6 40
1 15
2 53
7 36
4 11
4 63
8 15
7 47
3 69
7 49
10 58
10 75
5 40
6 55
4 67
4 10
7 3
7 17
9 20
3 43
8 2
6 89
1 67
5 47
5 30
6 13
4 93
3 14
2 91
10 68
9 20
8 89
10 14
9 27
8 59
5 24
6 89
2 28
7 74
3 3
7 16
4 58
3 96
1 18
5 64
1 74
8 87
3 59
6 62
6 37
2 4
1 84
6 50
8 16
7 41
5 23
3 69
3 22
3 88
1 76
1 1
1 86
4 31
2 35
7 2
8 56
10 4
2 15
3 8
1 42
8 44
5 35
9 57
1 20
10 33
8 38
4 85
5 30
5 9
2 68
7 73
1 39
7 42
3 17
7 11
3 74
4 74
6 91
9 94
6 17
9 18
9 93
2 56
8 6
9 8
7 71
1 37
5 58
1 55
1 54
6 91
7 90
4 8
2 43
2 22
2 24
7 56
8 1
3 22
6 37
5 46
6 41
3 1
8 82
5 63
9 10
3 20
5 36
6 41
1 27
6 19
7 94
7 47
2 69
10 27
10 19
4 37
3 28
3 78
4 34
5 22
8 61
7 18
9 44
8 86
8 30
9 31
3 86
5 98
3 47
8 68
3 49
8 25
3 33
8 70
5 27
6 11
2 15
4 66
9 97
6 19
6 74
3 61
6 76
5 6
10 98
3 19
3 58
7 43
6 52
7 55
3 68
9 26
7 59
4 51
7 19
4 32
2 57
10 1
4 57
1 58
3 41
4 94
10 31
6 27
3 69
6 91
4 26
2 33
9 27
5 16
9 39
6 40
1 84
2 15
7 56
10 36
1 86
1 92
6 7
10 61
4 71
7 8
3 96
8 98
4 13
6 36
1 92
2 44
4 4
2 8
9 14
1 86
10 63
10 53
1 42
5 80
10 16
5 33
8 54
8 78
3 82
8 84
1 91
4 7
10 67
6 55
10 14
5 100
7 73
4 62
6 5
6 5
3 3
10 58
8 25
6 72
7 10
9 45
5 87
4 30
1 58
6 59
5 89
4 67
10 68
9 5
6 95
6 79
2 95
10 28
7 28
8 53
5 6
4 24
3 96
9 73
6 93
4 34
6 25
8 15
2 92
8 88
5 40
3 83
8 74
10 17
7 79
3 13
5 40
5 67
9 67
5 4
1 96
7 43
4 29
9 92
2 21
7 45
8 97
3 13
4 22
5 3
9 7
1 91
3 40
8 20
2 27
9 38
3 26
4 19
6 54
7 81
3 59
4 6
4 30
5 89
3 76
7 45
7 88
7 80
6 100
2 66
6 45
6 80
8 49
9 16
2 98
2 7
10 26
4 66
3 90
2 2
10 88
6 79
7 97
10 48
10 99
1 17
6 88
6 37
3 4
3 7
5 45
3 29
10 54
4 1
10 29
3 24
4 46
3 69
7 2
6 82
8 89
8 93
4 96
9 26
2 62
8 81
6 74
9 12
10 78
8 52
1 71
10 41
6 42
10 67
10 63
6 75
3 89
3 27
3 98
6 35
2 37
10 33
3 33
4 44
10 92
6 41
3 45
9 39
9 52
10 82
7 65
2 62
3 1
8 30
1 45
10 47
1 75
2 55
4 67
10 40
3 30
9 6
8 51
7 27
9 80
9 48
6 64
5 9
2 31
10 29
6 74
5 71
8 17
9 71
7 11
4 78
9 25
1 86
7 20
9 16
4 49
3 75
3 10
2 34
3 80
6 18
10 8
8 15
10 19
5 14
6 85
5 71
1 6
7 41
6 60
1 23
1 57
9 34
1 50
5 61
9 100
6 12
6 35
2 86
10 49
2 10
1 18
8 90
