4 81
3 1
5 37
9 33
3 18
5 76
3 28
2 61
8 29
3 55
3 5
6 24
4 97
9 42
8 83
4 10
9 42
7 14
7 48
8 90
1 59
7 54
8 4
9 58
1 3
1 17
10 15
9 12
9 9
8 72
1 13
5 36
5 17
1 51
10 28
4 89
3 70
10 48
3 77
9 70
5 16
5 69
1 56
6 8
10 49
1 85
1 63
10 51
6 18
6 31
7 83
4 11
9 40
6 20
6 55
3 49
9 41
4 11
5 34
3 76
2 94
3 36
5 35
7 92
2 16
10 7
9 34
10 98
5 17
4 52
4 14
2 59
5 13
10 66
10 3
7 52
6 39
10 18
4 22
9 37
1 51
7 15
7 44
6 80
2 39
2 21
9 82
6 4
1 40
2 35
9 85
10 12
4 96
9 58
9 59
10 4
3 80
4 94
8 51
10 100
1 52
5 6
10 15
5 93
10 55
6 82
3 17
8 29
9 66
6 54
5 32
9 99
8 42
8 45
9 26
9 22
10 44
2 24
1 89
6 25
8 1
4 34
5 87
7 34
2 76
9 64
7 60
8 36
8 21
7 60
7 92
5 14
4 90
7 15
5 32
7 68
8 67
10 92
9 51
1 2
1 47
3 36
5 19
1 78
10 66
4 42
4 39
10 37
5 2
3 94
1 59
10 42
6 8
3 20
9 17
2 47
3 82
5 15
2 68
7 25
9 8
9 100
5 69
6 77
2 5
10 14
8 16
7 3
6 13
2 89
10 45
6 53
10 73
4 93
8 44
8 94
7 48
8 26
6 47
5 24
7 46
8 7
3 61
10 35
2 64
4 12
8 35
4 86
2 45
5 86
6 60
7 83
1 21
5 55
2 2
3 45
9 98
7 44
5 59
7 39
7 28
10 21
7 42
1 11
8 50
9 33
4 74
1 34
2 51
6 52
5 48
5 12
6 92
1 18
1 70
6 70
3 54
10 23
5 88
2 13
2 50
9 58
1 75
2 26
8 23
7 33
10 38
7 61
6 80
4 25
8 91
1 92
1 49
7 87
10 27
8 27
9 79
2 79
3 75
6 58
2 85
10 5
7 19
1 61
5 99
9 16
1 48
8 21
2 54
5 77
3 85
6 29
1 57
2 66
5 18
5 41
2 87
7 65
1 29
8 22
7 52
3 4
7 89
5 77
6 59
9 64
4 24
10 31
4 83
4 48
9 8
6 52
2 99
10 44
10 35
7 10
4 40
7 44
1 32
4 40
4 11
4 61
1 57
7 49
2 77
3 16
2 77
5 48
8 97
4 8
5 73
6 84
6 66
7 10
7 60
10 51
7 7
2 15
9 88
5 59
7 100
3 91
5 8
8 62
4 84
3 74
5 82
3 7
7 34
1 96
2 57
7 20
5 38
4 32
8 65
10 82
2 87
2 17
9 79
3 93
10 48
6 25
7 19
6 46
7 81
3 22
6 70
3 97
2 69
9 93
5 96
3 57
9 78
9 17
9 48
8 76
2 90
2 79
6 49
4 94
8 94
4 5
6 48
5 17
8 63
9 85
4 29
2 44
3 82
1 9
1 89
3 17
8 25
7 13
8 38
4 28
1 2
9 97
6 48
8 40
5 40
8 38
6 67
10 71
2 15
3 46
1 44
7 32
6 34
8 7
3 79
10 85
6 32
3 18
5 76
10 94
3 45
10 41
1 12
5 94
2 3
9 31
6 94
8 3
2 20
3 16
4 92
6 44
2 8
7 23
8 1
7 72
2 81
6 29
8 58
9 73
2 64
5 58
6 87
6 20
6 15
6 29
7 73
5 49
1 83
6 9
6 39
5 28
1 61
8 80
2 87
2 93
2 18
6 23
1 75
6 49
10 44
7 5
6 90
1 36
10 60
3 7
4 30
9 32
1 75
8 31
4 77
10 96
5 52
2 28
2 34
9 12
3 38
10 49
8 19
4 57
7 40
5 19
5 70
4 71
8 34
2 13
3 73
8 48
10 78
6 67
9 20
9 36
1 18
3 93
9 31
6 84
7 66
4 14
2 31
4 5
9 8
3 64
2 100
7 16
5 5
5 92
7 13
10 53
5 51
9 44
4 72
5 82
9 94
5 59
10 5
5 30
8 49
3 37
8 96
4 4
1 76
3 61
4 8
4 95
9 53
1 79
3 29
5 14
1 5
9 32
8 27
4 31
7 37
7 63
6 97
9 61
9 48
3 72
1 83
8 11
6 49
5 46
6 57
10 39
5 99
10 70
7 67
2 58
1 65
3 31
9 41
7 69
3 20
1 33
8 12
5 43
8 78
9 29
6 37
6 28
5 22
10 20
2 47
5 29
6 13
4 93
1 95
7 30
7 4
10 93
8 17
7 33
6 29
3 51
5 81
7 42
3 88
4 99
9 4
9 59
1 88
3 88
7 91
2 14
5 17
5 4
4 4
6 20
9 37
3 8
7 42
3 42
7 25
7 19
9 94
2 76
2 18
8 73
1 16
7 19
7 22
10 2
1 90
9 76
5 78
3 34
3 50
4 20
7 8
6 79
2 58
7 52
9 72
8 84
10 56
3 36
4 80
1 14
2 23
7 93
4 89
10 35
10 65
3 89
5 97
7 60
3 82
5 63
4 97
1 12
4 57
9 22
1 90
7 5
6 31
6 44
2 1
7 75
7 9
10 12
7 69
6 86
6 15
2 46
3 13
10 90
6 80
8 83
8 80
3 63
2 70
4 91
5 83
2 28
5 41
9 33
10 35
10 5
8 32
4 47
10 93
5 62
6 26
1 72
6 47
1 55
3 96
5 36
1 26
5 60
8 93
1 52
10 47
2 4
5 99
2 40
9 28
10 7
3 53
10 38
8 82
10 62
8 93
2 14
6 90
8 95
4 80
9 93
4 78
10 31
9 43
3 28
4 47
5 34
3 26
2 28
8 74
1 27
9 80
4 13
1 64
7 23
8 28
7 81
8 60
10 84
5 15
4 67
6 21
3 59
1 85
7 66
1 18
2 99
5 55
5 49
9 99
8 62
8 23
1 38
5 67
3 45
9 13
4 77
1 2
8 21
2 21
7 28
3 19
1 70
6 76
5 18
10 92
8 76
10 18
4 66
3 46
2 50
3 47
8 15
4 75
2 53
7 100
1 30
4 95
3 72
5 96
8 57
5 18
7 63
5 89
10 84
10 54
9 45
5 70
4 43
1 28
5 87
1 57
6 13
1 25
3 60
6 16
1 68
4 30
8 24
7 21
1 88
8 13
7 84
1 39
9 55
3 71
8 98
9 35
2 59
8 54
5 67
4 86
9 57
10 95
2 62
3 47
6 6
2 31
9 3
2 88
1 6
4 58
6 63
4 92
9 2
10 24
8 24
9 91
10 51
3 1
9 67
4 46
10 82
6 2
5 96
10 62
6 32
9 85
1 34
6 54
4 93
7 43
4 68
7 43
3 2
6 5
2 24
3 97
3 77
5 21
2 60
3 81
4 97
7 35
4 26
6 86
7 32
3 94
1 71
3 78
4 43
3 90
5 53
2 24
7 98
9 45
2 94
4 68
6 13
2 24
4 84
6 20
10 68
10 5
1 80
9 71
3 20
10 36
2 41
7 50
3 40
9 28
5 76
8 33
5 41
7 73
9 7
5 20
4 27
2 69
10 48
7 76
7 27
1 72
9 37
1 21
9 17
9 10
3 27
4 43
5 64
5 77
6 52
1 42
4 39
6 81
8 39
10 12
4 22
4 10
6 92
1 99
10 77
4 9
6 59
8 1
4 93
10 77
10 91
1 6
4 38
6 77
7 89
3 22
1 87
7 48
9 20
1 30
2 90
2 92
8 75
3 77
9 10
4 3
3 100
5 72
6 50
7 62
5 17
2 91
1 25
8 28
8 46
9 24
5 57
1 88
10 84
10 89
5 62
8 78
9 62
6 76
1 62
7 36
2 87
9 92
5 4
7 94
1 33
10 14
4 83
1 71
1 21
8 86
6 54
5 4
2 30
2 69
7 22
4 21
1 65
5 59
10 81
10 85
4 39
3 76
4 79
3 57
3 92
3 80
4 16
9 37
5 19
6 73
10 91
1 44
2 81
4 33
9 22
5 77
2 49
9 22
1 81
5 40
2 66
5 75
2 50
2 9
2 70
1 26
1 95
8 98
4 83
10 50
3 17
3 31
7 54
4 20
1 45
4 71
3 46
9 55
8 82
6 93
7 55
8 10
9 4
2 65
10 5
8 10
9 69
2 82
4 91
7 62
1 59
4 23
7 26
10 72
6 86
6 57
8 94
6 7
8 97
8 44
4 53
4 57
8 98
9 3
10 76
8 35
7 75
10 70
7 47
3 78
7 85
10 51
4 42
2 94
10 6
10 48
4 87
3 2
6 100
4 49
7 17
6 81
3 70
10 40
7 72
7 13
2 68
3 6
3 83
9 55
2 63
7 40
5 61
3 59
2 91
6 28
3 97
3 90
6 19
2 4
7 67
1 44
7 57
