8 20
1 60
1 62
3 56
4 72
3 34
10 67
3 92
3 48
1 78
3 35
10 47
7 62
9 34
2 6
9 68
1 42
6 17
4 67
6 9
9 16
10 74
6 78
9 80
3 28
1 68
9 70
7 2
7 43
6 93
6 13
2 69
2 40
5 34
10 80
9 87
8 6
9 82
6 49
5 7
10 22
1 60
4 9
6 48
3 63
2 31
6 70
2 87
10 28
7 49
1 24
2 55
5 13
9 47
8 13
1 12
9 72
4 24
6 63
2 91
2 63
8 35
8 42
10 22
3 28
8 20
8 7
6 5
6 19
4 35
6 54
3 97
5 88
4 18
4 1
3 21
1 80
9 2
4 44
6 65
1 37
4 74
5 6
6 41
4 99
8 80
8 39
8 16
2 91
9 57
3 45
8 71
5 60
9 46
2 76
1 36
7 88
7 95
8 61
2 90
3 60
6 1
2 88
4 89
8 93
8 21
5 79
6 48
3 88
6 24
2 23
3 57
1 55
6 83
5 10
2 100
2 44
5 58
9 45
3 77
4 98
3 74
8 38
7 69
4 60
7 37
6 69
5 18
6 19
10 98
4 3
6 69
1 77
1 87
8 95
7 96
5 26
4 89
10 26
1 86
1 31
4 92
2 52
10 68
6 44
5 21
3 20
2 27
5 36
6 73
7 26
5 50
5 37
3 96
5 27
5 86
7 87
5 57
7 15
7 10
4 17
1 50
10 76
2 18
4 14
1 54
3 49
5 82
10 31
8 49
5 26
10 94
9 79
1 8
1 27
7 13
8 44
3 75
5 15
5 4
3 45
4 12
5 96
1 9
3 44
9 39
2 67
6 14
10 78
7 73
9 94
4 33
5 88
9 23
6 53
4 87
1 46
10 42
9 100
8 87
5 83
4 98
1 89
10 49
3 74
9 37
1 15
10 93
4 8
3 34
8 4
5 99
3 49
7 60
6 76
9 19
7 98
5 98
3 48
1 16
1 89
5 58
6 63
5 42
8 66
4 68
7 97
4 62
8 49
5 42
6 100
9 38
9 35
8 75
2 61
7 59
8 24
3 82
10 49
4 40
4 52
5 94
6 54
6 18
9 20
3 100
3 93
3 7
10 48
9 66
7 23
6 33
5 32
4 92
5 30
3 46
3 56
8 78
7 30
2 63
9 9
9 91
4 82
2 47
4 15
10 5
6 26
9 35
4 75
3 16
6 5
9 45
2 36
9 98
9 66
9 78
5 75
6 49
7 44
9 2
2 41
6 94
4 75
7 40
7 54
2 26
7 78
9 89
10 37
5 81
2 25
9 91
8 4
7 76
7 50
9 91
6 94
7 36
9 58
8 98
1 56
9 78
9 30
3 97
4 31
1 67
5 71
2 94
3 46
6 35
6 16
8 44
5 78
9 79
6 85
8 75
10 67
9 13
8 52
7 86
1 18
7 16
1 93
7 42
9 58
7 6
2 87
5 38
8 9
1 71
3 18
2 19
10 6
9 30
6 97
8 87
6 73
5 60
4 67
7 60
4 1
6 1
3 31
2 92
4 10
4 53
4 97
3 11
2 85
1 40
5 68
1 94
3 62
8 76
3 7
4 80
10 45
6 37
7 74
2 48
2 15
8 79
3 45
8 39
7 79
3 77
2 1
8 57
3 24
4 38
3 64
4 73
6 35
4 64
6 34
8 59
3 79
3 91
4 6
1 67
8 77
3 40
3 21
6 8
4 34
5 48
4 11
6 84
6 54
6 64
3 11
8 28
6 25
6 32
9 89
8 6
10 44
6 2
3 43
4 36
3 18
4 93
8 26
5 92
5 68
4 40
4 60
3 40
4 79
1 82
8 37
4 61
4 46
1 45
8 12
2 69
8 90
6 25
8 12
2 90
8 84
4 32
10 25
2 7
4 35
8 65
7 63
10 55
7 72
6 11
2 3
2 23
6 19
9 85
9 54
1 74
9 17
1 28
1 11
1 32
1 70
10 10
8 78
6 37
9 90
1 23
7 96
3 29
8 89
1 75
3 79
8 60
4 21
8 45
4 13
10 20
8 44
2 35
7 98
9 71
9 56
5 37
4 96
10 40
3 49
2 97
10 48
2 15
2 62
3 9
7 36
10 83
1 81
6 46
1 20
8 1
9 62
1 57
3 74
3 79
8 76
1 29
4 96
10 4
1 14
7 2
3 67
7 100
9 53
6 42
4 35
8 2
10 32
5 19
7 63
5 31
4 93
5 9
6 59
10 14
3 43
2 58
8 38
2 76
2 84
7 51
3 15
8 11
2 61
1 7
1 14
1 8
6 67
4 76
4 42
6 26
7 30
6 87
3 98
2 43
9 10
5 17
10 93
3 87
6 59
7 26
3 20
1 62
5 30
6 10
7 88
4 36
10 59
2 25
2 74
9 72
2 22
1 56
8 49
6 47
4 61
10 66
3 79
9 28
4 41
6 76
1 74
8 63
10 2
10 78
7 35
4 24
4 34
3 32
9 42
2 99
9 22
1 61
7 6
2 71
2 50
9 8
1 59
4 100
6 79
1 3
2 43
1 59
6 64
7 86
6 16
5 30
5 75
6 46
7 10
9 30
2 11
9 76
1 19
3 11
6 10
9 5
9 25
9 84
3 82
8 49
2 44
7 53
5 96
1 61
5 17
6 6
10 6
4 19
9 83
6 19
1 74
8 95
4 63
9 16
9 62
1 1
1 73
4 56
4 66
4 55
7 83
1 31
7 1
8 5
9 90
1 93
4 93
7 93
9 57
9 74
2 1
8 58
9 91
5 14
1 15
8 74
1 31
3 12
3 69
4 34
5 17
10 61
4 49
5 15
10 71
3 44
3 15
5 60
6 83
3 48
1 83
8 8
9 77
7 94
9 18
3 54
1 11
5 99
1 76
6 41
7 87
8 15
3 72
9 99
4 96
9 38
9 4
6 36
4 2
6 69
1 44
1 58
5 4
10 18
8 100
8 67
3 90
9 2
4 16
4 84
5 3
10 59
8 45
7 94
3 93
8 61
8 71
8 56
3 41
7 38
2 42
4 38
5 30
10 23
4 83
9 86
7 83
10 100
5 38
1 74
4 27
7 61
6 6
1 38
7 54
3 81
8 78
6 24
1 98
6 67
4 40
6 92
6 96
3 53
1 6
10 88
8 99
4 89
1 23
6 95
3 33
5 57
8 40
4 23
10 23
8 34
1 45
3 40
10 11
7 57
6 91
9 56
2 61
4 51
10 85
9 79
7 100
7 98
6 60
1 90
10 64
8 39
6 4
5 42
4 91
5 37
7 7
4 59
4 82
10 17
6 15
10 90
9 91
7 1
5 78
6 69
3 85
2 7
1 51
8 44
9 89
2 13
10 67
10 20
5 1
8 15
8 78
5 93
10 65
10 74
10 94
7 93
2 51
9 25
1 92
7 39
3 80
3 56
4 75
7 7
9 10
10 27
5 59
10 50
8 34
9 21
6 51
8 72
7 1
4 86
4 60
3 56
1 73
4 51
9 36
9 100
10 34
5 47
4 76
5 47
10 95
5 37
6 47
4 72
7 76
7 82
9 36
4 2
5 95
5 62
2 43
1 35
6 17
5 71
10 30
10 31
9 43
8 15
2 28
4 12
4 59
4 61
10 78
6 77
4 62
9 16
9 27
4 72
9 41
3 16
7 73
1 42
7 38
2 79
6 72
6 12
4 35
8 10
10 67
5 49
6 31
9 26
4 79
10 76
5 29
2 78
7 41
2 52
1 53
6 36
3 89
2 64
9 70
6 9
2 22
8 2
8 13
2 27
8 91
5 21
4 74
8 89
5 82
5 61
4 71
1 43
6 24
2 36
9 83
5 24
5 17
9 37
8 96
6 29
1 74
2 25
8 26
2 44
8 51
1 38
6 65
5 83
10 33
5 28
10 15
9 93
6 23
7 100
8 65
1 94
5 30
3 47
5 37
6 24
9 78
6 6
3 34
2 34
9 20
9 25
4 93
10 81
2 99
5 21
8 23
4 10
2 57
9 3
9 9
5 57
8 17
2 60
9 63
1 25
4 5
3 78
10 46
2 11
8 19
6 7
2 79
10 38
2 21
6 62
10 77
7 14
4 70
10 50
2 91
3 39
3 68
6 82
8 64
7 68
3 85
3 22
4 28
9 30
8 48
2 6
10 18
5 84
8 87
5 51
8 54
7 10
8 72
5 63
7 62
1 76
4 30
5 14
2 39
1 46
6 27
6 73
8 54
8 2
7 37
1 52
1 41
3 59
10 91
3 29
3 37
5 6
6 7
2 59
4 51
9 85
8 98
3 50
8 81
8 2
1 13
6 75
7 67
3 29
5 75
5 22
4 76
1 99
8 26
6 38
9 60
8 64
3 97
7 4
9 98
10 5
10 61
10 38
10 57
10 6
9 58
5 91
3 48
6 67
4 12
10 97
1 91
8 50
10 28
4 90
6 5
6 10
3 26
2 60
5 58
1 87
1 30
5 65
8 76
1 77
