8 50
4 83
6 66
5 99
2 57
6 60
3 66
3 22
7 6
10 50
5 99
1 63
1 9
10 92
7 63
1 16
2 83
1 25
4 58
7 33
8 2
6 55
10 83
7 79
5 46
4 66
8 1
9 77
8 60
3 31
2 76
3 34
7 27
10 44
3 83
2 63
6 4
9 76
9 13
1 36
2 35
4 53
4 78
4 12
5 17
8 3
9 29
6 11
8 81
7 87
5 57
6 25
1 66
9 91
8 6
7 62
10 61
8 23
1 27
8 21
9 64
7 39
3 11
6 14
5 51
7 36
4 73
3 22
2 43
3 41
6 97
5 96
6 63
2 12
8 83
4 24
9 17
7 27
10 49
8 53
9 52
6 43
3 95
8 79
10 64
10 16
5 47
8 43
4 63
4 80
1 87
7 12
2 4
5 11
7 19
1 61
6 51
4 90
9 45
4 56
5 50
10 42
2 35
9 63
6 47
6 75
4 77
3 14
9 8
1 35
10 18
5 25
7 69
3 18
10 73
4 4
8 71
3 74
1 22
4 31
1 4
2 82
9 92
7 70
7 75
9 48
8 17
9 59
4 91
10 16
7 35
10 92
1 8
8 92
1 95
4 52
4 50
10 44
9 41
3 43
3 56
8 33
7 89
1 40
4 83
2 15
4 18
8 76
1 53
1 84
6 18
4 98
5 78
6 16
10 95
5 26
8 86
2 9
3 89
5 31
7 98
1 19
6 50
7 83
10 58
4 74
8 44
4 92
7 74
8 48
5 87
3 42
5 98
7 94
2 46
6 5
1 8
10 28
3 56
8 50
9 15
2 67
7 28
4 71
6 26
10 88
1 83
7 85
7 5
10 23
8 34
9 26
3 88
3 46
2 91
2 17
3 55
5 2
5 23
3 46
1 44
6 14
2 30
3 8
1 33
4 17
1 100
1 22
5 32
4 42
1 3
5 15
1 72
3 95
2 56
4 39
7 63
9 55
10 93
5 2
8 15
5 26
5 93
8 60
1 7
10 74
10 21
1 33
4 48
2 33
6 87
1 11
5 75
3 72
9 43
3 65
8 47
3 20
6 32
2 72
8 92
3 44
1 81
5 22
1 25
8 23
1 73
1 25
3 71
6 28
9 77
7 74
6 37
3 93
8 26
10 32
3 73
4 91
2 61
8 55
5 13
7 10
6 41
9 3
6 33
9 87
6 94
10 33
3 76
6 27
4 49
9 62
4 52
9 35
7 80
8 8
1 9
2 75
9 60
7 58
1 35
5 29
6 94
8 85
10 58
8 9
6 100
2 87
3 11
2 96
4 31
9 77
4 97
1 51
9 53
5 30
9 22
4 2
1 30
6 3
5 14
3 55
7 20
3 66
3 56
8 66
1 92
4 65
2 90
8 57
4 32
4 78
8 70
10 55
3 1
9 78
7 35
10 18
3 4
2 56
10 12
2 66
7 18
10 17
2 33
3 61
5 78
1 7
10 71
7 34
9 39
7 95
6 87
7 56
1 57
2 97
2 35
10 82
4 58
5 68
6 89
3 99
2 2
8 28
2 89
6 25
6 21
10 70
9 92
6 67
3 6
8 56
10 37
8 72
3 55
2 39
3 17
5 47
10 37
6 2
6 48
4 51
6 3
5 54
3 51
10 78
10 7
8 30
4 78
5 75
4 74
8 86
9 53
3 61
6 34
6 33
4 92
1 20
10 8
3 52
5 48
4 41
5 93
6 35
1 13
3 35
3 54
1 76
1 84
4 58
10 14
10 29
10 73
9 88
6 96
8 72
8 83
8 96
6 79
1 98
1 68
3 5
1 51
10 35
1 12
6 45
1 31
2 77
10 62
3 47
9 35
5 30
8 44
2 75
10 58
8 4
7 2
10 3
8 54
3 80
6 67
9 29
2 12
7 14
3 97
10 50
5 2
9 77
10 51
2 90
10 53
9 88
7 74
1 35
1 18
10 46
6 11
8 64
1 22
10 43
7 32
6 4
3 93
6 45
4 96
7 10
2 56
1 24
8 73
6 83
7 48
9 67
4 46
6 34
10 32
9 17
6 100
7 53
7 47
4 68
7 43
10 2
10 24
3 66
7 68
1 65
2 43
10 63
7 53
1 97
3 7
9 76
5 62
9 21
9 100
4 48
8 39
7 34
7 72
7 90
7 5
6 4
4 88
9 40
6 84
9 62
6 45
8 67
8 56
1 52
5 33
1 78
6 42
6 86
4 53
1 89
5 89
1 5
3 53
9 32
8 51
3 26
10 33
2 95
4 67
4 6
3 69
5 37
7 18
10 18
9 54
4 51
4 20
3 62
9 93
4 63
2 6
3 48
10 100
5 68
5 75
8 59
3 48
9 46
6 48
8 94
3 23
5 60
5 34
2 25
10 53
7 59
3 52
9 12
6 61
7 25
2 23
3 52
5 51
10 9
2 48
3 75
7 5
6 75
5 70
5 68
6 35
9 10
10 91
4 66
7 73
10 55
5 65
8 92
9 77
4 93
8 26
10 56
3 67
10 25
9 98
4 97
10 55
10 44
10 57
3 14
6 63
7 46
3 84
10 63
1 31
5 19
8 74
6 24
10 82
4 38
3 53
7 7
1 12
3 11
7 100
4 45
1 43
7 74
5 3
7 25
3 88
4 19
10 88
3 25
6 49
2 85
6 90
3 94
3 70
5 5
4 70
3 77
7 18
3 86
8 48
5 86
6 76
10 16
7 76
8 75
10 72
6 11
6 3
2 19
7 18
2 70
9 33
4 28
8 23
1 58
9 5
4 2
10 16
9 15
8 34
1 96
8 24
5 27
6 50
1 36
10 19
8 32
7 99
8 93
6 86
3 52
1 47
3 6
2 79
2 23
2 34
10 57
5 72
2 82
8 48
7 83
4 33
4 57
4 21
8 16
5 56
10 41
1 87
7 65
6 70
3 26
2 99
7 23
9 89
1 16
5 33
2 59
2 57
5 97
7 71
6 57
1 25
1 52
10 51
10 11
9 24
8 90
6 14
1 49
6 74
5 68
3 73
2 71
2 70
7 25
10 25
2 56
4 76
6 11
7 96
6 4
1 54
1 35
4 68
3 11
6 12
10 40
6 8
9 58
10 89
10 25
1 22
3 98
10 33
9 99
7 26
1 12
10 43
10 62
1 67
9 21
1 29
8 1
5 46
8 57
3 1
7 89
5 96
2 6
9 76
5 36
3 60
2 43
6 31
9 63
2 4
8 11
1 64
9 86
6 71
4 65
5 83
7 28
4 26
3 15
3 58
5 1
1 8
6 74
10 27
2 46
6 31
4 29
6 58
6 73
9 15
3 43
9 10
9 27
10 99
6 47
4 95
9 99
2 37
5 27
5 82
3 70
5 40
1 32
2 26
6 11
7 53
7 78
3 66
3 61
1 57
3 82
2 2
2 94
6 46
1 68
9 92
2 8
4 3
2 3
5 41
6 99
5 51
2 93
1 56
5 64
1 46
3 22
9 7
5 5
10 89
3 84
2 50
2 75
9 72
7 14
3 45
7 74
5 75
9 98
7 91
10 70
7 3
5 60
3 54
4 13
2 96
10 79
2 76
9 73
6 23
1 53
3 45
1 84
1 74
7 49
9 3
9 19
7 48
1 81
6 88
7 81
3 56
4 21
1 8
10 95
4 27
9 16
3 58
7 12
4 72
8 44
2 81
3 24
7 53
7 76
3 81
3 38
2 37
1 79
6 21
8 28
5 66
5 87
8 51
5 11
2 74
6 21
10 49
8 45
6 74
2 37
4 84
7 16
8 63
2 27
4 88
1 30
3 46
9 11
6 33
4 29
1 74
6 22
8 14
2 1
7 23
5 60
2 25
5 7
4 94
1 55
3 91
1 66
5 100
1 86
4 99
7 33
6 52
5 29
8 92
6 14
5 24
10 89
10 89
4 82
7 58
6 98
4 70
7 79
2 13
8 2
4 9
10 88
9 58
7 49
6 75
6 81
10 77
9 100
6 75
10 70
2 27
8 16
5 51
8 58
3 67
6 54
8 32
3 34
9 27
10 34
1 68
9 29
7 13
10 2
7 99
10 42
2 97
8 93
5 89
8 3
3 59
7 94
8 67
9 2
10 47
6 4
9 95
2 4
6 38
2 54
6 82
5 79
10 27
10 50
8 85
8 18
1 45
5 67
3 39
1 1
5 97
8 88
3 59
3 27
3 26
2 55
7 15
5 65
9 63
2 53
1 53
7 66
4 77
8 27
6 55
8 79
2 99
1 28
10 8
9 1
3 10
2 71
8 15
9 32
4 83
3 40
4 65
5 51
8 62
10 96
3 3
8 55
2 23
1 2
4 98
4 27
2 19
10 50
3 17
7 39
9 69
5 82
7 63
4 15
8 6
8 32
4 60
7 90
4 70
10 57
10 66
9 25
8 39
10 46
6 50
9 26
5 55
3 7
10 90
5 44
6 44
4 77
10 73
8 3
5 60
9 13
5 52
2 6
8 3
5 28
1 44
10 71
