1 63
5 41
5 87
2 24
3 48
6 79
1 88
4 26
3 62
8 96
5 16
3 54
8 8
7 62
6 25
5 38
3 87
1 33
8 61
8 50
8 60
3 31
2 85
5 37
5 30
7 3
8 33
10 53
1 90
10 28
10 73
6 31
5 77
10 44
2 67
4 82
9 46
7 79
7 79
4 99
10 73
6 24
7 28
7 43
3 24
1 56
5 26
2 25
5 11
2 83
1 20
4 99
8 9
8 15
1 29
5 43
5 23
1 1
10 61
5 41
3 18
9 41
5 82
9 36
10 94
1 93
1 77
9 98
8 7
5 28
8 43
1 73
4 32
5 40
5 10
2 82
1 96
9 58
5 32
1 40
7 42
10 1
1 41
4 99
2 86
9 9
7 42
3 79
10 12
1 40
10 22
9 11
10 34
7 96
5 93
6 84
7 67
6 37
6 24
1 53
9 87
8 41
10 86
1 27
5 23
10 1
2 6
1 20
10 64
1 60
2 28
2 85
9 12
9 88
4 83
5 94
10 82
8 74
4 21
3 41
10 9
6 35
1 4
8 52
6 41
9 27
5 5
10 66
4 35
1 14
6 13
8 67
4 3
6 24
2 70
8 30
9 1
6 98
6 40
2 45
8 91
8 59
4 37
4 20
3 7
5 28
8 75
5 35
4 90
8 77
10 66
9 26
7 37
1 46
9 84
4 56
1 16
5 22
5 3
5 79
7 43
10 96
2 12
3 84
8 87
3 54
4 39
3 57
1 39
8 88
3 91
1 60
7 33
2 39
8 64
6 51
5 48
2 76
10 68
4 7
6 2
3 72
4 97
8 74
4 61
6 15
6 90
1 79
1 67
1 34
5 11
1 51
3 51
5 35
5 84
4 11
5 66
6 86
10 6
6 90
1 93
10 91
4 47
9 9
6 32
1 4
2 45
7 27
6 6
7 29
3 47
8 85
8 69
1 68
10 73
2 1
3 28
3 64
1 70
6 52
5 9
2 87
5 89
9 65
8 78
7 34
1 26
5 89
4 9
5 10
2 7
3 62
1 62
8 38
9 6
4 94
5 22
6 37
3 55
3 75
6 43
2 78
3 100
7 46
9 16
10 76
9 62
7 66
10 19
4 57
2 83
9 12
3 50
10 29
5 20
3 26
10 29
6 78
1 73
3 93
4 12
8 74
8 98
4 28
3 35
5 6
2 97
2 61
8 95
1 67
1 3
6 61
1 64
5 24
9 98
5 50
2 34
10 69
1 49
8 46
3 14
8 84
1 61
4 42
5 36
7 55
10 72
7 57
6 72
6 70
10 66
6 88
8 74
6 75
1 94
1 38
1 32
1 30
7 11
9 95
7 32
2 81
3 100
2 50
6 72
4 35
2 58
9 60
3 64
7 90
6 74
7 60
8 72
10 30
9 54
8 31
4 69
9 85
2 27
3 83
7 78
1 87
4 29
2 50
2 24
5 1
5 99
3 37
7 60
2 16
10 90
5 91
9 97
2 32
2 83
7 53
3 48
9 98
4 35
8 25
9 14
4 88
10 65
3 25
6 70
2 54
6 68
9 34
2 73
4 25
9 94
7 72
5 36
2 93
8 57
1 38
2 2
3 96
4 7
6 96
10 91
10 81
6 51
1 10
6 86
8 76
9 12
7 47
4 92
9 2
7 7
1 60
6 23
2 59
9 9
1 5
5 8
6 18
7 47
5 5
1 82
1 49
6 80
10 67
5 17
7 19
7 31
1 65
10 67
8 35
5 60
10 9
2 43
9 32
7 33
2 31
6 94
10 40
1 2
5 4
9 15
8 7
7 55
10 51
10 96
2 51
6 99
10 91
9 69
3 91
1 29
6 81
2 90
6 1
8 75
4 17
8 50
4 58
5 71
1 66
2 56
6 7
10 74
10 84
5 74
10 47
3 45
1 83
4 1
4 9
8 70
9 39
4 6
5 60
8 62
10 15
7 49
6 83
5 86
4 32
7 54
3 16
5 55
10 5
6 61
9 46
7 92
3 93
8 79
2 9
4 72
9 62
8 64
4 15
7 82
6 18
4 48
9 11
7 55
4 78
6 61
4 50
10 80
3 61
8 5
6 34
9 18
7 83
10 17
1 19
4 3
5 79
1 18
8 82
7 48
1 67
9 48
5 44
1 38
9 73
9 51
1 6
5 43
9 1
1 36
2 36
10 20
4 23
7 3
4 35
3 98
6 52
4 56
1 24
3 7
6 45
7 91
10 24
2 4
10 77
10 25
5 69
7 86
1 97
9 26
7 9
3 42
8 56
10 91
5 83
6 66
9 94
1 51
9 82
10 64
4 82
8 60
6 49
3 52
2 59
10 32
4 64
5 91
5 88
4 58
10 95
4 72
10 56
5 32
4 3
7 63
1 26
10 69
7 38
3 74
8 34
1 14
6 48
5 46
10 35
4 45
5 26
7 84
7 19
8 23
10 68
7 46
10 50
10 87
3 16
5 81
4 45
9 34
9 13
5 70
9 22
6 72
3 63
4 23
3 54
8 54
9 99
2 60
5 13
9 60
5 97
10 16
3 10
5 21
7 4
9 51
6 57
3 15
5 13
5 67
3 46
3 70
8 46
9 17
1 69
7 54
9 82
4 51
7 69
9 75
7 63
7 86
1 99
8 62
2 43
5 87
7 86
2 47
5 27
9 82
3 19
3 82
4 56
4 79
4 100
6 32
6 48
3 2
10 74
6 61
5 94
6 52
2 68
4 5
4 64
10 11
7 46
2 77
8 90
2 80
1 69
10 52
6 62
4 51
7 51
7 68
10 27
7 96
1 13
8 75
4 36
5 19
4 95
5 21
1 16
3 41
5 8
4 18
5 61
8 90
1 69
8 38
10 95
6 83
4 100
3 71
6 16
4 14
4 94
9 99
4 98
8 82
4 71
2 88
9 54
2 75
7 22
4 13
1 48
7 52
3 43
7 60
2 74
4 88
6 75
6 83
5 68
7 71
6 36
3 21
5 87
1 5
1 51
4 51
1 24
6 55
7 55
8 77
8 28
1 90
5 69
2 4
3 71
4 89
3 39
4 16
4 42
3 80
7 83
6 45
1 46
5 21
3 11
5 52
3 48
2 48
3 76
6 48
2 13
3 96
1 57
8 14
4 89
9 45
7 47
10 56
1 86
10 57
1 16
3 31
5 16
7 13
4 2
10 46
8 76
6 38
2 46
6 4
7 6
4 55
1 19
9 66
6 21
7 35
2 2
7 99
5 23
2 37
9 45
6 29
2 39
3 10
1 74
9 56
10 28
10 38
3 38
5 92
5 85
6 32
8 68
9 56
3 49
5 40
3 77
7 35
1 98
2 13
5 100
4 59
4 40
1 11
4 29
8 42
6 72
7 63
1 4
2 42
7 58
4 68
4 28
7 34
9 13
8 9
1 69
6 29
9 52
5 93
5 72
6 11
5 73
1 97
5 51
2 9
8 79
3 38
3 84
3 92
10 5
6 70
4 29
6 74
3 30
8 97
8 34
9 25
10 72
9 25
8 100
4 5
8 71
6 96
6 26
2 59
9 96
10 83
5 31
5 22
10 44
6 38
5 60
6 31
10 85
3 32
8 25
8 50
10 37
5 33
4 5
5 56
6 92
3 48
1 40
2 20
3 84
7 36
6 54
3 24
7 40
2 41
2 54
3 15
5 59
10 74
10 66
6 75
9 44
3 21
2 87
4 42
3 85
8 40
1 83
6 90
10 57
10 60
3 37
2 50
1 72
8 42
2 64
9 72
9 80
3 11
3 29
10 58
8 75
4 21
4 84
8 55
10 29
6 34
8 24
8 21
10 89
3 61
5 69
5 39
1 100
1 26
5 50
8 70
6 31
9 24
4 9
5 24
4 39
2 78
3 63
4 90
10 32
2 72
9 27
3 15
1 20
4 53
6 66
3 56
2 99
6 12
9 53
6 34
1 83
9 41
4 16
3 91
4 79
1 50
8 42
8 66
9 85
10 52
2 76
1 97
10 45
3 22
10 65
5 59
4 81
9 54
10 9
10 77
9 84
1 16
1 80
1 54
2 25
5 96
9 21
6 29
6 44
3 21
8 29
1 60
7 41
4 85
10 82
6 96
9 29
2 41
9 78
3 5
5 46
1 44
9 84
9 4
7 7
8 13
7 40
10 93
6 23
4 87
8 69
10 32
4 9
9 26
1 51
1 65
6 99
8 76
6 86
6 78
6 17
1 23
8 43
3 29
8 32
1 79
8 55
8 89
6 28
3 50
5 73
9 43
3 32
2 33
5 95
5 35
7 71
6 42
2 25
1 18
10 18
3 26
9 99
1 31
8 51
4 81
9 17
5 96
2 41
9 26
8 74
7 11
10 46
5 22
5 19
5 91
6 39
2 19
8 3
3 22
7 44
3 60
4 43
8 10
4 71
7 76
2 76
7 86
2 35
8 92
3 97
10 99
10 86
2 98
5 8
3 57
3 85
1 38
5 2
2 66
8 52
6 74
2 53
