8 7
7 88
10 73
4 64
5 40
1 21
10 98
8 28
7 99
1 37
7 35
1 18
9 18
7 73
9 94
3 85
2 93
9 99
9 64
4 2
8 99
8 6
6 54
10 1
6 50
6 35
1 22
1 93
1 33
5 21
2 49
7 45
4 29
3 46
3 96
5 52
6 23
5 45
2 81
1 46
9 25
10 45
6 100
8 85
2 90
6 96
7 61
4 29
1 88
4 83
4 10
5 17
2 98
3 42
6 50
3 56
9 25
9 74
2 34
1 8
1 1
9 80
2 36
4 31
4 79
5 69
6 53
3 33
5 33
8 81
2 18
10 39
2 11
3 6
10 4
9 48
8 61
2 20
7 97
2 3
4 36
10 76
3 29
3 46
2 36
6 43
6 32
10 6
6 25
5 9
8 76
10 66
10 8
7 24
4 25
1 74
8 64
9 92
3 39
4 18
4 63
8 43
8 16
10 6
6 28
2 7
2 76
8 17
1 56
1 4
5 82
8 64
1 99
9 45
2 46
3 25
2 34
2 100
9 99
4 91
2 84
4 61
4 92
9 78
2 10
2 77
1 72
7 45
6 85
4 44
4 63
4 37
3 76
6 76
2 80
5 20
5 45
7 33
4 18
10 69
7 23
2 21
9 37
10 56
2 6
5 84
7 85
2 8
2 67
9 66
1 71
4 2
4 22
8 73
4 13
10 53
10 21
7 6
7 24
3 70
2 37
6 13
5 80
5 78
2 82
2 47
1 25
3 69
2 93
4 44
1 6
8 55
10 25
9 11
10 30
3 94
10 68
5 75
10 33
5 77
6 20
7 53
2 58
8 100
4 21
10 10
9 95
10 42
1 43
6 20
10 5
3 98
10 17
1 50
2 92
5 71
5 34
6 22
9 56
2 12
3 49
3 63
5 44
10 32
7 50
7 17
9 1
8 7
3 34
6 26
4 67
8 100
3 13
5 12
10 49
6 9
10 38
10 20
5 4
2 7
1 4
6 38
6 65
4 80
1 93
5 76
2 44
9 26
7 83
1 81
2 1
5 46
8 57
5 63
7 47
6 51
6 32
7 84
9 37
9 55
9 27
5 98
1 87
8 22
2 89
7 64
1 3
1 60
8 24
5 22
6 70
4 22
7 61
8 97
3 38
9 13
4 40
10 38
9 7
5 51
3 87
7 74
9 79
4 43
1 92
10 88
10 16
7 5
3 77
4 47
4 15
4 89
10 73
8 55
7 24
6 99
6 61
1 41
6 58
7 6
8 53
6 89
6 53
3 75
6 10
8 9
10 20
8 80
4 39
9 13
9 47
1 75
2 3
4 94
8 91
3 34
8 15
7 65
1 38
7 94
5 17
4 19
3 6
4 98
10 21
6 36
1 95
10 3
5 20
7 98
5 3
8 51
10 66
2 5
1 23
8 51
6 70
3 37
1 100
2 79
9 34
4 29
1 28
4 82
6 14
6 80
5 25
2 20
2 49
6 51
2 50
8 50
6 61
1 4
4 47
3 90
8 90
1 66
7 35
1 41
10 63
9 40
6 13
5 74
9 78
5 25
6 50
6 86
9 10
6 26
10 22
4 87
6 52
3 37
3 68
10 7
8 1
10 50
8 12
7 41
1 71
7 17
5 8
2 24
8 21
1 49
8 22
5 16
8 14
10 61
1 33
6 30
5 78
6 38
3 89
4 44
1 50
5 65
9 6
10 51
9 14
10 64
10 30
5 67
9 90
9 22
5 1
7 51
8 43
2 33
9 69
9 52
1 1
2 65
2 71
2 96
7 41
4 95
7 46
6 33
10 13
3 12
9 33
1 45
6 89
4 41
9 79
9 16
8 9
10 35
2 92
8 23
4 33
8 74
9 51
6 5
3 60
8 39
1 67
5 98
7 62
8 36
5 19
8 25
5 27
3 96
5 4
2 80
9 36
2 98
6 80
7 84
5 73
2 60
1 46
4 15
8 67
3 29
8 30
6 71
9 57
4 89
2 100
9 30
3 68
4 13
5 33
5 30
10 53
10 6
1 55
2 55
5 51
4 40
1 16
7 94
9 24
5 53
8 83
2 46
5 67
8 1
4 43
10 58
9 76
7 60
3 25
4 99
7 8
3 25
6 91
7 97
10 11
4 99
5 13
8 15
2 63
7 77
10 90
8 97
10 1
7 56
10 9
7 99
8 41
8 89
4 85
2 29
3 36
8 54
6 63
9 70
5 93
3 89
8 100
1 35
4 66
2 81
2 58
3 59
7 13
5 94
6 46
7 77
5 86
4 79
1 16
7 47
9 41
4 33
4 64
3 19
7 22
6 16
10 44
5 38
4 6
9 70
6 69
6 66
5 40
2 67
1 77
7 81
3 63
6 29
2 91
1 62
6 8
4 99
5 8
5 49
10 94
1 24
4 26
10 24
6 68
8 27
2 49
9 61
10 87
5 49
4 3
5 27
1 10
1 72
1 33
3 27
5 3
1 32
8 10
8 55
5 44
3 73
7 72
10 67
4 8
1 54
4 100
4 92
3 14
7 10
7 44
5 77
2 23
5 42
10 84
8 34
5 6
3 75
6 91
3 3
3 60
1 47
4 44
9 31
9 45
8 85
8 48
5 15
2 7
7 70
6 48
1 1
9 16
3 52
5 21
8 16
4 6
5 76
8 18
2 72
4 40
3 1
4 45
3 20
10 19
4 85
10 67
2 86
1 75
5 64
8 55
8 26
9 89
9 9
4 59
5 93
9 17
3 26
5 20
6 85
9 71
5 42
6 96
7 55
8 31
9 80
1 52
9 35
7 38
6 42
6 17
7 7
9 29
8 100
3 57
4 94
8 71
4 24
2 32
4 33
9 92
8 10
2 84
3 25
7 22
6 55
3 76
3 77
1 7
2 60
4 2
8 18
10 38
2 13
9 58
6 19
3 2
4 88
1 68
5 68
1 83
3 33
4 55
7 85
10 89
7 20
4 29
7 58
8 94
7 72
10 31
6 74
4 93
8 52
10 80
4 58
10 42
9 30
5 90
10 48
7 42
6 22
1 62
7 10
7 74
1 6
7 74
6 62
1 12
9 88
5 66
9 5
4 59
4 76
9 21
2 98
6 62
8 13
6 40
9 61
7 93
5 37
1 47
2 66
8 81
9 59
8 12
8 49
4 42
4 98
4 65
10 30
4 88
5 9
8 15
2 16
9 8
3 67
8 67
9 59
6 26
2 6
4 26
7 100
5 79
9 40
4 10
5 49
5 65
3 59
5 12
2 59
5 24
6 38
6 29
8 25
8 33
2 87
5 83
10 36
10 61
2 59
6 23
9 46
4 90
9 41
4 38
5 41
6 39
8 84
8 14
3 19
1 32
10 76
2 99
5 69
2 74
10 61
10 96
3 10
5 49
9 97
3 5
6 99
2 90
3 92
6 73
5 10
8 12
1 11
9 11
8 48
8 93
10 16
9 54
5 49
5 43
5 74
7 38
6 56
10 49
6 42
9 14
5 62
1 45
9 50
9 82
8 41
1 77
5 7
7 32
7 90
6 56
2 76
10 16
3 54
9 40
6 11
5 50
5 50
4 7
10 20
10 60
5 88
9 39
8 66
8 94
10 23
3 96
7 87
3 80
6 15
10 87
3 5
2 96
7 15
8 10
8 25
1 70
6 64
10 60
1 41
8 1
5 73
8 55
2 15
6 41
9 31
5 69
1 58
6 56
6 56
9 18
10 66
1 11
10 70
9 50
1 96
7 16
3 59
10 61
1 76
1 40
2 43
8 56
3 5
3 43
9 11
5 86
7 77
2 20
9 86
6 50
4 3
9 84
10 59
6 25
5 35
6 8
7 87
8 6
9 70
9 69
8 18
3 72
5 76
2 8
8 87
5 100
2 51
10 72
2 70
7 25
8 59
1 49
4 87
10 77
10 89
1 89
6 17
7 31
3 98
9 64
5 94
3 48
10 55
9 93
8 75
10 67
9 40
10 100
7 10
3 87
10 86
3 23
8 45
4 30
5 43
9 59
8 18
10 45
2 42
4 54
1 91
6 1
9 90
7 24
1 73
6 93
7 38
8 16
4 6
2 94
1 71
8 97
5 60
9 9
1 79
2 11
6 98
4 61
6 73
2 21
1 7
9 59
2 95
6 27
4 88
7 28
10 2
10 51
2 24
3 39
7 7
3 73
9 75
10 8
4 97
5 92
2 25
6 10
8 91
5 64
9 6
8 94
6 76
10 84
7 14
3 38
10 99
1 51
8 87
3 98
9 23
6 53
6 7
8 91
5 1
4 40
6 1
3 13
4 46
5 81
5 85
2 52
8 80
3 97
4 14
5 43
2 77
3 94
5 65
6 29
9 89
9 78
5 52
8 77
2 43
3 5
5 14
7 47
3 16
5 16
4 83
3 19
1 53
7 26
4 38
3 3
5 27
3 95
1 93
8 6
2 83
9 100
2 52
9 68
4 25
8 92
2 7
1 46
2 98
6 30
3 39
1 61
7 72
3 18
1 53
