2 68
5 38
3 15
10 54
6 99
6 74
10 48
10 70
10 5
8 83
5 87
1 69
2 1
6 58
4 94
4 88
4 6
6 87
10 37
5 18
7 28
1 80
9 1
1 75
9 100
8 5
4 69
6 7
7 90
1 87
5 70
8 45
7 10
4 42
9 39
5 22
7 17
6 17
4 25
9 36
5 23
8 50
9 50
4 54
2 12
9 40
5 50
7 88
4 5
1 26
8 36
10 13
8 2
7 79
6 71
5 71
1 39
2 34
1 43
5 10
5 45
4 89
2 14
8 26
1 15
10 35
1 97
7 48
7 59
9 99
5 39
4 82
3 80
10 9
10 3
4 60
7 99
9 50
8 95
5 55
6 44
3 25
6 49
6 46
5 67
2 78
1 25
9 93
2 61
4 35
10 62
6 20
9 83
3 71
3 12
4 35
4 87
6 89
8 21
1 25
5 72
4 11
4 98
10 73
2 44
1 1
1 41
1 10
2 77
2 60
5 98
4 17
6 50
4 73
3 47
6 75
8 73
7 46
7 70
5 74
8 52
5 1
8 59
2 81
8 53
6 82
1 68
2 69
9 72
9 39
8 34
9 84
1 73
9 3
8 32
5 28
4 36
8 73
8 24
5 74
10 51
10 8
1 39
4 97
6 76
10 46
9 3
4 1
3 77
8 42
10 4
8 82
5 42
3 20
9 97
8 44
10 87
7 34
4 6
8 15
4 79
7 54
4 73
10 2
5 10
5 4
1 98
3 93
3 28
7 54
5 2
3 89
3 28
5 96
8 45
9 80
4 62
2 39
10 73
8 19
4 10
10 79
9 80
7 45
7 35
10 76
7 13
10 62
7 16
8 98
7 49
8 47
6 95
8 18
5 18
7 75
9 94
7 41
7 47
8 77
9 55
4 20
2 69
9 50
5 69
1 8
2 57
4 5
8 7
2 93
4 32
9 63
9 26
4 61
7 25
5 14
2 56
7 96
6 75
9 67
8 53
10 47
9 53
9 90
7 78
4 70
1 36
2 54
10 37
6 83
2 57
4 71
7 98
6 78
6 65
5 6
9 54
9 97
3 38
7 57
9 24
2 68
4 81
3 77
3 29
4 71
2 24
3 57
1 9
2 12
1 34
6 38
5 69
5 16
8 60
7 51
8 33
3 19
3 88
10 44
8 21
2 42
4 5
1 8
1 9
7 61
1 67
6 88
9 38
6 15
7 53
4 76
2 77
7 71
9 44
6 90
10 9
1 42
6 16
9 56
2 86
5 54
5 23
7 20
8 54
1 34
4 52
8 59
2 7
5 4
10 49
6 60
7 44
7 85
10 94
2 44
1 67
3 97
9 99
1 10
9 50
9 81
5 22
1 73
4 57
3 19
7 16
2 14
4 83
4 10
2 54
2 69
2 54
6 27
5 82
7 53
5 29
1 97
4 77
3 9
2 69
9 82
7 88
5 12
10 63
5 13
4 93
9 6
1 41
2 73
6 100
10 33
8 22
6 40
7 61
6 29
9 60
10 43
6 82
3 93
8 74
1 14
8 22
3 48
5 53
5 18
8 22
7 68
1 21
9 76
6 44
2 95
10 83
3 65
6 69
9 21
5 85
6 5
4 86
4 43
6 67
3 18
10 76
7 52
6 9
8 92
7 61
8 23
6 20
10 16
9 81
7 70
4 60
10 27
2 72
6 94
6 97
7 13
6 80
4 46
4 4
7 32
2 9
5 66
8 20
5 32
1 47
4 34
8 67
6 59
6 40
8 42
2 28
8 7
4 64
2 13
3 52
7 44
9 66
10 56
7 67
7 93
4 6
5 69
6 82
6 80
3 15
6 83
2 92
4 29
6 68
3 86
8 94
10 29
9 96
1 85
10 97
10 52
10 99
10 77
3 88
6 64
8 32
9 68
3 9
5 17
6 38
2 37
3 15
2 53
1 61
8 8
6 94
3 8
1 45
4 40
2 27
5 66
1 39
2 98
8 18
8 97
6 33
8 37
2 25
3 22
3 20
5 66
4 77
2 5
5 44
1 26
4 78
10 75
5 85
7 1
6 61
6 52
9 38
4 15
2 77
3 3
8 34
3 86
8 32
7 87
4 53
3 97
2 96
3 89
10 22
10 44
2 73
8 22
9 99
10 94
3 11
8 16
8 69
5 54
4 69
3 82
10 100
1 3
3 98
8 54
9 76
2 88
1 21
1 71
3 84
8 44
9 90
5 29
3 89
6 63
7 90
10 26
10 19
4 56
3 77
9 88
4 65
8 29
2 82
6 44
3 44
4 55
3 100
10 14
6 57
2 40
5 61
1 40
2 28
5 6
7 19
9 65
6 45
3 70
2 1
7 91
9 55
2 67
6 4
7 12
1 29
9 87
9 59
9 26
3 63
2 50
6 77
7 28
7 95
7 80
2 60
5 22
6 14
8 90
9 61
8 1
5 86
9 57
2 88
2 26
3 15
5 35
5 15
7 54
1 79
2 55
3 40
8 44
6 68
1 65
5 93
2 83
6 43
6 49
4 33
2 95
5 28
6 27
8 73
9 29
6 14
1 42
8 97
4 69
8 85
9 23
6 10
8 73
6 64
10 80
8 51
3 97
7 91
3 11
6 55
4 50
2 43
9 18
6 67
1 1
9 26
1 30
9 1
10 91
9 70
10 78
4 73
8 8
5 99
2 47
1 24
5 90
3 27
10 3
10 2
10 57
3 95
6 79
10 26
1 85
5 52
10 99
1 58
8 81
9 88
8 58
10 42
8 84
3 89
4 100
6 21
4 7
2 82
10 34
4 57
3 84
2 67
7 78
8 66
7 86
1 75
1 57
10 43
5 100
2 25
3 38
1 54
7 89
6 26
8 42
3 98
2 26
8 54
6 35
4 52
9 13
9 88
10 51
10 69
6 18
8 68
9 81
5 39
7 73
1 8
8 72
6 85
3 97
2 26
9 84
8 58
8 81
1 13
6 70
1 82
10 78
5 25
6 52
5 26
5 17
9 18
2 67
3 22
8 72
6 30
9 35
9 94
1 22
1 41
9 31
8 35
10 69
9 9
7 60
9 65
10 93
6 79
2 60
3 45
6 63
9 82
10 45
10 89
3 28
9 69
1 45
4 81
4 61
3 39
9 96
10 65
6 91
4 84
10 71
10 69
6 38
1 75
8 77
3 16
2 3
9 55
9 74
1 74
10 36
9 3
10 93
1 47
3 8
1 24
2 4
7 72
10 78
4 12
7 48
1 9
10 4
3 22
4 7
6 27
1 65
10 82
6 39
7 37
10 57
8 36
1 78
7 4
2 69
5 53
1 86
10 69
8 14
3 31
2 79
1 47
2 36
3 68
5 10
1 76
7 1
6 83
10 66
7 35
8 29
10 99
10 70
3 16
7 60
5 41
10 51
9 80
3 13
10 67
3 57
8 75
6 27
3 25
6 15
2 83
7 5
4 90
8 1
2 53
3 28
4 81
7 59
8 97
10 9
8 45
2 21
1 16
2 34
2 31
9 62
1 65
7 85
4 72
5 31
8 18
8 53
2 26
3 83
7 61
7 2
10 94
3 81
7 10
10 7
9 44
1 47
9 49
6 1
8 100
9 79
1 54
8 64
2 32
7 66
2 66
3 82
10 45
8 2
5 4
6 63
3 65
1 61
3 23
6 9
6 91
5 22
6 96
6 51
7 12
9 97
4 42
5 64
8 10
8 56
10 40
10 35
6 53
9 49
4 99
3 17
2 39
1 91
5 30
7 100
7 77
9 95
5 27
9 40
2 70
2 91
1 64
1 9
7 96
10 95
2 8
1 22
8 4
4 32
9 30
5 86
7 28
7 93
2 67
9 18
2 32
10 74
1 86
5 83
6 95
7 55
1 12
3 15
6 12
5 39
7 73
10 33
8 52
9 87
8 71
7 74
6 32
3 89
3 36
1 44
7 65
2 36
8 62
7 80
2 14
8 4
4 40
5 93
2 21
3 84
4 63
10 89
2 75
4 2
5 35
7 80
8 99
10 10
9 29
9 17
2 11
3 73
5 45
1 78
1 52
8 61
1 15
7 30
4 56
1 31
2 3
9 32
5 12
5 35
9 30
2 66
8 13
1 79
3 85
8 84
9 53
8 30
2 39
6 40
10 8
6 37
7 20
8 38
10 28
7 1
7 18
4 87
3 24
1 1
7 39
2 92
4 98
10 94
10 18
6 65
9 62
6 15
5 50
6 100
5 60
5 80
1 11
7 53
2 75
7 37
4 89
1 16
6 37
1 30
2 78
7 76
6 3
10 14
8 93
4 84
4 92
2 74
6 22
5 6
3 66
2 24
5 46
2 98
3 22
3 70
1 62
3 90
9 6
6 98
9 20
1 96
5 18
9 97
2 87
6 12
9 1
8 10
4 58
2 81
2 20
9 25
3 45
3 93
3 59
4 86
8 73
5 27
6 80
6 93
8 2
6 82
4 65
10 62
10 52
3 33
8 7
10 84
1 92
3 95
2 75
5 95
