4 81
2 8
10 86
3 94
2 8
1 5
6 96
4 98
6 8
7 65
4 51
6 57
3 70
9 81
10 99
1 20
1 36
10 21
5 26
1 70
3 60
1 11
10 8
6 68
7 94
2 3
6 9
8 99
8 83
10 19
5 76
5 51
5 2
6 75
9 3
7 21
8 96
7 15
4 43
3 74
9 77
10 45
2 51
4 28
2 10
4 70
4 73
1 21
4 91
5 82
6 74
9 91
1 96
3 62
5 100
9 65
1 97
9 62
6 8
8 18
6 71
5 45
8 91
5 18
7 78
7 26
3 42
10 90
7 11
6 42
10 16
7 88
4 46
7 59
5 40
10 34
9 42
7 20
8 33
6 57
6 45
7 59
6 47
9 44
8 19
10 97
9 9
3 60
9 99
9 10
7 23
10 71
6 75
4 95
6 27
5 87
10 30
7 58
6 30
8 78
1 90
5 70
4 86
8 45
1 38
10 96
9 26
10 50
10 98
10 67
6 58
2 16
2 51
7 1
3 22
7 87
1 97
10 41
9 48
7 58
5 77
2 82
9 93
3 47
7 95
7 67
10 66
4 63
7 34
8 10
3 32
4 72
9 13
9 74
10 61
6 69
1 1
7 63
3 99
4 21
4 69
4 46
10 90
2 49
2 57
3 96
2 75
7 29
6 4
7 9
5 49
8 71
6 26
5 43
3 68
7 85
7 50
7 86
4 10
6 34
4 62
6 43
9 79
4 89
3 79
1 35
2 19
5 59
4 9
3 38
9 68
4 67
1 100
2 54
10 78
10 57
8 22
3 75
9 25
6 25
5 66
5 27
7 83
2 27
2 96
8 20
5 96
5 66
10 1
8 66
1 67
5 79
1 85
9 24
8 53
2 53
5 49
7 72
6 54
2 72
8 84
6 10
5 24
4 55
9 79
1 75
2 89
4 71
4 7
8 83
2 65
2 40
4 35
1 36
2 83
1 5
9 84
3 30
9 3
1 66
8 87
7 95
3 43
3 47
10 83
10 35
10 87
6 83
1 34
2 90
4 31
9 43
6 74
4 10
5 49
5 82
6 61
7 64
5 81
5 8
8 63
4 56
3 39
8 18
7 12
6 19
6 29
9 82
4 65
7 89
1 87
8 64
5 61
4 21
7 96
1 29
5 90
1 70
1 36
2 8
3 63
5 37
5 65
6 61
5 52
2 71
1 100
9 20
8 43
9 98
5 91
3 40
2 51
7 21
9 82
2 22
4 97
5 94
3 12
10 77
9 45
5 97
3 80
5 73
8 11
7 67
8 6
5 66
1 8
6 73
6 86
1 76
10 3
8 76
4 45
4 2
3 62
8 93
10 96
4 68
6 1
2 36
4 34
6 66
9 55
5 3
10 91
9 25
10 34
10 13
3 36
10 31
6 64
9 92
8 27
1 25
5 12
2 30
7 50
3 54
4 33
7 25
10 61
3 78
6 48
4 68
2 38
3 29
4 52
6 11
10 74
9 79
8 90
9 43
7 67
4 3
8 70
9 33
2 25
6 31
4 86
4 82
8 7
6 36
7 44
1 9
2 16
2 75
6 77
5 89
8 8
4 60
4 62
6 38
7 62
8 3
1 8
2 65
1 93
9 3
10 89
8 58
7 6
2 37
1 63
5 75
6 9
10 91
6 97
3 44
1 53
8 87
3 57
5 78
7 7
2 71
2 91
3 38
9 19
2 60
2 90
1 17
3 47
4 61
8 67
10 71
3 33
4 82
2 35
8 70
4 14
8 15
8 17
4 46
2 75
1 5
9 87
8 79
3 78
6 9
5 56
3 56
7 43
7 22
9 97
9 96
10 68
4 65
2 29
10 84
2 15
5 79
9 70
6 62
10 60
3 40
4 92
8 57
3 38
4 56
1 82
2 56
3 41
6 63
5 2
3 94
5 66
8 27
7 47
1 4
4 43
4 98
6 54
7 84
5 10
2 99
5 40
9 98
6 15
1 9
3 39
1 39
7 100
3 85
5 90
8 91
1 83
7 46
8 52
4 88
7 48
8 13
4 97
9 2
7 45
8 52
1 58
9 50
6 26
7 9
8 39
1 26
3 83
10 53
3 68
3 61
1 55
10 23
5 82
1 29
1 8
9 44
3 1
4 58
10 84
2 26
2 2
1 97
8 95
2 63
8 51
9 15
7 87
10 16
1 19
9 37
6 94
4 17
8 73
4 40
5 24
7 89
1 26
2 76
3 64
8 79
1 45
2 10
7 77
4 62
6 56
9 40
4 75
4 2
3 62
7 73
9 81
9 65
2 97
8 56
6 69
4 91
10 59
4 63
3 61
9 70
7 41
10 49
10 66
4 84
5 12
9 66
4 32
10 35
8 33
2 3
4 19
9 100
2 15
6 53
4 29
5 31
4 82
6 80
8 15
2 54
8 59
5 82
3 63
1 59
8 99
3 23
3 89
8 49
7 49
7 59
2 60
1 31
4 75
9 49
5 35
3 17
4 7
2 21
9 14
8 13
9 68
3 27
4 55
9 44
7 99
5 51
6 71
4 47
3 56
7 53
4 65
4 89
7 8
6 43
6 51
3 40
6 94
4 11
9 86
5 29
9 60
6 9
4 64
2 34
8 52
6 18
7 69
5 14
9 90
7 64
5 81
8 85
10 86
7 55
4 13
10 21
3 12
8 87
3 91
9 29
7 33
4 22
2 72
4 39
1 48
6 84
6 33
1 71
6 8
8 55
3 77
10 72
8 50
4 10
3 42
4 96
9 53
7 84
9 33
8 13
2 68
8 28
5 61
4 15
7 47
8 35
6 37
3 46
9 40
9 35
1 84
2 86
6 93
9 88
3 41
8 23
7 64
7 30
10 69
8 57
8 49
6 68
3 17
5 94
7 80
1 9
4 54
9 56
7 90
6 50
1 67
6 26
3 65
3 96
10 23
6 48
10 93
5 93
4 14
6 29
7 67
6 16
4 50
6 86
1 2
6 90
10 32
10 54
7 4
8 29
3 94
8 21
1 78
8 90
7 75
7 91
10 5
9 72
9 88
10 52
7 6
3 49
7 66
5 22
5 39
7 45
10 23
6 72
6 34
10 39
2 73
1 23
5 86
1 45
1 99
1 61
8 90
8 94
4 68
2 55
10 63
5 9
7 56
10 100
1 63
6 56
1 59
4 42
5 78
9 31
10 95
5 41
7 81
9 32
9 23
4 73
4 28
8 55
6 1
2 90
6 11
5 57
2 97
8 55
1 37
8 55
10 20
9 22
1 41
10 61
8 30
3 92
3 94
4 77
9 33
4 86
8 24
6 23
8 8
5 32
8 63
7 79
3 36
10 50
7 25
6 68
10 94
7 75
8 60
4 53
3 48
9 99
5 91
9 29
3 47
9 27
9 52
6 29
5 16
6 73
4 64
8 78
3 77
3 14
3 64
4 97
2 90
1 38
9 16
5 22
6 51
4 88
8 63
4 36
2 50
6 73
2 76
8 97
8 62
6 59
8 20
8 80
9 45
7 87
1 63
2 32
3 99
1 36
3 62
9 40
7 93
6 56
2 31
8 95
3 14
3 16
4 74
6 83
10 42
10 21
10 52
10 51
1 71
7 23
7 59
1 18
9 26
2 42
6 42
1 50
9 76
2 93
2 28
8 36
9 91
4 37
7 66
6 13
10 40
4 1
10 28
2 60
8 20
4 36
3 38
3 72
2 49
5 44
7 56
10 73
3 67
2 35
3 59
5 51
2 85
4 93
9 71
1 32
1 43
9 6
9 77
8 36
8 96
5 71
10 40
2 72
10 67
1 50
7 37
5 94
7 31
3 100
5 65
5 81
2 96
4 76
5 68
7 3
3 13
4 90
8 69
1 63
7 98
5 67
2 22
6 81
3 97
5 21
4 10
10 75
3 23
8 69
9 75
7 87
7 45
1 26
8 39
2 81
3 97
6 29
5 40
3 28
4 88
2 21
9 42
1 42
7 42
4 2
5 73
2 29
6 19
3 79
10 6
4 18
4 66
3 2
9 16
8 67
2 86
1 84
2 17
2 38
6 35
4 47
6 92
6 10
10 92
10 9
5 78
6 43
3 24
1 68
4 23
5 26
9 2
4 37
4 47
3 23
1 30
3 87
10 67
10 97
7 99
9 23
7 78
5 54
3 16
8 11
1 31
1 89
7 41
10 53
8 3
5 46
10 34
7 35
5 65
4 66
7 72
2 26
5 84
7 49
8 61
2 60
10 25
9 89
4 58
2 72
9 47
8 10
9 47
5 2
3 76
7 89
6 68
4 90
7 94
8 43
10 28
10 71
6 72
3 85
2 26
10 5
10 97
7 35
8 90
8 33
4 38
9 46
6 94
8 30
8 74
9 28
7 31
3 80
9 10
7 69
7 31
9 50
2 35
10 53
7 70
4 28
7 8
6 6
7 11
6 87
10 66
7 12
7 41
9 34
6 62
4 81
5 36
7 44
2 59
7 4
6 88
2 91
4 78
3 75
10 90
2 88
