8 91
7 20
9 86
7 82
4 33
10 88
5 4
1 36
9 13
6 76
1 44
8 44
2 8
8 79
9 40
8 69
9 42
3 82
7 91
2 22
6 36
4 13
5 89
7 23
9 57
6 76
2 13
3 51
3 14
8 46
4 34
8 88
1 71
10 82
2 40
8 91
5 1
10 58
3 14
2 22
10 43
4 54
2 91
8 35
9 3
5 71
5 31
7 92
7 32
7 26
4 97
7 78
4 31
5 56
9 59
1 11
6 84
1 93
5 59
9 26
3 24
3 47
2 18
1 100
1 50
9 69
8 36
1 34
1 12
2 82
1 29
1 39
4 21
4 57
2 56
6 57
4 45
6 4
7 39
4 92
2 82
5 99
4 28
1 32
2 3
7 32
3 39
1 98
9 8
3 18
4 2
3 31
3 94
4 55
10 7
4 26
2 90
5 12
6 38
2 20
10 35
8 74
7 78
6 99
6 90
8 12
9 34
9 17
1 23
8 97
3 65
2 12
8 99
6 100
2 92
4 57
3 33
6 4
10 97
1 3
2 55
8 83
9 99
5 43
5 36
4 29
6 62
8 63
8 37
10 80
2 58
4 56
2 26
6 10
9 20
6 98
6 35
1 40
4 2
7 36
10 41
8 15
10 89
7 46
1 31
9 38
8 95
1 69
10 24
6 49
6 68
7 15
1 53
1 10
8 86
9 41
9 13
9 39
6 31
8 42
3 11
6 68
2 15
1 91
8 52
8 23
6 76
6 19
9 31
9 84
8 7
10 18
3 46
6 53
4 11
5 35
2 44
1 9
1 27
4 47
10 38
4 26
4 5
4 21
8 72
6 12
9 22
3 14
10 46
5 82
1 73
6 96
9 97
8 97
1 22
5 41
8 10
3 41
2 62
2 10
9 95
4 58
1 11
5 38
1 23
6 12
3 50
10 30
6 80
4 16
5 92
3 8
5 4
4 52
7 99
1 66
2 50
1 36
3 80
8 77
8 83
6 93
2 1
8 53
9 95
6 87
7 66
10 65
4 71
7 8
9 89
3 49
8 15
4 47
8 43
8 93
10 99
1 64
7 15
1 52
3 51
6 84
9 59
7 44
8 45
8 51
10 12
2 98
9 3
7 92
6 80
10 48
7 43
3 93
8 63
7 84
9 97
8 29
10 28
2 24
2 25
8 51
6 26
6 34
2 30
10 86
4 74
5 58
8 55
5 56
6 73
8 73
1 95
9 9
8 64
2 18
3 2
9 51
7 61
7 96
9 44
7 53
8 37
3 89
7 59
2 65
5 58
7 14
4 62
8 28
6 84
4 69
10 53
5 19
3 73
3 93
5 29
6 25
8 94
5 10
2 15
6 41
3 1
7 12
2 82
3 82
3 46
2 39
9 35
8 59
8 37
7 53
7 5
1 66
8 76
3 12
4 39
3 83
4 59
4 47
10 10
6 59
7 89
8 33
8 46
8 83
10 97
5 99
10 60
6 93
4 7
7 13
9 30
2 22
10 23
2 90
7 88
4 76
4 66
5 78
6 79
3 35
3 58
4 20
9 30
5 84
2 60
7 46
7 90
5 8
7 89
7 50
10 87
9 32
10 72
4 88
9 50
9 92
9 79
7 88
1 50
2 85
10 95
3 19
3 85
5 44
8 38
1 50
3 34
7 42
5 20
3 64
2 15
8 41
10 12
8 23
7 74
9 47
2 26
3 15
4 53
2 51
3 77
6 59
9 67
1 12
5 88
7 13
1 13
6 1
2 34
6 60
8 44
6 2
6 76
4 23
10 16
2 15
7 43
9 37
9 92
10 66
8 83
10 77
1 50
5 35
7 41
3 19
1 29
2 86
2 34
1 82
1 7
10 90
10 59
9 88
10 50
4 74
6 78
5 33
2 53
7 64
4 71
2 22
3 41
3 59
8 90
9 89
10 90
7 83
6 65
6 35
10 85
7 45
5 52
7 68
3 65
7 53
7 98
4 99
7 89
1 38
4 88
8 52
3 69
5 98
4 46
4 47
4 97
9 48
8 58
10 8
3 76
9 11
3 46
2 14
9 19
3 50
2 6
6 43
10 48
4 71
8 77
1 31
2 22
7 18
2 3
2 82
1 72
9 76
8 74
3 69
6 99
2 10
8 94
8 81
8 27
9 2
1 71
7 89
3 84
8 82
5 99
10 89
6 26
2 34
9 98
7 26
4 91
8 40
3 4
6 98
3 57
4 31
4 51
6 82
8 79
10 18
6 23
7 46
3 30
5 80
10 63
4 61
10 54
3 31
3 23
9 20
10 72
5 71
1 21
3 57
9 27
5 82
4 94
3 45
1 84
8 98
7 64
8 92
8 100
7 44
5 19
8 97
7 78
5 64
3 94
6 40
8 55
8 76
5 33
3 78
7 40
1 88
8 66
4 69
1 20
3 97
1 89
7 46
2 93
5 12
9 50
4 88
2 9
6 38
8 63
6 40
6 22
6 75
3 60
8 48
2 64
4 100
2 56
3 54
8 51
9 34
3 79
8 100
1 31
7 46
5 48
6 35
2 22
2 89
6 42
7 6
8 50
10 76
10 25
2 18
1 45
7 79
5 55
4 97
3 74
3 86
4 85
5 73
8 39
10 100
3 57
6 39
7 27
9 68
9 43
9 62
5 75
2 21
8 6
5 7
5 91
8 93
9 25
4 4
2 39
2 15
2 76
9 79
1 43
4 47
3 7
2 97
5 17
2 33
5 3
8 14
5 88
9 27
4 93
2 49
3 100
2 78
7 88
6 49
1 42
9 38
2 83
2 32
2 23
5 64
4 6
7 21
6 66
7 81
1 44
3 31
1 56
1 37
6 64
8 26
8 76
8 74
10 34
10 19
9 21
10 45
9 28
10 72
4 45
4 97
6 71
6 35
5 37
8 61
5 4
4 46
2 53
7 44
9 81
4 53
5 55
6 76
6 84
6 45
6 33
8 41
7 40
8 77
3 80
9 20
3 45
10 4
7 37
8 18
7 42
7 91
10 32
5 69
2 90
4 34
4 13
4 63
8 30
1 48
2 1
4 76
10 2
5 25
2 80
7 46
6 17
5 17
8 98
9 24
7 39
8 75
3 23
8 89
7 50
1 29
6 52
3 84
1 20
9 56
4 41
4 95
5 9
4 50
2 15
9 17
6 51
4 58
8 74
6 78
4 22
7 56
4 9
1 84
8 62
5 82
6 94
6 33
1 90
1 99
4 41
9 21
1 32
9 57
10 97
2 15
2 26
10 80
3 4
7 40
8 8
10 71
10 29
6 97
10 77
9 68
4 34
4 27
1 1
4 84
8 65
6 38
1 1
2 22
10 17
5 88
9 43
4 39
7 84
9 13
3 89
3 16
7 79
9 19
6 47
7 41
5 87
8 73
2 99
10 9
6 79
7 37
3 87
2 41
3 17
8 87
5 98
3 88
1 88
8 33
10 4
7 90
2 73
4 70
1 57
8 31
6 28
4 1
6 94
4 82
7 29
8 50
10 93
9 28
3 97
9 77
1 64
3 79
6 92
8 47
5 78
3 46
9 18
6 6
4 74
8 21
3 8
9 42
1 81
7 19
8 22
6 79
7 65
7 46
2 92
2 23
6 46
4 78
5 3
1 87
7 83
1 15
8 18
8 83
4 67
9 62
3 87
2 44
8 97
7 9
1 45
10 70
5 34
5 68
5 49
10 80
1 44
8 76
3 79
7 25
1 58
3 80
7 24
5 62
10 92
2 44
10 83
8 61
3 62
10 100
3 89
6 65
4 29
6 23
7 35
2 20
10 51
10 3
3 40
1 91
9 57
5 60
7 33
1 10
6 20
2 90
4 99
5 83
8 87
1 26
3 9
10 1
5 53
6 80
7 53
4 14
3 84
10 85
3 65
7 87
6 78
6 45
10 63
3 4
1 53
1 58
2 99
9 59
10 68
4 86
9 57
4 15
2 6
10 27
2 81
4 15
9 36
10 94
10 65
7 10
5 91
5 46
7 51
10 77
9 77
3 35
1 81
3 27
10 27
6 25
9 3
5 74
1 57
5 32
4 21
6 20
8 90
8 16
5 39
3 38
6 39
7 56
7 62
9 52
1 41
8 40
2 17
3 24
6 17
9 37
5 38
8 42
6 46
3 40
9 21
8 11
1 74
6 64
10 34
9 52
6 46
6 36
4 20
4 49
4 61
3 94
1 2
1 36
10 13
6 96
6 42
2 73
4 23
3 97
1 34
8 58
3 26
9 24
6 17
4 41
4 84
6 58
9 12
2 59
8 77
9 38
3 54
10 61
5 42
5 48
1 98
3 53
3 35
4 37
5 6
5 49
7 31
2 63
4 67
7 53
3 14
1 70
4 61
8 13
10 10
7 12
8 46
3 40
10 4
1 90
10 88
10 16
7 49
1 62
5 28
4 16
5 87
1 74
8 71
2 67
4 43
1 87
5 9
9 40
1 38
7 24
4 58
10 38
5 78
2 82
9 72
10 98
1 12
9 56
