3 3
6 15
1 49
1 10
5 14
1 43
2 65
10 17
9 44
4 98
8 52
2 61
8 16
2 83
7 45
1 85
4 68
9 88
1 84
4 41
8 62
5 4
10 39
2 16
7 57
9 74
2 74
10 44
9 70
5 57
10 37
8 7
1 94
6 52
7 30
4 93
4 44
7 4
4 21
9 78
7 29
6 51
2 2
5 3
1 37
8 49
6 83
9 81
3 72
6 35
3 8
6 11
7 36
7 41
9 48
5 23
8 63
3 1
7 71
1 21
1 55
9 11
8 39
10 69
6 48
7 17
4 5
10 83
6 38
8 90
3 83
3 90
3 1
7 88
3 37
9 23
2 2
2 80
10 54
6 85
4 64
9 74
8 33
8 36
2 14
3 11
9 70
8 8
2 37
1 100
7 17
2 45
2 84
5 95
7 51
4 53
4 38
4 58
10 85
9 15
8 39
8 5
9 26
10 96
4 1
3 62
8 58
3 94
6 34
7 28
7 62
8 71
5 68
3 98
4 85
10 60
1 11
9 14
2 34
1 35
5 43
1 37
6 84
4 39
4 92
5 15
8 80
9 33
7 59
7 29
3 79
2 30
2 9
9 16
10 43
4 21
10 8
8 92
4 72
5 23
9 54
7 56
4 1
8 71
2 75
8 2
7 17
9 58
8 60
4 86
9 96
10 14
5 32
8 65
6 61
3 24
9 76
7 39
1 56
5 47
1 72
4 23
5 71
3 63
7 29
4 47
9 30
4 65
7 99
7 7
4 80
5 24
1 18
4 5
3 77
3 71
3 50
3 12
2 4
9 47
10 97
2 70
8 47
2 59
1 69
4 95
10 16
4 27
8 44
3 44
8 44
8 15
3 41
8 87
6 32
6 36
9 50
5 20
2 14
10 79
10 1
8 35
8 58
2 50
5 49
2 50
4 74
4 60
9 61
8 53
3 60
2 66
9 81
9 90
7 80
9 10
9 21
3 69
7 69
7 93
9 99
9 30
5 35
7 78
10 45
9 27
3 31
9 14
7 54
4 65
7 12
4 40
7 12
7 55
9 29
2 48
1 100
2 88
7 62
5 57
4 59
10 20
9 1
2 64
2 57
1 56
6 19
5 24
5 61
6 51
10 79
6 70
4 74
4 21
6 35
6 48
8 37
7 40
8 71
8 28
8 29
3 50
9 27
9 83
8 86
1 76
6 18
1 12
3 15
4 7
2 70
1 80
10 37
2 15
1 41
4 49
8 88
4 53
6 59
4 57
3 89
7 22
10 98
3 97
1 68
6 44
10 72
3 69
7 85
4 57
9 70
4 4
1 17
6 13
6 40
4 13
6 31
2 58
2 44
9 14
6 13
10 67
10 89
4 50
8 34
9 35
4 78
2 100
4 55
2 20
9 81
5 92
5 100
9 50
8 40
6 59
7 78
3 91
1 32
10 84
10 60
8 95
6 29
3 10
10 48
6 7
4 83
5 18
9 16
4 12
2 13
10 84
4 27
2 27
1 9
6 42
5 67
7 47
3 64
4 2
2 58
2 23
7 9
4 38
2 31
3 55
6 39
8 4
10 4
1 48
9 21
3 41
7 43
10 26
10 27
3 12
1 26
3 79
5 43
5 41
10 1
5 55
1 70
9 56
2 8
4 63
5 47
10 5
9 64
4 92
5 20
5 19
2 44
1 3
3 98
1 87
2 66
6 52
1 55
7 19
8 89
3 21
5 75
9 74
4 45
6 97
3 26
5 43
6 84
8 15
1 25
3 27
2 53
5 82
3 74
2 34
5 97
3 20
7 10
4 39
8 60
8 37
6 30
10 62
8 34
4 27
7 73
5 86
7 92
10 58
7 66
7 29
5 26
1 26
2 67
6 72
3 87
10 77
9 86
9 42
9 42
3 100
9 77
9 24
4 17
3 90
6 75
5 11
8 50
1 98
9 3
8 91
6 76
9 56
6 78
9 92
6 68
1 8
3 81
8 72
10 86
1 92
10 81
8 45
5 6
7 12
6 77
2 6
10 45
7 14
1 96
1 35
8 39
7 9
3 18
6 43
8 5
5 31
5 9
7 55
7 78
8 81
7 62
3 62
6 67
3 7
4 11
6 44
9 17
9 34
9 67
6 17
3 7
9 11
7 71
7 28
1 2
10 67
7 69
7 62
2 54
1 39
1 12
7 55
10 20
5 15
1 97
1 93
2 24
5 8
2 66
10 61
10 58
9 48
9 30
7 23
7 38
5 82
2 17
7 79
7 50
10 56
9 3
1 88
4 36
8 39
2 98
4 82
3 2
10 11
7 46
6 37
3 27
8 8
7 10
3 57
5 85
4 18
6 53
9 69
2 67
10 10
5 36
6 6
3 98
6 80
4 84
10 95
10 73
1 18
8 58
5 69
6 18
7 3
3 72
1 66
3 9
3 27
1 27
3 74
3 97
7 35
3 52
9 14
7 36
4 35
1 5
6 54
3 57
7 21
10 83
5 48
4 49
6 25
2 67
1 70
6 61
3 92
8 19
6 94
8 4
5 71
6 12
7 69
1 94
8 87
10 83
6 34
8 77
4 56
3 29
7 9
6 12
3 63
8 52
6 22
3 56
1 42
7 82
10 2
3 9
6 97
5 83
1 66
8 75
5 96
3 40
8 80
10 64
7 73
5 60
5 39
3 90
8 40
1 39
7 44
8 94
10 47
4 83
3 17
4 13
3 17
2 13
4 87
10 11
8 21
6 2
4 81
5 28
6 89
8 32
1 16
3 93
2 29
1 100
1 30
5 9
9 24
7 87
7 53
7 82
10 83
3 11
1 15
2 51
2 30
5 100
5 6
1 77
2 76
5 41
6 3
9 4
5 51
7 62
4 79
9 37
9 71
1 58
1 98
3 11
7 86
6 8
2 89
7 4
10 54
8 35
3 77
8 3
9 36
6 3
8 53
7 8
5 21
10 99
5 54
5 64
5 45
4 43
4 10
8 100
3 89
4 41
3 43
5 20
3 94
3 34
5 74
9 23
4 53
6 23
5 86
9 30
4 91
1 90
7 72
7 39
10 32
7 28
8 11
10 52
1 21
6 37
1 71
9 42
5 48
1 53
7 35
5 81
7 28
10 56
8 73
5 95
1 35
1 83
1 10
5 42
9 93
9 71
7 84
4 81
9 100
5 26
8 77
8 9
4 68
6 21
4 70
10 73
7 2
10 82
1 23
5 96
7 15
2 25
10 4
2 23
1 35
2 61
7 83
4 6
3 76
7 62
3 2
9 85
10 26
10 2
4 75
1 5
9 33
7 33
1 8
7 94
3 52
6 54
6 14
6 35
1 94
3 34
9 47
2 95
8 49
5 74
2 70
2 96
3 17
4 54
8 7
8 48
8 99
3 30
10 90
4 70
5 52
4 61
7 26
6 55
10 29
9 2
6 79
9 43
1 66
7 81
5 6
10 94
8 45
4 48
8 6
7 17
9 45
6 20
2 99
7 17
2 13
1 11
9 19
9 24
1 56
6 33
7 53
5 21
3 40
3 21
10 43
5 98
9 93
1 3
9 53
8 81
7 73
9 100
6 46
9 16
8 75
5 27
9 8
5 59
10 46
5 56
2 84
9 27
8 80
9 36
8 33
2 78
2 93
2 2
5 39
5 92
4 16
2 70
4 6
1 97
8 41
4 81
9 18
9 53
10 23
5 33
5 26
4 78
4 69
8 24
4 23
8 26
5 25
5 98
2 44
1 79
9 75
5 61
2 25
6 84
2 52
2 38
9 17
2 31
6 78
6 99
6 74
8 27
10 36
4 68
7 1
9 17
1 31
8 47
3 45
5 28
8 97
4 14
1 62
2 54
5 35
4 34
3 23
10 19
6 43
3 11
1 30
6 22
5 18
10 12
5 93
3 73
10 17
6 17
3 80
9 76
7 75
3 45
10 67
5 94
5 64
1 32
9 51
4 12
9 22
10 67
1 58
7 75
5 92
3 32
8 72
8 87
2 88
8 5
2 82
3 27
7 7
8 66
8 91
8 78
10 5
6 69
7 35
4 97
10 14
3 10
5 90
7 8
10 17
5 81
9 59
1 12
10 86
5 89
1 47
6 79
8 33
1 17
3 45
5 1
9 72
9 100
1 34
2 99
3 7
4 18
4 35
9 43
9 90
9 38
1 95
2 1
3 20
2 63
10 44
6 26
4 8
7 13
3 27
10 39
1 64
1 75
1 74
7 74
3 84
6 72
6 95
9 46
4 5
5 96
9 24
1 39
10 56
1 37
8 37
10 6
8 86
4 64
7 95
6 43
4 35
3 48
6 22
1 71
3 92
4 15
4 84
5 73
5 47
7 1
1 86
1 19
7 36
3 62
7 51
1 91
10 55
3 57
10 84
6 24
9 6
9 32
3 60
4 16
4 53
7 48
3 16
5 29
2 81
8 12
9 6
1 27
6 64
4 35
2 67
7 21
3 29
6 72
7 78
6 13
5 14
7 39
9 80
3 78
5 40
5 83
5 15
