4 10
4 46
8 17
8 59
3 63
7 92
4 85
9 10
9 98
10 8
9 4
5 77
10 53
10 5
3 50
2 88
5 74
7 82
6 98
6 30
5 28
10 50
5 86
8 99
6 61
10 26
7 92
7 71
4 71
9 15
7 28
6 90
1 93
8 39
1 72
4 96
9 53
10 25
8 30
4 60
7 53
8 75
7 6
6 99
2 68
4 33
7 7
4 7
5 35
9 41
1 16
5 22
4 2
2 79
5 17
10 58
9 38
7 47
1 80
8 12
7 38
2 8
10 70
1 15
8 96
3 56
10 13
4 72
1 67
8 63
6 17
9 89
6 68
1 7
9 58
1 59
4 74
2 86
9 97
6 70
7 12
8 65
8 28
3 61
10 99
3 5
4 68
1 24
3 59
4 57
3 7
6 88
7 68
2 49
8 61
1 99
4 31
2 62
7 24
5 10
5 52
1 41
1 14
2 44
4 63
5 47
4 19
10 6
1 16
4 35
2 17
5 67
7 1
8 1
5 2
10 67
9 45
10 39
4 22
7 89
4 31
10 100
8 67
10 10
2 42
6 42
9 94
3 13
5 25
1 77
2 8
4 99
9 45
9 27
7 32
7 82
8 1
9 72
10 22
6 24
1 54
9 61
6 35
7 7
2 21
1 10
2 49
10 43
8 77
10 58
3 57
1 48
9 15
7 87
6 44
6 79
3 40
2 4
1 28
1 38
4 7
6 53
6 50
1 51
8 38
10 35
4 48
5 59
8 47
1 6
2 50
10 32
9 92
5 56
9 42
4 77
4 36
3 40
6 77
2 58
2 2
9 58
6 18
1 26
8 75
10 51
10 23
10 27
8 58
4 59
10 17
3 62
10 13
7 1
9 62
9 37
6 70
3 55
8 70
6 70
10 72
3 96
9 8
10 59
7 37
8 95
10 71
2 50
1 96
9 79
1 16
2 20
9 14
5 14
4 44
9 99
5 22
4 44
5 72
7 65
7 95
3 38
7 54
2 8
10 50
6 62
9 79
10 26
7 22
10 55
3 25
4 76
8 5
5 11
7 24
5 73
2 66
9 38
7 54
7 69
6 23
7 94
9 88
2 88
1 73
4 63
1 100
3 94
3 81
2 73
4 2
7 42
2 39
6 6
6 30
1 65
5 71
10 91
9 78
7 41
8 29
3 88
6 42
3 13
9 62
9 42
2 85
6 33
2 38
6 11
6 26
2 80
7 73
9 77
7 61
5 62
9 45
8 88
2 38
9 96
10 8
7 27
9 15
8 85
4 91
5 35
3 95
8 37
5 23
2 13
5 46
8 71
1 4
5 10
4 36
3 88
7 2
4 14
7 32
6 83
6 50
7 80
9 64
3 48
2 72
3 94
7 9
3 32
5 12
7 74
10 5
8 13
2 90
8 25
2 84
6 67
9 19
8 96
10 93
1 99
3 95
4 88
7 77
7 60
6 23
4 61
7 48
9 78
8 6
8 15
8 100
10 85
3 30
2 13
10 99
2 48
5 26
1 63
1 66
6 88
5 30
8 73
1 26
6 52
5 80
1 76
1 32
8 32
5 47
9 70
10 54
8 16
4 83
5 19
9 64
6 35
7 73
4 68
4 54
1 86
6 50
7 45
3 2
4 93
8 97
5 27
2 96
6 26
4 87
2 80
9 76
10 39
9 20
9 72
10 88
9 21
3 21
8 4
10 84
2 83
5 50
9 9
3 43
8 87
2 18
6 67
3 18
3 25
2 15
3 95
4 41
5 77
7 97
8 7
3 42
7 3
1 48
7 82
9 35
1 51
1 4
10 62
5 24
5 4
4 50
4 92
6 48
1 34
7 18
2 28
5 31
4 81
1 12
9 68
1 43
10 81
8 9
9 71
9 92
3 62
6 1
1 72
7 90
10 51
6 60
9 85
4 19
2 9
2 87
6 90
7 63
5 54
1 45
3 9
6 2
4 8
4 44
6 41
10 42
8 21
1 19
7 9
1 87
1 18
1 99
7 100
4 20
8 46
7 44
8 44
2 69
4 25
9 70
1 69
5 64
7 3
3 14
8 12
6 70
9 64
9 81
4 42
5 53
2 64
10 37
8 69
6 69
7 86
9 49
7 66
2 65
3 14
3 75
7 15
4 41
10 77
1 85
9 4
10 71
8 89
2 58
4 14
5 59
10 71
1 35
1 46
7 25
1 30
4 36
1 68
9 43
1 31
2 23
2 95
5 81
2 8
10 53
5 65
3 98
4 71
8 13
7 44
8 14
6 47
1 43
6 89
4 48
1 39
1 50
6 5
10 35
3 3
2 56
7 92
9 23
7 43
5 52
5 64
7 50
5 8
4 86
2 33
7 25
3 8
3 12
10 64
3 10
6 32
2 29
4 1
2 49
8 15
1 82
10 59
8 33
9 93
8 66
9 36
4 37
8 63
4 96
2 19
2 49
5 15
5 9
7 47
8 85
4 91
9 40
6 3
5 70
10 24
7 75
10 94
3 33
10 96
7 37
6 94
5 89
3 69
10 32
3 59
5 93
9 38
6 46
7 66
10 33
1 7
4 13
4 63
4 84
7 74
6 96
5 5
1 93
6 42
10 54
3 91
9 76
1 92
7 20
1 39
6 7
4 83
7 76
7 88
7 63
1 70
4 78
4 24
9 69
10 42
2 47
6 68
8 79
3 51
5 61
8 41
2 67
10 35
1 20
1 3
2 52
1 12
7 5
7 68
1 66
4 20
10 7
3 79
8 40
2 97
5 7
7 47
6 41
10 64
3 57
3 30
5 14
6 55
8 22
6 80
8 23
7 5
8 69
4 43
1 7
2 10
4 84
7 26
1 22
2 70
2 11
3 72
8 82
7 52
8 29
3 76
1 9
2 81
7 99
10 32
4 91
6 40
6 26
9 63
1 82
7 96
2 25
1 21
6 10
10 75
6 42
5 64
10 31
7 15
7 71
3 70
10 32
9 72
6 3
2 51
9 67
3 99
7 69
9 9
7 6
3 19
3 1
5 40
8 9
8 96
4 7
5 93
5 83
3 89
10 32
4 93
9 88
8 51
2 37
9 17
8 49
4 9
4 85
1 28
7 84
4 55
9 17
8 70
10 67
10 77
7 50
1 92
10 22
4 83
4 22
3 79
7 19
5 37
4 40
7 4
9 88
10 97
10 14
3 36
5 64
7 97
5 51
6 3
8 83
1 28
5 8
7 53
2 97
10 10
10 64
6 41
2 43
4 30
10 47
3 10
7 99
3 65
9 16
3 95
1 35
9 74
1 95
10 26
4 66
8 73
1 91
2 6
8 35
9 37
10 22
6 98
4 63
8 24
7 25
4 61
5 96
3 84
1 51
5 86
7 10
9 37
4 91
7 75
7 60
4 12
5 75
7 43
1 77
8 47
10 29
6 82
2 17
6 71
6 76
3 45
7 38
2 4
2 18
6 40
5 29
7 76
9 76
10 6
2 12
10 54
10 66
5 4
10 47
7 94
7 18
5 99
6 66
6 8
9 30
10 49
10 22
10 12
10 60
3 97
1 5
5 40
10 51
1 61
7 48
2 63
4 33
4 69
5 28
9 41
2 4
1 35
2 40
10 82
5 15
9 90
8 59
2 54
9 43
4 96
5 72
3 96
8 52
2 14
5 46
8 88
5 56
9 4
1 94
10 55
9 4
6 31
3 46
3 71
8 76
8 17
8 93
2 57
7 53
9 17
2 64
5 73
1 34
9 2
1 64
8 82
5 13
5 82
2 71
8 4
4 8
9 69
2 18
8 87
2 66
10 20
4 1
8 84
2 97
10 64
8 79
6 68
10 56
6 10
9 41
8 29
3 100
10 26
3 76
4 58
1 1
4 3
9 29
1 12
7 71
4 38
2 23
7 93
4 2
5 60
8 76
8 98
9 48
7 14
8 57
7 86
1 12
9 72
9 5
4 6
9 99
9 72
8 2
10 84
5 52
10 26
5 97
1 42
3 52
8 39
9 73
8 6
9 68
9 4
7 76
5 53
1 100
6 42
6 11
8 94
6 96
7 5
2 84
9 34
3 92
5 99
5 54
5 7
2 29
4 32
4 95
7 70
9 100
1 5
9 87
5 11
8 71
1 50
7 24
8 9
9 84
3 13
1 55
8 36
4 11
3 99
6 21
9 13
9 89
4 95
6 68
9 86
6 85
7 96
7 45
9 40
10 92
9 74
7 1
3 98
1 6
3 44
4 6
10 9
8 24
4 58
5 5
3 52
10 61
2 91
10 99
2 59
8 28
7 16
8 18
5 45
2 74
8 17
4 27
10 8
9 5
10 53
1 7
2 41
1 37
8 71
7 59
2 2
10 99
6 65
5 62
9 93
2 90
3 62
3 71
5 39
4 32
2 96
5 97
8 52
10 76
8 56
10 25
6 44
2 7
6 95
10 52
6 77
7 52
4 93
7 87
3 57
3 53
10 100
7 8
1 74
6 9
3 51
2 64
6 49
3 70
1 20
3 80
6 14
