7 26
2 79
7 88
1 35
3 93
8 71
6 8
5 57
4 49
2 9
9 59
9 52
9 10
2 59
6 69
5 33
5 40
5 18
10 37
9 70
6 96
9 22
5 23
4 5
4 28
3 6
2 32
10 46
7 5
4 18
7 36
2 16
7 8
4 67
8 31
7 96
9 36
8 39
7 74
3 23
3 84
5 15
7 68
6 26
1 95
9 14
9 28
9 81
7 13
2 73
6 35
7 87
1 72
8 11
9 40
8 70
3 53
8 64
3 29
1 28
1 87
3 11
8 41
1 30
4 68
2 9
4 85
2 46
9 13
2 89
10 77
7 62
8 52
7 48
10 49
2 25
8 89
6 44
3 30
4 90
10 35
6 39
10 17
10 1
5 14
4 75
7 96
9 35
8 96
4 4
5 22
6 59
6 38
10 38
8 21
4 2
10 74
10 10
9 94
1 64
2 3
2 74
6 42
7 65
6 6
7 32
2 46
7 44
7 41
10 9
7 100
3 72
4 84
8 3
10 34
10 3
6 33
3 41
2 84
7 21
2 81
10 75
2 46
7 99
6 22
2 44
10 28
2 82
8 49
4 78
2 20
10 63
7 35
8 34
5 16
9 13
1 22
9 70
7 54
7 32
1 78
7 88
1 85
10 34
5 54
6 38
2 35
5 54
3 30
5 94
8 83
8 23
5 4
4 29
10 78
3 23
1 53
2 1
1 76
3 26
7 62
7 28
4 85
5 42
10 29
9 68
3 61
6 86
5 7
9 47
7 66
7 45
2 10
5 54
10 35
5 37
3 69
1 84
6 92
7 10
8 73
1 77
7 2
7 94
1 8
8 53
6 14
10 92
4 25
2 16
4 82
10 19
8 16
7 1
3 1
5 10
9 48
1 29
7 94
8 19
9 10
3 78
4 77
6 98
3 42
2 31
2 35
7 37
10 67
4 44
2 21
9 86
3 21
1 52
8 89
2 38
3 89
5 8
3 9
3 94
3 22
10 22
3 9
5 57
9 64
6 32
4 94
2 59
4 81
2 49
3 78
1 33
7 94
10 24
9 17
7 36
8 73
6 94
8 80
10 5
1 85
4 42
5 65
1 7
10 87
3 32
9 55
3 10
5 93
3 65
9 36
8 96
1 74
5 59
3 43
9 44
2 82
8 90
4 9
2 16
5 52
10 71
3 66
3 20
3 32
5 73
6 79
6 26
6 25
4 16
5 75
4 54
2 70
7 48
9 12
1 85
5 38
1 76
2 5
7 99
5 41
2 77
6 99
8 55
6 42
7 98
3 49
1 3
5 1
4 83
1 61
3 38
8 80
5 4
1 78
9 39
9 100
10 84
9 22
6 89
1 70
10 24
8 87
7 83
5 40
10 100
2 43
2 51
3 79
5 30
7 38
8 97
1 56
6 44
8 13
4 2
3 57
6 31
6 82
8 47
10 58
10 66
5 56
2 84
2 26
3 11
7 69
1 39
5 45
9 38
3 32
8 21
5 86
4 35
1 62
7 81
1 60
10 50
5 14
6 14
10 34
4 51
1 3
10 95
7 64
6 53
8 47
3 70
5 17
2 40
8 7
2 63
3 1
2 24
5 71
3 95
10 14
1 61
6 76
3 24
5 56
3 99
4 37
4 1
8 95
1 81
8 57
9 88
2 41
2 36
4 97
7 9
6 94
10 30
4 24
9 46
4 94
10 77
1 32
1 11
1 55
4 47
10 44
5 16
1 13
1 53
7 13
8 35
1 55
2 30
10 19
2 45
8 61
2 58
10 59
5 34
10 9
9 61
7 92
3 71
6 92
3 80
5 79
1 81
10 84
9 36
6 32
9 77
6 53
4 27
9 73
8 96
1 18
2 60
2 8
5 93
8 55
1 68
9 51
10 52
1 2
1 81
5 61
6 2
3 15
8 12
4 95
2 44
4 45
4 60
8 86
3 79
5 81
1 86
2 77
8 14
8 28
8 69
4 12
1 73
7 2
4 36
2 78
2 50
9 3
10 61
7 36
10 96
2 50
4 62
4 17
7 33
7 42
10 35
10 51
7 53
5 23
6 72
3 88
5 78
2 83
4 70
7 3
8 79
1 67
1 79
8 10
1 87
2 97
3 64
7 64
5 26
6 57
2 88
9 6
3 36
3 14
4 51
3 96
10 6
2 51
2 78
2 58
7 94
7 76
6 31
9 44
7 96
6 60
6 80
9 48
4 81
8 11
1 18
9 5
10 37
7 95
10 67
1 99
10 81
10 100
8 34
3 19
7 31
9 41
3 67
6 14
9 15
5 66
10 93
8 35
6 46
8 18
1 13
1 11
10 73
6 36
5 26
6 21
10 43
1 67
2 85
5 88
4 80
8 12
4 33
10 22
3 30
9 88
10 49
3 56
5 96
4 48
9 2
6 86
8 13
6 7
1 64
7 30
7 51
7 28
5 17
10 73
6 82
6 42
3 99
9 83
4 76
2 93
10 72
5 50
3 40
10 92
10 98
2 19
5 24
9 82
9 90
4 82
7 57
5 31
6 62
7 52
3 3
9 26
2 53
2 81
6 8
9 67
10 7
1 29
7 43
4 3
1 28
1 20
10 99
4 48
3 31
6 95
7 55
2 48
1 45
6 54
10 61
6 6
4 73
4 66
3 45
1 42
4 98
8 54
2 72
5 36
5 66
8 52
8 27
9 86
6 55
8 51
1 99
8 84
9 94
4 80
7 16
8 76
3 57
8 46
1 32
3 8
5 38
3 95
4 79
7 8
4 92
6 66
9 90
3 34
3 94
8 41
5 82
4 28
2 29
2 62
1 63
8 87
4 4
6 36
4 72
6 39
9 27
1 88
7 86
10 87
4 34
1 94
8 66
5 43
5 29
9 75
9 14
5 57
9 72
8 66
8 32
10 66
7 93
5 26
5 68
6 36
9 42
5 71
3 60
7 84
9 22
4 90
4 80
8 43
10 21
1 19
3 77
1 18
3 90
3 18
5 95
9 31
5 22
3 92
10 80
4 23
10 100
2 77
6 92
10 84
2 8
5 77
10 69
5 94
6 81
9 41
1 79
4 11
4 49
6 9
7 35
8 65
9 38
4 69
9 17
5 56
1 52
9 54
7 22
8 55
3 8
10 43
1 12
3 41
5 96
9 42
1 63
1 5
9 89
2 38
8 40
10 76
10 55
5 12
2 27
6 44
4 76
1 72
7 70
8 64
10 35
3 78
1 2
9 72
2 48
6 79
1 22
4 3
6 59
7 60
3 65
1 17
9 16
9 99
5 26
5 41
1 29
9 91
3 71
4 5
5 41
7 22
4 48
7 30
3 44
10 86
5 10
7 67
5 78
9 18
5 26
8 18
6 39
4 15
7 22
10 20
2 54
5 46
4 68
7 68
6 39
2 66
9 4
4 49
9 35
10 40
5 88
1 22
9 80
9 76
5 71
9 66
10 95
10 30
10 20
6 22
5 48
4 64
7 29
6 99
3 78
3 24
3 55
10 75
10 93
3 40
10 46
3 46
3 49
8 56
8 19
10 55
5 99
4 4
9 3
1 46
8 72
3 55
5 27
3 57
7 2
5 36
9 52
10 53
6 64
10 30
2 29
5 47
3 51
3 37
9 61
5 45
4 37
3 94
8 44
6 88
4 63
4 9
2 67
3 10
10 28
10 97
3 74
1 47
2 85
9 29
10 27
3 21
7 16
4 79
10 38
9 85
7 15
5 5
3 49
2 29
1 28
2 25
5 99
7 62
7 48
3 82
1 62
3 45
3 54
7 15
5 14
10 56
1 3
7 29
1 73
10 19
2 5
9 2
5 34
10 93
6 25
6 46
6 44
8 38
4 7
6 42
4 67
1 7
2 38
6 28
3 35
5 16
1 34
4 84
10 77
6 51
5 28
3 3
2 47
8 31
10 26
6 56
4 48
3 17
9 25
9 24
1 75
8 10
8 9
4 95
3 99
4 88
2 45
9 94
9 82
10 68
6 12
1 49
9 19
4 87
1 92
2 44
3 26
7 99
4 79
2 23
5 88
9 93
8 15
1 63
1 37
4 62
1 53
8 60
1 35
1 63
6 75
6 83
9 30
10 95
10 27
9 68
1 8
3 41
9 74
8 50
9 48
6 96
10 16
3 55
10 37
10 21
8 9
3 35
10 85
7 21
3 75
6 53
8 44
9 45
10 8
7 59
1 55
6 23
7 2
9 77
7 63
4 27
4 22
2 42
7 46
1 69
5 24
8 12
1 22
7 76
7 87
3 98
6 31
8 2
6 23
3 21
5 71
7 32
5 100
6 62
10 13
3 4
10 1
2 3
3 60
3 98
3 56
6 23
6 6
8 65
7 2
4 68
8 32
8 97
1 21
10 9
3 82
7 85
8 59
10 55
6 89
9 24
5 50
5 46
7 30
6 37
9 68
7 19
10 77
10 96
9 50
4 56
10 25
1 8
7 54
9 33
7 53
9 29
3 30
10 78
2 98
4 41
1 36
1 16
6 81
