9 51
5 16
8 7
2 46
4 41
9 69
8 67
10 20
8 99
8 44
10 67
6 39
7 37
7 45
1 74
7 49
4 41
2 61
1 15
3 95
8 3
6 26
9 94
2 25
8 81
3 43
8 50
8 51
2 24
7 74
5 21
1 99
7 55
4 87
8 73
7 72
2 81
6 92
9 27
8 86
5 47
3 65
7 76
7 44
4 29
3 55
10 6
8 45
10 64
6 99
2 76
5 60
6 42
7 89
3 43
10 97
8 51
5 78
1 25
7 56
2 16
9 96
1 66
1 1
4 63
2 51
9 9
5 47
5 80
9 4
7 57
9 95
4 23
10 19
9 26
7 97
6 16
9 34
2 71
2 19
4 86
8 73
10 96
4 15
1 29
7 49
5 58
2 3
8 49
2 51
1 67
8 68
2 75
4 76
5 81
2 84
1 59
3 75
4 31
6 74
3 90
8 64
5 81
1 19
4 71
1 9
5 95
1 32
1 68
3 49
10 38
10 72
10 7
6 75
7 4
8 73
8 31
3 69
1 71
7 20
1 18
9 59
1 78
1 62
3 70
6 27
9 33
4 99
6 75
5 12
9 39
10 7
5 40
9 57
5 67
6 37
1 62
3 41
3 65
2 2
9 47
7 89
1 99
10 32
6 53
2 63
2 62
5 77
1 29
3 83
1 85
4 31
5 52
2 37
1 87
6 95
7 69
3 59
1 66
7 28
3 90
10 86
2 64
4 59
3 66
1 14
6 78
3 86
7 65
6 80
3 64
1 42
10 26
3 46
7 98
2 3
4 89
3 67
9 22
1 72
10 75
5 52
5 37
7 9
6 52
1 15
5 77
2 7
8 60
3 32
4 97
9 60
4 100
3 92
7 18
1 73
3 59
8 24
2 74
2 61
9 84
2 9
1 1
6 61
6 36
3 95
3 42
1 12
6 38
7 75
6 20
6 74
9 28
3 3
6 94
1 62
5 41
7 86
1 77
6 81
7 50
9 66
2 78
3 66
9 51
4 63
2 55
10 42
4 24
6 31
5 92
1 3
2 86
2 74
3 24
4 75
6 6
8 1
10 51
9 31
6 22
4 80
2 7
2 46
1 89
7 50
8 53
3 33
10 33
10 97
4 34
8 18
9 84
9 76
3 53
7 59
1 12
5 39
3 45
5 62
2 65
9 54
5 20
1 80
6 76
8 43
10 28
8 19
2 91
6 71
7 43
2 98
5 90
6 86
7 20
8 65
2 13
2 13
9 58
1 23
5 20
10 45
8 30
6 86
3 45
7 71
5 93
1 87
6 98
9 59
9 12
7 68
3 53
6 26
2 98
6 87
4 1
6 2
4 50
6 74
4 80
1 82
9 4
8 7
1 57
10 16
9 38
8 66
2 69
2 26
2 24
3 24
8 76
1 30
9 58
7 56
10 54
8 46
2 95
10 69
2 71
7 63
5 93
9 81
8 89
5 87
7 77
8 53
9 91
6 81
1 38
1 39
6 13
8 70
2 62
9 66
6 96
2 64
6 78
6 23
10 77
5 10
9 76
1 3
1 18
5 87
3 89
7 29
7 10
9 10
5 26
10 66
10 76
5 1
2 92
5 48
10 56
2 88
6 38
9 26
7 43
10 8
6 75
2 31
2 46
7 23
1 22
2 8
7 95
6 67
6 24
7 29
8 40
7 20
2 10
1 17
5 33
6 65
6 61
10 100
6 91
10 11
10 99
9 90
4 28
5 55
4 5
10 70
1 48
8 70
5 24
9 1
8 36
3 88
3 82
2 38
9 46
6 43
3 60
1 69
10 81
4 79
8 47
3 51
6 63
8 86
9 45
4 77
10 55
7 23
3 19
8 62
6 82
9 76
4 50
7 100
8 16
9 37
2 15
7 83
8 2
9 88
10 92
3 75
8 44
9 69
6 58
6 48
2 1
1 77
8 48
8 29
5 63
2 28
2 68
2 31
6 6
1 89
9 10
6 28
8 33
2 42
4 90
10 87
8 6
2 74
5 34
2 32
4 20
2 33
8 39
10 34
2 49
9 67
8 14
5 3
3 71
10 30
9 5
2 16
2 69
2 43
3 57
6 15
7 8
3 58
2 38
4 21
2 20
10 32
4 76
3 46
4 22
3 98
8 79
8 54
9 17
8 25
7 76
6 84
2 35
3 60
7 92
3 4
3 71
4 47
1 1
5 30
4 42
7 48
8 52
3 26
5 63
10 86
5 19
7 11
8 25
9 12
9 43
9 7
10 38
9 80
2 69
7 39
3 79
7 42
5 41
4 28
3 60
6 88
2 91
2 54
9 66
4 5
9 59
5 13
4 76
10 15
3 38
2 24
1 9
4 7
10 2
2 87
10 90
7 34
1 8
9 51
5 66
6 47
1 44
6 63
3 79
1 9
7 70
2 66
7 84
4 7
6 37
5 81
7 38
4 96
4 12
10 6
9 77
3 98
8 91
8 4
2 42
10 84
5 33
10 68
10 20
1 70
5 29
1 7
7 100
5 26
8 54
2 33
3 22
1 98
10 60
6 9
6 20
6 26
5 6
3 75
10 96
10 5
6 83
6 8
8 52
4 12
10 91
10 86
8 59
7 76
2 46
8 34
10 46
6 82
5 61
5 91
7 50
2 78
3 49
3 74
10 46
7 98
2 73
3 49
9 18
10 14
5 97
6 38
10 17
10 92
9 31
7 83
4 20
1 55
2 91
7 90
4 86
3 5
8 92
7 64
1 5
6 34
7 57
8 22
4 95
8 24
1 7
9 72
8 99
9 7
3 48
7 47
8 23
1 76
6 50
10 80
7 18
9 95
3 39
4 94
9 1
1 10
3 33
7 46
4 76
8 22
2 80
10 10
8 19
3 67
2 66
1 72
10 10
10 57
10 63
6 77
10 91
9 71
3 26
8 41
10 89
9 68
9 67
4 23
7 44
9 46
9 37
1 86
9 49
9 56
4 56
5 28
8 89
4 34
9 93
7 68
1 31
1 5
10 94
5 5
7 100
4 13
2 85
6 15
1 7
8 57
5 86
5 67
2 11
1 66
7 11
6 19
9 90
6 54
7 21
3 97
1 97
3 68
3 70
6 39
3 88
7 94
3 26
7 53
3 37
3 73
10 23
10 28
8 13
10 57
2 51
1 51
10 24
2 88
9 26
7 45
8 100
2 69
8 91
10 19
8 66
8 82
2 86
2 89
1 50
4 16
7 96
8 2
9 57
1 20
3 32
1 26
7 7
7 17
9 13
8 69
9 32
2 78
4 39
6 38
8 16
8 98
4 21
9 95
10 32
8 27
7 81
4 93
7 80
6 74
5 41
6 14
8 53
10 79
2 78
5 61
7 86
10 27
9 93
6 46
7 17
8 95
4 3
3 72
9 29
6 88
4 66
9 95
2 79
8 71
9 32
5 88
9 70
4 3
4 4
9 62
7 12
10 44
4 78
8 16
9 20
8 7
5 81
9 12
5 36
5 20
3 64
5 20
3 94
8 43
7 11
10 28
9 21
6 60
9 53
2 56
8 50
3 32
3 21
2 72
4 57
6 56
2 18
8 60
6 83
2 49
5 89
9 59
6 27
8 16
8 52
10 54
6 32
8 17
8 23
7 28
1 74
9 14
5 47
9 61
7 58
8 75
4 3
2 97
1 20
3 77
1 96
10 59
9 36
6 60
1 25
7 24
1 83
8 79
8 23
1 22
9 97
6 80
7 48
2 72
10 42
3 90
1 48
9 54
4 19
5 44
10 42
8 19
4 76
5 53
4 81
3 17
5 97
8 100
1 97
7 44
3 31
8 99
8 28
4 12
5 45
8 93
9 63
7 74
3 45
9 1
9 17
8 12
5 90
6 67
10 29
6 18
7 73
3 56
6 69
1 1
2 74
3 99
8 95
4 96
9 5
6 20
3 87
1 19
8 95
8 37
10 64
6 46
9 69
5 57
9 58
6 21
2 13
10 59
8 59
9 87
3 90
4 1
8 76
8 43
8 2
5 55
3 67
5 40
10 95
2 70
5 48
6 19
10 48
8 83
7 45
10 37
8 11
5 64
9 80
5 96
10 66
3 35
6 69
10 15
6 83
6 32
1 50
6 75
3 6
7 5
8 72
7 58
1 87
5 9
4 34
3 78
2 82
4 99
6 54
9 32
6 53
10 2
7 29
2 71
2 70
2 24
5 97
10 67
1 55
6 32
8 22
10 12
7 60
7 94
9 19
10 26
2 5
3 20
8 96
8 9
10 65
3 4
8 31
2 36
7 84
9 34
9 20
1 3
3 30
7 88
3 84
9 43
9 10
5 82
2 3
3 90
2 52
4 29
2 55
10 97
8 68
6 17
1 30
9 39
7 13
10 2
1 35
4 96
9 70
4 20
3 31
6 37
6 97
10 96
7 100
1 37
1 92
7 87
1 93
4 79
9 53
2 2
10 83
1 44
7 79
7 82
10 75
8 11
2 25
6 95
4 22
1 29
9 4
4 55
3 95
3 24
