6 79
3 9
3 48
10 56
4 35
10 33
1 87
10 15
8 9
10 82
1 22
10 85
5 54
9 89
2 33
4 22
4 38
7 97
2 95
5 70
4 33
5 85
4 1
2 25
2 51
8 85
2 27
3 63
1 70
4 21
6 47
1 34
10 92
1 79
1 51
3 16
2 71
9 11
2 60
5 48
7 74
9 82
10 31
7 50
3 11
1 22
4 38
3 5
7 81
1 57
2 89
2 74
2 81
1 87
2 63
7 75
10 98
8 3
10 83
4 43
7 15
7 2
6 33
3 30
3 65
3 49
9 68
7 59
1 31
5 5
10 19
8 28
2 99
8 35
2 7
9 37
8 40
10 99
7 4
3 86
4 12
2 86
3 93
3 20
3 28
3 14
4 98
4 44
8 49
1 46
7 97
5 49
9 67
6 64
10 12
4 61
5 85
6 32
2 11
10 24
3 42
1 16
6 8
10 78
7 92
7 96
1 12
6 83
10 68
4 53
5 80
10 34
2 46
4 12
7 30
8 76
3 91
8 53
3 56
5 56
10 95
9 5
7 89
1 34
5 63
2 34
7 1
3 6
2 18
8 12
5 83
6 68
3 65
5 4
10 10
9 95
1 80
8 22
9 86
7 7
1 56
1 52
7 54
3 85
2 28
4 38
10 45
7 43
8 94
6 97
1 71
4 42
2 17
4 46
5 67
8 90
1 54
3 37
3 47
10 50
7 33
7 100
1 57
9 22
6 59
5 56
4 66
1 62
6 15
7 56
5 78
10 15
8 23
6 51
5 93
8 98
8 98
8 44
1 54
9 25
7 8
8 65
3 75
5 99
7 15
9 38
2 30
2 69
4 14
3 13
6 39
4 60
10 93
1 17
8 40
10 55
2 97
10 49
8 59
9 88
5 79
1 12
4 36
1 44
2 34
3 55
5 46
9 90
4 55
8 36
8 88
8 37
10 58
4 75
6 58
9 47
7 88
2 16
8 42
7 30
4 48
8 73
2 53
3 74
1 56
8 27
5 13
9 59
8 15
8 86
2 70
3 57
1 38
2 91
7 52
9 97
5 5
6 92
5 56
10 72
8 44
5 24
7 80
6 17
9 44
7 92
2 41
6 25
10 36
7 26
1 25
10 33
7 95
10 94
2 28
4 89
2 42
10 37
6 88
2 30
1 92
1 44
9 67
1 45
9 44
8 32
9 41
6 8
5 59
10 45
2 80
9 1
4 8
1 40
4 34
7 38
6 65
10 67
4 31
10 73
5 81
5 53
3 89
5 4
10 53
6 92
7 85
1 24
9 17
10 12
8 60
8 30
9 29
3 75
3 41
9 83
1 14
6 1
1 60
6 1
9 13
1 7
10 78
3 97
10 92
6 1
1 21
8 54
2 10
10 62
5 98
9 45
10 77
1 8
5 14
2 61
3 99
6 50
1 35
4 49
1 71
3 52
5 90
1 6
9 14
10 86
4 37
1 7
4 44
6 22
5 8
9 41
7 62
1 85
5 61
6 23
9 60
6 95
3 89
9 97
1 18
7 17
2 19
1 67
9 61
3 68
8 53
1 8
8 56
8 9
2 64
5 48
10 80
6 68
5 98
3 60
10 50
3 62
7 95
6 51
7 22
6 97
6 70
9 52
3 76
10 32
2 50
6 16
8 43
5 17
2 88
2 79
9 94
9 6
7 77
5 27
2 44
1 45
4 30
10 26
7 25
4 76
9 29
4 95
6 73
9 52
8 99
10 1
5 22
2 71
2 14
10 57
9 59
8 96
7 42
9 54
5 72
2 76
1 9
6 4
2 70
4 40
2 32
1 27
3 34
10 10
6 77
8 23
3 27
1 98
3 81
2 99
2 82
8 88
6 5
6 79
4 2
1 74
6 30
2 89
8 38
5 64
3 19
7 57
5 39
2 19
9 55
9 6
4 85
4 72
10 73
10 54
7 41
5 60
2 22
4 54
7 21
2 24
1 75
7 48
5 29
10 76
4 65
3 22
8 30
9 49
1 10
7 11
6 87
6 12
2 18
6 59
2 17
1 50
4 93
4 48
4 24
5 99
10 14
1 13
8 57
6 13
9 47
2 15
4 87
8 60
6 73
2 71
1 76
5 30
6 58
8 85
4 63
9 10
1 38
2 13
1 26
5 10
10 32
9 73
6 23
7 90
8 25
8 95
8 68
6 80
5 33
1 54
2 60
5 44
7 10
2 42
1 44
10 55
8 74
8 50
9 65
6 21
6 10
5 91
1 83
6 93
7 63
6 12
8 53
10 77
10 42
9 41
5 61
9 36
10 25
8 42
8 86
6 30
10 84
10 83
7 86
8 39
2 43
10 30
1 79
6 65
1 28
4 14
9 72
1 49
2 55
6 88
3 95
3 55
8 32
3 50
7 57
5 12
7 77
1 66
6 30
1 17
1 38
6 5
1 8
3 67
5 55
5 81
7 22
5 57
6 86
9 45
10 72
5 59
4 70
5 42
2 23
5 39
8 80
1 37
8 19
3 92
1 86
3 41
6 76
5 53
6 12
9 95
10 47
8 24
2 73
1 38
2 63
7 21
7 85
9 6
2 23
7 98
3 30
10 75
7 73
10 42
9 81
4 25
6 98
3 79
6 79
10 95
3 13
10 22
5 97
3 74
1 1
10 92
5 2
1 88
3 4
4 36
7 6
7 31
6 32
10 1
8 39
5 89
6 4
6 26
6 97
4 35
5 69
3 78
7 27
1 96
2 47
7 15
9 81
9 8
1 95
2 44
5 45
6 95
2 64
9 25
7 28
10 2
4 27
4 36
5 52
7 50
9 61
7 79
1 22
3 34
5 45
7 66
4 2
9 43
8 76
6 28
10 91
6 18
5 51
7 2
8 78
3 75
2 73
5 37
2 7
4 14
7 100
3 38
5 78
1 50
7 10
2 57
4 61
1 56
8 57
4 24
9 60
3 7
9 5
2 91
2 43
8 71
1 94
9 16
8 59
7 63
6 88
1 2
7 70
3 40
3 57
6 95
4 82
7 81
7 79
6 51
9 99
3 51
5 20
1 96
9 19
1 52
4 8
5 78
2 99
8 17
5 34
6 30
1 65
10 6
1 80
1 4
3 37
1 82
10 66
2 66
2 42
8 74
8 68
6 33
1 47
7 64
7 18
2 77
3 72
9 70
2 36
4 58
5 1
1 34
9 4
3 23
1 51
4 56
10 89
7 63
2 55
9 65
6 72
4 100
9 24
5 92
9 100
6 37
8 53
2 89
9 22
3 2
10 22
1 19
1 91
5 72
5 10
2 27
4 79
1 15
7 44
9 93
7 61
1 10
8 84
9 16
7 32
7 34
2 24
7 91
10 22
10 89
2 1
1 7
8 52
8 82
1 20
7 44
3 10
9 11
7 43
9 46
3 14
6 85
8 96
2 95
4 34
10 88
1 6
5 77
3 27
7 70
5 49
3 22
4 78
6 6
10 60
9 20
1 51
2 90
10 70
6 56
3 6
8 59
2 36
6 60
2 92
6 61
8 86
1 79
5 61
9 34
10 91
2 14
10 69
5 90
3 67
7 46
2 84
5 89
8 44
2 1
5 95
3 77
4 48
8 79
8 50
3 7
9 91
9 3
7 54
1 11
5 31
5 12
7 3
9 26
3 64
4 36
8 28
1 9
10 46
5 21
4 43
4 85
10 16
10 52
5 32
8 39
1 52
4 15
9 18
8 66
8 100
7 44
4 11
7 9
10 37
3 30
3 22
8 56
2 63
10 24
2 37
2 44
1 29
3 59
9 46
2 38
1 91
3 58
8 36
1 42
5 55
2 73
8 21
10 37
3 19
8 53
9 66
1 52
8 47
10 67
8 40
6 32
4 41
8 50
7 18
7 34
1 63
4 99
9 18
8 26
6 72
8 61
8 95
6 54
2 24
10 84
7 70
5 86
10 19
7 27
10 99
4 99
6 22
5 60
5 70
2 57
3 7
4 72
6 20
1 19
3 52
6 18
4 21
5 83
3 64
9 58
1 65
10 8
6 34
1 92
4 57
1 13
3 31
3 63
1 17
10 57
3 65
2 76
9 21
8 79
2 20
3 55
8 18
5 25
7 75
2 34
1 67
2 6
2 77
8 82
8 14
4 65
8 10
8 27
5 30
8 18
2 36
3 25
8 48
7 98
1 12
1 67
2 84
7 92
1 80
10 5
4 95
3 36
10 16
1 55
6 72
2 8
9 16
9 5
10 32
2 19
6 49
4 30
8 48
6 20
10 5
7 19
6 67
7 49
5 57
10 3
8 38
7 86
1 58
8 90
1 62
4 16
8 83
6 100
10 62
8 12
5 63
3 45
7 100
2 64
1 37
9 52
10 62
5 6
2 4
9 6
7 62
5 98
7 41
4 57
7 36
1 18
4 6
1 27
6 24
6 61
6 50
7 25
2 70
10 62
4 42
1 74
7 80
5 8
3 91
10 24
10 20
8 13
5 59
8 64
8 16
7 28
8 75
3 56
