5 25
7 39
3 58
1 47
9 56
9 26
3 85
5 66
3 82
5 51
2 32
5 53
3 76
2 44
7 11
2 96
2 11
2 6
7 96
1 3
7 3
7 75
5 93
7 48
2 59
7 33
5 42
10 58
7 6
10 67
7 41
4 77
4 2
9 41
4 59
6 68
10 36
9 56
8 49
8 62
8 64
7 12
9 1
6 34
10 7
1 68
5 97
8 12
10 81
8 70
2 84
5 4
7 87
5 65
3 54
9 74
4 24
6 61
8 58
4 69
1 69
4 30
5 23
3 14
1 30
5 58
4 73
8 45
7 24
8 98
10 99
6 32
6 34
3 98
7 76
9 89
2 10
9 91
7 92
4 82
1 15
3 86
10 38
2 72
1 66
10 60
5 24
2 85
5 43
1 29
1 8
9 32
5 19
2 75
3 27
5 74
4 85
4 5
2 66
2 24
2 51
1 50
10 26
8 73
2 16
1 77
4 73
1 23
1 36
6 56
9 44
3 39
7 9
5 43
10 1
6 58
2 6
6 44
1 100
10 44
6 95
8 98
4 83
4 13
7 89
5 95
7 24
10 56
8 73
2 8
2 51
7 98
4 62
10 6
2 59
2 93
6 1
7 48
3 39
10 7
6 2
1 45
7 11
5 98
4 70
5 44
2 41
1 27
2 65
9 24
1 10
1 25
7 10
3 76
3 56
3 61
9 27
3 69
10 91
9 41
5 100
1 96
2 3
5 26
2 45
1 42
5 25
8 96
6 34
6 20
4 71
6 34
10 48
6 3
1 38
10 96
4 63
10 15
6 80
7 3
9 35
1 29
6 61
5 81
8 33
9 30
8 79
10 39
3 89
6 3
10 100
6 52
5 54
5 84
2 24
3 61
7 63
3 4
9 73
7 49
6 62
8 89
5 97
5 52
5 69
9 9
10 60
6 77
3 23
7 25
8 96
7 29
10 81
4 86
8 90
7 35
6 11
1 81
5 3
10 80
5 50
10 86
5 2
3 86
1 4
2 29
2 59
10 99
3 73
2 93
6 11
5 76
5 38
9 30
3 68
5 84
8 66
7 20
2 39
7 8
2 35
8 73
2 37
6 50
3 51
7 45
1 85
9 72
7 77
3 44
10 49
6 4
6 26
1 65
3 54
9 91
9 42
3 47
5 3
7 79
7 67
6 88
2 54
6 11
7 98
5 4
6 73
9 91
10 34
1 20
3 92
5 82
5 63
8 33
7 80
1 98
10 88
2 15
3 69
7 96
3 50
5 12
10 97
3 98
6 70
3 77
10 72
4 18
1 72
2 89
9 49
9 10
5 20
3 63
1 35
2 12
10 93
8 26
6 47
7 72
7 50
5 84
10 54
9 67
8 58
1 69
2 33
8 44
5 81
1 87
4 30
6 2
2 11
6 97
5 86
10 7
1 54
3 89
7 27
6 40
5 17
5 32
4 49
7 7
5 8
9 83
10 86
6 83
3 84
1 57
1 11
7 45
7 30
10 53
5 34
3 30
8 65
6 50
10 20
2 61
4 90
1 31
3 46
8 67
10 72
10 58
3 29
4 38
8 46
2 71
4 32
5 21
5 86
7 84
1 50
3 72
6 33
7 35
7 10
4 81
4 7
6 33
3 13
10 71
5 41
9 82
4 52
7 60
7 99
7 92
7 40
9 52
10 14
10 87
2 31
7 35
10 65
7 12
3 38
5 28
5 69
5 44
7 62
9 48
4 14
10 52
8 33
9 10
4 61
9 12
10 96
2 42
5 33
3 77
1 36
2 21
5 40
2 29
7 59
6 76
2 37
7 95
2 5
4 82
3 14
8 9
6 81
7 85
6 53
2 35
3 8
4 73
4 48
10 35
6 6
3 42
9 38
10 65
3 13
10 4
3 73
3 14
4 71
8 78
10 67
1 22
5 21
9 61
9 3
5 79
5 24
6 11
8 7
3 62
1 9
7 39
5 85
4 11
1 62
10 93
3 92
9 50
3 27
2 60
5 2
10 58
2 24
9 10
7 73
7 14
8 15
8 36
6 36
6 52
1 28
4 72
3 89
8 87
9 87
9 95
9 45
8 71
10 58
3 5
8 13
6 17
6 30
5 90
9 60
4 45
8 16
8 33
3 8
1 46
4 81
2 94
2 4
10 78
3 71
9 73
6 65
1 16
5 87
7 86
3 63
10 87
1 59
7 96
6 2
2 30
6 91
3 49
6 71
5 27
8 26
1 58
2 2
4 94
8 92
7 56
7 71
9 72
8 23
10 47
1 87
1 54
2 80
2 39
4 14
2 34
3 24
2 7
7 35
9 67
9 8
1 47
10 73
1 94
6 59
7 44
10 74
9 36
2 73
5 53
2 20
1 15
1 56
5 53
8 50
1 75
1 88
8 13
5 53
4 60
10 92
3 83
2 29
6 36
2 100
7 14
7 47
1 63
3 86
10 83
2 6
3 78
4 83
8 31
5 75
3 82
2 33
8 62
5 59
7 64
1 85
1 19
7 45
6 61
9 75
7 34
6 70
9 8
7 14
6 24
7 43
2 88
4 47
8 91
7 63
2 73
5 86
9 28
5 44
2 56
5 39
7 90
1 80
3 66
4 60
7 10
8 93
4 39
10 21
9 6
5 95
7 96
5 10
7 56
6 78
6 70
3 88
1 50
10 70
4 26
9 13
1 66
5 69
3 62
4 27
5 77
3 77
5 48
2 54
9 84
9 60
6 11
9 12
5 99
7 38
2 98
10 6
4 11
7 35
5 24
8 86
6 62
3 62
9 9
6 20
7 56
7 86
3 73
7 87
3 57
1 74
2 33
3 91
5 54
10 6
5 43
6 21
5 29
2 7
1 55
3 76
7 51
5 4
8 49
3 76
2 60
6 83
4 75
3 6
5 71
3 36
4 74
6 17
5 11
5 14
5 14
3 24
10 42
10 14
9 20
5 15
9 43
9 61
2 97
8 85
4 29
10 99
2 93
6 29
10 52
1 88
8 90
2 19
9 33
7 68
10 9
3 77
7 42
6 72
5 93
4 12
3 5
4 56
9 93
3 29
6 32
1 48
10 36
10 42
4 27
3 10
1 56
6 89
6 3
6 24
6 65
3 53
8 3
1 43
10 32
4 66
3 10
3 72
9 58
9 87
7 73
1 23
5 29
7 4
2 4
4 44
3 88
6 55
2 94
6 53
3 16
3 51
5 95
9 67
2 34
6 86
6 95
2 53
7 36
6 44
8 38
3 18
2 81
7 11
4 31
10 36
1 100
1 17
6 34
10 5
2 31
10 46
1 48
8 38
5 18
10 52
3 60
7 9
2 95
2 35
2 22
6 96
8 32
2 51
1 37
6 73
5 58
3 99
6 21
6 88
7 21
9 38
4 99
10 96
5 27
9 11
3 82
9 19
4 88
8 98
9 5
9 20
7 21
2 38
2 90
4 45
1 67
1 62
5 75
3 4
1 10
4 2
3 92
6 16
10 24
10 40
10 21
4 99
1 45
10 22
5 34
7 94
6 27
7 4
8 23
7 90
5 57
6 40
8 32
8 19
4 33
6 44
4 19
3 36
5 19
1 27
4 10
1 75
5 85
9 13
6 8
7 20
2 74
1 62
5 37
8 47
5 9
7 87
1 52
1 44
3 42
8 54
2 70
1 84
4 45
10 45
3 49
8 63
10 23
2 79
1 8
1 14
2 22
3 99
3 47
9 75
5 50
7 95
7 1
7 17
9 47
6 86
10 24
8 71
1 99
8 47
3 56
10 50
9 11
6 36
8 5
4 61
5 91
6 40
4 48
10 54
7 12
5 11
2 67
1 24
8 35
3 31
3 6
8 84
4 8
4 69
3 42
4 90
4 29
4 7
5 74
6 63
7 47
9 25
5 78
6 2
7 89
6 43
9 18
5 80
3 18
3 98
10 54
3 26
7 12
5 60
9 49
10 7
5 95
8 50
2 71
5 44
6 2
6 45
6 24
10 74
5 43
9 44
10 8
2 56
1 93
8 90
3 99
1 92
5 22
2 30
9 87
5 28
8 95
5 76
7 99
7 34
5 40
4 50
8 44
4 2
7 27
9 45
10 72
4 68
3 60
8 35
1 29
8 9
6 27
9 29
7 80
5 56
5 66
7 72
10 28
8 26
5 82
10 66
1 5
2 57
2 87
4 48
7 95
5 66
8 46
8 70
2 70
2 44
5 36
2 87
5 90
3 30
5 10
9 32
6 90
7 49
9 16
5 30
7 70
10 100
4 12
2 90
6 39
1 14
3 10
2 63
9 31
7 88
4 91
8 52
5 99
5 73
4 72
9 83
1 18
8 16
3 41
10 14
4 20
5 45
10 96
7 14
10 14
4 69
4 81
4 13
2 23
3 77
7 62
2 35
4 66
5 28
9 90
1 81
6 56
9 43
9 71
3 79
8 68
3 1
3 89
7 31
10 55
3 89
7 94
3 17
3 83
9 45
5 5
3 40
1 9
7 2
4 93
1 15
5 25
