4 81
1 77
7 33
1 71
9 88
1 69
8 52
4 17
3 71
7 47
3 80
6 66
7 99
3 81
5 75
8 55
4 24
9 14
6 51
6 98
8 30
3 14
7 16
1 53
5 41
5 18
5 48
1 29
9 10
6 22
4 25
5 97
5 81
4 77
1 86
9 37
4 35
2 41
4 87
8 89
2 67
6 57
1 96
3 1
8 3
7 40
5 95
1 24
8 69
9 41
1 56
6 68
7 52
7 78
4 37
2 42
3 10
8 95
5 11
5 31
10 5
4 82
4 33
5 51
6 76
10 98
10 62
1 82
4 17
7 34
10 1
8 15
7 10
4 8
5 50
6 91
6 82
7 40
7 31
6 56
2 50
9 60
4 90
9 56
10 14
9 99
2 39
10 89
10 79
3 57
1 20
4 24
6 80
7 10
10 62
4 52
9 35
5 20
3 35
2 6
5 7
7 67
8 68
4 60
9 97
1 8
3 45
8 79
3 56
7 4
10 90
5 27
8 51
10 76
7 6
5 31
3 35
7 89
10 31
7 43
6 56
2 39
9 30
7 96
9 51
1 23
4 50
1 4
2 98
6 78
5 66
7 72
1 88
8 37
1 21
8 87
9 60
9 12
9 63
1 18
3 71
5 86
6 6
4 28
2 12
10 85
4 91
2 21
7 45
5 99
7 56
5 12
7 25
10 29
3 58
10 18
10 21
3 28
7 75
4 82
2 4
9 81
8 70
1 81
5 77
4 36
7 75
10 33
7 66
7 21
9 45
5 52
3 17
8 99
9 80
4 72
9 88
1 70
9 66
7 45
2 81
1 14
3 96
10 31
4 17
5 49
9 92
1 63
7 74
1 67
7 69
9 83
5 94
6 24
5 36
10 21
10 82
1 15
4 11
4 50
9 64
1 51
6 82
10 28
7 82
2 94
1 71
3 74
7 24
3 60
7 91
8 8
4 90
6 2
4 36
9 81
3 60
5 53
4 63
3 47
10 12
1 53
2 53
10 79
1 48
8 96
9 24
2 99
10 50
4 23
5 68
5 45
5 17
1 61
10 68
2 71
7 95
3 25
8 72
6 95
4 83
9 90
2 33
5 61
9 94
2 26
9 51
6 54
4 19
2 37
10 84
9 33
3 65
2 77
5 79
5 89
6 13
4 61
8 53
9 96
3 66
5 100
6 7
1 55
9 22
1 92
9 15
10 60
9 36
4 33
9 18
3 86
10 98
5 45
4 98
4 34
7 74
7 79
10 79
5 17
1 62
4 14
7 38
9 94
8 9
3 21
2 30
3 70
4 70
2 26
4 80
5 55
2 1
10 33
5 76
4 60
5 11
3 72
10 88
6 81
6 20
5 1
6 87
3 17
1 77
7 49
2 75
7 52
7 5
9 65
3 36
8 3
1 33
7 44
10 2
9 85
10 9
4 42
5 95
8 2
10 38
2 28
4 56
9 5
9 52
10 83
4 99
9 23
10 47
4 80
10 87
4 67
10 84
10 62
7 84
3 85
10 79
5 13
10 98
7 54
3 20
2 3
10 27
5 83
8 39
8 35
7 56
1 83
1 97
1 67
4 46
6 56
6 14
6 7
2 34
7 38
10 67
7 9
7 15
10 49
10 59
8 29
3 12
9 41
5 84
3 20
9 20
2 73
3 97
5 66
4 63
8 86
5 18
5 45
5 20
5 51
6 1
3 98
4 75
2 92
3 49
8 93
6 30
3 60
8 94
9 58
10 58
1 57
9 42
7 72
7 44
1 81
5 3
9 2
3 62
1 29
4 67
6 94
6 69
5 91
1 2
6 32
2 50
9 40
9 53
2 49
5 91
8 12
4 70
2 25
5 28
5 3
5 84
10 3
1 76
6 88
9 1
10 54
10 27
10 71
8 92
4 36
10 8
8 36
2 74
8 56
2 86
10 63
8 38
8 9
8 68
10 48
2 55
8 22
5 82
6 26
6 14
9 17
10 23
1 93
10 43
2 22
5 35
4 17
7 71
6 54
7 64
3 50
1 28
1 15
3 22
6 64
2 13
6 44
4 5
3 86
7 53
1 39
3 55
6 93
7 57
9 8
1 8
4 23
8 76
5 93
5 24
8 26
2 92
3 53
4 69
4 100
2 60
5 99
10 83
5 42
3 93
4 14
9 49
6 55
8 87
10 88
7 99
1 31
7 26
4 49
9 11
7 14
6 19
2 70
1 78
7 92
2 35
5 80
1 98
8 9
3 84
10 16
8 55
10 100
5 37
8 71
8 84
2 13
8 48
7 40
10 29
1 85
3 95
2 11
5 12
10 30
2 21
8 61
4 29
3 9
3 23
10 11
5 47
2 69
3 49
1 26
9 11
4 59
6 1
3 45
1 89
2 13
5 88
3 60
4 48
7 69
2 42
6 73
10 13
4 73
4 84
8 70
3 76
8 23
3 60
9 64
7 8
1 8
3 43
3 68
5 73
6 93
5 72
6 97
5 81
8 95
7 43
2 50
2 89
7 92
5 26
3 50
1 15
3 81
9 48
2 29
1 67
9 89
9 86
7 43
10 39
5 32
3 71
1 89
1 1
6 75
10 82
7 53
1 46
5 72
6 16
5 15
6 98
8 40
3 100
5 16
6 28
2 11
2 40
6 63
2 21
10 60
9 67
1 28
7 29
10 58
7 43
10 78
6 67
2 55
8 38
10 94
6 8
7 86
7 27
4 21
9 68
5 38
4 79
8 64
1 50
4 59
9 65
1 70
1 21
10 58
1 72
5 39
8 37
4 21
4 85
3 93
10 82
4 18
8 12
3 83
10 34
10 43
5 66
2 24
9 77
2 8
1 21
1 30
7 38
2 34
6 29
3 21
1 60
2 44
5 23
8 94
9 67
4 89
6 30
5 59
8 6
3 94
3 91
2 3
8 8
8 23
1 6
1 68
5 93
9 43
8 44
1 62
4 36
9 86
9 60
4 34
8 64
3 64
10 49
10 82
9 29
8 45
1 32
9 2
8 38
1 72
2 95
2 70
6 22
1 45
4 58
10 83
7 80
4 37
1 10
6 16
5 100
6 75
5 62
9 67
7 42
5 19
10 76
4 14
1 100
3 52
8 83
9 62
8 94
5 42
7 55
5 91
6 54
7 46
3 90
5 15
4 42
2 71
1 35
8 26
10 26
2 20
7 86
3 45
4 8
7 87
2 5
3 73
5 26
8 90
3 2
3 86
1 24
4 5
10 27
6 94
3 85
2 100
4 20
8 9
9 80
1 15
3 66
8 57
10 77
1 46
2 43
9 97
10 63
10 49
8 58
8 47
7 16
2 74
9 94
7 75
4 30
5 31
8 7
9 47
4 42
1 83
5 25
7 71
8 4
4 50
6 39
9 44
6 60
4 23
3 90
5 98
7 49
3 23
10 48
4 7
1 25
1 73
8 25
9 83
3 38
2 29
9 53
7 76
10 40
4 10
6 69
4 50
5 61
6 42
7 57
7 29
3 11
1 39
6 17
7 99
8 70
10 25
10 25
2 21
3 85
9 52
10 11
1 43
6 35
7 41
4 50
1 26
4 35
5 6
3 61
1 75
2 82
8 52
6 56
3 74
7 69
10 5
10 87
10 89
5 58
1 20
4 14
4 93
8 70
4 73
8 91
1 45
1 73
4 19
6 56
7 4
10 35
10 21
6 87
7 53
8 58
4 18
6 43
8 90
5 55
7 38
4 6
8 78
7 12
10 69
5 30
10 61
4 64
3 51
8 58
3 41
1 88
6 72
5 71
7 52
7 14
4 34
8 2
10 83
8 14
8 44
3 94
4 99
9 7
3 39
1 15
6 35
10 100
6 73
2 76
7 18
4 52
8 92
6 74
5 51
2 64
10 13
7 68
2 100
3 49
7 23
8 64
1 14
5 80
7 86
6 56
8 13
1 92
8 42
5 100
2 26
9 93
1 12
6 99
5 66
1 80
10 37
7 75
8 62
6 3
5 59
2 32
7 38
8 95
8 53
4 90
4 8
5 25
1 12
9 33
7 56
5 11
1 50
4 90
3 27
7 58
8 68
3 64
10 50
4 68
10 57
8 77
5 61
8 85
5 6
8 41
8 50
10 91
10 69
4 71
9 57
10 67
9 80
9 29
1 20
3 47
5 61
3 9
3 94
10 84
2 97
10 6
5 9
8 59
5 87
1 39
5 81
2 17
9 56
5 80
4 24
4 37
10 98
3 50
6 5
6 62
6 30
9 70
8 91
8 68
7 24
5 46
1 85
7 37
6 31
7 36
4 98
3 61
1 11
9 28
7 76
9 96
9 25
2 35
1 38
2 29
9 75
1 36
1 23
8 94
3 26
2 100
8 6
1 64
1 33
5 23
9 22
5 86
8 25
8 66
3 69
1 78
3 57
3 1
2 62
7 65
5 93
10 100
6 44
9 97
1 84
5 83
8 31
3 43
2 75
4 63
5 16
8 24
7 46
8 16
6 86
2 5
8 31
4 55
5 5
5 77
7 32
