6 84
9 66
4 43
7 82
9 36
9 18
9 41
1 79
7 36
8 65
6 5
10 80
5 16
1 72
6 94
3 88
5 60
2 43
9 32
5 20
4 65
5 1
7 42
1 87
2 95
2 61
1 61
9 42
7 75
7 36
9 9
7 67
3 81
10 3
5 64
2 100
6 52
7 60
7 28
2 23
10 38
1 22
8 46
9 20
5 91
10 27
10 23
1 72
2 82
8 3
7 8
1 41
2 13
9 15
5 15
5 25
7 48
10 52
10 41
3 10
4 26
5 84
10 71
6 4
8 33
6 57
9 27
9 1
4 20
10 63
1 86
6 41
2 24
2 4
1 93
8 83
10 66
6 3
8 2
5 34
4 8
2 59
9 77
4 85
4 57
4 82
3 29
6 89
9 11
3 41
1 87
2 96
4 89
3 8
9 43
8 92
3 72
6 36
5 95
2 56
3 8
7 58
3 89
10 26
8 46
5 71
10 2
8 9
9 36
5 7
8 87
1 3
2 58
10 16
9 36
2 76
5 32
8 54
3 93
6 15
10 7
5 38
7 82
7 6
4 83
2 5
5 84
7 98
1 92
2 91
9 93
5 85
3 15
2 98
1 6
2 30
4 51
8 82
9 12
3 54
4 38
4 4
2 97
7 86
1 39
3 97
9 9
3 97
1 55
3 26
5 3
7 88
7 34
2 71
6 91
2 61
6 13
2 66
7 11
4 67
6 19
3 31
9 1
7 58
8 81
5 83
1 61
2 45
4 24
7 26
4 20
1 85
1 59
9 42
9 57
6 48
7 99
8 75
5 83
10 76
2 1
7 83
4 86
3 20
5 96
7 90
8 22
3 96
5 74
1 32
3 48
3 26
4 85
4 75
9 82
6 81
10 40
7 40
8 1
1 58
6 28
5 38
7 53
10 10
10 29
2 17
3 70
4 13
4 92
8 78
5 51
1 15
7 48
10 25
8 7
1 30
2 19
2 20
9 78
1 57
9 15
9 95
8 94
6 12
2 87
5 52
9 56
8 46
6 49
2 78
2 34
5 65
1 64
8 56
4 76
5 19
6 5
2 20
10 33
2 60
1 36
5 33
5 29
10 100
9 81
1 87
9 38
7 43
9 97
5 48
2 40
6 16
1 52
10 70
3 18
6 17
10 77
5 58
8 89
3 91
2 35
2 52
5 38
2 60
7 44
8 17
10 85
6 17
3 30
6 87
10 42
10 94
8 24
7 61
4 76
5 99
3 23
6 42
4 30
5 43
7 94
3 48
6 52
4 10
6 16
8 30
9 96
3 68
4 91
7 52
2 51
1 49
2 36
3 75
10 59
8 5
8 75
10 88
8 32
9 99
9 90
6 11
7 28
7 79
1 3
10 86
8 73
8 61
4 60
1 97
3 20
2 1
1 7
4 41
1 73
1 23
9 40
8 99
8 67
5 14
10 72
8 83
7 78
9 11
10 17
1 67
7 93
7 96
1 6
6 87
7 12
2 63
7 5
9 76
2 88
8 82
9 2
8 7
9 83
2 30
5 84
5 65
10 75
3 10
4 52
2 54
5 40
7 39
1 27
9 8
7 12
4 27
9 72
9 46
6 56
7 47
2 1
5 95
2 69
10 31
4 85
2 79
9 97
9 6
7 73
6 86
7 42
4 24
8 96
3 85
4 99
8 70
10 8
8 98
9 12
10 22
8 93
3 96
5 92
5 21
6 74
2 26
8 82
10 58
9 53
10 51
6 54
9 70
7 9
9 36
1 51
5 75
9 83
5 87
1 53
9 7
3 56
5 20
1 49
1 100
10 50
6 35
7 21
2 52
2 80
8 71
8 31
7 16
2 53
3 95
1 10
9 25
7 53
3 76
8 2
8 20
2 57
10 99
10 39
8 63
8 1
3 6
6 3
8 59
6 29
4 56
7 53
8 51
1 70
4 3
4 30
1 16
7 16
8 42
2 44
5 60
8 20
3 93
1 7
6 12
5 76
10 98
1 70
9 57
3 7
1 47
3 12
8 64
6 84
4 25
9 33
6 51
10 100
2 40
6 96
8 33
1 3
9 89
9 12
7 46
7 48
3 26
7 12
4 21
9 45
4 30
1 1
8 100
5 11
2 75
7 45
4 68
9 8
3 34
1 47
10 59
8 73
9 47
1 11
2 43
7 95
2 99
6 45
7 2
5 19
6 39
9 70
5 74
4 52
5 39
8 28
2 59
1 90
8 38
3 76
8 22
7 62
2 94
3 76
3 78
5 9
3 55
8 96
8 6
3 35
9 42
4 2
3 95
5 43
9 15
2 68
7 9
10 54
7 41
5 62
1 31
2 90
9 90
3 15
5 73
6 100
1 14
4 42
6 59
10 68
6 95
1 26
1 45
5 59
5 51
4 24
10 86
5 64
8 46
2 41
2 86
10 33
5 7
6 63
6 63
3 4
10 64
4 39
4 53
5 9
2 57
7 5
10 75
1 72
7 83
3 33
2 67
4 97
5 46
1 57
6 42
9 37
3 80
8 10
10 26
3 83
7 49
2 58
2 57
2 54
6 35
2 80
4 30
1 47
1 53
1 77
3 100
9 37
5 26
8 3
9 68
3 15
3 17
3 42
5 13
7 18
6 47
5 72
2 95
5 5
4 74
1 70
7 35
1 17
5 70
4 18
9 90
1 59
10 87
6 45
9 79
2 71
5 8
4 40
3 36
3 49
4 71
6 25
2 81
3 82
2 4
2 57
8 30
8 37
4 69
8 16
6 30
6 95
1 5
9 57
10 19
9 8
3 38
10 65
10 47
10 42
4 40
9 77
8 21
10 11
1 2
1 18
5 64
4 93
7 73
10 90
3 100
6 90
8 78
7 46
2 28
1 50
3 99
10 28
5 34
7 90
6 2
4 92
9 6
1 28
10 23
7 88
4 84
5 44
5 40
3 69
9 5
7 2
6 99
7 21
8 71
10 98
8 65
3 97
8 91
3 41
10 56
4 78
10 55
3 59
10 70
8 77
2 6
7 18
1 86
8 85
1 32
7 79
3 20
4 5
3 49
5 97
5 49
3 5
10 33
9 22
4 98
8 75
6 74
8 21
8 63
3 63
3 91
1 17
5 42
5 25
1 12
8 70
6 3
5 15
8 53
1 32
8 58
5 98
3 46
3 25
2 18
1 88
9 14
3 7
9 42
5 28
10 14
3 5
5 36
2 3
3 84
2 33
5 96
5 23
9 26
8 84
4 36
10 91
5 78
8 63
7 10
8 11
8 9
6 14
7 2
1 34
8 93
8 64
8 39
2 52
6 17
3 32
2 27
3 8
6 14
7 40
3 97
5 53
10 61
5 1
6 100
2 82
1 66
8 7
9 67
7 88
1 20
1 23
4 84
6 12
6 83
7 5
6 4
4 51
7 15
9 34
10 10
10 11
8 72
9 72
2 73
5 68
7 27
10 99
2 48
8 22
1 57
8 99
9 41
9 76
3 55
9 20
2 77
3 40
4 82
4 77
9 55
2 98
3 65
1 78
5 6
3 74
3 19
10 71
6 54
5 88
9 21
4 49
8 47
3 89
2 38
1 44
8 63
1 98
5 11
6 61
2 54
9 45
6 10
9 83
3 89
10 12
9 92
5 88
3 90
10 31
6 61
3 70
4 24
8 95
7 8
8 60
5 84
6 91
6 53
5 100
7 40
1 51
1 5
2 20
2 45
8 29
9 22
7 47
1 9
9 21
2 74
1 39
10 93
2 47
10 86
3 50
5 6
4 45
5 20
3 26
5 51
5 43
4 50
6 55
3 53
1 21
5 30
10 33
4 63
7 33
1 47
10 57
7 35
8 59
7 12
3 83
10 27
5 6
3 57
4 62
3 29
10 2
3 35
6 40
8 56
1 21
8 76
3 61
5 4
5 76
7 90
1 93
9 50
6 33
10 35
1 96
4 70
5 57
8 15
6 63
4 95
4 72
1 99
8 53
4 63
3 73
5 69
8 65
7 73
4 85
6 87
8 68
2 69
8 16
8 7
9 41
4 96
4 18
2 33
2 39
8 66
6 97
3 71
4 7
3 13
1 29
8 69
6 76
9 65
7 86
8 55
8 52
6 39
9 10
3 37
9 33
1 20
10 73
9 86
8 7
1 24
3 98
2 71
5 2
6 97
6 49
1 66
2 62
3 52
5 88
7 17
4 77
2 21
5 8
2 58
2 56
3 28
6 39
8 7
9 40
5 55
9 13
9 61
4 76
2 20
8 92
3 30
9 29
2 13
1 90
10 88
5 88
9 84
4 32
1 50
9 20
6 15
8 78
10 99
7 26
5 5
7 99
4 16
7 34
1 28
2 72
10 56
3 14
8 41
2 74
8 15
2 71
4 67
9 37
3 33
6 8
10 61
8 57
7 86
1 69
7 46
2 53
7 49
5 77
9 33
8 92
7 39
9 73
4 97
7 54
3 51
6 14
10 35
8 97
3 65
6 68
10 44
2 2
1 85
2 59
6 89
7 34
3 30
