6 55
3 18
1 15
2 60
9 83
6 26
2 75
4 94
1 81
5 21
6 43
9 99
8 72
6 8
1 9
10 53
2 37
7 60
2 53
5 93
7 86
7 91
4 75
7 79
3 92
6 75
4 54
5 14
6 58
8 72
10 100
4 10
1 21
1 96
6 90
2 59
8 82
8 18
6 90
4 36
5 91
10 61
5 32
8 39
6 47
3 67
7 99
7 65
10 13
6 25
9 39
5 4
6 29
5 63
2 35
3 70
2 84
3 62
7 58
9 5
5 6
4 35
8 67
9 83
3 63
7 75
7 30
4 77
9 52
7 2
6 34
3 37
7 89
5 86
9 19
2 33
9 18
1 55
3 27
7 68
3 52
6 74
10 75
9 37
4 35
1 56
8 96
5 25
2 39
7 5
5 60
1 47
7 57
8 19
6 100
6 59
1 88
1 82
3 29
9 41
6 46
4 27
6 32
3 41
2 42
4 55
1 16
2 90
5 89
9 91
5 97
10 61
6 63
9 39
1 96
1 5
2 77
1 77
9 51
7 77
5 86
8 85
7 3
9 55
6 83
1 84
1 50
9 1
7 85
10 38
3 76
7 16
1 12
1 93
2 100
4 19
1 51
7 97
1 86
10 94
6 68
7 4
5 96
5 44
10 50
4 46
10 31
7 47
7 54
10 59
9 36
7 25
1 12
6 61
3 4
4 46
8 2
1 41
5 50
10 98
6 13
6 46
8 46
7 30
9 33
10 71
5 34
10 19
7 63
1 16
4 10
1 68
7 10
10 14
8 93
10 43
5 88
9 12
5 99
5 88
3 71
9 2
5 22
7 95
3 11
8 74
2 87
6 52
8 4
6 51
10 36
10 18
10 77
9 20
5 37
5 10
8 74
9 50
5 69
1 23
4 51
2 39
8 76
6 97
6 83
3 96
7 7
10 60
6 66
8 92
7 45
10 56
9 96
8 5
10 38
1 35
1 28
6 12
8 67
5 60
4 85
10 45
10 7
7 88
4 81
7 1
3 34
8 29
1 22
10 34
6 42
7 57
1 99
10 59
8 15
8 17
5 85
2 83
9 44
6 87
2 43
10 100
2 72
8 6
2 60
10 93
3 68
8 63
7 42
6 34
7 61
10 43
8 10
1 84
9 32
9 41
9 73
9 36
2 76
9 14
1 18
10 58
1 60
7 29
10 94
5 44
5 84
5 15
4 70
9 66
4 29
3 18
6 57
6 69
8 98
7 19
9 40
6 70
2 11
4 73
3 39
10 73
5 49
3 32
4 15
9 8
2 27
9 5
8 88
7 83
6 32
9 71
7 74
3 15
6 56
3 21
4 1
1 9
4 6
1 48
7 50
9 66
5 25
5 87
4 57
6 10
8 60
6 50
6 35
5 15
9 48
9 69
8 52
2 72
8 6
4 25
7 91
5 72
1 83
9 83
7 14
3 30
6 58
8 21
3 73
2 93
1 74
9 90
7 35
8 99
9 90
4 63
9 3
8 59
2 86
4 70
1 94
8 84
6 1
7 96
2 27
10 13
4 86
7 48
8 80
1 17
1 93
1 31
9 20
1 73
8 81
7 20
8 52
3 91
6 89
8 99
7 72
3 83
2 97
4 95
7 38
3 41
6 52
2 37
8 90
4 72
2 48
4 80
2 70
8 99
8 99
3 81
8 25
5 35
1 38
1 98
7 40
5 53
4 6
4 49
6 23
9 55
10 36
5 99
3 10
3 76
2 22
1 59
7 71
3 34
1 18
2 66
4 39
2 100
7 87
1 34
8 38
3 82
5 69
5 5
2 6
3 98
6 23
3 36
9 60
9 34
3 48
7 55
9 16
10 31
9 100
2 89
8 82
2 13
3 33
1 89
6 44
6 69
6 37
5 1
1 81
5 37
7 80
7 8
10 69
1 100
6 88
6 57
6 89
4 96
4 30
2 80
10 73
8 34
8 40
8 14
2 94
6 98
8 99
3 42
2 35
5 61
7 11
7 83
1 61
10 28
9 60
4 18
3 21
10 31
2 49
6 11
4 87
2 13
3 28
5 4
4 22
7 64
1 38
4 31
1 100
5 16
10 62
7 34
4 80
3 38
2 51
10 51
6 47
7 78
2 100
10 91
9 86
6 71
6 5
5 76
8 96
7 87
8 4
6 85
7 42
5 98
3 11
5 47
10 28
8 14
10 26
9 27
8 6
8 5
1 43
2 48
10 22
2 87
4 67
6 59
3 70
2 55
1 16
5 50
1 85
8 67
10 90
2 52
6 80
7 3
4 20
9 8
5 46
5 3
6 70
5 71
1 66
10 54
7 82
8 57
7 85
9 35
10 85
3 29
8 91
4 87
8 56
8 51
10 28
6 64
2 14
1 18
4 100
6 1
4 66
3 64
7 53
9 49
10 35
7 50
4 42
4 26
1 92
7 91
3 4
4 100
4 46
4 24
4 70
5 10
2 67
3 58
7 2
5 45
6 46
3 77
1 6
9 1
2 92
5 13
2 54
10 5
4 98
10 88
1 6
5 71
6 10
8 56
7 62
10 47
6 52
3 64
1 44
9 19
3 87
1 100
8 33
1 14
6 47
5 83
10 1
6 98
7 2
3 58
6 22
8 23
4 41
4 68
5 42
2 96
6 69
1 9
2 67
3 74
8 52
2 53
1 52
7 66
7 63
1 23
9 86
7 10
10 52
8 56
8 9
7 68
1 23
5 40
7 46
6 4
2 10
6 53
4 53
10 36
8 10
4 60
1 2
6 14
10 97
1 85
9 61
3 27
8 44
3 48
7 80
6 21
8 32
4 60
3 25
7 30
8 82
8 57
7 66
5 29
2 21
5 79
2 98
4 98
9 100
1 54
7 59
9 74
9 6
8 97
2 36
8 34
9 84
2 77
9 77
4 34
3 79
6 37
2 12
8 16
2 92
7 34
2 76
8 40
10 9
4 50
6 5
1 50
3 71
1 53
5 97
2 97
4 35
4 36
8 67
10 16
5 95
6 67
1 3
1 61
9 16
10 36
1 98
8 32
8 3
1 97
4 85
6 62
9 62
6 52
3 42
2 20
8 54
4 70
6 20
5 83
1 68
5 78
9 2
6 19
3 37
5 56
5 96
2 58
5 92
5 100
8 27
10 67
3 4
10 23
9 11
4 85
6 16
2 14
3 60
5 95
5 84
3 75
7 11
2 15
6 95
2 25
6 64
6 70
3 49
5 41
9 8
4 99
6 88
10 73
9 74
5 13
10 21
4 78
8 23
6 27
2 70
7 11
8 47
8 43
2 74
5 45
3 95
2 6
8 77
5 30
2 2
2 71
3 95
1 76
5 50
5 5
10 14
8 97
9 54
6 15
3 95
7 3
4 79
5 68
4 11
1 35
10 1
5 75
8 39
6 26
6 17
10 81
10 49
8 64
6 66
4 15
2 62
6 2
9 50
1 99
9 76
6 21
8 95
1 99
4 56
2 40
10 8
3 7
3 15
2 76
4 91
10 86
10 93
10 75
8 62
2 57
5 38
10 67
4 44
4 69
3 22
3 49
7 39
3 48
1 54
4 80
8 33
10 28
3 4
1 97
9 72
9 92
6 69
1 71
1 44
5 57
10 38
3 46
10 46
2 30
10 44
8 33
1 76
10 65
6 78
8 61
7 69
4 96
6 92
8 2
10 19
10 93
9 91
1 38
8 44
8 19
10 85
3 23
6 96
4 98
6 83
4 59
7 31
7 67
3 27
9 23
4 49
7 90
8 5
8 11
6 63
10 10
7 56
10 13
1 5
7 17
5 72
3 79
8 87
5 38
5 71
3 99
10 89
5 97
3 73
8 43
5 93
4 59
5 37
9 44
7 58
5 76
5 84
5 44
8 13
3 10
4 39
9 58
9 77
6 33
6 63
6 26
2 8
2 10
5 73
7 100
2 5
6 94
10 19
1 35
8 69
5 29
9 43
1 55
6 72
3 29
5 49
9 49
4 46
9 7
3 16
7 28
3 44
1 35
8 86
2 15
6 67
5 1
10 24
6 83
8 45
2 59
2 33
3 24
2 88
6 35
6 12
3 89
8 84
1 35
9 57
4 90
4 6
8 41
4 82
2 26
2 49
9 87
3 91
3 27
5 11
7 56
4 23
7 50
2 90
10 58
3 39
10 69
7 72
10 90
3 99
7 83
9 72
9 35
4 90
3 97
8 57
10 56
9 77
6 96
8 48
4 48
1 72
9 63
1 23
9 94
5 69
9 11
10 46
5 20
1 42
7 31
10 43
2 70
8 52
5 11
9 75
1 86
10 28
3 82
10 61
6 90
5 68
2 94
5 31
3 95
6 44
1 88
7 100
8 10
3 11
10 3
6 71
4 91
2 4
3 15
7 36
10 95
5 71
10 43
5 31
7 15
8 27
5 9
8 34
4 48
9 51
6 63
2 36
10 39
2 84
1 17
9 17
5 8
8 22
3 67
10 22
10 8
1 8
3 30
5 96
8 85
7 58
3 24
