4 11
9 29
4 82
1 61
9 66
1 58
8 83
6 39
5 40
7 44
3 78
7 71
1 34
7 12
2 3
9 40
3 4
3 46
7 76
3 23
5 87
9 32
8 21
2 54
8 15
4 2
1 81
1 3
6 48
9 5
6 24
2 88
1 94
1 82
7 49
7 6
4 35
10 98
1 19
2 56
9 45
9 1
1 97
5 75
8 6
10 81
1 83
4 97
7 1
5 5
3 53
10 83
9 76
2 12
3 29
10 1
2 66
9 62
3 55
2 22
3 23
5 95
7 53
10 86
9 61
1 52
8 13
10 42
9 27
3 59
1 88
3 48
5 25
2 99
3 26
7 89
9 53
10 39
2 82
10 64
6 5
4 22
8 76
9 54
4 64
3 73
5 95
10 89
3 40
2 74
1 6
6 83
3 50
8 41
4 1
5 35
6 75
5 50
7 39
10 12
7 75
6 72
6 42
1 34
1 29
8 54
1 60
7 58
10 4
5 53
1 66
8 66
8 61
6 18
9 72
8 19
10 48
4 55
6 82
8 73
3 50
4 47
5 75
5 79
2 49
9 40
8 41
3 70
8 5
1 65
4 38
9 24
8 82
9 2
9 14
10 31
1 45
8 1
1 48
9 73
1 70
9 12
1 47
10 6
7 41
1 60
9 39
4 55
1 39
3 33
9 35
4 23
10 67
5 4
9 1
9 90
8 19
2 7
3 68
4 31
6 62
8 25
9 71
10 72
8 73
7 29
9 24
1 46
6 56
4 69
7 41
2 79
9 52
2 72
4 83
8 13
8 64
3 54
10 14
5 46
2 94
9 4
7 2
5 100
3 80
9 71
7 66
2 7
10 33
9 75
3 80
8 20
6 51
1 42
5 57
6 98
4 8
9 8
10 96
8 16
4 99
10 49
8 36
4 39
4 70
10 36
6 68
9 55
3 31
9 64
7 24
7 71
3 48
8 3
7 98
5 31
9 73
4 85
8 47
7 35
1 90
3 88
6 58
10 67
4 36
6 54
8 37
8 94
4 86
3 31
4 33
9 69
3 10
5 34
2 52
9 19
4 39
2 37
2 34
1 55
8 65
7 92
3 27
9 91
2 70
8 24
6 60
8 49
4 49
4 73
2 43
2 2
7 31
2 21
4 81
8 60
6 4
3 36
4 19
8 93
2 48
9 72
8 24
4 88
1 88
3 20
9 31
9 16
8 84
8 75
6 2
10 94
3 15
7 64
2 39
9 73
9 76
10 60
10 20
9 93
10 37
6 13
7 96
5 35
2 20
6 59
6 26
6 44
10 20
8 18
5 75
9 91
5 6
10 5
4 32
3 10
8 78
10 63
8 58
2 77
1 32
6 33
10 4
4 40
9 85
10 92
6 62
3 31
9 54
6 2
10 93
10 77
4 45
2 49
8 46
9 91
9 80
3 77
8 69
2 71
1 55
10 29
7 92
1 16
5 7
8 35
10 26
9 10
9 55
6 14
4 32
7 8
3 96
1 100
4 68
5 32
4 46
8 29
2 69
9 90
2 55
8 92
1 84
1 14
6 80
4 35
5 39
4 5
2 64
10 52
1 89
2 17
9 74
8 37
9 6
9 19
8 56
3 37
10 50
2 13
10 88
5 49
9 3
6 6
1 64
9 91
6 13
6 83
4 7
3 55
10 63
5 5
4 91
8 54
3 80
8 11
2 95
3 57
2 81
6 6
7 100
5 72
1 59
5 21
4 85
4 5
1 27
1 28
4 92
5 24
1 79
3 67
3 41
7 73
1 24
3 94
10 31
6 7
3 59
3 40
5 36
5 69
6 38
4 42
6 55
2 85
1 94
9 14
10 17
3 15
5 36
9 82
3 87
8 61
5 78
1 68
7 48
2 73
3 97
4 57
1 40
7 43
1 6
6 27
1 61
3 30
8 66
5 89
6 34
8 36
3 100
2 4
7 20
4 84
1 19
10 69
3 43
1 89
4 46
5 32
5 20
8 18
6 65
9 24
4 82
3 74
6 23
7 49
6 2
7 91
2 36
5 36
8 64
9 75
2 82
5 94
10 17
10 84
3 42
10 51
8 1
9 73
4 77
4 27
5 52
1 4
5 85
3 24
7 91
5 2
7 51
10 8
5 41
4 90
2 32
7 17
3 4
4 91
3 70
3 37
9 59
3 53
8 29
3 41
9 36
7 64
6 76
6 88
10 48
9 46
1 96
10 79
9 3
9 55
7 89
7 52
1 67
8 88
8 93
6 68
5 82
2 7
5 46
3 63
6 19
7 87
8 68
7 100
7 46
4 45
2 14
5 52
2 44
4 23
7 56
6 61
8 27
2 34
7 32
9 56
3 88
2 89
2 51
9 90
4 49
7 58
9 38
1 80
2 58
1 5
8 79
7 84
2 53
1 77
8 7
2 92
1 32
10 80
5 70
7 99
5 68
5 80
8 60
3 65
7 9
2 2
6 81
4 96
8 89
6 88
2 66
3 15
3 30
4 92
8 28
1 79
7 39
8 49
5 61
2 94
6 37
9 35
5 94
10 14
2 31
6 67
9 85
6 41
2 20
3 97
7 22
2 95
1 25
4 60
8 28
3 5
2 66
4 10
7 75
5 42
7 27
9 10
5 37
4 89
5 85
7 84
10 58
2 35
4 48
9 65
2 53
10 44
6 72
9 21
6 43
5 15
9 13
5 78
5 53
8 71
7 44
10 36
9 71
6 43
7 30
9 48
9 69
6 19
4 62
6 31
6 30
7 22
9 57
9 94
5 77
6 29
1 67
8 24
8 94
5 74
9 57
4 41
9 23
2 95
9 13
10 20
1 41
4 30
5 19
10 33
8 26
7 61
6 28
8 75
3 90
1 61
3 67
1 97
6 36
2 12
10 42
4 80
9 48
4 96
6 99
10 97
2 87
7 72
6 17
9 46
10 84
5 19
10 49
4 6
6 43
2 50
4 87
3 71
2 77
6 76
6 64
7 62
3 25
4 49
1 4
9 10
7 55
5 69
7 71
1 54
4 28
1 80
5 1
4 17
4 87
5 70
4 12
10 18
6 35
10 89
6 30
2 28
8 59
7 15
3 21
2 40
6 28
2 55
9 68
3 67
10 43
9 77
3 69
1 46
5 74
1 52
6 15
1 98
2 45
1 69
6 23
6 64
5 43
1 74
9 60
10 44
5 71
5 69
8 60
4 67
9 29
7 21
4 51
7 66
9 36
3 46
1 13
10 46
8 11
3 54
4 1
2 60
3 22
5 84
4 18
2 36
1 88
3 49
10 50
10 59
6 49
5 43
10 50
6 11
5 90
4 67
3 63
5 31
3 61
7 84
10 77
4 13
9 48
4 36
1 15
10 13
1 79
6 3
10 36
5 37
1 48
5 33
7 5
1 89
10 3
7 86
1 94
6 70
4 92
1 61
3 16
7 100
1 82
3 7
3 1
5 90
5 68
1 31
8 13
1 50
4 45
9 9
2 53
2 35
1 33
4 61
8 75
6 77
8 27
6 91
8 23
2 73
5 14
10 22
4 26
1 31
4 34
3 94
10 2
8 65
8 94
5 12
9 38
2 46
7 21
5 98
6 60
5 34
9 3
1 81
6 95
7 30
10 30
4 25
1 24
5 46
1 91
7 57
10 75
1 85
1 77
8 17
6 93
7 73
9 38
6 37
9 9
3 93
8 58
7 41
6 41
10 56
10 17
4 89
3 24
7 81
10 46
3 44
4 6
6 46
1 3
1 86
8 96
1 99
8 54
10 3
9 92
7 18
3 15
9 19
3 35
9 54
6 44
10 74
10 19
2 94
9 27
1 3
1 13
5 84
4 52
3 31
1 100
8 72
5 6
1 69
3 29
6 60
5 96
6 76
9 56
2 7
9 77
5 81
1 94
9 29
2 62
4 60
4 26
4 70
3 65
2 84
2 66
4 40
7 61
4 54
2 69
8 47
8 14
9 12
4 84
10 92
6 36
7 16
5 95
6 97
3 84
7 67
9 42
5 16
10 92
2 27
7 38
6 93
7 1
2 100
3 54
7 47
2 33
4 4
2 13
1 35
4 56
10 100
8 76
1 22
8 72
6 48
4 46
9 57
4 19
7 24
10 78
1 73
2 25
4 22
10 1
2 10
1 76
2 76
7 34
5 61
7 69
10 9
4 67
6 88
2 15
8 68
4 99
7 2
6 84
5 42
7 91
4 17
10 69
5 67
5 51
8 29
7 48
10 53
4 63
9 16
9 69
4 6
8 60
8 6
10 76
2 52
8 63
5 36
8 98
2 96
4 18
6 58
9 69
8 1
3 36
8 43
4 74
3 60
3 75
2 57
7 30
6 71
2 13
6 27
9 19
6 72
6 45
9 8
8 10
3 81
3 100
5 99
9 77
1 58
2 58
2 11
9 68
5 84
6 96
9 6
1 53
3 50
6 18
8 48
2 41
9 96
1 24
1 62
1 67
4 66
8 94
2 33
5 5
2 95
5 14
4 18
3 79
2 11
