6 66
9 66
8 11
1 83
10 90
1 70
7 77
1 58
9 8
7 49
5 43
9 63
3 94
8 62
1 60
10 71
5 12
10 11
6 80
7 65
6 76
2 28
7 1
10 96
2 47
3 39
1 84
5 66
6 96
9 90
2 27
8 73
5 29
3 14
9 38
5 34
1 73
2 48
4 67
9 12
2 19
6 11
6 32
5 35
5 67
4 7
2 41
3 87
1 81
1 46
4 37
1 43
8 35
6 90
5 80
7 28
7 36
7 11
4 19
1 26
9 44
10 16
2 25
10 19
5 68
2 39
3 45
9 16
5 81
2 70
10 63
9 49
6 41
7 14
2 22
9 10
9 59
5 37
8 61
6 93
10 10
6 69
6 11
4 65
7 22
9 13
6 72
5 34
2 80
7 37
10 60
1 59
4 64
9 2
6 33
3 31
7 7
7 68
10 71
7 29
6 48
1 90
2 28
7 80
3 44
2 14
7 62
5 87
1 87
10 7
6 13
2 75
3 46
2 93
1 4
9 44
3 41
8 96
8 3
8 71
9 8
7 6
9 47
1 64
3 68
2 20
7 94
7 73
4 49
2 62
2 70
2 4
7 11
5 53
4 19
7 79
3 78
1 90
7 31
4 51
4 79
3 62
10 76
3 58
3 94
9 61
2 69
2 23
7 40
10 13
2 58
8 39
8 68
10 13
1 79
7 59
1 28
10 24
8 38
7 30
4 42
3 57
5 22
5 78
10 9
4 98
4 36
9 24
9 59
5 87
5 54
2 5
4 86
7 18
8 24
5 73
10 49
7 74
9 53
10 28
5 34
2 73
9 68
3 57
6 83
10 60
1 53
7 9
6 63
2 16
4 66
3 46
6 99
9 60
8 73
8 2
3 83
4 51
4 34
7 35
8 64
3 52
3 75
6 98
9 97
2 10
6 9
4 50
9 56
9 75
10 74
4 4
5 96
4 67
3 51
8 78
5 74
1 40
1 12
9 33
4 89
5 72
6 29
7 61
8 76
9 88
7 17
7 93
4 48
10 37
10 10
2 81
3 17
7 98
7 85
8 90
1 71
1 87
7 57
6 46
7 23
9 2
3 81
4 58
9 53
7 9
5 23
7 37
1 85
9 84
3 69
6 36
3 40
2 26
8 41
6 54
9 21
5 81
6 18
4 11
5 18
8 67
9 31
4 98
1 5
9 81
3 25
4 48
4 42
4 40
5 65
2 76
8 93
10 49
8 57
4 63
3 90
3 88
4 70
8 83
7 35
4 1
9 88
8 62
7 29
1 15
1 15
2 25
3 37
2 54
4 13
2 91
2 50
4 18
4 46
10 73
2 61
8 76
6 95
2 89
1 11
9 75
6 80
10 13
3 95
5 92
2 3
1 71
8 39
9 91
2 30
4 20
3 61
5 59
10 60
3 46
1 59
3 50
10 70
9 64
9 5
1 56
9 14
8 98
2 99
7 90
6 43
6 27
9 41
8 80
2 26
8 61
10 81
10 57
3 68
10 45
1 41
3 80
3 74
1 93
10 95
3 47
5 35
5 39
3 50
8 49
4 74
2 37
5 100
3 81
8 35
7 85
2 8
4 82
7 28
4 27
2 83
3 66
3 82
9 36
8 28
9 69
3 67
9 43
9 30
9 17
5 66
6 43
7 42
8 81
5 24
4 94
9 79
9 3
2 78
7 49
9 63
3 88
9 78
9 70
2 73
5 33
9 29
4 88
5 39
8 13
3 88
2 87
1 15
10 91
4 25
2 83
4 99
3 22
3 77
7 8
5 62
7 17
10 81
4 4
3 35
8 42
8 26
5 93
10 94
7 53
7 31
4 98
6 32
3 64
10 47
6 78
8 17
6 61
2 46
5 22
8 5
10 1
8 54
1 78
1 42
4 16
5 59
8 57
9 38
7 56
4 93
2 3
10 10
4 29
8 14
7 35
8 75
7 76
6 99
4 83
3 49
3 38
6 69
10 45
8 8
5 56
9 94
7 33
9 29
3 6
6 43
8 63
9 100
9 81
6 5
5 92
9 57
8 43
10 82
5 73
9 84
5 18
1 47
2 89
2 10
10 83
9 85
6 22
9 91
3 83
6 85
5 12
4 44
8 97
6 82
7 79
1 44
8 60
10 55
10 79
7 65
7 24
3 75
3 47
2 86
5 38
8 30
10 72
7 3
6 89
2 7
3 4
10 82
1 2
6 2
6 82
1 30
5 17
10 73
3 46
3 47
7 14
8 17
6 63
5 14
10 100
5 71
10 19
7 12
5 34
7 69
10 51
2 8
3 62
8 44
5 81
1 95
4 43
7 37
8 38
10 13
10 69
5 82
10 74
10 35
5 65
4 47
2 25
3 21
6 91
8 83
3 18
5 14
1 30
3 10
5 73
7 52
7 12
4 74
2 94
8 3
5 96
10 45
9 29
1 35
9 17
6 3
8 5
6 88
4 90
1 13
5 24
6 55
3 81
1 54
6 63
2 88
9 18
3 66
6 15
1 67
1 78
1 55
9 28
1 81
7 74
5 9
7 94
10 70
6 16
4 99
4 80
9 38
8 42
6 62
1 46
2 70
3 96
4 99
6 25
2 17
1 4
5 79
2 64
7 21
10 57
8 27
7 73
8 9
2 63
4 98
8 36
1 10
10 98
3 40
3 48
10 84
2 64
6 14
6 65
6 39
7 85
4 70
10 88
6 24
3 78
7 25
7 6
7 20
7 84
1 33
7 87
4 25
3 68
8 2
5 18
9 58
5 31
10 51
6 15
4 45
4 64
6 83
6 15
7 84
3 70
3 6
1 12
9 86
9 85
6 80
8 19
5 88
6 94
2 34
5 95
10 46
7 54
5 17
3 57
6 54
10 33
3 84
7 51
3 77
9 40
3 31
4 35
10 94
3 12
4 88
9 43
9 81
4 62
2 55
1 76
6 53
4 95
7 87
8 38
10 100
5 60
7 40
3 67
3 17
7 13
2 36
10 56
1 8
9 22
3 48
9 2
9 63
2 10
3 2
9 86
9 33
1 61
3 98
8 43
9 79
5 27
2 90
8 70
5 12
10 13
8 48
7 85
2 31
4 13
3 41
10 86
10 33
3 23
8 69
6 38
1 61
4 35
8 91
7 93
10 33
9 3
3 24
9 42
9 16
8 64
6 96
1 68
3 8
7 54
8 10
9 41
10 39
9 18
7 99
2 28
5 39
10 33
2 23
1 68
10 35
9 67
5 96
3 9
4 86
2 54
5 80
7 36
3 93
6 7
6 100
7 43
4 46
6 61
5 69
3 8
5 1
1 39
6 57
9 49
7 67
6 48
7 84
3 18
3 94
5 14
1 28
1 56
2 58
6 57
2 7
3 22
3 36
4 42
8 38
9 31
1 67
2 82
8 25
4 96
9 52
5 79
5 91
5 77
4 35
3 47
7 84
4 81
4 89
3 70
10 27
6 76
10 9
10 98
5 67
10 70
4 37
9 46
1 52
1 82
3 29
6 13
2 81
9 26
2 92
9 46
10 9
9 23
10 27
10 99
3 99
6 87
8 19
3 4
1 43
6 17
4 11
10 50
7 73
6 49
10 61
2 26
5 83
4 49
10 39
1 97
6 40
9 36
2 28
1 51
8 5
10 44
2 3
1 59
8 96
7 25
1 60
2 74
9 33
1 6
7 91
8 29
1 75
3 17
6 34
10 21
10 25
7 75
6 59
8 18
6 91
7 51
4 4
4 74
8 40
9 46
3 85
9 65
9 67
10 45
7 47
2 9
5 52
1 92
7 52
7 73
7 50
3 6
8 63
5 19
6 43
5 56
1 66
10 71
8 93
9 77
1 32
5 27
1 93
10 53
6 2
2 26
2 43
2 64
8 56
9 99
6 59
5 21
7 79
10 82
7 68
3 33
7 57
8 19
8 12
4 34
6 73
8 71
3 56
6 55
9 26
8 60
4 75
8 24
7 62
5 50
6 48
2 76
9 42
10 73
9 90
10 9
2 93
7 31
5 49
3 63
8 14
7 97
5 75
5 50
2 4
1 7
1 2
4 55
9 90
9 18
8 94
1 68
5 54
6 70
8 13
8 21
6 25
4 90
7 24
10 79
5 4
1 77
6 21
6 93
8 95
9 33
9 69
8 71
10 44
4 17
8 76
2 89
3 25
9 15
6 86
1 99
3 8
10 32
7 57
1 84
5 92
9 77
8 62
9 91
9 91
4 82
3 95
1 43
6 31
5 93
4 7
1 93
5 43
6 77
2 39
10 97
3 56
7 60
6 37
8 36
9 94
5 55
5 33
3 90
3 63
7 70
10 37
9 49
8 76
9 35
7 63
5 91
5 13
2 50
5 83
1 70
6 31
2 55
8 39
9 87
1 97
3 36
6 100
9 5
1 89
3 70
10 23
8 24
2 1
4 81
3 87
7 12
9 76
7 94
4 63
4 45
2 84
3 18
5 55
5 43
1 56
3 46
5 57
10 25
3 37
1 78
6 18
1 71
