3 87
6 1
8 32
3 20
6 38
7 57
1 27
3 4
3 85
5 48
7 91
3 5
2 11
6 27
4 38
6 4
8 39
5 87
10 8
3 75
2 42
1 16
5 43
8 44
3 15
10 19
5 9
6 53
7 36
7 50
3 46
3 44
10 92
6 44
10 52
10 91
3 100
9 95
6 60
2 7
10 88
5 79
7 63
5 5
6 4
4 42
4 100
8 78
10 45
1 72
2 39
7 88
10 68
2 90
1 13
8 68
1 95
1 28
10 28
9 57
1 45
1 25
6 37
2 80
7 76
10 11
10 29
5 32
6 50
7 93
6 94
1 16
8 10
6 79
4 9
2 17
4 93
1 53
5 96
2 66
3 31
3 89
4 51
4 100
2 53
2 32
6 100
9 74
6 39
7 2
4 36
4 28
2 21
10 64
3 58
2 18
8 44
10 27
3 4
8 55
3 67
1 24
1 47
10 67
3 23
9 83
2 61
6 75
5 17
4 53
4 18
9 74
4 61
9 88
7 69
2 47
4 31
1 75
3 9
5 3
1 66
2 96
7 47
3 62
2 1
8 1
2 44
4 22
5 27
6 92
9 41
5 57
8 64
9 71
4 44
3 30
5 100
6 43
7 98
3 72
2 89
3 10
5 13
5 20
10 66
7 27
8 77
8 57
4 19
9 27
2 72
1 75
5 5
3 51
7 43
10 70
2 61
3 69
1 96
1 58
8 98
6 9
10 64
3 26
1 69
5 3
3 40
9 94
5 41
2 49
7 21
7 8
1 53
4 31
4 62
2 52
10 46
3 46
6 42
4 49
1 64
7 71
9 4
7 61
4 48
6 35
3 81
1 53
4 68
9 15
8 30
6 43
10 44
7 67
5 20
4 73
9 45
6 100
10 81
8 18
3 10
3 43
1 21
1 2
3 60
8 33
3 48
1 99
5 35
4 26
1 65
4 92
3 16
7 32
8 86
3 6
9 22
1 91
7 48
9 58
8 75
10 81
5 77
5 84
7 50
2 41
2 5
1 76
6 9
10 45
1 27
2 28
7 94
10 17
7 72
1 74
7 47
7 15
8 68
4 53
1 51
2 59
10 17
5 9
10 83
7 94
3 37
9 69
4 80
5 20
7 77
6 82
8 50
9 80
6 30
7 35
3 56
7 96
9 97
2 60
4 8
10 31
1 60
1 5
9 65
7 13
9 75
3 94
4 97
9 70
5 30
9 93
4 42
7 4
8 79
9 85
6 55
6 84
3 82
9 27
4 34
2 50
7 31
10 97
8 40
8 67
6 20
6 1
7 65
8 68
8 49
1 92
4 19
4 78
2 74
8 4
4 65
2 72
5 29
2 20
9 91
8 82
3 77
8 57
9 22
2 78
5 47
10 88
7 66
8 83
2 97
2 96
1 31
10 40
9 99
4 34
1 26
9 35
3 80
2 45
5 18
6 84
8 56
10 77
3 58
4 61
2 1
7 14
10 32
5 77
10 52
7 32
3 33
6 98
9 78
3 26
2 32
5 77
10 92
8 41
2 36
7 27
2 41
6 95
2 11
1 79
6 1
2 38
9 67
9 12
7 46
6 8
9 35
3 81
7 24
3 18
2 44
2 57
10 46
8 3
1 66
2 30
2 16
10 99
10 86
5 15
6 12
5 26
7 55
10 4
8 51
5 33
5 82
5 79
8 39
2 49
4 100
6 54
6 5
2 17
10 32
8 69
5 41
2 82
3 7
7 91
9 54
5 53
10 42
6 41
5 65
8 98
1 92
8 56
5 58
7 29
4 71
2 21
2 85
4 41
10 49
9 12
5 4
6 7
7 24
9 23
10 91
8 34
4 48
1 94
5 62
5 22
6 61
2 15
9 22
6 6
5 67
8 81
4 93
4 79
6 96
9 18
9 85
10 16
10 86
9 14
4 82
8 66
10 27
2 55
10 94
8 31
1 39
8 1
7 38
9 4
8 61
3 9
8 64
3 45
10 3
2 99
6 100
10 81
3 73
9 13
5 65
9 25
5 11
5 32
2 38
6 67
6 45
9 84
8 63
6 65
9 59
5 25
8 44
8 57
10 87
10 30
2 18
1 31
1 72
2 42
7 58
6 68
9 67
9 15
10 39
10 75
6 63
3 52
5 84
5 4
2 57
2 57
1 97
8 6
6 34
10 31
4 69
1 62
9 90
4 38
4 23
8 40
4 24
8 57
5 31
2 43
2 59
4 9
9 63
10 34
5 93
7 96
1 72
8 66
9 75
9 65
10 27
10 99
4 77
8 94
10 78
10 25
10 5
7 8
5 11
7 70
3 81
1 91
6 69
8 28
2 78
2 73
6 92
10 13
5 5
3 73
7 67
6 31
8 78
1 13
3 9
5 23
4 17
9 14
3 19
5 23
7 67
9 76
1 37
10 86
2 84
2 97
5 82
7 45
1 72
2 1
8 66
6 81
7 11
2 16
3 87
9 8
6 46
8 48
3 7
9 54
3 5
6 54
6 78
4 18
6 13
6 62
6 50
2 75
10 78
8 37
2 91
3 63
1 79
10 48
7 17
10 4
3 74
1 8
3 27
3 55
6 87
3 10
8 79
3 10
2 73
9 33
5 39
6 63
3 30
8 68
7 40
2 25
10 13
7 59
5 62
5 91
7 48
1 11
8 60
4 62
10 77
1 9
8 86
4 69
3 51
10 77
2 50
9 8
7 56
9 64
2 78
3 40
8 93
2 7
7 98
5 42
7 35
5 99
7 28
1 41
4 85
10 29
10 14
7 2
6 1
1 77
7 31
5 20
9 58
1 77
5 99
3 99
6 21
10 9
3 42
6 54
5 22
7 82
5 69
10 19
10 97
5 4
2 6
7 31
7 75
8 90
2 19
7 17
5 44
8 2
6 91
2 97
2 12
1 67
1 13
2 83
3 80
8 20
2 14
6 38
10 64
5 80
6 20
7 95
6 76
7 90
3 19
10 38
5 97
10 84
4 82
5 85
6 70
7 1
3 20
3 45
1 29
5 36
7 41
7 14
8 85
9 85
3 83
8 96
1 67
10 81
2 27
10 82
1 43
4 83
8 59
1 4
9 42
2 11
7 83
10 94
3 31
1 83
4 27
4 96
3 23
3 66
9 48
5 45
3 59
1 59
1 12
10 98
3 66
10 8
8 52
3 22
5 1
2 33
4 97
5 37
10 1
9 59
7 66
9 15
5 97
5 27
4 26
6 12
4 95
7 91
6 4
10 47
5 97
8 65
7 55
2 69
10 33
10 21
6 40
1 100
10 27
8 17
5 9
10 22
5 55
7 52
9 57
8 84
5 85
9 17
7 29
10 5
10 47
6 75
6 50
7 19
5 67
5 64
8 58
5 79
3 39
8 67
1 78
4 23
8 79
2 80
4 42
7 28
8 87
5 89
5 1
4 61
1 15
7 68
1 52
9 64
7 48
5 9
5 96
6 54
6 85
4 10
10 18
5 52
4 37
3 35
8 49
3 70
1 9
7 1
10 44
8 28
8 56
6 44
9 61
2 61
1 100
3 92
9 30
1 58
7 92
2 33
5 12
2 49
7 22
4 92
1 16
7 12
3 4
9 94
4 89
5 69
10 5
1 100
1 93
4 33
9 58
9 59
9 85
1 59
6 46
9 11
8 75
9 48
9 96
1 6
8 79
4 2
5 54
5 24
9 48
8 3
10 81
6 38
10 41
5 60
10 21
4 48
10 15
2 35
2 36
6 32
6 83
3 68
4 84
7 78
2 82
1 9
5 10
7 96
1 2
6 3
4 99
3 58
1 72
1 59
7 59
6 76
10 53
1 78
6 2
5 36
4 99
8 22
5 98
3 79
2 79
5 89
10 88
10 33
4 98
1 73
4 11
2 67
3 74
1 5
8 90
4 93
4 80
10 56
3 67
3 26
4 45
9 42
3 48
9 77
7 74
6 88
6 75
7 55
10 22
9 44
3 99
3 49
1 24
9 16
8 94
3 93
10 63
8 25
3 70
10 98
9 36
6 54
5 26
4 70
3 28
1 80
8 61
4 45
5 96
2 53
4 71
3 60
10 6
1 15
3 40
7 28
6 43
2 16
6 6
8 15
6 16
8 17
9 23
5 35
9 7
6 48
5 58
1 60
6 41
6 4
3 96
7 84
7 79
1 61
6 21
7 14
1 23
9 82
1 70
3 77
9 37
1 49
2 66
6 59
2 28
6 91
2 24
8 17
5 68
5 78
4 52
1 7
10 8
6 29
2 15
4 18
1 7
5 47
9 73
7 55
10 64
2 69
5 34
10 59
8 75
1 75
7 87
2 74
5 51
5 99
3 8
5 90
5 76
3 91
10 65
8 67
10 20
2 70
7 39
3 6
6 96
2 83
8 30
10 36
6 29
5 67
5 38
10 45
9 5
2 61
10 72
7 59
8 33
4 53
9 55
10 34
7 10
10 11
2 65
10 19
10 86
9 27
10 53
1 7
1 25
6 64
1 16
5 47
3 90
1 39
