7 47
5 40
2 49
6 100
10 87
5 68
1 73
3 56
8 14
3 67
8 62
2 79
1 5
1 67
4 70
4 33
4 80
5 29
9 65
9 85
7 88
1 33
7 81
3 22
3 5
7 40
7 70
2 70
8 14
9 11
6 48
3 95
10 5
8 67
10 46
8 74
1 66
4 85
7 38
4 29
7 36
10 32
2 94
7 78
6 65
3 71
2 59
9 4
9 84
6 74
8 33
6 26
8 43
6 82
9 11
1 29
9 84
6 44
1 61
7 76
6 42
1 44
5 49
4 15
8 51
8 91
1 97
8 63
7 4
3 18
6 89
2 73
6 6
8 86
10 55
8 64
5 76
9 16
1 77
10 53
5 36
8 80
6 94
2 23
2 89
10 92
6 30
8 30
3 16
1 4
6 5
7 17
8 81
10 57
8 40
7 82
7 28
8 23
1 69
2 98
4 2
9 73
7 58
8 12
6 75
7 69
9 54
9 8
5 87
8 78
4 64
7 90
8 79
3 39
7 21
3 57
3 11
4 99
9 23
2 22
7 27
8 25
8 34
5 89
6 84
3 67
7 85
2 4
3 41
8 68
8 19
6 84
2 76
10 43
10 76
6 9
3 32
6 28
2 22
1 47
8 38
7 40
1 22
3 81
6 38
1 22
3 18
4 79
10 53
3 54
4 42
5 29
8 10
8 90
5 82
9 35
10 86
6 89
2 59
10 20
6 98
8 2
6 87
7 89
4 1
1 7
7 71
6 29
4 24
9 96
5 72
6 4
1 76
6 34
6 73
8 2
2 44
10 66
5 37
7 31
1 34
8 46
9 83
3 34
6 28
9 28
10 62
7 16
1 12
5 8
7 95
2 47
1 50
1 40
4 100
1 85
8 14
10 71
6 80
9 3
8 52
4 96
6 24
1 76
1 22
7 70
9 45
2 50
4 54
8 59
1 69
2 22
2 38
7 78
4 81
7 38
3 94
1 83
5 85
4 23
5 66
6 52
4 92
9 48
6 58
2 3
10 43
4 15
8 31
4 40
6 83
1 65
5 64
3 53
9 93
4 91
5 56
8 98
9 72
4 1
10 56
2 32
7 55
3 23
5 63
1 79
4 24
1 64
2 31
6 19
10 65
4 57
4 95
9 20
4 47
9 52
4 5
9 95
10 91
4 15
10 83
2 45
5 80
4 84
1 68
2 55
8 76
3 20
10 5
2 18
4 32
8 62
7 97
2 90
1 30
8 15
6 27
2 89
9 74
3 37
6 89
4 63
4 3
3 38
9 24
3 41
5 84
10 15
3 44
9 3
3 6
1 42
5 95
9 23
3 58
4 35
7 59
4 45
7 29
6 100
8 57
2 71
6 81
7 2
3 30
6 65
8 15
10 14
8 94
3 95
1 92
2 65
9 33
10 75
1 78
1 93
2 37
6 74
7 58
4 36
5 75
9 52
3 89
6 88
1 54
3 34
2 93
4 100
7 9
7 72
3 67
7 19
4 82
6 29
1 28
2 21
8 15
8 24
8 49
5 43
7 14
8 14
1 45
4 43
10 74
2 76
4 3
2 91
7 81
6 48
3 66
7 64
6 81
1 65
6 51
1 73
10 21
1 9
10 95
2 63
9 12
5 88
10 23
9 32
5 62
8 87
9 73
6 10
8 27
4 51
1 90
3 27
5 13
7 82
5 55
1 16
8 94
6 90
4 82
1 15
10 85
10 79
9 64
9 91
2 19
2 63
10 98
4 24
9 56
10 89
2 70
8 97
8 93
10 36
8 76
10 4
1 81
1 98
5 19
1 54
5 95
7 80
10 71
8 97
7 11
10 14
9 27
9 48
5 86
3 93
10 54
8 66
4 72
2 30
5 67
7 68
6 85
5 38
1 70
4 18
4 66
3 9
8 50
4 70
2 47
6 73
8 75
6 54
5 48
9 94
9 35
3 5
8 86
6 49
7 95
7 54
9 89
5 27
9 80
10 62
6 69
1 32
2 16
7 64
1 67
2 74
5 84
5 84
10 26
1 77
6 53
9 66
9 56
9 50
1 41
8 62
1 60
10 66
4 52
9 35
10 99
4 26
6 93
8 58
5 57
1 50
8 100
10 6
3 83
7 72
3 39
7 42
10 52
4 56
2 43
9 64
9 34
8 11
7 90
3 6
8 91
6 69
7 97
5 37
6 50
1 8
5 4
3 48
5 17
1 16
8 10
2 35
10 42
4 27
4 48
6 66
2 76
9 85
7 75
9 48
3 72
8 78
2 52
4 46
4 15
10 100
10 96
8 3
7 44
4 56
6 46
6 79
8 12
10 46
6 94
4 23
5 15
3 11
1 50
9 41
6 17
4 11
8 74
9 37
7 96
8 21
5 61
6 24
4 94
7 8
4 67
7 25
10 49
2 61
4 2
5 16
2 53
5 49
4 99
4 77
8 58
7 90
4 84
8 99
5 68
7 15
2 77
1 23
5 8
7 66
4 33
9 48
3 89
1 78
1 96
2 58
4 2
10 59
1 52
2 65
5 92
9 23
7 9
8 45
8 86
2 96
1 94
1 37
4 31
2 39
7 40
9 13
10 51
3 20
7 59
7 29
9 63
5 76
7 78
8 50
8 80
10 9
5 22
1 38
8 41
1 14
1 31
9 26
9 43
4 58
8 36
8 73
5 74
7 59
7 9
6 59
9 26
2 48
2 56
6 68
2 4
7 97
3 62
7 76
9 32
6 99
10 56
5 46
4 51
10 39
7 88
3 32
2 88
4 73
9 76
2 18
7 48
6 11
8 20
2 32
4 76
1 61
7 65
4 95
10 43
4 72
9 46
5 52
1 78
1 69
10 39
4 18
6 49
2 32
6 89
3 66
9 93
9 23
3 75
10 46
8 90
1 50
6 4
8 36
5 80
9 58
2 32
7 86
6 71
7 68
6 86
4 45
6 72
9 97
8 89
6 36
6 76
6 57
4 85
5 51
2 26
4 54
1 40
7 10
4 58
2 32
1 98
7 94
7 42
10 15
2 3
7 52
9 44
10 38
6 58
7 58
5 87
1 24
4 62
7 76
10 82
2 26
7 50
5 96
3 85
2 14
5 14
1 99
6 60
5 79
6 57
5 37
7 57
8 16
5 94
9 69
1 90
1 28
6 69
1 8
4 38
1 96
9 21
4 45
2 11
9 70
4 37
5 24
9 74
2 38
7 29
6 32
7 48
2 72
10 96
6 50
1 61
10 75
10 84
8 93
10 100
9 6
8 43
9 22
6 43
7 62
2 54
10 83
7 46
9 36
1 30
8 2
4 1
8 58
10 68
5 8
9 56
1 27
4 90
10 36
8 9
5 97
6 22
6 43
1 85
4 92
7 63
5 75
6 28
3 9
2 37
1 58
4 80
5 57
6 75
3 45
1 46
1 45
3 68
5 48
4 98
6 34
2 24
10 50
7 17
5 96
10 57
7 74
5 58
2 72
8 21
10 59
4 39
1 52
10 48
9 77
5 71
9 43
1 36
2 90
8 39
1 28
1 91
3 45
3 95
1 21
3 48
6 83
1 64
4 21
9 83
7 3
5 77
8 20
3 96
5 52
4 15
3 11
1 72
6 39
2 11
4 63
1 25
2 100
10 93
9 44
9 20
9 41
1 8
1 96
10 63
5 100
6 26
1 59
3 22
7 71
1 42
7 77
7 99
3 100
4 73
4 13
6 92
9 16
10 92
8 78
5 73
9 42
9 14
4 67
7 8
6 94
8 12
9 37
5 3
2 60
3 74
3 53
3 90
8 48
9 80
2 21
9 19
6 33
4 24
1 86
10 99
1 12
8 68
8 86
6 44
8 91
6 99
8 6
6 66
1 33
1 30
2 62
4 80
8 53
8 64
4 19
9 34
1 16
1 80
1 49
2 22
4 86
1 79
6 22
3 61
3 54
3 37
4 6
9 49
4 92
8 6
7 7
10 66
7 91
4 91
8 36
4 74
9 21
1 72
2 32
4 79
6 88
10 8
2 74
4 93
9 60
7 18
4 95
9 74
9 65
5 8
5 41
3 3
3 7
2 88
2 28
9 38
6 90
9 13
1 24
7 60
7 14
1 24
10 44
2 54
6 1
3 72
1 11
3 30
6 21
1 84
8 82
8 16
1 77
8 2
1 26
6 27
4 57
3 3
2 1
1 83
1 52
3 28
9 89
1 70
2 7
1 88
5 18
3 73
5 29
8 52
3 23
9 85
7 50
1 17
8 34
4 48
6 6
2 66
3 10
10 59
6 65
1 68
9 77
10 60
4 49
1 3
5 11
10 27
5 37
10 12
6 23
7 6
7 74
7 23
5 15
8 90
1 78
6 48
4 69
1 29
7 42
8 43
5 67
9 56
6 53
10 30
9 8
5 64
9 97
3 59
10 89
5 26
2 94
7 76
9 48
5 93
8 100
9 48
2 69
10 16
5 39
6 57
7 57
3 82
3 86
9 18
6 49
9 60
2 31
1 72
7 97
1 63
4 46
