1 76
3 75
3 82
10 74
5 97
5 56
6 32
7 84
6 48
6 86
1 2
7 74
10 36
3 95
2 66
1 56
9 46
9 91
9 10
3 50
3 10
10 32
6 74
10 27
2 85
2 44
2 8
2 17
7 82
6 51
4 97
5 29
3 3
4 44
4 23
5 29
2 42
5 89
3 63
5 24
1 71
10 69
2 21
1 86
9 18
9 55
6 36
6 94
5 95
9 83
6 25
10 57
6 43
1 89
8 49
2 57
3 49
6 34
3 30
8 48
3 12
6 92
1 92
7 93
8 1
4 94
8 97
3 79
10 95
1 91
7 43
8 27
8 5
2 53
8 90
9 32
2 95
7 84
2 100
5 42
5 95
5 39
3 86
3 18
5 75
7 15
4 30
2 53
7 69
9 88
1 13
9 10
1 13
7 69
3 92
7 15
7 35
1 100
5 97
6 76
2 16
3 29
1 40
8 44
9 74
7 26
10 36
7 77
5 33
3 61
4 77
4 89
1 66
5 83
4 85
1 65
10 4
2 89
2 9
7 68
3 25
5 79
9 74
9 90
8 2
3 46
8 54
5 55
8 84
1 59
8 10
9 71
6 80
10 48
9 48
9 89
5 96
1 95
10 44
5 69
5 86
9 55
6 48
7 51
9 61
9 85
10 93
8 44
9 76
5 68
4 77
2 18
8 64
3 42
5 45
9 29
10 79
10 37
6 54
1 62
5 45
4 79
1 61
2 77
4 11
8 19
8 77
10 71
10 53
4 29
4 9
9 15
10 59
5 46
4 24
9 68
1 52
2 74
4 83
10 65
10 11
6 48
2 87
5 2
2 15
9 50
9 21
7 23
5 16
2 72
2 15
1 32
4 98
10 23
4 58
9 77
6 91
7 15
10 76
7 21
2 77
2 95
10 100
8 68
10 11
5 57
7 10
3 51
3 71
8 81
9 10
1 40
1 70
1 100
9 7
10 8
9 85
5 23
7 7
3 39
10 40
4 99
5 22
6 96
3 34
2 32
7 52
3 20
9 50
1 84
5 40
4 57
2 93
3 58
8 97
10 16
10 39
2 17
5 2
9 4
9 29
1 68
4 64
3 59
7 5
7 1
2 12
7 58
6 51
2 72
7 71
1 42
3 12
2 83
3 91
7 23
3 98
7 38
7 76
8 81
3 56
6 9
7 6
4 71
8 17
2 46
9 15
1 90
8 62
8 6
4 27
10 1
6 79
7 100
6 10
7 36
4 60
5 39
8 54
5 30
7 33
4 46
2 24
1 72
6 75
6 80
8 41
6 25
6 90
2 8
2 18
6 58
4 3
2 51
10 85
3 85
8 85
7 90
7 27
8 35
2 73
3 87
5 62
3 68
10 56
4 100
1 75
2 27
4 42
3 29
9 43
1 88
2 46
1 85
8 98
10 12
1 2
3 5
7 97
7 73
2 29
3 50
8 29
7 44
4 40
6 86
7 38
1 57
6 28
2 99
6 69
1 47
8 56
2 92
8 51
10 45
3 73
9 93
3 65
9 97
7 95
6 88
2 21
7 30
8 23
9 48
7 7
6 91
8 84
1 95
2 38
5 36
6 32
3 66
6 90
1 98
1 6
9 65
8 29
6 7
5 66
6 25
5 20
10 57
7 15
7 67
3 97
8 93
2 77
5 43
3 20
2 10
5 49
9 24
1 84
3 81
7 27
5 92
8 33
5 8
4 39
4 86
7 13
10 82
10 54
1 78
4 76
6 98
2 83
6 41
3 70
2 56
9 21
3 71
4 49
7 98
3 49
8 86
2 61
4 32
7 70
1 57
3 18
2 70
3 14
10 36
6 33
2 32
3 47
9 28
1 25
5 32
5 80
6 57
4 82
8 74
10 48
1 22
10 56
7 29
1 92
9 93
4 8
4 72
2 19
7 77
9 12
4 65
6 70
9 77
1 70
5 70
10 2
9 12
7 93
1 36
1 10
3 32
4 12
10 49
2 43
1 74
10 14
7 91
7 6
1 41
10 48
3 4
2 18
6 100
4 38
5 70
2 44
7 78
10 47
8 35
4 44
8 57
8 20
6 15
7 8
6 53
5 46
7 62
5 5
8 28
1 65
1 48
2 90
4 10
5 33
7 29
8 58
4 71
1 25
1 92
1 39
7 82
9 68
10 70
10 55
7 25
6 81
5 2
4 92
1 84
9 9
2 60
7 62
8 1
7 69
3 88
5 40
2 14
8 82
1 25
9 64
4 20
9 91
7 7
4 26
1 32
5 43
1 99
8 49
5 38
3 77
7 44
5 28
5 75
9 69
3 74
5 76
2 24
4 74
3 73
3 60
9 6
5 12
7 83
4 34
2 37
4 33
3 83
10 29
1 8
8 9
4 58
6 79
9 97
2 63
9 25
9 26
7 90
8 27
2 96
8 20
10 93
10 60
9 51
9 84
10 1
5 28
2 32
3 77
3 51
1 73
4 22
1 27
2 77
7 32
1 18
9 43
10 27
6 14
7 69
3 21
6 50
4 36
7 98
4 57
8 38
6 36
9 86
3 93
6 18
2 48
5 32
2 66
9 84
8 63
1 56
9 100
1 87
4 65
4 42
6 49
7 47
4 49
5 30
6 26
1 57
5 98
2 50
2 11
6 33
10 8
1 69
1 65
7 65
2 46
1 56
2 7
5 16
9 3
2 65
8 3
8 62
6 23
3 46
4 100
10 52
10 89
4 12
1 100
10 66
10 51
3 22
3 53
4 59
10 3
6 20
10 56
10 53
1 18
8 38
6 99
5 91
7 93
3 8
2 36
1 36
4 17
3 90
6 41
10 3
2 96
3 19
7 58
1 78
10 32
5 59
5 62
6 13
7 96
8 2
8 43
10 18
1 23
5 4
6 64
6 4
3 46
2 69
6 51
7 82
1 15
1 72
5 66
10 14
3 2
3 14
4 79
7 60
2 22
7 81
2 58
1 10
7 86
6 35
4 71
1 27
5 38
1 94
1 67
6 11
3 25
6 83
8 54
3 6
7 13
6 41
5 27
3 62
2 84
6 45
6 68
3 3
9 66
4 45
7 33
4 26
1 98
9 46
1 50
2 24
2 52
3 28
4 23
2 74
4 6
4 30
3 9
7 93
7 50
2 48
8 52
6 77
4 43
10 79
9 44
8 27
5 92
4 85
6 10
8 28
3 58
10 91
1 42
8 21
6 67
9 52
5 15
10 6
10 23
6 13
3 92
3 98
7 29
4 89
10 59
10 79
3 36
6 92
10 98
3 59
7 79
4 49
5 84
8 43
4 31
10 5
8 14
5 37
10 81
7 11
1 44
9 23
3 79
10 40
5 35
10 80
6 49
8 22
4 70
3 31
6 86
8 87
7 50
2 16
5 94
2 9
8 15
3 96
10 87
2 96
2 79
7 46
10 26
3 48
6 96
1 91
10 48
4 34
1 56
9 79
8 8
10 76
9 62
4 14
6 81
9 16
1 15
4 51
3 17
2 3
8 43
1 5
6 2
3 95
5 72
8 10
6 62
7 39
3 79
10 54
8 72
3 67
5 59
2 14
3 55
6 98
1 60
5 87
1 3
4 90
6 29
5 69
9 100
4 12
10 47
8 66
5 80
5 30
8 96
4 3
2 43
8 58
7 1
1 23
5 96
10 94
5 45
6 17
3 26
3 80
4 23
1 96
9 66
2 33
1 32
10 26
4 73
1 27
4 95
10 95
3 92
9 52
3 38
10 65
6 62
2 10
8 1
1 23
3 57
4 7
1 75
10 4
8 18
7 76
3 46
2 26
8 20
5 56
7 30
8 73
8 89
2 35
2 86
7 15
7 86
6 45
3 43
5 83
4 57
10 34
3 34
6 4
2 91
3 5
4 31
4 17
3 1
2 3
2 21
9 88
7 80
5 2
1 11
6 73
4 35
2 57
1 75
1 94
6 29
10 60
5 14
9 5
1 45
1 22
3 92
1 51
9 96
7 71
3 7
7 97
4 19
2 96
3 32
10 54
1 71
6 84
9 55
7 10
4 22
7 55
8 42
2 38
5 29
4 8
6 74
2 63
9 17
4 88
8 23
4 14
9 24
1 46
4 70
8 2
6 27
4 54
8 78
8 39
9 3
9 93
1 37
1 59
9 14
3 89
2 79
8 93
2 12
8 98
5 27
1 99
9 81
5 21
10 86
10 65
3 83
1 89
5 53
7 25
8 9
3 46
6 47
4 19
4 56
4 48
5 46
4 28
3 22
1 78
1 60
1 40
9 32
2 57
3 76
7 41
6 71
1 56
6 20
4 24
1 4
6 39
7 70
2 73
9 53
3 30
6 34
8 72
5 70
10 20
7 91
5 76
5 43
8 10
9 35
8 8
5 94
2 56
5 33
2 66
9 100
5 80
1 46
8 14
7 54
2 56
1 22
3 33
4 77
4 69
4 94
6 39
4 25
8 38
10 49
1 59
8 63
5 1
6 45
6 100
3 84
5 98
8 53
8 88
7 54
10 89
