3 46
10 88
4 34
3 27
3 57
7 75
3 52
5 82
3 14
5 35
9 32
8 65
4 57
5 8
6 10
8 6
2 49
3 22
5 20
4 50
7 21
7 19
3 18
4 39
4 4
8 3
9 28
3 31
6 70
9 91
1 49
9 24
7 99
7 21
9 12
2 4
10 5
1 12
2 35
3 84
1 75
6 30
6 92
5 18
1 45
3 31
7 88
5 53
3 92
6 97
3 64
6 38
2 45
8 48
2 46
1 34
10 27
5 4
4 75
7 28
4 71
3 91
10 28
3 21
7 8
3 58
1 50
6 35
1 77
6 21
5 32
3 1
6 19
8 61
2 9
6 15
3 2
7 4
10 36
9 8
10 79
5 16
9 50
4 60
2 100
7 1
9 56
1 76
5 17
10 2
7 47
4 83
3 55
8 56
7 29
10 73
2 81
10 20
7 55
6 1
10 4
3 31
10 6
7 92
10 4
9 69
7 84
3 81
8 6
3 21
5 34
3 16
9 85
8 77
7 61
2 74
10 75
10 55
4 99
5 40
3 91
6 56
4 81
10 25
3 79
8 13
6 100
8 59
9 17
3 18
7 81
2 82
3 66
6 53
7 50
6 70
9 36
9 6
4 69
2 47
2 69
9 82
5 62
4 36
4 83
10 14
1 46
8 26
10 86
8 54
7 96
3 56
8 37
10 59
1 8
1 38
6 46
3 43
4 8
6 44
1 64
10 2
7 29
2 33
8 57
8 21
4 36
7 78
3 19
2 20
2 75
2 35
3 37
10 76
4 75
10 78
1 68
1 87
1 49
2 28
7 100
6 65
1 23
8 81
10 70
7 55
2 5
10 65
4 1
4 90
9 66
2 71
9 52
4 62
9 6
1 59
10 79
10 56
10 31
10 9
2 86
2 14
1 58
1 1
6 24
6 27
7 89
5 83
7 38
1 73
7 1
9 42
3 26
5 89
2 19
3 34
4 59
3 83
4 51
3 47
8 100
7 97
7 77
9 41
5 78
4 74
2 13
1 8
3 76
2 85
2 100
1 83
9 65
4 12
2 8
3 87
3 46
5 55
1 26
5 34
2 94
4 24
8 83
10 34
4 27
5 98
4 44
6 85
2 16
10 72
3 60
10 100
8 10
10 97
1 91
2 90
6 17
3 71
6 14
8 67
3 70
1 17
7 27
1 63
4 92
2 83
2 95
5 50
2 32
1 7
3 32
6 68
6 47
6 31
10 42
3 72
10 32
10 7
2 72
1 10
8 44
8 42
1 93
8 27
2 16
8 65
4 69
10 45
3 27
5 1
3 56
2 53
8 51
10 51
7 91
4 6
6 38
4 87
9 99
9 37
1 74
6 80
9 99
6 4
5 43
6 12
1 71
4 65
1 61
4 97
2 5
8 18
7 100
1 88
10 89
5 21
5 46
7 94
4 62
7 15
6 41
8 83
8 68
1 5
4 47
3 77
1 33
10 92
9 11
9 20
5 30
3 34
8 11
9 37
3 52
6 28
7 34
6 100
8 10
4 81
8 77
7 56
10 47
3 17
9 68
5 7
4 38
5 49
1 83
3 12
1 68
1 91
7 42
8 42
4 93
10 12
6 91
2 96
7 36
2 4
10 13
5 93
9 17
7 70
6 72
6 3
5 91
8 9
3 5
8 53
7 90
3 11
3 81
5 83
6 15
7 23
3 3
7 98
2 89
4 84
6 48
4 82
1 63
10 98
4 75
9 90
5 80
1 42
4 63
4 51
8 73
6 91
8 46
6 47
3 71
5 92
4 21
1 93
1 64
2 94
7 44
5 23
10 68
3 21
8 89
3 94
10 5
6 99
6 70
3 70
2 53
7 10
6 16
10 13
9 45
10 68
3 12
8 74
5 73
2 27
10 26
3 32
6 68
8 16
10 6
6 49
7 94
10 89
3 69
3 57
2 86
3 13
4 47
7 90
5 99
6 68
1 52
7 63
9 93
10 94
5 16
9 67
1 27
10 90
3 68
7 12
8 35
6 72
8 28
3 51
4 35
2 13
1 57
7 24
3 60
10 40
8 74
3 4
2 59
10 45
9 61
4 60
2 69
3 31
4 29
4 45
1 32
6 54
1 51
3 92
8 30
5 47
6 42
2 100
9 38
9 29
4 4
6 29
10 60
6 27
8 92
2 96
7 19
2 51
3 48
3 82
5 94
10 99
6 14
8 56
6 1
3 43
3 1
2 69
7 35
6 47
9 91
10 13
4 23
6 59
6 5
4 33
6 17
5 63
9 36
4 46
3 19
5 27
7 3
10 89
3 58
4 89
7 72
8 55
9 5
4 43
4 58
7 63
6 62
3 68
6 2
7 24
3 73
8 32
7 16
9 98
2 66
2 62
5 4
4 57
4 40
6 7
10 87
8 40
5 65
7 82
8 29
1 1
6 46
4 19
8 14
8 3
2 46
2 37
5 43
4 33
2 4
4 10
1 4
5 26
1 67
7 8
4 53
10 45
1 15
3 63
4 11
1 68
1 30
7 99
6 61
8 70
9 62
10 81
10 49
7 99
2 7
4 83
5 6
5 64
7 35
8 94
1 93
4 33
7 59
4 100
7 30
10 17
10 69
10 80
5 74
3 81
8 86
8 2
2 64
8 70
10 22
2 85
8 49
3 42
4 72
10 56
9 82
8 60
1 61
5 74
6 70
3 62
7 27
1 35
3 74
5 12
10 53
9 23
9 71
7 24
10 74
1 6
3 80
4 93
8 19
3 64
2 47
5 17
1 6
5 84
3 66
9 41
5 95
7 46
10 95
1 41
5 12
1 42
10 38
6 18
9 18
9 21
2 3
5 14
2 40
2 13
4 62
3 52
3 36
3 43
8 17
3 39
9 91
8 86
9 78
8 93
6 87
2 30
1 35
8 33
6 80
6 39
5 52
5 7
4 93
10 22
9 5
3 17
8 54
10 12
5 30
8 73
5 33
8 23
6 4
3 19
8 71
10 34
4 10
9 77
2 30
4 6
8 70
1 79
7 25
9 9
1 60
3 34
2 53
8 48
9 28
8 83
10 20
9 26
2 5
10 23
5 45
8 36
2 50
2 37
6 5
4 20
8 45
5 37
7 62
10 60
2 48
7 56
5 27
1 94
10 34
6 43
7 33
1 99
2 40
3 31
6 5
5 98
9 37
2 40
8 72
8 92
6 52
3 84
9 25
4 87
1 83
10 3
1 87
1 68
3 39
10 38
5 77
3 87
10 56
9 89
8 16
4 75
4 80
1 14
3 21
5 80
2 5
6 45
4 9
10 67
6 8
2 64
6 6
9 38
4 38
3 11
7 93
10 58
7 95
1 39
7 68
9 90
8 87
8 79
10 43
9 3
2 11
3 79
3 76
9 28
7 51
8 38
2 8
8 85
7 67
9 29
8 73
7 37
4 31
9 28
8 11
9 54
2 5
9 18
8 14
1 29
8 67
6 18
1 52
1 39
9 43
1 13
1 36
3 37
7 72
6 89
8 36
7 1
3 84
7 25
7 56
2 36
3 9
5 35
1 25
8 26
6 66
6 60
8 38
3 93
6 61
9 32
7 59
1 47
6 37
3 49
1 26
1 66
7 7
10 94
4 16
7 23
5 29
5 41
7 43
6 58
4 84
4 11
1 2
9 34
6 11
6 76
5 57
8 95
10 7
4 13
1 72
8 85
8 49
10 12
4 53
1 7
2 47
10 20
5 1
2 99
10 80
2 8
1 61
8 10
4 11
3 2
9 2
3 46
1 92
1 21
9 94
4 57
2 48
5 17
5 66
7 25
7 23
5 15
7 89
4 36
4 21
3 24
10 97
6 86
9 51
2 25
6 82
4 76
9 13
10 21
3 4
4 93
7 51
4 67
10 13
4 92
1 38
7 11
2 97
3 3
8 2
10 46
1 80
7 27
3 71
5 44
7 92
3 59
7 6
6 71
5 73
6 20
6 50
3 3
1 63
1 31
8 21
6 78
9 84
6 99
9 98
10 10
5 96
5 94
1 58
5 12
8 98
3 77
6 1
5 85
3 2
9 31
9 92
2 83
9 11
4 20
9 78
10 68
3 28
5 3
6 56
3 52
3 12
2 74
10 3
5 75
2 7
5 18
1 95
9 99
3 92
7 13
10 7
4 33
9 39
8 46
8 45
9 44
4 86
1 21
1 88
7 27
6 29
5 5
7 61
1 70
4 83
5 92
8 68
6 44
5 21
10 38
8 39
1 9
4 4
9 51
3 91
5 48
9 81
9 56
7 12
10 98
5 93
5 30
3 71
10 67
1 79
9 24
7 39
7 2
1 58
1 72
8 38
7 94
5 65
9 34
5 34
3 20
4 50
10 38
8 83
9 9
1 8
6 52
8 77
4 11
10 94
9 35
1 44
2 5
3 40
3 60
8 21
8 49
2 48
2 98
5 71
7 19
10 8
10 77
4 48
9 40
5 25
9 45
10 32
5 29
6 51
8 81
4 83
6 96
9 98
8 74
