9 60
1 100
5 35
6 32
3 80
6 65
10 8
7 37
8 5
6 2
10 54
7 95
6 13
2 22
2 18
9 75
8 74
3 87
5 45
10 32
3 74
2 42
2 10
3 87
6 45
6 83
2 93
6 37
8 51
3 79
10 32
6 14
8 89
9 10
7 91
3 90
6 42
1 83
7 49
3 11
9 19
3 37
9 50
5 92
4 94
2 1
2 76
4 82
9 56
10 92
10 76
6 90
1 76
9 56
9 80
3 67
4 57
7 44
5 56
9 2
1 56
6 50
2 27
4 14
1 9
6 34
6 89
2 99
9 52
4 77
3 87
7 37
1 89
10 12
5 96
6 3
3 66
1 92
1 96
2 10
1 50
10 98
2 4
3 6
5 82
5 70
9 67
10 37
9 1
5 50
10 49
8 85
1 44
9 17
9 76
2 67
4 36
2 49
4 32
3 50
2 69
9 32
8 80
9 76
6 7
8 60
4 63
6 62
1 3
5 24
2 82
7 85
7 23
6 100
5 58
9 85
1 27
8 53
4 80
2 70
3 72
7 52
4 11
1 10
8 61
9 70
10 50
5 20
5 63
9 58
3 25
10 93
5 90
10 47
1 25
3 42
6 68
7 17
6 9
9 10
6 98
1 1
3 21
7 63
10 28
4 63
7 2
9 94
4 48
8 93
3 91
7 42
8 75
1 19
4 39
8 30
4 48
4 50
1 54
2 27
2 78
5 55
4 59
10 37
8 31
4 35
8 29
7 39
10 5
7 50
6 31
7 26
9 90
2 2
8 66
6 48
2 33
8 63
8 63
9 54
4 52
2 46
10 79
6 44
7 86
9 95
5 85
7 1
4 39
3 44
10 84
6 29
5 37
2 17
8 83
1 81
4 3
7 24
5 66
4 51
4 65
2 24
5 8
7 16
2 73
5 60
1 100
2 35
6 41
9 59
9 26
3 1
4 64
8 46
9 21
9 57
4 20
3 91
5 4
9 46
2 10
8 82
3 43
3 54
5 7
5 44
9 21
8 51
7 67
5 81
2 12
10 5
10 29
10 95
9 18
5 13
7 36
2 34
2 52
7 9
1 53
7 68
10 39
10 50
1 20
2 40
1 64
8 48
5 18
9 12
4 81
2 2
6 5
4 9
2 68
3 53
5 57
2 71
5 8
1 52
7 26
8 75
6 85
2 46
10 13
5 50
4 58
1 4
4 66
4 17
6 38
8 1
2 49
6 13
7 73
4 38
4 83
9 2
2 85
10 18
4 47
2 93
2 60
8 49
3 55
4 52
10 18
6 98
8 22
7 42
10 37
10 79
7 65
1 98
9 50
2 57
10 52
8 38
10 95
3 50
7 52
6 33
3 97
4 24
1 80
7 71
8 56
1 57
1 78
3 1
6 96
1 19
4 48
2 32
6 40
2 98
1 73
9 16
3 74
8 87
10 39
5 95
5 19
5 1
9 12
8 85
5 42
6 27
1 95
10 26
6 98
7 83
1 62
6 69
5 10
2 50
8 31
10 34
10 18
7 14
4 64
8 9
5 72
1 78
9 21
2 50
8 30
4 34
5 66
1 85
7 12
1 2
10 68
6 4
5 12
2 89
3 54
5 17
7 91
6 88
3 50
2 48
3 71
10 2
6 79
3 46
2 60
10 10
7 33
9 1
5 33
4 10
7 6
8 13
9 30
2 92
9 1
2 70
1 69
6 25
8 43
2 30
9 19
8 3
9 52
4 45
8 37
10 20
1 28
1 69
5 14
10 99
8 4
2 1
9 9
1 8
8 96
8 72
8 28
3 61
2 44
4 57
3 93
9 9
6 68
5 65
5 46
6 33
5 9
7 34
6 58
5 2
7 100
10 48
5 40
5 16
9 28
1 11
6 5
9 50
7 6
10 78
3 26
9 81
3 98
1 64
2 5
4 56
10 80
1 46
8 26
6 59
1 45
1 25
1 40
10 42
9 58
4 27
1 39
4 100
1 57
4 55
7 57
8 42
10 4
3 38
1 83
4 82
9 51
2 58
8 46
1 27
10 55
2 28
5 56
5 1
10 19
5 11
9 34
8 23
6 96
2 37
3 18
3 43
7 99
5 98
7 100
5 61
9 3
5 21
3 26
2 10
7 72
4 72
2 85
5 4
1 64
7 66
5 23
10 36
2 31
3 38
4 57
2 82
2 16
3 86
9 72
8 48
1 8
1 62
8 33
10 93
8 92
6 4
7 27
3 38
6 11
2 100
1 89
7 8
6 7
8 75
4 78
2 38
9 31
6 18
9 99
9 65
8 76
7 61
10 41
9 84
6 29
4 18
10 17
5 39
9 25
9 9
7 29
10 38
6 17
7 74
9 6
6 41
10 44
7 52
7 33
5 11
10 20
10 31
3 80
10 1
10 64
10 35
2 96
1 5
1 58
6 56
8 14
3 65
1 23
5 66
6 52
9 95
7 32
6 50
10 51
4 72
2 17
8 68
4 76
4 63
7 41
3 7
2 32
10 88
3 67
7 37
2 6
2 7
2 36
4 26
9 37
2 72
10 88
3 30
3 56
9 63
9 28
4 63
7 59
1 59
3 2
1 7
9 17
6 52
2 10
5 8
8 30
3 27
3 72
9 65
10 64
2 70
1 9
1 53
8 52
5 22
1 45
3 34
6 28
5 74
4 92
10 69
6 95
7 31
4 91
7 79
9 37
4 55
2 49
4 51
3 78
3 64
8 40
6 4
3 8
3 80
5 67
5 78
7 95
8 16
4 8
1 37
7 95
2 35
2 37
3 67
7 94
1 26
6 63
5 24
3 47
10 19
10 24
2 17
6 19
9 83
8 46
4 12
2 60
2 66
7 39
5 72
6 51
5 11
6 2
6 83
8 24
2 71
4 89
10 72
10 42
5 20
9 31
1 55
4 90
9 79
4 40
4 70
9 33
10 13
8 49
5 87
2 28
6 15
10 91
2 94
7 29
5 63
6 97
6 58
3 37
4 24
1 68
10 57
10 21
1 78
10 24
3 53
9 42
5 28
6 98
6 51
6 27
9 47
6 61
9 93
9 68
7 2
6 63
6 13
7 46
5 42
3 47
3 6
5 83
9 34
5 77
2 48
4 64
3 21
1 35
4 92
2 23
8 12
10 80
1 6
6 48
2 66
9 57
1 49
4 66
8 72
5 86
7 15
3 13
10 65
4 19
8 7
8 95
2 28
4 25
1 53
3 96
6 26
10 28
1 2
6 99
4 75
7 92
7 6
3 29
9 94
1 33
4 3
9 63
6 95
3 53
6 53
8 6
2 6
1 70
1 25
1 35
5 6
5 2
10 84
6 100
7 77
9 61
2 31
1 27
6 60
10 15
3 86
9 16
5 61
7 37
8 98
2 33
9 66
6 42
7 65
4 7
2 65
6 7
4 55
3 96
10 64
8 40
6 72
2 60
3 12
8 67
5 30
3 66
7 3
8 42
1 21
3 14
8 91
3 99
6 79
9 50
9 15
10 13
5 51
5 58
6 22
8 81
10 31
1 21
10 33
6 11
8 24
7 12
4 99
5 68
7 39
8 87
8 88
4 16
5 19
2 45
7 56
8 63
5 23
4 23
2 39
2 73
4 55
8 93
7 69
5 4
2 7
10 29
9 92
6 58
5 93
9 61
1 14
10 45
5 97
10 2
5 62
9 52
9 96
6 25
5 36
1 57
1 4
2 12
7 75
5 31
9 23
10 55
8 8
2 83
1 21
6 89
7 61
10 52
6 5
8 57
2 5
9 61
3 56
6 87
9 80
9 59
7 87
5 22
1 45
9 21
9 83
10 49
10 46
8 97
10 61
2 37
1 51
8 86
4 37
3 54
1 4
4 90
8 40
1 63
1 26
9 62
1 96
8 64
8 46
6 67
1 88
7 31
5 71
1 89
8 86
8 18
10 59
5 71
2 78
6 85
10 90
7 80
1 38
8 70
6 28
3 26
3 58
1 94
6 73
2 78
2 19
7 66
2 64
10 76
2 74
5 72
8 70
3 65
10 43
7 58
5 86
2 25
3 19
9 19
3 60
3 73
10 76
1 3
9 72
2 88
10 26
9 93
10 2
5 83
1 34
6 52
3 21
1 38
8 64
3 28
9 65
5 42
5 78
9 96
7 3
8 62
10 60
10 19
1 33
4 60
8 55
5 65
6 24
2 87
2 48
7 65
2 8
5 64
3 3
5 45
2 68
7 47
1 22
7 3
3 52
8 81
3 54
6 48
7 72
4 57
1 10
9 68
6 73
6 41
4 69
9 75
6 52
2 8
2 54
7 100
9 59
3 18
4 7
7 25
1 25
9 21
9 20
8 52
10 7
6 28
3 15
2 49
2 38
4 83
7 15
8 54
8 1
2 3
10 35
2 57
7 58
3 37
1 86
4 46
5 26
6 44
9 5
7 12
3 40
6 85
6 94
2 34
4 55
10 12
10 73
2 92
3 29
9 98
6 98
10 80
5 56
10 74
6 75
8 47
7 76
