10 28
9 36
10 23
10 76
7 88
5 70
1 45
6 64
9 30
6 31
9 39
2 48
3 50
8 4
8 45
6 88
1 13
1 11
1 46
10 84
9 12
2 7
10 66
3 55
9 69
5 38
2 100
5 6
5 95
8 73
5 50
5 56
5 96
7 40
1 25
1 26
4 38
6 53
10 8
5 89
9 52
5 75
7 14
10 8
10 88
4 72
3 85
8 13
7 48
10 69
8 35
10 85
4 46
6 74
3 62
3 14
6 62
4 52
4 21
5 90
5 36
9 65
2 51
1 7
3 20
7 53
6 21
5 10
10 92
4 80
5 92
7 42
3 22
8 75
1 18
4 19
7 8
5 93
3 11
7 89
4 62
8 11
1 50
4 8
7 12
2 6
2 39
1 12
7 26
10 51
4 96
2 20
5 33
4 94
8 82
5 52
6 84
9 94
7 38
7 60
10 53
5 48
1 46
6 68
3 24
5 37
1 35
2 96
8 97
9 50
4 15
4 99
1 35
4 35
6 34
4 54
5 1
5 38
4 74
3 80
5 49
3 95
10 12
3 68
4 61
2 43
3 62
3 16
8 63
1 27
8 73
7 82
5 62
2 84
8 54
2 66
10 29
8 6
5 87
9 56
5 37
10 87
7 36
8 8
1 96
2 83
2 4
5 15
8 62
7 63
5 59
8 58
10 76
7 59
7 74
4 72
4 33
2 37
5 81
9 50
4 50
5 10
7 58
9 30
1 43
1 86
2 52
4 34
2 94
7 49
6 48
8 23
5 88
2 66
9 7
10 48
6 25
5 20
5 79
6 26
5 30
8 44
3 45
6 20
2 79
2 88
9 10
4 66
6 96
10 52
2 92
2 7
4 97
8 73
9 68
2 92
9 36
8 55
6 59
7 28
3 15
10 88
2 2
10 16
1 80
6 9
7 84
6 18
2 74
6 93
3 96
5 48
8 43
4 78
5 57
1 8
5 93
1 57
6 40
2 10
5 55
5 67
10 62
1 59
8 51
8 48
8 76
5 49
10 23
4 66
5 20
2 34
9 87
2 4
1 78
10 84
2 46
8 92
3 70
1 47
1 54
6 39
4 19
9 80
9 90
3 49
5 15
6 46
3 55
6 15
10 7
5 45
10 42
3 55
2 45
2 57
5 89
2 76
10 33
8 81
6 27
9 17
3 14
3 49
8 87
7 48
2 20
7 62
10 97
2 52
9 26
9 15
6 14
4 25
10 67
3 28
7 50
8 9
7 70
9 47
5 77
5 74
5 71
3 95
5 24
2 12
10 45
9 74
3 71
4 97
6 40
7 48
4 62
1 68
10 66
9 36
9 10
9 65
5 56
9 95
2 39
3 57
1 11
1 41
10 61
10 28
4 61
2 89
4 73
5 100
7 55
8 43
3 58
2 61
4 70
5 52
4 42
7 61
9 71
5 29
10 88
4 47
2 61
4 73
3 65
6 89
4 36
4 17
4 29
2 35
2 97
5 51
6 5
1 91
3 70
3 94
1 24
7 48
2 24
3 90
2 35
4 77
7 49
9 74
3 15
7 93
5 33
6 87
3 87
4 19
5 75
10 67
4 13
2 17
10 67
2 48
6 20
2 50
10 51
5 65
5 4
5 69
1 79
8 30
10 14
2 97
4 55
7 29
7 82
10 60
4 49
2 5
4 50
6 38
10 45
8 91
1 95
3 58
6 71
1 88
10 81
5 69
3 33
2 52
9 57
2 79
6 79
6 47
6 2
5 7
9 68
10 15
3 6
6 28
10 80
1 54
9 71
4 35
8 29
1 43
3 13
3 14
8 72
10 10
2 52
5 32
8 95
8 22
10 15
4 51
2 58
7 24
2 57
1 8
4 96
1 71
8 1
1 63
1 77
4 52
5 43
2 13
3 38
7 32
10 76
9 87
7 42
4 98
3 48
9 11
3 65
3 36
5 46
5 95
9 68
6 90
8 69
5 11
3 98
3 5
8 99
4 45
7 51
5 11
3 30
9 88
5 65
4 57
3 77
9 63
3 72
10 83
2 45
5 28
6 43
10 56
10 53
1 39
5 13
10 52
8 12
5 95
4 35
6 23
3 32
7 65
1 14
6 49
4 98
6 10
6 71
10 62
3 7
10 95
3 5
5 9
3 50
7 88
4 59
9 62
6 24
2 35
2 44
5 69
5 14
8 55
5 28
1 74
1 11
6 32
9 95
1 81
4 84
3 27
8 14
4 97
1 69
2 40
4 82
9 55
2 95
4 29
1 18
5 17
4 73
8 34
6 97
9 53
5 94
4 89
6 59
4 5
1 95
4 32
8 95
7 86
5 10
2 31
10 16
1 11
5 19
2 34
10 61
10 65
1 87
6 24
10 62
5 46
1 10
7 4
1 43
2 71
2 19
10 86
4 22
9 59
8 84
8 2
6 87
8 88
4 93
7 62
2 8
3 31
5 81
3 82
3 43
10 58
2 46
7 32
3 21
4 22
9 100
7 11
2 26
9 19
6 82
3 50
9 49
6 45
4 50
4 12
10 90
8 30
3 59
6 23
9 84
7 60
9 30
3 62
8 54
4 61
8 4
10 68
7 80
4 75
10 55
8 85
2 9
10 72
8 14
9 33
8 27
6 1
5 68
1 18
6 84
10 27
7 93
2 97
4 53
9 59
4 10
8 85
7 51
8 87
1 95
4 84
8 47
8 28
1 4
4 19
4 87
1 37
1 58
1 27
6 45
4 90
4 69
2 72
5 92
10 96
9 22
5 59
4 36
9 1
3 51
4 93
2 68
9 31
8 16
4 80
5 71
8 91
5 61
2 86
10 53
4 11
10 54
5 51
8 60
5 98
8 90
5 97
3 2
5 72
9 13
2 94
10 27
3 44
8 15
8 32
1 29
10 44
5 73
5 94
9 17
8 73
10 71
9 69
7 53
8 81
4 66
2 99
9 34
5 78
2 73
6 84
5 100
7 30
5 93
3 85
1 71
4 54
1 79
3 87
1 86
10 45
1 18
1 94
1 91
2 29
10 44
2 88
2 91
4 81
3 96
10 25
7 85
5 55
10 26
5 58
7 36
6 9
7 63
10 8
5 47
2 56
5 7
9 11
7 66
8 83
2 80
10 5
5 71
4 6
5 83
5 2
5 20
5 57
8 92
7 79
1 17
9 72
8 16
5 5
9 16
3 38
9 94
5 73
10 14
8 83
9 52
1 75
4 72
5 4
7 12
7 97
6 81
4 76
8 58
10 2
4 45
1 47
1 2
10 89
3 61
4 80
10 76
7 41
2 23
10 92
6 29
6 36
7 72
5 17
4 97
1 90
3 85
6 93
9 40
7 53
2 45
4 23
7 82
1 57
10 31
9 50
3 53
6 86
8 85
7 3
3 56
2 70
8 21
7 9
10 80
7 26
5 21
10 12
2 84
4 33
3 12
9 93
9 78
4 74
7 97
5 77
8 56
3 21
5 33
7 95
2 17
2 38
10 85
7 85
4 32
10 55
3 51
6 91
4 70
10 40
2 99
7 4
7 90
10 22
6 100
7 22
6 41
8 11
9 50
3 31
6 51
9 18
9 23
3 88
10 38
7 53
5 24
8 28
3 64
1 27
5 90
8 87
6 31
10 96
2 23
5 85
1 30
8 74
2 20
9 34
4 14
10 79
4 51
4 25
2 39
8 76
6 39
8 6
7 6
7 5
7 65
6 21
6 63
7 59
10 79
8 51
7 62
1 40
9 68
10 34
7 63
10 35
5 21
9 98
3 24
5 22
1 15
4 100
4 79
8 57
3 15
6 88
6 94
4 71
5 40
9 39
2 8
9 73
10 13
7 69
3 95
4 56
1 57
10 18
6 66
8 13
1 61
2 100
2 21
9 24
7 26
1 74
10 70
5 35
1 53
5 84
3 8
5 5
1 76
8 86
7 15
8 82
10 52
5 56
3 65
3 19
9 46
4 21
3 49
3 88
6 28
8 37
10 43
10 39
10 75
5 5
2 80
10 60
3 32
3 80
2 41
1 40
2 1
5 40
1 96
1 48
5 71
9 4
4 16
4 33
10 31
5 66
5 44
6 27
7 94
5 79
1 4
1 79
4 11
1 53
7 57
7 23
2 89
10 53
10 67
3 59
4 55
6 90
7 54
9 95
2 89
10 90
3 83
1 17
8 14
6 86
2 14
2 9
7 82
1 87
5 4
9 85
2 39
2 73
2 24
10 44
7 82
6 16
7 67
3 69
10 65
9 79
9 81
5 22
9 59
6 83
2 15
7 47
9 68
10 75
9 84
5 39
1 16
3 39
6 62
8 63
1 13
10 6
5 48
2 67
4 87
3 77
10 23
5 62
7 66
2 11
10 19
10 50
4 24
10 13
8 33
7 15
7 68
10 49
9 84
1 7
9 99
6 84
2 14
4 4
4 91
6 94
8 45
6 55
3 53
10 46
10 48
4 49
10 1
6 52
10 25
5 94
10 14
8 77
1 2
9 99
10 37
8 75
