6 84
3 67
9 65
5 14
10 100
8 86
3 18
4 86
3 72
2 73
1 36
2 47
1 58
8 59
5 79
2 34
7 64
7 87
6 41
4 72
8 64
8 82
2 69
8 30
2 29
9 2
9 1
6 82
6 77
2 30
10 89
9 21
2 66
8 68
2 14
7 99
9 39
7 29
1 71
2 22
5 58
10 69
10 96
2 96
7 18
2 50
8 71
10 43
6 60
3 23
9 13
8 80
4 66
10 82
10 8
7 23
9 53
9 76
2 47
10 79
5 40
3 25
10 46
3 20
5 68
7 10
8 53
5 14
3 42
1 49
9 90
6 40
1 8
5 49
6 82
5 8
5 65
1 53
8 94
5 19
9 44
10 55
10 47
8 7
8 45
8 74
6 23
3 66
3 41
8 50
6 23
6 74
10 96
4 36
8 18
9 25
1 22
6 29
3 66
1 95
10 60
3 34
3 43
7 65
6 78
7 94
8 77
1 58
8 4
5 60
1 70
5 45
8 23
6 40
7 66
4 64
9 39
7 51
8 53
2 84
10 32
8 65
10 49
10 92
4 23
1 20
4 50
7 45
7 31
4 92
8 52
10 64
3 62
3 3
4 85
9 72
4 39
5 91
10 17
8 3
10 39
8 77
5 83
4 86
5 70
4 18
6 59
6 4
4 49
5 72
2 56
9 1
4 79
5 9
8 85
4 36
5 57
10 97
6 65
7 63
7 12
10 60
9 88
4 79
10 48
2 36
8 45
10 22
9 76
9 94
8 28
3 71
7 58
8 25
7 31
2 2
2 77
2 28
1 26
6 14
2 42
10 71
3 28
8 5
1 65
3 89
4 42
3 27
3 64
4 98
7 93
8 32
2 28
2 73
2 58
8 65
8 77
5 35
10 66
10 11
4 96
5 88
10 16
8 81
8 76
4 67
6 63
2 89
3 39
10 63
4 38
6 19
4 7
6 57
9 71
5 15
3 56
6 10
8 13
9 93
7 2
1 4
7 95
4 36
2 65
1 94
8 5
6 1
9 66
7 70
5 53
5 7
8 12
4 40
1 33
5 18
3 97
8 25
2 22
6 70
9 41
4 94
3 20
9 46
1 88
7 41
10 19
5 75
7 1
9 64
5 17
2 25
3 71
7 66
8 22
7 78
5 36
2 16
5 85
9 12
5 86
4 85
2 86
1 89
9 72
10 72
1 100
7 25
6 83
8 84
1 50
2 57
4 66
6 66
9 36
7 9
5 56
10 8
7 44
8 3
3 15
4 30
1 99
1 48
3 64
10 30
9 79
1 63
7 80
5 30
7 80
4 81
2 86
4 54
7 5
3 65
9 63
3 96
4 41
10 100
5 80
10 35
10 96
9 23
10 4
9 39
3 89
8 45
10 16
9 29
3 63
2 96
1 36
1 53
6 95
2 61
3 21
3 5
4 37
1 99
6 47
5 57
4 40
4 29
4 22
5 11
5 40
1 68
4 74
9 21
4 75
4 4
4 72
2 7
9 19
3 84
10 32
7 52
8 32
2 73
3 67
4 54
8 52
5 65
4 41
7 1
3 64
1 17
10 70
2 38
9 30
7 21
1 69
3 93
4 22
8 36
6 89
9 92
3 74
5 18
5 16
3 39
5 88
5 4
8 37
7 36
4 4
4 96
10 13
8 6
10 52
6 55
6 75
8 92
4 86
3 12
8 89
10 29
6 27
8 96
10 2
3 7
8 51
3 58
4 71
2 9
10 97
8 54
10 92
4 38
2 49
6 31
7 15
1 26
6 37
5 42
9 8
5 9
1 91
2 62
10 85
10 93
6 47
6 28
7 57
7 38
9 31
9 38
9 97
8 58
5 75
7 57
9 85
10 48
9 63
7 81
7 9
2 82
2 66
8 6
6 51
7 49
7 46
4 2
3 56
9 97
3 61
4 99
1 24
3 23
9 19
5 7
8 33
6 100
8 34
10 47
10 80
5 73
4 4
1 46
10 65
1 71
6 81
9 93
2 68
9 46
9 72
3 51
4 23
5 16
3 4
6 16
6 81
6 24
9 25
5 4
4 6
2 88
9 49
1 54
3 3
1 50
2 33
7 6
4 24
8 24
7 12
1 41
7 22
4 69
6 47
9 77
8 72
9 9
3 81
4 4
10 11
9 29
8 15
6 36
10 84
5 38
7 88
7 45
1 43
3 40
6 77
3 36
4 75
5 25
8 28
3 12
7 70
1 65
6 52
1 88
3 31
4 41
3 31
7 22
1 47
2 61
8 56
8 35
7 87
5 88
7 58
2 65
1 26
2 33
6 11
2 39
3 25
2 8
9 18
2 29
1 88
5 61
8 38
3 95
8 11
4 86
1 60
5 88
7 60
7 93
9 98
10 41
9 5
5 98
4 91
10 21
10 41
10 34
9 79
6 43
7 77
1 83
2 9
2 97
9 24
10 69
10 69
1 85
3 25
2 40
8 77
5 52
4 29
6 98
4 22
1 60
10 4
5 51
5 2
5 64
5 66
1 57
5 84
1 32
2 23
1 15
8 33
4 27
4 1
2 56
5 23
5 6
8 99
5 63
2 54
2 96
6 34
10 69
4 12
6 78
9 97
2 24
9 71
10 61
7 26
6 88
8 99
3 81
3 35
8 29
7 29
4 93
1 20
4 6
7 81
8 90
5 33
8 94
9 5
3 91
2 62
4 54
1 25
7 80
5 89
6 47
8 12
4 73
7 75
6 27
4 22
9 13
8 13
10 29
7 57
4 5
6 62
1 31
4 5
9 80
5 67
8 92
5 14
4 94
6 13
4 84
3 23
4 58
6 27
6 45
4 91
2 46
6 58
9 17
7 40
10 64
5 62
9 68
6 44
8 24
1 48
2 61
10 20
10 7
10 4
8 54
8 77
9 27
1 14
6 46
2 10
1 29
2 18
8 16
9 89
6 65
2 58
5 78
4 94
5 50
9 56
9 24
5 46
7 80
2 10
4 40
4 29
7 95
2 43
7 6
2 14
2 39
6 85
10 91
8 53
7 83
9 19
1 100
5 3
7 84
8 66
5 77
8 87
8 77
4 73
8 52
9 33
10 55
1 22
3 25
10 28
2 11
4 40
1 37
4 94
10 32
8 29
1 20
6 76
10 68
10 40
7 21
2 93
9 88
10 65
8 75
7 99
2 78
5 1
9 50
3 79
8 64
3 33
4 34
3 55
8 92
1 87
6 40
7 71
7 19
6 26
1 20
9 43
9 72
3 57
7 93
9 49
2 47
10 20
10 9
5 100
3 52
6 88
6 64
10 45
3 11
10 41
1 94
5 7
6 8
3 7
6 70
8 64
10 70
8 51
1 67
5 84
2 65
10 13
5 94
5 83
8 90
3 98
3 9
9 83
4 79
9 61
4 43
5 81
10 89
5 63
9 30
9 98
5 79
4 56
2 39
5 24
6 90
6 21
7 39
6 100
1 40
6 77
8 45
7 91
8 23
4 50
2 24
6 7
2 33
3 43
9 100
10 24
2 27
10 49
7 21
4 85
7 56
4 8
7 5
2 62
10 21
9 89
5 76
10 34
2 96
4 67
2 31
5 64
3 47
8 84
10 8
9 39
1 39
8 18
3 78
1 35
10 67
2 48
10 71
9 95
3 56
2 4
6 30
10 15
9 11
5 48
6 79
3 69
8 85
8 7
2 72
8 65
2 100
8 39
7 91
7 99
2 76
6 30
9 52
6 53
2 46
10 83
3 14
10 91
7 69
3 3
8 95
9 89
2 93
3 90
9 9
4 53
10 9
5 17
6 10
3 35
1 58
6 23
5 65
2 6
2 75
6 58
8 19
10 22
2 29
5 68
6 82
6 34
9 39
8 81
8 86
1 13
5 24
3 69
4 64
5 66
3 49
8 76
1 4
6 73
7 81
5 47
6 73
3 65
6 97
1 30
8 97
8 85
10 44
2 65
4 47
5 25
7 21
10 33
1 87
5 57
3 21
4 69
7 94
9 10
1 44
1 83
3 60
5 89
8 57
7 43
9 87
10 17
1 100
3 76
4 47
8 22
3 41
3 8
3 21
10 14
7 7
8 2
4 98
3 53
8 96
9 55
9 31
10 98
3 57
10 83
4 12
5 17
2 32
5 62
6 34
6 76
3 88
3 13
9 75
10 4
7 76
2 93
4 99
3 59
10 13
4 24
6 66
7 73
10 23
5 8
1 14
10 57
1 8
4 97
10 3
8 10
1 94
1 36
8 51
10 28
4 76
10 56
1 29
10 31
10 53
2 39
2 79
8 20
7 62
6 71
9 86
8 72
1 50
2 70
5 91
7 78
7 69
7 63
1 41
7 33
10 92
10 49
3 31
9 13
8 28
6 61
2 77
1 49
10 32
7 65
2 51
3 64
5 69
4 74
6 83
6 62
2 9
6 23
9 73
1 33
7 35
1 92
3 74
5 82
10 79
7 55
1 76
4 31
4 92
3 79
3 29
9 32
4 63
4 96
2 9
1 23
2 66
