4 89
6 98
3 8
9 87
8 98
8 68
5 81
7 48
8 83
1 76
4 35
8 22
1 37
4 72
4 28
2 94
6 48
2 68
1 18
2 50
10 40
5 65
8 81
9 83
4 1
5 8
1 63
7 81
3 72
9 94
8 6
8 11
3 5
5 22
10 13
5 13
4 45
9 72
1 8
3 15
2 51
3 23
9 83
4 18
10 41
6 3
2 52
7 3
3 17
1 62
6 54
2 28
9 66
4 17
2 42
8 76
1 78
9 36
5 86
5 12
5 19
5 93
4 70
8 49
6 24
5 7
7 57
9 59
2 59
10 89
9 22
4 18
5 42
5 42
1 37
10 87
5 44
8 71
8 96
2 3
9 54
10 58
9 33
5 1
4 32
10 7
6 20
8 16
5 75
8 38
9 27
1 69
10 26
4 13
3 23
3 71
9 51
8 41
6 18
9 46
8 81
6 86
5 65
8 38
3 21
6 21
1 16
4 8
1 70
4 32
6 59
10 89
8 55
3 58
8 33
3 68
7 93
2 92
7 20
5 66
4 88
5 72
5 81
9 20
5 92
10 42
1 11
1 46
8 58
3 55
3 61
5 25
8 10
3 8
3 41
4 50
10 40
5 90
9 69
9 51
7 13
2 5
7 47
3 62
10 12
9 2
9 66
3 29
4 19
2 23
3 25
7 46
5 44
5 43
10 97
8 3
5 35
2 8
2 64
2 57
5 12
2 98
6 41
9 58
9 63
9 39
10 80
5 100
8 26
6 11
10 88
9 32
7 6
3 23
3 37
10 38
10 32
8 67
8 21
1 69
6 71
6 18
10 53
4 98
10 12
2 34
8 91
7 8
4 56
2 62
10 6
1 54
7 22
9 6
8 91
2 97
7 52
1 18
5 16
8 36
4 88
2 60
8 13
4 61
1 24
9 93
10 8
4 84
9 44
10 9
2 14
2 56
7 20
7 29
7 65
5 92
7 44
2 6
6 66
7 11
5 62
8 21
1 50
3 1
8 84
3 90
5 47
8 11
8 20
5 18
7 37
3 64
10 33
10 51
5 31
3 15
7 21
8 20
9 57
4 49
3 3
2 44
9 16
7 46
3 52
9 98
1 8
10 68
6 75
9 7
1 95
6 29
9 35
5 76
6 28
5 12
4 97
8 42
5 56
5 28
2 84
3 55
10 96
9 54
9 6
7 18
9 42
4 29
7 6
3 44
2 79
5 77
10 66
8 27
7 32
3 10
5 8
4 30
10 36
7 24
9 90
3 40
2 25
10 26
4 99
7 52
3 51
3 69
6 50
4 88
5 39
5 88
3 99
3 32
5 81
5 18
9 71
4 33
4 39
5 21
9 6
8 85
9 96
10 59
7 69
6 38
5 42
2 21
1 67
10 48
9 21
1 69
8 37
2 54
3 29
9 2
9 55
6 45
4 76
10 36
6 98
1 70
9 19
5 6
2 38
1 66
1 96
5 49
3 75
3 9
5 98
2 24
10 74
1 10
4 57
9 24
10 83
7 7
3 65
7 50
5 58
2 26
3 24
1 2
2 79
7 88
10 39
1 64
5 19
6 58
7 43
2 50
2 30
7 36
5 49
9 10
9 65
8 24
8 56
2 15
6 67
3 34
4 31
3 81
4 18
6 99
7 9
6 67
9 13
4 55
5 70
3 78
7 24
2 65
8 9
9 29
2 85
7 79
7 14
10 96
5 95
1 64
10 99
4 7
4 26
2 80
1 25
3 26
9 44
6 11
9 97
3 76
9 75
1 15
5 5
1 97
7 81
9 45
3 54
6 61
8 82
1 57
9 17
3 61
1 47
6 20
7 40
5 67
9 42
3 87
4 59
7 8
8 18
3 67
2 81
10 86
6 85
7 15
5 38
8 32
6 38
7 87
9 53
4 3
2 6
3 73
7 21
4 76
10 16
7 84
6 1
1 70
10 99
9 11
7 41
6 82
9 48
10 80
1 84
5 39
3 83
7 27
5 18
7 70
4 25
9 30
4 61
7 48
5 16
9 96
7 13
6 28
9 99
7 75
6 77
5 20
1 41
10 68
6 98
6 21
9 15
2 72
4 9
3 69
3 28
7 6
2 19
1 78
10 90
8 81
1 26
6 58
9 24
2 20
7 54
9 94
6 7
4 26
3 30
8 1
1 43
3 53
6 30
9 63
7 40
9 60
6 100
1 53
2 15
5 67
10 89
6 69
2 17
1 96
2 99
6 47
7 72
5 41
2 30
2 21
9 35
1 10
1 37
1 40
10 12
8 98
10 84
3 45
3 57
9 38
7 56
6 60
6 21
9 95
1 92
1 81
1 41
3 70
8 80
8 87
7 93
9 51
9 38
8 59
9 79
6 72
4 74
8 48
1 16
8 1
1 47
7 22
5 40
5 92
1 82
4 60
6 92
10 28
8 71
10 91
9 6
10 23
5 21
7 90
1 63
8 73
9 24
10 14
4 50
5 44
8 26
2 97
6 15
3 96
9 8
4 92
5 88
2 38
4 16
8 43
3 96
3 10
4 22
7 82
2 36
7 22
9 100
5 51
6 23
8 99
6 44
10 91
9 88
8 49
7 47
1 99
4 24
6 52
4 9
5 13
2 70
2 99
8 33
10 81
6 96
7 61
3 28
10 20
8 9
6 60
8 22
10 53
7 7
9 75
3 50
6 80
3 36
1 70
1 37
5 76
3 74
3 62
10 59
6 31
8 48
3 31
4 78
4 98
7 17
8 8
5 68
4 67
9 34
10 58
7 74
8 12
9 61
4 99
5 97
8 79
2 86
7 70
6 27
6 45
9 2
10 17
6 32
10 89
6 59
4 93
7 14
4 56
5 21
2 54
4 95
6 68
2 93
4 42
8 68
6 19
2 18
6 64
10 69
3 95
1 57
3 6
3 17
10 97
7 2
8 13
7 44
9 16
2 2
4 34
3 21
5 28
1 24
8 48
3 63
7 45
10 47
9 14
6 18
2 15
10 60
2 51
8 41
3 1
7 21
9 25
6 39
2 56
5 46
10 61
4 31
1 62
7 100
3 43
3 33
6 49
3 42
8 96
7 13
9 39
1 62
3 17
9 89
7 74
7 83
5 59
2 73
5 83
5 17
5 11
4 7
1 84
9 74
5 68
5 16
2 91
4 81
9 26
5 51
8 99
5 58
2 86
1 7
9 75
6 39
6 48
10 91
8 88
5 34
8 4
4 99
2 17
3 69
9 34
2 6
10 90
2 8
1 39
6 31
1 40
5 12
4 64
5 70
9 24
2 87
9 98
7 34
8 61
7 52
9 86
10 25
2 9
2 97
6 56
9 69
4 36
8 97
7 22
5 99
5 69
3 25
10 84
10 55
7 6
6 97
7 75
3 5
2 13
10 94
2 79
5 76
9 7
2 66
1 35
10 58
7 47
9 97
10 25
8 88
3 33
2 71
4 96
1 97
7 73
6 9
1 15
10 56
7 11
5 3
6 33
10 12
5 13
1 44
8 61
7 61
4 74
4 79
1 97
10 45
5 59
3 47
5 20
5 30
9 57
4 39
5 69
9 24
6 20
1 97
4 96
6 13
5 48
2 74
10 10
10 62
10 52
2 23
5 3
10 45
7 100
8 96
7 64
5 51
6 20
2 95
6 98
4 96
9 52
4 6
6 15
5 4
2 39
2 39
4 82
1 9
8 82
4 57
7 57
2 20
9 12
2 50
1 4
3 19
6 41
9 56
9 36
9 97
1 17
6 86
4 27
4 67
4 96
9 49
1 96
6 95
5 13
4 10
5 8
3 81
6 93
5 100
7 22
6 67
1 90
3 35
1 80
7 79
2 38
4 58
2 77
3 21
10 71
10 22
8 84
6 91
8 33
5 98
9 16
4 46
8 65
10 24
4 47
10 55
7 71
2 2
2 32
5 17
10 29
1 63
5 79
4 40
7 36
7 77
1 50
3 1
4 7
4 23
9 39
7 10
9 52
10 74
7 58
2 92
2 48
5 38
7 29
9 4
1 80
2 39
10 36
3 52
5 32
4 2
8 36
6 37
5 56
7 18
8 97
5 49
9 91
9 65
6 71
7 4
3 90
2 3
9 22
1 72
6 7
1 15
4 27
7 74
5 4
8 2
10 59
2 32
1 87
9 85
2 55
3 83
6 29
8 28
1 48
9 20
5 89
2 99
10 34
2 48
7 8
4 86
9 95
8 98
10 76
6 94
9 15
6 1
2 79
3 72
7 35
4 81
3 82
1 46
6 47
1 84
1 4
5 42
3 9
2 30
10 94
3 100
4 37
4 55
8 9
2 29
6 45
1 86
9 25
1 8
6 21
7 65
7 67
8 98
5 29
10 85
5 52
5 11
2 31
10 45
8 2
10 48
4 84
10 63
5 39
10 13
3 96
8 100
1 45
9 62
9 8
7 26
9 91
3 95
3 8
4 30
6 56
4 93
5 47
2 41
9 68
3 84
7 16
7 36
10 92
1 37
8 36
8 38
7 82
