8 3
1 55
3 23
5 84
8 72
6 81
7 55
3 79
2 31
6 10
7 25
4 77
6 7
8 86
10 36
10 10
4 83
9 66
2 96
2 91
1 75
10 92
9 50
4 14
3 36
10 52
6 45
6 76
10 5
1 94
2 45
3 57
9 56
1 28
2 71
10 32
6 85
3 75
5 14
4 20
10 39
4 67
6 17
1 63
7 55
8 1
4 4
2 56
4 22
5 22
1 98
1 86
5 64
9 70
3 74
1 81
10 25
3 75
7 36
4 54
4 73
1 98
10 90
2 87
9 93
8 66
1 25
8 46
5 13
10 42
2 38
1 17
2 45
7 5
9 31
7 72
10 75
10 5
9 38
3 40
3 89
5 42
2 42
5 88
2 24
7 37
9 39
6 87
8 65
8 99
2 44
10 42
8 72
8 22
4 69
9 97
7 57
2 9
5 32
5 15
5 90
6 89
10 84
4 56
8 92
1 67
5 67
1 68
5 46
4 45
7 77
3 59
4 7
5 30
4 20
5 12
3 25
6 1
6 58
7 35
7 94
7 72
7 75
2 49
1 75
4 15
3 33
4 49
10 78
1 48
9 12
3 83
1 5
3 17
3 4
6 98
7 18
6 27
4 68
7 14
5 65
10 26
8 35
5 64
1 37
10 16
2 92
4 87
6 88
1 69
1 31
6 78
10 77
8 38
7 67
3 43
7 10
8 60
4 83
10 4
8 1
4 79
3 83
6 13
9 69
1 77
1 41
7 82
5 96
8 98
3 67
6 23
10 7
1 52
6 57
5 36
2 27
2 62
5 25
7 49
3 64
5 46
9 25
1 32
10 73
2 16
4 80
9 23
8 12
2 58
6 54
3 17
10 85
3 47
6 23
8 46
3 40
6 98
4 44
10 29
8 9
10 63
1 55
7 15
2 41
5 6
3 46
2 62
5 4
7 72
1 12
2 81
4 55
7 83
8 64
6 96
4 92
10 59
8 88
4 10
4 18
10 20
3 31
3 53
7 52
2 68
3 80
6 45
7 3
8 24
7 89
3 90
1 2
2 36
5 25
5 41
9 59
4 13
6 60
1 80
2 85
3 60
8 28
10 95
3 69
1 1
3 38
2 39
9 27
5 10
1 100
6 59
7 72
10 88
4 18
2 63
7 63
2 50
5 12
10 83
6 41
2 59
6 71
5 11
8 87
2 21
6 1
8 22
9 16
6 36
1 7
3 32
2 9
9 35
9 90
7 93
9 75
6 64
4 17
7 93
1 37
10 82
9 91
2 64
6 53
8 35
1 19
4 12
10 93
3 96
2 61
8 52
2 23
8 77
3 43
7 9
3 15
8 12
4 54
7 89
1 89
4 29
9 16
2 86
3 22
5 8
10 26
6 57
8 69
6 79
2 81
9 61
3 15
4 99
9 71
2 98
7 14
9 20
7 37
4 40
6 79
7 91
9 71
7 27
5 9
6 57
9 88
2 71
2 67
10 19
10 69
7 51
4 90
4 45
10 55
8 11
3 21
9 33
9 63
3 60
8 63
10 47
9 20
6 92
8 37
3 32
7 57
2 100
8 22
7 13
2 84
10 11
9 25
6 86
5 3
5 13
2 10
9 49
2 87
5 91
3 86
5 34
9 82
7 12
8 94
6 67
7 80
9 79
10 25
8 47
2 70
9 65
8 24
2 80
2 80
1 61
6 98
4 78
8 72
1 24
8 74
8 19
10 50
8 100
6 14
10 58
8 5
6 22
10 67
1 46
4 12
6 50
10 57
3 98
5 60
10 63
2 38
10 1
1 34
7 65
6 92
8 45
6 79
7 13
10 88
2 81
6 89
10 69
6 55
9 76
6 25
5 66
3 22
9 93
1 32
3 71
1 7
6 71
9 12
10 93
1 88
4 76
5 62
10 35
4 8
2 39
9 75
9 73
3 73
4 71
9 58
10 62
4 10
3 28
1 89
8 59
4 25
6 87
10 80
3 4
5 76
4 47
9 3
4 39
3 1
8 20
5 37
10 86
6 7
4 4
7 45
5 7
8 100
6 34
3 90
8 31
7 6
5 93
10 17
2 53
1 24
7 35
7 75
1 22
9 53
3 67
5 69
2 21
8 73
8 25
6 89
7 1
10 100
8 47
5 16
6 11
4 40
8 15
7 35
10 55
5 3
6 46
8 80
8 68
6 16
1 72
1 16
6 25
3 56
10 43
7 20
3 33
6 79
3 14
7 74
4 84
7 78
10 20
10 98
5 36
4 88
1 28
4 7
8 37
10 28
1 19
4 9
3 10
8 10
2 28
3 87
10 18
8 51
1 48
2 72
5 51
9 7
8 88
1 71
1 23
7 50
9 13
1 13
1 82
5 77
7 31
7 14
1 49
7 16
2 20
8 21
7 55
9 92
3 68
2 51
6 75
5 55
9 88
7 97
2 95
8 52
9 64
3 68
3 32
10 86
9 88
6 54
6 9
3 42
7 44
7 92
6 70
1 95
3 17
2 23
4 31
2 11
5 12
9 45
3 80
6 1
10 70
2 82
8 12
5 50
4 92
6 93
1 68
6 22
7 30
4 42
5 82
6 18
5 74
5 75
7 17
5 37
6 43
4 33
8 37
2 41
2 88
6 30
6 97
1 96
7 81
1 3
2 6
9 97
4 98
3 69
6 94
4 18
2 52
6 48
8 88
4 5
10 81
6 100
3 88
2 89
3 76
5 61
6 89
5 59
6 88
10 72
1 20
3 68
6 48
2 15
7 16
4 91
10 94
8 34
5 22
2 9
3 25
5 100
3 23
6 6
3 76
2 94
6 3
5 74
4 7
3 64
2 18
1 63
6 70
3 45
4 54
1 51
7 39
10 37
2 82
7 48
4 31
4 26
6 42
7 54
9 77
7 73
7 42
6 13
5 99
1 80
8 14
2 37
8 62
4 59
3 60
4 51
1 67
8 89
9 62
8 62
5 54
9 58
9 67
2 65
4 73
6 20
5 27
4 41
9 67
4 91
10 53
9 41
3 46
3 78
5 19
9 56
10 26
3 98
6 50
2 62
9 78
1 23
8 68
10 12
3 96
7 32
1 11
9 43
6 75
1 30
2 52
1 58
1 54
9 65
6 26
7 42
10 27
2 68
5 27
10 75
7 99
7 79
1 88
6 21
10 66
8 92
6 26
9 25
5 81
10 92
10 69
2 23
4 13
10 52
2 57
1 28
10 46
5 35
5 92
1 59
4 7
8 100
7 49
10 13
2 7
6 18
5 5
8 7
2 3
1 74
7 97
8 72
10 55
5 32
2 64
5 45
1 22
7 71
8 88
9 94
8 12
8 99
6 14
6 76
7 21
7 79
3 16
8 35
10 77
9 95
1 24
7 27
3 92
7 8
10 16
2 24
4 32
3 36
9 45
9 4
10 59
6 29
9 38
9 77
10 53
1 27
4 60
5 1
8 96
4 16
2 53
8 15
8 83
9 20
8 30
10 73
4 65
10 7
10 75
1 45
2 41
1 32
2 51
1 54
1 29
8 10
4 22
5 51
2 50
8 40
10 53
4 100
9 35
7 30
4 6
3 5
7 35
9 59
5 10
10 36
2 37
3 18
4 80
10 63
5 59
10 63
6 93
9 21
9 10
5 45
3 19
6 16
7 37
9 27
6 56
5 93
4 80
7 9
6 47
7 53
4 24
7 26
3 83
6 72
6 37
5 33
6 76
3 45
5 1
5 81
2 39
1 86
1 52
4 2
5 42
3 63
7 32
7 92
3 86
4 92
4 92
7 60
10 99
3 73
1 82
5 80
1 60
3 60
1 42
10 86
2 14
10 50
2 83
6 89
10 39
8 79
9 47
6 25
8 1
10 25
1 13
3 53
2 6
9 37
3 47
8 36
10 30
3 15
10 77
10 94
3 26
4 88
7 14
10 54
4 13
8 11
6 32
7 99
7 47
7 2
4 22
10 48
10 39
2 72
9 27
7 42
8 95
8 62
7 33
5 95
8 8
2 84
3 100
5 54
8 60
10 19
2 35
3 95
2 85
6 38
4 87
8 10
8 17
1 55
5 85
8 52
3 38
7 52
2 42
7 95
3 52
1 52
3 18
9 68
10 36
2 93
6 23
8 5
6 57
9 53
3 88
7 38
2 42
2 71
1 49
9 13
10 96
3 84
6 7
3 56
8 31
9 29
8 2
5 75
6 98
4 81
8 36
7 97
7 97
5 73
5 57
2 33
7 8
6 25
5 34
9 10
3 79
10 61
9 56
10 37
3 13
1 87
3 16
7 99
6 19
1 41
6 26
10 42
5 48
1 58
2 68
7 87
8 75
2 27
6 33
4 70
1 70
1 3
8 48
5 66
6 55
3 77
5 92
2 60
1 7
3 42
8 88
9 45
4 32
6 6
8 70
1 23
7 32
2 97
3 88
7 58
2 50
10 32
4 84
8 36
5 22
7 63
6 77
8 55
3 70
6 53
8 49
6 43
8 69
7 5
8 29
1 94
6 72
