3 91
4 42
3 97
9 44
7 89
7 64
9 29
6 32
10 48
2 94
4 13
6 56
6 11
8 38
1 15
9 78
2 4
10 64
4 18
4 48
2 61
9 82
8 21
1 56
6 52
4 10
2 36
6 31
2 100
2 97
9 71
9 16
1 48
2 48
4 16
2 8
8 81
6 90
8 43
2 37
1 41
9 30
2 15
1 64
1 100
8 71
5 87
2 37
2 71
4 40
9 96
5 59
4 44
6 44
4 95
7 19
10 55
8 81
7 45
6 15
4 17
5 54
5 48
6 60
2 57
2 2
4 41
6 79
3 64
4 48
10 90
7 9
8 66
4 15
7 58
7 72
2 36
9 61
6 34
8 50
7 14
5 41
7 4
6 9
3 12
2 30
8 31
2 4
2 78
1 72
9 51
9 34
8 49
2 3
3 71
5 11
10 33
1 13
4 48
5 44
5 71
3 79
6 86
9 75
5 79
9 16
5 15
2 98
7 64
2 31
2 50
6 22
7 96
9 46
10 41
1 70
6 79
3 13
3 84
7 67
6 84
3 51
10 95
5 23
10 49
7 10
8 96
1 52
7 14
7 29
1 72
1 60
5 62
4 66
4 60
6 44
2 51
2 26
6 2
5 2
10 52
3 33
2 47
6 25
1 6
3 49
10 44
2 85
4 14
3 93
1 19
8 25
10 18
6 88
4 60
6 15
2 69
2 65
10 23
4 80
8 77
8 17
10 86
6 10
5 81
2 47
8 60
8 59
4 70
9 8
2 54
10 81
1 68
3 29
8 34
3 54
4 64
9 39
7 77
6 19
5 72
10 82
1 8
3 66
9 84
9 40
8 47
8 9
3 24
4 61
5 15
4 83
9 89
10 22
9 57
1 23
9 35
10 23
6 50
5 50
7 90
1 80
4 24
5 75
1 67
7 13
10 67
2 74
4 45
5 71
8 55
1 47
8 58
3 15
2 50
3 10
9 77
4 2
2 88
7 62
7 15
7 81
7 36
1 16
4 8
5 20
2 6
2 3
5 81
2 65
2 49
9 74
7 5
4 67
4 84
3 31
8 49
8 25
2 10
4 44
3 62
2 74
9 47
3 74
7 39
10 57
6 98
2 92
10 46
9 64
8 30
1 38
4 5
6 62
7 83
9 7
7 91
10 58
3 37
9 65
7 66
3 35
1 89
3 82
2 71
6 68
8 85
10 94
10 68
8 50
1 10
9 25
3 18
8 39
10 12
10 92
3 77
9 87
6 99
8 9
1 86
1 39
4 94
5 72
3 20
9 7
8 100
8 54
6 33
9 17
8 65
9 94
5 99
2 54
9 44
8 44
4 13
2 89
4 95
6 48
2 53
10 4
5 83
7 97
9 6
9 12
4 3
6 32
8 13
6 82
3 42
9 20
1 82
8 34
1 68
10 49
4 97
6 13
6 43
7 15
2 47
8 92
6 39
8 14
8 16
1 77
2 47
9 29
2 19
2 70
1 92
5 24
10 15
9 55
10 19
8 35
8 90
1 46
1 8
6 3
4 38
5 14
4 75
6 74
7 86
4 18
9 43
7 37
1 67
5 20
3 3
1 15
7 28
5 81
9 23
4 8
2 64
1 69
3 5
2 12
6 69
4 13
7 98
1 19
6 72
2 38
9 80
6 48
8 33
7 28
5 35
2 5
5 38
5 26
7 85
3 78
10 69
1 58
4 96
4 43
10 80
8 8
4 13
7 21
3 57
8 77
7 56
9 73
7 60
9 5
2 96
2 86
3 2
6 63
4 25
9 77
4 41
10 46
6 38
7 80
9 92
3 3
9 31
4 97
5 42
6 55
6 33
8 46
7 84
5 60
2 30
6 76
5 100
2 72
1 92
5 78
5 90
2 39
8 59
7 60
8 91
5 75
7 41
4 78
7 79
2 31
5 27
5 85
5 89
6 82
7 54
8 82
4 91
7 23
4 32
5 95
1 5
4 60
9 11
2 8
10 90
4 41
1 90
9 67
5 68
7 48
6 69
8 93
7 87
6 9
8 63
4 50
9 94
9 56
6 91
4 49
7 67
9 83
6 5
1 83
9 41
10 63
6 80
3 83
1 21
3 47
6 76
5 53
5 16
8 94
6 54
6 24
8 92
7 40
4 88
4 17
2 64
1 6
9 56
8 63
7 75
2 63
8 45
7 83
6 89
4 95
3 71
5 79
10 79
7 96
9 14
8 33
4 73
10 48
5 68
2 82
6 43
7 72
2 56
4 89
3 62
4 49
7 63
4 67
8 34
10 59
5 31
5 42
4 100
2 99
5 52
6 32
3 6
7 94
4 85
5 90
5 75
10 6
8 37
10 40
1 90
8 25
6 16
4 45
7 24
9 75
3 45
10 100
7 29
2 98
3 71
2 96
3 13
8 97
9 5
4 61
3 72
3 3
9 24
1 85
2 55
7 98
2 38
4 27
7 46
6 90
7 18
3 60
2 49
5 21
6 100
2 67
4 38
7 27
5 72
5 27
9 31
1 54
6 3
1 49
5 10
8 40
5 59
10 33
8 2
5 17
10 58
6 97
9 89
5 51
6 75
3 99
10 85
6 1
10 1
10 9
10 49
7 99
3 21
5 53
4 67
4 26
10 57
8 40
1 72
6 10
5 21
1 97
10 54
6 85
2 44
5 52
4 70
9 67
9 53
8 73
8 48
2 61
10 71
1 88
5 85
10 12
3 75
10 76
6 52
1 85
8 58
10 78
2 71
8 24
8 94
6 20
7 40
9 75
5 36
4 97
6 35
9 69
6 96
2 40
2 44
2 29
4 42
4 42
2 11
2 86
2 8
6 15
3 53
9 6
2 7
2 14
3 85
8 34
9 25
4 59
2 94
7 65
5 61
10 49
1 89
10 18
10 64
10 6
1 29
8 96
3 60
1 76
1 29
6 33
4 33
3 3
9 46
3 94
4 17
10 7
8 7
7 62
5 25
4 100
4 2
4 84
10 16
5 54
10 37
9 68
9 40
9 45
10 79
1 54
7 86
7 27
8 67
3 96
7 44
4 50
1 58
9 54
9 10
7 61
2 23
7 2
6 99
4 84
10 23
8 79
8 74
8 10
5 14
10 23
7 4
10 4
9 86
9 79
2 94
10 93
6 49
10 63
3 53
9 21
5 9
9 96
6 64
5 60
5 57
7 67
4 17
6 1
3 78
10 9
5 17
1 49
2 44
7 79
6 91
7 36
4 56
9 97
10 53
6 16
7 90
6 52
8 88
1 31
6 66
7 14
6 54
4 98
3 68
1 54
1 92
10 92
9 41
1 62
2 55
8 51
6 42
1 67
1 64
2 95
5 66
8 9
6 2
5 68
1 13
6 92
8 76
3 94
5 41
8 40
4 82
8 24
2 76
4 74
3 50
7 76
9 45
5 82
2 40
1 90
3 87
6 30
9 64
6 90
6 70
9 45
6 92
6 69
3 14
9 59
4 21
8 4
7 13
1 29
2 85
7 21
7 61
10 31
4 23
2 55
7 93
2 59
7 12
7 35
6 7
2 69
9 6
1 95
2 84
9 10
1 76
1 97
6 1
8 3
7 54
6 86
1 22
8 89
1 87
2 41
6 43
2 44
9 92
8 82
9 44
7 81
5 57
9 77
3 78
2 58
4 20
10 19
3 89
5 83
9 47
9 57
2 49
5 80
4 23
7 49
1 7
3 51
7 69
2 42
7 39
4 88
5 78
7 13
4 66
3 61
5 100
6 100
2 18
7 93
5 19
1 36
2 31
4 43
7 63
1 96
7 73
2 70
3 23
1 49
5 44
5 55
4 45
6 29
3 39
8 16
9 22
4 86
5 98
6 45
8 16
9 34
8 93
10 54
8 63
2 7
9 77
4 46
6 14
2 82
5 54
9 79
6 29
3 56
7 33
3 77
4 2
10 33
1 89
4 26
7 51
5 94
7 20
4 76
3 80
4 20
1 60
1 12
1 46
5 70
5 20
4 19
1 88
10 33
9 70
8 89
2 34
1 7
8 80
1 55
9 38
3 14
1 53
2 30
4 76
2 51
5 51
10 83
9 76
4 1
7 80
2 91
4 64
1 61
7 82
2 34
4 64
7 30
10 93
5 25
9 40
7 36
2 93
1 26
8 66
5 94
5 15
2 60
9 50
9 22
5 83
1 37
10 47
8 81
9 84
8 89
2 13
4 61
2 76
1 58
4 22
3 44
7 63
2 84
1 31
9 23
10 37
4 48
5 86
8 98
7 22
5 19
7 4
4 41
2 95
1 73
5 49
4 82
2 19
9 56
8 24
4 47
1 41
8 60
7 18
7 34
3 78
5 89
8 56
10 17
5 77
7 70
7 87
2 21
6 69
3 2
1 28
7 20
8 59
4 83
2 10
9 89
4 54
6 21
10 85
4 100
8 100
6 85
8 59
1 85
7 68
6 36
9 96
9 19
2 27
2 59
10 43
10 98
5 72
1 46
10 36
8 75
2 74
8 75
10 29
3 65
