7 77
2 29
3 67
6 81
8 27
8 44
1 18
4 37
5 96
2 87
9 30
1 1
10 12
9 84
1 82
4 52
1 83
5 36
2 54
9 70
3 61
1 51
8 85
1 15
7 32
9 22
7 14
9 24
8 30
6 82
6 56
2 74
1 45
9 100
10 11
6 83
2 56
5 13
10 10
10 86
9 13
10 4
4 24
9 64
10 30
7 49
3 33
6 95
6 10
3 90
6 57
1 40
4 90
7 29
2 69
6 82
7 26
4 86
7 22
8 46
5 75
8 55
5 95
2 23
10 85
2 20
7 36
1 56
9 44
9 87
6 15
2 47
6 13
5 11
4 96
8 38
5 31
2 2
5 42
7 77
9 51
6 56
5 56
4 49
2 82
7 75
8 47
6 40
4 24
9 58
1 57
1 91
1 37
8 45
8 44
1 26
8 17
1 81
8 14
3 36
10 49
8 37
8 29
3 45
10 12
8 77
6 9
8 34
1 84
4 55
1 56
9 69
2 97
4 3
6 42
8 64
2 95
2 22
6 46
3 64
5 89
1 20
9 68
6 3
8 54
2 54
6 63
2 12
2 52
8 86
10 83
5 11
3 77
3 84
7 25
9 19
3 11
9 73
2 79
9 65
4 5
7 46
9 7
10 16
1 54
9 87
3 13
2 73
6 50
3 85
4 63
8 87
7 6
10 73
3 54
2 85
4 26
10 69
10 20
2 68
4 31
7 24
6 13
6 88
2 68
2 68
7 75
2 31
7 94
2 17
4 72
6 43
2 38
1 45
4 28
6 18
6 22
6 87
2 42
3 22
10 22
10 13
7 46
9 96
7 71
10 92
3 65
7 78
5 15
10 44
2 10
5 7
1 9
5 47
1 36
9 15
9 15
5 60
5 43
2 74
6 84
1 50
10 38
3 47
7 98
1 12
2 83
1 55
9 27
5 28
3 28
10 21
3 5
7 94
7 86
8 16
5 19
10 23
5 94
1 54
9 27
3 48
9 1
6 77
1 83
4 66
10 53
7 14
3 6
10 17
8 88
1 27
3 26
2 71
6 33
10 94
4 25
7 44
7 52
2 34
7 47
2 1
7 80
7 50
1 31
10 27
8 88
2 95
3 51
10 94
2 12
4 24
1 46
7 85
6 31
4 85
10 45
5 62
10 28
9 78
8 33
7 75
7 75
5 67
2 72
2 37
1 30
4 84
1 17
7 1
6 2
2 47
8 74
8 51
2 50
5 58
4 66
2 49
5 27
7 48
9 82
8 55
10 20
4 9
9 97
10 50
6 62
8 44
4 78
6 98
9 60
5 38
8 99
5 17
8 11
5 54
5 77
9 72
10 65
10 40
4 96
6 70
6 90
4 56
8 33
9 30
2 33
10 37
1 43
10 44
10 45
9 28
1 37
10 56
1 22
2 21
8 44
7 35
1 14
5 22
3 51
8 3
1 22
3 76
4 12
2 96
5 21
3 71
6 18
2 79
10 74
2 39
5 66
7 81
1 55
4 50
6 100
9 57
6 34
1 83
5 89
5 87
7 79
2 91
7 36
6 53
8 93
2 59
10 79
4 18
10 92
2 6
6 24
6 21
5 94
8 21
4 18
1 28
2 12
3 39
4 11
5 91
7 12
4 16
1 69
2 83
9 98
7 20
2 51
4 97
4 40
10 11
4 30
2 23
4 100
10 92
4 54
7 39
7 30
8 15
8 5
1 69
6 48
3 33
9 76
1 7
1 83
6 84
10 6
10 44
1 34
6 69
1 7
10 55
2 19
10 72
8 42
7 90
2 55
5 96
8 57
8 94
10 12
3 42
3 99
3 43
7 90
2 27
2 88
9 50
2 4
9 47
9 38
2 84
7 26
2 26
4 80
2 2
5 78
7 82
4 31
10 53
6 5
6 6
9 83
9 52
5 13
3 67
8 72
4 38
7 41
9 35
8 62
6 71
6 34
8 31
3 63
3 88
6 74
8 2
9 90
2 69
9 76
5 53
4 75
3 17
8 1
10 50
1 59
5 21
1 43
1 7
8 83
6 62
2 1
7 22
3 14
6 6
10 24
8 28
8 21
10 99
3 57
9 92
8 96
10 49
8 73
9 31
6 99
8 6
4 71
8 99
2 11
2 29
10 66
8 25
5 64
1 25
10 57
7 29
1 43
6 86
3 9
2 50
2 35
9 84
3 63
7 60
9 37
6 84
4 68
7 36
6 46
8 8
8 10
4 20
3 77
8 15
4 10
9 5
3 59
3 12
4 94
9 19
7 100
2 74
7 13
4 5
2 97
8 87
8 88
9 62
4 85
9 82
10 77
9 68
9 54
1 15
7 7
7 65
3 100
5 31
9 14
6 59
10 10
8 62
2 85
7 83
3 57
5 71
1 73
10 63
3 6
6 83
7 82
7 81
4 84
2 91
1 62
5 46
3 9
6 69
7 12
4 82
4 4
5 92
4 90
10 29
6 6
2 70
7 100
5 61
9 50
3 83
7 66
10 100
2 26
8 24
2 98
5 76
8 89
2 62
6 89
6 90
1 69
9 99
3 68
8 86
7 88
10 49
3 37
4 59
6 45
2 68
1 41
4 41
9 26
9 10
9 69
9 88
6 40
8 98
7 55
3 35
5 4
8 43
3 64
9 16
4 42
1 35
8 45
6 52
1 13
5 19
10 55
9 13
5 47
6 51
9 92
10 81
9 92
1 56
7 25
5 90
5 36
4 55
7 20
8 82
7 39
9 41
8 46
9 34
1 39
5 74
5 80
3 12
2 21
3 64
6 47
9 42
9 53
9 99
2 69
10 30
4 80
4 8
3 98
8 58
5 86
1 60
5 46
1 59
8 19
7 67
8 55
10 44
3 35
6 91
6 77
2 22
7 28
7 64
5 32
8 18
4 8
7 99
3 90
7 52
2 90
6 89
10 63
4 79
1 20
10 23
8 46
9 44
1 23
1 77
10 27
5 38
7 59
5 65
8 57
10 4
8 18
2 71
10 11
6 44
2 70
4 44
10 32
4 84
6 49
10 44
4 84
2 33
1 54
1 73
5 42
10 46
1 79
7 23
7 74
9 95
6 54
4 24
7 73
5 67
4 58
5 67
9 30
6 40
5 77
2 63
2 1
7 96
3 45
8 27
1 48
9 71
6 56
8 29
6 24
5 49
4 78
8 12
3 33
5 75
5 59
7 55
4 15
8 2
8 48
8 46
9 85
6 89
3 12
8 46
5 26
3 98
7 68
1 6
1 30
8 25
9 82
8 70
1 28
6 94
1 43
1 72
9 15
5 49
2 30
5 63
1 93
5 81
2 66
9 69
8 85
2 75
6 28
3 22
4 22
4 2
6 72
7 49
7 63
5 66
8 2
2 84
4 25
1 55
1 50
7 98
10 72
1 53
2 86
4 41
9 88
6 22
7 65
4 78
5 51
4 13
10 28
9 13
8 85
2 95
9 74
5 79
10 13
7 66
8 88
10 6
7 67
2 72
9 27
7 33
6 6
7 30
9 99
6 39
9 17
1 34
8 56
1 54
1 52
7 59
2 50
10 5
8 85
3 18
1 82
5 88
2 89
8 68
8 41
4 32
8 10
6 48
3 89
10 2
1 100
8 19
3 56
4 14
6 73
3 60
1 50
10 22
6 87
9 28
2 44
3 58
7 67
10 85
6 13
8 95
3 73
2 40
7 82
4 54
3 76
3 40
10 15
10 55
9 20
10 81
10 34
7 36
5 64
1 48
2 88
3 9
7 48
3 84
1 20
9 7
7 81
2 84
10 41
7 23
5 33
3 65
7 69
7 14
4 66
3 85
10 54
10 12
7 4
6 15
6 46
2 11
4 1
6 96
2 88
6 98
5 74
2 73
9 14
10 8
4 24
10 14
1 35
2 44
5 37
4 18
1 79
5 33
6 35
2 29
1 88
10 77
4 57
9 40
1 65
6 83
6 95
8 49
10 58
3 98
3 12
10 93
7 41
6 41
9 59
2 35
10 16
3 10
2 53
6 72
5 26
5 61
8 34
5 99
8 5
3 21
3 81
10 84
1 2
7 83
3 62
9 74
1 10
2 91
3 15
5 18
2 5
4 76
3 58
1 27
10 98
10 77
9 42
4 42
4 36
9 91
2 59
6 85
9 44
7 95
7 1
3 86
6 2
10 51
9 30
10 46
9 27
3 86
7 82
9 60
3 93
9 58
7 47
1 17
1 4
2 62
2 46
2 95
10 68
5 10
6 74
10 32
2 14
3 8
3 74
10 41
9 58
7 82
6 81
2 77
2 64
6 53
2 55
1 86
7 69
5 77
4 55
4 68
2 16
6 15
5 84
4 62
7 15
5 89
6 14
2 75
6 57
3 34
9 19
3 2
8 43
1 64
8 32
2 15
10 29
3 52
1 83
1 35
10 72
4 70
5 84
10 61
3 11
4 35
6 31
2 48
1 88
9 24
2 97
1 89
10 49
10 93
1 52
7 36
4 37
7 33
10 82
6 31
