8 60
6 18
3 89
9 2
4 46
9 3
2 91
4 23
8 29
4 61
2 82
6 74
6 67
1 42
2 40
8 67
9 75
10 64
3 81
9 29
6 62
1 91
4 44
4 25
6 63
10 58
3 73
7 89
4 93
6 35
10 10
4 39
8 78
8 81
4 8
6 38
8 100
1 47
3 69
7 37
5 53
4 32
4 1
3 24
4 11
4 22
9 83
10 20
1 10
6 33
10 98
1 44
9 59
10 51
7 74
8 3
9 81
9 15
3 58
3 51
9 98
10 44
7 86
10 37
1 72
9 33
9 28
6 24
7 61
1 23
2 68
5 81
10 8
1 52
6 85
5 93
8 24
1 4
5 19
3 36
7 50
1 55
7 9
7 97
7 20
4 72
3 58
2 25
1 50
2 53
10 54
1 19
10 30
6 34
7 59
2 18
2 61
1 89
7 2
3 92
10 38
3 52
4 93
8 63
3 27
1 72
3 16
3 52
7 11
6 86
2 65
3 18
10 85
4 41
8 78
3 53
1 77
8 85
10 63
5 45
9 79
9 40
8 7
7 25
10 33
4 44
9 14
5 58
5 46
3 97
10 33
9 4
9 66
2 34
8 47
8 57
3 90
4 21
9 91
1 62
1 47
2 68
6 17
3 51
10 47
9 88
10 20
1 44
1 45
7 39
4 43
8 15
6 80
8 71
10 21
4 79
3 44
1 35
10 70
5 32
6 66
9 3
10 94
5 29
2 90
9 20
6 11
5 45
3 13
3 78
6 1
7 87
6 74
1 76
4 62
1 82
1 38
10 4
3 36
1 77
5 9
6 13
4 19
2 5
3 48
10 7
7 98
3 54
3 31
8 74
10 81
4 85
9 94
5 48
9 29
1 22
9 90
10 50
9 60
7 75
4 43
4 52
2 60
2 66
5 1
5 31
6 37
9 69
5 4
5 16
9 61
6 53
10 13
1 72
4 50
9 28
3 24
7 35
2 95
2 49
7 6
8 59
10 60
6 49
6 66
6 23
9 89
1 13
5 54
8 6
2 48
7 16
2 16
5 23
7 44
7 48
8 31
4 44
8 74
5 82
3 5
3 65
5 24
6 27
2 72
3 8
2 90
7 95
6 47
1 4
5 15
6 2
9 56
6 23
9 18
9 83
8 1
2 78
5 75
7 75
4 69
4 10
6 8
9 100
6 89
3 50
6 11
10 92
9 73
8 9
10 56
3 65
6 54
9 94
3 21
10 12
7 43
8 24
8 67
4 76
1 2
1 5
8 28
10 22
7 66
8 33
1 1
10 72
7 8
9 6
9 38
1 87
6 67
5 10
2 19
7 99
4 6
5 94
7 51
1 27
2 58
10 79
10 56
8 83
1 67
9 68
3 99
2 28
9 53
9 97
3 87
4 8
7 37
3 76
3 39
2 24
3 79
9 19
7 5
3 35
9 75
7 30
1 91
2 66
3 46
10 64
6 23
6 80
7 59
9 43
10 88
10 73
5 16
10 33
1 25
6 48
1 27
5 87
7 51
2 54
2 100
2 86
3 27
2 46
10 91
2 7
4 83
10 41
1 52
5 46
2 96
6 61
3 9
10 63
5 2
10 68
9 87
5 33
7 65
10 27
5 43
6 12
8 59
4 25
6 68
6 76
8 36
8 39
4 55
2 74
6 33
10 15
7 1
5 73
10 14
6 47
1 81
7 22
2 17
7 33
4 77
1 77
4 36
4 82
9 91
9 17
8 66
5 84
5 9
1 96
10 88
3 14
7 27
3 98
3 84
8 8
4 41
5 24
4 57
10 57
7 47
8 26
6 28
2 71
6 79
2 91
9 90
4 83
3 11
9 66
9 44
5 23
10 17
7 5
3 41
7 81
3 100
10 31
2 80
6 23
7 50
1 79
4 5
7 91
8 90
2 92
9 18
6 77
6 65
1 88
1 28
1 70
6 82
7 15
7 89
3 57
9 24
1 51
9 72
4 61
3 32
4 7
5 30
2 88
5 13
9 9
10 84
3 99
1 85
3 22
9 40
1 84
10 47
5 79
9 63
2 42
7 13
10 71
1 54
8 1
7 21
10 37
10 91
2 89
2 73
1 20
7 79
1 62
7 8
1 79
2 47
10 62
3 25
4 88
6 48
3 55
10 32
3 99
7 57
6 68
4 22
1 22
10 29
8 56
10 3
2 75
8 80
1 56
10 47
6 87
6 52
9 88
5 72
4 90
7 9
8 91
5 48
9 50
2 91
2 89
4 84
2 27
8 44
1 29
8 85
7 70
6 21
10 77
3 47
7 40
4 75
2 83
6 54
1 10
9 12
7 75
5 35
3 80
4 97
2 37
5 74
9 23
6 47
7 46
5 27
10 73
8 12
9 75
3 42
3 56
3 9
8 59
4 48
2 45
7 59
2 36
5 33
5 1
10 47
3 62
6 78
4 47
10 100
3 21
1 22
2 78
6 29
2 93
3 63
1 70
7 45
9 61
10 52
3 12
10 28
6 74
7 45
4 75
10 89
7 2
6 84
9 76
4 100
2 52
9 92
7 91
10 7
9 92
1 21
1 80
4 7
8 53
9 76
8 10
9 65
2 33
5 42
7 84
3 71
4 5
2 34
7 68
8 58
5 71
5 1
4 69
1 63
4 52
10 79
2 35
1 68
6 80
4 21
7 67
8 57
6 67
3 75
6 53
2 17
7 52
5 20
1 16
9 76
7 51
9 98
7 66
8 84
6 36
8 49
5 42
6 55
1 3
1 97
7 95
4 17
8 39
6 22
10 88
7 91
1 74
4 57
9 23
1 76
2 21
2 90
5 84
3 20
2 13
7 53
1 72
1 5
3 34
5 51
9 100
7 51
5 12
2 24
6 22
10 97
6 34
9 100
4 96
6 64
3 28
2 40
1 74
2 97
10 55
10 63
3 42
3 33
6 38
3 43
4 95
6 97
7 67
2 51
8 29
10 28
4 86
3 84
4 44
1 58
7 98
2 46
4 94
2 84
8 91
2 41
9 75
10 56
6 82
10 94
5 100
3 51
5 44
9 86
5 18
3 75
9 5
4 55
3 62
8 12
7 60
3 100
7 57
2 5
8 9
6 91
4 14
8 77
10 17
3 14
1 60
9 20
5 62
3 8
9 83
2 38
2 25
1 94
8 20
10 84
3 89
8 12
7 52
5 11
1 63
10 68
8 51
9 14
5 29
5 55
9 2
1 85
2 1
10 68
1 90
4 94
1 93
1 87
8 28
4 5
9 98
10 31
6 89
3 49
4 32
8 94
5 90
9 46
5 41
3 51
1 99
10 58
8 42
9 46
5 100
3 50
5 92
5 49
8 12
1 40
1 36
9 15
3 55
9 32
8 97
5 69
3 93
4 96
8 60
3 74
8 23
2 98
1 99
2 57
6 51
9 39
10 100
10 99
7 93
2 39
8 24
7 15
10 81
4 73
5 3
2 63
9 65
1 34
7 48
9 62
10 22
8 42
5 34
3 42
1 36
10 16
9 11
4 41
3 84
7 81
10 34
7 97
4 15
4 77
7 10
6 33
7 5
1 46
1 7
6 68
10 72
7 34
7 42
5 19
2 33
10 6
5 41
4 24
4 55
1 39
3 18
3 59
3 49
10 43
1 11
7 89
6 22
3 10
9 88
1 72
9 60
9 90
7 82
8 92
10 83
10 65
5 36
3 42
2 64
4 80
9 9
1 49
2 52
8 83
4 38
3 74
1 29
5 13
3 15
8 65
3 21
7 18
4 47
8 27
5 100
8 57
10 50
2 51
6 72
1 61
4 88
2 23
5 28
9 26
7 72
5 63
6 7
10 51
7 68
6 58
9 4
4 67
5 13
4 33
10 73
9 41
6 89
6 77
3 46
3 5
4 27
6 33
4 52
5 31
6 79
6 19
10 16
3 93
6 31
4 73
3 19
8 58
7 6
10 18
7 45
2 55
8 26
2 97
3 89
6 90
5 59
9 6
6 48
9 7
1 28
1 41
4 7
5 33
9 67
8 32
8 91
2 31
9 29
2 9
6 40
8 85
5 17
4 34
4 88
4 46
3 76
3 75
3 87
1 17
6 35
3 53
8 67
5 70
3 30
3 10
9 59
9 32
1 56
6 25
1 5
8 13
5 10
9 68
8 53
4 99
1 23
3 90
1 37
1 23
8 59
10 4
10 60
8 41
10 94
2 26
1 73
10 5
1 19
9 25
2 48
9 62
3 19
9 11
10 13
4 66
2 24
4 43
2 73
5 46
2 9
9 60
10 82
8 1
4 2
7 64
3 80
6 42
6 22
5 48
6 59
1 52
8 3
6 63
7 17
9 71
5 49
4 60
7 39
1 85
9 72
6 54
3 61
3 4
6 25
7 88
9 96
10 36
9 94
5 24
8 4
2 35
2 23
10 95
10 44
9 90
10 53
3 98
1 99
2 47
6 55
2 5
5 51
9 55
2 33
4 42
6 87
10 50
8 31
3 51
9 57
2 60
3 85
