4 48
2 20
2 81
8 22
9 10
9 82
9 67
10 99
1 38
2 50
2 60
6 33
4 3
10 42
2 48
4 96
7 18
7 2
4 43
1 35
4 59
4 51
10 30
5 24
3 86
6 73
5 75
10 56
4 72
3 3
1 28
8 30
6 9
9 63
3 76
3 42
1 53
2 36
8 54
3 92
4 33
7 37
7 3
5 43
7 29
4 1
9 13
8 76
9 13
4 51
4 52
9 31
4 38
1 69
9 15
6 50
3 47
8 6
8 69
6 38
2 58
6 69
2 14
6 19
5 70
10 18
10 16
7 61
6 68
9 46
1 72
3 15
10 52
1 8
1 72
2 77
2 71
5 52
2 64
7 43
6 72
4 60
9 52
7 49
8 64
4 19
10 77
6 30
2 16
2 88
2 61
7 91
4 79
7 9
7 97
2 11
8 90
7 74
9 62
6 90
3 86
10 68
8 67
6 60
6 38
2 48
1 15
3 61
5 80
6 60
1 17
5 100
6 18
5 54
6 56
1 90
9 46
7 14
5 69
6 45
9 100
5 82
6 74
5 27
2 60
2 61
4 90
1 5
10 22
10 54
4 78
1 22
3 12
1 44
5 39
6 88
2 100
10 97
3 23
2 100
4 76
5 8
4 83
3 8
3 20
1 85
5 71
4 37
5 20
4 6
6 14
5 22
2 72
10 65
4 89
2 33
10 1
6 54
2 37
7 47
7 78
5 83
7 27
4 69
5 54
4 96
5 90
4 91
2 90
4 42
5 29
9 49
3 89
5 97
8 18
5 58
2 61
6 69
2 3
10 31
8 69
1 22
4 77
9 58
2 71
1 45
2 29
6 77
2 13
2 95
1 66
4 74
5 74
10 57
4 2
1 94
10 27
2 56
4 22
6 40
9 11
8 36
3 16
4 33
8 21
2 47
3 56
5 87
10 51
8 33
10 5
7 80
9 98
3 19
9 54
10 17
5 10
5 5
1 52
7 16
7 9
3 53
9 80
2 73
5 13
6 67
7 51
8 74
2 3
8 93
6 11
9 68
3 28
6 19
8 1
4 8
10 20
5 77
1 30
8 71
3 11
10 89
9 100
9 51
6 79
8 84
1 72
6 70
3 49
9 26
7 51
4 22
9 8
9 60
2 83
10 42
7 75
7 14
5 93
7 37
8 36
4 51
7 86
4 39
8 5
6 54
2 19
9 33
5 20
8 24
7 75
2 17
2 12
8 14
6 45
4 53
1 39
6 22
9 48
5 78
4 75
1 35
10 37
7 11
2 3
5 27
6 97
6 29
5 62
3 58
2 49
7 26
3 36
4 57
9 19
6 16
10 29
10 81
5 72
7 25
1 79
7 56
1 37
1 86
2 92
2 32
2 44
1 61
8 91
6 77
9 10
3 49
8 5
4 1
6 60
6 98
9 38
2 23
6 56
10 23
6 59
6 38
2 50
4 98
3 79
3 40
3 85
3 88
7 37
7 86
10 93
2 55
1 1
6 64
5 93
1 6
5 56
7 19
6 28
4 64
10 94
2 92
3 93
5 46
2 95
9 72
5 8
8 48
4 4
3 59
4 60
4 4
2 69
4 63
2 37
4 12
9 50
7 8
3 73
3 79
10 52
10 59
9 29
5 64
9 51
1 41
5 78
2 68
4 31
3 30
4 42
5 70
3 5
10 12
1 30
7 26
8 52
1 35
4 63
3 16
7 90
9 96
3 87
2 72
3 86
2 8
8 42
9 9
4 25
10 40
6 75
10 48
1 95
3 44
2 62
6 100
7 49
5 66
7 93
5 68
2 34
8 62
6 57
5 30
5 72
4 69
7 12
9 20
8 81
8 35
3 19
9 59
10 4
7 2
9 18
1 62
7 55
5 22
10 60
10 65
8 40
2 97
4 22
2 12
6 86
9 95
9 81
5 46
1 58
6 96
6 6
8 76
8 5
10 54
10 30
4 13
5 50
2 2
8 76
4 37
6 74
10 100
6 16
6 57
1 45
9 37
9 88
5 7
4 83
2 49
2 16
3 11
3 2
2 31
7 39
10 30
6 40
3 22
6 77
1 91
8 51
2 75
4 20
9 6
4 43
7 91
4 33
4 11
10 32
5 72
8 22
6 37
9 18
1 97
2 31
1 1
9 6
3 84
2 67
1 22
1 59
7 64
7 6
6 96
6 84
10 69
3 22
8 51
7 42
7 25
3 31
2 79
4 40
10 6
9 12
1 3
4 77
2 13
7 46
3 35
2 29
9 10
3 77
1 99
9 25
9 74
3 44
10 92
8 70
6 7
1 52
3 96
6 95
3 68
1 29
1 40
9 1
6 8
10 6
4 23
3 8
7 41
9 43
8 1
3 96
2 78
10 30
6 94
2 18
5 3
1 12
1 46
7 30
8 1
8 50
9 16
2 9
2 93
7 42
7 98
10 26
8 15
7 66
6 48
7 78
10 57
4 26
10 22
4 94
9 63
9 63
10 9
2 49
4 22
7 92
5 86
7 12
9 23
8 97
8 48
4 51
6 66
4 47
3 80
5 63
1 13
1 57
10 96
8 84
5 52
6 18
8 78
7 10
7 36
8 22
9 44
4 29
3 30
2 64
6 7
6 70
1 95
10 15
2 78
2 50
10 23
10 87
9 45
6 60
10 12
1 82
9 4
8 28
8 46
7 28
7 88
1 20
4 1
4 57
7 30
3 26
2 84
6 100
9 68
9 33
7 6
8 12
9 30
2 76
8 32
3 60
9 10
9 15
4 28
9 88
7 97
8 6
5 57
8 7
3 99
9 7
2 86
1 88
9 7
5 16
3 26
4 79
7 10
6 44
9 62
3 55
4 63
8 41
7 60
2 19
1 82
5 44
2 20
3 67
8 18
7 46
4 2
4 46
6 88
9 59
8 1
8 2
10 91
8 82
3 96
8 77
3 56
10 9
3 80
8 44
10 5
3 76
3 22
1 24
2 28
2 35
8 64
10 10
3 42
9 50
3 9
2 24
2 10
10 95
7 7
4 4
10 57
9 63
4 26
7 5
9 97
2 62
3 23
6 59
7 64
6 70
9 59
4 77
5 91
1 12
9 23
9 14
7 10
4 36
6 68
6 54
6 8
5 67
7 82
8 7
1 64
1 92
10 50
10 63
2 61
10 69
5 38
10 42
5 83
3 13
7 69
9 70
4 48
10 13
3 30
3 1
9 35
3 73
5 39
5 46
4 21
3 98
4 99
1 69
1 77
5 39
8 62
1 10
5 86
6 49
7 41
9 98
8 41
4 21
8 41
9 27
8 82
10 23
9 34
9 74
7 67
3 58
9 98
6 33
1 86
6 76
7 29
5 76
9 81
1 48
9 67
1 69
5 50
2 75
2 59
8 70
3 86
10 46
6 92
5 63
5 40
3 36
10 85
9 2
6 80
10 42
7 71
9 61
10 58
9 48
9 55
3 68
6 90
5 38
4 39
1 65
6 79
6 70
1 32
6 25
3 98
10 98
4 56
10 6
4 13
4 5
4 64
2 64
3 3
3 12
4 12
4 34
6 91
8 62
4 93
9 56
9 70
1 30
3 51
6 32
6 32
7 25
6 20
1 47
1 68
3 67
8 80
1 59
4 66
2 52
5 61
6 60
3 69
10 53
8 50
8 48
3 11
9 50
6 26
10 45
6 70
6 6
10 76
2 47
5 2
5 12
6 25
9 8
3 87
7 90
3 71
5 57
9 69
2 14
10 30
9 40
10 100
5 31
3 50
7 18
3 28
5 58
4 70
8 84
10 55
7 82
3 29
3 76
8 71
5 86
2 8
8 66
3 51
8 12
1 4
2 13
10 11
7 97
2 11
9 85
9 62
5 10
1 63
5 52
10 45
3 90
1 64
3 19
1 71
10 86
5 97
1 71
7 56
1 7
6 68
8 54
10 32
10 44
5 48
10 89
10 7
7 78
9 63
2 34
4 11
5 85
7 85
2 21
5 47
8 94
2 13
5 100
5 96
9 85
1 49
4 84
7 40
4 2
8 75
5 19
1 20
4 29
5 85
5 94
4 39
2 84
7 18
3 10
3 59
9 89
2 15
3 44
4 44
9 14
1 98
5 47
4 14
1 66
4 63
2 42
1 41
4 47
9 59
9 16
9 68
1 44
8 63
3 46
8 57
5 38
1 3
7 69
10 76
3 4
7 61
9 42
9 77
10 56
6 89
9 63
9 93
2 69
3 95
2 5
2 25
6 53
2 86
1 62
10 79
4 63
10 77
8 93
6 66
3 27
2 66
4 14
2 27
7 10
2 25
1 85
1 88
4 53
6 12
4 76
10 43
6 10
7 17
3 52
4 29
3 84
1 76
10 14
7 73
10 74
4 20
3 99
8 4
6 32
10 11
6 2
7 24
2 3
5 12
6 18
2 82
9 67
5 46
4 38
10 53
4 48
9 100
8 51
7 2
10 16
10 13
6 34
9 61
10 84
2 35
7 99
7 96
10 68
7 76
6 59
9 24
