10 52
3 7
10 77
6 64
10 70
6 3
8 67
6 78
9 16
1 46
6 83
5 8
7 66
1 27
6 74
1 76
2 13
5 70
7 48
7 88
5 69
6 72
8 85
1 41
9 65
1 25
7 47
2 41
2 36
7 39
1 78
3 67
3 56
4 90
8 22
2 95
2 51
2 67
5 69
7 57
5 40
10 23
3 31
5 12
6 4
1 3
9 83
5 41
4 63
2 95
9 57
7 95
8 41
1 40
5 43
3 37
4 91
1 40
4 62
4 5
3 70
9 99
2 64
6 33
6 84
4 29
2 69
1 17
6 100
4 56
10 59
3 54
4 84
4 64
6 16
5 39
8 74
9 79
6 41
9 59
10 56
1 44
5 74
7 4
1 2
3 33
4 62
3 79
6 49
8 87
1 90
6 83
3 47
10 47
7 99
4 97
1 72
1 72
6 73
2 46
3 48
2 25
8 100
2 50
8 51
4 98
3 43
9 56
4 11
5 83
6 17
3 73
8 58
3 66
5 42
6 48
9 62
4 7
2 100
3 40
3 82
5 91
9 56
1 67
10 80
2 76
3 35
3 43
9 87
5 24
7 67
9 17
7 44
7 7
5 62
2 56
8 38
10 72
8 52
3 4
10 27
3 60
5 86
7 33
9 83
9 76
2 11
6 90
10 25
3 29
10 47
2 72
4 63
10 76
2 43
4 11
7 53
3 81
7 42
3 9
2 97
8 89
5 47
9 39
6 47
4 26
7 94
10 53
2 25
3 63
8 34
6 67
10 64
7 94
3 57
1 19
1 11
4 79
4 85
1 100
6 49
2 64
3 27
2 62
3 15
7 1
5 48
1 96
10 17
1 43
8 58
4 65
4 68
8 51
4 60
1 100
4 98
7 97
7 99
2 61
10 75
3 70
3 69
1 36
4 40
5 76
1 18
3 97
2 55
10 79
3 21
5 39
9 68
1 68
7 61
5 87
2 91
8 47
7 98
7 73
4 8
3 54
8 15
8 75
6 86
8 97
6 28
2 35
1 1
3 69
5 78
10 31
2 89
2 55
9 79
6 12
2 83
10 20
3 89
2 16
1 83
7 39
6 39
6 70
9 22
4 96
5 29
3 91
10 67
9 65
3 83
1 44
3 32
3 25
10 90
4 56
2 43
8 19
3 36
8 81
4 55
3 49
1 27
5 12
1 42
9 55
5 26
1 46
9 98
2 31
3 41
6 47
4 59
1 56
9 51
10 27
3 20
7 77
5 55
6 25
1 46
5 5
1 85
6 86
9 35
3 41
1 83
4 60
2 45
2 19
4 2
5 49
9 77
1 67
3 1
4 7
3 64
2 57
3 95
8 63
3 81
3 19
3 78
9 92
7 94
8 98
2 44
4 39
5 30
3 90
2 10
5 42
5 85
4 28
3 48
3 2
8 18
9 90
9 98
10 11
10 89
7 71
1 90
5 56
8 51
1 32
3 97
5 9
6 40
5 79
3 25
8 71
8 4
3 84
10 25
5 8
6 20
3 56
5 86
3 69
7 75
2 20
2 66
2 13
3 12
4 13
1 81
2 69
2 48
9 95
3 98
7 56
4 30
5 11
2 40
10 34
3 16
7 11
10 90
3 46
9 21
3 14
5 9
8 77
9 10
5 94
2 90
9 42
9 11
8 59
6 91
6 82
10 48
10 3
9 12
9 47
10 34
10 98
9 48
6 27
6 34
4 61
6 59
7 35
6 74
6 76
2 63
8 22
7 9
1 66
4 37
1 33
6 5
6 53
8 94
2 2
9 72
9 60
9 25
9 71
7 72
7 95
9 85
1 94
4 29
5 54
1 48
5 32
4 36
2 51
10 44
4 83
10 67
4 91
5 59
10 58
9 2
4 14
5 52
4 65
2 17
8 65
7 86
1 39
1 68
10 37
2 74
4 82
9 9
3 35
9 13
5 67
8 50
5 95
7 52
9 12
9 25
2 54
10 22
6 79
8 49
4 50
4 70
8 34
4 20
1 62
5 44
4 39
7 65
6 44
5 94
10 18
10 41
8 34
10 60
9 28
8 20
5 14
5 50
9 12
2 26
8 58
4 51
10 17
4 91
1 43
7 37
5 21
2 21
7 35
3 89
8 45
3 35
10 69
5 78
3 51
6 61
8 50
8 94
5 6
6 12
2 56
2 66
4 75
10 33
3 90
3 96
5 35
5 6
1 63
9 49
3 9
1 50
9 86
1 70
4 6
8 20
7 37
4 48
3 96
10 32
4 96
6 42
3 94
9 23
10 88
2 11
8 19
4 82
3 43
5 26
6 64
5 71
6 31
10 8
7 49
10 84
9 32
8 94
9 41
3 45
6 77
2 21
8 92
2 47
4 11
10 39
1 14
4 88
5 55
6 41
2 54
7 36
8 70
3 28
3 93
10 76
7 100
9 94
8 2
3 34
6 83
1 24
1 17
4 1
4 19
6 99
3 79
10 75
2 38
1 81
2 73
6 59
1 63
7 63
2 70
8 82
3 56
4 54
1 68
2 64
9 1
10 59
7 51
6 98
1 12
4 64
1 7
2 52
9 1
6 38
2 52
8 85
3 17
8 64
8 69
1 87
10 96
2 68
10 27
6 2
9 85
3 94
10 100
10 73
6 94
2 62
4 39
4 62
4 34
3 74
4 28
8 64
2 9
4 75
2 6
10 37
7 39
6 30
9 15
7 35
6 66
5 53
6 48
4 77
10 7
9 81
2 11
3 36
3 98
10 26
10 13
10 48
2 68
10 64
5 66
2 82
1 94
4 35
8 50
3 21
8 65
7 32
10 12
6 63
1 92
9 60
1 72
5 15
6 87
1 93
3 78
6 34
5 68
10 72
7 94
3 55
2 42
3 11
7 55
4 37
9 64
1 63
3 47
8 78
1 96
4 73
9 51
1 71
7 10
7 85
6 32
9 92
2 96
8 3
2 86
5 98
4 29
7 11
7 85
6 24
10 39
3 2
8 36
5 33
6 83
8 10
8 19
6 10
3 46
3 84
3 99
7 26
4 95
1 48
4 19
7 47
9 97
3 10
4 34
5 56
2 67
8 41
9 33
9 58
2 60
8 28
6 34
5 69
3 98
2 31
4 12
6 74
10 100
7 13
6 44
8 16
9 74
7 45
5 51
9 72
5 6
8 42
2 17
9 26
1 74
10 12
8 25
2 64
10 66
7 10
1 31
2 76
8 25
8 23
10 16
6 100
6 64
6 63
2 78
6 99
7 80
8 42
6 78
10 26
4 98
7 17
7 99
1 38
8 74
7 53
9 98
10 82
3 46
2 5
1 13
5 94
4 42
9 65
2 22
10 65
4 64
7 35
7 83
6 72
1 47
8 51
1 82
8 38
5 21
8 36
9 52
7 13
8 14
5 81
4 22
2 71
10 92
1 51
3 52
10 31
9 55
5 28
3 39
10 63
9 48
6 18
2 96
1 26
9 99
1 99
2 30
3 17
9 90
5 29
5 66
8 92
4 94
2 48
10 86
10 35
3 71
4 2
7 60
4 38
4 85
4 47
10 25
8 39
5 35
9 82
4 53
6 53
9 24
5 19
8 43
1 64
3 82
9 41
1 94
1 37
1 4
6 44
3 16
2 17
4 90
9 85
3 48
1 91
5 61
6 22
5 33
5 20
10 73
6 89
6 27
7 91
10 45
9 18
3 27
6 95
7 70
7 59
2 91
3 54
2 66
3 97
7 25
1 53
9 12
3 66
2 99
1 32
9 46
9 82
5 13
5 5
3 69
8 67
4 88
4 25
2 93
4 95
7 71
4 72
4 68
5 86
7 29
2 60
4 29
6 67
10 71
2 78
2 62
2 14
8 73
5 66
10 32
3 8
2 86
3 41
9 8
9 36
1 18
1 15
7 29
9 41
10 45
5 52
6 74
4 55
8 10
6 24
2 10
6 97
9 15
2 64
10 35
1 41
6 13
5 16
10 58
1 65
4 10
8 73
2 19
6 82
3 77
7 90
4 39
1 9
4 58
7 1
10 7
6 87
1 96
3 45
8 64
4 22
9 99
6 47
2 71
3 44
1 28
3 50
4 79
6 84
3 66
9 68
2 36
2 90
10 8
3 16
8 19
3 17
5 76
7 24
1 48
5 96
3 8
9 50
4 35
7 7
8 4
9 61
8 72
1 49
8 84
8 50
5 20
9 73
6 88
2 45
10 12
6 6
4 96
8 95
4 25
5 53
7 95
10 79
8 88
6 24
8 74
8 56
6 49
6 39
5 52
3 22
5 54
5 71
3 85
3 70
10 83
2 15
8 1
3 56
5 13
9 92
8 31
9 28
2 4
9 45
1 56
5 3
2 35
4 79
1 98
7 33
6 32
9 36
6 60
2 46
7 38
5 48
7 78
10 71
3 40
10 66
10 67
2 60
1 21
8 17
7 5
7 97
4 48
5 65
7 8
9 83
8 75
6 20
10 92
1 21
4 81
5 83
9 94
7 89
1 1
9 41
2 96
