4 17
5 29
5 67
4 13
7 83
8 27
10 88
2 1
2 44
9 75
6 96
2 59
3 19
4 88
3 57
1 54
9 58
5 77
9 53
6 26
10 36
8 63
3 33
9 19
1 74
7 3
2 49
5 22
10 4
6 34
2 5
6 8
6 38
6 29
7 39
8 76
8 1
3 33
9 44
3 83
6 88
2 50
8 58
6 46
6 74
10 77
7 52
1 21
6 8
5 55
4 75
8 73
10 49
3 5
9 73
8 55
1 88
3 59
4 58
4 77
8 42
2 92
9 21
1 21
8 2
4 54
4 1
8 73
2 30
4 15
1 33
7 43
9 69
8 24
7 90
2 57
5 36
7 6
3 93
2 44
2 83
7 86
5 28
4 62
4 82
3 60
4 48
3 73
3 70
7 88
3 1
2 66
8 40
3 93
3 2
1 89
7 6
3 59
9 32
10 94
9 15
4 58
10 8
5 55
2 81
10 88
9 51
2 6
6 50
4 37
4 72
9 9
9 5
10 81
5 34
1 57
3 3
6 19
3 31
3 73
1 84
1 62
1 61
9 51
2 33
1 40
8 94
2 75
9 26
1 21
4 1
2 72
7 3
7 2
8 81
3 49
3 8
10 36
9 43
6 81
3 59
8 19
7 64
7 52
9 90
7 53
8 81
7 15
9 55
7 87
3 5
5 85
3 94
9 8
2 79
2 77
4 2
8 15
1 11
10 16
2 57
6 95
8 75
8 26
4 19
3 62
9 83
10 53
2 24
5 76
4 91
1 83
6 52
4 59
8 22
3 31
4 11
4 74
4 71
2 36
4 23
10 39
6 72
4 31
5 55
1 19
2 7
9 79
2 27
10 59
10 69
7 60
3 8
3 54
4 15
6 6
10 39
6 43
6 71
3 37
9 95
8 1
7 98
5 92
5 96
8 27
9 33
5 52
2 32
10 31
10 25
9 4
9 23
7 65
3 13
5 55
9 43
1 43
7 92
2 7
9 64
8 79
5 69
10 42
7 67
4 82
2 9
1 97
8 30
6 41
9 73
3 2
5 13
5 27
6 94
10 100
3 1
3 35
8 82
10 31
4 88
9 1
2 78
4 58
4 90
5 50
2 87
3 58
4 76
6 95
8 71
3 46
7 92
10 96
6 39
1 3
2 9
1 74
4 84
3 58
2 65
3 87
3 96
6 19
4 35
6 90
5 68
8 38
10 33
5 93
9 85
8 89
6 49
4 44
8 92
3 30
3 64
6 1
10 15
6 48
6 20
4 4
1 68
4 27
10 3
4 86
3 51
10 34
2 47
1 67
4 73
10 34
10 84
6 13
10 13
10 50
2 73
9 97
6 47
6 82
4 8
1 43
10 77
4 74
10 76
1 3
2 80
8 78
8 75
2 48
7 97
1 49
5 79
9 85
8 18
4 67
9 79
3 48
1 48
10 84
9 68
2 61
8 52
6 33
4 18
5 85
3 3
7 36
6 14
4 12
1 4
8 26
10 27
3 97
2 75
8 57
3 59
2 11
2 53
9 36
9 21
9 96
9 20
1 24
6 82
3 3
6 33
9 58
3 5
5 71
6 26
5 61
10 45
8 15
2 28
9 54
3 92
4 81
9 44
3 64
8 99
10 81
10 98
4 40
2 86
5 4
6 42
2 63
9 50
7 19
10 100
5 92
7 26
9 100
8 61
9 73
3 93
5 34
7 15
3 27
8 72
10 26
10 83
3 76
2 10
7 9
1 45
8 90
5 69
10 53
5 85
4 27
10 44
1 82
4 23
2 72
10 52
7 96
9 19
2 92
6 17
4 37
5 32
8 16
2 88
10 49
6 12
9 18
8 28
5 97
7 34
1 7
6 66
4 58
6 85
6 70
9 83
2 57
1 13
3 37
4 26
5 87
7 73
5 61
4 60
5 31
9 64
4 95
8 34
3 45
7 62
8 79
2 59
4 78
3 27
2 85
10 69
1 58
4 56
10 24
3 90
5 41
6 62
9 61
9 36
1 7
8 80
6 75
1 27
9 89
4 34
4 18
5 79
1 76
2 38
10 77
4 100
6 13
7 20
9 21
4 44
4 78
9 3
9 41
1 41
3 81
6 38
5 10
10 9
9 25
6 26
7 74
7 3
2 1
8 97
3 94
6 25
8 68
4 53
8 74
1 2
4 2
3 89
6 70
10 23
4 71
9 52
5 84
1 92
3 56
3 49
7 26
7 89
2 7
5 17
3 14
8 74
7 20
7 36
8 89
6 1
1 7
6 93
2 50
4 81
10 14
6 100
3 90
8 2
2 98
10 56
6 80
7 85
9 3
8 57
7 32
5 95
7 18
5 36
7 89
7 71
10 36
3 47
1 89
3 50
9 73
7 52
10 9
5 23
10 59
4 75
9 39
8 73
5 51
8 14
2 33
8 34
1 48
10 58
9 45
9 67
2 33
4 77
10 80
1 12
6 45
9 31
1 73
4 27
8 34
1 46
6 93
6 33
1 84
7 28
9 90
10 14
3 100
4 21
6 99
10 80
7 92
3 64
10 39
8 88
4 35
5 89
6 74
9 62
3 87
6 41
2 94
9 67
4 36
1 15
7 31
5 67
6 43
4 94
8 45
5 38
3 74
4 54
4 72
9 52
4 4
1 74
5 83
9 66
3 64
8 56
6 31
4 72
2 56
7 14
10 30
2 7
1 32
3 77
1 6
7 34
6 94
8 86
4 9
5 67
7 40
3 70
3 77
10 89
5 27
5 71
1 83
10 25
4 35
8 3
5 41
2 90
9 18
8 49
3 61
6 50
5 64
1 33
6 94
7 24
9 14
10 26
5 87
7 10
4 77
10 35
6 93
7 58
7 65
7 36
9 7
9 43
7 4
6 84
4 33
6 59
3 46
3 82
4 100
10 59
3 89
7 78
8 21
5 48
3 52
2 66
7 51
5 89
7 81
4 91
6 60
5 48
3 32
5 68
3 100
2 80
8 51
5 15
5 18
3 90
2 25
7 92
4 60
9 34
4 1
3 59
4 16
9 64
1 39
2 62
3 39
4 61
7 11
8 74
1 16
8 9
10 46
5 73
8 11
4 12
8 18
1 35
5 16
4 63
4 87
9 35
4 55
2 54
10 29
6 20
7 54
2 21
1 46
4 38
9 44
3 1
3 87
6 23
7 54
2 9
3 8
10 41
8 61
5 75
2 2
1 40
10 57
5 6
3 94
7 2
6 98
1 11
1 76
6 84
7 95
2 70
10 26
7 8
2 96
5 83
2 37
5 18
6 81
2 63
1 20
5 57
2 14
6 59
10 10
7 29
8 46
2 69
3 77
6 40
5 14
1 16
10 25
8 83
1 61
10 38
4 49
8 28
3 91
1 81
10 31
1 91
10 72
2 100
1 42
5 26
2 92
8 57
4 64
6 95
9 82
2 70
2 14
2 34
9 83
6 61
7 21
10 97
8 41
7 14
2 36
8 33
7 94
5 69
4 66
9 29
8 48
6 18
2 98
1 39
1 31
10 59
1 74
2 32
10 24
6 58
5 67
1 82
10 19
9 37
1 13
9 25
2 82
7 84
2 53
7 100
10 18
9 55
10 92
5 71
10 86
3 90
1 63
6 8
4 44
9 58
10 82
10 100
10 69
4 66
2 51
6 33
7 22
4 92
6 22
7 30
9 47
4 44
6 60
7 72
2 36
6 10
9 78
3 53
3 68
4 89
5 8
10 56
2 48
5 92
9 60
7 50
8 14
8 17
2 58
6 49
6 40
4 30
10 96
4 56
3 100
9 73
7 81
10 48
9 39
10 97
8 79
1 82
9 44
7 25
1 34
5 47
6 60
2 38
10 64
6 94
4 65
9 43
5 52
5 50
7 85
4 9
3 21
10 74
5 73
9 52
10 34
6 91
10 16
6 90
1 26
7 2
2 55
7 72
1 91
3 80
7 63
6 50
10 68
2 7
3 76
1 38
1 68
10 56
4 23
7 93
7 50
2 89
3 9
10 31
7 77
9 62
9 96
1 9
8 39
2 69
5 94
1 55
10 79
3 63
8 13
5 9
6 88
1 42
3 40
9 83
8 22
8 10
9 18
6 71
8 26
8 43
2 7
6 27
3 11
10 19
1 92
5 93
2 29
2 77
9 63
9 92
3 62
4 63
5 18
6 22
2 73
2 17
8 38
8 25
8 17
3 20
2 98
3 40
3 12
3 63
10 47
6 9
8 13
6 86
3 11
10 51
10 60
2 75
7 36
9 19
7 11
1 91
4 28
4 83
3 52
5 27
6 20
10 96
1 32
6 37
1 94
2 13
6 63
10 14
1 41
6 47
7 95
4 63
7 73
8 3
6 15
9 70
9 94
2 99
7 70
2 64
10 63
4 98
9 7
8 58
8 36
5 99
6 95
3 13
1 30
10 70
10 81
9 39
4 84
3 36
10 94
6 97
7 9
3 9
4 83
4 25
8 34
10 57
4 25
5 96
4 71
5 13
3 48
7 99
6 70
