10 97
2 72
10 94
10 8
9 49
7 65
7 47
3 82
3 42
4 48
2 27
1 51
6 14
1 51
8 90
1 93
6 5
6 30
7 14
8 20
8 76
10 67
2 34
7 44
1 51
5 22
1 68
5 69
3 22
4 28
1 28
1 2
10 28
3 94
3 75
10 85
6 64
1 68
5 21
4 99
4 81
9 96
10 16
3 45
5 75
9 22
1 55
10 99
7 74
6 86
4 91
5 25
4 52
7 43
9 77
8 90
5 55
1 12
8 87
6 74
4 74
8 44
6 2
10 10
8 79
3 96
8 79
7 72
3 59
7 1
4 20
6 37
4 31
3 88
5 49
10 85
2 23
4 73
9 90
9 63
5 46
9 7
7 17
9 24
3 75
9 24
3 81
3 10
9 87
9 95
4 92
4 86
2 34
9 11
6 70
10 91
8 25
8 7
4 96
7 7
7 90
5 54
8 73
2 27
3 69
7 62
5 5
5 8
3 71
7 70
10 82
8 58
10 50
8 13
10 73
3 49
5 33
6 33
8 71
3 56
3 31
5 3
8 42
9 8
6 49
5 40
3 15
3 72
7 67
1 99
5 35
3 55
6 33
4 27
9 8
10 51
6 91
9 36
10 22
1 34
4 54
10 66
3 48
9 52
4 94
4 63
10 70
2 93
10 56
5 67
5 27
4 58
5 63
3 63
9 30
8 65
8 12
10 21
10 54
8 91
6 16
10 20
9 35
5 23
4 3
10 54
8 88
9 33
3 72
10 34
4 49
6 22
1 61
1 88
4 88
6 24
7 85
1 54
8 70
7 56
10 26
10 98
8 100
2 81
3 86
1 96
10 92
3 28
4 91
8 67
5 95
9 44
10 85
4 57
4 97
9 85
4 32
9 20
5 46
8 82
1 29
7 49
7 77
10 29
4 27
3 74
9 85
10 11
9 60
7 37
1 30
1 2
3 27
1 25
1 83
1 12
8 69
1 10
2 35
4 67
3 42
8 9
8 85
3 64
9 54
10 46
4 33
6 6
3 14
5 56
4 38
10 94
10 37
10 73
4 15
3 94
8 94
4 24
6 20
5 92
7 70
6 33
9 41
6 22
2 24
9 49
8 83
1 89
10 59
6 24
1 32
7 95
9 8
4 12
3 5
5 35
8 34
3 77
4 70
8 9
8 55
8 88
3 55
9 21
2 25
1 6
5 99
7 70
9 27
10 36
3 17
5 4
3 84
4 82
3 9
1 12
7 45
8 1
3 37
9 49
5 89
4 91
6 70
4 3
2 61
10 92
4 82
2 37
9 10
1 100
8 21
1 19
8 95
9 5
10 10
7 6
9 25
6 55
10 88
2 29
1 1
3 56
4 63
8 59
5 14
4 87
9 7
1 70
1 37
4 94
3 53
7 95
9 26
1 94
7 74
8 85
1 27
1 8
2 65
3 49
3 81
5 19
2 62
5 40
4 39
9 82
4 62
10 18
9 77
1 13
9 55
3 18
9 42
8 100
4 83
1 33
6 75
8 77
6 90
9 46
6 17
1 80
4 82
9 72
8 96
7 94
1 32
9 77
10 99
3 5
3 6
2 11
8 24
6 83
7 80
3 47
10 35
3 24
9 84
10 64
5 12
1 91
10 48
5 98
3 43
3 37
3 49
10 5
4 96
6 31
8 71
3 60
5 1
7 10
2 17
6 92
1 4
9 51
6 31
5 81
7 96
2 30
7 12
10 61
2 15
9 44
3 36
5 25
7 51
7 7
1 16
1 61
7 34
4 14
8 10
3 21
9 23
8 27
1 60
7 71
3 57
1 26
7 6
6 30
1 40
7 33
8 70
7 2
4 45
7 96
8 72
5 14
6 36
4 8
7 64
4 13
9 5
5 18
4 21
3 86
3 18
4 58
3 97
2 56
9 28
6 33
2 22
7 82
1 15
4 21
9 89
5 17
9 13
2 70
1 98
2 13
3 63
9 81
3 92
3 75
10 37
1 78
7 27
7 7
7 76
3 19
3 30
6 15
3 31
1 24
9 48
1 85
4 32
8 70
1 8
5 27
6 58
5 46
1 95
8 94
9 15
9 44
3 35
2 48
4 17
7 26
4 56
4 16
8 45
3 81
3 40
9 55
3 69
2 64
7 19
7 42
4 27
2 2
5 53
5 68
9 17
7 30
7 45
5 67
9 79
5 94
3 69
2 32
10 60
2 78
9 30
6 96
4 30
9 56
1 39
8 39
7 12
6 91
5 75
8 1
10 28
2 22
8 13
6 29
8 100
10 8
1 69
9 56
6 90
1 18
9 58
8 44
9 90
7 2
2 59
10 99
2 97
10 44
7 3
4 39
6 9
1 44
5 39
2 9
4 9
4 12
3 25
7 36
10 91
9 21
10 20
10 25
10 49
8 47
4 44
6 82
2 79
7 23
9 45
5 24
3 65
4 75
7 56
6 87
3 27
10 77
5 75
10 46
5 42
1 9
10 67
3 93
7 90
2 34
1 33
10 73
1 67
10 49
2 72
3 88
1 2
9 39
9 35
10 23
3 7
9 33
2 61
2 9
6 33
1 32
9 74
8 23
3 11
10 52
8 24
3 56
7 95
4 98
5 52
8 84
1 23
10 28
4 41
3 22
2 42
1 9
9 69
3 23
6 89
5 75
2 45
2 74
9 28
7 2
10 91
6 20
9 48
3 68
9 7
9 91
8 52
10 9
2 80
6 45
5 21
9 18
2 34
10 47
8 60
7 95
8 15
6 36
8 80
4 83
9 80
6 77
5 94
8 16
10 15
10 56
5 75
10 25
1 91
5 99
4 34
9 18
4 29
1 92
5 12
8 55
7 75
6 76
6 1
3 6
8 77
7 89
9 15
1 72
1 57
6 18
4 55
3 13
9 64
9 75
3 52
8 46
7 24
1 71
10 50
6 52
6 6
4 68
8 24
7 72
6 35
9 55
6 11
3 82
1 33
7 98
8 57
9 3
4 4
1 39
6 83
10 77
9 3
10 44
3 84
8 83
2 78
8 27
5 27
2 59
3 83
4 32
5 89
4 55
6 35
6 88
5 37
9 12
7 99
1 14
7 57
10 75
1 61
3 97
3 5
8 90
3 94
6 71
5 4
6 24
1 84
3 29
10 24
5 64
1 62
3 57
1 69
6 67
7 61
7 38
5 70
1 98
9 91
8 16
3 32
9 19
3 27
3 91
6 68
4 66
8 9
5 19
10 66
6 47
6 24
9 14
5 77
4 36
3 9
6 18
10 60
3 85
4 28
3 62
4 21
5 7
8 88
2 41
8 65
10 87
2 41
6 84
8 88
10 38
2 16
9 55
9 4
8 33
8 24
3 25
10 66
3 40
2 21
2 94
6 22
9 80
1 17
2 89
1 6
3 98
10 73
6 44
5 79
3 35
5 15
7 37
1 37
10 11
3 34
1 76
8 33
8 68
3 79
1 49
1 22
5 46
2 20
7 37
5 14
1 7
9 72
3 29
5 9
1 70
3 15
10 40
3 90
5 49
2 100
10 100
7 90
2 20
10 99
6 81
4 58
9 33
3 15
4 55
5 29
10 16
2 87
4 30
1 85
4 70
4 58
6 97
2 84
7 59
4 52
2 77
3 29
10 98
1 68
5 24
3 62
3 5
5 98
7 89
3 73
1 55
5 44
4 44
7 58
7 64
5 87
8 16
7 72
1 100
6 20
5 19
2 73
1 97
3 25
4 38
3 56
7 16
9 23
6 91
2 90
2 69
3 95
4 87
7 95
3 77
2 99
1 2
9 64
8 81
2 3
10 16
7 96
3 98
5 86
8 20
2 1
3 23
9 72
3 18
2 54
7 16
8 52
3 62
1 64
5 63
6 1
5 100
8 75
7 3
5 58
9 39
3 39
4 11
9 95
1 9
10 37
8 17
4 43
3 34
3 77
8 5
9 98
8 26
9 67
4 9
8 46
10 74
8 64
1 48
1 7
1 83
8 48
9 52
1 97
5 32
10 15
7 70
8 30
3 93
1 61
10 7
9 38
1 43
5 20
9 34
3 37
4 68
10 14
6 6
8 33
4 37
3 45
1 6
9 58
8 30
1 50
1 88
8 55
8 10
7 42
10 81
2 52
2 74
5 61
4 45
3 59
9 48
9 81
9 57
7 97
7 29
8 68
2 3
3 40
6 17
6 52
7 1
2 92
7 79
1 76
1 47
7 40
1 3
7 82
3 92
4 56
10 54
1 43
7 61
10 58
2 14
3 52
6 59
8 70
6 64
7 2
5 3
1 59
2 3
8 39
1 29
5 70
5 100
4 1
1 59
8 72
6 57
4 36
1 37
9 17
10 68
4 100
1 45
1 5
10 47
3 33
10 18
4 3
1 95
3 81
4 98
4 2
7 31
4 62
9 77
3 94
7 32
7 42
7 49
5 61
8 92
4 77
6 14
5 76
1 9
3 95
8 29
5 97
2 48
4 100
10 14
10 40
4 16
8 40
4 43
7 48
3 10
