9 22
4 39
4 3
10 56
4 54
4 6
6 43
2 72
6 77
7 41
1 69
8 72
10 2
5 14
6 23
2 14
10 52
8 69
4 61
7 45
4 43
6 60
7 69
2 49
3 88
8 3
5 7
6 29
1 51
7 51
8 79
1 56
6 32
2 13
3 44
2 33
2 57
5 57
6 68
3 51
6 79
1 44
9 85
10 21
2 26
3 8
10 76
8 100
4 92
9 93
2 37
5 28
8 66
6 72
2 3
8 98
3 28
6 9
8 34
10 38
4 83
2 42
4 25
5 18
10 50
10 19
8 11
8 28
5 23
1 5
8 83
10 70
7 81
10 49
8 22
3 81
2 58
8 95
8 26
5 87
9 72
4 41
5 7
9 19
3 28
2 76
8 59
10 22
2 24
3 75
8 38
8 45
1 78
9 65
4 32
6 39
10 64
4 21
6 44
6 26
4 42
8 37
2 56
9 71
3 51
1 9
10 61
1 11
5 85
4 3
2 42
5 10
8 3
5 58
6 74
7 72
9 27
3 53
7 32
5 36
3 27
7 83
2 24
10 59
9 17
4 45
4 1
1 99
2 69
10 89
9 46
7 38
1 4
3 55
4 54
9 98
1 12
2 7
2 54
9 48
7 84
5 91
2 8
10 19
5 90
10 100
1 15
5 88
1 100
5 26
1 3
7 9
1 78
4 70
10 40
8 19
4 76
3 98
6 59
7 98
6 58
9 56
6 14
5 25
4 21
10 84
5 34
6 80
8 85
5 13
4 44
7 56
4 50
1 20
7 87
10 71
2 97
4 94
4 78
9 46
2 46
10 16
7 48
5 16
3 92
2 31
8 53
1 26
6 94
7 71
9 7
2 99
10 58
7 17
10 15
3 55
10 98
3 3
9 20
6 73
1 49
4 8
2 24
8 82
5 40
4 98
1 8
7 97
6 71
8 89
5 46
9 15
10 71
6 95
6 54
6 18
1 51
9 20
3 67
3 84
6 40
10 41
1 37
5 54
5 55
4 54
7 82
3 43
5 35
3 78
6 15
3 64
2 77
1 19
7 38
1 91
8 38
5 28
8 90
8 10
5 45
8 97
9 68
6 63
8 63
5 50
8 10
9 47
9 8
6 57
7 80
10 16
6 62
6 67
6 44
1 77
9 46
4 4
10 23
8 58
4 71
5 21
10 3
6 90
1 61
9 63
7 65
9 3
9 15
2 95
7 82
4 62
5 26
4 61
6 88
10 41
5 32
8 82
1 3
8 2
3 58
1 24
2 18
3 75
4 31
7 86
1 81
9 34
2 42
1 30
2 34
5 71
10 8
7 2
3 46
9 19
2 16
10 63
2 90
4 41
4 72
1 70
8 88
10 56
6 20
1 77
2 5
7 78
8 3
5 39
4 19
10 72
9 67
8 35
6 65
4 80
6 60
5 70
6 88
10 41
4 53
6 45
6 90
7 87
8 39
8 74
8 54
6 98
9 99
7 61
1 64
6 42
7 81
3 26
9 35
4 41
4 56
7 43
8 76
9 73
7 87
10 24
5 19
2 45
9 72
6 10
9 39
3 60
7 28
9 50
9 20
9 43
1 99
5 57
7 79
8 26
6 91
9 12
9 43
2 48
7 21
6 59
7 56
3 41
7 37
2 71
10 36
3 56
2 81
10 29
5 4
5 27
8 38
8 74
4 22
8 8
8 76
1 74
4 77
2 15
1 72
5 59
6 54
6 72
8 37
10 81
3 23
4 72
4 25
6 70
2 63
8 92
8 100
10 17
2 78
5 7
10 37
10 88
3 75
3 87
8 53
9 83
1 62
9 60
3 57
6 84
6 54
1 38
4 76
3 95
1 54
3 29
2 80
5 69
7 53
1 56
9 39
6 54
3 31
1 32
10 60
1 37
2 99
4 79
8 45
8 60
6 73
10 36
4 8
8 42
10 43
3 31
8 21
10 67
6 58
5 7
8 75
2 11
9 47
4 70
7 40
6 68
6 28
9 57
8 63
10 19
2 26
7 6
7 93
1 68
4 42
1 6
2 98
2 72
7 90
6 85
10 79
5 96
7 58
7 27
8 3
10 45
4 49
1 47
3 40
6 22
6 87
10 29
7 73
4 27
7 23
8 69
10 99
10 30
7 36
6 67
9 34
10 66
2 85
10 42
2 10
7 10
10 14
4 88
1 16
9 88
1 58
2 61
4 8
9 8
4 33
5 49
10 10
7 92
1 33
1 85
5 67
4 47
2 10
10 14
5 51
4 35
4 64
6 15
3 62
4 13
1 29
4 4
6 84
7 46
10 21
10 18
10 95
8 25
10 36
5 91
9 21
9 57
1 36
7 52
8 16
10 1
2 61
1 33
2 69
8 91
3 50
5 9
6 65
9 88
7 95
5 21
6 16
3 64
2 18
8 55
10 20
2 76
6 24
6 100
5 99
9 98
2 87
1 56
1 31
8 28
1 43
2 74
8 71
6 22
4 39
2 86
8 57
4 55
7 95
9 25
10 6
8 84
5 65
1 57
8 67
1 30
1 17
5 15
4 81
2 2
6 2
7 14
7 42
4 52
2 73
6 63
1 8
8 50
1 59
1 56
9 35
2 92
8 100
3 59
5 95
2 20
6 4
7 54
10 68
1 1
7 30
6 90
4 32
3 49
9 97
6 78
7 5
6 64
6 65
2 19
6 69
6 16
8 80
9 19
3 8
7 93
10 91
10 68
10 26
7 72
10 24
5 11
9 51
7 89
1 43
7 67
5 47
3 86
8 99
4 29
9 52
1 8
5 63
6 3
9 97
9 43
9 3
10 87
6 47
8 19
3 26
5 38
2 2
10 63
4 83
5 88
6 69
3 94
6 47
8 16
10 31
2 78
2 35
1 77
7 82
2 46
10 43
8 65
2 3
1 85
3 27
6 75
7 51
7 71
1 10
10 26
5 6
4 85
5 47
5 62
3 52
7 91
6 17
10 32
8 61
10 74
4 73
7 78
8 66
4 64
4 68
10 54
9 67
5 4
6 15
5 22
1 77
3 64
5 65
10 26
6 79
1 41
9 61
9 79
10 10
10 39
3 50
6 12
4 11
6 16
2 96
7 68
8 88
6 43
1 42
3 8
4 17
5 58
3 31
9 48
3 63
8 18
6 59
3 63
7 16
9 99
8 41
10 73
1 19
3 51
2 13
1 10
5 58
1 10
1 32
3 49
6 84
5 16
9 68
5 68
7 47
9 63
6 75
1 48
8 9
5 24
4 48
9 79
6 60
3 51
1 47
7 28
1 83
1 89
10 20
7 87
3 60
6 67
9 65
6 82
4 37
8 66
1 10
1 36
6 93
1 63
10 29
10 19
3 10
8 5
7 8
4 87
7 50
4 75
7 35
3 11
7 93
10 41
6 4
2 73
1 94
1 40
10 93
1 66
3 75
4 33
5 3
4 5
3 87
6 84
10 82
9 7
10 35
8 70
1 16
1 85
6 47
8 44
9 20
5 59
2 48
10 11
4 61
8 28
7 70
6 56
4 85
9 45
7 44
6 95
3 38
10 21
3 16
1 94
7 21
10 68
9 74
1 57
3 50
3 46
7 26
1 65
7 25
9 46
7 64
2 6
2 45
7 21
7 21
6 90
8 64
10 13
8 29
5 90
1 36
3 21
4 97
8 30
8 33
2 89
10 15
9 86
9 41
5 40
4 10
7 65
8 66
8 68
9 33
10 26
2 76
10 21
7 77
9 51
5 2
6 47
3 77
6 19
8 43
7 47
1 75
5 45
3 74
9 95
9 66
3 25
1 12
9 31
3 75
10 100
3 90
3 60
4 78
1 17
7 78
3 45
3 16
5 40
1 33
7 42
8 24
6 43
3 35
1 67
7 71
5 17
1 72
1 63
2 42
2 57
4 83
2 48
3 32
9 5
10 46
2 86
8 87
5 69
4 6
8 33
4 41
1 34
5 90
6 10
10 65
6 33
9 8
4 9
6 93
3 64
10 61
6 7
2 34
9 85
10 64
6 8
2 73
1 24
6 100
10 46
5 46
2 27
6 28
2 95
5 65
5 21
5 91
3 61
4 11
5 73
1 30
6 1
4 7
7 2
4 18
5 30
6 79
10 46
1 37
9 44
9 66
8 72
3 31
5 15
7 40
3 20
7 91
3 67
1 23
7 91
3 17
1 64
5 54
6 62
10 91
9 97
5 34
7 14
10 2
5 10
5 2
5 18
10 39
3 56
10 37
7 38
3 12
10 64
6 96
5 87
9 50
7 50
4 18
8 41
10 23
4 10
10 90
8 48
2 95
1 9
5 56
6 44
6 48
9 28
8 85
5 98
2 75
5 22
6 46
1 51
6 94
10 90
9 38
6 20
7 22
2 37
1 42
9 50
1 100
4 58
3 62
4 29
1 90
1 5
7 50
1 87
4 32
3 11
4 91
6 12
1 89
10 74
2 29
4 97
10 41
2 86
7 33
5 82
4 17
3 93
8 66
2 29
7 68
7 28
