6 61
9 92
7 82
3 33
2 8
6 27
6 30
5 84
2 89
5 95
5 16
7 61
3 33
3 23
7 49
3 30
6 39
7 5
4 75
1 32
1 14
2 37
2 87
4 37
8 60
5 73
3 82
5 15
8 19
1 8
5 41
4 72
8 10
6 53
8 83
4 89
2 50
3 47
2 28
4 45
10 87
4 20
5 69
4 13
1 14
4 12
9 80
1 99
3 34
7 36
1 38
6 8
10 84
2 97
4 17
10 15
2 57
3 20
10 29
3 94
5 76
8 94
1 81
8 38
9 6
7 10
6 76
6 60
1 80
5 24
2 6
4 20
7 29
8 85
2 71
8 54
7 87
3 58
5 56
2 86
4 52
1 8
5 26
1 62
3 26
9 74
8 20
6 84
8 97
3 80
2 74
10 55
1 65
5 36
1 30
4 98
5 70
2 73
4 20
3 14
3 82
1 37
6 51
9 26
8 15
3 52
5 75
7 7
7 95
8 68
9 94
8 35
1 86
8 36
9 57
8 8
3 15
8 19
8 38
1 39
4 36
9 29
5 49
8 47
10 93
2 90
9 96
7 29
5 2
8 7
2 49
7 47
1 55
7 58
4 53
7 23
3 64
5 39
8 100
1 38
2 51
5 63
5 61
2 3
9 83
2 50
7 25
5 55
6 64
1 9
4 40
6 21
10 15
1 78
10 97
3 93
1 17
4 81
9 53
7 18
2 77
10 87
6 100
10 70
4 36
3 61
10 88
10 6
6 57
6 62
3 71
5 48
3 15
1 66
3 18
4 58
8 100
1 71
5 62
9 38
2 85
8 12
9 5
8 5
6 90
2 32
1 27
1 98
10 61
10 61
6 66
2 6
8 96
10 3
4 36
7 7
9 72
1 52
6 58
8 92
5 10
8 31
10 28
4 16
3 90
10 54
9 33
3 99
8 36
9 58
3 93
2 95
8 93
10 39
3 79
9 53
10 77
6 82
5 14
8 70
2 44
10 33
4 34
10 29
9 86
8 92
4 6
8 68
1 28
2 59
9 100
5 88
8 98
6 60
5 70
7 95
3 93
10 99
2 97
4 24
4 41
6 97
7 30
4 58
10 41
1 27
8 19
4 22
6 71
5 90
4 31
8 12
1 71
10 50
7 39
7 19
6 44
1 53
8 49
3 67
4 88
9 99
6 57
6 51
2 98
3 49
5 6
2 29
8 72
7 4
7 63
8 14
6 96
6 84
5 96
3 69
5 97
9 8
10 88
8 55
3 5
1 53
3 6
10 13
9 89
5 64
10 62
5 23
1 6
1 67
5 67
9 8
1 75
10 28
10 43
2 89
9 86
6 23
4 72
10 93
4 42
10 82
5 87
5 95
6 4
4 45
2 88
7 89
6 60
4 33
9 71
6 5
9 94
6 66
3 51
4 8
4 55
7 82
4 14
5 89
6 7
8 89
7 9
1 100
2 38
9 85
5 3
2 33
1 13
7 70
10 39
7 20
3 80
7 49
8 40
3 83
2 15
7 73
3 98
9 93
8 11
8 6
4 99
7 55
6 27
3 7
1 77
6 59
4 13
8 1
1 68
9 54
4 40
2 33
10 74
9 3
8 89
5 75
2 12
4 28
9 20
5 65
9 32
6 65
4 98
8 80
1 75
10 74
7 62
9 91
9 81
7 3
6 1
10 33
5 82
6 67
3 76
4 81
6 8
3 83
10 38
8 1
8 68
7 54
9 36
8 40
5 60
7 65
1 67
4 38
3 91
5 65
1 42
6 45
5 46
5 21
3 99
2 40
1 67
2 71
3 72
3 9
10 2
9 52
5 27
6 84
6 57
1 70
2 20
1 23
10 30
1 55
10 91
9 33
4 89
8 89
1 92
2 97
4 99
7 9
9 13
10 37
7 88
9 5
1 100
1 90
3 42
10 92
6 75
3 52
10 49
2 91
10 94
10 56
7 88
2 99
9 97
10 63
6 59
8 47
1 80
3 74
2 96
6 57
2 36
8 45
3 68
8 98
2 28
2 78
9 85
10 31
2 39
7 81
8 70
9 92
9 74
8 27
10 40
5 93
7 8
5 57
3 85
10 65
6 11
3 75
1 1
4 21
6 34
3 55
1 30
4 36
1 59
6 53
7 37
10 21
10 12
8 59
6 40
7 69
4 100
4 28
6 72
7 69
8 32
4 26
3 38
5 86
1 23
5 97
6 39
10 49
8 16
4 63
9 22
10 30
5 53
3 19
8 54
1 46
7 55
1 60
3 71
3 46
4 14
8 10
7 79
5 93
9 92
8 49
6 46
7 28
6 67
2 38
4 84
8 17
2 16
7 7
1 76
1 18
4 84
2 19
4 92
2 56
2 87
2 17
10 41
5 98
4 85
6 68
3 14
7 13
4 64
10 62
10 81
3 88
3 13
1 74
9 67
6 47
5 67
4 7
8 42
5 65
8 37
7 49
5 42
9 31
2 61
2 89
9 47
7 36
10 21
1 42
1 87
5 77
7 67
2 44
6 41
5 16
3 94
1 17
9 47
4 51
1 96
2 4
4 73
4 60
7 79
4 84
8 24
7 87
2 30
5 99
2 23
9 12
6 63
1 65
5 42
9 68
4 73
2 15
1 83
3 37
5 41
1 34
1 3
9 13
1 50
6 80
8 60
4 29
1 54
1 99
2 41
5 99
2 87
7 71
8 42
10 50
1 33
1 54
3 43
2 22
3 97
1 39
6 26
1 91
4 9
1 9
6 8
6 100
9 36
1 74
5 86
10 97
4 69
6 47
4 29
2 27
9 96
4 44
2 75
8 97
8 30
3 10
6 85
2 58
8 51
6 42
2 66
8 59
5 7
10 32
8 72
4 52
8 99
6 39
10 19
7 15
3 15
1 78
10 47
6 94
3 23
7 34
9 46
6 16
9 44
2 48
1 76
3 96
5 50
3 53
8 13
5 87
5 29
1 5
10 51
5 44
1 10
9 94
10 86
8 15
3 56
1 100
8 22
1 12
9 41
3 52
10 69
1 55
7 96
5 27
4 27
1 100
2 14
10 82
1 75
1 29
4 67
3 1
8 29
6 44
9 28
7 98
1 20
6 24
9 72
6 89
2 11
7 17
3 9
10 86
7 29
2 74
7 9
6 92
6 98
3 43
4 15
6 38
2 29
10 73
10 37
3 29
6 10
10 47
2 81
10 79
9 3
5 25
5 70
8 67
7 88
1 86
9 65
10 52
9 40
7 47
5 71
3 1
8 88
4 96
2 67
4 88
1 85
7 71
1 45
10 76
9 12
8 1
3 80
1 92
3 10
2 22
9 49
7 8
1 98
9 70
5 23
3 25
2 68
5 83
2 44
5 74
2 80
5 35
3 34
4 71
9 75
8 37
5 73
6 26
7 51
4 25
8 61
1 78
10 83
3 78
7 22
7 53
4 95
1 53
6 57
7 87
9 50
6 85
6 9
4 7
9 91
4 14
8 41
6 47
9 54
1 72
10 26
4 30
10 98
6 11
4 55
3 14
2 19
6 58
10 27
4 100
7 95
5 61
4 66
3 60
8 46
8 45
6 85
7 55
10 92
6 68
10 29
3 67
2 14
10 63
7 85
2 51
3 18
8 94
5 94
6 81
7 58
9 48
3 52
4 22
5 26
2 21
6 39
8 30
7 60
5 49
1 80
10 94
6 97
9 56
6 47
8 87
3 7
2 70
3 57
5 22
3 34
5 30
2 61
5 67
1 85
2 40
6 36
5 96
6 15
10 32
10 87
4 89
2 84
10 38
3 29
1 63
5 39
5 10
1 91
9 47
2 35
3 39
1 85
3 5
8 37
3 38
9 88
8 39
2 73
1 25
5 32
9 25
9 30
10 66
9 85
9 40
10 97
4 83
1 79
9 5
3 70
2 81
8 19
4 61
7 55
9 15
9 6
7 100
5 30
3 5
2 11
10 88
5 96
10 24
3 22
4 60
5 70
1 98
7 49
2 79
5 22
2 3
10 86
1 20
9 92
1 25
3 76
5 46
7 34
10 1
5 17
4 83
4 90
10 92
3 32
7 62
2 24
6 54
9 66
6 94
1 18
7 36
5 70
2 38
4 3
2 47
6 18
5 80
4 21
7 57
10 25
4 64
6 39
5 56
1 100
8 1
9 59
7 70
7 75
10 52
10 49
3 1
6 20
5 73
9 19
8 54
3 91
9 7
2 7
1 29
9 86
8 61
3 1
7 12
6 100
4 76
5 11
6 60
10 10
7 57
5 37
2 78
10 84
6 18
4 95
10 76
10 94
5 10
1 12
2 58
1 42
5 94
9 42
1 84
4 69
3 68
8 79
3 55
10 11
5 81
7 27
6 89
7 86
1 8
5 96
9 20
3 43
6 19
5 84
6 73
7 74
3 51
2 11
4 54
1 84
5 60
9 4
8 58
10 20
2 83
1 98
5 93
6 96
6 66
1 1
4 82
4 39
9 80
3 60
8 78
6 2
7 51
2 69
4 53
