9 77
10 40
10 78
1 69
2 68
5 67
6 58
1 82
7 97
1 75
4 57
7 44
5 95
7 80
5 92
1 80
4 59
4 8
8 9
3 5
8 98
4 19
9 95
8 10
3 39
9 97
4 15
4 16
5 47
8 49
10 43
9 58
7 71
7 82
2 27
4 46
8 94
7 58
5 53
6 48
7 12
7 13
2 62
2 35
1 56
10 80
6 16
8 90
7 31
6 83
5 60
9 84
1 47
9 77
10 75
1 45
5 21
3 1
3 55
6 22
5 20
4 85
7 40
6 94
9 40
8 20
5 21
10 24
8 63
10 57
4 38
5 9
4 88
6 87
9 25
1 9
10 80
8 80
10 91
5 82
8 46
9 24
1 61
3 98
4 4
10 21
7 65
10 92
3 10
2 98
3 76
5 59
10 72
6 77
7 40
10 96
9 85
5 83
6 92
4 46
7 16
4 81
5 61
6 93
7 79
3 46
3 57
3 97
4 99
5 97
3 75
6 58
6 65
5 85
8 87
7 11
4 45
4 61
4 29
4 5
4 62
8 71
7 59
3 51
7 27
3 99
4 24
3 20
6 82
1 3
10 70
8 14
9 68
2 49
10 93
8 55
6 61
4 46
5 98
7 40
8 91
10 26
7 92
9 7
7 71
3 91
7 99
1 83
5 29
3 49
3 22
5 44
4 7
1 97
9 27
5 77
6 22
8 52
4 51
2 23
2 78
2 31
7 56
2 61
7 40
2 46
3 35
2 52
7 51
1 46
7 70
9 61
2 18
1 97
10 100
8 24
7 2
9 26
10 53
3 21
10 21
7 23
2 76
1 14
4 39
3 68
1 41
3 97
5 37
5 19
5 79
3 57
3 22
4 59
6 93
5 10
10 72
2 48
2 22
1 83
2 33
5 43
7 42
4 5
6 60
9 79
9 52
2 91
6 47
7 97
3 84
4 61
10 72
6 5
10 92
2 51
9 51
7 7
5 41
5 93
8 39
1 82
6 88
8 38
9 90
7 77
7 19
7 62
5 75
7 2
4 55
2 49
3 71
4 36
7 69
1 76
5 34
1 71
9 59
1 13
6 17
2 100
8 17
5 53
8 68
9 71
7 38
7 42
9 98
9 71
7 18
4 67
7 57
8 58
2 100
7 69
6 29
5 7
7 3
4 89
8 70
5 37
9 78
9 58
4 100
10 35
9 85
2 9
7 44
6 27
4 75
10 33
2 10
6 65
9 16
4 18
8 78
6 86
3 74
4 36
7 93
1 31
4 85
2 19
9 91
3 98
5 5
10 74
9 64
1 26
10 84
4 90
5 64
6 60
1 34
6 9
6 61
3 5
6 55
2 85
7 22
2 19
2 13
1 48
2 6
6 46
5 60
3 51
4 89
1 86
8 79
9 93
6 63
8 9
4 18
3 70
9 56
8 31
3 15
8 50
10 66
7 53
10 27
5 10
10 63
6 40
5 28
7 75
8 81
5 97
10 98
10 76
8 11
7 49
4 84
5 86
8 67
5 31
3 26
9 10
6 27
3 94
8 98
5 4
7 10
6 74
7 100
1 52
2 25
7 60
9 19
5 33
6 36
9 81
9 36
2 76
1 76
9 45
9 92
7 20
3 69
9 17
3 71
3 25
3 35
3 66
10 73
1 50
10 91
4 13
8 37
4 88
4 56
4 31
8 90
4 38
5 35
3 9
3 92
6 65
10 45
4 15
5 1
1 59
9 42
10 25
3 82
7 45
10 50
8 30
5 81
4 43
3 25
5 82
4 58
3 80
8 44
2 73
6 52
8 77
7 42
10 32
4 78
8 88
3 37
2 45
8 4
10 19
4 45
7 36
2 57
10 44
8 58
9 21
9 33
1 67
4 31
2 6
5 50
6 49
2 51
5 12
9 20
9 29
9 60
5 67
3 78
8 95
3 15
4 12
8 32
8 2
7 93
8 64
6 9
3 56
3 46
9 11
7 52
3 2
3 82
6 55
5 44
8 86
10 33
5 45
8 6
3 90
8 48
7 60
1 39
4 24
9 71
4 35
3 8
9 17
3 91
6 29
6 16
8 84
6 27
8 36
6 58
9 98
10 16
6 32
10 57
4 89
10 7
3 74
3 9
1 83
1 10
10 87
6 93
7 90
8 25
6 77
8 52
5 67
10 61
7 90
3 26
7 41
9 44
6 54
8 6
10 20
6 69
6 39
9 32
3 100
3 30
2 40
5 29
1 53
5 50
8 80
8 59
1 93
9 39
2 30
8 60
6 92
2 83
4 100
10 95
6 73
5 72
2 42
7 65
3 67
3 9
8 18
6 51
3 48
1 64
7 94
4 58
4 82
8 55
7 70
4 29
3 14
3 49
8 37
3 66
2 90
6 76
5 10
7 75
6 12
4 10
7 42
2 76
7 79
5 35
9 18
5 71
5 14
9 26
6 75
7 66
9 82
9 61
9 97
6 2
4 86
9 75
7 50
5 3
5 2
2 85
7 66
4 92
7 75
8 75
9 79
4 21
10 30
3 54
3 76
9 60
2 70
5 66
8 47
9 42
3 80
9 30
6 72
7 5
1 11
6 93
10 1
8 26
6 71
6 28
6 45
7 66
4 95
1 38
8 19
2 30
9 33
7 50
10 43
1 68
7 2
10 94
5 49
3 97
8 21
4 15
2 38
2 99
10 62
8 45
5 48
4 42
5 93
7 93
3 43
8 52
5 97
2 70
2 27
1 51
4 71
6 99
3 78
1 63
10 7
5 73
6 33
7 3
10 83
6 55
5 88
7 98
7 24
6 11
8 8
10 3
10 34
3 40
8 49
1 3
4 25
9 95
9 90
7 80
9 96
4 20
3 78
4 45
7 63
3 64
8 11
4 70
7 26
8 82
9 72
2 50
10 33
4 95
10 3
6 45
5 19
9 64
3 37
3 50
10 57
9 41
8 23
3 91
10 70
1 69
2 25
1 21
10 66
3 70
2 85
10 79
10 5
10 75
8 66
6 20
6 11
10 13
8 18
5 54
5 19
5 60
6 74
1 83
6 30
4 14
6 90
5 97
10 58
6 28
9 52
3 39
4 53
9 65
4 68
8 80
1 72
2 45
6 50
8 9
10 42
10 95
6 56
5 75
6 89
10 45
1 19
6 12
3 94
5 74
5 11
10 76
1 75
1 10
10 33
8 58
9 61
3 59
4 22
6 18
3 3
9 28
7 67
7 42
9 59
10 50
4 48
4 83
3 14
10 65
8 83
6 70
3 69
10 61
7 44
5 61
4 72
9 54
4 84
6 93
4 51
8 66
7 100
2 56
5 25
2 40
7 32
3 34
5 35
2 24
7 30
10 13
5 95
6 51
10 82
3 26
7 95
10 74
6 14
9 87
4 33
10 36
3 77
9 1
6 34
6 58
2 73
10 81
2 33
9 96
5 42
8 5
9 63
4 86
4 94
1 45
7 74
9 21
9 8
6 56
4 96
4 21
7 99
3 22
2 74
1 71
2 10
2 48
10 82
10 22
4 60
1 22
4 52
4 15
8 71
2 98
9 66
8 47
3 78
4 7
8 49
1 8
6 44
5 58
7 22
9 82
8 72
9 96
4 94
4 54
6 53
2 51
8 83
5 78
8 81
5 16
10 63
3 57
3 27
10 8
1 100
7 33
8 22
8 5
8 29
4 74
1 86
10 32
2 29
10 11
8 4
9 62
6 100
8 1
7 47
1 92
6 3
9 81
4 67
9 21
8 16
9 30
5 50
3 32
1 97
9 90
2 59
5 12
1 3
3 64
8 93
7 22
3 89
9 80
9 46
4 91
6 48
4 20
3 77
9 84
6 74
10 11
10 54
5 71
8 89
3 49
9 7
10 72
6 15
9 100
6 14
3 91
5 53
10 66
3 8
3 63
4 41
4 34
3 49
3 94
1 14
6 22
9 27
5 49
1 72
6 35
1 57
4 90
10 66
8 94
3 10
3 93
1 98
10 7
5 13
1 61
1 85
2 29
4 51
5 38
2 1
10 98
4 7
3 63
9 65
5 2
6 74
1 35
3 4
7 89
6 37
5 97
5 95
10 55
10 17
2 37
7 50
5 73
6 6
10 30
7 59
8 3
3 50
9 64
9 76
5 34
9 69
3 33
1 12
6 16
10 96
4 2
8 50
6 100
7 67
7 4
10 99
1 97
1 94
1 9
2 78
7 84
7 41
1 18
3 67
10 48
9 61
7 36
6 38
4 19
7 71
2 28
2 95
7 8
1 52
7 45
10 45
5 65
2 65
8 87
2 57
8 27
9 42
1 63
5 86
4 86
7 77
3 3
9 91
4 8
3 33
9 72
4 18
4 43
4 37
7 60
5 57
6 81
6 40
2 7
6 85
1 17
2 13
9 4
7 65
2 65
9 26
9 51
9 5
4 91
10 46
8 14
2 45
1 38
4 16
8 29
10 48
9 88
8 75
9 16
2 75
4 63
3 34
1 53
7 37
2 53
6 46
10 72
8 98
