4 6
9 77
8 50
3 19
6 72
8 36
9 33
6 20
1 45
5 68
7 72
7 90
3 13
7 58
4 77
2 23
5 52
2 54
1 69
8 55
4 39
8 27
2 72
9 43
2 45
6 43
9 77
7 77
4 81
5 29
6 73
10 59
8 84
2 93
10 12
8 39
7 33
8 4
8 94
8 33
4 31
4 22
2 81
1 51
8 23
9 21
9 89
10 25
2 68
1 29
7 22
2 55
8 36
2 83
7 14
3 77
5 53
9 72
2 9
1 54
8 99
1 28
9 90
10 51
1 86
6 25
10 93
1 22
6 42
1 44
5 20
1 69
10 61
4 29
1 96
10 10
2 88
1 92
4 35
10 7
5 4
1 71
7 25
1 53
10 60
10 4
6 72
3 42
7 49
6 97
1 78
2 20
3 44
3 12
4 80
3 50
3 4
2 67
2 30
10 71
3 50
1 81
9 39
10 80
1 22
3 48
4 36
2 44
1 66
4 9
2 82
4 51
4 35
6 7
5 89
7 21
2 64
6 57
2 41
7 18
7 45
5 70
10 69
7 69
7 17
3 5
2 52
7 87
3 21
8 45
3 30
1 55
2 22
10 39
2 1
5 25
6 8
2 80
8 74
5 89
10 67
6 53
9 42
3 66
7 42
4 7
4 23
4 53
7 88
4 51
5 55
7 32
9 28
3 21
7 38
4 5
7 14
9 90
3 53
3 63
1 62
6 43
7 39
9 70
8 50
3 53
2 28
4 40
3 16
9 29
9 65
1 44
3 51
5 23
3 17
5 7
3 41
9 60
2 35
9 18
5 68
2 26
1 59
10 73
9 86
6 48
7 60
5 44
7 50
3 8
5 92
10 6
2 95
3 54
8 29
2 23
9 49
4 16
3 100
2 3
8 73
8 34
9 14
2 50
10 31
3 97
7 57
4 79
7 67
3 29
5 53
6 71
2 43
3 29
3 24
7 77
3 29
2 35
2 88
9 49
1 82
5 46
1 85
7 39
1 87
7 62
10 61
8 19
9 48
6 60
5 22
5 28
5 61
9 8
2 29
7 54
3 79
2 72
3 42
3 21
4 61
7 91
4 12
9 66
9 97
5 33
9 47
4 15
7 26
9 31
8 33
2 61
6 18
6 73
1 8
4 15
8 99
6 66
7 31
5 17
9 3
4 24
3 86
5 59
2 65
2 42
2 5
2 73
3 58
9 15
1 61
6 87
4 91
1 22
4 44
7 8
2 40
7 33
1 4
3 56
9 52
8 64
10 88
2 7
4 13
2 9
1 12
6 13
10 62
4 3
10 55
10 94
9 21
3 65
2 60
7 93
2 80
8 25
4 67
1 39
10 9
6 71
5 18
5 10
6 20
9 17
7 34
10 84
7 70
9 90
7 54
1 27
10 13
3 58
8 85
9 4
1 92
5 69
7 65
7 2
2 37
3 37
7 56
9 34
3 42
7 6
2 79
1 34
4 23
1 65
8 22
9 75
8 100
3 92
5 37
8 9
2 85
8 93
10 42
2 39
4 87
6 4
6 78
4 53
9 98
10 80
10 47
8 100
1 86
7 18
10 32
6 6
5 80
8 3
2 62
2 4
5 48
10 16
6 63
1 57
9 74
9 86
4 27
10 22
10 50
5 61
3 89
9 70
5 50
10 86
4 36
7 37
1 72
3 30
4 59
6 38
9 94
4 70
4 19
1 94
10 28
7 44
4 89
9 37
4 62
1 78
9 31
4 73
5 57
6 79
7 30
9 32
9 56
5 23
7 62
10 40
7 92
6 59
6 30
1 82
7 62
1 31
7 83
10 97
2 33
1 81
5 94
7 34
2 58
6 74
1 44
4 59
9 50
7 26
7 84
8 46
7 24
6 1
1 5
3 69
6 61
1 2
9 77
1 52
5 54
9 100
9 30
3 12
5 18
8 9
7 50
2 52
6 25
5 29
10 56
1 4
6 54
2 69
9 99
7 95
7 6
2 82
1 72
6 75
8 19
3 93
4 72
7 81
1 70
5 13
6 64
5 63
1 6
2 18
2 87
6 99
3 31
1 50
3 4
1 59
8 83
5 12
2 31
10 45
8 37
5 63
2 54
2 50
2 62
6 21
4 93
9 28
10 13
10 2
2 100
8 93
5 8
7 60
8 6
4 7
9 83
6 54
6 77
8 8
5 38
1 63
1 26
2 41
7 100
7 9
8 96
1 85
4 68
6 76
6 21
2 49
3 72
3 22
10 42
5 22
5 65
1 10
5 85
8 11
4 72
4 76
9 75
8 38
3 45
5 12
1 45
4 92
9 4
4 84
2 56
8 43
8 17
10 88
2 19
9 14
10 81
7 65
1 33
9 5
6 100
7 12
2 81
2 71
6 62
7 62
1 76
2 85
1 37
7 40
4 27
3 69
9 26
1 9
1 95
2 37
4 69
8 77
1 70
3 48
9 76
10 94
5 41
4 13
1 44
10 90
3 85
6 57
2 97
8 81
8 56
1 68
5 48
10 9
1 19
8 80
5 49
9 90
7 83
4 70
5 68
4 2
9 26
2 82
3 49
6 72
4 37
10 59
8 5
4 62
6 9
9 94
9 40
6 60
3 79
10 98
10 35
3 32
7 29
9 63
3 45
6 66
1 12
2 69
9 24
1 91
2 11
9 43
8 78
9 55
5 12
3 94
7 42
3 33
7 27
6 21
8 42
5 15
9 40
7 72
7 40
2 72
7 37
8 79
3 60
5 31
2 83
6 97
9 33
3 95
8 7
6 87
10 33
7 23
4 31
6 77
10 43
4 17
7 20
10 21
3 96
4 65
6 27
10 37
8 12
4 48
6 45
9 82
10 64
8 31
9 53
10 39
9 24
8 14
7 83
5 14
3 91
10 99
4 88
9 43
7 59
10 39
1 86
5 30
2 60
2 97
9 46
3 43
9 50
10 68
9 86
7 98
1 5
6 87
8 43
3 10
10 38
7 76
6 78
6 59
2 81
8 43
10 47
9 65
3 22
2 38
8 90
4 64
8 26
1 68
8 83
4 12
2 41
6 11
1 87
4 60
1 91
1 92
3 44
1 93
8 64
9 15
3 83
7 37
2 90
7 98
10 44
7 22
7 96
1 65
4 7
3 94
8 25
7 8
8 35
10 70
9 93
4 21
4 51
7 17
8 44
4 49
1 95
10 3
8 46
2 48
3 82
8 24
8 9
8 99
6 11
10 57
5 75
1 95
3 57
5 99
4 94
2 65
5 40
7 28
3 45
10 90
3 39
9 63
8 30
7 65
7 53
4 1
1 11
8 74
4 98
7 40
3 83
2 3
7 46
8 85
5 31
10 2
7 38
5 11
6 55
9 43
10 51
5 95
8 4
3 40
10 76
7 16
7 74
9 13
10 57
6 57
10 5
2 88
3 80
3 32
1 54
4 68
5 21
1 35
2 16
5 15
10 11
4 30
2 60
5 9
6 49
9 94
3 51
2 60
3 60
7 17
5 17
8 75
10 18
6 100
4 42
9 30
7 1
2 27
1 62
2 30
7 31
6 49
1 98
9 90
5 54
6 90
7 93
9 14
5 86
5 63
4 29
9 88
4 85
8 50
9 18
7 88
5 59
9 57
3 36
5 15
3 55
2 89
2 42
2 1
10 49
9 48
1 75
5 3
7 92
7 49
9 69
5 15
1 8
4 96
6 58
2 29
8 58
4 88
6 80
6 90
7 56
2 26
7 6
4 71
10 56
3 89
8 71
4 88
10 38
9 14
9 71
10 42
7 36
1 20
6 47
3 42
8 83
3 70
7 91
3 30
3 65
3 61
5 44
8 5
5 22
9 9
7 37
1 1
6 40
5 8
6 31
1 90
9 81
9 68
3 87
10 62
9 53
7 35
1 27
5 40
9 71
6 63
1 55
1 98
10 35
10 65
6 56
9 53
4 10
10 83
6 4
5 1
9 67
2 68
6 54
2 100
10 73
4 88
2 100
4 89
2 88
7 59
3 1
10 75
7 55
10 44
8 27
4 61
3 44
6 8
10 68
4 61
2 21
7 66
2 50
6 35
4 15
7 69
8 92
7 92
8 7
4 39
4 56
8 21
10 66
7 6
4 96
9 59
1 70
8 59
10 3
9 10
1 37
10 84
10 19
1 68
5 62
3 99
9 18
10 49
8 57
1 59
4 28
1 42
4 61
6 11
8 56
1 4
9 57
5 40
10 80
1 67
3 33
9 77
10 31
4 22
1 52
3 74
1 70
10 59
9 89
10 19
3 6
6 60
4 80
6 28
1 13
3 98
4 23
7 61
10 94
4 70
7 11
5 20
3 7
9 28
5 51
8 47
7 59
3 62
6 60
8 13
8 23
5 96
9 29
3 46
8 94
5 43
1 35
9 29
7 71
3 59
8 97
10 51
1 84
8 30
5 96
6 15
2 74
6 61
3 54
9 37
5 77
5 43
7 11
5 93
9 34
10 15
3 2
5 18
8 60
9 45
7 94
4 53
