7 89
7 4
10 20
8 85
8 28
2 37
1 53
5 9
6 6
1 29
8 19
9 56
1 82
6 38
9 88
2 44
2 32
9 20
5 17
6 55
8 50
8 56
4 76
9 50
2 3
4 75
7 37
6 69
3 53
2 85
2 7
1 30
3 97
8 75
3 54
1 83
3 39
5 76
2 48
2 26
5 92
2 41
10 97
3 44
4 35
10 6
6 61
8 89
5 63
4 22
2 6
2 40
7 81
7 67
7 28
10 69
3 52
4 93
3 11
6 36
1 81
7 81
3 56
2 88
4 57
10 16
10 94
9 91
1 4
1 47
7 84
8 74
4 18
10 98
8 13
5 3
3 64
5 18
9 51
10 1
5 73
10 93
3 1
10 83
5 34
9 95
4 29
9 50
2 92
8 100
1 66
7 22
9 70
4 62
4 11
6 13
2 5
2 25
3 51
5 90
5 98
4 39
4 39
8 49
10 44
1 47
4 63
1 4
6 40
7 16
3 94
8 63
8 82
7 20
8 65
6 33
10 91
7 3
4 44
7 54
1 39
1 71
8 38
4 59
3 54
1 95
10 92
9 57
4 48
7 75
10 70
5 75
6 11
1 47
8 83
4 54
2 65
4 61
5 38
4 20
1 72
4 5
8 84
4 92
5 47
1 20
8 38
3 70
7 72
5 88
5 53
2 93
1 46
3 15
2 36
5 30
4 42
10 69
1 42
9 48
2 55
7 45
1 34
3 91
2 12
8 8
1 52
8 38
7 42
8 51
7 55
8 79
1 36
10 100
8 62
7 72
6 64
7 41
1 30
8 73
10 25
5 89
5 15
8 66
10 37
5 84
8 100
5 32
10 9
8 36
3 42
3 9
8 26
2 76
7 93
6 69
8 68
9 90
7 71
4 53
3 63
10 62
6 38
7 100
4 7
1 42
8 67
9 98
9 85
7 46
7 23
1 87
1 77
1 55
3 67
5 42
4 75
3 86
1 77
5 20
9 25
3 39
7 31
3 88
10 12
8 16
9 40
3 26
5 24
10 53
7 12
6 34
10 99
4 66
10 22
3 32
4 54
8 50
1 33
4 47
8 1
7 8
4 41
1 4
10 53
6 42
3 57
1 65
9 25
8 24
6 96
8 87
4 27
5 27
5 58
5 6
10 58
3 8
8 22
6 78
7 100
7 4
3 30
1 78
7 38
7 31
1 68
4 15
8 8
6 78
3 17
8 94
6 41
10 59
6 26
1 11
10 44
2 1
1 20
5 14
5 47
1 86
2 69
4 1
7 69
2 48
3 30
1 55
4 96
7 13
4 89
9 21
3 47
1 39
3 98
7 33
4 78
3 91
4 35
2 80
8 31
2 83
6 38
9 57
5 64
8 50
2 27
8 92
7 7
6 97
9 93
5 42
7 84
7 6
1 87
3 54
4 19
5 1
7 69
9 75
5 65
5 62
10 65
4 62
10 22
10 88
5 72
4 22
3 73
7 93
1 21
6 99
8 48
10 60
10 61
6 37
5 43
7 93
10 59
5 5
3 6
1 74
5 59
5 56
9 85
3 22
4 3
1 13
1 25
2 6
10 49
10 25
6 22
7 68
10 96
10 73
2 64
1 48
6 99
4 53
2 52
9 83
4 63
3 14
2 58
5 43
2 62
3 89
4 89
9 94
2 16
10 8
3 28
3 3
6 83
6 25
6 1
9 22
2 5
6 54
4 54
5 73
6 30
8 33
6 6
7 43
10 84
2 60
5 42
6 30
10 60
2 56
7 46
3 82
3 100
2 91
5 79
2 53
3 100
8 43
6 96
10 3
3 99
10 53
2 66
9 21
6 45
2 89
8 9
3 75
3 12
8 95
8 27
8 88
3 13
10 1
3 2
6 30
3 53
2 33
6 68
5 68
9 43
10 81
3 36
9 2
7 46
3 90
3 79
9 25
7 48
6 39
8 89
9 41
7 63
10 6
2 100
6 95
3 88
1 43
7 61
9 97
8 81
6 33
5 19
3 79
9 6
10 23
2 90
4 14
3 72
6 92
9 5
8 19
8 75
8 52
2 41
5 90
4 81
9 48
10 67
3 36
8 86
5 79
6 11
10 11
10 61
8 44
7 53
5 99
2 33
1 76
7 41
4 16
4 79
6 23
5 91
3 68
10 44
10 59
10 85
1 67
6 37
9 34
10 62
3 66
9 60
3 95
6 99
8 23
10 2
10 13
10 83
3 13
9 21
1 89
2 32
1 58
8 21
7 62
1 54
5 94
9 96
4 72
10 91
9 3
4 63
10 87
2 55
6 1
1 36
4 95
7 8
5 72
5 72
1 19
4 83
9 38
6 40
6 68
2 27
6 76
2 37
3 1
9 59
8 74
6 90
6 89
3 13
3 61
9 14
8 98
1 62
5 31
2 32
9 70
3 38
8 66
7 21
3 2
4 22
5 42
8 66
2 24
8 2
1 22
5 36
6 35
3 7
10 87
7 9
3 55
8 88
3 46
1 14
2 63
6 98
7 8
1 60
10 88
5 45
10 1
2 5
8 53
6 62
1 12
9 82
8 55
8 4
7 59
5 84
5 99
4 5
6 64
1 57
7 89
10 32
5 92
6 49
4 45
7 31
2 32
10 91
2 81
6 16
1 84
3 8
3 15
9 57
4 58
1 68
4 78
2 33
6 90
3 1
10 2
8 6
9 65
2 81
5 34
5 46
9 95
6 45
8 79
9 40
4 79
5 42
9 48
9 18
3 27
2 73
10 37
10 6
9 66
9 92
1 78
2 95
9 4
4 87
2 83
8 91
6 66
6 74
2 43
3 12
3 59
10 71
4 38
1 85
10 23
6 38
9 100
8 52
6 41
10 87
8 26
7 10
4 98
8 68
10 22
9 12
2 91
3 62
4 37
10 21
2 17
9 46
3 73
2 95
9 40
2 25
3 93
2 73
3 81
6 89
6 94
5 52
1 17
1 67
9 1
6 100
4 30
5 69
10 85
10 45
10 91
4 31
1 47
7 40
9 34
8 84
10 2
5 17
9 63
6 68
6 83
2 64
7 84
4 85
5 31
9 90
9 68
2 28
3 9
1 59
8 26
5 58
1 91
10 58
9 16
3 77
4 98
5 6
7 54
9 45
6 48
5 9
7 46
8 93
6 75
8 53
7 43
4 14
9 65
3 21
10 32
4 72
1 15
8 94
2 28
4 22
5 64
5 32
4 57
3 20
4 45
1 76
3 82
7 49
3 12
2 97
7 23
8 68
1 18
8 64
7 98
5 55
3 14
9 82
3 9
7 49
8 66
4 34
5 100
1 77
10 55
5 5
1 58
7 14
4 78
8 72
10 76
2 41
1 3
8 62
4 7
9 54
2 62
10 25
6 96
9 25
8 94
9 11
7 15
4 60
1 12
9 46
4 2
5 83
6 19
8 34
7 41
6 70
4 87
7 59
4 14
1 86
6 27
10 49
10 88
3 86
1 32
1 54
8 89
10 57
4 85
7 76
9 61
10 62
10 75
10 33
5 14
5 46
8 72
2 85
6 88
2 98
5 94
9 72
3 84
7 36
3 82
10 37
1 34
7 16
10 43
8 39
3 73
1 45
4 54
10 57
2 51
9 99
4 81
9 55
2 91
6 79
10 46
6 78
1 40
9 84
4 14
2 85
2 81
1 22
7 60
8 82
10 9
2 54
10 41
4 89
6 98
5 55
8 32
2 93
7 27
2 1
3 25
9 79
3 96
4 61
6 43
1 96
10 94
5 1
3 8
10 12
8 13
10 39
5 77
9 83
8 76
4 11
1 60
6 53
2 44
9 47
5 51
3 23
5 11
4 12
9 20
4 81
1 12
7 67
5 96
7 4
6 81
5 42
5 74
10 35
1 99
4 79
1 63
3 51
2 50
7 70
7 29
10 20
6 96
5 92
6 51
6 19
6 56
1 32
6 32
7 53
5 77
8 6
3 80
9 16
1 69
2 59
6 13
9 86
9 48
8 18
10 99
3 78
10 96
10 62
2 50
1 2
5 68
1 11
5 46
2 77
8 7
7 43
3 10
1 81
3 11
3 11
9 55
7 28
4 49
6 98
2 43
1 92
5 65
10 6
10 52
7 96
4 16
6 88
2 68
9 1
10 71
2 41
2 89
9 36
9 15
9 75
1 72
1 49
9 45
5 48
6 87
3 79
3 92
1 55
5 81
10 52
6 88
8 68
5 86
1 79
3 62
2 98
9 65
5 54
5 38
9 52
3 71
9 40
9 48
9 62
10 54
3 53
4 56
5 35
7 1
10 34
9 31
9 90
4 61
4 83
10 42
6 22
7 15
8 1
7 14
6 80
9 38
1 76
3 4
3 2
7 60
8 95
2 97
7 43
1 57
4 32
5 100
8 95
4 92
5 71
10 60
7 54
10 27
5 20
3 65
4 93
7 60
10 95
6 51
10 86
9 52
2 5
2 97
3 31
8 18
9 26
4 89
9 39
6 86
6 7
6 46
10 70
4 80
