10 54
3 92
7 86
7 69
7 14
9 86
10 92
8 20
4 100
5 65
9 100
9 79
5 94
7 55
1 53
1 88
10 78
3 41
2 25
10 52
3 72
8 24
8 16
5 74
7 84
7 92
8 47
3 15
3 90
6 43
6 50
8 89
9 96
6 4
6 44
2 81
9 15
8 10
2 77
5 87
1 35
3 69
1 11
3 62
1 6
8 9
5 7
6 34
9 30
7 63
2 58
2 64
3 84
1 61
6 98
3 98
1 89
9 51
10 56
1 57
2 61
10 73
1 61
1 49
8 4
7 53
3 19
2 81
4 83
10 76
9 91
9 4
7 30
6 81
3 26
3 92
10 93
2 44
9 78
5 19
6 4
10 30
3 72
6 83
3 37
10 31
6 69
7 45
2 18
4 14
7 62
4 95
6 25
1 84
7 62
7 71
1 57
10 6
7 48
8 6
10 80
8 90
1 79
4 52
3 28
8 55
2 28
7 33
6 32
7 51
7 64
3 79
6 6
4 34
3 12
2 20
5 69
5 13
2 22
5 86
7 10
8 33
3 86
6 90
10 11
4 60
9 64
6 100
2 41
1 24
7 47
8 55
9 35
7 93
1 33
3 91
10 94
2 9
7 31
7 44
9 31
1 15
7 55
5 25
2 16
9 46
2 17
1 100
7 16
8 72
4 88
6 18
5 38
9 86
10 68
6 49
5 86
6 56
9 44
10 83
3 45
2 55
10 99
6 70
10 19
1 56
7 88
4 32
2 60
6 88
6 19
1 70
4 89
8 47
9 51
4 10
2 10
6 91
8 76
7 30
4 19
10 92
8 4
10 45
2 53
3 3
9 96
4 34
1 16
4 61
3 85
8 74
7 16
6 58
8 45
4 56
6 34
9 48
5 65
1 8
8 5
4 3
6 14
4 78
5 87
7 100
5 65
4 78
3 51
7 40
2 1
5 91
8 90
10 16
4 42
5 50
5 36
8 4
8 37
8 54
9 2
4 86
2 64
4 10
10 83
3 78
2 28
2 44
3 8
4 1
10 35
10 18
2 90
3 19
10 85
6 33
2 61
10 22
7 53
3 60
2 36
6 82
6 63
1 83
1 93
8 49
6 53
6 65
3 11
3 99
7 44
6 40
10 35
9 64
6 65
4 98
8 33
3 34
8 21
7 23
7 23
2 2
10 43
1 83
3 50
1 67
5 31
6 55
8 30
1 84
8 7
9 12
2 64
4 89
3 43
10 1
2 51
9 87
9 70
5 96
6 77
8 45
4 16
10 13
8 100
2 43
10 47
4 20
6 52
7 35
1 100
9 45
7 73
1 92
5 93
1 99
5 58
4 9
2 34
6 15
5 91
2 79
2 50
2 20
5 4
7 100
3 85
9 46
3 36
2 29
6 84
5 81
5 95
7 37
4 26
9 93
10 53
7 26
9 79
6 80
2 85
9 77
9 36
4 61
1 70
7 70
7 100
4 25
1 90
6 70
6 55
1 30
4 67
9 7
1 7
2 18
2 32
7 20
9 72
5 22
8 6
1 84
6 61
9 88
5 96
5 77
9 5
7 31
9 53
3 86
8 37
1 4
8 59
9 35
6 46
1 68
1 83
4 29
8 1
10 78
8 70
4 33
9 61
4 19
8 83
9 55
4 33
8 70
9 87
8 81
4 13
8 92
1 27
10 19
3 46
2 95
5 42
1 82
7 51
4 4
2 21
5 27
5 60
5 42
6 4
5 2
8 66
6 65
5 12
6 81
9 24
4 66
5 5
10 96
5 1
2 88
2 39
2 16
9 45
2 66
3 34
2 6
9 39
2 25
8 19
10 79
2 66
2 20
5 2
3 3
7 81
3 55
7 84
6 80
8 25
2 58
7 5
9 37
9 75
5 70
8 56
4 57
2 80
6 76
10 99
8 35
7 59
7 94
8 98
1 82
10 83
4 67
2 76
3 60
6 11
5 92
8 24
9 68
3 43
7 67
6 51
1 89
9 14
8 33
1 64
3 30
7 23
2 49
5 53
10 38
10 34
6 60
4 57
2 78
3 62
8 81
5 33
6 52
5 98
5 24
2 57
4 88
3 18
7 92
8 63
2 78
3 93
3 86
9 55
3 33
1 25
3 33
1 11
3 36
3 56
6 98
1 98
4 48
8 63
2 63
6 69
6 10
5 47
5 2
7 44
2 68
9 53
2 48
4 83
10 93
9 95
8 20
2 44
6 39
4 35
9 75
3 64
5 89
8 44
4 43
5 7
8 35
2 90
2 86
7 27
10 27
5 56
8 81
8 9
8 87
6 77
6 44
8 77
7 72
8 69
3 78
3 63
1 42
6 54
2 26
9 29
7 82
9 6
4 30
10 10
8 74
4 69
6 29
3 10
8 81
9 1
3 30
1 26
3 97
9 83
1 41
9 42
5 99
1 9
3 79
5 39
5 87
5 88
6 19
1 56
4 42
10 40
2 84
6 34
7 9
8 69
5 75
10 10
9 16
9 26
3 32
3 72
7 14
10 5
10 93
5 91
2 89
2 55
3 48
4 81
4 1
9 3
8 15
3 37
8 19
3 44
7 20
1 96
8 47
3 53
9 80
4 91
3 16
3 82
6 41
3 5
4 32
7 53
5 78
6 95
4 71
2 36
6 80
3 57
9 63
3 99
10 48
9 15
7 38
6 64
7 53
7 83
7 72
9 64
3 76
10 79
3 28
8 1
10 99
6 26
1 12
5 43
5 81
7 41
4 92
9 33
10 5
8 91
10 96
3 23
2 96
2 23
5 67
8 27
1 66
2 30
6 64
1 2
8 50
1 44
7 56
5 85
9 8
5 61
5 81
7 55
8 71
3 93
7 74
9 39
6 17
2 14
4 66
1 72
8 55
1 75
1 59
4 37
4 56
6 1
3 53
9 87
1 9
3 87
2 3
1 76
8 99
2 67
6 38
5 95
10 74
6 59
6 98
7 37
10 58
1 67
5 18
5 35
5 57
6 43
6 40
9 95
9 33
6 3
7 84
3 45
2 85
4 65
8 56
6 8
2 89
3 54
8 67
3 24
8 36
5 62
5 51
6 51
10 83
1 47
9 64
7 2
3 25
10 47
3 25
5 42
6 94
7 76
2 19
3 5
7 50
6 9
6 67
2 12
6 32
4 3
6 11
1 13
1 93
9 34
6 29
4 24
6 77
10 71
5 17
5 35
9 66
7 6
3 65
3 55
5 13
8 63
3 35
7 94
4 90
4 66
10 4
1 9
4 97
4 5
9 62
1 37
7 81
8 54
2 87
5 27
5 54
10 87
2 42
7 54
2 88
3 83
7 71
8 33
4 35
10 80
4 35
6 11
1 42
1 61
9 43
2 57
5 50
8 34
3 75
2 72
5 38
9 65
9 21
3 17
4 35
5 5
3 61
3 14
1 19
5 82
8 71
2 72
2 86
4 38
5 70
7 88
1 77
9 72
9 97
8 68
3 56
4 24
6 34
8 97
7 17
2 87
9 13
7 64
10 74
1 82
3 55
4 55
1 49
2 35
5 93
7 63
1 87
5 97
2 52
2 41
4 3
8 71
9 4
8 30
2 69
4 57
9 39
4 49
4 93
9 56
5 68
8 77
3 52
8 92
1 10
3 37
3 67
4 37
6 80
8 77
2 32
6 28
9 96
1 84
5 30
7 41
1 67
6 14
8 2
8 33
7 4
3 9
1 42
8 3
4 50
3 26
1 59
9 88
5 64
5 59
6 80
7 52
3 40
5 63
10 14
8 56
3 95
9 14
8 71
5 59
1 76
10 84
4 37
2 51
8 62
3 83
3 74
8 51
3 56
8 48
6 8
7 68
6 73
1 32
2 72
5 34
10 88
7 100
9 7
5 2
7 74
1 38
1 41
1 47
3 44
9 83
3 83
10 23
10 92
2 73
1 50
1 44
2 32
3 41
7 69
3 93
4 24
6 88
3 49
9 92
3 51
3 62
7 40
3 91
3 2
4 23
9 72
3 41
9 18
4 63
2 6
6 52
2 97
2 3
3 53
5 86
9 89
4 29
2 82
8 97
4 5
9 86
6 20
6 21
8 10
1 95
2 7
9 47
5 95
7 41
1 30
8 65
5 98
5 51
1 26
10 66
1 45
5 21
9 59
5 64
5 30
2 12
6 39
1 73
3 20
9 94
8 88
3 65
1 3
7 88
1 4
6 12
2 88
2 40
10 4
9 14
8 47
1 86
3 56
9 100
5 11
2 85
9 22
6 62
10 26
8 41
10 48
9 48
4 83
2 92
6 24
7 42
8 10
10 58
7 4
4 10
3 16
2 98
6 53
2 83
4 1
6 49
10 77
3 6
4 7
3 44
2 15
8 10
1 10
1 52
5 55
3 33
3 83
8 34
8 61
7 6
7 47
5 24
6 84
7 98
2 86
10 68
6 96
5 61
10 46
8 54
2 30
5 11
4 68
10 9
8 89
4 65
4 72
3 91
5 36
1 44
6 14
9 25
7 40
