7 89
5 76
7 30
1 39
2 5
6 26
2 17
3 69
1 87
4 22
10 5
4 6
3 89
6 72
7 37
8 41
1 49
10 74
3 84
2 63
2 69
2 28
5 14
8 46
4 59
6 27
4 42
3 27
9 47
1 48
4 24
5 57
4 98
8 99
6 74
6 96
3 2
10 2
9 8
6 77
4 78
8 17
6 65
10 26
1 93
9 21
4 97
3 4
8 76
2 43
2 59
4 56
1 97
8 60
10 30
4 34
6 96
6 28
10 1
7 42
10 74
6 57
1 64
9 53
6 31
4 2
3 3
5 36
5 6
2 90
2 100
4 23
3 37
4 24
6 31
3 73
7 96
3 79
1 94
5 42
10 98
6 25
1 55
9 87
7 5
1 41
1 31
9 98
8 69
3 58
2 74
10 24
7 93
6 3
8 99
7 100
7 63
6 30
3 62
9 51
7 82
2 79
3 30
8 100
2 43
1 41
6 26
3 87
5 79
4 1
8 22
1 31
3 88
4 51
8 21
9 17
6 77
3 38
6 53
1 40
10 1
1 93
4 12
5 45
4 84
7 69
2 47
2 50
1 35
3 23
1 27
2 61
6 70
6 1
4 9
5 23
9 21
9 42
10 63
6 67
7 53
5 43
8 62
7 6
3 86
6 74
1 20
5 22
10 49
5 60
3 49
9 25
6 72
5 44
6 48
10 24
9 31
7 56
3 85
3 86
4 78
6 69
8 9
7 37
5 5
9 19
10 62
9 81
4 79
6 23
4 38
8 97
6 88
4 43
5 41
10 64
5 72
2 2
10 97
7 57
4 60
7 22
9 27
5 52
8 100
1 16
10 53
7 42
2 45
4 92
9 72
4 69
7 22
4 99
3 96
7 7
10 40
7 74
7 45
6 58
2 76
4 37
9 54
6 27
8 97
3 47
3 25
7 16
4 25
8 18
6 79
3 43
6 55
9 33
4 83
8 54
1 75
3 72
9 16
7 47
8 26
8 48
10 33
9 3
10 80
7 53
6 86
3 52
9 43
4 49
9 57
10 53
3 84
3 4
5 99
6 22
8 55
5 75
5 83
6 55
10 81
3 43
7 52
6 43
4 57
7 29
2 72
7 7
1 17
8 89
9 76
8 38
8 59
10 33
10 55
7 99
9 87
8 68
8 45
10 32
2 85
2 89
7 47
7 75
7 85
1 76
6 7
6 81
5 4
8 81
8 18
3 85
9 17
3 81
7 89
4 71
4 47
5 38
2 55
5 54
4 87
9 95
2 79
10 8
9 52
2 75
10 91
4 30
4 21
2 4
8 21
2 67
9 71
6 90
7 91
3 96
1 5
3 20
6 84
10 42
6 85
10 75
2 55
8 17
1 69
5 3
6 5
7 100
10 64
10 35
10 7
6 84
3 69
1 33
9 82
2 96
9 53
2 37
10 37
8 60
5 43
5 57
9 24
2 80
2 52
8 47
3 76
9 59
5 32
1 16
5 66
10 86
9 85
5 17
10 94
9 24
1 9
7 74
6 66
7 97
7 10
6 84
10 25
6 32
10 11
9 44
10 92
4 59
1 73
6 92
10 65
8 76
5 64
6 74
3 63
7 12
2 17
10 65
1 47
9 17
7 84
3 10
6 11
7 24
2 85
8 68
1 22
3 61
6 76
3 53
2 4
10 100
3 14
9 79
6 69
1 40
1 20
8 48
5 43
2 41
1 73
2 43
4 58
2 91
8 9
1 28
9 9
1 26
5 54
8 84
1 71
1 65
5 94
8 83
5 29
5 61
1 80
9 4
5 92
8 41
9 31
9 1
4 17
4 26
2 27
1 86
1 50
7 17
2 40
2 96
6 52
6 25
9 52
5 31
3 84
8 56
2 41
6 62
4 100
7 59
9 46
2 7
2 69
8 44
1 5
6 86
6 8
10 17
6 64
4 40
6 67
4 80
1 69
7 6
3 95
10 82
9 11
1 77
1 33
9 90
9 21
4 29
9 30
4 76
6 27
8 36
1 13
6 32
6 14
9 41
4 33
10 47
7 18
9 15
6 85
2 58
9 83
3 73
2 13
7 63
6 10
3 29
8 60
5 57
2 43
6 15
1 54
4 97
10 43
7 49
2 61
7 33
7 8
3 62
10 6
5 74
6 86
3 49
2 90
4 31
2 77
7 21
10 39
7 1
1 9
1 16
5 50
3 46
4 85
3 73
3 88
6 24
9 37
4 51
7 67
1 77
9 1
8 33
5 91
2 98
7 90
3 26
3 31
5 38
10 56
6 17
8 72
1 74
3 88
7 59
7 94
9 8
6 93
7 69
9 51
3 62
7 85
6 13
2 37
7 33
1 46
8 1
3 32
1 28
5 15
6 81
4 23
1 4
10 34
1 32
6 22
1 27
8 89
8 51
6 87
5 87
6 27
3 19
4 27
8 65
9 6
1 42
8 87
3 32
6 60
10 14
3 13
10 41
5 91
7 62
7 90
6 71
9 23
1 86
10 22
7 42
1 9
1 28
3 13
8 53
10 95
9 67
5 91
9 37
1 48
9 65
3 77
7 22
4 90
3 63
9 88
4 58
10 35
2 73
3 42
10 7
5 71
9 43
4 60
1 63
8 46
6 97
6 100
3 11
6 8
6 72
4 66
1 99
4 2
2 52
2 57
7 97
7 63
5 75
8 61
6 87
9 46
8 80
8 68
6 55
10 88
6 95
7 26
6 66
1 20
1 97
6 70
5 52
3 9
10 74
9 13
1 20
6 8
7 56
9 20
4 78
5 92
9 70
8 3
7 94
2 23
7 88
9 34
6 35
3 44
5 59
1 4
8 11
6 4
7 75
1 28
9 23
6 62
9 83
7 98
10 29
6 93
10 61
1 76
8 16
4 71
8 72
2 75
2 47
1 45
8 99
6 9
3 63
2 64
5 81
2 78
5 8
3 91
3 44
6 53
10 20
6 7
5 53
4 78
4 86
8 73
6 51
10 22
8 10
10 52
10 88
3 92
4 2
7 65
10 58
10 52
5 74
10 93
2 56
3 3
7 49
8 43
1 95
3 24
9 23
8 39
4 21
4 19
5 61
7 11
5 90
10 53
3 60
2 55
3 90
9 73
10 35
6 26
4 48
8 62
10 75
10 33
5 14
8 47
7 62
9 89
3 88
4 13
10 59
5 54
4 40
1 89
5 50
6 76
5 72
5 89
10 50
9 82
8 73
3 85
10 64
3 59
4 84
5 96
3 15
6 50
1 97
8 21
6 7
10 19
2 69
7 80
2 7
1 50
6 33
4 84
1 25
10 89
10 74
4 72
5 99
4 67
5 52
4 41
5 45
5 100
10 78
1 7
6 91
6 25
3 86
7 73
9 10
10 87
10 38
5 79
7 16
6 96
6 27
4 79
7 65
2 99
8 35
3 51
6 78
9 27
7 76
6 31
6 74
10 88
5 5
5 37
1 17
1 63
8 70
4 49
10 79
1 12
10 48
5 15
5 95
8 47
8 99
10 82
6 34
6 38
1 22
7 25
5 99
10 91
10 35
9 47
5 86
2 55
10 25
9 44
4 15
6 27
1 84
5 79
10 54
6 11
4 17
3 71
4 90
9 11
8 96
1 96
6 16
6 52
6 55
2 65
9 18
6 25
1 21
4 53
7 85
5 32
7 98
7 56
9 5
2 88
6 83
3 33
8 26
8 99
7 56
9 70
9 39
3 31
6 72
6 53
5 17
1 42
3 13
3 67
10 73
8 71
4 30
5 84
10 95
1 27
8 90
9 100
9 79
2 47
6 28
7 6
1 19
2 3
4 50
9 12
10 18
9 74
6 88
9 44
8 49
5 78
5 60
3 58
9 54
2 82
8 1
9 72
6 2
9 4
4 30
8 16
9 44
1 38
2 21
3 26
5 84
9 71
6 94
7 9
9 95
2 20
3 11
6 4
2 84
5 57
4 99
9 98
4 50
5 3
1 66
1 76
5 2
1 49
10 68
3 28
10 7
1 33
7 11
6 5
3 5
5 38
10 19
2 27
4 92
9 25
7 97
5 58
7 49
4 69
10 58
5 43
1 65
2 25
2 3
1 64
10 95
4 30
4 1
3 30
2 12
8 48
2 88
7 95
9 85
4 51
4 25
2 87
4 14
8 72
8 85
7 8
6 20
4 3
5 93
6 16
7 84
9 80
4 65
7 43
7 32
4 91
2 84
3 31
2 78
4 46
6 8
1 97
7 96
10 83
6 91
6 56
9 13
9 60
4 50
9 70
9 4
9 13
8 7
4 84
10 45
10 82
7 48
6 92
10 49
8 88
1 36
9 78
6 46
7 90
9 54
8 58
6 5
4 61
1 62
8 21
2 30
10 82
7 93
10 49
7 97
7 80
10 10
3 71
10 60
2 100
7 70
8 56
9 97
6 3
4 37
3 26
10 62
1 100
10 99
10 98
8 64
2 37
9 23
7 38
2 87
1 84
3 36
6 82
3 22
6 43
1 44
3 76
9 40
