4 52
9 65
10 63
5 17
2 73
4 12
1 14
9 85
3 93
5 69
6 41
3 33
2 30
10 8
3 94
7 69
2 28
10 68
7 80
10 42
6 43
2 99
4 31
5 98
1 76
5 48
6 74
6 95
1 87
4 41
4 8
5 86
5 92
2 82
3 65
2 85
7 16
3 38
10 83
9 63
6 82
2 63
6 84
7 76
8 32
8 16
8 68
7 55
6 65
5 16
10 61
4 21
4 2
9 85
10 96
5 26
10 99
4 64
2 75
6 85
5 21
7 17
5 19
6 17
2 95
5 84
7 89
2 32
4 79
2 89
10 66
4 15
3 43
8 9
8 24
5 85
10 6
1 32
10 32
7 71
2 66
9 24
7 27
10 43
4 97
4 96
9 40
4 80
10 30
9 32
9 38
2 93
8 23
10 93
9 100
9 7
1 58
6 31
10 98
2 45
7 97
6 80
4 58
6 99
3 28
5 96
3 82
5 97
3 23
10 84
3 34
4 14
10 91
10 33
9 8
9 12
4 24
3 12
1 33
1 24
7 61
4 1
9 3
7 72
2 12
1 50
9 34
9 95
6 37
7 82
4 73
9 57
4 12
2 60
3 92
7 93
4 36
2 11
7 9
3 95
1 61
3 58
3 49
9 96
4 31
10 87
7 5
1 43
8 69
3 69
1 92
7 60
7 71
10 91
4 53
1 86
8 33
10 3
5 19
6 98
7 23
6 98
7 9
9 71
3 77
9 89
7 68
9 9
6 56
7 71
6 74
7 25
10 41
10 60
5 62
6 12
10 35
9 57
4 57
2 29
7 27
7 18
1 84
10 93
10 1
7 53
4 33
3 59
5 9
5 22
7 28
6 95
5 32
1 35
7 12
3 64
3 43
8 94
1 37
5 44
10 76
6 20
7 65
9 80
3 18
1 58
9 21
9 27
7 70
6 80
8 38
2 17
1 36
9 11
9 46
4 50
5 38
9 4
3 70
7 94
9 62
8 40
7 4
4 47
4 18
5 16
9 20
2 40
6 88
5 28
6 4
5 18
8 3
9 85
8 81
6 59
10 81
7 41
5 5
5 56
7 66
3 47
4 41
3 100
8 13
9 98
7 14
3 65
2 35
2 48
8 9
9 55
7 5
4 4
9 45
8 66
4 39
8 58
3 29
4 46
6 68
2 95
2 32
5 11
6 6
6 95
9 15
10 60
5 29
3 77
4 51
2 89
8 64
8 23
6 45
5 6
10 30
7 64
4 63
5 75
9 60
7 92
7 22
3 56
2 41
7 48
2 71
8 8
9 35
2 12
3 92
8 19
9 97
4 26
6 78
2 66
8 49
4 10
6 82
6 71
4 92
7 93
6 42
2 83
5 31
1 8
6 87
9 78
3 6
4 72
10 18
7 31
1 28
4 49
7 12
3 11
2 64
7 69
6 40
4 8
9 27
6 67
10 9
5 59
5 97
3 98
1 14
8 47
3 63
3 65
1 11
10 46
4 75
7 58
7 59
1 25
1 77
2 85
1 98
6 37
6 77
9 20
7 23
1 62
10 48
1 66
8 48
10 60
8 42
10 42
5 86
8 66
9 19
2 67
6 3
2 53
5 12
3 74
8 43
9 32
9 56
8 81
7 50
1 51
5 69
6 96
6 98
5 41
1 6
4 3
3 96
3 75
3 5
4 97
1 9
7 72
2 72
1 68
8 42
10 88
1 53
9 100
2 9
7 48
7 19
3 35
1 99
4 90
1 95
2 91
6 94
7 39
6 62
5 29
10 43
4 78
9 59
10 86
2 43
7 35
8 100
3 46
10 50
4 59
8 12
5 82
4 52
6 20
3 3
8 47
5 61
5 27
8 22
8 82
10 38
3 40
6 66
8 72
3 61
1 42
4 78
4 41
1 63
10 32
5 19
7 66
6 5
2 72
3 9
5 5
1 57
2 76
1 93
4 1
3 51
6 90
6 78
5 64
7 70
9 99
7 38
8 31
9 82
5 53
6 48
9 94
9 1
6 34
10 32
10 49
4 96
4 8
8 40
6 16
6 81
7 44
9 47
7 28
6 68
2 5
5 50
9 52
1 40
5 56
4 41
1 49
7 1
3 79
7 100
2 71
8 41
6 28
1 44
5 11
9 20
9 1
1 13
9 21
3 6
1 3
6 67
5 36
3 77
10 72
5 58
4 27
8 81
10 91
2 8
6 26
2 94
4 36
7 39
8 61
2 37
4 59
4 13
10 97
4 49
10 43
1 58
2 62
10 37
3 25
7 74
9 71
1 68
9 100
3 78
2 22
2 92
8 63
9 77
5 66
2 59
7 80
3 52
4 22
9 98
9 73
6 91
9 37
8 80
4 14
9 76
3 9
1 16
10 92
6 81
7 10
10 70
9 94
2 100
5 34
3 64
2 59
7 20
7 52
5 46
5 13
2 74
6 11
1 31
7 21
6 50
10 42
5 40
6 6
2 97
9 22
2 45
7 73
1 15
2 65
4 57
2 3
9 80
10 47
9 13
1 76
3 48
2 64
9 61
1 15
8 37
10 39
9 16
6 53
8 49
5 50
9 13
10 93
3 66
1 33
1 4
6 62
7 3
2 26
8 33
4 66
9 2
9 79
10 6
2 23
8 30
3 41
7 23
3 18
4 80
3 33
10 75
3 50
3 59
4 34
4 61
3 23
2 50
5 56
8 49
10 69
6 94
5 1
8 46
4 39
7 78
9 15
10 35
1 30
6 36
2 62
4 25
10 10
8 3
4 21
4 24
2 29
10 97
4 86
9 3
6 20
6 75
5 91
4 30
7 51
7 94
7 5
4 11
4 70
2 10
6 98
2 100
6 15
5 46
10 60
2 25
9 41
8 25
3 18
2 80
1 24
9 97
4 4
7 62
9 47
1 3
2 87
1 72
3 61
9 15
2 71
6 20
1 85
7 50
6 75
6 72
7 27
9 20
1 61
7 95
4 35
10 14
8 56
6 97
10 29
3 91
7 60
7 33
3 60
10 16
3 65
8 42
4 21
2 21
2 5
7 28
9 84
6 99
9 13
9 74
5 59
5 25
2 57
6 23
10 12
3 1
10 86
6 35
9 41
8 98
2 73
9 89
9 43
4 73
5 71
10 43
9 44
6 10
2 24
8 27
10 91
6 58
9 66
4 42
6 37
9 68
7 24
3 17
3 59
1 50
6 81
1 93
7 100
5 59
2 32
7 88
4 74
10 79
3 75
10 3
6 30
10 16
10 78
3 16
5 41
3 81
7 63
4 55
5 55
9 98
9 33
1 98
5 64
4 88
6 70
4 99
9 27
1 32
1 35
3 78
10 5
3 69
5 17
7 22
1 68
3 24
10 71
4 18
9 6
3 49
4 36
10 30
8 61
5 13
10 71
1 24
8 78
5 20
8 67
2 77
8 12
8 41
6 23
4 27
2 44
6 50
4 16
1 78
4 24
2 55
4 63
3 66
6 21
3 72
4 85
10 60
5 47
1 29
9 99
7 14
5 17
5 51
1 18
8 5
7 23
3 94
5 78
3 19
4 70
2 58
8 52
1 36
4 48
3 4
6 21
5 74
3 10
4 52
7 18
7 47
5 3
10 13
10 67
9 59
4 100
10 98
4 59
2 20
4 28
5 77
9 88
10 60
10 67
4 32
8 64
9 59
5 16
8 82
8 60
9 11
8 100
9 32
3 77
5 89
10 62
5 38
10 80
6 42
3 7
8 65
5 25
2 49
8 13
2 59
7 4
1 90
3 26
6 76
5 28
1 34
2 15
8 37
8 29
8 15
6 47
5 37
10 35
5 94
10 3
3 46
7 68
3 72
9 5
6 66
8 76
4 40
4 15
4 44
8 83
1 60
3 75
5 9
10 92
6 37
4 6
6 29
6 34
2 30
10 30
6 74
5 55
9 29
5 70
6 57
8 59
3 72
6 34
5 69
8 79
8 71
4 37
4 90
9 20
8 67
8 57
7 79
3 42
10 80
8 43
6 1
4 91
1 16
6 13
9 81
8 16
7 15
7 37
2 55
9 56
4 52
4 17
10 91
6 98
10 62
1 79
1 100
3 65
7 70
10 91
6 45
8 75
5 69
2 82
1 1
2 76
1 32
5 15
4 32
2 98
7 17
1 17
7 2
1 44
10 49
7 34
4 61
10 24
2 54
7 31
10 56
4 95
9 92
8 82
4 27
10 2
1 29
7 70
2 39
8 76
2 90
4 100
6 89
5 28
8 89
10 13
3 12
5 1
3 19
9 44
3 9
8 50
2 45
5 90
1 19
3 65
4 84
7 57
9 9
3 90
3 55
6 52
10 73
6 55
8 77
10 23
9 12
6 46
10 5
5 32
7 70
3 100
10 32
7 42
8 12
6 97
1 95
6 71
2 74
2 59
2 15
8 35
3 89
1 22
5 50
8 86
3 100
6 51
4 85
2 87
2 52
4 99
4 89
10 95
9 29
7 35
3 68
4 85
3 32
2 47
9 95
9 29
