8 82
5 52
1 95
1 37
4 13
8 31
9 73
5 31
2 31
3 87
4 35
10 85
8 63
1 27
3 52
3 96
9 35
4 1
1 10
2 6
1 14
5 37
5 24
2 89
8 57
9 14
2 36
6 35
4 56
5 5
3 90
10 58
1 1
8 50
10 68
7 75
8 48
6 84
5 96
6 38
2 63
5 10
4 78
10 41
1 57
7 57
6 8
9 93
9 3
8 86
6 86
9 43
5 77
7 87
7 72
7 61
3 59
8 91
4 53
5 95
6 27
8 31
10 31
6 61
7 62
6 53
3 88
10 12
5 28
6 26
4 52
1 30
2 99
6 97
8 89
8 1
10 76
3 12
8 73
9 74
2 99
4 56
1 20
1 71
4 33
4 13
6 65
1 19
1 37
3 96
6 11
10 10
7 25
3 43
6 34
9 3
9 32
10 37
8 45
5 55
5 67
10 48
5 42
7 2
1 18
3 17
10 3
3 19
10 6
9 64
1 81
7 93
5 34
6 50
9 76
6 74
1 63
2 16
4 28
2 3
10 10
1 30
4 59
7 15
3 99
4 19
5 14
1 3
3 33
4 81
9 15
6 93
5 46
5 51
3 46
3 4
3 21
5 69
4 66
7 43
9 27
9 44
7 25
6 31
8 65
7 36
2 69
2 63
2 14
9 59
5 64
6 39
7 63
7 33
1 61
9 95
8 96
6 23
5 83
2 86
5 29
7 66
1 23
3 82
5 8
10 43
1 99
5 100
10 35
1 86
1 22
2 98
1 53
4 97
1 60
6 39
9 51
2 99
10 36
7 3
7 88
5 91
7 26
5 85
7 79
5 100
7 33
7 73
8 33
7 81
9 39
1 12
1 30
9 36
8 41
9 97
5 14
6 84
1 89
1 96
10 78
7 24
4 20
10 20
10 61
9 59
5 8
5 10
4 49
10 23
9 37
4 37
8 54
6 32
9 45
7 85
7 91
8 65
10 54
6 99
7 26
3 43
9 92
3 72
1 46
9 14
2 16
6 51
5 68
9 13
9 18
2 9
5 83
2 82
8 20
5 17
8 74
5 21
3 22
1 91
9 3
6 48
3 91
5 38
3 83
5 73
5 51
1 76
9 35
9 45
1 84
10 26
2 74
10 89
3 78
9 35
3 73
7 1
10 50
6 15
8 41
5 78
1 4
2 34
10 97
1 17
3 74
1 28
10 14
5 4
7 81
8 31
1 40
2 33
3 71
6 62
9 84
10 39
9 37
2 26
5 26
1 42
10 100
1 69
3 30
10 60
7 15
5 25
6 24
2 52
4 8
9 6
10 30
2 73
5 23
7 81
7 22
10 97
6 57
3 13
8 6
7 35
9 78
8 26
5 53
5 95
3 97
8 64
7 53
3 6
8 66
3 15
5 89
10 68
3 30
1 50
4 98
10 96
8 36
6 49
3 75
9 4
8 64
6 96
9 42
10 95
1 57
8 15
2 94
8 89
3 25
6 82
2 13
4 99
3 85
6 80
6 26
8 81
9 64
1 93
6 37
9 45
8 92
4 94
7 59
4 27
8 78
6 33
1 29
4 40
8 28
2 87
7 89
3 41
10 86
9 16
6 98
6 11
6 28
7 75
4 51
10 22
3 80
5 57
5 56
2 92
8 65
5 76
10 74
7 88
7 12
9 21
6 13
4 17
7 48
4 95
9 89
3 98
7 15
2 56
1 52
10 45
3 81
5 5
2 27
8 26
9 10
2 83
7 30
8 39
2 92
1 82
1 75
8 71
2 84
10 42
7 79
4 93
7 11
8 22
2 54
1 28
2 75
10 11
6 77
10 85
7 45
1 64
8 19
3 6
1 46
8 77
2 38
3 15
7 4
4 65
5 45
4 4
5 51
10 49
10 57
6 44
1 50
1 44
9 50
8 90
7 9
6 91
4 89
2 99
3 47
1 100
2 85
5 40
4 71
10 84
8 92
1 87
4 88
1 99
9 16
8 30
6 22
2 84
6 60
3 25
2 4
3 59
8 42
3 7
2 46
8 89
5 68
6 81
10 50
2 68
8 21
9 8
5 29
5 57
8 7
10 22
2 72
3 12
6 24
9 49
7 88
2 52
10 3
3 68
1 96
9 96
1 13
7 95
6 20
6 74
10 74
10 96
9 74
4 9
2 19
1 74
10 46
6 20
2 11
4 79
7 87
2 11
2 32
9 48
3 41
4 51
5 76
8 37
3 47
9 26
9 11
5 66
2 48
4 10
1 69
3 91
10 87
5 76
2 30
10 53
6 48
9 83
4 63
10 32
4 98
2 4
7 60
2 46
5 28
6 81
4 57
3 58
6 78
3 65
10 51
4 48
1 84
7 43
6 82
6 65
4 67
1 51
5 77
8 93
9 1
2 94
3 91
9 86
7 78
1 55
9 78
5 99
2 89
5 30
6 88
6 76
2 11
4 95
9 60
7 50
6 68
4 65
5 19
1 77
9 87
9 65
6 37
6 52
1 32
2 10
9 42
5 49
6 17
2 35
8 11
4 11
2 31
5 6
6 77
1 25
1 100
9 85
8 62
9 38
10 80
10 88
4 9
6 72
3 26
2 52
8 84
2 71
7 25
1 72
9 36
9 85
3 65
2 67
8 46
10 9
9 90
5 63
5 3
1 54
5 65
7 85
3 45
3 75
7 23
9 36
7 90
8 17
2 71
5 57
10 17
2 18
8 89
2 1
10 65
8 90
8 82
8 20
2 75
7 65
1 44
10 21
3 61
1 94
10 13
7 77
1 68
2 35
5 61
6 59
4 3
6 68
3 2
1 35
9 90
2 51
6 41
8 16
6 43
4 50
6 28
2 15
1 69
10 66
6 7
3 64
10 61
7 72
8 36
2 18
6 82
3 47
6 5
7 37
9 78
7 7
2 47
2 49
1 60
4 90
8 70
4 61
5 42
5 82
4 9
1 82
6 99
9 99
2 68
6 28
9 67
5 100
3 30
4 89
5 3
3 55
1 14
8 86
1 24
8 74
2 84
9 63
4 89
8 86
1 3
10 72
5 14
5 57
4 22
3 95
10 1
7 9
2 4
9 79
7 70
10 13
6 66
1 96
7 31
8 93
3 9
9 14
8 36
1 6
1 22
9 25
2 62
5 68
3 40
5 31
2 27
5 38
7 37
10 99
4 27
4 22
7 35
2 65
7 30
3 15
4 86
6 53
8 9
7 17
5 57
5 99
1 84
9 57
8 48
10 69
1 35
9 63
1 60
8 14
3 7
9 65
1 3
6 99
8 72
1 26
2 3
10 58
8 10
5 18
5 60
1 37
9 25
9 74
1 40
9 61
7 58
4 58
6 29
5 21
1 17
8 77
1 2
3 41
2 43
6 97
10 7
2 45
4 47
4 97
1 32
9 17
10 63
3 16
7 15
5 76
10 69
9 93
9 44
2 48
7 72
7 14
6 73
2 14
1 94
8 91
5 67
1 75
8 65
8 50
4 45
3 11
6 16
10 18
4 6
7 82
2 29
3 66
8 1
4 7
7 86
2 60
3 54
6 55
6 46
7 16
7 95
8 36
10 62
3 68
10 46
1 48
10 86
9 31
4 15
4 61
10 11
5 89
1 92
8 44
2 68
5 74
6 74
6 48
3 7
9 32
9 79
10 78
9 47
1 91
6 88
2 28
3 29
9 72
1 9
4 35
3 60
3 100
10 34
9 15
10 71
6 64
3 42
1 91
5 99
3 37
8 27
1 31
8 12
6 11
3 54
5 64
1 23
7 55
10 94
1 44
6 62
8 14
5 70
5 52
3 20
10 77
5 33
4 31
3 44
1 44
9 67
7 66
7 31
5 26
8 50
2 64
8 20
4 89
4 59
6 69
5 33
1 43
3 88
7 48
5 69
6 53
3 6
8 62
8 61
7 12
9 59
4 86
10 60
9 77
6 22
1 65
7 45
2 28
9 39
2 61
1 82
7 41
5 49
7 100
9 41
4 23
9 28
4 52
1 100
1 86
7 98
3 53
8 1
1 42
7 16
4 55
2 97
9 97
9 16
1 71
3 54
5 95
3 41
3 31
7 22
4 84
7 64
2 61
4 66
1 3
4 71
10 30
1 28
7 83
6 86
4 96
3 6
10 50
9 63
1 10
7 36
9 40
3 7
2 60
4 42
8 14
8 28
1 37
9 8
1 5
4 55
1 71
10 36
9 25
10 45
4 7
7 64
8 76
3 88
6 11
6 14
6 11
9 48
5 57
1 29
9 93
10 100
4 91
5 91
7 17
2 80
2 51
8 79
7 98
2 33
5 53
3 6
8 30
1 35
4 54
6 3
10 85
8 64
1 33
5 73
4 5
5 55
9 45
6 17
6 29
4 49
5 4
7 6
9 100
10 71
9 83
1 66
5 68
9 43
6 68
9 12
2 77
1 50
1 42
6 94
1 5
6 70
2 66
5 62
1 43
6 7
3 25
9 34
8 6
5 66
9 86
6 25
7 73
6 90
3 10
