6 24
6 96
9 71
7 17
1 95
7 44
7 92
8 91
9 74
3 51
10 57
6 58
9 13
5 49
6 71
7 50
4 53
6 20
1 72
3 27
3 71
8 60
9 59
7 53
9 93
3 37
4 76
8 75
8 6
3 50
3 95
5 90
10 25
8 33
7 74
10 49
2 51
7 89
6 48
5 31
1 58
7 98
6 75
9 34
6 26
10 38
1 55
2 24
5 100
6 83
5 81
10 38
7 6
2 45
10 92
9 19
9 24
5 11
1 76
5 19
8 75
2 6
10 88
10 77
10 49
1 19
3 86
5 83
9 6
1 59
1 71
1 99
6 3
6 75
9 90
3 73
8 66
9 79
8 49
3 61
6 26
9 40
7 41
10 75
5 77
10 83
5 64
2 19
4 26
7 37
8 54
5 61
1 50
6 63
7 30
3 75
2 1
9 34
3 44
8 8
4 8
10 46
10 23
7 68
10 99
8 79
6 78
7 18
5 53
7 8
6 24
6 44
7 64
3 13
7 65
1 47
7 16
8 6
6 100
4 78
4 72
1 28
7 53
5 42
9 10
7 9
3 22
6 72
10 93
5 81
3 100
9 43
5 71
10 49
9 69
9 77
5 94
3 5
10 92
3 90
3 69
2 43
5 89
4 11
9 33
6 90
7 36
9 66
7 70
8 77
6 99
5 8
10 33
2 44
10 22
5 5
7 89
8 88
4 56
4 24
5 36
7 1
5 29
8 29
2 41
7 100
9 36
1 56
6 85
1 39
3 48
10 89
8 67
10 77
7 36
7 7
4 70
4 16
1 80
4 35
8 52
7 21
7 91
9 100
8 46
7 76
4 85
1 27
3 92
3 83
10 52
6 42
7 31
1 9
6 60
4 58
8 66
10 25
5 53
10 5
5 76
1 77
10 5
9 94
7 30
1 41
2 72
1 23
10 87
3 99
10 98
3 99
2 85
6 86
7 93
2 55
8 11
6 45
3 5
4 7
7 6
4 55
8 21
8 54
6 14
6 14
4 13
3 41
1 92
7 74
6 47
3 10
4 43
3 5
8 80
2 34
6 4
7 29
4 50
8 29
9 12
7 83
5 13
8 54
9 30
3 43
7 92
1 61
4 79
1 7
9 75
3 15
1 100
6 51
3 16
4 77
4 24
2 84
3 39
9 11
9 96
4 27
4 99
5 81
7 21
9 80
2 1
8 21
6 30
2 86
6 30
4 85
3 28
1 71
3 66
1 15
8 55
6 77
5 81
8 85
4 75
6 33
8 62
10 4
7 98
4 72
5 88
3 99
1 34
3 98
10 3
6 15
7 61
9 93
6 17
3 2
3 90
2 53
7 51
6 46
9 3
9 99
2 19
8 96
7 47
3 31
4 57
1 7
8 79
7 68
9 68
7 76
10 67
4 32
6 67
9 93
7 7
8 54
2 2
7 80
10 43
9 37
2 92
1 46
5 89
8 88
5 69
2 50
10 40
5 14
3 95
9 37
5 24
4 69
10 22
8 98
1 14
9 41
7 49
8 65
5 35
3 43
9 28
9 41
9 2
10 63
8 2
10 48
8 68
6 100
4 70
8 51
7 72
8 97
9 11
8 4
1 41
10 8
5 78
4 1
6 29
9 84
9 96
4 76
8 45
3 76
5 50
8 43
1 57
8 15
10 39
2 86
7 79
5 95
3 46
6 18
2 12
8 83
6 18
6 33
5 60
4 99
2 35
2 93
10 33
4 13
3 84
3 52
3 84
7 36
9 80
4 95
1 77
7 98
7 24
7 81
10 85
9 19
7 100
7 98
5 72
10 33
5 91
9 58
4 70
1 59
10 93
4 24
10 75
10 20
9 8
6 86
6 24
7 39
1 38
10 25
4 61
2 62
8 63
9 15
7 59
5 88
4 1
5 51
1 97
6 65
8 80
1 4
10 53
4 63
3 36
7 75
8 86
1 32
7 28
8 96
9 65
1 48
3 38
5 10
5 81
1 14
1 64
10 73
2 36
2 27
5 78
2 36
5 49
7 32
1 58
6 45
2 94
10 98
10 78
4 65
5 61
2 81
6 55
5 35
4 93
10 51
6 85
8 40
8 32
5 20
4 95
1 85
5 19
2 2
9 57
4 74
2 30
9 59
5 5
10 50
6 71
5 48
4 48
4 10
7 1
4 22
3 76
4 1
6 88
9 88
9 70
5 51
5 9
4 1
7 63
9 24
6 80
1 32
5 64
10 19
3 29
4 32
6 19
8 97
8 13
6 12
6 61
5 100
2 84
10 14
6 100
3 46
7 34
6 5
1 72
5 86
8 100
7 84
8 11
7 44
7 26
2 18
6 51
7 58
7 40
1 94
9 72
10 11
4 39
9 38
8 85
2 36
7 86
3 30
9 97
3 55
2 19
7 39
1 39
2 97
7 61
6 29
9 80
5 89
8 9
10 51
10 14
5 45
6 87
7 40
4 24
7 37
6 23
5 49
7 46
1 93
4 98
8 84
6 75
5 77
2 65
7 88
5 51
6 92
2 94
10 75
1 41
6 27
4 100
9 58
10 3
8 53
4 81
6 17
4 90
2 71
9 67
1 54
1 41
8 10
6 97
10 4
8 55
5 13
5 5
1 57
10 54
1 6
8 85
1 70
3 84
3 90
3 19
5 51
8 7
6 83
9 23
1 1
5 82
4 23
8 65
4 6
9 64
6 56
8 93
10 22
9 58
2 95
9 77
3 49
8 13
6 99
10 19
9 68
6 67
3 8
6 89
4 18
8 96
2 94
5 71
7 52
10 83
5 37
2 21
9 19
7 96
6 93
2 83
7 32
7 37
9 49
10 82
9 95
9 95
6 25
3 25
10 3
8 91
2 25
5 6
10 89
8 67
9 49
10 5
10 10
4 92
9 93
7 42
4 55
1 28
5 56
10 32
7 80
7 95
1 99
2 22
10 87
9 39
6 49
6 82
10 100
9 1
2 81
7 14
1 48
6 35
6 49
3 48
4 80
7 14
6 43
6 99
5 65
3 27
1 55
9 46
9 3
10 4
10 89
4 82
3 92
4 5
7 25
4 41
7 48
1 13
2 96
3 27
4 12
10 16
9 27
1 37
4 56
8 27
1 61
5 54
5 26
4 34
10 99
7 51
4 7
6 79
8 35
4 40
10 35
1 17
9 55
5 71
2 34
7 85
5 76
8 1
9 83
6 72
9 1
1 78
10 17
6 84
1 43
2 83
5 61
8 18
9 49
7 40
3 13
6 99
1 83
5 33
1 89
1 61
1 40
1 82
3 14
4 45
5 21
2 25
7 16
7 96
10 97
10 48
5 1
1 15
7 77
2 13
7 34
8 1
5 51
7 39
3 82
10 21
2 81
1 84
1 99
10 58
10 49
10 46
10 26
3 85
9 7
8 84
6 8
1 99
2 20
9 36
7 81
5 57
2 10
7 48
1 39
6 49
7 11
6 92
3 9
4 27
3 49
3 83
3 9
2 11
6 68
8 75
9 80
1 16
4 93
10 27
8 18
8 44
7 91
6 64
9 68
5 32
8 82
9 31
4 36
1 66
3 2
2 30
7 45
7 46
9 62
1 36
4 62
4 95
10 38
3 100
2 81
7 17
4 79
3 6
7 29
4 75
8 4
7 39
5 78
5 64
2 9
6 51
1 82
10 71
4 32
6 78
10 71
4 100
10 36
10 69
1 57
7 78
8 27
6 24
7 50
7 89
8 17
9 15
6 13
1 99
10 29
4 39
2 38
4 17
4 68
7 68
4 50
6 68
2 98
5 30
7 49
7 62
7 10
7 62
10 93
4 8
7 48
8 51
1 86
3 83
6 13
5 71
4 82
10 12
4 82
1 53
9 80
9 78
1 78
8 78
5 18
1 9
3 6
9 50
9 32
3 86
2 88
1 42
6 92
6 99
6 27
2 73
8 45
7 13
6 51
9 44
1 22
10 26
4 19
4 80
6 6
4 58
7 48
8 16
5 12
2 80
3 32
9 86
5 22
1 8
7 17
9 17
3 63
5 40
6 26
8 65
4 50
2 64
3 47
9 75
5 82
9 84
10 74
2 95
3 37
3 82
5 90
1 75
7 75
5 6
5 40
8 76
10 91
3 88
8 73
1 54
10 18
6 74
1 57
10 82
3 96
7 80
9 92
5 67
10 60
6 41
5 72
4 79
5 73
7 81
8 71
2 8
9 72
9 50
2 96
4 66
8 75
1 85
9 79
1 37
6 61
3 88
3 83
7 80
1 64
3 3
2 21
7 6
2 85
9 13
4 60
3 14
8 36
4 50
7 9
6 16
1 26
2 3
2 1
7 49
8 56
2 31
5 87
10 93
8 48
8 86
4 65
10 11
6 44
2 29
5 83
3 74
8 96
6 63
6 74
7 36
7 66
6 8
8 56
2 67
4 49
4 10
5 90
6 14
10 80
10 5
7 72
9 78
2 81
5 44
5 93
5 86
2 60
4 14
1 45
3 33
10 68
3 76
9 12
