7 55
6 91
9 49
3 77
10 19
2 38
3 74
8 22
5 18
6 65
2 38
2 41
7 12
8 22
10 42
8 76
1 58
3 68
4 83
2 49
10 49
3 42
9 51
7 30
5 15
4 47
1 66
3 23
6 86
7 81
2 22
9 89
1 70
9 40
7 97
5 59
7 100
4 9
3 48
2 76
4 31
3 41
1 75
4 65
7 4
5 30
2 65
7 38
1 67
7 6
6 90
3 14
6 57
3 13
2 1
8 25
7 85
4 25
6 53
5 15
10 93
10 53
3 94
3 91
6 56
10 84
5 71
5 39
7 60
10 5
8 34
5 84
3 7
4 6
3 97
10 60
7 99
1 14
7 1
10 66
3 11
2 65
3 31
3 5
8 89
8 45
6 56
4 22
9 99
7 60
3 18
1 93
5 92
9 74
3 99
3 61
1 46
9 2
10 90
10 30
4 100
2 41
8 59
2 11
7 31
5 100
4 21
1 6
2 53
3 72
9 95
2 60
7 51
9 45
3 69
4 84
6 64
4 5
1 38
7 43
8 77
5 84
9 13
4 6
9 19
4 84
10 70
9 85
10 80
3 72
4 7
3 27
7 23
4 6
7 1
5 17
6 98
9 22
10 59
3 94
10 4
7 50
6 67
3 6
5 26
2 25
10 13
10 69
4 43
9 30
10 41
2 62
7 90
9 13
2 82
1 30
2 89
6 22
9 86
1 87
1 65
6 50
9 34
8 15
4 78
10 19
2 77
4 21
8 97
6 80
5 30
2 25
7 22
9 84
7 60
3 22
5 37
1 90
4 23
4 32
8 42
7 44
9 77
3 67
3 95
9 42
6 92
7 64
6 14
3 53
10 56
1 32
1 34
3 33
6 47
4 26
8 40
2 49
9 46
2 96
10 24
10 16
3 63
7 10
4 19
3 71
8 23
4 92
6 88
1 48
5 90
6 38
2 53
3 14
2 99
5 79
10 52
7 31
10 27
4 48
6 64
1 64
3 20
1 60
10 15
10 45
8 93
3 68
5 79
7 96
6 85
3 9
8 31
7 60
1 29
4 86
5 24
7 27
3 83
4 5
10 94
4 78
6 35
6 99
7 39
1 65
7 59
5 14
9 92
1 10
2 56
8 20
10 97
1 12
6 73
2 75
10 75
10 90
3 64
6 12
1 76
7 75
1 10
5 34
10 73
5 36
7 29
8 45
6 13
4 24
2 53
4 97
3 100
4 77
9 5
7 46
3 84
9 49
10 65
6 40
8 48
7 56
6 87
3 74
10 45
9 37
8 28
4 64
9 67
4 51
6 78
5 98
2 58
7 79
2 24
8 64
4 78
10 54
7 87
4 74
3 13
8 89
4 29
4 63
5 10
1 40
6 41
9 68
8 2
6 77
10 8
1 64
6 64
8 68
6 4
7 35
10 37
7 91
7 20
3 92
9 46
9 20
10 85
9 96
4 39
1 43
10 76
9 6
10 76
9 24
3 26
3 66
6 69
9 6
7 18
10 92
4 27
7 16
3 11
4 93
5 22
4 30
1 40
4 14
3 87
10 60
4 70
2 38
3 41
6 21
7 2
9 10
1 37
7 83
9 65
1 72
2 28
1 29
10 17
6 70
3 29
5 34
4 31
3 81
8 49
8 45
7 17
3 44
9 24
9 21
9 95
2 56
4 71
1 7
3 87
6 4
10 1
10 25
1 18
9 36
1 69
3 31
4 2
4 23
7 76
6 10
1 11
10 46
6 56
5 10
9 45
7 84
5 1
5 29
8 98
2 22
7 44
5 32
1 61
1 98
10 44
5 26
10 40
7 18
9 23
1 10
1 51
10 24
2 60
10 94
4 87
2 48
2 92
10 42
6 67
9 23
3 66
4 25
8 59
2 27
2 52
3 29
1 85
5 58
4 9
9 77
7 70
2 38
9 67
4 59
5 39
10 75
2 44
5 32
8 34
6 42
6 23
7 16
9 36
10 50
4 82
5 76
6 90
3 47
1 22
2 66
4 86
1 69
5 76
1 69
4 89
5 83
1 40
10 72
9 52
2 74
5 57
10 65
6 20
9 64
7 5
1 83
1 99
4 51
3 80
10 90
6 74
5 46
4 2
1 96
9 83
3 7
4 3
6 99
3 19
5 81
6 57
10 47
6 55
5 66
6 77
9 86
8 28
3 18
9 95
2 35
3 68
6 28
8 28
6 34
2 11
8 50
5 100
2 100
3 93
7 49
6 71
6 57
10 64
2 99
1 21
9 52
5 24
6 43
10 13
2 62
8 45
2 78
3 27
2 16
8 33
7 61
2 26
9 28
6 28
4 55
2 66
5 80
2 37
3 41
9 84
8 64
6 88
3 81
3 77
2 78
3 20
3 42
6 62
7 25
8 16
4 8
3 28
7 64
9 39
4 22
2 73
2 14
5 41
4 5
2 16
2 98
3 73
4 35
1 15
1 50
2 55
10 42
6 8
5 33
2 45
7 85
8 78
6 26
5 35
10 28
3 51
9 96
1 36
3 57
2 5
5 14
8 17
3 31
2 10
3 9
10 31
1 23
4 30
2 27
4 11
7 94
1 45
8 48
1 10
10 44
6 36
1 52
4 75
10 69
9 78
7 2
4 13
2 3
1 92
10 89
6 75
2 41
7 84
7 14
4 23
8 55
8 59
2 27
6 56
1 36
8 28
6 71
8 16
5 10
10 10
4 40
6 34
7 23
10 62
6 83
10 21
3 27
3 48
10 44
6 24
9 78
4 40
1 4
9 60
5 24
9 70
6 56
9 61
7 20
8 4
10 86
3 71
9 16
4 89
9 60
9 72
2 1
2 54
8 42
7 16
4 61
7 46
6 70
7 30
7 65
8 38
7 39
7 22
4 21
8 23
8 4
3 79
4 25
7 33
1 15
10 40
3 4
3 72
8 40
7 53
9 54
2 1
9 94
3 28
4 91
8 86
2 38
5 46
8 35
10 71
7 53
4 77
6 94
10 65
7 80
1 17
6 51
4 99
7 27
7 68
7 90
3 46
3 36
2 36
7 11
2 14
4 23
1 34
5 58
4 37
5 21
4 74
6 47
1 60
8 38
4 3
10 9
4 3
7 1
6 82
2 65
1 88
2 8
1 35
5 93
8 84
10 11
8 97
3 87
5 90
4 24
2 20
2 21
2 21
9 94
6 66
1 56
8 91
9 35
4 97
1 95
2 22
1 11
8 21
2 31
2 44
7 11
1 96
2 58
10 40
7 57
7 71
6 21
1 20
9 89
2 63
10 99
7 63
5 23
10 54
10 46
7 34
10 45
7 66
8 83
4 52
7 55
3 23
4 24
1 39
2 71
7 38
8 7
10 78
2 69
2 89
7 33
5 91
9 1
2 18
8 13
9 60
10 49
2 90
6 56
2 68
2 98
5 13
1 8
8 85
4 99
10 10
2 15
3 16
5 11
9 25
7 91
3 70
1 86
10 12
1 2
7 15
1 100
6 93
2 29
2 10
4 99
2 15
4 45
10 22
4 32
10 54
5 95
7 48
2 34
1 10
1 5
6 28
3 55
10 77
2 48
3 87
4 24
4 39
9 99
3 23
2 2
4 78
4 87
7 100
9 85
3 75
6 70
10 94
2 46
5 69
8 21
4 46
10 46
10 23
6 85
7 24
10 11
3 52
10 79
10 100
9 27
8 52
9 73
5 3
6 18
2 14
2 30
9 52
7 10
10 5
7 54
8 1
7 41
9 53
4 28
1 9
4 13
4 100
6 94
6 13
8 53
5 99
8 85
1 57
4 10
1 89
4 27
5 22
7 82
7 63
8 66
1 11
1 45
9 72
4 24
2 30
4 88
1 89
7 27
8 25
9 88
7 1
9 11
4 19
6 25
5 37
8 9
1 34
3 81
8 11
6 68
4 80
4 16
5 62
8 27
3 56
8 71
9 67
4 35
2 48
9 55
8 60
10 24
10 86
3 84
1 53
4 97
3 64
3 68
9 61
7 38
5 34
4 15
1 15
3 83
7 100
8 38
1 78
7 60
7 27
4 34
9 7
7 92
6 90
6 80
6 12
2 51
6 91
7 72
7 76
7 39
8 17
5 72
10 39
8 84
3 4
7 87
6 52
9 21
8 39
5 88
1 63
8 36
5 70
8 2
4 38
9 74
5 13
1 3
5 78
8 41
3 39
9 27
7 41
5 27
4 12
10 80
6 18
8 47
8 21
3 78
6 2
1 16
1 46
5 21
8 83
1 7
8 3
3 43
6 29
8 43
9 20
7 41
7 58
4 64
7 86
4 82
10 51
1 95
4 82
1 21
5 11
3 77
3 3
8 86
9 16
10 61
5 34
5 25
2 23
5 9
5 35
10 84
5 62
7 13
9 98
9 87
8 21
6 48
1 68
2 87
4 59
1 32
2 42
7 78
3 84
8 12
3 10
6 67
3 26
7 11
9 38
8 52
7 1
6 72
3 90
8 44
4 97
4 29
5 67
3 19
2 13
9 41
