5 84
4 68
1 19
1 91
2 66
4 33
10 26
8 18
3 41
8 48
9 25
9 15
8 60
2 63
1 17
7 65
9 21
4 7
2 16
7 64
6 83
6 52
5 23
2 92
5 23
10 67
9 34
10 82
3 32
4 58
4 49
6 55
2 97
1 72
10 87
5 18
7 87
10 38
5 46
9 32
2 42
7 2
9 91
9 46
3 14
4 100
7 41
9 48
4 72
7 45
1 67
5 23
2 32
5 26
3 99
8 72
2 70
1 32
7 39
5 5
7 31
2 99
5 97
1 88
8 94
1 20
3 8
1 31
10 53
10 49
5 59
1 80
9 70
9 41
4 23
2 97
3 29
6 30
2 90
2 11
1 98
2 100
10 27
7 56
5 77
1 45
2 58
9 10
6 96
6 9
8 34
1 6
5 28
5 89
3 15
8 64
2 82
8 61
10 67
5 27
2 57
8 88
2 51
2 88
10 46
4 20
8 77
9 18
4 82
10 52
6 60
1 88
5 64
7 80
10 65
4 79
1 62
5 44
9 6
10 90
8 62
4 50
4 51
8 11
5 30
9 87
4 2
8 82
5 2
10 75
2 72
6 30
9 50
7 3
1 3
9 14
3 30
10 28
2 48
1 49
3 64
2 35
3 28
9 31
8 70
9 20
7 17
8 21
4 6
3 4
3 47
9 58
2 35
8 41
3 21
1 9
1 67
2 46
1 75
10 31
7 57
6 54
3 38
1 60
9 98
7 84
9 78
10 34
10 65
1 37
5 57
10 63
7 89
5 66
8 46
9 42
4 23
4 84
1 18
7 22
10 58
5 85
8 54
3 68
3 12
1 92
9 84
10 91
7 80
7 54
2 45
7 35
2 16
2 25
5 10
9 4
9 74
8 88
4 46
5 82
5 36
3 22
4 87
4 44
6 5
9 22
9 93
9 91
10 64
4 74
7 85
9 34
7 57
5 38
7 31
1 72
1 13
2 95
8 29
9 95
3 32
8 31
5 54
8 29
1 15
8 44
5 16
4 43
3 85
10 38
3 3
3 59
6 3
10 8
9 11
1 96
3 1
10 47
8 46
2 74
8 8
9 60
1 81
1 84
10 100
7 32
5 50
7 95
1 93
5 43
5 76
6 58
4 96
9 44
2 19
5 74
8 37
1 13
1 63
5 60
1 44
4 4
7 22
5 44
2 29
7 6
6 49
7 94
7 69
10 44
9 5
6 68
10 96
9 6
9 55
3 60
9 87
8 82
4 94
2 97
4 5
9 96
2 77
9 87
6 20
10 25
3 51
2 5
1 35
4 33
9 68
1 96
7 18
2 39
8 39
9 83
6 91
1 29
9 56
4 78
1 93
5 82
8 97
4 5
6 16
6 38
1 95
7 100
3 58
2 93
7 67
9 18
7 33
7 81
9 43
1 3
9 75
1 59
7 72
6 79
2 44
3 95
5 79
3 23
3 77
6 94
1 34
7 77
9 28
7 13
8 77
3 74
4 44
1 17
6 67
10 48
2 67
9 41
1 84
4 46
8 12
9 73
7 23
4 21
8 84
7 51
1 19
10 14
8 90
9 86
4 63
5 48
4 25
5 77
3 27
2 32
5 18
4 62
5 94
9 93
9 85
7 93
7 52
9 60
4 31
1 60
4 59
3 50
1 70
9 42
1 91
2 58
5 77
7 45
2 31
7 66
3 3
10 34
8 16
8 91
3 41
8 10
4 47
3 75
7 50
7 40
6 29
5 76
10 84
10 23
3 68
4 72
1 78
6 66
5 84
3 64
2 81
6 36
5 84
6 3
1 5
9 95
2 88
3 97
7 98
5 42
4 42
1 63
10 25
1 25
4 79
10 31
8 99
5 18
6 61
10 33
3 74
3 7
10 60
10 83
5 73
7 16
3 99
5 70
8 14
4 88
4 34
5 59
7 67
5 24
3 22
6 6
10 27
5 85
9 22
7 19
7 35
5 44
2 78
8 37
5 23
3 73
3 96
8 37
7 49
2 74
2 80
6 6
3 90
8 39
1 85
1 80
9 66
3 66
3 16
8 50
4 38
6 2
8 61
2 29
5 52
6 81
3 79
5 16
9 5
4 87
1 10
6 68
8 16
9 86
10 68
6 99
8 41
9 38
5 22
8 14
3 58
10 16
10 2
10 97
9 86
3 32
10 52
3 28
6 26
5 16
7 30
9 81
10 17
6 17
6 82
10 41
1 46
4 75
5 93
3 77
2 54
8 94
2 27
3 55
8 76
10 85
6 75
8 83
10 2
5 95
7 82
8 34
10 75
2 62
10 44
6 19
7 17
1 69
3 92
10 18
3 50
9 36
1 3
3 62
3 28
7 16
6 1
10 93
4 78
5 21
10 72
2 32
7 87
8 98
9 42
6 81
7 28
6 16
1 44
2 98
5 31
4 77
3 15
4 41
6 20
9 36
10 57
6 23
3 88
6 95
4 54
4 35
6 81
10 79
3 24
2 50
1 99
10 52
8 85
10 54
4 35
2 88
4 94
8 53
4 40
10 2
2 59
1 81
9 67
5 60
7 3
6 39
7 32
10 7
5 94
1 46
8 60
4 12
3 99
3 54
5 2
2 46
9 25
5 27
10 49
7 20
8 100
2 9
6 82
10 29
6 71
3 35
3 91
1 71
6 97
2 70
9 88
2 71
6 45
5 76
1 86
7 17
9 47
4 7
3 28
4 2
7 55
1 65
7 76
1 47
1 23
9 72
5 21
1 37
10 79
7 89
5 47
5 37
4 1
5 54
1 68
9 86
3 14
4 61
2 83
1 16
9 57
2 61
3 88
4 16
1 93
5 89
10 37
10 66
4 61
10 54
1 80
2 46
2 89
6 83
3 7
7 60
2 72
2 72
6 78
7 29
10 25
9 22
1 98
2 10
9 92
7 34
8 81
3 40
9 28
10 63
1 66
1 60
2 67
2 23
10 43
4 74
9 19
10 30
2 79
9 8
5 21
9 75
5 91
4 6
10 89
3 12
4 55
7 37
5 99
8 23
8 76
10 41
3 46
9 25
10 20
1 45
4 36
5 45
9 31
10 51
8 98
1 27
2 57
8 46
5 75
7 79
2 3
7 69
2 58
7 29
3 69
8 7
4 98
1 79
9 46
10 87
3 27
6 36
2 33
9 35
4 27
1 33
1 77
9 86
3 60
9 39
2 1
3 91
7 6
2 94
9 63
2 86
8 47
9 54
8 24
4 28
8 48
8 26
4 1
9 61
4 75
5 46
8 26
1 50
1 85
6 2
10 53
8 72
10 78
9 50
8 12
8 21
1 6
2 97
4 57
8 60
1 75
2 64
2 47
9 87
8 74
1 86
10 96
3 66
1 33
10 43
9 94
9 58
3 31
7 75
6 44
8 33
10 97
2 90
1 3
9 62
10 77
9 99
10 48
9 46
3 55
8 63
1 98
7 84
10 37
3 88
5 37
7 50
5 45
8 16
6 28
6 59
5 79
10 57
10 52
8 50
4 81
4 75
3 76
1 30
8 36
10 55
2 10
8 21
6 49
9 89
6 72
6 46
5 15
8 51
3 13
5 25
2 22
1 30
7 31
9 56
9 7
4 41
2 9
7 57
1 88
5 86
10 56
3 88
2 6
4 38
3 60
1 51
9 62
3 18
6 37
2 34
5 70
1 94
6 68
2 70
4 51
7 38
9 76
4 31
5 99
7 13
7 15
6 93
7 10
5 68
6 13
5 60
5 46
10 57
3 41
8 21
7 68
5 14
6 56
8 29
6 22
5 69
9 15
8 13
1 41
4 31
10 62
1 14
7 62
7 47
2 5
6 44
10 34
9 58
8 84
3 65
10 4
2 50
4 36
5 53
10 83
6 17
7 18
7 41
10 75
3 16
7 76
10 73
5 90
5 26
9 12
3 63
2 36
8 36
1 6
2 35
2 89
4 55
6 43
8 15
1 64
1 39
1 22
2 99
5 15
5 49
6 72
3 55
8 19
7 18
9 41
10 1
4 51
4 32
8 38
2 94
2 97
7 9
2 15
1 30
10 58
7 71
3 20
7 38
1 52
7 1
3 53
1 26
6 8
6 38
4 11
7 9
10 31
5 34
7 22
7 74
5 38
10 30
1 47
8 34
10 40
1 64
4 42
7 99
7 100
8 70
5 90
3 76
4 65
8 77
6 89
9 27
2 87
9 100
8 55
8 37
1 5
3 28
9 3
7 10
9 7
10 39
6 15
8 59
10 79
7 47
4 94
7 42
6 66
8 30
1 10
5 66
4 74
4 41
3 26
10 16
3 78
10 54
2 18
6 99
2 50
10 56
2 19
7 41
9 50
9 67
9 53
4 5
9 100
5 74
7 97
2 50
7 61
7 3
9 19
5 39
6 26
10 35
3 26
6 70
1 60
10 88
9 5
1 50
4 69
4 29
5 5
1 83
9 63
2 81
10 29
2 74
4 34
8 1
10 13
5 36
8 7
5 85
4 100
5 89
7 9
6 3
