6 54
5 39
1 79
6 12
7 22
4 75
9 36
2 88
1 54
5 81
6 64
1 23
6 15
1 23
2 10
9 74
3 64
1 28
6 44
4 70
6 51
9 44
10 77
5 43
4 35
4 40
5 87
8 5
2 53
2 24
7 95
10 27
2 73
9 23
3 79
10 5
9 44
7 66
4 59
6 71
5 33
5 34
7 55
4 85
10 53
1 81
8 36
5 2
10 53
7 62
2 36
5 11
2 72
7 19
7 24
7 51
10 83
6 52
8 29
9 78
9 99
5 46
2 94
1 48
6 95
2 59
9 42
2 17
8 49
3 74
7 100
6 28
4 83
5 49
6 88
8 90
6 95
1 60
3 52
3 37
3 73
1 92
2 89
7 91
10 97
10 47
2 9
5 30
3 36
4 4
7 85
3 27
7 9
3 74
7 47
9 72
4 49
5 19
9 14
2 56
5 22
10 78
2 50
9 20
6 37
2 83
7 26
6 5
3 97
9 44
8 17
1 86
6 69
9 35
8 48
4 9
8 2
7 16
1 20
5 31
9 23
2 89
2 26
3 9
4 67
8 66
2 97
6 31
6 55
10 36
7 48
6 1
5 66
8 91
3 17
8 98
9 11
9 79
6 6
8 27
2 70
10 44
9 49
3 34
7 12
8 51
10 9
3 17
6 78
1 97
1 37
5 10
1 47
4 79
3 33
9 95
4 24
1 94
4 5
1 36
4 8
3 22
1 59
1 13
4 78
1 5
9 39
6 71
4 52
7 51
1 12
3 72
5 15
2 69
3 53
10 45
5 7
2 39
6 67
8 9
10 34
5 87
6 27
9 81
9 62
6 13
1 94
9 22
2 48
6 87
3 14
2 28
1 21
10 37
3 8
9 92
1 58
5 23
5 74
6 3
3 37
8 11
7 63
6 83
8 4
3 22
5 32
4 6
10 22
7 56
7 75
6 62
7 45
5 62
10 23
2 86
1 52
9 96
6 28
2 61
4 5
7 57
7 85
3 95
3 74
9 80
10 91
4 57
7 49
9 82
8 90
8 1
2 53
9 97
10 80
5 57
9 88
5 80
7 87
5 54
4 64
10 21
3 48
4 55
4 80
6 37
10 84
1 29
3 47
7 56
10 80
5 42
8 85
7 64
7 34
4 76
8 26
3 88
5 75
6 1
1 40
7 58
2 80
9 34
9 65
5 7
6 91
5 17
4 56
10 79
2 1
2 85
10 34
3 3
8 19
5 82
8 63
2 45
2 3
10 64
5 65
1 12
8 5
4 82
2 92
8 31
9 88
7 64
9 54
8 100
9 33
5 23
7 74
3 14
2 28
4 54
3 21
6 5
10 59
3 68
5 11
9 58
5 16
7 66
3 24
10 18
9 12
1 52
5 81
5 77
8 40
5 52
8 2
5 69
8 36
7 56
5 16
6 22
5 60
7 35
8 29
4 81
10 96
9 16
3 20
6 83
1 45
7 40
2 52
9 92
5 29
4 90
1 62
4 30
1 41
8 14
5 5
9 77
10 10
10 20
2 83
6 87
8 2
1 84
6 15
5 54
7 61
8 85
7 86
9 38
9 18
3 20
5 88
3 11
5 13
5 84
1 58
6 88
7 12
1 85
2 39
6 80
6 84
7 22
1 29
5 99
5 59
2 40
8 50
4 65
1 70
2 59
9 45
1 44
8 62
2 2
3 24
5 85
2 43
2 45
6 73
5 71
8 37
1 68
10 75
6 85
4 40
8 86
7 31
9 46
1 93
5 20
1 98
7 80
2 2
10 37
4 95
7 44
3 100
8 94
8 79
6 66
6 59
9 77
7 2
2 27
1 55
2 51
10 16
5 35
8 83
8 15
7 63
4 17
4 2
8 34
5 93
9 24
4 100
9 39
3 52
3 25
10 51
3 30
7 76
6 17
4 40
8 35
4 97
6 78
10 29
8 33
6 27
9 7
7 46
3 57
10 39
4 46
4 70
3 34
9 32
10 23
2 73
2 68
4 81
9 63
1 73
1 27
9 79
8 51
1 18
6 39
10 81
6 60
10 39
3 51
5 2
2 79
4 29
4 55
6 98
4 44
9 49
9 52
7 62
3 69
7 7
1 4
2 99
2 9
10 27
2 76
2 40
6 11
9 64
10 56
9 2
3 70
6 17
4 11
6 61
10 31
9 54
2 37
10 9
1 44
5 33
8 54
7 51
2 57
7 67
10 94
4 60
5 55
1 53
10 20
5 18
9 99
2 98
3 98
9 95
6 78
1 45
3 53
3 51
3 3
3 61
3 50
8 91
3 41
4 55
5 85
4 74
7 72
2 55
1 30
3 53
4 65
8 4
2 24
10 40
7 36
4 50
5 84
8 84
1 63
4 8
1 88
10 37
7 50
4 82
3 30
5 43
8 94
2 37
4 96
8 70
5 36
6 15
9 19
3 92
5 25
1 54
5 14
2 91
1 77
4 14
2 17
4 73
5 18
3 33
7 20
8 61
2 92
4 40
8 48
9 9
5 28
9 88
1 42
9 43
3 70
6 79
10 73
7 50
8 76
5 7
1 34
7 25
1 46
7 83
2 50
1 40
8 10
5 67
6 69
4 59
4 87
2 2
1 15
3 92
5 76
2 91
6 24
8 33
1 12
5 54
2 95
7 33
3 9
7 70
5 47
8 98
4 54
4 22
2 94
5 73
3 10
6 70
6 18
5 99
5 25
2 1
10 32
4 24
10 51
8 42
6 99
4 55
10 2
8 4
10 40
4 79
5 74
4 43
1 77
1 85
7 21
8 79
6 44
10 76
9 98
2 97
10 22
5 91
9 75
8 71
1 6
5 36
4 77
10 27
4 5
5 41
3 32
9 20
6 13
6 83
10 89
1 74
9 92
2 47
2 93
6 20
7 92
5 53
4 53
3 97
6 10
8 21
5 26
6 81
8 60
7 36
2 8
5 11
9 57
8 41
2 52
2 54
5 89
1 54
3 68
9 5
5 47
4 18
7 7
6 1
6 60
2 34
10 56
1 60
4 8
6 26
2 61
4 21
2 65
4 43
1 69
4 88
3 49
5 28
7 12
9 33
7 98
6 71
8 19
3 69
8 13
2 2
2 59
2 98
8 30
10 32
8 80
7 9
2 43
4 95
7 64
8 28
2 86
8 49
7 67
8 71
5 34
5 49
10 5
5 36
2 18
10 53
9 57
6 45
6 10
10 71
10 71
2 6
8 4
7 37
1 35
9 70
2 61
7 79
10 13
3 52
3 22
4 65
2 65
10 87
1 18
8 68
8 85
1 28
5 43
10 3
2 99
8 24
2 34
1 84
8 23
1 85
1 93
5 62
8 74
2 100
8 55
1 69
1 10
2 33
9 92
2 35
1 63
6 36
4 19
9 19
6 13
9 95
3 72
5 10
9 94
2 2
3 92
2 72
10 22
9 10
10 14
10 29
8 59
8 27
4 29
10 82
6 52
2 75
3 63
7 7
1 44
10 40
9 90
8 19
7 18
9 10
9 70
7 33
2 99
4 63
4 51
1 11
5 53
6 68
3 73
8 55
7 88
6 83
9 32
9 84
6 88
6 5
3 84
2 99
7 44
2 39
9 19
9 3
7 39
9 23
1 40
5 55
5 6
4 30
3 3
7 49
5 42
3 32
7 43
4 82
5 25
2 92
1 38
1 35
4 30
1 27
9 89
9 23
10 54
2 70
2 3
1 51
10 23
10 34
2 60
9 80
3 74
4 33
9 96
8 57
10 2
1 72
1 79
7 75
1 93
2 1
3 43
3 14
9 27
3 40
6 11
8 67
2 19
5 11
4 48
7 42
8 91
10 43
6 8
8 75
4 86
5 74
10 36
6 34
5 95
6 29
3 71
3 17
8 80
6 81
4 31
1 54
7 85
2 87
6 72
3 15
5 64
2 82
5 70
6 71
2 77
9 9
3 97
5 48
3 29
9 20
8 37
9 81
5 61
9 69
6 45
9 63
10 29
3 16
3 13
10 45
4 71
6 61
1 53
10 5
2 11
9 90
10 69
4 75
3 2
6 48
5 33
9 14
2 48
7 77
5 20
2 64
1 4
7 36
4 22
9 28
9 65
5 50
5 36
7 7
3 15
2 33
5 20
6 82
7 10
7 8
3 55
5 23
2 23
3 47
5 73
7 89
4 58
1 13
9 45
5 95
1 90
1 70
9 96
6 97
4 53
1 69
5 28
10 100
6 79
6 49
8 6
5 80
8 88
4 5
3 85
7 29
6 31
10 18
4 47
7 41
8 71
2 53
2 85
6 98
9 25
5 55
7 4
8 17
4 75
10 18
2 36
9 27
5 100
6 26
2 45
6 16
4 86
2 67
3 66
4 32
2 2
10 55
6 20
9 36
8 29
7 59
2 46
6 35
6 86
7 28
5 68
1 83
5 32
7 71
4 33
7 83
9 95
5 24
9 62
9 64
2 71
3 60
2 26
8 18
3 22
6 32
4 81
7 18
2 84
3 42
10 40
