1 54
1 91
5 38
7 87
5 4
8 59
8 59
1 91
5 65
2 84
3 4
1 72
6 33
10 51
10 83
7 96
8 100
5 56
10 21
8 19
4 95
10 34
9 39
3 26
10 26
4 40
1 1
6 52
7 6
4 3
4 47
9 8
8 65
3 84
10 69
7 8
9 38
1 52
4 8
9 25
8 12
8 63
3 30
7 78
7 80
3 99
10 8
2 8
6 37
4 100
9 75
7 76
1 69
5 51
5 53
9 45
6 51
3 93
3 98
10 61
8 20
2 3
3 13
2 77
7 32
8 97
3 58
7 72
5 56
10 25
8 48
7 94
2 75
7 78
7 50
9 94
5 15
2 55
6 47
3 66
4 30
9 88
8 67
1 63
10 75
4 81
2 97
10 100
1 80
4 31
5 32
2 17
8 59
8 92
5 20
9 5
8 55
9 39
6 93
5 70
3 74
2 63
9 56
5 30
2 86
5 31
3 19
10 29
5 9
8 45
1 87
8 67
6 83
9 68
1 80
7 25
3 96
7 15
6 94
10 88
2 96
2 22
7 4
10 39
1 25
9 53
8 85
2 44
2 93
8 98
1 93
9 11
10 83
8 98
3 70
9 16
8 60
3 32
7 69
10 75
4 87
9 70
1 4
2 79
5 67
6 89
3 95
7 89
2 25
4 38
5 85
1 64
3 36
5 29
3 10
8 48
2 11
10 76
8 12
8 61
5 99
1 22
4 75
2 38
4 75
3 41
10 70
3 48
10 6
1 78
10 22
9 67
2 68
7 77
6 20
5 53
5 39
6 7
8 20
2 56
8 17
7 82
8 50
5 14
6 84
7 65
2 69
8 87
1 72
3 26
7 60
6 84
9 73
5 54
2 55
10 53
5 31
9 13
2 68
10 16
8 87
7 12
6 16
6 6
7 14
2 84
3 49
5 78
4 86
4 54
10 35
3 13
6 5
5 94
8 16
9 38
9 55
6 50
1 6
5 46
8 5
8 14
2 2
3 34
10 78
3 35
10 84
3 9
9 71
3 42
9 75
4 21
10 60
7 83
5 91
3 87
3 90
4 60
8 91
3 22
2 5
4 21
1 95
3 13
5 25
10 7
3 16
1 89
2 30
4 79
3 96
7 50
2 42
10 58
7 17
9 51
2 71
6 68
1 27
8 25
6 3
2 15
10 20
1 54
6 65
1 34
8 17
10 47
1 47
8 80
9 55
7 8
5 31
4 100
3 64
2 48
9 20
7 85
4 34
1 27
10 9
9 65
8 80
4 6
5 62
7 15
8 18
6 39
4 35
3 86
3 23
7 83
3 58
9 57
4 26
3 29
7 73
8 30
3 71
9 66
8 11
2 81
4 9
1 33
2 94
8 93
7 20
10 58
7 35
8 15
10 61
4 92
5 11
10 79
5 30
10 28
1 10
7 24
3 25
4 37
10 95
7 96
9 33
4 80
6 25
2 55
5 18
3 83
3 77
8 79
6 8
4 43
2 78
2 91
7 1
7 8
1 8
4 26
1 32
5 34
7 34
6 89
5 42
8 83
5 69
3 62
6 45
4 97
10 77
4 6
2 61
1 74
2 71
4 84
9 93
5 47
3 95
4 14
6 24
7 87
10 45
5 20
7 14
8 31
1 86
7 57
7 18
9 22
5 73
1 35
7 39
9 44
2 36
4 61
2 92
5 1
7 98
8 98
3 34
10 68
6 52
9 88
4 59
8 17
7 66
7 60
6 66
8 73
5 69
7 54
4 95
5 22
5 36
2 39
10 94
9 22
8 33
7 56
8 88
2 91
2 78
3 61
4 39
4 69
10 50
9 1
6 68
9 53
3 11
4 94
3 93
8 50
10 67
6 31
4 22
9 7
3 97
5 4
6 25
2 6
8 95
4 90
9 44
2 64
8 95
3 69
2 55
3 59
7 23
4 91
10 69
4 46
2 71
3 4
10 1
7 53
1 35
7 85
4 26
3 76
9 64
1 35
4 57
10 42
8 33
1 71
5 67
6 24
2 8
1 93
4 94
9 93
8 32
3 11
5 35
4 40
7 25
2 84
9 18
1 63
2 13
10 27
4 67
6 72
1 51
9 39
7 88
2 4
7 12
8 75
4 94
1 57
1 52
7 41
6 59
4 38
4 11
1 72
3 6
10 55
6 22
5 99
3 88
3 67
1 21
2 21
5 47
7 79
8 15
3 76
7 31
1 2
5 83
9 76
10 50
6 57
1 59
8 55
1 77
5 77
4 1
10 29
2 67
1 90
9 24
2 31
6 6
7 83
9 61
8 97
3 55
2 33
3 88
4 57
6 88
6 51
5 33
3 55
7 93
5 45
10 93
6 21
1 93
3 95
7 49
8 85
4 47
5 8
9 39
1 40
8 20
3 5
1 53
1 95
4 9
4 69
7 51
7 70
8 3
9 56
3 50
6 86
1 1
4 25
4 1
4 40
5 13
7 26
7 41
10 98
7 52
6 69
1 14
4 30
4 1
3 67
8 70
3 63
4 90
10 86
5 58
1 97
5 84
10 99
10 65
7 74
10 17
3 14
2 78
6 57
1 66
1 7
10 71
7 5
10 32
10 1
1 70
8 48
4 100
2 8
5 13
10 13
2 73
9 8
3 51
3 92
9 54
5 65
8 34
10 86
2 79
10 30
1 93
9 7
6 30
8 8
5 37
3 22
2 95
6 50
7 5
7 41
8 62
3 9
2 27
3 35
8 89
4 90
10 79
4 48
1 69
3 92
9 56
3 89
8 16
6 89
4 56
3 58
7 17
10 50
9 34
6 5
1 97
2 77
5 75
3 10
6 46
1 36
10 8
5 26
5 3
1 49
1 64
7 86
2 12
9 65
1 79
4 11
10 8
7 35
6 59
10 1
8 71
1 7
6 79
7 6
4 92
1 53
8 16
7 93
7 98
2 81
1 82
3 77
3 12
8 19
10 53
10 1
9 87
4 86
6 99
1 55
5 96
2 86
2 86
1 63
10 40
5 92
4 95
5 31
1 41
10 70
3 39
2 30
2 75
10 81
6 62
3 43
7 38
1 80
10 8
1 45
7 93
9 28
1 10
3 29
2 62
3 75
8 7
7 37
10 30
9 55
3 61
4 1
6 46
4 58
3 43
1 93
1 49
1 5
7 27
4 64
8 91
9 39
9 90
4 5
5 5
4 65
9 48
5 69
4 57
4 41
2 11
3 73
8 89
8 89
5 13
2 95
1 25
8 46
1 41
4 57
10 50
4 91
5 99
10 47
3 75
10 65
3 96
9 56
9 12
8 22
2 41
1 45
9 55
2 20
2 46
9 51
9 28
5 84
2 34
7 88
5 43
2 61
4 42
3 34
9 26
3 76
2 16
8 84
8 41
5 100
7 26
10 10
6 100
5 69
7 1
7 94
4 29
4 50
2 57
1 67
6 60
6 20
1 68
5 47
8 72
8 94
6 28
9 3
4 41
7 89
6 40
5 95
2 29
3 44
3 53
3 95
1 33
2 58
2 2
10 91
7 95
1 52
6 58
8 52
5 48
8 78
5 70
5 50
1 48
8 10
3 10
2 55
9 2
9 74
3 2
6 66
1 51
5 12
6 91
6 87
2 68
8 69
5 77
7 51
9 42
7 57
1 23
4 90
6 66
9 15
4 96
6 2
6 71
5 31
7 82
3 46
5 97
2 17
9 91
1 30
4 70
3 60
5 58
9 67
6 42
1 78
4 28
2 49
2 44
7 84
6 65
6 3
2 24
5 80
2 30
2 7
6 40
3 33
4 49
4 48
9 57
4 14
3 26
2 21
1 61
4 80
4 78
3 45
3 92
7 51
1 48
9 78
9 4
7 17
6 66
6 68
1 59
9 60
6 98
4 61
3 86
10 15
10 87
10 80
8 97
9 93
10 66
4 12
10 15
5 31
5 7
1 48
1 37
6 36
8 71
1 5
7 88
10 96
4 50
10 57
10 8
9 92
9 36
1 32
7 37
10 89
2 21
3 78
6 66
9 94
2 87
6 54
7 62
7 84
5 12
8 38
1 25
1 45
1 38
7 58
3 25
7 64
5 4
6 100
4 63
7 21
7 8
9 14
4 48
8 11
7 45
10 1
2 98
3 79
9 80
3 22
5 15
2 84
2 64
5 88
2 63
7 18
10 35
1 35
1 11
8 84
7 17
2 5
9 58
9 4
4 53
9 8
5 20
2 76
6 33
3 32
9 58
5 32
10 29
6 16
6 3
1 100
1 68
1 58
6 86
7 29
10 15
5 16
8 27
8 76
2 75
8 75
9 9
7 80
2 32
2 17
6 22
5 91
4 45
1 68
2 56
8 97
2 73
7 83
5 36
10 54
8 45
4 54
9 15
1 14
9 61
6 22
4 43
2 92
2 66
7 43
3 8
5 45
5 18
2 44
6 16
6 92
4 17
8 47
1 9
7 85
8 40
8 75
2 63
7 32
4 77
9 64
6 40
7 57
2 48
7 98
7 62
9 83
