8 25
7 16
8 6
10 69
4 97
8 24
8 31
7 50
10 51
10 10
10 33
3 47
2 30
3 62
9 85
8 97
9 16
3 62
4 88
5 18
1 23
3 78
10 40
2 43
7 94
4 98
1 93
8 64
3 94
2 52
1 86
2 96
3 19
3 57
8 27
3 92
2 6
8 73
7 46
5 26
9 10
9 81
6 24
8 87
3 16
1 86
1 23
7 47
7 81
9 61
4 63
5 77
5 64
10 47
8 63
8 17
1 38
6 39
5 31
6 32
5 52
4 77
6 96
1 71
10 65
3 87
1 81
9 86
7 31
6 15
3 70
4 57
5 80
4 45
5 57
10 86
8 42
9 43
3 98
2 7
8 93
4 97
7 84
5 26
8 1
4 5
8 28
6 93
1 98
5 90
4 90
1 45
9 50
3 78
2 49
10 73
5 35
4 65
4 77
7 82
9 75
6 53
7 88
10 30
6 58
5 22
1 35
4 75
7 64
3 37
5 96
7 22
4 84
5 50
4 99
7 90
9 53
3 19
4 22
2 44
6 82
4 25
2 51
9 30
2 83
1 87
2 87
6 10
1 25
6 76
8 6
9 85
5 19
3 76
5 51
1 58
5 43
5 55
7 55
5 54
9 97
3 59
1 6
8 44
10 84
7 47
9 23
8 80
10 9
4 78
10 7
8 77
4 77
1 36
6 50
6 37
6 36
8 98
9 54
5 49
3 14
8 56
1 25
7 39
5 55
5 31
6 68
4 33
1 68
8 92
1 4
10 53
1 13
1 57
3 75
3 69
2 42
3 77
2 57
4 1
9 29
7 14
4 1
1 6
5 64
4 52
8 18
4 46
9 32
4 57
1 36
2 83
6 22
6 100
7 66
5 23
9 83
4 31
6 63
7 35
7 68
6 83
3 35
1 66
8 2
5 32
10 89
10 44
9 97
1 68
5 24
1 73
10 32
10 78
3 16
7 4
10 10
6 49
4 36
8 79
10 61
4 84
10 59
5 11
3 95
6 25
6 88
7 14
4 29
8 100
9 99
4 51
3 85
10 66
2 40
5 97
2 97
4 28
10 1
8 77
3 11
6 91
4 62
8 23
6 91
6 31
3 13
3 58
5 16
7 42
5 31
2 78
9 48
8 60
6 71
2 98
2 86
2 90
3 16
4 36
2 8
3 5
7 13
6 77
3 13
4 49
8 42
3 76
2 73
10 89
7 38
7 70
5 9
3 59
8 24
3 76
1 25
8 89
4 16
1 26
6 82
3 28
9 61
4 91
2 76
8 9
3 57
3 64
8 22
10 44
7 22
10 4
5 70
8 83
4 9
1 7
7 76
8 38
1 50
5 57
8 36
1 98
6 13
5 1
4 54
10 47
8 57
2 20
9 83
8 95
3 32
6 32
5 71
8 95
8 39
3 23
1 3
1 11
2 93
4 24
2 53
7 11
6 69
7 11
3 88
7 38
7 14
1 87
3 7
6 67
1 24
8 24
6 91
8 47
7 37
1 34
1 47
3 28
3 31
4 26
1 9
6 90
6 6
5 5
2 20
2 2
9 44
9 54
2 77
1 13
3 94
2 59
6 96
3 66
10 90
1 80
8 30
6 45
6 53
4 61
3 38
2 4
6 59
9 22
1 21
3 98
6 72
7 82
4 88
10 58
5 78
6 86
1 46
4 58
9 54
7 29
10 60
9 54
8 66
4 60
10 79
4 63
8 37
1 68
3 62
8 6
6 100
3 32
7 71
2 81
1 33
8 90
6 8
1 30
9 64
7 67
5 79
6 85
1 67
9 37
3 40
1 96
1 56
2 62
9 27
3 70
2 91
2 16
9 5
2 2
4 42
2 4
5 53
6 2
1 90
5 81
2 68
10 87
10 40
1 19
6 88
2 49
8 39
9 6
2 30
1 49
10 31
5 18
10 29
4 92
10 81
1 51
2 28
5 7
3 67
5 40
3 56
8 59
4 10
2 37
3 52
9 7
10 79
4 82
3 79
3 22
9 52
8 67
2 50
6 20
4 78
9 56
8 52
6 74
6 35
2 28
1 80
8 92
3 39
5 4
9 18
6 45
10 92
5 99
3 15
10 54
9 83
10 57
7 28
7 36
7 10
7 65
1 48
2 57
1 14
6 48
7 24
9 75
8 60
3 81
8 35
6 46
4 69
6 40
3 92
6 64
9 96
10 33
8 77
5 16
4 88
4 81
8 51
4 45
5 53
10 89
3 30
4 95
4 97
7 40
9 72
10 86
5 8
7 27
9 7
2 3
2 10
6 28
5 52
5 56
2 10
10 57
4 44
10 96
9 82
2 99
10 20
2 82
7 83
4 45
9 54
2 65
6 44
9 68
5 28
9 95
5 23
10 43
4 85
9 23
2 81
10 46
10 63
6 17
2 48
6 28
9 49
1 10
2 93
5 14
5 41
10 54
3 81
3 59
9 33
9 92
1 41
5 84
4 59
9 25
5 96
6 79
8 62
9 10
7 33
2 94
6 44
10 17
3 87
6 31
6 99
9 9
3 46
7 30
2 30
9 28
6 81
5 76
5 12
3 10
5 24
1 67
7 13
5 96
1 86
9 65
4 13
7 35
8 69
7 12
2 54
6 69
3 22
1 12
5 14
8 76
7 67
10 2
1 64
7 36
7 33
6 25
1 57
1 11
3 33
10 65
9 41
3 28
6 56
4 82
5 94
8 74
7 58
2 75
5 80
2 19
1 68
1 92
5 81
4 84
7 11
8 54
9 68
8 85
3 69
2 100
2 70
9 59
3 68
6 70
10 31
9 83
9 80
9 26
7 63
7 30
6 54
6 71
10 91
2 84
10 21
5 59
1 39
3 7
5 41
8 82
10 60
6 99
9 76
7 43
4 56
10 61
8 98
7 72
3 18
8 98
1 43
5 18
6 97
9 26
9 57
9 95
10 22
1 3
1 37
8 74
9 16
9 65
7 100
9 28
7 61
8 69
6 35
9 42
2 80
4 84
1 98
9 27
2 86
7 95
6 90
7 72
1 83
7 54
3 48
10 83
3 52
10 79
5 38
1 59
6 88
4 14
9 13
8 84
9 89
6 84
5 3
8 45
7 37
2 33
10 60
7 19
4 83
4 27
3 95
10 72
1 77
1 14
3 56
9 46
5 45
10 4
6 13
7 48
10 2
7 64
4 2
1 10
6 5
5 37
8 3
3 94
9 39
8 50
3 86
5 67
7 75
1 33
2 55
4 62
6 26
8 41
3 98
2 64
2 68
10 45
5 37
6 85
3 37
1 61
7 44
7 33
2 71
7 74
3 86
4 42
9 68
7 15
1 3
2 83
10 2
7 80
10 65
8 4
1 97
2 71
3 29
7 4
3 45
8 87
10 21
10 93
2 10
9 99
1 9
2 56
1 49
4 100
8 16
7 72
10 37
1 84
10 57
3 66
5 5
4 40
7 92
1 71
7 2
6 79
10 53
7 50
8 35
5 27
5 1
5 5
9 15
4 73
2 81
7 93
9 18
8 65
1 88
1 100
3 21
7 52
10 14
10 51
3 89
1 60
5 96
4 42
5 9
5 72
10 76
7 97
2 10
9 15
10 48
2 67
8 88
5 15
8 72
9 16
7 51
5 55
10 94
6 56
9 16
10 11
4 87
3 79
3 76
2 44
2 61
8 5
9 37
8 23
8 32
10 85
6 41
3 88
7 59
7 7
7 92
5 69
1 53
6 55
5 59
8 38
7 42
1 29
4 33
10 72
10 81
7 29
6 47
9 80
4 89
2 74
7 37
4 18
7 91
2 1
3 20
6 100
9 84
9 12
6 60
9 78
5 20
8 93
6 85
6 85
2 51
4 26
10 95
9 30
7 4
10 56
10 28
8 2
4 33
9 78
6 58
2 45
5 28
3 37
9 31
3 25
9 62
3 43
10 2
6 73
4 88
5 17
6 53
5 48
8 80
5 66
3 94
10 25
7 58
7 48
8 64
4 15
7 88
3 52
1 74
4 72
6 32
3 76
8 56
3 31
7 34
10 38
2 78
7 59
3 5
2 47
6 46
9 35
9 5
10 70
4 2
3 61
9 51
5 36
2 13
6 61
7 6
5 27
8 57
1 74
7 9
1 5
10 95
2 13
1 11
2 64
3 60
5 6
1 81
1 98
9 60
5 60
4 81
2 52
8 58
6 50
3 39
1 15
9 57
6 17
4 17
3 72
5 90
1 54
10 39
3 65
3 80
2 91
6 97
10 63
1 66
5 51
9 42
10 17
10 26
2 52
10 72
6 35
8 17
10 9
6 41
5 58
3 71
8 14
10 21
10 100
4 34
5 69
9 42
4 83
4 99
2 28
5 26
10 92
6 34
10 48
1 61
5 9
3 88
2 1
6 62
4 1
2 40
6 32
1 4
8 52
6 28
10 63
2 23
3 85
6 59
9 89
2 78
3 62
5 30
9 100
9 87
10 40
6 29
6 37
4 28
9 29
9 33
1 88
5 94
9 75
