6 29
4 67
9 43
6 14
2 92
8 84
9 91
10 80
6 39
1 96
10 46
1 58
4 98
9 52
5 51
4 32
9 9
10 9
2 84
7 45
1 18
5 44
10 86
1 70
6 79
2 69
2 67
5 18
1 15
5 86
4 39
3 44
1 67
1 98
7 21
1 38
7 34
8 12
3 33
7 62
1 79
10 47
4 62
7 49
7 47
6 33
6 86
1 74
3 62
6 50
8 74
7 17
10 64
7 88
6 32
7 41
9 90
8 86
5 77
8 52
3 56
8 3
10 19
6 59
6 69
2 78
1 62
2 57
8 28
3 17
2 88
1 15
5 43
7 71
7 19
6 6
3 64
2 59
10 91
2 22
7 42
9 85
7 34
10 90
2 38
2 9
8 77
2 51
9 83
1 5
6 61
1 20
10 36
9 17
8 13
3 61
8 7
7 58
4 44
7 26
4 49
4 6
6 86
1 30
9 15
8 76
6 73
5 22
2 64
7 46
10 85
3 1
8 1
2 23
1 7
6 31
8 35
4 23
8 15
8 40
4 25
3 80
4 99
7 59
10 24
6 92
6 8
6 53
9 100
3 28
8 8
6 94
7 6
1 76
7 16
3 28
3 6
10 13
3 66
10 4
3 16
7 85
1 78
3 90
2 16
3 3
5 5
9 50
3 40
7 45
10 99
9 35
1 2
7 75
9 50
1 21
10 44
10 56
2 69
2 88
9 33
10 17
2 54
2 68
9 63
10 79
3 49
1 52
1 5
8 47
6 83
2 77
4 4
5 69
5 48
6 10
9 39
6 87
9 2
2 20
7 52
7 56
1 40
9 60
5 83
9 16
1 18
5 21
3 59
9 52
5 36
4 37
7 86
6 68
10 1
9 49
3 83
6 70
1 51
4 23
3 55
6 38
7 51
10 61
4 59
1 5
9 31
10 65
6 57
8 44
4 27
3 80
8 36
10 60
7 11
5 33
2 95
9 45
2 45
3 96
7 54
3 36
7 4
2 61
6 82
2 63
9 30
3 73
2 19
3 2
4 75
10 49
10 29
5 33
5 16
10 7
3 54
9 58
4 80
3 42
5 63
2 81
2 31
10 15
7 80
3 68
10 7
3 96
9 71
5 6
1 53
4 58
1 89
5 10
8 6
10 48
2 90
2 54
9 64
6 71
4 47
9 30
5 8
3 5
6 95
2 80
10 67
5 40
7 100
6 7
5 15
10 90
2 9
4 39
8 100
3 96
2 59
8 41
3 37
9 93
5 98
7 24
5 22
8 38
10 95
1 48
7 2
7 57
8 45
6 91
10 28
4 88
3 18
6 47
7 87
1 24
9 100
9 89
4 91
2 80
4 74
2 58
10 15
3 89
5 34
10 57
1 51
2 25
9 78
1 46
5 57
4 26
7 33
2 15
4 46
5 21
1 25
5 90
10 47
3 93
1 80
10 3
10 9
10 63
3 21
6 61
6 67
4 50
10 69
9 62
9 13
6 2
8 40
9 13
1 1
10 50
4 95
10 89
2 15
2 55
1 9
9 68
10 30
8 45
8 32
4 86
8 90
8 94
6 2
1 53
9 54
4 64
9 63
10 61
1 45
6 29
3 15
2 43
9 62
9 2
3 10
9 48
9 41
5 27
8 93
3 20
4 37
5 26
8 80
5 89
1 13
9 61
2 51
2 99
6 45
1 42
8 39
5 22
6 77
7 26
5 60
1 1
10 78
1 37
10 65
9 43
8 2
8 18
4 9
10 98
5 38
8 1
6 90
8 38
5 66
3 22
10 18
5 72
3 98
8 12
1 4
8 57
4 65
6 33
2 53
4 70
1 90
7 66
8 89
3 67
10 13
5 89
4 12
2 82
9 72
2 21
4 19
5 6
7 92
5 77
2 71
10 78
2 35
9 62
5 22
6 89
9 37
8 12
2 51
9 13
2 97
2 2
1 4
9 62
1 38
7 24
3 38
5 62
6 56
10 85
3 78
3 24
2 47
5 47
1 61
6 11
10 80
9 39
7 1
6 85
6 28
9 55
1 36
9 22
7 30
1 94
4 50
3 8
9 90
4 93
8 11
5 78
2 21
9 53
8 95
10 92
6 77
2 13
3 64
2 22
10 84
10 30
5 36
1 22
4 30
10 66
10 53
1 96
4 69
6 48
4 30
9 89
6 14
8 44
2 37
3 7
9 83
4 69
5 69
7 93
4 100
1 80
5 43
9 20
5 35
8 68
2 10
8 54
7 34
9 85
1 12
9 99
7 34
4 82
9 13
1 40
9 91
4 81
10 8
9 43
6 12
9 28
1 71
6 74
9 21
4 91
5 41
8 56
3 25
8 42
5 47
10 81
8 72
8 94
1 70
7 23
7 55
7 93
10 29
9 21
3 24
10 63
1 73
2 25
9 21
4 37
4 97
6 43
9 78
1 18
5 100
9 98
5 77
3 78
2 3
3 11
9 58
7 65
2 6
10 14
2 37
5 54
2 50
4 91
9 29
5 78
10 17
10 58
3 56
3 60
1 23
9 81
6 72
10 21
7 69
8 28
1 46
6 70
3 13
4 31
10 50
9 94
9 54
1 89
3 91
10 87
5 47
6 41
4 25
10 38
9 85
1 85
10 51
8 21
8 100
2 25
7 80
6 26
5 32
10 10
5 31
3 26
3 77
8 21
10 49
9 80
4 56
7 43
7 68
9 34
3 13
7 8
5 4
10 65
7 13
1 37
5 11
8 46
2 19
5 68
6 49
1 81
9 61
4 72
8 6
5 6
10 73
4 35
8 21
2 99
3 78
6 23
7 36
4 31
1 58
1 2
8 96
3 51
4 31
5 50
1 4
9 85
8 60
1 45
6 87
5 98
3 55
6 70
1 52
10 45
2 74
5 75
4 71
2 22
6 80
5 4
5 91
6 46
8 31
6 71
7 91
5 96
3 44
10 100
3 98
6 63
8 7
4 15
10 85
10 8
9 94
6 67
3 74
6 62
1 84
8 86
1 44
8 93
5 85
6 16
2 43
6 13
5 37
10 59
4 54
10 67
10 62
6 45
9 49
9 40
10 99
3 51
2 87
5 99
2 62
1 13
5 6
9 89
2 36
3 85
8 7
1 3
7 41
4 40
2 33
3 42
7 90
10 32
2 15
7 36
3 74
5 38
8 24
4 45
1 20
8 15
2 96
5 78
7 49
10 34
9 65
8 57
10 64
5 87
3 4
6 52
9 79
10 84
6 88
7 50
9 41
10 44
4 75
4 26
2 51
1 29
4 86
8 32
4 52
4 11
7 95
1 89
3 35
5 100
1 74
2 7
1 82
8 44
2 58
1 19
1 99
7 92
6 91
10 93
5 40
6 92
3 71
5 97
2 4
10 23
8 19
6 17
8 21
5 63
5 25
3 71
9 48
4 75
7 96
2 17
9 34
3 51
6 13
4 68
4 76
6 84
7 98
4 88
9 68
10 18
5 59
8 72
9 60
9 23
1 98
3 7
7 76
8 22
2 68
2 16
6 12
3 30
9 35
2 11
3 28
1 55
1 44
4 38
8 26
8 2
9 24
2 13
9 12
2 19
10 73
8 14
10 56
9 24
8 7
1 95
5 45
2 56
9 77
10 39
5 33
2 42
7 43
3 52
10 3
3 5
2 83
9 45
1 64
10 59
2 14
10 75
2 59
8 36
10 5
7 24
7 67
8 13
10 14
7 87
5 73
5 24
8 46
1 43
1 20
6 52
1 50
5 13
9 66
4 15
6 16
10 92
8 30
6 57
2 86
7 88
9 78
10 16
1 99
4 53
7 84
2 96
3 6
4 79
8 18
1 81
2 63
3 97
7 3
10 65
3 49
9 4
4 50
1 21
7 93
3 95
4 11
1 53
2 11
10 81
10 79
6 98
3 86
6 8
10 46
4 78
1 78
1 86
8 89
1 75
7 96
5 68
9 43
4 45
8 43
2 17
1 89
2 83
5 15
4 9
8 12
3 42
4 26
6 3
10 70
2 99
3 85
8 97
5 3
3 39
7 10
2 76
10 19
7 66
6 88
6 79
10 10
10 67
7 16
7 15
1 27
4 60
1 47
3 29
9 30
9 35
1 6
5 77
5 83
1 29
4 77
5 43
8 91
5 3
6 81
6 77
2 90
5 6
9 39
5 50
10 73
2 86
2 38
4 22
5 39
5 15
3 33
5 80
1 78
4 68
4 47
3 26
8 29
4 5
5 44
8 45
9 56
2 30
3 95
5 76
8 73
4 72
3 60
10 63
3 47
3 37
7 77
7 30
7 30
2 5
7 79
7 69
7 12
10 13
8 27
2 91
5 35
4 73
8 87
1 56
8 45
5 38
3 44
9 12
3 62
7 54
2 75
4 72
2 91
9 57
4 18
8 50
6 22
3 52
7 25
3 79
9 26
1 72
1 71
10 13
9 37
7 41
8 84
9 31
3 78
3 64
3 59
2 30
4 86
10 43
9 67
4 59
3 28
5 5
5 99
6 9
