8 32
2 29
3 87
2 72
9 50
1 8
5 91
3 24
4 29
1 74
2 46
4 87
1 69
1 77
1 9
2 12
7 47
10 77
1 24
3 79
8 92
8 91
10 67
10 95
7 47
7 7
1 5
7 26
4 41
1 4
10 17
4 89
5 93
9 65
2 66
10 90
7 42
7 8
1 88
4 75
8 86
6 92
10 99
6 62
8 58
8 95
7 61
6 80
5 58
3 42
4 86
9 44
3 23
8 10
6 41
7 91
8 17
2 27
3 57
8 11
9 45
9 83
7 34
8 75
5 50
10 45
7 35
10 6
5 81
10 16
8 43
5 68
4 50
2 6
4 70
3 3
2 14
6 31
9 51
2 15
4 33
3 33
8 46
1 60
6 71
5 39
2 32
4 54
1 68
1 44
3 99
3 72
6 37
1 11
7 5
1 51
10 90
5 98
8 45
4 5
10 32
5 68
2 71
8 72
6 42
1 49
4 59
9 50
10 74
5 83
6 91
6 45
2 95
10 84
7 19
7 54
4 13
10 48
5 49
5 27
6 38
8 13
7 15
8 7
1 9
5 31
2 69
10 78
9 98
10 59
8 41
9 95
2 39
10 46
9 53
4 75
4 70
8 29
5 37
6 17
6 94
9 19
5 88
5 53
10 16
8 32
10 29
8 55
3 20
1 73
4 96
7 47
5 59
2 87
8 44
7 88
6 92
5 91
8 91
9 44
9 10
2 50
9 99
3 23
3 61
4 59
4 13
9 12
2 2
7 5
1 37
8 65
4 97
6 44
1 27
4 56
5 90
8 40
4 22
3 66
3 62
3 92
8 48
1 62
4 61
5 18
10 75
4 100
9 87
9 1
9 7
10 76
3 25
1 40
3 82
10 26
1 15
2 98
4 86
7 48
8 1
4 78
10 87
8 37
10 99
9 94
4 24
9 70
8 79
4 25
10 48
1 89
9 48
8 83
1 98
5 91
1 74
4 85
7 87
8 63
2 58
5 3
10 32
8 87
3 40
5 56
7 91
9 35
6 100
6 85
5 93
10 91
4 11
6 47
7 22
6 95
5 18
2 20
5 78
7 62
7 83
10 47
7 59
10 93
8 65
8 26
9 98
3 63
3 62
7 73
8 61
3 53
10 96
8 98
1 23
3 64
10 82
6 48
2 53
4 35
5 5
2 97
5 65
4 76
3 78
3 26
1 87
4 84
9 28
7 19
5 14
5 93
10 52
1 77
1 65
8 37
2 82
2 54
8 83
10 2
8 58
3 77
5 57
6 37
7 78
1 33
5 60
9 80
7 20
6 40
6 6
3 98
10 6
9 1
6 99
10 80
1 44
1 64
4 38
5 3
10 2
10 39
10 95
10 90
3 19
2 52
6 4
1 7
9 62
10 19
5 50
6 95
2 10
1 6
8 42
7 35
7 63
2 73
2 94
4 15
1 22
7 77
3 43
6 75
2 55
7 47
1 7
10 62
10 53
6 100
10 54
1 29
5 75
9 75
3 94
8 19
6 59
3 24
2 20
3 59
1 55
4 4
1 82
3 86
4 97
4 8
9 93
8 73
3 76
8 45
4 46
3 89
3 39
2 79
3 87
5 3
3 51
4 20
5 40
2 59
7 78
10 52
9 20
10 70
2 80
3 20
9 87
8 29
7 34
9 32
4 62
4 35
5 74
9 86
4 72
9 93
8 4
4 55
7 49
5 68
5 73
6 90
9 32
2 9
9 88
4 30
5 100
7 14
8 2
9 79
4 79
1 55
10 39
8 92
2 71
6 21
10 76
4 65
9 93
1 99
5 73
3 81
6 42
7 29
6 62
2 65
10 20
10 14
8 11
3 85
2 48
6 7
5 57
10 92
9 31
5 27
10 68
8 1
2 90
10 67
8 21
6 65
10 16
1 45
7 8
4 18
4 36
7 75
8 56
8 35
2 97
8 62
9 3
5 94
7 91
2 81
10 49
3 96
6 18
7 61
2 33
3 21
6 47
6 52
9 65
4 83
1 44
3 12
1 61
2 65
10 50
10 99
6 72
1 73
2 78
4 38
10 4
8 100
2 62
10 71
1 60
8 70
2 63
4 69
2 97
4 100
8 66
7 16
7 40
10 4
10 40
3 60
10 99
10 81
7 81
9 12
9 5
3 70
5 86
2 88
8 20
9 49
7 20
3 65
1 23
10 85
2 38
2 82
3 75
9 86
3 47
5 22
4 96
4 73
8 74
8 46
10 35
9 83
9 67
3 66
4 6
3 81
4 93
1 44
10 13
6 78
7 8
9 50
4 72
3 53
7 10
8 19
4 56
1 14
6 72
10 62
3 81
9 10
8 99
7 4
1 67
1 5
7 65
10 88
4 87
6 17
9 87
8 30
6 72
3 26
8 65
4 74
7 80
9 78
2 31
3 84
5 42
8 100
3 5
6 44
4 67
2 30
9 40
7 80
4 87
9 88
3 37
9 58
3 15
7 3
3 98
4 13
3 78
4 13
5 88
8 81
3 65
8 82
3 33
6 49
6 21
4 46
3 57
8 5
4 85
9 35
6 83
2 10
2 75
10 82
7 27
1 19
1 25
8 38
8 51
9 72
3 66
9 26
6 15
6 80
8 68
2 26
5 55
5 48
8 96
2 17
10 41
7 60
1 44
6 27
9 57
9 86
7 9
8 59
8 7
1 19
6 59
3 94
5 41
2 11
4 31
2 24
4 23
8 21
10 64
4 36
8 44
10 58
10 88
3 61
3 84
10 77
8 57
4 36
6 97
2 22
4 50
1 42
2 84
7 13
5 85
3 93
6 39
7 33
1 25
1 36
7 38
2 51
9 43
3 89
1 12
6 86
3 79
5 76
10 40
5 42
9 89
10 70
1 94
9 7
2 6
1 36
3 22
9 77
4 2
3 76
10 45
6 91
2 52
4 88
6 4
8 29
3 99
5 71
9 98
6 76
6 49
7 54
3 35
1 66
6 44
4 60
10 40
2 16
10 83
5 32
6 44
8 6
8 19
4 21
9 98
3 55
3 11
3 96
2 53
9 67
7 58
2 91
9 54
10 14
10 74
1 10
1 66
8 8
7 28
4 67
5 11
6 81
2 32
10 68
10 21
6 64
2 92
2 53
3 75
7 93
2 42
4 48
5 56
3 68
5 64
1 68
6 52
7 77
9 64
8 77
6 42
6 40
6 70
5 88
10 78
7 16
8 79
10 13
7 38
4 42
1 33
7 38
10 78
1 52
5 47
9 39
10 33
9 4
4 80
7 2
4 63
4 60
3 17
4 1
4 3
9 85
6 20
4 44
3 68
7 18
1 65
4 22
8 13
10 99
5 25
6 81
3 82
6 100
3 59
6 53
2 3
4 66
2 53
8 55
5 62
6 86
10 46
8 31
8 19
8 95
2 47
7 75
9 100
6 74
10 43
10 91
1 19
6 84
8 80
4 21
4 85
4 89
7 94
3 16
8 14
5 18
4 28
8 23
2 89
2 100
9 4
7 1
1 70
2 13
8 49
5 40
10 36
3 67
9 76
1 63
8 46
4 88
4 42
6 17
6 4
1 18
4 69
10 70
2 77
9 6
1 100
6 98
10 51
4 36
5 18
5 15
8 20
10 74
5 95
9 29
1 9
5 21
4 4
9 22
8 58
1 82
9 61
2 9
6 99
4 35
10 74
1 88
8 67
1 84
10 28
7 64
4 76
7 81
3 11
4 61
7 20
6 7
5 40
1 68
5 23
2 40
7 53
1 42
2 24
6 90
6 41
3 81
7 14
4 54
3 39
6 67
3 85
7 22
5 8
5 55
3 48
6 5
1 60
10 62
4 5
9 67
6 27
5 79
7 55
2 11
5 16
5 84
8 61
9 14
3 95
1 71
8 61
8 76
5 97
7 62
6 97
8 88
3 95
6 24
4 98
4 45
5 75
6 29
9 20
6 77
8 31
9 42
3 11
1 29
5 89
8 96
8 94
9 28
5 96
9 79
1 63
4 7
7 81
5 33
9 87
6 12
1 17
9 82
8 97
8 42
8 12
9 47
4 28
6 56
1 29
8 57
8 63
10 91
10 13
4 52
4 2
10 38
5 74
8 14
8 51
7 69
8 33
3 11
7 87
5 20
1 50
5 100
10 69
3 98
1 42
4 22
7 39
5 25
9 28
7 50
4 78
6 70
2 82
6 20
9 96
9 79
10 82
4 37
4 13
2 35
5 64
8 15
10 17
3 26
8 28
8 78
2 77
8 87
4 10
9 6
7 35
3 14
10 7
6 49
4 20
2 16
7 78
6 55
10 41
1 16
1 50
7 6
2 41
6 6
1 32
2 49
4 83
10 73
6 67
2 55
6 73
5 74
7 26
6 75
7 89
4 56
8 14
10 79
2 13
2 51
5 78
1 86
10 100
4 32
9 39
2 87
2 29
9 44
6 18
1 37
10 1
4 62
3 59
6 79
4 33
3 87
4 2
7 20
10 26
7 2
8 80
4 69
4 47
8 43
