6 22
1 6
7 29
7 28
9 55
10 18
8 21
5 40
10 98
9 67
4 37
9 6
8 47
4 90
4 59
10 100
9 37
10 94
9 9
5 25
10 59
6 59
4 32
8 21
2 18
3 43
1 32
1 91
3 29
8 40
8 60
6 60
1 38
6 78
9 32
7 7
4 68
7 7
9 35
1 1
9 69
6 12
6 16
1 64
9 6
8 36
2 19
6 49
5 32
9 21
3 15
7 19
10 67
3 28
10 91
5 28
8 7
6 62
7 74
10 12
9 76
2 59
8 77
6 59
6 63
1 15
4 93
7 1
5 76
5 58
1 11
10 77
1 79
2 33
3 70
7 64
9 6
5 7
8 16
2 45
1 38
1 61
10 67
9 100
7 83
5 19
6 88
3 93
3 39
4 93
6 79
1 68
4 7
10 50
6 7
9 64
3 83
6 69
8 56
1 61
7 60
4 28
7 84
10 100
5 21
10 27
7 93
10 31
10 100
1 47
4 55
4 91
1 12
6 61
4 72
6 92
1 99
2 22
8 10
10 53
10 47
9 30
9 61
10 26
10 29
4 90
4 10
7 35
9 47
9 8
10 64
7 80
2 95
3 80
9 12
4 93
8 15
4 82
6 42
3 21
3 79
3 56
10 32
2 24
4 22
5 46
10 71
4 98
9 10
8 22
8 86
4 99
9 42
1 79
10 64
6 59
4 60
3 7
10 76
8 85
8 18
3 23
10 50
1 6
3 50
8 92
7 20
2 45
4 32
10 77
3 36
10 5
4 76
1 33
4 34
10 23
4 75
4 11
6 12
8 40
2 1
5 30
10 60
5 96
6 81
6 60
3 53
8 75
4 57
3 81
1 79
7 62
6 53
8 63
10 85
3 59
7 77
1 24
2 75
10 15
9 85
7 9
6 80
1 96
7 94
6 51
6 78
1 98
3 72
1 33
2 34
6 7
9 15
9 47
2 39
5 52
5 68
4 55
2 8
5 5
8 79
6 19
5 24
4 18
3 15
6 79
8 51
2 14
5 35
5 17
10 39
7 16
9 17
1 21
1 93
10 14
10 71
3 73
5 100
5 74
8 20
3 96
6 66
10 74
1 53
3 72
9 96
5 99
2 90
4 65
7 32
10 14
7 32
8 29
7 34
3 32
9 86
6 20
4 13
2 95
7 9
4 31
3 25
9 44
3 21
10 47
3 52
8 66
8 80
9 56
9 47
3 58
9 60
1 19
6 36
2 18
4 35
1 90
8 42
9 84
4 8
1 41
4 42
3 10
5 56
9 85
2 70
7 52
3 59
6 54
5 70
7 87
3 55
8 58
7 84
10 98
8 49
10 8
2 5
8 57
9 80
2 84
6 7
5 100
8 48
1 11
9 43
2 70
5 16
1 9
6 98
1 95
3 53
10 21
6 94
1 76
2 53
4 5
3 31
8 36
1 65
2 40
7 44
8 2
3 48
1 49
6 21
6 75
2 5
5 7
4 80
8 91
9 40
4 48
1 70
10 20
7 55
3 24
8 96
5 4
1 69
5 21
9 48
5 14
1 51
3 74
7 91
10 69
2 32
9 5
6 66
2 69
10 98
8 27
2 11
7 60
7 49
1 49
5 20
3 19
7 88
8 78
7 80
2 95
1 8
5 65
8 34
3 11
6 38
5 77
10 54
3 61
2 82
9 9
8 35
7 14
9 87
5 71
3 38
7 60
7 32
10 2
1 91
1 38
4 15
4 54
7 24
10 32
5 25
9 93
2 80
10 89
4 2
2 6
7 13
3 6
10 63
5 70
9 91
7 89
3 4
4 43
7 46
4 12
3 18
6 89
5 36
2 46
7 16
2 57
1 30
4 63
4 35
4 36
10 22
1 69
6 39
9 15
2 99
1 7
2 45
10 70
9 62
5 86
5 32
10 18
9 64
3 67
3 62
6 16
6 6
6 62
9 54
3 93
6 32
2 10
1 26
6 95
5 39
5 52
9 48
9 40
3 76
5 7
5 54
1 3
7 74
2 23
3 23
9 87
1 28
10 100
10 29
5 99
5 49
2 85
8 70
10 59
1 49
8 43
1 61
5 39
9 83
10 61
3 84
6 8
9 99
10 87
9 81
6 32
8 31
10 41
7 67
10 83
9 16
10 31
7 32
7 98
3 15
5 7
6 38
2 73
6 90
2 44
5 8
8 10
8 82
2 3
7 68
7 24
5 60
2 38
7 43
4 39
3 14
7 79
4 90
9 52
8 52
4 6
8 84
8 7
3 17
10 60
1 71
5 31
8 13
7 37
10 54
6 29
8 47
7 10
9 70
7 51
9 30
7 27
8 7
10 92
8 29
9 4
3 93
7 98
2 52
9 31
1 65
5 59
9 74
1 39
2 99
5 53
10 23
4 56
2 59
8 38
7 25
6 6
8 46
10 75
2 100
9 57
5 68
8 86
4 76
8 24
8 60
4 97
1 99
1 52
5 81
3 64
1 93
7 23
2 54
6 65
4 50
10 75
2 50
5 47
10 88
8 46
8 55
2 97
9 47
4 29
8 73
4 66
9 38
8 23
8 76
1 48
4 57
6 80
3 73
2 63
10 62
3 52
3 39
9 9
6 14
9 60
4 63
1 84
5 79
10 21
2 34
3 73
1 21
1 9
6 71
2 68
10 11
1 79
3 20
6 3
7 97
6 20
8 31
10 94
7 45
10 26
5 14
3 14
5 7
10 2
3 18
2 20
4 38
4 23
8 49
8 45
2 67
1 10
7 37
3 97
7 59
4 70
10 82
4 25
1 10
8 79
9 68
6 26
8 12
4 84
5 31
9 73
3 32
1 98
3 61
9 71
5 85
3 92
4 52
10 41
2 95
9 15
10 6
6 34
2 16
3 9
5 99
3 81
2 57
1 23
3 51
7 30
5 60
4 29
6 77
5 61
2 73
6 22
8 40
5 61
8 35
7 19
1 83
6 100
6 53
1 74
9 22
7 5
3 27
5 44
5 62
6 75
7 44
6 38
10 78
1 17
2 79
4 17
3 100
5 30
1 33
5 87
6 68
3 52
1 67
2 19
2 5
8 27
5 41
9 69
7 12
4 40
2 51
3 36
6 10
7 44
2 80
9 45
10 27
2 15
9 87
2 72
6 55
3 71
10 63
1 39
8 90
4 1
10 76
6 84
2 9
8 60
3 42
9 81
2 12
7 47
2 35
10 11
8 28
5 29
6 91
5 98
2 36
9 32
3 49
2 4
6 89
2 4
1 32
1 47
6 80
8 38
1 84
2 45
9 39
8 3
1 80
6 80
3 14
3 85
10 79
10 97
10 38
6 42
8 1
10 58
2 33
3 6
6 5
7 34
4 46
9 27
7 27
10 65
8 31
4 32
1 64
4 55
5 95
3 88
9 30
5 7
5 8
6 90
2 87
4 2
10 56
9 16
4 18
10 67
7 49
6 89
3 3
5 57
10 10
3 53
6 26
8 86
5 32
4 14
7 1
5 84
2 100
4 78
1 16
5 36
7 22
1 45
8 37
3 32
8 89
4 98
9 54
3 34
10 83
8 46
7 79
2 93
2 12
6 62
8 62
1 68
5 99
3 31
2 93
10 24
10 14
4 93
10 16
9 4
5 4
10 74
7 70
10 56
1 90
7 86
8 10
4 29
5 96
6 95
10 80
2 24
3 43
10 24
2 67
5 48
1 83
10 91
5 5
2 38
1 87
8 76
5 52
9 49
8 97
5 57
6 65
3 13
6 69
1 5
1 68
2 53
8 83
9 27
6 53
2 27
1 15
6 23
4 55
5 80
10 14
6 85
1 92
3 27
8 40
7 2
10 46
2 80
10 30
1 64
2 93
5 55
5 50
3 91
9 35
6 3
1 67
9 83
9 22
3 57
4 60
6 30
4 30
7 89
6 62
6 81
3 2
4 73
4 20
6 64
6 69
6 74
10 96
1 72
8 66
10 100
6 53
2 45
1 86
8 95
10 80
2 82
9 22
5 33
3 85
7 86
10 72
10 65
4 77
6 58
10 13
1 32
3 27
8 100
10 93
8 95
6 64
1 67
8 12
8 65
7 1
10 29
1 52
9 63
2 13
2 11
3 26
8 72
1 93
9 73
2 56
1 8
3 34
5 69
2 41
6 91
7 79
10 70
8 66
6 73
5 10
3 82
9 81
5 41
3 25
7 2
3 22
3 31
7 86
4 50
3 88
6 12
2 77
1 88
7 26
9 78
2 38
5 59
7 99
2 98
1 74
2 54
1 72
1 28
5 12
4 48
2 90
2 75
7 33
8 66
10 6
2 100
10 7
10 91
1 99
4 17
10 91
3 65
10 17
2 7
3 100
9 98
5 85
2 97
1 81
10 31
5 17
4 80
10 15
1 80
10 94
8 99
8 41
3 71
8 29
7 55
6 74
3 44
7 52
9 86
3 19
6 68
4 60
6 45
5 59
4 100
6 27
5 31
6 25
8 96
2 21
6 57
10 9
10 22
2 48
10 73
