3 88
3 44
7 34
3 2
3 99
3 88
10 13
5 24
4 72
6 58
7 7
4 48
4 47
5 4
10 2
7 100
9 69
10 5
2 55
3 21
8 30
3 28
4 55
8 86
8 34
5 40
10 40
4 4
1 38
3 58
9 27
7 1
10 10
5 84
3 17
2 3
9 30
10 74
1 84
7 84
9 10
6 80
3 80
8 45
7 51
1 9
8 56
8 85
4 45
4 3
4 36
7 21
4 49
1 46
2 7
3 27
4 66
9 44
1 8
1 80
7 29
10 39
7 30
3 32
4 91
4 68
2 13
7 90
3 28
10 68
7 48
5 11
6 23
3 23
6 83
7 37
8 58
3 10
3 96
9 13
4 44
9 94
9 40
2 12
3 62
7 12
5 24
1 15
2 37
3 73
1 81
8 64
7 4
8 9
6 10
2 18
7 52
7 1
4 47
4 69
4 1
3 51
4 70
5 72
5 52
3 86
3 15
7 40
9 44
7 96
6 17
7 52
10 83
9 81
7 20
2 33
6 52
9 76
10 43
10 89
2 55
5 42
6 97
5 74
4 31
2 87
7 1
8 14
2 24
6 23
8 47
7 81
2 67
7 98
3 22
3 8
3 84
10 22
5 37
6 42
2 31
4 55
3 12
6 50
2 37
8 45
7 3
4 1
9 81
7 19
4 71
4 35
5 58
2 20
9 2
8 23
8 5
6 78
6 12
8 73
5 69
1 65
4 48
3 69
8 47
3 18
7 63
10 18
4 56
1 70
8 33
6 34
2 60
10 66
7 49
10 14
4 47
6 14
9 27
4 28
8 14
6 60
5 73
10 78
9 8
4 3
10 48
1 38
5 98
6 74
2 42
9 90
4 13
7 24
10 15
6 19
10 40
3 27
2 62
10 31
4 4
4 31
2 46
4 24
8 30
10 50
2 63
6 65
6 37
2 31
1 89
2 69
9 74
4 33
6 93
4 57
10 93
3 11
9 24
5 100
9 79
3 10
5 5
1 2
5 88
4 40
6 24
6 43
3 100
5 77
3 34
1 99
10 11
9 81
9 33
2 98
6 79
8 51
4 67
6 82
10 78
8 57
3 64
5 81
5 6
1 7
2 6
8 94
3 63
6 83
4 70
6 21
10 28
3 47
9 66
6 53
9 51
2 88
7 50
2 67
5 28
7 31
1 96
3 5
2 98
7 55
4 18
2 82
3 4
1 44
1 65
3 94
5 51
2 100
6 29
10 80
4 46
5 1
9 21
9 73
2 75
7 55
10 73
8 72
5 85
10 96
8 36
10 22
4 46
3 93
1 89
6 69
8 23
9 29
1 76
9 78
2 57
6 6
4 68
8 96
7 76
8 97
3 32
10 93
5 28
5 51
6 43
5 73
4 1
9 16
1 14
9 56
9 36
6 28
7 78
2 86
6 49
8 35
4 40
7 14
2 48
3 90
10 11
8 49
4 11
8 52
7 1
3 82
2 43
6 94
5 76
6 53
4 76
4 72
3 9
4 46
10 52
9 34
5 60
2 57
5 64
3 39
1 88
10 77
10 12
5 62
9 37
10 2
8 93
5 89
10 89
9 9
2 98
7 8
4 50
3 48
5 57
6 88
1 76
3 100
10 45
1 78
7 61
9 17
10 36
5 79
7 59
3 38
1 8
4 75
10 82
3 63
5 54
3 35
5 3
4 80
4 32
4 29
1 9
2 53
7 32
2 97
6 65
1 34
9 72
1 67
9 99
6 30
2 24
6 81
3 93
5 41
7 11
4 39
3 72
7 75
8 99
9 75
3 83
7 16
2 67
4 12
9 93
9 28
5 57
4 88
9 49
3 50
1 91
8 32
5 35
10 75
4 31
7 1
4 17
3 82
5 97
7 82
4 65
5 86
5 61
4 78
5 39
1 16
3 76
1 32
5 21
7 45
1 86
6 91
9 49
8 45
7 38
1 1
10 90
9 72
9 2
8 66
10 96
6 11
5 22
9 28
5 98
10 80
6 30
4 37
7 32
9 8
2 94
2 82
3 37
4 93
4 87
7 96
9 79
8 7
6 25
6 90
7 7
3 100
10 84
10 48
3 88
8 37
4 81
7 56
1 89
10 94
1 60
3 24
4 1
3 47
4 24
1 76
3 92
3 31
4 84
2 14
5 100
6 33
6 10
4 42
8 70
5 83
1 60
6 46
2 49
6 19
3 93
4 57
1 71
5 55
4 90
4 69
4 49
4 20
1 39
3 62
10 81
9 23
6 9
3 66
10 35
8 61
8 3
1 33
1 94
1 92
10 70
9 64
6 54
2 1
2 38
5 28
2 81
9 79
5 69
4 25
8 96
4 87
10 1
10 60
1 1
5 79
7 64
6 55
7 11
8 1
1 25
10 2
7 71
8 79
4 5
2 62
9 7
2 77
10 36
7 23
4 11
10 40
2 88
9 47
4 21
3 67
7 90
1 1
5 98
7 2
4 41
5 21
3 52
10 85
1 85
10 16
4 60
1 43
2 5
2 38
5 75
8 64
2 26
5 94
1 99
10 13
3 66
1 74
8 64
7 33
6 82
9 17
8 81
9 71
4 53
2 38
9 82
1 76
5 26
8 88
3 93
3 16
6 13
7 65
6 11
5 61
2 96
10 33
3 65
4 9
2 26
6 78
2 97
2 47
8 24
6 47
2 52
1 42
7 21
4 66
9 55
9 38
9 15
7 72
3 88
10 97
6 18
8 50
2 93
10 28
10 45
3 63
2 49
5 16
10 1
6 22
5 67
8 84
3 23
10 90
3 91
4 6
1 63
4 82
3 92
8 19
4 12
6 60
4 27
4 5
6 77
1 99
8 96
4 11
5 76
1 31
6 45
7 29
4 94
2 42
1 77
5 78
3 11
3 91
8 14
6 3
9 100
10 71
6 12
4 50
8 49
1 20
4 23
3 97
2 63
3 34
8 61
1 91
10 45
1 14
6 51
3 80
5 80
5 9
5 51
2 46
3 12
4 52
7 84
10 96
7 94
9 23
8 67
4 83
10 61
1 83
4 57
8 84
10 35
3 61
1 59
7 43
8 59
2 50
5 37
3 75
2 75
1 40
2 68
8 53
8 89
6 97
6 21
2 8
10 63
4 88
8 31
1 88
6 60
10 64
8 57
1 1
7 78
8 80
6 22
3 70
7 95
3 68
8 82
1 40
2 30
10 28
6 64
3 66
8 77
5 21
4 28
3 56
8 66
9 77
5 24
9 62
8 36
1 60
8 13
9 96
2 85
8 79
2 8
10 20
3 71
3 82
9 51
1 17
2 73
9 15
5 55
5 8
6 65
4 25
10 17
3 87
6 88
9 60
10 63
10 48
5 31
8 53
7 13
5 47
7 25
7 68
8 54
7 25
6 88
4 28
5 26
4 58
5 3
5 82
3 80
2 3
10 59
4 92
4 75
4 20
9 44
9 37
1 58
8 61
10 50
4 67
3 53
2 68
4 78
10 52
6 31
4 80
9 76
8 82
5 36
5 77
5 20
3 7
2 62
3 35
9 83
9 76
9 81
8 90
8 29
7 83
1 49
1 13
7 45
9 78
10 92
10 5
6 38
4 37
2 62
8 20
9 59
7 18
5 51
5 4
1 95
4 44
7 45
3 99
7 36
3 54
4 92
9 26
9 14
9 3
4 7
5 88
5 65
8 69
7 42
3 49
8 30
5 24
1 79
8 77
2 44
4 46
1 79
2 53
5 32
8 45
8 92
1 94
7 31
8 6
6 66
2 94
9 80
3 49
9 56
4 60
8 5
9 44
10 70
5 29
1 52
5 31
8 50
3 55
4 87
4 55
2 20
7 91
6 71
7 9
3 99
3 100
9 26
1 62
5 40
2 59
2 50
2 74
4 92
3 7
1 71
1 66
2 75
7 52
2 85
5 67
5 33
3 85
8 48
6 18
10 33
10 43
6 54
6 8
4 54
4 13
7 1
5 38
5 96
4 76
5 75
3 11
9 21
4 82
4 28
4 62
7 34
2 36
2 88
4 23
4 17
5 70
3 14
8 22
5 26
3 79
7 85
6 30
7 16
10 12
4 92
5 69
7 50
8 19
6 23
2 14
10 60
6 85
2 31
3 92
4 29
9 87
7 99
2 90
3 76
5 6
2 93
10 63
6 22
8 60
7 97
6 33
8 24
9 60
9 98
9 4
10 82
6 70
6 65
5 5
1 28
2 65
5 51
8 21
7 97
8 98
9 16
1 92
10 60
3 17
1 92
10 60
3 12
6 52
1 67
7 18
1 61
7 89
1 6
1 45
8 11
2 50
5 45
4 56
9 92
1 96
3 93
4 2
3 60
2 67
1 49
2 5
2 6
3 45
7 30
1 29
8 57
2 96
1 25
5 47
8 97
5 74
4 52
7 44
4 65
7 53
2 71
4 94
9 48
3 90
3 63
3 35
1 34
9 99
5 74
2 3
9 34
8 59
7 3
4 8
10 96
9 90
1 72
3 21
10 85
3 56
