4 29
1 32
4 8
7 51
8 5
2 88
3 32
7 13
10 79
4 4
7 60
9 31
10 29
5 3
4 87
9 97
2 57
5 6
8 55
2 49
8 59
6 11
9 7
7 34
10 69
1 11
10 41
3 63
1 37
8 25
10 27
3 90
6 63
8 85
6 92
9 67
10 2
10 76
7 97
2 100
9 13
1 65
2 6
7 64
6 15
5 79
2 48
10 43
6 17
10 51
4 26
3 37
6 21
7 72
8 50
10 92
9 70
8 42
8 31
3 4
3 80
9 61
10 66
8 58
6 19
4 38
5 90
7 39
10 20
2 14
3 62
3 96
6 89
7 20
3 95
7 58
10 11
7 13
1 41
9 49
4 84
4 6
7 28
9 2
1 64
3 99
9 97
7 54
4 17
5 57
1 28
6 38
3 25
6 1
10 1
9 38
2 16
8 73
5 72
3 61
2 56
1 51
3 31
7 13
6 86
4 29
3 20
3 68
9 57
6 90
4 13
3 99
4 31
8 69
2 42
9 68
9 49
7 18
1 51
2 57
5 93
5 22
9 5
6 69
8 7
9 91
6 11
6 47
7 27
9 6
3 22
6 23
1 18
9 79
3 75
4 30
5 30
2 22
2 25
1 59
2 36
3 97
7 65
2 43
7 65
2 70
9 92
9 6
2 51
9 39
4 21
7 8
1 71
9 25
9 86
2 44
8 83
9 72
8 17
10 41
5 35
2 79
7 12
2 21
4 33
2 77
2 58
2 48
6 78
8 40
5 70
2 7
10 89
3 91
6 45
8 91
5 28
2 57
4 65
3 96
3 80
1 38
2 59
1 80
2 35
5 55
6 30
10 84
9 25
8 71
8 50
6 47
1 25
10 38
1 9
5 92
9 58
10 90
3 66
10 6
8 5
8 6
3 94
8 11
1 91
3 79
1 88
1 71
10 1
9 7
5 38
2 72
1 77
8 13
3 32
2 53
4 88
5 48
1 42
3 29
2 72
6 73
10 87
1 2
6 57
9 63
9 42
10 84
9 53
8 42
1 57
6 65
2 25
8 90
7 97
7 28
6 95
1 7
6 91
9 8
5 95
3 32
2 79
6 88
10 81
4 70
9 5
8 82
7 19
7 80
8 13
10 94
1 60
1 33
10 32
2 62
5 90
8 15
2 18
9 64
1 65
4 88
4 19
8 57
7 42
3 45
7 81
3 2
3 76
3 77
4 74
4 50
5 55
6 52
2 7
7 1
10 78
7 77
7 21
9 20
9 71
4 42
8 64
8 96
8 51
7 20
1 36
3 10
10 81
2 90
8 78
6 77
10 31
8 57
1 94
6 29
7 2
7 6
9 52
7 76
4 4
4 1
1 32
3 77
6 93
2 94
7 99
1 14
5 92
5 19
1 13
7 7
3 37
7 19
2 23
3 78
8 27
3 14
5 4
1 39
1 77
7 91
3 82
1 23
1 38
4 28
4 7
4 74
3 67
6 6
1 42
3 46
8 17
8 92
5 69
5 92
5 16
2 82
9 91
10 80
4 77
8 12
7 65
2 70
6 5
9 30
1 65
1 13
3 5
7 23
6 88
1 40
6 95
4 59
5 29
6 85
4 47
4 94
10 69
5 8
2 41
4 41
1 80
9 2
1 11
5 6
3 75
3 11
5 25
2 10
9 58
8 66
8 74
10 95
10 88
5 86
2 22
7 80
4 39
10 57
10 100
1 50
9 19
9 10
1 87
10 70
8 88
4 40
10 78
3 67
1 82
3 62
2 21
2 2
2 46
3 46
1 43
5 94
9 40
1 92
10 28
2 12
1 28
10 89
1 74
6 29
8 19
9 55
10 73
9 80
6 81
4 73
6 13
6 35
4 18
8 65
1 92
4 39
9 31
3 3
10 14
7 62
7 63
7 41
6 51
6 90
6 68
5 18
4 49
5 21
5 49
6 77
8 56
1 52
1 55
8 57
1 99
1 94
5 61
7 40
1 14
4 28
7 50
4 58
8 27
6 52
7 20
7 16
2 35
3 39
2 85
7 71
9 56
8 88
6 23
7 92
3 86
8 9
5 37
2 40
6 60
1 47
5 25
2 54
1 6
3 23
3 45
8 18
5 50
8 73
9 16
3 69
7 24
6 41
9 27
6 96
4 67
5 71
10 94
10 12
10 44
7 41
10 46
7 92
5 4
7 45
2 75
6 36
2 39
10 94
10 41
6 58
8 5
7 23
9 1
9 40
1 81
6 21
9 6
1 87
1 54
5 79
8 41
10 44
6 76
6 22
7 84
2 62
2 65
1 88
1 48
9 48
8 26
9 51
3 60
5 25
5 81
2 92
2 83
3 65
8 54
10 54
6 62
3 16
10 60
9 46
9 80
8 95
9 6
8 2
5 3
9 16
3 44
3 52
9 59
6 19
7 50
2 69
1 92
3 41
2 49
8 52
5 25
3 21
6 66
2 70
10 57
5 43
8 4
5 78
2 34
5 90
7 82
3 56
7 62
2 27
5 100
5 19
4 91
3 39
9 97
3 37
4 32
8 95
1 24
8 15
4 100
8 82
8 77
2 3
5 19
9 68
8 34
7 23
5 26
6 67
10 71
6 61
10 54
2 66
4 72
2 74
2 77
8 68
3 92
3 1
1 25
5 71
7 98
6 99
1 70
6 95
3 97
7 58
5 97
7 49
10 73
5 57
1 69
6 67
5 41
6 63
3 27
6 16
7 88
6 80
2 47
4 50
4 95
8 38
8 18
3 81
8 58
5 37
4 71
1 30
10 48
9 85
6 16
2 75
5 97
6 70
1 36
8 76
9 75
1 19
1 57
4 69
2 100
4 1
7 25
4 3
2 96
6 14
3 26
8 57
5 97
5 96
8 63
4 61
2 7
9 53
2 42
8 65
3 30
7 63
9 89
7 30
1 65
3 35
1 35
8 60
6 18
8 63
4 62
9 57
1 83
1 74
8 41
10 21
5 4
3 60
10 73
8 1
4 80
3 52
8 4
1 30
2 47
5 75
2 87
6 84
5 50
6 59
10 37
10 21
10 15
4 71
5 91
5 89
8 56
6 68
3 66
8 38
9 77
8 19
5 60
1 87
2 28
5 67
7 56
6 6
6 63
10 50
8 64
10 31
9 61
3 44
2 59
8 32
7 26
4 4
8 90
10 89
9 22
10 28
2 84
2 71
10 54
10 46
8 60
8 82
10 8
1 35
4 96
2 20
2 9
9 22
3 29
4 77
6 15
8 27
9 27
5 59
6 70
1 94
1 63
3 34
1 88
4 15
3 97
3 55
2 79
10 60
8 85
6 49
2 63
9 80
10 91
2 80
3 71
2 32
8 45
5 3
8 62
5 14
10 93
4 55
9 63
10 87
4 30
6 45
7 83
6 94
4 93
1 65
5 96
9 77
5 70
1 73
7 1
2 56
10 98
6 46
5 78
9 87
1 64
4 11
3 71
10 34
10 74
3 11
4 17
10 56
3 30
10 17
6 50
7 70
6 3
2 11
6 43
4 71
1 91
9 84
8 21
7 80
1 12
6 92
9 95
10 26
3 25
2 17
1 12
8 32
5 35
6 30
2 6
1 84
7 10
5 57
2 43
6 11
5 48
2 82
6 17
2 3
6 90
5 67
4 67
5 30
6 96
9 27
3 84
5 42
9 11
6 69
7 97
3 64
9 77
4 79
10 51
4 30
1 95
6 74
1 32
6 71
6 8
4 42
1 8
5 56
4 12
1 80
7 94
9 2
9 77
8 45
5 30
5 56
9 90
3 90
10 74
3 20
4 40
2 79
8 27
1 3
6 3
7 62
6 26
9 50
5 11
5 99
7 58
1 53
9 48
4 43
1 33
10 52
3 96
1 71
10 88
3 18
7 46
6 27
4 50
8 8
8 83
4 17
2 77
2 44
3 26
10 1
10 94
3 4
1 80
1 65
4 52
8 90
2 6
4 32
5 85
5 20
8 48
3 12
1 29
2 23
8 82
6 29
3 61
5 4
2 68
8 25
6 41
1 31
9 19
5 51
7 44
8 25
7 79
10 82
8 22
3 67
2 29
2 85
2 97
2 16
3 24
8 23
3 86
6 33
8 65
4 94
9 14
3 11
10 1
1 13
8 19
5 75
8 11
6 59
1 50
7 31
10 4
10 35
8 84
8 27
10 32
4 32
4 55
4 8
4 8
9 100
10 72
5 65
4 95
9 2
3 8
9 46
1 56
10 9
7 69
5 10
4 56
1 61
6 36
2 66
2 25
6 11
2 46
8 13
7 71
5 86
10 24
2 88
5 79
3 10
3 97
5 69
7 84
7 97
10 4
3 90
5 88
8 82
5 44
1 8
5 66
7 16
3 82
4 66
6 47
7 41
5 79
2 41
2 54
9 89
4 52
8 15
7 57
1 41
10 39
2 30
7 31
9 22
1 37
4 68
5 66
4 66
9 39
10 58
1 68
8 67
10 27
5 10
10 80
9 25
5 86
5 59
9 28
7 58
