4 80
4 70
9 24
3 88
10 31
5 88
5 88
4 100
10 88
3 75
9 88
4 7
7 40
5 21
5 57
6 51
7 63
8 86
6 61
4 7
2 85
10 44
6 87
4 63
7 86
2 98
9 52
3 74
1 52
5 87
10 54
6 41
5 46
10 14
3 73
3 79
1 85
7 60
9 51
5 5
2 8
5 27
2 50
7 8
10 17
5 79
9 74
10 12
2 38
3 12
2 80
7 12
6 43
5 61
4 28
7 97
6 88
3 21
4 72
8 90
5 77
7 53
2 68
6 95
4 80
5 94
1 99
9 52
6 98
1 30
9 81
10 8
1 28
7 84
4 76
7 24
3 81
10 58
9 84
10 71
4 54
9 71
4 45
3 61
5 24
9 27
2 58
7 89
3 10
5 100
7 86
3 37
7 29
10 24
6 39
7 3
8 49
8 51
3 91
3 23
2 11
3 52
7 15
5 34
9 15
5 69
3 48
10 42
6 25
3 41
7 45
4 32
9 81
9 43
8 12
5 76
7 85
6 65
9 25
6 61
2 83
10 15
8 45
8 47
7 49
9 7
5 64
4 42
7 86
6 9
5 29
3 50
3 100
5 34
3 8
2 66
4 94
10 59
8 42
8 67
9 49
2 88
9 10
7 76
1 8
3 27
8 84
5 26
8 81
4 4
5 19
5 66
7 7
2 100
7 73
7 55
1 60
2 11
3 11
5 83
1 51
6 36
9 64
6 71
3 32
3 70
4 94
7 97
4 36
2 65
2 98
1 79
6 32
1 21
8 38
7 3
2 46
7 11
8 58
6 82
7 81
4 75
10 22
10 43
4 88
10 88
6 32
7 50
3 87
3 52
10 39
6 31
7 31
3 79
1 80
8 2
7 4
8 37
2 86
5 99
10 78
1 25
7 75
5 25
5 86
2 2
10 35
5 36
9 4
2 17
6 90
1 53
4 1
4 68
6 38
9 94
6 60
5 58
2 92
7 92
8 26
10 21
6 77
6 98
7 55
3 94
10 3
1 41
1 20
4 10
9 71
4 47
9 92
5 56
2 2
9 22
3 97
1 95
7 66
5 96
4 26
8 79
3 55
1 66
3 44
2 44
9 60
8 51
5 7
6 4
3 69
3 88
4 76
8 23
3 25
7 15
3 94
1 18
2 39
6 30
9 43
1 27
4 66
10 66
1 13
4 33
10 50
3 10
7 55
3 30
2 90
6 23
3 91
3 69
5 50
10 18
4 71
1 18
4 76
9 4
9 22
3 43
1 88
7 91
5 42
2 62
2 10
3 35
7 17
10 15
9 52
9 1
5 22
6 37
1 50
4 24
8 42
1 10
4 68
3 76
4 25
8 20
9 96
7 28
8 28
7 65
6 22
8 49
1 2
6 8
3 61
9 18
3 29
5 82
3 25
7 96
2 99
1 61
9 5
8 66
5 8
1 69
2 88
6 15
4 100
5 91
2 93
8 52
1 51
6 19
1 64
8 92
2 38
9 64
6 56
9 44
4 41
5 28
1 48
3 3
9 72
1 26
6 8
2 96
7 80
4 30
4 56
10 64
3 4
10 77
2 21
2 95
10 90
8 59
6 12
7 68
4 70
10 2
9 60
4 23
2 63
3 82
9 77
6 64
10 55
8 84
7 85
10 94
9 37
7 61
4 40
7 79
2 98
10 10
5 49
8 28
9 6
5 55
10 24
5 47
10 45
7 85
7 43
6 51
4 92
4 86
9 71
8 7
1 12
1 26
10 74
5 88
1 75
1 13
4 40
7 34
4 23
4 5
9 28
6 27
1 40
1 58
7 41
8 73
8 19
5 38
9 47
1 19
5 87
8 16
7 54
5 76
5 30
1 22
9 43
4 61
3 18
2 9
9 51
10 73
7 65
10 42
10 85
8 84
10 10
8 20
2 60
1 67
5 16
4 18
8 92
5 55
7 96
9 36
4 68
1 3
4 36
3 90
10 11
6 64
7 73
7 86
9 61
3 24
3 50
10 48
8 48
2 74
2 7
4 5
4 17
5 86
4 6
4 3
9 58
3 47
2 30
6 88
8 15
3 70
1 15
9 28
10 98
1 9
1 43
3 10
2 73
3 23
9 65
1 83
10 5
3 4
4 21
6 72
1 26
3 67
10 53
9 10
2 79
3 98
1 28
7 30
3 88
5 5
9 78
7 48
1 76
9 32
1 52
1 85
4 58
9 8
10 19
5 3
5 50
4 10
3 10
2 97
7 15
3 65
4 21
9 57
1 80
2 75
6 18
5 59
6 32
2 64
6 36
2 85
2 91
2 48
4 48
10 51
9 57
1 55
10 54
7 70
5 48
1 16
7 83
4 83
5 92
3 44
6 62
6 34
5 59
7 2
3 56
6 72
3 95
5 94
8 85
1 36
5 20
4 92
3 70
9 55
6 69
10 100
9 31
7 69
4 42
10 17
7 76
4 33
5 100
3 43
10 94
5 13
3 81
9 91
5 69
5 89
8 99
9 83
5 45
8 74
9 86
6 88
5 90
6 93
2 4
8 22
2 13
6 39
5 43
1 20
8 50
4 3
3 94
10 34
3 22
4 85
4 41
8 88
3 40
4 48
8 52
9 23
3 70
5 60
1 73
6 36
10 2
2 95
9 79
7 89
10 19
5 10
5 91
5 41
4 39
2 81
2 87
8 25
4 80
10 66
7 75
5 26
9 29
4 12
6 10
8 76
3 20
5 6
10 63
9 79
10 51
8 79
4 54
7 84
8 57
1 48
9 57
5 36
10 47
9 23
2 18
8 94
5 49
5 84
1 45
3 25
6 44
3 23
4 8
6 90
7 63
5 90
2 20
4 92
4 80
9 42
1 47
6 11
9 98
5 35
6 66
7 87
10 26
7 66
2 1
3 85
8 87
5 45
9 64
1 82
3 68
4 51
5 46
2 57
4 26
7 37
6 69
10 15
9 53
6 29
10 86
8 13
6 65
5 55
8 68
8 27
1 47
10 48
10 18
4 86
1 35
8 57
8 18
3 7
1 61
10 83
6 66
4 28
2 62
3 82
6 48
4 15
7 81
6 95
10 75
6 30
9 52
1 8
4 6
4 99
2 33
10 100
3 50
1 16
4 64
9 53
9 33
5 62
4 17
9 3
7 86
10 23
8 88
10 40
1 13
4 1
7 27
1 44
9 73
6 5
2 75
6 4
4 18
7 47
7 9
9 52
5 46
4 6
3 72
3 99
5 42
9 39
5 49
5 71
5 40
8 17
7 21
9 95
3 83
2 31
8 71
8 67
1 32
3 78
2 97
10 7
4 49
1 33
5 81
1 73
7 86
7 62
6 9
4 78
9 45
9 33
10 57
3 6
5 79
5 5
4 89
4 50
4 2
6 21
4 49
1 99
1 87
2 24
2 99
7 14
4 19
6 98
1 25
10 27
6 96
7 76
3 89
4 71
6 30
2 81
5 22
1 84
10 20
10 52
10 26
9 21
10 18
3 70
8 44
7 97
4 45
2 87
2 21
8 39
10 45
1 1
1 16
4 84
2 92
3 30
10 40
4 57
7 61
10 65
9 50
5 43
10 25
6 49
1 65
6 84
9 73
6 79
6 43
6 11
4 99
3 90
6 91
6 33
7 16
4 90
3 55
7 48
2 1
8 31
2 97
7 11
1 41
2 97
4 79
6 25
7 78
3 83
9 24
6 13
4 60
2 62
5 51
5 69
2 96
10 41
4 64
2 81
8 30
4 59
2 56
5 70
1 96
6 78
8 91
1 46
8 57
1 28
10 90
5 71
10 31
5 66
4 24
7 69
10 30
6 38
5 34
7 71
8 98
4 59
6 12
3 38
1 65
7 89
7 59
8 23
8 28
4 23
9 39
10 71
8 17
2 30
4 100
2 78
10 63
7 73
5 87
2 39
7 26
2 57
9 96
8 12
8 54
10 15
4 67
1 75
2 81
6 35
5 36
8 9
3 4
2 1
8 28
1 47
4 100
1 79
1 83
8 69
2 30
10 79
6 90
9 5
1 17
7 28
9 20
10 19
5 40
2 2
7 95
3 56
10 58
5 12
8 46
7 20
8 43
10 15
10 49
3 22
5 26
10 14
5 2
2 76
2 39
3 69
10 84
6 25
1 60
1 20
5 71
5 85
10 50
4 39
10 13
9 24
8 30
6 29
8 44
6 48
4 22
6 50
10 70
8 46
10 47
7 62
5 35
2 94
2 6
10 30
4 92
5 93
10 45
6 60
6 63
8 32
3 80
2 5
7 23
6 84
1 62
5 35
1 94
8 100
4 79
1 37
1 7
8 24
4 54
5 24
5 19
6 38
4 82
1 97
1 65
4 9
3 90
4 59
3 92
8 4
2 34
5 91
6 93
5 17
6 17
2 16
10 48
4 88
6 51
4 55
9 38
2 3
5 22
8 25
2 33
2 45
4 46
5 77
6 4
2 64
7 58
4 53
2 74
5 93
7 71
3 34
8 36
7 61
1 38
2 74
