1 49
9 83
5 97
6 74
3 95
3 75
10 15
2 39
10 48
5 6
9 86
6 87
1 56
3 93
7 98
8 40
4 100
9 77
5 81
9 54
6 95
4 66
4 47
10 9
9 63
7 77
9 81
4 30
5 26
4 28
10 11
6 91
8 75
8 43
7 87
9 66
2 71
7 79
1 75
6 76
6 10
5 80
7 39
7 75
9 25
9 40
8 53
1 30
4 20
10 34
2 22
3 93
2 83
9 90
10 40
6 35
10 27
9 77
7 100
3 78
6 99
4 83
7 55
6 39
6 60
4 55
6 94
1 92
6 3
9 31
1 80
5 75
4 84
5 26
4 17
5 90
1 11
5 51
3 66
7 79
7 55
9 97
2 20
4 47
7 15
7 74
9 3
4 52
5 22
4 50
4 25
6 60
7 92
1 30
6 65
7 81
5 89
7 56
8 84
6 45
1 59
7 47
6 63
7 21
10 73
4 81
10 52
7 16
9 71
7 42
8 4
3 98
3 10
9 12
2 36
1 19
7 47
10 27
2 59
8 43
6 49
6 95
5 23
2 17
4 89
5 23
5 64
3 98
7 98
9 17
2 67
8 20
6 19
3 32
1 68
8 86
8 74
9 52
5 97
7 20
10 24
4 63
7 89
1 57
10 29
9 55
10 22
2 70
9 94
4 16
7 24
6 5
8 7
8 49
7 63
5 64
6 85
6 23
2 93
4 98
5 71
10 19
3 23
3 46
1 50
7 50
8 23
2 69
7 38
6 48
6 8
3 74
6 12
3 44
4 90
9 46
3 71
10 40
7 45
8 99
7 37
8 10
9 67
5 14
9 69
4 91
10 89
4 82
7 9
4 8
5 96
4 8
5 39
6 94
9 45
10 99
6 85
8 57
8 95
10 91
9 94
6 41
9 97
2 68
3 71
7 85
3 42
7 29
4 97
5 77
8 46
1 63
3 100
2 53
10 40
9 1
5 43
8 42
8 52
9 15
3 92
5 62
4 48
7 65
9 98
2 25
6 29
6 58
5 23
6 100
5 88
10 11
10 17
10 19
8 55
10 40
2 91
3 92
7 15
7 91
4 59
4 70
4 73
1 46
7 14
2 84
7 11
10 58
1 24
4 42
7 13
9 34
3 83
9 1
10 86
4 80
6 90
2 53
4 46
2 100
4 45
3 19
1 80
10 98
9 29
4 33
3 75
1 78
6 86
3 10
6 2
10 52
5 16
10 96
4 73
1 47
2 24
10 32
5 27
2 83
1 30
6 34
8 96
5 16
1 42
5 100
9 50
7 2
6 33
8 57
10 17
8 17
6 83
1 32
10 36
3 72
6 59
1 19
5 96
1 68
3 40
2 54
8 66
8 47
7 4
4 23
9 59
7 27
6 33
8 9
7 68
2 98
9 26
9 15
4 16
10 81
9 60
8 88
3 79
8 11
5 39
6 46
1 46
5 100
1 52
7 93
4 23
7 48
3 54
10 23
10 59
8 76
5 54
1 66
4 8
9 65
10 21
8 71
9 70
1 17
5 74
3 86
6 36
4 91
7 86
5 41
5 18
10 92
9 2
3 48
3 1
7 54
1 65
10 48
7 76
10 30
5 61
1 14
8 59
4 99
6 16
4 38
8 16
3 66
4 64
10 15
4 83
4 50
8 69
2 95
6 51
6 42
2 39
1 60
2 81
2 44
3 98
5 43
5 9
9 66
5 44
4 89
9 38
10 68
10 99
1 34
4 48
3 79
9 57
9 4
10 81
2 85
10 38
2 15
4 14
8 55
7 62
8 32
10 97
9 69
6 68
4 83
5 62
7 14
3 67
9 51
7 63
3 98
2 94
7 30
3 38
1 10
4 81
4 23
9 20
6 80
1 100
8 33
7 29
1 74
1 13
6 3
6 84
9 37
9 71
6 72
6 90
1 19
7 39
4 82
6 87
8 87
2 80
2 61
4 62
2 13
10 7
1 94
7 12
8 24
4 81
4 65
3 1
6 97
8 98
9 13
9 19
8 15
6 50
3 81
6 100
3 83
3 5
4 51
2 69
10 52
7 84
1 26
2 63
9 9
2 35
3 37
8 8
10 11
10 34
7 55
1 4
10 18
9 27
4 66
5 61
5 92
3 100
5 93
5 37
8 75
5 58
2 68
2 45
6 73
5 14
1 61
7 9
5 56
5 64
1 99
5 44
1 65
10 48
4 36
4 14
8 86
8 7
4 4
5 38
10 38
2 81
7 85
4 43
8 9
8 94
9 50
6 77
9 27
8 74
3 98
1 71
6 31
2 90
1 20
2 92
5 6
5 30
9 22
8 75
7 27
1 83
1 3
5 100
2 65
8 81
9 99
4 7
2 14
8 47
7 80
3 70
2 72
1 51
2 48
5 49
10 24
1 25
5 35
8 70
1 4
10 52
10 95
2 26
3 10
9 50
6 48
7 16
2 61
10 90
1 52
4 79
2 72
10 46
8 9
10 46
8 32
4 48
5 27
1 25
1 68
6 79
7 64
6 15
3 52
7 25
4 80
3 51
5 84
1 31
8 13
9 5
5 76
10 78
8 81
6 96
8 60
2 38
9 25
4 58
5 54
2 46
3 14
3 85
10 8
10 60
9 67
3 50
3 45
4 40
7 59
5 41
3 57
10 50
1 77
7 6
10 91
6 66
9 76
2 68
4 28
9 37
6 39
8 81
7 47
7 3
1 36
1 74
7 28
5 36
4 18
9 90
4 22
3 25
6 100
9 100
7 19
7 54
4 97
2 47
1 85
5 47
8 24
10 63
7 100
6 13
1 3
10 78
7 81
3 71
6 65
6 30
10 62
8 15
3 18
3 19
7 16
10 92
1 99
9 11
7 35
4 99
6 60
2 23
2 77
9 4
6 44
7 93
4 13
2 40
1 84
9 18
8 11
3 2
7 70
5 82
1 79
1 79
4 77
9 9
9 53
5 76
1 63
10 25
7 63
4 24
7 85
10 63
7 40
1 100
2 3
8 17
8 32
5 13
1 27
5 66
3 83
9 10
7 40
3 55
5 37
9 85
3 52
4 14
8 53
1 40
10 100
6 99
9 83
3 25
3 64
10 52
9 64
4 80
10 73
2 15
7 14
8 61
2 9
5 96
10 42
1 13
5 76
3 89
9 8
1 71
5 78
8 15
7 27
1 60
8 92
5 51
7 19
10 50
8 97
7 8
2 52
6 66
8 90
7 86
6 47
10 91
3 12
9 18
4 73
8 28
2 52
2 42
4 72
2 86
1 66
6 71
6 51
5 84
5 41
8 90
8 83
7 97
10 70
3 45
4 86
1 38
3 2
7 13
3 41
9 34
2 86
5 52
6 83
5 40
6 34
2 98
6 13
2 84
4 8
9 81
5 9
9 59
1 52
4 18
6 41
5 94
6 47
8 43
3 91
6 20
7 42
8 53
2 64
5 90
3 62
7 9
7 63
4 67
3 87
3 56
2 57
7 38
1 7
10 49
2 64
6 5
8 38
7 11
7 93
5 17
3 9
6 30
10 76
4 62
3 56
4 68
1 52
1 10
1 21
1 81
9 81
8 83
3 89
7 89
4 88
8 98
2 8
2 63
8 35
2 96
7 62
3 5
6 3
6 90
1 98
6 28
1 64
5 18
7 55
5 3
7 65
10 42
5 18
8 8
9 29
6 53
10 37
5 36
2 66
2 93
3 68
3 69
4 62
10 85
4 40
10 4
7 47
5 19
1 33
6 42
3 2
9 13
4 13
6 80
9 77
10 73
7 77
1 56
3 82
10 94
2 92
2 56
4 46
1 54
3 100
6 28
10 77
9 7
4 74
3 57
9 31
10 4
8 99
3 50
3 30
2 52
6 15
4 43
7 92
5 91
7 12
10 54
9 23
9 5
8 9
5 44
1 32
5 32
9 80
1 31
2 23
3 54
9 66
10 86
3 79
1 50
2 63
1 93
4 72
7 1
4 92
8 32
2 54
7 87
6 87
9 49
3 12
7 57
3 75
6 33
6 48
9 42
3 59
8 37
8 35
2 81
9 13
1 78
2 83
7 30
7 36
1 10
10 14
8 10
2 100
2 59
8 66
4 9
3 22
6 93
6 77
1 27
8 95
3 81
2 44
2 5
1 52
9 42
1 97
3 79
10 48
6 92
6 90
7 41
9 82
8 21
8 13
3 20
3 50
6 41
9 16
9 24
2 25
2 96
3 96
4 29
10 91
8 36
5 40
5 84
6 46
8 85
8 49
5 16
10 30
10 43
1 52
9 3
6 13
1 52
7 81
4 60
1 86
8 48
7 35
2 20
5 59
6 18
3 71
10 75
2 56
5 22
6 72
5 46
9 7
4 75
2 73
9 88
3 91
2 32
3 20
9 47
7 39
10 28
2 75
9 17
9 54
5 3
3 35
2 17
1 55
10 44
8 59
2 25
2 8
6 91
5 83
1 11
9 100
5 58
3 78
3 30
5 18
6 29
9 42
7 7
10 81
8 32
5 21
