9 99
3 92
9 97
8 7
9 40
9 45
5 25
1 46
7 22
2 96
8 65
7 15
10 37
3 98
4 54
1 39
4 81
9 75
7 50
1 85
9 67
10 53
6 14
8 29
9 82
1 84
5 19
1 47
10 48
8 45
2 22
3 11
2 88
6 77
9 14
6 56
3 91
1 17
7 59
6 7
10 85
5 61
9 62
9 43
2 39
1 39
7 33
1 63
9 80
4 27
9 73
9 25
2 1
9 74
7 12
5 43
1 75
2 12
3 22
1 18
3 90
7 99
10 26
6 45
7 41
1 47
5 92
6 96
8 98
9 78
1 18
5 94
8 76
10 96
4 85
9 65
3 92
6 33
7 38
3 67
1 94
8 63
7 90
8 88
6 44
7 7
9 88
6 36
4 7
8 72
8 36
3 20
3 47
4 97
1 4
8 97
3 13
3 58
8 100
7 86
9 56
6 16
6 39
6 53
5 30
3 78
7 1
9 98
9 33
5 60
5 8
3 97
3 77
4 28
4 65
10 42
10 70
8 93
8 2
2 36
8 39
9 86
3 55
5 20
8 12
9 56
5 7
3 61
4 37
4 93
10 78
4 55
2 61
9 86
1 65
4 2
2 96
4 10
1 3
10 10
3 18
6 95
10 92
1 65
7 30
10 62
8 13
7 66
6 63
4 83
2 73
5 90
6 87
5 47
5 60
4 79
7 8
4 8
4 92
9 79
7 1
8 97
4 1
6 75
9 95
8 49
3 70
10 93
8 89
10 10
10 86
8 44
4 54
8 43
5 98
8 1
7 96
10 28
3 95
4 21
6 64
1 22
5 42
5 43
3 7
5 50
8 82
9 16
7 60
2 64
3 42
1 75
4 4
5 86
3 22
7 77
10 48
5 24
2 55
5 40
10 7
6 63
8 68
1 73
1 6
8 32
6 45
6 67
9 61
2 59
1 87
7 30
8 1
3 22
2 45
1 39
8 94
9 9
8 94
7 25
7 64
5 45
10 6
1 95
2 23
5 31
10 60
9 6
1 64
7 8
5 47
9 37
8 7
4 32
2 82
6 40
8 57
1 69
1 86
7 31
4 26
8 2
8 60
4 31
3 41
5 22
7 45
9 45
7 88
3 64
8 40
4 67
5 35
6 67
5 4
7 60
3 73
6 77
3 24
8 49
1 57
2 5
6 28
6 76
7 48
2 82
4 15
7 34
2 73
10 19
2 44
3 54
8 42
3 43
1 71
1 21
3 54
5 39
10 91
9 74
4 54
3 81
2 59
10 69
1 66
9 45
4 87
2 45
7 12
7 7
4 18
8 23
2 68
10 18
2 50
10 38
8 92
8 21
4 93
3 15
10 43
3 77
1 12
9 36
5 38
1 31
4 64
6 87
6 93
1 1
10 74
1 69
9 8
5 22
4 36
7 21
7 37
7 60
7 68
10 96
8 25
6 34
3 41
3 32
10 12
7 4
3 95
5 23
6 68
3 96
8 77
1 6
5 86
9 24
7 98
5 85
5 54
4 21
1 38
10 35
8 24
2 27
5 47
3 67
4 66
6 75
10 3
5 67
5 99
9 79
5 14
9 34
6 51
1 38
4 78
10 15
6 59
8 94
4 64
10 82
8 7
8 12
10 86
8 52
4 44
2 76
10 57
1 84
6 77
9 71
9 77
9 81
5 95
8 74
3 70
4 56
1 3
8 1
2 19
2 81
2 61
6 99
5 90
7 50
2 44
1 42
5 8
6 45
7 54
7 70
4 60
9 8
8 22
5 52
6 61
6 77
4 73
9 12
8 22
6 81
5 4
10 17
8 91
9 14
4 26
3 9
8 50
10 59
3 72
7 88
5 85
7 9
4 54
6 100
4 32
1 89
2 20
6 11
9 33
2 46
10 28
6 57
4 5
8 9
5 20
8 13
3 14
1 72
7 71
2 53
2 100
6 90
10 6
7 97
4 66
9 62
5 56
3 69
6 16
7 13
9 100
10 24
7 52
10 43
3 39
5 53
6 19
3 63
4 5
6 65
4 6
2 53
10 90
6 30
4 40
5 60
4 62
10 63
2 20
1 82
1 19
7 7
4 81
5 52
6 16
10 88
7 82
9 25
1 18
10 10
8 24
2 38
8 68
1 20
6 25
9 36
5 44
7 7
6 64
7 59
7 92
1 43
2 34
1 83
4 12
10 31
10 80
2 6
3 48
1 1
8 32
10 62
9 8
6 77
8 54
3 10
3 14
1 69
5 53
7 22
2 55
1 92
8 61
3 81
10 83
6 16
1 32
5 88
6 96
4 17
6 23
8 82
3 76
6 50
8 31
3 43
10 41
3 96
4 82
2 95
3 46
5 80
7 13
7 93
3 48
5 88
6 46
6 42
10 83
9 26
7 93
9 42
7 12
8 2
10 36
6 19
10 43
8 78
2 48
8 90
9 36
8 4
8 43
1 35
5 79
7 89
10 54
9 90
7 70
4 7
8 70
4 38
7 51
5 96
2 16
6 63
7 64
1 59
10 15
7 65
8 88
10 40
1 46
5 24
7 89
3 72
5 40
4 23
2 26
4 68
7 6
8 47
1 79
2 16
7 9
8 43
10 10
8 38
10 70
7 64
4 26
6 30
2 35
6 40
4 7
1 36
3 89
3 51
3 83
2 11
10 65
2 46
4 1
10 70
1 37
10 29
5 5
1 67
9 26
6 82
9 28
6 78
4 33
3 39
2 3
4 4
3 16
4 94
9 72
8 54
4 68
6 56
4 50
5 1
1 86
7 24
9 76
10 49
9 39
7 46
9 6
8 64
5 54
5 74
4 85
8 61
9 58
8 93
1 73
10 83
8 90
4 56
1 86
1 29
1 98
9 53
5 21
4 13
2 89
8 51
10 90
10 72
3 11
9 47
7 70
2 41
10 22
4 83
7 80
7 11
6 51
6 48
8 77
8 61
8 92
9 5
6 21
6 9
4 100
3 27
9 37
4 56
8 75
7 56
10 36
8 17
3 5
3 2
9 64
1 35
10 28
6 67
9 96
4 93
7 17
7 25
10 65
7 10
8 57
3 81
2 7
3 69
2 37
2 56
6 67
2 59
8 23
6 46
2 56
10 37
6 20
8 92
7 28
3 41
5 78
2 35
10 9
3 37
4 26
6 58
10 22
9 21
3 5
2 18
8 77
2 52
8 79
4 5
4 96
6 3
7 12
8 85
4 74
2 39
1 72
3 7
1 25
7 10
9 48
8 82
10 99
2 94
9 98
1 79
9 26
1 42
8 75
9 45
9 14
5 19
4 80
9 48
8 88
10 8
4 38
2 39
3 94
8 79
8 32
10 27
9 3
8 74
4 30
10 44
6 5
2 19
1 77
5 32
8 34
2 29
8 31
5 49
10 54
2 44
8 61
2 5
7 85
9 69
5 13
7 89
4 15
5 8
2 71
10 73
6 45
2 8
9 98
6 39
7 51
3 95
1 42
9 1
2 61
1 8
9 33
5 29
4 75
9 15
5 23
6 21
9 43
8 17
5 95
7 54
1 32
1 94
7 94
5 70
2 71
9 36
8 1
3 16
3 35
2 39
6 5
6 68
6 26
2 12
9 83
7 18
2 83
6 52
2 97
3 21
6 59
7 75
7 9
7 57
4 58
3 75
9 87
1 99
2 96
9 85
3 14
3 2
1 22
9 69
4 20
4 25
2 69
7 47
2 74
8 93
10 51
8 45
6 99
3 2
10 74
10 53
10 78
5 35
8 10
3 45
7 35
8 40
8 68
2 23
6 52
10 96
8 43
1 1
3 89
5 77
1 29
7 54
4 13
7 32
8 12
4 4
5 85
6 7
5 42
4 84
5 73
5 29
5 90
7 89
6 24
1 11
4 23
4 30
7 11
6 22
10 94
6 30
9 34
5 17
7 45
9 52
1 15
9 9
8 20
5 42
3 64
7 97
10 85
6 64
4 2
5 9
1 41
1 40
6 70
9 84
4 59
10 84
9 74
4 16
3 81
9 9
8 86
7 74
9 42
2 4
3 93
6 73
2 65
6 21
10 34
5 49
5 94
6 97
5 85
6 97
1 57
1 37
6 89
9 51
8 88
4 94
9 5
6 53
6 58
2 53
4 54
9 3
3 79
9 82
2 88
9 25
4 88
8 78
5 42
5 16
1 46
4 43
5 40
1 70
8 63
5 68
1 4
7 63
5 26
9 59
5 4
3 56
7 66
6 96
8 8
2 12
9 75
10 45
1 98
2 87
3 30
5 70
1 91
1 29
8 15
1 56
8 32
4 37
8 83
2 67
9 23
1 68
10 45
9 42
3 98
4 57
6 82
5 87
9 28
3 9
4 98
9 25
9 25
3 57
10 58
4 100
1 48
4 28
9 50
10 85
1 28
7 8
4 30
4 64
1 1
1 58
3 35
2 35
6 38
4 52
1 1
4 29
8 54
4 44
9 92
1 42
10 85
4 47
8 88
4 15
7 46
4 80
8 62
10 20
1 99
6 65
