9 41
2 56
1 56
5 96
10 63
6 20
8 100
9 12
6 72
7 73
4 38
7 31
3 37
5 16
9 9
4 43
6 74
1 73
5 57
1 97
5 64
8 98
4 45
9 100
6 67
4 67
5 53
1 47
1 75
2 1
7 42
7 23
10 52
6 1
3 62
3 68
8 32
2 4
3 87
9 9
10 97
8 90
1 73
8 11
10 85
10 29
2 66
1 48
10 87
9 80
4 47
6 57
5 89
2 58
1 65
5 66
5 37
8 70
3 78
8 66
5 34
5 71
8 100
7 21
10 95
3 83
2 42
8 40
5 92
5 61
8 72
8 65
10 61
5 84
5 37
9 17
5 56
5 35
4 44
1 23
3 71
6 92
5 93
1 8
2 25
10 51
6 47
3 3
4 72
4 31
5 34
10 4
5 89
2 85
10 59
4 98
9 13
10 33
1 12
10 42
5 36
7 10
1 91
10 59
8 9
7 70
5 75
10 10
4 91
10 53
3 80
5 1
5 39
2 21
10 34
6 69
4 24
4 85
3 99
9 22
3 62
4 32
7 74
5 16
7 56
8 11
5 76
6 49
9 67
5 48
6 51
4 75
6 7
8 56
4 27
3 20
8 41
2 34
7 11
7 97
3 77
8 20
2 18
3 45
4 39
1 22
7 48
6 9
9 72
7 39
3 24
9 52
1 79
1 17
7 77
1 42
8 2
4 43
8 30
9 15
9 44
8 68
1 64
10 66
8 42
5 10
6 29
6 7
3 32
9 50
10 48
6 79
1 23
5 40
10 21
5 84
5 2
4 29
8 76
1 40
8 67
7 22
4 10
10 5
10 40
7 35
2 29
8 35
8 40
3 75
6 94
1 3
7 85
10 60
7 31
4 40
8 81
6 61
8 12
9 57
1 27
7 2
6 47
4 32
6 73
6 56
5 14
10 90
4 1
9 39
10 13
1 77
5 65
6 21
6 83
10 56
2 73
7 90
8 91
9 55
3 25
5 23
6 32
7 38
7 22
5 65
8 27
6 16
2 79
1 29
9 57
2 94
4 42
5 71
6 68
7 67
10 90
7 41
9 77
8 30
1 15
6 78
1 72
5 57
10 75
4 33
10 5
10 86
1 97
5 17
9 58
2 82
9 34
4 25
6 40
9 59
7 26
7 59
8 21
6 60
10 49
5 58
1 88
2 49
10 84
9 41
1 18
9 37
9 63
4 31
1 49
9 29
8 9
1 98
1 33
1 20
7 73
1 50
8 12
2 75
1 81
4 9
1 99
3 39
4 35
6 71
8 25
7 48
5 70
4 17
6 60
1 33
1 55
6 47
5 85
4 99
1 18
10 3
10 14
8 85
1 63
7 45
3 59
7 47
6 83
6 79
3 39
7 53
5 83
10 51
8 97
7 78
1 93
9 14
10 54
1 79
3 79
9 97
6 11
6 47
3 53
7 12
6 85
7 90
9 60
8 16
1 47
8 55
10 71
8 38
3 63
5 12
9 67
2 96
1 50
2 11
9 24
4 92
6 23
3 53
4 60
1 77
8 4
10 96
3 28
1 91
1 78
4 85
8 15
1 80
2 63
9 72
8 92
10 3
9 4
3 45
10 13
1 11
6 30
4 83
5 28
8 98
6 94
8 54
3 43
6 31
2 79
7 66
1 25
7 82
7 72
5 35
2 44
4 40
4 93
6 16
1 39
9 77
8 20
8 18
3 43
7 60
8 97
8 88
9 67
3 91
4 20
7 39
8 65
5 49
8 83
10 8
4 45
2 14
5 59
3 26
9 46
7 23
8 26
10 91
6 18
7 56
7 39
6 28
9 76
10 67
9 67
10 19
1 33
7 72
8 56
9 62
8 6
1 56
5 85
3 15
9 34
1 100
4 94
3 99
1 77
10 93
10 54
5 65
8 81
6 99
2 1
1 73
8 89
9 80
4 62
9 67
2 14
9 87
9 20
4 63
3 24
9 99
7 2
2 89
8 31
8 23
7 29
2 32
6 21
5 21
7 94
4 20
10 100
1 9
2 86
1 10
2 17
1 77
3 15
8 32
5 41
8 32
8 29
2 95
2 52
3 65
3 36
5 70
2 14
9 31
9 3
9 78
1 16
7 99
10 52
5 45
2 93
9 51
2 8
5 45
7 43
8 75
8 12
10 48
7 13
5 43
5 87
1 55
1 41
6 98
2 29
1 1
3 72
8 47
9 99
10 15
5 78
5 31
4 67
8 63
10 25
3 51
2 7
10 43
1 51
6 81
7 7
4 76
9 99
10 47
8 100
6 73
1 29
10 37
7 73
8 91
7 58
3 90
7 62
8 76
6 15
5 75
1 5
2 42
6 84
5 69
7 26
1 74
10 16
1 62
3 9
8 19
6 92
5 16
5 16
7 86
4 54
10 82
6 71
7 50
1 92
2 16
6 50
7 7
1 11
3 36
4 39
4 36
2 75
3 73
6 26
6 14
9 70
9 65
8 46
8 80
6 22
5 93
6 35
1 43
8 86
1 85
8 11
5 86
1 35
1 45
7 95
6 48
6 8
10 33
1 41
1 22
6 96
8 74
1 66
2 56
3 100
3 16
1 10
2 76
5 24
8 29
7 80
9 16
7 100
6 92
7 25
1 62
6 17
8 1
6 46
10 31
3 47
7 93
1 16
3 75
9 69
8 32
4 88
7 77
2 90
10 100
2 65
5 21
5 32
3 40
7 87
6 87
9 81
5 24
8 36
9 22
3 32
9 9
2 12
5 96
6 42
4 39
2 6
7 42
8 27
10 53
2 58
9 14
6 92
8 21
4 38
9 63
4 59
2 14
9 67
10 60
5 76
4 71
7 99
4 78
2 4
3 75
9 94
1 89
5 82
7 32
3 94
1 31
8 92
8 38
3 45
7 2
8 100
6 51
3 88
6 21
8 61
4 30
4 99
3 83
8 32
2 94
10 37
7 53
3 61
9 22
7 99
10 98
4 1
7 35
5 30
8 90
6 96
4 43
4 6
7 42
1 58
3 62
1 79
4 59
8 63
3 40
8 76
5 76
10 45
6 60
9 68
1 18
5 54
8 12
1 43
3 43
1 72
5 44
9 35
7 54
5 54
4 30
8 29
9 3
5 86
1 32
2 14
8 29
7 75
8 19
4 56
7 1
3 78
7 28
9 57
8 58
8 66
5 18
4 93
7 76
4 21
3 57
5 5
10 26
5 7
6 35
5 32
1 30
2 23
3 14
9 42
10 54
4 11
1 66
9 20
1 2
10 79
2 14
8 29
7 18
9 26
5 44
10 16
9 7
6 81
5 78
4 73
2 98
6 53
2 49
7 95
7 70
10 22
8 91
4 92
1 13
4 87
5 42
4 62
2 95
6 95
7 53
7 58
2 36
6 7
8 52
3 1
3 64
7 55
10 72
10 29
6 30
8 72
1 37
3 2
3 27
3 44
4 74
4 38
8 46
10 67
6 53
7 75
1 31
4 6
2 61
10 13
1 50
4 3
1 26
8 94
1 39
6 38
7 60
3 88
1 77
5 4
3 82
6 44
5 77
2 31
7 70
10 22
6 77
10 30
1 31
6 13
10 98
7 63
8 6
8 13
8 60
9 45
1 57
2 68
6 59
2 13
1 56
8 88
8 38
3 71
10 98
5 52
8 69
10 12
7 41
7 52
7 80
6 87
2 88
8 76
3 40
3 90
8 42
2 57
8 38
6 67
5 18
10 25
3 96
2 37
2 82
10 58
2 49
5 58
4 30
8 67
2 2
1 60
7 12
10 96
10 61
10 11
4 7
8 64
4 71
4 54
4 25
5 22
8 11
4 39
10 43
8 90
9 81
3 25
9 2
4 78
4 78
4 21
7 5
9 43
2 89
5 87
8 39
4 8
6 85
2 84
3 87
8 84
2 39
1 11
10 16
5 1
7 42
9 2
7 33
9 37
10 26
6 64
10 55
7 17
5 39
1 86
3 99
6 85
7 14
6 80
8 26
2 21
6 92
2 90
10 29
1 83
6 52
4 5
5 49
3 36
7 79
4 8
8 42
6 98
4 90
8 14
10 13
3 100
1 9
8 92
1 83
6 15
4 17
2 5
3 29
5 69
4 67
9 96
3 23
10 38
2 29
2 30
4 32
7 1
3 9
2 18
10 46
4 85
8 85
8 2
10 51
5 5
7 43
9 53
6 76
7 42
8 29
1 92
9 66
7 25
2 44
10 31
5 6
1 44
10 74
2 62
5 8
10 32
1 33
9 14
7 56
1 81
10 38
4 40
7 21
7 46
9 53
3 66
3 19
3 24
2 50
1 87
10 82
6 64
9 75
10 29
2 88
9 67
2 2
2 6
4 89
6 60
1 9
3 9
8 17
7 38
9 37
1 71
8 35
1 75
5 61
9 20
1 70
3 41
7 23
8 65
5 56
8 46
8 19
3 82
9 73
10 9
6 68
3 71
3 42
6 9
1 89
3 84
4 72
7 67
2 25
1 19
4 91
7 24
3 20
