10 69
1 46
6 27
6 69
2 93
1 71
8 62
2 31
8 2
7 40
10 96
7 55
8 32
7 61
2 41
10 42
5 39
6 14
6 87
7 7
6 40
10 87
8 26
7 74
4 50
8 93
6 18
1 55
10 55
3 41
1 17
4 22
7 94
1 48
6 55
4 98
9 16
6 11
2 75
3 24
1 65
8 58
3 1
9 43
10 2
3 11
2 76
2 87
8 78
5 89
2 79
3 55
2 38
4 51
2 57
6 76
8 79
9 73
5 58
5 18
5 81
1 71
2 61
1 20
1 7
2 90
8 6
6 90
10 71
8 100
9 31
8 12
1 88
10 92
6 52
3 61
8 27
6 9
4 16
8 6
2 60
7 94
4 92
10 26
4 5
2 53
9 9
9 21
8 91
3 61
10 95
3 16
2 2
3 81
8 18
3 5
10 11
5 65
4 17
4 12
8 33
4 37
3 19
7 62
2 70
8 43
10 36
1 10
1 68
10 56
7 35
4 72
6 67
2 75
4 23
4 48
6 83
5 10
5 50
1 21
5 47
10 74
3 63
9 48
2 27
7 84
9 37
6 100
1 3
8 36
10 15
10 49
9 10
4 88
6 6
8 23
1 96
10 31
3 90
10 38
9 33
1 95
7 83
2 73
4 56
7 80
3 83
1 56
6 48
9 13
4 90
4 43
1 79
10 100
7 39
9 55
9 15
8 52
7 38
4 22
4 11
8 72
5 86
6 81
8 60
2 10
3 10
5 67
3 85
4 39
5 78
4 20
8 49
2 43
4 40
5 60
10 90
8 75
1 57
10 63
8 61
4 72
7 19
4 100
4 39
7 66
10 90
7 33
9 47
2 84
6 88
6 63
9 46
3 21
5 67
7 39
2 77
3 26
2 96
6 77
9 15
9 11
8 47
9 53
9 77
9 91
9 23
5 66
2 7
9 38
2 65
7 93
6 30
5 32
8 49
6 12
9 34
4 78
10 30
7 1
7 51
5 37
7 96
3 34
7 65
5 70
8 29
3 64
5 73
5 26
9 83
4 18
10 43
3 21
8 98
4 52
9 64
2 57
8 8
6 74
3 72
1 13
9 90
2 77
6 86
6 92
5 97
4 6
4 44
9 53
10 79
10 92
5 42
1 6
8 58
8 76
2 87
5 36
7 5
2 91
6 62
8 10
4 8
5 41
4 52
4 39
4 46
9 74
8 64
10 6
1 54
5 6
7 76
8 77
7 77
5 11
9 74
9 93
2 31
2 3
7 42
6 37
2 63
4 45
3 85
10 37
5 29
5 20
8 49
3 14
10 3
10 77
2 45
10 68
7 11
1 39
2 44
10 25
6 20
8 99
1 74
1 89
9 66
8 23
8 64
10 70
6 29
10 69
2 58
6 23
1 35
4 62
6 20
10 66
6 88
5 21
1 59
7 35
5 46
9 71
9 83
3 85
3 38
6 14
4 81
1 98
4 71
8 68
1 20
2 25
10 60
5 10
5 97
1 32
10 88
2 40
4 7
7 79
10 75
2 93
2 69
7 61
1 76
6 25
1 98
9 4
10 66
5 24
5 78
7 87
2 69
6 5
1 45
6 33
2 35
8 81
7 48
1 12
2 69
9 32
3 43
6 40
2 77
2 12
6 27
6 100
4 31
8 91
9 99
3 49
7 55
3 35
1 8
5 24
6 98
3 29
10 23
3 30
7 66
8 81
9 43
3 63
10 29
8 17
9 34
4 89
4 90
2 79
9 23
9 71
5 4
6 30
7 90
8 45
9 84
10 37
7 44
6 60
1 56
7 24
10 66
5 44
4 96
9 17
4 7
6 31
8 75
3 45
10 100
10 97
7 20
7 1
2 45
5 7
4 54
6 96
5 78
1 22
1 86
2 12
3 41
7 83
3 66
3 62
8 48
5 30
7 81
5 28
7 93
8 77
5 71
5 5
1 76
1 27
6 87
7 41
9 49
2 23
10 5
9 10
7 16
10 8
10 31
2 75
1 30
6 53
7 34
6 54
5 91
7 100
3 88
4 95
10 35
3 91
3 40
7 1
3 82
9 96
8 7
7 82
5 26
2 42
7 83
8 64
2 34
3 51
10 28
3 31
4 27
2 100
7 52
7 83
5 96
4 32
6 24
1 52
1 27
8 58
1 63
2 18
5 70
4 62
8 27
9 13
2 77
10 65
7 53
3 83
7 64
2 78
1 3
6 51
3 71
6 45
9 77
4 33
10 12
6 64
9 62
3 80
2 68
4 69
6 77
2 58
3 55
4 69
1 27
3 80
4 91
1 37
1 97
5 33
10 90
8 1
10 24
3 97
4 82
2 6
1 95
7 92
4 14
4 57
2 85
9 58
8 3
5 35
1 96
1 81
9 13
4 69
7 26
1 48
3 21
4 7
4 84
7 40
3 79
10 34
10 79
2 47
3 11
6 12
2 18
8 86
6 77
8 68
6 3
3 68
1 39
3 8
5 98
7 79
7 95
9 57
7 84
4 83
9 31
3 15
1 37
6 8
9 86
3 59
5 95
7 34
9 18
10 90
10 85
3 93
7 46
9 44
7 57
8 40
4 74
7 32
10 51
5 87
9 60
2 20
2 79
5 30
4 79
1 7
8 36
3 77
1 39
6 89
4 100
5 48
1 86
10 23
8 8
9 66
5 59
1 5
5 47
6 67
7 22
2 61
2 67
5 28
3 32
1 91
8 45
1 27
4 98
8 92
6 19
4 53
6 90
4 57
1 57
7 38
10 87
9 91
2 62
6 89
8 76
7 26
7 11
1 71
9 53
10 4
6 4
6 18
8 83
10 12
4 51
4 35
1 70
3 1
1 90
5 37
4 22
4 82
6 42
8 34
9 12
4 37
5 32
7 75
3 4
3 38
9 41
3 25
3 95
7 39
3 51
1 32
5 8
6 7
8 95
8 84
10 20
5 17
9 34
2 44
2 35
3 28
6 2
9 61
9 98
1 77
6 84
6 54
8 24
2 10
5 13
5 46
7 83
2 47
8 11
3 27
8 78
3 96
5 54
7 39
10 58
1 64
10 9
8 46
9 31
10 97
4 80
4 16
2 82
6 31
6 70
9 30
7 90
4 80
3 26
4 54
5 1
3 70
1 95
7 5
1 9
8 58
9 5
10 70
8 5
2 61
5 55
5 5
9 55
8 39
8 25
2 43
7 41
10 9
4 77
9 18
7 42
8 72
9 31
5 31
9 80
1 13
5 55
1 73
9 1
3 61
9 91
5 9
1 47
7 56
7 79
2 6
2 2
2 35
6 35
9 100
6 55
8 48
2 45
7 14
8 32
2 70
1 89
6 78
3 56
4 75
3 82
1 9
10 13
2 40
9 76
9 81
8 17
10 37
2 26
6 24
5 44
3 34
8 99
6 40
9 98
6 62
9 82
6 78
1 3
6 29
8 27
10 13
10 16
10 55
9 85
5 78
8 65
4 26
6 43
5 91
2 74
5 42
3 9
2 58
4 43
4 11
1 71
3 73
1 26
2 4
5 46
6 61
10 18
6 48
7 63
3 84
4 100
3 73
2 33
2 81
10 43
10 95
2 80
10 8
2 45
9 100
6 66
8 53
7 17
4 78
5 23
9 79
4 48
9 17
8 78
2 91
10 1
8 88
3 91
1 3
8 59
4 81
4 96
4 89
8 24
8 15
8 22
10 40
10 94
7 57
3 63
9 95
5 79
8 46
8 27
1 22
6 29
4 40
7 1
2 62
5 52
10 31
10 32
9 78
9 85
10 37
7 32
10 33
3 91
1 65
1 84
7 41
5 36
4 86
9 92
8 59
5 34
7 7
9 94
8 78
3 11
9 49
10 26
7 75
4 90
5 66
8 71
1 99
8 70
5 50
3 61
9 38
7 56
7 53
9 43
1 31
9 10
4 38
9 4
2 99
3 40
2 95
6 36
9 89
2 4
4 4
9 97
8 36
6 95
5 99
3 24
5 98
8 20
5 54
10 31
6 73
1 81
1 62
3 78
1 78
1 77
2 56
2 27
7 28
10 51
8 59
2 8
9 71
9 51
2 31
2 77
1 43
1 77
5 58
6 85
5 99
6 11
2 58
7 60
9 92
1 80
1 43
10 3
5 34
5 48
6 4
6 53
6 59
1 8
8 23
3 37
9 40
5 73
2 94
6 3
1 9
10 37
1 10
4 34
1 54
5 27
7 49
4 65
6 9
6 42
10 1
10 19
6 97
1 90
9 37
2 12
1 46
10 8
9 93
8 40
1 23
4 96
7 30
10 85
1 7
7 63
5 32
6 79
5 17
2 4
5 22
10 44
3 28
3 48
8 14
7 6
3 3
3 71
8 99
8 5
4 11
7 6
4 93
1 32
3 76
3 13
2 96
4 23
2 91
3 24
7 50
7 71
5 88
1 96
8 8
3 62
9 61
8 69
6 58
8 50
4 20
3 27
1 41
2 51
5 83
9 54
7 10
5 51
10 39
4 79
5 82
6 20
9 6
