3 45
8 13
8 40
6 88
2 28
9 66
5 59
9 66
9 48
9 28
5 95
1 17
1 38
1 84
10 100
6 95
8 24
2 27
2 33
3 17
8 53
7 75
8 77
4 35
10 72
5 74
7 36
2 60
8 46
1 8
8 1
10 39
7 82
8 43
8 87
5 18
3 58
10 9
8 57
8 16
1 65
5 88
8 8
6 24
7 69
5 99
10 18
6 10
7 64
6 39
8 94
8 31
10 75
2 22
7 52
4 94
5 91
9 68
3 16
3 90
5 93
3 14
8 75
7 64
2 96
1 13
2 99
8 16
3 32
5 65
8 5
6 24
7 34
9 80
7 83
1 82
1 51
9 10
5 29
2 24
3 18
4 92
4 5
10 24
9 41
4 79
5 5
9 67
8 6
6 71
8 17
7 83
6 36
2 2
10 80
1 27
6 84
8 44
1 57
1 48
2 26
7 50
7 19
4 51
5 51
8 9
3 27
4 23
9 22
7 14
9 82
9 77
6 9
3 77
3 58
5 39
9 62
5 72
3 68
1 24
5 97
5 14
10 32
6 11
9 46
2 94
9 57
2 41
3 61
2 27
7 100
6 38
6 39
4 3
1 46
10 97
7 19
2 50
4 49
4 14
3 92
1 82
1 93
2 52
2 67
8 31
6 4
3 41
2 39
10 29
5 52
10 26
4 43
9 54
5 45
5 86
6 32
6 99
1 45
9 10
7 97
8 3
4 1
1 95
7 87
10 5
1 75
2 61
1 7
10 33
2 56
9 68
4 29
4 71
7 45
5 22
3 97
3 89
2 76
2 81
8 72
10 7
7 14
10 12
2 72
1 6
9 15
8 63
2 5
4 4
3 94
2 5
9 36
4 60
9 16
3 3
2 84
5 24
3 22
10 80
6 31
6 59
6 13
1 20
6 34
10 9
7 11
5 83
10 78
10 60
3 5
1 52
4 28
8 46
1 49
9 32
7 70
7 28
7 59
5 95
1 86
4 46
3 77
1 31
5 55
2 29
10 40
10 53
7 52
8 55
7 6
4 61
10 34
2 63
2 68
8 67
7 91
1 31
9 79
4 74
7 63
3 23
10 68
2 82
10 87
8 6
3 78
4 43
7 87
4 29
1 8
9 45
5 39
6 81
4 97
8 75
1 62
5 23
7 26
8 74
4 83
9 99
2 16
7 5
5 37
4 15
4 80
9 65
1 64
7 42
8 100
5 39
4 48
1 24
3 77
3 10
9 31
3 66
9 13
7 20
6 35
1 36
7 83
10 30
4 47
2 12
8 20
5 50
9 81
5 94
4 14
9 86
1 78
8 31
10 12
3 48
6 7
6 48
8 82
6 49
4 32
5 26
4 43
8 20
6 40
1 81
7 51
2 53
9 6
8 34
10 17
8 92
10 16
8 67
6 60
8 10
2 83
5 100
3 91
1 72
8 19
8 97
9 31
7 4
5 29
5 44
1 17
7 25
4 29
7 33
1 70
5 4
3 8
3 34
9 56
7 43
7 60
7 18
2 35
1 67
9 4
7 12
9 55
6 15
2 39
8 26
2 66
3 40
8 98
3 20
5 61
10 72
8 33
6 89
9 93
3 69
10 80
8 42
10 87
1 29
3 39
7 39
1 39
1 53
6 51
1 71
5 6
6 88
9 88
5 4
6 49
7 75
4 39
9 30
1 22
9 28
8 35
10 59
8 86
1 1
8 29
4 33
2 71
8 3
9 18
1 93
2 78
1 21
8 38
6 16
2 92
6 48
3 80
2 34
2 70
6 62
1 50
2 100
8 62
5 1
8 31
4 91
5 72
3 62
7 45
5 40
10 64
5 64
2 38
9 8
5 28
5 72
5 4
1 27
5 100
6 29
8 99
6 90
4 4
9 15
4 11
3 15
7 42
5 5
6 61
2 5
7 18
2 4
9 68
7 18
7 63
5 32
2 2
8 94
1 73
5 27
1 46
5 31
1 90
6 79
5 73
10 57
6 99
5 86
5 27
8 9
8 82
8 97
6 48
7 4
4 75
6 12
2 41
3 82
2 5
5 65
9 33
1 1
7 76
5 78
8 7
10 25
8 70
8 33
2 4
7 50
5 71
6 48
4 23
3 47
7 15
6 28
5 75
7 7
9 100
5 71
1 61
5 72
7 18
4 16
1 44
8 62
10 97
6 19
8 18
7 66
2 15
6 7
3 25
2 77
10 100
9 2
2 65
9 20
8 11
2 65
8 46
4 19
3 87
1 18
5 48
4 64
8 45
9 24
8 45
5 90
2 75
2 38
10 78
4 16
5 32
2 89
3 20
8 61
6 24
3 5
4 34
3 71
1 45
10 45
5 49
10 50
5 93
2 21
9 86
10 64
1 13
3 64
8 44
7 72
7 37
4 28
7 84
10 41
7 44
10 50
9 90
1 77
1 83
6 48
7 32
9 32
2 95
10 73
6 51
5 8
6 16
9 26
2 26
5 100
6 2
1 28
6 49
2 24
7 52
5 54
1 35
8 84
10 65
10 85
5 9
10 18
7 89
3 76
4 100
5 74
5 6
8 75
5 60
3 65
4 20
9 17
2 76
5 57
4 63
1 92
1 70
1 53
10 18
5 53
8 66
2 30
4 32
5 51
6 96
6 22
2 24
6 86
5 76
6 66
2 78
1 41
1 82
5 12
2 1
1 34
1 40
6 29
6 77
10 3
4 56
2 6
6 72
5 20
7 5
6 82
9 82
3 17
7 77
6 45
9 74
1 27
5 54
2 73
6 76
10 8
2 6
3 41
8 87
1 100
5 76
8 31
4 77
4 68
4 43
4 12
6 8
4 27
3 59
1 56
2 61
6 9
8 57
1 75
3 1
8 58
10 9
8 72
3 34
9 97
2 91
1 67
7 87
5 63
4 45
4 36
6 53
1 35
2 56
5 53
1 26
7 74
5 96
8 10
2 78
2 85
10 67
8 11
5 60
8 19
7 22
6 95
8 79
9 62
7 81
1 21
7 27
3 95
7 29
8 7
7 75
9 24
8 33
6 97
4 66
1 83
6 79
7 48
10 100
2 53
5 30
9 25
5 88
2 53
1 32
9 49
4 60
8 41
1 11
7 12
2 50
6 78
9 65
3 39
2 35
6 46
4 53
9 12
3 4
6 46
10 48
8 78
7 70
4 89
10 43
3 64
9 3
1 36
3 22
8 53
6 69
7 66
3 60
3 70
9 35
8 72
10 31
1 36
2 20
10 56
10 50
1 97
10 30
10 31
1 67
8 44
10 48
5 44
4 44
5 3
1 46
5 96
10 63
2 2
1 83
5 13
8 92
10 3
6 45
2 13
8 64
10 54
8 51
5 90
8 49
6 71
7 76
1 85
10 98
6 57
2 10
6 77
1 33
6 18
1 3
2 50
7 88
8 70
1 60
7 41
7 95
10 67
7 57
7 4
9 98
4 91
10 2
9 91
8 33
5 71
3 53
6 40
3 45
4 36
2 95
2 68
4 86
5 61
5 38
2 85
3 40
6 86
8 77
2 1
10 44
7 100
5 73
10 97
1 18
7 68
9 72
7 84
3 49
9 35
9 26
4 3
9 16
8 40
10 98
5 32
2 77
3 83
6 39
1 69
1 78
6 90
3 48
6 81
9 42
1 32
3 82
9 47
6 6
10 11
3 70
3 11
8 30
2 95
6 10
10 14
7 31
1 98
9 42
8 10
1 44
8 96
5 13
8 76
1 42
9 74
7 23
7 92
5 22
4 52
10 58
4 2
6 99
10 97
5 63
3 92
2 10
6 75
9 43
6 72
1 96
6 65
2 57
8 24
5 52
7 63
9 20
3 57
2 67
7 94
8 98
1 27
1 18
6 18
8 41
5 33
1 4
9 65
1 7
4 34
5 9
6 98
7 71
1 85
6 60
9 37
6 60
4 18
1 78
2 79
4 71
4 63
8 77
6 12
4 53
3 92
3 69
1 11
7 91
1 64
8 16
3 98
7 44
4 66
1 27
10 24
4 51
5 60
3 33
4 100
2 68
3 31
4 69
10 61
7 53
2 82
1 56
3 1
7 98
3 11
6 41
9 36
5 99
9 82
3 74
9 7
7 71
4 78
2 75
8 40
2 88
10 48
3 55
8 54
10 11
4 96
1 32
6 79
3 15
5 69
1 82
1 67
5 82
10 63
9 56
2 40
6 85
8 38
5 99
4 18
10 30
2 98
5 8
7 61
5 6
3 10
8 59
1 11
6 66
4 47
4 59
6 9
2 67
8 60
10 31
5 71
1 88
9 48
5 33
8 50
8 12
4 85
10 42
6 8
10 78
2 33
7 18
10 87
2 43
4 69
7 15
4 39
1 88
6 44
7 26
4 39
4 14
8 26
2 59
6 72
9 11
3 94
4 8
7 59
10 100
8 90
7 62
7 37
6 46
4 96
8 33
9 70
3 31
5 100
2 46
7 25
9 32
8 90
2 16
10 60
10 58
6 2
9 90
9 97
10 7
4 8
