1 15
3 8
2 67
8 91
10 47
5 77
2 80
7 92
10 44
9 1
4 78
1 62
3 93
9 42
9 77
10 40
10 5
10 93
9 91
9 23
9 97
8 74
7 76
8 69
7 12
3 7
8 12
4 56
5 56
2 88
7 49
5 2
5 60
4 45
5 35
2 52
10 33
4 56
4 13
9 33
3 59
5 74
5 99
2 73
8 39
9 11
1 19
4 88
3 52
7 52
10 14
1 59
2 51
5 39
6 86
7 35
8 41
3 74
7 19
7 86
2 37
5 17
9 64
10 47
9 80
8 51
9 9
8 31
2 67
1 9
10 20
7 20
6 89
9 28
9 21
10 23
10 88
9 49
5 7
1 27
4 94
3 24
8 23
1 13
9 29
8 63
4 78
7 28
4 57
8 30
2 80
8 96
7 46
7 31
1 21
9 36
9 16
2 69
9 32
7 17
2 25
4 74
10 80
2 2
8 63
10 26
10 49
7 72
4 56
9 55
5 89
5 21
2 59
5 37
6 57
5 62
10 6
8 85
4 11
5 63
8 52
7 71
8 67
2 67
10 18
5 57
7 40
2 7
6 8
10 100
1 45
1 65
3 66
2 35
8 86
6 98
9 36
9 29
1 22
8 71
4 44
6 46
3 77
3 41
5 85
9 18
6 45
3 74
8 67
6 99
3 98
1 93
2 67
9 16
7 71
5 54
9 10
3 28
3 24
4 8
4 35
9 91
3 52
1 36
9 47
1 54
10 86
7 66
10 53
2 33
4 2
9 48
4 12
10 73
7 42
1 8
1 42
8 83
8 70
1 28
1 52
9 45
9 18
3 45
2 70
10 78
2 73
3 27
10 2
10 44
6 82
5 80
1 14
10 95
3 100
7 50
2 7
6 29
1 67
9 11
6 50
2 69
7 74
2 41
2 35
9 33
10 28
3 13
1 58
3 22
8 78
8 97
3 24
8 88
1 36
2 68
9 65
8 85
10 29
4 6
5 93
3 5
8 25
7 47
10 12
2 96
1 90
10 46
9 19
5 60
3 70
3 84
7 42
2 66
8 61
10 8
7 66
5 14
8 77
7 89
6 70
6 97
4 6
4 45
7 48
9 64
8 92
8 6
1 35
9 36
7 58
10 93
7 76
7 42
3 58
10 16
1 70
1 93
1 74
3 57
6 87
6 36
2 50
3 63
4 58
6 79
2 97
9 41
1 97
10 67
9 43
3 48
8 22
2 16
6 81
7 27
1 24
7 41
6 53
7 22
9 81
9 52
4 57
10 66
4 10
8 79
8 9
7 64
10 96
1 99
8 35
5 7
1 18
3 65
10 61
1 80
8 46
2 73
3 66
9 97
8 63
7 1
9 58
2 73
1 42
8 57
7 13
4 16
5 43
1 98
9 68
7 85
2 42
10 88
4 65
3 45
8 72
10 41
4 41
8 43
3 1
4 42
8 22
10 51
2 13
10 91
3 92
8 73
2 41
5 24
9 57
6 88
6 73
6 12
6 35
4 93
7 65
5 14
8 22
7 84
9 98
7 7
2 49
8 31
7 51
1 33
6 43
8 59
6 50
5 76
1 3
5 96
8 30
6 49
7 38
8 50
5 4
2 53
4 34
1 83
7 36
3 83
5 70
6 38
3 31
5 55
9 82
7 48
5 80
4 87
4 57
8 42
2 64
10 86
5 51
9 15
6 40
4 83
5 75
7 92
3 67
1 60
2 75
6 48
6 74
3 25
4 68
5 35
7 18
7 71
9 37
8 97
5 82
2 51
6 97
5 94
10 8
5 3
5 94
6 81
6 38
3 69
3 98
5 54
4 30
7 53
4 79
10 6
1 64
1 13
1 20
3 15
5 60
6 76
2 36
9 82
5 58
2 97
1 84
5 3
8 36
5 83
7 93
3 53
5 84
6 16
10 5
2 61
7 72
4 91
10 44
3 85
6 20
5 4
10 97
10 54
7 12
9 56
6 88
5 7
6 32
9 88
9 31
8 13
10 25
7 53
1 47
9 15
7 50
9 78
4 89
6 18
2 41
6 54
6 36
8 68
2 18
4 1
9 90
4 90
8 97
8 52
5 44
4 63
9 13
4 43
2 53
10 24
2 53
2 5
5 23
1 27
5 3
10 48
4 39
8 46
4 5
10 74
8 24
10 95
5 9
10 40
1 60
5 71
10 51
9 91
7 83
4 13
2 59
6 35
7 46
2 34
10 61
1 82
1 13
3 8
4 63
5 83
1 43
1 48
6 62
9 25
3 40
4 82
10 6
8 48
2 2
4 37
10 89
3 24
10 10
9 5
10 77
2 94
5 65
7 11
10 31
8 28
1 21
4 69
2 72
4 18
3 79
2 16
7 28
1 56
8 64
2 84
9 23
6 52
6 2
5 8
5 42
9 67
8 14
8 31
8 45
3 68
2 49
10 23
5 100
7 91
10 25
2 30
9 99
7 89
4 79
7 78
4 68
1 6
5 68
8 32
9 65
9 65
4 49
1 6
3 36
8 15
10 49
4 30
10 72
7 13
4 39
7 13
3 3
5 21
8 46
1 7
10 47
5 86
9 63
4 68
1 83
8 78
10 3
8 90
7 85
1 29
6 19
9 55
6 40
4 96
1 77
6 81
6 5
3 52
8 29
5 5
9 82
9 7
4 11
3 71
9 4
4 27
2 46
3 30
4 62
6 68
8 44
2 82
7 53
1 96
2 2
10 23
4 14
10 82
8 22
10 32
5 71
6 77
7 96
2 39
4 79
5 99
7 39
1 17
10 97
4 89
5 55
7 72
10 49
3 47
8 19
9 90
10 12
7 98
7 78
1 73
5 86
10 71
2 51
1 23
7 23
1 67
1 2
2 81
7 4
3 82
6 66
1 85
9 37
9 62
5 23
8 1
3 14
7 39
3 3
9 4
5 16
10 30
10 63
7 61
6 71
7 92
10 88
1 17
8 47
3 81
3 48
7 15
3 13
6 35
2 48
8 71
7 20
5 90
9 33
3 1
10 6
10 39
4 84
3 81
8 46
2 7
5 36
10 46
9 1
1 95
5 49
6 81
4 27
5 19
9 68
5 73
4 65
5 17
3 31
1 77
1 42
8 25
5 75
1 59
4 67
7 32
9 18
5 81
1 29
10 54
9 56
7 92
1 20
5 69
6 20
10 31
7 7
9 53
9 78
6 46
6 96
7 16
3 40
3 88
4 30
10 42
8 71
1 39
1 86
4 15
3 20
7 9
7 36
6 1
5 52
2 14
8 70
3 85
5 14
8 82
2 17
8 70
2 78
3 74
3 33
10 7
3 46
8 71
7 67
5 72
8 2
7 60
5 62
10 30
6 73
6 39
3 56
9 36
9 67
9 72
5 39
5 2
1 94
3 75
7 23
8 66
6 79
6 48
2 60
10 75
4 56
10 26
2 85
9 20
1 21
9 58
4 6
1 54
1 73
9 75
8 99
8 3
10 76
8 65
8 15
5 32
3 43
6 28
8 46
10 68
5 81
2 88
7 48
8 89
8 62
3 63
1 52
4 72
10 99
3 36
10 37
2 41
8 15
1 36
2 93
3 9
5 98
8 5
3 34
10 30
2 14
3 53
1 87
8 3
6 55
10 81
9 5
8 63
7 32
4 31
10 7
10 68
6 92
6 34
6 88
8 17
1 36
2 79
5 2
4 90
1 5
2 43
10 66
1 64
7 88
7 77
9 37
5 44
8 20
9 34
3 54
8 34
7 56
7 57
4 74
5 4
5 76
5 91
4 86
3 34
6 93
7 86
2 81
2 29
10 94
1 27
3 92
2 54
8 87
4 61
3 59
6 17
7 5
9 40
6 87
5 44
4 67
3 21
10 8
3 3
4 40
7 43
9 34
7 71
10 4
3 5
8 77
1 33
8 86
7 88
5 22
3 74
5 13
3 15
10 17
6 78
8 100
4 62
10 11
5 91
7 80
3 97
8 64
8 12
2 98
10 13
1 39
3 52
1 71
1 7
5 90
7 86
4 34
10 85
3 57
8 97
7 34
9 94
3 55
10 55
1 22
6 7
7 47
8 79
6 26
6 78
5 18
8 92
4 29
7 76
2 27
6 81
6 90
7 24
6 8
5 77
1 21
7 59
3 8
3 45
4 5
9 72
10 88
3 19
6 69
2 39
9 32
1 63
8 1
2 23
9 10
7 5
2 24
6 65
2 18
2 84
10 40
8 84
8 38
8 39
4 39
7 81
8 1
1 7
7 14
9 70
9 16
9 65
4 50
6 13
8 15
1 39
2 60
9 35
3 14
5 28
6 14
3 47
7 59
3 34
5 26
6 10
10 19
8 64
9 19
3 66
4 18
3 86
9 93
1 5
4 2
3 82
6 71
9 96
1 16
1 34
9 16
3 11
7 72
4 95
1 12
2 33
2 46
6 85
7 53
9 57
10 72
2 9
6 77
3 49
9 1
5 65
9 28
9 52
6 65
1 72
4 72
2 49
10 37
10 52
8 42
10 68
