6 73
2 83
8 83
8 33
3 100
7 30
6 46
1 78
4 77
7 94
9 88
2 6
6 58
1 47
9 62
3 26
5 3
8 92
5 25
2 1
5 81
6 38
1 27
8 75
10 39
10 14
1 61
8 95
6 78
9 5
10 56
5 98
2 2
7 43
5 6
7 91
8 4
7 55
5 76
9 70
1 87
10 83
7 27
2 72
2 49
8 1
4 65
5 34
1 57
6 26
8 55
8 91
9 33
4 23
2 78
2 93
7 55
7 48
1 95
8 88
3 84
8 59
9 4
8 12
9 50
3 60
8 67
4 93
10 43
7 60
9 40
4 26
10 81
2 76
9 24
10 72
4 92
4 96
1 50
5 18
10 35
8 13
5 54
9 36
6 20
1 81
10 6
8 46
1 78
8 92
7 59
4 67
4 79
8 47
6 78
9 36
9 29
2 90
2 77
4 97
3 99
4 10
8 61
10 20
1 14
3 81
7 71
4 54
1 38
4 79
3 61
10 99
10 56
9 5
2 47
8 23
10 75
8 32
3 40
4 37
9 98
4 44
3 56
9 25
6 45
8 66
2 73
8 79
6 32
6 36
1 36
3 99
8 18
2 57
9 27
1 5
1 40
7 79
1 43
9 76
3 32
3 31
4 9
7 60
6 53
9 41
4 9
5 29
10 34
3 47
7 11
1 87
5 20
8 28
8 83
3 2
5 66
2 71
2 66
7 25
3 43
8 74
4 78
7 85
3 100
1 1
9 84
9 36
6 24
6 74
2 21
2 40
8 69
9 48
4 30
6 91
4 94
8 2
7 98
8 66
2 52
4 39
5 85
6 92
2 27
9 81
2 52
10 25
9 92
5 99
5 21
9 5
6 58
2 25
8 73
5 96
6 58
3 61
7 46
6 58
8 29
10 61
2 92
3 54
10 10
4 73
10 10
1 76
10 42
8 60
7 27
4 21
4 42
10 7
10 95
10 95
9 41
3 51
7 2
4 47
2 97
4 77
3 85
6 88
6 8
8 1
5 45
9 75
7 68
6 18
7 29
2 58
3 61
2 58
7 1
6 67
7 11
6 15
8 31
10 92
5 62
7 62
4 75
1 79
1 68
7 20
2 16
5 25
6 95
10 61
8 10
9 51
2 45
7 71
7 71
8 66
1 57
3 2
5 100
5 92
8 1
7 7
3 74
4 86
7 36
10 50
2 28
2 39
2 67
3 90
6 65
7 63
5 98
3 9
2 32
1 43
9 49
5 86
3 62
3 81
9 84
4 40
2 19
10 66
4 53
2 58
3 78
6 94
8 67
7 39
5 63
7 72
4 22
6 33
7 57
10 27
1 91
4 99
7 56
7 49
1 15
7 21
2 97
5 69
3 9
1 52
4 39
2 82
8 86
2 48
5 33
6 4
6 13
5 100
9 18
7 96
6 81
4 61
6 7
8 33
10 100
4 5
5 41
3 94
2 27
9 87
9 46
8 92
3 78
5 61
10 86
9 3
4 51
1 56
2 95
8 37
10 24
3 52
4 7
3 20
4 38
2 35
7 99
2 94
9 62
10 44
7 51
10 65
6 28
3 46
8 98
6 6
10 8
6 75
5 32
10 43
9 11
7 47
4 24
3 75
8 97
1 16
5 69
2 98
1 62
9 41
3 59
4 80
9 46
3 5
1 77
6 4
7 74
7 38
8 53
10 86
6 14
9 25
4 25
2 11
3 55
3 26
1 14
6 94
2 32
3 50
6 57
8 43
9 51
2 58
2 79
7 9
6 75
4 7
5 50
6 76
3 13
7 62
2 12
1 5
8 84
2 74
7 72
3 83
6 22
6 83
8 38
6 61
8 46
8 74
7 41
10 69
9 86
3 84
3 20
8 49
8 44
6 30
10 95
5 13
3 87
2 7
3 53
4 1
1 17
10 11
10 29
8 5
10 55
4 43
8 71
9 77
1 38
2 36
7 73
3 45
1 97
2 19
9 68
4 91
9 86
10 41
1 23
10 37
6 64
7 53
8 80
1 6
8 80
7 34
7 47
10 42
9 78
5 44
10 44
10 76
5 58
6 95
10 26
10 49
2 45
10 18
5 23
5 8
4 95
5 47
8 100
2 65
6 80
4 89
8 28
6 15
9 69
2 79
8 78
2 72
5 42
5 68
9 65
1 94
10 11
4 51
1 97
3 25
10 65
7 62
3 96
5 13
4 99
10 4
7 8
2 35
10 71
3 97
8 65
2 85
5 96
9 50
3 17
2 76
7 15
8 79
7 25
10 34
7 24
10 31
2 59
6 94
1 88
5 71
8 28
4 8
10 94
2 88
4 36
8 47
2 43
5 52
2 26
2 34
5 16
6 50
1 51
5 92
2 40
1 64
1 61
5 45
5 12
1 30
6 35
3 81
5 61
7 62
8 60
3 36
1 10
2 87
10 29
9 2
2 69
9 23
9 24
9 50
9 20
9 87
9 65
7 100
2 9
5 63
3 22
5 4
2 88
4 20
9 24
1 99
8 45
5 28
2 94
6 79
4 76
7 94
5 38
1 13
8 75
5 29
9 1
6 20
9 20
2 75
4 13
4 56
1 25
4 55
6 26
10 21
5 38
3 97
10 83
6 44
3 3
7 23
2 8
8 98
9 28
2 3
1 79
10 41
8 22
5 81
6 57
8 64
6 88
5 87
6 16
8 12
10 76
7 57
3 31
3 67
3 98
1 68
6 91
6 66
5 34
8 45
6 70
7 92
8 91
2 81
1 71
10 46
2 32
8 79
10 67
2 34
6 27
3 59
9 20
4 90
8 78
5 34
3 81
5 16
6 76
6 17
3 67
7 5
8 10
3 61
2 59
3 64
9 15
10 94
8 66
8 42
10 2
7 38
9 75
8 17
5 97
8 49
9 57
3 74
5 89
2 96
3 79
5 49
6 22
1 71
8 98
8 81
8 46
7 44
9 99
7 86
10 15
8 35
6 95
4 77
2 42
8 90
8 72
9 16
10 8
9 5
3 79
2 72
3 53
9 65
9 34
1 36
8 61
6 89
8 13
3 53
10 41
5 57
1 70
7 18
9 5
4 48
4 22
2 67
7 25
9 31
8 3
7 31
4 73
7 82
6 5
7 12
2 35
9 8
2 32
9 35
2 37
8 20
1 66
5 41
3 9
5 19
1 58
1 11
1 2
2 43
8 58
5 87
9 94
1 7
3 66
8 54
1 67
1 97
9 83
8 28
8 52
8 30
2 68
3 95
4 59
5 6
7 61
9 85
2 27
1 99
3 8
7 28
1 97
2 76
4 86
3 25
9 31
7 11
3 77
4 40
6 22
10 37
1 20
5 32
6 85
4 70
3 31
2 53
8 93
2 51
5 74
2 91
2 87
4 74
6 3
1 5
2 81
10 22
9 3
4 89
6 34
8 94
1 35
4 24
6 1
7 92
5 52
1 100
5 98
7 15
9 72
8 87
8 2
5 99
1 28
1 3
3 29
3 57
7 43
8 62
4 15
5 66
10 43
10 64
1 49
8 79
8 92
2 18
3 23
10 7
9 2
2 99
9 49
10 37
2 35
6 70
1 60
9 89
2 51
9 1
8 56
6 56
5 2
9 65
1 65
5 66
9 38
7 25
9 44
8 81
3 95
8 6
2 92
1 25
7 97
1 45
4 19
6 52
7 18
10 1
5 84
2 92
3 26
1 72
9 68
1 98
10 88
7 91
8 51
3 79
5 28
3 5
5 78
10 25
5 1
10 86
7 36
6 66
5 42
5 5
2 6
1 66
5 10
2 80
2 93
3 61
2 21
3 68
3 13
9 97
9 30
5 55
6 77
6 23
7 85
8 36
2 19
9 98
6 40
9 15
9 70
9 69
6 43
1 75
1 43
7 88
10 85
1 26
4 30
8 58
9 35
10 64
6 73
9 51
2 10
3 97
5 85
3 82
7 63
1 86
5 58
6 4
5 91
3 8
5 89
4 33
5 21
1 58
3 9
5 60
1 40
5 46
6 12
9 20
3 27
7 60
1 12
1 34
2 28
2 40
6 41
7 83
1 50
2 78
2 43
8 25
2 56
5 9
1 58
6 71
7 22
1 50
2 87
8 23
10 30
6 20
9 61
7 77
8 22
6 79
2 34
3 62
9 23
1 23
4 70
5 75
10 65
10 67
10 37
10 6
9 36
2 60
8 98
2 33
8 86
1 90
6 8
8 47
7 99
4 27
2 29
9 41
8 14
2 9
10 87
5 26
7 51
10 6
6 21
7 29
6 41
4 38
5 44
9 93
4 31
7 70
3 27
9 47
2 29
6 82
4 61
1 21
8 57
3 96
10 92
5 79
4 24
8 25
8 49
5 63
6 88
6 20
8 89
4 51
2 85
7 26
3 23
1 23
2 14
2 62
6 32
10 41
1 38
9 85
6 77
1 4
3 61
4 24
9 29
2 64
10 34
7 18
5 1
6 34
4 76
9 77
2 41
6 58
3 36
3 82
10 2
2 46
9 42
6 12
