1 52
4 32
10 53
4 99
8 45
3 3
1 13
10 25
9 21
7 49
5 12
2 92
5 56
6 99
5 65
5 52
3 74
9 65
10 35
6 70
8 47
4 96
4 15
5 48
2 20
8 30
2 46
10 100
9 53
3 42
2 65
9 8
1 7
5 30
1 67
10 36
4 81
3 43
3 11
9 25
2 12
4 89
5 60
2 94
8 65
4 62
4 82
3 38
4 46
8 65
5 64
3 66
2 87
5 56
7 53
7 22
9 45
8 64
2 17
1 13
7 54
3 77
8 87
2 63
7 9
7 65
6 7
3 72
7 28
9 68
3 62
7 3
6 74
7 98
9 70
7 94
9 25
5 61
4 89
7 58
10 31
7 6
8 6
7 37
6 58
7 5
3 13
3 82
5 5
1 43
10 54
3 41
1 86
10 41
3 95
8 80
4 47
8 84
9 68
7 82
8 11
3 17
2 3
4 21
9 4
8 67
7 14
4 81
1 100
2 61
1 33
7 1
7 15
4 31
6 6
4 15
1 96
7 42
6 63
9 4
9 57
10 11
9 81
6 15
5 13
2 18
2 68
3 89
6 77
2 40
5 78
5 51
10 81
4 46
9 42
5 73
6 70
6 89
2 43
10 66
5 20
10 30
4 15
5 31
5 10
6 85
9 8
8 27
9 30
9 56
9 95
10 18
1 88
1 15
3 8
9 64
1 52
5 39
1 91
7 16
1 10
6 8
4 71
3 87
1 19
6 52
10 38
2 31
6 55
9 8
5 42
9 31
4 63
10 52
2 87
4 11
4 73
3 52
1 23
1 94
8 24
1 7
6 48
10 82
1 15
10 56
4 18
4 99
9 79
5 9
9 12
2 33
3 7
8 77
2 9
5 45
5 21
3 95
5 44
3 85
3 36
3 47
3 6
9 89
9 49
8 94
1 56
5 86
8 84
3 27
7 36
9 31
7 2
5 46
3 11
7 100
4 62
8 77
5 37
7 9
5 61
3 67
7 86
1 73
10 88
2 31
2 41
6 66
5 34
9 35
10 52
4 88
6 41
7 43
8 72
10 19
10 51
3 88
3 52
10 32
4 35
6 39
3 78
10 11
2 7
7 82
2 75
6 65
8 76
3 43
10 70
10 66
4 43
5 82
6 74
8 56
1 4
2 13
8 94
8 65
9 71
9 87
3 69
1 43
6 1
1 39
1 24
10 91
4 13
3 20
4 52
9 64
10 81
6 40
9 19
5 50
9 92
8 14
7 13
9 53
5 90
3 10
1 65
7 45
3 49
1 93
5 51
1 34
1 20
2 96
2 53
7 55
9 20
5 32
4 28
1 16
9 84
5 52
10 33
5 34
2 31
7 84
9 38
8 58
2 62
1 1
9 68
9 44
10 24
4 79
6 49
6 36
8 56
4 66
4 69
5 63
5 46
8 86
6 34
9 86
6 67
7 8
10 93
5 8
2 20
1 53
10 96
10 92
9 28
2 90
5 12
6 31
7 96
5 52
1 38
2 80
1 72
10 31
1 84
9 75
5 36
1 9
2 22
9 57
6 93
8 94
9 19
6 60
10 71
10 39
4 19
6 92
7 43
1 76
2 63
7 91
2 20
10 59
3 10
1 70
3 95
8 80
3 61
2 63
3 65
5 5
4 96
10 88
3 56
2 98
7 53
1 30
5 56
2 99
6 29
4 20
1 38
8 74
7 70
8 71
5 20
9 40
4 73
4 58
3 89
9 45
7 59
7 29
2 11
9 2
3 6
6 91
7 69
7 79
8 7
8 81
1 61
7 23
6 11
10 38
4 65
10 65
4 27
8 23
7 39
1 94
3 58
4 31
1 58
4 75
6 7
2 33
10 48
5 62
5 5
5 94
8 28
5 26
3 29
7 41
5 62
6 33
5 32
2 11
3 12
5 27
6 26
2 23
10 25
7 89
10 16
10 60
2 13
6 96
5 23
10 95
2 18
2 82
7 56
7 71
2 2
8 37
4 13
6 78
6 88
7 97
3 83
5 84
4 50
4 96
6 60
1 84
10 37
6 29
9 99
2 53
8 58
2 63
4 48
1 62
2 96
10 60
10 50
1 32
7 13
5 17
1 37
2 62
2 16
9 2
5 96
1 15
1 22
7 24
2 90
10 73
9 15
5 48
7 26
3 98
2 35
3 87
7 24
7 82
3 43
4 33
7 75
3 50
8 3
8 20
7 59
9 93
2 80
10 96
8 62
3 34
8 8
5 34
6 69
2 87
2 14
8 67
3 61
5 17
5 41
1 47
7 56
10 74
6 2
5 48
4 99
4 5
8 12
7 82
10 34
4 67
6 85
10 10
5 61
1 25
5 44
10 17
9 80
3 18
5 11
9 96
8 96
6 59
9 87
7 83
1 14
4 2
2 40
10 44
4 44
5 58
2 20
8 35
5 43
2 3
10 61
3 85
4 25
5 84
2 53
5 2
5 66
8 94
1 31
6 8
5 53
4 67
1 13
2 19
8 6
1 45
4 41
1 17
9 87
4 75
4 94
9 22
4 4
2 9
10 74
9 54
2 49
6 69
10 87
2 79
2 76
7 22
2 3
3 82
10 61
4 5
6 62
9 18
4 32
4 23
10 88
6 31
8 95
8 72
10 57
10 6
8 90
4 60
10 31
1 27
9 12
10 21
6 48
5 44
10 37
6 26
7 91
1 25
7 67
5 43
10 33
9 88
4 35
1 87
6 77
8 48
3 83
10 17
9 94
7 68
9 35
4 36
10 53
6 86
1 70
1 55
7 49
1 65
8 15
9 85
1 57
5 89
10 6
2 38
5 98
9 56
9 83
5 57
9 51
4 12
9 59
9 80
8 15
2 2
6 59
4 100
2 99
2 42
2 86
9 3
3 14
7 37
1 20
5 2
5 61
7 73
1 26
1 9
10 89
3 33
9 15
5 36
6 38
7 12
5 2
4 94
3 68
1 12
3 38
7 71
4 35
7 36
2 52
8 27
4 80
9 64
9 45
3 23
4 4
7 41
6 47
7 88
8 41
8 48
6 42
2 28
5 53
1 21
4 49
3 46
5 88
10 54
5 51
10 18
10 63
6 43
1 64
9 96
6 21
6 69
4 67
2 92
4 79
6 77
9 44
4 5
2 41
4 75
2 9
10 76
2 16
4 33
9 94
5 83
3 96
5 83
6 54
6 32
3 5
10 38
9 93
7 33
4 43
10 55
2 22
8 83
5 80
1 91
2 96
9 73
8 42
2 46
4 70
2 60
1 47
9 78
8 76
1 70
10 70
10 86
4 78
9 64
6 73
3 61
2 46
7 2
3 47
2 27
8 48
5 35
4 72
4 20
6 46
7 51
2 10
4 29
1 10
9 7
6 68
8 64
6 9
8 25
2 22
7 48
4 7
8 34
2 98
5 24
1 27
9 53
1 10
1 71
1 69
8 47
3 5
4 82
8 16
7 82
10 1
1 79
10 59
5 52
6 95
1 42
3 90
10 8
1 80
10 83
2 68
1 37
6 96
9 93
9 99
10 87
6 22
3 59
8 33
6 87
1 77
4 62
4 87
3 15
3 86
5 95
4 97
3 56
9 53
7 52
5 63
5 94
4 71
1 16
8 88
10 56
9 58
2 33
3 26
10 79
5 50
2 98
7 95
6 81
9 59
8 3
10 3
1 92
2 26
9 82
6 53
8 86
6 11
6 61
10 36
5 3
10 46
8 21
2 96
3 24
8 68
4 94
8 28
1 68
5 32
8 81
6 34
4 47
5 28
1 88
4 65
9 44
1 63
3 98
8 84
9 33
3 78
8 30
2 33
10 3
3 25
3 18
4 30
5 52
4 17
7 13
9 8
5 78
9 93
4 95
3 83
6 27
1 99
2 65
2 59
6 81
2 29
8 68
2 39
9 44
5 46
8 72
6 29
1 89
5 48
8 87
10 86
9 83
9 45
10 37
3 61
9 25
5 8
3 26
7 73
9 72
9 31
1 1
7 69
4 100
2 100
8 29
10 73
2 100
4 69
9 8
2 15
2 20
2 46
3 34
9 40
8 28
2 23
6 61
9 23
1 36
3 49
9 99
7 30
9 75
9 59
4 72
9 38
4 94
2 15
8 67
1 57
10 36
9 36
1 38
7 71
8 28
3 22
4 69
10 8
6 56
5 39
5 73
7 81
9 82
9 90
9 74
7 92
7 3
10 16
1 62
1 46
1 57
9 33
4 1
7 60
9 46
5 45
8 65
9 49
9 61
10 49
8 57
6 88
6 69
7 69
3 8
3 59
3 31
2 36
4 33
9 40
4 54
10 69
9 57
7 89
4 18
9 46
9 38
8 53
4 20
9 9
1 92
1 99
5 89
7 93
9 71
6 80
2 36
10 59
7 46
9 57
6 75
3 7
1 72
5 55
7 42
2 25
9 26
5 85
9 65
2 22
3 77
9 7
8 68
4 35
3 11
7 2
9 6
5 22
5 86
3 71
10 60
2 89
6 6
3 78
1 68
