10 53
2 56
4 56
10 51
8 83
6 22
2 69
4 4
5 76
5 31
1 76
6 31
8 71
3 75
6 6
10 27
1 90
2 67
8 68
9 72
2 90
7 17
5 60
7 34
7 28
3 72
1 50
9 24
8 15
10 79
5 18
6 74
2 57
9 68
7 46
8 13
8 89
4 78
10 9
6 40
4 24
8 77
1 88
2 62
1 50
3 46
4 89
10 16
9 31
10 58
10 45
1 78
9 48
10 2
2 37
6 87
9 25
2 93
5 49
1 59
3 15
4 34
3 62
2 41
3 24
3 49
8 69
4 22
4 43
2 67
4 23
9 98
4 27
6 48
9 58
4 24
9 33
9 2
2 14
2 100
5 16
8 49
7 75
4 10
6 34
6 83
6 87
3 98
10 26
1 99
9 90
6 44
7 26
7 71
3 99
7 42
10 23
6 67
3 66
4 14
8 45
2 45
10 86
2 67
3 14
3 72
3 14
4 57
6 100
4 55
5 17
8 59
1 13
1 69
4 15
10 77
1 44
4 20
6 43
2 60
8 47
10 77
5 48
3 15
6 84
2 96
1 10
3 10
2 6
10 69
4 1
10 36
10 63
5 67
1 74
3 82
1 53
1 44
9 47
7 4
6 70
7 56
1 37
5 28
7 54
3 10
4 96
5 87
2 1
9 39
9 48
3 33
5 39
4 43
5 88
2 34
7 70
3 81
10 99
3 36
7 84
2 92
7 21
4 13
9 52
3 57
3 73
8 100
7 7
5 29
8 89
7 49
8 20
8 50
4 18
9 59
10 42
10 75
7 68
2 79
6 86
2 62
5 27
2 88
2 11
4 15
8 30
5 58
3 56
10 3
6 10
3 33
4 70
9 87
1 79
3 57
3 72
5 21
6 68
2 81
1 81
9 75
2 54
8 25
4 26
2 25
2 50
6 58
6 78
6 25
4 88
7 30
5 50
1 69
8 36
8 38
1 75
6 15
10 73
5 38
7 81
7 78
3 2
7 29
6 36
4 63
4 87
3 95
8 80
1 25
9 86
3 92
9 50
3 89
1 96
5 36
4 59
8 52
5 75
2 15
5 37
7 55
6 23
6 60
9 74
5 10
3 50
6 63
4 82
6 75
5 26
6 64
10 82
6 17
4 100
2 51
2 13
9 76
2 92
2 68
5 24
5 53
4 5
5 74
3 79
7 88
3 15
2 38
8 59
10 3
10 25
2 62
4 24
4 30
2 95
4 4
1 14
4 23
4 46
6 2
6 53
8 16
6 4
6 29
7 43
2 53
1 95
10 100
7 42
3 49
2 67
2 28
3 100
7 6
7 78
4 7
2 28
9 92
6 49
5 78
10 4
5 72
9 97
2 32
9 79
6 18
2 4
10 47
5 17
2 36
7 60
6 8
1 84
9 78
6 96
5 4
2 47
9 6
4 20
5 7
1 94
6 47
5 11
4 58
4 87
1 72
4 12
4 46
4 48
8 96
9 4
6 13
1 48
2 61
6 59
6 1
10 97
10 98
7 72
4 28
1 56
8 14
2 95
5 20
5 98
4 65
3 82
3 35
8 95
1 87
3 67
7 82
9 34
3 66
5 57
8 2
5 66
6 19
9 20
10 84
5 8
8 41
8 12
9 70
8 80
6 74
6 3
6 57
5 15
8 91
10 61
2 44
1 71
10 69
1 8
5 95
10 92
3 8
3 17
6 27
4 50
2 49
1 87
4 38
8 82
10 77
8 9
10 54
5 88
8 78
7 22
2 48
3 16
7 66
9 2
5 86
8 79
7 92
5 32
8 23
2 56
9 29
6 59
6 23
1 65
2 92
1 90
8 45
2 41
2 87
8 78
1 78
9 21
7 4
4 49
8 78
2 93
5 45
10 14
5 12
6 18
9 5
2 17
4 39
8 27
8 4
6 22
2 93
1 98
2 75
5 82
9 59
5 45
1 99
4 27
9 16
1 39
5 40
4 75
10 45
6 34
8 68
3 33
2 88
7 72
2 99
8 52
10 40
4 100
8 2
4 81
9 100
7 16
2 10
8 26
7 53
7 34
1 95
4 31
4 34
4 96
10 79
2 35
3 43
9 70
6 10
7 49
2 84
4 44
2 41
2 100
6 4
4 3
5 89
1 97
5 57
3 98
7 19
8 57
5 4
5 11
7 31
1 26
8 87
5 25
5 27
4 29
9 41
4 96
6 74
3 6
4 78
3 94
4 63
4 21
4 13
8 26
7 53
9 4
5 22
3 9
9 50
8 88
10 46
8 31
7 34
8 87
9 36
8 100
8 83
8 32
6 68
10 25
3 76
7 68
2 93
7 58
8 20
7 17
2 68
7 18
1 54
1 55
4 8
2 92
1 96
8 92
9 17
10 2
2 33
10 5
8 68
5 10
9 88
2 29
10 94
10 55
10 1
10 2
6 82
4 38
5 16
2 5
3 21
2 19
10 47
2 88
9 30
9 78
9 34
1 35
8 89
7 44
10 30
5 1
8 5
8 34
1 41
4 65
8 32
6 6
5 22
9 32
2 99
10 14
5 71
6 39
8 41
1 98
9 75
10 43
10 94
6 83
7 74
10 79
1 58
5 76
8 94
1 69
6 69
7 50
4 21
10 90
1 82
10 9
2 52
7 17
4 17
5 59
5 23
8 20
5 38
2 13
4 99
10 40
7 74
9 90
9 18
4 27
10 55
1 1
2 47
8 82
5 97
5 40
9 92
8 18
8 65
4 97
1 1
10 17
7 34
5 42
4 69
8 15
8 52
6 10
1 41
9 82
8 23
3 95
2 49
1 57
10 7
4 76
9 85
1 42
7 95
10 14
5 9
1 13
5 67
6 80
9 99
2 98
4 43
2 28
1 35
10 91
9 15
4 66
8 30
1 73
6 27
1 17
3 49
2 22
1 42
10 95
7 44
9 50
5 64
1 28
6 97
7 67
1 58
9 2
7 67
4 26
2 78
10 61
7 70
3 25
5 57
9 31
6 48
8 76
3 27
6 81
6 67
7 18
4 31
5 18
1 38
10 72
2 90
1 44
5 21
5 66
2 2
3 91
8 23
9 22
9 92
7 23
7 61
2 30
5 75
5 21
2 91
5 51
10 97
3 40
9 7
4 98
3 23
10 57
5 13
3 60
4 6
3 92
3 79
7 95
3 94
8 42
2 56
8 67
4 67
8 75
10 15
1 88
10 84
1 75
5 34
10 49
8 74
7 71
7 69
6 8
8 28
5 2
1 22
9 14
8 18
9 2
8 56
4 93
7 35
3 10
5 27
7 37
4 100
4 56
6 39
2 25
2 4
6 29
8 10
1 77
10 96
6 25
1 93
6 12
7 90
4 34
10 51
8 69
1 11
7 78
10 98
1 3
6 67
10 100
6 63
10 62
10 69
6 52
10 55
3 13
2 73
8 84
6 85
2 12
7 28
2 27
1 85
3 57
7 36
6 37
1 45
1 68
6 78
5 23
10 67
3 41
5 26
8 50
9 95
3 90
6 75
1 89
2 20
2 39
6 24
7 81
2 80
4 20
4 15
10 38
1 62
10 59
9 19
3 80
9 25
8 8
5 35
3 33
1 3
10 94
3 95
3 15
5 20
9 41
2 4
4 77
3 94
10 91
4 84
6 36
3 61
6 9
3 49
7 15
8 38
3 89
6 80
10 5
4 58
6 96
3 36
4 27
3 49
1 22
3 10
1 85
6 100
1 34
10 8
10 75
6 50
7 9
10 93
7 6
8 36
9 84
3 8
7 86
1 2
7 68
4 33
9 59
6 59
3 58
2 37
2 13
2 61
6 33
2 39
1 29
3 44
6 29
5 27
4 28
4 57
2 48
6 13
8 53
3 45
6 42
8 24
8 97
4 97
6 78
8 73
7 84
8 85
7 28
6 51
8 95
10 67
3 66
3 5
5 36
2 14
8 1
1 85
4 47
8 69
4 15
7 69
10 5
2 75
2 60
2 61
8 49
5 2
10 63
10 50
6 5
4 14
9 79
7 39
5 19
9 41
10 16
5 19
2 30
10 86
7 85
3 60
3 67
6 64
8 22
8 20
2 86
7 41
7 9
5 55
1 96
1 49
1 18
10 5
3 13
5 10
8 68
8 58
4 25
8 55
5 75
7 90
2 100
7 24
4 70
8 12
3 36
6 65
1 96
8 97
8 59
6 52
5 25
4 36
8 71
3 25
4 43
8 1
3 11
7 53
2 31
6 83
4 33
9 46
1 46
5 67
10 80
3 67
2 10
10 29
1 65
7 89
9 9
5 60
7 99
5 18
10 87
9 28
1 72
3 18
7 49
9 97
2 56
2 22
3 34
10 67
10 83
7 60
9 34
1 20
6 56
1 34
6 90
2 75
1 10
10 79
8 37
3 85
8 55
7 31
3 34
8 11
9 52
7 68
9 89
4 9
2 58
8 33
7 69
6 35
3 49
4 12
5 60
6 47
5 84
6 41
10 16
9 8
7 38
9 83
3 46
6 87
