10 65
5 57
4 81
1 19
10 96
3 76
7 98
9 87
2 38
3 64
9 94
6 14
3 80
7 42
9 6
3 85
8 63
3 59
5 59
10 18
3 54
2 15
4 56
2 4
1 14
5 39
2 89
10 59
6 43
7 13
4 88
1 26
7 34
5 24
9 77
3 98
9 66
9 22
6 55
1 62
4 41
3 63
5 6
6 11
6 10
1 34
4 1
8 95
8 33
9 12
2 7
1 32
4 13
8 73
7 47
6 8
8 42
10 69
2 61
5 23
2 33
7 56
1 60
1 98
3 2
8 24
1 59
2 44
8 29
2 49
9 94
6 16
10 3
10 19
1 49
4 3
7 31
9 1
10 61
8 41
9 60
8 14
1 88
10 1
4 27
8 64
8 2
2 23
5 39
9 3
8 86
1 79
2 33
1 8
9 41
8 64
6 18
1 56
8 59
2 92
4 6
4 60
9 55
6 16
4 73
2 68
9 57
2 90
4 44
6 38
1 75
10 12
3 22
10 65
10 54
9 92
7 48
6 60
4 92
9 60
6 87
1 94
4 73
8 57
10 26
7 61
4 68
2 21
6 70
2 69
2 68
8 86
8 80
6 60
8 45
10 99
2 79
4 5
5 23
4 23
5 8
6 7
6 55
6 15
2 11
1 85
1 38
1 70
5 81
5 20
9 51
5 20
9 82
6 30
4 94
10 5
5 50
1 91
9 76
9 33
2 5
1 95
5 87
2 52
2 25
2 13
4 45
2 60
4 8
8 91
3 22
9 91
5 48
9 57
6 52
2 32
9 33
8 21
6 76
8 95
4 38
7 85
3 16
6 63
3 37
8 42
7 24
10 41
5 86
5 93
9 6
7 47
6 52
9 69
6 36
10 8
5 70
3 78
5 83
7 92
9 93
2 38
8 19
2 54
10 84
1 79
7 39
9 67
6 9
7 5
4 3
6 70
3 47
4 42
2 66
10 32
4 8
1 55
1 51
2 83
8 73
9 35
7 10
5 12
10 7
6 44
10 30
4 62
7 18
6 47
3 54
10 51
7 18
9 89
6 25
1 59
6 59
3 6
7 20
3 42
1 54
4 42
1 56
10 24
6 35
4 45
10 2
7 48
6 70
1 56
10 45
6 19
4 17
4 70
1 79
5 52
6 89
6 88
1 6
4 67
6 38
2 6
1 19
4 68
6 34
5 72
9 90
6 91
9 94
1 49
9 66
2 59
2 90
5 96
5 87
10 32
4 11
7 51
2 3
3 55
4 80
1 30
10 32
3 30
5 15
2 66
9 94
7 66
10 43
9 8
1 27
5 75
4 90
5 49
3 65
3 96
7 34
10 61
4 12
1 73
7 48
5 53
5 57
8 26
4 6
2 91
3 99
6 67
1 26
2 71
2 71
7 92
7 22
7 45
3 5
8 24
10 14
8 95
5 67
3 79
9 77
8 89
1 94
1 69
4 53
7 5
9 61
7 46
10 49
10 50
1 19
3 78
7 39
2 78
7 55
3 92
5 57
4 30
3 81
8 9
4 73
1 79
10 79
3 72
5 31
5 20
4 15
3 28
3 99
8 80
9 5
9 14
1 82
7 86
9 11
5 51
5 84
8 37
9 47
6 47
7 44
9 47
6 56
1 74
5 76
6 68
10 2
4 97
7 32
5 78
1 12
2 54
4 32
10 35
5 34
7 62
8 84
2 88
3 95
4 7
6 73
5 18
3 97
6 73
2 55
8 40
3 73
5 86
6 2
4 90
9 26
4 23
6 91
1 66
1 83
2 40
7 18
7 10
8 27
1 89
4 38
3 90
3 30
9 9
2 34
10 28
7 98
4 99
2 88
6 72
4 100
9 37
9 74
6 44
6 95
6 73
1 87
2 91
9 69
3 29
4 84
2 11
2 67
4 22
9 89
7 96
10 39
1 1
2 75
1 80
6 17
8 87
6 93
1 27
5 8
7 78
8 96
9 62
8 24
4 91
8 48
5 46
6 91
3 29
7 27
2 87
4 70
8 13
6 59
8 22
1 83
7 89
5 30
10 37
1 73
10 63
1 59
2 72
9 25
2 65
2 35
10 28
3 57
4 79
4 78
7 17
10 1
4 22
8 50
5 33
8 59
9 57
3 80
5 19
9 44
9 44
4 43
3 7
1 78
4 79
3 63
4 50
8 22
9 25
4 67
4 72
9 61
8 46
8 100
3 68
1 25
6 23
9 52
1 92
4 66
9 67
2 16
3 83
8 91
9 85
8 43
8 84
3 8
3 10
7 52
10 74
1 23
7 86
2 91
3 63
8 81
1 91
4 14
8 87
3 51
4 91
6 96
4 4
10 11
4 73
8 50
2 89
2 74
5 32
1 87
6 16
3 61
1 76
1 37
9 82
3 62
2 15
6 64
2 64
10 95
8 10
10 27
3 33
4 11
1 90
2 71
8 52
1 93
4 30
7 53
2 16
1 41
8 4
1 81
4 68
3 10
8 81
8 58
10 90
4 65
6 19
8 31
1 85
8 78
4 89
3 90
3 13
10 19
5 63
8 8
2 52
7 63
7 84
5 73
1 65
10 100
6 97
9 62
6 25
10 78
10 4
6 27
7 18
6 21
3 19
10 61
3 24
4 79
1 89
4 95
7 4
8 21
7 6
1 14
9 15
9 5
6 68
7 30
2 34
3 42
6 46
7 68
1 37
10 21
6 45
4 87
1 85
6 7
8 2
6 25
5 63
7 21
7 13
8 77
2 76
3 67
1 65
8 61
3 6
10 2
2 7
6 31
10 71
10 87
6 70
4 53
8 74
6 25
7 66
4 6
6 26
10 79
3 59
7 40
8 86
2 48
7 92
1 77
7 74
8 80
1 78
2 64
2 22
4 98
3 28
8 87
9 31
2 14
1 54
2 32
3 67
3 62
9 8
10 66
1 94
6 79
7 10
6 39
10 81
8 26
2 38
3 25
9 60
5 61
9 15
10 31
7 25
9 25
5 54
6 7
8 11
8 95
9 81
2 14
7 78
6 69
6 38
7 41
6 7
9 31
1 29
3 3
1 62
2 8
3 7
6 10
8 2
7 100
4 28
5 13
9 68
9 82
8 9
4 57
6 70
10 97
10 78
5 46
1 95
5 68
10 63
10 60
6 65
9 87
4 42
10 32
8 94
2 77
10 54
7 54
2 92
7 6
7 7
1 70
9 9
4 60
7 69
3 13
9 70
1 11
10 12
8 23
3 93
3 15
3 15
3 39
9 44
8 42
6 87
4 60
6 7
2 76
8 74
3 57
5 56
9 65
5 22
7 97
2 94
7 71
3 73
9 10
1 84
10 30
7 12
3 80
5 93
8 1
7 54
9 75
2 67
9 24
1 59
8 16
9 78
1 9
8 51
2 86
6 88
5 73
8 7
9 38
10 23
2 98
3 8
3 41
2 72
10 80
8 64
3 78
1 63
1 22
2 70
4 59
3 62
10 88
7 15
9 14
3 17
4 12
9 93
2 9
2 93
2 98
5 61
10 93
5 55
3 13
7 86
3 32
9 76
7 86
8 77
4 36
4 84
10 50
1 9
7 81
7 48
8 53
1 66
10 67
5 81
1 71
9 27
6 78
6 40
6 91
10 17
10 24
4 78
4 28
6 31
3 23
1 52
1 6
2 22
5 61
9 25
5 63
10 36
4 22
2 40
3 40
6 98
4 82
6 13
4 3
1 52
7 16
6 8
1 80
9 21
3 67
10 8
7 82
6 98
8 50
9 19
7 48
6 5
8 97
6 84
2 62
10 7
4 53
3 74
8 7
7 61
3 9
10 68
1 10
5 48
10 7
10 5
8 40
8 86
3 11
4 31
10 42
3 22
5 96
9 86
2 20
8 64
4 51
9 35
9 94
10 75
5 97
10 19
7 39
4 60
9 22
3 50
4 26
5 79
7 22
4 2
3 90
6 2
3 45
5 96
9 23
1 55
1 80
1 99
4 41
8 4
3 75
10 66
5 58
7 62
3 99
10 72
3 86
2 29
1 75
6 7
4 68
1 19
5 84
1 3
10 39
4 42
3 27
1 9
4 31
1 32
2 54
7 94
10 67
7 59
6 93
6 24
1 42
1 28
5 97
3 53
3 68
3 29
9 52
8 9
1 96
6 13
9 37
10 14
10 10
7 24
9 58
1 39
4 59
1 2
6 78
2 87
6 25
2 62
8 19
9 29
5 94
1 21
1 3
10 31
3 93
1 46
10 4
3 52
4 6
8 16
5 65
10 8
3 45
3 9
10 15
7 93
10 20
8 91
9 11
3 53
8 95
4 67
2 25
4 60
3 28
4 63
1 24
1 85
10 89
6 57
3 42
9 33
8 94
7 12
3 39
9 49
1 85
8 83
8 78
10 18
1 76
9 71
3 13
7 68
9 27
10 15
4 39
5 21
2 25
9 55
2 41
2 77
7 73
5 84
10 63
1 66
1 55
5 79
10 34
9 95
1 46
6 23
10 6
7 50
6 68
9 45
