6 13
5 68
1 53
4 2
2 11
9 71
7 97
4 91
3 30
8 66
8 25
10 5
7 26
2 11
9 19
8 63
6 64
1 57
2 99
2 35
6 20
4 70
9 72
9 46
2 97
1 30
9 82
3 86
9 81
6 27
3 51
4 37
4 20
7 49
8 4
8 76
7 26
5 93
2 35
1 71
4 47
2 60
2 9
9 26
9 64
10 78
6 98
5 43
1 56
6 89
7 81
7 64
4 14
1 13
6 63
8 23
2 59
6 30
5 85
3 34
2 26
10 47
8 72
3 54
1 42
6 59
8 93
6 37
5 48
9 72
5 23
8 74
9 47
5 26
9 10
7 81
3 65
1 10
9 20
10 66
2 21
1 89
6 5
6 48
9 16
7 100
1 100
9 79
2 49
8 95
7 21
7 80
3 27
5 60
1 90
2 46
2 88
4 30
8 52
7 49
10 85
3 92
4 25
9 79
8 71
7 41
4 33
2 75
7 9
10 75
3 50
2 51
10 76
4 74
1 18
5 91
9 57
6 80
7 6
4 78
10 51
8 28
1 54
7 66
6 43
7 41
1 70
5 48
6 82
1 85
1 40
5 47
4 87
4 92
6 12
1 80
7 18
9 93
6 37
10 64
10 33
6 1
4 7
1 58
6 48
5 64
10 73
7 96
5 6
5 84
6 78
10 20
4 52
8 26
9 14
6 90
8 43
2 22
2 63
10 1
7 3
10 46
8 70
6 31
5 60
6 17
1 56
2 98
5 53
8 29
8 87
3 79
8 13
8 51
8 97
2 9
6 39
7 10
6 38
5 36
9 87
4 62
6 3
8 16
5 85
4 5
9 83
4 92
5 39
2 9
10 42
7 41
10 48
9 94
3 45
10 22
6 72
9 30
5 27
4 60
2 24
7 14
7 51
4 37
9 29
8 89
7 93
5 86
6 65
6 97
1 68
6 95
1 95
7 15
5 82
2 70
3 30
1 84
6 73
1 29
9 66
8 8
8 98
1 39
9 48
6 3
3 74
3 28
3 44
1 33
3 99
5 91
2 58
1 47
9 77
7 42
7 68
1 84
7 58
3 77
4 68
8 45
5 48
2 68
1 79
3 18
5 31
8 83
4 78
10 39
8 89
7 61
6 29
8 31
10 48
2 20
10 96
5 77
7 73
4 37
9 64
4 99
3 32
2 18
6 48
9 49
10 72
6 57
8 70
9 88
1 85
3 68
8 5
9 93
5 77
3 76
7 91
6 13
3 38
1 95
3 14
9 16
3 31
10 56
4 72
2 51
8 60
10 88
6 44
4 4
8 5
3 96
4 19
1 83
5 99
9 31
6 18
9 48
7 100
10 2
1 9
2 85
3 42
10 84
5 95
6 22
2 40
1 90
9 34
10 9
9 18
3 78
10 5
4 49
8 23
1 61
2 86
9 16
4 78
10 6
3 55
10 75
2 67
8 34
5 30
6 19
9 100
6 11
6 87
9 35
6 35
5 87
6 51
5 78
8 52
8 80
3 92
1 59
2 77
6 75
4 93
9 17
4 55
2 95
7 52
3 62
7 52
6 29
2 15
9 42
8 73
4 55
7 78
7 7
6 98
4 74
9 53
3 55
5 3
9 69
6 12
2 43
3 26
3 78
3 68
4 16
4 52
1 54
8 45
8 89
2 7
8 83
9 15
3 54
6 46
1 23
10 51
3 5
2 22
1 63
4 37
10 52
1 5
10 90
1 25
1 39
9 35
7 65
3 43
5 84
2 87
6 11
6 33
8 23
10 92
6 24
6 77
3 58
2 49
1 47
3 53
3 16
7 99
2 17
2 49
4 11
5 95
4 37
5 33
5 23
4 11
5 16
1 34
8 86
1 36
4 64
6 63
2 80
1 54
5 27
3 85
2 42
10 68
2 30
8 25
9 37
1 55
6 36
10 18
5 81
7 12
2 98
8 41
10 59
3 60
3 70
6 7
7 85
5 42
8 58
9 91
9 83
5 49
6 55
7 10
5 22
4 71
8 73
4 73
9 82
3 54
8 63
5 75
4 21
3 52
5 57
9 80
3 62
3 100
2 91
1 71
3 61
2 41
10 64
3 1
6 43
2 16
2 45
1 84
1 68
2 38
2 2
2 97
9 7
2 56
6 54
6 35
8 58
5 49
9 88
6 22
10 8
4 12
2 70
3 80
7 40
2 97
3 82
9 36
8 65
6 46
9 36
3 15
9 53
2 39
8 97
2 40
9 16
6 96
3 20
3 93
5 60
3 36
9 16
4 2
4 28
4 46
3 18
5 31
1 6
9 52
3 38
9 31
1 39
8 48
4 31
3 93
5 88
3 79
3 73
10 19
5 84
10 26
6 16
5 58
7 58
7 11
4 36
7 91
8 5
9 39
3 52
10 10
7 20
4 3
7 49
4 27
4 93
4 84
1 2
1 42
6 7
2 29
8 18
9 88
5 58
1 9
8 3
5 17
7 64
10 43
3 79
9 13
4 64
8 36
1 7
3 38
9 67
1 9
4 22
1 38
9 23
6 83
2 64
3 22
2 64
5 84
10 8
6 95
3 3
2 17
6 12
6 9
2 41
4 75
4 42
8 88
4 31
8 56
8 26
4 1
7 93
7 93
5 64
10 24
1 76
2 31
1 13
1 65
4 65
10 96
3 58
6 4
5 93
7 57
9 70
7 62
6 98
10 27
2 62
4 39
8 38
10 7
9 5
3 48
10 72
1 31
10 19
10 56
4 75
5 69
3 95
5 41
3 2
6 1
9 92
1 13
1 73
8 8
10 29
3 99
7 36
3 29
5 37
8 1
3 76
10 8
2 39
3 34
6 23
4 35
9 63
2 67
1 9
4 91
3 60
5 50
6 31
2 93
8 92
5 32
1 61
4 7
5 87
3 96
2 49
2 34
5 86
2 51
10 82
10 27
10 63
9 21
10 4
9 96
10 47
9 99
6 88
3 49
8 46
2 53
2 10
3 69
2 79
8 38
10 81
4 28
9 46
10 48
10 82
8 24
8 91
6 63
5 3
2 98
8 66
8 7
4 27
5 100
4 86
10 72
10 44
4 63
4 20
3 79
1 4
2 12
8 15
5 32
2 24
8 19
6 60
8 63
1 13
7 60
5 93
1 1
9 33
10 43
1 79
1 34
10 47
9 49
9 33
5 6
3 85
1 28
10 23
3 50
7 75
7 29
2 86
9 93
9 15
1 8
8 4
6 93
5 56
4 45
10 82
5 8
1 73
2 8
3 76
10 54
6 85
6 98
4 65
7 51
6 10
7 55
6 10
9 47
7 24
1 48
7 13
6 48
9 33
7 35
3 19
2 20
1 51
1 99
5 12
3 5
6 99
5 92
8 71
9 22
2 57
10 85
2 28
6 45
5 11
9 33
9 16
5 88
2 9
10 16
9 45
10 46
6 60
4 74
2 12
5 20
6 97
9 8
2 76
3 42
3 9
4 31
6 42
3 61
10 64
9 54
8 36
3 61
1 59
10 13
6 8
7 38
8 75
8 38
4 24
6 85
10 85
1 1
8 93
5 5
5 86
10 53
6 62
9 31
3 58
6 74
6 32
9 45
4 87
7 50
2 77
4 40
6 13
2 42
3 75
9 83
9 29
9 91
9 31
1 45
10 35
9 88
8 68
8 83
9 30
2 76
7 27
4 72
8 92
5 6
8 42
1 70
9 100
10 15
2 23
8 29
5 77
5 63
8 63
10 89
8 74
7 61
1 85
6 61
2 2
10 25
6 82
2 52
8 79
3 14
10 61
9 36
7 81
10 52
9 14
1 99
1 45
10 48
6 61
9 39
6 27
7 57
9 97
8 3
6 18
1 10
6 62
9 50
4 73
4 70
10 21
7 88
6 30
6 42
6 68
7 2
9 12
10 95
8 1
8 97
1 30
5 87
1 6
7 47
2 43
7 30
5 35
6 22
5 13
4 18
5 81
3 6
5 92
5 9
7 55
7 4
8 45
9 96
6 24
4 43
3 37
3 3
4 33
1 92
9 66
6 13
1 10
1 23
9 54
2 78
9 54
8 13
1 25
4 61
10 77
7 17
6 85
10 21
5 63
4 93
6 77
1 46
3 31
6 92
6 20
3 19
5 83
5 100
4 37
8 18
9 88
1 91
8 14
9 1
6 96
5 67
5 38
3 81
4 90
7 83
6 17
1 47
3 53
6 1
6 81
8 64
6 22
3 27
1 96
1 90
1 65
3 8
9 62
9 35
7 97
3 42
1 10
4 94
8 42
8 56
8 81
6 99
2 71
9 87
3 16
4 17
3 42
8 37
9 68
7 87
10 64
1 11
9 81
1 57
2 60
2 44
4 93
1 6
5 67
8 13
7 28
7 29
10 34
5 15
2 84
8 14
5 17
6 68
9 20
4 27
3 79
5 91
4 98
1 1
9 81
4 98
9 18
8 55
9 66
6 52
5 78
10 83
7 14
9 58
4 1
4 49
4 97
10 67
7 26
6 17
6 34
