2 51
8 70
2 3
2 16
1 42
10 21
7 29
3 62
6 89
1 13
8 41
6 19
1 72
8 56
9 83
5 10
3 85
10 98
6 3
8 50
2 98
4 89
1 50
6 72
6 33
1 91
6 46
5 44
9 25
6 84
5 53
3 100
4 96
2 30
5 26
4 6
1 64
9 84
5 44
3 48
7 64
4 14
8 88
2 12
5 10
1 53
5 100
3 79
8 79
3 53
8 80
6 52
5 9
1 28
3 95
6 47
5 49
10 66
4 92
9 76
5 67
3 80
5 78
8 35
8 100
1 99
8 18
5 27
3 35
6 84
7 69
5 97
5 58
9 35
3 93
3 83
2 95
4 90
4 27
3 32
5 94
6 68
9 3
7 39
5 79
5 40
7 25
1 49
3 46
3 61
5 19
9 98
6 32
6 17
1 70
3 57
2 36
1 73
4 4
9 38
7 81
8 20
4 12
3 28
4 24
1 5
7 27
9 25
10 8
1 63
10 71
6 43
6 36
9 20
9 32
10 82
8 45
4 21
1 76
9 78
1 78
2 21
6 32
3 99
7 69
7 95
9 11
10 77
3 60
10 7
6 19
4 8
9 66
8 97
8 13
6 10
3 58
2 15
10 55
5 69
8 33
8 97
4 1
6 20
5 26
10 13
3 54
7 43
1 14
7 62
7 61
3 53
10 29
1 46
8 71
5 47
6 89
6 58
7 37
3 20
9 80
9 50
6 24
6 92
6 80
4 47
7 11
6 47
6 40
8 2
7 52
5 8
10 45
1 16
6 32
8 52
7 99
4 2
5 90
10 99
9 59
10 12
3 28
1 43
2 89
9 99
5 83
2 94
7 69
8 45
1 93
1 77
6 3
8 89
6 19
3 67
8 72
4 77
5 26
7 46
5 85
10 78
6 3
1 78
10 33
1 32
3 21
8 43
8 24
7 11
3 31
2 5
6 64
1 99
9 21
7 11
9 31
9 77
2 37
6 79
4 76
2 9
3 11
4 57
8 22
7 13
8 31
1 85
5 81
4 72
9 3
9 88
10 61
4 78
9 92
1 91
6 56
2 32
7 24
6 80
6 40
5 86
1 70
9 74
6 40
3 70
6 99
2 62
1 62
5 40
2 97
10 2
7 43
2 93
8 51
8 16
9 88
3 34
2 69
1 85
2 25
9 12
8 66
1 4
1 70
5 35
10 67
1 45
2 7
10 96
4 16
2 16
10 45
9 89
5 67
5 30
6 4
8 34
10 74
2 60
1 80
10 7
3 30
8 68
8 58
6 66
4 52
5 13
8 34
3 71
4 73
2 20
7 61
4 4
4 35
9 35
1 77
4 92
8 18
8 47
5 22
5 62
4 30
10 91
2 96
5 17
6 50
8 56
6 63
6 78
3 20
9 52
2 54
5 59
10 53
9 73
4 21
3 28
9 51
4 37
5 56
9 45
5 94
1 98
10 60
1 25
1 1
1 77
8 29
2 50
1 24
8 27
6 32
8 56
3 45
1 44
8 92
1 81
10 14
10 65
6 71
5 91
8 15
7 67
2 43
6 63
4 5
10 73
8 63
9 70
6 51
9 32
8 17
7 40
3 77
6 78
3 87
2 18
6 85
2 9
6 56
3 13
3 35
5 94
10 50
7 42
6 7
7 20
4 43
5 46
1 87
2 40
2 37
3 49
9 87
4 9
1 60
2 100
2 35
10 51
9 20
10 61
3 21
10 85
8 14
3 27
4 57
6 85
10 42
10 24
5 74
3 80
8 59
1 48
3 52
1 28
9 35
6 33
1 33
4 47
8 70
1 35
6 66
6 74
1 4
1 59
8 81
7 77
8 65
6 58
8 35
3 4
5 38
8 20
8 44
7 45
7 42
6 47
7 71
3 90
4 72
7 51
10 1
8 45
2 93
2 68
7 91
5 8
8 24
2 57
2 58
7 64
3 60
10 45
4 47
2 75
5 42
9 78
7 77
2 92
5 97
5 92
3 56
7 47
9 55
9 36
7 78
6 76
4 43
9 11
8 79
10 46
5 42
9 70
5 26
1 85
8 79
2 13
7 75
1 82
3 1
3 86
7 24
2 36
6 78
4 72
6 86
1 35
2 43
5 30
8 83
1 85
6 9
3 43
10 23
8 65
7 43
4 73
5 88
2 53
6 46
10 52
1 48
5 33
3 63
8 70
9 16
8 24
2 9
10 54
7 40
7 68
6 9
3 91
3 40
5 6
6 60
9 59
3 14
1 69
4 89
2 98
2 22
3 54
5 4
5 15
8 19
4 90
8 19
10 47
6 89
5 92
2 90
5 6
10 7
1 34
7 44
1 74
4 20
4 62
8 82
6 4
7 92
2 96
2 57
4 40
10 57
2 67
1 49
6 44
8 16
2 53
7 26
8 19
9 10
2 20
7 11
2 23
4 29
5 85
6 47
10 13
6 83
8 63
2 33
5 40
8 44
9 50
1 41
2 24
8 65
6 66
1 39
10 43
3 85
6 34
5 37
4 35
10 96
3 55
10 50
9 24
1 19
4 40
10 2
9 44
3 17
4 22
6 38
1 48
7 97
6 91
7 91
6 23
9 95
7 56
8 7
10 55
5 90
6 45
5 85
3 65
5 56
2 40
7 24
3 10
2 3
7 67
1 68
4 22
4 96
1 97
5 2
4 37
9 4
9 66
5 78
9 67
9 65
1 33
4 72
3 9
1 91
7 44
1 74
7 42
9 32
3 11
4 6
4 91
9 98
4 42
1 61
9 8
5 5
8 93
8 84
8 93
4 71
3 83
2 47
10 5
4 70
10 26
6 58
3 7
7 59
10 47
9 74
4 53
9 58
4 36
4 66
7 87
8 94
4 39
8 68
5 14
9 83
3 18
6 55
1 47
3 43
3 90
7 53
2 39
9 96
3 17
7 68
7 58
9 65
8 82
4 46
4 45
4 34
2 94
4 34
6 90
8 23
3 10
10 65
5 49
7 21
3 73
6 52
3 26
5 38
4 68
7 87
4 11
7 20
8 58
3 77
6 76
2 82
3 44
3 4
6 59
5 44
5 88
6 51
2 7
4 81
3 87
4 96
5 86
8 80
10 72
9 1
2 37
6 13
6 64
9 4
2 81
7 98
2 29
2 13
9 41
6 21
3 25
2 29
1 28
2 58
10 38
3 42
9 21
6 27
6 41
8 83
5 19
10 29
6 73
7 42
1 76
7 30
6 83
2 73
1 84
8 79
10 93
3 16
9 85
6 88
6 8
1 83
5 89
9 57
3 75
4 66
6 77
5 68
5 4
1 54
4 6
4 34
5 60
4 55
6 79
10 73
8 65
9 21
5 80
10 96
5 5
8 1
7 83
2 36
3 49
4 43
6 2
3 83
2 16
7 55
3 37
3 13
5 23
5 93
5 2
6 25
4 13
10 7
10 49
2 18
8 34
10 59
7 96
10 3
3 21
5 27
5 74
7 5
8 99
4 99
6 21
9 49
8 11
3 67
5 41
8 49
1 66
5 72
4 72
9 58
8 50
6 93
10 74
9 84
3 57
5 51
10 4
6 14
10 44
8 75
1 39
3 17
4 2
2 76
7 67
3 30
6 12
4 91
2 41
5 6
7 12
10 69
9 83
1 72
8 12
5 45
7 81
1 75
6 33
7 48
3 64
10 53
6 91
6 23
5 8
3 72
8 37
3 45
6 75
1 30
9 51
9 22
1 88
7 70
2 65
7 13
1 35
4 63
4 42
3 3
6 73
4 78
4 39
7 10
9 50
4 64
8 36
8 15
1 93
10 54
2 52
8 25
4 16
1 55
5 18
6 68
4 74
8 26
8 48
3 70
7 78
8 75
7 80
9 42
8 35
6 72
9 98
9 37
7 95
10 5
4 71
8 26
1 30
8 70
7 86
7 71
3 58
7 30
5 78
6 40
4 74
10 76
5 56
7 65
5 84
3 94
7 60
1 65
9 65
2 94
6 45
5 59
3 90
5 25
5 51
6 77
1 26
8 76
10 78
5 44
7 44
5 5
10 90
1 5
10 11
5 41
1 38
4 60
9 14
2 29
5 95
8 49
2 91
8 74
1 80
7 44
6 49
10 67
4 72
7 6
9 32
7 39
8 65
9 47
9 2
10 25
3 17
5 15
4 78
4 2
5 57
7 4
1 9
3 15
10 44
5 84
9 89
6 5
4 98
7 100
4 22
9 6
2 94
4 77
5 9
6 71
2 10
6 87
2 31
4 17
10 64
6 50
8 57
4 98
8 80
4 71
9 83
9 71
9 46
4 78
1 26
4 77
9 19
3 15
2 19
6 46
7 88
4 46
9 7
1 63
7 8
3 12
6 80
8 9
6 100
2 17
2 24
4 1
3 79
3 98
6 38
5 33
2 53
8 82
4 77
9 71
1 9
9 11
5 100
10 35
5 58
7 35
3 91
2 70
4 87
5 17
7 2
7 3
7 23
4 15
1 46
6 86
6 65
5 32
2 81
4 85
9 65
