2 12
1 95
10 92
3 23
10 28
3 19
2 53
1 76
5 1
1 61
5 68
3 94
5 22
2 64
9 97
9 20
2 29
10 4
7 90
4 18
3 27
5 79
10 94
8 83
4 72
10 24
3 15
1 12
10 21
7 48
7 25
9 67
7 18
4 89
9 60
8 14
5 100
4 67
9 46
8 100
3 82
4 67
7 28
8 53
4 1
6 70
10 52
3 99
6 5
5 29
4 73
9 65
4 99
4 16
3 92
1 88
5 86
4 52
9 42
5 17
1 16
6 26
8 96
8 24
7 96
3 31
2 58
8 96
7 4
8 33
3 77
5 86
3 78
1 46
1 18
9 97
7 52
7 33
5 72
2 9
7 73
9 41
7 62
2 58
10 27
5 45
9 87
4 11
8 92
8 81
7 19
2 41
7 75
9 37
1 53
4 11
3 78
6 34
9 49
8 69
7 79
2 30
6 41
2 39
5 17
2 97
9 2
4 33
3 34
3 8
1 29
9 1
10 96
8 31
8 8
8 2
5 54
6 12
10 16
6 9
5 82
7 82
3 62
6 8
3 45
2 33
1 36
7 69
6 52
1 46
10 66
4 72
4 38
8 69
3 91
4 54
5 85
7 97
10 23
3 87
10 44
10 7
10 25
1 60
3 92
9 9
1 88
5 57
8 21
10 10
2 3
3 42
3 15
1 80
10 2
9 17
9 47
9 21
1 24
9 65
6 33
3 75
8 21
6 14
2 69
6 32
1 7
10 20
6 56
6 69
8 42
9 11
7 46
10 80
6 70
4 26
4 46
2 35
3 29
5 46
7 47
3 18
1 7
1 97
6 88
4 39
8 44
10 45
8 20
3 5
4 94
8 100
2 57
4 95
1 25
2 55
6 59
6 64
5 76
8 81
10 58
9 82
2 11
2 66
9 55
2 33
2 28
9 46
1 81
9 91
4 76
9 34
6 33
1 2
9 29
2 23
10 72
9 95
3 31
3 99
8 49
10 58
10 53
5 49
3 74
2 57
1 79
10 14
8 25
6 32
3 87
4 48
5 32
3 32
9 37
6 16
7 32
10 34
4 32
6 45
10 27
6 67
8 97
9 48
7 23
9 67
9 97
2 44
10 8
2 79
3 36
10 49
7 42
8 96
6 26
8 6
3 13
3 99
1 66
5 80
9 11
9 37
5 35
5 42
4 6
4 75
10 37
9 77
10 96
10 64
2 46
9 43
5 81
9 27
8 19
1 77
1 33
1 48
9 38
8 11
10 15
9 67
8 91
4 100
6 14
3 11
10 53
3 73
1 9
4 94
4 19
5 36
5 88
1 51
9 89
5 34
7 100
10 33
9 18
2 88
4 4
1 47
4 57
10 39
7 98
3 60
1 67
9 37
8 42
9 22
5 93
2 45
4 67
4 89
9 7
5 59
3 50
8 86
4 61
9 50
2 32
9 86
10 30
7 51
6 37
6 1
7 69
6 10
8 57
7 1
8 57
9 89
8 76
8 23
2 18
2 74
10 19
4 22
3 68
9 75
6 34
3 33
2 65
8 61
10 18
7 35
8 37
7 20
8 70
7 94
5 91
2 2
2 3
10 10
1 50
7 77
4 74
2 80
3 94
8 83
3 29
4 33
5 18
2 62
7 100
9 99
6 49
2 71
4 52
8 68
4 67
10 16
4 79
7 76
2 51
1 36
10 8
7 49
5 9
10 63
10 9
4 90
9 30
8 53
9 85
3 6
5 76
3 69
5 94
4 12
10 37
2 40
2 98
1 10
2 96
8 85
9 39
6 3
3 69
5 35
4 56
3 11
6 52
6 96
9 42
4 52
9 75
9 58
8 14
6 72
3 74
1 74
1 4
5 39
8 23
3 98
10 27
4 60
1 16
5 52
2 81
2 36
9 33
2 75
4 58
4 16
6 56
7 98
7 57
3 17
4 75
6 70
2 12
8 27
8 6
5 30
5 30
8 68
1 88
4 70
1 80
3 36
10 8
10 91
1 58
6 21
2 30
8 66
5 93
2 94
2 57
9 66
5 81
4 89
3 79
2 56
5 29
10 70
1 66
9 35
2 11
5 39
6 39
3 35
6 27
5 51
7 98
2 23
8 93
5 73
4 31
10 49
1 93
8 5
8 81
1 74
10 96
4 47
5 58
1 5
2 58
7 80
4 8
2 70
10 76
3 22
8 55
7 97
1 72
3 89
1 97
8 13
9 85
1 45
7 60
9 11
8 26
2 52
2 56
9 59
8 88
2 35
5 8
8 11
6 90
10 30
10 95
4 76
8 6
3 86
6 48
10 70
4 31
4 15
9 88
10 45
8 90
4 12
1 44
7 35
3 7
5 84
2 38
8 87
6 11
2 96
4 95
5 70
3 41
10 98
8 47
6 89
2 6
5 93
8 22
4 27
7 3
4 19
9 70
1 73
4 71
2 1
9 80
4 30
1 15
7 99
4 94
3 26
3 40
1 39
2 95
2 81
9 13
2 48
2 72
10 15
3 88
1 48
5 87
5 59
3 63
1 8
7 64
5 45
9 8
10 72
5 74
6 2
8 95
5 26
1 64
9 64
8 28
1 5
5 81
8 88
5 64
6 36
5 70
9 46
3 58
4 34
2 4
2 29
3 83
2 92
4 64
2 94
2 73
2 45
7 9
4 59
6 73
9 47
10 35
4 57
1 78
1 48
7 75
10 11
7 87
10 73
5 71
4 34
2 37
3 22
8 60
10 17
2 11
1 93
4 87
7 77
6 72
1 34
5 2
5 76
1 25
4 38
2 10
8 39
7 21
10 10
2 29
7 89
4 59
2 54
8 31
8 83
2 35
10 92
2 22
10 7
4 50
7 36
8 75
3 27
10 57
9 16
1 96
3 41
8 47
6 22
3 54
5 50
6 53
1 90
6 70
5 9
7 6
4 88
5 98
9 3
8 5
3 7
6 74
8 82
5 16
4 2
5 52
7 55
5 20
6 13
10 79
9 34
4 29
2 88
8 33
8 22
3 41
6 78
5 90
6 100
8 42
4 97
6 62
1 26
2 22
1 64
4 100
7 45
8 35
10 46
9 42
6 25
2 33
10 6
9 17
3 26
4 57
6 63
2 68
5 39
8 65
5 78
5 85
7 47
9 100
3 5
4 33
6 100
7 84
6 28
1 74
7 60
6 24
3 56
4 69
5 45
8 70
3 1
6 23
4 96
8 68
4 13
10 61
9 83
9 84
3 73
1 22
5 56
9 17
8 32
8 69
3 53
7 65
3 73
3 57
10 19
9 11
1 82
3 66
4 85
8 99
3 35
5 43
8 60
6 91
1 11
4 28
9 58
4 42
9 4
10 12
1 85
7 16
6 77
2 85
8 7
1 63
2 4
9 4
4 25
8 5
6 74
3 83
7 97
2 77
9 47
7 67
5 26
9 77
1 16
4 53
5 24
1 46
1 83
2 50
1 82
6 65
6 79
1 38
8 14
1 33
2 35
2 26
8 37
8 40
9 81
7 15
5 9
9 49
7 100
1 100
8 20
4 81
5 72
5 56
7 4
8 4
1 63
1 82
8 19
9 90
9 3
8 94
8 78
9 12
4 24
3 51
10 79
3 18
10 56
5 49
6 16
9 89
2 55
8 34
2 20
9 71
10 50
10 3
5 34
1 83
8 73
7 97
6 7
3 12
3 99
3 42
5 38
5 35
3 3
3 55
3 11
9 43
3 90
1 76
3 14
8 30
8 17
9 13
6 27
1 63
4 70
3 94
10 73
4 35
9 11
2 96
1 49
4 30
9 72
3 36
7 46
9 93
4 83
7 36
8 71
9 55
6 91
7 5
5 22
1 90
7 95
6 49
8 45
3 8
6 50
10 36
4 13
8 88
8 47
7 13
9 65
8 52
5 84
7 64
2 93
8 6
9 48
8 51
8 20
5 33
3 58
8 86
2 64
1 98
5 37
4 65
6 87
1 74
8 36
1 38
8 17
6 36
9 100
4 97
1 74
7 93
2 7
10 98
9 51
5 13
6 57
2 55
3 33
9 88
10 83
1 60
2 99
1 36
7 13
9 28
7 39
4 71
9 93
5 27
7 29
9 15
3 43
8 11
4 41
8 40
5 89
4 93
8 15
2 18
10 6
9 47
7 2
7 85
5 32
7 69
1 75
4 58
8 80
6 82
2 81
2 96
3 38
10 5
6 56
2 26
5 3
5 58
2 56
4 57
1 76
9 9
6 49
4 36
1 87
3 67
2 61
2 34
4 70
10 17
5 3
6 95
6 45
7 14
6 72
2 89
9 50
6 38
5 62
8 10
3 92
5 94
8 87
7 72
1 70
4 13
10 60
1 55
5 42
10 62
7 95
3 19
9 45
6 96
10 51
10 60
3 7
10 32
7 81
3 19
1 61
1 63
6 70
10 93
5 12
10 31
8 13
4 52
6 64
8 4
3 15
3 6
7 32
10 73
2 83
10 15
8 50
7 73
3 86
10 68
4 94
3 32
10 10
