5 95
5 23
8 58
6 80
9 49
9 5
10 28
1 45
8 41
10 86
10 54
7 51
6 89
8 84
5 34
10 100
3 53
6 6
1 20
4 14
2 32
10 2
1 16
5 81
5 32
6 9
10 49
3 82
7 4
3 75
5 33
6 24
9 77
4 69
8 49
1 59
2 88
1 33
10 19
10 19
1 39
2 14
8 71
10 43
10 85
1 63
7 68
9 79
4 9
7 6
4 22
1 60
6 7
10 30
7 76
1 13
10 72
8 7
4 53
5 94
5 36
2 87
9 60
3 9
1 11
7 44
9 85
5 65
7 90
6 30
4 47
1 12
9 1
2 59
4 14
5 58
8 12
9 98
10 20
7 58
9 96
9 63
1 38
3 81
2 65
9 19
7 69
7 79
4 7
4 26
4 75
2 43
2 83
3 74
3 33
8 17
1 24
8 83
2 40
5 14
10 48
7 3
1 37
7 39
4 94
8 17
6 35
8 91
3 59
8 87
2 6
6 59
4 11
6 65
4 11
7 25
6 43
1 37
5 4
5 84
3 42
3 74
4 22
1 76
6 21
6 23
3 91
9 84
3 13
1 63
9 35
2 49
1 53
2 49
9 5
2 89
10 67
4 35
2 93
8 2
10 58
6 84
10 21
3 95
7 42
7 27
3 69
10 4
6 60
8 7
10 93
7 39
9 32
4 30
8 75
6 87
10 64
8 68
2 91
10 53
3 93
5 76
4 65
9 70
10 27
1 87
3 87
4 22
5 59
8 41
8 97
6 85
8 36
1 25
9 34
10 97
1 88
8 70
8 26
1 64
5 21
10 77
8 15
5 25
7 83
9 4
6 62
6 20
4 94
1 34
10 97
6 48
4 65
4 77
2 44
1 22
4 55
7 42
6 50
3 65
4 23
7 25
9 15
8 90
9 77
8 99
9 12
5 26
2 10
3 77
9 64
6 96
1 98
5 77
1 7
9 94
9 44
7 89
1 46
2 28
10 95
9 57
5 24
7 51
2 25
8 95
3 69
7 37
3 4
3 50
9 59
8 99
5 19
5 33
7 98
10 61
2 35
7 94
8 49
6 14
8 27
1 93
5 67
8 62
10 62
9 13
8 1
8 53
7 94
1 51
1 88
2 39
2 12
8 4
8 49
6 28
1 57
8 93
1 31
3 47
9 72
5 74
4 93
7 20
4 10
8 33
6 14
3 39
5 64
8 97
5 50
9 44
1 37
6 26
9 81
5 95
2 30
7 57
6 40
2 87
5 11
2 66
8 4
5 37
4 53
10 59
3 44
5 51
6 23
8 56
2 47
3 55
1 88
4 23
6 49
6 95
5 25
2 34
4 1
1 28
3 72
8 25
8 6
9 37
7 37
6 52
2 59
10 43
3 81
8 58
8 44
9 32
3 68
9 22
5 49
4 57
2 25
8 20
10 100
7 97
4 34
6 36
4 61
8 74
4 35
3 100
2 34
7 57
5 31
9 68
7 17
8 64
10 80
9 90
1 39
8 40
7 74
7 45
8 60
1 45
2 24
3 12
3 99
2 7
8 40
2 34
4 56
6 48
7 21
8 61
3 34
1 38
7 60
3 52
4 48
8 23
4 18
2 2
9 30
8 89
4 81
8 95
8 19
4 10
4 76
5 95
2 1
10 95
7 38
5 64
10 66
4 1
3 35
6 43
4 43
9 69
6 24
8 79
5 93
4 37
9 21
2 10
2 53
8 26
1 14
2 65
2 29
3 87
7 24
3 29
6 27
8 88
8 47
10 54
1 98
4 50
1 20
7 97
10 6
3 43
1 33
4 3
8 46
9 25
2 58
6 46
9 37
6 21
7 63
10 76
8 71
4 13
8 100
3 77
4 66
5 88
2 12
1 59
5 60
7 90
5 3
4 16
4 9
9 18
10 97
10 86
7 27
2 66
1 67
9 68
3 87
10 35
10 5
9 7
1 15
2 35
10 60
8 57
1 24
3 88
10 55
6 2
9 86
1 24
1 19
1 11
1 89
6 52
7 65
9 77
5 68
4 31
5 64
9 24
7 5
8 63
2 62
2 26
6 17
2 47
7 42
10 71
9 19
1 1
10 80
1 40
1 6
10 31
7 13
2 62
7 77
4 54
9 37
9 97
7 48
6 77
10 46
4 7
3 73
10 28
5 13
9 92
5 18
7 31
2 22
9 33
5 7
1 46
6 26
3 95
5 42
9 40
7 4
9 59
2 92
6 25
3 70
7 29
2 66
5 74
7 74
3 27
2 27
6 14
10 76
6 48
8 39
5 17
5 20
8 79
9 83
10 78
10 58
7 11
6 73
8 94
6 71
8 18
1 94
7 55
10 27
1 4
1 23
6 43
5 26
5 31
4 59
2 65
3 84
1 63
8 49
7 68
7 31
8 60
4 35
9 29
1 86
8 32
8 35
5 55
6 10
3 48
1 11
2 42
8 98
2 19
9 82
3 27
9 64
6 12
1 27
9 99
4 66
1 43
1 31
9 25
6 39
4 44
4 91
9 23
4 10
10 5
9 85
10 73
8 68
8 6
6 61
1 58
3 24
4 60
6 26
7 60
2 95
6 89
7 72
5 89
4 57
3 12
1 25
7 86
8 48
7 63
3 42
2 46
9 86
3 93
5 88
2 1
2 5
8 94
2 41
5 15
1 56
4 12
4 98
7 68
10 92
6 17
2 37
8 43
10 49
8 54
8 61
4 72
5 48
1 95
5 95
10 95
4 41
1 61
4 61
8 9
5 28
5 18
3 26
10 56
3 5
4 93
7 95
7 16
9 10
7 60
5 77
6 58
2 97
4 87
1 5
2 34
4 56
6 93
9 78
9 1
10 90
9 67
2 51
1 19
3 89
6 46
3 83
4 92
6 28
10 31
7 7
6 38
6 27
7 46
5 32
3 52
2 68
7 37
1 15
5 46
9 70
5 63
5 78
6 56
5 1
2 64
6 58
3 90
7 71
5 69
9 32
2 99
5 75
1 30
2 38
6 47
10 1
2 53
6 1
3 11
6 10
10 58
9 18
3 82
4 71
1 70
2 31
9 70
9 58
7 2
5 77
9 70
8 70
10 23
4 33
7 24
1 94
10 29
3 60
3 97
1 62
1 81
4 53
1 19
9 75
1 1
4 71
4 19
8 5
1 97
4 45
6 100
5 12
7 93
10 27
10 64
1 69
1 43
6 56
4 12
10 28
2 31
9 72
9 89
3 66
5 51
4 61
8 91
6 10
2 90
5 40
4 34
7 85
5 87
2 79
7 97
3 15
1 80
1 97
8 69
4 53
5 45
1 54
2 9
3 58
5 65
5 58
9 57
2 40
8 13
9 67
6 64
1 74
10 81
10 89
5 63
8 9
1 80
9 48
8 53
8 41
4 24
4 94
10 15
2 23
9 33
1 38
10 75
7 82
5 45
7 17
10 22
4 64
4 78
2 13
8 68
6 47
8 45
3 39
2 56
2 54
10 27
8 83
8 22
4 51
9 32
6 48
8 15
7 32
9 77
6 23
4 53
5 56
1 67
6 29
3 41
3 29
1 23
4 99
2 11
2 21
9 34
10 99
1 34
5 62
8 20
1 34
3 93
5 16
7 26
7 37
9 90
10 84
9 14
7 17
10 96
9 24
5 7
5 37
2 50
1 83
7 63
7 37
2 56
3 67
1 30
4 86
3 95
10 34
7 14
5 98
5 49
6 16
5 3
7 10
2 20
5 85
6 90
8 88
6 62
9 37
6 72
7 4
2 67
4 81
7 73
6 81
6 7
2 44
2 59
2 35
7 67
10 45
10 34
6 8
1 46
5 37
4 78
3 4
7 15
4 79
7 34
2 62
5 18
10 46
10 41
7 7
2 77
2 27
6 9
3 56
3 24
4 93
5 18
8 33
2 63
10 38
3 25
3 50
3 62
10 97
1 71
3 26
1 15
4 3
2 57
7 68
5 94
3 19
6 67
7 68
9 74
2 40
6 71
1 68
1 70
3 16
4 48
5 89
4 100
4 41
6 85
8 37
2 58
4 65
7 97
1 76
3 89
2 58
3 74
7 89
3 23
4 32
8 60
4 92
9 26
1 24
6 33
1 95
9 68
7 29
2 84
10 58
3 63
7 33
4 68
9 44
5 93
6 26
3 75
6 61
6 10
7 6
3 85
2 32
10 58
5 72
4 64
9 25
6 9
6 27
7 39
2 90
8 63
3 96
3 2
5 47
3 95
9 53
4 49
10 26
3 26
4 18
6 26
4 53
6 55
2 76
7 77
8 37
9 94
5 67
2 31
7 23
7 99
10 51
3 42
9 65
9 65
8 35
4 45
1 11
7 36
5 6
1 89
4 32
6 17
9 47
9 64
7 15
9 43
1 18
6 74
10 20
1 54
4 19
10 12
10 70
1 18
10 60
2 88
6 4
2 25
2 84
3 44
10 95
10 42
7 35
6 15
9 99
1 30
6 98
9 93
8 3
1 10
7 98
3 100
9 83
10 46
