2 77
1 95
7 66
2 66
7 73
10 83
8 42
7 13
7 97
9 78
4 17
8 90
8 75
9 95
4 38
8 6
1 9
6 66
2 58
10 12
3 46
3 31
3 98
6 58
9 57
3 96
8 80
7 60
9 35
5 73
5 20
6 17
8 15
1 91
3 25
6 67
9 94
3 88
8 35
10 60
9 88
6 59
8 16
10 37
7 23
2 54
6 37
9 17
6 57
10 68
10 31
3 24
1 52
9 9
5 84
10 42
8 95
1 7
9 77
8 3
1 39
5 52
5 68
5 66
9 20
7 65
9 92
3 23
2 79
6 58
4 74
3 58
9 68
2 32
7 48
1 52
4 55
10 73
10 77
7 15
6 20
3 96
10 94
8 43
8 53
8 39
6 88
1 13
7 20
7 18
8 20
3 77
7 67
3 20
10 85
8 44
7 73
6 18
7 54
2 30
6 88
7 65
4 30
3 43
3 43
3 34
4 82
1 13
7 10
4 41
6 51
6 59
7 51
6 44
8 30
4 69
8 1
2 74
8 97
9 75
6 24
3 43
9 9
2 41
4 50
2 32
10 7
1 50
8 58
10 85
1 69
7 54
7 44
9 4
7 24
8 54
1 89
5 29
8 65
6 81
5 82
8 85
7 62
2 65
8 85
2 89
2 40
10 49
7 25
3 78
7 60
2 55
2 21
9 40
2 47
2 60
4 73
4 84
3 20
10 98
8 50
6 24
1 66
7 82
9 64
10 48
7 12
1 51
10 55
6 44
7 34
3 71
2 48
6 30
5 31
1 71
7 31
7 26
8 91
10 52
10 73
4 98
1 60
9 86
7 69
9 97
4 59
3 1
2 68
8 94
9 50
4 56
10 26
4 87
4 8
3 64
9 84
10 4
6 45
5 36
6 93
2 84
4 57
6 52
5 43
1 84
6 54
1 39
8 89
7 12
3 96
10 62
1 88
6 7
2 39
9 24
5 40
3 15
5 41
5 78
7 26
10 80
2 61
7 98
6 81
4 4
6 76
1 49
7 75
1 89
3 20
7 95
7 38
1 44
6 62
9 63
7 5
1 6
3 82
5 53
3 66
2 31
9 43
1 70
6 43
2 12
3 90
1 68
8 31
10 6
9 96
2 80
2 72
6 54
9 6
5 66
5 60
4 13
7 6
8 57
10 45
3 15
6 57
4 8
2 51
10 49
10 64
4 77
3 71
4 93
4 68
1 7
8 83
2 54
8 48
1 49
10 78
8 18
10 24
5 39
2 38
2 9
7 65
4 42
9 1
8 37
8 57
10 36
9 3
10 22
8 41
1 79
6 28
9 89
1 87
3 57
2 36
3 83
8 63
5 98
7 60
10 4
9 8
3 98
3 47
1 38
9 10
4 22
1 72
5 13
1 71
8 33
10 48
1 65
10 83
10 94
7 22
6 73
9 77
2 17
3 45
1 68
8 62
1 28
9 6
3 76
2 55
4 47
7 56
6 61
1 100
5 50
3 33
6 76
2 61
10 69
7 44
8 14
2 37
4 2
3 98
5 4
10 19
4 25
2 46
5 2
2 87
8 1
7 79
1 62
4 79
8 97
4 95
3 7
8 36
1 71
3 28
1 68
1 68
1 65
3 68
2 40
8 23
10 32
1 9
8 25
4 76
2 14
7 31
9 51
9 83
6 97
4 63
1 28
6 62
4 91
10 76
7 39
1 49
2 54
4 4
1 11
8 75
4 44
1 5
2 38
5 96
1 45
8 61
2 20
7 87
1 17
4 71
9 51
8 76
1 60
3 38
8 86
1 37
7 90
6 59
8 77
10 38
4 70
6 56
5 64
1 93
6 97
5 69
9 97
3 52
5 70
9 31
10 36
1 48
10 49
8 22
9 22
8 62
6 18
5 78
2 57
2 100
6 96
9 66
7 100
4 34
2 35
2 53
2 88
9 3
9 60
10 86
2 11
10 46
4 10
10 1
3 65
9 83
4 85
7 38
9 19
1 57
6 61
3 19
9 91
7 43
7 96
1 47
8 91
9 30
7 29
8 82
1 26
8 26
8 61
3 77
2 60
5 18
4 1
4 21
2 23
2 30
5 25
6 76
5 62
7 72
5 85
2 73
5 55
8 54
6 92
10 27
10 75
2 48
8 58
10 78
2 86
7 52
3 27
8 87
3 20
9 79
8 79
5 70
7 72
2 30
5 81
2 84
10 58
1 59
10 94
9 52
7 94
2 52
1 37
8 91
5 42
7 40
10 26
2 93
9 26
2 27
2 65
4 23
8 34
8 76
10 18
2 81
10 1
7 78
2 35
1 59
2 34
7 89
4 43
6 46
8 79
8 36
9 31
2 69
8 36
2 34
5 29
2 43
5 50
6 15
5 7
3 53
8 82
6 30
9 54
9 13
10 61
4 73
1 53
7 95
3 7
5 78
3 60
8 20
4 29
7 10
10 59
8 67
1 97
4 69
10 74
7 38
5 62
6 79
9 13
6 79
10 67
7 59
5 27
8 57
9 75
8 27
9 56
3 22
3 71
6 37
10 48
7 76
4 60
6 81
1 39
6 74
7 100
10 49
5 89
2 70
5 58
5 47
3 57
8 62
9 80
6 95
1 64
3 45
7 30
6 40
3 24
6 44
2 94
8 93
4 63
5 87
7 88
10 34
3 31
8 87
2 100
10 93
5 37
4 39
9 89
3 47
10 64
5 13
8 13
1 82
9 81
8 92
1 44
5 54
8 10
5 65
10 100
8 15
10 56
9 39
3 67
8 18
3 63
2 17
1 10
1 13
10 78
3 64
4 62
5 29
4 85
4 8
1 74
10 56
3 1
10 1
7 26
7 50
10 88
3 44
3 35
2 69
4 63
10 65
8 62
8 63
1 33
9 44
4 96
9 16
5 79
6 73
9 4
7 46
8 64
2 10
9 82
6 91
3 4
10 2
5 88
5 63
4 78
9 84
7 37
3 52
1 79
7 3
9 35
2 75
6 78
10 66
8 62
1 9
1 76
4 58
8 16
2 45
10 51
5 6
2 41
1 55
7 45
6 63
6 30
1 36
6 76
1 62
6 47
9 86
3 96
5 14
9 83
2 78
2 73
10 72
6 48
3 89
1 60
2 33
7 45
2 69
6 55
5 28
7 18
9 91
2 40
5 99
5 52
3 97
2 36
7 8
2 11
1 47
3 57
6 25
10 97
4 67
1 30
1 61
2 77
5 62
9 83
1 47
10 27
7 35
10 11
3 80
5 36
5 76
9 100
7 95
9 92
7 78
8 3
3 38
10 42
10 31
4 78
3 7
10 52
7 39
3 3
9 73
10 53
10 69
1 20
10 74
7 100
5 60
3 39
4 25
10 32
4 45
3 21
4 75
4 31
1 33
8 88
6 19
9 57
4 17
4 38
2 44
10 67
10 83
3 85
7 71
1 91
4 12
9 67
6 47
1 68
10 62
1 29
9 74
6 84
8 81
8 38
3 39
4 3
10 87
2 42
1 96
4 55
4 65
7 25
2 90
9 20
8 5
6 47
6 6
5 62
9 91
10 11
7 80
3 99
5 15
4 86
4 4
1 52
6 67
6 34
1 38
4 89
9 11
8 66
4 19
4 91
9 94
1 90
3 95
3 96
9 23
3 77
4 6
2 58
6 90
6 55
10 98
1 13
1 67
10 41
3 45
6 92
10 80
9 18
1 60
10 20
8 12
5 98
10 4
3 18
8 31
5 24
8 77
4 55
7 13
6 41
6 67
5 99
2 73
3 60
7 95
6 5
8 33
10 49
3 93
2 87
10 94
8 53
2 5
4 31
7 30
1 94
5 67
3 62
3 85
5 20
10 60
7 61
9 58
10 40
6 28
1 25
6 54
4 85
7 24
5 98
6 73
4 47
7 95
7 96
5 37
5 86
10 23
9 10
9 40
7 29
8 43
8 28
2 15
5 13
10 55
3 62
8 35
5 85
4 73
2 33
2 5
5 81
8 64
2 15
3 23
5 21
3 44
6 100
10 29
3 100
6 46
9 77
5 87
2 7
1 19
10 30
4 19
5 2
9 58
8 40
5 97
1 3
1 72
9 53
6 49
5 52
4 53
4 81
3 81
10 86
10 98
9 77
7 93
1 44
8 3
6 46
8 12
5 32
5 55
1 28
2 19
10 50
9 88
10 44
3 54
2 2
2 2
1 56
8 55
4 84
8 53
6 15
8 24
8 84
6 53
5 55
6 81
2 41
9 47
9 97
5 41
6 79
2 47
9 9
10 12
9 46
2 69
8 21
8 48
5 82
7 90
6 72
10 77
8 27
3 38
8 13
10 15
3 100
7 5
2 50
3 68
5 6
1 72
9 11
8 56
6 95
6 74
10 6
3 7
1 61
9 97
5 98
7 15
5 10
10 60
6 42
8 60
6 59
4 40
2 1
7 33
3 67
4 9
3 17
3 42
9 62
8 63
8 94
6 1
8 12
8 95
9 1
9 23
10 53
10 42
1 27
10 58
9 9
