5 82
4 71
7 17
4 13
5 85
6 34
8 18
2 39
3 93
10 69
5 79
3 26
1 42
4 56
10 29
9 69
7 63
6 45
5 9
10 25
2 55
1 16
8 1
2 91
9 87
1 82
8 10
10 86
1 98
9 68
10 14
10 16
1 30
6 46
8 44
7 14
7 78
7 34
9 60
1 10
4 12
8 15
8 6
10 2
10 37
1 73
7 48
5 48
8 54
5 66
1 79
4 85
6 71
6 12
4 100
3 28
8 35
10 6
3 68
2 65
1 93
7 88
2 22
9 68
1 6
7 29
4 41
1 90
7 6
8 54
5 76
7 88
6 6
5 31
6 64
1 80
1 72
5 10
3 38
6 53
7 28
2 15
1 22
2 4
9 90
9 8
7 45
10 31
5 31
7 56
4 8
9 55
4 7
4 82
9 28
5 63
1 94
4 28
10 71
7 84
9 49
6 66
2 17
8 100
2 59
1 50
9 54
4 61
9 14
8 43
10 12
2 97
8 45
6 13
4 16
2 81
2 50
2 48
10 55
2 16
1 79
7 18
6 26
7 83
4 78
3 91
8 79
10 100
3 46
5 89
9 43
3 93
7 60
4 15
9 76
2 79
5 33
7 23
3 23
1 81
6 89
8 18
9 29
10 72
1 67
1 67
6 54
7 50
6 93
3 74
3 42
4 5
7 94
10 13
4 65
2 18
5 43
2 70
7 8
10 60
5 49
4 37
6 25
2 60
1 23
6 9
2 13
7 13
6 54
9 32
2 97
4 23
2 2
9 25
4 35
2 45
8 44
6 47
9 99
5 84
9 87
1 96
10 72
10 64
1 33
4 56
1 46
4 83
2 77
1 93
2 3
5 87
7 75
4 83
4 24
3 10
1 29
9 63
5 87
8 53
9 34
3 46
8 28
1 16
4 88
7 40
3 18
6 57
4 20
1 14
10 37
10 74
2 66
8 67
3 75
5 45
6 87
3 20
3 28
8 23
5 86
3 77
1 36
7 56
4 38
9 81
7 77
9 59
4 76
2 66
8 59
3 56
10 83
3 76
10 2
9 75
10 56
6 76
6 63
3 55
9 96
5 31
9 53
6 66
10 51
10 26
10 79
9 45
9 33
3 93
9 8
4 26
4 67
4 9
2 18
7 96
10 56
7 68
6 100
5 90
10 1
10 2
3 96
6 5
5 95
9 91
8 45
4 13
8 69
7 49
9 42
3 8
1 96
9 4
4 18
8 21
10 97
9 10
9 54
3 84
3 99
2 10
1 66
6 75
9 39
8 99
4 49
1 34
3 93
4 95
1 16
5 20
7 10
2 34
3 11
4 29
10 50
8 98
7 77
3 66
10 61
8 46
7 95
2 60
5 67
6 14
5 33
6 10
5 70
8 14
7 14
7 25
1 40
7 76
2 73
5 91
6 67
5 80
7 47
9 27
2 94
8 35
7 69
6 17
4 51
10 59
4 28
3 12
4 69
8 46
7 35
10 25
3 93
5 32
8 81
10 31
7 62
10 56
8 89
4 10
9 63
3 19
6 91
3 85
10 85
9 90
6 78
3 58
8 75
1 91
9 21
8 51
5 39
4 48
6 81
7 36
1 96
4 60
4 50
1 65
5 84
10 67
9 99
2 35
1 92
5 35
6 53
10 84
3 25
7 75
8 44
1 80
7 71
4 45
8 10
1 88
10 30
5 81
1 37
8 51
5 90
2 41
7 30
10 41
2 24
6 57
10 38
10 50
8 52
6 38
8 62
6 25
5 74
4 61
10 92
6 7
4 28
2 14
4 70
8 11
1 43
5 87
2 99
4 17
6 63
7 96
10 31
1 29
7 10
1 57
9 21
4 23
1 81
7 77
4 28
3 18
3 76
6 47
9 20
4 35
3 16
3 93
4 52
2 52
4 16
9 11
3 79
5 42
7 38
6 46
8 53
6 73
7 1
4 39
3 5
1 17
10 87
10 31
2 9
8 25
2 81
10 74
8 23
7 14
9 83
9 21
10 44
7 49
9 12
3 6
3 29
10 50
9 59
1 76
8 7
6 45
4 38
2 45
1 52
7 60
8 80
5 51
2 25
2 6
1 67
2 8
9 72
8 52
6 18
8 94
8 57
6 92
1 53
8 98
7 30
7 67
3 6
3 6
9 13
6 44
8 31
1 53
3 70
5 15
6 10
9 100
8 100
2 21
10 91
6 81
8 86
4 57
7 70
2 52
8 80
2 90
4 72
6 33
3 32
5 61
3 93
5 59
2 31
1 69
10 92
2 12
2 80
3 50
5 31
9 3
1 24
3 92
4 46
6 4
3 18
8 16
2 61
4 9
10 66
6 3
4 92
4 41
3 66
8 4
2 60
7 41
1 12
1 76
5 61
4 35
1 87
3 96
5 71
6 75
3 18
9 28
7 91
2 50
1 34
2 65
5 1
2 66
9 21
4 96
3 4
2 81
1 71
1 87
2 27
10 18
7 62
3 76
5 56
4 49
9 12
1 81
3 17
6 48
9 49
5 84
9 9
4 90
5 47
1 43
6 5
7 1
5 47
5 71
10 49
2 65
8 67
7 78
8 90
3 36
10 83
7 74
5 39
3 90
6 42
5 12
7 25
4 64
1 64
9 52
3 68
10 62
10 75
5 62
3 10
3 87
6 16
9 60
8 45
1 1
8 44
1 36
3 79
2 15
2 2
9 8
4 55
10 9
4 77
4 9
6 18
8 24
8 51
1 58
1 64
8 64
4 86
7 85
1 11
1 62
8 59
6 90
2 100
10 28
3 48
1 96
8 22
10 58
6 37
3 86
5 81
1 13
6 51
9 59
6 32
3 26
7 2
3 35
3 92
4 9
7 24
10 43
5 42
2 83
3 81
4 42
1 62
3 18
9 72
3 15
4 88
6 86
9 12
6 43
4 96
7 15
5 26
3 46
10 62
2 3
9 67
5 66
1 76
2 6
3 76
10 89
9 49
10 13
4 47
10 94
7 14
5 34
3 89
9 36
5 54
10 8
4 40
10 92
7 91
8 57
9 80
4 21
10 57
2 41
6 35
1 15
7 14
8 74
7 50
9 34
5 90
1 96
8 87
5 26
4 35
6 79
4 99
2 62
7 2
4 5
1 75
3 7
7 6
7 39
7 80
10 8
10 90
3 93
5 45
1 24
10 100
8 68
10 89
3 25
8 5
6 30
5 79
8 13
2 93
9 53
2 40
2 93
1 21
2 17
1 53
5 3
1 45
10 81
10 87
9 46
2 54
7 50
6 24
2 30
9 35
10 9
2 61
1 14
9 1
4 99
4 79
1 87
4 20
3 96
9 24
1 56
5 41
2 3
4 29
7 86
7 19
8 90
8 11
6 10
5 20
5 71
6 52
6 32
1 55
8 51
3 64
7 36
10 30
1 67
9 62
7 100
7 3
10 31
8 39
2 26
10 44
7 41
8 47
3 61
5 40
1 9
6 96
5 21
1 45
6 80
7 16
6 9
2 13
4 34
7 88
3 38
4 23
7 86
2 41
2 11
10 77
10 42
5 4
1 44
3 5
6 93
8 43
10 69
9 62
2 55
1 10
7 70
7 30
5 89
1 29
7 30
8 91
2 54
5 34
1 85
10 32
3 50
9 41
6 39
1 75
3 84
1 34
9 17
4 65
3 97
7 87
5 53
2 51
1 30
6 13
3 32
9 96
5 60
8 41
4 28
1 38
10 95
5 84
10 80
9 28
6 8
3 60
3 37
2 27
2 100
6 46
8 24
1 35
5 1
10 68
5 28
5 44
5 78
5 6
6 58
6 71
6 93
7 55
5 93
6 16
8 2
3 7
1 62
9 67
8 11
7 36
6 10
6 25
2 71
7 99
4 24
4 50
1 97
10 1
8 42
7 45
2 55
2 28
7 73
4 81
2 49
8 60
5 3
4 20
8 41
1 100
3 94
3 16
6 54
1 93
10 96
2 52
7 11
1 71
8 6
3 53
5 7
5 37
2 95
10 87
7 32
6 15
3 68
8 19
2 65
8 92
10 11
7 44
8 50
9 55
2 97
7 55
2 45
6 54
6 53
4 49
4 72
10 24
1 93
7 33
4 71
8 40
5 50
2 76
10 25
4 1
5 37
7 91
1 71
1 72
4 30
9 25
7 14
4 61
9 77
5 92
9 23
10 64
5 73
6 14
8 22
1 3
10 79
10 9
9 29
6 26
5 82
9 17
8 12
1 81
3 70
2 54
5 33
4 77
3 54
5 60
5 55
6 49
2 95
8 13
7 12
3 100
7 68
2 3
2 48
5 53
7 22
9 44
4 97
8 49
7 55
9 72
3 75
1 25
6 13
6 35
2 15
10 31
4 25
9 60
10 89
10 19
9 38
5 42
8 48
8 28
7 69
5 92
5 86
8 82
7 12
4 10
9 6
9 74
7 61
7 89
4 39
4 15
9 41
7 12
3 100
10 77
6 11
9 21
7 92
7 49
7 52
7 12
7 57
2 54
9 27
