1 60
1 41
4 92
3 96
3 11
9 57
8 84
5 10
6 18
6 13
9 38
7 93
1 95
8 24
1 84
2 84
7 41
9 85
6 46
1 47
10 58
2 59
10 19
2 36
9 36
4 97
9 24
6 98
3 61
4 68
1 86
4 62
7 33
1 70
1 98
6 69
6 24
7 83
2 9
7 87
5 59
2 75
3 18
9 92
6 13
10 21
1 28
3 98
10 3
5 96
3 26
1 96
6 19
10 85
7 14
5 6
3 98
7 26
3 27
6 91
9 7
5 30
3 75
6 5
7 13
9 43
7 77
6 50
3 93
3 74
5 68
10 90
8 3
9 39
7 63
4 89
7 31
2 83
6 47
8 99
8 41
1 55
10 80
2 39
1 83
7 65
4 62
6 71
9 12
6 23
4 91
3 4
1 53
3 41
4 91
5 12
2 61
9 53
6 93
2 52
7 9
4 78
6 69
9 92
3 78
3 31
4 26
7 52
2 32
6 74
1 3
6 3
2 91
3 51
4 68
4 5
3 56
8 41
8 95
9 66
1 25
7 65
6 25
5 66
5 74
10 68
1 88
1 61
1 36
2 39
10 60
3 2
5 14
8 74
6 43
10 37
10 21
2 7
7 75
2 54
5 13
3 18
8 85
10 29
7 24
4 40
1 57
9 46
10 95
7 33
9 14
5 52
1 42
6 88
9 53
3 20
2 23
5 3
4 66
6 40
9 79
5 66
9 84
2 6
2 69
9 47
9 47
3 48
3 92
8 69
9 5
10 39
7 74
6 62
9 12
4 46
9 73
2 10
9 96
3 90
9 71
8 94
2 99
5 49
5 71
10 56
6 90
3 72
10 3
10 16
1 58
7 54
2 34
4 22
7 93
9 77
8 13
7 80
2 49
5 26
9 47
2 50
2 90
3 35
8 82
9 66
2 5
3 2
5 21
5 96
7 76
10 4
4 46
10 24
5 49
7 16
10 23
9 12
9 89
9 91
3 7
3 49
4 72
8 47
9 12
9 18
3 57
7 98
2 3
10 58
2 52
8 14
2 73
2 13
5 11
4 5
4 86
10 87
9 56
3 92
3 53
1 78
5 82
9 32
3 53
5 63
1 81
6 58
6 95
5 65
4 89
8 80
3 27
2 10
1 16
7 59
2 78
5 11
5 50
4 70
4 86
3 73
3 25
7 90
8 51
8 12
10 34
5 93
9 1
3 85
4 84
7 28
1 25
1 29
5 86
5 80
10 51
7 82
8 83
5 78
1 83
6 78
7 35
8 16
6 54
5 49
1 57
9 61
6 43
4 93
9 32
2 41
9 80
6 8
2 84
7 95
2 48
1 60
5 67
9 89
1 60
9 48
8 86
9 76
8 88
9 73
4 64
1 22
4 77
10 89
6 38
1 61
2 86
4 72
6 11
5 35
5 17
3 51
10 20
8 30
3 88
8 67
2 96
2 90
9 18
3 80
4 48
9 52
4 9
4 12
5 58
3 55
1 59
3 55
4 45
5 42
2 31
9 18
10 14
3 14
7 79
2 54
5 7
9 59
7 17
2 43
10 16
7 92
4 15
2 59
4 76
8 25
8 13
3 70
2 26
6 26
10 91
7 33
4 1
10 27
2 38
7 21
2 82
4 11
3 37
5 39
5 31
7 46
5 86
6 31
10 7
8 82
5 96
2 87
5 74
9 35
2 3
10 86
9 87
8 88
9 22
2 43
4 18
9 23
2 41
9 37
1 13
4 93
10 84
2 6
10 29
5 8
2 42
6 90
10 60
8 90
9 3
3 79
9 21
5 78
1 88
6 57
7 77
2 99
6 5
4 40
7 50
4 78
9 42
2 42
9 52
1 42
2 95
2 32
6 69
7 79
6 5
1 81
9 86
8 2
9 37
8 12
6 98
4 8
10 6
1 97
8 23
3 48
10 89
10 68
5 70
10 44
8 6
5 11
10 37
2 4
10 37
4 6
9 56
3 83
10 71
7 98
5 10
4 91
3 61
2 69
8 79
1 83
8 61
9 34
8 13
10 10
4 49
5 23
2 8
1 11
8 57
1 75
3 4
3 40
10 94
6 2
9 24
8 4
9 87
7 22
5 7
4 59
4 97
9 1
5 47
6 32
2 93
9 100
6 34
3 43
7 94
8 19
4 21
3 96
10 4
5 59
3 49
5 64
3 29
2 26
6 69
5 93
1 9
3 19
3 31
6 16
4 71
3 8
8 99
1 87
2 100
8 58
4 46
10 85
8 49
9 89
5 8
8 86
6 26
4 85
4 8
3 10
9 74
10 94
10 54
3 81
10 11
8 69
4 63
7 77
8 9
9 86
10 58
10 1
10 51
1 87
4 43
10 5
9 96
3 11
8 25
3 9
7 13
6 30
3 14
4 93
4 17
6 77
6 67
10 68
9 6
6 80
5 51
6 67
4 3
2 85
7 92
4 12
6 30
4 4
3 15
9 33
7 80
6 70
1 30
4 52
4 78
5 76
8 49
2 54
2 20
3 51
2 99
7 53
5 9
8 59
10 73
6 52
7 96
10 25
6 63
6 68
9 10
9 83
5 3
6 22
8 71
7 17
9 48
8 38
1 44
3 79
3 52
5 31
7 31
3 39
1 7
1 85
5 100
2 49
8 85
1 28
1 75
1 51
9 60
5 76
2 85
5 40
1 21
1 93
9 66
3 75
9 29
4 87
3 30
6 2
3 2
5 56
6 54
1 5
8 77
1 6
7 41
5 39
6 19
4 36
6 53
8 1
8 98
4 81
8 81
6 99
9 86
4 14
4 95
9 76
8 62
3 58
4 5
8 46
9 22
3 2
6 96
7 17
10 93
3 88
1 22
1 75
10 50
3 97
8 65
10 34
5 44
7 13
10 47
6 27
8 67
5 79
6 59
8 23
7 66
1 83
8 3
5 42
5 69
9 18
5 94
4 73
5 18
10 26
3 60
3 65
1 17
6 93
9 78
5 47
1 74
7 4
9 57
8 52
7 19
7 9
9 60
5 88
6 88
2 42
8 24
5 16
2 49
5 93
4 9
5 58
2 40
10 61
5 8
5 93
8 37
9 33
6 72
2 99
10 7
9 45
3 47
9 16
8 30
1 30
7 36
4 26
4 21
10 70
6 3
2 61
9 91
1 27
9 74
8 50
3 19
3 39
9 32
5 58
9 5
8 90
10 2
10 85
7 44
5 97
8 36
9 61
9 31
10 50
6 6
3 46
1 94
3 99
5 13
4 80
4 93
4 34
2 61
5 90
9 81
9 51
2 82
9 71
10 87
5 68
3 8
9 69
6 62
10 37
6 45
9 28
7 22
10 6
2 91
3 61
8 69
2 11
10 60
9 77
2 7
9 70
3 92
7 33
2 3
3 63
7 59
1 77
4 37
10 65
1 90
2 43
10 51
10 43
9 40
5 18
7 34
6 3
2 74
6 77
9 68
9 47
9 88
5 59
9 1
9 20
4 84
3 34
9 12
10 96
7 88
3 26
5 24
8 81
3 54
2 17
3 17
4 74
1 49
6 26
6 46
6 62
9 2
2 48
8 91
9 42
2 81
4 41
10 66
4 41
7 63
7 77
9 91
7 11
3 88
8 58
4 93
9 20
4 84
7 23
3 48
7 4
5 15
4 48
4 31
8 42
3 7
6 1
1 85
8 55
8 42
1 4
1 62
3 2
8 86
6 85
9 84
4 11
8 6
6 97
4 20
5 14
10 76
5 46
8 72
4 10
4 23
4 67
2 44
2 100
10 32
8 1
10 90
2 54
9 10
1 90
7 92
8 42
3 8
4 71
8 78
4 71
8 35
2 74
7 67
7 9
1 6
2 76
1 31
5 70
1 23
1 18
7 59
5 97
5 57
2 39
8 90
8 3
4 54
9 99
6 91
7 85
3 51
4 56
10 10
5 7
7 1
6 41
9 42
7 53
9 24
4 32
6 82
4 34
7 11
5 14
10 17
8 34
1 93
1 63
5 35
3 45
6 64
4 91
9 92
10 15
10 93
8 17
2 70
3 63
3 52
6 29
9 97
4 70
6 26
1 43
6 51
3 35
1 15
8 49
1 86
5 70
1 68
4 75
6 82
10 71
5 56
7 29
6 98
8 10
9 40
4 50
2 74
2 82
6 60
6 1
2 31
5 87
3 33
10 36
10 11
8 21
7 6
7 55
10 20
1 65
6 29
1 27
4 86
1 69
6 5
4 37
8 91
4 78
1 47
3 30
4 77
7 15
8 91
2 54
1 79
9 36
6 66
1 78
1 57
6 65
9 95
1 36
6 23
6 66
4 64
4 40
6 75
1 95
1 12
8 54
4 68
7 7
7 3
6 8
6 3
10 62
6 15
4 90
10 90
4 84
6 59
3 5
10 37
9 49
9 55
10 39
4 55
2 9
8 32
8 23
3 19
4 11
5 11
10 95
4 37
9 40
8 47
10 19
2 75
2 58
5 65
7 41
9 99
8 83
10 77
4 73
2 25
4 93
