10 46
3 17
7 83
5 79
5 48
1 87
1 72
9 26
6 41
7 70
1 14
4 65
6 34
7 28
10 37
1 3
3 77
4 96
9 35
6 21
2 29
3 4
2 45
10 30
4 68
3 79
2 84
1 30
4 71
3 69
9 54
9 56
8 75
7 32
4 84
6 34
5 81
10 50
7 56
9 82
5 43
3 15
3 58
7 25
5 43
5 90
2 68
4 97
5 88
1 69
8 51
7 91
3 97
7 39
10 21
10 31
8 79
1 95
4 79
2 33
9 16
6 43
10 50
4 88
8 8
6 11
9 27
9 44
1 60
2 85
5 65
1 5
5 40
2 89
3 95
6 91
3 63
10 96
10 52
2 45
7 63
10 31
7 97
1 40
5 12
6 62
4 15
7 47
1 93
4 87
5 51
4 51
10 1
5 22
4 99
4 21
3 41
3 60
2 44
2 48
7 92
7 46
6 24
2 2
5 40
4 44
10 54
9 52
3 48
3 100
1 66
3 16
8 22
2 41
2 80
8 84
10 91
5 67
5 42
7 98
2 68
3 12
1 37
2 79
10 25
10 26
2 74
1 98
2 69
2 96
7 10
6 47
3 87
7 46
2 56
5 70
3 32
9 79
10 15
9 72
3 28
10 88
1 14
9 66
6 100
3 49
8 22
3 62
1 82
9 44
1 28
10 27
9 14
10 9
5 32
2 6
1 96
5 82
3 75
8 33
5 89
7 30
2 62
5 21
10 81
6 84
3 62
3 77
3 48
8 46
10 49
3 2
1 51
10 8
6 75
2 14
8 25
1 84
7 28
8 87
7 20
2 93
8 62
6 83
8 35
8 95
10 18
10 91
4 68
6 6
6 93
8 26
9 45
7 100
10 52
9 1
6 28
5 21
6 69
10 58
3 76
1 91
1 17
7 55
1 38
4 25
1 26
6 73
7 51
9 93
9 1
1 99
8 95
6 32
1 87
2 42
1 29
5 29
6 44
5 80
6 55
7 16
1 24
10 87
1 40
2 75
8 27
4 72
9 33
8 40
3 38
8 30
9 47
8 39
8 91
6 82
9 85
2 19
8 3
7 67
10 44
3 58
4 71
8 45
8 80
9 23
6 25
10 7
4 94
4 25
1 73
7 2
3 33
5 38
10 62
10 18
9 79
6 62
7 12
2 13
6 35
5 35
6 37
1 65
3 73
4 45
10 82
9 16
1 7
1 81
5 93
4 35
7 8
7 48
10 42
3 66
8 22
7 14
9 40
10 7
4 58
5 96
6 99
2 60
2 56
10 53
9 61
5 51
10 89
9 90
5 70
4 33
1 8
7 95
3 66
1 82
8 12
5 63
7 79
1 37
6 10
8 72
2 37
5 66
2 45
1 14
6 52
1 33
2 2
10 94
2 53
5 69
1 70
3 49
7 59
6 16
6 65
6 24
4 81
3 27
1 91
7 39
1 2
8 28
4 65
10 79
2 16
1 38
2 22
1 26
4 58
5 32
4 51
6 96
3 34
4 79
7 41
7 29
10 87
4 23
8 47
3 47
9 8
5 2
5 90
3 86
10 76
10 31
8 75
7 56
9 24
3 90
1 53
10 92
1 40
2 41
7 93
4 73
10 15
7 100
5 7
4 33
5 38
1 86
3 52
10 92
9 17
8 39
6 16
4 48
9 15
1 80
2 11
4 88
7 29
4 82
3 9
8 40
7 7
10 92
1 72
10 16
5 80
3 47
1 22
1 54
8 11
5 53
8 21
5 30
9 61
7 9
10 4
6 53
9 23
8 71
8 29
4 77
6 50
5 66
6 31
6 12
1 81
6 55
1 15
5 50
10 51
8 65
7 72
8 2
8 47
8 88
9 17
1 65
10 9
9 99
10 67
3 20
8 68
1 8
6 41
3 61
3 39
4 73
1 37
2 98
2 83
7 54
7 70
4 6
10 8
3 3
7 10
4 57
7 65
8 53
3 54
9 85
10 3
6 98
1 15
1 13
8 58
5 82
1 17
8 39
8 16
7 50
2 76
7 67
7 71
6 93
3 44
8 51
1 40
8 19
6 90
2 35
4 64
2 20
10 94
4 56
6 4
2 23
7 28
4 27
4 98
4 97
8 18
6 28
6 80
6 61
5 61
1 89
2 93
4 87
10 61
3 66
4 41
7 87
7 80
1 51
9 43
2 69
9 19
9 15
8 46
9 48
7 82
2 49
7 98
8 53
7 22
3 99
6 10
6 22
4 98
7 5
5 97
1 96
9 60
6 24
10 79
2 47
9 95
8 25
5 11
3 55
6 61
6 29
10 15
10 55
2 71
2 24
10 81
5 88
7 65
7 3
8 66
5 11
3 74
1 24
5 39
4 24
9 85
1 6
10 37
2 35
4 40
6 63
1 58
1 82
6 50
5 17
4 99
4 32
3 21
4 42
5 70
10 22
10 64
2 92
4 83
6 10
9 51
2 4
9 28
7 1
1 60
5 16
9 63
2 6
8 5
9 27
5 48
7 61
8 32
3 14
8 42
6 63
2 1
4 19
8 60
4 59
9 24
4 54
4 66
4 24
6 10
10 79
3 10
3 35
1 63
5 5
6 29
7 75
8 78
6 66
2 74
9 88
9 97
1 49
7 54
7 58
4 28
4 22
5 52
10 10
2 71
2 39
4 84
4 65
6 34
8 43
9 92
8 62
2 50
1 47
9 2
3 66
9 3
6 57
1 37
5 6
3 45
6 89
1 68
5 58
5 89
10 96
5 36
6 59
7 43
8 28
9 11
2 2
3 82
4 79
7 5
3 17
10 81
6 20
3 52
3 62
1 46
10 7
3 78
5 27
5 11
2 54
9 15
5 58
5 63
4 44
7 13
3 29
10 71
7 23
3 9
5 93
10 71
2 43
2 41
5 44
8 32
5 70
8 45
7 92
5 41
3 52
4 72
9 78
3 99
4 18
3 50
7 98
5 18
6 12
10 21
3 88
5 44
7 57
8 6
5 34
10 11
3 47
10 74
9 54
3 93
10 61
8 12
3 78
2 5
2 3
8 91
8 19
4 52
10 58
8 73
5 48
1 14
10 18
8 16
7 91
7 45
3 68
4 45
2 68
2 10
10 10
7 70
1 10
6 96
8 76
10 31
5 60
3 3
3 3
8 1
9 69
2 18
3 32
3 80
7 45
7 18
4 59
1 50
8 33
3 28
4 13
9 83
10 96
9 72
7 44
7 2
1 29
6 86
6 16
1 78
8 13
6 6
7 61
1 24
1 60
6 40
8 85
3 73
7 28
3 34
4 96
1 50
6 15
7 51
8 91
8 89
10 20
7 52
7 20
7 55
5 50
7 68
8 6
8 18
4 90
7 65
2 31
3 70
4 75
2 95
2 43
10 93
9 21
3 8
4 68
5 76
5 20
9 60
7 70
2 41
7 96
6 57
8 17
4 9
4 36
1 24
6 35
3 5
3 9
3 84
5 45
1 66
4 50
4 24
3 3
3 27
9 26
10 82
2 66
8 3
9 55
4 23
10 24
7 17
6 31
4 95
5 71
4 2
6 39
9 31
8 43
1 71
9 85
3 47
2 63
10 45
1 12
10 16
9 88
4 46
6 52
7 25
6 11
4 51
9 48
9 11
2 41
6 17
9 93
6 98
1 86
3 78
3 58
3 43
8 77
6 15
3 80
1 45
6 12
4 21
2 8
3 86
9 73
8 26
4 18
3 93
10 25
1 90
1 46
10 76
5 41
5 60
5 26
3 17
2 5
10 69
6 24
8 58
5 3
8 25
5 7
1 46
9 63
2 10
3 55
5 7
6 2
3 98
6 79
2 23
8 84
1 10
9 44
2 29
7 68
6 99
8 29
8 99
4 100
3 70
3 66
9 39
10 55
6 77
10 15
9 52
6 73
7 24
3 20
3 36
3 83
9 63
5 32
2 89
2 36
3 80
9 71
4 90
1 52
1 47
10 17
9 65
1 86
1 88
9 95
2 59
3 83
7 77
5 63
8 49
3 12
4 95
7 34
1 90
3 30
10 3
4 94
5 48
4 81
5 78
10 78
1 86
4 18
1 38
5 51
10 81
4 26
10 56
10 90
3 45
5 47
2 2
9 86
9 6
3 48
3 64
2 84
8 69
10 79
9 61
5 91
10 22
8 96
3 85
5 32
5 9
6 37
5 46
6 84
8 91
2 93
9 73
8 22
4 80
7 35
8 95
8 56
9 7
2 37
2 82
3 55
2 15
10 67
10 6
5 93
10 34
4 51
5 86
3 4
9 50
8 8
3 23
4 14
4 90
9 5
9 29
4 36
3 47
3 5
1 43
2 97
10 37
1 6
8 21
5 82
8 17
10 55
8 54
6 49
3 58
8 96
1 89
10 47
3 1
8 43
10 24
6 15
2 87
2 86
10 22
7 79
9 3
10 85
4 34
3 56
2 10
8 51
4 79
7 31
5 9
3 85
5 2
4 68
5 27
1 4
8 7
9 83
3 10
5 73
10 18
5 43
