3 15
4 41
2 89
5 5
7 12
7 52
6 42
3 20
10 68
3 82
2 37
2 9
2 31
10 95
4 16
6 50
3 90
4 77
9 75
1 100
8 89
10 3
6 70
8 15
8 88
10 55
2 68
1 55
10 72
8 93
2 15
7 42
9 69
1 92
5 17
6 26
7 68
2 18
8 98
10 21
4 23
4 18
4 68
6 52
8 65
8 62
1 21
6 46
2 57
9 18
2 61
5 100
9 80
10 17
2 71
10 25
9 5
1 1
7 30
6 45
2 86
2 25
2 78
6 3
7 74
8 32
1 74
5 49
2 3
6 48
7 68
6 60
3 31
3 10
1 10
7 58
9 83
1 6
1 89
4 93
1 76
5 88
5 53
4 67
8 75
2 40
9 46
3 86
6 15
3 83
5 23
7 54
4 76
2 53
9 70
4 36
7 39
2 84
4 84
8 23
2 81
8 63
5 20
6 62
1 89
10 30
3 89
1 31
4 45
1 94
7 14
7 11
10 27
1 55
9 91
2 60
3 98
1 63
7 58
5 33
4 43
6 70
3 20
1 46
7 18
6 29
3 20
1 39
7 44
7 85
8 16
1 35
6 76
3 15
5 65
8 87
4 24
3 95
2 29
8 14
10 86
3 59
8 32
9 63
7 90
7 14
6 66
1 4
4 68
8 35
9 60
6 51
1 20
3 49
8 80
7 1
5 47
5 79
1 31
10 16
3 12
9 51
9 66
5 55
4 62
8 68
10 12
2 94
2 34
1 65
4 96
2 28
4 3
9 48
10 44
6 66
2 76
3 82
8 42
2 71
3 22
5 40
5 64
3 72
1 100
10 17
5 73
2 34
2 87
9 24
7 64
6 13
1 56
2 97
3 62
10 4
7 99
5 33
10 64
9 32
7 80
8 3
3 51
9 32
3 16
3 31
2 26
2 60
6 22
6 95
2 84
7 24
7 31
1 49
1 85
10 95
9 95
5 14
7 83
6 86
5 44
7 75
1 43
4 23
6 68
2 20
1 11
6 77
5 9
7 46
5 46
9 76
4 69
2 2
4 49
5 83
1 52
8 65
2 61
5 96
5 51
6 24
2 96
8 75
10 48
5 79
9 32
1 57
5 78
2 83
4 56
5 64
4 52
5 22
1 15
6 13
6 87
6 51
9 85
5 36
2 73
8 100
5 70
6 47
1 66
9 26
1 4
9 69
7 63
8 37
3 47
5 43
9 80
5 10
8 22
4 58
6 1
2 70
1 28
4 25
9 77
3 93
4 30
7 13
1 3
6 18
7 85
5 37
3 18
7 63
5 50
8 53
8 34
7 15
7 95
5 81
5 99
8 6
4 49
6 1
10 47
5 1
1 89
1 40
9 12
7 48
4 69
5 55
2 13
1 17
2 78
3 56
3 20
9 16
9 53
6 25
3 18
5 38
2 96
7 4
10 36
10 36
1 12
5 34
5 30
10 91
10 70
6 2
8 95
5 3
1 55
3 68
6 38
3 46
2 85
10 28
8 25
4 43
6 34
7 46
3 77
4 25
2 6
9 2
8 38
2 71
6 94
6 31
2 93
5 31
8 93
2 57
9 10
3 1
1 27
8 37
10 50
1 43
6 58
2 85
9 63
6 84
1 95
4 46
4 36
4 99
6 51
5 31
6 76
3 27
9 92
10 69
1 44
10 61
3 55
4 42
4 100
6 87
9 81
10 4
5 48
4 61
3 76
9 13
6 44
9 35
2 80
8 62
9 69
8 52
1 64
8 50
7 59
2 66
8 40
2 38
9 3
5 81
7 71
10 12
4 24
10 83
5 4
2 74
4 71
8 86
10 2
6 25
3 81
2 63
7 41
6 60
5 98
2 31
6 36
4 84
7 17
2 18
8 63
8 6
2 12
9 57
10 28
9 95
5 86
7 5
2 60
3 57
6 97
6 31
6 48
4 80
3 7
3 40
2 30
8 77
8 94
8 40
3 31
4 15
2 26
10 4
9 11
4 38
3 87
7 2
5 86
3 69
4 62
5 53
1 72
4 21
8 62
3 31
7 29
3 21
6 33
5 65
6 28
4 86
7 86
7 83
7 35
4 63
5 38
5 77
1 9
6 39
10 97
9 83
4 57
10 11
5 43
10 14
1 3
7 30
1 73
3 89
10 26
9 61
3 78
4 9
2 74
8 95
1 17
8 6
8 56
8 87
2 63
2 93
6 63
9 94
2 31
5 70
2 63
2 100
9 64
8 87
6 50
6 84
1 51
2 65
7 49
2 30
6 83
6 56
1 40
5 34
1 82
8 58
1 91
10 71
9 22
2 9
7 21
2 35
3 51
6 65
1 37
6 7
8 13
6 5
4 47
8 9
5 60
10 19
3 37
9 39
6 26
10 54
3 88
7 7
5 20
2 1
6 70
8 35
5 27
10 63
3 43
6 12
1 82
3 90
9 46
3 48
1 6
2 98
4 95
3 73
10 52
5 9
5 31
3 34
5 67
1 38
6 89
7 66
8 72
6 36
7 97
6 98
5 99
7 46
8 44
1 65
10 70
5 45
2 61
4 95
2 74
3 31
3 56
6 61
7 58
4 16
6 62
5 32
8 14
5 4
9 93
2 31
2 73
6 2
8 35
4 83
5 72
10 16
2 40
2 10
1 96
9 30
6 86
4 39
10 81
9 66
3 62
10 22
1 51
8 50
7 30
7 50
7 61
1 99
5 86
7 52
8 54
7 42
6 72
1 54
2 21
1 86
3 2
7 87
4 34
7 23
8 49
1 39
5 89
2 67
4 9
10 13
5 16
5 64
10 33
10 55
1 97
5 22
10 45
4 49
2 79
8 28
7 88
7 39
9 72
5 20
6 18
4 26
10 74
9 64
7 40
8 11
10 87
6 21
10 56
6 77
2 86
6 97
9 56
4 2
2 90
2 14
7 56
3 50
6 7
7 3
2 2
6 69
10 78
3 4
2 10
7 3
1 91
6 18
5 28
6 87
6 34
3 65
10 27
4 2
3 61
2 28
9 34
3 83
3 1
10 69
8 32
8 34
10 6
5 99
3 73
7 71
1 30
2 30
1 44
1 42
8 78
9 50
6 100
5 2
1 78
3 21
10 5
4 3
10 15
1 24
5 90
9 58
6 8
6 23
5 66
6 5
10 11
2 99
5 65
4 41
5 99
7 89
2 93
1 62
3 86
6 30
3 43
10 71
3 14
1 46
4 50
7 12
6 93
5 67
2 48
2 37
6 78
8 8
3 85
1 27
2 82
9 72
3 93
10 71
2 98
1 26
10 7
4 51
10 30
3 16
3 93
1 46
3 81
1 86
3 48
3 53
9 37
8 86
9 15
6 49
8 49
5 75
7 45
3 53
6 31
4 75
6 57
3 68
10 37
8 43
1 55
8 64
7 29
3 8
1 42
1 83
10 23
3 17
9 97
3 40
3 76
2 29
2 87
3 66
4 6
1 39
7 77
2 78
6 68
2 58
8 17
6 35
3 92
1 8
8 22
2 1
10 32
5 9
2 88
3 32
7 60
1 71
9 31
2 1
3 92
2 80
9 88
7 65
8 56
4 65
8 33
7 15
5 81
1 23
4 11
4 12
8 39
9 33
5 63
3 45
8 62
6 87
6 4
10 66
5 15
9 3
9 61
1 32
6 98
6 95
1 49
7 44
9 35
1 95
2 88
3 76
6 74
10 74
4 52
3 74
4 60
1 98
7 86
4 48
8 34
6 37
2 49
8 72
7 11
7 12
2 91
8 4
1 20
9 76
9 5
3 13
4 29
7 6
1 25
7 12
4 91
7 74
7 71
9 2
7 73
8 40
2 58
5 5
2 68
9 55
6 6
5 50
7 13
7 47
10 53
3 60
9 71
9 12
7 72
7 80
8 99
6 24
6 61
7 73
2 78
4 75
9 51
2 34
3 87
1 69
4 51
4 24
7 11
2 61
8 39
5 82
7 11
5 54
10 63
6 66
4 2
5 94
1 29
10 52
3 60
7 1
6 54
10 31
5 72
4 88
2 92
6 70
1 7
2 63
3 52
1 84
3 15
1 21
8 99
3 25
1 73
3 97
7 35
10 78
5 44
10 33
9 88
6 42
9 84
6 92
7 17
10 24
10 31
10 73
6 70
5 1
8 68
2 27
9 65
1 97
8 92
8 64
4 99
3 66
6 70
9 36
9 17
5 30
8 44
6 93
1 77
10 4
3 26
8 42
5 20
7 23
8 44
8 73
5 20
8 20
1 57
7 15
6 92
2 26
1 12
10 33
7 61
8 77
1 7
7 2
1 37
7 85
2 75
9 33
1 87
2 78
8 21
7 25
2 71
5 23
6 57
8 33
8 37
8 81
10 14
8 67
1 27
9 39
3 47
9 31
8 56
9 76
4 66
3 75
8 58
10 78
5 68
10 21
6 65
2 35
8 65
4 6
3 98
1 48
8 15
4 66
3 24
1 91
9 51
1 31
1 63
7 31
5 73
5 17
5 26
9 12
