3 14
9 88
1 91
6 97
4 9
3 54
1 28
7 37
2 79
8 85
8 72
9 50
8 76
6 7
7 90
10 18
8 60
3 75
3 31
10 6
8 1
4 94
4 80
1 93
8 13
4 6
5 26
1 23
4 17
7 95
8 3
7 63
7 18
2 46
5 52
5 23
3 4
5 72
1 50
9 17
7 71
9 34
3 79
1 97
7 84
4 44
6 20
2 23
5 99
6 7
9 82
4 96
10 16
7 76
1 91
10 37
5 27
10 4
6 96
4 93
2 33
3 85
9 38
3 49
3 18
9 17
1 50
8 44
8 83
1 15
4 66
9 10
1 43
3 70
8 64
8 10
6 64
6 53
5 32
10 75
6 88
2 88
1 83
3 44
6 22
2 55
4 88
2 36
9 24
10 95
9 31
9 66
8 1
3 90
1 6
10 74
7 50
2 40
5 70
10 83
8 5
1 30
1 52
5 91
2 39
4 64
5 14
2 38
4 59
9 32
7 9
4 49
9 78
1 69
5 90
7 50
6 64
7 19
2 91
7 10
2 74
7 91
6 68
3 41
5 32
7 69
8 80
9 66
3 1
5 100
1 23
4 5
5 19
3 45
1 15
9 70
3 58
10 82
9 29
9 61
5 62
9 10
8 15
5 45
1 31
9 19
9 78
5 19
10 62
4 67
7 3
5 18
6 71
9 43
1 18
3 59
7 10
6 68
4 51
4 12
10 52
4 8
7 78
10 22
6 33
5 46
6 12
6 96
6 13
6 8
10 67
9 46
10 33
6 70
10 92
5 13
6 92
8 18
8 35
7 47
7 100
8 31
5 28
5 85
4 23
10 40
5 95
4 79
3 65
5 24
3 21
9 28
2 26
3 29
8 50
3 81
10 6
6 43
2 7
8 100
3 47
4 72
8 86
6 66
1 15
8 2
10 78
4 39
4 32
7 98
8 43
1 34
4 53
1 76
9 92
7 23
7 4
2 10
10 40
8 47
6 55
1 64
3 31
4 76
5 13
5 95
7 53
5 47
10 35
3 84
4 23
5 55
10 13
6 84
1 78
3 89
8 88
7 11
10 29
5 99
10 84
4 98
7 96
3 15
4 61
9 30
7 33
5 83
9 60
3 100
10 32
3 96
6 56
2 25
7 80
5 41
4 82
4 1
5 5
3 63
10 28
1 54
6 17
7 4
5 71
7 48
1 85
4 58
8 58
10 96
8 2
4 78
2 12
5 82
8 7
7 35
9 30
8 77
5 59
4 10
9 39
9 59
4 37
7 77
8 81
4 79
7 90
9 34
3 40
8 48
10 14
3 18
5 24
3 97
2 64
6 92
7 92
3 69
9 40
3 13
3 83
7 30
10 9
5 40
8 23
6 84
3 11
6 5
6 74
6 52
9 59
3 4
4 78
7 82
10 40
6 100
3 86
7 33
8 25
3 49
4 73
9 20
3 9
5 72
6 19
9 1
7 49
7 23
10 29
8 35
1 34
7 60
9 80
4 65
6 78
8 81
2 10
5 22
10 81
2 54
3 93
4 68
3 29
4 56
6 1
8 23
2 16
4 78
10 67
1 80
2 3
9 87
5 62
8 32
4 90
7 44
2 31
2 37
3 24
8 13
8 94
4 61
9 13
8 89
9 88
2 36
9 68
5 64
4 92
3 40
3 64
2 66
5 44
9 24
4 13
8 42
3 35
7 67
2 98
8 46
6 39
5 64
7 81
8 87
8 18
5 5
4 96
1 31
8 98
10 73
10 88
1 25
2 6
1 84
2 22
8 36
9 100
3 48
1 23
3 97
4 26
8 99
2 25
2 96
6 39
4 65
10 54
6 80
2 77
8 13
9 13
3 89
5 63
1 64
7 94
1 22
4 14
4 27
7 32
4 9
5 56
10 51
4 10
5 43
8 90
8 88
2 88
7 31
1 39
5 36
6 5
2 58
7 80
8 31
10 48
1 85
8 46
3 15
1 65
4 40
9 39
8 19
3 30
2 74
10 98
9 85
4 64
8 8
7 45
2 1
7 98
4 17
1 23
4 1
7 34
4 85
4 5
9 24
9 32
1 16
1 26
2 49
5 12
1 37
10 17
10 60
7 17
4 9
1 12
9 5
2 93
10 34
6 96
3 69
2 69
5 54
9 45
7 62
5 56
9 76
1 88
7 91
8 49
5 52
10 1
10 55
6 31
8 57
8 24
6 61
5 74
9 83
9 29
6 31
8 52
4 26
4 86
4 77
7 83
8 11
1 29
6 44
7 75
6 3
4 49
10 88
5 74
9 85
1 87
3 80
10 33
1 7
3 87
7 87
10 50
10 21
5 30
8 46
1 70
5 23
5 15
2 27
4 69
7 69
7 100
2 61
5 82
2 6
5 95
6 98
5 70
1 79
3 47
10 7
8 75
4 31
1 42
3 80
7 100
2 47
2 2
2 51
3 16
8 28
9 34
6 75
8 12
1 57
10 71
8 82
2 58
1 56
5 61
3 85
9 98
9 6
10 54
2 80
10 2
10 53
4 11
8 57
1 35
5 99
9 56
8 39
5 12
5 98
9 14
1 21
10 99
5 83
6 75
4 6
6 77
2 21
7 80
6 79
8 20
5 48
3 84
5 79
7 76
1 28
2 79
3 8
8 72
10 1
10 79
2 56
5 20
9 91
7 19
4 83
3 18
6 9
9 20
8 72
5 75
7 27
2 86
1 26
9 9
10 1
5 37
6 6
5 67
7 87
1 93
3 65
4 38
5 29
6 76
9 96
5 100
9 18
6 37
4 67
3 44
2 59
5 53
3 64
3 23
8 91
1 99
7 75
9 47
10 30
3 48
8 46
10 23
4 19
6 77
6 63
1 32
4 95
5 10
6 2
5 31
10 93
5 47
6 43
8 73
4 89
7 68
4 65
6 57
1 99
7 14
8 91
6 42
5 84
2 5
3 1
2 19
1 37
8 94
1 3
1 65
1 45
2 88
1 4
2 81
4 9
6 84
4 98
6 68
2 3
5 59
10 16
7 24
7 61
10 100
6 53
3 98
10 84
1 64
3 40
6 24
4 11
6 91
6 24
8 10
9 31
1 18
8 30
10 30
5 99
7 32
5 12
4 49
6 3
2 32
8 34
7 57
5 34
10 63
9 77
4 70
3 65
3 71
2 89
4 40
10 71
10 56
8 100
1 97
9 17
10 35
2 43
10 8
4 73
9 87
2 61
7 59
6 29
10 74
4 69
2 58
7 31
3 63
7 85
1 18
7 71
1 83
5 53
7 18
10 18
8 81
7 100
7 34
3 14
1 79
8 32
6 4
2 49
7 28
2 44
6 1
3 77
6 22
5 2
2 70
3 34
9 23
4 35
1 37
7 17
3 70
10 11
6 55
3 17
7 41
6 83
3 29
6 66
10 85
9 57
1 81
4 12
6 27
10 88
5 4
8 86
8 63
7 39
8 35
9 33
2 64
7 32
7 19
10 99
4 96
6 66
6 86
5 10
2 27
7 73
3 1
6 33
5 97
4 91
2 62
6 90
3 2
7 38
4 58
4 84
3 16
9 86
7 62
8 45
7 44
4 65
9 19
4 9
4 6
7 30
8 99
1 27
7 39
7 5
3 98
3 33
10 79
1 23
2 84
8 56
1 34
1 8
3 71
9 18
2 72
6 79
10 15
1 6
3 76
3 53
5 12
9 49
4 34
3 7
1 100
2 4
9 53
6 55
7 91
7 26
7 13
2 27
3 52
4 12
6 7
5 47
7 27
6 4
10 76
1 25
10 83
6 77
9 57
4 12
3 67
7 99
6 47
10 67
4 38
9 89
5 20
1 29
10 52
5 76
9 59
9 37
2 68
5 2
2 66
2 97
9 2
3 9
3 43
8 72
3 80
10 20
3 65
7 29
10 70
5 83
6 34
6 99
2 67
8 84
5 68
8 33
3 92
8 58
7 13
8 48
3 38
2 78
5 21
9 38
3 70
8 41
2 92
9 71
10 81
7 83
9 91
4 63
3 78
7 64
6 9
2 85
9 52
9 2
2 39
9 28
3 42
7 64
6 43
6 41
1 90
1 74
5 94
3 50
1 47
4 79
7 39
3 70
9 75
6 93
9 49
1 23
7 33
2 70
1 57
3 18
5 84
8 14
4 7
9 43
9 67
6 61
3 79
4 55
6 91
4 43
6 17
1 43
10 32
2 47
3 67
7 45
6 70
2 11
3 68
4 39
10 79
3 68
3 53
3 45
6 79
5 24
8 33
5 57
4 93
8 32
1 61
6 50
8 73
5 68
1 58
7 95
2 6
5 72
10 4
4 22
7 95
4 63
6 51
5 95
4 88
2 17
1 72
10 33
6 75
9 78
5 49
7 1
8 85
5 2
9 94
4 64
1 36
9 97
1 92
2 51
6 60
9 54
9 58
6 22
8 23
4 93
4 41
6 99
3 7
4 74
9 41
1 34
6 97
2 85
7 76
4 68
5 17
9 22
8 79
1 49
7 94
3 40
