1 50
8 9
9 23
10 31
4 43
2 92
9 20
9 72
5 50
3 69
9 100
5 4
2 25
8 47
8 47
10 41
8 23
4 94
7 21
9 68
2 53
9 51
7 51
8 64
3 43
6 63
4 50
10 26
7 19
1 86
2 85
6 96
8 10
10 45
4 44
5 56
7 35
2 85
9 33
2 36
2 74
7 87
1 68
6 81
3 54
5 4
6 4
1 71
7 61
8 41
10 89
8 84
8 18
6 22
5 73
7 1
4 77
8 27
8 45
4 35
4 28
1 55
4 95
4 43
10 14
4 90
4 19
9 72
8 28
6 36
3 15
3 67
8 25
7 14
7 37
4 42
5 12
7 78
2 34
5 79
3 90
4 84
5 26
7 51
8 42
3 20
9 96
10 70
7 98
6 76
2 65
2 19
10 49
3 41
3 81
6 93
8 17
2 43
5 51
4 66
3 48
6 71
2 68
7 49
6 60
1 18
9 40
4 25
5 40
2 72
4 93
2 46
9 99
1 87
6 93
6 13
2 94
1 88
9 73
2 56
5 39
1 26
8 2
8 69
8 46
2 56
9 18
4 22
4 20
7 13
6 1
10 59
6 19
2 63
10 57
4 61
3 95
9 42
9 20
2 87
6 85
7 39
1 51
2 16
4 36
9 3
7 82
7 89
6 13
10 16
4 40
2 26
3 56
2 32
10 25
3 78
1 14
10 99
5 76
3 1
5 10
9 83
10 60
7 83
7 82
6 83
6 65
6 83
4 50
7 14
9 82
2 19
7 29
10 3
1 78
10 80
1 36
5 4
6 36
9 28
7 84
2 49
8 36
7 46
5 72
1 35
8 10
3 42
9 14
5 7
8 16
1 46
5 84
10 26
9 1
4 61
1 97
8 60
1 34
5 49
7 36
2 48
5 41
4 22
10 5
5 79
4 82
10 83
2 64
3 42
2 20
6 30
1 43
3 14
1 34
8 80
1 84
3 39
7 76
8 60
5 53
7 11
1 33
6 67
6 54
4 90
10 36
7 58
2 44
1 66
8 85
6 57
4 41
4 74
4 15
8 43
5 12
2 20
7 28
6 73
8 19
5 48
7 18
8 66
10 29
4 100
2 98
3 78
9 31
5 23
5 100
7 65
5 97
6 64
7 20
8 34
6 88
1 31
4 77
2 94
4 38
7 88
5 93
5 11
1 74
1 60
2 89
1 80
4 51
9 73
3 84
5 77
6 43
10 23
5 21
1 81
4 19
1 50
4 23
7 38
1 22
2 96
8 74
10 100
1 19
8 26
10 96
2 43
9 61
4 40
8 27
9 60
6 11
4 7
9 27
4 57
10 87
1 31
5 30
7 90
3 22
5 47
8 73
5 80
6 1
8 54
1 2
5 38
3 96
8 78
6 26
1 44
3 89
5 94
1 81
9 58
6 42
2 12
5 87
4 40
8 9
7 37
2 18
8 9
4 9
2 82
3 3
10 40
6 88
5 99
8 80
2 24
5 72
10 94
5 48
8 30
2 32
3 98
1 32
9 42
2 77
4 81
3 14
7 85
8 31
4 44
4 98
2 51
6 12
10 3
7 74
4 22
7 53
4 76
10 76
8 4
4 82
5 59
6 96
6 75
7 36
3 16
5 96
4 4
4 78
6 45
5 65
6 86
8 34
4 51
7 28
5 65
5 34
9 74
6 40
6 17
4 41
2 99
5 40
1 66
7 65
8 71
2 64
2 4
6 29
8 67
10 78
5 74
6 66
2 75
9 75
10 20
3 92
7 81
6 69
2 83
8 23
5 69
2 79
7 100
4 43
3 68
5 46
3 87
3 6
7 39
1 8
9 20
5 35
10 70
4 33
5 60
6 83
7 67
9 47
4 56
5 41
3 6
4 99
7 91
10 58
3 41
5 79
9 84
3 71
7 11
7 88
8 4
6 40
6 94
2 47
9 42
4 13
4 14
5 93
8 2
6 6
4 29
9 85
10 73
8 44
6 94
1 82
6 97
9 64
5 60
7 4
1 75
3 68
9 22
4 41
9 54
6 50
4 35
2 85
6 66
1 86
1 81
5 80
4 80
2 73
1 79
5 53
3 54
7 38
7 88
3 10
7 93
5 90
8 91
3 4
5 92
1 21
1 79
8 26
8 8
2 72
10 14
5 90
3 60
4 83
6 27
9 1
7 36
7 46
10 93
2 61
5 83
1 13
8 12
2 2
10 26
2 45
10 17
9 80
2 48
7 26
6 19
4 5
2 38
3 45
8 50
4 92
9 79
8 61
4 100
10 83
4 10
1 88
8 96
8 2
2 48
2 89
1 89
1 86
7 96
2 73
5 88
6 98
8 99
1 59
10 39
2 66
2 20
2 89
4 75
7 4
7 42
10 2
10 15
4 5
7 30
9 96
4 1
8 87
6 31
1 34
10 34
4 69
6 87
8 64
9 22
10 99
1 74
5 19
2 63
4 49
10 4
2 59
3 92
4 97
7 17
1 61
2 32
2 36
7 51
4 1
6 30
3 7
10 82
5 46
5 15
3 19
4 61
8 99
8 18
4 6
2 71
1 65
4 60
7 74
10 86
5 11
2 6
8 47
2 88
7 40
7 85
7 22
5 65
3 78
10 73
2 26
6 38
9 22
8 20
1 91
3 66
5 88
4 82
5 83
6 44
8 18
1 80
2 62
2 94
2 81
9 78
6 32
2 29
8 65
8 28
1 7
4 79
5 26
1 14
5 55
9 67
5 26
8 85
6 88
8 86
2 100
1 50
2 80
2 69
4 92
5 58
7 95
9 39
1 91
4 6
1 76
1 37
5 77
6 18
3 47
10 97
1 66
5 40
5 7
8 94
10 23
7 91
7 3
6 76
2 5
10 90
9 54
2 26
3 47
9 88
7 92
3 17
7 69
6 96
10 12
9 71
5 64
6 16
3 86
3 83
10 25
6 55
10 28
4 37
6 87
5 88
8 34
6 80
9 80
2 42
9 87
2 77
5 58
6 36
6 24
5 55
4 51
8 99
1 50
7 3
4 7
9 69
10 70
6 90
9 18
7 30
3 17
1 88
7 49
4 67
8 70
5 61
5 63
7 76
10 65
1 55
7 50
2 67
10 39
2 1
9 5
10 61
10 74
10 31
9 96
7 49
4 59
3 16
6 49
7 17
10 80
3 83
2 11
8 74
9 1
4 43
6 71
2 41
1 41
10 3
6 89
3 58
6 83
9 10
8 53
6 42
1 39
8 44
1 92
5 22
7 64
1 76
10 5
3 80
6 34
4 44
9 94
7 70
10 95
2 37
10 11
5 100
7 99
2 25
1 83
6 96
9 62
6 74
2 96
3 1
4 93
2 69
7 96
3 22
1 62
5 81
7 26
1 45
5 91
5 4
2 17
7 99
2 36
7 74
10 66
1 24
1 11
3 83
9 40
1 33
3 41
9 32
4 68
10 47
1 96
8 2
7 54
6 82
4 88
6 95
7 16
3 73
1 68
6 78
3 12
8 74
5 79
4 43
6 47
6 93
8 53
2 2
6 26
6 63
6 5
4 91
3 38
9 4
10 18
3 61
7 97
6 95
9 73
6 97
10 45
4 99
4 18
6 49
4 1
2 21
2 72
8 67
9 47
8 94
10 44
7 1
2 6
6 44
8 42
6 92
1 44
6 89
1 92
4 63
4 95
10 85
10 60
3 63
4 97
10 74
5 67
4 58
6 41
9 47
10 78
3 49
3 77
8 27
1 59
4 88
9 16
10 29
8 94
9 22
3 87
5 3
1 77
10 7
5 13
9 97
1 54
5 80
1 72
5 53
10 97
7 7
6 7
3 39
8 49
8 33
1 72
7 3
8 6
3 57
4 70
6 27
3 45
2 84
1 57
4 48
9 44
10 40
8 18
4 69
10 29
3 67
5 66
4 61
8 76
5 76
7 11
10 100
6 31
1 50
4 84
5 23
4 40
9 61
6 15
3 57
4 23
7 30
6 31
2 62
3 6
6 47
7 18
10 100
2 53
1 93
4 33
10 1
2 72
9 32
9 44
10 6
4 78
4 99
9 20
10 44
6 17
5 71
2 73
4 67
9 95
5 90
4 59
6 93
9 80
4 34
8 55
2 77
8 82
2 53
9 69
10 13
5 71
9 83
2 41
7 97
5 63
7 1
3 68
3 80
5 1
6 90
8 97
5 52
10 36
2 66
1 18
2 88
7 92
4 92
4 38
4 87
6 64
3 98
10 59
5 51
5 62
5 49
10 70
9 52
4 96
5 39
2 87
8 17
10 67
6 62
2 12
8 71
5 19
2 60
9 23
3 27
7 68
7 55
2 46
3 94
8 48
9 15
2 48
1 64
7 56
6 29
8 23
6 99
7 66
7 52
8 65
6 98
6 94
2 35
1 1
1 77
3 67
7 67
8 45
6 9
8 99
3 56
3 19
3 62
4 60
10 1
6 45
2 58
1 20
1 62
3 7
9 69
3 54
2 31
2 86
5 40
2 50
8 76
