10 83
2 41
6 36
5 53
5 26
7 31
8 51
2 72
6 98
2 38
1 72
2 78
8 42
10 70
7 35
7 99
8 67
8 77
6 100
6 86
4 52
1 17
4 24
8 17
1 92
1 11
9 40
1 81
9 84
3 99
5 35
10 56
10 47
2 14
8 93
2 63
4 6
4 54
2 63
2 34
9 34
10 10
2 56
2 85
9 91
4 9
10 15
7 3
8 25
2 21
8 43
10 48
1 8
4 25
3 53
3 48
9 89
4 5
8 50
6 80
9 37
8 62
1 100
2 5
3 18
9 41
9 51
3 25
6 6
8 30
9 66
2 15
8 69
9 91
6 52
9 51
5 36
1 52
10 77
2 25
1 98
9 78
1 8
3 89
1 96
1 54
10 97
9 26
1 14
3 72
1 14
3 29
9 49
3 86
8 75
4 36
6 53
4 28
9 59
3 41
2 54
1 67
8 74
2 74
9 8
3 16
5 79
7 88
2 1
8 80
7 9
2 18
9 59
9 95
5 39
1 33
10 36
8 91
9 57
8 11
7 3
5 15
9 27
10 93
7 82
4 78
9 59
10 83
10 12
9 96
9 49
8 68
1 5
5 45
9 31
6 44
7 23
9 82
4 91
4 32
1 41
5 9
1 54
7 58
9 35
8 9
5 88
1 75
1 31
2 57
8 64
8 78
4 59
10 12
4 26
3 92
2 46
9 15
7 45
6 63
5 86
4 16
9 100
6 5
3 48
2 87
2 75
7 29
6 69
1 96
1 57
2 38
9 49
8 90
8 40
3 48
9 27
4 28
9 58
7 20
10 34
9 43
1 68
4 36
10 71
10 32
7 42
4 17
6 54
6 17
4 76
8 59
3 28
10 49
3 13
3 57
8 19
7 6
10 63
9 52
2 51
5 43
4 44
1 26
4 96
3 16
9 84
2 41
5 55
8 39
5 46
5 71
5 64
1 62
1 53
6 28
3 51
9 90
3 81
8 9
7 33
3 23
1 21
6 33
10 1
3 62
3 75
5 64
4 89
4 41
3 62
2 37
4 80
10 51
1 69
10 50
8 27
3 35
7 30
5 28
2 50
8 67
9 11
4 85
5 94
4 42
2 61
6 15
10 62
3 40
10 28
7 8
8 56
7 58
7 60
9 78
3 86
1 29
1 24
2 25
6 43
5 97
1 54
2 22
10 45
7 32
7 99
8 8
6 62
7 30
4 82
2 82
8 37
10 51
2 54
4 81
4 8
6 58
6 66
7 53
5 93
1 42
9 18
3 5
3 74
4 25
3 40
7 5
1 55
10 39
6 41
3 9
3 96
7 94
2 96
8 21
10 6
4 16
10 83
10 56
4 72
1 61
8 75
5 63
5 96
3 32
2 94
7 89
2 41
4 15
10 76
1 97
4 11
5 98
5 13
1 73
4 24
8 98
6 70
2 83
4 7
2 59
10 77
10 52
1 57
10 79
8 47
6 58
8 86
5 78
2 33
8 87
2 62
3 26
10 22
10 46
9 14
9 2
1 33
1 62
6 78
2 89
8 88
6 64
1 53
1 30
8 81
5 35
7 38
8 38
8 18
7 87
4 11
8 23
5 82
9 41
8 54
2 5
8 64
4 14
6 98
8 100
1 21
3 5
5 60
10 71
8 18
7 48
8 28
8 17
8 4
8 63
1 18
2 35
10 18
8 10
1 19
10 98
4 80
7 17
9 20
4 56
4 27
2 67
2 63
10 67
4 48
7 93
7 30
9 75
6 99
2 25
5 1
6 3
7 94
9 50
9 33
2 73
2 8
7 28
5 9
8 24
10 14
5 2
1 38
3 62
4 22
1 6
8 68
10 3
6 83
1 56
10 85
10 22
5 74
1 68
6 18
2 93
7 21
2 55
6 2
4 38
5 11
2 3
1 52
10 3
1 36
1 33
2 46
9 35
6 20
2 51
8 10
9 47
3 13
8 40
9 42
1 57
2 47
10 1
6 1
3 73
8 1
9 67
10 65
4 80
9 30
10 33
8 65
5 39
6 67
4 16
1 66
5 50
7 5
9 71
2 51
8 63
1 65
9 90
6 10
1 86
3 53
3 97
3 43
5 39
9 62
7 8
10 45
2 49
5 41
9 74
1 30
5 3
6 32
2 72
2 69
10 99
5 40
7 48
10 23
1 97
1 50
3 72
3 37
2 63
5 4
3 98
5 46
4 71
1 23
8 99
1 14
9 49
3 84
8 5
3 43
1 44
2 84
5 35
6 44
8 94
5 78
10 18
5 30
8 54
3 49
10 55
1 9
5 7
10 96
5 2
5 58
4 28
6 87
1 26
8 36
5 100
4 69
7 15
4 24
9 21
10 90
7 46
8 86
7 25
8 88
9 64
8 19
6 18
9 96
8 41
4 91
1 59
8 79
8 65
3 38
7 78
9 43
5 58
5 85
1 64
7 97
8 22
1 51
4 52
6 94
3 71
5 50
8 21
5 52
7 75
7 81
1 59
6 51
9 71
3 22
1 86
10 14
2 30
8 6
1 76
1 46
8 33
1 69
1 9
5 19
3 94
1 25
4 34
10 71
8 6
7 48
2 73
1 8
5 17
10 29
1 73
8 58
5 10
5 92
8 23
6 76
3 86
4 86
4 45
7 86
4 19
10 1
6 24
1 38
3 30
1 26
8 31
10 61
9 40
2 51
1 36
1 84
1 94
10 36
7 87
8 21
5 42
10 55
7 31
4 81
8 70
9 14
4 6
7 76
3 73
1 82
1 78
8 26
1 3
7 87
4 28
4 71
4 6
8 47
8 66
6 100
5 21
7 16
2 66
2 14
5 17
7 9
2 35
3 83
6 28
6 63
7 61
5 52
4 68
4 93
8 13
5 99
2 7
6 34
7 83
5 92
10 57
7 47
10 70
10 2
3 91
6 80
2 24
9 25
7 32
5 77
1 68
3 43
10 11
7 75
7 58
6 96
8 65
8 82
1 15
4 95
6 34
6 70
1 3
8 21
9 49
3 31
1 48
5 63
4 25
5 94
6 46
9 53
10 25
3 12
1 38
9 83
8 81
2 60
8 17
4 96
3 84
5 79
5 48
5 23
10 83
5 61
4 58
4 4
5 4
9 15
6 79
5 57
2 65
9 3
2 62
7 47
10 92
3 53
4 27
10 16
3 91
10 10
4 21
7 84
5 55
9 29
1 55
6 50
8 62
4 60
10 66
5 42
6 30
6 85
6 35
6 73
3 66
6 55
1 52
10 50
1 73
2 59
6 32
6 69
8 4
6 73
3 29
2 71
2 70
8 38
5 56
7 11
10 75
1 2
3 52
9 21
5 27
7 1
5 92
10 82
3 70
7 15
10 35
2 21
5 88
2 70
2 52
4 89
6 59
10 44
10 66
10 61
1 77
9 31
10 78
8 74
8 85
9 50
9 93
6 41
9 23
7 27
3 36
3 48
1 82
2 9
7 44
2 91
3 55
4 73
2 62
1 57
3 36
1 90
2 14
7 61
9 43
4 66
10 77
3 59
9 91
2 65
3 92
5 14
9 8
5 83
8 92
10 37
9 88
6 67
8 54
1 44
7 54
2 20
2 90
1 70
7 23
2 8
2 65
8 91
3 29
6 92
4 29
3 8
8 21
5 21
3 81
3 79
5 94
4 27
6 7
5 90
10 18
3 93
4 83
7 73
6 17
10 42
5 7
3 38
9 31
9 39
7 47
2 21
5 68
7 64
2 32
4 34
3 7
5 98
5 18
7 36
7 25
3 19
3 8
7 70
3 81
2 99
9 100
2 67
9 99
6 51
6 41
9 3
2 47
8 25
8 91
6 33
2 69
6 13
10 7
1 36
4 32
6 100
3 49
8 28
9 36
10 84
6 99
6 24
9 42
3 48
10 76
7 11
1 40
4 58
1 100
9 93
5 19
8 5
1 48
8 36
10 43
7 50
9 16
9 81
7 27
4 41
7 91
7 43
10 35
8 75
9 87
7 88
8 91
5 35
7 63
4 8
7 99
8 43
8 50
6 43
6 99
7 54
9 23
4 96
3 66
2 100
10 36
7 65
5 84
4 62
3 53
4 28
10 13
7 34
7 24
9 97
3 37
7 9
3 100
2 22
6 12
2 21
8 72
5 25
7 69
3 99
9 46
4 94
7 21
3 94
8 86
7 68
5 43
1 63
10 6
7 38
6 90
3 34
8 21
5 75
5 99
7 44
3 83
10 88
4 34
10 44
2 60
3 43
6 50
6 28
10 70
5 59
2 8
2 31
4 97
10 16
5 90
10 26
4 34
4 6
5 18
1 77
4 15
7 94
1 21
9 56
5 14
4 10
4 5
1 100
4 47
1 75
4 34
5 56
1 9
8 55
4 74
8 31
7 29
4 58
10 2
4 46
1 80
10 2
6 70
6 32
9 11
4 57
3 54
8 16
7 79
10 19
6 20
2 75
4 36
3 82
10 14
7 48
7 99
7 99
4 87
2 81
6 26
6 89
4 98
