10 43
9 9
10 68
4 65
6 42
6 56
3 57
3 19
1 73
5 48
9 17
5 67
7 64
6 14
6 99
1 77
6 88
9 16
4 38
10 93
5 41
2 45
3 25
7 91
8 59
7 39
1 60
2 46
9 35
9 11
6 30
7 18
4 13
1 13
7 7
4 15
2 41
2 3
6 89
10 37
9 72
7 16
9 52
9 92
9 78
4 59
3 59
6 91
5 70
10 54
2 19
10 71
2 87
1 65
3 69
9 6
4 75
7 50
2 78
4 58
1 100
5 12
4 67
7 57
8 5
6 58
3 51
9 52
2 43
1 75
2 6
9 70
6 2
7 49
2 9
8 63
10 91
6 36
1 98
10 15
10 97
5 42
9 66
9 87
8 53
10 93
9 87
6 60
3 76
1 34
2 77
10 12
4 65
8 33
9 43
1 6
10 61
4 88
4 33
9 47
10 69
2 39
10 12
10 9
4 68
5 47
10 43
9 45
2 40
6 5
3 82
3 98
1 87
1 69
1 71
10 17
3 79
3 78
1 62
1 89
9 56
1 66
9 70
7 21
1 58
6 27
7 56
7 23
8 41
4 82
2 52
4 33
10 51
5 32
2 5
9 91
3 2
8 93
7 7
6 94
10 8
4 87
5 4
1 24
5 9
5 74
5 73
1 90
2 17
9 31
7 20
10 12
7 35
7 50
2 73
8 81
2 98
4 66
6 70
2 73
7 45
4 33
6 93
2 21
5 40
1 98
6 91
1 91
8 59
3 88
10 36
4 25
6 100
7 70
3 11
10 44
8 78
7 19
7 93
4 42
4 66
5 1
9 30
1 42
5 15
3 76
5 17
1 60
5 66
6 93
6 67
3 47
3 52
3 52
4 92
7 52
1 85
8 72
8 18
1 34
7 13
6 32
1 75
2 90
10 72
3 2
1 100
1 79
4 35
6 13
5 90
6 32
9 22
4 80
3 71
5 82
9 21
10 42
6 63
9 69
2 14
3 85
2 28
10 39
8 71
8 72
4 76
1 30
4 1
7 99
5 24
3 16
10 29
10 24
4 80
8 27
2 39
2 34
2 35
2 88
1 23
9 55
1 37
3 33
5 98
7 11
6 97
1 29
9 4
8 28
1 82
5 28
1 93
6 33
1 76
6 98
5 97
4 73
10 10
9 2
9 77
4 39
5 27
2 37
2 85
6 81
3 90
8 50
6 78
4 30
8 7
7 32
5 76
10 86
5 30
7 21
9 46
2 19
6 77
5 83
2 82
9 55
4 8
3 55
6 48
10 78
9 69
4 71
7 95
7 58
7 53
6 73
6 73
9 51
10 59
7 44
9 73
8 7
9 94
1 27
1 53
9 88
1 25
9 15
7 83
4 6
2 96
2 31
9 46
2 31
7 98
8 31
4 36
7 23
6 34
6 11
2 74
1 68
2 72
2 83
9 33
5 16
7 39
7 55
3 49
2 84
7 41
2 49
7 85
10 33
4 72
3 59
9 55
2 66
6 57
10 40
9 3
4 2
8 44
2 32
5 53
4 100
8 21
7 86
3 69
4 91
3 91
1 19
6 80
7 10
7 88
6 14
10 82
8 71
6 1
4 55
2 43
7 37
10 17
1 89
8 92
5 67
8 47
2 10
6 45
1 84
9 42
2 56
8 94
3 39
1 74
10 3
1 76
8 34
7 57
2 88
8 78
9 8
7 21
5 21
1 70
10 65
2 86
2 35
1 23
10 2
10 78
10 2
7 70
7 71
9 74
7 20
10 23
5 11
2 48
9 80
1 67
6 35
8 9
9 2
10 61
6 61
8 13
2 86
6 86
1 52
8 56
6 16
4 43
4 6
7 80
8 78
5 83
8 20
7 14
8 75
10 35
3 86
5 68
9 59
6 24
8 90
2 1
4 58
8 93
6 75
4 82
8 52
8 20
6 95
3 13
3 76
4 11
7 59
3 50
6 34
8 16
2 95
5 3
2 23
7 3
9 52
9 42
6 9
9 4
1 52
2 7
9 81
4 20
2 91
10 8
6 75
2 50
4 37
7 18
2 86
6 19
7 27
6 78
6 82
3 97
3 64
2 79
3 43
9 17
1 53
10 97
1 38
1 14
2 95
4 81
3 68
9 55
3 27
5 61
3 59
9 69
6 37
1 66
1 6
10 55
4 28
3 97
5 82
6 84
7 93
10 24
5 81
8 25
4 41
10 80
6 96
10 33
5 65
10 59
1 2
10 55
1 77
3 49
7 4
7 43
3 15
4 44
6 76
10 26
2 43
1 65
7 16
10 9
7 26
5 98
8 42
1 15
4 41
1 60
5 47
2 81
2 49
8 52
6 94
5 30
10 46
6 67
9 80
10 57
4 38
7 4
9 95
9 44
5 33
2 18
6 52
10 24
4 92
3 53
3 51
3 5
10 51
1 91
4 95
2 29
6 88
6 24
8 88
7 30
4 28
10 92
7 15
5 97
9 87
9 82
5 98
7 83
2 77
8 28
7 54
7 81
10 77
9 99
4 63
6 57
6 62
8 70
4 24
3 69
8 57
9 79
2 48
3 52
7 92
10 99
7 93
9 24
10 7
8 80
7 5
7 88
1 35
1 43
10 42
10 86
4 16
3 25
6 93
8 64
7 84
3 47
2 4
1 72
8 4
6 59
4 77
1 81
9 63
1 31
3 93
10 25
8 55
1 11
9 20
2 86
3 13
8 84
10 46
1 35
9 50
10 57
8 9
9 75
9 30
5 94
2 87
6 94
10 83
3 17
4 82
4 100
7 8
8 51
4 67
10 7
8 59
8 34
9 66
4 57
6 97
9 1
2 66
2 1
7 26
4 80
5 67
2 28
9 55
1 63
1 45
10 38
1 94
8 36
8 7
8 96
2 62
7 12
3 87
6 9
8 86
1 68
3 6
5 100
4 72
2 81
7 94
6 29
8 27
6 33
3 81
5 17
5 75
3 86
1 5
1 32
6 61
1 48
7 52
8 18
3 86
6 20
9 35
3 80
2 63
8 89
10 56
8 38
1 3
5 99
9 29
8 4
4 61
3 92
7 84
2 39
4 25
7 16
4 7
8 27
9 88
9 11
6 35
7 44
5 90
5 35
4 51
6 79
3 57
3 52
1 80
6 79
5 25
7 58
2 51
8 38
9 32
6 95
10 24
9 71
8 93
5 31
4 86
5 71
6 66
3 69
4 78
1 62
1 63
4 5
3 35
4 21
6 62
7 2
1 4
4 91
8 34
9 51
10 39
6 70
4 2
5 27
9 86
8 56
8 41
4 74
8 86
3 28
2 86
5 15
9 82
7 88
3 47
9 26
4 74
10 94
8 91
2 9
2 57
8 49
6 93
9 20
8 97
8 50
7 48
9 43
10 88
10 6
8 38
9 48
3 26
10 72
2 91
5 63
6 39
6 9
8 50
3 84
3 60
4 49
9 8
3 40
9 42
10 20
3 81
7 54
6 8
6 4
5 20
6 90
1 44
2 43
3 36
9 25
2 22
9 47
4 38
8 85
3 34
6 84
2 87
5 39
3 44
2 14
3 97
4 57
10 55
7 77
1 3
2 79
9 52
2 6
10 55
8 80
4 10
1 12
6 49
9 87
5 81
7 26
2 74
9 84
10 45
9 45
6 59
6 46
3 50
9 52
7 90
10 33
9 74
8 70
2 21
1 19
4 100
8 23
1 16
9 52
9 77
9 44
3 41
4 16
1 11
9 34
3 19
4 40
3 4
6 12
6 77
2 86
2 9
2 3
5 37
10 36
2 72
1 59
10 11
10 58
5 16
4 52
3 94
3 34
7 26
10 23
2 27
2 73
2 99
8 36
4 47
8 57
9 62
2 80
1 15
9 50
6 100
5 50
5 39
9 91
6 44
3 63
5 89
4 67
3 19
4 36
8 68
10 10
10 7
8 64
6 16
5 39
2 97
10 80
7 38
8 93
5 52
6 4
6 18
3 93
6 24
10 97
4 34
6 11
4 42
3 31
1 22
1 14
7 28
3 90
4 76
8 11
3 83
3 26
5 22
9 14
1 28
5 68
4 76
9 85
4 39
10 41
10 49
5 34
10 60
3 24
8 55
9 90
1 40
8 65
8 98
3 2
6 36
10 54
2 51
10 84
5 24
6 81
5 90
9 8
10 39
3 49
9 1
5 92
1 73
2 49
4 8
10 78
6 51
2 1
1 85
5 82
3 11
2 61
2 99
9 27
7 78
6 99
1 1
2 13
7 31
3 5
3 18
2 5
6 79
7 74
10 72
1 53
4 81
5 76
5 94
3 59
2 49
3 88
2 55
10 43
6 70
5 3
5 75
1 11
7 61
2 5
7 86
6 93
5 73
4 37
4 18
5 33
4 67
9 89
4 24
4 57
6 73
2 45
9 7
5 29
1 41
9 69
4 45
10 93
7 40
4 53
5 19
1 92
3 61
3 47
10 54
2 84
4 33
3 84
8 54
2 43
2 18
2 12
2 44
5 69
7 58
