10 73
5 15
1 64
5 62
10 86
3 4
6 56
1 34
1 12
9 3
4 85
1 68
4 35
1 15
7 98
1 23
3 15
6 7
9 55
7 49
10 53
4 81
10 67
9 98
3 81
6 61
1 82
4 26
3 39
2 93
6 30
4 14
4 68
5 24
3 35
9 67
6 76
7 24
5 45
9 60
8 39
1 46
4 26
3 53
3 65
8 99
5 26
7 63
9 4
9 18
7 89
6 48
10 62
10 70
8 61
10 41
7 25
1 98
3 14
6 66
7 30
1 60
4 43
8 10
9 22
8 29
2 20
2 26
3 97
10 53
1 99
9 64
5 57
7 25
9 37
9 21
6 4
10 83
9 40
8 9
2 32
3 73
10 20
1 27
5 92
5 51
1 24
3 59
5 10
5 40
8 96
8 14
3 35
7 65
6 66
6 86
7 92
8 43
8 42
4 60
7 98
9 71
7 47
10 43
2 31
9 21
9 46
7 8
6 89
3 7
4 56
10 5
8 32
5 73
5 69
4 60
6 4
9 49
5 9
6 63
5 69
10 62
8 99
1 19
5 25
4 50
10 62
5 83
8 26
1 33
9 50
1 96
5 34
9 25
5 17
2 40
6 37
4 34
7 96
5 73
9 95
6 49
9 49
10 84
6 24
4 62
4 76
6 24
2 32
2 31
3 48
7 42
2 97
2 85
4 48
1 84
10 2
8 32
4 24
3 4
1 64
7 96
4 27
6 95
3 7
7 12
3 56
2 93
1 22
8 59
1 36
9 97
9 56
7 87
5 64
6 98
6 79
3 87
9 8
7 90
9 40
2 2
4 56
1 28
8 36
2 4
4 87
9 51
4 35
9 90
8 56
2 71
10 37
10 4
1 94
5 73
1 86
3 99
7 90
10 23
3 75
3 1
9 65
9 7
6 24
4 17
9 64
4 7
2 18
8 29
10 86
9 91
1 24
10 22
10 74
2 76
3 27
3 64
2 71
1 53
9 32
9 29
3 13
4 97
5 33
1 96
8 7
10 41
1 22
8 79
6 12
2 9
4 100
9 79
7 64
6 60
4 89
4 52
9 10
9 78
6 92
6 16
1 66
10 35
2 3
4 79
10 45
4 62
5 17
4 17
2 9
6 29
6 40
4 36
7 12
8 9
1 30
8 93
7 13
8 16
5 41
8 28
4 80
2 97
10 72
4 22
9 65
10 84
4 45
3 56
4 50
9 7
1 6
7 79
8 71
4 97
9 10
4 36
1 74
3 36
2 91
1 70
2 77
7 48
4 47
1 72
8 44
2 16
4 70
1 74
3 85
5 34
10 27
10 65
1 30
4 51
8 32
9 82
2 44
1 38
8 84
5 13
5 15
2 96
3 28
3 59
6 65
4 70
5 92
3 73
2 41
2 88
5 53
5 72
3 90
7 53
4 63
3 1
1 54
6 94
10 33
5 68
4 3
1 78
6 13
8 51
8 74
1 1
2 11
4 70
6 23
6 79
8 47
6 2
10 78
8 83
10 33
5 67
7 14
10 14
6 34
7 59
3 73
9 26
3 82
4 79
10 85
4 54
3 90
1 59
9 42
7 74
9 40
8 47
10 10
4 73
1 63
10 70
1 67
5 41
10 10
1 95
7 41
9 50
2 86
8 76
10 87
7 60
8 98
9 76
9 12
8 92
4 32
6 78
2 95
2 36
2 35
10 26
4 17
2 92
4 24
1 61
8 55
4 21
3 35
4 38
8 71
10 34
2 53
2 45
8 26
2 19
1 93
5 12
2 76
10 68
2 96
8 22
6 89
10 24
5 7
9 6
3 88
3 97
2 85
8 10
1 19
7 63
9 88
2 58
1 79
1 78
7 66
8 35
6 23
5 27
1 22
9 58
10 1
3 94
1 26
4 61
7 54
7 20
1 47
2 46
1 49
5 85
3 98
8 9
5 41
7 15
10 19
9 88
5 5
5 48
2 6
4 94
8 68
2 50
9 52
10 82
10 15
7 10
3 84
2 15
3 67
8 71
3 20
1 43
10 54
8 21
8 87
9 37
10 48
4 60
8 41
10 13
10 60
4 56
2 40
4 20
2 62
2 1
2 71
5 75
5 80
8 62
8 35
8 39
7 99
6 55
8 39
8 23
7 100
8 45
5 50
4 43
8 61
1 97
3 81
4 52
8 67
4 15
7 55
7 34
9 52
1 3
7 19
9 65
9 64
4 74
10 17
1 41
9 65
10 77
3 50
2 35
9 68
2 15
3 63
10 92
5 47
7 55
2 23
3 49
6 55
9 46
4 35
6 91
4 77
1 87
8 67
7 78
2 87
2 62
8 11
6 8
7 25
10 36
7 36
7 89
2 58
5 11
1 94
5 98
5 90
3 39
2 22
4 31
7 54
8 82
3 39
5 94
8 73
8 93
2 6
7 99
8 40
3 74
10 16
10 36
9 59
1 19
10 35
3 73
4 28
2 53
4 39
1 26
9 32
9 51
4 17
7 33
6 1
5 30
6 39
8 79
5 48
1 61
2 92
4 40
8 14
8 36
7 6
8 65
4 25
3 98
6 12
8 42
1 38
1 60
2 48
10 58
3 98
5 13
7 48
1 88
7 26
9 58
8 90
6 5
2 33
9 2
10 73
1 22
5 38
5 100
7 87
4 53
4 96
6 69
9 43
8 61
8 28
4 56
6 81
9 80
8 79
3 22
8 39
10 74
7 81
9 70
1 96
2 36
9 23
9 67
9 84
9 71
10 82
3 22
5 53
5 57
2 91
6 6
1 85
5 56
7 8
9 81
9 91
6 60
2 98
8 67
9 33
1 7
5 15
10 51
7 84
9 40
4 10
9 24
1 9
7 50
7 59
6 5
5 23
7 75
3 17
8 23
4 20
8 36
8 72
5 65
5 47
8 45
8 3
2 82
6 97
6 63
3 21
7 16
6 62
6 51
8 13
10 37
3 2
2 42
6 83
10 49
6 22
3 60
10 10
10 85
5 62
1 59
2 62
4 92
7 15
7 35
1 73
10 33
9 63
6 73
3 80
1 2
3 9
7 6
8 72
10 76
2 20
6 62
8 3
5 45
1 41
4 59
9 2
1 68
5 95
4 89
9 25
5 86
1 48
5 29
2 96
4 16
4 27
1 32
8 75
8 61
2 30
2 63
1 83
1 2
10 18
6 2
6 81
1 73
1 67
5 27
7 59
2 61
1 55
5 42
2 42
9 66
5 68
4 68
7 84
6 3
9 96
6 1
10 97
7 25
8 34
1 67
10 88
1 98
8 80
9 94
9 41
4 100
9 96
6 12
8 22
3 18
7 37
4 69
5 43
7 84
5 49
10 53
1 40
9 8
5 18
1 58
5 71
6 73
9 82
8 49
5 12
1 32
7 77
4 89
3 99
5 22
9 87
3 2
1 46
9 23
5 52
1 89
3 29
7 71
1 50
4 50
10 67
5 32
1 59
6 51
1 44
9 53
2 34
8 84
2 74
2 54
1 36
6 75
9 30
6 98
5 8
9 11
10 6
7 68
8 1
10 23
8 62
3 23
5 8
5 61
4 29
6 90
8 60
8 12
7 74
6 80
8 96
2 36
3 97
1 9
6 93
6 91
8 86
8 92
10 86
3 3
4 42
8 39
3 10
1 45
3 10
1 75
3 86
7 57
7 5
2 14
6 49
8 72
6 63
4 45
8 28
8 72
2 49
2 92
5 88
2 60
2 70
6 71
7 77
10 79
8 37
9 81
4 75
6 79
4 49
6 22
5 82
2 99
3 39
9 54
7 71
6 75
10 68
2 46
1 79
2 16
5 30
8 11
1 4
3 51
3 93
3 51
4 92
8 84
1 12
4 77
10 87
5 37
8 34
9 77
1 58
1 22
10 47
2 67
9 36
1 56
7 82
7 27
3 10
9 76
10 39
1 8
1 20
1 22
7 32
9 7
3 87
1 24
2 57
8 34
4 99
2 70
3 85
1 15
8 28
7 29
2 44
4 56
7 46
9 82
5 73
9 30
10 67
10 26
1 27
10 68
1 73
3 29
9 65
5 43
10 86
2 53
7 99
8 53
9 73
5 1
3 29
2 95
3 24
6 68
9 1
4 13
10 70
3 54
5 15
8 10
9 91
3 75
9 5
6 50
7 53
7 100
4 77
6 86
7 55
1 91
1 84
7 52
9 89
8 87
9 38
7 41
7 21
4 83
2 14
8 60
2 57
8 94
6 88
1 98
8 96
9 9
5 15
10 9
1 32
10 86
5 98
4 55
5 74
10 21
6 93
9 63
2 95
7 6
9 7
6 68
5 71
4 52
10 58
9 66
5 61
4 98
7 92
3 42
8 12
5 89
7 2
10 82
2 41
10 78
5 28
2 27
2 20
2 47
4 58
10 1
7 14
8 79
5 19
1 27
6 61
9 20
6 81
7 10
6 1
7 41
8 66
1 68
6 82
3 30
1 78
6 11
9 37
2 5
3 64
7 21
3 34
3 16
1 7
10 6
