4 81
3 81
10 61
8 42
3 69
6 69
4 7
6 16
3 18
5 66
5 82
6 64
10 62
1 5
3 12
5 86
8 60
8 63
8 17
8 89
5 14
10 1
2 8
7 50
9 5
5 47
6 37
3 28
9 65
9 27
10 11
4 74
2 36
10 25
8 53
6 58
10 52
10 66
6 86
8 78
2 83
6 50
8 86
10 35
7 12
7 51
5 12
4 100
3 85
5 61
3 44
5 97
6 68
10 14
9 91
9 53
2 32
9 93
9 32
8 90
9 39
2 77
10 15
5 38
1 43
4 1
1 90
9 45
6 74
4 39
8 54
3 79
8 76
2 66
5 39
9 1
1 37
3 89
6 5
2 68
2 18
10 12
7 71
2 39
3 50
10 32
7 52
9 28
9 34
5 88
1 92
2 47
3 60
4 40
7 46
8 56
9 53
7 62
3 49
3 7
2 56
9 93
5 47
7 39
10 60
7 27
8 71
2 25
10 78
9 36
8 100
4 28
2 42
7 75
7 93
9 52
10 4
4 98
2 7
9 45
3 16
5 52
8 78
1 35
6 24
4 11
7 2
10 100
9 31
6 48
5 37
8 3
8 22
9 87
10 63
10 21
1 52
9 69
8 27
5 16
8 94
4 64
3 49
4 10
7 49
5 67
2 80
7 68
7 45
2 97
1 51
7 56
6 42
5 60
9 14
9 65
4 76
8 11
4 35
9 16
9 8
9 70
6 63
6 22
4 47
2 14
10 56
8 94
5 51
10 60
7 14
4 77
3 90
8 24
2 23
3 66
5 32
6 76
6 21
3 10
10 42
1 24
5 97
4 63
2 99
6 5
5 23
4 18
9 60
2 76
1 98
5 66
2 65
6 97
9 38
8 59
4 32
5 82
7 22
9 14
4 94
7 95
9 58
7 86
1 38
1 65
9 7
2 66
8 51
5 77
7 75
7 19
9 67
3 40
2 84
9 47
6 32
8 90
3 50
2 89
2 76
2 65
8 79
2 10
8 86
2 60
7 64
6 11
1 68
2 18
6 82
10 4
1 5
6 82
5 59
10 24
3 25
9 31
2 97
10 47
7 6
10 27
2 71
9 14
3 95
4 9
4 89
4 31
8 28
3 24
3 78
4 15
5 59
10 39
5 77
8 1
6 46
5 72
8 19
2 38
7 36
1 23
8 32
7 25
10 71
5 47
5 51
4 90
7 4
3 1
3 16
3 48
5 24
6 1
3 89
5 96
4 35
4 42
1 16
1 13
6 20
4 51
1 32
2 44
10 58
5 85
4 97
8 23
1 50
9 5
3 19
7 76
8 100
6 97
1 4
2 20
1 29
1 60
5 16
9 86
9 11
5 20
5 97
7 19
3 14
6 60
6 40
8 85
8 50
5 40
10 80
4 10
8 8
5 46
1 60
6 87
7 92
7 64
6 67
6 7
10 50
6 71
8 21
7 24
5 27
3 79
4 37
4 10
10 6
8 57
7 14
2 60
3 45
5 7
4 12
2 77
6 23
9 16
7 69
1 96
10 13
7 74
8 70
10 33
10 27
9 82
9 9
7 13
4 6
2 72
5 42
10 63
3 93
10 93
4 17
6 86
7 10
1 94
10 19
7 67
4 35
8 95
3 38
9 34
10 15
7 63
4 28
4 61
10 12
9 72
6 8
2 54
6 12
9 14
7 9
8 83
7 50
1 10
6 100
10 18
2 44
4 8
1 59
7 96
5 80
10 3
5 62
8 87
10 56
2 9
6 84
1 34
3 76
1 50
6 56
1 2
10 36
5 56
3 29
7 48
2 97
6 17
10 52
9 43
8 14
8 13
5 43
4 8
7 29
6 87
6 13
8 9
1 33
8 57
9 18
10 36
1 26
4 87
1 89
9 79
4 42
9 69
1 74
4 72
5 44
7 90
10 43
3 92
7 1
4 49
9 85
2 34
4 93
10 39
4 94
5 94
2 4
3 70
7 77
2 31
10 19
8 85
7 83
6 91
7 42
10 87
5 90
2 71
4 4
8 62
8 14
8 34
1 76
2 18
1 57
2 61
5 60
1 2
9 56
4 85
4 62
2 19
5 46
5 74
9 37
9 37
9 25
6 64
8 30
6 91
3 34
9 77
1 1
3 47
9 75
9 19
3 26
4 5
9 52
6 89
9 26
9 39
10 28
1 79
4 18
2 59
5 26
8 60
10 16
4 90
2 31
10 57
7 66
8 93
9 88
10 97
7 48
3 20
9 38
4 100
1 55
10 24
3 20
1 74
2 74
3 18
4 100
3 22
9 14
5 28
9 55
9 9
5 8
5 28
2 72
8 19
2 79
8 57
2 85
10 90
6 31
5 88
5 39
4 19
10 66
6 12
6 36
2 62
2 76
9 91
7 9
9 83
9 88
5 51
3 55
8 5
5 59
6 78
9 56
7 76
1 90
5 19
3 24
9 32
8 80
10 34
6 57
10 85
5 19
9 24
2 22
10 18
1 6
10 61
6 5
9 36
9 38
1 36
8 38
5 50
10 98
2 19
9 69
6 29
8 4
10 42
2 21
4 42
4 12
5 42
5 28
10 100
5 38
4 27
10 75
5 1
6 33
8 28
8 73
1 42
5 8
4 43
2 72
7 73
1 100
10 8
1 93
10 92
8 49
6 20
4 2
3 53
3 29
5 48
9 67
7 97
9 49
3 21
2 7
6 67
3 8
2 83
2 3
9 55
7 1
2 4
6 23
8 29
2 89
5 63
1 57
9 6
7 3
5 71
1 11
9 95
5 59
7 83
2 46
8 78
1 20
6 61
3 99
4 70
6 47
8 41
4 19
10 24
10 40
5 93
5 88
6 74
1 72
5 41
3 47
8 65
4 67
9 65
1 25
7 28
8 81
4 87
5 12
2 76
7 39
9 4
6 5
6 71
2 16
7 27
4 93
4 47
5 58
1 43
8 82
5 94
1 84
2 75
2 84
10 5
9 92
7 50
7 50
6 27
4 40
3 71
9 84
4 41
10 89
10 75
6 25
8 21
2 1
5 67
8 28
2 89
9 78
9 97
4 20
2 22
2 98
5 11
3 21
6 63
3 40
5 1
8 58
4 29
8 74
7 50
1 51
10 54
2 95
8 55
4 78
7 36
2 19
3 41
10 11
7 84
7 95
3 2
10 54
6 45
10 48
10 92
2 21
4 52
9 29
1 46
7 40
2 12
9 7
9 92
9 11
4 77
4 34
10 4
7 84
5 86
1 62
9 57
10 31
4 4
7 13
4 33
5 71
3 79
8 22
6 53
8 48
2 73
2 93
8 61
5 13
2 76
6 58
6 10
1 9
8 50
4 15
4 1
2 66
8 4
10 31
5 38
9 71
7 70
8 43
2 40
5 8
1 90
7 83
9 73
2 25
2 46
5 43
1 76
10 54
8 12
6 100
9 45
10 23
5 98
9 42
2 97
5 97
6 65
3 77
3 52
10 41
10 39
8 17
1 60
8 58
4 95
1 23
1 92
9 52
5 93
4 8
3 16
4 45
5 100
6 95
5 45
3 89
6 6
8 77
9 59
10 7
2 20
8 2
7 5
10 51
10 24
4 51
3 13
6 95
3 97
2 55
5 66
5 12
1 70
1 27
7 51
9 44
10 48
4 83
3 43
5 63
8 27
4 33
6 77
5 52
5 38
8 39
9 15
7 22
7 61
10 99
10 79
9 65
7 87
2 84
8 11
6 92
3 94
3 55
3 62
1 51
4 91
4 52
6 50
10 76
3 24
1 60
5 23
2 47
10 56
7 47
10 7
7 59
4 12
9 49
5 26
1 12
3 77
2 86
2 72
4 65
10 34
10 60
5 28
1 65
5 88
4 41
3 32
4 68
8 78
7 47
6 64
7 76
10 32
9 65
6 2
5 26
6 9
4 81
3 32
6 23
7 47
7 2
2 63
8 78
1 31
9 73
4 28
8 38
3 56
2 73
10 11
9 10
9 34
5 4
4 21
2 18
9 76
7 2
7 79
7 73
10 88
4 43
4 66
8 95
10 52
2 94
10 50
9 81
4 8
5 90
10 66
2 10
5 64
2 65
10 72
6 97
2 49
2 52
6 39
8 98
2 41
2 40
3 54
1 68
2 92
2 33
9 43
4 90
4 95
9 22
3 14
1 75
1 17
10 14
7 85
6 79
6 34
7 3
8 16
8 94
5 6
10 78
7 4
7 86
6 60
6 51
4 37
1 11
7 37
6 31
3 42
2 75
9 12
10 74
7 85
8 64
10 58
10 85
10 49
8 90
5 4
4 55
3 74
10 15
3 69
5 37
4 49
8 14
3 27
8 55
10 62
8 21
8 23
8 94
2 71
5 47
1 95
8 33
1 35
5 10
2 85
5 90
1 10
4 18
4 2
10 76
4 1
8 25
9 13
6 28
7 36
10 85
2 8
3 82
6 70
7 65
2 64
9 59
8 49
10 13
7 11
8 6
1 100
2 89
9 50
1 61
2 14
3 42
2 52
