7 63
10 67
8 54
8 24
1 27
6 61
10 80
5 70
1 38
5 55
10 19
9 74
2 86
8 39
4 57
4 68
5 52
6 87
2 21
9 29
8 40
3 34
8 39
1 27
5 56
2 36
3 23
10 68
3 74
4 42
10 34
10 46
4 64
2 85
3 34
5 54
2 57
6 57
2 68
6 30
1 55
7 96
2 46
1 92
1 24
6 18
6 48
7 90
9 87
7 32
7 84
3 82
10 26
9 3
7 20
6 85
4 11
8 51
8 92
1 89
4 64
5 26
2 10
4 41
10 73
7 56
9 36
2 1
8 79
8 82
4 90
1 49
5 76
10 1
9 46
8 40
6 27
3 70
3 53
8 87
4 38
2 45
9 5
2 65
3 71
5 55
1 94
10 37
1 42
6 70
8 95
4 77
5 31
2 78
4 76
8 55
10 42
9 31
2 31
3 68
3 4
5 95
6 77
9 47
9 40
2 34
3 8
5 32
6 65
10 58
9 16
2 26
5 64
10 18
4 15
6 19
1 84
9 41
9 51
3 52
3 8
8 22
6 40
8 88
5 32
1 43
8 84
10 72
7 69
1 3
4 12
8 77
7 48
9 41
6 34
5 11
9 40
9 93
5 3
6 13
10 54
5 71
1 84
5 52
6 46
5 81
1 11
5 95
1 8
3 15
1 60
9 62
8 5
3 42
9 94
4 1
10 26
9 40
8 97
1 71
9 9
8 44
5 43
2 5
2 65
5 84
10 85
10 70
10 52
9 91
2 52
3 90
8 27
9 9
7 34
1 64
8 19
9 24
2 72
6 82
1 45
4 14
1 64
3 42
9 23
9 87
3 74
9 85
3 55
9 70
10 32
8 9
3 96
7 17
10 63
1 87
9 49
5 7
2 37
4 47
6 67
9 59
4 95
4 69
3 44
4 15
6 46
8 100
8 32
10 47
5 15
3 36
1 88
4 77
1 73
7 65
7 56
4 13
1 47
4 7
7 55
10 84
8 80
8 61
1 75
8 87
7 57
1 68
1 60
6 34
6 67
7 59
9 45
2 51
3 23
2 51
6 25
3 38
6 95
10 81
9 13
5 48
10 80
10 68
5 80
3 54
10 20
2 14
5 44
2 68
2 6
1 20
1 60
3 80
7 22
9 68
10 98
10 17
8 84
10 88
4 47
1 51
3 98
5 38
4 28
7 20
7 29
10 3
10 49
2 46
10 66
9 22
8 93
10 40
1 94
4 47
5 63
9 50
10 36
3 6
9 60
5 39
6 87
1 64
7 32
2 44
3 22
5 54
8 32
1 93
6 34
9 6
7 38
7 96
9 64
8 51
3 58
2 1
7 68
4 82
5 64
3 10
1 63
6 57
3 97
9 82
4 10
3 73
4 5
2 12
7 30
1 77
3 16
4 82
4 13
9 58
7 55
4 64
10 15
2 58
10 41
9 48
3 12
2 51
9 52
10 61
8 58
10 67
6 71
6 55
2 78
6 23
6 100
6 90
2 89
2 6
3 53
3 56
10 32
9 97
6 40
7 49
2 85
4 82
3 84
1 87
1 61
3 87
9 78
4 5
3 86
4 65
1 7
5 69
3 29
3 87
10 15
6 64
9 35
10 34
9 49
5 85
6 16
7 36
2 3
3 52
7 44
6 51
3 100
2 75
8 67
8 76
5 13
8 84
9 74
8 10
5 79
10 67
8 7
10 18
1 85
4 91
2 31
9 19
10 84
7 86
8 75
4 81
2 28
1 11
10 73
10 23
2 22
8 53
1 53
9 74
5 89
9 66
4 78
2 10
1 23
8 42
3 48
8 61
8 39
9 11
6 17
5 5
7 45
2 81
8 18
3 8
9 19
1 5
3 41
6 79
7 4
9 8
6 62
5 94
6 74
5 94
1 44
2 83
4 54
9 16
2 39
10 60
4 40
10 9
1 61
9 91
10 81
3 82
7 94
4 25
5 28
9 59
3 78
9 50
6 72
1 75
9 95
5 57
8 22
2 8
8 17
5 2
2 5
7 90
10 36
1 17
4 66
8 98
2 25
9 13
1 70
5 25
9 23
8 24
8 81
4 36
6 53
1 99
9 31
3 19
9 66
2 92
10 77
10 87
6 100
5 30
4 2
3 78
8 18
3 72
6 35
6 96
7 66
4 31
9 53
9 41
2 91
4 47
4 15
7 51
5 72
5 90
9 70
3 82
4 84
2 51
2 59
3 100
3 68
7 54
3 73
2 84
1 4
6 17
9 1
10 25
4 23
1 28
5 71
6 81
7 18
7 58
7 60
6 56
1 81
8 51
2 52
2 68
1 99
9 48
2 3
2 16
7 13
4 14
7 73
4 12
1 35
6 96
3 92
10 16
1 52
1 31
5 34
3 74
2 91
3 9
6 17
9 70
1 1
7 5
6 48
2 53
5 51
10 59
10 45
10 97
8 78
7 50
2 99
2 56
3 17
6 91
1 39
7 18
10 43
4 57
7 60
2 98
2 31
6 16
3 77
1 85
6 73
9 99
4 19
3 32
4 88
3 80
10 97
7 81
9 79
6 41
5 93
8 98
8 51
9 58
3 14
2 74
10 44
3 91
3 98
4 85
9 33
10 5
1 50
3 57
8 99
6 90
7 47
7 33
10 90
1 50
1 1
6 91
4 44
3 86
8 48
9 79
7 63
10 85
1 16
8 35
7 52
2 83
6 70
10 31
2 68
6 16
10 18
10 4
2 100
8 71
7 56
4 43
2 34
6 81
8 58
8 12
6 32
10 61
1 93
5 25
2 73
4 27
6 37
7 10
6 13
5 47
1 84
9 67
7 99
8 57
9 47
7 95
8 62
3 100
9 82
6 77
9 90
4 81
9 6
5 7
2 74
4 54
10 70
3 61
9 93
5 96
7 48
8 24
6 47
10 87
9 63
6 13
9 99
1 71
10 29
10 65
2 67
10 99
6 51
4 92
6 97
3 68
7 17
3 55
6 26
1 67
5 70
7 72
3 35
4 100
7 1
9 50
4 85
2 43
4 44
10 7
5 66
9 54
4 74
3 81
10 3
6 8
3 93
4 14
9 82
6 38
10 56
2 68
6 63
8 70
9 35
10 16
7 12
5 89
5 92
7 12
5 63
6 50
8 61
1 75
9 16
7 69
4 76
5 14
4 50
6 15
8 53
2 91
8 92
10 31
3 4
4 78
10 82
8 8
6 42
2 15
1 22
5 43
9 99
9 65
10 89
5 47
10 30
4 14
8 38
7 72
3 45
1 5
7 50
9 46
4 36
4 98
7 72
2 54
4 27
4 11
6 32
2 93
6 38
6 31
1 64
8 30
2 90
5 71
9 14
3 46
5 79
2 29
1 29
7 22
3 69
8 21
1 20
1 14
3 49
6 64
1 52
6 47
7 27
6 8
1 67
10 58
9 22
6 99
3 61
7 21
8 65
8 76
7 32
9 74
1 38
10 43
9 14
7 59
3 47
6 10
1 15
7 46
3 51
6 72
9 25
7 89
4 67
5 59
1 21
1 73
2 67
8 11
4 89
1 12
4 4
5 30
2 81
1 12
7 21
3 36
4 8
1 38
9 7
2 62
9 10
9 18
3 14
4 76
4 57
5 72
1 44
7 25
2 94
9 10
4 11
7 95
8 54
7 62
3 77
10 33
6 12
9 94
10 45
2 47
4 7
2 63
10 48
6 50
4 69
3 96
5 26
8 26
6 84
9 23
9 9
3 4
10 37
6 92
2 62
2 22
9 46
5 2
10 60
4 36
4 63
1 24
1 99
3 31
2 53
9 1
8 86
9 64
3 100
9 25
5 46
4 99
9 30
10 73
1 16
4 37
5 23
2 12
1 40
1 84
3 62
5 17
8 70
8 40
3 18
4 9
4 98
3 89
1 88
9 88
6 56
8 53
5 65
5 52
3 46
8 56
1 90
4 15
7 31
8 99
6 73
8 68
3 92
3 72
1 99
9 74
7 48
10 6
10 50
2 78
1 49
4 55
9 38
2 23
4 95
4 47
4 53
7 21
3 4
2 76
5 36
1 84
3 92
3 66
8 69
1 72
4 81
6 61
2 5
10 72
5 32
4 87
3 5
7 45
3 44
7 69
5 38
2 66
2 28
7 67
7 99
9 14
6 74
2 22
10 55
7 91
10 19
6 96
1 77
8 95
8 47
9 71
4 22
4 7
1 31
2 75
7 11
3 77
9 67
4 87
4 29
7 20
4 48
9 44
10 18
2 20
7 45
8 15
10 67
1 84
7 59
8 1
8 41
5 77
10 70
5 66
3 46
7 82
7 99
8 1
8 11
1 36
1 33
8 4
10 73
10 20
1 38
7 1
10 22
8 6
9 73
8 17
7 46
9 82
2 8
5 57
5 20
7 38
3 21
2 41
2 57
6 32
2 98
7 91
2 69
5 3
1 2
1 55
2 34
3 79
1 63
4 54
9 22
6 23
10 11
2 20
9 74
5 60
10 45
3 92
6 95
8 13
