1 58
1 29
6 66
3 2
8 45
2 6
3 46
5 71
5 85
10 30
3 70
4 31
2 14
2 83
4 33
8 93
10 73
2 8
3 22
8 21
7 46
7 32
5 56
1 62
3 89
3 38
10 27
6 36
10 2
1 80
9 1
9 19
5 35
3 18
8 60
9 64
8 78
9 73
6 32
3 16
5 90
9 17
4 39
8 82
6 68
6 81
7 90
8 80
10 72
8 100
5 39
9 18
10 43
3 3
4 43
4 44
8 72
7 24
1 70
8 46
2 53
5 50
2 99
3 87
6 16
7 31
10 35
8 68
4 40
1 100
3 100
3 52
6 27
4 29
10 65
7 40
5 87
5 64
2 89
1 9
4 11
5 56
9 61
2 46
5 88
7 35
7 11
10 49
4 38
4 18
10 87
6 87
9 47
3 85
9 3
7 62
3 48
9 26
2 48
8 100
2 9
1 16
8 33
4 83
4 27
6 46
1 84
6 32
9 12
1 79
7 38
1 58
6 9
3 20
9 81
2 49
10 73
10 76
10 57
8 13
9 92
6 93
7 65
1 46
3 32
7 13
2 9
4 60
10 80
1 56
6 95
5 6
6 29
9 41
4 36
10 92
3 7
2 79
6 2
9 94
6 90
7 43
8 76
2 20
4 58
4 86
3 15
2 14
7 89
2 77
6 73
6 39
7 54
5 20
8 33
3 8
10 90
2 25
2 96
7 40
10 64
10 96
10 52
9 63
10 93
9 99
5 80
7 52
7 34
7 96
6 5
7 48
8 43
9 71
8 92
1 54
6 4
5 36
9 18
9 38
6 41
7 2
9 98
10 12
8 95
5 72
3 51
8 57
3 58
8 26
9 8
4 82
7 15
10 88
2 18
8 10
7 85
4 69
1 6
5 14
7 97
3 11
9 17
5 16
4 48
1 97
6 77
8 74
7 21
1 34
2 19
1 81
8 65
4 45
9 73
5 44
1 96
9 49
1 83
8 80
6 31
9 43
1 11
6 100
10 33
8 1
7 66
7 96
9 29
9 31
2 86
2 35
7 52
2 70
9 15
8 14
6 100
3 22
1 17
9 4
9 37
7 5
6 50
4 98
3 64
1 60
9 73
1 18
2 68
3 38
10 72
9 86
9 47
1 2
7 91
2 40
8 32
2 42
10 75
6 96
4 60
2 30
2 3
7 3
3 58
4 21
4 31
4 59
2 40
7 69
5 73
3 10
4 85
7 41
9 46
4 38
7 15
10 15
3 71
8 3
10 80
1 76
6 38
4 90
8 63
9 60
3 92
6 26
10 94
3 96
6 46
1 31
1 54
6 54
8 86
1 89
7 4
3 33
10 25
3 15
1 8
2 44
5 56
2 26
9 81
8 5
10 20
1 40
3 21
5 95
3 59
10 31
3 52
10 86
8 22
1 14
6 26
9 12
3 47
9 83
2 75
4 19
7 11
9 5
4 25
2 27
2 19
3 38
8 21
3 30
6 20
9 90
1 91
8 75
7 20
2 96
2 24
10 66
2 19
2 54
7 36
10 72
3 25
7 25
4 19
4 1
2 16
8 79
9 61
9 88
1 76
2 15
8 21
8 86
4 81
8 94
9 63
10 4
6 49
5 57
10 34
7 84
10 4
8 59
8 54
3 100
6 13
3 97
5 88
2 32
10 32
1 69
5 97
6 38
9 60
1 6
8 38
5 93
4 68
8 40
5 28
9 44
5 99
2 34
6 65
6 74
5 13
10 69
8 72
10 38
9 21
10 75
1 47
1 34
4 35
2 70
8 16
5 69
2 61
1 97
4 90
8 46
5 27
2 4
3 91
1 52
7 56
5 57
4 29
3 6
4 57
3 59
4 78
7 85
2 7
5 71
4 62
8 27
2 55
5 62
1 85
2 8
3 10
10 100
6 64
1 100
8 63
4 13
9 46
1 66
10 17
6 95
5 28
10 9
4 23
6 61
1 84
7 98
6 35
4 39
8 59
8 67
8 12
9 4
8 40
8 67
4 4
5 94
8 2
6 64
6 78
3 3
6 10
2 11
8 25
1 23
1 12
10 72
2 68
1 38
4 24
7 88
1 96
3 68
3 10
6 96
9 57
9 44
8 76
6 58
5 27
5 36
8 61
7 4
1 56
2 57
8 46
6 14
3 52
6 29
9 86
4 30
5 82
5 17
2 86
7 7
9 30
4 81
6 23
2 4
7 63
4 45
1 53
7 39
10 88
5 28
5 8
2 48
9 29
3 42
2 17
9 38
3 16
8 95
6 90
4 66
7 66
2 27
10 95
9 81
10 85
8 50
8 53
1 64
1 29
10 35
10 51
3 35
1 12
7 42
3 50
9 28
8 36
3 43
2 54
2 27
9 62
3 90
4 77
1 25
4 2
2 11
3 60
2 70
6 3
6 1
10 11
9 21
2 82
8 41
3 60
4 100
3 31
1 89
4 84
4 31
8 61
1 15
9 18
4 96
8 76
2 45
2 9
7 18
10 94
3 48
8 47
3 39
8 65
1 63
10 86
1 11
6 61
8 35
10 76
1 19
5 28
2 90
6 40
1 49
5 31
10 85
3 20
7 25
10 51
10 91
9 55
7 67
2 2
10 34
9 18
2 85
5 46
2 7
2 68
1 87
5 31
4 28
5 23
10 75
9 46
6 39
8 50
8 93
4 41
1 41
3 71
3 1
4 90
10 93
9 52
8 25
8 34
8 60
4 88
4 42
5 33
3 100
8 61
4 35
4 58
10 27
7 4
1 99
1 81
1 47
5 22
5 22
10 88
3 74
9 55
5 76
10 77
10 61
2 94
10 51
8 67
10 25
4 78
2 16
10 10
7 31
3 48
4 82
3 98
7 53
8 28
1 91
2 61
4 96
1 51
4 96
6 47
9 55
5 27
8 94
6 50
6 59
3 12
1 1
3 55
10 14
6 78
2 42
7 53
8 85
6 2
8 58
10 3
8 53
7 52
10 99
5 80
8 27
10 88
3 7
4 84
7 21
7 55
2 62
6 82
8 46
9 76
3 86
4 17
9 70
4 97
9 17
3 73
6 100
3 17
6 61
10 100
10 18
10 45
10 97
3 99
6 17
7 65
6 90
5 13
10 55
1 78
5 70
3 87
6 90
5 31
1 97
9 88
10 80
4 18
6 76
5 1
3 23
10 93
7 64
3 57
5 59
6 95
6 97
3 73
6 69
3 38
7 37
6 91
8 28
2 80
8 12
7 82
4 11
5 56
6 3
5 91
4 43
4 52
7 63
2 92
8 84
6 46
1 24
1 77
2 21
3 88
3 20
5 17
9 74
3 46
8 15
5 39
7 87
3 12
10 38
5 90
5 44
5 91
10 54
9 15
9 48
2 38
4 4
6 44
8 27
6 39
1 68
5 96
7 99
8 57
9 100
6 35
4 44
3 24
5 59
10 56
5 21
8 15
5 44
7 99
6 28
9 38
10 74
4 42
7 54
9 77
9 95
1 62
2 37
3 43
3 39
9 13
9 43
4 4
4 40
6 94
8 55
10 85
1 26
8 50
3 4
7 22
3 45
2 83
3 31
10 71
7 15
6 17
2 83
1 24
3 21
5 50
6 28
3 38
10 54
4 43
5 79
4 30
5 45
3 55
9 29
7 39
4 50
5 76
6 49
5 82
5 53
6 67
7 89
1 51
6 48
1 62
5 5
5 70
1 7
2 57
8 56
7 32
2 7
6 27
9 76
6 18
7 78
3 100
4 64
1 34
6 39
7 46
9 23
1 14
8 20
3 77
4 20
9 14
2 92
10 13
10 53
1 43
7 75
2 33
1 37
2 12
4 7
2 92
5 68
5 58
8 62
4 16
1 17
5 70
8 57
5 23
8 92
4 91
9 20
7 46
8 33
7 61
4 40
6 98
8 45
10 38
3 71
5 38
10 58
4 42
10 88
10 8
3 85
5 12
10 73
3 88
8 72
3 81
1 75
7 39
7 70
5 46
8 38
4 49
1 3
5 19
3 78
1 53
2 71
4 95
7 95
1 31
6 50
3 76
7 74
7 8
4 58
9 30
6 75
5 23
3 62
1 76
8 68
7 72
9 62
10 37
10 60
3 94
6 2
4 2
9 63
6 3
7 82
9 54
7 54
5 40
9 49
8 15
9 69
10 60
3 72
1 56
9 34
8 45
7 29
7 15
3 81
8 80
4 58
8 29
5 11
8 87
5 13
1 15
10 5
3 26
1 55
7 41
10 60
7 72
6 6
6 98
9 40
7 90
5 25
6 21
3 86
9 76
7 65
8 55
4 56
6 40
7 31
9 36
6 50
10 29
1 63
4 93
10 72
2 1
8 48
8 72
8 8
8 56
4 74
6 29
5 42
9 26
2 65
6 80
8 88
10 93
2 85
9 50
10 57
10 86
6 42
2 83
2 36
6 50
3 24
2 79
3 23
10 3
8 13
3 31
4 46
3 18
6 47
6 82
8 96
1 4
1 1
5 94
7 82
1 91
5 38
