1 45
10 50
8 92
5 14
4 59
4 40
1 69
5 20
7 61
8 53
2 66
1 33
5 26
7 70
1 5
2 11
5 62
2 44
1 6
2 3
2 66
6 85
5 33
1 76
7 71
9 11
9 12
9 83
4 16
6 1
2 75
7 19
4 18
8 71
10 18
9 88
9 77
1 19
2 67
6 69
10 61
10 80
1 90
1 11
6 64
5 32
8 18
10 58
7 29
9 32
7 19
7 32
5 80
7 88
10 72
5 67
5 21
9 5
6 36
7 9
5 86
9 16
3 57
3 63
7 54
4 41
2 54
10 9
7 90
9 47
6 83
6 81
6 38
8 80
1 20
5 81
8 86
2 31
7 89
5 11
5 3
8 88
1 14
8 17
4 57
7 32
2 52
3 28
8 92
2 75
1 96
5 62
1 16
8 35
3 61
5 50
10 98
2 83
4 87
2 4
7 75
6 51
1 8
2 79
1 18
4 52
2 32
9 17
3 48
8 82
1 58
1 91
1 25
10 80
3 50
1 99
5 86
2 36
5 46
8 52
1 58
2 77
8 99
10 93
6 6
2 86
10 75
1 87
3 98
4 66
2 22
3 82
9 68
9 92
4 23
2 93
7 62
2 46
10 37
10 44
9 38
5 22
4 56
2 74
5 51
3 62
1 27
8 93
10 90
2 77
6 70
9 74
9 99
1 61
9 67
4 31
2 75
2 54
1 70
5 47
8 86
1 86
4 98
7 55
4 88
8 97
6 43
10 60
1 65
3 59
9 44
5 37
5 19
4 91
4 76
10 15
1 24
10 39
7 3
3 45
6 94
9 87
8 67
9 87
8 36
7 85
6 57
5 36
5 100
8 43
9 6
8 50
8 97
5 54
3 97
6 30
10 80
9 91
7 9
4 35
1 36
7 86
2 9
6 5
6 43
9 96
7 81
8 7
2 17
6 50
8 64
1 43
9 50
7 85
1 86
9 87
7 89
7 29
10 52
9 87
10 89
1 81
7 25
10 75
3 92
5 63
3 36
9 48
5 79
1 54
7 13
9 92
7 35
4 61
6 59
9 75
3 20
8 66
3 41
7 34
4 81
10 41
4 22
8 4
5 9
4 56
7 78
3 73
4 94
3 75
3 25
4 21
3 97
2 95
6 9
1 63
3 34
7 44
8 50
10 52
9 14
6 37
1 18
4 23
7 21
2 20
7 83
9 1
7 48
5 48
9 65
10 91
7 70
4 25
9 2
2 52
8 36
9 44
3 57
2 50
1 34
7 89
5 40
1 6
9 25
9 98
8 2
2 58
5 44
6 58
2 17
3 60
8 97
10 29
3 1
5 25
9 15
7 68
1 72
4 60
5 55
4 83
1 24
5 67
4 57
5 97
4 72
3 39
8 62
3 60
7 12
4 62
5 37
4 87
9 44
6 37
6 8
5 85
4 57
3 83
9 2
1 37
5 1
5 93
3 7
7 9
1 58
2 46
10 77
7 21
9 87
10 3
1 67
10 27
3 4
3 46
5 37
3 2
9 48
2 96
10 60
5 61
1 6
2 28
8 81
4 42
3 2
9 90
1 3
1 1
1 30
2 11
1 23
5 36
6 68
2 82
10 53
6 42
1 8
6 22
2 90
1 91
1 24
9 72
4 17
1 47
5 37
6 63
2 20
1 76
8 49
9 75
10 74
3 70
4 57
6 84
4 56
1 18
9 1
7 55
5 30
4 2
9 37
9 57
1 96
1 60
5 88
8 17
1 39
5 36
1 36
7 40
5 62
7 61
5 50
10 60
1 84
4 32
6 57
7 75
5 2
1 94
7 44
8 34
6 83
4 32
10 5
4 60
4 2
9 2
3 70
2 46
9 52
2 7
7 29
8 78
7 16
7 37
2 37
3 34
6 84
4 34
2 17
9 89
10 43
1 95
7 10
5 74
5 90
1 50
10 85
10 97
4 41
5 89
4 60
2 91
3 40
9 19
5 80
10 38
5 52
6 23
3 49
8 19
1 34
6 81
10 38
2 42
1 64
4 18
10 28
8 91
10 29
1 41
2 32
2 20
3 35
6 31
4 24
10 15
8 100
6 84
3 20
1 46
6 47
5 72
9 10
1 90
9 69
10 46
5 84
8 95
3 38
5 97
4 93
5 12
7 47
7 11
9 66
9 8
2 8
5 84
5 73
3 66
7 81
6 81
5 69
5 58
10 46
10 19
8 15
6 54
9 49
7 27
5 96
10 98
5 36
9 68
9 33
5 36
8 81
2 58
8 93
3 58
1 52
8 27
8 71
9 75
3 61
4 70
7 47
10 53
8 99
6 10
3 51
6 23
7 81
10 9
6 63
6 79
5 34
9 39
1 44
2 52
9 70
6 26
6 46
7 68
5 45
4 25
7 95
2 81
3 81
6 83
5 8
1 60
4 37
1 26
5 75
1 48
9 61
2 2
4 81
1 93
3 22
7 97
4 91
3 79
1 93
7 42
9 27
1 14
4 61
1 20
7 62
4 53
4 43
4 14
1 89
1 81
3 62
2 14
8 97
4 81
9 81
2 72
8 81
8 16
6 29
3 34
6 60
5 4
7 26
9 30
9 58
7 83
10 89
6 25
10 13
8 42
5 80
5 96
8 61
6 48
5 35
7 74
2 62
8 73
5 3
5 79
4 62
6 32
5 63
9 64
4 58
8 7
6 68
4 86
9 47
1 59
10 10
10 22
1 79
5 15
10 58
10 59
7 63
7 100
5 75
7 93
2 92
4 59
3 23
7 30
9 8
9 88
3 29
5 45
1 56
10 39
7 55
9 60
4 93
6 82
5 67
5 99
8 48
2 84
7 43
7 72
10 68
10 93
9 26
10 31
8 36
6 8
4 49
6 1
2 91
2 39
4 97
5 10
4 17
9 27
7 82
3 76
3 37
3 47
3 95
7 12
8 7
3 31
5 10
6 54
3 93
1 39
9 98
5 34
10 88
10 75
9 65
7 11
8 93
7 98
4 69
3 4
1 6
2 8
3 33
3 63
9 12
9 53
5 14
6 52
6 84
10 66
7 72
5 56
2 36
4 33
4 16
4 23
8 36
4 7
2 81
9 80
7 67
10 38
1 26
7 38
3 65
9 37
10 23
4 23
1 32
8 13
9 24
5 46
2 61
7 35
4 68
9 98
7 67
8 82
7 80
8 26
3 32
3 99
9 14
4 16
4 4
3 57
10 41
3 72
9 14
1 65
4 44
8 11
4 78
3 36
6 37
9 15
5 64
3 37
5 45
3 39
3 85
1 14
6 23
5 89
4 63
3 44
5 66
10 61
10 11
2 65
8 68
1 65
3 54
3 59
8 31
9 92
9 25
4 56
6 66
8 93
2 55
4 45
10 94
9 15
2 28
6 73
8 99
2 84
3 93
4 89
3 38
2 36
1 88
9 75
1 10
3 12
1 66
6 68
6 64
6 33
6 77
8 47
4 13
3 52
8 65
9 42
5 72
4 66
3 45
8 62
5 78
5 78
6 84
6 76
9 100
1 12
8 98
4 44
5 77
6 85
4 43
4 30
9 47
1 78
7 72
10 18
8 76
5 96
1 86
9 82
9 62
9 14
10 48
8 72
4 41
5 48
2 34
2 35
3 33
5 88
3 54
4 58
5 82
6 41
6 48
9 82
3 26
1 89
6 59
9 78
4 11
5 92
7 99
5 87
9 51
8 80
1 90
4 95
3 54
2 16
7 21
6 60
7 23
2 63
8 50
1 43
2 96
1 93
7 33
10 47
2 9
10 26
5 40
3 21
5 18
6 59
4 65
7 19
7 7
1 30
6 37
9 95
7 52
1 31
6 12
1 42
8 43
1 75
3 41
10 19
1 71
10 62
7 5
9 71
8 48
1 13
4 40
8 13
2 51
7 2
10 81
5 9
5 41
2 13
3 17
9 6
2 41
8 19
6 4
2 6
6 60
7 65
6 88
8 98
2 65
10 26
9 47
9 52
7 19
9 46
1 22
2 74
8 20
1 63
7 50
5 62
8 77
6 100
9 77
10 13
4 98
2 44
3 31
3 86
4 37
4 57
6 30
8 10
8 84
10 19
4 16
7 31
1 24
1 64
10 6
6 12
7 50
8 99
6 72
8 56
3 18
2 74
1 85
1 63
10 36
7 86
9 21
8 75
10 65
4 83
7 43
1 17
10 37
8 66
1 34
4 98
10 100
6 73
8 14
10 77
3 66
8 52
8 82
10 60
9 44
10 59
5 8
3 56
10 18
10 72
3 26
3 15
7 41
2 95
4 5
4 44
10 49
6 81
3 6
2 6
4 93
5 67
2 79
6 42
2 47
1 42
6 51
10 52
7 67
8 78
9 35
1 51
10 12
9 81
2 25
1 63
6 88
3 31
2 17
2 47
2 30
1 5
3 98
2 85
8 68
7 72
1 19
4 58
4 28
6 100
5 68
3 53
3 21
7 92
10 32
4 87
9 97
5 25
1 46
8 49
9 73
5 24
2 62
3 35
