1 62
2 96
1 53
9 99
3 58
1 50
6 100
4 98
9 1
4 9
2 83
9 16
5 59
3 90
7 52
3 26
3 68
10 74
3 88
9 44
5 69
1 69
6 28
7 72
6 46
9 77
2 52
9 64
9 92
8 62
9 76
7 3
8 61
8 89
10 84
1 48
9 64
6 23
9 21
1 16
4 20
5 76
7 85
4 74
1 98
8 18
9 73
10 26
1 81
3 81
10 42
10 36
4 79
2 3
8 54
9 100
2 51
7 14
5 5
8 5
3 26
9 78
9 38
5 96
1 20
3 3
5 93
5 100
9 90
2 48
7 84
1 85
4 7
6 92
10 64
3 82
7 85
9 59
9 23
2 32
10 54
2 41
7 22
10 55
1 41
1 4
10 62
4 86
9 28
5 1
2 3
8 45
4 77
7 35
8 37
1 12
8 71
6 41
4 16
2 18
7 11
3 2
1 85
5 44
1 66
7 80
6 34
8 73
10 43
5 56
1 64
10 6
4 91
6 50
2 31
1 69
3 26
2 11
5 67
2 31
10 4
5 19
8 79
4 27
5 67
10 37
8 46
2 66
1 1
9 84
8 64
1 35
3 76
1 13
2 71
1 38
3 72
10 69
6 36
8 59
6 37
6 78
6 49
10 65
10 63
5 95
7 22
1 21
4 7
6 46
8 46
7 98
7 100
4 99
2 9
10 84
6 57
5 79
7 5
9 75
9 27
6 15
5 46
6 3
10 29
4 24
4 79
7 59
9 90
10 11
10 37
8 35
2 22
8 28
7 13
5 12
1 18
7 13
7 3
3 72
10 55
4 73
8 3
8 72
4 72
10 7
9 28
6 72
9 54
7 86
2 21
8 63
10 17
10 59
1 58
8 33
2 93
1 36
7 21
10 42
9 31
8 5
3 71
4 10
4 88
1 79
5 33
4 24
7 26
7 63
2 18
7 66
1 71
2 62
9 37
7 41
7 15
5 63
3 29
5 74
2 11
5 65
10 43
7 37
6 90
3 28
10 27
7 82
3 73
4 49
2 52
4 76
6 48
7 96
4 62
1 24
6 24
5 95
4 64
3 12
6 69
5 58
4 62
9 98
1 3
2 18
8 49
10 88
6 14
1 8
6 95
5 23
1 52
5 81
7 78
3 22
4 51
9 41
10 34
8 57
6 61
1 14
7 85
3 84
6 13
4 68
6 60
8 60
9 53
9 40
9 60
5 26
9 47
3 2
10 91
6 57
9 94
10 16
7 79
1 58
1 85
5 90
9 67
4 58
1 48
2 74
9 59
4 1
10 31
10 95
10 34
5 35
5 64
1 20
8 27
2 56
4 81
3 68
3 18
4 83
5 57
5 85
9 34
5 83
2 10
6 2
4 22
8 14
5 85
5 54
4 74
4 62
9 95
7 61
10 65
2 32
10 76
10 15
4 22
4 31
4 91
4 2
2 44
6 92
8 87
7 6
2 27
5 93
7 17
3 81
10 7
2 76
2 36
7 82
8 17
6 18
9 83
7 91
10 99
9 42
1 36
10 21
4 19
8 61
5 29
1 36
1 24
2 49
10 3
6 97
9 94
7 56
10 87
8 41
4 100
9 36
1 33
10 73
7 81
10 34
6 61
5 22
8 73
10 64
5 80
6 4
9 27
7 25
2 21
8 96
4 82
5 33
1 94
5 16
7 77
3 71
8 34
5 19
10 41
4 40
2 86
6 20
9 8
6 100
8 42
2 69
4 9
8 73
8 15
3 85
8 52
7 13
7 28
1 88
1 77
1 6
10 27
10 39
1 65
2 29
8 54
6 51
4 86
8 82
10 100
10 96
5 85
2 47
2 63
5 80
4 84
8 74
8 77
9 99
10 19
5 6
3 97
8 49
9 84
6 18
4 73
7 89
8 57
6 10
4 23
10 27
4 26
10 64
3 17
7 51
9 6
4 57
9 79
10 33
7 44
3 42
10 33
8 73
4 75
9 26
2 96
6 61
1 64
3 63
2 39
8 79
6 24
8 50
9 4
2 39
1 25
5 73
9 66
10 54
2 12
6 43
1 45
9 10
8 85
1 4
2 39
5 55
4 12
10 87
1 27
2 97
7 15
9 28
7 82
1 78
4 50
9 36
4 100
10 26
7 74
10 98
4 37
6 71
8 23
10 61
4 50
6 80
2 79
7 75
1 19
1 8
8 40
5 78
8 31
9 30
3 34
9 50
9 41
2 7
10 11
6 95
5 67
9 49
6 32
9 41
4 23
9 92
8 19
3 4
7 88
4 92
10 81
1 76
4 75
1 36
8 55
9 51
7 27
5 31
5 95
3 88
7 35
1 50
2 90
5 11
5 37
9 98
3 52
9 11
8 62
1 1
10 28
5 66
1 15
2 46
9 79
1 9
3 63
8 78
6 54
10 3
1 43
2 63
6 38
10 64
9 12
3 98
10 29
3 64
10 33
4 22
3 100
1 83
3 63
3 25
6 21
5 51
3 58
7 63
7 16
4 3
4 19
6 19
5 87
4 32
9 58
4 95
4 63
4 28
2 43
8 42
9 6
2 76
6 58
5 15
4 13
5 47
1 21
10 48
2 49
8 39
1 10
7 53
8 91
6 8
5 39
5 100
8 6
5 70
6 83
2 93
7 85
3 1
7 56
9 73
7 72
10 57
1 81
9 77
3 73
10 69
3 7
8 37
3 76
1 13
2 81
6 23
6 61
1 73
6 33
4 99
5 58
8 25
6 75
3 98
10 88
9 85
7 82
2 64
5 77
3 12
6 88
9 8
1 40
4 90
3 60
1 81
1 98
1 32
9 67
5 79
8 69
9 64
2 26
3 2
1 12
9 43
3 83
4 71
9 83
1 17
9 77
6 98
7 93
1 69
3 83
9 6
5 38
3 12
8 57
4 33
9 5
5 72
6 20
4 39
4 93
2 98
7 92
4 12
6 53
1 5
1 65
8 87
10 70
2 35
1 49
4 87
4 5
10 1
4 30
9 41
3 83
7 60
2 37
2 7
8 6
4 56
3 35
3 84
6 46
6 77
10 96
6 74
4 79
5 78
4 60
2 94
4 39
10 4
5 16
8 9
1 95
8 98
6 47
10 38
9 16
3 84
9 51
9 68
9 3
6 73
1 71
7 59
1 32
3 82
7 72
4 99
3 36
8 30
6 14
3 34
10 64
4 93
7 34
8 36
3 58
4 48
6 35
2 34
9 55
2 17
7 7
5 2
5 62
6 49
4 100
3 99
3 33
6 67
3 1
1 55
2 100
8 55
2 36
4 57
2 19
2 94
10 3
10 61
1 64
2 2
6 14
8 1
3 43
1 88
9 56
8 43
4 24
8 91
6 10
3 15
1 73
7 97
9 14
7 96
6 42
5 14
5 25
2 36
6 23
7 57
4 95
4 17
9 58
2 72
10 53
10 93
3 35
10 29
1 50
10 7
10 53
4 41
2 52
8 92
7 40
5 2
4 14
6 10
9 2
5 98
8 17
2 41
4 48
4 3
2 36
7 78
1 76
4 38
8 42
1 69
10 95
2 82
6 92
10 25
10 77
6 52
3 18
9 32
4 37
9 42
3 52
1 65
8 32
7 70
4 31
7 88
1 98
9 62
9 91
6 2
4 47
5 7
3 23
5 31
9 57
2 3
6 62
3 17
3 88
3 77
3 10
10 24
2 84
10 25
2 73
8 53
7 43
9 31
5 30
4 53
3 77
3 18
6 22
5 69
5 65
9 75
2 69
4 49
9 87
5 61
8 43
3 78
3 41
9 71
10 45
3 94
10 56
10 47
9 20
5 93
4 2
10 35
8 70
8 51
8 15
1 35
2 10
6 42
8 17
1 40
6 54
4 98
4 74
1 61
2 44
3 57
4 99
5 73
6 30
1 98
9 44
7 94
9 52
3 31
8 96
3 13
6 75
4 77
7 84
6 37
9 41
10 85
9 77
10 75
1 30
7 2
6 39
8 44
9 86
6 27
2 22
10 48
4 17
6 100
3 73
3 14
4 57
7 93
4 15
1 47
4 4
7 48
9 52
4 66
1 20
10 97
6 82
1 50
5 84
3 61
7 54
5 85
6 90
10 66
7 73
9 29
1 85
5 38
3 17
5 59
5 2
9 73
5 92
10 66
2 92
2 18
10 50
7 82
10 17
9 50
7 4
9 99
5 29
5 14
8 1
6 60
2 63
1 27
10 1
4 78
2 73
10 78
8 85
8 13
9 3
5 15
1 76
7 79
6 79
4 71
3 41
3 5
8 65
6 36
3 40
8 67
2 87
7 81
8 36
4 73
10 26
7 48
1 87
1 45
3 65
10 61
4 79
7 10
4 79
10 14
3 45
10 28
1 37
7 91
7 14
1 22
6 27
9 41
10 84
2 87
2 50
10 93
6 94
5 90
8 68
9 15
9 33
6 15
2 85
3 48
5 99
3 42
10 94
5 58
7 16
5 3
10 49
2 1
1 35
3 1
7 10
5 98
7 91
3 21
