5 15
10 54
5 73
2 31
7 4
7 55
10 76
8 37
10 95
7 42
5 14
2 50
10 65
2 65
2 10
9 23
8 74
6 36
8 100
3 75
7 50
3 81
5 54
6 98
5 22
7 47
9 5
7 55
9 19
10 77
9 43
4 96
7 60
3 66
6 73
4 2
6 25
3 56
7 59
1 80
5 23
4 72
3 60
6 18
1 55
8 65
2 1
2 67
8 88
2 66
4 95
6 13
4 28
6 67
3 55
6 86
9 9
5 19
5 18
10 6
7 13
8 34
2 83
5 89
4 44
7 55
1 38
1 52
9 66
1 55
9 37
7 96
7 56
3 30
3 72
8 44
6 9
8 7
6 98
3 26
7 43
6 49
3 35
5 22
10 41
2 65
2 89
8 92
5 23
4 68
5 41
2 88
7 87
9 76
4 9
1 33
2 60
10 44
3 77
1 36
9 15
7 22
2 52
10 96
4 12
4 54
5 42
4 85
9 3
6 85
9 49
10 51
8 33
2 96
6 13
10 89
4 53
8 17
1 41
6 24
3 33
3 46
10 86
10 92
3 21
1 98
7 44
4 83
2 44
4 90
6 10
3 19
2 24
10 65
4 37
7 2
7 11
4 98
2 85
2 9
4 76
4 56
6 25
7 38
4 10
8 44
4 13
10 40
5 22
10 1
1 79
7 24
9 66
2 36
10 92
4 95
3 86
8 50
4 9
1 4
9 51
7 12
8 52
5 24
2 76
8 74
5 27
10 18
6 63
5 62
10 26
5 91
9 65
9 99
1 50
10 97
6 91
7 9
1 18
5 85
10 94
6 81
8 22
1 17
3 96
1 99
9 55
9 4
5 67
1 53
7 64
4 24
8 14
6 7
3 80
5 20
10 67
5 11
4 15
9 37
6 85
4 47
1 48
9 35
8 50
1 27
2 22
2 37
9 88
3 86
1 69
10 16
4 61
4 62
7 7
10 46
8 76
7 27
2 44
2 92
6 87
2 18
10 28
4 46
5 97
7 7
7 42
4 95
6 47
1 40
7 45
4 91
3 28
3 45
8 44
4 99
4 2
6 20
7 11
5 17
5 96
6 40
3 89
5 30
3 88
8 8
2 77
5 5
8 61
2 51
3 3
6 59
6 91
1 47
3 90
6 83
2 67
10 27
5 53
10 9
10 18
5 86
1 80
1 60
3 58
5 92
3 54
10 29
5 70
10 69
8 57
9 47
1 100
7 35
7 79
2 7
3 3
1 34
10 25
4 39
5 9
6 80
6 92
6 44
1 55
9 56
4 57
7 90
7 81
8 40
1 66
3 57
2 64
1 97
2 77
9 19
10 12
5 63
2 33
6 62
9 93
5 75
9 54
4 16
10 40
10 82
1 59
9 94
8 37
3 38
1 95
5 7
9 24
1 33
5 18
6 20
5 94
3 62
4 98
4 68
10 26
9 58
3 61
9 35
8 70
5 68
3 31
2 17
8 9
8 10
1 62
10 37
7 21
3 26
5 56
7 71
8 83
9 62
3 88
4 24
5 35
6 21
1 66
6 58
10 95
5 51
4 50
5 83
8 41
1 37
7 61
7 37
5 87
7 68
8 33
6 81
5 16
5 32
5 23
3 93
4 22
2 39
5 53
8 79
2 91
9 65
9 95
6 65
8 70
10 39
4 83
6 65
9 93
4 54
8 27
9 60
1 2
9 54
5 67
10 56
5 83
2 65
3 33
9 48
5 16
6 47
4 95
9 72
9 34
1 17
1 85
6 88
6 19
1 56
6 69
9 79
3 78
4 41
8 16
7 18
5 17
9 8
4 16
9 64
10 22
2 54
10 21
5 8
2 89
1 73
9 18
1 60
6 70
3 9
1 99
5 94
3 9
4 82
1 62
10 31
8 23
10 50
9 28
10 30
4 11
9 81
2 63
6 51
1 60
3 13
8 63
9 85
4 31
9 89
9 6
9 30
6 15
10 96
8 14
10 83
10 83
7 45
5 23
1 51
4 15
8 14
3 15
9 91
6 60
4 42
3 15
1 56
2 83
8 92
3 33
4 22
10 11
8 64
6 74
5 88
7 61
6 66
8 39
2 43
9 89
2 92
10 90
2 42
10 47
4 50
6 51
10 29
1 56
8 9
10 17
7 60
9 89
4 87
5 44
4 10
8 76
3 83
6 62
3 100
7 48
4 75
1 52
3 53
3 15
2 26
7 39
10 49
3 22
2 40
6 69
8 35
9 70
6 39
7 91
1 65
2 56
5 17
8 59
4 33
8 66
4 30
10 29
10 100
4 94
4 21
3 63
1 44
8 31
10 96
9 78
8 18
4 100
4 2
1 72
1 10
1 90
8 6
9 10
7 84
6 63
3 70
3 37
5 79
3 23
9 10
10 10
4 79
6 19
3 60
4 20
4 80
4 31
5 68
6 94
9 94
8 70
5 15
5 7
5 4
6 18
9 30
8 40
10 35
2 31
1 13
7 46
10 18
2 64
1 62
2 46
1 50
9 64
8 1
9 26
1 40
2 20
10 35
3 31
9 15
6 63
6 45
9 95
7 65
10 11
7 75
3 17
6 91
6 15
8 59
4 65
6 67
1 37
5 76
5 99
9 11
7 22
10 66
4 73
10 25
7 51
10 3
2 52
7 62
9 64
9 45
5 17
2 65
3 88
5 7
2 21
3 22
8 14
10 97
3 95
10 69
2 99
2 2
5 50
6 83
10 47
7 31
2 1
4 49
9 3
6 4
5 29
2 81
2 41
4 15
4 67
1 10
8 17
9 68
8 51
7 77
4 15
8 13
10 18
5 24
8 100
10 65
9 73
8 20
5 72
1 79
6 5
8 36
6 31
7 1
5 36
2 85
8 10
7 63
7 58
3 21
5 72
2 23
4 31
3 2
6 35
3 72
9 49
3 2
7 66
5 78
9 97
7 26
5 59
5 61
3 88
7 81
2 32
2 23
7 31
10 92
7 59
6 20
5 40
9 37
6 51
10 22
4 60
2 34
6 13
3 64
10 17
1 8
6 26
6 56
6 8
4 10
5 66
7 23
10 50
5 13
8 52
6 88
7 7
8 71
1 54
4 47
4 27
5 98
8 67
1 26
9 94
9 11
8 100
3 11
2 93
5 21
8 42
9 86
5 70
7 97
10 48
5 50
9 30
10 38
1 63
10 61
1 34
9 48
1 19
4 38
7 28
7 22
3 29
5 68
4 24
4 65
10 20
2 37
7 41
3 85
8 34
7 9
4 31
3 8
9 98
2 62
9 20
10 44
10 24
7 4
5 93
4 83
10 18
2 100
8 92
5 10
6 15
4 79
1 65
10 97
5 13
4 85
2 31
1 46
7 29
8 31
1 10
1 83
9 51
9 96
6 96
10 34
5 96
8 21
8 5
1 28
2 95
4 26
4 5
2 53
9 3
2 30
6 98
4 84
3 73
9 63
1 4
4 69
7 12
2 45
9 35
10 76
7 41
5 9
3 64
2 44
2 1
2 32
10 78
7 99
5 28
5 79
5 12
2 90
4 50
8 74
2 17
1 71
1 68
7 26
9 75
6 45
9 97
10 97
9 29
10 15
3 10
1 87
6 25
1 42
10 72
10 52
3 30
5 58
5 50
4 14
6 11
8 53
10 17
4 29
7 75
5 50
9 10
6 79
4 51
10 57
4 44
1 27
2 43
9 68
6 72
3 60
7 46
8 11
8 14
9 56
10 81
4 25
10 95
7 43
4 4
3 2
5 91
9 83
6 14
4 31
5 58
1 75
8 28
7 37
8 16
1 3
10 78
5 43
6 75
7 3
10 15
8 50
8 53
10 9
5 62
2 100
5 4
6 97
2 96
8 28
9 91
5 80
8 30
9 58
9 84
9 40
1 9
8 73
1 62
5 55
6 32
7 38
4 54
4 41
3 86
1 80
4 99
9 97
5 6
9 83
6 24
10 96
7 72
4 22
9 78
4 91
1 23
10 3
9 24
10 60
8 54
3 40
10 60
7 25
7 22
6 1
10 5
1 21
1 79
2 10
6 89
7 80
8 60
9 36
8 53
2 28
7 54
1 65
8 58
6 56
9 93
2 57
4 56
1 38
1 39
4 41
5 35
4 26
6 34
7 60
10 87
3 98
4 87
7 2
9 9
3 66
5 19
9 7
3 25
3 3
5 87
5 42
4 23
9 30
9 77
3 36
1 57
5 31
1 55
9 52
2 20
10 40
1 16
9 46
7 4
6 45
1 68
4 98
10 83
4 98
8 18
7 76
8 50
8 90
5 69
4 47
4 61
9 84
10 33
1 84
2 1
2 94
7 65
1 73
5 9
10 12
10 100
10 95
10 39
5 11
3 26
7 70
10 70
5 52
6 10
8 22
5 72
1 36
9 98
1 46
3 42
5 35
7 16
2 99
10 28
4 98
7 93
10 10
8 29
2 19
4 38
7 19
10 8
10 57
3 36
7 42
3 95
1 74
10 21
10 89
9 85
4 28
7 50
7 19
