10 14
9 25
10 11
2 71
2 29
4 54
2 99
10 79
9 3
7 1
3 72
9 68
10 86
10 39
5 97
3 81
2 89
7 8
9 40
8 79
6 5
8 39
1 69
6 1
9 1
3 70
10 68
1 40
7 63
3 53
5 12
5 61
9 87
2 41
4 11
3 35
4 9
7 2
9 58
6 36
7 72
1 3
9 8
6 1
8 87
3 46
5 63
2 8
4 63
1 75
6 96
5 87
1 64
7 51
3 37
2 20
4 44
6 35
10 6
4 92
2 100
4 28
5 98
5 78
4 3
9 70
7 14
8 30
2 24
7 23
3 42
7 20
5 36
8 62
4 48
6 53
2 62
10 78
8 90
6 66
2 2
6 86
7 49
3 13
10 19
1 68
8 22
7 81
1 6
1 40
9 58
3 35
7 59
6 48
2 95
3 29
10 15
4 28
10 82
5 24
7 26
4 44
6 40
4 79
7 80
9 74
4 63
1 35
10 90
2 23
7 52
9 46
5 71
6 2
1 80
1 50
2 49
6 38
9 9
2 53
2 71
1 66
1 51
7 32
8 99
6 89
10 41
9 86
3 91
6 46
8 91
9 24
7 36
9 98
9 84
1 68
7 56
8 62
5 19
3 56
6 25
10 20
9 23
9 29
7 25
6 74
4 76
1 6
8 95
8 60
1 41
3 24
5 29
4 61
2 98
1 65
5 50
1 6
3 37
6 19
3 66
10 20
1 30
2 75
6 98
8 13
7 89
3 52
5 59
1 11
5 4
9 47
4 16
4 9
8 51
9 87
8 46
2 31
10 62
5 32
3 41
3 67
2 59
6 37
6 29
6 72
1 86
9 39
4 72
9 8
2 94
6 62
3 81
7 76
1 71
9 52
3 88
3 20
8 92
3 43
7 37
3 73
10 8
5 61
1 26
7 24
3 97
1 39
9 50
6 21
10 46
6 49
5 10
7 59
6 51
8 53
10 58
10 24
7 36
7 65
10 98
4 83
7 93
3 79
3 15
10 80
7 38
10 37
4 33
9 76
4 24
5 76
2 84
8 31
1 4
3 70
7 84
4 55
7 81
7 86
8 22
8 11
4 75
10 4
7 59
10 59
1 64
8 59
1 34
8 64
4 28
5 41
7 68
2 38
7 78
7 59
5 49
4 96
7 46
1 91
5 54
8 48
1 10
8 16
3 10
2 81
8 59
10 49
8 18
8 66
10 91
9 55
1 38
8 18
4 10
5 26
9 56
9 24
2 91
8 61
5 46
10 38
2 85
8 8
9 2
9 10
10 44
8 98
7 19
3 74
1 3
2 5
4 6
4 5
4 78
1 14
5 23
5 73
9 3
10 51
8 87
4 46
7 10
9 43
10 66
9 30
2 50
9 99
8 100
6 25
10 51
6 64
5 73
1 35
1 20
3 13
9 95
4 31
8 36
10 75
3 100
10 67
7 27
5 41
4 50
7 27
6 27
9 87
6 80
9 9
8 49
5 48
9 48
4 91
1 6
2 34
10 73
3 58
5 33
4 46
10 28
1 83
5 45
8 91
9 56
1 50
4 97
6 85
2 35
1 56
9 77
6 3
6 45
4 54
4 12
1 59
3 18
1 77
7 66
3 51
9 33
5 13
2 92
9 95
2 41
1 73
3 29
8 31
7 100
5 87
9 36
1 32
1 99
3 74
3 73
7 40
5 39
4 9
6 3
7 75
1 12
2 6
1 45
7 34
10 41
2 29
8 74
2 44
9 93
2 36
3 50
9 73
6 50
9 15
5 5
6 1
5 53
4 15
4 17
1 95
3 46
9 92
6 50
6 72
5 78
4 41
1 54
8 71
1 61
6 44
3 83
9 1
1 8
9 28
1 9
10 31
5 26
10 53
7 2
6 92
4 76
3 92
5 53
2 82
3 98
3 25
1 68
3 98
7 21
9 78
6 22
2 90
9 12
4 82
10 9
7 52
2 61
6 73
1 73
5 1
3 79
7 4
1 88
10 16
3 83
6 51
1 96
3 7
2 53
5 13
4 64
1 75
10 78
5 4
1 72
8 90
1 89
8 51
1 32
10 5
10 60
5 49
6 9
9 11
1 14
5 85
9 89
5 61
7 7
7 41
9 86
10 2
10 37
5 53
9 83
2 87
7 47
4 83
9 96
9 18
7 53
1 98
5 40
4 96
8 56
7 21
5 26
2 36
8 29
8 18
3 22
1 70
7 59
7 17
3 86
8 47
9 51
5 48
10 60
6 54
8 13
4 54
3 68
6 78
8 46
7 47
7 76
9 28
2 13
3 35
1 5
4 15
10 16
7 92
8 5
5 75
6 90
3 14
4 45
6 28
10 96
9 78
5 29
1 99
1 26
10 90
3 77
7 85
3 88
1 72
3 4
10 89
3 7
5 20
9 60
3 32
1 2
3 65
1 42
6 4
5 100
4 40
4 61
7 27
1 70
5 66
1 84
10 90
4 83
8 72
4 21
4 64
10 62
7 22
3 90
6 82
5 48
2 75
1 97
2 6
9 60
9 33
10 1
1 74
4 100
2 74
4 49
9 33
6 83
7 15
5 30
1 42
5 54
1 62
4 45
10 41
4 9
1 97
10 12
2 31
7 32
5 63
3 96
4 46
3 40
6 15
5 57
10 87
7 82
4 37
2 78
8 46
3 76
4 26
10 72
2 87
4 61
1 17
8 72
4 44
1 27
8 79
6 68
10 59
10 76
2 80
3 12
5 90
2 23
5 40
5 14
5 62
1 85
10 94
7 80
8 75
1 46
9 25
6 41
7 32
3 79
1 7
1 86
3 32
8 88
9 76
9 41
3 26
7 29
2 21
3 25
1 10
6 22
4 7
8 39
8 2
7 85
9 79
5 56
8 26
1 12
9 20
9 81
1 8
8 89
2 62
2 5
9 46
5 56
2 47
4 67
3 31
3 89
2 50
9 11
2 65
4 35
4 54
9 39
2 23
1 81
6 81
6 99
6 35
1 62
3 71
7 12
2 48
7 46
6 54
2 14
9 80
9 97
10 73
5 43
4 41
5 33
6 35
9 80
5 64
6 97
7 90
3 39
7 44
1 81
4 62
4 9
1 29
9 74
7 57
6 7
1 19
9 61
9 14
5 67
1 14
4 93
3 96
9 46
10 13
6 23
6 34
3 65
7 49
3 46
2 70
2 53
4 37
9 61
2 60
6 65
6 60
2 85
3 90
8 64
9 20
7 18
5 6
9 30
9 99
2 9
4 9
4 73
2 90
7 16
1 28
6 85
8 4
7 99
1 90
10 38
4 85
5 31
1 51
10 6
8 48
5 23
3 36
6 42
8 39
4 40
4 46
7 3
7 91
2 34
10 14
1 7
5 43
2 86
2 83
1 15
3 24
3 47
1 9
8 64
2 55
1 11
5 30
3 4
9 32
1 93
9 89
1 64
6 59
5 59
9 40
2 69
8 58
7 23
7 39
2 36
4 92
9 7
1 32
10 64
2 81
3 74
2 95
8 28
8 16
10 5
4 53
10 19
6 67
10 85
3 54
6 85
9 31
3 38
7 96
9 5
1 31
3 55
7 72
6 91
3 35
1 54
2 42
9 25
9 7
7 58
3 86
6 12
6 27
5 57
7 47
6 5
3 30
8 81
9 24
3 10
8 36
9 97
7 15
3 68
9 5
9 62
2 20
2 84
2 6
5 44
7 92
2 28
10 29
8 56
4 31
2 96
4 91
8 9
7 72
3 39
4 2
7 78
1 98
9 21
5 73
2 3
10 3
9 92
8 45
7 24
9 54
4 33
7 87
10 48
1 70
3 11
10 94
9 72
2 58
7 60
9 75
9 34
6 12
10 84
7 61
4 73
1 4
5 62
7 49
6 32
4 99
8 26
1 20
2 53
1 19
5 48
7 69
9 13
9 79
1 33
7 26
4 63
9 5
8 19
9 100
3 58
6 17
2 59
8 49
4 16
1 45
9 14
5 43
6 63
9 36
1 13
8 80
6 34
2 69
2 7
4 17
8 2
9 87
4 52
6 69
2 83
4 16
3 13
8 45
3 26
10 48
1 24
5 15
9 30
9 8
5 78
4 76
2 92
10 33
6 57
8 79
4 13
1 12
2 17
1 26
9 12
10 42
1 17
6 42
7 14
7 14
2 68
10 92
7 20
7 48
4 50
2 16
9 69
2 73
2 15
4 62
9 67
9 66
7 56
10 6
4 48
7 36
1 82
3 10
5 38
9 62
8 96
6 100
2 21
1 16
4 50
2 27
5 61
5 72
5 46
2 94
5 98
4 53
2 48
1 74
1 34
9 17
4 3
5 62
4 79
9 60
1 43
5 67
9 47
10 48
1 34
6 19
3 30
4 60
1 41
4 48
9 87
6 59
8 54
1 87
4 68
3 89
9 37
4 79
10 37
6 94
1 48
7 41
5 6
8 3
8 21
7 83
7 11
7 74
8 93
9 43
3 48
3 99
2 64
5 58
2 47
9 67
1 17
2 39
