1 18
4 53
2 25
3 72
6 73
9 30
9 79
7 36
7 40
3 24
1 63
3 16
1 21
7 35
5 42
1 83
2 90
4 89
5 1
8 22
7 81
10 30
3 26
5 27
2 37
10 64
10 46
8 80
4 31
9 82
4 43
5 70
2 12
6 54
6 2
4 28
9 32
1 29
6 96
5 51
10 74
2 14
9 41
6 37
5 52
8 13
4 29
1 44
4 65
7 64
7 24
7 1
2 50
7 49
2 63
9 39
4 100
1 52
9 44
3 19
4 26
9 8
9 84
10 88
3 93
10 23
9 84
7 70
5 21
4 96
9 10
9 56
9 59
1 62
2 14
10 59
10 22
2 43
3 51
7 67
4 56
7 11
2 13
5 14
5 72
4 40
3 90
2 46
4 66
7 2
7 59
2 57
6 92
10 30
2 10
1 76
10 97
4 89
5 43
10 35
5 87
6 59
6 65
1 44
5 87
6 17
3 68
9 57
7 9
9 58
6 74
10 20
7 30
8 67
6 99
5 62
6 21
6 64
4 91
2 19
9 5
4 4
6 24
10 94
9 11
9 9
7 66
4 55
9 66
4 27
1 85
6 42
9 7
3 79
5 10
8 98
4 63
6 74
8 32
9 57
7 78
7 21
3 10
4 20
10 40
8 80
2 47
1 93
5 58
7 12
1 81
10 79
5 87
6 31
1 55
2 85
5 12
5 5
6 55
5 32
6 70
4 66
1 64
1 60
9 60
8 72
6 73
6 83
2 63
2 31
7 73
5 100
9 68
8 41
4 65
10 55
10 94
1 97
2 9
7 90
4 70
3 42
7 72
4 45
4 76
5 70
6 15
10 87
8 93
5 57
8 22
5 52
3 65
3 29
6 64
4 33
3 96
5 81
6 54
9 87
6 86
9 5
8 88
3 89
2 37
5 89
2 85
6 56
8 23
6 87
1 80
8 82
7 34
4 39
4 42
10 22
1 69
3 34
2 100
3 44
1 90
3 34
9 27
6 15
7 52
1 73
8 98
9 52
6 36
2 11
7 20
9 22
10 41
3 75
1 68
5 81
2 22
4 22
7 86
8 60
1 84
6 61
9 29
6 61
1 90
8 86
4 56
9 26
10 54
7 67
5 24
2 43
4 19
9 95
1 5
6 4
4 39
5 94
6 66
7 74
4 75
10 94
9 32
7 43
2 24
10 30
5 63
4 15
6 2
7 84
7 25
10 7
5 1
2 8
8 36
3 54
2 81
7 48
10 85
9 88
7 23
9 32
5 73
1 89
5 23
7 65
9 25
3 72
4 85
7 4
9 15
5 14
3 51
9 89
7 13
7 90
6 70
4 66
1 22
5 20
9 42
8 55
5 50
6 64
4 41
10 52
2 88
3 74
6 44
6 68
9 39
6 69
10 63
7 98
4 23
1 86
4 43
2 20
9 59
3 47
3 43
8 50
8 78
2 77
8 17
3 73
1 36
1 64
10 24
3 70
10 96
4 24
7 26
1 14
1 48
3 60
9 80
3 5
1 2
4 13
6 22
6 68
3 59
10 80
4 87
8 45
4 72
5 29
6 38
2 35
3 78
7 48
5 69
1 68
8 19
10 91
3 39
8 62
3 88
9 45
10 50
1 55
6 87
5 79
9 73
5 33
7 16
5 35
10 60
5 1
2 89
8 22
2 97
4 81
2 88
5 23
5 54
10 24
8 21
8 14
1 77
6 95
5 43
9 60
7 94
7 40
3 85
1 56
10 53
9 35
5 71
3 5
5 35
7 100
10 75
10 52
8 56
10 10
3 94
6 44
5 75
5 83
1 55
6 25
4 62
6 78
8 71
6 87
3 73
7 43
10 41
9 7
1 44
3 72
1 17
9 26
3 7
7 52
10 85
5 51
5 27
6 76
8 87
10 91
6 28
5 62
8 10
10 31
4 30
7 18
4 53
2 79
8 46
9 97
6 85
7 80
4 76
5 61
2 16
3 63
6 47
7 4
4 78
2 78
3 42
7 5
10 45
10 47
10 7
9 36
10 7
2 60
4 92
5 71
4 24
4 15
6 56
9 1
8 46
10 78
1 32
8 92
4 6
8 58
1 48
3 56
9 26
6 9
3 77
4 71
5 6
6 61
6 10
4 9
3 41
10 39
8 80
3 55
2 35
10 3
4 3
1 65
5 26
4 13
2 33
4 82
9 63
8 15
3 96
6 12
5 59
10 11
4 38
1 34
5 21
8 11
3 46
7 28
9 44
9 84
3 53
7 23
7 94
4 9
6 31
9 19
9 33
2 64
2 54
10 61
9 58
1 21
7 47
5 99
2 3
10 19
3 97
9 53
1 40
10 69
6 20
10 72
1 78
2 94
1 79
4 77
4 1
2 2
6 7
5 100
4 23
5 2
8 25
7 62
10 44
3 45
6 93
10 93
2 15
6 94
3 55
3 73
2 63
5 78
5 7
6 66
2 57
4 41
7 57
3 86
10 70
4 73
4 35
1 53
4 99
7 84
6 32
3 76
7 30
7 93
10 57
8 53
4 64
10 71
6 49
7 39
7 35
9 27
10 62
9 72
4 15
3 80
3 76
1 68
7 98
2 38
2 73
3 29
2 1
4 9
8 41
4 95
7 42
4 97
7 50
5 38
5 50
1 49
4 5
5 32
2 30
8 22
2 61
6 54
4 99
9 67
3 25
2 44
2 40
8 15
9 83
9 27
5 12
6 72
3 96
9 29
4 46
1 32
5 60
8 100
5 75
1 64
2 28
7 16
4 68
2 70
2 56
5 64
1 46
4 89
3 1
6 21
3 23
7 61
4 14
7 52
7 12
6 53
2 24
5 90
9 98
8 50
9 43
4 91
10 75
6 31
6 12
3 74
7 76
6 25
8 82
9 77
3 18
9 45
8 51
4 98
9 47
7 71
2 2
5 58
6 7
8 75
9 89
6 34
2 61
4 71
6 94
7 94
5 30
9 53
1 15
8 40
3 78
10 8
6 35
6 24
9 63
2 96
8 96
1 51
10 3
1 60
7 88
1 73
10 23
10 65
9 6
2 73
9 96
5 42
1 56
1 57
8 3
8 7
10 32
7 84
7 82
1 20
2 81
7 90
8 73
6 53
6 25
6 64
2 68
4 13
1 90
9 53
4 97
2 12
9 51
6 73
6 64
9 66
6 54
8 99
4 77
10 16
1 96
10 76
6 38
6 40
9 58
6 77
5 88
10 71
6 39
2 75
7 44
9 67
2 33
9 74
6 71
7 91
10 87
9 75
10 11
6 4
5 18
7 87
9 37
5 87
8 50
10 4
1 55
4 11
8 99
10 53
4 57
7 65
3 62
5 44
6 50
10 40
9 51
7 41
6 22
10 65
6 62
1 30
4 11
7 13
1 16
3 70
4 34
7 91
5 29
8 76
5 76
7 85
10 12
1 22
3 23
4 84
9 12
7 84
1 23
2 90
3 99
1 76
10 31
10 5
6 43
5 53
6 84
3 55
9 67
4 42
10 38
5 89
10 76
4 78
8 24
5 6
3 74
8 43
9 42
2 75
1 42
3 20
3 67
1 62
2 83
3 25
6 74
9 52
8 62
1 88
5 89
5 8
5 28
3 75
1 79
2 56
2 88
5 2
1 43
2 13
9 27
1 80
9 80
8 48
6 58
2 22
10 51
7 13
10 36
4 89
5 48
6 64
2 43
10 22
3 67
4 8
1 17
1 73
6 66
9 54
5 92
2 80
3 13
2 41
6 100
9 3
10 76
8 93
3 45
4 20
5 64
6 57
10 3
2 6
7 44
1 62
9 36
8 95
4 27
8 55
9 94
1 3
4 88
2 85
10 27
5 8
5 20
2 46
2 35
4 54
6 100
3 12
7 86
3 50
5 86
9 92
2 31
3 4
1 90
8 29
4 37
9 23
5 83
8 40
6 91
10 41
5 93
2 95
9 33
6 93
6 45
6 52
8 92
5 2
3 10
10 28
2 95
8 87
5 16
7 22
2 44
4 39
2 48
2 67
10 59
8 24
3 25
10 74
6 11
9 65
2 31
3 67
7 37
1 50
10 35
6 9
9 50
10 84
9 31
7 90
2 58
2 71
4 65
7 83
3 33
4 14
6 5
7 86
4 35
4 86
9 25
1 69
9 9
5 53
4 2
7 42
2 11
7 94
5 33
5 50
9 34
4 91
9 76
3 8
6 69
3 85
4 93
5 17
3 5
4 16
9 88
9 75
6 22
6 90
5 70
8 53
6 93
6 26
5 18
4 34
1 27
9 47
8 12
7 54
9 26
5 71
10 45
4 31
5 44
3 54
4 88
8 81
3 100
4 34
4 52
10 24
9 88
3 94
9 49
7 32
6 99
4 17
9 61
1 24
5 43
1 97
7 17
5 37
9 50
2 51
6 52
2 97
1 98
7 27
10 64
2 66
5 22
8 74
10 86
4 42
1 27
2 89
4 3
6 99
9 22
9 81
1 73
5 90
3 87
1 39
3 22
6 81
