5 82
1 7
8 29
3 97
10 22
5 23
2 39
6 57
7 22
8 86
5 58
6 5
10 4
8 57
9 10
3 63
9 51
5 79
10 42
2 45
3 49
5 87
2 98
10 85
8 33
9 4
4 59
1 91
9 100
8 76
1 85
4 40
4 37
4 31
8 86
5 71
3 95
2 71
3 85
9 7
10 59
4 23
4 31
7 66
3 96
3 62
10 29
7 29
3 24
5 98
5 17
2 58
9 82
4 15
1 80
9 8
10 4
5 55
10 48
2 24
7 68
7 29
4 29
7 15
7 100
10 48
7 44
1 20
2 87
3 39
4 80
9 44
4 4
2 20
2 6
1 25
6 83
2 91
9 2
2 50
3 93
9 98
2 82
10 35
4 38
1 47
6 17
5 83
7 67
1 63
8 25
3 2
9 39
1 99
5 54
4 45
7 43
7 26
10 68
9 67
6 19
10 20
9 77
8 96
10 96
2 18
4 82
7 83
1 10
2 85
8 61
9 85
10 1
2 10
2 73
8 85
10 54
6 48
3 26
9 55
4 5
9 3
2 68
3 28
3 94
8 37
6 29
1 97
4 49
4 29
1 78
9 65
9 71
3 73
10 12
6 26
4 12
2 13
2 44
3 4
10 77
1 35
7 13
4 31
6 97
6 55
9 26
1 47
3 42
7 54
1 82
2 51
5 87
9 56
10 53
6 24
1 84
7 75
7 38
3 9
6 15
5 76
10 37
6 82
9 71
6 23
4 44
1 6
10 24
1 12
4 76
3 3
1 84
3 34
7 90
1 27
3 69
1 24
9 36
9 67
2 93
6 64
4 75
9 77
3 60
8 6
8 56
3 94
7 63
6 3
3 69
8 78
10 64
8 15
1 50
5 77
7 86
4 89
7 66
6 6
3 79
10 92
4 65
8 61
2 90
2 82
8 26
4 82
2 84
2 30
4 32
10 49
6 68
8 87
8 50
8 82
6 9
10 68
1 36
2 72
10 20
3 59
6 65
3 27
2 25
6 8
3 77
8 27
9 85
6 60
1 70
7 80
5 46
7 29
5 32
6 34
6 47
2 50
6 83
3 68
5 47
9 81
1 29
2 7
5 75
1 98
7 14
10 93
10 34
3 59
1 94
8 8
6 98
1 71
2 95
2 6
8 10
9 25
10 45
7 56
5 7
10 32
7 27
10 81
8 13
2 30
5 69
9 85
9 76
10 23
5 53
3 56
6 69
4 100
1 20
9 90
10 77
3 18
9 88
4 47
5 74
8 6
10 1
8 82
1 47
2 93
4 78
2 91
4 70
9 54
6 95
3 91
1 45
2 69
5 78
4 32
2 99
6 87
10 87
9 23
1 17
6 93
7 65
2 43
1 47
1 72
7 53
2 61
10 3
7 99
7 39
10 47
9 18
7 34
4 66
9 35
10 12
10 7
8 71
6 67
10 62
2 28
9 22
4 77
7 82
5 22
5 46
9 62
9 93
7 94
3 83
10 7
3 42
6 63
5 3
6 17
7 61
8 96
6 51
7 90
3 76
9 68
5 61
9 79
5 50
8 7
5 41
3 91
1 72
1 77
8 73
1 82
1 61
5 55
3 39
8 53
4 16
1 99
9 48
9 42
8 34
5 61
8 64
8 70
7 26
5 18
4 46
10 93
6 70
2 1
2 7
8 66
9 53
9 94
7 23
2 88
7 77
2 84
10 69
8 17
4 96
2 48
4 86
7 72
5 13
2 15
3 98
1 88
6 61
10 74
7 24
2 9
1 19
5 64
3 83
2 84
5 38
1 17
2 59
4 67
4 51
9 23
6 40
6 64
2 22
9 9
10 40
4 65
5 16
6 90
5 19
4 22
9 11
9 8
7 100
8 36
2 71
5 71
9 74
6 82
5 93
6 20
7 85
6 27
6 72
7 89
4 48
5 68
1 29
10 25
4 98
8 33
7 4
9 46
5 55
9 77
8 18
9 44
6 82
3 52
9 34
6 96
2 46
7 42
4 79
2 20
1 75
4 83
5 14
9 44
6 64
5 82
8 93
2 52
10 16
1 23
4 8
10 89
9 18
10 83
1 4
10 82
1 90
2 41
7 68
1 53
9 80
9 13
2 2
6 80
9 26
5 14
2 17
3 68
4 4
1 12
7 33
1 5
6 96
1 36
9 24
5 37
6 44
10 9
1 49
6 80
4 44
2 34
3 44
1 75
8 50
3 93
6 91
1 67
9 60
4 4
7 12
1 4
7 50
8 99
4 49
6 56
5 95
2 98
8 78
10 63
5 90
9 81
1 52
6 47
2 39
3 52
4 17
9 51
6 97
2 39
4 84
8 25
7 70
4 16
1 32
5 89
2 72
9 9
8 69
3 85
8 28
5 77
9 63
5 45
6 14
10 4
2 49
9 42
6 22
4 49
1 56
3 60
1 79
9 5
2 54
2 53
9 99
1 99
2 51
3 21
3 96
8 63
1 79
9 10
4 2
4 64
8 39
2 60
9 35
6 20
7 83
9 59
9 21
5 41
4 35
5 65
4 4
8 15
8 63
8 31
1 79
1 38
8 1
9 29
10 33
9 27
10 88
9 44
8 73
1 100
9 75
1 13
4 44
2 46
2 78
1 32
7 79
6 99
8 65
10 15
7 36
3 50
4 88
8 43
8 36
4 55
8 65
3 43
7 3
10 45
2 18
3 82
6 5
4 43
10 89
3 87
2 68
8 20
10 25
6 72
3 73
5 48
6 24
8 84
5 98
8 3
3 40
4 87
8 18
7 13
4 96
7 11
7 82
6 74
1 33
3 34
7 36
2 64
2 32
8 61
10 4
8 74
7 72
4 81
5 9
7 69
9 93
6 49
8 50
8 19
4 62
3 44
8 78
10 54
4 84
5 1
10 82
4 43
3 62
4 26
3 15
1 21
8 90
9 64
3 86
3 96
2 42
6 19
5 30
8 80
7 66
10 40
1 95
9 82
2 41
3 72
9 86
8 91
3 69
8 44
2 61
7 97
2 90
1 16
8 73
4 3
10 60
10 86
7 19
1 58
9 55
9 90
7 65
3 48
8 4
7 49
3 64
10 46
1 66
4 56
2 46
10 59
8 31
5 75
2 39
1 72
2 91
10 84
2 85
6 59
10 49
9 3
4 37
1 78
3 71
3 90
3 33
5 75
3 79
5 92
2 90
2 99
8 52
1 47
4 41
3 41
1 73
9 23
6 47
3 78
1 90
6 38
4 43
8 64
3 24
2 35
8 44
6 20
3 24
8 85
2 46
9 54
7 48
5 47
1 15
6 25
3 78
4 88
7 23
9 13
3 14
3 42
7 34
9 47
2 53
1 4
10 43
5 41
3 94
5 89
8 60
5 40
4 54
10 68
3 98
1 59
1 69
5 44
9 16
4 83
6 72
5 91
5 52
1 27
9 95
8 96
1 31
7 91
4 10
2 6
5 67
1 42
3 29
6 69
1 77
8 49
6 1
3 18
4 86
3 68
6 30
4 40
2 11
4 53
6 49
3 35
1 3
1 58
7 54
2 41
5 41
5 65
9 36
9 93
9 40
6 83
10 9
6 94
2 48
9 76
6 93
1 38
4 24
5 38
9 23
10 32
6 56
2 23
5 65
7 32
9 99
3 57
10 83
5 8
9 83
8 1
3 4
8 62
9 69
4 79
6 90
9 31
10 79
2 50
3 12
9 35
1 74
2 81
6 51
10 76
8 31
5 95
5 76
9 93
8 79
1 36
4 37
9 85
10 38
5 18
9 33
6 11
1 65
6 89
3 58
7 24
10 61
6 84
5 3
1 67
9 1
8 82
7 25
6 86
8 20
5 49
10 60
3 27
5 81
10 7
4 77
8 74
3 96
3 28
10 10
10 86
2 40
10 77
8 47
2 62
10 5
7 45
3 68
6 55
8 53
4 83
6 22
3 1
3 97
2 89
9 57
10 27
7 30
3 96
7 37
6 65
10 86
2 3
5 43
3 39
3 54
4 42
2 18
10 74
10 14
8 57
7 12
2 95
3 58
1 76
1 80
3 23
8 42
6 14
2 39
9 51
6 43
5 60
7 89
10 59
4 46
9 68
3 43
4 21
9 9
10 69
6 8
3 32
4 33
2 63
1 81
3 87
4 4
10 13
10 55
9 78
9 34
2 20
8 77
4 17
3 54
6 58
5 24
2 65
6 68
1 78
9 37
6 80
8 18
1 60
4 43
2 89
5 32
2 79
7 40
1 63
6 22
7 84
2 2
5 61
2 70
5 6
9 19
3 17
8 96
7 86
8 71
1 86
5 12
7 53
9 54
4 51
3 4
10 95
6 49
3 96
2 84
4 4
7 31
9 25
7 67
9 31
4 26
4 4
10 93
2 84
8 9
5 70
6 52
10 83
8 64
4 26
8 81
1 48
7 41
4 50
3 82
3 34
3 15
4 47
6 3
8 10
7 51
4 90
2 47
8 67
7 61
8 63
5 33
1 53
8 29
7 12
3 9
3 16
