2 53
4 67
9 52
6 47
9 51
5 18
8 39
5 7
8 73
1 13
10 91
4 15
9 32
5 15
6 23
9 42
6 32
8 74
7 31
10 64
6 1
8 17
7 33
10 10
1 40
6 36
1 66
7 70
7 82
2 53
1 96
1 88
10 89
8 98
5 95
7 22
6 12
2 67
4 54
10 69
3 25
3 91
1 93
2 78
8 6
6 11
8 69
3 93
9 66
4 72
4 89
6 46
8 58
8 99
5 5
7 48
10 30
4 40
2 87
1 32
4 12
1 9
1 63
7 37
2 57
7 14
4 88
4 83
4 65
8 77
10 35
3 97
7 97
5 37
3 100
5 44
8 47
7 12
6 30
6 87
8 68
5 10
8 49
1 11
3 15
8 29
1 47
3 10
5 76
8 33
4 77
1 93
2 25
7 31
1 57
9 84
2 65
8 59
7 31
8 87
1 73
4 79
2 37
8 88
3 44
3 88
1 13
1 4
4 97
7 98
10 72
6 76
7 65
5 81
3 94
8 66
5 99
5 64
7 18
5 62
1 41
4 22
4 93
9 89
1 94
9 97
7 63
1 94
6 76
8 64
2 75
3 17
4 37
4 79
4 22
4 25
10 83
2 95
1 72
5 68
5 13
4 96
3 75
5 7
8 42
7 81
8 49
7 52
10 31
1 67
2 7
1 41
4 42
3 12
8 6
1 36
3 71
8 47
1 8
9 26
2 15
3 74
7 69
1 50
9 4
3 18
6 23
1 45
8 30
7 91
1 76
7 77
5 6
5 87
5 33
9 12
1 43
7 57
7 82
8 48
8 10
10 3
2 42
9 74
2 71
3 98
2 77
10 13
9 47
3 11
2 22
8 33
6 49
5 73
10 64
4 78
3 52
8 59
7 43
3 92
9 81
3 56
3 94
10 10
6 82
2 78
1 60
3 21
6 59
1 78
7 12
4 67
2 77
4 12
6 14
1 94
4 95
3 77
2 22
10 4
4 35
8 62
8 26
10 27
8 4
2 80
3 38
2 92
10 30
10 64
5 4
6 61
6 15
6 49
2 21
9 8
7 2
8 27
2 100
7 24
10 19
3 3
2 100
6 80
5 40
9 57
5 4
7 85
6 63
9 53
5 68
1 62
6 98
6 31
7 39
5 59
5 81
10 4
7 16
2 81
6 65
7 1
8 11
4 33
3 96
2 63
6 99
5 22
4 1
4 83
7 70
7 18
9 82
9 69
10 14
7 85
9 10
6 31
10 32
6 70
2 18
5 21
1 92
2 67
3 14
4 16
2 30
9 58
3 47
1 12
2 85
6 44
7 75
10 16
5 27
2 88
8 26
3 34
3 49
6 6
9 72
7 49
4 42
6 86
9 22
4 48
3 49
8 60
8 48
9 30
3 69
10 90
10 85
9 58
4 2
9 75
1 28
2 86
9 50
6 84
8 28
2 17
8 71
2 10
3 100
4 42
8 69
1 57
10 86
7 53
1 78
4 81
3 63
1 95
5 99
1 29
9 80
8 52
3 82
10 5
1 25
6 29
2 4
1 61
3 12
1 71
7 1
6 93
3 39
7 20
10 13
9 88
5 64
9 67
6 94
5 23
3 2
6 58
1 9
4 33
3 91
10 65
10 80
1 62
10 77
10 33
2 62
4 14
5 31
7 60
1 96
1 73
10 94
10 93
7 28
2 70
3 27
8 25
6 42
7 54
6 25
2 67
3 96
4 51
8 96
2 45
2 68
9 47
9 3
5 26
8 78
5 28
9 99
7 53
1 12
3 2
8 51
4 73
1 59
3 26
9 69
7 12
3 76
10 88
3 35
5 13
6 26
9 78
2 100
10 4
1 73
8 77
8 62
4 75
4 6
7 60
3 80
4 4
8 19
6 61
5 15
8 11
9 13
9 57
8 83
6 58
10 77
4 81
5 32
9 9
6 25
4 1
5 79
9 1
5 2
6 85
4 91
5 98
2 98
4 72
10 90
1 20
4 53
10 51
1 24
10 75
4 97
3 76
6 96
5 32
10 67
6 53
7 19
5 8
1 73
8 36
10 74
7 44
2 28
7 34
5 29
8 5
8 57
6 94
5 12
3 39
1 13
6 29
5 83
2 92
9 15
7 49
9 19
10 100
1 86
1 32
6 13
8 80
3 58
6 35
8 3
3 60
4 77
4 37
6 51
2 86
1 15
5 39
4 5
3 38
3 20
1 14
7 14
3 62
6 27
6 94
8 33
7 34
10 34
4 64
1 87
4 82
3 62
10 41
4 92
9 16
5 62
9 95
1 53
7 41
1 68
8 32
1 70
8 57
7 65
4 58
6 59
8 77
10 39
6 52
8 84
2 21
5 35
5 89
5 94
10 68
1 18
2 65
8 13
4 73
6 69
9 53
10 70
1 41
9 79
8 31
7 61
2 2
2 55
5 13
4 81
10 79
9 96
1 60
9 40
10 6
5 54
10 11
9 22
9 4
4 28
2 23
8 98
4 93
2 18
5 90
3 50
5 98
1 58
6 30
7 53
8 29
3 93
1 17
4 29
10 69
7 25
9 100
4 53
7 3
2 93
5 81
7 77
9 70
3 37
9 19
3 50
4 32
2 73
4 94
8 76
9 48
8 31
8 93
6 80
9 45
2 28
2 74
6 18
2 86
9 93
7 98
4 9
1 69
8 19
1 39
10 16
4 5
9 88
7 60
2 72
2 74
8 38
5 60
5 20
5 85
1 97
9 16
1 28
6 51
5 42
8 12
5 63
10 44
8 68
5 50
5 77
10 86
10 91
6 52
8 65
10 49
7 85
9 17
5 33
7 78
8 26
5 28
6 94
10 42
5 38
8 38
3 96
10 49
4 75
9 46
8 47
3 13
9 81
9 8
7 57
8 18
10 32
1 64
2 25
2 78
10 42
5 10
9 43
9 3
4 75
8 77
1 92
3 85
2 50
6 74
8 72
4 3
3 96
9 4
8 92
8 63
3 97
9 75
7 51
7 61
8 67
9 22
2 38
4 74
9 16
3 34
3 82
7 2
3 32
7 11
7 30
6 3
5 74
4 32
8 83
2 57
4 78
4 89
1 26
10 74
10 6
8 22
5 90
9 46
1 6
3 34
10 89
7 85
3 74
2 90
7 89
9 97
10 68
10 5
1 44
8 63
2 72
4 71
7 82
5 71
4 86
7 41
4 47
1 22
5 32
10 73
3 72
8 68
4 74
1 43
4 20
7 100
2 23
4 12
10 97
10 33
6 11
7 91
10 78
10 24
10 12
3 4
6 87
1 90
2 11
10 39
1 98
10 97
4 46
8 47
7 46
6 76
4 25
5 13
9 92
4 61
4 87
1 88
8 24
6 88
2 67
10 68
5 94
8 78
5 89
6 93
4 75
9 80
1 97
2 63
3 94
1 55
1 40
5 73
6 97
9 40
7 35
3 91
5 72
3 71
9 17
9 65
8 38
4 14
5 94
4 96
1 77
5 40
2 31
9 50
3 31
10 55
1 78
2 68
6 23
7 41
8 45
4 65
5 100
8 96
7 32
2 41
1 99
1 51
7 61
8 44
5 15
3 38
3 53
6 86
1 61
6 90
6 98
9 6
5 33
10 96
9 52
5 86
7 29
5 73
9 54
5 83
2 71
2 4
3 11
5 14
7 8
2 8
3 75
1 55
1 97
7 69
10 17
7 58
2 19
3 28
10 56
10 62
7 68
7 61
10 5
3 24
8 58
6 98
7 68
7 14
7 12
8 31
2 64
5 26
2 72
6 5
4 30
9 46
9 50
8 29
2 18
3 19
5 25
8 40
8 14
3 48
7 18
7 86
10 96
9 37
5 70
1 53
9 17
3 98
3 48
7 25
3 2
2 92
2 26
1 30
4 61
9 24
4 23
2 15
6 46
8 41
10 72
8 95
3 67
1 4
7 52
3 35
7 46
4 98
2 85
5 73
9 63
6 83
9 87
3 52
2 81
1 71
10 77
7 15
6 68
3 82
8 81
10 1
2 1
7 2
8 38
10 27
3 50
5 85
3 1
4 91
2 65
5 90
4 27
4 17
3 82
10 28
8 10
4 14
10 19
2 24
8 1
7 66
6 18
10 69
5 99
3 87
8 35
9 84
1 52
10 53
10 68
3 3
2 85
2 89
1 21
2 80
3 82
2 49
10 30
9 100
4 55
6 12
6 14
7 70
6 53
2 28
2 19
2 43
6 56
9 73
1 67
7 17
1 73
10 44
1 18
9 42
3 34
8 70
6 90
1 91
4 50
6 12
7 17
7 28
3 100
7 67
2 3
6 84
6 17
1 19
4 75
7 82
4 60
5 85
4 44
5 93
7 51
4 95
7 42
9 13
10 45
4 44
8 76
4 60
9 76
1 31
1 96
5 14
3 94
3 2
8 40
8 37
10 32
5 92
7 33
3 67
2 43
10 85
1 43
3 54
1 4
9 26
1 30
8 63
7 26
1 52
7 56
8 22
1 53
7 83
3 34
7 41
