6 36
9 26
10 72
8 65
4 75
4 27
9 59
4 97
9 65
9 95
6 71
9 31
9 90
1 84
7 60
1 90
9 75
9 89
3 92
2 16
10 24
4 49
9 29
10 87
7 96
10 59
10 7
2 87
2 86
9 12
7 8
1 20
8 52
10 10
3 89
6 74
3 80
2 21
7 32
6 57
8 77
3 57
5 2
8 17
9 16
2 21
5 84
2 32
8 72
8 84
4 68
10 1
10 8
4 7
1 47
8 12
2 62
4 59
6 9
6 72
5 11
4 22
9 29
2 39
2 44
9 31
10 96
8 30
4 64
5 43
9 31
1 4
10 92
3 48
7 71
9 61
6 77
10 11
3 82
4 73
9 34
9 59
10 81
10 4
2 36
6 86
3 30
8 24
10 15
6 48
4 93
7 36
1 80
5 8
8 4
7 13
6 15
3 20
3 48
1 37
7 48
5 35
4 23
9 97
9 47
8 100
9 18
6 80
4 10
1 57
3 94
9 96
2 79
4 94
9 28
7 25
10 28
10 37
5 59
6 7
7 40
3 38
6 46
10 90
6 93
6 38
10 5
7 46
10 22
6 34
4 38
5 74
8 60
7 38
2 73
6 98
1 38
3 80
9 78
4 2
1 2
5 32
10 55
7 90
3 88
4 31
7 77
8 46
6 35
3 37
2 34
4 77
5 57
4 1
4 73
1 47
8 97
8 46
8 39
8 77
6 72
10 32
5 26
6 25
9 55
10 75
10 93
2 100
6 32
9 24
4 28
2 82
10 90
3 95
8 90
8 94
2 44
2 43
10 31
6 17
5 58
7 38
10 90
6 45
3 61
3 64
1 66
1 67
8 57
3 9
3 34
10 42
6 30
1 24
7 31
5 16
10 66
1 84
1 86
3 6
7 43
6 62
6 100
2 33
9 66
3 20
3 91
1 41
10 64
2 13
7 95
3 82
5 9
5 91
7 32
10 55
5 25
1 35
5 96
5 57
10 49
7 82
8 84
9 7
9 92
7 71
6 49
2 57
6 48
6 77
4 20
7 70
4 8
6 20
4 41
4 59
4 49
9 88
4 37
5 63
9 3
6 19
3 77
9 58
10 55
9 33
2 31
9 97
9 76
3 23
8 68
9 6
4 4
6 55
10 19
5 54
3 65
4 12
4 58
3 8
2 58
8 100
3 49
1 56
1 61
1 78
3 16
9 59
5 64
7 50
4 45
9 63
5 23
7 26
8 76
8 77
2 69
7 28
9 85
9 44
7 23
10 36
10 90
2 6
4 83
6 49
9 19
6 79
4 18
3 41
5 8
8 94
7 72
3 6
4 3
9 57
5 70
7 90
6 44
3 38
2 95
7 32
5 74
3 54
5 17
3 65
6 1
4 39
7 83
3 19
8 31
2 55
3 42
5 74
5 93
5 92
9 89
10 7
8 9
1 23
9 47
10 98
1 64
3 55
1 81
9 6
7 42
1 65
6 27
8 25
7 10
4 39
6 85
4 22
1 37
2 3
1 4
2 93
2 99
10 23
2 12
5 15
7 92
10 36
10 48
4 4
6 34
1 68
9 71
8 62
6 5
10 30
8 27
7 37
9 61
3 74
7 2
3 10
2 72
10 40
10 83
9 58
2 90
2 23
5 7
2 66
6 90
10 88
7 26
3 42
2 40
2 26
9 100
10 59
2 10
6 8
5 2
10 39
1 41
9 60
10 65
8 54
7 71
5 100
3 71
3 24
1 76
8 4
3 39
9 43
1 62
6 25
3 91
7 79
1 35
8 74
1 1
6 14
9 68
4 66
9 67
2 11
10 13
10 99
2 9
2 80
3 17
8 10
9 44
1 18
10 33
1 50
6 10
5 26
4 54
5 88
2 11
2 95
5 12
5 37
4 11
9 28
7 7
1 57
9 78
7 73
10 62
10 15
3 66
4 38
3 44
4 68
9 85
4 33
6 5
1 3
10 73
3 2
3 43
4 79
4 89
10 74
4 51
4 82
9 31
9 7
6 6
10 70
4 6
4 27
6 82
2 80
6 95
8 66
10 49
1 67
7 13
1 95
3 27
10 83
1 18
10 27
2 93
8 80
6 42
2 51
7 54
3 73
5 92
2 56
9 58
5 27
7 34
7 87
3 90
5 6
4 68
4 44
6 49
2 16
9 28
1 60
2 82
2 66
9 38
7 49
4 17
3 96
7 96
10 22
3 85
1 62
1 63
6 9
4 32
10 70
8 18
5 2
7 56
6 3
7 100
1 79
6 62
7 53
4 70
10 24
4 63
8 55
9 80
8 54
3 73
5 84
3 79
3 58
3 91
10 59
7 65
4 12
4 42
1 72
9 10
6 65
2 84
4 43
9 23
2 67
4 97
8 92
3 18
1 70
10 8
4 78
6 19
6 95
10 56
4 46
7 22
9 66
2 65
8 80
5 19
8 77
3 18
5 78
5 1
1 88
7 27
5 70
6 12
8 20
2 5
1 14
3 32
3 38
4 58
1 27
3 86
9 7
2 64
1 79
10 58
6 50
9 18
3 41
8 21
7 27
6 96
10 14
9 90
4 76
4 46
6 31
4 91
8 16
5 9
9 99
9 78
7 74
2 11
5 8
5 14
8 52
2 74
8 79
10 5
4 86
4 37
8 13
2 17
3 82
10 4
3 42
7 46
8 19
2 90
9 46
8 99
10 24
6 38
1 68
4 97
2 8
4 8
5 85
2 54
4 52
2 50
9 87
1 12
5 98
9 5
8 60
2 20
8 54
8 36
1 82
8 31
5 48
6 22
1 78
2 20
2 90
4 73
8 19
4 45
3 77
1 51
9 46
10 5
8 81
9 25
10 25
2 68
3 27
2 55
6 97
5 21
2 61
8 97
3 2
3 48
10 66
4 13
10 67
9 50
10 51
4 16
4 32
3 63
4 2
6 64
9 30
9 79
8 79
7 4
6 55
5 79
8 47
10 9
10 84
8 98
1 51
1 9
1 16
10 11
3 20
10 68
1 40
3 15
6 62
10 69
8 79
5 89
6 94
7 11
1 37
4 75
10 34
3 65
10 65
2 32
8 97
4 72
1 20
2 93
10 57
7 1
2 33
8 22
9 86
3 18
9 93
7 3
1 90
10 59
10 62
3 97
5 81
2 71
3 6
9 57
9 56
7 90
10 98
1 33
3 99
1 54
3 33
10 68
6 29
5 68
8 8
7 52
9 28
9 61
1 25
10 95
2 31
6 76
10 66
6 71
8 10
10 96
10 17
9 84
8 33
8 99
8 15
5 35
7 30
9 79
1 50
7 94
9 86
6 94
9 1
8 13
5 9
10 23
7 24
3 96
5 24
4 1
4 98
4 71
3 92
7 85
7 29
4 64
4 46
10 56
10 18
5 73
6 38
8 15
10 35
6 84
5 25
7 5
7 98
3 28
5 57
9 1
7 21
5 7
6 21
8 27
1 94
6 72
9 79
2 49
1 37
7 100
5 13
1 15
6 3
9 19
4 45
6 17
10 23
3 61
7 85
5 50
9 8
7 18
10 82
8 60
6 12
5 68
10 18
10 64
1 28
6 58
5 88
4 61
8 38
3 76
7 85
5 25
6 89
7 59
7 75
1 45
9 46
3 12
10 29
6 23
6 26
10 13
2 18
8 44
8 28
10 25
2 97
8 85
9 9
7 31
6 20
5 31
10 91
1 39
1 31
9 41
10 85
2 26
9 59
1 14
3 86
3 1
2 6
6 5
3 79
2 94
7 62
3 43
6 36
1 7
8 95
3 57
8 56
2 48
7 64
5 32
5 63
7 30
7 66
5 86
2 89
5 55
6 10
9 24
7 69
6 55
7 17
8 15
6 44
7 19
4 19
6 53
7 77
6 41
9 22
2 55
8 56
1 84
3 18
5 14
4 70
3 2
3 1
2 16
7 36
3 62
2 42
4 46
5 33
3 49
8 63
1 49
6 15
7 11
10 40
1 22
6 74
5 21
8 43
3 79
8 34
9 63
6 20
5 1
1 63
7 72
4 20
9 55
7 8
2 14
3 99
5 23
3 34
9 77
4 96
10 21
1 95
1 56
1 33
9 85
3 86
1 97
1 93
2 89
7 79
9 7
9 72
5 38
7 49
7 84
8 50
9 41
8 94
8 14
7 45
10 32
9 27
7 100
1 6
10 40
7 18
8 87
8 77
3 25
5 76
5 95
1 43
9 75
6 41
3 93
10 17
9 30
1 21
10 72
7 64
10 91
5 87
7 14
2 99
6 83
10 23
8 42
1 90
10 48
6 1
1 5
10 19
3 51
10 17
8 74
9 65
8 50
8 30
9 84
8 67
4 98
2 78
7 61
4 23
9 40
2 62
10 30
10 45
10 8
1 67
6 11
5 75
9 78
1 45
10 21
9 36
4 94
4 8
5 23
7 14
2 21
9 3
10 40
3 26
9 81
9 14
5 97
2 13
10 19
4 82
2 89
5 54
4 3
5 6
2 10
10 72
2 33
3 53
