5 83
5 21
10 9
5 74
7 10
8 98
3 15
2 31
5 38
5 14
10 78
3 76
6 29
9 7
2 88
8 1
4 98
2 64
9 37
1 7
6 50
9 24
9 41
6 43
10 54
3 42
4 27
10 11
10 46
9 28
3 25
5 14
3 17
3 22
1 76
5 25
9 29
10 30
1 63
6 61
6 33
5 59
3 85
9 61
2 59
6 15
2 29
3 92
10 77
8 71
3 95
2 92
1 57
5 76
5 86
9 83
2 43
5 41
5 29
3 92
9 36
4 33
2 15
5 14
6 2
3 23
5 61
2 62
10 80
2 10
4 73
4 83
5 12
7 100
2 62
8 85
6 24
5 37
10 60
7 80
9 16
9 23
7 87
6 85
3 68
2 52
5 40
3 33
4 48
8 5
10 97
9 55
3 89
1 15
8 39
4 56
4 71
9 25
9 67
3 13
2 14
6 47
2 60
4 46
7 11
9 23
9 57
7 92
4 42
4 67
9 13
9 44
1 15
1 95
2 60
7 52
2 2
6 14
2 92
7 70
2 52
7 30
3 22
4 36
10 14
4 33
10 1
6 100
7 71
7 92
6 99
6 96
1 56
7 64
9 81
1 93
2 65
1 34
3 1
7 72
6 91
9 14
5 83
5 50
3 5
10 24
4 14
3 69
2 24
5 91
8 38
7 50
5 49
7 63
10 21
3 76
1 63
3 96
1 92
5 100
8 51
2 40
4 73
5 1
8 54
8 31
5 83
6 2
1 91
3 13
10 55
8 68
1 99
2 13
2 79
7 46
5 91
9 82
6 87
8 38
10 30
7 74
3 73
6 52
3 56
7 65
4 82
6 19
7 40
2 60
2 40
2 58
1 83
2 83
9 40
3 24
3 59
5 1
8 39
9 85
3 45
9 77
5 75
2 18
3 12
6 57
7 52
8 54
1 80
8 40
7 65
4 44
10 91
8 13
8 10
9 17
10 56
10 71
3 1
3 29
2 12
6 96
2 7
1 18
8 22
7 96
1 17
9 78
10 4
8 25
7 97
8 32
9 82
2 50
5 80
1 83
2 4
10 1
1 72
8 88
9 53
9 27
8 88
6 98
5 36
10 69
3 9
8 41
3 39
9 74
3 97
1 45
2 47
3 17
7 55
6 54
8 65
1 81
6 95
1 47
10 97
8 61
8 81
2 69
2 42
2 11
5 7
9 63
1 35
3 63
8 80
9 20
10 66
9 67
10 42
10 74
7 56
8 57
4 45
6 99
6 13
4 78
9 14
1 40
6 55
6 62
9 68
9 75
9 27
9 55
1 87
5 63
7 77
7 5
7 50
7 20
10 31
9 29
7 87
1 57
10 22
2 92
4 39
4 27
8 54
10 59
3 88
2 77
1 60
10 58
7 27
2 20
1 23
9 38
1 86
1 1
10 82
5 53
6 8
4 48
3 30
5 98
8 5
9 97
6 45
7 91
2 48
1 18
2 35
7 48
9 89
3 93
7 25
7 11
3 67
7 33
9 46
2 91
4 73
1 50
2 20
8 40
4 50
7 23
4 45
5 91
1 86
10 93
2 88
3 59
1 92
2 71
4 95
9 13
1 96
4 65
8 32
10 85
4 32
8 63
1 23
9 79
5 61
1 73
6 51
5 54
8 100
4 74
5 2
7 93
7 47
5 62
9 27
5 50
8 19
10 29
9 67
2 88
5 33
1 40
7 78
7 71
1 83
5 73
4 65
2 40
2 93
9 81
8 8
7 59
7 26
3 66
7 34
5 79
3 54
4 75
5 57
2 30
10 72
3 73
4 49
3 87
9 35
8 5
4 38
3 57
3 42
5 66
8 60
6 79
7 13
6 53
5 32
10 91
6 95
8 17
10 22
6 9
3 16
6 86
8 26
6 74
7 98
10 96
3 17
5 63
2 85
2 63
3 27
1 34
9 77
10 22
3 48
1 46
4 84
8 50
5 40
4 68
5 14
4 1
10 1
5 77
8 99
4 77
5 70
8 35
6 53
7 68
4 30
10 14
5 100
9 47
2 5
9 10
6 39
7 81
10 27
10 49
4 38
3 30
3 56
2 43
3 35
6 94
6 54
9 81
4 67
1 62
2 75
6 96
3 100
7 35
6 45
5 77
8 70
6 8
8 15
3 49
10 68
3 26
10 31
7 39
9 82
3 94
8 55
3 38
4 46
5 88
7 2
2 98
7 56
1 28
8 5
5 52
7 43
5 89
6 96
5 81
1 96
8 92
7 32
1 1
3 40
1 92
5 37
5 33
9 39
9 57
1 75
7 30
8 89
7 14
10 55
2 25
6 93
6 88
10 68
2 71
2 90
10 98
1 27
9 41
7 60
6 81
10 1
2 39
7 97
9 19
3 78
4 57
9 98
7 9
8 42
8 90
5 97
8 99
9 57
7 54
2 50
5 44
6 32
6 25
2 40
8 41
3 2
10 56
4 26
2 100
1 93
10 5
2 76
8 11
4 37
9 48
10 65
8 88
4 18
7 73
5 21
5 91
6 79
4 26
1 70
2 21
6 3
5 20
7 52
7 57
1 4
3 63
1 30
8 91
9 47
6 20
10 48
2 10
7 77
4 52
4 97
3 4
5 38
3 7
9 76
9 50
1 62
2 7
9 80
4 22
8 61
3 69
4 18
3 6
4 28
3 20
3 15
6 36
7 43
6 31
5 64
9 77
7 71
2 61
6 68
4 36
4 79
8 16
2 58
5 14
2 84
4 32
10 93
8 9
2 59
7 22
3 69
5 83
3 98
4 43
2 5
1 50
4 13
6 9
10 76
3 75
4 73
9 34
1 70
5 89
7 24
2 74
4 50
4 44
10 45
6 63
7 88
9 48
3 66
10 100
9 81
5 13
3 98
6 36
8 7
3 45
7 7
2 86
2 52
6 8
2 79
4 12
8 87
6 57
1 48
6 14
7 45
1 39
7 41
4 90
6 79
1 56
9 24
3 70
2 14
8 70
8 71
3 90
8 93
3 74
7 61
4 85
9 94
4 50
10 28
5 62
3 59
8 28
8 34
3 14
8 100
5 99
9 71
3 38
1 55
9 98
7 2
2 15
3 58
1 58
5 29
3 33
10 90
8 42
5 75
3 58
9 3
5 74
6 65
9 30
2 32
5 27
4 91
9 63
6 9
8 66
3 18
1 56
7 60
4 50
7 66
10 31
3 58
3 60
7 26
4 96
1 1
1 87
6 61
2 33
2 90
10 63
8 32
2 25
5 2
2 59
3 62
6 83
8 10
7 33
7 54
4 43
7 8
3 50
6 74
1 17
3 85
8 29
4 83
4 30
8 51
6 26
6 29
3 40
10 18
3 57
5 49
9 11
8 88
5 29
6 54
10 71
3 7
4 59
2 71
9 30
3 35
10 11
9 45
2 17
9 11
4 19
6 23
5 12
9 18
7 40
10 95
10 100
10 39
10 82
5 88
6 25
9 55
8 65
3 51
7 30
9 40
9 92
8 16
7 26
2 5
3 31
1 24
8 79
6 94
5 62
10 38
7 20
8 62
2 77
6 71
2 23
8 85
7 23
3 72
5 73
1 42
6 37
9 5
10 23
5 31
10 94
7 53
4 5
5 25
8 90
7 18
6 57
10 7
8 1
2 27
6 26
10 100
2 23
8 41
6 66
7 82
1 75
7 48
10 34
7 91
10 38
8 78
8 2
9 81
2 86
6 84
1 24
1 99
8 9
7 17
8 12
8 88
1 28
2 5
8 50
2 29
8 86
4 87
10 92
5 63
4 21
8 53
1 19
2 60
5 22
5 94
1 99
2 100
7 95
3 14
10 17
4 78
9 73
5 83
8 30
4 14
5 75
3 68
1 51
7 74
5 27
4 82
10 60
4 79
9 82
4 73
10 63
10 26
9 33
6 85
1 68
5 5
2 48
3 50
2 92
2 21
2 91
2 86
7 76
2 28
5 21
10 24
5 52
5 38
5 63
10 60
3 82
2 49
7 3
8 99
4 50
7 94
7 79
10 10
8 18
5 3
8 9
4 100
3 45
5 69
2 90
2 82
4 57
4 89
2 81
3 92
1 30
10 77
5 79
10 94
2 2
5 21
5 30
9 81
7 16
8 76
10 24
4 53
9 39
9 34
8 82
7 83
10 78
2 24
2 58
2 66
6 72
1 94
2 4
10 71
10 27
10 14
7 6
6 23
5 90
8 91
4 69
3 52
10 24
5 50
3 50
1 50
4 100
5 44
8 10
10 70
2 49
8 27
8 11
5 78
10 49
3 48
6 3
5 21
9 3
2 20
3 64
1 25
6 6
6 29
8 97
4 46
7 78
8 88
4 17
4 27
8 56
1 46
4 8
4 21
5 75
5 88
6 47
1 17
4 55
1 65
6 68
5 14
3 78
7 12
5 49
1 58
8 39
3 64
1 31
3 100
10 81
1 54
5 5
9 92
9 62
8 19
8 40
8 60
3 45
5 32
8 94
10 31
8 2
5 35
4 25
