2 33
4 59
4 16
7 44
9 53
9 33
10 62
7 94
5 62
2 56
2 28
1 6
6 93
4 57
5 88
10 67
6 37
7 72
8 44
7 37
4 25
4 22
3 13
7 20
9 46
8 16
5 91
4 15
7 19
10 55
1 1
8 87
5 18
9 16
10 67
2 7
4 94
10 7
8 60
5 15
5 13
3 93
7 91
9 36
6 92
9 52
10 84
10 8
8 24
10 59
5 26
4 88
6 81
4 32
9 4
9 78
4 99
1 71
10 85
3 80
4 26
1 54
9 17
2 53
6 99
4 65
5 60
9 21
7 82
6 37
6 36
10 35
9 47
5 38
1 73
1 53
1 3
6 27
8 29
6 91
1 90
2 98
9 26
2 85
10 41
2 70
8 96
7 47
7 35
9 71
7 30
9 24
6 21
8 54
7 88
5 86
5 11
8 59
1 75
9 82
8 70
4 84
6 81
2 18
6 89
1 8
8 16
10 80
2 86
5 47
2 48
4 58
3 60
2 34
7 7
3 48
1 89
9 73
4 55
10 43
5 38
10 71
3 7
2 11
10 95
7 98
7 59
1 38
2 86
4 1
1 87
3 77
6 53
10 43
8 1
6 67
4 27
6 7
9 16
6 13
1 32
8 23
4 89
5 18
1 58
2 27
10 14
9 19
5 64
1 9
9 27
6 86
8 70
10 92
2 31
1 52
6 37
4 75
7 53
4 88
2 74
6 72
4 97
4 39
9 8
10 79
2 13
2 99
8 100
1 70
10 83
1 62
2 30
8 64
3 47
6 30
6 95
1 53
2 91
8 52
8 31
2 73
3 68
9 59
9 17
5 10
9 64
10 84
6 27
6 16
1 64
9 53
5 49
5 48
10 100
1 19
1 91
10 80
10 16
8 33
10 85
10 94
9 95
1 17
5 64
4 42
3 87
3 12
1 68
8 15
1 13
6 16
8 57
8 38
5 48
7 87
1 20
4 4
4 39
9 66
8 85
1 30
6 73
10 100
7 95
7 1
3 85
6 70
4 61
6 57
7 56
9 99
1 25
2 71
2 92
6 19
4 61
6 17
5 28
6 5
9 24
10 14
9 97
2 6
9 19
2 72
8 37
9 53
8 42
1 15
8 55
8 35
4 74
3 65
8 59
7 18
3 6
1 42
7 76
4 32
6 47
7 31
7 14
1 94
1 61
3 16
1 71
10 95
7 70
6 80
2 60
3 16
10 36
7 81
3 43
4 15
2 97
8 70
2 39
5 66
1 12
8 30
5 65
7 58
5 82
4 76
1 91
5 99
9 79
3 99
1 65
6 52
6 89
7 57
4 61
8 69
5 37
5 94
5 88
2 58
9 74
9 47
9 40
5 90
9 40
7 81
2 26
10 82
7 54
2 45
3 19
5 2
1 73
2 66
9 9
1 81
1 54
3 64
4 68
2 98
1 45
9 89
8 71
10 47
6 42
8 84
7 14
6 61
8 92
3 24
10 26
4 67
5 6
9 35
10 87
5 43
4 75
4 65
2 15
1 37
2 67
1 88
6 89
8 36
1 7
5 19
4 62
9 53
10 42
10 65
1 31
10 88
3 42
1 4
9 6
9 36
3 38
7 8
10 8
1 53
3 3
9 15
8 30
10 95
6 26
6 84
9 59
7 98
6 66
2 51
9 29
1 9
10 20
5 76
7 72
10 21
6 7
1 25
2 1
5 1
9 62
3 14
10 32
5 88
4 63
7 76
5 51
6 84
7 15
6 100
9 93
8 79
2 50
1 15
8 8
5 74
6 61
2 38
6 8
5 52
7 24
3 92
8 49
2 69
5 8
10 61
6 61
7 36
8 16
4 39
8 81
2 19
2 21
5 8
7 23
9 96
8 7
10 28
8 98
6 67
2 3
3 33
8 66
10 16
9 80
3 59
2 71
7 32
8 20
7 8
9 3
6 84
7 58
8 95
1 31
10 47
5 20
8 6
1 8
3 98
10 84
2 69
10 23
7 20
9 100
8 98
2 87
3 93
3 59
4 69
1 55
2 32
8 71
10 55
1 6
4 60
10 98
5 44
8 68
4 60
8 47
6 83
4 44
2 39
4 56
7 14
4 50
6 4
10 7
3 44
7 12
8 71
3 27
1 84
4 59
10 71
2 6
2 29
9 16
7 2
9 6
7 22
8 13
2 32
5 54
1 65
3 23
6 86
3 8
2 10
4 63
6 86
1 61
2 50
2 63
5 25
6 6
4 82
3 95
6 75
8 86
3 94
4 26
4 19
7 19
8 20
6 4
3 41
10 32
1 1
9 72
9 13
4 90
4 32
6 73
9 27
10 69
5 16
6 10
1 58
6 25
2 28
2 75
2 55
7 95
6 98
3 19
1 61
10 67
6 34
2 74
8 13
2 97
3 90
2 70
4 85
1 14
10 1
5 27
9 30
3 22
5 81
5 12
6 23
9 12
1 83
5 82
8 32
1 55
10 35
10 42
9 70
4 1
10 67
7 41
4 83
8 96
4 55
1 65
1 56
8 11
1 23
10 94
5 69
6 67
5 25
6 71
3 9
4 12
8 38
1 36
4 81
9 23
5 98
4 55
4 27
8 3
10 74
9 53
5 92
2 25
6 35
10 32
4 68
8 54
4 50
1 32
8 62
10 49
3 8
1 76
7 26
2 71
5 8
2 44
1 93
2 1
1 6
5 45
2 100
3 22
6 20
2 82
8 87
10 68
7 88
2 19
9 90
6 97
7 14
10 62
7 67
9 35
10 56
6 51
9 60
3 10
7 2
6 37
6 35
9 6
7 34
5 41
9 50
8 99
6 91
9 87
10 46
2 71
4 67
9 62
3 62
4 84
1 34
3 78
2 91
2 92
7 86
4 9
7 19
3 87
10 19
4 40
5 68
8 53
6 14
10 33
8 87
9 21
8 27
1 4
2 31
8 22
6 32
7 55
9 17
3 51
5 98
7 80
10 83
3 76
8 8
7 8
1 99
2 18
1 85
7 63
10 50
2 60
10 17
4 84
8 91
4 68
10 80
10 56
2 71
8 50
2 60
4 99
7 93
5 41
4 24
8 100
7 65
1 62
3 31
1 48
1 2
9 58
10 69
9 35
1 34
3 13
9 31
8 15
4 18
10 23
3 33
10 98
8 12
6 100
2 16
3 21
9 18
10 69
9 49
2 29
7 90
6 58
4 58
4 40
6 18
3 91
8 6
1 82
3 46
2 26
8 99
7 54
4 39
2 45
3 85
7 63
3 59
10 9
1 90
4 9
7 56
5 87
1 97
2 67
6 64
8 44
7 80
1 60
6 96
2 21
3 16
6 84
2 47
1 23
4 65
5 78
9 1
8 74
10 29
10 21
2 54
7 61
9 23
4 97
2 65
9 31
3 66
5 17
5 12
1 18
3 21
9 56
8 56
4 80
7 18
9 81
4 83
7 98
9 73
8 76
7 84
6 10
9 27
1 45
6 30
5 38
5 37
5 58
9 42
10 80
9 32
3 7
9 16
3 24
9 48
6 54
2 83
6 5
8 27
8 4
1 11
4 17
1 13
3 40
5 71
5 75
7 31
6 65
9 53
7 13
2 46
4 70
9 90
2 78
7 34
5 7
10 41
9 86
1 34
8 47
6 35
2 50
8 56
7 97
8 13
4 22
7 30
3 61
8 75
1 67
10 65
4 58
1 36
5 1
9 54
10 38
2 69
9 67
9 53
6 95
1 41
8 23
7 24
3 62
6 76
6 93
9 91
4 11
6 74
7 29
8 95
1 94
8 50
7 19
9 48
1 90
3 41
4 32
7 44
4 93
9 29
2 76
9 16
1 72
2 76
4 36
6 84
9 18
1 5
7 82
6 88
7 86
10 48
10 33
6 43
10 91
4 12
8 36
9 32
2 93
7 37
5 84
5 24
2 2
6 47
8 8
8 5
6 4
1 75
4 86
9 71
1 55
6 90
7 13
3 39
6 97
8 87
3 78
6 10
4 79
1 52
3 5
10 83
5 23
8 49
9 43
5 70
3 2
9 2
10 31
5 25
1 20
10 55
10 90
6 47
5 73
8 31
7 89
9 59
8 27
7 63
2 3
9 31
6 31
10 62
3 5
4 87
7 55
5 25
1 64
3 44
9 42
8 53
8 15
5 59
7 21
8 21
8 64
9 66
10 10
3 27
9 13
10 99
6 33
6 76
6 56
1 58
10 44
2 82
4 97
6 37
6 21
1 19
10 56
4 79
3 52
3 73
6 62
7 59
5 7
1 33
2 98
3 39
8 63
4 30
7 53
9 44
1 25
10 72
1 53
5 18
7 16
6 87
7 95
4 6
7 48
8 87
9 58
1 5
7 62
6 48
9 73
10 32
10 32
6 33
2 29
3 36
1 71
9 14
10 77
10 16
7 36
5 39
2 20
10 95
6 29
1 92
3 75
9 25
9 3
4 25
9 65
1 91
9 52
7 69
2 45
9 29
10 24
10 1
8 99
9 18
7 1
10 48
