3 18
3 53
6 32
2 89
2 10
3 65
5 95
4 45
6 86
4 48
8 44
10 83
4 69
8 37
4 11
10 92
4 1
6 25
8 94
6 34
3 49
4 75
6 4
4 51
10 62
7 4
4 54
6 69
1 40
7 29
4 66
7 22
2 52
9 99
7 49
6 11
9 68
8 66
7 76
5 90
1 64
3 20
10 67
2 1
1 100
8 81
7 67
2 87
9 41
2 6
9 21
1 23
3 35
4 59
2 6
1 70
5 66
9 8
2 36
7 79
9 35
7 21
2 55
2 30
2 37
9 47
8 51
9 51
4 34
3 15
10 34
7 18
3 69
8 26
6 68
3 82
7 99
5 5
9 96
9 8
8 24
1 88
2 10
2 43
5 77
8 41
2 61
3 66
5 21
10 3
10 28
3 95
4 29
10 25
8 22
8 100
7 10
2 78
1 47
3 42
7 43
10 37
2 14
2 44
6 62
7 60
2 38
7 22
2 49
2 54
7 43
3 19
1 79
10 74
3 61
9 37
3 90
1 39
3 45
7 74
4 99
2 88
10 25
4 46
4 96
2 30
3 54
3 29
1 82
4 91
4 44
2 56
1 73
3 59
10 55
6 45
7 58
5 35
2 90
7 36
9 40
5 31
6 40
6 98
4 65
1 53
2 29
5 22
9 95
6 78
5 20
4 36
8 45
6 29
8 91
2 44
6 81
8 8
5 15
5 73
9 22
5 32
6 83
2 56
8 33
8 14
7 38
7 12
7 10
10 70
1 4
6 89
4 29
6 41
8 35
1 79
2 15
8 72
6 55
2 50
4 100
7 69
4 67
9 9
4 63
2 18
7 88
3 96
4 59
7 31
8 31
4 35
8 6
9 14
9 44
6 79
4 26
5 34
8 3
6 18
3 34
10 82
9 67
9 77
7 15
7 76
7 63
1 67
5 88
9 37
9 99
4 84
2 20
1 81
1 33
4 44
8 97
4 61
9 38
1 83
4 72
8 90
1 8
8 56
2 13
9 72
9 79
4 53
9 14
5 14
5 29
1 2
8 73
3 94
4 92
4 87
10 12
10 76
2 49
5 9
7 37
8 89
1 36
5 1
9 84
7 93
10 36
2 62
3 10
4 11
8 89
7 25
8 97
8 82
6 62
7 12
3 24
9 63
9 75
4 21
3 38
2 91
2 21
2 10
1 92
3 72
2 26
6 56
5 56
2 36
5 4
9 30
3 30
8 47
2 83
1 80
4 51
9 51
1 41
10 22
7 71
4 27
7 91
7 93
3 25
2 62
5 94
4 78
6 23
5 87
2 64
9 23
7 69
6 84
7 63
6 100
2 70
6 33
5 58
7 99
3 100
1 96
6 97
8 69
3 99
2 9
8 63
2 34
5 74
9 84
8 43
10 61
5 75
3 39
2 37
9 55
1 93
4 55
4 100
1 67
9 73
1 63
2 20
5 49
5 68
10 50
10 78
4 12
4 80
3 68
2 92
10 93
4 44
1 82
9 88
8 99
9 83
4 99
2 97
9 31
2 89
8 47
7 55
5 95
2 43
9 20
7 74
6 1
4 97
4 76
7 72
6 6
8 51
9 88
2 84
10 93
3 34
2 85
3 67
8 47
4 82
4 91
1 75
5 86
4 68
2 55
7 12
10 96
7 6
5 22
2 1
7 34
9 63
2 6
4 29
4 72
7 70
8 37
6 4
2 73
5 92
9 63
5 33
6 48
5 41
6 22
7 47
6 28
7 57
8 65
5 81
4 61
3 48
3 55
7 8
7 49
8 63
7 34
4 46
4 15
1 98
10 66
7 10
7 60
2 9
9 1
2 64
10 55
4 62
7 95
5 80
1 7
7 31
7 34
2 63
9 81
7 2
10 28
1 35
10 41
6 86
5 25
4 94
2 73
3 81
1 47
2 87
1 15
2 9
6 77
6 65
8 49
2 29
7 87
7 37
5 49
10 3
2 70
4 53
8 8
5 36
6 10
5 89
3 49
6 94
2 93
8 8
5 60
6 74
5 87
3 77
2 41
6 8
8 69
2 47
9 28
1 97
6 32
1 99
10 8
8 32
5 65
6 34
4 78
2 79
10 88
4 78
4 80
1 20
3 71
5 16
2 93
6 51
7 85
10 100
4 68
8 48
6 5
8 34
4 98
4 83
6 6
8 68
8 99
9 45
9 82
10 47
10 34
9 85
2 58
7 33
6 47
8 86
5 65
3 93
8 93
9 85
2 30
2 100
6 30
7 41
10 40
1 16
3 84
9 29
8 45
4 93
1 39
5 2
3 82
2 53
10 63
6 67
1 6
3 1
8 88
10 42
4 100
6 32
5 46
6 65
9 36
7 100
1 13
8 59
7 98
1 10
7 31
8 31
7 84
9 60
4 66
9 54
1 94
5 30
5 41
8 51
9 54
6 79
10 36
8 91
8 31
2 62
10 94
9 50
6 19
5 20
8 68
7 14
3 11
10 94
6 37
4 61
4 15
7 73
9 17
7 69
5 64
8 12
1 20
9 85
7 11
8 81
8 17
9 82
2 97
3 77
7 41
4 64
3 15
8 43
1 48
6 64
5 69
10 45
6 88
7 58
10 36
6 60
5 67
6 86
7 42
6 34
6 98
5 36
5 90
1 72
2 48
7 37
7 30
4 95
4 91
8 50
9 3
5 88
8 51
3 14
2 5
10 22
1 92
3 57
8 60
8 100
5 38
7 77
4 36
10 70
8 76
4 52
8 30
1 34
5 64
7 29
5 42
8 92
9 82
1 99
2 50
7 100
6 66
2 30
5 53
6 40
2 45
5 34
1 27
4 9
6 68
5 61
3 93
4 25
1 29
7 25
4 87
8 7
2 79
1 21
8 47
1 32
9 87
6 27
10 93
9 2
9 91
8 20
7 90
9 36
3 93
8 65
10 63
5 26
4 22
7 90
2 29
3 51
8 37
6 23
10 40
9 88
6 50
1 64
7 33
1 73
9 45
3 30
4 58
10 96
4 55
9 33
1 79
3 23
1 57
8 21
3 68
8 23
5 41
3 3
9 99
3 9
4 90
3 79
8 100
5 18
5 29
2 2
3 77
3 76
2 80
4 22
3 65
3 11
9 88
8 63
2 55
3 51
1 36
1 93
2 30
9 63
1 5
5 48
1 35
4 1
8 57
7 39
6 68
1 10
2 42
5 26
2 9
6 4
9 6
8 49
10 34
4 39
8 3
5 9
4 42
4 94
6 42
9 66
1 83
4 49
1 96
3 85
7 25
6 98
4 81
3 77
4 62
3 71
7 58
3 96
4 68
3 24
8 84
9 28
5 36
3 98
9 86
3 20
10 3
1 32
8 81
7 2
8 5
8 6
3 63
8 52
7 83
1 2
7 74
5 21
2 74
8 96
8 67
3 95
10 47
7 64
6 77
9 4
4 75
8 72
5 5
5 10
4 70
10 100
1 70
10 89
3 33
9 24
7 88
2 25
9 38
6 22
3 54
9 47
10 88
1 74
3 46
5 7
1 57
4 23
8 45
1 80
10 85
6 45
2 21
10 56
7 78
6 74
3 96
7 7
8 44
5 27
5 95
2 61
8 64
3 10
2 30
5 18
5 27
1 80
10 37
8 31
3 29
3 57
2 66
10 95
7 76
10 96
2 79
9 97
4 88
9 70
5 38
3 82
7 57
2 60
6 65
7 1
7 34
5 19
8 77
8 85
3 22
5 4
5 48
10 91
6 23
10 62
9 61
6 46
4 1
2 9
4 24
4 84
2 1
6 7
7 85
1 48
2 32
1 4
7 27
8 11
4 63
8 31
6 54
7 88
1 10
6 8
2 87
10 66
2 79
2 97
7 33
7 19
9 57
5 79
10 68
9 68
4 39
7 96
6 66
1 10
4 72
7 80
5 74
8 48
7 62
4 93
7 26
1 47
1 97
8 85
6 82
8 36
9 87
6 13
9 85
7 78
3 91
10 17
4 85
9 94
10 24
8 77
10 99
1 57
6 96
10 99
4 26
1 54
1 59
1 67
6 15
2 5
10 76
5 20
5 3
7 48
9 16
5 82
6 57
1 43
8 7
7 32
2 31
4 5
10 51
1 37
5 7
1 35
9 45
4 89
7 77
3 42
3 33
3 62
9 20
6 2
7 29
1 69
7 62
2 63
3 84
10 75
3 53
2 44
9 52
9 10
8 6
3 96
5 14
1 40
1 44
1 62
6 33
3 9
10 39
6 54
3 9
3 18
3 59
4 44
5 28
8 18
7 67
10 58
3 92
5 33
8 80
3 75
4 57
4 88
9 85
5 75
4 37
10 70
7 35
9 75
4 65
4 34
9 64
2 4
7 96
8 92
10 73
7 96
7 80
4 11
5 30
4 86
6 74
6 41
9 69
8 81
6 55
1 36
10 72
10 9
1 43
3 33
10 50
10 27
7 74
10 1
6 43
2 71
6 24
4 2
10 14
5 73
10 6
8 60
10 93
4 47
8 67
4 53
2 84
