4 46
6 21
8 20
7 69
10 44
2 85
9 9
1 87
9 33
9 1
4 47
9 14
9 2
10 93
2 23
4 80
7 18
9 75
3 50
8 43
8 39
9 18
2 70
3 81
9 72
9 50
5 59
4 83
1 34
5 28
2 68
10 56
6 25
2 27
6 17
3 17
7 90
10 55
8 69
6 48
5 72
9 54
3 59
3 99
10 21
3 62
10 78
6 91
6 31
2 96
7 86
9 39
1 33
7 17
5 62
2 48
10 93
9 92
2 78
1 20
10 81
2 9
2 96
7 53
10 76
5 74
5 41
2 52
8 4
4 85
7 74
4 88
10 35
9 82
9 100
9 98
2 84
7 20
7 2
7 93
9 56
8 25
6 40
7 57
9 19
8 68
4 100
7 9
7 70
9 4
7 2
3 54
4 44
2 27
9 45
3 80
3 95
3 41
9 25
5 1
7 45
4 100
2 89
1 95
8 62
9 96
4 44
3 52
8 58
7 70
4 85
4 49
4 97
4 27
10 32
6 6
9 72
6 23
5 100
6 85
5 59
6 32
6 92
6 72
3 78
1 2
1 28
4 77
5 78
10 77
3 52
8 65
4 75
2 16
5 69
4 4
7 44
6 14
1 49
9 5
3 8
3 93
4 73
1 32
1 13
5 57
2 13
4 37
3 61
10 75
6 37
5 99
8 43
1 20
3 8
1 24
1 40
1 45
10 17
2 93
3 100
8 94
1 92
8 52
1 39
5 33
8 19
1 48
9 30
8 37
4 63
2 12
1 62
1 21
7 26
10 53
2 61
3 92
4 100
5 11
3 54
2 28
5 24
7 13
4 79
6 73
2 1
10 23
8 13
4 69
1 23
7 44
10 1
6 63
1 10
4 62
10 28
1 26
5 83
10 22
10 72
9 40
5 91
4 86
4 11
8 73
4 1
6 21
9 85
10 55
10 45
7 60
5 2
6 69
9 48
6 60
1 6
7 75
1 60
9 8
10 59
5 49
5 15
9 5
4 7
2 29
7 17
3 97
1 68
10 51
7 84
3 7
1 57
10 76
3 21
3 27
5 96
10 6
8 82
5 4
6 20
8 8
5 79
10 31
10 34
10 7
6 30
9 63
5 25
7 77
8 73
2 28
8 19
6 62
2 81
3 57
8 68
2 35
8 58
7 76
7 59
4 22
5 39
6 7
8 18
1 41
4 68
7 94
2 92
1 23
6 32
7 9
4 30
7 12
5 27
1 85
6 57
4 26
4 82
10 96
9 84
8 88
4 95
5 14
6 40
5 68
6 56
5 44
7 8
3 18
10 93
10 61
8 11
6 89
6 20
8 97
5 2
4 98
6 25
8 64
5 13
5 45
5 48
10 69
1 81
3 94
8 72
2 1
5 24
7 5
6 35
2 11
4 26
10 92
9 87
7 100
4 4
7 75
4 25
5 93
4 56
1 90
3 97
2 57
10 77
2 84
2 58
1 82
6 6
5 32
5 84
5 73
4 20
6 8
3 98
5 52
3 31
7 28
6 39
7 53
10 15
9 33
8 30
4 89
6 4
5 64
1 12
4 67
1 71
6 50
6 15
4 97
8 4
2 75
2 79
3 4
4 88
10 80
6 6
1 29
5 62
4 83
1 60
2 100
8 4
1 95
3 41
10 17
9 8
5 82
7 88
5 42
10 29
7 58
8 75
7 90
6 9
10 13
1 99
10 86
7 46
4 53
8 27
10 68
3 59
2 60
7 2
6 53
6 50
9 65
6 35
7 4
9 97
8 82
5 82
5 85
3 19
10 59
6 94
7 1
9 66
9 74
2 18
2 3
10 39
7 87
4 97
3 30
1 98
5 66
7 56
5 47
10 37
1 26
10 53
5 89
10 47
7 5
10 23
3 92
2 100
9 15
1 22
7 56
6 100
5 66
1 49
7 94
7 89
1 100
8 28
10 51
5 74
2 86
7 94
6 2
1 5
2 44
8 89
4 44
5 3
10 44
1 66
6 58
4 48
9 47
1 76
6 85
2 69
5 27
1 94
8 91
8 97
2 49
9 11
9 52
10 63
1 70
1 3
4 49
6 68
7 33
8 52
1 32
3 67
10 98
8 23
9 67
4 6
5 11
3 27
6 53
2 40
1 15
5 78
7 21
7 14
8 56
5 25
5 63
1 43
1 22
10 74
4 48
10 30
8 87
4 81
5 82
4 5
7 39
3 89
4 78
2 18
6 7
3 94
5 92
4 51
3 39
10 98
2 28
7 87
1 46
7 38
1 44
7 32
4 98
10 68
6 38
6 19
9 74
6 43
1 4
2 29
4 86
9 60
5 63
5 95
9 15
6 85
1 11
6 99
7 37
4 18
5 67
6 95
10 10
4 53
8 82
6 71
9 85
3 11
5 99
5 55
2 57
6 62
5 14
2 47
10 46
10 11
5 73
3 13
1 53
6 11
3 72
8 47
5 2
9 64
9 65
9 27
2 71
5 90
2 66
2 24
9 71
10 4
1 34
8 60
5 29
8 10
4 7
3 54
8 76
3 14
10 8
4 51
1 54
5 25
7 78
5 50
5 63
5 20
2 31
2 34
9 24
7 53
2 34
10 28
4 95
7 25
10 54
10 59
9 91
2 41
10 56
6 61
3 94
9 43
7 11
7 77
9 8
9 1
6 75
6 1
5 7
6 58
5 56
10 31
1 71
6 29
1 82
1 69
8 72
7 38
6 92
4 74
9 76
6 28
8 51
1 53
10 88
8 64
8 6
5 14
10 64
5 30
7 92
1 22
5 49
4 81
1 83
5 5
3 85
2 57
8 5
3 44
8 66
10 31
6 55
10 54
1 72
1 58
3 88
2 8
1 2
10 2
1 68
1 67
10 21
9 9
3 14
1 89
7 34
10 68
9 84
8 50
10 58
2 73
5 27
1 14
8 89
1 59
5 2
3 77
9 98
4 47
4 14
2 22
1 43
8 22
6 80
2 85
8 38
8 93
2 12
4 94
10 36
5 64
4 2
7 18
10 46
7 8
5 60
9 93
10 1
6 70
2 25
9 24
3 49
5 65
5 5
8 62
10 54
2 76
6 59
8 57
1 23
5 46
2 1
3 64
7 44
4 87
5 28
4 71
3 37
8 34
6 91
5 24
7 19
8 23
7 70
2 90
10 20
10 16
6 89
6 77
9 68
10 2
10 28
10 11
1 16
7 86
3 70
4 26
9 8
3 86
10 3
1 96
2 97
10 55
10 3
10 33
6 77
1 26
9 39
1 62
6 100
9 45
9 85
7 29
8 27
6 32
6 94
8 37
6 3
2 14
9 56
4 84
4 96
1 11
8 58
4 1
6 3
2 70
9 45
9 61
9 2
6 46
7 2
8 71
4 24
8 86
5 12
9 38
10 99
5 86
5 28
5 55
9 64
1 49
3 77
3 98
4 59
9 47
7 56
8 24
8 30
5 86
8 54
8 83
9 48
7 82
4 10
5 22
8 88
6 91
2 66
4 12
5 28
10 43
1 87
1 14
3 36
10 18
3 43
3 59
9 62
9 64
5 44
10 1
9 65
6 51
3 40
1 11
9 28
10 51
2 56
4 86
8 10
1 7
3 35
9 66
6 25
6 75
7 46
9 39
1 9
4 53
2 31
5 86
3 11
1 62
4 31
8 64
1 60
7 4
2 37
1 19
10 41
8 23
5 23
4 18
6 10
10 14
9 26
7 47
9 22
2 1
8 51
6 76
6 14
9 74
5 26
10 72
4 23
10 29
6 79
8 36
2 22
8 57
7 14
9 33
9 35
3 87
5 29
3 86
6 13
9 44
7 54
6 99
7 70
7 80
4 4
5 27
10 4
2 95
9 2
1 39
2 76
6 60
9 17
4 90
9 11
3 74
7 12
4 58
3 89
3 77
5 80
8 37
6 100
6 15
5 87
6 86
8 60
3 37
10 39
10 95
5 46
9 21
2 41
2 83
10 14
7 99
7 32
8 87
7 83
10 46
10 5
10 2
1 63
10 65
9 34
5 43
3 41
9 92
1 85
9 87
9 48
6 10
3 95
6 29
4 59
6 90
2 63
5 32
8 77
5 61
3 90
8 44
4 4
2 56
9 59
2 30
5 8
6 39
4 86
1 3
9 70
9 82
3 18
10 26
2 30
10 100
2 17
7 76
4 99
3 96
5 100
6 40
6 96
1 33
7 25
6 89
10 35
2 83
3 86
7 9
7 43
7 34
7 61
5 73
5 54
4 12
9 27
2 69
2 41
1 41
2 59
10 42
3 41
1 60
4 42
5 60
1 62
10 24
3 18
4 96
8 6
8 77
9 50
10 77
5 92
6 46
1 13
4 92
7 35
7 2
8 51
7 97
1 21
7 29
4 46
9 81
9 70
10 26
1 22
9 84
8 72
9 93
4 15
3 66
10 50
5 15
7 93
6 95
6 63
6 30
6 95
3 72
8 10
10 60
4 98
9 65
6 25
7 24
1 4
1 71
2 91
5 22
7 71
