4 55
2 81
1 15
3 15
1 62
5 72
3 13
10 13
1 1
7 47
9 80
10 51
8 57
9 56
2 87
10 8
6 77
1 83
9 9
8 76
10 76
9 19
10 91
10 31
5 100
9 29
3 74
4 17
6 98
4 14
10 43
2 90
3 7
4 23
3 5
3 5
5 74
3 56
2 91
7 86
10 72
4 19
2 76
1 65
9 30
2 47
5 68
5 18
3 87
6 96
1 67
7 97
10 80
9 3
10 22
10 93
1 61
8 4
6 34
7 91
10 23
6 25
5 82
7 93
6 49
6 86
10 65
1 57
3 42
8 85
4 3
2 41
9 99
6 12
10 19
1 82
9 98
8 75
2 60
3 35
9 55
10 50
6 45
4 69
5 51
6 64
6 34
7 30
1 78
3 4
3 19
8 27
10 43
6 82
4 22
7 23
2 64
8 2
10 71
10 24
2 49
9 14
4 64
9 87
9 21
1 90
3 3
4 82
10 78
7 56
9 1
4 70
9 100
1 43
6 86
7 67
6 94
1 50
1 25
6 81
2 50
6 24
2 46
10 14
5 51
2 63
5 88
5 64
7 94
7 70
4 82
10 69
6 100
6 92
7 20
2 15
2 59
8 37
10 73
2 64
6 10
9 1
6 47
10 33
1 84
1 18
8 8
8 87
1 37
8 41
4 93
5 67
6 94
2 69
5 19
2 19
5 71
8 96
8 47
4 84
1 28
6 27
2 55
5 65
9 74
1 27
6 21
6 42
8 65
8 20
1 4
2 60
5 98
5 15
2 76
5 33
3 35
8 97
4 16
3 35
8 68
4 88
3 7
2 7
5 81
4 38
6 33
2 75
4 30
5 3
10 72
9 30
2 2
3 85
1 30
1 80
1 77
10 6
6 7
9 100
2 75
8 64
1 1
2 88
1 45
7 26
1 81
8 33
10 23
3 1
9 57
6 17
4 54
6 27
1 26
9 94
2 77
10 84
7 20
3 66
3 33
5 81
3 83
10 46
1 51
9 71
3 22
2 1
9 6
7 42
9 23
8 37
2 44
8 32
2 63
6 81
1 28
8 1
5 97
7 35
2 42
9 26
9 52
2 77
1 63
10 96
5 27
2 28
1 43
9 31
5 26
10 47
4 48
2 81
1 47
6 6
9 87
3 82
3 80
5 45
2 32
5 71
1 17
5 44
2 28
5 69
7 100
1 26
5 46
9 49
4 22
10 35
1 80
1 75
10 32
7 16
5 100
3 25
2 53
2 20
6 70
4 42
2 17
5 51
7 62
8 17
1 85
6 40
2 84
3 57
4 51
4 4
4 41
2 20
9 80
3 25
2 41
7 22
7 65
4 65
7 24
9 69
6 21
10 7
9 18
3 17
2 35
1 30
7 1
10 14
10 77
9 99
5 92
10 70
8 53
1 81
8 40
5 70
7 53
2 4
8 64
6 9
7 20
5 81
9 86
6 78
7 81
5 1
6 100
9 53
1 17
1 7
4 45
10 74
8 25
1 73
6 68
2 43
1 79
4 71
2 50
4 68
6 15
5 88
5 90
10 10
4 12
7 98
4 9
4 63
7 74
3 83
2 23
3 62
7 51
9 16
8 14
1 97
5 20
4 64
9 76
1 27
7 10
8 7
2 59
6 64
2 47
5 13
9 58
4 94
4 20
5 10
2 46
4 43
8 63
4 45
8 47
2 60
10 75
10 82
9 38
5 97
1 33
10 21
4 39
9 67
10 91
2 95
9 22
1 24
1 40
2 86
1 7
8 59
1 85
3 2
9 56
1 22
3 67
10 12
2 39
6 45
1 63
8 16
2 94
8 43
1 96
1 7
4 12
9 1
6 93
5 5
5 99
10 56
5 1
4 14
8 62
4 17
3 89
8 48
6 85
9 40
9 58
9 58
4 62
5 23
7 37
3 12
1 100
9 73
7 72
8 90
5 47
4 14
6 44
5 52
5 53
7 55
3 70
4 5
1 89
1 96
10 36
10 1
6 19
8 3
10 99
7 61
10 12
6 76
1 36
9 76
8 73
7 12
10 1
7 80
1 48
3 76
7 79
5 56
4 20
8 93
4 59
9 26
1 84
2 11
9 50
9 71
9 92
5 71
10 51
9 89
9 69
9 79
4 45
8 25
10 19
9 71
8 83
2 78
9 30
7 79
8 53
2 94
1 99
7 5
2 66
6 22
4 38
10 89
7 38
3 23
9 24
9 41
2 11
6 17
8 8
4 28
9 98
4 40
5 19
5 97
6 37
1 59
9 49
3 82
3 47
8 55
8 95
5 87
5 52
6 27
1 64
3 79
5 44
7 67
2 22
10 67
1 21
4 86
9 52
8 47
6 91
9 17
8 7
3 58
1 22
10 79
10 31
4 18
10 16
6 21
2 61
5 43
3 64
2 25
1 44
5 11
7 31
2 8
8 70
6 32
8 51
6 58
4 89
8 75
9 77
10 78
10 16
2 97
2 45
4 84
6 17
1 58
4 90
4 5
9 50
3 15
8 33
10 15
9 42
5 97
10 99
3 47
9 71
9 61
6 13
2 9
4 15
1 80
8 1
7 76
1 60
2 34
5 56
3 3
3 62
3 92
5 51
3 52
8 98
3 84
5 63
2 46
3 22
5 77
3 11
6 80
3 1
5 85
9 3
4 10
3 33
9 4
2 20
1 1
10 76
7 8
1 80
9 27
2 70
1 25
3 56
10 70
7 3
2 12
6 42
8 4
9 31
8 22
1 54
2 37
4 67
1 75
6 95
2 57
4 90
2 37
4 13
3 85
4 39
2 20
8 14
3 16
5 35
2 84
1 54
3 9
6 65
1 24
10 52
1 68
2 64
6 67
1 41
6 79
8 89
8 51
5 54
3 78
4 47
7 80
8 15
6 49
10 68
9 47
5 28
3 36
4 27
5 45
1 20
3 5
2 49
10 39
9 2
1 68
7 73
2 69
3 26
3 84
4 62
2 97
7 18
9 52
1 22
2 82
9 87
10 86
6 71
8 3
10 3
10 72
2 15
7 75
5 22
1 39
4 44
3 60
1 35
3 17
2 58
10 98
10 98
5 20
3 90
10 99
3 61
9 98
7 35
2 30
2 44
7 61
5 83
6 74
3 62
1 87
6 16
3 49
2 91
10 52
7 24
9 95
4 46
6 44
5 26
6 94
5 99
4 19
6 33
5 85
10 20
8 89
7 54
1 52
3 97
5 13
3 59
2 91
4 84
5 36
10 100
4 40
10 75
6 53
6 90
1 11
6 95
1 44
1 13
8 61
9 29
9 17
10 73
3 60
9 19
7 3
4 77
8 91
9 13
9 34
9 44
9 95
10 70
4 51
9 89
9 54
9 21
5 49
7 84
10 84
10 42
9 80
2 17
4 46
2 24
5 20
8 74
2 50
6 82
10 91
4 78
7 70
10 13
10 44
5 81
4 65
1 45
5 64
10 32
5 95
8 21
9 24
5 28
9 18
5 17
4 84
1 47
6 93
10 3
6 60
1 48
4 70
5 5
9 75
3 30
5 18
9 55
5 93
5 25
1 97
4 43
10 54
3 42
8 87
10 34
7 98
4 1
2 19
1 33
6 8
1 15
9 33
4 42
5 25
4 75
6 49
3 71
4 76
9 6
4 53
10 75
3 5
3 76
10 1
7 46
9 32
9 66
5 81
5 11
1 69
3 100
9 68
6 57
7 62
10 86
7 9
2 32
3 30
9 89
9 70
7 15
6 14
1 52
3 55
1 41
8 48
1 10
6 29
1 46
4 74
4 8
5 97
3 29
8 25
2 28
1 80
1 32
10 4
6 38
8 98
10 65
8 15
7 15
7 48
6 33
9 38
7 34
2 28
9 32
7 17
8 81
2 97
9 66
6 96
9 34
7 30
4 18
4 6
7 80
6 30
5 30
8 31
2 33
6 90
5 24
9 67
6 99
5 19
5 8
10 34
5 21
10 27
3 48
8 88
3 85
4 13
10 50
6 20
7 5
4 47
3 66
10 19
8 84
10 81
1 75
4 11
3 83
3 9
1 72
9 26
6 10
10 63
5 41
10 26
1 38
9 3
7 52
6 36
9 6
4 100
6 62
5 71
4 8
9 20
10 41
10 4
5 95
6 63
4 93
5 77
4 88
9 7
7 50
5 51
2 70
10 14
7 33
8 14
1 44
8 85
2 64
3 93
6 11
3 89
6 48
9 100
7 99
6 69
7 87
8 80
9 100
10 69
8 77
3 39
10 79
6 70
9 72
5 38
3 56
7 9
7 70
6 56
6 19
9 75
8 31
2 14
9 4
6 43
8 29
1 51
5 77
6 77
5 54
6 35
1 73
6 43
8 74
1 45
6 31
10 56
6 63
2 14
6 82
6 2
5 86
7 9
3 25
5 25
8 28
8 79
1 21
9 95
1 28
1 18
2 25
3 4
6 30
10 92
9 6
9 77
8 71
7 27
2 61
3 30
6 41
8 55
10 45
4 78
9 41
5 8
