3 44
1 1
10 16
9 53
8 6
10 62
9 47
1 29
10 53
3 44
2 84
2 63
2 59
2 38
5 54
2 12
8 91
7 98
3 86
5 35
1 74
1 49
8 65
7 97
3 63
9 11
6 20
3 13
1 68
2 98
10 25
5 46
6 4
7 85
4 44
7 21
4 45
8 54
5 85
6 10
1 1
9 17
1 55
3 4
3 99
3 41
9 8
10 70
10 21
7 20
8 85
8 47
4 4
3 49
4 64
3 15
9 1
7 55
3 65
8 84
10 36
10 29
6 7
10 66
9 52
6 97
7 82
2 72
4 11
10 30
9 41
4 29
3 49
7 84
1 47
4 11
2 58
10 4
3 3
6 96
8 94
4 55
6 69
4 80
6 11
10 77
5 12
1 40
8 10
9 52
3 40
8 91
10 79
2 4
2 79
10 68
10 27
2 34
10 54
3 61
4 10
9 71
7 78
9 99
10 64
9 11
7 9
9 21
4 77
1 12
3 80
8 51
2 96
3 30
9 36
3 25
5 24
7 79
1 38
7 59
6 83
4 85
3 1
5 16
3 10
10 32
4 25
1 37
1 27
7 72
9 39
4 36
2 99
4 80
5 21
6 32
2 67
2 51
1 64
9 37
6 4
2 13
4 10
10 10
10 52
2 62
8 47
3 52
3 50
4 40
7 90
10 93
9 24
7 52
1 87
2 8
1 24
8 85
8 76
1 53
8 5
2 78
2 78
1 15
6 5
6 74
10 34
5 35
8 10
9 83
5 41
8 24
9 98
4 6
2 2
1 63
6 1
8 43
6 29
10 45
10 99
3 71
4 64
10 78
2 5
7 26
9 63
7 6
10 86
3 15
9 21
1 67
7 19
7 65
7 74
9 100
8 10
8 89
8 68
4 54
5 12
2 64
2 84
2 50
3 20
9 88
5 52
5 79
6 25
1 80
9 52
9 30
7 80
4 90
6 19
4 34
9 41
6 46
4 37
6 7
7 40
10 77
9 19
1 61
7 9
4 72
5 76
6 91
3 98
3 56
3 12
4 42
3 34
10 94
10 64
5 86
5 6
5 66
5 83
10 33
1 45
1 2
10 41
10 25
7 56
3 81
5 36
8 67
10 28
2 65
10 20
7 6
10 33
9 84
8 92
9 40
8 55
4 52
4 19
10 18
9 75
7 28
2 30
7 29
9 27
6 40
1 62
7 37
1 31
6 81
2 16
4 50
5 92
3 84
4 95
1 50
2 5
5 58
10 38
7 24
3 99
7 62
7 29
6 49
1 46
2 55
7 49
9 70
8 36
7 17
10 69
3 26
2 26
3 33
5 25
3 15
4 24
8 39
9 58
5 18
6 64
10 97
5 83
7 54
10 55
5 67
8 79
10 58
10 4
6 86
3 98
10 7
2 30
5 51
10 15
2 89
6 31
4 83
4 5
1 51
8 73
1 6
6 35
3 34
7 22
2 74
2 6
4 4
10 37
10 43
4 87
5 50
10 52
4 94
6 71
4 32
9 50
3 19
9 97
9 53
10 23
3 76
6 72
4 53
9 61
10 33
10 39
3 29
2 35
9 64
5 98
2 19
10 97
8 8
3 4
9 52
10 93
5 52
3 20
4 39
8 1
9 31
5 98
9 65
4 4
2 78
3 25
3 65
6 24
5 75
9 68
5 6
4 26
4 82
3 23
9 42
7 43
3 32
3 85
6 39
1 7
7 89
10 60
8 45
2 25
10 51
5 18
7 61
9 16
8 6
2 52
3 53
1 53
5 48
8 47
10 30
5 92
6 16
3 44
4 68
5 58
9 64
6 41
10 2
10 93
10 21
6 100
5 21
5 81
4 7
7 100
5 76
3 82
8 51
4 25
10 74
6 9
3 50
2 86
3 48
8 10
8 1
8 86
4 29
10 9
8 37
7 17
2 74
4 67
7 62
4 25
2 42
8 99
4 93
2 20
8 73
3 35
4 92
6 18
6 62
6 2
3 74
2 89
2 83
9 85
3 66
3 18
10 41
10 72
10 70
6 83
3 66
3 4
10 33
7 65
8 72
7 8
3 47
4 48
7 93
7 86
1 57
6 84
7 83
4 80
6 32
10 12
4 22
3 61
1 76
3 26
8 59
4 71
9 95
3 23
9 77
3 76
2 93
7 82
8 27
9 47
2 58
4 90
5 3
9 2
10 13
5 38
2 58
4 19
10 50
4 78
9 42
4 96
2 41
5 60
1 22
9 33
10 30
4 90
8 38
3 6
1 29
5 56
5 46
4 88
2 68
1 16
4 73
3 82
1 33
1 11
8 16
9 78
6 68
9 75
4 2
8 19
3 34
6 92
6 62
1 57
1 13
3 45
6 18
9 98
6 29
7 30
6 52
9 81
8 30
7 1
2 85
6 67
4 98
7 59
4 79
1 80
4 41
6 9
8 56
9 72
5 37
9 82
10 67
10 36
8 73
7 89
5 64
2 88
4 28
2 24
9 45
4 72
2 93
3 1
5 37
2 44
3 97
3 82
10 41
1 81
5 46
10 10
7 42
9 76
8 100
1 40
3 84
9 24
1 83
10 17
3 22
9 6
4 18
3 70
9 45
9 2
7 72
8 89
8 92
2 60
3 70
6 54
10 7
9 25
7 45
7 48
8 74
7 74
4 27
7 95
2 92
1 29
6 19
3 37
6 86
10 88
3 10
3 15
6 46
7 7
8 22
10 34
5 71
10 39
6 28
9 16
5 21
4 99
3 67
5 58
2 11
6 36
6 1
1 58
1 35
3 67
5 26
3 24
9 81
7 3
3 69
7 46
4 66
7 88
6 56
8 61
1 24
3 44
5 14
9 75
10 56
6 75
7 34
8 17
8 82
4 44
5 62
1 100
2 28
1 52
5 46
8 97
6 5
6 52
8 52
1 19
5 6
8 39
2 36
7 5
3 52
2 19
2 19
2 70
8 86
5 23
4 70
9 47
7 29
4 80
5 69
6 57
3 64
6 77
2 58
8 57
3 27
3 45
5 49
5 85
6 34
8 97
3 42
7 70
8 45
4 64
7 4
9 81
3 83
8 68
4 51
7 28
6 97
4 56
2 3
6 28
5 77
7 94
10 92
2 78
9 45
5 63
5 90
6 40
5 35
9 84
8 70
2 39
2 28
4 61
8 32
4 32
10 23
5 17
9 91
2 16
8 4
7 31
5 33
10 22
10 11
2 96
2 30
1 65
10 52
6 60
3 18
7 52
5 83
5 12
6 27
5 39
5 71
7 26
9 23
7 97
4 4
6 54
3 68
8 42
3 31
3 64
1 37
6 56
10 98
1 29
7 5
10 40
7 14
7 17
3 90
8 36
1 34
4 44
8 25
4 59
9 23
2 31
5 59
5 41
10 47
10 17
10 55
5 38
5 72
4 80
6 16
9 8
5 96
9 75
1 10
3 23
4 96
4 48
1 25
3 15
4 79
2 29
1 63
7 26
9 58
8 95
1 80
9 79
2 59
8 84
6 21
8 95
7 15
4 78
2 76
2 68
6 6
3 67
7 4
2 63
5 79
6 30
10 15
10 84
6 47
4 21
10 84
8 90
3 100
3 63
3 91
6 94
1 39
6 24
10 10
5 13
6 1
4 81
7 3
2 84
6 59
2 63
4 66
5 45
9 7
6 81
6 26
9 61
8 84
9 68
10 29
8 69
7 70
4 44
7 5
3 14
5 12
10 98
6 23
10 3
5 55
4 61
3 33
1 72
9 22
6 95
6 21
5 90
7 46
9 51
7 70
3 67
1 50
9 45
8 76
2 60
1 53
3 15
6 56
6 35
6 60
6 96
7 54
10 76
10 42
9 13
3 93
6 10
4 8
9 86
1 99
9 89
6 21
6 3
2 27
6 27
10 52
4 41
7 25
1 28
2 6
10 64
3 70
4 79
10 83
1 32
5 58
1 13
1 86
1 41
4 27
1 95
2 3
7 69
2 85
2 22
10 26
9 90
5 9
3 27
1 38
5 66
6 8
10 12
3 5
7 77
2 35
5 27
4 84
6 43
3 42
1 72
5 77
9 49
8 6
4 85
7 86
4 62
1 29
8 39
2 37
6 59
4 79
7 92
4 96
8 24
6 20
8 28
5 32
4 11
1 70
5 86
5 71
10 74
7 37
9 6
10 7
5 83
4 91
7 14
1 79
4 61
5 35
9 38
4 78
6 53
8 83
5 37
2 29
4 7
6 64
7 20
8 19
3 16
1 71
2 3
10 60
2 24
7 39
4 45
5 32
2 35
7 63
6 19
6 35
4 61
2 83
2 21
3 93
5 24
6 75
10 69
1 36
2 78
7 25
9 73
9 18
10 45
7 73
4 82
1 98
5 56
9 44
4 93
1 24
3 45
3 84
8 12
9 3
5 3
1 43
10 75
8 96
4 67
7 77
4 65
5 73
6 72
8 45
10 37
10 5
5 77
9 4
4 71
9 92
9 31
1 55
1 82
9 49
5 1
7 35
2 5
6 34
