8 77
9 29
6 74
4 60
2 29
4 25
10 22
8 77
3 72
4 45
3 84
2 27
8 23
4 15
9 26
1 17
1 92
10 22
2 37
9 29
6 7
4 41
2 35
1 37
10 29
8 27
4 24
2 85
8 5
1 66
2 79
10 54
4 41
6 90
7 91
5 15
9 63
9 89
6 84
3 55
6 54
6 54
5 5
5 4
3 11
2 16
10 82
4 84
2 58
5 17
5 1
9 11
3 72
3 69
7 66
8 73
9 69
9 66
2 76
8 82
10 25
10 51
7 87
5 2
4 52
3 96
8 90
10 100
5 12
2 1
7 92
4 93
4 83
4 96
1 73
4 12
6 71
3 77
8 59
8 49
5 95
5 53
2 59
6 31
8 13
3 58
5 10
9 47
4 76
3 43
10 34
6 25
9 17
1 85
7 5
7 100
5 55
1 90
2 51
5 20
1 80
9 10
3 37
1 53
8 76
4 54
3 86
10 11
8 15
3 100
1 74
1 56
2 32
9 6
2 46
4 19
9 62
8 23
10 9
7 61
4 27
3 91
1 2
10 75
9 44
1 28
9 13
6 65
8 90
4 49
5 69
10 95
7 25
10 72
1 12
4 79
3 28
2 21
4 4
3 76
1 54
7 47
9 34
4 35
3 57
9 95
7 67
8 45
10 42
8 65
6 89
9 13
10 49
3 81
7 36
2 36
10 23
10 51
2 2
9 73
10 40
10 97
5 45
2 56
7 85
8 11
10 49
10 77
2 28
2 45
7 4
1 44
5 57
3 34
5 56
5 75
8 49
1 73
5 74
4 57
5 22
1 68
10 82
5 51
3 19
10 59
10 31
8 75
9 38
4 19
10 25
8 95
8 46
9 17
1 22
9 64
4 76
7 30
2 20
8 85
2 28
3 46
9 90
9 10
5 51
9 90
1 28
6 47
3 24
8 32
5 38
6 72
3 93
6 91
8 77
6 49
5 21
3 77
7 19
4 65
8 88
5 20
2 94
1 56
8 76
5 50
1 61
7 86
4 52
1 1
9 68
7 35
3 44
6 95
6 66
5 7
5 49
10 79
9 98
7 85
1 96
2 19
1 44
6 90
8 60
1 87
8 50
1 68
9 62
1 65
8 14
1 21
7 42
8 73
9 92
7 3
9 69
3 27
3 50
8 79
7 70
6 94
9 25
4 100
7 3
9 40
5 79
5 23
5 79
8 80
3 69
7 42
8 79
3 6
9 95
6 54
8 43
6 16
5 37
3 63
9 67
6 37
3 93
3 28
8 8
7 90
5 8
8 33
6 33
8 45
3 92
3 95
9 77
10 46
9 13
2 68
4 57
3 74
6 18
7 93
9 96
9 35
8 9
3 97
8 85
1 99
5 24
5 93
2 37
2 89
9 57
5 16
10 15
10 33
10 75
7 94
1 9
8 57
1 69
10 94
10 58
9 72
3 12
6 97
4 3
5 68
8 41
1 82
1 72
9 29
2 26
9 66
5 81
1 1
6 72
4 35
10 63
10 20
5 79
1 3
9 47
5 63
6 94
3 24
4 59
5 2
7 58
1 50
10 78
6 16
10 44
1 25
9 86
8 91
9 2
3 26
7 17
6 82
6 84
4 27
4 2
5 65
7 76
10 54
10 14
2 85
5 20
5 80
4 49
7 38
7 55
4 71
3 16
9 57
2 54
7 58
6 91
9 72
7 87
10 93
6 6
6 23
9 61
6 95
10 1
4 3
8 1
3 98
10 2
3 53
7 52
3 47
2 7
5 1
3 59
2 72
6 70
8 56
6 41
6 43
8 39
6 92
10 61
5 30
3 34
10 21
5 15
1 7
1 74
4 3
4 65
1 95
2 70
10 60
8 35
1 64
9 37
7 20
10 85
2 100
3 35
6 60
6 42
6 9
8 56
10 14
4 89
1 33
1 58
2 65
1 36
10 89
2 76
5 31
3 73
8 99
10 50
10 68
6 65
6 42
4 45
3 30
10 89
1 75
5 54
9 61
9 3
4 43
1 76
4 1
7 8
8 61
5 80
2 100
3 33
6 46
10 69
4 7
4 59
7 40
8 82
7 30
8 5
10 6
5 28
3 70
1 22
9 32
2 51
10 37
5 73
10 17
7 20
10 9
2 95
5 89
1 41
10 50
8 33
8 85
8 82
7 87
4 12
9 64
2 52
9 21
10 18
7 42
7 90
7 85
10 20
7 62
9 73
8 72
9 19
6 97
1 65
8 54
4 29
2 10
7 39
4 38
4 55
8 49
10 18
3 62
10 58
9 79
3 76
1 52
3 28
4 65
8 36
9 33
5 98
5 50
6 28
3 18
7 69
3 100
2 58
8 35
6 18
1 59
10 63
9 38
4 79
9 27
8 57
10 87
1 66
5 28
9 2
2 87
2 23
9 21
9 96
3 3
10 23
1 75
7 71
9 43
6 17
10 5
3 38
3 88
4 69
2 11
5 87
8 88
1 93
1 9
6 5
9 35
10 50
7 78
7 46
1 10
1 9
6 83
10 20
9 73
1 64
5 16
10 14
1 89
1 60
3 63
4 89
10 24
8 26
5 73
6 45
7 86
10 32
1 14
7 15
4 52
1 70
7 50
3 2
1 39
2 27
7 80
6 53
3 55
8 19
6 100
9 72
1 45
9 88
5 54
7 51
7 19
2 47
4 34
7 9
7 84
2 62
8 40
8 79
4 78
4 46
6 71
10 59
2 74
1 68
10 3
7 52
6 16
3 52
6 68
9 53
2 34
4 14
8 42
10 83
5 99
1 66
4 65
6 89
7 10
9 81
10 12
4 90
5 49
3 21
4 92
8 83
6 8
4 91
10 7
9 11
9 93
5 56
7 19
7 24
4 19
9 97
7 46
5 73
3 9
4 45
1 45
5 35
1 18
4 28
3 99
5 62
2 28
7 55
5 92
2 67
6 10
4 36
2 64
1 85
5 88
7 80
2 3
7 89
10 72
4 17
5 21
7 28
7 92
3 95
4 21
7 69
3 24
1 41
4 59
1 41
3 59
4 82
7 36
5 53
7 34
9 14
1 2
8 36
8 66
4 69
7 82
9 96
3 84
2 36
3 15
3 71
7 48
6 72
8 74
4 43
9 93
10 68
9 77
8 16
5 21
8 4
9 18
4 66
3 66
1 66
5 55
10 77
2 65
5 14
8 98
8 63
8 87
7 59
6 32
5 22
9 16
5 89
10 10
9 56
6 58
10 78
9 89
4 72
2 81
4 75
2 51
3 60
8 46
4 45
3 81
4 67
7 89
1 63
1 66
3 78
8 73
1 80
2 34
10 33
4 24
5 11
4 6
2 76
2 77
4 89
4 52
4 91
1 27
5 50
1 53
7 80
7 29
6 1
9 73
3 46
4 98
2 86
2 23
9 97
9 76
10 36
7 26
10 2
1 86
10 51
4 40
6 10
4 80
3 4
8 12
8 20
8 39
7 82
9 97
5 85
1 31
6 60
3 59
1 28
10 91
2 41
2 55
5 96
1 80
5 86
3 60
1 15
1 96
8 88
2 97
1 90
8 10
2 69
9 79
6 97
6 92
3 17
8 86
3 22
4 99
1 46
5 48
1 19
2 27
3 14
2 11
1 41
9 22
8 2
5 57
8 45
3 87
2 54
3 40
9 23
8 41
7 61
7 57
7 83
5 98
2 51
7 70
6 78
10 18
5 87
4 42
5 36
4 11
4 12
9 5
10 17
10 92
10 34
5 91
4 41
4 32
8 68
7 71
8 53
6 25
9 72
7 41
9 49
8 44
9 96
5 38
10 34
4 89
8 73
9 25
5 95
6 57
9 64
9 38
4 78
5 29
9 38
4 56
5 22
5 70
6 77
1 27
8 28
2 57
3 79
8 24
3 47
9 17
4 91
8 94
3 93
7 6
5 73
3 100
5 53
1 21
10 12
9 80
4 21
6 19
6 27
1 100
9 79
9 73
5 38
4 92
2 74
3 74
6 76
7 88
2 92
3 66
1 12
1 16
3 26
9 82
3 34
2 100
2 89
7 63
10 88
8 36
2 16
1 6
10 79
7 10
4 9
7 88
6 78
7 60
3 95
2 80
1 19
2 49
5 75
8 17
10 90
5 93
4 65
2 87
7 59
7 15
4 57
9 94
3 33
5 84
9 32
3 13
4 74
8 59
1 14
4 22
5 51
3 44
1 47
1 100
5 87
3 74
6 32
9 30
9 49
3 27
8 73
2 71
2 56
2 85
3 58
9 82
10 80
6 100
1 32
10 1
2 91
8 28
7 50
1 23
2 59
5 98
3 50
2 76
1 80
3 24
2 63
10 97
8 68
1 19
6 70
3 70
4 64
7 93
8 83
5 66
7 74
9 49
10 95
4 94
5 75
3 35
3 37
5 23
7 23
1 70
3 66
4 47
5 1
5 1
6 75
5 45
8 6
2 87
3 55
2 19
6 48
6 60
2 63
10 65
9 22
6 88
6 88
10 21
9 19
4 15
