10 14
1 2
1 52
4 40
7 98
1 64
7 94
5 70
1 8
8 91
1 23
8 81
6 28
7 79
3 92
3 41
2 62
5 26
10 96
9 69
6 8
7 6
1 55
8 70
9 85
6 55
10 38
9 15
7 73
8 19
8 100
9 13
9 69
4 59
6 32
3 30
10 6
7 50
2 10
8 27
3 78
7 2
6 13
9 92
10 60
6 12
6 87
3 95
8 23
6 29
1 90
10 10
8 55
1 65
3 79
8 40
4 13
9 72
6 7
4 21
6 97
8 46
10 52
4 96
3 99
10 96
10 30
4 27
4 85
10 53
10 15
8 18
7 73
9 46
2 29
3 9
2 96
8 7
2 84
3 80
7 59
9 52
9 38
10 2
5 78
7 100
7 73
9 45
7 61
6 46
2 10
7 30
6 49
7 56
4 9
3 43
5 89
10 78
9 73
7 18
3 75
4 85
10 82
2 17
1 18
4 78
4 66
2 53
2 60
9 42
6 23
6 96
2 43
8 29
8 12
3 41
1 65
3 36
7 33
5 77
1 93
5 37
5 54
10 97
3 88
6 32
4 8
6 48
3 51
2 73
8 97
7 43
6 54
1 30
6 67
9 85
8 48
7 99
9 57
6 95
4 87
7 54
6 83
4 27
1 82
1 42
5 56
8 94
5 15
6 29
9 39
3 83
10 40
3 96
5 84
3 43
2 63
7 88
2 53
5 8
9 44
4 16
7 44
8 88
9 40
8 95
9 21
7 65
10 29
6 4
1 34
3 44
9 38
4 82
1 56
1 96
8 13
6 3
2 29
7 42
5 20
10 51
5 94
3 32
10 63
8 64
7 79
3 91
10 10
10 4
6 72
4 98
1 65
9 88
6 87
10 95
10 57
5 85
7 69
10 39
9 26
5 90
7 16
5 4
2 84
2 75
1 95
2 96
1 28
2 6
9 3
6 8
7 14
9 25
10 42
3 15
4 38
2 44
6 76
6 90
8 8
10 97
1 52
9 28
1 42
9 24
7 65
9 33
9 70
2 71
9 98
10 36
2 50
2 85
2 64
9 78
3 2
3 52
10 64
1 58
2 90
6 88
1 28
6 69
4 75
9 51
8 29
7 21
3 48
1 65
10 47
2 12
10 18
9 91
1 65
5 7
1 90
6 34
8 20
5 89
7 27
8 74
10 9
9 31
3 94
1 24
8 29
4 7
3 32
10 94
2 11
1 15
8 40
2 60
4 6
3 68
4 15
10 11
5 40
7 30
9 90
8 43
4 83
5 100
8 16
1 2
2 29
10 26
4 41
8 35
2 9
1 64
10 4
6 34
9 38
3 65
4 14
7 100
5 89
5 90
10 97
10 21
3 91
1 99
9 82
6 36
5 77
5 51
1 52
3 7
2 50
8 53
1 39
7 65
1 9
1 59
10 93
4 33
9 6
8 39
4 73
3 38
5 19
4 77
8 36
6 6
3 72
3 78
5 29
4 73
5 17
10 9
2 86
6 61
6 73
6 61
5 11
5 41
5 27
10 99
8 64
8 55
6 25
8 3
10 40
8 24
5 93
7 16
8 22
6 1
4 84
2 22
9 100
4 73
5 59
3 97
6 83
8 47
6 96
9 97
8 36
5 46
2 44
6 65
1 99
6 57
7 76
10 70
5 84
7 66
1 37
6 87
8 43
5 4
7 94
1 15
8 37
2 71
4 26
1 28
10 82
8 85
7 16
10 36
4 46
9 29
7 37
8 76
2 83
4 4
4 98
3 99
2 35
2 92
9 56
3 33
10 55
5 1
6 5
7 37
5 68
10 52
7 30
5 49
5 34
1 90
1 88
7 83
5 93
5 92
5 13
7 35
1 98
8 42
4 10
2 5
1 5
4 17
3 36
2 90
10 50
7 66
9 73
2 19
7 65
4 58
8 78
4 23
4 11
3 35
3 16
1 95
5 32
1 23
9 36
8 14
4 53
7 77
2 80
7 8
1 97
9 20
2 78
4 28
8 46
6 75
7 50
6 9
6 30
8 34
1 73
3 58
6 44
6 77
2 10
8 94
9 2
2 21
5 53
9 56
10 47
3 84
3 72
8 56
3 24
10 34
9 64
8 33
8 95
1 4
7 98
9 17
10 5
4 94
9 32
2 36
10 5
3 78
5 63
4 27
5 32
5 99
7 76
1 64
8 98
5 57
8 81
7 92
10 76
5 9
4 38
3 3
9 6
1 99
8 42
3 100
1 91
7 90
1 93
10 51
9 93
7 91
9 89
1 76
7 76
6 96
7 95
3 19
7 100
1 68
10 57
9 15
7 81
7 97
5 92
7 33
6 64
6 5
9 85
3 76
4 41
7 41
3 68
1 85
7 60
6 70
10 13
6 26
4 22
8 66
9 68
2 60
4 95
5 64
2 14
4 90
4 83
8 26
4 49
3 20
4 79
8 20
10 30
7 75
4 38
4 76
8 81
3 97
7 62
4 89
7 74
3 27
2 17
2 70
3 29
8 93
5 27
7 74
5 83
7 98
10 56
9 95
8 28
5 31
4 36
2 77
4 33
10 90
7 77
8 30
10 76
10 92
1 17
2 16
10 12
2 45
2 26
3 80
4 49
9 32
8 3
5 66
7 70
3 61
1 38
8 44
6 86
8 49
6 93
5 30
3 45
8 82
1 87
5 21
1 7
7 61
2 57
3 66
6 17
1 53
4 75
2 86
1 88
5 83
4 86
7 1
6 7
5 9
8 46
8 20
5 62
7 1
6 15
7 8
9 63
3 81
5 58
7 22
2 38
7 14
8 26
6 63
3 94
3 67
10 96
4 11
1 99
1 73
4 98
9 60
4 71
5 78
7 45
9 62
7 51
2 64
10 20
2 66
6 72
2 52
10 18
3 24
6 57
5 81
3 84
8 87
5 53
2 88
7 85
7 21
8 27
1 23
2 19
4 89
9 48
9 20
7 54
10 30
10 80
3 32
3 78
9 95
4 14
4 62
3 70
5 31
7 74
5 55
5 65
7 24
4 15
3 98
2 9
10 90
7 89
2 7
6 12
8 34
1 81
5 34
6 20
7 4
2 58
8 10
7 68
3 59
6 23
9 39
6 99
7 26
7 3
1 78
2 37
5 47
7 31
1 65
6 59
6 49
7 64
7 38
5 22
6 75
8 12
2 39
10 72
5 4
10 7
6 44
3 31
10 98
9 39
4 66
8 95
8 93
6 30
10 68
2 49
9 2
4 29
1 77
5 80
10 34
8 92
5 14
2 25
10 79
5 74
4 59
4 40
6 95
1 43
4 87
1 18
6 38
9 70
9 94
2 86
5 30
9 78
2 48
1 86
5 74
4 19
8 12
9 45
3 33
8 48
2 12
4 17
5 58
3 27
2 77
8 64
5 39
2 10
7 9
10 12
4 55
4 86
7 3
6 84
7 22
6 28
6 62
5 78
3 10
9 29
1 79
4 72
4 41
6 91
8 6
6 77
4 95
8 12
4 46
2 79
10 95
1 63
3 55
1 13
3 94
9 92
1 16
4 36
4 49
5 82
10 19
5 70
8 53
2 36
5 41
2 84
4 82
4 22
1 73
7 13
9 70
6 51
4 76
7 54
2 37
8 2
3 39
8 52
5 29
9 27
8 90
7 21
6 53
5 64
2 92
6 36
7 59
8 50
10 66
3 51
10 31
5 80
6 63
5 57
6 47
5 16
6 95
4 7
5 42
9 14
7 42
3 76
6 59
7 30
5 23
4 55
8 6
5 67
10 51
9 94
3 47
2 59
4 60
6 54
1 3
4 47
1 60
7 19
3 28
1 10
9 58
3 46
1 13
6 35
5 18
8 55
6 61
2 93
2 71
10 34
2 87
7 100
1 41
1 71
2 9
10 22
6 20
10 40
10 11
9 61
6 13
5 35
2 50
3 45
4 53
2 87
2 90
1 24
5 87
3 33
3 78
10 35
1 33
9 73
9 5
6 32
10 19
5 40
10 68
7 84
9 93
9 45
6 61
2 55
7 83
1 86
2 95
3 32
10 52
9 69
2 28
5 32
9 93
3 53
6 1
10 45
6 53
7 80
9 34
9 78
10 85
10 88
6 13
3 94
4 66
3 36
8 57
8 6
5 27
2 61
2 68
6 92
5 82
5 83
5 95
7 84
3 32
4 72
10 46
10 8
10 47
4 25
4 63
9 53
7 53
5 78
6 93
5 74
9 100
3 76
7 79
2 81
9 77
8 5
2 4
6 3
6 43
5 46
4 13
10 62
3 10
1 58
9 65
5 50
3 66
10 25
5 78
6 70
10 23
2 53
4 22
9 6
3 85
9 49
4 5
9 96
2 15
3 6
10 46
9 73
9 65
6 8
9 52
9 43
2 99
3 3
8 4
5 65
3 73
7 31
9 51
10 92
9 83
6 78
1 66
1 78
7 80
8 99
4 45
1 90
2 37
7 39
9 90
3 9
8 89
1 85
3 77
7 5
4 24
7 34
2 40
4 93
8 5
