5 57
1 39
10 8
6 3
3 92
6 90
7 63
7 85
8 66
3 8
7 99
2 61
4 2
1 21
9 74
5 2
4 86
3 31
7 97
5 76
8 71
5 57
6 82
4 62
8 90
7 94
5 41
9 54
10 83
3 9
3 93
7 9
4 73
10 83
3 66
8 77
10 66
2 51
3 51
7 41
7 94
6 82
9 91
7 56
7 25
8 25
3 73
1 39
10 31
6 33
8 53
5 98
9 21
2 90
4 58
5 7
8 27
3 30
1 28
3 40
1 50
7 61
3 77
5 52
2 24
4 76
10 26
8 82
2 100
7 47
5 8
8 55
7 45
5 38
1 53
6 46
9 40
9 65
7 14
3 83
8 8
5 29
3 28
2 6
8 99
7 31
8 64
10 15
9 8
5 60
5 97
8 13
9 37
6 45
10 47
4 13
6 7
1 6
7 47
1 10
4 54
3 61
1 27
1 79
8 4
1 89
3 84
4 6
8 99
2 65
3 8
3 77
4 73
6 100
2 95
6 73
3 33
10 41
1 84
7 49
2 29
9 82
9 27
1 89
2 67
2 54
4 2
8 37
5 86
4 100
2 93
2 20
5 92
2 75
7 72
4 23
10 83
3 74
5 69
9 21
10 25
10 38
2 60
6 30
9 86
4 93
1 21
5 15
3 2
1 43
3 94
5 82
6 45
5 77
5 67
10 71
1 85
3 55
6 47
4 91
4 8
9 71
9 94
4 5
5 93
8 94
4 98
9 57
10 65
4 47
1 12
5 11
2 71
9 48
6 2
6 14
3 46
1 10
3 20
8 91
10 23
1 70
8 73
1 17
1 49
2 32
9 48
3 8
4 7
6 13
1 1
10 8
1 2
10 55
4 56
5 41
5 13
1 49
5 86
1 22
10 51
10 100
6 28
2 55
2 69
7 55
7 37
5 60
3 86
8 28
2 53
3 50
3 59
7 10
5 66
5 39
6 61
4 40
8 8
7 48
3 40
2 44
8 81
10 96
9 32
4 43
10 71
7 79
2 41
10 1
5 92
4 61
2 92
8 95
2 46
8 54
4 78
10 2
8 58
5 89
6 89
3 50
6 99
6 32
1 39
5 70
3 8
5 56
3 28
3 13
7 24
1 78
2 77
8 64
9 47
7 62
9 5
5 79
5 9
8 36
1 29
3 69
4 43
6 47
4 9
5 94
5 78
8 12
8 50
4 90
7 65
2 61
3 44
9 57
7 39
6 96
9 83
3 63
10 24
7 91
5 31
1 94
9 59
8 43
5 22
10 52
4 51
1 43
7 6
9 33
3 71
10 39
4 9
8 95
1 27
7 91
9 38
2 73
10 43
4 84
1 55
8 90
4 5
9 99
10 7
9 33
1 1
10 63
5 42
3 28
9 65
1 85
6 18
9 8
4 75
5 70
3 14
1 88
1 64
4 2
2 86
8 59
9 84
4 53
3 20
10 12
5 10
9 91
5 94
5 37
1 62
2 30
7 67
8 91
3 79
10 12
7 13
4 81
1 12
6 48
1 61
6 7
5 41
2 17
4 32
5 90
5 53
7 60
2 94
9 94
4 46
8 88
3 66
6 53
7 22
8 6
10 87
5 87
2 90
9 76
2 30
1 38
6 11
1 40
8 71
6 33
10 34
9 35
8 19
9 94
9 73
9 36
3 88
1 81
2 26
2 32
1 22
7 13
10 76
10 37
2 33
7 84
7 98
5 61
9 50
4 37
5 66
6 29
7 77
7 50
7 4
9 73
3 26
1 27
5 33
3 60
4 74
1 83
4 7
3 33
3 48
6 80
9 36
10 95
3 6
8 73
1 72
3 38
3 47
3 97
5 37
7 4
10 76
9 86
5 12
3 20
3 5
2 28
4 67
5 59
4 3
10 66
5 47
9 20
7 25
9 5
6 24
6 38
3 29
5 50
5 54
10 10
1 97
7 62
8 52
1 64
8 76
5 69
9 44
9 58
3 100
1 97
9 31
10 34
4 11
5 69
5 88
1 50
6 4
6 17
2 14
1 64
4 1
10 50
6 12
8 69
10 48
10 36
8 22
8 40
4 31
10 77
5 90
4 1
8 14
6 81
6 25
1 52
10 45
3 29
3 90
10 57
1 1
2 54
2 48
7 99
6 25
5 89
8 21
5 35
6 23
8 98
10 82
10 63
9 14
1 47
4 22
2 74
9 50
5 23
7 57
3 56
1 61
8 29
3 20
1 43
8 70
2 12
5 37
9 50
7 54
2 3
9 73
1 7
3 97
6 52
2 89
7 18
2 47
7 41
8 32
5 74
5 9
4 80
3 77
8 17
5 39
4 32
4 58
3 57
5 68
3 59
7 69
4 90
7 3
5 26
9 44
8 44
3 70
6 4
5 70
8 99
8 23
2 44
9 50
9 95
8 69
8 86
4 29
8 28
4 37
6 26
8 40
10 72
10 11
7 34
6 97
5 97
5 47
2 23
2 64
5 26
2 98
1 20
3 88
1 7
4 73
2 83
9 53
1 91
7 6
4 17
8 9
6 79
8 95
1 67
9 85
1 70
2 8
2 5
7 14
10 8
2 98
10 84
6 62
8 29
1 68
8 33
7 66
5 81
3 91
6 85
4 84
8 30
7 63
3 33
2 27
4 83
7 2
9 37
1 32
4 73
7 25
8 78
5 49
1 6
5 39
3 82
7 5
7 15
7 8
7 52
1 96
3 67
7 91
3 34
1 58
1 100
2 61
9 33
2 65
7 46
9 7
2 85
7 13
7 85
1 24
4 63
7 33
6 33
1 90
2 4
5 60
9 81
9 72
3 12
10 59
9 43
1 63
7 74
9 87
8 79
7 6
4 28
8 61
10 93
10 23
9 81
3 63
4 22
7 82
3 73
3 82
2 11
5 99
1 65
3 99
10 51
3 17
9 89
9 100
1 86
7 75
4 27
10 42
4 57
2 26
9 51
3 62
4 70
2 98
10 70
2 34
6 66
4 9
8 13
10 23
5 69
1 92
7 77
9 50
5 42
4 2
7 90
10 80
1 30
5 58
4 22
5 76
3 55
9 41
8 20
5 57
9 34
1 50
1 19
8 98
8 2
8 69
4 2
3 43
8 77
5 41
9 31
4 95
3 92
9 51
3 46
2 90
4 96
1 35
1 61
6 42
3 65
4 78
1 91
10 20
2 71
10 36
9 7
8 26
3 69
9 17
2 8
1 99
4 88
5 14
7 27
7 3
7 15
9 2
2 38
4 38
6 49
9 3
8 5
1 62
8 4
4 92
1 80
7 87
8 86
10 19
3 46
9 49
3 15
7 94
1 45
9 54
8 83
2 26
7 29
9 97
9 74
7 60
10 68
10 99
10 97
1 5
4 56
6 6
5 21
3 84
5 70
8 67
2 41
4 37
2 87
2 6
9 10
3 22
6 87
7 38
1 62
4 46
1 71
6 100
6 3
3 25
10 32
7 61
2 2
5 64
9 83
6 50
2 58
5 56
3 33
5 21
8 84
7 88
7 50
9 3
5 91
10 21
2 83
2 61
8 39
6 55
1 6
5 20
8 79
8 54
10 78
2 67
3 17
7 72
7 73
5 14
4 62
7 27
8 99
2 30
10 92
4 94
9 71
7 29
5 1
3 98
4 94
5 44
8 35
3 10
10 44
2 69
5 35
5 29
5 77
5 52
1 4
6 76
3 1
8 64
4 35
10 75
1 46
3 97
6 46
4 54
10 20
10 53
9 95
3 14
7 51
10 72
7 68
5 75
9 10
8 49
5 2
10 61
9 76
6 13
8 59
2 48
9 31
1 61
1 46
4 13
4 23
1 37
5 63
8 37
7 81
3 29
1 30
3 7
10 54
2 40
4 30
4 16
2 91
5 57
5 31
9 20
6 20
8 60
2 74
8 92
8 31
5 43
8 90
8 7
5 11
3 87
7 11
3 66
6 75
4 30
5 84
7 93
4 34
7 48
2 77
8 46
9 38
4 28
7 27
5 31
8 99
5 18
9 41
8 46
4 95
8 96
6 50
9 10
9 25
10 86
9 76
3 80
10 8
7 15
3 24
5 12
5 79
9 51
9 21
7 67
9 55
8 45
3 32
6 97
5 42
2 25
6 54
7 74
1 76
2 13
8 94
3 78
6 33
4 69
2 50
1 23
4 84
2 7
3 12
3 7
1 39
1 17
10 64
10 52
1 78
2 64
1 77
6 77
3 11
8 5
10 85
2 76
3 60
3 78
2 2
10 80
1 46
2 19
9 93
9 42
8 94
9 99
8 5
1 73
2 47
8 49
1 10
3 91
8 73
8 81
4 8
10 92
9 6
9 26
6 18
2 60
4 4
6 67
5 69
5 18
6 59
9 49
2 80
7 33
6 2
9 52
10 76
7 43
10 19
6 91
2 79
9 21
5 88
9 66
1 62
9 56
1 22
7 11
8 89
7 68
6 98
1 32
3 66
8 92
4 29
10 73
9 44
3 43
7 15
10 80
7 15
