3 11
5 24
1 87
8 8
3 78
1 7
3 12
3 5
10 22
1 71
3 18
8 12
8 81
1 73
8 22
8 29
3 82
1 74
7 63
4 35
9 27
8 43
10 73
10 75
10 21
5 60
3 1
9 96
4 76
5 75
1 25
9 93
4 14
7 87
5 78
6 4
10 57
4 23
3 50
9 43
10 15
2 90
8 5
4 11
3 91
8 67
5 14
7 23
6 15
7 40
5 49
3 23
4 25
4 32
2 8
6 99
5 60
2 86
10 75
6 2
5 66
8 25
5 98
10 25
2 25
7 24
1 55
3 39
8 19
8 84
2 74
6 56
9 60
2 15
7 91
9 29
5 92
1 37
9 100
3 16
6 7
7 95
7 77
6 97
9 43
9 45
8 49
8 9
10 54
1 77
7 12
2 91
1 63
2 100
10 16
1 51
4 83
4 41
5 18
7 77
10 1
9 78
8 40
6 92
9 72
5 100
7 82
2 65
2 37
1 92
10 79
3 15
1 15
2 78
7 70
7 50
8 33
6 27
5 83
10 50
5 92
8 17
8 70
9 83
7 67
7 11
1 32
3 24
10 1
2 82
2 78
10 89
2 71
9 93
7 71
3 42
9 36
10 74
8 35
1 100
3 21
5 96
9 68
5 29
6 63
8 34
6 18
5 66
3 38
2 70
6 55
6 98
7 42
10 1
4 33
5 21
10 91
2 95
3 22
10 55
6 34
10 61
4 60
10 60
4 20
10 48
8 80
5 39
4 47
7 96
6 29
6 22
1 5
3 36
7 26
9 78
5 6
5 27
5 38
5 76
2 27
8 66
9 89
3 24
7 75
7 25
7 15
10 54
7 75
1 95
2 37
2 77
2 63
9 92
7 24
8 90
8 32
4 76
7 91
10 63
3 2
5 43
3 89
10 78
3 45
5 49
8 94
7 49
7 85
3 56
1 93
2 61
3 96
4 22
10 13
3 77
7 80
1 59
3 69
2 57
6 87
8 37
5 81
3 69
7 36
2 7
10 81
10 18
5 13
2 68
4 71
9 49
8 65
5 55
5 87
8 25
3 76
3 6
9 99
1 47
2 8
3 42
2 37
1 92
9 64
1 98
1 66
2 36
6 20
2 17
7 14
4 31
9 94
4 78
5 44
9 45
9 72
3 7
3 4
6 48
3 21
10 97
7 41
4 22
9 79
8 87
9 50
8 70
3 75
10 21
7 15
2 15
8 26
3 28
5 51
7 58
6 56
3 40
2 80
8 18
1 72
2 87
7 20
2 44
10 9
5 61
10 96
5 98
4 36
5 52
8 9
7 10
4 73
4 27
8 68
1 81
8 13
7 84
1 71
1 90
3 26
7 7
2 96
4 66
5 96
1 35
10 14
4 71
4 23
1 90
3 76
7 47
9 52
4 51
5 16
10 67
1 79
5 96
7 46
1 67
3 16
5 45
3 39
5 86
4 8
1 5
8 65
3 3
1 94
10 10
5 50
10 41
7 92
8 11
7 58
7 72
7 33
3 39
7 63
5 26
6 2
1 4
3 18
1 82
7 83
8 74
10 97
3 77
10 53
4 72
1 57
5 58
5 63
7 35
8 34
2 68
1 67
9 64
7 52
8 64
7 83
9 84
8 34
7 50
8 70
9 99
1 42
5 72
1 94
1 95
5 89
10 36
8 57
9 79
7 30
3 28
10 46
6 3
4 100
7 34
2 51
8 84
4 42
10 87
10 54
2 42
10 80
2 10
8 77
10 75
9 72
2 7
10 80
2 51
10 75
9 70
6 39
3 7
1 64
6 43
1 55
4 48
6 30
1 61
2 11
1 47
8 23
3 33
10 77
8 84
2 96
6 41
3 48
1 53
6 52
6 72
5 8
3 69
1 51
3 42
3 99
4 35
3 46
9 89
10 68
6 90
5 47
3 80
7 24
6 61
3 59
3 73
9 71
8 82
2 31
7 60
8 25
9 31
10 94
5 60
7 83
6 22
7 35
8 7
3 77
6 34
6 32
7 99
3 14
9 13
7 83
4 8
3 57
5 84
9 98
4 30
7 64
6 54
9 32
4 9
10 81
4 42
7 4
7 13
2 31
8 48
8 15
4 62
10 47
10 60
4 78
4 78
10 69
9 48
10 63
9 83
5 89
10 69
2 98
7 96
10 84
5 2
1 6
7 61
8 95
2 69
3 91
3 81
7 12
6 51
2 11
6 29
6 33
1 45
3 87
1 28
10 86
2 43
7 24
6 34
2 8
6 2
2 68
8 3
3 34
4 83
1 100
5 47
1 25
4 3
6 70
4 20
3 45
1 67
6 25
6 21
1 80
9 3
5 26
8 99
1 23
10 16
9 71
9 96
1 85
1 4
1 55
3 17
9 38
3 66
9 6
7 77
9 57
9 100
3 92
9 54
10 67
3 39
6 71
3 60
1 49
6 27
9 59
9 7
1 18
8 21
9 35
8 87
9 44
10 30
5 58
1 87
3 46
1 70
8 29
5 61
5 29
3 84
3 53
6 93
7 84
2 18
10 39
2 15
4 33
5 87
9 57
2 84
9 16
1 3
7 64
2 81
1 53
9 15
1 37
4 81
3 95
7 99
9 26
3 84
3 61
4 21
10 12
2 3
2 72
1 53
5 8
2 96
2 28
2 88
8 60
10 72
6 87
2 31
6 89
3 23
7 18
7 95
1 8
1 4
10 16
5 68
4 34
5 56
5 60
6 36
7 58
5 29
1 87
6 62
5 71
3 40
7 8
3 65
4 28
4 12
6 43
4 68
7 33
6 27
5 11
9 53
6 41
5 38
5 41
1 48
8 8
10 94
7 33
9 39
2 36
9 35
2 28
1 41
8 42
6 89
10 6
7 73
2 24
3 43
3 23
4 14
1 65
8 6
3 64
1 85
9 53
7 29
7 64
10 96
2 40
6 83
7 77
4 7
1 64
2 2
10 66
1 74
5 17
4 28
2 25
5 60
7 75
5 65
1 48
1 95
1 32
8 25
10 68
1 59
3 7
1 68
9 26
2 70
2 73
4 23
3 3
4 66
10 56
9 43
7 54
7 48
6 97
2 59
10 59
4 21
6 68
7 88
9 8
8 85
5 36
3 36
8 36
7 21
4 26
2 69
7 59
6 10
9 83
6 84
3 66
7 69
10 36
6 8
5 38
3 19
3 7
10 2
3 74
3 28
3 5
7 41
10 27
2 13
2 23
6 29
2 53
5 100
3 18
10 29
8 40
4 92
2 33
9 3
5 50
3 43
1 76
2 96
3 21
2 41
10 28
2 74
4 24
5 29
9 27
3 3
3 64
4 4
1 42
8 69
3 4
4 34
2 95
7 45
5 63
5 91
5 54
3 42
6 66
7 63
8 94
10 61
8 57
3 40
3 31
2 12
2 8
10 14
2 59
5 13
7 64
9 37
4 22
5 46
7 89
1 88
8 67
5 72
10 39
7 50
10 71
10 25
10 10
1 53
9 55
5 68
8 71
2 57
7 83
1 69
2 11
1 95
9 11
9 4
9 41
2 44
6 34
8 88
4 74
10 45
1 87
3 65
9 74
10 86
8 38
6 36
10 78
6 1
5 9
8 56
2 77
9 41
7 93
1 13
7 84
10 29
8 60
9 82
3 27
2 24
5 82
4 7
8 88
1 16
4 98
7 37
9 29
8 57
3 64
1 87
4 60
4 73
10 50
2 44
9 28
9 63
2 64
3 2
9 58
8 70
7 81
3 30
9 70
9 61
9 97
5 51
9 65
1 65
6 95
5 30
4 23
3 28
8 91
2 8
7 44
7 6
10 83
8 40
3 64
2 79
8 3
10 24
9 85
2 22
6 57
1 30
7 9
5 89
7 59
4 70
4 78
9 8
4 98
7 31
4 75
3 93
4 75
6 27
2 62
1 82
7 56
2 48
10 70
7 72
6 5
3 7
5 36
8 40
1 1
4 3
9 75
8 5
10 3
9 92
1 25
2 39
8 23
6 74
10 54
1 60
7 96
6 12
4 74
8 58
10 65
5 95
3 64
10 93
3 23
10 10
9 47
10 64
1 86
6 78
9 77
10 81
4 37
6 81
3 71
9 98
3 52
9 40
9 66
3 20
1 65
4 95
9 34
6 36
7 26
1 72
10 98
8 35
4 79
1 22
5 65
3 77
10 2
7 49
8 5
9 58
1 40
1 60
2 99
10 98
3 46
9 66
7 31
8 70
3 78
4 98
8 30
8 21
3 34
4 27
3 56
9 100
7 17
10 12
8 22
4 95
9 23
3 73
1 3
10 82
10 11
9 1
1 100
8 72
2 64
2 86
3 29
8 28
4 46
8 73
7 79
8 52
1 32
8 16
4 93
6 28
4 93
10 1
9 93
7 45
7 77
7 38
3 6
1 44
4 67
1 52
2 13
5 30
1 37
7 77
2 70
3 99
1 49
7 76
3 14
3 77
2 12
3 30
3 88
9 31
10 14
1 12
3 42
2 72
1 15
1 53
