4 59
10 63
6 50
4 83
2 83
6 34
3 53
10 2
8 84
5 49
6 10
3 26
8 37
3 26
5 89
5 16
1 46
5 28
8 32
3 45
7 12
8 1
6 41
8 68
10 52
9 50
2 4
10 26
10 41
8 100
1 96
4 49
10 84
2 54
1 40
3 87
7 25
2 35
3 83
8 26
6 1
8 70
6 98
10 47
1 15
8 18
6 67
1 21
10 65
8 53
5 13
3 29
5 38
6 83
10 32
6 17
4 27
8 58
2 72
2 66
2 68
2 88
9 2
6 16
6 9
7 26
8 84
7 78
10 55
8 93
4 19
5 68
7 17
7 68
4 33
1 75
10 78
10 67
2 78
3 49
5 63
7 44
8 20
3 95
3 39
3 21
4 57
4 68
9 41
6 98
2 33
5 13
8 22
10 49
6 26
2 53
9 65
3 22
4 29
6 48
5 4
10 27
2 33
5 37
4 2
5 35
7 5
8 77
10 72
10 4
10 47
6 51
4 18
8 22
9 64
7 76
6 68
7 36
9 95
10 22
7 35
2 47
3 96
7 31
8 36
3 35
6 8
6 72
7 81
6 60
1 33
3 12
5 41
8 18
5 64
6 96
4 10
10 34
7 6
3 10
7 62
6 26
9 33
1 36
6 76
9 86
1 62
10 19
10 61
6 95
4 79
8 71
5 73
4 25
5 100
4 15
2 9
5 70
3 79
3 15
4 1
2 77
2 69
6 59
2 25
7 14
5 93
9 30
5 61
8 38
5 61
3 2
10 3
8 85
2 70
8 16
3 65
9 94
4 78
10 38
1 17
1 43
10 29
5 2
9 51
8 27
10 14
8 66
2 71
2 9
4 28
6 48
4 76
2 56
6 4
9 100
4 73
1 90
10 7
8 27
9 5
7 47
4 46
2 12
1 68
3 85
3 47
5 38
1 54
5 75
4 23
7 31
1 53
2 91
3 64
1 4
2 36
2 62
2 62
4 75
6 31
9 25
1 27
1 63
5 51
8 7
6 24
3 4
2 41
8 27
5 51
9 22
10 64
3 56
7 48
4 37
9 5
2 9
4 27
1 7
7 35
5 28
2 22
3 2
10 61
7 41
6 29
2 45
8 60
4 53
5 99
10 15
6 68
2 17
2 11
1 93
10 34
10 55
8 29
1 75
7 64
2 52
2 77
4 52
7 26
10 38
4 72
3 84
2 81
7 97
7 48
8 42
3 8
1 6
8 82
7 20
9 32
9 82
3 19
5 8
6 77
7 14
6 98
10 46
7 60
3 14
1 37
9 94
3 12
10 3
8 49
9 53
3 59
3 90
2 52
9 72
1 72
9 44
1 62
9 26
2 57
4 87
6 66
4 29
9 92
9 5
8 36
1 1
10 43
4 49
7 83
4 41
1 69
5 14
3 58
3 91
9 39
8 99
2 36
2 30
10 82
2 48
6 46
4 77
4 50
2 77
7 41
9 91
3 30
4 68
6 89
6 31
5 28
3 65
3 51
3 45
3 31
6 8
10 40
1 92
1 1
8 52
2 77
9 26
4 92
2 80
6 68
3 11
8 3
3 98
10 93
8 72
3 11
3 13
10 60
7 47
8 32
3 37
6 95
2 61
4 83
9 3
9 46
1 90
3 55
1 43
1 72
10 45
1 31
9 48
8 42
6 90
1 11
9 36
2 36
2 89
4 19
9 42
4 40
10 58
9 98
3 73
1 32
4 72
7 77
3 92
6 100
10 77
6 34
4 69
10 59
9 81
8 96
3 48
8 5
2 40
9 86
7 30
8 92
5 95
8 93
4 92
10 100
6 95
8 93
3 60
5 61
7 95
1 34
4 4
9 41
6 23
2 100
2 92
9 64
9 40
6 57
8 2
9 98
10 28
7 55
4 57
6 77
8 76
8 9
10 80
6 49
3 96
5 16
3 82
4 77
2 47
8 28
9 69
3 25
3 94
4 70
3 69
1 11
9 51
1 61
7 20
10 60
5 63
7 18
2 96
7 98
8 74
2 2
7 58
3 29
2 23
9 40
7 74
7 72
8 10
8 25
4 90
1 47
1 64
7 74
1 94
4 48
6 7
9 50
9 75
7 79
5 4
2 19
3 46
5 16
8 10
8 43
10 84
8 65
2 82
10 12
4 37
1 70
6 22
8 86
8 6
6 50
7 24
10 61
5 64
7 93
10 94
9 85
1 80
9 54
4 93
6 68
10 87
6 36
3 4
6 80
10 34
4 43
8 24
1 23
3 25
7 85
6 55
7 28
3 88
6 27
5 71
10 65
4 26
9 71
4 45
9 65
7 54
9 81
9 60
7 53
6 35
6 8
7 89
5 81
6 67
1 31
8 10
8 89
4 69
4 98
5 61
1 17
10 73
3 85
8 55
5 59
4 91
3 61
2 28
1 46
5 29
8 27
2 71
1 26
4 96
1 6
10 43
5 48
3 96
2 25
10 82
10 69
1 2
4 72
1 67
10 56
3 67
3 98
7 49
1 94
1 87
8 98
2 80
8 54
4 12
6 56
4 25
9 71
10 43
9 50
4 26
4 47
6 51
10 49
6 93
7 55
4 23
9 46
2 48
8 87
1 66
9 79
4 67
5 57
10 54
2 6
2 47
6 91
6 67
3 90
8 15
3 66
3 82
1 99
6 30
3 35
8 64
9 32
7 29
6 18
5 67
2 32
8 28
8 59
2 21
6 92
3 94
10 95
2 66
2 64
9 19
10 14
3 32
10 19
5 99
4 24
9 90
9 85
6 93
7 25
2 83
1 88
9 31
2 34
9 6
3 22
5 22
10 83
8 45
3 91
2 92
8 49
5 47
10 41
6 56
10 20
4 44
4 12
3 78
2 91
9 62
2 56
5 68
6 56
10 27
5 96
3 93
6 95
7 95
7 42
5 11
2 31
6 57
6 40
2 30
7 62
3 46
4 6
6 61
8 47
2 3
6 19
9 78
2 8
10 49
1 35
4 66
8 79
10 68
9 55
2 100
2 83
3 38
7 53
6 33
3 10
9 71
9 39
5 58
7 97
9 1
2 29
1 19
9 1
2 47
4 25
4 35
10 77
5 27
7 53
6 99
1 3
10 49
3 16
5 70
5 34
4 87
2 2
9 52
10 79
8 24
5 7
8 85
4 58
6 87
10 76
10 12
3 67
6 72
2 23
5 90
3 51
1 47
7 46
9 33
8 90
2 37
5 96
1 8
9 52
10 4
10 48
8 59
1 62
7 16
1 87
7 65
4 100
10 29
3 19
9 96
8 74
8 61
10 20
8 16
3 13
9 5
9 65
7 73
8 20
10 25
10 65
1 8
3 29
4 54
2 79
1 55
7 39
6 64
3 72
7 22
3 3
4 46
9 38
8 74
5 9
9 67
7 8
5 26
1 30
9 4
6 62
10 58
4 81
2 47
7 36
10 74
7 79
4 27
8 59
6 73
9 65
6 42
4 45
10 85
1 58
9 73
3 63
3 78
7 91
1 48
2 50
2 32
10 85
5 97
4 85
3 24
7 35
8 71
9 51
4 98
5 67
2 16
3 54
8 99
5 83
3 89
8 72
2 43
8 61
1 62
1 51
3 20
4 29
7 21
8 34
4 96
1 71
8 77
6 80
8 65
10 87
4 37
3 78
2 8
2 31
3 32
3 49
1 48
1 45
6 87
7 71
1 37
5 15
9 37
8 97
8 43
1 49
7 8
1 91
9 34
8 43
2 94
8 44
6 78
3 49
5 100
2 1
9 78
9 80
9 82
3 95
6 10
6 59
9 78
4 87
3 95
9 68
8 60
10 88
9 70
3 71
8 73
5 12
6 2
8 84
1 94
10 44
6 78
10 62
6 87
10 47
7 68
5 48
5 78
4 83
6 66
4 68
10 3
10 49
5 3
1 40
6 68
7 96
3 2
6 91
6 71
4 42
8 76
9 70
8 85
4 51
3 32
5 100
8 91
1 12
1 66
5 96
7 83
7 57
4 87
5 68
3 63
1 77
4 69
10 65
3 91
7 84
5 64
4 55
8 27
10 64
9 66
10 64
5 74
8 98
1 64
4 50
8 74
3 3
1 44
5 62
10 94
7 9
5 80
4 17
8 37
6 37
3 69
9 67
7 86
5 100
7 30
8 76
6 56
5 92
10 16
3 42
10 36
1 86
9 58
3 62
5 48
3 7
3 28
10 55
5 44
4 97
5 85
4 20
7 33
6 41
10 86
3 51
7 91
3 24
7 86
4 2
1 72
8 7
2 54
4 39
4 53
10 81
3 100
7 33
3 29
2 73
1 26
6 78
9 27
9 14
2 10
3 16
7 41
7 5
3 28
3 90
2 99
6 15
7 89
8 54
7 100
6 29
4 95
7 87
2 14
1 49
1 16
3 6
3 80
1 16
6 18
8 74
1 4
6 11
4 33
6 49
4 55
6 48
6 23
1 97
6 61
3 52
4 80
1 66
3 16
10 60
1 11
1 37
8 59
8 70
9 87
