2 78
7 7
1 26
4 97
5 87
7 43
6 5
8 14
9 18
6 16
10 59
9 89
4 7
2 65
5 81
4 55
8 25
9 44
3 40
1 58
5 39
10 33
8 67
2 97
7 55
5 14
6 89
8 28
7 18
7 89
7 1
1 98
9 8
3 19
5 8
7 31
5 35
3 21
10 27
8 24
7 64
8 74
5 23
10 84
7 7
9 6
4 62
7 99
2 22
10 46
9 5
4 100
8 22
4 87
5 69
10 52
10 11
2 90
5 40
1 30
2 82
4 98
10 71
2 14
10 70
10 67
9 15
9 45
1 53
5 67
5 30
5 81
6 47
6 21
10 8
2 10
7 31
5 19
3 41
9 29
2 94
8 69
3 35
9 1
5 41
7 73
4 85
5 78
4 23
2 63
6 68
8 92
1 10
8 52
3 74
7 66
7 24
1 84
1 36
6 33
5 20
7 29
2 3
5 32
2 4
4 36
7 64
6 7
7 34
8 17
7 9
3 14
4 6
8 44
5 22
4 36
5 27
5 28
5 7
2 2
3 75
2 8
7 2
8 52
9 77
8 54
9 88
9 36
9 62
2 54
1 6
2 36
9 18
1 17
10 45
2 93
2 58
10 83
2 29
6 6
6 21
1 99
8 51
9 29
8 5
8 28
1 20
7 46
4 81
8 48
3 30
2 29
2 30
8 86
9 14
9 18
4 28
4 29
8 50
10 57
4 71
1 52
1 51
1 77
7 84
7 49
1 73
6 54
5 35
2 100
1 7
6 60
8 100
4 98
10 98
9 91
1 12
6 85
2 15
5 55
7 91
5 16
9 43
8 27
9 1
7 5
10 64
5 12
3 18
3 20
6 15
4 44
9 56
10 7
10 96
2 1
2 97
1 37
7 27
1 49
1 59
3 81
9 27
8 33
10 10
1 10
9 75
9 68
9 74
7 62
8 79
2 50
3 80
8 77
4 62
2 79
8 11
8 44
8 99
9 43
10 60
2 28
2 8
5 30
3 24
2 70
8 44
1 95
7 18
8 75
1 6
6 38
2 100
9 2
5 89
4 40
9 44
2 3
9 82
5 11
2 32
8 55
9 57
6 72
5 41
10 91
10 50
1 42
7 77
10 52
5 75
3 98
4 42
3 85
8 56
3 22
3 80
8 42
7 85
2 56
9 95
8 93
1 55
7 42
10 31
7 89
8 97
7 78
5 98
7 88
3 2
10 73
9 46
7 10
1 33
1 68
1 61
10 85
10 84
4 24
2 51
10 100
9 33
5 71
7 48
5 58
4 17
9 14
1 35
2 71
6 67
10 76
4 23
6 55
9 14
8 61
10 59
1 43
8 34
3 86
9 83
9 41
1 24
6 65
2 36
6 1
6 63
2 12
9 81
1 80
2 35
9 12
10 28
8 89
9 89
5 35
8 53
1 12
6 88
1 63
7 31
8 4
5 84
9 39
3 95
10 70
5 86
6 83
7 10
6 51
6 28
5 97
8 88
6 8
8 64
5 68
9 85
5 20
1 98
9 77
5 93
9 19
3 72
5 91
9 65
7 39
3 87
5 1
6 21
6 31
8 57
9 32
1 22
5 66
8 54
9 36
4 11
5 90
7 68
9 15
4 33
5 87
6 33
5 27
3 21
7 46
10 65
3 94
6 53
1 29
1 55
4 90
5 33
2 11
7 63
1 84
3 62
8 70
5 18
8 10
6 22
3 2
9 35
6 43
9 72
9 80
7 97
2 31
8 66
4 98
2 80
9 38
4 99
9 84
4 35
3 95
1 41
10 98
7 52
9 22
1 10
5 9
2 9
8 17
7 36
6 96
4 95
3 44
5 54
1 65
6 51
4 70
4 54
10 70
9 38
2 37
1 14
8 16
8 34
3 9
3 89
6 95
6 77
2 91
1 45
10 25
7 6
7 2
8 32
7 26
7 45
1 53
3 74
9 11
9 85
3 50
8 74
7 9
2 69
3 75
3 70
9 28
6 69
1 64
6 85
1 46
2 88
1 9
8 24
8 99
2 37
6 58
7 47
7 97
7 7
1 11
4 47
6 83
5 27
3 60
1 12
2 43
6 43
1 59
4 9
3 17
9 86
3 18
6 80
8 19
3 28
4 48
3 45
5 69
7 73
2 25
4 4
2 76
7 23
5 92
9 53
7 80
1 5
1 38
6 13
1 7
2 48
2 54
9 24
5 33
6 78
8 100
7 67
5 76
3 67
6 63
2 100
8 8
10 54
6 93
7 50
5 18
2 38
8 100
9 12
10 33
9 55
3 64
2 83
6 85
6 71
4 13
5 70
2 5
9 95
8 4
8 47
10 86
1 34
3 31
1 53
3 29
9 74
10 39
8 49
1 86
6 64
6 62
8 71
6 15
2 18
4 35
10 52
4 33
3 32
7 14
6 87
1 75
4 66
8 14
10 57
3 72
7 89
3 10
8 79
5 27
1 59
3 89
4 32
4 46
10 17
8 83
4 42
2 28
7 45
7 44
1 87
2 89
9 27
9 84
6 81
7 55
10 33
9 63
1 53
4 45
2 21
2 8
8 77
10 49
1 15
5 43
7 11
4 19
8 13
8 49
9 35
10 45
5 12
5 4
8 89
7 98
3 31
9 25
2 66
3 1
2 32
7 32
3 97
6 100
10 72
1 92
8 32
8 64
6 13
8 81
6 2
1 73
5 15
5 27
1 47
8 8
6 25
4 67
5 29
6 70
5 15
1 78
2 31
4 40
1 43
8 98
4 34
4 66
3 9
5 50
5 65
1 26
4 98
5 15
5 23
7 100
6 30
8 51
8 69
3 93
10 83
2 27
3 26
5 74
5 54
2 62
5 61
2 35
3 89
8 85
10 62
9 14
5 78
7 22
10 46
7 91
9 100
8 31
4 10
1 24
10 94
4 6
1 17
3 28
3 56
5 68
4 80
4 37
3 10
8 72
3 74
1 75
10 38
10 15
10 50
2 92
10 8
5 71
6 10
8 99
4 63
3 21
3 3
1 79
4 82
6 97
1 97
3 31
10 34
8 54
3 34
2 70
6 68
3 60
5 48
3 98
10 93
9 96
4 57
9 62
3 59
8 100
7 51
1 53
1 23
10 9
4 6
8 82
2 31
2 70
1 27
1 20
4 38
1 44
4 72
10 57
6 13
4 42
4 20
4 96
6 10
6 16
7 45
8 88
1 28
4 9
9 26
6 1
6 31
3 87
10 97
6 80
6 42
1 79
4 24
4 64
1 74
9 58
1 85
6 97
2 35
8 29
8 59
10 93
7 15
9 18
1 76
8 11
10 9
1 58
8 51
2 46
3 63
10 21
6 28
3 12
3 17
2 21
9 21
8 33
5 71
5 48
8 73
2 42
6 95
6 64
4 60
10 36
10 58
10 74
5 20
4 81
4 69
9 82
10 91
4 87
1 58
3 99
8 16
9 70
4 94
6 57
8 13
6 48
9 2
7 44
5 87
3 44
3 52
2 19
8 95
6 85
1 32
2 80
7 32
10 17
2 65
7 16
5 92
9 9
7 96
3 49
5 6
6 73
4 29
1 53
3 43
4 98
1 22
9 22
2 11
2 81
8 13
3 82
6 46
5 66
10 31
8 29
2 89
8 56
9 37
7 40
8 96
4 90
1 71
10 94
3 56
10 77
6 93
5 42
8 59
7 54
4 35
3 10
7 76
5 86
8 90
9 47
6 22
2 5
3 4
3 64
7 50
9 61
6 30
8 82
6 59
8 26
9 21
5 78
7 71
7 33
7 23
9 3
2 93
1 63
5 100
2 11
8 82
8 33
5 31
10 55
7 14
8 11
9 36
3 58
9 74
6 31
10 62
1 48
6 49
9 8
7 40
7 12
3 29
10 77
2 89
5 48
6 24
7 74
2 25
5 61
4 53
4 39
8 35
6 46
9 62
6 61
5 66
4 51
4 33
6 42
3 94
9 95
8 89
9 93
2 79
1 56
9 68
2 21
7 30
3 24
6 84
7 17
5 17
2 91
1 67
2 87
5 89
10 77
2 73
7 14
7 10
7 43
5 74
9 97
10 60
4 54
10 18
10 8
3 10
10 57
9 15
7 27
8 63
8 62
8 11
2 48
9 15
3 33
8 97
6 20
9 48
7 10
2 70
1 2
5 63
4 13
2 45
7 68
9 18
6 77
3 1
4 3
7 49
3 71
10 75
6 72
3 59
7 78
3 22
3 75
1 68
2 66
8 69
6 54
8 2
10 63
3 65
1 80
2 53
2 96
10 9
3 75
2 8
9 90
6 88
1 12
4 32
5 33
6 26
1 7
8 62
9 95
3 41
2 57
4 34
6 66
10 59
7 32
8 68
1 4
2 30
3 83
6 95
10 93
9 54
5 20
5 86
2 26
3 71
5 88
8 97
6 71
1 33
5 87
6 38
8 2
6 77
1 2
4 54
6 24
9 28
4 98
5 51
7 64
6 4
8 12
6 89
5 35
8 63
7 4
10 30
5 68
