3 53
6 30
2 29
8 99
6 10
8 86
4 94
4 81
8 85
8 4
6 3
10 29
7 95
3 87
4 56
8 1
9 3
3 52
2 67
5 75
2 91
7 59
6 18
2 48
5 45
3 11
4 48
3 62
9 63
7 30
6 66
9 4
5 73
9 76
7 66
4 78
4 43
3 70
4 67
2 47
7 37
10 40
6 54
4 97
4 13
8 93
5 16
6 41
5 41
3 40
9 26
5 97
2 79
5 91
1 47
7 27
5 34
8 29
4 46
2 81
9 80
5 25
6 51
7 25
8 64
8 58
5 68
6 23
6 43
5 66
3 50
1 76
8 12
5 5
9 87
1 79
1 50
3 37
7 2
4 47
1 34
10 57
7 60
4 70
5 43
1 39
2 26
7 33
5 83
1 92
5 98
3 30
4 37
1 57
1 73
4 56
9 99
2 69
1 4
4 3
3 55
2 31
2 41
4 11
6 71
7 82
5 97
5 64
1 42
5 89
10 5
10 20
9 3
2 62
10 74
9 25
6 22
9 53
9 59
6 22
8 4
9 96
4 67
4 2
2 5
10 89
10 6
3 2
8 21
4 69
8 14
9 26
5 14
2 72
1 59
10 97
5 34
3 48
2 57
6 59
8 10
2 85
2 58
5 79
4 39
9 76
8 23
2 15
5 9
3 82
2 9
2 17
8 36
3 28
7 46
5 29
1 17
1 74
6 99
2 51
9 60
5 1
2 69
7 92
7 41
2 51
6 42
5 61
5 76
3 62
1 31
6 77
6 22
2 11
3 17
8 70
1 3
3 11
4 85
5 92
4 84
8 77
6 50
5 15
9 64
6 48
4 59
4 11
7 13
7 72
3 35
7 99
2 10
5 14
6 34
10 8
9 71
4 93
8 31
5 84
10 22
9 78
4 14
2 50
5 34
7 13
2 49
7 82
1 95
5 26
10 69
4 3
3 74
6 16
3 63
6 43
5 96
1 70
7 77
10 95
8 8
7 46
6 56
5 61
7 87
2 83
5 57
4 50
10 69
6 77
7 62
4 2
2 63
7 9
10 35
2 29
1 77
8 15
10 39
5 38
9 22
5 90
7 86
3 45
7 100
1 76
6 74
4 42
10 7
7 24
2 45
1 21
3 19
7 49
10 95
6 89
6 36
8 14
9 9
7 60
6 83
9 5
5 66
2 3
8 76
5 78
5 10
4 19
3 19
3 46
1 11
1 84
3 53
7 6
1 57
7 74
8 10
8 44
6 75
10 40
9 50
10 62
4 78
3 82
6 98
1 48
10 83
4 93
2 97
9 40
5 91
2 36
7 93
2 73
10 31
9 45
6 65
2 95
6 62
8 16
5 90
4 38
5 4
5 52
4 60
8 52
8 70
4 45
8 59
3 9
4 74
2 16
4 20
7 2
3 61
7 86
9 92
9 84
3 9
1 83
8 93
9 4
4 58
3 94
1 82
5 71
2 39
4 3
10 9
2 32
2 15
6 51
7 56
5 18
5 66
5 88
3 94
1 21
8 64
2 95
1 12
10 50
4 2
5 3
4 34
1 50
3 65
3 49
10 50
6 73
7 84
1 75
1 77
1 76
7 95
8 91
2 10
5 20
8 40
1 39
7 81
2 94
6 87
3 64
2 17
8 43
5 67
10 66
4 48
1 100
5 56
9 51
7 53
3 49
8 88
2 16
3 32
9 22
3 32
1 74
7 51
10 42
7 42
7 2
9 93
7 53
5 14
4 19
7 11
3 55
2 18
2 74
5 56
4 41
10 48
9 77
8 19
2 17
7 53
8 58
2 17
9 75
2 5
6 42
3 53
4 7
10 35
7 85
2 21
5 47
3 4
7 30
1 48
2 44
2 28
9 44
7 36
9 70
8 58
7 33
2 47
5 78
7 3
8 4
5 23
10 53
10 43
5 24
6 67
5 91
5 32
3 25
6 82
10 90
5 60
9 40
9 65
8 83
2 72
5 7
4 58
10 45
3 89
5 100
3 9
1 87
4 17
1 17
5 59
6 12
5 80
1 82
1 70
7 74
9 88
9 20
4 62
10 21
8 31
7 62
7 64
4 10
8 26
7 51
9 39
8 34
4 53
8 36
5 16
9 83
5 15
7 13
6 19
9 31
7 20
6 29
4 93
7 14
6 35
6 76
2 97
6 46
5 11
4 22
10 61
1 90
7 84
7 14
9 17
6 33
8 81
9 34
4 100
7 38
4 61
1 15
8 71
4 55
9 67
4 55
4 19
7 72
3 79
8 33
8 99
10 50
3 41
10 13
8 65
6 2
3 43
8 77
8 87
5 25
10 64
9 48
10 12
5 15
4 9
8 84
4 71
3 59
10 28
1 41
5 20
4 34
5 45
9 98
1 39
10 89
3 11
7 21
10 2
8 97
8 17
9 39
4 63
4 10
6 35
5 3
8 48
8 30
6 40
5 62
9 41
5 77
5 91
10 5
5 87
6 93
3 64
9 88
7 32
3 33
5 50
3 26
8 31
7 47
10 47
1 88
5 86
4 95
4 5
5 29
9 28
9 11
9 65
2 45
8 74
6 50
2 95
8 28
10 8
3 91
4 23
3 93
9 75
4 38
5 44
3 33
3 85
6 83
4 48
10 42
8 33
6 31
3 100
4 39
9 42
10 68
8 87
10 92
1 2
3 6
6 32
4 100
3 66
10 33
3 54
6 13
6 65
7 31
3 25
3 31
10 34
7 89
5 59
7 54
8 8
9 83
9 14
10 99
3 70
5 30
8 62
5 4
1 94
6 82
10 9
6 85
6 61
6 98
5 92
8 91
1 48
9 93
10 5
6 21
6 31
1 89
7 73
10 35
10 36
6 45
10 28
4 57
7 5
3 83
10 82
1 71
9 72
4 8
9 29
1 32
9 24
1 13
2 46
5 83
3 47
8 54
1 35
9 67
6 47
3 81
8 15
1 13
9 11
10 37
4 87
4 21
1 20
1 44
6 9
4 16
5 58
9 27
3 93
3 66
7 27
7 98
2 73
1 85
8 36
9 55
7 51
5 67
3 33
6 94
1 7
5 54
10 23
10 7
8 99
1 55
3 85
9 40
4 68
9 57
1 85
7 22
6 83
2 48
8 93
10 85
9 43
3 72
9 48
7 34
4 51
10 93
4 44
7 98
3 91
5 47
5 84
3 10
1 97
2 61
1 61
9 30
10 38
7 39
2 51
4 44
7 8
9 2
9 66
8 92
1 54
10 63
1 54
2 31
4 89
10 6
2 25
2 62
6 51
8 47
6 90
5 37
9 92
10 99
1 46
8 26
8 34
1 63
8 16
6 1
5 34
4 58
5 93
10 52
6 10
10 59
4 22
2 90
6 15
9 51
5 83
1 5
5 90
8 37
1 12
1 57
2 52
7 13
1 57
7 44
2 88
5 28
1 39
1 21
8 37
7 44
2 91
6 99
4 79
6 66
8 3
8 85
1 4
4 81
5 57
3 54
3 72
3 21
10 17
2 72
2 67
9 15
7 88
2 82
2 8
4 5
2 57
6 83
10 5
6 76
4 33
1 98
2 7
8 47
4 68
10 58
1 93
7 59
9 55
5 69
2 37
6 91
5 70
1 58
4 96
2 79
10 89
5 92
3 24
10 10
2 36
7 19
1 81
1 57
5 12
7 60
4 43
9 23
6 41
5 70
3 48
1 1
10 24
5 17
5 63
10 66
9 44
9 75
3 90
1 61
8 75
5 51
7 57
3 67
9 64
2 20
8 53
10 87
9 96
6 7
9 81
9 50
8 54
9 22
7 37
7 3
7 100
3 50
8 75
8 93
1 85
5 54
9 44
4 1
4 35
3 12
3 26
9 46
6 57
9 5
9 8
1 34
5 63
8 1
5 50
8 65
10 14
7 54
5 20
5 95
9 46
8 87
1 76
10 4
2 84
7 7
9 63
8 98
5 4
5 69
10 90
7 45
2 13
6 58
4 42
3 96
5 62
1 81
1 89
7 22
8 8
7 83
4 57
5 25
4 86
1 29
3 38
1 19
2 35
8 28
8 21
10 88
2 93
5 72
7 53
3 85
4 49
5 59
2 2
4 33
2 43
5 65
2 82
5 43
9 37
8 19
7 1
3 21
1 12
4 13
9 11
9 84
3 24
3 67
10 10
5 54
2 53
8 89
8 30
2 94
2 97
5 52
9 27
9 45
3 95
10 97
9 35
9 68
3 67
4 37
2 34
8 34
10 66
5 53
6 51
8 40
4 8
5 29
10 74
9 72
4 45
4 91
4 14
3 85
1 70
6 10
6 62
1 31
1 20
1 25
6 9
3 93
2 14
8 35
4 23
8 92
10 24
1 55
5 51
6 18
8 7
5 71
2 17
4 62
9 44
7 82
7 39
1 40
3 38
8 79
1 57
3 31
2 71
9 17
10 30
9 48
10 33
3 11
3 47
2 34
7 46
1 94
4 37
4 90
7 90
4 28
1 37
3 33
8 53
2 81
4 24
8 47
