7 39
6 25
9 70
7 27
7 31
2 19
2 82
1 11
7 36
9 52
10 83
5 27
3 7
7 48
7 31
2 17
7 59
8 20
2 37
6 94
1 77
7 49
3 96
9 53
10 74
5 96
6 88
4 100
3 49
4 54
4 8
4 52
3 71
4 2
8 83
1 34
5 41
4 60
10 69
5 82
1 38
5 5
10 38
3 4
9 40
6 21
5 55
3 59
6 61
10 40
3 25
6 40
8 47
10 66
5 39
7 94
6 18
2 28
1 89
1 65
10 58
6 71
1 25
7 100
3 35
9 84
4 23
4 92
9 7
9 57
8 14
4 64
10 16
6 12
5 29
6 65
3 16
10 92
1 93
8 13
8 30
1 36
7 36
4 17
5 68
1 95
9 64
7 69
10 77
1 5
10 32
9 21
5 82
7 98
8 7
4 43
2 99
4 95
8 80
6 65
10 64
1 54
2 60
10 73
1 49
8 71
4 27
1 24
1 28
6 74
7 56
3 9
1 16
5 37
5 63
6 1
7 33
7 25
9 43
5 19
4 92
8 10
1 52
6 79
8 54
4 41
8 27
10 44
4 82
9 59
6 78
4 72
2 21
4 28
4 23
7 100
2 66
1 14
5 46
6 62
3 56
4 74
7 97
5 88
1 17
10 11
9 21
4 80
10 18
3 32
7 36
3 55
2 59
3 12
8 98
4 16
9 58
7 25
2 77
5 4
3 20
10 51
10 15
2 85
7 33
2 83
1 84
7 90
9 11
4 59
6 51
9 22
3 11
1 30
6 8
7 49
4 69
4 86
7 64
3 77
10 90
5 7
2 6
8 66
2 22
1 2
1 9
1 56
8 61
10 69
9 25
3 55
10 71
3 23
6 5
8 98
6 65
4 31
9 95
9 74
1 83
1 63
2 57
1 65
5 2
4 23
8 40
10 81
6 77
7 73
9 5
9 4
8 46
4 19
8 21
8 24
5 36
2 82
2 66
8 46
9 12
5 22
1 10
10 64
7 85
2 45
3 40
4 40
3 85
8 59
2 48
9 65
8 67
4 61
7 69
4 78
10 9
7 48
7 46
5 96
2 41
10 64
10 71
8 70
8 30
10 11
7 95
1 20
5 90
4 17
6 41
1 63
3 78
10 20
8 57
3 52
2 3
10 83
3 13
6 34
4 36
4 76
7 54
7 63
10 35
10 91
6 67
10 67
1 15
5 46
2 22
4 33
8 49
5 80
6 47
3 87
4 9
5 40
8 94
7 47
2 87
6 22
7 29
4 70
9 32
8 46
9 5
6 75
7 40
3 85
2 56
1 78
9 79
9 73
2 30
8 83
5 66
5 2
4 98
1 82
3 57
3 48
7 59
10 65
3 80
10 41
3 41
8 19
8 16
6 46
7 70
6 13
9 92
4 71
7 16
3 36
8 70
5 9
4 47
1 72
8 21
2 29
10 81
9 65
2 22
10 83
5 19
4 38
9 81
9 9
10 47
1 83
6 34
5 40
4 73
9 80
5 34
6 83
10 24
3 65
3 94
1 61
6 40
5 45
9 44
4 8
5 27
4 33
4 99
7 80
3 82
2 8
1 29
3 72
1 43
10 18
6 40
7 18
4 94
5 27
1 15
4 33
4 13
7 7
3 40
7 71
3 42
4 9
3 1
5 21
5 5
6 74
1 68
8 20
7 92
5 20
4 73
3 43
9 92
10 13
8 60
9 5
6 80
7 7
5 17
7 97
6 62
4 66
1 46
10 49
7 91
5 7
1 89
6 22
8 93
1 90
8 84
2 52
10 36
9 33
8 15
1 28
4 51
5 57
4 62
9 79
6 90
7 61
10 37
4 26
5 3
9 43
2 29
9 53
9 59
1 24
1 37
9 58
3 16
8 53
5 59
3 29
10 61
10 2
9 63
7 7
4 35
9 59
5 97
2 85
4 36
6 39
3 92
4 19
7 43
7 31
10 51
2 59
8 1
1 29
9 20
7 81
9 56
7 7
7 45
3 3
1 19
8 87
10 20
6 76
5 23
8 46
7 68
1 98
4 61
4 91
2 20
8 25
8 54
7 99
3 97
1 35
3 61
7 4
6 26
2 15
2 57
10 48
9 96
6 40
3 33
8 52
2 39
3 41
9 86
3 59
1 17
10 81
2 9
7 62
6 39
2 98
6 11
6 18
7 29
7 11
1 34
10 63
6 53
8 27
3 47
5 50
4 56
2 93
9 84
10 20
3 42
6 52
6 5
10 67
6 76
9 70
3 84
4 37
6 66
9 14
8 30
7 52
4 64
3 63
10 77
10 59
10 98
1 17
9 93
2 77
5 34
3 41
9 34
1 10
7 74
2 78
1 98
6 51
2 84
1 8
5 48
8 2
2 67
2 9
5 42
10 65
5 45
3 92
3 48
9 21
9 64
3 48
10 99
7 21
6 91
6 87
2 2
9 74
3 88
5 64
1 45
8 26
5 98
7 75
5 18
6 63
2 18
4 2
10 10
1 27
7 34
10 87
6 58
5 47
5 55
4 55
3 80
6 73
5 92
9 30
5 93
6 20
1 82
2 10
5 50
2 80
1 14
1 82
4 37
8 73
3 94
8 93
7 7
1 22
1 5
6 86
7 1
9 15
10 86
3 98
2 84
10 41
7 9
9 56
10 10
9 55
10 39
3 93
9 12
6 20
6 20
7 90
3 4
3 93
7 12
9 84
6 91
7 82
10 52
2 59
2 6
5 1
9 20
6 1
7 42
7 4
3 60
6 14
3 81
7 74
1 73
10 63
1 83
10 14
1 87
4 68
7 24
3 73
6 82
3 89
9 66
4 86
7 83
1 62
5 21
4 73
5 65
5 76
1 29
2 50
3 34
10 100
2 20
1 9
2 77
10 95
9 6
7 81
8 67
3 50
5 58
8 67
8 76
9 29
10 80
4 2
9 1
8 2
1 87
1 94
7 93
4 84
9 42
8 30
9 37
3 58
5 56
7 55
1 58
8 84
4 49
8 97
10 68
2 46
1 12
2 15
6 38
7 33
7 45
5 29
9 6
3 51
8 86
7 71
2 63
3 63
7 51
2 88
1 46
3 40
7 67
9 57
5 19
10 49
1 91
5 17
1 8
3 36
10 16
6 96
9 46
6 24
5 86
6 91
3 61
6 100
9 61
4 20
5 90
6 8
9 24
3 59
5 24
1 100
10 74
6 29
7 89
7 86
5 39
10 89
6 35
3 47
4 30
7 39
5 26
9 30
9 42
5 15
9 14
4 1
10 41
10 36
8 54
7 85
4 26
6 95
5 22
4 31
10 8
7 43
4 18
5 23
1 50
3 96
8 57
5 47
9 5
5 18
8 3
5 90
10 37
5 17
2 72
4 22
8 66
5 32
9 59
10 15
8 34
10 95
9 7
4 72
5 53
9 70
10 26
3 27
8 6
2 70
2 10
9 71
4 69
7 5
5 38
9 51
2 41
7 60
3 87
7 85
10 17
8 90
2 36
3 30
8 65
1 63
9 40
9 94
7 51
10 87
3 69
3 22
6 36
7 14
9 68
7 51
10 66
3 91
7 26
6 97
5 49
6 24
8 54
5 27
9 3
9 54
2 97
2 80
8 14
2 70
1 28
8 69
9 43
5 52
10 30
2 22
9 78
10 88
10 44
8 58
2 98
2 41
7 30
8 73
3 96
4 36
7 85
6 59
9 8
7 91
6 25
7 73
9 73
6 92
10 82
6 68
4 11
2 1
6 40
10 49
5 72
4 11
8 24
4 73
6 70
9 1
1 54
4 8
5 29
1 23
8 31
9 96
7 71
1 29
8 95
6 8
10 29
7 32
7 9
1 87
10 16
3 77
9 63
10 44
1 2
7 71
6 13
6 45
9 37
3 91
9 74
6 19
2 28
5 54
5 57
1 77
1 3
10 12
9 99
5 34
3 41
4 41
5 55
9 29
4 77
10 77
4 43
7 4
6 12
4 86
10 13
8 52
9 74
3 54
8 21
5 76
7 22
5 68
4 8
5 16
8 24
2 7
3 68
8 81
5 70
5 52
9 8
9 15
4 50
8 58
5 35
7 28
7 99
1 86
8 17
4 68
2 9
9 98
7 55
1 45
1 28
1 64
9 33
7 30
4 86
7 1
3 63
7 29
5 43
6 8
2 42
2 38
8 53
6 6
10 98
6 12
4 45
7 81
3 56
2 61
3 10
1 23
4 19
5 60
3 47
10 57
4 64
8 99
7 11
5 59
7 86
4 14
3 38
9 100
3 28
4 36
2 87
1 88
8 13
4 87
9 33
4 7
4 85
4 18
3 32
9 68
2 4
3 44
5 10
9 64
2 7
8 63
9 84
4 87
4 82
7 51
1 4
1 23
1 42
5 95
9 82
3 98
10 74
2 4
2 58
2 86
8 19
4 67
1 89
8 84
1 34
6 49
4 17
7 64
6 86
8 26
5 32
3 92
6 21
7 4
9 41
5 90
6 10
2 66
10 83
9 77
