3 67
8 2
1 42
7 79
1 95
1 77
6 11
2 2
8 98
6 89
3 26
10 100
10 40
4 89
9 97
6 29
5 61
3 77
9 96
9 13
10 87
9 98
7 10
4 94
7 36
9 11
5 71
6 83
4 54
7 84
4 89
2 28
5 29
10 67
7 37
3 68
3 25
2 67
6 65
2 77
4 90
1 43
1 1
2 8
3 37
4 4
10 56
7 44
2 9
7 8
4 85
1 82
9 5
10 40
9 20
3 71
7 58
2 71
2 25
9 18
6 71
1 31
5 49
3 89
3 83
8 41
8 97
9 37
7 22
4 33
3 80
9 16
1 61
3 88
4 2
6 35
3 93
5 24
3 80
6 94
9 49
5 24
10 44
5 49
2 86
3 39
2 48
10 23
2 16
9 43
6 36
5 40
5 55
5 3
4 38
2 24
3 72
6 11
4 75
5 75
7 80
4 48
10 77
4 89
7 53
10 39
8 64
2 5
6 81
9 56
5 19
3 31
7 32
9 57
5 33
8 83
1 75
10 78
9 98
5 97
8 33
2 68
6 45
1 85
8 71
5 60
6 17
10 86
3 97
10 6
1 39
8 57
3 68
4 20
1 68
1 36
8 36
3 98
1 60
8 49
4 97
10 37
2 35
2 54
2 35
9 54
7 44
6 92
8 60
10 86
4 49
3 50
6 94
10 33
7 12
7 41
1 43
9 65
9 78
3 55
2 50
10 93
8 96
5 89
6 53
9 12
10 92
9 94
9 26
2 69
5 34
3 76
4 96
8 75
3 4
1 60
5 26
8 72
8 84
1 44
4 44
7 79
9 74
6 98
4 82
9 51
9 97
4 7
8 78
3 55
9 29
2 26
4 30
7 1
1 83
5 16
6 89
8 85
5 18
7 63
6 61
3 2
3 17
7 33
8 63
10 93
9 39
4 16
5 56
1 66
1 73
9 62
1 60
9 36
4 25
10 76
6 30
10 2
7 39
1 31
3 9
8 73
2 85
1 8
5 66
3 38
4 75
5 89
7 72
6 31
2 49
10 3
1 70
3 11
9 38
2 65
6 14
2 8
10 56
8 35
2 5
10 49
6 9
7 22
1 7
4 66
8 69
4 52
8 82
1 21
3 18
6 43
10 83
6 72
7 38
2 32
10 34
10 44
1 1
3 49
5 4
6 53
10 6
4 29
4 40
6 12
5 68
6 80
10 32
2 39
10 71
3 29
2 47
1 69
8 78
1 70
1 42
7 24
5 99
2 76
6 33
6 29
10 16
7 13
9 81
7 56
7 18
5 35
8 61
5 34
8 65
4 24
10 7
10 24
1 61
3 89
10 53
6 18
10 49
4 85
7 10
7 63
1 47
6 54
10 28
9 93
3 8
1 88
5 85
6 36
7 99
7 58
9 56
7 41
4 79
7 17
7 34
2 68
10 27
4 37
7 80
10 24
10 99
3 33
3 85
5 35
7 77
3 29
1 78
1 37
6 14
8 49
3 3
2 56
7 65
3 81
2 45
6 2
2 92
10 48
9 99
5 43
8 24
6 42
1 19
8 14
4 27
8 20
10 16
9 61
10 37
6 45
8 42
6 48
3 6
2 5
4 51
2 83
7 35
10 91
1 90
2 97
9 98
2 40
4 48
7 65
3 96
2 30
6 53
10 48
2 74
2 51
5 61
8 60
8 43
10 66
4 85
10 44
9 37
6 10
10 81
2 3
2 5
3 16
6 8
6 7
3 34
8 67
8 57
1 40
9 99
8 59
2 30
1 29
9 27
8 17
9 45
5 75
9 41
3 14
9 25
1 82
4 2
9 97
5 15
9 89
2 43
7 4
5 50
3 82
6 13
2 11
6 89
5 77
8 83
9 29
7 34
3 24
7 100
4 84
3 18
9 18
9 48
2 83
6 50
10 5
2 53
4 56
1 37
7 57
3 88
10 89
3 24
8 33
8 23
7 1
8 76
1 98
6 57
9 8
6 88
7 49
9 63
10 38
4 69
8 4
4 54
5 26
3 27
9 49
5 84
9 64
5 95
9 71
3 87
6 44
10 97
9 51
1 74
7 3
1 81
1 72
5 68
6 27
8 99
7 12
4 21
10 49
6 5
2 73
9 25
4 71
9 37
2 41
8 34
2 40
10 57
10 79
5 35
3 100
4 20
2 3
3 82
2 87
2 100
8 74
1 3
8 9
8 40
10 61
10 35
9 28
10 57
1 72
1 46
9 43
6 74
10 64
6 50
8 30
9 81
3 60
3 54
6 41
6 82
5 9
7 15
2 80
6 92
7 63
7 30
1 26
4 49
8 1
9 73
3 76
10 60
6 49
8 33
3 20
3 18
8 31
8 83
4 4
3 92
1 40
6 41
7 94
7 16
9 97
2 68
6 15
10 61
4 87
9 17
4 9
9 74
10 90
10 45
2 99
10 31
1 96
10 94
9 66
2 45
9 72
7 42
9 47
4 44
6 29
10 65
5 22
9 52
7 50
7 88
3 38
8 19
9 25
2 50
4 75
4 14
6 11
4 15
2 21
8 25
7 51
8 69
6 12
5 70
5 72
4 49
1 72
5 22
4 57
8 36
1 73
2 93
6 16
9 80
3 73
6 4
9 6
9 18
4 74
4 18
7 66
10 67
8 23
4 57
8 91
1 97
10 99
1 56
10 96
5 72
4 11
6 52
2 48
5 31
2 78
10 89
7 30
9 14
9 97
9 36
9 11
7 92
6 22
4 52
7 80
8 36
7 90
4 15
10 11
8 73
8 9
8 71
7 86
4 99
5 94
7 3
8 33
10 65
4 69
10 85
3 47
9 3
9 83
5 3
7 41
8 83
10 58
8 81
4 88
3 2
4 79
10 22
8 46
10 1
6 94
2 79
6 5
3 78
2 42
10 58
6 48
3 34
9 18
3 52
5 84
8 97
9 4
1 97
7 56
5 35
1 27
5 14
8 78
4 99
5 94
2 62
1 15
7 8
2 9
6 95
6 68
10 98
8 41
3 56
5 29
3 68
9 28
2 34
10 31
7 73
3 12
2 76
4 99
8 64
10 79
8 49
3 69
3 21
7 61
7 62
5 64
10 95
2 3
9 95
3 14
3 46
6 79
3 52
10 70
6 83
5 83
4 78
1 24
10 1
2 85
10 29
1 33
6 96
4 25
1 24
9 1
2 34
9 49
7 34
2 74
7 48
7 25
1 5
4 55
7 66
5 21
3 23
4 56
1 40
9 89
8 11
3 83
4 81
8 95
5 94
2 97
9 36
1 95
4 24
7 24
4 53
8 24
9 21
10 69
3 38
9 93
7 78
7 55
1 68
3 16
6 48
6 89
6 37
4 43
10 17
9 82
5 93
4 51
3 56
9 49
2 67
9 18
8 71
3 28
9 46
2 14
7 47
5 49
6 98
9 86
8 41
2 10
1 39
6 73
2 6
10 26
7 50
10 48
10 80
2 11
9 44
5 38
8 65
1 62
2 84
6 67
1 77
10 42
4 58
9 99
6 32
6 50
4 99
10 58
8 30
2 29
4 73
6 47
8 5
8 50
2 18
5 63
6 31
9 43
7 10
5 53
4 62
1 88
6 15
5 57
5 57
8 19
6 22
10 91
3 38
5 42
9 29
3 2
5 76
10 70
6 56
10 91
8 4
9 44
6 97
10 12
10 53
10 88
2 98
4 11
2 45
3 27
6 60
1 47
3 24
9 54
7 95
9 56
5 85
1 46
6 26
2 8
4 38
10 28
1 93
7 6
6 6
8 92
9 91
9 39
4 86
10 59
8 28
5 8
6 55
3 99
7 25
4 45
2 64
1 23
9 80
9 74
8 10
4 53
5 51
7 22
9 36
7 53
10 2
2 81
9 45
1 81
10 79
2 75
3 26
6 17
1 90
8 48
3 55
8 98
3 87
10 15
4 37
4 76
3 29
10 21
5 78
4 30
5 15
10 13
8 86
7 82
3 96
3 99
5 78
8 95
3 68
5 63
2 36
1 1
2 54
10 65
8 12
3 73
10 85
7 64
10 74
8 83
1 89
2 40
5 22
3 57
9 5
10 97
2 67
7 38
6 64
1 92
8 93
2 22
3 73
4 99
4 60
4 62
10 77
10 67
5 21
2 98
5 42
2 75
1 20
2 13
9 68
3 47
4 82
5 89
8 93
9 51
2 26
5 97
10 1
4 7
10 86
10 80
3 84
8 7
3 76
4 13
3 77
1 70
1 47
3 22
1 22
5 24
3 17
4 95
6 72
8 93
7 52
6 94
1 26
10 29
6 52
3 86
6 23
4 76
2 92
10 22
10 66
4 9
7 33
1 12
10 63
7 93
9 89
3 4
7 73
6 42
5 6
6 72
1 11
4 42
8 69
4 47
9 16
8 67
5 18
6 45
10 77
9 74
4 51
10 10
8 76
9 26
5 19
6 36
5 44
7 100
4 10
2 7
10 33
1 18
7 64
8 4
8 83
2 21
9 4
4 9
1 87
10 25
