10 47
9 54
7 98
8 82
2 63
1 62
5 96
10 93
7 87
6 65
8 85
10 16
7 93
1 33
9 12
8 12
2 62
8 1
8 80
8 7
7 38
4 37
10 89
6 47
10 19
4 95
9 10
9 98
7 18
7 94
9 26
4 53
5 35
5 64
3 90
1 59
2 71
7 45
1 50
1 28
5 70
4 71
1 53
1 76
10 4
7 33
8 43
8 6
4 77
2 6
5 46
8 20
4 78
9 29
7 40
2 95
8 87
4 96
8 85
3 77
3 77
5 58
10 43
5 1
3 83
8 99
8 66
7 54
2 27
6 25
9 6
5 81
10 44
3 54
1 86
6 70
5 35
3 70
3 60
9 92
1 71
5 20
7 22
6 95
8 70
4 85
7 76
2 86
5 79
9 70
9 20
4 39
2 68
10 88
8 56
4 3
1 55
6 15
6 93
7 57
8 91
10 85
4 51
2 98
2 38
3 78
8 57
5 83
7 61
8 72
1 43
8 40
4 88
7 49
5 55
2 80
10 1
3 26
10 90
8 24
5 43
2 72
9 2
4 47
2 62
1 38
5 80
1 49
3 87
8 83
7 69
9 18
4 54
7 6
9 2
2 73
9 63
8 46
10 25
4 35
10 75
6 14
2 11
1 10
10 26
10 16
10 98
5 8
1 48
6 43
9 66
9 24
2 54
3 70
2 57
7 58
3 60
2 56
10 45
7 64
9 18
1 28
5 38
2 73
2 9
1 60
8 79
10 58
3 16
7 24
1 19
7 1
2 21
9 97
1 57
10 83
9 55
10 27
7 10
9 55
10 11
4 73
2 72
7 39
2 97
9 46
4 78
5 83
6 45
3 43
3 32
5 75
10 88
8 90
8 77
3 55
10 71
3 50
1 41
10 26
8 36
2 93
7 31
10 97
6 30
7 80
10 49
2 23
4 31
8 15
2 68
8 65
1 29
3 20
5 31
4 16
6 51
6 26
6 81
1 59
9 11
9 7
2 92
1 12
10 87
5 76
3 26
5 32
5 17
9 85
6 89
4 49
7 85
1 95
7 20
6 29
6 79
6 36
1 2
10 42
6 99
6 76
1 80
4 85
1 95
3 59
6 7
6 1
2 45
1 62
6 13
7 18
8 95
8 16
2 6
10 40
9 33
9 2
4 53
9 35
10 87
9 41
1 22
6 87
6 65
9 62
7 87
3 55
10 4
5 17
5 49
4 83
7 31
4 89
4 81
10 31
5 36
6 27
10 93
5 3
4 23
2 100
4 86
3 79
7 80
6 73
9 34
5 86
10 94
7 78
9 61
3 49
8 48
8 1
3 13
6 35
8 80
2 46
1 55
8 3
5 32
5 30
4 29
6 11
3 90
10 82
3 80
8 37
4 65
7 55
7 69
3 41
3 72
3 17
4 54
8 15
8 100
3 94
6 35
1 7
6 35
5 58
3 19
2 42
9 25
4 6
8 2
7 53
7 35
8 2
10 61
5 11
1 80
7 76
8 100
8 17
5 57
2 21
10 9
4 85
2 90
4 85
3 15
9 25
7 65
2 16
1 79
1 54
2 19
9 69
4 10
5 79
9 28
2 15
6 58
3 29
2 81
5 15
10 32
9 27
7 70
5 59
10 13
7 21
9 91
1 47
3 87
5 46
3 72
3 48
8 55
5 43
4 75
7 70
5 46
4 31
10 10
9 55
5 73
7 19
4 15
5 88
10 39
5 37
5 13
1 60
6 71
4 47
1 30
3 25
6 72
10 71
4 28
8 84
5 15
3 93
10 22
10 54
5 77
2 14
7 26
7 55
7 47
4 20
9 74
9 29
4 51
7 13
2 14
9 51
6 49
3 63
1 25
5 3
8 93
2 54
2 37
3 86
5 30
2 31
8 85
8 68
2 38
3 21
10 66
7 6
5 42
6 28
5 61
10 86
9 44
1 12
4 28
7 91
7 44
9 28
5 38
4 8
4 5
4 84
1 22
6 91
1 31
10 77
1 60
9 75
2 53
8 54
9 41
1 76
9 10
8 11
10 5
5 92
4 25
8 10
8 56
2 25
6 86
2 50
2 71
3 63
9 60
4 5
4 30
9 60
9 51
6 55
1 61
10 71
1 77
4 71
4 89
2 4
4 35
6 6
3 74
2 92
4 98
4 100
1 68
7 63
9 44
9 16
1 12
6 39
8 66
3 86
6 9
7 4
7 69
10 7
9 97
6 84
4 58
10 4
1 11
1 58
5 48
9 52
10 52
1 80
1 71
5 16
7 52
5 6
9 48
10 78
9 8
2 14
6 93
2 45
6 39
4 59
3 55
6 1
1 58
1 60
4 28
10 5
6 10
10 44
10 52
3 26
4 82
9 86
10 54
5 46
1 32
7 36
9 54
7 91
5 71
1 57
3 10
4 56
2 35
4 96
2 42
9 45
9 77
9 4
1 58
2 44
8 17
3 99
5 96
3 20
3 89
3 5
3 4
7 86
2 66
8 17
5 26
8 43
7 44
8 28
4 96
3 87
2 44
7 26
7 2
3 78
9 73
4 2
8 95
3 98
10 25
3 15
7 75
2 81
6 38
1 46
3 28
2 78
4 24
2 45
1 63
3 77
3 7
10 19
9 86
1 25
9 62
5 58
7 1
6 39
3 72
4 27
1 59
4 54
3 16
4 70
6 80
9 19
10 62
7 20
4 25
6 19
7 23
10 30
10 25
9 69
6 15
8 70
4 96
6 95
8 73
8 42
6 91
3 37
7 24
8 50
6 73
8 24
5 82
9 24
2 66
2 30
4 81
4 11
10 60
5 24
6 20
10 18
8 55
3 70
9 20
4 15
3 26
3 75
3 84
2 66
4 20
3 51
3 27
6 18
9 2
7 50
6 7
8 12
2 5
1 84
3 57
1 33
3 74
1 73
10 98
5 54
4 4
10 80
10 73
6 31
7 90
6 89
3 83
9 42
1 15
4 80
6 77
5 42
10 83
6 21
8 94
1 55
6 46
4 96
9 43
4 54
1 45
9 76
10 12
7 83
5 93
6 14
9 94
9 16
4 41
4 64
3 64
7 17
7 80
8 32
10 73
7 40
5 98
7 64
6 42
1 55
5 18
4 65
8 17
1 82
9 71
10 54
8 38
9 5
7 4
3 40
10 90
1 19
5 49
2 57
2 25
10 47
6 78
3 70
7 14
1 65
1 45
4 50
1 75
1 89
5 82
7 79
5 68
8 81
3 47
4 82
10 84
6 45
2 90
3 21
5 81
6 15
10 92
7 89
8 51
8 14
7 97
6 50
3 81
4 49
10 60
7 4
5 37
1 71
7 65
3 65
2 86
5 70
8 91
2 71
10 37
8 69
7 25
7 28
7 11
5 91
10 79
9 18
9 18
1 20
3 60
7 67
7 41
8 8
7 30
7 40
4 11
6 25
9 99
5 66
10 40
9 56
9 72
2 78
7 5
1 36
10 86
5 82
8 66
5 71
7 10
7 3
6 7
1 46
9 30
10 96
6 89
2 14
3 92
5 69
9 84
1 23
2 87
7 51
10 25
8 86
3 31
10 24
2 10
9 60
1 27
4 86
9 11
7 83
6 2
9 74
6 36
3 17
3 28
3 70
1 5
6 2
3 47
2 97
3 33
8 84
6 41
6 95
6 56
7 73
3 70
6 47
7 10
9 3
4 60
3 63
8 68
6 85
2 60
7 12
3 82
8 88
10 84
7 12
1 13
7 50
8 53
6 17
3 40
5 43
10 47
4 37
10 36
4 72
2 98
5 53
2 66
10 2
8 33
3 56
4 17
8 21
10 54
5 84
7 91
1 47
5 62
7 100
10 71
9 84
10 72
6 58
1 41
8 5
6 55
7 28
6 18
9 87
6 98
9 39
8 70
6 58
2 81
1 2
1 7
3 92
4 98
9 1
6 86
8 53
8 15
10 84
1 39
2 78
10 44
10 47
1 75
10 76
2 35
8 73
10 13
4 4
3 41
3 66
4 35
4 66
3 23
2 31
2 31
2 52
5 80
7 79
5 5
1 53
1 80
4 66
2 81
9 44
6 40
1 27
5 79
10 24
3 94
7 71
9 20
9 11
6 71
6 76
1 60
8 61
6 20
7 36
2 95
8 8
3 100
1 14
4 13
8 36
1 94
8 9
8 44
5 93
5 64
2 98
6 67
5 5
9 84
6 52
3 51
10 65
6 4
1 91
5 35
3 24
6 63
4 60
2 57
9 45
10 4
8 20
7 63
8 88
10 8
4 70
1 76
3 69
1 52
2 32
7 51
3 10
8 34
9 58
9 93
3 95
7 66
4 3
4 81
9 81
5 55
4 89
5 20
9 94
6 29
8 86
9 62
8 33
6 46
8 35
1 53
10 68
4 39
5 3
4 87
2 46
10 37
3 98
9 38
9 51
7 30
6 56
2 45
3 73
1 19
8 41
9 77
9 54
9 30
5 80
3 66
3 7
5 10
7 77
6 41
4 92
10 28
3 12
