5 82
5 45
8 94
1 5
2 42
3 99
9 15
4 30
8 30
1 60
1 87
6 15
9 53
4 41
8 27
5 43
9 57
8 38
2 9
4 59
7 53
4 61
7 25
9 64
5 9
1 1
6 65
8 25
2 18
8 12
6 39
9 44
1 8
10 87
3 95
8 6
10 64
4 86
2 67
1 53
9 2
4 54
9 8
6 39
5 86
7 81
10 57
8 90
3 33
5 54
7 20
2 39
4 98
10 92
8 50
8 88
5 47
9 29
10 61
9 96
1 7
10 89
2 57
10 32
6 2
6 49
4 61
1 89
5 74
10 42
4 77
10 55
8 50
10 97
3 3
1 33
5 75
2 74
5 95
2 47
3 68
8 48
10 42
7 85
2 84
9 84
2 56
3 11
10 28
7 91
10 95
8 81
10 39
9 54
9 48
1 14
3 56
7 45
7 53
7 95
9 67
6 22
1 12
4 3
7 25
7 1
6 40
7 29
2 47
1 3
10 24
3 35
10 4
7 73
9 76
10 19
2 97
3 8
5 56
9 45
4 34
7 52
3 18
9 77
4 47
4 23
9 14
4 71
4 9
4 25
5 87
4 56
8 32
8 83
9 40
3 73
10 29
1 33
8 6
1 61
2 11
10 1
4 78
9 97
8 35
5 64
4 57
1 3
6 10
1 93
5 65
1 89
8 26
3 47
5 83
9 28
9 83
8 34
6 29
5 55
5 94
1 1
4 38
2 91
3 53
3 92
6 39
3 59
8 35
10 74
2 50
1 11
5 98
8 28
6 18
5 22
6 62
2 27
10 7
8 81
6 42
4 27
5 24
3 47
9 47
10 6
4 90
2 65
1 6
1 21
6 49
7 17
8 10
4 71
10 79
10 33
10 41
6 2
2 47
10 75
7 70
2 83
3 55
1 19
5 93
9 7
5 43
5 65
3 28
6 6
6 87
2 82
8 10
1 98
9 41
3 96
6 35
8 14
6 82
2 1
10 85
10 68
8 11
4 90
5 6
3 9
7 66
6 57
4 17
7 37
8 96
6 57
9 16
8 85
10 30
9 14
2 8
7 39
5 94
1 100
5 46
9 58
7 80
7 30
2 57
10 25
9 52
10 72
2 3
3 66
9 60
10 23
2 47
8 16
8 59
2 50
6 14
2 15
7 94
10 76
9 28
9 88
4 91
10 74
7 9
6 56
6 35
9 40
7 26
10 40
2 3
2 65
7 3
8 23
9 67
1 65
1 21
10 28
3 36
2 59
5 74
1 3
8 3
10 20
2 65
6 29
8 77
7 60
6 73
2 90
5 12
2 50
1 91
3 80
6 68
8 10
3 30
8 39
3 5
6 8
8 52
10 57
10 53
3 92
10 20
3 41
5 84
4 46
9 92
5 81
3 41
1 56
6 93
8 85
9 68
4 52
2 35
2 31
4 28
8 13
7 80
7 58
5 60
10 55
6 90
8 93
7 43
4 49
5 15
7 55
6 65
8 55
9 34
6 62
2 5
6 82
6 85
6 43
7 62
9 33
10 62
8 2
7 88
3 100
4 36
2 3
10 75
10 50
6 25
9 45
5 72
5 100
7 79
9 6
3 37
5 58
6 88
9 46
9 47
5 30
1 20
7 44
2 2
3 69
6 91
3 53
3 98
3 47
3 73
8 85
5 34
10 20
5 56
5 35
6 17
9 90
9 90
8 38
1 35
2 19
5 90
5 15
7 35
10 82
1 57
3 91
8 87
1 27
4 14
6 52
8 56
5 61
8 76
4 45
5 78
8 73
4 52
6 68
1 37
8 66
10 69
10 29
8 80
5 44
1 46
4 73
4 56
1 87
8 40
9 33
3 69
7 51
3 38
3 11
8 34
6 27
5 47
1 53
4 92
10 27
2 92
6 67
6 100
8 56
10 4
2 67
8 18
7 72
5 20
5 55
8 70
6 8
3 5
10 41
10 59
7 40
3 71
7 52
5 52
5 83
8 82
4 89
8 41
5 5
2 78
9 71
5 88
7 58
1 92
3 47
1 58
3 38
2 41
6 26
9 9
2 57
9 55
5 49
8 93
2 18
1 28
3 80
7 4
4 5
2 12
4 93
1 92
8 22
10 20
10 99
10 70
8 57
8 27
5 6
6 66
8 50
1 54
1 95
2 59
9 68
9 85
3 26
5 5
8 100
4 53
8 77
4 99
6 100
10 10
6 44
8 41
8 74
1 24
8 53
4 56
4 4
6 79
2 2
6 58
10 19
9 21
6 15
7 37
8 66
5 32
1 51
8 25
8 22
3 14
7 52
9 36
6 93
8 10
5 10
6 27
1 88
2 54
7 74
7 55
8 30
7 81
4 64
10 22
8 61
9 11
8 70
1 46
6 62
9 82
7 100
8 58
3 30
8 9
9 40
8 18
7 45
9 96
2 81
7 81
10 32
10 81
1 50
4 66
10 96
10 90
6 78
5 46
4 91
1 98
10 91
8 29
4 23
10 39
4 84
9 70
2 42
5 6
6 60
8 17
3 78
9 64
2 83
7 80
1 33
8 85
1 49
9 45
9 12
7 56
3 84
3 79
2 4
5 44
10 21
9 46
4 74
1 70
8 75
6 54
7 68
6 22
4 100
4 5
8 27
1 93
8 17
10 59
2 46
5 53
8 55
3 58
7 57
4 98
3 78
5 91
2 61
2 60
10 15
7 5
4 80
6 60
10 75
4 35
2 64
7 94
4 64
5 32
4 62
9 34
9 24
5 40
5 84
8 5
9 98
3 18
10 65
8 42
7 35
2 41
10 85
1 99
8 14
5 52
2 71
8 35
8 53
6 36
7 44
5 39
5 18
8 55
2 16
4 87
9 11
10 4
5 90
6 52
9 59
8 63
2 61
8 5
8 54
10 16
6 51
7 48
6 69
5 44
9 5
5 83
9 21
10 85
1 86
1 97
5 14
2 69
8 51
2 84
6 70
1 35
8 14
9 42
10 77
4 30
6 58
10 42
4 68
6 11
9 86
7 74
2 28
8 96
7 75
3 8
1 1
2 53
2 44
10 10
4 77
4 1
9 81
1 32
2 28
1 39
10 94
4 50
4 47
4 78
4 10
4 57
7 11
5 75
9 99
3 8
5 89
6 79
1 90
1 5
9 73
1 32
6 53
3 51
1 25
4 43
3 63
2 22
4 88
1 88
2 64
5 64
6 57
8 51
8 87
6 52
1 87
1 94
9 32
7 83
1 40
4 94
2 76
2 5
7 52
6 77
7 30
4 90
4 93
4 54
2 70
10 55
5 10
9 98
4 39
3 100
4 82
1 87
8 42
9 28
9 72
9 93
4 70
6 54
7 42
2 90
7 75
6 16
4 99
2 71
8 70
3 20
9 78
2 39
6 32
2 93
4 31
4 4
10 48
4 96
1 34
4 19
5 39
4 89
10 85
6 2
9 36
9 76
1 64
3 57
8 75
3 42
10 44
1 99
4 27
4 76
1 15
2 19
6 78
4 44
5 24
7 14
6 65
8 80
7 49
8 21
8 71
7 64
9 33
8 69
10 80
8 97
1 32
4 69
7 100
3 66
8 40
1 87
2 99
5 100
6 87
10 48
5 96
4 23
8 94
7 95
2 15
3 69
1 69
6 54
3 32
6 47
2 89
6 42
7 56
5 28
3 36
2 33
8 21
5 91
2 33
10 8
5 31
9 46
1 42
8 100
10 43
10 63
5 99
6 23
9 80
9 88
8 11
6 81
2 10
10 96
7 39
7 68
6 37
1 9
6 75
5 27
6 13
4 94
7 55
7 28
3 77
8 44
5 39
9 31
7 65
4 58
3 65
10 8
2 85
10 62
7 97
10 17
5 97
4 32
4 72
1 11
8 13
5 99
5 71
8 100
1 72
2 77
7 14
9 36
3 22
3 82
10 83
5 25
3 48
9 20
1 53
10 20
6 72
8 47
3 4
5 31
9 91
1 85
4 30
4 66
9 65
6 27
10 81
7 32
4 89
3 88
1 56
2 98
6 68
7 6
7 47
5 52
6 84
3 25
6 29
1 60
1 46
3 1
9 7
6 60
5 73
7 27
2 73
3 41
6 47
3 50
3 49
10 4
9 53
2 55
3 99
5 90
8 12
3 86
3 1
5 73
1 8
4 44
10 22
6 1
2 73
2 5
10 85
3 14
2 54
3 85
9 32
6 55
10 60
3 57
3 87
6 30
8 18
5 12
7 72
3 100
2 48
9 100
10 34
6 95
9 73
7 36
5 41
9 27
2 74
8 30
8 41
8 83
8 6
2 11
10 48
9 47
6 42
4 11
9 19
2 94
9 40
10 20
8 37
6 19
9 45
5 4
10 24
5 25
6 33
2 50
6 45
8 4
8 35
8 54
4 13
9 99
2 39
4 54
2 95
4 46
3 50
2 65
5 11
7 95
1 18
8 75
9 63
5 66
6 12
3 57
2 77
7 31
5 52
10 88
1 61
1 72
10 53
9 39
6 2
6 5
8 10
