1 90
8 29
8 90
9 62
6 87
2 31
2 75
6 87
9 51
3 24
6 41
7 92
7 96
2 80
1 91
4 82
3 69
6 69
3 40
2 36
3 91
2 54
4 86
9 76
5 26
9 93
2 91
2 67
7 68
10 78
6 33
8 95
4 98
3 55
8 87
5 54
10 4
9 67
9 44
9 94
9 75
6 1
7 57
1 48
1 57
10 43
2 35
2 58
7 47
8 30
1 32
8 51
10 68
6 78
9 88
7 8
10 16
7 100
1 34
7 26
5 65
8 49
3 42
9 24
9 62
3 90
2 74
1 68
8 72
4 55
10 31
7 95
10 31
3 2
2 94
7 50
1 27
5 31
3 66
5 65
5 8
4 99
9 37
2 56
1 92
1 43
10 24
5 46
5 78
2 7
10 30
6 52
6 19
8 29
4 57
10 56
9 94
2 17
4 90
9 84
5 4
7 5
2 40
4 98
6 22
2 64
1 97
5 52
2 12
5 24
7 17
4 95
10 22
6 97
7 69
7 100
4 4
2 73
2 57
9 67
7 43
5 87
1 36
6 13
5 7
2 74
2 58
9 63
6 97
4 89
8 73
2 52
7 76
8 31
3 66
6 49
2 65
4 22
5 18
5 55
10 93
7 85
2 59
5 55
8 67
6 75
1 34
1 7
10 100
10 71
8 20
2 75
10 24
4 84
6 43
8 32
10 40
7 64
6 24
1 49
6 35
9 90
9 20
3 38
1 44
2 53
7 65
9 94
4 4
9 5
8 8
8 22
4 41
8 43
10 82
6 69
9 47
7 98
4 20
2 100
1 75
1 10
3 13
1 97
5 96
5 45
6 44
3 10
9 56
6 22
1 40
5 8
5 22
1 96
3 2
10 78
4 43
3 9
5 35
10 73
4 82
7 41
6 80
4 55
9 65
1 49
10 83
4 94
1 55
7 2
1 5
2 40
9 22
8 30
5 63
6 6
7 64
10 63
2 95
3 6
2 36
9 21
1 70
1 15
5 56
7 10
10 1
3 17
3 85
1 33
9 98
3 56
9 40
4 81
4 73
9 67
1 89
4 96
6 77
3 70
4 47
10 46
3 58
3 38
3 88
8 82
1 39
7 82
6 24
3 70
9 91
3 85
6 27
3 12
7 97
2 100
9 93
9 60
9 49
1 75
6 88
10 45
5 54
10 44
7 93
9 34
9 4
5 9
3 20
10 100
10 65
1 97
7 31
4 3
4 26
8 71
7 55
6 67
1 40
6 4
2 51
9 13
1 13
2 71
7 42
3 40
8 18
5 68
3 63
5 52
4 40
4 59
3 38
4 54
7 5
4 96
6 22
8 15
5 89
2 62
10 19
5 36
4 59
2 54
10 74
9 77
9 15
7 51
1 64
6 4
6 95
2 5
3 78
10 28
7 76
10 67
9 45
2 28
2 8
9 42
9 51
4 88
1 92
2 14
2 99
4 20
7 16
5 6
4 23
9 5
6 87
10 78
5 77
6 49
7 26
10 26
5 20
7 75
4 46
10 77
3 78
3 86
2 12
4 24
9 77
6 33
4 1
10 98
3 27
3 50
6 48
7 20
3 48
8 48
2 89
1 8
5 100
9 30
8 66
9 95
7 16
5 72
10 39
10 52
3 67
5 22
5 3
3 72
7 59
9 54
6 58
6 86
2 23
10 33
7 2
5 42
1 51
10 78
6 40
9 36
3 29
6 87
9 2
1 79
4 8
1 37
3 16
9 52
7 25
4 41
6 1
6 18
8 24
9 51
2 77
6 45
8 93
8 49
2 97
10 89
10 28
4 2
9 100
2 22
10 87
3 60
5 70
2 55
7 37
6 63
2 64
4 72
4 83
6 38
6 73
5 18
6 24
3 39
1 77
5 59
2 62
9 25
1 90
3 32
5 3
5 3
9 56
2 73
5 22
7 83
10 86
7 57
4 54
9 78
8 3
6 56
3 84
3 20
10 100
1 38
5 26
8 18
5 30
4 87
3 4
2 37
6 62
9 30
7 51
6 34
8 47
7 53
8 26
5 45
10 60
6 25
8 3
3 12
9 81
3 7
2 55
4 47
9 39
2 63
7 27
8 54
6 41
8 89
1 7
7 37
1 19
7 96
5 52
10 41
6 30
7 25
5 69
10 1
7 97
6 74
7 70
9 85
6 71
5 85
1 37
10 18
7 84
5 16
7 21
3 65
2 55
7 88
4 84
2 31
4 47
4 96
1 76
2 92
2 39
10 100
6 3
1 70
8 68
1 92
9 24
4 100
6 31
8 89
5 81
3 17
4 61
7 24
6 29
7 72
4 53
8 80
7 13
10 16
10 30
7 2
3 84
6 31
3 43
8 3
3 36
7 47
3 16
5 27
3 56
2 2
10 52
9 18
9 26
1 87
1 38
7 88
8 37
5 8
9 14
10 8
2 65
2 58
4 51
4 53
1 31
1 17
10 56
2 21
9 23
4 10
1 81
7 78
8 74
5 17
6 93
9 21
5 4
7 5
9 62
9 29
1 56
8 44
8 98
8 39
2 85
4 46
6 6
6 89
2 92
7 89
2 75
5 97
10 65
6 12
7 74
5 25
3 53
5 77
2 29
1 25
6 54
10 36
1 54
1 25
6 92
2 16
3 16
4 98
10 75
6 23
8 7
3 46
9 12
3 72
10 66
4 83
1 91
4 33
6 8
3 58
9 76
6 74
5 93
2 89
9 8
3 58
6 95
3 47
4 58
6 51
8 92
7 100
8 88
10 28
8 52
7 43
2 9
5 40
8 45
2 37
4 78
9 41
4 68
9 74
10 83
10 44
10 71
4 89
5 13
9 33
7 95
10 85
2 55
7 60
9 13
6 40
4 87
10 21
10 2
10 27
5 91
4 9
10 16
7 41
6 54
7 48
6 52
9 15
2 98
1 92
5 27
2 67
4 37
4 60
9 40
6 56
10 98
1 56
3 90
2 81
8 7
8 37
5 80
5 35
7 82
8 67
2 78
4 25
3 41
2 32
8 10
6 63
1 60
1 100
3 94
7 25
1 67
10 92
3 82
2 70
8 23
4 81
5 20
9 80
4 48
7 24
9 21
1 100
9 1
2 69
1 87
9 4
6 100
3 90
7 70
7 87
2 13
1 22
4 93
7 13
6 64
6 52
3 32
5 25
10 12
10 27
5 9
1 23
7 13
5 6
7 89
9 16
10 27
10 63
9 53
9 79
2 1
5 81
7 4
7 92
1 19
4 67
2 25
3 58
4 33
10 71
9 43
10 98
1 35
4 94
9 29
3 47
5 61
1 9
7 96
9 9
10 40
5 19
6 6
1 69
6 61
8 12
7 86
10 32
10 7
7 25
8 89
2 49
3 87
5 50
3 32
10 81
10 45
7 17
8 73
1 59
1 81
9 62
1 44
8 83
7 72
7 11
3 68
3 96
9 31
10 90
9 29
3 56
4 84
6 40
5 45
7 48
1 18
5 94
3 1
5 23
1 34
4 16
10 82
6 73
9 52
9 43
7 66
8 78
3 22
7 48
5 34
1 46
5 22
10 16
9 44
8 99
4 78
9 52
1 80
10 48
8 56
9 64
10 60
1 74
10 3
1 73
2 57
2 43
8 73
7 53
1 85
7 44
7 90
5 91
4 45
7 84
10 61
7 26
1 22
1 9
6 99
6 80
4 33
1 75
1 17
2 36
7 69
6 38
10 11
6 54
7 81
10 46
4 96
8 47
10 84
7 31
8 14
10 67
1 11
10 96
9 81
9 21
10 7
8 25
6 64
6 31
6 93
9 2
4 86
9 48
2 51
1 99
3 100
1 80
3 66
3 48
10 69
9 76
8 63
4 100
5 63
6 80
9 56
4 59
9 61
4 90
10 26
4 6
10 37
2 42
8 94
10 83
8 20
3 89
10 70
8 59
7 79
3 100
2 31
1 6
3 54
6 36
6 54
1 91
9 88
6 29
3 64
7 67
6 28
7 97
6 16
10 8
9 59
10 83
10 25
1 31
5 29
9 26
1 94
8 7
3 51
7 49
3 15
10 46
10 99
5 90
3 35
5 25
9 97
8 93
9 22
8 5
8 97
9 52
1 51
9 98
6 76
5 90
10 72
2 12
10 10
8 34
9 82
4 2
7 51
2 71
2 43
2 85
3 96
9 38
6 59
7 100
1 68
8 25
7 98
9 91
3 57
10 12
6 74
1 89
9 18
10 23
5 8
9 83
9 29
2 97
5 53
1 20
2 16
9 96
2 78
2 8
9 97
1 88
10 41
3 88
7 51
1 31
1 59
8 2
9 63
8 75
6 34
5 39
4 70
5 53
4 15
8 98
7 83
2 50
8 47
5 39
8 32
3 90
10 86
8 43
6 24
7 18
8 8
2 48
7 15
10 7
9 25
9 75
8 14
4 10
6 98
7 40
10 98
2 28
7 17
5 90
2 62
4 41
9 35
10 32
1 3
9 54
6 53
4 100
5 41
7 93
7 97
6 36
