4 2
5 29
1 37
10 95
2 85
2 80
5 54
5 40
7 56
6 99
8 47
9 6
2 99
3 85
1 100
5 22
6 19
6 57
9 19
4 56
10 11
3 30
3 69
4 27
10 1
8 46
2 84
3 76
2 36
8 13
10 16
5 37
4 1
4 45
3 61
6 23
3 11
3 28
3 68
1 2
5 17
5 87
9 95
1 61
1 96
4 7
7 31
6 76
7 44
3 27
3 62
1 8
1 18
5 75
4 72
8 67
5 64
2 65
3 59
5 22
7 21
10 3
6 33
3 81
6 60
6 5
5 94
3 6
9 34
5 9
7 52
3 63
3 34
1 11
8 89
4 19
8 78
5 65
8 57
4 13
2 12
6 22
7 10
8 38
6 48
10 88
4 37
5 62
2 22
4 15
8 56
5 79
5 98
6 5
5 91
6 71
1 82
5 74
3 5
9 36
1 52
10 99
2 86
7 75
1 70
6 57
8 28
9 19
10 78
6 16
2 20
1 13
7 40
5 93
8 31
1 67
5 77
9 98
5 88
6 95
6 8
10 19
7 57
10 63
9 59
7 69
7 43
1 47
1 80
8 20
6 77
10 8
7 25
8 54
7 85
10 45
10 46
10 42
9 25
2 86
9 63
7 96
5 45
2 39
2 96
5 29
2 66
9 7
2 15
6 45
6 12
9 78
9 70
4 23
3 81
4 49
6 7
1 33
2 77
2 11
2 49
7 10
6 75
10 39
7 82
5 29
1 66
9 18
3 25
3 97
7 15
5 92
1 95
5 36
10 7
9 75
9 63
6 54
5 3
10 61
5 84
9 97
8 97
4 16
3 39
9 60
5 86
1 30
3 55
7 25
1 68
10 72
6 42
10 33
5 47
8 97
9 75
5 16
6 17
10 34
7 68
8 40
1 3
5 72
9 71
4 37
1 27
4 66
4 54
8 99
9 82
10 38
8 12
9 9
7 89
4 93
5 60
9 49
6 29
3 61
3 22
6 18
6 5
1 49
8 15
6 64
8 20
4 53
6 59
5 49
7 81
8 80
6 27
3 79
4 97
3 19
9 98
5 14
10 21
3 24
8 73
10 1
4 94
1 29
3 44
10 61
1 54
1 73
7 28
2 83
4 42
3 35
2 25
3 56
9 23
6 32
9 35
1 33
1 79
8 28
8 35
1 50
1 59
10 93
1 25
6 8
2 16
3 76
7 21
6 44
9 64
6 1
9 63
8 83
3 67
7 95
1 12
6 99
10 68
3 47
7 92
6 54
6 76
9 48
2 56
8 27
10 47
9 98
5 47
9 85
4 23
9 69
5 47
3 67
2 22
1 72
6 95
8 85
8 13
10 48
5 15
8 27
7 21
2 8
7 53
6 74
10 43
8 68
9 60
1 76
1 5
4 68
7 76
10 65
4 95
5 52
7 79
8 66
2 53
6 10
4 3
4 47
9 37
9 33
1 46
10 6
7 35
1 50
2 68
3 6
3 55
9 75
1 82
2 74
4 83
9 22
9 18
5 74
4 76
5 11
5 55
4 47
7 87
7 27
9 51
8 33
7 93
6 9
6 41
4 13
5 84
9 53
5 58
2 9
4 9
6 76
8 73
6 24
5 86
1 51
1 37
3 56
9 19
10 12
8 87
3 82
6 71
4 82
10 11
9 46
9 42
8 1
10 78
9 70
8 14
6 49
10 22
4 21
1 16
2 50
2 50
6 30
5 41
4 71
10 33
10 51
10 38
6 65
3 84
5 52
1 50
6 70
8 30
4 11
3 45
7 40
4 65
7 47
3 49
7 65
9 92
8 11
2 70
7 62
2 4
10 18
2 83
5 10
2 45
9 74
8 56
7 61
7 55
7 35
5 24
6 99
1 15
4 23
9 21
7 97
4 14
3 52
2 88
3 60
10 38
6 7
6 61
10 62
9 30
4 24
1 4
6 58
1 80
6 53
2 60
9 73
1 82
10 74
2 86
3 41
5 27
7 16
2 94
3 23
9 100
10 100
3 88
1 50
2 9
6 74
1 30
6 79
8 40
6 69
6 72
9 41
4 70
2 23
9 58
3 84
7 67
2 6
3 33
1 7
7 72
3 43
10 48
6 67
3 31
7 55
8 62
2 87
8 61
10 66
3 22
8 16
5 29
1 6
9 73
1 72
1 71
7 23
5 36
9 72
1 1
5 74
4 29
5 4
10 54
6 27
7 88
1 51
4 15
9 5
9 48
2 22
5 55
5 30
10 53
8 27
1 97
3 85
8 76
8 27
7 70
4 13
4 8
5 31
3 65
6 21
7 29
3 88
5 8
1 8
1 4
2 8
10 38
6 72
9 84
5 54
10 13
2 25
10 29
8 38
9 71
9 16
4 36
4 95
2 6
1 29
2 59
9 54
4 69
8 95
6 80
3 55
10 51
9 5
1 91
8 56
9 41
10 17
1 66
7 51
4 13
4 26
7 42
2 94
8 51
9 27
7 72
3 34
10 52
1 91
3 34
4 67
5 66
1 24
8 90
1 27
1 89
9 38
10 92
8 88
1 74
8 18
7 73
7 84
3 100
2 45
10 87
7 17
3 48
3 33
2 57
5 4
6 86
6 64
9 21
5 7
6 11
7 2
7 70
10 41
6 2
7 37
5 38
1 78
2 38
3 32
8 49
7 78
5 60
1 54
6 21
1 4
7 54
5 70
5 100
5 93
9 32
1 6
1 38
2 28
9 3
5 21
4 69
3 96
4 70
1 63
7 2
5 83
6 79
2 54
4 66
4 83
4 73
6 68
4 79
9 17
7 68
5 1
1 3
4 19
6 46
6 12
10 25
4 51
8 42
2 18
10 13
3 64
4 28
2 12
9 50
5 9
4 14
5 27
9 35
9 35
6 78
4 79
10 80
4 25
6 58
8 98
5 27
3 55
7 38
8 80
5 22
1 74
3 51
10 51
8 93
2 99
7 39
10 78
9 50
10 29
3 17
6 75
4 67
9 97
10 32
7 10
4 23
3 69
8 68
3 13
10 10
2 20
8 89
5 7
10 80
4 26
6 30
5 75
3 2
5 42
8 8
4 33
5 70
7 5
10 45
8 25
8 10
2 26
4 37
5 16
1 9
9 53
3 100
6 60
1 46
1 26
9 19
6 40
2 59
5 40
3 34
5 59
10 75
8 20
4 97
4 28
9 33
10 46
4 84
7 97
8 95
4 4
6 81
4 30
5 48
1 51
10 67
7 20
5 16
6 15
6 57
7 3
2 73
1 4
4 87
4 62
2 84
1 60
9 25
2 84
10 15
7 42
8 19
9 74
9 6
3 31
5 43
8 62
4 53
6 8
4 31
3 87
9 49
1 52
5 1
8 11
1 48
8 72
2 16
7 67
7 59
4 39
5 70
7 63
3 75
4 65
9 65
7 21
1 67
8 22
5 40
8 48
7 94
10 86
9 88
5 54
3 59
6 80
1 26
9 80
2 22
2 12
7 49
9 94
3 57
4 27
6 37
8 70
2 81
8 95
2 1
5 95
8 32
5 93
7 22
9 24
6 47
6 53
1 79
9 64
5 28
4 10
9 50
6 92
8 66
5 17
8 61
6 83
8 65
5 8
6 71
3 35
4 44
3 96
3 82
1 22
2 62
9 80
5 1
10 4
7 8
1 73
8 37
1 36
3 47
1 38
4 50
3 13
7 44
5 24
1 64
7 20
8 74
2 73
5 60
9 42
6 32
4 46
5 49
4 12
9 96
9 98
8 13
6 2
9 72
3 22
10 8
10 2
3 85
9 36
3 13
3 12
7 9
7 66
10 86
5 1
9 32
10 30
4 77
2 38
2 91
6 81
4 41
5 84
2 14
10 90
4 25
6 91
8 27
7 6
2 25
1 77
7 74
7 87
1 30
4 34
6 26
8 18
9 57
6 7
3 10
2 55
2 96
7 32
9 31
1 65
3 45
7 31
8 78
10 36
10 8
5 25
6 100
5 9
10 30
10 94
1 99
2 66
6 86
3 34
2 52
1 72
10 37
5 68
7 9
6 11
10 15
10 23
9 89
4 94
10 61
5 4
1 40
8 100
10 55
10 93
8 2
1 95
7 5
9 86
4 54
4 45
10 51
8 56
9 38
8 56
6 58
3 71
1 26
6 41
9 18
6 97
1 14
8 42
3 56
9 59
6 53
8 97
1 32
4 32
3 58
9 51
9 45
1 26
6 96
5 96
5 61
9 98
6 96
3 32
8 8
10 13
8 91
10 5
2 21
3 35
9 66
6 85
8 54
7 38
9 67
4 66
5 63
6 45
3 71
8 65
3 11
5 2
8 47
9 34
3 52
4 86
7 13
2 68
2 97
4 65
4 54
3 67
7 95
2 36
7 55
9 59
9 90
8 77
4 10
4 59
3 55
2 55
8 75
7 89
7 34
8 69
7 33
3 34
10 82
1 37
6 45
4 64
9 14
5 46
8 47
3 37
10 43
9 72
2 45
5 99
4 44
3 69
2 21
7 4
