4 95
8 11
9 54
8 80
9 78
5 82
7 49
2 65
2 79
4 3
10 100
9 41
6 17
6 82
10 33
3 50
1 25
5 45
7 57
2 70
10 17
7 30
7 45
8 14
2 82
5 70
8 63
5 60
4 47
2 37
10 100
3 47
2 57
7 61
10 61
7 95
10 89
6 81
9 84
9 96
2 73
3 8
6 10
8 57
4 80
1 57
10 92
4 2
5 25
4 21
9 55
5 64
2 56
8 19
9 9
6 58
5 94
6 100
6 63
9 63
1 91
2 17
4 55
2 80
10 23
2 39
5 10
4 65
5 95
7 10
1 49
4 60
8 55
3 24
2 65
10 15
8 59
7 97
8 72
4 41
10 8
7 30
10 42
3 89
8 70
1 23
4 63
2 40
1 49
8 56
2 5
3 41
8 18
8 69
10 8
3 64
8 32
8 23
6 52
7 5
10 89
1 71
5 91
4 32
7 96
7 54
8 93
4 44
1 46
6 85
2 37
5 2
1 7
4 80
9 35
5 93
10 64
5 29
8 26
8 37
6 64
7 79
2 13
5 21
10 80
10 89
8 35
6 54
6 29
1 39
7 72
1 24
7 47
7 61
2 75
5 70
5 17
4 12
2 12
8 40
4 17
6 66
9 1
8 18
3 66
4 66
10 58
5 59
8 45
8 87
2 2
8 20
6 34
7 40
4 58
8 88
2 43
2 75
9 51
7 63
2 53
5 31
4 1
3 38
2 92
3 3
8 20
3 3
10 61
9 87
6 11
8 86
2 59
6 63
5 81
3 92
4 20
10 33
2 6
1 92
5 94
6 26
9 93
6 98
10 33
2 89
8 45
10 78
2 65
1 72
1 8
9 91
1 1
8 60
7 25
3 2
4 1
9 26
5 51
8 34
3 69
10 90
2 21
6 75
3 100
4 14
2 24
8 5
3 46
4 49
9 64
8 56
9 83
1 57
3 25
8 43
6 10
3 66
3 37
9 34
6 42
5 39
8 88
4 89
3 53
8 14
9 81
3 73
5 97
6 26
3 68
10 68
10 61
2 38
3 32
6 95
10 62
10 96
3 76
7 69
9 59
4 45
1 4
2 82
4 7
8 21
2 62
3 94
2 72
8 37
7 71
2 33
2 47
10 62
9 65
10 6
4 49
9 68
8 36
1 51
5 81
2 26
6 66
4 81
5 40
3 75
7 81
9 89
10 55
9 8
4 82
10 99
5 25
3 65
6 29
5 27
9 47
7 81
5 45
9 16
2 45
3 76
2 23
7 59
4 56
9 54
6 31
6 94
5 40
10 72
10 8
7 71
9 93
7 3
3 34
1 72
7 99
3 88
10 51
9 10
3 11
5 12
5 37
2 96
2 41
7 79
8 40
2 66
3 10
10 79
2 82
2 28
7 86
7 75
5 80
6 3
6 16
4 94
9 27
2 68
8 94
9 95
2 69
2 22
3 20
9 28
4 48
2 14
2 5
9 90
7 23
6 97
2 4
10 28
2 10
7 95
10 34
8 53
4 56
1 72
8 18
8 52
1 60
3 40
9 78
2 63
7 91
7 17
5 92
7 39
2 5
6 85
5 76
10 79
10 5
4 55
7 91
8 71
1 39
3 22
2 31
9 76
4 61
6 75
4 59
8 74
3 69
1 25
2 98
6 43
6 62
10 77
5 40
7 23
3 64
6 93
4 58
6 72
10 11
8 91
2 8
8 53
5 73
2 88
6 22
2 60
8 70
7 91
9 97
7 53
5 24
1 41
9 5
9 71
7 32
8 92
4 95
9 64
8 21
8 30
9 22
4 51
8 50
7 80
7 87
1 94
4 14
10 90
6 85
7 89
2 77
4 23
4 19
5 35
3 78
4 51
1 40
3 46
8 80
1 42
9 24
7 41
8 91
2 27
3 23
2 59
10 17
2 87
9 10
7 38
2 79
1 46
3 65
2 66
2 87
6 42
8 25
6 98
4 1
6 1
7 1
7 55
1 77
7 29
1 34
9 30
8 48
3 51
10 21
3 12
1 64
2 51
9 89
3 73
2 55
6 15
9 24
6 19
4 64
2 21
9 97
5 29
7 66
6 56
7 40
10 67
5 38
8 7
9 50
6 78
1 18
5 10
8 16
3 34
2 46
1 87
2 9
4 73
4 29
3 43
4 62
8 67
7 98
9 79
6 99
1 17
2 16
10 26
7 28
7 16
5 12
8 62
5 7
1 13
7 56
5 96
4 30
9 88
1 59
3 30
3 19
8 67
1 97
5 63
5 46
7 37
6 77
9 11
5 39
10 81
8 51
7 48
7 38
2 2
4 49
2 33
1 12
2 31
3 96
6 8
3 41
7 18
7 78
10 29
8 41
7 13
1 58
7 27
9 88
3 82
8 41
3 64
7 56
4 84
5 77
2 78
8 32
7 13
8 70
5 37
2 85
4 78
3 10
9 61
9 18
10 90
4 42
1 22
9 29
10 92
1 69
2 72
3 100
6 8
2 49
7 71
4 83
2 15
7 83
1 17
5 82
8 76
1 29
2 25
3 5
6 91
3 23
6 75
10 90
8 6
5 28
7 14
8 38
6 91
4 91
8 8
1 9
8 27
9 57
3 50
8 17
9 39
9 19
9 99
2 24
8 31
2 98
7 79
10 68
10 96
7 45
9 86
8 68
8 3
10 95
1 96
2 53
9 57
5 54
5 55
3 15
8 19
1 36
7 66
5 19
6 21
10 78
1 34
7 37
8 24
8 89
6 69
9 37
10 66
4 56
10 64
10 27
4 82
4 53
7 82
1 49
1 22
1 8
9 69
3 5
7 83
7 22
4 65
9 77
3 9
7 47
8 6
3 96
9 45
3 25
1 100
3 20
2 64
8 63
9 35
9 20
1 98
9 67
6 74
6 88
5 94
2 85
1 57
7 34
4 18
10 85
7 48
8 29
7 1
2 22
7 39
1 13
10 75
2 62
1 14
9 28
2 9
10 90
3 60
3 53
9 99
3 81
8 5
7 24
4 91
6 61
7 10
7 78
9 37
6 31
9 45
8 56
6 46
6 57
8 83
6 80
6 35
1 51
3 40
6 1
9 45
4 24
10 79
2 14
3 48
5 49
9 21
1 3
2 22
6 6
8 20
6 77
4 34
4 21
8 81
9 32
7 3
3 12
7 31
8 36
6 48
2 84
10 68
3 86
6 83
3 62
7 17
3 2
7 40
3 7
1 99
7 69
7 57
7 65
7 42
5 54
2 93
10 17
8 82
4 58
5 31
9 80
10 50
4 89
1 46
2 48
1 59
3 48
5 39
2 74
6 24
2 94
8 68
7 43
7 36
5 57
2 61
10 49
7 21
10 60
3 66
1 84
1 37
10 4
7 18
8 27
8 56
1 17
6 67
4 46
10 82
8 56
2 29
8 68
1 68
1 4
6 10
1 88
2 12
9 35
7 52
1 73
1 95
5 63
10 80
1 59
6 68
8 39
2 39
7 97
3 75
5 97
2 65
10 63
4 73
3 87
2 47
2 35
3 40
7 92
10 50
1 5
9 97
7 2
9 3
9 41
7 59
1 19
3 67
7 65
3 91
7 25
5 42
5 93
8 96
8 64
6 93
4 5
7 18
8 17
8 14
8 63
5 16
2 42
2 92
5 83
4 12
3 46
2 17
9 92
5 43
8 47
6 42
1 26
7 39
2 15
4 51
10 12
4 62
1 46
9 28
10 37
6 70
5 48
8 8
7 60
4 36
5 33
2 35
6 9
6 23
8 46
6 49
5 83
5 56
8 47
10 28
6 97
3 61
6 68
9 32
9 63
8 36
10 17
2 1
7 17
9 27
7 48
2 46
5 24
6 83
6 28
10 38
5 69
7 50
6 66
3 59
10 79
8 7
8 45
10 69
6 70
6 42
6 47
7 90
10 76
8 87
1 67
6 92
3 41
1 25
2 22
5 19
8 44
4 33
10 63
6 30
3 9
5 61
4 65
2 27
8 38
8 19
4 58
4 9
4 100
2 38
4 84
5 83
1 13
5 25
9 97
10 96
6 29
3 72
6 19
8 14
1 35
6 64
5 58
2 37
10 22
3 100
7 83
2 39
1 62
6 39
9 33
5 23
9 54
1 79
7 58
8 88
3 98
8 53
5 100
9 57
9 60
4 12
5 53
7 91
10 40
3 81
4 60
9 4
10 89
3 17
10 40
9 20
1 7
9 8
5 94
9 31
7 21
9 41
9 40
8 52
3 26
6 13
5 42
4 25
8 42
7 39
6 34
2 34
5 47
6 86
4 93
7 9
3 42
9 84
8 6
7 8
2 57
4 11
1 31
5 44
5 76
9 76
5 27
6 6
6 5
7 98
4 89
8 85
6 42
3 41
5 41
8 89
8 95
1 85
5 63
9 68
6 63
9 1
4 9
6 12
3 62
7 74
1 98
7 61
6 93
7 52
7 38
10 90
8 11
8 69
5 58
2 57
1 27
7 42
3 75
6 28
10 9
3 51
