4 45
7 5
1 92
4 66
5 36
6 27
7 30
1 41
8 53
2 68
3 55
1 1
8 41
5 79
1 74
9 26
9 47
4 93
9 58
9 47
5 73
6 21
3 19
5 51
5 30
1 2
3 80
9 1
3 59
1 59
1 79
7 69
5 48
4 41
7 42
4 4
6 10
7 10
6 26
7 44
1 84
7 74
10 31
4 15
1 19
9 86
3 69
2 91
8 84
4 83
7 34
1 17
5 75
1 21
9 47
9 7
9 83
1 42
3 62
8 19
7 86
8 46
6 27
9 71
5 87
5 42
10 37
8 5
1 23
10 59
4 2
7 78
2 95
2 89
5 25
8 24
8 94
6 98
3 33
10 74
4 65
3 46
10 24
5 80
8 60
5 18
9 29
2 46
5 43
4 51
2 94
9 11
9 72
9 82
2 84
3 44
10 81
8 63
2 85
7 76
3 25
3 56
6 89
1 66
9 61
7 96
7 71
9 76
5 72
4 38
7 35
9 8
7 1
4 53
2 84
7 3
5 61
4 35
10 4
1 100
1 56
6 72
6 28
1 43
8 2
1 62
10 26
9 71
3 52
10 88
5 55
6 42
9 94
10 45
4 29
4 29
2 3
6 84
5 44
2 55
2 82
3 7
8 18
5 65
5 1
7 73
3 93
6 20
7 22
8 37
10 45
6 36
7 76
7 43
5 100
10 68
6 76
10 7
10 99
10 1
5 41
7 3
10 35
9 54
10 98
3 83
10 15
7 47
2 33
7 4
4 30
3 80
4 63
10 36
2 88
1 16
3 89
2 62
6 15
1 40
2 70
3 12
8 47
7 67
10 99
8 73
5 53
6 57
8 1
6 5
4 73
10 66
4 7
3 58
2 9
7 57
2 26
4 54
8 14
6 59
3 10
7 90
6 18
6 56
7 96
3 90
7 14
3 22
3 20
4 63
7 92
10 74
1 42
9 75
5 48
1 4
10 42
7 93
5 55
3 36
1 30
5 47
4 85
3 21
7 24
7 65
1 92
9 63
8 66
8 10
8 19
6 54
7 11
4 71
6 64
2 6
5 5
10 1
1 99
1 10
7 71
8 93
10 13
4 11
4 42
3 39
1 6
4 8
7 97
2 69
1 36
6 34
3 78
1 34
5 70
5 82
3 53
9 98
5 40
7 99
5 49
9 14
9 98
6 91
3 8
2 38
10 43
1 35
7 21
10 44
3 33
2 33
3 77
8 8
9 61
2 31
4 13
1 83
7 85
2 11
10 43
4 14
4 29
3 54
8 26
6 42
7 33
3 95
4 17
5 47
8 99
5 10
3 24
5 50
1 78
8 11
2 16
4 69
1 88
5 43
6 17
9 40
10 53
10 35
2 7
5 7
9 86
2 41
1 96
7 48
10 66
7 40
5 69
2 83
6 37
6 89
5 78
7 58
8 97
3 94
7 85
5 52
7 95
4 72
5 71
7 92
4 68
8 38
4 96
6 64
7 26
8 21
8 33
1 24
1 22
1 79
6 65
2 78
6 29
5 34
7 70
4 85
5 1
6 28
8 59
10 17
4 50
1 18
2 77
2 63
5 99
5 3
5 88
1 38
1 12
4 72
4 85
3 82
7 8
5 71
8 71
4 69
6 86
4 70
7 84
6 5
5 5
5 82
9 90
9 83
2 33
4 34
6 24
2 72
2 45
5 39
1 52
8 99
1 37
10 59
7 44
9 96
9 27
6 12
7 75
6 17
6 96
7 55
3 87
9 36
2 81
9 43
3 66
6 65
8 59
4 97
3 31
8 19
6 37
10 24
4 99
7 24
9 75
10 24
8 42
9 83
9 51
10 24
4 93
2 83
2 37
8 17
3 67
1 18
10 68
8 55
6 90
6 96
4 20
4 72
6 64
5 43
5 80
10 54
9 97
4 19
3 87
4 39
5 45
2 57
5 60
7 56
5 44
3 42
1 67
7 93
10 35
1 90
4 59
1 64
10 62
5 19
5 23
9 35
2 61
6 41
4 91
5 60
4 73
7 4
2 7
9 100
1 18
3 39
2 88
5 51
6 67
7 53
2 92
4 40
6 51
6 96
9 24
6 87
2 84
2 80
5 56
3 64
8 4
9 6
9 24
2 94
3 66
4 59
8 19
6 59
8 39
8 68
7 68
1 60
6 99
7 33
4 71
1 19
8 78
4 96
5 38
4 83
8 5
5 28
9 34
3 55
6 37
10 60
4 89
7 64
7 16
4 43
9 91
10 70
4 1
9 3
10 87
6 40
3 78
1 64
5 44
1 2
3 48
3 56
2 62
6 11
1 52
9 86
6 61
1 57
1 63
4 1
8 2
3 1
9 31
4 71
2 86
3 45
1 50
7 64
7 68
1 36
2 32
7 82
5 68
4 71
8 61
9 32
6 15
5 99
4 13
4 22
6 51
10 55
9 54
6 72
4 98
6 76
7 6
9 40
6 84
8 88
8 87
5 82
6 27
4 54
10 100
7 43
10 52
4 66
2 43
9 57
5 97
6 7
3 67
9 43
6 10
7 90
7 97
5 74
7 5
8 54
8 40
8 88
3 92
9 11
5 10
3 89
9 64
6 72
5 3
5 70
3 73
8 7
10 86
3 73
8 14
5 6
5 73
4 92
9 11
10 69
7 51
6 82
7 39
6 68
7 29
6 15
2 30
2 8
3 100
5 33
1 93
5 39
10 31
7 83
9 38
4 9
9 71
6 59
9 51
10 27
6 71
4 89
3 76
3 52
5 98
7 40
5 59
1 88
2 17
1 93
5 72
9 35
8 92
8 60
2 99
1 44
6 80
4 9
1 3
9 32
10 7
6 100
3 42
5 18
7 49
1 91
10 66
4 75
5 75
10 34
7 44
6 60
5 79
8 45
2 12
7 48
1 68
3 83
7 69
6 77
1 97
4 31
2 91
6 96
9 39
7 63
4 41
8 87
4 26
6 79
3 90
4 8
5 82
10 88
1 21
3 40
5 23
8 47
6 55
5 94
4 98
3 25
9 74
1 48
9 19
9 38
3 78
8 63
5 3
7 43
1 29
6 48
8 17
9 10
8 99
7 35
7 43
4 74
4 84
3 96
8 39
10 73
4 95
6 65
7 8
4 13
9 62
8 73
3 8
1 64
6 94
1 85
4 97
1 32
5 94
5 43
4 94
1 91
10 25
1 72
5 97
4 28
7 86
6 75
10 28
7 57
4 89
2 40
6 66
1 86
9 41
4 92
4 73
2 41
7 57
1 10
7 42
10 98
3 24
2 93
4 37
6 25
2 15
6 86
5 44
4 93
5 48
4 60
9 26
4 40
5 6
8 87
9 23
4 82
2 93
8 75
3 91
4 69
6 28
10 25
10 40
2 91
9 91
7 58
6 41
1 45
4 29
9 85
10 28
3 39
5 24
3 51
10 62
5 3
10 9
5 9
1 99
6 30
10 23
7 16
9 12
6 86
6 9
3 54
3 68
5 44
6 74
2 75
5 66
6 89
6 70
9 12
5 31
6 100
3 91
2 51
6 78
1 97
9 10
4 42
3 29
2 30
8 18
9 76
9 23
2 30
8 93
2 100
4 57
5 75
4 100
8 54
2 66
10 5
5 85
7 95
7 61
3 98
5 84
2 29
5 48
8 66
8 28
9 29
7 5
1 58
10 25
10 3
9 30
10 54
7 85
1 83
2 74
8 5
8 61
4 23
10 11
9 25
7 59
7 17
5 10
10 93
5 74
2 91
9 48
9 25
6 71
4 34
2 78
10 54
9 56
8 10
3 26
2 68
7 77
6 14
5 34
9 37
9 44
5 53
1 94
10 24
6 34
8 54
8 54
5 84
7 69
8 45
1 18
7 49
1 46
4 16
4 68
10 28
1 82
8 79
7 70
10 57
8 67
10 24
4 90
1 14
2 33
9 61
3 7
8 62
3 47
6 33
9 79
2 28
5 81
7 94
10 41
9 31
2 49
1 99
7 94
8 49
8 48
4 25
10 81
4 10
6 31
7 10
3 29
2 7
2 96
3 73
3 11
3 58
8 56
9 93
3 62
4 82
3 88
7 99
9 36
2 5
6 98
2 14
4 20
2 11
6 28
1 66
7 20
10 98
5 69
4 47
7 34
10 2
5 76
6 65
6 96
1 39
4 25
9 23
1 41
8 59
7 83
9 18
2 100
9 35
5 99
7 37
2 5
1 67
2 89
10 51
8 53
8 96
9 40
8 46
8 72
8 20
3 64
9 32
4 59
7 45
1 78
1 38
9 65
10 23
2 17
6 43
7 91
2 21
5 77
4 67
6 50
7 92
6 16
8 93
2 48
4 17
1 19
2 47
5 5
7 57
9 84
2 30
8 33
1 92
4 34
4 81
2 80
10 89
9 14
1 41
3 41
2 42
3 53
7 67
5 92
3 13
7 76
5 87
9 13
3 43
10 7
9 37
10 69
7 37
8 59
6 75
4 12
7 56
3 41
1 84
6 59
6 96
8 92
6 92
