1 74
3 58
8 55
3 97
4 13
5 32
9 72
9 42
2 5
2 5
2 8
5 35
2 71
6 63
8 69
6 9
1 60
3 87
10 4
9 7
8 12
4 2
10 30
4 2
1 2
8 12
10 52
10 72
9 80
8 42
8 60
3 7
10 29
8 49
9 34
1 68
7 79
1 70
8 10
3 18
6 92
9 22
5 98
1 62
5 14
1 57
7 50
4 3
6 5
2 56
2 74
9 57
4 5
5 85
1 64
7 91
10 59
4 3
1 28
6 62
5 2
3 8
3 81
5 86
10 60
8 24
3 23
7 77
7 28
3 57
5 84
2 97
5 79
6 15
4 73
1 28
1 77
10 75
6 84
6 71
8 82
1 6
6 61
2 34
8 3
7 36
10 39
3 11
5 15
5 63
1 86
1 72
4 49
8 7
8 8
8 39
2 10
9 12
5 69
4 30
10 5
3 97
5 61
6 34
1 33
1 17
5 14
3 37
7 39
9 74
9 68
8 66
5 66
6 96
10 43
10 65
2 4
1 8
4 93
6 81
7 39
4 75
6 10
7 40
8 35
7 98
8 17
6 71
2 76
8 1
1 69
9 84
7 98
2 22
8 3
9 38
4 51
1 44
10 41
6 68
2 88
8 10
5 34
6 91
5 78
10 63
8 10
1 91
2 72
9 69
7 51
4 15
5 83
4 92
9 79
4 27
5 68
10 46
5 91
1 70
10 14
1 98
3 67
8 58
7 86
6 51
9 74
6 84
3 24
9 99
1 41
8 58
9 42
1 34
2 53
10 47
10 29
3 38
8 42
9 40
6 8
3 26
4 72
5 58
10 83
10 54
5 66
5 28
7 33
10 42
6 71
8 83
7 27
8 92
7 59
5 66
6 50
9 92
1 68
10 93
7 98
9 63
10 38
3 39
6 66
7 43
10 85
7 54
7 44
1 11
4 16
9 51
10 92
8 68
6 54
5 97
2 46
8 64
4 98
8 48
9 2
8 76
6 20
9 71
5 44
5 78
10 31
5 52
7 2
2 63
2 35
4 9
2 10
4 24
8 94
3 58
9 75
2 80
5 24
9 27
1 15
6 63
1 100
7 89
7 96
4 63
2 90
2 26
4 80
7 55
4 29
7 38
5 10
8 81
8 63
8 14
10 85
4 42
8 94
6 61
3 9
7 78
10 83
10 7
4 27
3 37
5 99
2 40
10 19
10 26
1 8
5 67
4 49
1 61
3 77
5 41
8 39
4 26
2 3
1 29
8 98
5 31
1 20
3 4
9 82
8 96
6 24
2 31
10 17
2 61
9 74
2 33
1 52
10 85
6 85
3 52
3 11
5 39
9 49
1 17
7 59
4 65
5 97
5 6
6 7
10 15
10 32
5 45
2 25
9 98
10 30
6 67
5 32
1 95
5 98
2 55
1 82
7 23
4 78
2 63
3 33
9 22
10 44
2 52
9 83
1 33
10 45
2 24
10 27
7 26
1 26
10 28
2 38
2 100
1 52
4 35
8 17
1 90
1 85
9 26
9 32
8 79
10 79
1 96
7 98
5 40
3 1
6 98
2 17
1 62
10 26
10 78
2 52
3 95
6 32
2 17
5 45
4 38
2 86
9 50
6 30
3 93
9 76
3 74
2 69
10 4
9 97
9 19
4 46
8 53
10 7
6 43
10 70
8 32
2 89
1 72
4 91
2 85
3 14
3 63
2 60
10 7
10 76
8 19
3 7
6 12
7 17
6 24
1 62
2 68
3 2
3 63
1 57
4 41
7 23
5 42
1 44
10 49
2 64
1 49
4 27
7 97
9 91
10 46
3 87
2 50
10 13
4 42
6 36
9 47
1 96
6 59
7 82
8 88
10 23
2 27
6 78
1 30
7 83
4 51
1 88
1 34
1 98
3 6
1 39
1 37
7 36
6 81
1 86
10 86
10 84
9 82
4 71
7 65
6 25
7 55
3 20
4 80
5 2
6 75
9 100
1 50
1 80
9 85
4 96
6 5
3 20
1 85
6 100
8 37
10 28
2 16
3 65
1 52
5 80
8 12
9 54
4 6
5 3
2 98
7 88
5 4
7 57
9 70
5 60
8 10
10 44
6 96
6 61
4 15
7 61
7 86
10 8
2 69
1 33
10 62
5 18
8 47
2 87
6 54
1 70
5 77
5 82
1 95
10 45
9 20
6 84
5 33
7 28
4 96
2 75
7 71
9 42
5 79
9 69
6 20
7 27
2 80
7 29
9 35
10 82
3 95
4 58
2 84
5 96
10 29
2 77
10 13
8 79
4 38
8 95
1 30
1 43
3 37
7 13
3 46
10 34
1 32
5 62
6 48
1 61
10 62
8 21
5 10
9 95
8 6
2 86
3 1
8 91
2 51
7 87
4 56
3 90
1 15
9 12
5 69
8 95
3 50
7 77
5 24
3 20
1 89
7 53
6 76
4 1
10 6
8 10
8 2
3 25
2 96
2 1
4 26
3 98
10 9
1 85
9 95
1 12
1 33
1 88
8 93
9 46
10 10
2 27
6 76
9 13
6 64
4 72
2 16
1 54
1 87
9 36
5 44
6 29
3 73
4 72
2 1
4 69
10 23
6 9
2 38
4 29
5 25
7 90
3 86
5 83
4 32
2 82
2 75
6 52
6 14
8 56
10 39
9 32
4 85
6 53
4 31
7 93
6 53
1 26
2 82
7 8
8 5
10 56
8 28
6 93
4 98
1 77
5 48
6 26
5 17
10 62
4 64
7 76
3 67
4 52
4 2
10 59
7 48
9 69
7 62
10 12
1 7
3 70
6 40
10 98
2 22
4 20
4 72
7 32
7 75
4 57
8 26
6 27
3 75
1 9
10 6
7 37
2 95
1 88
1 66
4 90
9 32
10 24
8 21
10 23
6 86
9 44
9 91
4 35
9 69
2 17
2 15
1 16
10 60
9 14
5 35
10 40
10 35
10 9
10 28
3 14
10 10
7 82
10 93
4 96
4 38
6 77
9 54
3 36
9 89
8 64
7 27
6 94
2 39
10 7
2 20
3 33
4 57
9 66
6 84
1 23
10 83
5 68
4 11
8 43
7 47
4 59
5 57
5 42
7 44
8 59
4 79
7 92
4 65
9 36
9 99
10 46
3 78
7 42
10 46
7 75
3 100
5 10
3 51
5 57
7 87
8 45
7 46
6 99
5 68
10 73
1 35
4 26
7 69
10 11
5 98
10 46
7 9
6 93
10 98
6 95
9 78
7 52
7 88
6 66
4 1
2 72
4 91
10 23
1 2
5 100
5 28
5 46
3 31
5 37
4 69
1 28
3 39
1 12
7 66
6 61
3 53
4 18
4 24
3 1
10 63
3 81
7 47
3 40
8 73
7 30
2 81
2 12
1 17
1 29
2 56
8 99
10 38
6 30
9 18
6 67
8 87
6 88
10 12
9 29
3 59
7 54
3 13
2 90
9 52
3 20
10 26
7 42
1 18
8 97
6 53
6 19
3 31
3 56
3 27
7 59
10 17
1 56
9 11
3 60
7 21
4 9
1 75
9 29
1 75
2 6
2 8
6 76
8 45
10 58
8 27
7 58
9 43
1 5
1 4
10 28
7 82
8 63
4 72
7 3
3 35
4 97
9 52
1 49
4 58
9 28
9 30
4 60
2 66
7 67
3 68
7 64
6 57
8 62
8 52
4 45
9 13
4 7
5 12
2 60
5 43
6 86
7 85
3 92
2 32
3 18
8 26
9 94
10 44
9 30
7 20
1 91
7 49
2 87
3 53
1 59
5 11
6 34
7 23
1 66
10 83
5 48
1 75
7 64
1 93
1 64
6 52
9 90
8 92
8 33
6 11
7 63
10 34
5 75
9 94
2 93
10 58
3 32
4 27
10 16
10 91
8 84
8 15
7 76
10 60
8 26
9 37
8 12
5 92
2 86
5 98
7 35
10 37
1 75
7 29
5 31
9 11
10 53
1 82
10 53
1 91
8 65
4 28
3 58
9 5
1 25
6 13
8 22
1 16
5 27
9 70
9 85
6 43
9 99
7 61
9 23
4 40
4 35
7 28
10 37
6 30
2 36
1 53
10 27
2 68
10 28
5 37
1 10
3 12
7 39
1 67
7 97
8 55
9 19
7 24
8 45
6 93
10 34
1 42
1 3
10 79
3 12
5 68
2 29
10 95
6 8
6 65
5 59
7 88
2 34
9 46
5 66
2 8
1 91
6 10
6 12
6 31
4 58
4 69
7 56
9 15
4 94
4 11
2 80
3 55
1 3
5 71
1 55
2 2
6 20
4 91
2 79
1 7
2 31
7 4
8 42
4 84
5 70
2 92
5 62
1 88
9 74
9 98
1 70
8 83
7 32
10 69
4 92
3 91
9 33
4 22
8 6
5 38
8 95
6 37
7 99
1 40
10 60
4 25
8 41
5 83
4 3
5 6
1 14
1 35
3 36
9 39
1 18
2 2
4 46
10 74
10 100
10 78
10 72
1 52
