3 17
8 2
10 27
8 1
3 66
5 15
8 38
3 84
4 46
8 62
1 73
2 41
9 56
3 90
6 98
2 95
6 74
6 29
5 96
6 26
3 19
3 99
2 47
2 51
8 95
4 22
7 15
7 8
10 73
4 32
4 53
1 61
1 34
10 14
9 91
1 76
4 68
1 53
2 50
6 66
1 74
6 80
9 43
8 17
8 79
10 63
10 97
2 47
9 8
8 60
4 31
9 41
2 68
4 61
1 40
5 54
8 30
8 94
3 20
2 47
8 55
3 57
4 85
10 22
1 50
6 34
2 12
6 69
2 61
8 99
4 4
10 59
10 95
10 23
5 67
8 47
5 93
9 64
3 54
2 33
9 27
8 18
6 63
2 94
4 13
7 47
7 94
10 76
2 76
7 23
9 70
8 33
6 1
6 3
9 79
6 66
8 58
1 16
7 4
8 94
3 54
1 82
7 47
6 62
5 71
1 6
9 93
4 56
8 47
4 66
3 84
10 22
6 81
2 86
3 13
3 81
8 22
2 67
10 86
4 89
8 98
10 81
7 3
9 29
2 86
3 50
1 58
1 89
10 54
2 73
9 88
10 73
2 30
4 86
4 3
6 84
2 22
9 58
2 32
8 83
9 16
5 21
10 56
4 18
10 98
2 38
1 81
9 40
3 62
10 39
3 27
7 96
8 88
1 3
6 77
4 88
10 7
6 57
2 51
9 41
5 29
5 4
4 63
8 42
6 22
4 58
5 42
5 21
3 34
2 7
4 93
7 82
8 37
8 85
5 90
1 48
7 27
7 11
6 10
6 40
10 10
8 47
6 63
1 90
10 93
10 78
3 84
5 89
4 80
10 88
7 98
10 97
7 4
9 11
10 35
2 34
2 82
7 43
6 26
8 8
6 4
10 20
5 79
7 34
9 1
4 21
4 62
2 41
1 32
9 44
2 81
7 92
1 50
6 92
3 95
6 30
4 13
8 93
7 94
6 85
9 21
3 69
4 94
5 99
2 51
3 62
8 12
3 53
8 33
9 64
1 59
10 14
10 83
4 82
10 99
10 70
5 62
3 37
3 63
9 20
3 72
2 78
8 57
4 6
4 53
4 14
2 22
4 78
1 2
3 14
6 25
2 48
7 85
8 90
7 92
2 4
5 9
4 83
8 16
1 22
8 20
5 34
2 7
9 70
5 97
2 40
1 41
6 64
10 53
7 82
10 93
2 66
5 60
8 73
10 7
7 79
9 67
1 21
7 26
2 3
9 90
7 54
5 9
8 5
6 72
4 35
9 7
7 11
6 67
4 36
6 40
8 54
4 27
3 9
3 63
5 45
1 11
6 71
8 100
2 37
10 77
6 88
6 41
1 91
7 24
10 68
4 67
2 26
2 6
7 40
6 92
4 32
8 13
4 16
1 15
8 57
4 36
9 22
10 96
5 26
6 12
9 89
6 51
4 65
6 53
7 76
1 98
8 35
1 84
7 95
7 41
4 12
4 96
1 47
5 51
3 63
2 91
8 92
10 92
1 100
1 68
10 23
8 15
4 87
7 8
10 94
2 11
7 32
3 58
1 88
8 91
6 6
9 97
5 27
10 59
5 66
5 63
10 84
8 10
2 79
3 41
8 11
7 88
2 42
2 39
4 90
5 83
7 61
10 22
10 92
7 99
7 41
7 5
5 20
4 96
7 12
8 15
10 48
1 12
8 85
10 97
8 16
3 99
10 62
1 42
8 94
3 93
10 2
3 28
7 1
4 36
7 18
7 70
9 4
10 16
1 58
6 73
5 78
3 44
7 29
3 17
9 65
1 32
4 20
8 11
8 5
5 30
4 81
5 54
8 72
7 95
3 29
7 79
10 48
1 65
7 84
6 43
6 66
6 12
7 25
10 13
10 22
2 35
4 32
5 62
6 38
8 22
2 10
4 91
5 54
4 83
9 4
3 31
1 63
6 30
6 70
8 15
3 82
3 70
2 52
8 92
2 35
7 96
5 4
5 65
9 73
7 93
7 44
10 47
10 34
8 89
10 54
9 34
3 56
2 68
1 28
9 78
9 96
5 81
3 27
10 93
9 71
10 95
2 38
2 1
6 5
9 90
1 94
4 100
4 32
9 44
8 93
6 53
1 100
2 2
5 81
10 78
4 82
1 38
9 67
4 74
8 98
9 56
10 70
9 66
2 55
6 63
6 51
1 78
1 47
3 54
2 60
8 10
1 9
5 93
2 7
3 86
8 100
7 79
2 89
2 20
7 91
6 40
9 29
7 11
10 13
2 90
6 16
8 47
3 68
5 49
7 1
4 89
2 28
2 56
7 60
6 90
6 70
4 67
2 96
8 45
5 62
7 9
3 51
1 15
3 19
7 77
1 10
4 75
3 88
6 38
5 11
6 88
7 83
4 97
9 28
1 68
8 59
8 75
5 19
7 100
6 63
4 29
1 70
10 32
5 18
5 22
7 77
6 62
2 18
8 33
3 45
3 3
5 54
9 53
9 48
4 7
1 42
3 42
7 96
3 40
5 32
4 71
2 27
8 23
4 59
2 27
5 66
6 28
4 85
8 39
2 40
9 28
4 62
4 75
2 5
8 59
9 36
6 50
8 13
3 93
4 6
9 4
5 7
1 66
7 67
8 39
1 65
5 7
4 58
6 21
1 48
5 32
1 97
9 62
8 62
6 66
4 63
5 20
10 58
2 96
9 8
7 91
2 7
7 72
7 30
10 91
6 86
1 65
10 3
2 95
9 35
4 92
4 15
8 65
10 21
4 12
10 49
6 15
3 100
9 67
3 78
6 9
9 27
8 56
6 11
2 5
9 28
3 93
9 49
3 37
3 40
10 80
3 84
5 74
4 42
1 100
9 6
3 52
5 47
7 47
4 15
5 82
6 36
10 18
3 17
10 64
7 81
3 85
8 54
6 56
3 33
9 86
4 31
9 91
9 29
8 32
3 53
8 87
9 84
1 59
2 63
8 5
10 22
10 60
3 80
8 14
6 75
9 63
4 39
6 19
5 26
4 84
1 91
3 74
5 88
1 48
3 71
1 84
2 11
9 27
3 5
3 91
8 29
6 97
3 72
10 39
4 9
3 3
8 11
5 90
4 47
10 49
5 89
9 18
10 89
8 75
10 25
6 35
3 74
3 62
10 57
5 48
7 19
10 1
10 77
4 100
10 22
3 58
6 14
2 78
9 60
6 52
5 56
2 7
2 40
7 60
7 46
5 61
4 68
9 78
2 95
9 51
10 36
9 78
8 8
6 73
10 44
1 5
7 55
9 38
10 48
7 16
10 79
2 38
1 91
7 53
3 22
6 52
9 10
1 59
10 89
9 86
1 12
7 16
1 88
3 57
1 90
4 18
10 25
4 68
3 45
5 4
3 51
9 94
4 36
6 72
2 72
7 85
8 77
9 40
4 25
6 91
10 97
10 66
6 22
7 30
3 6
6 22
2 96
10 93
9 14
5 16
9 9
4 31
9 95
5 56
1 97
4 77
1 62
10 76
2 88
5 16
9 74
3 82
10 11
9 66
10 87
1 52
1 81
5 99
7 77
10 42
2 51
5 86
8 36
9 56
10 22
6 59
3 16
1 82
6 55
8 76
10 44
3 49
6 62
8 14
5 68
2 40
3 62
5 30
1 96
2 17
7 40
7 38
8 12
7 28
1 89
3 31
10 16
2 37
9 26
8 39
8 35
3 75
10 91
2 6
6 74
3 13
3 78
8 94
5 60
9 57
7 71
8 76
7 36
8 65
4 39
9 38
5 64
8 27
7 59
4 97
9 58
9 66
4 16
6 98
10 14
8 49
4 38
9 47
7 96
3 41
10 7
7 32
6 76
3 100
8 51
8 48
1 11
4 70
7 39
7 59
2 38
10 24
9 27
9 30
8 80
4 13
10 77
1 73
3 46
8 46
3 50
5 42
5 10
1 83
5 74
6 72
10 90
8 38
5 85
2 24
2 15
3 12
8 54
5 87
6 40
2 85
3 48
5 67
8 94
1 98
6 76
9 37
4 32
6 43
6 24
9 2
6 26
2 24
8 8
6 12
4 19
2 29
6 81
9 28
4 100
5 96
4 79
2 59
9 56
9 23
10 12
6 30
4 48
5 12
6 41
7 4
4 38
10 66
10 45
9 36
7 40
8 19
2 50
7 89
9 96
7 77
5 1
6 44
10 38
1 35
3 75
4 54
1 75
4 15
2 88
2 8
3 69
6 63
10 58
5 92
8 54
3 35
2 8
3 26
2 4
6 10
6 8
5 66
3 55
1 82
4 83
2 99
9 12
3 6
1 49
3 71
10 10
1 55
6 67
6 35
5 73
4 18
9 55
6 89
8 65
5 57
4 72
6 21
2 5
2 47
9 73
5 30
5 45
10 83
9 36
2 40
3 30
10 1
8 48
7 18
9 83
2 74
8 93
6 15
5 20
5 22
4 37
7 14
7 99
7 21
9 90
3 19
3 7
9 16
8 8
8 1
5 26
