2 67
10 40
4 83
4 31
3 18
6 11
5 67
3 14
7 98
9 89
10 85
1 87
5 72
5 96
8 79
3 66
2 60
2 92
10 74
3 11
5 50
10 67
9 72
2 42
10 46
7 56
5 89
2 43
6 61
8 5
3 88
8 16
8 67
1 30
10 34
4 64
10 21
2 33
4 19
8 79
2 14
1 90
10 17
10 96
7 12
1 90
4 98
10 81
1 58
4 85
8 51
6 75
8 32
1 94
2 69
8 97
3 100
10 59
10 53
3 68
7 81
6 43
3 53
4 53
4 23
4 57
8 13
6 71
7 67
7 92
6 85
3 56
3 22
6 95
7 11
4 92
4 59
10 56
5 31
2 68
6 79
1 23
6 73
2 38
8 83
8 49
6 19
3 23
5 13
1 99
3 69
6 7
3 36
6 69
6 63
10 89
8 30
5 45
6 23
9 65
9 45
6 76
1 76
9 55
1 9
2 5
6 3
9 15
5 50
10 95
3 22
3 52
10 8
5 45
5 1
5 15
4 20
3 29
7 27
7 35
3 90
7 95
1 36
4 65
3 30
3 37
4 38
10 51
9 61
8 58
9 58
1 30
10 91
2 32
1 45
1 88
2 68
8 4
5 72
9 4
8 93
7 74
10 34
1 28
1 9
2 28
5 99
10 75
5 34
7 14
3 37
8 30
5 87
8 60
2 32
6 85
5 53
6 4
10 39
4 55
3 24
1 39
7 6
8 93
6 84
3 17
9 95
5 17
6 58
4 31
3 3
5 68
3 3
5 42
6 64
2 85
9 53
1 99
4 7
9 14
3 43
2 87
5 56
7 12
1 15
10 21
4 70
4 56
9 15
10 81
4 18
10 74
8 30
1 1
8 40
6 71
3 85
8 75
10 28
2 8
3 44
10 79
9 92
1 79
6 41
10 15
8 20
4 78
5 21
8 27
4 32
10 71
6 16
2 65
3 1
8 28
4 3
9 40
3 73
7 22
4 84
9 58
2 18
5 80
9 20
6 47
7 80
3 23
1 6
4 61
8 17
9 65
6 90
7 95
8 26
5 100
6 66
1 84
4 49
8 81
10 13
1 8
3 30
8 19
1 32
1 27
3 92
3 47
8 70
3 38
7 58
1 63
2 6
5 23
8 44
5 81
4 53
10 46
2 74
4 18
7 70
2 52
5 49
10 61
6 7
3 45
4 34
1 55
7 43
4 14
2 96
4 63
10 60
8 73
6 26
5 1
4 68
5 30
1 20
7 48
5 17
5 10
3 41
3 26
7 58
6 18
8 44
10 32
1 62
7 13
9 33
7 60
3 66
6 83
3 54
8 92
3 76
6 42
10 32
9 2
7 84
5 81
1 56
2 39
7 75
3 15
1 16
5 58
7 75
5 66
10 78
10 29
7 68
4 14
9 25
9 39
5 99
4 29
8 49
8 18
2 19
4 70
2 81
10 36
4 81
3 91
3 28
4 82
1 37
4 93
3 87
4 95
4 12
7 44
1 10
5 63
3 81
7 10
10 20
10 86
8 6
2 82
8 45
2 79
4 43
9 59
2 55
6 8
4 3
10 68
3 28
8 66
7 59
3 99
1 24
6 15
6 68
10 28
4 53
8 14
5 17
9 92
1 55
6 2
4 40
4 56
2 50
9 92
3 39
8 13
8 57
10 80
10 61
1 35
3 43
5 45
1 73
4 36
8 71
1 7
1 23
2 92
3 61
2 61
1 27
10 20
4 16
5 69
6 19
3 25
4 19
8 16
5 1
6 95
5 70
9 1
8 63
8 17
6 83
6 25
10 53
6 73
5 64
10 81
5 32
8 29
1 97
10 45
4 94
10 58
3 80
5 8
8 2
4 53
8 59
6 47
2 26
6 82
10 53
7 93
9 45
1 79
5 78
5 58
7 40
1 96
10 90
10 93
10 3
9 2
1 94
2 80
2 67
2 41
5 12
9 84
1 26
6 39
2 18
5 3
5 47
7 81
5 99
4 36
1 21
6 94
5 22
5 95
10 34
5 65
10 76
10 64
4 39
1 98
6 59
3 13
7 39
10 61
2 67
5 57
5 73
9 47
2 67
7 5
7 100
8 10
6 86
2 63
1 51
1 82
3 84
4 40
10 36
10 16
8 91
4 83
9 28
8 28
8 84
9 94
8 84
3 84
7 77
10 73
4 64
9 5
5 22
6 40
5 46
8 90
9 35
6 15
7 68
7 94
3 21
4 89
6 16
6 100
10 34
5 51
1 49
7 62
6 55
9 80
8 5
1 68
3 37
3 29
8 58
5 59
7 75
6 91
2 51
10 20
1 32
9 13
9 1
5 69
4 59
7 5
2 12
5 36
6 36
3 16
6 26
10 5
6 17
7 44
1 92
8 26
2 15
5 51
1 98
3 14
1 24
10 67
9 25
7 32
10 49
3 37
4 44
5 74
6 67
4 7
8 5
10 9
7 84
4 92
9 18
6 25
10 25
2 1
4 54
7 67
5 86
2 87
2 59
3 88
6 10
2 38
6 100
6 9
2 82
6 81
5 90
3 75
3 55
10 96
5 49
5 9
9 10
10 47
9 5
7 10
2 58
5 2
2 31
5 38
7 46
10 85
10 70
6 30
5 12
1 39
7 96
8 74
2 34
6 77
1 97
6 81
9 73
4 54
9 4
9 4
6 99
10 53
1 6
7 8
10 16
9 8
9 12
2 67
10 69
3 1
9 94
1 3
5 74
3 56
2 52
6 60
10 61
4 29
9 18
9 16
3 6
10 40
4 97
2 66
4 96
5 94
6 74
6 93
3 46
1 100
9 23
9 57
5 97
6 65
6 2
4 94
6 82
2 46
7 19
2 81
5 2
1 53
3 47
5 32
1 95
5 28
9 73
10 22
2 86
10 100
5 46
6 58
4 72
9 60
5 26
4 87
3 39
5 17
3 58
1 83
4 16
1 46
2 98
5 97
3 24
6 39
2 22
1 29
2 2
9 19
9 26
3 84
5 88
7 71
1 59
9 10
9 30
1 50
9 33
10 98
10 16
5 85
6 45
3 17
8 17
9 94
2 14
8 44
7 44
5 15
8 18
9 65
2 48
10 98
4 76
7 71
4 70
10 35
9 9
10 92
1 79
7 38
5 40
3 72
8 84
9 36
5 67
7 28
9 11
7 64
8 17
4 41
1 53
8 25
4 20
6 21
2 71
10 91
5 95
4 50
10 67
7 75
1 70
1 56
6 94
5 68
2 18
6 53
4 93
3 26
7 87
5 20
1 2
1 5
3 82
8 72
10 85
10 44
5 91
2 87
3 97
4 87
5 89
1 46
10 98
7 67
10 91
3 37
6 31
4 23
1 98
9 77
4 15
7 59
8 17
5 19
10 89
8 25
5 91
5 64
3 65
10 32
8 58
2 100
1 50
2 22
4 63
10 89
6 28
6 99
6 46
8 71
3 97
6 26
4 81
9 75
3 46
1 40
6 73
2 86
2 32
6 73
6 50
3 16
8 93
3 40
2 28
3 79
4 46
1 85
9 1
9 7
10 32
9 16
1 44
10 65
2 69
6 57
8 69
8 90
8 13
4 40
10 61
9 35
7 91
7 23
9 44
1 96
10 15
9 24
6 6
4 19
10 47
2 90
8 45
8 68
10 4
7 97
2 47
9 92
3 64
10 40
6 74
2 51
5 32
3 47
9 17
2 19
2 24
3 23
1 61
2 24
4 35
4 91
1 59
5 68
7 86
2 35
8 14
9 82
7 42
9 42
8 60
5 29
3 100
4 93
5 31
2 20
2 22
10 76
5 53
1 81
1 64
7 17
10 2
9 51
7 73
5 73
4 22
10 97
8 18
1 80
10 42
10 87
2 47
5 90
6 57
1 10
4 55
5 13
9 45
7 73
4 58
9 23
4 41
3 92
1 74
8 99
1 93
9 9
5 56
6 97
1 39
4 43
6 10
9 88
10 6
9 52
6 36
3 1
7 71
4 24
5 21
10 79
9 26
7 58
5 1
2 91
7 19
1 20
6 22
5 50
1 91
7 5
4 4
2 7
3 65
8 95
6 58
6 64
5 19
4 83
9 9
1 57
9 97
6 97
4 21
6 59
9 54
7 34
7 21
10 4
1 92
7 4
10 50
2 85
2 29
5 50
9 28
8 22
10 28
5 39
7 78
1 42
2 64
5 89
1 72
10 37
1 46
3 75
3 36
3 75
1 69
1 33
3 71
10 52
5 22
3 68
7 26
4 96
5 93
10 49
3 23
1 74
4 8
3 32
7 32
8 14
5 65
2 67
2 81
5 80
3 21
10 74
10 79
8 52
8 53
4 22
1 5
9 38
4 42
10 4
6 47
3 17
8 90
10 32
6 82
1 54
3 27
2 20
4 89
6 31
2 4
5 28
1 67
7 50
6 51
10 85
10 8
8 61
10 64
10 20
5 19
3 41
6 30
3 30
7 7
10 53
4 90
8 95
10 16
2 30
7 65
9 49
9 4
2 46
