8 74
10 97
1 2
6 27
8 45
3 93
8 52
9 60
5 60
9 11
6 8
4 41
2 16
7 37
2 19
5 20
10 5
1 69
3 44
4 10
5 45
10 26
7 65
7 29
4 33
2 84
6 7
1 30
1 28
8 9
1 52
10 89
9 1
5 96
10 5
4 98
9 78
8 68
7 99
7 88
10 93
7 11
9 43
5 19
4 96
7 16
3 88
8 31
4 58
2 55
10 53
10 84
7 93
7 1
9 18
7 89
2 88
2 34
7 1
5 11
8 48
8 13
1 74
7 25
10 52
10 16
1 5
6 60
9 90
8 78
1 12
3 69
1 34
1 67
6 60
8 55
10 99
10 100
5 23
3 72
3 19
6 9
2 32
3 81
8 5
5 100
8 12
5 8
2 62
6 13
3 53
10 3
5 91
2 61
4 18
8 64
10 11
8 25
3 91
6 36
2 34
9 42
5 87
8 50
3 98
3 12
5 58
10 70
7 98
4 25
3 67
6 16
7 75
10 96
2 61
7 32
10 85
10 16
6 19
5 30
3 84
5 92
8 14
9 49
1 94
8 82
8 27
3 65
3 65
6 42
3 11
10 11
7 18
4 2
2 40
3 77
2 90
3 93
1 58
5 36
9 93
8 38
10 89
2 75
1 59
6 16
6 12
8 75
10 5
10 72
9 93
2 90
7 62
10 4
3 61
2 46
10 72
9 32
3 13
7 57
6 38
4 92
6 92
2 24
4 38
3 59
3 34
2 50
8 9
5 12
10 24
1 4
2 91
2 24
1 84
3 52
7 54
6 28
1 40
9 32
8 4
9 34
2 20
3 89
6 32
1 64
3 17
3 82
6 50
3 58
4 78
5 72
10 47
2 55
6 79
5 61
9 52
6 92
4 22
3 51
5 73
8 14
10 31
8 43
1 9
8 47
4 78
1 56
5 81
6 93
8 13
2 31
1 47
9 3
7 100
4 7
8 41
5 49
3 31
6 32
6 80
6 25
3 8
7 37
5 56
10 98
9 79
9 71
4 83
4 62
9 59
7 21
5 31
8 66
9 16
8 44
1 83
2 18
3 40
4 71
8 44
10 26
4 80
1 61
1 9
5 62
6 30
10 15
7 17
5 87
4 23
1 25
4 85
2 53
2 27
7 29
8 57
5 50
4 73
2 93
2 65
5 1
4 62
10 19
9 14
9 14
5 7
5 92
6 40
4 10
10 85
6 100
8 34
9 13
7 21
8 26
5 59
3 85
3 54
8 50
6 33
2 21
10 40
7 56
10 66
8 25
9 5
6 99
10 5
6 58
5 33
8 45
7 75
3 48
5 43
6 63
1 84
1 38
9 11
2 43
5 81
5 90
9 51
8 56
1 44
1 87
4 92
1 57
2 13
3 16
2 24
5 11
7 49
4 28
6 27
2 38
8 19
2 93
8 91
2 92
1 69
9 43
4 18
10 75
1 9
5 4
2 97
9 14
5 58
9 43
5 20
4 60
7 93
9 67
7 70
10 30
10 6
2 23
10 96
1 59
5 94
10 48
2 27
7 55
7 49
1 44
1 59
10 75
4 63
10 63
4 56
1 100
9 92
6 69
9 13
2 77
3 30
9 61
2 73
4 55
6 67
3 73
10 64
8 24
8 89
10 49
2 36
2 67
2 35
9 39
3 14
6 44
2 71
2 81
9 63
3 18
2 56
7 12
1 81
6 2
2 83
4 25
6 34
5 67
1 19
10 35
1 86
6 9
1 74
6 14
6 70
9 43
10 20
3 36
6 97
8 99
7 100
8 15
6 79
1 47
1 76
8 55
6 89
2 87
9 28
5 75
1 10
8 35
8 55
8 93
3 73
4 80
5 86
4 67
5 94
1 43
1 34
3 66
6 72
6 35
3 19
3 16
3 33
6 58
3 88
8 43
3 75
1 56
1 52
10 94
2 27
9 37
1 84
5 93
10 90
4 61
4 32
3 77
3 18
5 91
5 77
8 22
4 11
10 8
4 65
3 75
1 19
1 91
1 52
1 70
6 100
10 36
1 23
7 78
5 94
4 83
1 32
6 7
9 15
8 76
5 63
2 69
10 53
10 54
4 49
8 35
5 17
6 2
9 40
8 3
7 43
9 14
3 91
10 4
5 54
5 91
10 28
3 23
1 42
3 57
10 46
8 70
9 41
3 8
1 62
2 41
5 17
3 35
4 72
9 55
6 57
9 38
5 53
6 74
8 49
4 89
3 88
9 9
9 41
2 61
2 79
9 47
5 82
3 91
7 68
4 51
3 86
2 85
3 46
1 51
9 47
7 82
10 11
7 83
3 68
7 99
2 45
2 1
1 81
1 58
1 32
9 60
7 33
3 56
3 31
9 22
10 59
5 44
5 8
1 32
7 83
10 14
2 78
6 83
5 71
9 55
5 98
10 86
6 28
1 82
8 100
1 80
5 89
9 26
1 53
8 12
3 85
9 88
2 76
3 1
2 94
2 39
8 43
6 18
8 62
5 35
3 9
5 88
6 78
10 80
10 67
8 52
7 78
4 79
1 77
5 87
7 50
1 61
3 83
3 18
10 48
9 33
3 54
10 10
4 65
2 44
1 41
9 19
5 47
1 99
5 95
3 90
10 53
8 70
9 9
4 56
1 48
5 34
3 66
2 50
6 6
1 32
4 9
2 80
7 39
9 46
5 39
9 37
10 78
10 2
5 71
1 71
1 2
1 62
3 31
5 64
2 10
4 80
8 70
1 29
2 79
1 2
4 69
10 91
10 38
3 41
1 32
6 91
10 97
5 7
7 59
4 1
9 73
4 78
2 59
6 97
2 82
3 71
7 73
6 90
2 31
4 14
10 27
4 24
8 69
7 11
6 56
7 59
1 41
8 76
3 30
1 85
6 12
5 47
1 95
5 74
5 29
8 34
10 54
1 58
10 31
2 74
6 32
3 68
8 68
2 34
10 25
6 23
8 70
4 44
9 22
6 69
5 47
7 56
2 99
8 78
1 22
9 69
4 8
10 79
3 34
6 78
6 53
3 25
4 80
3 50
4 80
3 52
2 41
4 73
10 11
4 46
5 94
4 96
4 68
4 96
2 38
6 98
10 71
6 89
3 68
3 42
3 27
1 60
6 80
7 57
3 54
7 60
5 80
3 59
5 48
4 15
4 36
7 86
5 5
6 57
5 32
10 88
7 69
5 44
9 19
2 60
5 100
3 99
5 36
1 29
9 32
9 40
5 97
9 12
2 92
8 32
3 4
4 80
5 72
3 20
1 34
8 9
10 21
2 67
1 56
9 87
9 32
1 68
3 68
8 30
4 100
3 26
4 95
6 29
10 37
1 80
2 38
8 49
5 53
7 76
7 86
4 9
8 24
4 34
10 98
8 84
4 64
8 96
4 53
9 40
6 77
9 12
6 98
5 87
8 8
1 59
5 90
6 94
7 15
9 14
4 70
6 35
6 74
2 44
1 31
9 89
6 2
10 84
7 19
3 40
9 25
6 82
1 75
1 83
7 15
2 43
3 56
6 87
3 49
7 4
5 80
2 83
6 21
5 25
1 92
10 76
9 10
4 3
9 61
8 43
7 98
8 20
8 65
3 40
1 80
5 47
2 5
7 79
1 90
10 26
10 22
7 50
9 58
1 1
9 69
4 87
8 21
3 66
1 12
5 41
1 61
9 25
10 85
3 72
1 12
9 91
6 28
5 11
3 64
6 60
1 54
3 35
1 57
9 58
9 42
7 67
3 78
4 90
3 20
3 59
1 21
10 60
3 70
1 23
9 33
2 96
3 85
7 35
3 12
9 13
2 26
10 42
2 96
6 78
3 79
7 56
8 88
8 73
6 37
1 29
6 73
7 6
9 45
1 82
5 7
6 30
10 92
8 85
3 51
5 37
4 25
7 99
1 8
4 10
5 20
3 18
8 64
9 76
5 30
10 65
10 66
8 29
8 53
8 69
1 31
6 24
5 54
8 55
4 94
2 20
5 3
6 86
7 34
3 20
1 93
2 87
4 1
5 98
6 9
2 89
9 80
3 82
3 59
1 1
5 7
2 85
1 23
3 56
4 67
8 64
1 53
10 21
6 91
8 57
3 82
6 38
2 26
4 91
10 36
10 76
5 25
5 67
1 16
6 81
1 47
6 58
2 98
5 51
6 42
3 2
4 6
9 48
1 85
10 51
9 88
9 93
1 37
2 81
10 60
1 25
9 38
5 98
2 9
7 77
5 17
7 18
3 73
4 43
9 93
8 42
6 23
4 32
9 75
7 15
7 78
3 3
8 8
3 58
6 70
6 74
9 87
8 64
2 94
10 58
7 65
2 60
2 29
9 28
7 71
2 30
4 27
5 60
7 92
5 11
4 84
3 66
7 42
2 15
9 21
7 61
6 27
4 30
7 63
4 18
10 5
8 72
7 33
3 20
4 44
2 26
9 59
7 35
2 36
4 13
5 19
3 2
3 21
9 42
8 57
2 50
7 77
7 19
8 96
4 62
