1 66
10 54
3 78
8 99
2 28
5 62
8 42
8 50
10 77
1 12
4 74
5 66
2 7
9 45
4 89
2 2
2 61
8 9
1 36
8 88
2 100
10 3
8 16
1 92
2 15
5 97
9 34
3 90
3 4
10 90
4 80
9 91
4 15
2 30
4 43
7 48
6 48
4 26
10 28
7 24
6 58
10 14
10 37
2 31
6 28
5 68
9 15
1 62
7 59
6 36
6 87
9 75
7 91
7 83
1 87
9 67
7 30
9 74
1 88
4 86
2 33
6 54
10 47
4 83
7 91
4 15
5 61
8 23
8 67
9 3
6 5
8 20
4 70
7 41
6 14
4 91
4 19
10 36
1 47
5 51
5 78
5 35
8 96
5 18
2 82
6 100
1 40
2 77
10 52
4 7
9 43
1 1
2 44
10 26
3 31
2 18
9 35
4 48
1 89
1 76
9 81
4 40
7 67
8 58
6 46
7 97
10 68
9 61
10 7
8 12
8 92
2 44
4 55
7 55
9 47
3 90
2 36
7 90
6 27
3 65
7 53
4 53
6 44
7 55
1 28
10 87
4 22
6 36
6 15
8 26
6 19
9 96
5 91
8 82
8 66
2 67
8 13
5 53
9 92
7 6
8 58
7 65
9 31
10 86
10 85
6 91
7 100
9 30
7 2
5 44
5 71
10 91
4 87
1 88
10 83
4 79
5 15
6 92
5 33
1 20
8 2
7 5
6 26
3 51
8 29
2 68
9 19
7 31
4 21
6 42
2 18
5 53
4 57
2 59
6 92
4 20
9 14
7 4
9 82
7 60
3 96
2 79
6 25
3 64
7 31
9 75
3 100
2 26
8 85
10 94
10 11
5 79
2 32
5 12
7 95
9 37
7 87
8 88
8 78
6 78
8 75
9 59
4 45
3 4
2 79
3 45
1 30
10 80
4 98
6 74
4 17
2 21
1 89
4 22
1 53
1 8
5 80
4 63
8 42
7 99
1 19
5 77
9 2
4 36
10 63
10 80
9 77
6 57
8 80
10 55
1 14
2 3
5 66
4 85
9 38
7 72
9 29
2 80
4 38
4 31
7 78
3 48
2 2
4 80
3 14
8 78
10 6
6 75
6 76
1 15
3 37
7 43
9 69
1 88
2 30
10 44
2 61
5 69
9 93
1 87
1 41
1 36
6 68
3 83
7 12
6 4
8 72
6 76
8 91
9 96
1 95
6 5
6 58
1 67
8 57
3 30
7 83
2 31
9 49
6 72
8 8
5 32
6 31
4 86
7 95
3 48
1 41
9 55
2 35
4 30
5 79
2 33
6 53
7 1
4 48
4 25
10 61
2 48
10 56
4 2
6 48
2 84
3 2
10 5
7 62
8 43
7 18
5 15
10 67
2 21
1 46
3 67
4 23
1 22
9 74
3 11
2 56
7 77
5 8
10 1
10 92
10 60
6 94
1 13
1 33
8 23
1 13
10 50
9 70
8 56
7 6
7 58
3 1
4 53
6 63
3 67
1 77
4 55
9 80
6 66
6 83
7 87
4 16
5 78
4 54
9 80
9 94
8 79
8 68
7 6
5 2
1 93
5 1
8 83
4 3
1 99
1 33
7 9
3 44
6 22
10 19
7 28
10 42
3 33
4 10
5 79
6 81
3 49
8 92
5 4
7 52
3 8
2 6
4 25
6 43
8 7
6 9
2 87
8 16
1 70
8 77
3 39
6 69
10 83
5 29
3 30
7 66
6 25
4 40
6 28
7 5
10 56
7 80
2 69
10 35
10 7
7 50
1 37
8 29
8 49
8 74
3 33
8 73
3 53
1 85
9 88
4 65
9 6
10 63
6 75
4 92
3 27
5 37
5 94
10 70
10 80
6 14
3 1
5 30
8 88
8 19
7 55
7 31
5 73
2 88
5 67
3 29
9 44
4 70
1 79
10 15
9 31
5 64
3 55
5 8
1 84
2 68
4 24
6 96
10 85
6 29
8 91
7 50
6 31
9 12
6 73
2 44
10 40
3 89
6 66
6 52
4 11
6 21
6 84
3 23
6 29
6 47
10 2
3 69
8 79
6 69
9 47
6 18
2 76
7 86
7 54
7 21
9 42
3 94
5 65
10 92
9 5
5 31
4 88
5 9
4 13
5 76
10 1
6 68
4 51
6 77
4 95
1 63
8 36
2 67
1 40
7 8
1 47
5 35
10 57
1 87
3 81
9 44
5 15
8 51
9 64
7 71
7 37
2 3
4 18
2 4
5 70
8 10
5 53
1 84
5 17
9 45
5 58
8 86
1 53
5 42
8 56
3 40
5 48
8 72
4 80
2 21
3 74
3 3
9 24
5 10
5 57
9 15
1 21
5 75
5 79
10 49
5 63
1 96
8 53
1 23
2 69
9 50
1 96
5 90
4 23
4 52
10 91
9 32
10 42
1 21
3 26
7 33
4 64
2 50
2 71
7 3
4 54
2 94
4 100
1 16
9 35
10 4
9 97
5 40
6 100
3 5
9 36
5 21
1 32
4 20
4 25
1 24
3 31
10 31
7 26
1 84
10 56
5 61
8 58
8 84
3 4
1 15
7 43
1 78
1 38
5 9
1 61
2 11
10 35
3 59
10 51
10 14
1 13
8 14
5 54
4 43
4 50
1 55
2 30
7 63
9 39
2 96
9 43
10 12
2 67
2 84
7 57
10 23
7 43
3 65
5 25
4 17
8 21
6 29
7 37
8 96
8 91
5 95
8 41
10 13
3 18
3 16
9 6
7 62
3 34
10 56
7 52
2 35
3 86
5 72
6 73
2 14
10 34
9 4
1 72
3 60
9 6
3 84
6 49
6 68
2 57
8 92
9 21
8 24
4 41
1 54
9 48
5 81
5 47
10 12
4 1
1 73
1 9
10 80
6 26
3 16
10 13
6 82
9 82
1 61
1 81
3 22
3 56
5 31
9 87
5 71
3 71
1 83
10 59
5 64
6 89
1 46
5 18
2 96
4 46
3 61
5 91
8 63
10 72
4 34
10 53
10 13
6 90
5 50
6 2
10 88
9 86
6 83
10 23
1 15
7 57
7 69
1 46
1 10
2 96
2 90
6 2
8 70
3 26
1 63
8 87
1 48
9 26
2 86
8 89
9 51
2 95
4 83
1 40
10 36
1 28
1 26
10 26
4 14
2 35
7 65
2 45
9 96
8 100
5 92
5 16
7 39
9 52
8 82
7 22
9 55
7 76
5 42
10 68
5 41
3 38
7 52
10 90
4 35
7 47
1 24
9 43
8 53
9 93
3 71
6 67
9 88
4 44
10 7
1 93
6 47
6 69
9 73
4 3
8 15
8 21
6 22
6 7
3 60
4 81
3 49
9 41
2 27
4 17
4 100
8 49
4 95
7 86
5 24
2 4
8 62
6 41
1 63
8 15
4 35
4 95
4 41
2 9
1 72
7 50
7 97
5 48
6 11
8 8
9 7
10 88
9 34
3 100
4 10
1 28
2 68
6 13
6 41
6 94
6 50
7 86
9 7
5 65
9 17
5 95
3 41
5 60
9 17
3 8
10 56
6 50
2 29
7 91
1 36
5 58
2 19
2 68
4 18
10 72
10 26
1 15
7 71
2 91
10 80
5 7
5 96
4 89
7 75
7 31
5 23
6 62
3 14
6 53
9 60
9 95
4 46
4 12
3 39
10 6
5 67
4 88
3 38
5 28
3 22
10 30
10 21
6 25
4 90
4 50
10 59
5 28
4 34
10 99
1 9
9 1
10 74
6 55
7 51
5 100
7 2
8 9
7 27
9 69
2 5
4 16
8 43
7 99
4 44
2 7
5 27
5 100
3 1
9 92
3 90
2 36
3 35
6 7
1 96
5 15
10 69
6 93
9 87
6 42
1 60
9 3
3 75
5 18
9 4
6 11
2 64
8 62
2 93
3 59
10 96
3 22
7 91
7 31
10 75
4 95
9 64
5 25
4 85
3 43
6 38
7 16
7 88
5 23
9 12
3 55
1 12
4 15
10 95
8 41
7 80
3 22
3 43
8 80
10 84
2 69
7 9
10 88
10 74
4 10
10 72
10 31
1 87
8 54
6 25
5 79
6 29
7 85
1 37
4 57
8 88
7 62
2 91
2 49
10 47
1 45
1 60
3 13
6 14
8 51
4 37
2 29
3 71
3 82
6 29
6 54
8 94
4 71
3 30
2 33
8 51
9 85
1 38
1 23
1 44
9 33
7 59
7 100
10 97
1 77
1 17
5 73
9 85
4 7
5 48
10 99
4 96
5 89
10 72
10 35
4 81
3 40
1 47
5 66
9 51
8 7
1 19
3 77
7 82
5 63
2 74
2 40
2 88
1 46
8 47
4 27
9 14
6 22
3 16
1 93
2 86
9 40
6 40
6 61
10 100
6 55
4 8
5 34
9 91
6 100
6 48
1 90
8 42
5 29
3 60
3 48
9 37
2 28
10 92
5 48
2 16
5 94
4 78
5 62
2 16
9 19
