9 78
7 2
5 68
2 2
5 51
4 89
3 39
1 87
4 24
3 72
3 8
1 71
6 71
7 20
8 17
3 20
5 92
4 72
5 100
2 92
7 44
10 31
5 49
1 9
10 5
10 96
5 6
3 52
7 22
4 58
1 8
1 16
4 29
10 87
6 45
9 14
9 24
6 59
9 82
7 52
6 79
8 24
1 35
5 43
10 90
8 72
8 80
2 90
5 45
7 36
6 87
6 11
4 37
1 33
3 85
6 47
7 94
1 6
5 92
5 12
8 12
2 39
7 91
4 92
1 68
6 30
5 51
2 36
7 66
5 21
4 54
7 75
8 58
6 16
8 32
2 42
2 44
4 93
5 12
7 48
7 18
3 84
3 85
1 97
5 90
4 43
3 58
10 44
6 90
10 5
8 4
5 54
9 42
5 72
8 84
5 90
10 30
6 20
3 80
4 77
10 75
9 75
10 45
3 77
1 12
3 33
10 55
6 16
10 14
3 55
5 81
3 79
9 98
8 26
10 76
3 61
9 15
4 42
4 69
5 11
3 6
3 84
2 37
2 43
3 20
4 38
2 27
5 71
4 20
6 28
2 74
7 8
10 75
2 11
9 32
9 14
7 6
10 47
4 95
7 44
4 92
1 86
4 45
2 2
4 77
2 87
6 9
3 36
4 12
2 22
5 86
5 65
6 62
1 40
3 9
7 62
8 37
8 65
5 71
5 47
7 10
4 16
5 65
1 55
9 56
7 83
8 82
2 81
3 83
9 97
7 13
7 55
6 33
8 37
9 58
6 55
8 53
1 34
1 15
10 21
2 28
6 42
3 44
9 78
3 97
8 89
7 85
10 21
6 46
8 37
8 73
10 53
7 59
7 17
1 83
8 27
6 8
8 67
8 1
2 19
10 52
10 80
3 73
5 60
6 30
8 85
4 100
6 38
3 60
6 97
3 43
9 65
6 91
6 67
4 68
5 5
10 76
5 38
10 36
4 1
5 67
4 97
3 96
4 30
5 48
9 78
7 1
6 83
8 47
9 12
7 62
1 91
10 77
2 55
10 6
7 92
8 78
4 61
9 68
8 48
4 34
1 73
9 97
8 48
4 59
2 48
4 90
5 51
10 15
2 16
1 48
9 57
2 83
9 49
8 37
9 77
7 4
6 44
3 34
9 33
7 78
1 58
5 88
7 23
9 37
7 60
3 61
3 23
1 70
6 26
10 62
8 37
9 93
8 77
1 48
10 30
8 10
7 74
5 45
4 35
7 17
6 22
10 30
6 79
4 71
3 31
1 44
3 99
7 20
7 43
1 4
10 86
2 41
5 77
6 44
7 44
1 89
1 36
2 54
4 24
8 98
10 39
9 6
8 61
8 50
4 10
9 5
9 54
10 72
6 97
2 66
10 70
5 30
10 37
9 21
3 64
6 79
3 80
3 24
6 44
1 56
6 86
5 60
6 25
4 43
7 12
9 50
3 9
8 57
6 74
9 88
6 4
6 61
9 98
9 19
4 83
3 88
9 47
7 44
7 36
8 46
3 93
8 17
1 4
10 100
5 49
4 22
3 19
1 66
1 99
4 34
1 20
5 79
7 30
1 77
8 23
9 37
3 39
5 49
1 68
9 64
2 60
7 23
7 99
9 100
9 28
10 5
7 35
9 93
1 25
3 48
1 33
2 48
6 13
7 89
7 84
2 97
9 29
5 56
1 41
9 72
8 30
10 57
4 2
10 46
6 54
3 40
2 100
10 35
7 32
10 38
4 54
4 3
4 50
4 85
7 84
10 79
2 52
4 2
7 51
4 90
10 100
2 73
9 1
7 22
2 33
3 74
5 15
10 9
2 34
3 53
10 49
5 27
5 58
5 83
5 38
10 8
5 51
8 80
9 59
6 44
6 57
6 73
10 26
3 41
4 46
4 100
10 96
3 41
8 12
4 32
10 1
2 26
9 68
8 65
7 4
4 39
1 62
9 90
9 97
5 34
2 64
10 70
10 49
10 93
7 6
1 93
4 22
5 31
3 65
9 75
5 77
2 69
1 2
10 65
5 45
2 11
6 26
9 20
5 3
10 22
7 5
10 39
7 93
2 62
2 48
7 82
7 77
4 47
5 76
1 15
7 61
9 98
7 38
8 50
9 30
10 46
6 3
5 82
1 71
10 64
2 71
9 59
9 57
6 18
9 100
2 63
7 82
5 1
5 18
1 3
2 64
6 80
6 82
8 76
6 96
2 90
9 68
2 5
3 29
7 52
4 3
7 97
6 84
9 77
5 25
4 75
1 3
6 3
4 73
7 52
5 36
3 38
6 34
4 52
7 92
3 78
7 91
10 78
2 74
9 58
5 99
5 98
9 27
1 21
5 4
4 43
3 10
10 41
4 34
9 81
6 79
4 20
4 30
7 13
1 54
10 32
3 92
10 42
8 86
9 76
5 15
10 15
9 91
8 19
5 62
1 47
9 2
10 53
3 7
3 35
1 1
6 63
4 77
1 60
3 2
7 18
8 27
8 4
10 11
8 40
9 88
10 99
4 16
3 99
8 10
1 51
2 46
6 19
2 17
6 94
4 100
10 5
3 70
6 25
5 21
1 64
8 42
8 12
9 18
8 13
4 19
5 82
10 19
2 4
10 35
1 99
10 43
3 14
6 26
9 62
5 46
10 78
1 94
7 22
2 28
1 6
3 90
8 43
4 16
7 37
9 49
2 24
6 92
6 65
7 26
5 79
8 45
6 60
1 15
6 2
7 41
8 44
4 91
4 50
9 67
8 76
9 86
4 28
10 90
3 50
9 54
5 49
7 11
8 44
2 33
6 75
10 82
6 1
4 11
10 24
6 66
2 63
8 15
1 83
5 3
5 65
3 62
5 52
9 24
10 12
6 41
9 34
10 7
7 38
6 5
6 56
7 69
8 88
8 30
4 86
5 33
5 5
9 42
8 67
4 64
7 82
8 9
2 62
7 27
10 8
9 45
7 43
10 2
9 37
6 41
5 44
10 8
10 68
5 75
10 6
8 6
5 87
2 43
9 24
2 15
7 65
6 95
3 28
2 75
2 71
9 94
5 58
7 74
3 100
6 39
1 54
7 27
10 31
10 66
7 79
10 47
3 70
1 67
10 91
10 68
10 62
9 31
8 51
5 20
5 27
7 48
7 98
1 6
9 94
5 57
10 39
3 22
10 79
8 85
2 25
6 23
10 74
8 15
3 32
7 13
9 7
10 29
4 10
4 32
4 72
4 19
5 93
4 45
7 87
4 82
1 41
6 41
2 11
4 34
3 56
9 3
3 77
3 62
4 27
1 41
9 1
9 41
10 64
8 39
5 72
8 4
7 12
1 13
9 45
10 45
6 27
1 95
9 78
8 91
1 28
8 84
1 81
10 52
1 96
3 17
3 9
6 9
8 53
4 33
7 64
9 22
9 82
10 93
10 100
4 25
5 58
4 18
5 28
2 5
4 22
5 59
6 57
2 8
4 32
5 50
1 47
5 15
3 88
3 12
8 84
10 10
10 100
10 51
10 13
8 71
1 1
9 5
9 30
4 45
1 78
1 12
7 80
9 95
4 97
5 97
6 29
4 64
2 99
8 51
3 2
2 45
10 10
1 82
7 98
1 53
3 58
9 38
2 69
3 70
4 38
2 27
8 13
6 2
1 74
3 37
3 73
4 25
5 24
6 11
5 62
4 14
7 53
3 85
2 8
3 88
3 51
6 79
7 3
6 36
5 41
3 29
1 71
7 47
8 12
3 47
4 2
9 54
1 54
5 92
10 59
4 1
7 50
10 5
5 95
3 38
7 77
6 97
7 21
1 37
7 49
6 60
5 70
8 4
6 69
8 85
4 51
6 89
3 14
10 89
9 92
4 36
5 73
8 51
5 37
10 93
8 99
4 7
3 94
4 31
8 87
7 69
1 72
10 61
6 16
3 10
10 59
3 7
4 53
1 47
4 76
3 97
3 87
3 95
8 54
7 2
8 95
6 79
6 26
6 36
2 98
6 29
5 17
8 38
9 34
7 23
6 34
6 91
5 56
8 70
5 30
7 90
8 74
10 41
8 69
6 62
8 92
3 1
3 96
2 24
8 20
7 45
9 98
1 18
4 31
10 73
6 10
6 44
3 79
3 40
8 69
5 47
8 20
5 43
3 13
10 23
8 14
4 57
2 42
6 18
9 83
5 51
10 33
10 93
8 14
8 11
7 93
2 23
9 5
8 23
2 36
4 51
4 16
9 25
3 57
1 59
3 64
7 73
5 41
5 39
5 76
6 76
4 75
3 42
7 96
7 72
7 69
10 50
2 74
8 15
7 54
2 58
4 27
7 99
10 48
9 20
6 4
1 64
9 97
8 97
1 67
7 67
7 84
10 25
4 33
3 55
3 39
4 49
1 7
8 64
2 91
9 87
9 95
4 18
2 61
10 62
3 30
10 16
10 17
1 13
10 73
5 15
10 42
5 26
7 61
8 57
8 94
6 12
10 64
1 44
