3 19
9 60
4 90
1 70
1 79
1 52
9 62
8 96
7 37
3 82
9 24
6 30
8 75
1 3
5 48
7 63
2 57
3 9
3 71
10 39
3 72
10 36
2 7
3 37
4 47
2 97
7 17
10 67
8 91
10 33
6 18
2 23
3 84
10 33
5 97
9 29
8 51
2 89
4 100
2 29
10 99
7 62
7 68
6 52
8 86
4 33
5 3
2 99
10 43
4 43
8 45
10 9
1 92
1 54
5 81
7 48
10 11
6 96
7 51
10 12
5 26
5 60
6 54
5 92
8 48
4 37
8 61
6 6
6 10
3 62
7 75
5 41
7 5
7 3
1 65
7 32
9 57
5 40
10 4
4 2
8 37
7 95
5 32
5 90
4 99
4 40
10 34
4 96
2 38
9 55
1 83
8 15
10 52
1 67
5 88
6 77
5 39
7 91
9 11
4 22
1 70
8 29
5 52
7 55
8 14
10 92
9 23
10 14
9 19
10 52
5 54
5 44
7 42
8 50
4 17
6 81
4 66
8 78
8 67
7 80
10 86
4 27
9 21
1 57
10 58
4 55
3 59
5 28
5 46
10 17
3 47
9 41
4 77
10 32
2 27
1 19
6 4
10 39
7 59
5 44
9 77
3 24
1 98
4 52
7 43
8 99
5 60
1 83
10 97
6 13
3 19
4 18
1 96
7 43
5 39
7 74
3 44
6 31
6 68
8 86
2 25
3 59
8 24
9 14
1 15
3 63
2 39
4 39
1 40
9 29
2 73
9 15
6 18
5 92
3 28
7 67
1 100
9 11
5 80
4 19
8 43
8 77
5 28
7 62
3 71
10 52
4 64
4 37
7 65
4 100
10 26
4 78
6 20
8 63
9 19
8 10
4 5
7 47
10 25
3 13
3 73
2 97
10 4
9 90
10 19
4 85
2 75
1 33
7 88
3 17
4 86
10 7
2 41
2 45
9 47
7 10
10 25
4 62
8 70
4 51
1 82
8 49
4 11
7 33
1 90
9 19
3 88
7 41
5 63
3 64
8 45
3 37
1 21
5 49
7 69
4 15
5 32
8 55
2 84
3 81
6 64
10 63
8 25
1 56
3 59
3 66
7 27
10 95
7 23
1 69
9 50
7 51
6 10
8 60
2 88
9 54
2 11
6 55
7 94
6 10
9 76
5 53
6 66
3 20
6 32
2 65
6 4
10 55
2 24
7 6
9 75
8 44
4 92
1 58
4 42
7 53
7 44
7 28
7 5
2 84
10 60
9 64
6 88
7 70
2 10
3 82
2 48
5 55
8 77
2 64
5 54
9 18
10 53
7 79
10 21
1 10
10 15
6 55
9 76
7 45
7 84
6 61
3 55
4 18
9 35
10 10
4 49
10 44
10 57
4 58
5 73
7 79
3 69
5 83
5 47
7 72
10 2
9 62
4 49
1 61
3 58
5 30
5 40
5 88
4 14
5 46
10 57
3 35
7 62
6 69
10 94
5 2
8 40
3 69
5 97
5 98
1 94
3 94
8 17
1 42
10 93
6 29
10 66
7 45
8 42
5 59
10 67
4 92
5 37
4 90
7 71
3 71
3 6
7 12
7 95
6 85
9 2
5 41
5 71
8 6
9 53
4 91
1 50
2 90
5 83
2 25
8 76
7 68
2 28
9 22
8 19
2 82
5 37
8 65
2 33
6 45
7 98
3 72
6 90
5 87
7 88
8 58
7 52
7 31
5 23
5 55
7 7
6 25
9 26
10 81
5 87
2 31
7 11
1 22
10 55
2 64
7 66
10 22
4 77
2 6
1 30
3 76
1 87
3 9
4 9
6 89
3 41
1 28
3 82
7 86
7 66
10 57
3 87
7 32
8 98
9 69
7 82
1 3
4 62
7 23
3 34
6 25
2 60
9 96
4 73
2 98
6 54
10 13
8 4
4 96
1 100
8 54
6 60
3 54
5 44
5 54
9 96
8 2
8 12
3 46
10 10
7 32
4 59
8 21
8 1
5 34
5 1
4 51
5 46
5 75
8 90
1 16
3 65
1 42
5 91
1 47
2 78
7 95
7 90
8 73
10 98
4 38
4 1
8 52
9 45
1 36
6 27
10 95
8 79
5 91
5 15
9 22
8 93
6 59
10 86
2 60
3 91
3 84
10 86
6 87
1 37
9 64
5 75
1 47
4 76
10 56
2 44
6 52
7 15
7 24
1 84
2 99
2 100
7 29
7 66
10 26
6 94
7 47
10 95
4 57
8 26
5 49
2 69
5 81
8 8
4 94
8 87
8 25
6 57
4 67
1 85
1 53
7 44
7 78
4 51
1 5
4 6
1 38
7 82
9 12
10 24
5 65
3 40
3 48
8 73
6 20
2 78
10 41
2 74
2 51
9 37
3 11
7 4
6 4
7 60
2 7
2 90
3 74
2 50
3 45
6 30
3 91
8 17
1 90
2 18
8 68
9 75
5 38
3 68
4 17
8 26
2 35
3 24
10 28
3 33
3 79
2 34
7 40
1 71
9 80
5 94
3 40
2 85
1 35
5 2
6 11
10 80
10 83
4 92
7 26
6 42
4 12
10 94
2 32
7 88
9 90
10 48
6 47
8 94
10 17
7 2
7 13
7 7
9 37
6 52
10 75
5 4
2 69
6 71
4 5
10 14
3 65
7 2
6 97
7 10
10 38
6 55
3 55
1 59
2 85
4 90
1 76
4 19
5 21
1 39
10 69
9 51
9 65
1 37
1 86
7 54
8 23
10 39
2 9
5 46
1 77
3 43
5 42
3 64
8 22
2 79
3 55
4 47
6 5
3 6
3 18
5 17
3 11
4 93
3 20
1 74
4 99
10 15
3 2
4 87
2 29
2 23
8 6
6 68
1 22
10 55
2 18
8 32
5 88
1 76
8 62
10 83
10 39
7 10
3 42
3 15
8 17
7 47
4 81
5 29
8 47
7 93
7 1
8 54
4 7
2 53
5 73
6 20
8 23
9 96
3 12
1 20
6 12
2 94
8 77
8 59
8 93
9 75
1 99
4 75
3 7
6 17
9 3
2 33
6 57
8 53
8 23
4 82
2 55
9 14
10 31
1 64
2 52
3 63
10 84
9 80
3 25
8 42
8 50
4 87
4 25
3 13
10 91
7 6
3 53
7 26
3 88
3 80
4 47
2 16
4 92
5 4
6 1
9 69
6 74
6 49
1 89
2 91
4 24
8 52
10 7
4 37
3 82
9 74
10 20
9 93
4 11
5 60
9 70
10 74
7 13
6 4
4 67
4 5
8 87
6 3
9 77
3 13
4 59
1 90
3 40
1 60
1 6
1 35
5 58
6 12
3 52
10 39
7 91
4 21
4 19
7 99
6 6
10 20
9 54
1 77
6 30
7 83
5 55
7 1
10 10
5 65
8 16
8 94
3 87
7 9
1 83
8 80
3 12
1 87
2 39
5 30
9 44
1 44
2 44
3 99
8 21
5 80
5 56
10 6
1 20
3 67
6 57
6 71
10 16
3 2
4 11
1 57
9 7
6 37
10 48
9 24
4 1
7 40
2 44
4 42
7 41
10 92
7 20
3 72
3 49
1 93
4 68
6 91
2 34
10 75
4 79
9 93
7 94
3 31
3 100
2 47
3 68
10 52
4 20
9 10
3 89
4 20
10 100
5 68
10 30
6 2
7 30
7 25
5 30
1 3
9 92
4 24
4 74
5 11
10 86
8 93
7 24
9 59
2 62
10 18
1 87
4 42
7 23
7 28
9 71
7 18
10 76
8 69
9 39
2 37
1 36
4 14
9 68
2 70
10 34
10 11
3 12
5 19
4 60
5 67
4 61
8 22
6 77
5 3
6 74
2 18
6 12
9 4
3 15
9 16
3 60
10 71
4 46
1 100
5 24
3 93
8 6
8 96
9 85
7 53
8 20
8 69
7 17
7 15
2 21
5 35
2 96
4 33
10 57
8 79
7 87
3 79
3 56
5 64
1 58
9 80
4 24
9 48
10 39
5 16
7 84
1 41
5 34
3 89
9 92
1 15
7 65
1 40
4 71
10 94
6 35
7 51
6 84
8 34
6 54
6 82
9 18
4 32
6 47
3 16
5 96
5 59
6 34
5 57
2 93
10 70
1 8
8 18
4 81
5 10
3 90
8 66
2 55
10 38
7 58
7 33
1 81
1 61
3 34
3 21
7 100
10 11
6 54
8 30
1 70
3 29
8 16
10 27
6 28
8 64
9 71
3 53
3 22
8 43
8 46
10 96
6 8
1 59
5 67
1 63
6 1
6 76
4 15
4 65
6 85
6 78
7 86
4 67
2 96
9 2
7 1
8 95
7 18
8 64
10 13
7 79
5 23
5 5
5 22
1 65
3 34
9 40
1 83
10 15
7 11
3 38
9 2
10 73
3 50
4 24
10 83
10 96
1 99
10 17
5 79
7 87
5 14
1 86
5 58
9 34
8 6
8 15
9 3
9 38
7 72
1 49
8 13
1 46
2 50
