7 25
4 29
8 1
1 55
4 33
4 6
4 15
2 9
8 24
8 8
3 18
4 81
9 59
6 7
2 81
2 12
2 24
3 60
10 12
4 74
6 34
1 95
4 66
2 14
6 48
4 39
10 11
2 45
3 10
5 46
2 42
8 33
7 97
7 48
9 30
5 7
6 9
3 97
9 18
10 6
10 94
5 84
5 47
7 32
2 6
5 96
5 86
3 58
3 75
4 94
4 20
8 45
3 10
9 60
3 59
1 73
10 84
6 5
9 63
5 26
5 73
7 63
1 44
6 43
1 53
5 51
5 84
1 53
6 29
3 78
8 92
9 27
7 28
1 51
4 25
8 21
8 92
6 17
6 52
5 66
6 60
6 16
4 9
10 63
2 89
9 60
6 53
7 7
9 7
4 75
1 89
5 54
4 79
1 81
8 19
1 57
1 80
1 27
4 12
1 82
6 88
2 15
6 99
5 6
3 49
6 76
2 22
9 52
2 86
10 44
5 73
1 96
9 21
5 30
3 32
9 79
5 8
7 74
10 5
1 23
9 43
9 50
6 28
4 61
4 65
1 88
9 1
9 8
7 99
8 60
2 58
8 34
8 11
10 53
3 59
4 43
10 42
3 25
5 76
8 58
1 76
9 54
2 19
5 45
3 46
9 70
8 96
9 50
6 67
7 52
5 58
5 86
1 49
7 33
6 29
4 99
9 27
1 7
6 71
2 99
5 54
9 26
5 93
1 52
9 17
6 15
4 37
1 27
5 59
8 70
1 40
3 27
9 21
3 86
5 86
3 57
8 39
6 77
7 26
8 19
10 69
4 10
7 21
2 59
5 60
4 57
6 27
8 99
2 96
3 71
5 88
10 44
6 72
4 20
6 62
7 84
9 15
6 58
6 89
10 6
4 99
7 85
5 89
1 46
1 2
5 74
6 72
8 40
8 11
3 6
4 86
10 51
9 55
8 70
8 34
10 76
3 78
5 34
8 32
6 10
7 28
6 99
2 86
6 60
9 78
4 27
5 85
1 64
2 61
6 2
9 19
5 32
3 83
3 68
9 92
4 68
9 31
5 75
3 34
6 93
1 35
3 75
1 63
6 30
5 77
8 6
9 24
8 94
7 55
8 35
8 25
8 83
6 97
6 100
7 81
6 42
7 28
1 18
8 17
7 22
8 54
3 10
6 10
5 60
2 7
4 27
1 84
5 85
4 47
3 32
7 55
5 5
3 98
9 41
2 70
8 31
7 50
10 74
3 52
6 96
1 61
2 73
2 25
9 83
4 57
1 70
5 95
10 75
8 97
6 50
2 87
2 54
3 35
1 95
8 54
8 14
2 98
10 71
10 74
10 60
8 91
6 30
8 69
5 3
1 85
7 87
5 47
4 91
7 54
6 83
6 33
8 72
4 22
10 15
5 62
1 45
1 16
10 72
3 86
5 75
3 50
5 83
3 82
7 14
8 4
10 76
10 65
2 72
1 36
9 12
6 42
10 74
5 22
7 81
2 41
3 32
5 12
4 70
9 41
7 98
7 55
8 89
2 68
10 86
6 34
7 78
5 24
8 67
5 24
9 67
6 46
5 41
6 90
6 4
2 55
2 35
7 40
2 98
7 17
1 44
7 95
9 42
9 11
8 43
7 29
8 48
4 46
7 76
5 22
2 73
2 36
10 43
5 43
10 3
10 41
4 48
1 14
1 22
10 44
6 30
8 19
6 3
8 12
2 14
1 10
7 26
10 85
8 16
3 55
6 29
9 42
9 78
1 25
7 56
3 83
1 82
2 12
8 76
6 45
7 50
3 56
7 86
2 58
9 79
9 22
3 7
8 60
9 43
4 42
2 14
7 70
3 33
4 33
3 83
10 80
6 54
1 66
8 36
8 66
6 15
8 19
6 44
1 53
9 83
3 26
9 54
6 23
5 48
9 22
10 64
2 54
8 15
10 25
6 86
8 25
4 57
2 17
9 30
2 36
3 30
5 94
10 11
4 94
3 30
2 79
2 80
8 42
3 72
10 53
6 16
8 36
7 5
10 58
8 4
2 98
3 99
1 12
1 94
7 29
2 32
2 20
4 42
6 44
7 86
4 91
1 36
2 74
3 54
8 96
6 46
2 69
2 51
4 41
7 41
5 35
7 78
10 69
6 69
7 37
4 89
8 8
7 7
2 43
10 45
1 45
8 13
2 13
3 38
9 96
6 6
8 93
2 27
1 90
2 59
4 32
2 76
3 27
6 42
6 100
5 82
1 59
4 31
9 24
2 3
9 75
8 99
2 37
2 68
10 26
9 27
5 1
9 36
2 47
3 72
10 100
3 64
7 67
8 14
10 61
6 35
5 93
10 86
5 83
9 89
6 71
2 78
5 57
10 21
2 20
8 73
2 48
9 92
4 69
8 69
3 49
6 17
4 82
7 22
1 46
5 85
7 91
5 86
10 43
2 38
7 65
1 81
10 75
5 46
7 61
3 32
5 58
10 22
3 65
7 79
3 90
3 37
8 44
6 9
5 40
2 48
3 4
7 8
3 25
3 13
4 71
10 43
6 92
6 14
2 75
4 54
8 64
2 77
7 40
8 9
8 75
2 95
9 79
9 34
7 19
9 6
7 38
1 94
6 22
5 45
4 9
7 85
4 39
5 88
9 44
5 60
6 49
6 98
4 87
3 68
9 21
5 29
4 60
10 26
4 72
10 2
3 65
6 38
8 59
4 75
10 32
3 17
7 17
9 34
3 56
3 41
9 33
1 89
7 95
8 41
10 91
9 58
8 80
3 39
2 45
9 25
5 76
7 57
7 27
6 91
9 67
2 85
2 49
2 87
1 13
3 25
3 86
3 56
7 54
2 62
4 48
10 92
5 44
10 90
2 88
7 72
2 94
3 12
8 77
6 66
3 20
9 73
5 41
2 25
1 95
5 31
5 61
7 66
3 84
10 57
10 71
10 82
10 25
8 18
8 84
2 56
10 77
2 69
2 49
5 53
7 83
2 32
5 75
8 75
1 95
1 71
3 97
2 89
2 6
3 55
9 98
9 78
1 81
4 94
4 73
7 43
2 86
9 54
3 11
2 56
1 59
6 7
3 53
4 8
8 16
5 92
3 84
5 3
3 46
1 66
1 26
4 5
9 59
6 82
3 76
3 21
8 7
9 41
10 11
2 16
7 95
2 99
2 77
7 85
10 53
7 22
4 19
8 52
7 76
7 14
9 50
2 2
5 30
1 29
10 16
7 16
7 94
6 98
4 50
5 93
9 53
4 15
5 1
6 87
3 15
2 28
9 18
4 10
9 97
4 95
1 11
6 82
1 51
2 68
1 25
5 95
7 24
2 16
7 95
1 96
4 62
1 43
9 39
9 50
9 93
8 96
4 61
9 35
9 76
9 93
5 73
3 70
1 81
3 45
6 29
9 91
3 23
1 56
3 54
9 41
1 28
6 46
1 93
2 26
8 94
5 73
10 8
9 35
3 60
1 14
10 28
9 6
8 11
6 33
5 65
7 92
5 75
7 95
1 39
8 25
5 37
6 81
7 22
9 85
10 40
9 44
4 35
7 75
7 22
6 87
6 39
8 87
2 62
1 78
4 96
2 29
1 69
8 19
7 15
10 9
10 82
9 73
2 94
10 82
9 68
4 35
8 50
2 14
3 93
2 35
7 96
8 78
6 98
6 93
8 60
3 19
10 79
7 35
5 30
5 45
10 61
1 12
6 94
6 16
1 39
7 66
6 29
7 39
8 96
9 14
5 13
7 50
3 1
2 89
8 19
10 6
4 33
1 58
2 43
9 86
10 98
6 32
10 89
5 89
6 11
7 34
5 64
6 24
4 57
5 15
1 3
1 21
6 48
2 13
7 6
9 19
3 17
7 11
2 20
1 27
3 43
6 53
4 36
6 86
8 19
6 13
9 33
7 96
8 89
8 37
5 51
1 24
7 95
7 33
4 21
8 86
3 3
9 48
9 10
9 11
3 31
5 15
9 2
9 17
1 14
10 27
1 21
5 93
5 5
3 37
10 24
8 54
2 53
9 53
10 64
4 25
9 5
6 97
7 48
6 96
8 5
1 25
10 64
1 65
3 24
7 91
8 70
4 74
7 47
10 82
1 74
4 85
3 93
2 16
3 39
2 3
10 52
7 5
8 60
7 61
5 42
9 95
10 46
8 83
1 90
8 14
10 43
6 50
9 50
6 35
9 53
9 99
8 37
6 26
8 6
5 5
2 44
8 97
8 44
2 89
3 79
9 77
3 83
3 49
5 26
6 78
3 21
8 23
3 41
9 36
9 98
3 76
1 6
2 86
10 21
9 80
9 52
2 31
8 78
5 30
2 75
10 25
6 48
4 73
4 56
4 7
5 35
8 87
9 4
7 97
10 8
4 19
10 90
10 60
9 1
6 12
10 83
5 80
7 12
1 42
6 66
1 80
8 45
6 2
3 58
6 45
10 62
1 46
4 21
5 69
8 96
2 80
8 28
6 43
6 17
9 50
