2 52
1 15
4 64
10 37
6 57
2 74
3 93
5 1
5 48
1 81
10 10
3 84
4 44
6 14
7 90
6 87
2 50
2 89
1 21
1 87
4 94
10 44
5 65
4 24
9 5
4 26
7 55
1 6
9 15
6 94
5 41
4 44
4 32
3 79
6 62
3 15
10 81
8 6
2 2
2 90
2 57
1 37
1 65
1 84
10 94
1 28
8 25
7 71
9 79
2 71
10 26
7 77
9 82
4 33
6 32
4 14
2 33
8 96
4 85
3 42
3 89
6 44
4 44
8 65
4 3
9 75
7 90
3 60
4 72
3 7
5 85
4 36
4 39
2 37
9 90
5 100
3 4
3 58
9 73
6 69
4 69
9 2
10 25
2 77
1 45
10 70
5 35
3 10
10 92
1 99
2 80
9 81
4 79
2 78
3 17
3 29
6 71
8 40
2 20
7 95
2 3
4 13
10 42
6 42
7 100
1 46
3 48
1 94
7 18
6 45
6 55
1 6
9 57
7 49
5 6
2 80
8 95
6 36
6 93
5 81
4 78
7 62
9 17
1 11
3 61
4 66
10 32
4 72
8 5
9 25
2 55
1 54
4 29
9 3
1 100
10 6
2 4
8 92
6 19
10 99
9 95
2 52
1 11
1 22
3 46
8 9
10 60
3 77
1 1
5 87
9 72
10 66
10 57
8 18
3 47
2 71
6 82
2 45
1 32
10 9
7 48
4 59
5 100
7 98
7 39
4 66
10 20
4 61
7 100
1 30
8 88
4 18
3 100
6 4
4 8
8 81
2 38
5 53
7 59
3 5
9 47
5 50
6 16
10 34
6 55
5 31
9 35
3 81
7 7
7 14
4 78
1 29
9 34
8 78
8 78
4 30
2 53
5 6
1 5
4 3
6 4
7 49
4 75
7 36
1 29
6 13
5 35
10 58
10 78
7 82
2 97
4 32
1 25
7 78
9 47
5 49
6 37
6 56
5 13
2 31
4 7
1 11
10 2
2 3
10 63
10 18
8 46
2 28
4 34
4 94
7 76
8 51
9 40
6 17
1 12
3 37
2 33
10 47
3 76
5 81
10 73
9 4
3 72
9 29
6 78
9 11
7 54
6 11
6 22
4 42
10 36
9 87
7 79
2 97
9 79
2 20
3 4
2 70
1 64
5 92
9 67
10 67
6 9
7 53
1 63
8 13
1 90
8 44
2 69
7 77
10 70
1 88
8 64
3 18
9 56
4 97
4 6
5 12
9 84
9 95
3 83
10 65
8 17
5 53
3 59
5 51
1 66
2 8
6 97
5 86
10 96
1 95
2 48
7 29
2 27
1 83
10 18
9 90
1 62
5 66
6 92
6 19
2 77
6 93
2 71
2 9
8 22
3 8
4 87
5 61
4 47
6 69
7 99
7 8
7 12
10 7
6 18
8 70
9 95
2 94
3 18
4 75
6 65
4 13
7 84
5 27
10 75
8 55
6 28
9 91
4 19
7 59
5 35
7 58
10 99
5 64
8 73
10 9
8 14
5 93
1 63
5 52
4 80
2 6
6 16
7 71
7 60
6 86
2 5
9 57
7 25
1 19
8 14
3 77
9 55
7 46
10 8
3 97
10 81
5 45
7 42
9 89
9 14
9 46
10 30
4 70
8 26
6 75
4 95
8 69
9 60
4 73
9 26
6 19
4 42
8 74
5 75
6 80
4 18
2 1
2 55
8 82
3 73
10 99
10 97
8 20
7 59
4 21
10 3
3 5
4 96
10 2
3 48
7 16
3 63
1 56
7 48
9 11
6 34
1 3
1 17
8 42
1 75
10 19
3 38
4 59
10 82
10 81
4 59
2 57
5 13
8 38
10 73
3 50
1 42
5 25
3 53
2 47
9 9
7 47
1 98
7 53
8 53
5 70
5 33
1 79
6 49
2 72
2 14
5 68
6 100
3 99
9 14
1 35
3 27
3 56
8 88
9 27
1 20
10 30
7 38
9 62
6 98
8 46
6 3
3 36
3 69
5 6
1 48
1 79
9 77
5 83
3 9
1 13
6 11
3 33
5 30
4 83
7 41
4 87
3 68
3 78
7 36
4 21
8 58
10 61
3 42
8 100
9 39
1 96
9 95
10 46
10 92
10 45
5 45
4 84
8 96
4 82
5 30
1 33
6 26
5 15
3 2
4 70
1 11
1 10
3 47
1 62
6 6
8 99
5 26
9 81
4 37
3 100
5 66
2 26
5 83
2 68
2 74
7 78
7 9
7 17
3 64
9 60
5 31
5 3
8 53
8 13
1 1
8 49
2 68
1 55
4 40
5 36
4 57
8 80
7 9
10 68
7 77
5 41
2 30
1 25
8 58
8 5
8 94
1 55
6 89
3 21
7 55
3 71
4 91
4 59
4 39
1 51
2 18
6 97
9 41
8 67
6 39
7 20
7 6
5 48
3 64
7 12
2 14
9 66
8 49
9 20
7 82
4 23
10 16
2 84
5 82
7 74
1 2
5 80
5 46
10 35
8 42
10 43
6 6
9 99
10 30
4 31
9 8
1 66
9 71
9 45
2 90
6 23
3 59
3 51
2 10
8 8
9 50
10 35
10 60
1 100
5 71
5 51
7 84
3 94
5 37
9 29
5 1
9 9
7 21
2 1
1 10
8 3
7 68
3 24
4 50
8 52
1 39
7 61
2 69
2 82
2 96
4 19
10 31
2 76
7 20
2 92
2 82
1 88
6 53
6 9
3 57
1 3
7 15
1 24
9 100
2 26
8 92
4 92
6 72
1 68
3 97
2 25
9 46
9 84
4 72
6 95
9 73
8 29
2 73
5 6
2 90
5 50
7 36
8 48
10 44
4 5
5 39
2 27
1 14
4 26
9 18
5 54
5 1
7 2
8 4
5 68
1 33
5 30
5 48
4 78
3 87
9 56
3 22
8 40
8 85
3 93
3 6
7 93
8 75
9 7
5 9
8 85
7 66
6 22
4 61
7 75
6 73
8 43
5 15
2 65
4 45
2 7
10 52
6 97
9 6
2 63
1 79
3 59
8 37
10 51
6 94
8 15
2 73
7 4
3 70
10 22
4 48
8 47
5 49
10 69
2 1
8 45
10 11
8 27
9 34
9 4
1 59
1 10
4 17
4 14
3 29
6 2
9 4
3 54
6 60
5 38
4 18
8 11
4 11
8 24
2 68
3 40
7 41
7 87
7 67
9 85
3 47
7 90
5 55
5 74
8 70
8 28
4 87
3 33
9 14
1 64
4 61
4 50
6 80
10 98
8 60
9 25
5 33
8 73
4 50
9 69
1 2
2 51
9 61
3 73
5 57
6 88
7 52
4 87
1 6
9 41
6 20
2 2
5 89
8 32
5 57
2 90
7 80
5 74
5 84
2 24
10 31
6 43
2 40
4 36
10 77
1 14
10 52
8 93
1 15
3 7
10 84
6 37
1 73
9 58
5 12
2 35
1 45
3 59
4 59
8 22
10 45
1 49
6 50
8 29
5 45
9 98
1 79
9 82
1 76
10 50
5 69
2 65
3 58
3 61
4 87
6 39
3 93
6 4
3 26
1 61
1 25
7 92
1 82
6 57
10 78
4 28
4 23
1 5
10 18
9 40
9 37
5 77
2 1
10 93
1 22
1 59
6 95
7 81
10 72
7 26
1 62
7 25
3 94
1 41
7 42
4 45
6 25
8 75
3 26
9 88
1 29
4 38
8 74
8 47
1 63
2 18
2 84
4 8
8 30
4 37
3 29
8 48
6 27
7 9
8 15
7 43
5 75
8 39
2 58
7 40
2 81
2 87
6 65
9 15
5 26
7 43
6 72
2 61
8 11
10 63
1 81
1 44
2 19
2 48
8 16
4 77
1 56
4 43
4 77
5 55
9 88
7 33
5 14
1 95
3 61
9 38
10 55
9 23
5 19
1 39
7 83
4 73
5 30
2 1
8 94
3 79
10 66
10 29
10 27
3 66
7 25
3 84
9 65
8 73
7 49
9 91
5 24
3 61
10 96
10 54
4 74
5 96
4 13
4 85
3 16
2 84
9 98
7 39
8 92
7 10
4 50
8 51
10 38
2 41
2 50
3 64
7 21
4 70
8 22
3 68
10 80
3 47
1 38
1 66
9 71
10 22
8 62
7 78
2 14
9 88
10 8
7 32
10 74
1 17
10 39
4 98
5 36
5 68
6 59
3 61
10 63
5 32
10 65
10 41
3 14
3 31
7 2
2 83
5 9
6 12
3 97
4 32
10 27
2 50
4 75
6 20
7 95
9 65
7 35
7 53
5 29
7 70
8 36
9 16
8 39
1 67
3 88
7 64
5 74
9 10
6 36
1 48
4 23
9 41
1 52
8 79
2 56
5 8
2 26
1 91
5 35
7 72
9 88
9 8
8 67
3 84
6 51
6 55
6 80
3 91
8 48
1 57
2 89
6 38
5 43
8 28
7 5
3 73
3 44
7 6
5 53
10 83
3 92
5 75
7 73
10 68
