7 36
9 62
10 13
10 65
6 15
4 73
2 80
8 61
1 14
6 38
10 69
10 12
3 5
1 49
9 68
2 5
7 21
5 22
4 20
10 53
1 44
3 5
10 47
6 55
10 58
8 92
1 35
5 40
6 88
5 55
2 29
1 57
8 68
7 66
5 65
6 29
2 21
2 12
6 82
5 30
4 78
7 88
7 72
7 65
10 84
2 76
9 54
7 32
3 31
7 12
10 39
7 33
10 87
7 37
8 82
4 69
6 64
9 96
3 68
8 67
7 19
8 82
6 31
8 5
4 12
2 31
2 47
9 52
4 80
2 52
2 66
3 81
7 86
2 87
9 64
10 8
10 8
5 27
1 53
2 53
7 96
1 78
5 84
1 38
2 29
9 70
6 79
9 58
10 53
6 61
1 79
4 98
3 42
10 89
10 11
6 60
3 55
6 12
5 10
6 45
4 82
3 33
8 35
3 88
1 49
2 22
5 14
1 41
1 63
4 15
6 62
7 13
3 2
5 98
6 42
4 59
2 23
5 67
6 53
7 94
5 74
9 74
3 64
9 83
4 49
7 30
6 1
7 13
6 11
1 21
4 43
9 4
6 48
5 47
7 2
7 16
8 96
5 90
7 5
1 90
5 57
9 48
2 36
4 19
3 54
6 14
5 62
4 26
3 69
4 64
4 25
2 76
1 91
6 12
5 38
10 38
2 28
1 95
1 64
10 53
6 13
5 39
5 82
4 59
2 21
4 73
7 95
9 36
4 95
3 86
3 7
10 85
10 80
5 1
10 20
1 96
3 23
2 18
6 31
9 75
2 78
5 99
1 63
4 29
4 52
5 59
9 82
1 25
3 98
6 28
7 65
9 95
9 63
7 22
8 74
4 16
4 26
2 35
4 29
3 50
6 57
3 15
7 5
8 62
6 78
10 83
9 78
1 48
8 43
7 43
10 82
6 96
1 27
3 94
7 22
1 56
1 16
4 38
10 60
4 58
10 79
3 14
4 31
3 76
2 9
4 70
5 96
3 87
9 43
1 83
10 37
7 31
8 35
7 49
6 94
3 71
10 43
10 38
10 41
4 42
10 51
7 25
3 39
9 11
5 63
2 61
2 78
7 58
2 35
8 14
6 31
5 5
1 53
5 61
10 79
5 24
2 99
3 30
1 48
7 9
7 91
4 63
7 26
4 14
6 44
9 55
6 72
1 38
2 16
9 69
6 74
10 39
1 54
6 20
1 90
2 56
8 7
3 74
3 93
9 14
1 62
1 51
3 40
6 39
10 46
5 12
7 17
6 14
8 4
4 35
5 49
6 42
2 35
9 67
8 21
2 20
6 49
7 98
1 67
1 99
3 49
5 72
9 1
4 3
4 89
7 75
2 66
5 92
6 51
7 75
10 53
3 22
3 1
10 80
9 66
10 88
10 78
7 12
4 36
2 63
7 89
6 68
4 60
10 70
1 38
6 100
3 98
1 68
7 94
1 25
2 61
1 55
7 33
1 49
8 33
4 17
3 72
8 42
8 43
6 95
2 86
1 36
3 26
7 12
2 48
3 90
8 30
1 32
5 75
4 85
1 97
1 74
9 53
7 90
6 48
7 68
6 86
2 34
2 9
1 71
7 26
6 53
1 31
7 18
7 37
9 46
2 27
10 54
4 26
9 67
2 42
2 44
6 65
10 50
6 77
6 4
6 10
10 20
3 20
8 22
1 70
2 78
7 44
9 44
7 89
6 29
6 30
10 29
9 24
9 57
9 85
7 33
6 98
2 78
8 56
4 31
4 9
9 99
1 38
8 25
1 12
5 68
10 7
9 96
2 15
9 41
8 42
2 47
7 24
3 79
4 67
5 90
8 66
10 16
8 100
4 33
2 93
1 24
4 26
10 12
2 63
1 56
7 90
5 6
6 10
7 76
1 78
6 7
7 84
2 53
2 55
2 27
10 33
10 61
5 70
3 3
3 26
2 4
3 65
1 9
5 49
4 51
8 60
8 18
4 97
2 23
6 86
7 52
2 40
6 96
5 15
8 42
2 73
10 35
4 90
9 73
9 97
9 6
8 38
9 74
6 75
4 24
8 74
9 8
5 78
8 59
7 62
5 88
9 75
5 80
5 9
7 81
9 10
2 43
7 87
1 52
2 64
10 90
9 18
6 6
8 87
5 64
3 66
10 74
5 70
6 80
8 95
6 78
6 40
1 20
8 59
3 23
3 46
9 100
10 58
7 43
5 11
7 82
3 16
5 60
8 97
9 17
8 11
5 100
3 23
7 28
6 19
8 96
4 38
8 34
7 3
1 7
7 10
4 93
8 75
1 30
9 99
1 41
4 41
4 83
7 30
9 51
5 6
6 35
10 72
9 68
1 92
4 85
9 95
10 9
6 27
5 11
10 50
8 34
2 18
9 22
1 51
3 6
10 45
8 19
4 52
2 90
3 26
9 38
10 80
4 87
10 65
6 31
6 84
8 82
8 17
7 14
3 53
1 95
9 99
7 61
3 54
4 57
5 64
3 2
2 39
1 30
3 48
2 96
3 83
2 40
4 19
5 26
3 11
10 68
10 12
7 57
2 90
3 35
3 54
9 48
8 38
7 49
9 1
9 8
6 81
8 36
8 19
1 11
2 26
2 20
9 93
8 75
6 87
1 74
5 89
10 49
4 63
4 78
1 27
7 12
6 91
1 83
8 54
8 9
6 2
3 99
2 93
1 98
9 51
7 17
1 60
1 33
5 83
5 68
4 14
3 15
6 9
8 27
6 90
6 87
5 68
6 25
1 21
5 10
4 60
2 28
8 24
9 99
4 14
3 88
6 59
8 2
7 15
9 46
5 22
5 10
10 50
6 50
6 4
8 65
5 8
4 39
1 96
1 64
8 84
4 96
5 85
3 13
4 33
2 51
6 71
7 54
9 1
9 27
9 42
7 5
1 1
7 42
2 64
7 79
2 49
4 17
7 17
10 67
6 58
3 65
7 64
2 94
9 36
5 74
4 92
1 74
2 8
10 34
6 37
1 38
8 29
5 52
6 6
9 57
6 60
7 75
3 2
8 59
7 45
1 49
1 13
6 18
1 37
1 98
2 34
5 74
7 92
10 76
5 73
8 31
3 62
8 50
7 51
3 85
8 35
4 75
2 82
2 87
5 48
2 10
2 92
4 78
3 21
2 85
5 84
5 48
7 59
8 39
3 42
9 31
9 53
10 68
9 70
4 73
1 33
8 82
9 6
1 92
9 82
1 23
6 50
10 77
9 4
9 83
4 80
2 78
3 73
9 60
8 38
7 98
4 100
2 42
5 16
5 21
4 57
9 50
3 68
10 58
1 22
9 89
10 60
7 6
3 73
5 88
8 56
1 32
9 69
6 94
4 59
6 88
1 99
1 15
9 24
7 58
8 7
4 8
3 51
2 10
8 70
3 74
3 31
10 67
7 15
8 62
7 94
2 31
4 85
1 93
8 94
8 2
10 4
9 42
1 28
2 23
3 9
8 64
6 44
1 40
1 92
3 75
10 94
5 63
4 49
9 87
7 1
4 89
10 89
2 59
3 83
6 89
3 92
8 17
3 78
3 23
8 22
8 20
4 30
7 67
2 16
10 3
8 25
9 33
10 30
7 97
3 25
6 51
5 12
7 45
3 86
5 32
3 90
4 93
9 47
10 5
3 58
9 76
1 31
2 36
2 11
9 26
10 9
2 26
8 5
3 64
2 42
3 70
7 61
2 34
7 3
5 14
10 59
2 27
8 74
8 94
7 39
3 36
8 64
9 50
7 66
7 78
4 1
5 10
10 13
1 35
4 85
4 13
8 38
7 18
10 78
5 36
1 8
7 97
8 29
2 14
2 9
8 48
7 84
4 28
1 91
9 93
8 42
10 91
7 5
3 91
5 20
3 86
10 76
3 44
4 68
9 59
4 97
6 73
10 14
3 15
8 51
10 30
4 53
6 72
1 51
6 100
4 56
3 60
1 97
5 17
1 70
1 73
7 77
10 60
2 92
1 4
10 69
4 28
8 47
4 47
4 31
1 87
5 9
4 97
9 65
2 48
3 30
3 3
4 39
4 75
7 13
2 26
9 57
3 62
5 78
3 41
10 42
1 35
9 7
6 62
8 93
3 90
4 21
1 42
7 45
4 5
9 17
4 58
4 78
7 36
7 85
9 42
6 21
8 80
6 38
7 42
5 58
6 54
8 2
5 49
3 72
3 67
7 57
4 68
6 90
4 58
8 57
1 10
9 98
4 43
1 83
2 10
8 94
9 67
10 9
8 21
5 76
7 27
4 16
7 60
2 67
7 32
5 97
8 20
10 82
9 66
8 34
6 74
8 50
3 11
2 31
3 34
4 9
7 15
8 63
7 89
5 55
8 95
2 30
1 8
8 41
8 87
7 89
5 66
4 13
2 25
9 71
4 80
5 43
3 46
4 60
6 7
10 16
5 37
2 63
1 68
6 3
5 45
4 71
4 41
3 53
6 82
1 90
4 98
