5 13
10 43
4 78
3 95
8 80
7 90
8 30
5 49
8 32
7 38
5 13
2 69
4 51
6 30
7 34
6 14
6 16
1 74
1 48
10 23
10 49
8 87
7 22
9 13
9 68
8 69
6 12
2 3
9 23
4 62
2 56
8 61
5 98
9 66
3 8
3 15
9 89
8 2
3 40
4 12
2 33
8 79
1 74
1 22
8 10
1 58
3 19
3 78
9 79
2 27
3 45
9 86
8 66
5 28
9 84
3 29
6 67
5 48
4 27
3 3
4 74
2 58
5 66
9 95
2 6
2 25
7 51
1 49
1 47
7 68
7 47
7 74
6 61
8 57
5 35
7 57
10 43
1 59
1 18
1 50
3 25
8 13
4 95
5 84
10 83
10 37
3 45
10 28
3 61
2 8
7 91
7 73
5 47
7 51
5 50
9 99
2 38
3 93
2 24
3 83
2 7
8 22
3 8
10 42
2 73
1 43
8 87
8 59
1 73
1 12
3 18
8 3
8 55
5 35
4 39
7 81
9 55
5 12
9 46
10 49
7 26
3 61
7 2
3 26
5 25
10 96
1 83
3 38
4 38
6 14
5 7
5 2
9 8
9 60
1 95
5 97
1 40
6 30
2 48
6 15
9 78
9 1
9 76
10 76
9 20
1 58
7 48
3 68
1 92
2 14
9 2
2 73
8 76
7 30
7 46
2 58
6 18
9 74
2 86
5 96
2 25
3 19
8 99
8 93
4 71
7 51
3 7
1 18
9 8
9 9
8 3
1 54
6 3
1 96
1 52
9 23
8 73
8 94
4 15
5 1
1 87
6 14
9 35
6 72
8 77
6 84
3 15
2 8
10 18
8 61
2 50
5 69
6 72
6 37
5 89
6 98
7 31
5 87
8 1
10 11
4 70
4 97
4 35
7 48
10 56
3 66
8 41
1 89
5 46
7 50
5 8
1 82
10 79
9 26
4 81
8 18
7 25
2 78
1 6
10 97
1 71
4 72
2 96
8 12
8 7
6 80
8 36
8 89
2 50
7 71
2 32
8 97
5 5
3 50
2 69
3 76
5 92
8 98
10 40
3 45
5 62
2 91
7 78
7 17
4 42
5 75
8 26
2 14
3 53
4 1
2 67
7 21
7 87
1 56
3 24
6 57
7 13
1 87
7 65
10 64
4 69
9 52
3 1
7 79
1 83
6 47
9 88
2 3
8 27
3 18
7 13
5 32
2 38
9 68
6 86
4 34
2 32
8 60
7 20
6 72
1 73
2 1
8 17
10 51
7 86
5 56
2 1
9 46
5 62
2 31
9 72
9 29
1 59
6 82
10 24
3 47
7 12
6 45
5 2
5 9
3 59
8 91
9 11
1 22
4 82
9 6
2 44
6 10
1 7
7 94
2 83
7 74
1 1
3 53
9 77
10 20
9 61
4 37
10 36
3 61
4 96
5 87
6 97
6 12
3 41
10 16
6 9
9 69
10 86
7 76
4 80
10 49
6 90
5 76
10 82
4 86
9 9
10 49
9 11
3 13
8 28
2 44
8 68
7 70
2 84
6 10
9 7
1 88
4 72
6 67
1 85
6 82
5 9
3 12
6 99
10 2
5 11
3 7
7 39
8 78
1 47
8 35
1 5
2 16
10 88
1 86
7 68
1 81
9 24
6 33
5 12
7 11
8 78
5 92
1 75
4 16
2 50
6 95
10 10
8 94
4 38
8 66
10 59
3 2
3 81
1 94
8 58
10 59
3 84
9 82
7 86
7 34
6 11
1 47
9 27
5 61
1 30
6 81
2 15
6 94
7 54
9 93
1 58
9 31
5 19
5 99
1 32
3 53
2 13
9 82
3 55
2 14
9 16
10 21
6 59
10 9
4 34
6 100
2 28
2 30
9 53
2 7
2 63
10 37
10 99
10 31
2 43
6 89
7 32
6 44
6 15
7 55
3 56
5 73
1 90
1 90
7 48
8 52
8 46
10 57
3 87
3 56
8 93
5 82
3 10
6 8
1 40
9 15
6 61
9 55
2 58
4 8
5 98
9 79
9 14
8 2
4 51
3 48
4 20
9 4
2 26
3 100
3 98
4 49
9 86
7 10
9 72
5 39
8 28
4 45
5 65
1 3
4 16
4 72
3 18
4 12
8 27
3 28
6 39
7 19
9 45
10 15
10 75
2 93
5 74
4 81
3 91
1 22
9 22
2 26
1 55
3 25
10 3
10 77
9 78
2 67
8 15
7 8
9 59
6 23
9 12
3 47
3 38
8 92
7 25
2 44
4 39
8 8
3 64
1 57
8 8
2 13
10 92
7 67
3 17
5 92
6 42
3 47
8 65
9 48
3 69
2 48
6 31
1 65
6 80
5 34
10 79
10 79
4 36
5 99
4 76
2 81
1 4
1 17
2 9
7 80
10 74
4 16
10 91
10 12
8 85
4 51
6 62
8 23
10 71
10 84
9 61
6 58
6 37
5 29
8 84
7 29
7 80
3 43
2 33
6 12
10 64
6 60
6 14
6 65
3 52
10 46
6 47
5 43
10 3
3 88
8 10
9 34
9 71
2 50
3 64
3 73
3 81
2 77
9 98
3 31
1 93
10 37
4 22
1 51
9 24
6 57
8 14
7 33
5 78
9 55
1 97
4 85
6 32
10 74
6 79
6 71
5 53
7 34
7 3
9 58
8 2
7 63
10 12
6 91
10 7
4 47
5 38
5 38
2 29
3 99
3 8
3 97
9 51
10 91
6 49
10 14
1 87
4 60
4 9
3 87
2 36
4 55
7 91
3 1
6 79
3 93
6 1
7 2
6 32
6 34
10 93
4 61
6 40
9 76
4 56
8 39
1 2
9 70
5 7
5 33
9 76
4 23
3 75
1 54
9 93
2 86
1 62
4 8
2 57
9 17
10 25
6 88
6 98
8 28
7 34
1 91
5 35
5 65
8 65
3 13
1 88
3 35
3 60
9 74
6 90
2 8
6 33
3 41
5 58
9 93
1 8
6 83
7 15
7 7
1 16
3 58
5 82
4 97
10 8
5 8
3 83
8 98
2 88
10 71
1 63
10 29
7 22
4 52
9 14
2 53
8 39
4 70
2 71
6 17
10 77
8 2
6 80
2 26
1 80
2 98
8 77
4 45
9 100
8 75
5 98
4 39
8 98
1 5
3 31
5 57
9 88
1 15
1 41
3 32
10 7
3 41
1 44
9 80
3 57
10 84
4 16
8 54
3 18
6 70
7 2
10 71
7 52
1 60
8 98
1 16
7 85
3 49
2 91
10 89
7 53
8 42
4 44
4 73
8 10
4 50
3 7
3 34
4 30
8 29
2 58
8 86
3 33
3 62
8 24
8 98
3 41
6 62
3 14
1 51
5 31
8 28
7 92
10 42
10 32
7 37
4 51
1 59
8 63
4 59
10 65
9 82
1 96
1 60
8 70
7 22
9 48
2 17
8 39
8 75
10 89
2 77
3 67
2 53
1 40
4 13
3 28
7 82
5 98
7 11
2 64
4 6
6 6
2 21
8 46
4 69
7 46
9 9
7 43
8 34
6 35
8 44
8 91
2 88
2 48
6 48
8 24
1 29
3 19
5 76
10 79
4 17
9 54
10 28
1 99
6 1
6 61
4 7
2 72
3 58
6 85
8 95
1 69
9 44
10 50
4 97
2 7
10 17
7 22
8 19
3 55
8 18
3 33
1 23
10 13
3 58
6 30
8 99
10 41
2 28
4 44
9 81
3 98
9 3
3 12
6 37
6 59
2 93
7 95
4 80
1 47
10 86
1 34
5 13
6 74
8 12
9 47
1 95
9 24
3 26
8 51
1 16
8 99
2 14
4 92
7 37
4 2
2 17
1 70
2 52
4 53
10 44
1 91
5 76
10 81
6 62
8 36
10 22
2 55
9 58
4 63
4 67
7 98
3 83
5 45
7 70
7 99
8 92
2 59
1 80
5 29
9 75
2 2
3 63
5 19
5 24
5 89
2 66
8 63
6 73
4 91
2 45
1 74
8 28
2 59
3 62
9 32
9 54
2 78
5 56
10 78
10 83
5 53
10 73
4 36
6 13
2 1
10 45
1 51
5 88
9 92
4 92
7 78
4 9
6 83
2 1
2 74
10 9
6 63
8 17
9 27
7 29
9 2
6 59
3 26
6 29
1 73
5 19
2 46
6 78
2 73
9 6
4 25
5 70
8 80
3 37
3 78
10 28
7 34
5 87
6 47
9 14
1 34
8 50
7 2
7 72
4 97
7 78
1 73
3 84
1 67
4 75
4 75
5 14
2 98
7 57
6 50
6 67
9 100
3 51
5 96
4 43
6 58
4 2
8 100
8 32
4 77
5 8
5 4
8 79
10 18
4 12
6 42
3 44
4 87
3 26
2 29
6 63
6 28
9 45
10 15
7 47
5 29
2 15
4 70
8 71
7 24
5 53
3 65
7 57
10 21
5 33
2 82
7 88
2 12
10 100
4 6
9 48
7 67
6 42
