9 54
4 79
7 88
1 5
9 35
4 42
6 8
3 11
3 4
6 57
7 10
5 13
7 91
4 91
3 7
7 70
4 94
1 58
8 84
4 22
1 3
9 54
10 71
1 34
1 5
9 33
7 33
10 28
7 5
8 9
8 44
5 61
6 68
3 87
8 61
2 92
3 57
4 24
6 29
9 21
6 74
7 72
8 52
8 5
2 98
9 48
6 70
8 70
3 33
6 41
3 19
9 61
8 56
2 96
8 8
9 18
10 4
2 46
3 11
9 36
4 64
4 83
3 1
10 14
1 81
9 88
2 47
2 38
1 83
7 31
9 99
4 86
9 31
4 63
7 1
6 92
4 96
3 54
7 96
9 57
7 44
4 37
7 68
1 27
6 70
9 8
1 63
6 100
4 6
10 95
6 10
6 82
6 66
10 2
8 23
5 54
5 5
1 26
4 62
8 63
3 12
3 50
7 22
7 22
8 27
7 19
9 91
5 33
7 46
2 21
10 19
4 30
7 38
5 1
5 26
1 55
7 43
5 63
1 48
5 77
8 57
1 6
3 87
8 46
1 56
6 13
6 47
2 25
2 94
2 32
8 96
2 26
7 21
2 3
4 51
4 41
10 67
6 63
2 47
8 45
5 100
10 96
8 63
7 75
1 60
7 29
1 66
7 26
5 4
4 56
8 6
8 89
1 55
5 80
10 25
1 74
3 74
2 96
7 12
3 51
2 81
5 87
8 78
10 76
9 26
5 51
3 58
8 18
10 75
7 20
10 76
5 40
6 22
3 12
5 42
4 89
5 46
9 22
5 40
3 99
4 4
2 89
9 65
5 15
6 80
8 28
3 2
2 92
4 59
3 16
10 91
7 87
9 77
10 59
10 19
4 73
1 62
8 33
5 31
9 2
7 90
8 26
3 11
1 97
4 39
10 57
5 54
6 71
2 3
3 88
7 35
6 23
5 76
5 39
9 14
8 68
7 41
4 72
10 63
6 60
7 40
3 57
10 68
4 89
10 76
9 91
9 97
1 84
4 82
1 95
2 77
1 8
3 5
10 20
2 15
9 85
10 52
1 98
10 11
2 99
10 60
9 23
4 60
10 53
5 60
9 77
6 77
1 64
4 82
10 72
6 27
10 32
4 21
6 35
8 94
2 39
10 31
2 16
3 69
8 22
8 97
1 97
4 32
1 41
1 40
1 47
6 61
8 56
2 52
8 36
4 58
2 65
3 52
10 98
4 23
3 27
8 43
1 44
6 22
9 30
7 95
2 94
9 68
9 13
9 73
8 77
5 50
5 83
9 85
2 17
6 86
9 55
7 12
10 77
6 38
1 29
7 54
3 55
7 65
8 37
8 100
4 46
8 75
4 23
7 53
1 6
5 43
5 2
8 46
1 55
6 4
2 11
8 55
8 47
9 2
5 62
2 61
1 55
3 64
9 81
1 71
4 67
4 29
4 86
3 91
2 76
4 89
7 59
8 4
6 75
9 31
5 53
2 79
3 57
8 21
9 86
8 92
8 78
4 1
4 21
10 100
7 52
10 100
6 3
1 18
1 6
1 3
5 13
3 12
4 83
3 99
1 86
7 17
6 14
3 6
8 88
4 53
5 29
8 73
6 36
2 70
6 56
3 66
7 47
7 47
1 73
8 21
7 21
5 52
1 63
3 72
7 70
10 54
4 72
6 33
9 29
1 70
1 57
9 100
6 51
7 7
1 31
9 12
5 6
7 18
10 45
4 44
7 40
3 83
2 18
2 52
8 59
7 31
8 5
7 46
4 20
7 58
4 21
10 23
8 2
10 19
8 53
6 17
6 58
10 76
2 46
3 76
6 50
6 97
4 85
9 28
8 23
3 30
4 95
8 50
9 1
7 27
5 49
7 32
3 55
9 85
3 32
2 19
5 37
5 40
1 60
1 9
10 88
6 92
8 6
7 58
4 38
1 94
10 91
9 76
1 12
2 86
9 16
9 1
1 17
8 15
6 61
1 97
4 22
4 36
8 41
4 90
2 82
7 43
1 6
8 82
4 93
2 74
2 46
5 57
9 94
6 8
2 42
1 93
2 82
9 10
1 67
9 39
10 100
3 76
10 90
4 84
5 81
6 27
5 75
10 7
2 51
4 73
3 6
5 68
7 80
6 26
7 38
7 8
8 33
6 79
2 23
4 33
4 41
1 19
8 61
3 28
6 69
1 52
1 66
5 2
9 87
6 52
2 82
4 78
4 25
6 54
10 93
7 50
7 1
7 35
4 10
10 51
6 28
8 99
2 40
2 96
10 28
4 32
3 89
9 99
3 36
4 71
4 45
3 6
8 76
1 83
4 9
2 97
10 87
4 64
7 10
8 81
6 75
7 53
1 28
2 18
2 21
10 55
10 77
3 38
10 71
3 79
6 58
3 97
7 27
2 69
7 22
10 82
6 19
6 73
10 88
2 16
3 1
1 26
3 23
5 76
2 61
8 59
6 57
1 99
2 40
7 27
8 98
5 98
1 57
10 94
4 64
7 75
3 35
9 12
5 38
6 75
3 52
4 51
2 30
6 16
7 97
10 42
2 89
9 94
10 100
8 17
2 20
9 15
3 84
6 13
8 46
6 100
8 78
4 31
1 46
6 39
8 75
7 66
9 55
9 33
5 94
5 79
8 84
6 47
7 92
1 41
1 67
6 10
5 15
1 83
3 40
9 17
8 30
4 55
2 9
6 39
8 65
1 10
6 44
2 23
1 46
5 68
1 86
10 62
7 4
8 34
10 23
1 89
8 5
10 76
2 5
2 5
8 77
5 99
3 100
5 76
6 44
3 34
4 17
8 91
4 61
8 18
6 57
8 75
8 89
7 71
7 93
1 6
8 11
3 10
10 21
1 57
7 23
8 74
8 50
2 81
9 70
10 93
9 46
10 48
3 77
9 62
8 8
7 30
9 15
10 7
9 82
3 30
10 66
3 6
7 44
10 1
3 50
5 97
9 52
5 79
4 71
10 11
1 30
8 26
9 9
4 42
2 27
3 12
7 79
3 36
2 3
6 82
8 10
6 100
8 92
4 33
1 52
9 84
8 75
6 18
6 80
2 90
7 20
2 99
1 42
4 17
4 3
2 12
9 37
6 55
7 87
5 89
4 11
2 18
4 71
5 80
7 29
1 9
5 37
10 5
9 49
10 38
3 100
10 24
4 44
4 90
3 48
9 3
10 46
7 26
3 90
9 55
8 31
4 77
1 82
1 97
5 42
4 1
8 23
5 98
7 87
9 89
1 23
4 4
8 6
7 18
10 37
2 36
10 43
6 76
1 88
6 8
10 57
1 43
3 27
7 100
4 10
3 84
8 80
9 23
6 35
1 15
7 91
9 77
6 33
10 88
6 53
3 80
1 16
2 96
6 11
3 5
5 80
1 19
1 91
10 5
1 12
4 12
10 88
4 25
10 28
1 98
10 71
9 32
8 1
1 71
10 57
3 86
8 2
9 89
8 4
4 21
4 82
9 55
10 72
10 41
9 94
6 54
9 73
1 81
2 8
1 58
9 65
1 97
10 99
8 84
10 28
6 91
5 24
3 3
2 87
9 20
9 92
4 28
2 71
7 10
9 75
2 80
10 77
2 18
4 48
4 22
5 90
6 72
10 3
9 95
8 85
8 51
1 69
6 4
1 85
9 96
5 76
4 24
7 50
6 99
8 69
6 37
5 17
4 44
6 7
2 25
2 63
1 25
10 95
1 34
9 44
1 58
2 91
2 16
2 57
6 67
6 21
5 91
7 87
8 77
2 75
3 15
3 75
2 14
8 27
10 58
4 71
3 40
8 70
2 82
8 33
1 19
4 57
10 5
5 52
8 93
8 64
2 35
7 43
7 71
1 100
4 16
2 17
9 59
3 83
6 11
4 6
3 93
6 77
10 71
4 74
8 32
6 86
8 75
5 54
10 96
10 19
5 31
10 12
3 22
2 38
5 28
2 36
6 17
8 44
6 13
1 2
4 5
5 17
5 20
7 80
4 55
6 36
10 49
1 3
7 26
2 88
4 79
6 67
4 89
7 51
7 31
2 49
6 24
10 48
4 82
3 46
7 94
9 78
5 16
9 90
3 70
3 81
8 97
9 95
3 40
4 2
8 69
1 50
4 26
4 63
9 17
6 82
7 89
4 58
3 41
2 74
2 2
7 33
8 17
3 49
9 11
5 28
8 87
6 97
1 22
5 32
9 9
7 58
4 78
3 4
6 96
9 97
7 23
4 71
4 1
10 43
10 84
4 86
10 64
4 82
2 93
3 41
9 93
10 93
9 68
9 35
1 38
4 37
2 32
2 96
8 84
5 43
1 59
9 48
3 30
10 21
1 9
7 15
4 91
3 90
6 80
9 40
7 13
6 93
6 34
1 35
9 90
3 88
5 47
10 41
1 83
6 99
1 49
4 37
10 38
3 8
1 48
1 43
1 53
5 97
1 16
2 58
5 38
4 87
6 12
3 6
1 77
8 30
10 91
7 80
