1 57
2 57
3 30
3 15
3 63
8 27
1 87
2 31
7 40
7 8
3 80
3 56
3 55
7 12
9 10
6 19
3 18
10 34
8 7
8 82
3 35
10 76
1 99
3 87
3 33
10 81
4 13
5 36
8 14
7 24
3 96
9 67
2 65
6 56
8 93
9 25
10 31
10 35
3 85
6 100
4 71
1 53
4 45
4 30
4 24
2 79
4 71
5 57
7 91
9 15
10 24
9 35
4 51
5 24
8 30
5 29
7 30
2 88
10 93
8 74
5 3
6 71
4 91
2 54
9 12
2 47
4 5
3 97
10 22
3 60
2 53
8 35
10 98
1 34
9 35
2 19
7 4
5 31
1 59
2 6
6 28
9 32
8 83
8 82
5 34
6 5
3 39
4 86
10 3
2 15
9 74
5 50
5 91
5 84
5 51
1 89
2 94
10 38
8 2
4 31
10 54
3 61
7 71
4 29
9 93
10 28
8 52
3 14
9 20
8 92
10 28
3 2
2 12
5 66
6 39
1 60
6 49
2 51
9 73
6 25
4 27
1 31
4 89
5 84
3 95
8 29
4 9
2 13
9 21
2 63
10 22
10 61
8 53
10 3
5 70
1 46
1 51
5 46
5 53
7 68
6 12
9 37
9 78
6 52
8 68
5 45
2 58
10 9
1 68
1 82
4 1
4 79
3 91
7 12
5 69
1 10
2 19
7 26
5 4
5 93
10 87
4 100
6 71
9 73
6 75
7 10
4 51
5 5
2 89
6 37
8 13
1 37
6 80
8 95
7 43
3 57
7 80
2 36
8 93
7 100
4 78
5 49
3 83
8 63
5 83
2 98
4 15
3 50
7 6
6 44
5 53
7 99
5 28
9 61
4 5
9 24
6 41
8 1
3 85
2 70
4 58
1 61
3 93
5 52
2 23
10 22
2 96
1 96
3 63
3 64
2 79
4 6
7 88
4 92
9 34
6 98
10 78
7 32
10 27
8 72
2 25
6 47
8 44
8 40
4 81
7 27
8 33
10 25
3 19
9 21
3 57
2 63
10 27
7 25
4 76
3 90
6 49
8 77
4 24
5 22
1 62
4 36
2 33
6 59
3 50
10 21
4 63
5 92
3 49
10 82
3 92
9 38
5 4
5 47
6 76
2 79
10 54
10 14
9 59
1 97
5 29
3 6
7 31
9 74
2 4
10 86
8 72
6 15
10 48
4 9
9 45
7 19
4 57
5 73
5 58
9 82
8 51
10 82
2 65
6 48
6 87
5 29
5 95
2 25
2 34
1 87
2 78
1 25
1 2
3 82
5 66
2 75
4 18
6 79
3 38
8 91
6 100
6 48
9 62
1 78
4 66
4 77
5 16
5 26
5 11
7 75
10 80
3 76
10 52
2 11
8 82
8 23
1 25
8 89
10 24
6 64
5 36
9 76
8 82
5 93
7 90
4 22
2 35
7 84
9 34
10 93
1 99
5 8
8 36
5 94
1 93
10 36
6 59
3 2
3 76
8 68
9 21
4 61
4 28
10 32
6 61
4 45
2 19
8 49
3 87
7 78
10 10
10 25
8 77
1 33
4 55
3 57
5 90
3 98
9 2
1 20
4 71
3 12
1 90
2 6
5 67
2 65
5 86
5 64
9 49
5 52
3 22
8 4
10 42
10 16
9 42
5 96
6 93
3 92
2 91
3 21
8 92
7 75
8 10
9 81
2 70
1 3
8 54
10 86
3 53
2 8
4 54
10 3
5 15
4 15
1 54
4 48
1 18
1 64
1 13
6 11
1 37
6 42
6 86
3 87
9 99
6 68
10 73
4 37
4 17
4 8
7 48
7 4
4 29
4 57
4 64
4 75
7 23
7 25
2 82
9 87
3 52
1 97
7 4
6 36
8 78
9 58
3 72
9 36
10 93
10 8
9 73
8 37
10 50
10 77
4 23
5 37
3 44
4 88
7 81
7 6
6 100
10 92
3 2
9 85
4 74
10 27
4 63
5 56
3 43
3 29
1 16
10 46
9 70
3 44
2 24
9 75
3 57
4 59
6 11
3 23
3 24
4 53
9 55
6 85
9 18
4 25
2 78
9 14
8 92
9 5
7 96
9 29
1 63
6 56
10 39
10 1
9 98
6 30
9 27
5 16
7 31
6 73
7 44
8 52
8 64
10 99
5 33
6 69
9 96
7 72
8 72
8 8
10 6
4 30
4 83
10 4
2 98
8 1
9 94
5 77
3 60
8 86
8 96
6 22
9 61
3 34
10 49
9 80
3 66
4 6
7 90
3 6
5 54
4 5
4 61
7 24
8 82
9 47
5 60
9 6
8 71
10 53
9 3
5 52
9 75
8 92
8 92
6 86
9 33
10 1
6 97
7 38
7 63
2 61
10 89
10 34
6 72
5 68
9 36
2 33
10 57
8 82
1 66
7 99
1 1
5 46
9 32
1 99
3 4
6 19
10 16
2 18
2 25
4 72
6 84
6 23
6 24
7 23
1 23
3 22
8 92
1 15
1 84
10 86
5 43
7 35
7 28
3 21
6 78
5 58
4 61
6 73
6 44
4 3
6 51
10 26
1 56
6 72
8 17
1 81
10 32
6 36
8 14
3 16
3 82
1 83
7 54
7 24
5 97
8 58
6 55
9 57
1 11
7 37
2 38
8 65
2 81
1 99
1 5
5 11
9 99
2 61
3 24
4 83
8 91
8 92
9 67
7 73
4 59
9 58
7 55
9 17
3 57
4 86
6 26
6 61
7 56
10 18
2 25
5 52
5 74
7 18
2 77
10 74
3 49
2 100
9 29
9 23
2 52
8 99
1 92
7 15
4 100
3 21
4 37
2 13
1 53
9 11
4 39
9 29
8 57
6 89
2 15
5 12
4 69
5 44
10 31
6 76
1 89
5 86
5 90
3 74
4 6
8 62
5 9
10 82
10 15
10 67
2 65
1 71
4 14
2 27
9 24
3 13
5 81
8 98
7 79
5 60
5 51
9 89
5 6
9 21
9 2
7 45
5 12
5 77
1 53
7 39
2 90
7 94
2 73
5 47
6 5
7 3
10 18
7 92
10 78
4 13
6 44
9 35
1 20
10 10
1 87
2 81
9 93
3 43
2 77
6 59
9 54
2 59
4 53
8 69
6 38
5 75
4 64
10 25
3 19
3 81
6 33
7 79
10 74
4 91
10 89
9 72
6 74
3 87
2 61
2 25
8 25
6 34
8 97
9 7
3 44
3 3
5 73
8 54
9 25
6 47
10 17
8 48
6 7
10 80
1 6
9 5
9 16
8 35
10 57
6 98
2 16
8 12
9 20
10 51
6 17
9 62
10 37
10 50
2 100
9 17
7 52
8 84
9 14
4 34
10 14
7 16
7 81
8 31
3 46
2 37
6 94
10 1
3 53
10 43
4 58
10 27
4 63
4 77
3 11
3 50
1 77
7 71
4 34
4 5
5 6
7 24
1 56
3 28
7 97
4 73
5 59
2 2
3 51
7 82
9 48
3 97
4 86
9 18
4 100
1 2
8 10
9 88
2 12
3 87
5 32
3 98
2 51
10 42
5 79
4 79
2 56
4 8
1 9
7 5
10 62
9 93
7 73
3 21
7 18
3 41
9 40
1 64
3 21
5 42
8 61
9 94
4 12
2 14
4 42
1 1
4 37
4 63
7 10
2 36
3 37
7 78
4 11
4 85
8 61
1 59
8 11
2 1
8 51
6 57
2 33
3 4
8 84
2 40
2 11
3 99
8 41
8 56
4 18
7 100
1 80
8 72
10 99
2 78
2 65
1 46
2 38
6 48
4 95
3 95
7 14
1 52
8 26
10 61
2 6
5 53
2 17
1 78
3 51
1 31
10 43
8 60
1 8
9 15
4 47
5 73
4 12
9 90
9 73
2 22
3 97
2 97
7 28
9 21
2 56
9 99
6 52
8 92
7 65
6 19
8 75
5 49
10 98
8 61
10 18
4 82
4 68
4 50
4 30
7 8
1 79
3 78
10 17
9 42
5 3
1 87
6 80
2 53
2 50
1 17
8 28
9 22
4 11
6 10
1 51
3 28
7 2
2 41
8 77
5 89
3 28
1 100
1 45
2 66
3 5
3 95
9 19
10 42
2 77
6 52
6 45
1 17
4 45
4 2
6 4
4 22
2 10
5 48
10 90
9 11
8 15
2 49
1 4
1 41
5 88
6 63
2 14
4 23
4 18
3 3
8 39
9 53
10 62
9 40
1 84
9 90
3 3
1 73
5 54
7 76
3 75
3 10
6 94
9 33
10 88
2 38
2 93
7 81
8 44
5 33
9 42
10 64
7 55
8 46
6 65
10 87
2 69
6 54
2 100
10 67
8 27
10 81
10 75
3 47
9 96
7 42
1 41
6 5
10 78
1 88
8 78
6 69
1 40
3 12
7 76
7 31
10 86
5 71
2 64
3 71
2 26
8 95
1 52
2 12
9 87
9 95
8 40
4 71
8 62
6 13
5 11
7 71
