2 79
5 70
7 83
7 75
7 90
5 29
6 98
7 33
5 61
8 62
7 23
7 70
4 95
6 73
10 9
7 21
10 86
2 41
5 92
6 62
7 87
4 87
8 21
8 44
1 51
4 15
9 26
2 4
1 54
9 100
9 57
4 57
4 15
3 20
1 41
6 76
6 5
8 63
9 26
3 43
3 9
4 11
2 8
2 15
6 62
2 39
5 89
5 80
1 92
8 90
9 68
1 78
7 86
10 57
1 74
6 71
1 13
5 14
2 65
6 85
4 1
2 78
6 69
9 2
4 7
10 52
5 77
7 59
1 55
6 58
6 16
3 79
6 93
7 88
3 66
10 47
7 14
7 17
5 42
7 90
3 53
3 75
7 11
5 68
10 88
4 33
2 40
3 29
3 30
2 6
1 78
2 72
10 68
1 12
8 79
8 45
3 38
1 40
4 42
2 21
3 85
9 94
4 55
9 78
1 56
8 35
6 34
1 66
4 85
7 36
6 24
4 79
4 42
7 49
4 7
6 25
4 90
1 89
6 56
7 37
9 55
4 54
3 37
6 86
10 71
6 75
2 78
3 39
1 13
9 68
8 97
2 22
4 67
4 46
7 88
6 80
10 79
9 45
8 7
1 27
7 11
8 15
2 85
8 38
8 95
3 16
10 9
7 49
5 35
5 65
10 14
7 36
5 80
9 55
8 69
6 82
4 5
7 59
7 15
2 24
4 56
5 25
10 94
9 13
8 100
7 11
9 15
4 16
1 45
6 100
7 38
5 59
2 85
4 27
4 7
2 8
1 91
9 15
3 60
4 60
3 80
2 31
6 26
9 25
1 80
3 85
8 35
8 18
6 15
1 92
7 34
4 95
10 30
5 91
9 36
9 91
3 61
6 53
7 51
3 27
4 31
5 4
5 59
9 38
3 19
3 40
6 98
6 41
7 59
8 91
7 29
5 69
6 25
10 49
4 23
5 10
7 88
4 75
4 30
7 43
3 97
6 41
5 39
8 93
5 12
4 13
8 92
6 35
1 49
7 67
1 41
5 37
10 97
2 89
3 53
3 43
1 17
10 65
2 19
1 4
5 75
7 96
10 96
5 73
9 9
7 35
8 49
8 41
3 15
5 98
6 39
9 100
1 50
2 62
1 49
10 97
6 89
2 72
3 57
3 38
1 25
2 46
7 100
2 37
9 34
8 78
10 53
3 11
10 70
5 15
4 38
2 10
7 42
7 37
7 64
8 39
10 61
3 46
4 41
9 50
2 34
6 13
9 18
9 47
10 55
9 25
8 40
4 85
5 98
4 76
6 8
4 76
1 45
2 13
2 57
1 40
3 99
1 20
9 42
7 45
2 2
6 82
8 39
2 14
9 69
5 7
4 30
8 24
9 17
3 94
10 35
4 18
5 33
1 29
2 18
9 65
4 47
5 23
10 33
8 46
10 11
2 4
9 97
7 100
5 44
9 69
10 64
4 37
6 80
9 22
5 69
10 66
9 38
2 21
5 89
4 61
9 75
9 6
6 66
9 96
2 52
7 30
9 23
5 29
9 28
3 18
10 40
5 69
7 19
8 99
8 48
3 31
8 91
10 25
6 63
1 51
10 19
3 98
6 60
7 25
8 96
7 9
7 78
10 45
1 26
3 49
3 88
10 99
10 89
8 89
3 7
10 14
8 67
5 31
7 48
8 66
4 34
7 11
2 96
5 32
4 27
9 11
1 25
4 86
5 3
2 70
8 55
8 65
8 34
3 91
1 70
9 96
8 8
3 93
5 97
7 8
1 34
9 5
4 14
1 63
8 79
9 21
6 22
3 35
5 1
8 97
6 14
8 86
7 7
9 37
1 21
1 81
7 7
2 88
2 51
5 63
9 2
8 21
3 33
6 53
3 64
3 77
6 29
10 25
2 79
3 37
10 97
10 65
7 37
2 83
5 25
10 6
7 81
8 49
8 14
2 19
3 43
10 71
7 27
10 49
7 92
1 40
5 72
4 94
6 9
7 21
7 7
10 48
4 6
9 11
1 100
5 52
10 94
1 20
1 15
10 53
10 14
7 10
5 54
7 36
6 48
10 96
8 45
5 60
7 2
10 82
6 72
1 97
1 61
3 14
10 21
4 58
8 85
1 39
10 68
10 4
9 48
7 99
8 64
6 34
2 20
5 35
2 33
5 17
4 76
1 75
10 49
7 88
3 45
7 39
5 33
4 98
2 82
4 3
3 95
5 48
10 22
8 36
9 4
8 18
7 98
7 94
9 68
8 66
9 58
2 75
5 2
9 98
3 2
8 22
3 19
7 28
2 35
10 75
6 48
2 49
3 5
5 59
7 90
5 9
1 91
8 14
10 70
7 95
8 52
2 50
2 43
3 11
3 70
1 86
5 37
4 89
5 23
7 86
4 38
9 100
9 94
3 51
8 6
1 78
10 40
8 97
8 52
5 52
8 65
2 95
10 36
1 64
10 54
2 83
4 80
1 61
4 29
10 28
1 85
2 98
9 66
6 45
7 17
8 96
8 10
3 41
7 8
5 87
5 48
1 38
1 28
7 37
4 94
10 100
5 51
5 84
2 2
4 1
3 90
2 71
8 79
8 84
6 25
1 93
8 22
4 8
6 95
5 7
9 19
1 64
7 93
6 48
4 91
5 61
1 24
6 64
2 34
6 69
6 76
3 84
9 12
7 4
7 57
10 93
10 81
1 42
2 82
5 46
2 91
4 90
1 98
9 20
9 20
2 14
7 33
3 81
3 42
1 82
9 29
7 72
5 4
6 48
2 83
7 1
5 84
3 62
8 92
10 55
5 17
10 49
10 74
9 27
7 16
9 18
1 59
2 84
2 28
9 32
10 31
3 62
4 87
1 35
9 3
10 56
1 97
6 81
5 98
9 4
6 13
3 32
9 64
2 60
10 13
1 60
1 14
9 20
4 77
8 28
2 19
9 52
5 52
1 22
6 14
9 93
4 83
7 12
6 51
2 96
4 51
4 3
9 93
7 40
8 12
6 9
2 74
7 11
2 37
5 28
2 16
6 1
2 77
1 35
7 24
10 18
2 77
8 26
1 63
1 18
5 77
8 30
6 79
4 96
6 22
3 7
1 64
5 41
1 74
8 24
6 16
8 64
2 45
2 27
9 57
7 45
8 64
10 95
2 15
7 20
4 5
7 100
2 36
5 13
10 68
3 66
7 30
1 87
9 70
3 92
4 94
9 67
6 85
3 4
8 4
8 63
10 52
5 45
10 67
8 96
1 69
10 16
8 35
4 10
5 63
3 31
8 58
6 17
8 63
3 50
6 66
2 4
5 77
10 60
7 38
6 39
2 30
5 55
7 26
3 38
8 37
10 38
2 34
9 62
7 16
4 16
4 15
8 96
4 17
5 80
2 43
3 74
10 51
6 80
4 92
8 3
3 28
10 88
10 77
8 88
1 10
1 94
8 26
2 7
8 85
10 61
10 38
8 5
2 32
6 63
7 52
2 97
8 65
6 45
6 72
5 67
5 99
1 8
2 20
8 76
10 15
5 15
7 49
8 35
9 21
4 29
4 38
4 83
6 30
1 65
4 82
6 33
1 53
10 90
5 31
7 16
3 12
9 83
5 43
4 80
2 10
10 9
3 3
1 5
1 92
9 65
8 51
1 88
8 62
6 80
8 83
6 62
8 52
2 47
7 89
6 42
10 11
9 11
7 74
7 29
6 66
2 28
8 40
8 60
2 72
4 59
7 50
7 27
8 66
5 37
6 41
8 87
8 7
5 67
9 79
4 21
7 94
5 69
10 96
6 3
8 60
4 26
7 39
3 99
2 80
2 80
8 7
2 35
4 12
6 41
3 27
3 61
1 11
6 62
5 32
4 83
1 78
9 92
1 35
10 86
2 57
3 24
1 26
6 96
4 96
7 26
8 6
5 3
3 72
7 46
3 83
2 12
8 94
3 27
5 36
1 75
7 20
5 77
7 18
6 68
7 13
10 88
8 70
1 49
10 35
4 14
5 57
8 88
2 60
2 31
2 42
9 19
1 31
8 11
9 8
7 39
1 45
8 57
9 21
5 91
9 70
9 24
1 87
1 93
2 55
9 26
6 84
2 1
9 76
1 71
2 79
10 98
5 65
1 24
4 71
9 67
7 50
10 38
1 57
10 79
5 21
4 61
9 62
9 10
7 80
7 19
10 63
3 45
7 49
9 53
7 75
1 11
9 76
7 42
2 85
4 63
2 20
6 29
1 65
4 6
2 67
8 25
4 49
10 60
2 45
3 92
7 29
6 91
6 2
3 94
10 41
5 29
4 42
2 21
2 60
1 57
2 53
4 28
4 81
8 30
2 89
6 17
10 78
4 81
5 69
5 45
2 65
1 73
4 21
8 65
6 55
3 86
7 30
9 68
4 25
8 76
10 25
6 33
10 65
3 79
3 85
2 87
5 4
7 38
3 46
10 9
9 35
3 18
4 38
10 29
10 75
3 98
5 89
9 71
5 79
1 41
