5 22
7 73
6 19
1 42
1 56
1 36
3 84
9 61
3 26
1 35
1 54
1 85
7 77
9 59
1 3
2 98
2 32
10 61
7 80
2 99
7 80
2 2
3 63
4 50
9 45
2 7
2 100
1 75
8 4
9 64
6 69
6 38
3 17
4 42
7 47
2 44
10 72
5 43
6 16
3 15
6 13
10 82
1 25
2 84
9 86
6 21
1 15
9 89
5 97
5 41
4 47
10 21
7 64
10 50
1 40
9 56
4 14
9 96
10 1
7 58
3 93
2 95
6 85
1 27
5 12
7 80
10 13
2 49
1 36
8 47
6 78
6 59
4 72
3 22
3 41
1 17
6 6
1 4
10 48
6 75
4 85
2 5
9 60
9 65
7 63
5 58
6 86
6 2
6 35
9 47
8 92
4 71
9 5
6 26
8 83
6 78
9 62
1 99
7 44
3 41
6 67
9 43
6 73
4 30
1 26
10 63
8 27
2 34
5 46
8 12
6 11
5 71
5 46
5 78
2 2
8 76
10 54
5 98
4 55
3 78
6 75
6 2
5 77
2 14
5 1
4 34
5 35
8 100
1 64
10 46
5 14
7 75
8 98
7 84
9 87
4 87
4 24
9 88
4 94
9 25
8 6
5 96
7 4
2 26
7 90
6 15
1 98
9 70
2 69
4 24
1 89
9 89
6 15
9 18
7 27
5 12
9 21
5 38
6 60
5 8
6 26
10 98
2 40
3 80
7 12
8 70
2 41
8 43
1 34
5 66
2 60
7 50
1 89
4 5
8 46
3 12
8 53
8 1
9 96
1 66
3 67
5 98
4 36
3 6
4 66
2 82
4 23
9 53
9 4
6 79
9 95
5 71
10 99
6 46
8 17
9 51
7 74
4 16
9 86
9 34
8 83
2 93
9 26
6 2
2 40
3 22
2 81
4 60
8 56
7 96
4 23
5 81
5 45
10 44
9 49
8 30
4 49
1 7
8 85
9 57
5 39
6 61
5 12
1 52
7 80
10 59
7 35
7 49
8 52
9 31
2 68
2 19
4 24
3 24
4 91
10 57
1 43
7 52
3 19
4 87
8 83
9 95
2 48
9 30
6 42
3 7
8 4
9 64
7 48
3 88
9 84
9 23
8 49
5 39
10 2
9 85
4 13
2 93
5 82
10 62
4 13
5 6
1 51
8 79
5 65
8 8
9 45
9 54
1 17
4 35
7 62
7 49
10 22
2 63
10 58
8 42
3 16
1 15
1 41
3 54
1 2
2 14
10 1
5 48
4 75
8 94
2 34
7 43
7 69
5 39
3 52
6 18
2 26
2 18
10 72
5 93
9 97
6 32
6 53
7 91
10 99
4 2
2 78
9 89
2 20
8 8
6 90
9 41
10 76
8 16
10 3
2 29
2 32
8 49
9 15
6 27
9 85
10 38
3 55
5 37
4 77
6 42
1 6
5 36
3 26
5 91
1 75
7 66
4 5
10 85
9 30
4 69
8 24
9 70
1 5
8 68
10 97
1 49
10 40
8 90
3 85
8 25
9 98
5 76
4 22
5 20
10 32
4 5
2 22
5 22
6 22
7 61
3 64
1 38
5 11
7 4
5 55
6 69
1 40
6 18
8 20
1 71
4 49
5 55
6 65
10 10
7 41
1 93
6 23
10 11
9 23
3 90
7 61
9 34
1 72
5 5
7 11
9 72
2 53
1 6
4 51
7 67
8 39
10 60
9 28
1 94
6 85
3 20
7 34
1 19
6 42
8 96
10 51
1 5
7 45
10 58
10 42
5 88
4 74
2 69
5 59
10 14
9 44
9 49
4 64
9 81
9 86
9 40
10 48
5 85
7 29
3 49
7 35
4 84
2 45
10 9
10 46
5 14
4 49
5 73
2 90
7 65
4 22
9 37
10 70
6 100
7 87
5 77
2 94
10 93
6 61
7 52
7 12
8 5
5 95
6 10
8 75
5 24
4 71
7 15
5 12
1 50
5 46
4 19
6 87
2 47
1 45
2 53
10 21
3 12
5 98
1 22
8 5
2 20
2 95
10 5
2 60
4 88
4 19
5 90
10 66
8 100
4 14
9 21
8 48
8 56
2 47
2 2
7 42
1 51
8 25
10 92
6 96
7 64
2 60
5 43
2 87
7 73
3 15
4 8
4 15
6 86
7 37
3 57
1 8
10 48
8 14
7 23
4 30
9 28
8 45
2 22
8 46
8 87
8 8
5 69
3 72
9 81
9 21
4 24
1 93
3 83
6 97
9 27
6 96
8 75
6 61
2 38
5 11
6 81
5 98
5 21
10 68
9 69
6 66
3 91
10 10
7 13
4 54
10 44
7 87
3 53
4 56
4 68
3 77
8 62
6 4
7 39
6 15
3 10
10 4
4 33
9 59
8 36
10 6
6 17
1 15
6 10
8 22
1 68
1 10
1 93
8 51
4 13
8 21
1 88
9 48
2 51
7 60
10 26
8 85
10 55
1 80
5 10
2 36
9 93
7 24
10 59
8 26
9 92
1 42
9 27
9 49
6 61
7 61
9 70
1 1
4 90
5 42
3 42
8 58
1 12
4 24
2 17
6 61
2 99
4 90
6 68
10 24
6 46
2 13
5 8
6 44
9 17
10 41
2 24
2 63
10 17
2 63
2 40
7 97
5 20
10 13
5 66
8 16
8 7
6 10
3 16
1 10
10 74
9 21
7 86
6 75
6 55
2 39
2 74
8 61
4 60
10 75
4 84
1 90
3 84
1 11
8 74
5 30
1 54
9 53
7 67
4 39
1 39
1 69
7 61
1 10
2 87
3 63
9 32
7 41
4 100
6 63
7 50
4 16
7 16
4 3
8 3
8 18
8 69
10 61
1 56
3 71
8 92
4 55
7 90
9 97
4 60
3 67
1 17
1 5
10 62
6 69
8 90
5 12
8 12
4 30
10 11
10 29
7 72
7 93
1 68
4 50
9 4
8 96
2 10
4 36
4 24
4 49
3 65
7 98
5 29
8 58
9 27
8 2
1 42
5 27
1 27
6 58
9 55
8 84
2 57
2 6
9 72
1 13
2 30
5 3
2 28
1 64
1 42
7 81
2 75
2 71
3 100
10 22
3 2
9 96
6 70
7 70
3 64
1 94
6 35
7 4
3 32
4 67
2 54
4 3
10 51
4 74
10 50
10 64
8 97
10 8
4 61
7 72
4 84
10 12
7 59
10 24
3 70
6 97
8 82
7 90
9 97
4 100
6 81
10 11
10 43
10 8
4 42
10 61
1 17
5 43
3 50
2 16
3 26
4 48
2 93
7 6
9 47
4 25
7 5
2 68
10 25
10 16
5 70
4 92
3 11
7 19
5 60
8 91
1 27
9 17
10 98
2 94
7 14
8 45
8 54
7 26
10 38
2 35
9 39
5 62
8 18
5 44
3 37
9 33
5 62
1 16
6 86
8 90
5 65
9 52
4 68
9 82
2 36
2 55
2 31
1 42
6 85
5 86
3 66
7 75
10 18
6 77
3 34
2 47
8 82
2 21
7 36
3 7
2 80
9 78
4 89
4 20
9 73
10 8
4 70
10 20
1 41
3 80
6 19
10 48
7 78
6 54
7 13
7 77
10 81
2 42
5 9
6 13
3 70
2 4
7 100
6 76
6 88
6 65
5 40
7 17
6 84
8 1
3 43
5 1
4 73
7 61
7 16
7 76
6 27
2 80
10 98
1 4
4 90
4 40
8 100
1 39
2 85
7 32
3 66
3 58
9 17
2 44
3 92
10 34
1 1
4 98
1 39
9 68
5 93
6 41
6 89
2 66
1 65
8 77
3 2
1 28
8 29
4 32
9 43
9 70
7 63
3 56
1 92
2 42
8 46
2 59
3 95
2 68
4 55
9 37
4 99
8 92
10 92
4 95
5 23
5 12
10 19
2 35
2 83
9 81
6 32
2 72
7 92
2 56
6 12
6 40
1 54
4 30
3 6
5 70
3 94
6 61
2 34
10 87
7 94
7 54
5 97
7 30
9 25
6 15
10 60
8 34
6 73
10 60
9 13
5 40
4 39
1 32
9 31
7 68
2 43
8 67
7 10
3 51
6 71
5 23
9 90
5 19
3 34
4 9
3 47
5 15
5 71
4 62
5 96
9 86
5 84
5 63
1 86
4 73
4 29
4 39
3 35
9 19
3 84
4 54
2 69
5 98
8 24
4 22
4 82
6 49
3 88
3 79
8 83
7 9
5 59
7 8
10 15
7 38
4 63
3 5
6 90
10 4
2 76
8 89
1 56
2 92
7 56
8 94
10 94
7 79
8 85
1 93
10 25
9 55
3 44
7 54
1 15
10 19
5 17
10 33
9 75
8 45
1 50
7 1
10 54
10 7
5 51
5 39
2 18
10 24
6 37
9 3
2 20
8 61
7 17
4 13
4 95
5 54
9 63
6 47
1 56
3 33
7 98
1 93
10 42
7 23
5 56
10 99
6 17
6 20
1 43
10 78
8 28
