8 20
7 61
8 1
1 41
5 43
3 67
7 86
9 1
4 98
1 79
6 23
4 72
2 67
6 39
4 6
5 21
9 60
2 86
2 67
4 12
7 39
2 13
1 65
5 62
3 8
3 62
1 19
7 18
8 95
7 89
3 93
9 51
5 97
7 10
6 57
6 18
2 10
8 24
9 24
2 38
1 85
1 85
7 25
4 75
10 28
2 72
8 9
6 89
5 7
3 1
10 23
7 29
5 38
5 74
9 23
9 96
1 29
5 22
8 79
1 9
9 9
4 22
6 5
4 81
2 42
5 68
4 52
2 89
2 44
1 16
4 43
2 77
2 20
3 11
8 39
1 10
8 90
9 35
10 18
5 81
6 69
1 34
8 80
6 36
3 80
1 11
6 59
8 73
2 97
3 50
10 25
8 98
10 22
1 97
2 86
2 49
8 78
1 55
2 76
6 16
5 54
8 62
6 8
10 56
3 70
9 34
7 88
6 51
3 59
4 57
9 20
6 83
2 20
2 43
7 79
2 97
6 42
7 25
6 89
8 97
2 69
3 27
5 60
4 11
4 91
8 60
9 69
6 17
9 22
10 30
9 33
10 17
8 32
7 56
1 91
6 37
5 44
5 30
7 22
1 22
3 39
5 37
7 72
2 43
6 25
9 5
7 3
8 82
8 40
6 91
3 88
5 67
3 85
7 77
8 25
2 57
9 27
7 47
9 46
8 35
8 42
2 82
1 80
4 4
7 25
6 15
4 55
6 100
10 1
5 50
8 5
1 64
6 19
5 12
4 46
7 27
8 55
6 39
2 93
8 32
7 77
7 95
10 61
9 84
9 61
10 36
8 19
10 99
5 23
5 92
10 88
6 27
4 85
3 91
4 97
5 34
8 30
7 78
9 36
3 83
10 59
2 35
8 18
8 85
8 23
7 13
7 25
3 17
4 72
7 94
4 61
1 50
7 70
3 2
7 60
4 92
8 75
5 87
6 87
4 15
8 27
10 97
7 88
2 31
1 56
7 56
3 92
5 23
4 23
9 38
2 64
6 52
8 23
4 16
4 25
9 13
1 23
2 22
2 86
2 93
9 65
9 9
1 62
10 34
5 62
1 79
4 24
7 38
5 38
8 46
5 1
7 46
8 82
7 86
8 14
4 8
2 34
7 22
7 60
8 71
5 75
4 55
3 13
9 3
10 88
1 2
1 38
4 7
2 2
3 84
7 76
8 24
7 13
10 73
2 97
2 45
6 22
3 84
1 78
6 15
4 56
7 75
7 76
5 31
2 89
4 96
5 21
9 57
10 68
7 80
8 1
8 49
1 71
8 8
4 43
2 17
10 24
9 52
7 16
5 43
9 53
2 6
9 20
6 10
10 1
4 62
7 53
10 66
10 34
5 53
10 41
3 42
1 22
7 51
8 37
8 31
3 68
10 43
7 82
3 92
9 62
5 79
10 13
8 5
2 46
1 94
9 48
5 38
6 99
9 40
10 59
6 55
4 63
10 86
8 10
6 99
5 52
3 63
6 87
2 50
7 25
2 79
8 58
5 20
8 4
4 45
8 55
6 38
7 82
8 50
2 72
10 98
9 4
10 47
5 86
8 25
4 21
2 57
3 90
7 49
10 15
3 56
4 77
7 81
8 93
7 81
10 93
8 54
9 72
9 97
7 35
1 45
6 84
2 70
3 29
6 41
8 13
8 15
10 83
7 19
5 96
7 86
2 80
10 74
5 77
3 67
10 8
2 7
4 72
1 4
4 37
1 27
3 86
3 92
6 12
3 93
1 31
2 26
5 46
9 3
10 98
1 72
1 69
8 70
3 46
9 46
3 57
4 24
1 69
1 66
2 21
2 15
2 13
3 23
4 58
9 5
3 57
10 44
6 92
9 47
8 38
8 4
4 90
3 44
7 44
6 21
9 72
2 61
3 88
5 62
3 25
9 76
6 29
1 67
2 40
5 70
10 56
3 26
1 67
1 2
5 90
3 65
3 81
4 94
8 54
9 88
7 17
6 95
1 9
1 42
7 10
6 2
10 68
8 92
8 17
5 39
8 14
2 3
1 94
10 10
2 1
6 92
3 73
4 70
7 47
3 67
8 52
5 56
1 22
6 54
1 79
6 71
6 82
7 29
10 66
8 31
7 79
2 54
7 50
2 59
6 97
2 68
9 94
3 92
7 50
10 41
8 65
4 57
3 28
5 93
6 42
10 11
6 29
7 26
9 90
8 84
4 65
10 28
4 86
5 6
9 48
7 12
1 32
5 10
4 53
5 14
5 76
8 91
10 87
1 17
9 45
10 30
2 61
2 63
9 83
10 29
3 35
8 83
8 27
10 46
8 74
7 72
5 44
10 58
4 45
2 61
9 66
5 88
8 34
4 77
8 46
6 1
6 65
10 58
7 3
2 56
10 89
1 15
4 53
3 73
3 11
1 56
10 45
10 71
1 100
6 82
7 65
5 4
10 44
6 9
4 71
9 5
7 51
8 76
2 71
5 88
8 5
6 12
9 27
3 35
5 11
7 55
8 4
3 20
10 45
3 76
9 3
7 44
5 24
8 1
3 50
9 78
6 47
7 95
4 27
7 15
1 83
6 66
5 46
1 97
4 8
2 20
7 84
8 67
6 23
8 56
3 52
2 80
7 5
3 9
8 50
9 72
1 84
7 97
4 27
10 53
3 6
9 92
4 58
10 63
1 2
2 84
6 78
4 26
3 18
3 80
7 91
1 2
10 1
8 15
3 7
3 78
3 61
7 95
7 27
9 79
5 12
6 37
6 18
4 55
7 40
3 93
2 22
6 8
9 28
6 96
10 48
2 8
9 81
10 79
6 93
10 17
1 28
1 67
7 31
1 96
3 85
9 65
7 60
4 35
5 43
7 12
1 7
3 89
8 92
6 72
8 4
1 46
5 27
3 90
4 94
7 45
7 26
1 58
3 32
3 59
1 96
7 56
3 58
4 14
5 29
6 80
7 87
9 1
8 94
5 51
5 54
2 65
2 35
2 66
8 50
7 51
4 89
7 30
6 12
1 34
3 84
3 92
1 90
3 92
6 23
6 73
1 27
5 69
6 44
9 16
8 63
4 92
9 55
2 80
9 66
6 87
3 16
7 57
2 69
1 100
10 55
2 51
4 62
1 32
6 53
2 33
9 95
6 2
5 2
8 89
9 23
8 30
4 71
8 98
4 22
8 32
10 62
3 31
5 43
6 80
1 74
6 51
1 8
10 36
1 98
1 61
6 12
1 19
10 39
1 51
8 14
9 30
1 92
3 32
8 16
4 26
4 11
7 12
6 29
7 91
2 51
2 76
7 83
2 17
8 49
8 8
1 15
2 7
6 45
1 59
9 3
10 13
3 64
1 22
6 27
10 63
9 5
7 78
5 35
10 17
4 45
1 69
4 64
5 10
8 49
7 50
4 28
9 7
8 44
3 95
5 4
1 39
10 23
10 32
2 77
5 34
3 83
9 46
8 62
7 20
6 51
2 75
1 90
10 57
10 57
3 42
9 96
8 20
10 35
9 21
6 36
4 14
6 31
7 92
7 28
7 93
1 77
7 8
10 5
5 99
6 17
10 67
8 37
9 94
1 72
4 48
9 61
7 11
9 25
5 26
5 83
7 64
8 93
7 59
9 34
2 28
3 18
2 50
8 90
3 28
4 57
4 7
5 62
8 37
7 37
9 12
6 53
7 46
6 49
7 79
6 76
8 61
2 86
3 76
1 56
3 15
1 59
6 25
8 94
5 21
8 43
10 66
6 5
6 75
10 23
10 60
3 68
8 69
3 38
2 67
3 97
6 94
9 71
9 87
2 30
6 43
10 58
8 4
9 89
9 10
5 72
10 83
8 77
1 53
2 78
3 53
9 69
7 66
5 71
6 95
1 37
9 87
6 20
9 54
6 21
9 76
10 72
1 42
5 99
5 93
4 94
7 97
9 43
8 43
4 56
1 87
1 64
5 56
9 79
6 33
5 77
10 65
9 39
6 79
2 83
10 29
10 90
9 55
8 31
5 25
5 46
6 57
3 62
5 10
10 60
4 71
5 10
8 20
3 89
6 29
3 20
9 16
9 74
7 47
3 70
8 91
5 77
2 27
3 15
8 31
10 60
1 10
3 52
8 50
8 98
1 84
3 79
4 74
5 29
5 14
4 59
4 42
9 56
5 24
4 76
4 21
6 65
3 41
3 17
9 51
5 34
3 28
10 7
4 65
3 53
1 70
4 30
4 9
6 1
3 53
6 88
7 21
7 32
9 72
7 51
1 66
6 92
8 73
1 20
10 79
10 96
2 5
6 48
3 29
9 59
5 32
6 56
5 54
10 5
9 36
1 90
4 68
6 6
1 84
7 67
6 37
1 56
1 94
4 100
7 22
3 33
9 71
6 43
7 13
2 68
10 67
10 93
2 65
6 6
5 79
6 71
5 98
8 3
2 25
2 71
8 48
3 61
5 12
8 41
8 42
2 24
10 35
9 96
1 72
