10 4
10 83
6 97
8 79
10 1
3 25
9 16
8 19
6 27
1 6
1 73
6 69
1 86
3 72
3 51
5 24
7 75
9 66
8 6
9 58
10 31
4 24
7 55
1 54
7 93
7 3
6 76
7 79
5 78
8 7
10 11
6 73
9 37
2 31
7 8
7 13
4 29
3 12
5 25
10 69
1 48
4 80
3 7
3 79
9 99
1 6
1 84
10 49
7 98
1 60
1 20
7 11
9 27
1 31
2 13
8 78
8 51
2 79
10 69
3 25
2 14
10 26
5 8
3 23
2 86
2 15
6 17
10 89
4 100
6 40
2 92
4 11
1 32
10 70
1 38
6 20
5 23
9 10
5 34
1 36
9 49
9 55
3 51
2 83
3 70
4 80
4 25
10 64
2 90
10 100
10 11
3 41
4 2
8 29
3 83
2 55
9 50
2 52
1 7
6 40
10 99
10 29
10 44
9 83
1 4
8 37
1 39
8 100
1 27
2 41
8 25
3 82
9 59
4 2
8 20
1 49
8 1
4 5
7 26
7 78
7 92
8 33
4 22
3 56
3 62
4 46
10 52
4 2
9 62
4 69
5 43
5 26
1 70
7 58
5 46
3 42
5 64
2 25
5 77
6 66
3 91
2 26
3 71
6 42
2 84
9 22
3 31
6 50
6 27
6 22
8 24
2 82
4 29
2 47
5 11
1 29
4 85
2 14
4 46
8 28
4 86
6 51
8 5
3 62
7 52
3 96
1 1
9 63
1 8
8 37
2 77
10 23
7 46
5 47
3 34
10 25
3 94
8 6
5 99
5 58
7 1
2 41
8 45
1 64
9 95
4 66
5 70
6 42
10 24
1 100
5 6
5 56
2 37
5 30
4 40
6 5
8 38
3 51
6 55
9 99
5 11
10 82
1 31
9 10
5 93
4 13
4 50
2 90
7 7
6 19
1 33
1 96
3 91
7 39
7 51
6 42
7 24
2 53
10 67
2 16
9 75
1 50
2 79
5 51
8 60
7 1
8 21
4 70
9 23
10 18
1 73
9 65
8 61
6 23
10 34
10 4
5 27
7 23
3 24
8 11
2 63
4 25
4 21
9 81
5 28
4 55
6 58
8 53
8 68
5 93
5 53
1 46
2 89
8 36
7 94
2 5
8 18
8 57
9 31
2 35
2 89
1 10
5 66
1 58
4 28
3 45
10 19
8 21
4 29
8 70
3 16
4 9
3 88
7 7
2 94
3 12
9 61
9 35
8 52
3 36
4 80
10 29
10 96
3 74
10 3
4 92
3 87
10 65
10 44
4 10
7 99
6 21
5 29
8 90
6 40
2 74
3 26
3 84
7 65
8 32
2 15
1 62
8 10
8 95
2 75
3 78
2 1
4 34
7 22
7 48
9 2
5 53
5 64
7 34
7 2
1 1
3 4
7 12
10 45
3 36
4 10
4 59
6 93
6 95
10 6
4 7
3 56
5 57
7 43
6 68
9 9
10 10
5 52
4 66
5 37
8 7
8 43
4 18
3 26
5 67
7 50
3 21
1 15
8 41
1 91
2 32
4 25
3 50
5 41
9 28
6 65
10 77
8 99
2 37
4 40
3 59
7 54
4 65
5 49
9 78
4 36
1 20
8 31
3 7
6 29
10 95
7 61
1 94
3 82
4 62
3 44
2 30
10 49
10 15
8 25
6 55
9 22
6 70
8 13
1 34
9 22
7 37
5 66
9 93
5 56
8 96
2 53
7 77
5 13
10 43
8 64
3 77
5 37
4 68
5 38
2 74
1 5
3 36
8 32
7 31
6 33
1 15
5 76
10 100
6 73
2 90
8 17
5 100
7 41
9 33
1 47
4 8
5 38
2 39
7 25
6 44
8 81
5 43
9 12
2 50
10 53
1 66
10 96
1 56
6 26
5 86
7 75
5 24
6 2
3 58
4 88
4 19
8 23
5 8
4 1
4 64
9 60
5 57
6 6
6 56
9 11
5 41
7 15
9 54
9 98
1 45
9 66
1 65
8 45
3 87
1 72
6 62
4 27
2 66
6 54
8 41
8 54
8 23
7 34
9 69
9 73
5 57
8 85
9 25
6 57
9 94
7 100
3 48
2 47
5 65
8 13
3 14
1 37
8 25
8 60
2 57
6 70
8 96
1 17
2 1
1 24
4 55
6 22
1 73
4 38
5 78
6 34
3 60
5 89
7 14
10 86
5 60
1 77
3 48
4 40
10 59
4 27
3 81
10 93
9 93
9 25
8 33
8 34
2 47
8 31
5 10
2 44
1 28
8 41
8 88
9 73
2 55
10 40
10 68
7 61
9 50
4 100
6 23
6 40
4 26
8 33
3 41
2 28
2 98
8 20
9 84
6 69
5 94
10 40
7 48
3 43
2 22
2 83
4 59
2 40
4 62
4 64
2 19
2 68
10 85
3 32
1 24
1 38
2 96
3 55
7 73
10 38
9 85
2 34
8 24
3 99
4 95
10 20
2 13
2 28
5 2
2 6
6 77
3 52
7 13
8 97
4 52
6 31
10 77
3 84
8 24
8 20
7 44
1 53
7 73
2 58
6 21
7 43
4 5
9 5
10 80
8 94
9 52
3 5
4 48
8 59
1 70
1 99
10 62
6 14
8 9
2 41
10 41
8 45
5 30
9 12
1 98
4 89
2 21
7 40
3 6
4 38
4 31
9 53
5 93
8 81
2 20
9 62
4 43
6 85
1 11
2 18
5 30
10 68
3 75
10 65
1 77
2 12
1 61
10 30
4 4
4 49
10 78
3 47
4 30
9 91
2 88
10 45
5 66
8 13
5 42
2 44
1 99
3 94
2 86
7 72
10 28
9 17
1 15
9 64
10 24
9 42
7 21
7 41
10 87
3 22
8 34
10 75
6 4
1 61
1 80
10 49
10 5
10 78
4 56
3 36
8 91
1 68
2 2
4 73
4 28
3 85
3 68
6 60
5 26
7 51
1 49
6 29
9 58
2 57
5 19
1 43
10 23
10 48
3 12
3 29
3 23
3 79
7 22
1 55
4 34
10 97
1 88
9 91
3 56
6 52
3 46
6 58
6 10
3 33
8 1
1 54
1 37
2 80
2 38
7 83
7 59
1 67
5 58
1 15
8 63
9 76
2 12
4 28
5 93
5 9
2 11
8 87
2 1
4 17
2 47
5 8
4 83
2 81
1 1
10 66
9 74
10 45
8 9
2 49
1 83
4 30
10 77
8 56
4 88
2 75
7 61
3 55
1 35
8 95
2 94
8 55
7 38
2 79
9 9
5 30
9 46
1 1
10 63
9 10
8 66
6 29
4 76
1 79
8 87
3 52
7 14
7 39
10 19
8 94
8 61
9 51
8 55
6 74
3 33
3 96
8 43
3 62
4 1
7 60
6 2
2 70
6 28
9 9
2 92
8 41
10 99
4 58
4 74
8 37
3 8
8 7
1 42
8 82
5 78
9 23
5 9
8 59
7 60
10 5
3 34
3 14
5 97
4 10
8 30
1 86
4 98
6 38
10 91
4 68
5 45
5 40
6 3
10 17
2 18
10 84
1 29
7 35
1 89
7 44
8 44
4 25
5 81
10 34
1 88
6 10
2 49
3 5
2 82
1 86
8 2
1 93
10 96
9 62
7 69
3 70
6 35
7 98
6 100
2 50
5 51
1 38
3 66
3 53
1 3
10 19
8 29
1 17
1 16
9 81
6 69
2 67
2 40
5 5
4 59
5 82
8 73
2 33
3 16
7 89
3 37
8 53
8 73
1 19
9 76
4 65
4 71
4 52
8 7
4 57
2 42
1 83
4 73
3 84
8 3
3 63
9 94
9 94
6 100
5 59
8 81
9 19
5 28
3 68
10 40
5 96
6 30
6 84
7 52
9 81
4 8
3 62
6 19
4 83
1 89
10 58
2 63
5 25
8 93
4 28
5 86
1 16
10 21
5 5
3 46
10 93
6 62
3 35
8 95
5 83
8 100
3 32
7 22
3 64
5 89
6 43
10 26
7 3
10 77
8 83
2 22
7 40
9 16
1 1
10 95
9 20
3 9
6 31
5 53
4 3
6 43
7 1
10 27
8 11
1 17
6 10
4 85
8 97
9 60
4 81
7 95
2 13
6 61
2 89
10 69
5 16
10 14
8 75
1 82
3 33
9 69
4 64
9 75
10 98
6 97
2 14
9 39
9 61
9 34
2 42
7 97
5 18
2 23
9 80
7 59
5 21
8 33
4 60
5 19
5 62
6 8
6 92
1 10
6 10
3 2
10 45
6 70
3 96
8 99
5 69
3 1
1 35
2 9
8 47
1 22
2 20
8 7
9 92
3 65
6 18
7 88
4 2
6 12
4 100
10 63
6 25
5 29
2 27
7 73
4 75
7 83
7 30
7 32
7 65
5 59
1 79
5 60
6 14
4 87
3 12
9 65
9 92
6 31
6 40
7 66
6 36
8 24
9 18
5 82
7 72
9 93
2 15
5 34
2 80
10 10
