1 100
7 55
8 64
1 49
1 43
9 41
10 90
9 19
4 97
7 24
7 65
6 63
6 35
1 99
1 23
2 71
9 98
2 69
3 76
1 92
7 81
4 64
1 35
5 20
1 81
7 52
5 79
5 45
1 19
9 15
9 96
7 14
1 94
5 8
8 90
9 38
8 79
9 26
1 18
5 70
9 54
6 44
4 65
2 41
2 92
10 23
2 42
4 63
8 21
7 65
7 9
7 4
10 17
10 66
6 47
6 88
5 24
10 14
10 10
5 75
3 100
3 96
7 52
1 59
5 35
3 62
10 29
4 18
6 63
8 40
1 99
3 63
10 12
5 64
9 83
3 78
3 33
2 60
8 23
3 98
10 4
3 53
4 31
1 24
2 9
6 52
8 57
8 46
5 11
6 16
7 67
5 63
6 49
2 45
2 82
8 35
2 36
7 85
9 26
9 1
1 79
6 78
10 66
8 46
5 96
8 4
5 94
3 61
2 26
3 73
5 37
5 91
3 83
6 70
2 54
9 74
1 60
4 86
4 77
8 87
1 90
5 99
5 61
5 97
4 61
9 82
10 17
5 62
4 57
2 84
5 56
10 90
5 90
10 17
10 27
2 85
6 69
9 57
6 87
7 99
7 42
5 40
1 13
2 75
3 13
8 67
7 16
1 98
5 88
3 77
10 58
4 27
7 32
1 15
6 77
3 10
5 41
7 17
4 6
9 43
3 29
2 99
4 93
1 78
6 29
10 68
2 69
5 74
9 9
8 23
2 10
7 47
1 74
8 38
9 14
4 18
5 75
6 89
1 71
6 85
2 10
5 37
8 41
10 9
9 86
6 11
6 74
8 38
3 45
10 16
2 16
2 47
6 73
7 68
5 7
10 92
10 67
6 80
4 24
7 13
5 9
1 66
6 58
3 62
2 17
3 10
1 30
4 27
10 33
4 68
8 28
3 95
3 85
9 42
8 42
10 50
6 8
3 56
8 1
6 40
5 36
2 36
8 100
2 53
9 44
3 45
2 46
8 65
8 42
5 9
10 70
8 99
6 72
3 73
4 20
1 100
5 4
2 50
5 66
4 31
10 98
4 83
5 62
10 63
10 66
9 11
6 32
6 69
6 1
6 97
2 54
2 2
8 67
3 12
2 34
1 62
10 39
4 50
7 27
8 13
2 27
1 99
3 53
5 12
4 43
4 97
4 19
5 93
7 55
9 94
6 61
8 65
3 75
7 31
6 78
7 62
5 20
8 89
4 8
3 8
1 6
5 7
2 80
2 21
9 41
9 65
4 5
1 14
3 6
2 13
8 34
3 79
2 97
4 37
9 62
8 44
7 81
2 29
4 93
8 24
9 93
7 3
6 61
3 86
9 51
3 99
1 99
8 20
2 49
7 67
5 82
9 28
4 22
7 66
4 12
8 80
3 83
5 18
7 14
1 73
10 20
8 79
1 26
2 36
7 74
10 51
5 44
1 6
1 8
10 22
10 11
10 81
1 71
8 61
5 7
7 22
1 7
2 17
9 10
2 8
10 94
3 18
5 81
3 24
1 30
1 93
6 30
10 20
4 25
5 28
8 48
1 30
6 34
3 51
2 72
1 56
9 14
7 35
10 44
1 30
5 57
8 36
7 72
5 57
5 13
4 84
3 78
8 56
4 35
4 62
4 59
10 39
9 82
10 54
6 21
7 74
2 26
1 93
1 37
10 80
9 90
3 27
2 60
9 1
7 71
2 59
2 84
3 30
4 87
6 35
5 85
6 14
7 3
4 30
3 6
6 72
1 10
3 95
8 59
6 21
10 35
7 73
8 82
4 25
9 98
2 86
3 24
6 90
5 77
5 66
2 98
7 98
7 19
9 79
7 14
7 60
5 97
5 24
7 13
2 75
4 18
3 83
4 48
6 23
6 80
8 5
2 41
1 6
5 35
1 59
1 14
5 49
1 94
6 92
3 30
4 57
1 54
3 55
4 12
5 49
8 28
1 79
10 24
7 19
10 64
7 39
2 29
9 56
7 93
5 65
3 76
7 70
5 62
4 76
9 77
3 84
10 37
2 92
9 34
2 46
5 27
1 87
4 18
4 79
4 60
10 96
1 71
7 28
8 97
5 16
1 9
9 99
9 26
10 53
1 48
8 78
7 52
10 95
7 62
10 32
1 50
4 23
5 16
8 45
6 65
10 70
10 68
5 3
2 37
7 85
10 57
1 85
4 19
4 40
1 64
3 48
7 6
2 60
9 38
3 97
3 52
6 46
6 8
8 88
9 20
1 7
2 86
6 88
3 52
4 5
1 77
5 14
7 22
1 2
1 2
5 33
3 60
3 89
3 12
2 29
1 25
5 5
9 6
2 2
6 95
9 9
1 63
6 71
6 68
6 81
9 7
4 85
3 39
1 5
1 45
10 75
1 90
8 70
9 77
10 37
1 59
6 50
10 97
2 43
3 85
2 65
9 70
10 37
1 54
7 48
5 9
5 57
10 16
4 7
6 8
6 86
1 58
8 48
10 32
6 45
5 38
7 46
9 70
8 56
9 9
10 65
5 36
7 97
4 76
3 2
2 78
2 56
4 82
8 1
3 51
8 6
9 77
9 57
8 91
3 67
6 100
10 79
8 89
1 4
7 32
1 17
3 68
5 89
2 45
2 66
8 71
7 22
7 27
7 40
8 34
7 49
9 83
7 41
7 88
7 53
4 97
9 27
8 77
10 38
4 65
10 8
9 95
4 32
8 76
4 61
8 54
9 67
7 62
6 40
4 34
2 2
8 10
2 7
1 89
7 74
5 79
1 54
3 11
5 21
10 84
6 95
6 84
4 29
6 4
5 5
8 54
6 40
10 89
10 31
9 65
2 87
8 43
2 28
3 92
6 49
4 58
7 62
8 39
4 86
1 7
10 5
8 40
3 90
5 69
5 23
6 92
1 90
2 9
5 98
9 37
2 87
4 80
1 59
1 39
7 43
8 9
8 42
4 17
9 21
7 54
4 81
1 67
6 58
2 37
4 40
5 11
8 60
1 64
1 68
9 77
6 76
5 96
2 2
10 60
8 29
6 99
2 19
10 73
1 8
3 35
5 11
3 97
6 80
6 60
8 27
5 44
2 1
5 2
6 32
2 26
8 74
5 21
5 79
7 46
9 80
5 91
5 13
7 71
3 26
10 82
8 51
2 61
1 97
10 4
2 32
4 42
1 79
1 41
3 23
4 35
7 57
7 73
3 44
5 50
4 91
2 95
1 91
2 11
2 96
10 6
5 83
6 53
7 97
3 77
6 10
10 55
9 76
1 28
7 31
1 17
9 6
1 24
4 97
9 74
2 20
2 84
5 79
10 45
4 79
5 54
1 40
1 79
3 37
2 50
1 90
5 9
8 29
2 7
10 41
5 27
7 71
5 54
2 90
8 1
7 22
6 48
5 86
2 70
3 51
10 33
10 85
1 97
4 26
2 41
5 65
10 25
1 29
8 8
2 47
4 46
6 54
8 83
2 38
7 8
9 87
10 58
1 53
8 5
2 1
2 54
7 35
6 21
9 16
2 70
5 94
1 83
4 6
4 99
6 2
7 14
5 1
8 70
8 32
5 54
6 35
1 33
10 21
1 98
4 94
9 68
5 7
6 97
2 75
2 84
4 36
10 95
6 20
4 15
7 48
4 63
3 68
10 76
9 29
3 49
4 43
6 37
2 58
3 18
2 65
3 49
9 14
5 60
9 65
3 38
8 12
10 89
6 64
2 86
9 62
10 68
4 81
1 79
4 7
9 93
1 79
10 72
3 59
8 56
4 12
5 86
10 84
5 83
5 62
2 54
2 28
9 38
3 30
7 48
7 63
6 23
1 30
2 51
6 20
1 96
9 60
2 21
6 24
5 17
6 91
6 94
10 36
4 76
7 18
7 57
3 33
4 7
4 10
4 24
10 55
10 94
1 18
5 82
6 36
3 92
6 62
1 32
1 32
2 88
2 55
3 2
2 57
6 38
10 70
7 65
8 58
6 33
5 66
7 65
2 25
1 7
6 28
3 29
10 26
3 18
7 31
4 7
9 55
2 83
5 19
10 51
7 15
7 62
4 31
10 5
1 13
8 59
6 33
5 1
10 61
2 49
9 66
10 32
6 11
7 94
5 21
10 22
3 16
2 8
4 78
8 60
3 26
2 67
5 25
7 52
3 13
1 37
2 73
5 17
7 9
5 52
7 23
6 82
4 76
2 12
9 23
6 12
4 3
9 64
8 83
2 42
6 90
2 99
2 56
8 74
9 58
2 60
2 78
4 79
2 51
5 16
10 17
6 74
8 68
3 56
9 55
1 87
9 20
2 54
6 91
8 19
8 20
10 47
3 34
7 97
8 66
10 87
2 37
8 46
7 5
2 34
6 23
1 99
8 83
9 34
5 89
2 11
2 29
9 40
2 98
1 43
3 31
2 82
5 58
1 80
1 95
4 51
4 25
7 65
8 60
6 76
10 83
7 16
5 60
9 35
9 39
