1 44
8 60
8 74
9 3
6 60
9 48
8 7
8 64
6 61
2 21
6 99
7 83
2 98
6 64
8 12
9 84
10 51
3 34
2 47
4 43
7 26
4 57
2 66
10 79
7 82
4 56
8 89
1 93
3 92
6 29
2 91
9 40
2 12
2 76
2 51
10 88
5 62
8 62
5 57
10 41
8 95
3 52
9 93
8 47
7 90
5 3
3 44
9 13
6 17
7 40
1 83
9 51
9 64
5 31
1 13
1 81
8 2
6 22
5 10
10 32
3 37
7 80
4 11
1 82
5 55
8 7
7 54
8 96
2 11
7 13
8 65
8 21
7 60
6 92
5 28
8 5
5 55
5 7
9 89
10 16
5 91
1 6
1 29
6 70
1 97
4 46
10 2
9 38
1 41
8 72
7 68
7 86
7 69
1 29
7 90
1 35
4 63
10 80
9 59
9 94
1 76
4 56
9 35
1 19
9 97
1 21
10 17
7 78
10 39
5 28
6 100
4 30
7 64
3 5
4 97
5 96
4 30
8 34
1 20
5 34
1 96
4 99
6 92
7 34
10 76
4 57
2 18
7 54
9 10
2 29
4 78
7 31
7 53
2 44
10 62
1 16
7 74
9 14
6 72
5 81
3 70
7 25
3 29
9 14
5 48
9 89
1 6
4 52
8 42
3 22
8 69
9 48
6 83
4 95
6 66
2 45
6 88
8 15
5 71
1 88
3 44
7 47
3 26
8 18
4 61
7 5
9 15
10 39
7 79
7 72
4 17
1 43
10 41
5 75
4 20
1 90
2 33
2 21
10 85
5 46
10 26
2 39
9 90
3 17
3 1
8 39
2 21
7 18
4 75
4 21
5 78
6 56
6 62
2 22
8 43
8 64
8 85
1 86
10 6
6 37
3 23
5 51
2 87
1 36
3 28
10 13
4 44
1 39
8 1
8 41
3 17
10 40
1 78
10 89
10 90
7 84
8 23
2 28
2 18
1 42
2 61
6 20
4 51
8 71
10 68
1 97
1 23
5 29
3 85
10 4
1 90
1 38
1 54
10 74
2 74
3 11
4 2
2 20
3 69
9 68
1 8
9 67
2 7
2 36
2 29
1 35
2 59
7 54
8 92
1 9
6 20
1 69
1 67
4 19
1 18
5 33
2 25
4 48
4 68
6 40
9 56
7 71
9 64
7 94
1 38
1 30
8 40
2 5
6 40
5 88
9 77
1 27
8 91
10 41
7 19
1 10
1 52
1 2
3 10
6 99
3 30
9 16
5 44
10 2
5 89
5 23
7 30
3 41
5 42
10 65
4 94
2 10
1 30
6 18
8 92
9 20
4 92
10 62
9 95
2 10
5 38
10 36
6 42
2 100
3 50
7 48
10 53
1 40
10 71
8 90
9 74
4 43
2 58
6 26
1 14
7 90
8 63
2 40
5 72
7 56
10 55
7 46
9 6
8 35
9 5
1 90
6 29
4 8
8 99
3 44
9 31
7 1
1 55
3 93
8 80
6 9
4 89
10 91
2 12
5 48
7 41
10 90
9 16
5 96
10 31
3 90
8 34
10 96
2 68
5 33
3 99
5 82
6 23
1 63
3 32
10 34
1 7
9 46
10 16
7 43
5 61
9 89
10 77
5 27
6 8
8 99
6 12
1 68
7 83
9 91
10 12
5 58
4 82
3 22
5 8
4 69
10 83
4 2
6 59
1 53
9 24
2 63
6 60
1 62
4 51
8 81
9 20
1 76
1 60
1 35
10 40
8 45
10 87
6 60
3 13
10 11
8 89
9 5
8 26
9 57
10 80
8 79
3 58
1 27
9 44
2 44
9 13
9 24
4 42
3 95
7 53
5 73
4 73
1 69
9 19
1 33
10 3
7 92
2 97
7 48
10 25
5 21
6 42
6 54
7 28
8 91
2 87
3 79
6 77
8 100
10 69
2 21
10 50
10 16
5 46
3 3
3 45
1 50
1 36
8 58
8 45
8 52
2 94
2 20
3 33
9 25
7 51
9 38
1 50
6 64
4 43
1 39
10 82
1 71
8 58
5 97
8 29
10 82
3 62
8 24
2 32
8 91
8 38
7 8
5 11
9 30
5 4
7 49
5 82
8 96
9 88
3 46
4 28
9 26
3 79
4 41
8 68
5 44
5 89
6 19
2 65
3 44
10 32
5 57
5 7
5 70
5 51
4 11
1 98
8 90
10 67
1 57
10 44
9 99
5 37
4 30
5 51
9 88
2 15
8 74
10 30
2 96
8 6
8 42
4 15
5 12
2 79
5 76
3 67
9 69
8 40
8 97
6 27
9 44
9 13
8 21
6 11
4 29
5 26
1 15
9 86
3 3
9 1
7 8
3 39
7 20
9 49
5 98
5 83
9 71
10 96
6 74
4 38
1 59
2 90
10 39
10 37
10 3
10 8
3 3
3 86
3 2
6 13
2 87
3 65
3 10
3 93
9 8
7 67
5 74
8 94
4 22
2 18
10 57
10 69
1 45
5 53
10 89
2 27
9 48
9 43
5 71
10 34
1 44
10 45
1 60
7 3
7 52
7 47
9 39
3 55
1 71
4 57
2 59
9 64
10 15
2 79
1 32
4 34
7 26
2 58
6 78
1 100
9 40
10 6
8 71
4 62
4 53
4 72
7 71
7 31
2 50
9 7
9 35
7 50
10 45
2 4
4 49
6 86
2 7
4 56
10 24
3 31
1 31
6 91
4 86
4 80
7 41
5 44
6 94
6 61
6 70
9 25
5 76
4 20
2 36
1 9
5 10
6 18
3 20
10 78
8 46
6 36
8 57
3 78
5 92
4 56
7 92
4 31
8 7
1 75
5 44
2 77
10 17
2 69
7 93
4 24
5 32
5 22
8 14
9 77
5 49
5 45
8 93
6 3
7 74
1 13
4 87
1 64
5 33
9 66
5 98
7 3
9 33
1 11
7 48
10 81
9 18
6 35
10 87
9 86
2 77
6 41
1 32
9 42
8 66
4 5
2 14
7 2
1 96
6 22
2 18
6 57
10 9
10 19
1 18
2 38
2 36
4 40
3 12
7 74
6 33
1 29
8 18
10 68
1 93
2 91
3 97
10 59
8 96
1 36
7 39
1 8
8 40
7 97
7 43
10 66
1 21
8 42
6 53
4 35
2 64
9 47
5 97
6 65
1 86
7 47
3 42
7 43
2 72
3 45
5 84
5 12
10 58
9 37
9 16
7 5
4 73
1 89
1 33
9 1
6 91
10 74
10 75
8 77
10 24
10 90
6 97
3 34
7 100
2 69
7 75
2 63
5 41
4 38
9 78
3 33
6 51
10 12
6 69
9 49
3 92
2 95
8 55
5 38
8 27
7 91
5 78
3 5
6 50
5 89
3 47
1 74
7 2
1 50
4 77
7 67
7 52
10 49
1 61
9 45
3 19
2 38
5 76
8 87
9 66
4 78
2 74
1 53
1 13
3 15
5 42
1 34
6 28
2 95
1 41
8 23
2 33
2 22
5 42
4 41
3 36
6 70
3 20
10 8
5 2
7 28
5 25
8 23
1 85
1 2
4 19
2 32
4 95
5 68
5 15
2 15
3 56
7 20
2 80
1 56
1 43
6 80
7 6
1 87
5 13
3 89
8 61
8 44
10 71
10 71
3 68
7 81
3 2
6 49
4 60
1 4
9 67
2 23
5 53
9 16
2 34
5 84
10 93
6 67
7 88
3 40
3 21
9 11
7 55
9 28
9 1
1 2
4 82
4 30
1 53
3 31
8 67
1 4
3 99
3 33
3 78
5 18
6 14
3 24
9 9
2 66
5 94
2 13
1 40
4 12
3 70
2 16
2 36
1 52
2 37
7 57
9 34
10 25
7 90
9 10
10 50
7 21
6 20
1 72
8 45
4 70
5 70
1 3
4 61
7 41
5 81
5 97
10 30
5 42
4 77
3 55
3 53
1 100
9 91
10 5
7 86
7 91
7 99
5 80
1 87
3 98
8 39
3 87
3 12
3 12
5 73
8 8
2 50
9 52
1 59
6 86
9 46
1 35
6 54
7 47
3 80
1 23
10 48
8 89
9 2
2 32
6 48
6 49
3 25
7 84
7 31
9 17
6 36
1 63
9 6
6 71
8 38
5 93
7 36
9 85
1 6
9 5
9 95
1 95
5 18
7 69
2 64
6 28
8 22
5 6
8 40
8 74
5 100
3 19
4 67
1 60
4 55
5 55
2 33
8 48
8 78
8 41
2 41
10 12
8 8
3 25
1 72
6 94
5 18
5 90
8 44
7 30
3 46
8 79
10 19
4 57
4 88
1 23
4 91
2 29
1 52
5 19
6 81
4 85
2 88
9 77
1 72
2 95
7 9
2 8
6 25
6 45
10 67
8 84
6 46
8 91
3 79
3 69
9 56
1 49
6 95
9 76
6 43
7 99
10 81
1 43
8 98
3 6
1 5
2 95
5 25
3 70
10 42
5 65
2 13
5 95
8 49
2 60
5 100
