3 42
7 96
3 6
2 40
4 21
10 11
3 64
1 87
9 46
10 99
8 79
5 33
1 3
5 54
8 41
4 65
4 57
9 13
10 19
4 3
5 68
9 20
5 100
4 83
2 78
10 59
1 75
2 92
7 52
8 77
2 55
3 71
8 1
2 57
3 92
5 64
6 88
10 57
6 32
5 73
8 47
6 48
1 97
3 95
4 36
10 45
3 15
3 74
3 70
7 100
7 24
2 18
6 62
9 86
2 41
10 98
10 100
10 10
4 16
2 86
2 57
2 72
1 42
8 42
8 68
2 94
2 23
8 90
7 43
4 7
7 19
7 85
2 20
10 70
1 96
7 52
4 94
6 73
4 35
1 62
10 71
7 76
8 86
5 67
4 33
10 12
1 88
3 3
2 67
2 18
4 26
10 86
5 98
10 76
4 98
4 27
6 90
3 12
9 36
8 70
1 53
10 10
4 26
7 4
5 92
6 44
3 98
7 35
4 7
6 93
5 80
8 40
2 91
1 64
3 45
5 71
3 39
6 44
6 37
1 79
2 9
10 55
4 90
10 81
4 55
5 16
10 56
9 75
3 8
3 83
8 2
8 42
4 14
6 41
4 68
9 5
5 12
8 47
7 20
2 41
8 35
2 98
3 63
4 57
10 59
3 81
4 75
9 70
5 100
6 99
4 27
2 90
2 90
9 40
8 28
4 14
9 7
3 25
9 36
4 97
2 22
8 35
3 99
8 92
2 12
7 50
9 47
9 69
10 80
7 39
7 25
7 46
5 39
4 47
4 19
9 49
9 50
8 55
3 30
1 39
3 29
2 56
3 47
5 59
7 32
6 94
5 55
1 86
9 55
6 99
7 73
8 6
7 47
2 55
9 24
9 12
3 48
9 3
7 40
10 96
9 63
7 99
2 47
10 5
5 75
10 61
2 5
9 96
3 77
3 13
8 58
5 15
6 86
5 65
3 96
6 79
9 97
5 25
7 16
9 73
10 91
6 77
10 52
6 90
8 60
6 7
2 4
2 8
2 81
6 100
2 94
4 77
7 25
4 92
8 51
8 87
10 51
10 64
4 73
10 81
1 68
4 76
4 76
4 34
5 62
8 99
7 24
5 58
8 49
8 4
2 63
4 54
10 30
6 16
4 4
6 16
1 76
2 8
6 89
5 10
7 25
2 90
2 42
10 45
2 100
5 29
7 16
8 88
10 90
9 55
9 30
3 36
7 18
5 20
5 44
6 35
5 2
10 57
3 16
9 99
6 17
4 75
4 11
10 50
5 9
6 36
8 11
5 97
10 76
2 26
9 67
5 66
1 65
7 17
2 75
6 20
10 42
6 3
6 3
9 11
9 64
9 83
3 1
4 70
2 100
4 96
1 78
5 67
3 2
5 88
5 55
3 79
5 21
9 20
3 1
7 88
9 4
6 84
6 26
6 4
3 96
7 21
5 51
1 25
6 84
4 56
8 83
7 73
8 35
9 82
2 100
7 41
4 79
3 31
7 62
9 83
8 93
8 21
7 41
7 25
3 13
1 8
3 83
1 98
2 69
7 21
2 76
7 57
7 46
9 1
6 68
1 19
3 91
6 20
1 13
10 7
9 99
7 92
4 95
6 9
2 69
2 65
5 38
2 53
9 41
3 80
6 8
9 83
5 70
10 14
9 89
8 78
2 72
6 48
9 32
7 39
3 96
2 6
5 21
5 89
3 63
7 2
10 99
3 71
2 50
8 44
3 37
9 59
9 70
2 77
3 98
10 3
4 61
3 49
10 54
8 16
4 58
8 58
8 92
2 65
9 95
6 16
5 84
2 78
1 74
8 69
3 28
5 82
2 46
9 5
10 56
2 55
7 25
2 28
5 51
1 59
4 25
8 44
7 42
6 50
1 4
2 70
7 10
8 56
2 70
1 69
10 20
1 66
9 87
5 33
1 53
4 6
8 32
4 59
9 56
4 68
1 20
3 15
2 76
8 49
8 41
8 99
1 8
5 20
2 50
2 3
3 34
6 13
8 79
7 13
10 57
10 8
9 86
9 48
2 64
6 8
5 94
8 31
1 95
9 94
3 8
5 36
3 68
1 17
3 28
5 46
4 53
2 61
4 78
8 45
10 99
5 42
1 70
3 11
3 30
4 52
2 90
1 98
8 26
5 46
6 89
9 95
4 61
8 28
9 68
7 46
8 7
9 10
7 90
5 20
2 27
9 93
8 97
10 23
4 77
10 71
2 47
5 6
6 24
2 29
3 99
4 88
3 99
10 53
5 100
7 79
4 94
4 6
7 51
4 18
9 67
10 93
4 66
3 13
7 87
4 95
7 25
2 53
5 68
6 79
10 21
10 35
10 74
7 70
6 73
4 91
1 48
5 19
5 67
4 47
7 93
1 55
3 52
10 79
4 69
5 92
5 81
4 64
6 39
10 19
1 54
7 55
6 66
8 75
2 84
4 16
5 91
5 64
5 6
2 29
6 22
9 83
7 36
6 42
8 34
9 63
6 92
1 48
6 72
4 47
9 93
6 80
4 68
7 88
10 21
10 47
1 80
1 57
8 82
2 65
4 34
8 58
2 94
2 32
9 27
1 75
8 76
4 75
6 80
8 5
3 26
6 65
5 83
5 17
2 47
6 46
7 44
2 33
10 92
3 54
3 21
5 73
4 88
10 6
4 36
2 31
5 5
9 28
4 65
8 96
8 78
9 35
3 58
7 88
5 53
4 34
4 74
10 78
3 89
6 8
3 51
2 59
6 94
6 46
10 4
5 82
3 81
9 30
5 79
2 63
8 79
4 24
10 4
8 17
9 54
10 60
7 5
8 73
7 49
1 61
1 36
10 6
2 58
7 78
1 29
8 53
8 100
7 84
3 6
9 16
6 53
10 48
6 95
8 65
4 66
10 12
10 36
10 65
8 35
10 79
9 28
1 55
2 13
3 43
5 45
8 36
3 80
2 23
3 69
10 90
5 16
9 55
9 36
9 7
5 30
7 49
4 64
5 20
10 78
9 51
10 47
2 77
4 64
6 38
7 65
4 29
1 17
1 6
9 1
8 3
3 4
3 64
10 26
3 73
8 79
4 94
3 76
1 14
5 61
8 43
2 21
2 61
8 43
3 37
8 38
10 78
3 9
7 57
6 38
4 26
1 20
6 43
6 78
3 88
3 71
8 40
10 5
9 27
10 8
9 21
7 28
10 40
8 57
10 82
10 46
9 63
2 77
9 94
2 92
4 14
3 22
10 71
9 56
2 91
4 38
5 49
8 70
9 100
5 4
7 49
2 9
10 3
2 26
4 31
10 59
2 93
8 42
3 90
2 90
6 21
7 74
2 4
2 60
3 55
2 42
5 17
2 100
7 55
5 34
9 47
4 5
3 1
5 99
9 4
5 40
7 52
2 57
9 80
2 87
6 13
10 67
4 50
9 5
5 98
8 87
3 92
5 30
4 14
3 25
8 38
9 81
3 8
2 37
10 89
8 54
4 61
3 86
7 53
5 76
1 81
4 16
10 56
6 37
3 75
7 47
5 98
2 6
3 35
3 83
5 29
7 69
2 44
9 17
3 52
3 83
7 24
8 48
6 94
9 18
9 49
2 27
6 30
3 90
1 19
5 6
7 25
2 13
6 94
3 78
9 9
2 45
7 82
4 52
10 6
6 94
3 7
7 43
3 40
10 89
4 57
3 76
8 62
9 78
9 38
7 11
10 38
6 27
9 56
9 56
2 8
3 12
5 6
2 68
6 62
5 4
7 56
5 16
8 83
10 23
2 89
7 90
3 37
3 79
7 10
7 41
3 48
10 24
6 98
8 71
3 83
8 98
4 45
5 77
2 100
10 68
7 3
10 36
1 49
5 93
3 55
1 45
8 27
8 91
7 86
9 82
10 7
5 40
4 56
10 5
1 57
6 93
2 55
9 41
3 19
9 95
6 16
10 92
10 3
8 89
10 3
6 54
5 42
8 25
5 24
2 78
1 62
10 23
6 14
7 13
8 81
4 76
7 89
6 56
8 54
6 28
9 89
7 79
7 77
7 86
7 2
8 77
8 51
5 30
2 7
3 84
2 97
5 25
4 14
5 52
5 75
2 30
5 51
9 100
1 7
10 45
5 58
6 3
9 61
10 1
6 96
1 66
2 73
9 76
7 85
10 4
5 90
4 83
1 14
5 35
10 71
3 21
2 63
6 6
6 50
7 100
7 86
5 51
8 39
6 53
5 1
1 27
6 32
7 18
7 98
10 75
9 51
2 51
5 78
9 11
3 84
9 80
3 52
6 90
6 82
8 11
3 72
6 75
8 47
1 91
5 94
2 31
9 38
9 93
8 83
1 18
9 82
6 76
5 4
8 65
7 6
3 54
6 43
10 26
7 33
2 95
4 23
3 69
4 41
4 23
3 45
10 42
1 64
7 80
8 3
5 50
10 52
10 31
6 58
1 5
1 68
5 89
5 77
2 63
3 74
6 64
6 41
1 77
5 71
2 77
8 84
