8 80
10 4
6 42
1 83
6 82
5 37
1 31
10 56
8 18
6 80
3 25
2 49
10 72
3 28
6 75
2 77
4 45
1 93
10 12
5 86
6 21
2 25
1 23
10 73
8 44
1 2
9 16
3 57
6 7
9 28
6 94
8 76
1 38
7 89
8 5
1 90
2 53
5 61
9 79
4 18
9 61
6 93
6 97
8 2
2 94
3 13
3 12
5 83
1 4
7 24
6 18
6 63
10 56
8 57
9 52
10 81
9 77
5 65
2 95
2 30
5 1
9 5
6 41
9 63
1 3
4 51
6 30
4 47
6 48
6 5
5 93
1 95
2 92
5 91
1 90
6 81
8 40
9 71
5 71
6 56
7 99
10 20
6 89
8 88
2 95
9 69
3 18
2 68
3 34
4 65
1 83
10 93
3 35
9 91
7 12
6 41
2 44
3 57
4 40
7 54
1 23
3 58
8 8
1 79
9 75
1 37
8 97
8 24
6 1
4 37
7 8
5 67
2 13
2 37
4 30
3 3
9 33
2 30
10 26
5 17
3 10
4 2
2 48
5 74
10 56
3 73
9 50
5 38
9 36
2 64
2 24
2 17
4 41
10 95
2 53
1 53
2 97
9 8
2 13
4 61
4 26
2 27
6 62
4 21
8 40
2 14
4 1
7 68
9 47
5 72
6 52
3 53
1 3
5 43
5 99
8 7
5 53
7 52
10 37
2 13
4 80
3 55
10 42
9 98
3 87
6 65
1 59
3 82
10 71
8 59
1 19
3 28
1 91
6 63
6 38
8 6
6 38
10 99
2 66
10 9
9 24
5 43
3 35
10 67
10 10
7 93
5 28
1 77
1 45
2 8
8 14
4 35
5 96
9 83
3 49
3 77
8 20
2 24
6 52
5 66
5 29
9 24
5 54
7 98
1 75
4 95
5 8
1 25
8 99
4 70
5 44
2 39
7 25
3 34
10 92
6 60
6 90
10 59
8 42
6 31
8 57
6 4
9 52
6 8
10 19
8 83
3 82
2 87
3 25
9 48
9 33
6 76
7 90
8 96
6 36
8 75
4 79
2 7
4 55
1 79
9 28
6 24
6 75
6 45
2 42
7 66
6 91
9 35
5 37
7 26
8 86
6 3
8 97
1 69
2 100
6 11
5 62
3 97
10 4
2 40
8 45
5 88
6 45
10 25
1 94
10 70
8 99
10 43
1 66
4 20
3 12
8 76
1 93
6 36
6 100
8 25
8 23
4 90
2 87
2 30
4 51
8 62
8 92
10 46
8 44
3 34
5 78
4 65
2 44
8 46
7 16
3 88
8 98
8 68
5 34
3 69
7 87
5 84
8 47
4 85
10 98
2 62
6 34
4 67
3 69
5 24
7 99
10 52
6 67
9 43
7 73
7 74
5 61
7 14
8 83
4 31
2 11
9 88
2 1
7 89
6 19
5 49
8 34
7 26
1 33
2 14
2 76
9 67
9 71
6 34
6 69
8 13
7 68
1 9
2 46
6 61
2 69
9 21
8 52
5 89
1 66
1 28
4 88
2 94
4 3
5 31
10 96
1 59
10 6
3 35
6 94
3 37
10 88
8 8
1 13
4 34
9 85
9 11
9 33
8 52
5 75
1 13
2 5
10 61
4 95
1 16
9 4
10 21
7 69
6 78
6 94
1 29
6 85
7 47
7 49
10 12
3 69
8 49
8 15
10 82
8 16
5 79
3 96
10 90
7 2
5 52
2 2
7 98
5 96
4 74
1 95
8 59
7 86
8 69
8 2
5 83
7 89
4 39
1 63
10 44
2 52
8 52
9 2
6 28
9 68
7 45
3 76
3 57
1 66
6 27
10 3
3 39
1 90
7 3
5 4
4 11
1 91
9 4
4 9
4 28
7 91
7 77
8 50
2 33
4 77
1 90
9 89
1 27
1 18
7 100
4 12
5 6
1 15
2 35
10 39
8 21
4 43
4 33
1 48
7 48
6 95
5 66
3 77
7 55
9 3
3 83
1 34
10 66
3 95
4 89
1 57
9 48
7 37
2 41
4 23
1 78
10 23
4 87
7 70
6 11
6 8
10 65
6 18
1 42
8 37
8 26
10 98
1 89
5 17
1 49
7 18
8 30
4 67
4 13
10 16
5 50
10 72
6 44
10 57
8 99
10 28
4 43
7 90
9 55
7 31
7 97
6 62
2 77
9 62
4 93
6 68
4 60
6 20
6 50
4 43
10 81
5 11
6 26
8 75
6 95
6 39
6 2
2 30
1 26
8 23
5 53
6 93
2 11
1 33
10 94
10 34
10 83
4 24
3 29
2 54
8 73
9 45
4 46
6 38
3 91
2 67
5 79
7 44
3 73
2 85
8 20
8 96
4 51
6 85
1 83
7 97
3 69
5 28
4 71
3 55
6 62
8 27
10 98
9 76
2 31
8 25
8 53
4 21
4 70
2 23
6 76
8 15
6 34
6 82
2 44
10 76
5 83
5 97
3 30
2 21
1 72
8 53
3 19
8 92
7 31
4 22
3 16
9 9
8 76
7 65
8 9
1 98
1 75
8 38
5 99
10 76
9 53
5 17
2 60
1 29
6 8
9 2
5 23
2 26
1 13
10 99
5 86
10 28
8 46
10 42
8 26
1 72
5 98
2 97
9 39
10 25
8 37
7 67
2 93
1 34
2 83
6 86
9 76
9 54
4 24
6 57
10 9
1 74
5 82
8 49
9 92
5 55
1 76
1 81
6 39
8 70
2 34
3 79
4 77
9 61
9 12
7 90
1 98
4 17
2 90
2 4
4 79
3 87
3 99
1 76
8 68
5 89
3 84
8 54
9 67
3 84
9 27
6 59
6 64
10 1
4 10
5 76
6 32
3 18
9 31
2 79
7 76
1 52
9 31
2 95
7 81
5 72
2 96
2 11
2 91
1 43
9 1
1 87
4 47
9 44
8 71
3 12
1 83
10 6
7 55
8 86
7 15
8 96
1 41
2 61
9 83
10 31
2 48
3 63
4 69
8 20
3 48
3 41
6 73
3 7
10 70
9 3
10 65
2 1
5 83
2 87
1 36
6 75
6 99
9 58
1 81
4 6
4 74
9 4
6 43
4 32
8 5
6 82
6 3
7 53
4 73
9 91
5 23
3 33
2 73
4 29
7 87
9 46
9 8
6 27
10 43
5 81
4 47
4 66
9 34
1 7
2 41
1 74
5 42
4 65
6 11
2 60
10 83
7 33
8 99
5 55
3 83
1 76
10 50
10 37
5 84
6 80
2 80
7 72
9 91
7 6
2 44
6 19
3 89
2 7
6 15
9 12
3 30
10 3
9 27
9 85
2 87
7 22
9 41
7 61
10 41
3 40
6 58
2 74
1 13
2 42
9 63
9 38
8 16
7 82
6 42
2 100
9 74
8 89
10 21
10 69
9 36
8 88
2 70
3 37
8 20
9 21
5 44
1 97
8 93
3 96
7 22
8 52
8 85
6 96
9 48
3 56
4 4
3 73
2 59
1 23
4 48
3 77
2 37
8 25
8 37
2 1
6 8
9 2
4 88
5 59
8 22
5 2
1 86
10 23
3 99
3 82
4 11
2 60
1 96
8 82
3 25
4 30
10 99
4 46
3 36
10 71
10 54
1 19
9 68
1 51
5 99
6 45
10 56
6 90
4 35
6 3
1 31
3 90
2 25
9 92
3 15
1 47
4 48
10 10
8 52
10 5
7 11
5 3
9 19
9 29
2 66
2 58
1 13
5 46
2 88
5 64
9 75
5 55
4 98
9 13
5 17
1 63
8 10
7 85
1 21
7 36
5 6
9 93
9 14
6 4
7 20
2 94
3 87
10 92
2 54
3 90
7 59
6 47
6 29
4 75
8 56
6 36
10 27
7 2
3 46
2 35
7 66
7 93
4 35
2 22
9 33
7 82
10 42
1 61
1 3
2 86
7 94
6 43
2 1
1 71
8 9
1 29
7 66
1 63
6 7
1 91
4 74
2 93
8 63
2 20
6 1
2 16
1 6
10 73
7 67
7 41
8 76
5 50
6 32
1 18
1 99
4 14
10 58
7 16
3 92
4 4
4 39
10 54
10 55
6 69
10 98
4 20
2 61
9 90
2 71
9 20
2 64
7 36
5 49
8 37
4 7
5 90
10 77
2 35
4 68
5 83
1 49
1 84
10 14
8 50
7 79
3 19
2 93
3 59
3 70
4 48
3 63
6 57
10 82
5 81
2 22
2 87
6 89
9 89
10 98
2 66
6 30
4 36
3 77
3 6
9 46
5 71
2 15
9 82
10 50
1 91
10 6
9 67
10 30
9 43
7 29
8 32
2 82
1 91
9 14
5 98
4 69
2 53
9 22
6 60
3 79
9 28
4 49
5 96
10 28
4 1
2 63
4 19
3 8
1 32
1 80
10 46
1 50
1 66
10 29
2 95
10 87
7 98
9 17
1 12
3 38
3 97
1 45
3 64
8 99
1 87
9 53
9 35
6 78
