8 67
7 58
3 69
4 50
3 80
4 31
8 22
5 67
10 94
2 44
4 62
7 75
1 74
10 1
8 54
9 24
10 44
9 83
3 15
2 75
8 80
3 83
8 83
1 96
10 26
7 90
4 30
10 10
4 91
3 50
9 91
2 46
8 43
9 9
3 31
4 11
7 27
5 78
9 74
4 85
10 78
2 48
3 78
10 100
6 78
6 90
9 69
2 67
5 18
3 24
9 48
9 79
6 82
9 38
6 48
1 43
6 88
7 93
9 22
7 47
4 23
4 55
4 12
9 23
4 23
7 32
5 98
8 39
2 34
5 9
5 52
9 41
3 74
5 22
4 72
6 40
4 57
7 5
8 50
6 29
5 15
4 61
8 94
6 62
8 81
7 13
7 74
8 61
6 69
10 25
7 11
4 90
6 78
7 82
10 46
4 18
10 22
1 12
6 32
3 72
9 32
9 72
10 3
4 44
10 61
5 96
7 76
9 59
7 52
3 83
10 17
4 82
8 24
4 47
2 90
1 71
5 22
10 13
3 86
1 65
7 86
4 89
10 17
7 72
1 97
8 73
7 65
3 56
1 97
1 28
8 91
7 85
3 9
9 81
10 76
3 54
5 72
3 42
9 69
9 84
2 87
10 31
10 13
5 65
5 69
3 26
10 44
2 67
7 72
4 86
4 100
8 52
8 23
9 94
9 49
2 81
1 11
7 29
7 98
4 5
5 44
8 41
7 27
10 96
6 98
4 10
4 23
5 90
6 22
7 2
10 96
2 76
5 97
10 95
1 27
6 83
1 33
1 50
1 44
5 41
10 81
9 43
4 99
9 81
8 19
9 68
3 55
10 52
10 77
1 61
7 61
6 4
2 62
8 43
3 89
4 22
6 27
9 35
10 51
8 29
7 32
9 17
4 61
5 46
5 71
3 96
1 59
10 52
3 21
5 14
8 45
8 35
4 62
9 77
10 36
4 26
10 39
4 26
3 3
7 82
10 70
10 66
1 21
7 86
5 96
1 21
6 81
7 27
6 20
6 93
8 52
8 95
2 26
10 98
6 27
4 75
2 100
4 85
9 64
10 15
3 5
7 2
8 15
6 78
5 38
8 60
8 23
9 17
4 42
8 57
5 52
7 62
10 96
2 48
9 15
1 34
2 57
9 28
9 35
6 90
2 84
5 100
10 24
6 35
10 87
10 75
2 47
9 47
1 37
7 95
8 39
10 69
3 8
5 40
3 44
9 81
4 90
10 39
7 95
3 66
7 73
6 68
7 26
6 57
7 100
7 66
9 75
8 38
1 94
10 32
2 6
7 83
10 32
3 88
4 29
2 26
9 72
3 33
10 69
3 33
7 90
8 74
8 99
8 9
9 75
8 66
2 49
1 2
4 81
10 51
5 53
6 54
8 68
10 97
1 39
3 15
4 65
5 33
10 24
10 59
2 91
7 48
5 18
4 20
8 39
6 48
5 44
10 79
5 53
1 7
4 48
4 70
7 34
2 9
2 93
1 28
9 81
6 12
4 77
2 17
9 29
2 7
9 32
2 61
10 99
10 85
1 100
10 23
2 93
8 45
10 31
2 76
2 63
6 73
4 81
9 47
8 6
8 88
1 84
2 23
7 45
8 26
6 89
4 6
7 90
3 89
7 41
7 82
7 84
3 47
3 34
6 56
10 51
4 20
4 22
1 78
9 17
1 59
3 76
9 86
7 21
7 97
1 32
4 67
3 83
5 39
4 13
2 72
3 21
10 6
6 86
6 34
7 77
3 90
7 71
9 4
9 65
5 57
4 30
4 18
6 1
5 83
6 45
2 45
8 22
9 14
9 20
9 30
6 34
7 77
2 1
7 72
10 40
9 82
7 50
6 28
5 39
6 17
5 30
8 88
7 55
8 20
9 5
7 35
1 100
6 82
9 63
9 65
9 53
2 86
2 89
10 65
3 39
9 100
2 77
4 28
9 84
9 40
9 65
7 49
1 64
4 43
2 28
8 52
8 75
7 47
6 1
10 49
8 6
5 11
7 94
4 15
10 9
2 66
3 70
9 19
3 80
3 79
6 32
1 13
7 47
4 64
1 94
5 83
7 88
9 13
8 71
2 30
3 82
4 43
10 23
3 22
7 100
6 26
3 12
2 19
1 30
3 13
5 39
4 27
6 12
1 71
3 30
10 5
9 70
2 1
6 13
6 6
10 74
5 41
3 28
5 31
5 18
6 94
2 20
6 79
6 40
7 86
6 79
5 95
7 55
10 14
8 90
3 42
6 25
2 94
6 82
9 64
6 100
4 96
8 82
1 89
10 39
3 15
6 1
3 57
2 91
4 33
10 38
5 91
2 5
10 31
1 25
7 27
6 48
10 57
10 32
1 94
1 56
7 73
5 80
1 34
3 40
8 34
5 59
10 32
8 13
10 63
1 54
1 68
10 38
8 55
8 35
3 81
4 21
1 27
9 93
6 100
5 68
3 94
1 80
10 95
5 14
6 42
1 15
6 51
6 93
4 81
9 1
2 27
4 96
3 91
2 43
10 92
3 32
2 87
2 46
8 21
3 13
8 4
8 19
4 95
2 35
4 99
9 37
3 100
4 59
4 45
1 19
3 81
2 100
7 43
2 59
10 69
9 56
7 93
2 39
10 77
7 83
9 33
4 24
4 51
2 72
8 7
2 16
4 61
9 29
6 44
6 31
1 93
7 24
3 69
5 98
7 60
1 72
2 99
3 65
3 69
1 100
5 82
5 26
2 21
3 88
10 20
4 49
10 78
2 85
3 29
3 57
7 41
6 12
1 10
4 61
7 70
5 55
4 71
10 62
10 64
4 60
4 94
9 5
3 35
1 71
2 72
1 39
2 8
7 21
3 73
10 2
7 45
9 81
2 45
1 35
2 79
9 16
6 19
10 16
7 74
9 6
9 34
4 88
9 17
3 12
8 59
6 39
3 51
7 42
3 84
7 17
10 18
10 48
8 57
3 37
7 60
7 78
1 39
6 45
1 47
5 73
4 74
2 21
1 16
8 25
1 32
6 61
5 37
4 83
10 18
3 56
9 12
6 7
5 59
4 21
6 62
6 72
10 45
3 59
4 63
6 52
4 61
1 19
6 79
9 19
7 80
3 10
5 40
3 80
4 14
2 17
5 100
9 9
8 53
10 18
3 29
4 14
5 20
4 78
9 80
8 6
10 73
9 14
10 53
10 27
9 77
8 24
9 19
9 84
7 88
5 21
2 82
6 58
7 15
8 78
6 70
10 37
3 84
7 97
3 38
10 38
1 86
5 34
2 24
6 57
9 60
10 80
8 77
7 57
2 40
7 20
9 19
2 73
2 37
7 46
10 84
5 6
8 11
1 24
6 2
7 83
8 12
5 60
6 43
8 60
4 46
5 27
2 20
3 4
3 93
9 21
10 31
4 100
5 67
9 85
2 78
2 40
5 95
8 92
2 31
6 45
4 41
8 67
9 88
2 75
5 18
7 59
9 19
4 94
8 78
9 6
7 100
4 79
1 7
10 45
2 91
2 97
3 1
8 25
5 56
10 42
7 34
3 20
1 15
6 53
5 49
7 74
1 19
1 7
10 84
2 26
3 21
9 88
6 91
5 80
3 36
8 81
5 20
2 2
2 83
2 9
9 42
7 1
3 60
8 61
8 4
6 95
2 49
4 82
4 49
3 33
5 19
9 83
6 8
9 68
8 37
1 9
7 51
3 8
2 47
1 53
4 93
1 25
5 32
2 90
10 57
8 99
7 62
10 2
10 30
2 27
9 83
2 31
3 23
8 23
4 55
8 59
2 5
10 48
7 82
6 58
6 98
8 38
6 33
2 88
1 58
8 25
7 45
2 34
9 49
8 52
1 21
2 75
1 90
3 66
7 63
8 33
1 44
9 55
9 23
9 35
6 36
7 57
6 33
2 85
10 92
6 25
4 85
1 73
3 39
7 45
7 14
9 94
1 55
7 1
3 41
1 41
3 69
2 76
2 89
9 6
2 17
8 86
4 86
9 73
2 28
4 73
9 4
3 47
4 47
7 57
8 99
3 48
1 96
5 73
6 33
2 3
4 89
2 14
5 37
9 11
9 70
4 41
10 44
7 18
2 21
3 14
2 56
1 98
10 13
9 61
4 87
10 13
8 57
9 69
2 10
2 74
6 87
10 1
7 51
1 84
2 3
8 13
4 69
4 8
10 8
6 15
9 81
8 41
10 99
1 84
3 100
2 36
4 21
8 1
2 49
4 45
3 11
2 21
5 61
3 66
6 13
8 87
8 11
9 53
7 21
3 38
7 88
1 59
6 78
3 27
2 34
10 73
9 32
8 42
9 14
6 40
9 76
1 22
3 23
8 62
9 98
7 43
7 97
4 89
4 8
7 88
5 77
2 72
9 98
8 97
1 2
10 69
7 22
9 79
8 79
10 36
1 83
8 96
1 97
7 20
10 63
4 54
2 39
6 50
7 10
2 37
5 5
5 71
2 5
2 75
4 31
