6 90
7 30
7 19
8 90
9 54
5 81
8 1
4 66
7 26
8 7
6 89
5 97
2 40
3 49
5 34
2 5
7 32
8 77
1 99
10 64
3 95
9 7
4 67
4 16
9 91
1 87
8 23
3 18
7 11
5 8
2 45
6 25
9 37
7 68
2 100
1 54
3 59
1 34
9 60
4 3
1 61
9 58
4 97
7 85
4 55
10 50
6 32
5 84
2 9
7 1
8 59
2 55
2 76
3 72
4 47
7 58
8 80
5 65
2 49
2 38
2 85
10 48
2 88
7 73
2 60
1 2
2 87
10 64
9 97
10 28
1 49
4 50
10 24
9 11
2 82
4 72
8 53
5 71
2 40
2 97
2 50
9 29
5 72
3 61
9 65
1 39
5 29
7 95
7 24
3 40
2 61
7 40
10 47
5 42
3 57
2 71
7 50
6 45
3 43
4 57
2 46
4 35
5 35
10 8
8 94
8 4
2 88
8 18
6 31
6 69
3 82
8 64
8 90
2 62
5 60
6 81
9 34
3 78
5 48
4 54
3 100
8 83
10 95
6 49
3 61
3 76
8 63
9 56
7 48
3 81
10 53
7 93
10 26
8 10
6 51
4 61
4 88
10 13
3 97
7 6
4 77
10 47
7 97
1 79
3 93
3 68
10 72
5 76
4 67
10 73
8 45
6 84
2 68
2 67
9 74
7 57
8 94
7 79
10 3
10 64
8 86
7 41
10 69
9 19
3 51
6 74
5 88
1 68
6 77
8 80
5 99
5 17
2 62
10 91
4 2
9 44
1 97
6 3
6 19
4 21
6 71
2 26
7 35
6 21
10 75
3 88
7 51
8 15
6 7
4 34
1 97
9 46
6 51
6 17
7 54
4 76
3 7
6 11
8 100
3 46
9 14
1 3
6 42
3 62
10 63
6 90
9 1
3 35
8 52
10 82
5 43
1 42
8 6
5 79
6 7
2 44
3 70
7 17
4 1
4 12
1 36
2 86
4 1
9 63
10 20
8 67
7 45
4 39
10 22
2 80
7 28
10 71
7 83
1 82
1 80
7 23
6 87
9 3
2 85
3 9
1 82
10 81
1 24
2 36
3 26
1 16
9 12
2 66
4 25
7 7
1 81
5 91
10 64
7 75
3 66
8 75
8 44
3 89
3 33
6 45
3 41
10 74
2 35
5 30
7 99
5 98
2 95
3 61
9 3
6 56
9 31
1 30
10 61
7 46
3 76
10 30
9 37
5 10
10 48
7 70
8 19
7 21
10 55
6 89
2 80
7 32
7 24
8 1
6 12
3 11
3 99
8 14
2 8
9 20
3 99
6 16
2 87
2 35
7 63
8 91
7 59
2 69
5 2
3 66
1 34
3 6
9 69
1 38
6 11
5 81
9 13
1 78
6 44
9 56
9 26
7 90
3 19
4 34
2 36
9 41
10 52
7 99
5 63
4 41
5 70
9 59
9 73
8 36
9 51
5 12
4 65
8 55
6 26
8 51
8 35
9 32
4 32
3 56
9 63
5 80
8 17
3 32
1 19
10 39
5 70
5 52
2 87
6 85
7 55
5 13
9 86
2 61
2 63
9 3
9 100
2 11
3 28
2 59
10 56
8 95
2 22
3 54
1 21
1 77
9 89
2 86
8 70
4 65
10 17
10 50
2 55
9 26
6 59
10 32
2 23
4 56
9 59
3 92
10 78
3 3
1 57
2 96
3 54
1 83
1 14
9 95
4 63
6 52
6 70
9 43
8 25
7 25
10 17
4 97
4 22
7 15
6 36
9 2
1 98
2 96
1 62
1 17
2 77
1 86
9 89
9 73
6 9
8 79
5 59
6 33
3 10
8 100
5 12
3 92
3 47
8 7
3 40
10 56
2 24
5 67
10 47
2 8
8 31
7 85
4 7
1 12
8 45
2 26
1 46
6 90
3 28
10 42
3 78
5 60
1 76
3 72
5 18
4 26
2 52
6 52
3 56
10 27
5 52
8 47
9 2
2 100
7 42
2 19
4 59
1 22
3 22
10 37
4 36
8 38
9 63
8 76
7 97
3 60
4 10
1 61
8 19
3 42
5 56
10 54
7 70
9 8
1 89
10 25
8 42
10 28
10 65
10 4
6 32
4 37
1 71
3 13
4 7
5 21
1 90
2 81
1 44
2 44
4 26
7 9
3 85
4 92
10 9
6 66
6 63
7 85
1 64
6 46
6 93
7 60
5 53
9 94
8 34
3 1
4 36
1 97
7 95
4 62
10 48
9 99
8 43
6 80
4 52
3 29
4 60
7 47
1 32
2 25
8 26
3 75
5 63
5 24
3 93
5 91
4 49
1 70
2 72
5 78
9 72
1 50
9 82
9 42
7 68
8 43
8 93
9 46
5 84
4 47
8 43
4 18
8 8
10 9
3 54
4 11
4 67
10 76
1 13
10 41
9 40
6 68
7 87
6 43
4 7
1 42
5 100
9 46
8 94
6 8
5 41
10 16
3 65
9 44
1 87
2 36
2 84
8 16
5 20
2 84
2 14
8 56
5 58
3 49
1 78
3 41
3 41
4 91
8 51
7 94
5 74
9 56
7 89
10 22
2 28
10 15
3 23
9 30
4 28
8 98
8 96
3 18
1 66
1 90
4 17
2 97
9 95
8 52
6 46
4 87
9 86
2 31
5 94
8 48
1 89
4 6
1 9
8 36
10 47
10 64
5 65
2 86
6 50
2 39
6 36
1 90
5 48
10 48
4 38
5 25
8 47
10 87
9 77
10 18
3 74
6 21
4 61
10 61
2 75
8 71
7 42
2 81
7 28
3 58
9 87
10 74
10 20
10 63
2 82
3 69
3 17
7 77
5 49
9 53
9 5
5 28
10 20
10 53
5 84
2 21
5 14
6 95
4 45
5 8
2 46
10 53
5 74
6 65
2 92
7 27
2 46
7 60
5 59
3 81
6 62
9 62
10 2
2 11
3 55
9 40
10 9
9 69
2 83
3 91
6 34
10 75
8 37
10 68
1 50
3 35
2 63
4 27
3 79
2 67
7 64
2 62
4 62
3 46
7 25
2 49
7 12
7 100
4 93
6 37
8 42
10 28
10 19
6 22
10 6
2 75
3 97
9 99
3 65
5 3
1 52
2 34
6 97
3 63
3 44
7 94
10 50
2 71
4 22
5 58
9 46
1 74
2 1
3 81
1 83
9 6
7 72
3 58
2 1
1 83
1 24
8 15
3 67
3 73
7 92
3 95
5 72
6 37
5 26
8 25
6 83
5 61
9 85
4 21
3 45
5 82
7 86
7 84
5 60
6 94
8 77
7 34
6 3
10 99
9 19
6 8
2 38
4 48
3 79
6 87
2 96
3 17
9 3
10 89
2 77
3 38
10 97
2 41
5 8
5 66
7 92
8 29
3 47
7 25
4 62
3 1
6 27
4 63
10 89
8 86
2 99
7 72
2 24
2 66
6 6
5 56
7 64
8 96
3 62
10 89
2 1
7 66
5 81
1 86
6 29
8 12
7 33
5 100
7 45
5 47
7 73
1 73
7 13
5 25
9 16
4 19
9 70
4 33
5 11
3 51
2 54
2 22
1 59
1 32
10 30
1 6
8 6
4 6
7 57
5 60
9 40
2 93
3 39
5 72
10 36
2 94
8 42
2 12
9 26
2 22
8 21
3 90
1 40
10 19
9 97
10 70
10 47
4 8
7 10
8 66
2 60
4 54
3 56
1 82
7 90
8 71
6 15
4 87
2 11
9 60
10 93
5 9
2 68
6 84
5 25
5 40
7 60
10 91
5 47
5 24
10 49
10 66
5 89
8 10
6 36
6 100
3 77
3 67
7 28
7 84
5 97
10 52
9 91
1 55
5 25
2 98
8 45
1 40
4 61
7 37
7 39
8 20
9 93
10 11
2 25
4 13
4 18
7 96
3 2
9 28
4 72
7 93
6 34
9 1
1 92
6 70
8 30
3 11
2 41
6 77
7 42
9 62
7 96
8 78
8 80
6 39
5 66
1 19
10 75
10 44
7 18
8 12
3 48
10 58
7 93
2 13
5 100
9 12
5 11
8 36
10 93
9 95
1 21
10 86
9 4
7 30
10 30
7 51
6 90
10 65
2 44
8 4
1 77
7 67
7 55
1 21
8 26
9 29
5 18
8 61
6 26
7 99
3 94
9 71
2 70
7 91
8 12
6 68
3 45
1 27
2 43
9 6
6 54
4 13
6 17
2 64
9 28
6 38
4 97
5 68
9 56
3 41
3 24
1 67
6 51
5 99
5 53
3 49
2 54
5 95
3 94
4 52
6 59
9 52
6 38
9 39
8 74
3 67
8 11
10 40
1 27
4 88
9 87
7 83
5 17
5 50
1 73
9 71
9 2
8 84
8 67
1 70
6 19
8 13
2 82
3 23
4 50
9 81
9 15
7 97
1 95
4 54
10 26
4 59
8 41
10 72
1 46
4 15
1 12
6 30
2 53
4 8
5 59
6 27
