6 46
8 38
6 86
7 32
9 35
1 48
10 54
1 45
7 73
1 51
7 88
6 11
3 68
8 50
4 85
6 5
4 49
10 63
7 11
2 92
4 13
6 55
2 7
1 74
6 14
7 9
4 94
7 85
10 23
8 56
10 14
7 59
3 84
8 100
8 75
5 93
10 54
6 41
10 24
3 50
5 5
9 53
3 65
8 23
10 10
7 8
6 49
1 74
8 4
5 11
9 19
6 36
2 65
6 16
3 98
5 5
5 95
5 74
9 54
6 80
10 1
10 50
3 38
9 50
9 9
1 26
1 2
6 49
3 89
3 47
1 28
3 30
8 60
8 28
10 16
7 78
1 36
4 19
9 82
3 58
4 91
6 48
8 80
5 20
1 75
4 54
6 42
2 31
5 8
5 47
7 20
2 67
2 43
7 33
2 88
9 83
2 86
6 53
7 78
8 36
8 32
3 73
6 65
7 53
4 23
10 35
6 53
7 71
7 61
7 86
6 100
6 64
1 78
8 66
5 95
2 98
5 58
5 100
5 76
7 83
6 81
5 64
5 32
2 11
2 16
1 73
3 19
7 83
1 90
7 97
10 72
7 46
10 74
4 95
5 32
4 15
8 37
7 87
8 68
9 3
2 26
1 34
7 45
2 70
9 4
1 36
6 20
6 55
7 4
2 35
4 16
8 14
3 17
8 31
1 89
6 99
2 57
4 13
7 73
4 57
3 43
5 42
5 32
3 54
3 80
6 71
9 57
2 31
8 71
3 80
4 12
9 98
9 31
8 94
9 15
10 25
4 46
1 87
1 31
8 58
10 85
4 14
8 74
7 99
10 45
1 46
7 20
7 97
10 73
5 70
8 4
6 70
8 10
5 7
2 21
1 24
9 21
3 19
6 39
2 18
2 17
2 93
8 1
1 7
3 95
10 51
4 87
8 20
9 8
6 98
10 79
10 12
3 71
7 11
7 73
1 35
8 48
4 77
5 24
4 73
2 38
10 79
5 64
7 38
10 26
10 72
8 68
1 78
9 70
10 7
9 3
2 79
1 86
3 7
6 85
8 51
10 99
9 41
6 84
6 53
5 49
2 2
5 29
7 33
10 48
8 56
5 97
6 50
9 91
2 61
5 50
7 33
10 65
9 65
1 14
9 88
4 1
6 99
3 21
1 62
1 3
1 72
7 24
2 43
5 31
1 77
1 58
10 94
5 75
7 83
5 7
9 21
2 10
10 47
9 44
10 68
3 64
8 53
6 80
4 87
3 26
6 6
6 18
1 19
7 85
3 12
3 82
7 73
6 71
9 42
10 23
4 36
5 27
10 66
3 96
2 74
2 68
7 72
5 16
9 71
1 82
9 62
9 75
1 11
1 14
2 80
8 97
1 10
2 80
4 99
4 16
5 43
8 40
2 12
2 80
7 71
6 40
4 63
9 87
3 53
4 50
3 97
2 47
10 85
3 11
2 8
5 88
10 51
8 24
7 68
10 88
1 79
5 61
1 66
1 97
4 80
9 54
8 82
6 24
5 82
7 36
9 30
4 93
7 70
8 38
9 2
5 51
10 94
6 78
10 55
5 90
3 87
5 24
10 38
6 96
1 21
7 79
2 3
1 87
1 43
7 76
2 68
3 66
8 33
9 88
3 50
7 85
4 59
6 94
3 76
8 16
1 81
4 16
8 5
4 20
5 39
4 68
10 64
4 11
4 100
7 89
3 55
1 35
2 44
3 49
2 82
2 7
3 16
6 14
6 75
5 27
7 9
10 43
8 77
3 66
10 78
8 6
4 55
3 83
7 53
4 57
7 48
4 54
4 87
4 99
5 29
4 33
9 75
2 29
6 64
9 54
5 56
10 15
6 12
3 21
5 63
6 70
4 56
8 28
4 81
6 93
10 3
3 8
6 55
9 30
8 35
10 27
6 78
3 56
5 44
7 22
2 86
9 64
10 59
10 13
3 28
7 57
6 74
9 4
7 37
6 10
7 55
2 13
5 87
7 4
3 74
1 73
6 42
4 87
4 86
6 6
4 84
5 99
10 80
3 100
4 58
10 49
10 69
4 10
9 40
9 21
4 94
2 22
9 14
9 55
4 56
6 30
4 15
9 19
8 11
1 56
10 26
10 43
2 20
7 39
2 5
1 57
6 61
8 38
1 26
1 51
4 41
8 74
2 99
4 33
9 34
10 88
4 97
10 47
8 12
3 54
8 89
1 50
3 53
4 21
6 96
1 77
5 5
8 29
8 44
3 93
9 13
6 69
4 50
1 51
4 57
3 46
10 97
8 58
5 8
2 85
8 66
8 51
7 52
6 72
6 35
3 15
10 48
9 3
2 54
1 93
8 67
6 8
1 21
10 15
4 64
7 45
8 36
1 55
8 74
3 21
10 88
5 11
5 63
10 65
7 48
1 74
10 87
6 63
8 12
2 35
4 59
3 14
4 32
7 43
5 64
7 11
10 31
2 1
7 11
7 83
4 13
1 39
10 56
8 71
5 83
4 59
10 100
6 66
1 36
7 92
5 57
9 43
2 83
9 80
10 30
3 70
1 89
2 14
1 77
2 17
8 86
3 67
6 99
2 44
2 96
10 58
2 48
5 20
7 93
1 17
6 22
10 37
3 48
2 76
1 60
9 85
1 76
7 91
6 1
3 57
3 90
1 73
8 51
8 91
5 97
1 89
8 10
8 92
6 13
3 13
2 68
9 49
10 2
5 78
5 56
7 96
2 35
5 9
10 18
8 26
1 30
2 18
8 2
9 36
7 84
6 17
9 42
9 55
1 39
2 94
5 90
8 58
4 82
3 34
2 87
5 36
6 33
10 93
8 10
3 56
5 3
1 23
7 72
5 19
3 85
3 18
10 14
6 42
10 17
9 68
8 19
5 30
2 53
2 22
9 79
8 33
2 68
8 85
10 60
9 20
2 90
3 97
8 92
5 20
6 57
10 38
5 63
2 71
2 32
6 1
6 75
8 58
2 12
4 82
4 72
9 6
7 38
1 73
1 96
3 25
5 38
6 98
2 26
2 20
4 87
3 46
9 80
7 100
4 10
6 21
10 70
3 46
1 30
8 72
1 62
8 88
4 27
10 30
5 52
5 16
6 97
5 73
2 53
4 66
7 51
2 35
2 49
9 87
4 18
3 79
1 39
4 90
9 89
6 12
2 49
3 11
4 60
1 86
8 86
7 12
3 59
4 45
6 62
7 22
6 58
5 66
5 89
4 74
2 27
1 26
6 21
2 30
4 21
10 84
9 83
7 3
7 97
1 41
7 63
5 6
10 1
3 1
9 22
4 13
2 63
4 29
9 5
2 88
10 15
9 61
3 93
10 10
9 90
9 32
10 77
3 23
5 8
2 24
4 49
9 57
10 50
8 57
10 51
3 89
9 32
4 11
5 46
9 29
4 46
8 82
9 85
2 26
4 58
8 83
4 98
7 13
6 43
10 50
7 61
4 70
8 45
3 67
8 52
10 65
1 52
3 7
10 94
4 94
3 72
2 58
1 21
5 46
1 24
5 68
4 38
2 87
6 5
3 58
8 69
4 98
4 57
10 31
2 72
6 40
6 74
8 41
2 51
1 6
9 90
4 99
6 70
1 35
9 70
3 6
9 7
4 59
10 17
10 50
9 47
4 27
2 83
5 35
6 34
7 45
5 64
8 90
2 33
2 78
1 77
3 64
2 62
4 52
5 27
5 83
6 19
1 27
6 88
5 86
5 4
9 98
8 56
8 15
6 88
3 44
7 53
9 60
3 96
4 73
1 12
4 52
1 41
3 13
2 49
9 68
3 96
2 33
8 39
5 80
6 29
8 94
9 79
6 66
9 38
2 67
4 56
7 11
8 55
5 52
8 30
4 2
5 6
7 7
2 40
2 71
7 42
5 100
8 47
7 41
6 25
6 2
4 46
3 5
2 59
6 17
2 14
5 37
4 62
10 27
6 41
7 50
7 10
3 37
7 88
7 75
2 76
2 72
5 51
7 71
6 72
2 95
6 97
3 47
2 64
5 29
4 35
7 46
1 69
2 5
10 31
10 46
4 95
8 68
10 10
2 31
4 86
9 90
10 69
9 5
1 5
7 14
7 17
2 27
1 71
9 1
10 72
7 20
7 22
2 63
6 61
7 18
2 49
9 59
5 8
6 87
6 99
3 46
4 52
1 69
9 4
2 24
5 2
4 31
7 93
10 95
3 34
9 92
3 2
10 61
2 82
9 8
3 44
1 55
8 88
2 84
4 1
9 86
3 22
10 41
8 16
9 96
3 17
3 49
1 51
2 53
3 9
1 82
8 51
8 3
1 100
2 4
5 8
10 36
9 12
1 88
7 100
6 13
8 59
4 9
8 26
7 94
6 99
7 52
2 92
5 78
7 85
3 53
8 11
2 17
2 75
8 57
4 83
9 82
10 80
1 47
3 30
3 56
2 48
2 65
4 72
2 55
1 75
3 26
3 65
3 18
5 96
6 44
4 51
1 51
7 72
