7 74
5 95
3 78
6 63
2 92
10 50
5 13
6 52
9 8
9 49
5 91
9 29
8 79
6 75
1 52
4 89
5 62
6 27
4 42
7 45
2 64
6 99
2 38
5 56
7 90
6 86
9 38
5 39
9 21
10 76
1 73
9 91
7 28
8 87
7 52
7 35
7 13
2 54
9 89
10 33
1 62
9 99
8 28
7 94
1 21
4 22
10 87
7 24
2 42
3 65
6 24
5 45
6 61
1 55
10 59
6 91
3 54
4 59
2 21
9 11
9 67
2 71
7 18
5 99
3 98
5 100
3 56
8 38
10 73
5 2
6 75
10 53
10 20
10 74
3 66
4 5
1 31
8 17
10 1
6 25
5 38
9 24
6 14
2 91
6 70
8 23
5 58
2 60
6 94
10 80
1 75
8 29
8 1
3 95
2 28
7 62
5 56
2 77
8 90
9 83
1 70
1 67
7 87
6 23
4 65
3 73
1 99
10 83
6 48
1 25
9 40
6 6
1 97
4 87
9 23
10 59
8 54
4 61
10 78
1 67
10 54
4 2
10 38
5 83
6 82
4 92
9 56
7 12
1 53
7 15
6 33
4 95
8 42
4 97
5 80
4 100
7 67
7 61
2 16
1 8
5 13
5 38
7 61
5 52
8 68
10 64
9 5
5 3
5 50
4 31
10 12
9 70
4 37
4 32
6 14
2 67
4 46
7 33
3 94
9 52
4 22
8 1
10 66
10 22
6 97
6 23
10 39
7 72
4 83
8 34
3 68
9 19
6 94
6 76
2 67
1 46
1 63
3 48
7 37
10 37
3 17
8 61
2 72
5 79
10 95
1 23
5 52
5 33
4 83
6 71
7 9
7 6
2 19
7 92
5 61
3 71
1 97
10 6
6 71
7 10
5 96
1 91
9 53
2 93
5 46
2 18
4 27
4 10
5 49
2 38
8 22
7 69
6 20
5 5
8 13
3 50
8 25
5 35
5 80
5 38
8 19
2 85
7 89
7 47
5 91
5 16
1 29
3 99
1 56
4 74
8 14
6 83
9 20
3 37
4 87
3 17
10 21
9 85
10 44
6 8
7 87
9 12
3 33
8 4
9 87
1 13
8 72
1 33
8 31
3 7
4 54
8 6
3 6
3 52
3 44
4 75
10 7
6 41
4 35
10 13
3 98
8 78
2 57
8 27
6 64
3 72
4 39
2 44
2 1
6 92
10 100
6 61
7 53
6 26
10 98
4 94
6 73
4 33
6 25
9 9
5 49
5 48
10 9
6 100
7 33
1 76
7 16
6 62
9 50
4 94
5 22
3 90
7 36
7 71
2 27
3 81
5 27
7 15
2 13
3 90
5 28
3 4
2 88
2 77
1 46
3 78
8 64
5 26
7 95
3 6
2 47
3 77
9 34
7 73
8 45
1 70
2 48
4 28
5 25
9 67
6 17
9 99
6 7
8 54
7 58
3 84
5 78
10 42
9 74
4 31
2 9
7 59
5 63
2 16
5 47
6 84
5 87
8 58
8 8
1 33
2 69
8 28
8 39
6 75
10 63
5 19
4 4
8 49
8 91
2 9
3 53
5 7
7 28
2 33
5 18
5 72
9 15
10 26
9 10
3 77
7 9
7 75
10 34
6 74
6 93
6 86
5 15
1 37
9 99
8 2
3 30
10 75
9 66
5 30
1 24
6 76
5 47
3 70
9 68
9 12
5 33
9 55
6 98
3 33
10 18
7 80
8 66
3 1
9 48
10 89
9 29
8 43
3 27
10 40
3 85
6 75
10 67
3 80
6 33
5 40
3 84
3 67
10 85
1 67
10 79
3 73
3 44
8 91
8 99
8 81
1 69
2 60
2 87
4 29
3 44
3 86
4 68
6 16
4 20
4 13
4 45
3 68
2 37
4 72
8 61
2 74
3 37
7 71
8 20
5 86
2 28
6 11
6 75
3 1
10 2
8 26
4 59
1 37
10 68
4 93
1 83
8 89
1 16
8 56
9 84
8 55
7 48
1 50
7 58
2 36
7 48
10 67
4 85
6 100
3 26
5 31
1 10
8 12
8 51
1 14
10 93
8 93
5 85
6 76
3 43
9 4
7 44
1 92
2 87
1 45
7 87
8 90
2 50
9 10
8 21
8 70
4 45
4 79
10 70
2 24
5 87
3 13
1 53
1 52
3 41
3 49
2 85
3 25
7 63
3 11
8 83
5 76
7 82
4 69
4 71
5 27
3 74
5 11
1 96
6 32
5 63
7 34
8 87
10 73
7 61
7 71
7 60
6 7
8 37
10 31
5 85
9 57
7 96
7 58
1 60
1 95
4 29
6 26
7 78
4 70
7 96
2 10
1 20
7 52
5 71
8 65
9 64
8 37
4 84
1 86
3 54
7 95
7 82
9 4
1 60
10 27
9 11
10 37
2 64
8 62
7 22
1 60
6 2
8 44
9 64
10 44
7 68
7 78
1 92
2 52
2 65
2 37
10 80
1 42
6 19
1 11
2 67
4 74
10 61
5 26
7 2
10 87
5 37
7 52
5 1
2 54
8 15
3 31
4 62
3 15
1 13
8 28
7 29
7 69
10 45
3 39
9 4
8 47
7 7
5 58
10 26
8 90
3 61
10 98
10 92
3 11
5 59
10 64
2 58
2 56
8 33
8 66
4 36
1 16
5 54
8 100
3 52
5 64
3 8
7 66
6 91
3 10
2 57
7 89
4 45
7 83
7 41
4 63
9 88
7 90
5 22
7 22
3 93
6 49
1 82
4 91
3 4
3 37
4 9
2 4
7 74
7 18
3 2
4 20
8 34
10 21
1 36
7 47
4 14
6 8
3 27
8 28
6 13
3 90
7 14
6 80
4 96
5 49
6 79
8 55
2 15
10 10
7 52
6 28
7 63
6 81
6 30
10 86
10 75
1 7
4 5
1 95
6 4
7 25
1 81
1 72
9 83
2 79
9 28
6 36
4 24
7 100
8 99
2 12
10 42
3 38
2 84
9 18
2 67
6 32
8 27
2 9
10 6
6 38
5 91
4 80
6 52
2 13
2 62
1 32
9 54
6 37
3 42
5 32
7 55
6 52
10 61
5 92
4 40
10 2
10 54
2 4
5 61
1 44
2 4
5 55
8 42
10 31
2 24
2 43
8 61
7 100
4 60
8 81
7 60
6 75
10 91
9 59
2 50
1 66
6 49
1 96
6 48
7 12
1 33
8 4
4 33
8 56
2 39
10 30
10 12
2 57
6 74
6 30
7 74
8 50
6 4
6 41
6 67
6 65
9 78
6 10
10 47
9 25
8 58
8 17
3 15
10 5
1 97
5 5
1 70
2 68
6 21
10 91
9 10
7 12
6 66
5 90
1 19
1 21
4 78
6 18
4 48
9 58
1 75
1 68
10 63
2 56
8 21
8 21
6 23
6 11
9 25
3 8
8 89
10 10
6 59
9 82
10 24
3 95
7 73
8 82
9 19
2 46
6 3
4 32
2 76
9 29
6 36
10 39
4 92
4 50
2 56
8 41
10 56
2 38
10 65
7 31
1 11
7 74
10 7
2 36
4 50
4 14
9 39
1 92
1 14
10 59
2 73
1 7
5 6
6 82
8 23
6 33
3 55
4 57
10 86
9 84
8 73
7 22
2 92
9 87
4 17
9 24
6 50
3 59
8 23
8 79
1 77
2 82
8 3
3 37
8 44
8 78
3 57
5 85
1 17
6 59
1 75
1 30
8 16
4 98
10 83
7 54
9 74
4 22
3 31
4 64
10 79
9 11
8 90
4 52
4 86
5 21
10 50
2 87
5 15
6 44
4 42
1 65
10 87
4 3
5 75
1 17
5 81
7 18
4 20
6 57
7 53
1 9
2 43
9 80
6 54
5 64
3 59
5 50
2 86
3 67
7 98
5 88
6 14
5 33
3 3
9 18
6 85
10 70
1 94
2 70
3 89
5 87
4 72
5 72
9 3
7 62
2 14
9 45
5 69
3 56
6 90
2 62
3 51
4 53
1 43
1 92
1 57
10 84
3 48
5 31
6 9
2 94
6 5
3 61
3 70
4 5
5 27
4 69
10 5
8 34
7 38
9 42
4 1
3 16
6 34
8 3
2 48
5 1
2 33
7 10
4 58
6 78
7 80
3 11
8 67
7 40
8 67
3 92
9 13
6 23
10 48
5 88
1 61
1 59
8 84
9 50
6 8
5 99
3 11
8 57
1 60
7 8
1 34
9 78
10 2
4 69
3 92
4 59
2 79
3 82
5 31
8 4
6 29
7 58
2 90
3 49
2 96
1 2
5 42
7 53
6 67
6 29
2 67
7 3
2 62
9 76
1 74
5 88
4 60
2 13
7 22
4 77
1 96
9 45
5 1
10 80
3 81
8 84
4 29
9 43
5 95
7 1
3 69
4 86
9 97
8 12
7 15
2 56
5 99
3 90
8 13
5 98
3 3
1 5
5 22
8 25
4 90
2 50
9 28
3 71
7 97
6 21
