9 13
5 76
7 17
2 24
5 45
7 94
1 80
6 35
8 90
2 97
4 6
3 31
4 73
3 71
5 75
3 18
9 28
7 3
9 73
9 89
9 90
9 83
4 6
9 27
9 98
8 55
5 46
10 53
4 45
7 66
9 64
3 42
2 94
2 10
6 27
1 6
3 47
5 30
1 83
7 20
4 43
9 49
2 71
4 38
1 76
3 85
10 81
5 33
8 68
2 51
10 75
10 55
2 44
10 39
10 2
5 66
4 93
4 13
4 70
7 68
9 40
5 77
6 75
4 7
5 76
8 64
8 24
4 63
1 93
1 98
6 71
1 13
10 84
1 69
5 25
1 4
5 14
3 28
8 13
1 79
8 18
1 15
6 94
10 100
3 18
4 87
2 91
10 76
9 8
10 92
2 68
9 89
4 71
8 56
6 67
6 54
9 8
9 91
8 57
4 99
2 95
3 2
8 69
2 20
6 93
4 58
7 97
8 84
1 21
4 20
6 54
3 44
7 73
4 52
1 34
3 63
1 27
6 12
3 9
6 32
10 75
8 55
1 35
4 57
1 21
1 76
4 57
1 48
2 89
6 18
5 13
10 42
10 24
10 20
2 16
1 97
2 89
4 44
10 83
6 16
3 31
5 57
1 73
7 71
1 55
4 6
3 37
5 9
3 4
4 61
7 45
3 51
5 1
2 27
5 91
7 16
4 35
10 45
2 73
10 53
4 53
1 30
2 42
5 51
1 84
4 21
10 69
5 2
10 85
1 6
10 63
9 89
2 16
6 74
7 93
10 37
2 97
1 80
4 48
6 93
6 9
10 56
1 63
7 81
5 19
9 8
3 1
2 45
8 44
10 58
6 46
9 48
4 76
8 3
6 4
9 59
4 69
10 64
10 88
9 84
5 65
7 5
6 100
7 70
2 54
2 27
10 3
10 53
5 30
1 7
9 94
2 12
8 45
1 2
1 90
10 85
6 100
1 33
1 73
5 76
5 9
2 60
8 53
2 2
4 59
9 20
5 29
8 21
1 49
8 95
4 64
5 62
3 68
5 32
6 70
4 89
5 90
1 41
2 83
1 72
6 39
10 35
10 21
2 54
8 56
1 90
4 16
8 32
10 9
4 7
9 55
5 15
3 70
5 67
4 81
5 66
8 50
6 86
5 27
4 70
4 48
5 15
8 42
10 2
6 99
10 72
6 43
5 86
5 23
8 8
8 56
8 6
10 24
9 83
3 90
7 22
5 20
8 74
2 34
10 73
8 45
4 33
7 58
10 12
5 10
8 98
7 99
6 25
8 97
2 13
10 82
1 98
10 23
2 47
1 9
6 65
3 77
7 73
8 73
10 91
2 51
3 4
3 39
7 67
9 84
6 52
10 100
2 45
1 59
6 87
7 86
3 1
1 86
1 84
9 83
6 15
4 78
1 82
7 51
4 15
7 59
1 8
9 83
3 76
7 54
6 92
5 46
7 6
2 19
8 74
2 76
7 74
9 27
4 20
9 11
3 6
8 56
7 49
6 4
1 47
1 57
9 64
7 76
2 52
3 81
8 52
10 57
7 78
8 37
1 62
10 96
5 47
1 73
9 36
2 42
9 73
8 97
7 66
6 49
2 94
9 25
8 20
5 37
9 59
8 78
5 13
2 89
1 79
10 60
7 75
7 49
5 75
4 60
10 22
8 80
9 41
5 41
1 32
10 45
7 27
9 56
1 27
1 75
5 98
6 90
7 84
2 62
3 1
10 51
3 72
5 93
7 49
6 74
9 47
9 52
1 59
7 97
8 46
1 33
10 16
10 75
2 74
1 85
6 86
7 58
9 4
1 93
7 33
6 100
10 21
3 63
7 94
5 79
5 89
10 84
5 20
1 71
9 45
6 64
9 39
8 96
4 19
8 91
10 78
5 95
2 26
10 73
7 98
9 75
4 16
10 86
10 94
7 14
6 98
7 17
1 7
10 11
8 40
4 60
9 16
2 19
10 6
4 98
5 8
1 50
6 36
1 14
7 88
8 100
5 63
10 80
4 75
8 22
10 74
9 79
2 30
2 83
9 38
7 67
5 80
4 14
9 83
7 5
1 60
5 8
3 34
9 84
2 99
9 8
2 67
3 52
3 37
8 89
7 44
1 67
3 13
2 48
1 94
10 42
1 3
9 52
5 85
2 17
8 55
10 43
9 3
8 84
5 68
2 43
9 18
8 90
7 36
4 4
7 6
4 34
7 56
5 22
3 34
5 4
5 86
4 17
1 60
10 14
8 44
9 51
7 83
6 57
2 72
6 97
7 50
5 99
3 8
2 28
9 36
8 24
7 29
10 11
6 91
6 59
4 57
8 35
5 23
7 80
8 14
7 41
10 6
6 96
2 67
2 8
10 27
7 62
8 99
1 17
5 29
4 26
7 19
8 28
2 3
1 93
6 14
3 27
8 34
7 94
5 8
9 99
10 96
10 73
3 42
8 43
1 13
9 19
10 37
3 91
2 97
6 38
5 4
1 86
5 31
7 4
5 92
6 85
5 69
7 37
3 75
4 25
6 27
5 75
9 24
9 62
10 71
4 23
3 19
10 44
1 27
6 47
8 71
6 26
8 96
6 99
10 5
1 19
4 79
9 89
6 47
5 30
10 59
2 99
10 56
1 19
6 28
1 26
2 44
8 38
1 76
7 66
5 30
2 9
4 73
9 78
5 64
10 30
6 7
7 2
3 30
7 72
1 65
4 41
6 68
10 13
8 73
1 63
7 7
9 31
6 85
2 73
1 40
1 64
9 2
7 57
3 22
3 55
1 2
6 61
1 59
9 63
5 15
10 41
8 83
3 76
2 80
5 95
7 18
5 7
8 13
3 51
6 72
4 64
3 11
2 81
1 4
3 63
4 42
1 24
5 11
10 54
3 25
6 79
2 4
8 26
7 94
5 37
5 7
1 75
10 100
4 38
4 64
4 31
9 91
8 49
2 99
3 75
8 3
9 69
6 11
4 43
8 62
7 22
9 80
5 100
8 97
4 71
2 27
5 53
7 72
4 11
5 86
3 68
7 20
10 10
5 66
6 48
4 62
7 58
10 31
6 35
9 99
2 72
3 16
4 27
6 27
7 51
8 97
7 98
10 52
3 61
1 34
9 19
1 53
2 74
2 56
1 27
8 73
8 98
7 88
3 15
4 87
5 24
1 40
7 15
6 5
2 66
6 43
2 82
4 19
4 85
4 58
2 54
9 23
2 24
7 94
7 26
2 72
10 90
8 14
3 16
9 52
7 78
8 85
1 38
9 24
4 16
7 9
10 90
10 61
8 87
8 24
9 40
6 18
2 90
8 69
10 37
3 30
7 8
10 63
7 31
8 64
6 46
3 79
1 1
1 87
3 42
3 12
6 9
8 53
5 43
9 78
3 1
2 34
7 21
10 13
10 57
2 84
10 64
5 38
4 33
1 33
2 1
10 90
1 69
3 22
9 82
10 60
2 2
10 84
7 40
7 37
9 56
2 86
8 84
6 18
7 67
9 56
5 89
9 35
6 16
4 20
4 62
2 61
1 39
9 28
6 86
6 85
8 60
4 52
5 49
10 57
3 71
5 51
1 25
6 23
7 41
6 63
10 51
7 29
5 35
1 54
7 90
9 17
10 88
6 49
1 32
5 45
2 17
6 9
6 70
4 70
3 86
4 3
8 46
6 21
3 24
8 23
10 48
8 59
10 54
1 61
7 59
6 46
1 57
10 56
7 3
2 43
2 54
4 12
5 70
10 41
8 52
2 81
2 17
4 89
1 100
7 61
9 46
4 98
7 43
1 72
10 24
9 51
10 92
10 94
5 8
9 37
6 48
1 86
1 80
6 15
8 20
4 75
3 64
9 7
1 75
4 43
8 26
5 45
4 29
4 94
5 43
3 68
2 73
3 5
9 73
5 95
6 44
1 28
10 9
8 29
2 84
4 58
3 28
8 62
8 38
8 86
8 68
1 63
2 25
9 42
6 13
7 19
8 97
1 61
10 86
3 21
9 44
9 22
5 7
10 78
5 1
9 64
4 22
2 94
7 33
1 77
5 92
8 67
1 51
4 21
8 26
4 47
7 65
1 22
10 74
9 97
4 39
9 67
10 53
8 92
9 97
7 78
4 85
3 69
4 42
10 40
9 49
7 55
6 77
3 58
6 50
9 54
4 12
10 39
10 34
2 90
9 16
2 42
10 8
7 67
3 2
10 34
7 68
2 36
5 86
1 78
5 34
5 50
7 31
1 40
2 12
8 48
8 84
8 92
7 9
10 73
1 43
8 84
9 75
9 83
2 61
1 22
5 78
3 60
5 26
3 87
2 39
8 49
1 96
7 67
10 29
10 92
8 88
10 84
8 84
2 32
6 26
2 30
10 15
4 9
9 32
8 90
2 84
2 2
5 75
7 65
9 72
5 100
1 59
7 32
6 9
5 58
8 45
5 3
8 52
7 37
8 92
4 83
2 23
4 34
7 87
6 14
3 89
9 97
