4 68
7 97
5 93
5 7
7 85
10 51
10 27
9 2
3 22
8 75
5 72
4 36
10 9
3 57
4 37
8 7
5 73
7 95
9 71
2 40
10 96
10 47
10 81
10 43
6 70
7 14
8 1
1 36
8 10
7 58
4 83
10 70
3 17
2 45
4 8
9 5
10 88
4 66
10 84
5 13
9 71
1 45
3 66
1 30
10 13
10 95
9 34
8 47
7 60
4 57
3 33
2 38
7 80
1 35
4 30
3 39
7 96
5 79
6 85
5 78
10 35
3 41
6 9
8 32
7 58
10 65
3 40
5 97
10 24
7 78
6 99
3 46
5 79
2 39
9 57
10 87
8 14
8 74
3 80
9 90
1 31
4 43
2 93
7 69
1 39
8 64
3 42
5 70
2 95
9 67
2 71
9 66
7 47
9 56
5 28
1 32
4 22
6 6
10 59
7 32
10 59
6 95
5 63
7 54
6 63
7 94
7 57
4 75
7 22
1 18
4 52
7 76
8 93
1 54
3 82
6 19
2 66
7 45
10 19
4 35
5 89
2 89
8 43
7 81
8 22
1 80
9 72
6 15
3 58
8 8
4 75
6 38
1 65
7 52
7 69
9 57
10 51
3 54
8 32
6 89
3 33
7 95
4 81
8 44
10 10
9 26
3 89
7 96
10 64
4 90
8 6
2 35
6 10
4 23
3 44
7 83
3 46
9 81
6 98
6 9
9 86
8 30
5 24
4 42
7 44
7 54
2 9
8 90
8 99
1 2
6 68
2 38
2 88
8 96
1 8
6 39
1 48
8 51
2 13
8 88
3 63
4 76
9 62
2 94
9 16
1 85
6 3
10 7
2 41
5 23
9 22
2 45
7 57
9 17
1 75
3 17
10 81
3 9
1 74
6 70
1 30
10 95
1 29
1 13
2 31
5 21
2 8
3 53
8 61
1 52
6 63
10 78
3 48
3 75
6 60
8 11
10 29
5 100
6 39
2 74
8 15
9 29
2 91
2 96
8 92
7 92
5 80
9 87
1 59
5 96
8 89
9 13
7 68
3 17
6 93
8 35
4 37
10 28
5 35
4 93
7 1
4 93
10 87
10 43
1 50
7 87
7 84
10 59
8 77
2 32
9 21
3 71
3 22
4 63
3 38
7 61
6 66
8 96
7 67
3 39
4 24
1 28
7 37
4 26
4 3
2 51
5 33
8 16
7 51
9 39
8 58
9 16
10 2
3 68
8 40
2 90
9 2
9 99
2 37
3 54
7 77
7 85
4 89
5 91
9 75
9 83
8 63
1 41
10 8
1 24
9 7
5 5
3 29
6 92
3 3
1 10
10 53
8 54
4 36
4 28
7 93
8 22
5 36
2 1
3 49
7 26
2 99
7 24
7 59
9 96
4 80
9 39
5 33
7 66
5 82
9 30
4 85
6 74
8 81
3 48
5 74
10 22
1 89
5 7
2 21
8 41
4 43
1 8
3 50
10 41
3 4
8 82
2 10
3 23
1 79
10 25
8 33
6 62
10 96
4 69
3 75
1 85
9 12
2 74
9 48
9 95
10 1
9 51
2 54
2 87
7 25
1 89
1 67
6 44
3 8
4 51
9 69
1 51
3 92
7 1
8 27
8 5
4 42
3 26
5 23
3 63
2 96
9 8
1 56
2 42
4 54
3 100
4 91
10 43
7 34
8 97
8 7
1 6
10 2
7 59
8 31
4 8
1 19
1 74
5 84
2 90
5 65
4 53
1 17
10 41
3 59
6 21
9 84
9 66
10 45
8 97
6 96
4 1
4 38
7 53
1 11
9 31
9 61
1 94
6 46
1 58
10 46
6 34
2 50
4 81
9 84
2 50
4 83
2 50
7 42
3 56
10 17
9 85
2 83
3 22
4 88
9 64
5 15
8 71
10 45
6 7
3 54
7 51
1 92
6 59
8 10
6 29
3 53
1 92
7 27
1 39
3 41
4 1
10 43
10 85
1 32
6 64
1 60
6 91
10 35
10 60
10 90
3 69
1 65
3 37
1 76
7 82
10 71
4 92
3 58
3 76
9 49
6 69
1 73
1 36
6 52
8 54
6 47
2 28
6 11
3 82
10 14
6 62
10 20
3 97
6 38
2 16
5 86
10 88
3 65
1 6
9 3
9 43
10 77
2 9
5 68
10 33
7 49
6 53
8 33
7 76
9 73
1 56
4 40
4 91
7 93
1 39
4 47
6 53
6 51
4 29
6 81
10 89
5 38
2 3
9 6
8 21
4 27
1 16
1 92
6 49
2 12
3 41
5 54
7 31
9 37
8 20
10 92
6 38
10 29
5 90
4 99
10 25
7 79
8 22
6 20
6 90
2 91
8 45
7 86
8 29
6 83
6 25
10 14
1 92
6 77
7 28
8 20
10 98
9 1
4 16
10 69
1 63
2 13
4 98
8 37
10 27
3 78
3 61
1 35
9 12
3 6
4 90
6 81
2 78
7 18
5 67
1 71
3 86
8 74
9 5
5 65
10 34
4 38
8 11
8 35
2 24
7 81
1 75
5 78
4 8
7 13
9 62
5 70
6 73
5 15
8 98
2 3
6 20
9 58
3 29
9 94
6 22
4 77
3 56
6 79
7 12
4 59
8 82
7 37
5 35
5 3
4 20
8 15
10 91
3 2
3 41
3 99
2 13
4 10
2 89
6 39
4 79
5 34
4 19
9 2
10 64
5 51
2 84
7 57
6 42
6 95
9 39
10 88
9 1
2 13
6 25
10 88
7 83
4 81
1 80
7 16
1 40
5 74
2 86
4 1
3 89
5 56
5 40
5 55
5 66
7 77
6 45
5 84
4 10
10 46
1 22
2 42
5 11
1 97
2 53
10 15
10 48
4 89
5 72
7 50
2 24
7 35
1 68
9 80
10 14
5 97
5 33
7 13
5 65
3 47
8 98
2 47
7 39
4 63
6 35
1 3
1 84
1 10
8 8
3 80
9 37
9 98
3 40
1 30
5 63
8 40
8 44
3 20
4 71
5 45
3 32
7 87
2 92
5 3
3 83
3 32
1 66
10 46
10 16
7 67
9 63
6 61
10 73
6 88
10 62
3 32
6 35
10 86
9 74
2 60
2 85
9 88
9 37
6 57
7 13
2 21
4 11
2 25
5 35
10 81
3 58
2 23
10 18
5 33
7 93
2 12
9 67
8 28
8 91
3 69
10 34
1 72
5 70
3 96
1 82
1 88
9 10
6 98
3 3
3 93
1 85
6 44
8 5
10 52
8 62
1 73
9 96
8 36
10 9
9 87
1 11
10 14
3 54
9 38
6 59
6 89
7 99
2 59
1 47
5 64
3 36
4 62
9 78
2 29
3 50
1 53
2 42
9 69
8 70
5 51
6 49
4 8
7 1
2 38
3 96
4 83
8 72
8 94
1 6
9 54
3 2
2 27
4 39
1 98
8 23
4 31
7 62
2 6
4 5
2 19
2 21
4 79
7 62
7 17
1 22
8 93
6 18
4 44
6 77
10 37
7 31
4 36
6 22
5 86
1 97
8 21
1 90
2 18
9 90
3 33
2 98
7 84
10 33
3 21
8 53
9 2
4 40
3 46
3 64
8 38
10 7
8 29
7 2
1 38
6 32
8 17
9 75
1 57
2 71
9 49
6 34
10 53
8 1
1 24
8 94
8 88
7 58
4 66
10 78
2 37
8 17
6 86
10 97
8 22
3 96
10 12
6 62
6 9
3 54
7 26
6 13
5 13
7 62
2 93
6 5
10 80
2 55
7 94
1 84
5 12
5 68
10 75
10 22
3 76
7 39
3 69
6 68
1 78
10 12
2 1
6 88
5 39
8 56
4 77
5 83
2 64
10 8
3 9
2 53
6 20
9 44
6 20
4 41
7 9
10 94
6 98
9 3
6 78
7 91
7 6
5 15
2 12
8 46
8 91
9 97
4 59
3 70
8 12
7 36
4 75
8 18
2 69
4 17
7 37
4 56
3 61
3 51
6 77
10 100
10 44
2 83
8 3
3 60
6 92
4 71
3 36
2 15
1 77
7 44
5 12
7 27
7 6
6 89
1 10
3 25
5 68
4 26
3 69
8 77
10 20
5 64
8 39
10 85
5 23
8 29
4 14
4 61
9 35
5 38
2 37
7 53
8 88
7 99
2 21
5 55
8 65
5 19
4 54
10 76
1 10
8 23
1 5
1 52
10 57
2 81
6 97
10 44
7 87
7 58
10 55
2 41
6 98
10 22
10 44
4 24
3 58
8 68
10 87
3 22
9 18
1 84
2 37
5 22
10 2
1 3
2 59
3 4
3 47
2 66
1 24
6 54
4 72
10 37
2 26
7 62
2 21
1 28
4 15
7 48
4 92
7 49
7 53
2 10
4 69
5 50
3 24
3 44
6 27
10 29
1 88
9 76
7 43
9 44
4 37
8 97
3 17
8 8
8 21
4 1
7 4
9 96
10 50
1 72
9 88
8 25
6 94
5 60
4 95
5 65
