4 55
3 58
1 97
5 28
3 51
2 70
5 21
9 67
9 87
1 60
5 95
6 87
9 27
9 66
2 51
8 9
6 16
3 65
6 2
6 75
2 92
1 37
3 95
10 84
10 6
6 52
4 21
4 16
10 80
4 5
2 72
9 27
5 13
6 75
5 47
2 68
4 79
10 17
3 20
2 52
8 20
8 41
6 17
3 22
4 6
10 55
2 91
7 93
6 28
1 8
10 99
8 71
10 100
10 1
6 86
3 30
4 72
1 7
3 18
2 55
4 7
7 74
9 1
6 20
2 43
1 40
7 6
1 19
7 46
8 5
8 45
3 99
8 56
5 30
6 89
8 23
6 8
9 56
5 49
3 88
8 12
9 71
5 5
5 89
4 35
2 74
1 92
3 78
7 98
8 51
7 57
4 63
3 62
2 24
2 8
10 60
5 9
7 26
6 99
1 77
6 74
4 26
5 19
7 64
1 79
9 68
9 31
8 7
1 51
9 18
4 76
2 45
6 51
7 20
3 13
9 50
6 46
3 87
5 35
5 1
9 55
1 39
8 5
2 99
7 100
10 90
5 76
4 39
4 34
10 21
9 50
3 17
5 61
1 47
9 59
3 17
7 50
4 99
5 14
5 90
10 16
1 73
9 54
8 53
10 78
3 73
4 23
9 14
3 29
6 60
6 91
8 31
6 52
5 44
8 55
6 17
5 81
1 29
4 18
8 80
5 7
3 52
7 47
5 60
10 91
8 26
8 60
7 59
3 37
4 34
7 11
4 96
4 86
10 56
4 52
3 4
6 85
5 58
3 6
3 80
9 52
3 99
3 77
1 63
3 41
5 2
4 63
9 18
3 7
2 17
7 73
6 84
9 60
8 68
10 37
7 45
8 78
5 92
6 83
6 93
1 4
7 82
5 81
3 12
9 39
1 12
5 21
3 41
3 55
2 28
8 59
5 88
1 42
4 6
5 49
8 98
10 33
2 8
6 48
5 41
7 11
5 37
10 75
7 6
8 8
9 80
9 56
9 21
9 39
6 43
9 72
8 13
9 14
5 75
3 5
6 31
10 56
10 92
2 31
5 44
9 5
6 43
1 93
8 44
4 95
9 57
10 15
1 19
3 97
3 3
10 79
10 75
9 56
9 50
7 74
5 23
6 92
4 89
10 18
6 44
1 89
3 91
6 98
10 32
3 47
7 84
5 87
9 32
8 60
6 41
3 35
9 55
4 99
3 2
10 65
2 46
3 84
4 86
3 2
9 3
6 44
10 86
8 36
8 84
9 80
1 75
1 30
4 43
4 51
5 39
7 1
3 93
5 14
9 40
10 26
8 17
5 25
3 22
9 66
2 44
3 28
9 59
9 40
9 96
1 100
1 2
1 47
1 34
8 81
2 82
9 54
2 34
6 44
3 27
4 18
5 35
3 12
4 73
10 68
8 49
10 38
9 9
9 65
6 97
9 99
1 53
9 63
5 37
10 2
1 16
3 91
10 54
10 64
4 21
9 39
8 52
2 77
3 59
4 66
3 50
3 58
3 100
7 25
6 27
9 38
10 51
7 2
10 9
8 67
10 100
10 84
2 18
10 13
10 16
10 23
1 20
9 87
7 63
5 10
8 64
6 22
4 12
4 14
9 44
8 35
3 4
8 3
10 30
9 17
3 76
4 67
10 43
2 78
7 90
6 89
1 19
1 85
2 85
9 51
5 94
3 67
1 75
10 81
6 10
8 39
4 12
2 27
9 17
9 15
3 5
7 35
8 53
9 30
1 47
3 82
5 71
10 70
2 48
8 53
5 63
10 61
3 90
8 70
9 76
7 62
9 77
2 18
1 78
4 99
4 15
10 2
6 25
9 9
5 51
10 4
10 4
10 49
9 20
2 13
2 93
7 7
4 56
9 46
5 73
10 50
2 44
9 60
8 90
10 68
5 44
4 9
7 38
10 53
2 25
6 54
2 43
2 17
7 64
8 13
1 7
6 60
4 38
1 11
4 11
10 80
8 7
10 45
8 57
9 66
10 5
9 64
2 31
4 38
2 96
1 94
7 51
3 77
1 13
4 99
5 99
4 31
2 73
4 47
6 84
9 80
2 56
1 96
7 49
10 72
1 36
5 14
9 35
8 93
6 77
10 13
1 27
1 37
2 52
4 51
6 65
3 91
9 82
9 24
9 32
10 93
9 16
3 11
8 81
8 80
6 46
5 28
8 35
4 84
6 74
9 26
5 69
9 7
7 88
1 28
1 65
9 83
5 49
5 97
1 45
9 90
7 89
5 81
3 90
2 39
4 90
2 15
3 7
2 8
6 24
4 3
2 64
1 63
5 61
6 54
2 100
1 67
10 72
10 55
9 57
8 34
3 4
1 6
4 61
2 2
9 48
10 97
2 68
5 45
7 94
9 57
8 82
7 67
5 97
6 18
2 20
8 20
8 84
9 96
1 75
1 41
7 75
10 98
5 70
8 29
5 3
4 55
4 19
10 9
6 15
10 23
7 54
6 83
1 31
2 21
1 7
2 76
10 89
2 100
8 34
7 67
10 20
4 46
8 70
7 19
10 94
9 98
3 24
9 37
4 67
3 43
5 43
7 77
8 98
2 24
10 11
1 75
5 21
9 46
10 64
4 95
6 71
1 49
8 58
3 39
9 66
4 5
1 67
8 42
3 3
6 20
7 46
5 65
8 22
5 66
9 32
4 91
6 40
5 70
4 3
1 17
7 27
8 40
3 17
10 64
10 58
5 75
10 83
8 60
3 44
2 30
10 95
7 61
6 91
10 1
10 24
1 67
5 42
7 42
4 63
6 39
6 49
7 38
7 57
1 6
5 33
9 35
1 41
8 62
3 31
10 85
3 8
6 81
3 75
5 46
4 85
6 47
1 47
3 16
2 85
9 93
4 51
10 80
3 70
1 78
9 92
6 50
9 29
8 27
1 59
6 25
6 89
7 4
7 100
6 37
1 86
1 31
2 1
8 61
4 17
3 97
6 90
10 65
10 61
6 17
4 76
8 82
9 97
3 90
8 92
8 26
10 22
8 38
4 43
9 95
2 82
9 19
3 9
2 37
1 12
9 35
3 92
3 26
7 93
3 69
1 87
4 47
3 98
2 27
9 37
7 21
3 83
10 52
1 45
10 14
1 91
8 80
10 34
7 80
5 30
4 1
5 50
1 10
6 89
8 14
5 76
1 64
3 6
1 99
10 71
8 97
9 54
6 42
3 14
4 76
7 4
3 69
2 27
7 14
5 73
4 63
10 86
7 27
10 12
1 90
2 54
2 10
3 37
10 39
8 48
2 47
4 95
4 7
5 96
6 20
8 51
5 66
3 41
4 51
10 52
1 83
5 2
2 51
7 3
7 69
10 24
5 72
5 94
8 61
4 88
2 26
10 67
7 47
9 84
6 67
3 3
6 28
10 11
2 83
10 97
8 46
4 19
8 100
4 30
10 25
1 91
9 39
3 4
1 5
4 87
1 83
5 93
3 99
10 49
4 95
9 58
8 95
6 99
5 70
3 26
1 53
5 38
7 16
10 99
10 38
10 58
1 92
5 33
7 25
7 28
10 45
3 67
10 20
8 86
9 99
9 36
1 50
8 3
4 84
2 27
9 44
6 21
1 57
9 44
5 62
6 17
4 28
4 36
3 85
9 51
6 69
1 86
8 92
9 48
5 100
7 45
8 69
2 73
3 2
8 34
7 42
3 90
10 81
6 13
9 34
4 10
1 95
1 32
7 55
10 31
7 11
7 17
9 11
6 49
4 8
7 18
4 73
8 77
1 63
3 29
7 99
1 87
6 34
2 19
8 87
5 54
2 53
1 46
5 39
5 88
9 91
4 57
8 67
2 45
3 11
10 73
1 19
6 27
2 60
8 75
9 56
5 20
5 39
10 30
9 17
3 64
6 42
3 19
8 64
7 18
3 80
9 36
10 84
1 8
4 5
3 83
8 9
5 42
6 84
6 78
3 17
4 28
8 9
7 19
10 43
4 41
1 6
4 67
10 36
3 8
8 100
7 97
3 24
1 54
1 85
4 65
1 87
2 53
10 76
7 26
1 18
5 84
2 14
1 10
6 21
5 46
6 89
3 50
9 79
9 29
5 81
5 29
6 3
9 85
8 88
5 56
6 75
10 89
6 75
7 24
3 5
5 46
8 45
8 37
4 48
4 88
10 60
5 99
5 61
1 62
6 41
8 72
4 48
2 46
10 26
4 50
2 85
7 72
6 95
7 92
4 21
8 26
9 55
8 50
9 1
1 42
6 81
9 83
3 79
3 73
5 98
9 16
2 89
7 84
4 11
7 52
10 3
6 31
8 33
3 51
8 46
1 79
10 3
6 93
3 29
8 73
5 75
10 29
2 21
2 15
6 10
10 56
10 99
10 51
3 75
5 10
3 62
9 12
3 52
7 33
5 58
6 47
10 46
3 98
9 9
5 23
3 59
9 85
5 95
4 86
2 100
4 18
10 91
6 74
2 46
1 80
