2 47
9 16
6 42
6 94
5 46
7 61
6 45
8 63
2 55
9 8
6 55
4 64
4 92
7 15
6 60
6 35
4 24
5 65
2 50
10 46
7 88
8 32
10 98
10 74
3 44
1 88
5 54
6 33
5 89
4 83
3 2
4 33
2 62
6 1
5 57
4 15
2 24
5 55
8 31
2 11
8 43
5 5
3 58
8 93
6 97
4 54
7 63
10 11
7 52
2 48
7 11
8 3
6 58
1 2
3 37
10 59
1 22
1 48
9 96
9 48
3 49
1 19
5 22
8 41
10 43
7 75
3 65
6 16
4 14
2 57
7 78
9 81
7 15
5 23
10 3
8 19
1 13
7 77
1 32
8 61
10 96
4 56
5 46
8 54
7 39
8 41
10 5
8 46
10 71
5 68
10 39
5 82
8 41
9 34
10 20
5 65
6 25
4 77
4 99
8 46
1 3
5 49
2 3
7 6
5 35
2 22
2 77
6 65
9 61
7 18
2 10
10 49
2 15
3 93
10 83
7 72
6 4
5 40
1 6
7 57
4 65
10 61
10 64
6 51
8 21
3 63
7 51
7 27
2 70
3 36
6 63
5 24
9 36
1 100
7 30
10 66
10 93
1 5
10 69
4 25
10 69
2 79
9 6
2 49
9 18
7 30
9 22
1 81
10 61
9 36
10 86
8 42
8 69
2 34
10 71
9 95
1 37
2 28
2 8
8 43
5 23
9 59
1 4
6 56
7 88
5 21
6 66
3 100
3 52
10 16
9 95
3 96
8 64
9 32
4 8
6 6
8 88
5 88
9 50
10 45
7 13
2 93
9 91
7 33
10 26
5 16
3 68
6 33
4 8
3 34
1 58
8 18
7 19
8 67
8 67
2 15
6 56
3 22
5 100
4 85
8 74
1 93
5 62
7 85
6 23
6 62
7 35
1 59
6 78
9 30
10 11
8 47
9 25
8 34
4 97
8 3
8 66
5 42
7 54
7 5
5 51
6 80
1 38
2 40
6 99
8 100
3 83
2 100
2 8
1 35
2 75
1 76
3 8
1 33
8 39
10 57
1 46
2 37
7 32
1 58
7 100
5 81
8 47
4 95
6 8
9 12
5 14
9 80
2 13
3 62
10 29
10 5
4 93
8 16
4 16
6 41
1 42
7 29
10 1
4 68
3 51
6 9
6 100
3 10
4 78
6 83
6 37
4 20
9 32
4 76
2 42
6 72
3 98
4 93
7 88
10 87
6 71
4 15
3 24
3 35
2 21
3 42
8 91
3 87
6 15
7 47
2 3
2 24
1 58
5 43
5 1
5 87
6 50
6 44
3 91
10 19
8 99
2 25
6 5
9 5
1 70
3 52
4 18
10 40
1 59
3 73
4 66
4 81
4 14
7 98
8 15
7 77
7 12
9 42
6 22
9 27
3 93
2 8
9 44
3 49
4 40
3 26
7 95
2 32
5 76
5 64
5 23
10 54
3 47
5 88
2 35
4 61
10 99
1 33
8 84
9 83
3 67
6 50
4 90
3 41
10 60
4 34
10 100
3 70
1 74
4 63
5 30
8 63
1 66
5 40
3 15
9 90
4 43
5 81
2 30
7 12
6 50
9 36
7 89
1 40
3 96
7 67
3 83
2 68
2 16
5 46
5 15
10 41
5 87
1 12
5 72
10 80
6 86
8 6
8 71
3 37
8 84
8 89
7 40
8 28
4 51
10 42
3 23
2 76
1 53
5 69
6 2
1 2
5 16
4 52
1 73
2 5
2 8
7 47
6 44
2 65
1 65
6 60
9 76
6 17
6 43
6 42
3 84
5 30
7 64
2 35
8 39
2 11
9 34
7 99
2 60
8 61
6 87
5 28
1 88
8 42
2 91
6 18
8 36
9 36
9 2
7 94
7 86
3 68
6 95
3 60
5 10
4 25
2 73
9 75
1 71
2 28
8 27
8 53
5 65
8 67
7 21
6 53
8 17
6 76
6 16
1 98
5 62
2 8
6 79
10 91
1 20
9 46
4 12
4 31
2 76
10 63
6 27
6 20
7 21
6 50
8 99
7 29
6 67
9 63
3 57
1 18
8 11
4 77
9 50
10 76
9 91
9 94
4 14
10 51
2 41
5 67
1 33
6 46
4 61
3 26
4 11
8 46
9 13
9 29
3 25
1 21
6 42
1 18
6 35
7 10
9 57
7 26
1 58
6 43
1 12
5 40
6 37
1 9
4 41
9 81
3 29
6 76
9 64
1 99
8 98
2 26
1 14
2 57
6 5
8 70
9 26
4 2
5 63
3 71
2 56
7 22
1 82
7 99
4 37
2 7
5 28
7 94
2 92
4 69
9 24
6 42
6 96
6 88
3 24
3 98
5 81
5 68
2 15
2 73
3 53
5 68
5 91
1 9
3 69
5 25
9 10
2 67
6 32
4 69
1 58
1 59
2 60
4 74
5 54
10 30
4 42
8 98
7 23
6 93
4 63
2 71
5 58
3 49
5 57
7 46
5 55
7 35
7 18
10 29
9 1
7 30
1 17
3 51
8 66
8 38
10 74
3 64
5 61
7 32
2 48
1 71
1 96
3 100
5 30
3 37
9 58
3 46
7 92
8 80
3 55
2 46
3 17
3 15
10 4
3 41
7 36
4 55
8 97
2 88
6 40
3 85
10 71
1 92
2 58
7 68
3 78
5 98
1 72
5 90
8 21
2 51
5 13
9 39
6 82
5 6
2 17
4 10
1 9
8 22
5 36
8 85
5 22
5 67
10 55
1 18
10 77
10 57
6 88
7 22
2 19
8 3
9 45
4 76
3 48
10 55
5 77
8 96
8 97
4 88
4 72
2 98
2 56
5 89
7 97
6 90
7 80
6 13
1 82
10 66
9 60
7 75
10 54
3 61
6 1
7 97
4 20
5 88
3 58
3 38
6 70
10 44
4 69
7 26
6 39
9 93
4 1
4 26
5 53
2 83
4 51
2 22
3 1
10 17
8 23
7 17
7 53
10 15
1 70
5 76
4 53
2 9
5 95
7 8
1 37
8 31
2 71
9 87
2 18
7 80
6 3
5 12
2 82
1 37
6 66
1 49
7 38
7 41
4 77
8 74
8 19
9 84
7 33
7 20
6 76
5 90
10 57
6 25
7 56
10 19
10 23
5 60
7 74
2 22
10 81
3 35
8 70
8 40
10 9
5 74
1 30
3 31
5 11
5 58
2 27
9 89
8 3
4 57
10 31
1 56
3 82
2 62
5 71
9 41
5 75
7 52
1 81
5 94
4 23
9 73
5 80
4 78
5 36
8 100
6 88
9 66
8 87
6 49
7 48
10 75
1 31
5 46
2 19
5 44
6 67
3 21
8 78
4 71
2 68
5 46
5 10
5 85
9 33
10 67
10 12
1 35
6 25
10 32
2 11
10 53
10 81
8 78
7 2
2 47
3 80
2 69
7 51
10 84
7 73
1 25
4 80
4 53
2 20
8 26
3 51
5 52
5 30
10 97
6 59
3 55
2 20
1 95
1 3
1 80
3 77
4 93
1 47
7 53
6 98
9 44
4 31
1 26
2 70
7 32
5 21
1 3
8 12
1 67
9 9
6 37
10 22
3 61
1 82
9 14
7 37
2 31
9 39
6 15
1 97
2 69
8 45
4 55
6 32
5 61
10 85
9 51
5 100
8 15
5 40
5 60
8 78
2 25
5 84
6 2
7 91
10 31
9 74
1 70
7 100
9 5
3 16
6 77
5 55
6 5
3 49
2 21
10 22
3 68
3 34
8 64
2 76
9 78
5 9
2 68
1 47
1 80
2 37
10 36
1 34
9 70
10 42
4 43
6 99
1 43
9 83
1 61
5 60
9 54
4 77
10 39
3 51
1 80
10 48
2 11
6 43
1 23
8 78
7 43
7 38
9 78
3 41
5 84
2 14
10 23
1 2
6 97
10 42
4 19
2 74
5 35
1 93
3 18
2 70
3 56
8 7
3 70
1 48
4 42
8 32
1 78
7 85
6 71
9 70
7 76
4 98
9 56
5 99
7 49
4 73
5 23
6 90
2 53
10 47
2 15
6 48
9 61
8 29
9 60
2 61
2 27
4 37
4 50
7 39
7 66
4 59
8 84
10 30
10 85
9 6
7 82
5 20
4 70
5 87
9 89
3 64
3 64
6 2
8 60
7 3
4 31
8 29
9 86
5 45
1 40
3 94
7 24
1 66
4 88
3 42
3 30
9 3
5 51
4 94
9 34
6 56
1 47
2 22
5 74
1 70
10 12
7 26
7 5
10 87
2 31
8 2
9 6
3 66
6 85
5 23
7 42
10 30
5 54
5 67
6 88
3 80
6 64
5 95
4 72
3 75
7 3
10 52
6 86
2 33
6 53
8 48
1 26
4 41
9 76
9 67
2 23
1 20
9 60
9 76
5 34
9 58
9 25
3 51
5 46
5 72
2 22
5 98
5 99
8 49
2 14
10 94
7 32
1 27
3 85
9 85
4 14
