2 81
10 2
7 88
3 24
7 93
3 12
10 7
5 82
1 74
7 97
4 34
2 88
6 78
7 43
10 53
2 58
3 68
3 77
5 48
7 96
6 61
6 78
10 8
3 46
3 30
6 65
3 67
4 47
9 31
6 92
10 63
4 15
2 19
5 11
1 39
3 50
3 64
9 40
4 83
9 16
5 9
1 66
7 30
9 37
4 68
10 60
5 83
8 8
3 99
9 12
3 66
8 86
3 32
3 18
10 77
6 81
7 71
6 48
8 49
5 43
2 5
2 25
10 93
6 86
7 8
8 57
9 64
6 79
4 47
10 4
10 36
6 65
1 12
8 40
4 75
8 73
10 13
10 77
3 70
10 25
3 74
8 64
3 65
2 14
5 91
2 35
6 16
3 52
9 40
1 44
5 21
3 46
9 70
9 7
5 21
9 92
2 9
7 47
7 18
5 71
2 81
4 1
1 11
5 1
10 83
9 18
5 17
9 3
8 75
7 23
1 82
2 56
6 41
2 93
9 38
3 37
3 57
8 96
10 20
4 45
2 97
9 97
3 59
6 60
2 43
6 1
7 78
7 65
6 77
9 61
9 94
6 33
3 55
10 43
7 8
10 36
1 93
4 97
2 18
7 80
8 8
5 34
4 37
2 91
2 43
10 30
6 57
7 71
6 75
5 58
7 73
6 45
10 81
2 66
2 46
9 92
1 60
2 72
4 13
4 77
3 89
5 37
10 15
7 50
8 13
2 97
4 55
9 69
10 23
3 28
8 40
10 68
1 36
8 77
4 36
8 51
8 37
6 39
6 9
2 59
2 45
3 28
10 89
3 59
9 44
2 64
5 67
8 55
5 41
9 88
8 46
4 6
4 33
5 61
6 75
7 14
7 74
6 12
5 79
2 44
4 21
4 72
3 27
4 22
2 85
5 81
9 10
9 86
4 2
2 97
2 59
4 86
5 78
4 31
3 78
3 52
5 24
6 42
9 89
1 85
5 45
9 28
9 92
2 31
7 52
5 81
1 59
9 84
8 19
4 87
5 61
1 74
8 18
3 89
1 60
9 31
2 85
2 90
4 29
1 92
10 75
6 80
9 7
6 12
1 11
7 55
7 64
9 4
6 95
2 57
7 33
6 1
6 12
10 21
2 16
3 6
5 11
5 79
8 2
9 45
2 36
2 87
10 36
3 27
10 51
1 99
9 15
9 70
7 80
9 11
9 70
2 25
5 44
10 20
6 20
2 68
3 79
6 95
5 80
5 74
9 81
10 81
2 27
7 52
8 96
2 27
5 70
4 24
4 69
2 100
6 90
5 88
1 20
5 16
2 9
6 11
8 3
3 13
6 96
7 72
2 51
3 93
4 48
5 48
1 100
1 68
9 75
8 11
2 11
5 64
10 66
7 79
4 20
2 89
6 6
7 5
2 23
1 37
4 61
9 93
2 24
9 63
5 88
5 90
7 52
1 65
9 36
2 97
2 15
9 75
6 62
1 49
7 98
6 3
8 76
8 78
10 64
7 29
4 59
9 44
4 75
4 70
3 70
6 34
3 1
8 94
10 35
4 17
4 57
10 96
4 34
9 4
1 97
8 54
6 27
8 79
6 79
5 63
8 72
7 78
10 43
10 98
7 90
7 36
8 96
4 30
7 6
7 94
3 60
4 94
3 42
3 52
3 42
9 96
8 83
5 48
10 19
9 24
7 42
1 96
7 35
1 71
3 60
4 29
5 63
7 10
2 92
5 82
2 59
1 1
4 66
10 61
6 86
5 94
3 31
10 2
2 46
3 82
10 57
4 13
5 59
5 52
10 45
10 42
8 17
1 55
4 25
8 1
10 68
7 10
5 54
8 45
1 49
4 47
1 33
9 30
3 12
5 98
1 42
4 12
2 61
9 57
5 41
1 15
9 85
10 83
1 86
5 59
1 12
5 66
6 6
7 35
6 98
4 47
2 43
2 52
3 75
8 50
8 38
6 8
1 77
8 49
1 19
8 5
10 7
10 76
9 38
4 77
3 40
10 63
5 30
5 49
2 4
1 84
5 62
8 72
7 63
3 88
2 98
3 42
3 93
7 71
2 17
1 75
7 24
5 66
1 58
9 72
2 62
10 42
8 100
6 22
5 37
3 20
8 63
8 67
8 52
3 85
10 30
8 66
7 9
6 88
6 84
3 52
10 18
7 77
9 93
4 99
4 2
3 94
8 97
1 56
4 26
7 53
10 17
6 46
3 54
4 70
7 38
2 26
5 59
8 47
9 3
8 31
6 49
10 20
1 24
9 48
5 32
9 19
4 71
8 87
10 41
7 19
8 56
6 6
5 51
8 78
9 86
7 41
7 15
8 44
3 16
4 21
6 98
9 55
6 7
6 68
4 44
9 6
9 21
7 63
7 13
10 21
4 36
5 18
10 37
3 1
4 50
7 72
6 9
4 61
10 85
5 5
8 56
10 41
8 85
10 18
1 32
6 67
5 12
1 57
8 37
4 23
2 70
6 100
6 75
6 22
2 46
7 8
5 9
9 68
1 88
2 71
10 66
10 82
4 83
2 44
8 60
10 78
10 55
3 15
9 41
9 48
3 65
5 39
7 55
9 89
4 67
7 85
8 25
5 94
3 87
4 36
7 82
9 51
5 37
2 17
2 74
9 33
8 3
4 87
1 86
2 25
3 62
6 41
4 18
10 33
4 36
8 92
6 63
3 8
2 81
4 24
4 68
4 32
7 15
4 47
5 22
6 93
8 44
10 11
6 74
3 93
6 12
4 14
6 50
4 19
8 62
5 58
2 74
8 5
3 54
5 80
5 23
4 68
3 21
3 2
9 35
8 88
10 70
5 63
1 53
9 55
5 96
7 35
5 35
7 48
5 75
10 62
2 84
5 10
2 42
1 63
9 46
9 88
8 83
3 59
3 67
5 20
5 76
4 69
9 69
7 86
3 66
2 4
9 59
10 99
5 34
5 66
7 71
1 36
9 81
6 41
7 27
2 46
2 21
5 62
1 82
8 21
6 80
3 47
3 38
8 55
6 93
8 98
8 85
1 92
9 4
10 18
1 11
8 53
7 12
3 26
7 47
2 87
2 72
8 43
7 91
4 18
10 48
8 32
1 66
3 89
2 79
8 25
10 29
3 74
4 48
5 86
4 1
7 47
3 23
3 71
2 36
4 97
9 46
10 4
5 89
7 29
10 22
8 75
10 82
6 83
10 46
9 10
4 18
8 65
9 71
9 52
1 38
6 35
2 92
10 13
9 41
10 10
2 6
2 16
8 94
8 66
3 4
7 74
4 99
5 73
8 31
9 82
9 37
7 20
2 65
6 96
10 32
6 46
6 14
2 76
8 49
3 74
8 53
2 53
9 23
4 16
10 85
1 72
1 29
2 12
9 94
10 9
10 16
9 55
5 6
1 70
9 43
10 67
7 34
3 52
2 84
6 16
3 13
5 55
8 14
2 47
4 62
10 83
9 70
7 41
7 3
2 2
8 96
7 9
2 14
5 95
9 85
5 27
9 27
4 51
7 32
8 77
4 9
2 55
8 83
2 62
4 64
8 66
8 36
4 33
9 2
4 81
6 6
7 12
8 52
3 47
10 91
9 23
1 68
8 96
1 93
4 75
3 62
3 84
2 95
2 17
6 92
4 87
4 38
10 7
10 40
10 32
2 74
9 27
1 58
4 35
10 97
5 69
4 4
1 25
1 4
3 83
7 35
2 68
10 2
6 48
7 22
8 57
1 67
6 59
8 51
8 72
6 46
3 78
10 55
9 40
6 25
10 6
4 76
5 38
5 63
3 63
9 38
2 47
4 56
9 70
10 92
1 43
5 74
6 84
3 2
2 14
6 24
2 26
5 50
9 18
8 79
2 49
4 17
10 74
5 23
5 100
3 53
5 11
10 12
8 98
7 73
5 15
6 74
4 11
8 74
8 91
9 27
7 52
2 70
6 94
9 30
10 49
5 40
7 21
6 15
9 77
6 53
4 86
1 67
3 37
7 43
3 7
8 79
4 42
4 41
7 54
1 82
4 86
4 84
2 80
8 57
4 71
7 45
9 52
8 80
8 21
10 81
5 91
8 11
10 82
2 83
4 95
2 99
8 61
6 10
10 45
1 16
5 17
8 73
3 53
7 67
8 2
3 13
6 22
8 31
7 44
7 11
3 32
5 85
4 44
10 84
5 48
6 38
4 100
6 2
4 96
7 9
4 87
2 54
9 41
1 19
5 32
4 14
1 39
7 64
6 18
3 9
2 49
2 25
6 99
2 32
1 54
10 77
3 74
8 93
5 4
7 46
1 75
7 71
5 41
1 80
3 83
7 98
6 19
10 22
2 42
4 9
1 99
9 65
7 71
7 49
4 87
3 14
2 47
5 30
3 33
2 100
6 67
9 62
9 26
3 25
10 53
5 72
4 58
10 68
1 96
6 2
10 61
6 98
2 10
7 12
5 93
1 18
5 59
5 10
6 40
10 22
2 24
4 54
9 44
