2 74
6 49
4 85
3 28
8 2
4 35
3 51
10 75
1 65
4 41
3 19
4 38
5 89
9 41
9 37
3 3
4 97
4 2
3 3
8 7
8 51
2 71
8 79
6 9
2 17
5 74
3 41
9 42
5 30
2 51
3 56
6 12
6 52
8 48
1 11
2 33
7 76
10 80
9 26
4 91
2 30
2 27
7 51
3 99
1 84
2 33
4 59
10 12
3 40
8 8
8 57
7 39
10 37
2 96
2 70
8 46
3 48
6 2
3 21
7 18
7 16
5 64
5 78
1 99
2 60
8 72
2 87
8 36
5 50
4 70
4 86
3 81
10 67
2 21
1 2
4 63
6 63
7 82
4 86
3 24
2 87
10 6
1 39
6 65
10 30
9 6
4 63
10 25
7 91
2 39
5 26
10 53
10 91
4 97
6 74
8 16
4 53
2 37
9 57
1 22
4 11
9 85
6 83
5 38
7 76
8 12
2 10
3 5
9 13
8 96
10 3
10 66
10 5
5 97
10 16
6 46
4 67
7 45
5 21
6 63
9 37
9 20
8 17
10 59
6 5
7 83
10 84
6 87
5 69
9 46
10 24
6 22
3 32
10 44
9 90
2 25
2 36
5 83
2 67
6 66
4 86
3 6
5 74
9 47
5 31
8 80
6 46
1 33
7 8
5 28
4 5
4 92
3 99
6 45
2 25
1 47
2 18
9 97
1 96
5 34
3 21
2 48
4 9
7 9
3 72
3 47
2 11
10 3
1 47
7 99
4 38
5 25
1 28
8 77
10 30
8 95
5 29
4 37
1 41
1 4
7 76
1 64
4 59
3 59
1 72
1 12
1 67
7 62
6 23
7 16
6 44
7 31
2 64
9 10
5 23
2 2
6 44
9 3
8 57
6 60
2 74
6 19
5 47
8 68
2 45
5 100
3 12
1 45
4 50
3 85
9 2
2 57
2 8
9 61
5 74
3 37
5 73
10 2
9 7
7 99
6 88
3 12
1 47
5 94
5 55
3 45
7 91
1 50
2 48
6 44
9 97
3 99
2 13
8 77
2 14
6 88
5 13
5 16
2 71
7 70
10 15
9 43
3 89
6 56
3 63
7 74
4 63
4 50
9 22
6 38
4 80
3 19
1 40
10 52
6 35
7 56
9 50
3 53
5 1
8 57
8 7
4 70
4 43
2 49
7 64
4 2
7 82
9 16
1 25
6 41
9 40
2 69
4 3
10 1
9 98
8 10
6 46
3 36
4 37
7 57
4 58
7 98
9 99
9 38
5 60
3 1
7 53
5 45
6 88
4 37
1 8
2 87
6 30
4 96
2 78
1 77
10 22
6 25
8 27
6 58
4 21
6 62
10 67
10 88
6 55
10 59
5 40
8 43
9 45
10 78
1 5
10 10
7 54
9 43
2 43
10 51
4 80
3 3
6 16
2 13
6 66
8 14
3 61
1 71
8 20
6 79
7 31
5 80
10 24
8 36
5 99
5 51
2 13
5 40
1 95
1 80
10 39
2 86
3 99
8 86
4 76
2 93
4 35
9 7
5 50
10 8
1 77
4 23
1 39
8 69
2 98
5 47
9 91
5 48
7 75
8 81
6 11
6 30
2 9
4 14
10 5
7 56
6 64
10 18
4 84
4 78
7 37
4 96
9 74
6 70
3 1
3 84
3 46
1 77
2 66
2 18
6 89
4 62
7 85
1 22
6 26
5 16
7 96
2 87
10 36
7 98
1 32
3 67
7 100
3 10
8 57
10 58
10 86
6 24
3 70
7 52
2 91
1 54
9 28
1 82
5 81
6 99
1 72
4 13
3 27
4 53
3 3
1 24
5 88
1 9
2 63
3 35
7 5
1 35
9 53
10 47
4 13
6 65
6 33
7 98
3 70
10 31
10 75
2 37
8 55
1 37
5 18
6 48
4 45
6 57
2 61
4 30
2 24
3 48
2 44
3 56
2 92
3 66
9 6
1 16
10 42
2 32
8 58
8 35
2 19
1 72
3 50
10 57
7 9
10 76
4 73
7 33
10 83
5 76
4 34
2 39
10 63
5 19
10 44
10 64
4 79
4 98
2 80
4 58
7 82
3 82
5 46
10 2
4 61
4 64
1 94
8 63
5 65
2 76
7 58
1 6
9 61
2 44
1 94
6 65
5 77
8 100
9 70
10 86
5 80
8 62
10 75
2 19
8 91
9 85
2 68
7 69
8 60
4 23
6 32
3 39
7 80
8 16
9 18
1 86
6 14
7 10
5 80
2 68
1 22
9 1
1 96
4 3
2 94
3 6
7 47
7 8
7 5
10 53
10 8
9 14
6 60
3 40
6 10
1 54
9 26
9 84
2 9
5 82
1 86
10 49
8 94
1 100
2 17
4 91
6 92
7 73
10 10
8 9
3 43
7 80
10 4
2 98
7 12
5 47
2 39
8 56
9 74
4 30
9 76
4 46
3 97
2 64
1 92
5 51
2 34
5 4
3 94
9 39
10 95
6 9
7 3
6 43
1 94
6 27
3 34
3 11
5 23
1 23
6 82
2 32
6 72
8 75
4 24
8 75
7 94
3 97
9 84
3 6
7 10
2 79
9 63
1 64
8 38
5 85
6 79
9 79
6 52
8 52
4 60
9 55
10 64
3 87
2 95
10 98
3 51
10 93
9 71
9 43
8 92
10 91
2 25
5 68
8 39
5 73
8 65
6 38
5 45
10 34
7 36
1 21
2 33
2 54
9 18
7 87
9 10
10 1
9 91
5 28
1 72
4 38
5 99
7 52
8 50
6 3
3 35
7 29
9 94
9 81
8 47
9 32
4 70
3 26
9 60
9 33
4 51
4 13
1 21
7 45
7 70
10 61
5 60
6 21
2 48
6 79
2 84
2 90
8 11
8 43
10 97
5 21
5 5
7 76
4 57
8 37
1 45
7 18
10 23
2 69
10 67
2 96
3 47
10 73
7 50
10 44
7 15
8 82
3 49
2 43
1 93
3 29
2 8
7 100
5 8
2 86
7 86
4 72
2 69
10 50
4 14
6 52
2 84
2 50
2 79
3 8
5 46
4 11
5 78
2 11
7 26
9 54
7 69
9 6
1 83
9 55
9 19
4 48
6 97
5 48
2 44
3 17
5 69
7 73
6 92
1 65
3 75
3 27
6 68
10 39
5 75
9 14
1 42
6 36
6 62
4 28
7 68
9 46
2 52
1 22
8 89
9 20
2 1
8 24
4 37
8 26
5 2
4 98
6 75
3 27
8 51
6 43
5 86
7 5
8 48
2 98
9 14
9 48
3 17
9 89
7 29
5 24
4 4
8 75
5 96
6 90
3 48
7 83
4 34
9 16
5 28
1 41
2 37
7 62
3 92
4 2
3 58
6 1
6 65
6 33
6 79
10 12
1 68
5 54
6 16
10 15
6 90
9 67
2 49
9 66
10 68
1 75
2 99
4 28
1 52
1 77
1 44
1 39
1 61
9 87
3 17
1 51
6 37
9 93
9 56
2 64
7 82
7 12
6 89
9 94
4 91
5 17
8 94
9 84
10 9
9 70
7 77
8 44
2 69
10 57
9 54
9 55
4 86
5 30
9 63
5 35
10 97
8 59
3 89
9 30
1 22
10 55
10 23
10 74
8 77
9 9
10 71
3 84
2 28
3 84
5 26
5 55
10 61
8 70
2 50
8 7
9 34
4 18
10 31
2 8
9 35
10 32
4 64
4 58
9 100
3 49
6 12
6 49
9 72
6 86
3 80
10 96
5 74
5 20
5 21
4 67
8 89
9 82
3 96
6 86
10 77
4 39
8 60
7 81
9 27
7 27
2 72
3 24
10 59
4 55
4 86
2 70
10 56
4 79
3 16
10 40
1 77
4 26
2 72
8 1
8 20
5 22
9 97
6 77
4 59
4 53
5 62
9 75
7 64
1 40
7 23
5 32
2 22
5 84
6 24
5 15
5 92
4 5
8 23
2 56
6 15
9 73
5 68
10 4
3 57
6 23
4 74
9 97
10 2
4 38
9 88
5 11
7 91
1 26
1 99
3 4
2 10
5 51
6 8
7 1
9 23
7 78
6 80
4 20
6 55
6 17
4 17
10 27
7 5
1 72
1 88
6 71
7 18
7 27
7 87
3 87
4 22
3 36
6 13
7 4
9 2
9 68
5 79
7 69
5 34
8 11
10 19
2 50
7 62
1 42
4 16
9 34
1 50
8 13
9 14
9 22
10 87
1 31
7 28
5 33
4 9
6 91
5 63
7 8
1 9
3 62
5 55
3 97
7 71
10 13
3 38
2 38
10 70
1 74
9 90
10 21
4 56
5 60
2 96
9 86
7 9
6 1
10 97
9 70
8 92
4 85
5 10
1 31
6 87
7 73
3 81
7 11
1 14
2 10
4 99
3 32
8 44
3 10
8 25
6 78
2 35
8 23
7 37
9 59
8 10
10 25
5 76
8 23
6 38
8 62
9 55
6 61
2 92
2 73
8 20
9 16
