6 3
5 2
3 52
6 72
8 57
3 95
9 51
5 73
6 68
6 37
3 66
7 43
7 69
1 47
10 100
5 71
7 23
8 85
6 20
10 46
2 55
2 29
7 89
3 32
10 25
10 49
9 11
7 76
1 83
9 65
6 69
6 90
1 79
9 48
7 54
9 99
3 3
7 79
1 66
1 29
7 26
10 15
9 9
1 25
7 25
1 85
10 48
4 62
8 81
3 85
2 56
6 69
7 1
4 33
5 36
6 28
2 41
3 77
6 20
7 77
3 56
9 75
6 82
2 26
1 63
10 6
9 98
6 49
9 73
10 80
3 51
2 83
8 72
9 41
2 52
9 77
3 66
3 3
10 86
4 39
7 70
4 2
2 99
2 14
7 66
8 95
1 5
9 11
10 33
10 66
8 14
9 49
2 24
6 69
2 48
10 49
3 27
7 41
5 71
7 25
3 94
2 34
9 17
10 79
1 21
7 80
1 34
1 96
5 58
10 26
4 5
3 64
5 68
10 51
2 66
5 46
10 55
2 37
2 60
4 45
10 60
8 7
9 63
2 83
3 72
7 13
8 88
10 43
4 98
6 56
7 49
8 84
4 51
5 92
5 96
7 30
10 94
9 16
4 21
2 98
1 46
10 13
4 30
1 42
10 45
7 73
10 88
4 84
4 100
6 59
4 45
7 62
6 23
4 21
10 93
4 92
10 76
10 32
7 42
5 75
9 56
7 52
1 14
6 22
3 31
7 39
10 73
8 44
7 19
7 12
9 78
3 2
1 57
5 49
3 73
1 36
10 57
9 75
6 31
9 25
6 68
2 27
6 7
4 5
2 78
2 92
2 64
9 16
8 35
5 37
9 18
3 33
7 99
7 1
3 68
8 2
7 19
7 98
2 56
5 60
8 19
3 25
4 68
5 89
9 56
1 58
1 49
8 40
6 73
9 26
10 16
9 53
6 92
1 22
3 86
6 7
6 24
5 59
7 73
6 74
5 22
3 18
10 39
10 91
10 61
3 78
5 75
6 77
10 95
5 23
1 29
1 43
4 95
1 66
2 32
10 59
10 23
6 67
10 15
6 19
4 41
7 34
2 66
5 31
8 60
9 51
6 8
9 55
1 89
10 27
4 56
5 51
5 32
1 39
7 57
9 67
3 6
7 16
8 4
8 18
7 62
3 23
5 39
5 37
5 39
3 8
5 82
6 23
10 85
10 97
2 14
8 52
6 57
7 66
3 58
5 32
10 11
6 64
10 3
3 34
10 15
7 31
10 8
10 63
6 2
9 14
9 82
10 57
6 80
7 3
8 47
9 31
9 77
2 93
10 43
2 1
5 34
6 71
3 37
7 34
9 67
6 56
1 36
10 56
2 40
3 43
10 88
8 67
2 6
1 2
5 75
9 39
8 92
3 16
2 10
2 81
6 84
2 64
6 76
3 35
6 61
9 66
3 24
1 5
4 52
10 7
3 52
8 24
3 1
8 90
3 6
1 99
10 100
9 87
8 34
8 42
9 26
1 40
3 3
9 29
2 4
6 36
6 93
3 76
9 84
1 42
3 34
6 10
2 45
9 84
9 91
3 94
1 49
6 98
8 94
10 3
7 46
1 9
4 11
3 38
7 19
1 94
4 48
9 40
1 98
10 59
8 59
2 23
1 33
6 58
1 44
9 6
9 42
9 35
4 85
1 98
10 89
10 24
1 91
4 97
6 66
10 16
7 5
4 29
1 45
7 62
3 25
4 87
5 4
3 9
10 24
3 14
1 49
5 35
8 68
9 74
10 90
7 27
9 13
3 47
4 71
10 45
2 38
3 37
1 96
8 83
1 99
3 92
1 72
6 15
1 2
5 83
10 15
6 33
8 27
10 62
6 1
6 39
10 79
2 78
4 73
4 29
5 94
2 97
9 31
7 96
7 14
7 60
9 27
5 48
2 93
10 14
4 76
3 41
2 30
9 63
2 93
5 19
10 34
3 84
1 24
7 35
8 35
8 76
2 19
8 10
4 56
9 82
6 32
5 65
9 62
8 15
4 14
4 73
1 82
3 70
1 76
1 2
9 93
2 96
8 75
5 26
2 78
10 7
1 53
8 29
7 100
6 8
7 82
1 40
4 18
6 3
8 7
7 3
2 41
1 95
5 62
9 60
7 18
3 4
4 99
3 55
3 26
4 35
6 43
2 14
10 27
10 74
8 97
1 93
9 94
2 90
2 58
5 32
5 53
4 66
4 82
1 57
2 11
3 39
2 82
10 49
3 69
6 4
3 34
6 64
4 69
3 9
3 86
7 43
1 38
8 89
8 34
10 2
10 56
3 57
6 11
5 76
8 18
7 49
1 66
8 60
10 77
1 35
5 82
4 3
1 53
6 53
9 87
6 55
10 60
10 41
9 75
8 95
7 37
5 72
1 56
6 85
3 30
1 97
6 61
10 18
9 71
9 21
10 96
10 90
6 92
4 87
4 39
6 50
2 95
6 62
9 78
10 52
2 77
3 59
1 84
7 63
9 79
5 98
9 67
9 88
8 43
10 42
10 22
4 46
5 50
2 54
3 46
4 11
10 29
10 81
1 64
10 38
7 30
10 3
10 34
1 14
1 81
7 74
5 51
7 97
10 54
1 90
6 33
3 84
1 59
2 70
7 3
4 51
1 67
4 89
6 90
2 55
1 87
2 65
4 94
10 49
1 85
5 92
9 76
8 86
9 18
4 98
6 14
3 70
1 3
5 8
3 16
2 63
9 89
6 53
5 94
5 45
2 58
3 68
9 21
9 65
2 2
2 75
1 85
5 88
5 17
7 47
7 2
4 98
1 89
5 27
3 57
8 77
1 78
8 39
7 17
4 73
10 36
3 63
9 40
9 64
1 1
5 7
9 1
1 20
3 21
5 10
8 1
2 65
6 71
7 45
10 28
6 30
9 83
6 14
1 39
7 97
4 88
5 28
1 37
9 42
1 69
2 19
5 71
7 18
10 25
10 62
9 98
3 73
3 96
3 62
8 85
3 1
7 53
4 37
4 58
6 70
7 7
3 2
8 32
7 38
2 58
9 9
7 51
2 49
2 30
1 49
9 68
10 15
10 68
9 91
3 7
3 74
3 42
7 30
5 10
2 99
10 13
4 75
1 30
9 98
10 5
4 87
5 47
7 84
6 30
2 54
1 66
5 73
10 47
3 64
7 6
10 68
5 75
8 15
7 73
6 28
5 82
6 10
5 93
4 46
7 31
7 65
1 90
9 11
4 36
3 91
6 36
5 45
3 54
2 75
9 82
4 23
1 17
10 24
8 11
1 19
8 9
3 85
6 42
8 100
6 77
1 81
10 19
2 10
2 2
9 88
6 15
7 99
5 64
1 77
8 18
6 25
9 30
9 90
1 87
3 1
10 97
1 44
4 33
5 79
9 90
7 5
10 42
4 41
3 81
6 35
6 8
4 18
5 78
6 95
5 30
4 72
8 32
5 84
5 13
6 17
8 66
6 28
4 68
2 43
2 84
5 47
3 18
10 57
6 40
4 17
1 49
2 7
5 27
5 47
4 66
7 58
8 39
4 98
1 57
3 27
8 16
6 88
6 80
10 67
2 20
7 24
8 49
9 33
1 45
10 94
6 2
3 40
7 80
7 30
5 82
1 4
8 69
9 32
7 38
2 14
3 59
6 19
7 42
7 54
9 66
4 60
1 43
9 46
1 41
7 37
9 28
4 78
10 44
8 64
1 68
7 99
9 4
8 19
3 56
4 10
2 31
6 43
8 26
9 48
8 7
1 75
3 26
3 89
2 40
7 60
4 53
10 87
6 96
1 60
9 7
1 74
10 60
1 4
3 35
8 74
10 25
1 8
4 71
5 98
2 29
3 51
7 91
3 85
8 26
3 49
5 18
3 56
1 99
5 95
7 6
8 61
5 28
6 63
7 87
6 3
2 36
4 38
5 96
8 13
9 86
4 43
4 51
4 22
5 7
5 95
10 75
7 95
9 19
5 84
3 29
8 10
2 89
3 44
3 10
9 83
1 89
2 74
4 8
4 42
8 37
1 29
7 58
4 86
5 7
6 89
5 71
5 30
6 98
7 95
2 83
7 3
4 50
1 1
8 31
10 62
2 59
3 32
4 3
3 61
1 63
10 68
2 75
8 75
6 14
2 44
7 88
9 58
8 70
2 13
4 46
7 70
7 28
5 5
6 82
7 24
6 55
7 50
7 18
4 89
2 70
6 6
1 26
1 94
8 44
8 9
5 70
9 4
5 37
1 20
3 26
3 55
10 20
3 90
6 93
3 20
4 44
2 91
8 31
9 53
4 60
1 58
2 12
8 37
4 13
7 65
2 9
9 91
3 21
10 33
2 86
5 41
10 63
1 8
3 76
6 46
3 83
5 64
2 66
5 98
7 13
10 23
2 57
7 94
2 26
6 71
7 38
9 39
6 20
5 100
8 12
1 81
6 73
2 59
2 77
2 38
5 96
5 15
8 52
9 46
3 16
5 71
