8 66
3 1
5 37
3 59
6 11
3 45
10 23
6 81
6 83
10 14
1 70
10 28
6 54
4 42
3 46
3 54
4 77
3 51
5 76
5 64
1 83
8 45
8 75
6 13
9 81
2 63
7 95
10 1
8 24
3 50
2 82
10 91
4 58
4 3
7 49
2 89
3 35
9 51
3 74
10 56
8 67
1 50
4 16
4 91
2 14
4 51
5 20
1 55
3 15
2 24
1 35
3 25
5 10
1 99
7 42
1 1
5 47
5 73
4 57
3 71
10 43
9 91
6 25
10 41
10 74
1 86
5 51
7 22
2 85
10 94
8 74
10 98
1 39
7 7
7 93
9 100
1 22
2 100
6 31
3 38
10 81
4 57
1 68
6 53
9 40
4 58
5 31
3 80
6 9
6 16
5 32
4 3
5 99
5 53
7 33
7 50
3 18
4 9
3 71
1 37
9 36
10 93
8 59
6 51
5 23
10 5
8 79
9 72
10 9
1 94
5 12
5 12
1 26
1 38
10 75
10 68
4 27
3 49
8 10
6 58
2 62
9 24
9 93
7 79
3 74
3 16
3 71
2 45
3 65
1 61
6 48
1 87
9 78
1 84
1 71
4 30
2 86
8 95
3 47
6 79
7 72
7 1
1 11
4 85
10 99
5 52
2 43
8 77
6 16
2 93
6 10
6 62
2 3
5 100
8 64
6 45
1 5
1 79
4 55
9 91
1 28
10 33
4 63
5 51
6 43
9 37
1 36
5 71
7 85
2 25
7 56
4 64
2 71
4 69
7 83
2 52
8 64
8 83
10 13
6 61
1 62
2 22
7 96
2 17
4 80
8 57
9 100
5 57
5 55
7 63
2 40
6 12
6 35
9 6
1 20
6 79
6 40
10 30
5 18
1 20
8 39
6 20
4 55
1 60
1 69
6 93
10 13
7 22
10 84
3 82
5 44
8 36
7 31
3 83
3 83
10 67
8 84
4 39
9 74
1 32
9 49
1 15
8 55
4 7
5 9
1 4
5 54
1 12
7 9
1 11
5 26
6 99
2 66
8 24
4 100
2 70
4 59
1 6
8 85
6 27
7 28
8 59
10 45
3 33
2 96
7 69
7 36
8 31
4 8
9 37
3 17
4 10
9 11
6 12
10 67
6 85
1 99
2 50
2 86
8 13
7 74
3 45
1 28
4 76
3 11
7 93
8 30
7 64
7 80
10 71
10 62
7 38
9 16
1 63
4 24
4 25
7 12
6 12
5 63
9 90
1 35
2 72
1 90
4 75
2 80
8 62
4 93
10 58
8 4
10 53
9 7
6 8
5 18
7 36
1 91
9 60
10 69
9 26
4 14
8 31
3 57
5 5
3 49
4 88
5 47
10 1
7 40
5 83
2 88
2 23
2 39
10 75
7 63
3 47
1 41
9 54
6 25
5 28
10 85
4 5
7 45
1 33
8 10
4 34
1 22
1 64
7 24
6 95
8 94
6 32
8 43
6 54
6 62
4 35
1 89
6 20
9 86
3 98
8 70
5 80
1 43
6 70
4 73
9 35
8 5
10 3
3 5
4 7
7 25
7 95
3 66
4 91
3 70
2 77
3 47
6 18
1 61
10 24
8 43
5 20
4 30
8 78
6 14
7 95
8 14
6 7
3 99
10 27
6 57
5 85
8 50
5 64
6 87
1 47
8 60
2 34
9 16
1 92
7 39
7 56
6 29
1 27
5 41
5 99
8 78
7 6
8 33
10 93
6 68
3 92
4 79
2 48
4 62
9 85
6 91
5 30
8 66
3 55
4 3
10 85
10 3
2 36
7 11
7 98
2 61
2 12
9 73
5 55
6 98
6 13
9 91
10 91
1 41
9 59
4 61
4 82
7 74
4 91
8 29
3 51
10 51
2 90
1 73
2 7
10 14
2 1
1 57
4 17
10 38
5 91
7 28
3 9
10 8
8 32
2 89
6 7
3 4
1 49
10 80
1 75
1 99
4 7
4 16
9 20
2 8
7 79
6 59
9 12
1 58
4 50
1 79
9 35
9 33
8 23
2 17
9 72
2 70
7 25
1 17
8 5
2 25
2 60
9 71
2 12
1 82
8 72
2 46
1 34
7 50
7 16
2 24
1 82
8 13
1 66
8 71
10 24
3 47
9 41
3 87
6 12
7 45
9 88
9 6
2 22
1 3
10 66
4 66
7 100
10 61
10 2
6 11
10 29
8 99
7 38
8 64
7 98
2 55
8 17
4 52
9 17
5 76
4 91
7 10
7 35
1 38
10 61
7 99
6 11
8 90
3 23
8 72
10 35
5 96
7 24
3 31
9 31
6 68
10 37
7 1
8 87
10 95
8 71
5 38
10 39
1 54
2 20
1 22
9 78
9 91
8 19
1 19
6 21
6 33
8 90
9 58
9 59
7 2
5 69
8 49
5 45
6 40
10 18
7 39
9 8
4 58
2 100
6 97
2 39
5 89
2 1
9 73
10 12
5 30
1 86
1 11
10 28
7 20
9 87
7 86
1 97
10 4
1 85
5 29
8 41
6 54
6 38
10 23
10 62
2 54
7 21
9 41
8 89
3 42
3 65
5 36
7 44
7 60
2 80
2 6
3 58
10 2
5 65
10 91
10 88
9 32
3 88
8 2
1 27
10 42
8 83
2 83
8 82
9 47
2 48
2 80
9 59
3 22
8 75
7 58
8 71
10 58
1 22
2 62
7 99
7 67
4 17
6 74
6 15
7 90
3 49
7 67
10 31
10 79
3 19
5 35
10 70
2 1
10 4
10 54
7 57
9 19
1 95
3 6
2 31
2 59
9 44
2 36
3 63
1 99
8 80
7 70
7 78
8 57
6 60
3 53
4 97
1 12
4 97
4 46
3 81
3 11
2 19
1 67
9 83
7 79
8 44
1 20
4 31
1 34
10 92
7 72
4 70
10 48
9 100
9 91
4 89
7 14
1 60
8 58
4 47
7 14
9 14
10 64
5 37
8 56
8 43
1 21
1 32
7 45
4 82
1 28
8 89
3 60
6 62
1 88
1 90
2 34
9 83
4 43
9 51
6 11
10 16
6 99
8 45
6 56
8 85
5 29
9 23
7 61
5 85
4 22
7 85
10 26
6 25
6 56
2 86
4 47
9 5
4 68
10 39
9 33
8 96
1 19
9 83
2 96
2 93
2 98
10 51
2 17
6 21
8 64
9 9
1 72
4 66
2 84
5 23
8 100
6 15
2 13
10 58
5 91
5 86
3 83
10 65
4 81
3 52
4 54
7 29
6 13
9 5
10 67
8 72
5 29
8 15
7 32
7 72
3 73
2 73
8 58
6 91
4 8
7 93
4 22
4 10
2 52
10 4
8 42
4 75
5 36
8 18
6 79
4 85
8 41
10 84
8 54
5 48
5 52
8 64
6 48
1 32
10 95
2 57
9 65
1 72
1 61
9 82
7 50
4 20
2 4
3 69
9 28
9 57
1 91
2 21
6 6
8 90
1 63
5 62
1 31
9 14
8 88
10 89
10 22
8 70
4 59
7 99
5 7
9 10
8 70
3 41
4 9
1 68
8 13
8 58
9 92
1 2
10 36
9 45
9 42
10 31
2 68
5 34
2 88
4 86
1 89
9 54
10 39
3 68
9 67
3 17
9 97
4 84
2 43
6 93
9 15
6 42
10 64
7 10
10 25
4 34
9 88
1 30
2 59
3 100
3 2
2 92
5 85
4 24
6 71
10 86
7 44
3 24
2 51
7 40
5 41
1 38
5 87
3 43
5 18
10 41
1 78
10 61
7 20
4 41
5 1
8 50
9 57
2 21
2 89
4 22
3 73
6 25
2 45
7 55
8 39
4 98
8 19
4 82
9 67
9 55
1 65
2 34
8 51
5 36
9 66
9 78
10 47
10 32
6 92
10 34
1 83
5 92
6 52
6 93
2 97
7 80
1 92
10 7
5 57
9 26
5 69
8 91
10 31
9 31
8 91
9 2
1 61
10 43
6 91
8 20
10 55
10 85
6 56
4 40
8 28
4 74
6 80
3 73
5 4
10 5
4 41
8 76
2 73
2 22
2 78
3 78
10 52
7 85
7 41
5 49
8 59
1 41
1 65
5 28
9 34
10 31
1 35
9 49
7 96
6 22
3 11
5 96
6 8
1 42
9 9
10 90
3 66
5 95
10 6
3 60
9 54
7 25
8 14
9 56
6 77
10 79
2 88
4 8
4 36
10 33
7 23
3 55
9 50
2 96
2 69
5 54
7 87
9 30
2 48
10 68
4 52
6 60
6 51
9 44
6 60
10 94
8 15
6 57
3 74
9 31
3 55
3 20
2 37
5 23
7 86
4 55
1 14
6 62
8 70
1 78
1 82
6 16
5 48
2 75
3 23
10 97
10 100
2 12
8 25
10 68
2 28
4 5
1 95
7 85
2 82
10 60
9 44
5 36
9 96
5 8
4 20
9 89
1 52
4 33
2 34
10 80
6 14
7 24
2 6
7 36
