4 13
2 90
6 88
10 82
3 65
3 85
7 48
8 6
1 40
4 87
1 77
2 78
5 28
10 92
6 87
8 44
3 42
3 94
8 46
8 42
8 66
2 5
4 68
2 59
5 34
4 70
3 77
10 46
6 99
10 74
5 89
2 88
8 60
5 5
10 10
3 92
2 16
10 65
7 24
7 30
3 54
7 62
10 91
9 6
4 86
4 29
3 93
8 16
4 15
7 51
10 66
9 7
5 69
3 5
10 65
8 56
2 33
9 75
4 26
4 58
10 68
10 71
7 4
2 100
3 51
1 77
2 54
4 28
8 39
1 38
6 43
7 68
5 6
10 86
7 31
7 5
9 67
3 83
7 77
3 18
2 16
3 85
8 77
5 63
4 87
9 22
8 97
4 7
1 43
10 86
5 5
5 76
10 70
9 37
6 80
4 4
7 18
1 1
2 75
3 59
2 29
3 23
8 23
1 33
7 7
8 10
9 77
6 91
4 92
8 2
6 2
7 67
9 41
3 20
2 37
3 1
4 17
6 4
1 17
1 46
9 46
7 8
6 49
6 89
3 39
3 20
2 51
9 70
5 100
4 66
3 86
9 13
6 15
6 97
5 89
9 29
6 55
3 60
2 48
8 75
2 9
6 49
6 21
2 14
10 13
8 55
3 82
9 86
5 63
9 70
3 44
6 35
8 83
10 76
4 23
3 41
5 91
4 27
1 67
6 47
9 54
2 56
3 98
9 85
10 93
6 59
7 92
4 71
4 15
4 93
9 52
8 78
1 6
5 64
5 42
7 16
5 24
10 11
5 45
1 94
6 68
9 5
8 80
9 82
4 21
2 52
5 59
1 63
6 100
9 95
6 88
3 6
9 67
6 42
6 84
9 12
2 22
5 50
2 53
9 36
1 50
5 72
5 59
10 79
5 22
5 20
8 57
4 64
6 84
1 40
2 86
2 100
2 45
1 100
9 14
8 57
8 66
7 65
1 52
5 68
8 3
10 96
1 99
5 60
9 45
5 17
6 32
10 97
4 99
9 38
5 95
8 8
10 17
1 39
7 23
10 48
9 29
4 13
9 29
7 32
8 74
7 49
9 45
4 9
1 14
7 40
10 65
6 74
1 43
7 82
1 35
5 43
5 7
7 85
10 24
10 28
3 49
9 96
7 33
5 62
4 23
5 22
4 84
2 94
5 28
1 11
4 93
9 14
1 77
4 79
8 2
8 26
5 85
5 83
1 49
3 24
10 70
10 17
5 10
1 93
3 79
10 28
6 95
8 85
8 66
9 31
9 11
3 83
8 2
3 37
6 68
5 100
3 99
3 39
9 13
10 7
6 14
10 43
10 4
5 40
7 92
9 69
5 57
1 2
10 47
5 21
4 34
7 34
8 46
6 82
6 13
1 23
5 63
6 75
2 10
7 14
7 9
8 37
2 79
8 45
5 66
9 21
5 16
9 46
5 27
3 41
9 85
7 98
3 76
7 92
10 5
4 52
3 98
8 100
2 42
7 9
8 81
3 88
2 86
3 67
8 97
2 92
10 61
2 48
8 59
8 94
9 5
4 17
7 99
2 52
9 28
7 38
1 13
3 35
6 62
5 10
2 14
2 75
2 18
3 16
8 13
6 93
5 87
8 90
9 96
9 83
4 61
2 63
4 10
7 28
3 26
9 98
9 48
6 38
5 27
7 7
4 86
4 66
7 67
5 59
4 37
9 16
1 7
6 29
2 72
1 85
3 86
10 68
7 17
8 42
2 41
1 17
1 46
5 67
1 35
8 76
5 54
2 67
3 77
7 67
6 83
1 80
8 37
3 36
3 3
10 66
5 83
8 97
4 57
10 10
9 62
7 96
7 83
9 36
3 48
9 50
3 87
10 99
7 99
1 30
10 63
7 93
5 37
10 96
3 79
2 62
5 25
10 16
4 63
10 40
5 82
10 78
4 20
10 41
4 69
10 53
3 6
10 21
5 32
5 70
7 76
7 63
8 30
6 3
1 100
6 65
10 67
3 11
8 86
7 75
4 94
2 45
9 14
7 70
7 19
7 74
4 87
8 86
10 49
2 10
9 5
5 37
7 14
6 80
6 48
6 59
9 91
6 88
10 84
6 10
6 54
3 17
4 66
2 41
6 84
4 17
9 45
1 55
10 63
6 46
9 56
1 99
8 67
10 96
6 19
4 30
5 82
1 55
10 71
8 26
7 90
2 35
5 77
3 23
5 51
4 32
4 80
10 17
3 22
1 10
6 85
3 3
8 55
2 95
8 88
3 95
1 24
2 37
8 81
5 9
8 45
2 3
7 45
1 67
8 97
10 85
2 5
9 100
3 60
5 34
4 51
8 50
4 80
2 63
6 42
2 29
5 17
5 75
5 24
10 60
5 55
3 50
4 42
1 81
7 89
4 72
9 33
2 38
8 58
2 52
4 10
5 52
7 64
6 71
6 63
5 88
10 77
5 97
5 2
2 82
3 10
7 84
2 50
6 64
4 96
3 21
3 77
1 12
7 46
3 48
9 83
4 99
1 70
4 25
9 35
8 67
5 36
7 91
10 26
9 30
5 97
8 6
9 89
9 67
9 65
6 34
2 52
2 22
8 35
8 67
9 2
1 32
2 35
3 32
2 25
7 74
2 78
7 47
4 93
8 4
7 99
4 72
6 93
6 64
9 22
6 59
9 36
10 82
3 50
7 37
4 91
5 82
8 1
2 46
3 97
4 39
7 84
2 83
10 12
3 16
4 30
9 12
3 23
7 47
4 1
2 83
2 12
3 72
9 22
10 14
2 60
7 5
4 19
6 39
3 48
6 28
9 40
4 27
6 88
8 21
6 5
4 25
3 79
3 71
7 92
6 33
9 88
7 8
10 28
10 87
3 8
6 7
6 50
7 80
8 31
4 59
7 25
8 9
3 86
4 83
8 11
9 68
9 59
8 58
7 24
5 64
4 18
1 46
5 40
6 42
9 27
8 21
2 25
1 92
2 11
5 57
9 84
1 95
2 14
8 53
6 50
2 34
3 60
8 39
5 41
5 50
8 82
10 96
3 26
3 1
7 35
2 67
6 82
4 69
7 73
7 11
7 19
3 20
3 31
3 100
10 37
8 96
10 43
8 10
3 51
5 10
6 75
9 27
8 65
7 67
2 61
8 7
5 58
7 27
9 24
2 91
1 13
7 55
9 73
3 65
10 33
7 92
2 97
1 40
9 42
7 61
4 16
1 81
10 31
7 47
10 37
8 50
3 40
7 100
9 70
10 64
4 47
3 50
10 94
10 94
10 52
8 26
5 98
4 22
10 11
9 99
6 67
1 68
10 58
8 66
7 8
8 22
3 13
4 18
5 90
4 49
3 44
7 31
2 53
6 72
7 1
5 60
9 58
10 21
9 44
9 59
7 24
2 14
7 40
1 29
7 13
2 9
4 5
4 100
4 92
10 57
3 94
2 34
8 57
4 58
5 30
3 40
1 70
1 89
2 8
9 30
4 94
9 82
7 96
3 12
2 51
2 76
4 69
7 100
3 66
9 77
2 46
10 88
8 15
5 92
6 7
4 90
9 23
7 37
2 48
2 32
7 21
6 17
10 6
3 59
1 32
1 36
8 82
3 17
2 12
8 52
5 27
4 21
9 11
4 5
1 1
1 67
4 27
4 60
5 58
8 3
2 22
8 22
7 10
6 12
8 64
10 12
7 88
8 26
3 77
6 45
2 8
10 58
8 18
7 21
10 96
10 87
9 6
3 11
7 25
9 97
8 10
7 87
4 69
3 70
8 94
2 43
9 88
6 5
2 20
2 49
9 93
10 28
2 78
8 7
6 7
6 3
7 94
9 71
9 38
2 89
8 99
7 3
6 74
6 8
9 18
9 62
7 36
2 37
4 3
7 50
6 89
3 71
9 75
4 4
6 32
1 94
5 58
7 63
1 89
7 6
4 12
10 86
2 89
9 3
4 33
8 56
3 58
10 56
1 11
5 84
10 78
6 82
8 64
3 89
8 45
7 40
10 70
6 48
10 77
2 98
9 56
7 90
7 55
4 67
8 28
10 80
5 17
4 5
6 77
3 7
3 83
10 97
3 32
7 84
6 7
7 82
3 64
4 51
1 3
2 8
3 76
5 97
2 20
8 55
10 41
9 79
4 22
5 78
2 6
9 38
4 88
3 78
2 9
4 3
9 46
9 6
3 97
9 42
5 11
2 46
4 60
8 12
10 58
4 63
9 51
4 67
1 15
9 59
3 11
5 70
4 13
7 83
7 12
9 31
4 35
2 5
1 90
6 70
3 32
8 31
5 77
6 69
8 56
9 92
3 82
1 20
2 31
2 20
8 5
5 68
3 11
1 34
10 38
2 65
6 24
6 48
6 54
3 42
9 68
5 2
6 25
3 9
10 81
5 80
5 52
9 1
7 7
10 10
2 82
6 42
2 89
4 87
3 56
9 49
8 95
4 85
8 58
5 78
8 90
10 89
3 93
7 39
3 92
1 1
