5 70
5 29
8 39
5 47
1 55
3 81
4 77
4 73
10 31
9 4
6 89
7 88
1 80
2 70
3 20
3 75
3 50
3 32
3 31
1 24
6 14
3 20
7 31
10 42
9 34
7 57
7 19
4 20
9 45
7 85
3 31
4 38
9 21
1 32
10 28
7 37
8 64
7 92
3 64
7 51
8 34
1 65
3 60
8 94
3 3
10 80
8 62
4 48
9 91
8 22
1 62
2 9
6 59
7 91
10 99
8 97
10 54
2 5
4 85
9 89
4 79
4 32
10 58
1 40
9 51
10 68
3 42
3 49
10 1
9 96
6 44
1 68
8 44
4 23
7 77
6 79
2 25
2 31
1 38
7 66
6 79
1 8
4 51
2 61
6 28
7 3
5 68
1 80
10 87
1 61
3 64
9 57
6 89
10 31
1 34
7 4
5 41
4 33
9 82
3 84
8 90
10 49
9 82
1 32
1 42
8 18
1 3
10 66
4 51
6 91
8 31
2 64
8 67
5 63
1 10
3 67
8 68
1 80
9 39
9 13
10 66
10 34
6 94
7 96
9 42
4 43
3 29
9 6
3 79
4 10
2 84
9 17
3 47
8 62
9 38
5 87
6 52
9 49
4 55
6 8
7 56
7 99
6 78
8 44
3 98
2 86
7 47
4 79
10 17
9 53
6 92
10 21
5 6
9 44
5 9
9 73
3 31
2 79
6 8
3 8
6 44
6 40
10 43
6 1
10 90
7 55
4 51
9 44
3 89
2 13
3 41
1 77
2 17
9 4
3 43
9 99
10 69
2 47
1 49
9 30
3 88
9 15
2 90
2 95
1 89
1 50
5 85
3 45
5 36
10 24
4 22
9 52
10 41
10 82
8 84
3 84
6 6
6 34
6 10
10 11
4 22
9 34
4 49
2 32
3 49
8 85
3 21
1 88
6 48
3 87
10 53
9 100
7 80
5 6
7 93
2 52
9 47
4 9
4 31
8 36
5 92
6 26
1 69
3 23
3 58
3 70
1 7
1 85
7 41
9 69
2 15
4 54
1 82
6 31
8 94
1 26
6 57
2 15
1 53
6 76
1 7
9 49
6 2
7 65
2 87
6 85
3 83
4 76
7 62
8 17
2 7
3 89
3 28
8 61
1 94
3 68
3 30
7 45
5 23
3 41
1 52
3 88
10 69
3 38
2 2
5 21
4 48
5 46
1 97
3 10
3 43
4 86
5 28
3 47
1 37
6 20
7 86
8 5
5 6
2 94
10 76
7 53
3 33
2 85
2 52
9 88
5 44
10 28
8 70
8 30
4 37
8 11
3 7
3 92
6 9
1 78
5 10
2 8
3 4
7 9
6 9
10 61
7 46
2 16
5 50
7 14
2 90
8 74
3 24
10 6
7 26
6 3
4 21
8 42
3 92
1 63
10 15
7 39
5 40
10 90
7 53
10 99
1 52
4 36
1 21
4 21
8 38
4 100
9 73
6 7
5 30
6 15
4 48
10 9
5 23
4 67
5 99
3 13
3 80
5 38
2 74
4 11
7 33
4 22
3 2
1 23
9 56
8 64
9 30
6 8
8 46
9 39
6 28
7 20
8 81
4 24
1 83
6 39
6 69
3 61
4 32
5 75
1 10
9 67
6 42
4 14
7 49
2 30
1 20
4 53
4 100
3 89
8 7
9 93
6 28
3 28
1 3
10 89
3 19
2 28
5 56
8 1
6 21
1 35
8 71
2 50
7 24
9 38
3 56
1 21
3 90
6 48
8 79
9 43
8 23
10 6
9 4
4 39
4 33
7 39
5 73
10 17
1 82
4 95
5 9
4 3
8 10
9 5
2 87
8 28
6 47
8 6
4 38
4 14
9 78
3 45
3 25
9 49
8 48
10 59
9 89
3 27
1 20
5 10
10 37
3 28
2 14
6 56
1 6
9 53
8 11
3 91
2 93
5 62
4 5
6 43
8 33
2 58
9 21
1 36
3 87
3 87
6 88
6 43
7 24
2 4
9 88
3 34
4 39
4 57
2 54
5 87
10 46
4 59
8 8
5 43
6 35
3 94
6 34
8 76
1 72
7 36
5 42
2 65
10 60
7 24
8 41
10 98
8 6
1 46
10 26
9 38
2 31
10 91
4 39
4 59
10 26
10 83
6 73
3 86
6 9
7 33
9 70
7 85
6 74
5 51
8 22
2 34
2 16
7 80
7 100
2 87
9 21
2 11
10 67
8 74
1 88
3 31
3 84
10 56
5 82
1 30
2 76
9 27
9 46
8 36
5 88
9 5
1 55
7 78
9 90
10 64
8 58
10 50
9 47
6 62
1 26
10 11
1 9
8 80
8 21
9 99
9 12
7 97
4 46
1 22
7 42
1 53
10 15
9 90
9 24
6 16
3 41
4 39
5 52
1 22
7 69
4 65
10 10
9 26
10 19
6 42
6 98
9 45
1 59
8 11
1 26
1 33
10 49
9 80
8 14
7 61
5 78
1 26
6 69
6 5
8 26
2 91
4 14
10 40
7 65
5 33
7 45
5 70
7 65
10 48
2 22
7 100
2 28
1 59
9 75
6 81
6 83
7 87
3 59
2 25
3 23
10 25
7 10
2 27
5 24
9 54
8 64
5 24
5 70
8 78
9 24
10 95
2 70
9 20
1 24
9 84
6 76
5 74
9 33
1 48
5 96
7 82
6 97
6 5
8 70
8 29
8 16
8 43
3 27
8 76
4 85
1 19
9 51
8 48
3 61
7 28
10 43
2 69
1 16
3 38
2 38
10 39
2 84
2 21
9 70
6 21
8 71
8 8
9 74
3 63
3 42
10 80
1 62
2 81
1 22
10 36
9 68
5 24
9 28
10 88
7 95
9 30
2 22
4 36
8 59
7 19
1 36
8 55
9 5
8 88
4 66
7 46
4 22
9 45
1 74
6 29
6 13
5 99
8 36
6 94
4 71
4 88
9 28
10 67
3 96
9 76
10 96
1 45
7 77
4 8
2 48
6 15
7 26
1 41
1 99
6 11
2 90
8 43
1 62
1 25
10 39
9 19
6 65
3 1
3 5
8 91
7 14
9 3
9 12
3 6
9 15
1 3
1 36
10 62
5 44
5 68
6 34
2 80
8 92
9 34
1 70
10 40
9 31
2 25
9 72
1 4
5 67
6 5
2 21
1 99
5 4
1 14
4 65
9 80
3 54
2 99
4 64
5 49
4 19
8 29
4 35
4 94
1 67
5 10
1 53
5 21
6 98
10 48
4 64
10 37
8 62
8 25
3 59
7 73
7 11
1 50
5 63
9 64
8 4
4 58
1 56
10 40
2 17
8 89
7 82
7 81
7 68
3 19
9 90
8 48
6 42
1 100
3 17
8 46
9 33
4 28
8 61
10 53
8 65
7 86
3 97
5 86
6 69
7 38
9 11
7 67
6 41
2 61
7 85
3 12
10 27
8 17
8 94
8 86
5 23
2 99
3 71
7 74
5 33
9 54
4 24
7 56
5 47
7 67
10 15
2 7
1 5
10 80
8 49
7 25
5 78
2 51
10 1
3 44
4 22
2 99
7 99
2 53
8 40
9 35
7 90
10 9
8 87
5 15
2 8
1 36
3 99
1 27
9 8
3 12
5 42
7 16
8 46
8 41
3 37
9 24
5 44
10 36
3 62
2 100
2 73
6 77
6 21
8 87
5 34
2 91
4 33
3 73
6 82
3 76
10 53
6 67
6 40
4 67
10 89
9 19
9 81
9 51
8 33
6 15
1 72
10 63
9 90
4 88
3 75
6 34
1 41
4 60
3 5
2 66
1 17
7 13
8 12
5 87
3 25
9 58
2 2
1 14
10 25
1 55
4 45
2 39
4 24
5 74
6 80
9 81
9 25
4 90
6 18
7 35
3 76
3 28
3 52
5 95
2 15
8 11
9 56
3 60
5 75
5 90
10 50
4 28
5 89
8 82
6 67
6 72
8 55
7 59
3 29
8 37
8 23
6 31
3 88
7 7
4 80
3 40
5 73
5 52
3 66
6 52
4 51
7 83
4 32
6 61
7 27
1 75
4 65
8 56
3 21
1 26
1 2
4 31
10 78
4 36
2 63
7 49
2 1
6 87
9 79
4 94
2 84
7 90
3 22
10 82
2 3
1 92
8 26
9 24
6 97
5 84
5 13
6 25
1 75
10 4
10 83
10 84
6 90
5 27
9 62
5 96
4 93
1 73
6 62
6 47
6 30
5 36
6 87
9 67
7 99
1 10
2 68
7 4
8 75
2 91
7 63
9 91
1 85
1 25
9 62
3 47
9 97
7 80
4 21
8 76
2 35
3 85
3 3
5 13
10 60
4 49
7 32
4 87
2 93
1 1
4 65
2 5
6 13
1 72
7 68
4 55
1 41
2 50
10 95
6 25
7 46
1 12
10 30
8 7
6 30
7 11
7 99
3 21
2 60
1 24
1 24
10 25
2 26
7 88
1 100
3 33
9 31
2 95
10 63
5 76
