7 12
3 25
8 70
6 41
10 69
2 94
5 81
5 98
5 41
2 79
4 58
3 43
6 39
7 86
2 78
3 38
6 64
2 39
3 31
2 21
7 9
6 55
2 24
8 30
6 13
4 67
7 29
6 98
10 96
5 4
5 73
6 80
3 64
1 50
7 36
2 52
3 44
8 35
3 29
10 98
5 13
10 66
4 7
1 78
4 55
2 42
10 93
5 24
9 94
9 90
6 4
9 11
1 4
6 56
10 93
3 55
3 99
4 64
1 57
10 73
9 92
10 36
10 86
9 87
10 100
7 35
7 44
1 54
7 35
6 100
4 31
2 17
7 1
10 18
4 38
2 65
4 83
10 50
7 87
8 36
5 44
2 2
9 31
10 56
4 38
7 62
3 19
9 35
8 76
10 2
10 54
6 82
6 12
5 93
1 84
4 60
4 83
7 86
10 10
5 86
10 33
8 50
9 98
9 74
9 100
6 98
1 54
5 58
8 94
1 52
4 14
7 91
6 6
7 38
3 31
7 92
4 68
9 44
6 32
1 14
4 17
6 61
10 65
3 55
7 98
4 26
6 48
9 1
7 83
10 48
8 53
10 5
1 87
4 81
6 28
5 42
7 91
6 67
10 71
4 77
3 89
5 77
9 94
2 85
6 87
1 79
1 97
6 78
10 26
2 47
1 34
9 35
3 98
6 64
9 89
3 29
8 57
6 28
5 45
3 11
7 61
4 92
7 6
10 98
7 17
8 76
7 66
8 21
6 34
2 40
2 30
1 3
9 75
5 36
8 48
10 1
9 71
1 9
8 97
5 39
2 23
10 71
10 21
3 39
4 67
7 40
6 3
10 35
4 55
3 55
2 16
2 65
7 56
7 68
5 93
3 34
4 34
4 36
8 91
8 26
4 80
5 11
3 11
8 28
1 57
7 31
3 40
2 44
4 95
6 19
2 22
1 2
8 92
2 19
1 87
8 41
6 87
4 40
3 31
2 83
5 57
9 74
5 93
10 97
3 42
7 56
5 69
8 13
5 75
1 8
9 69
8 38
5 30
5 61
4 62
1 23
2 31
5 30
8 94
3 77
3 71
8 90
8 17
10 24
8 61
6 27
10 49
4 54
5 87
5 85
8 24
6 57
9 39
3 18
4 99
9 32
7 88
5 13
5 18
2 82
1 55
3 77
1 48
6 64
10 76
6 69
4 86
5 81
1 8
8 58
6 65
7 21
5 95
5 10
5 97
8 1
10 37
4 73
4 2
5 34
9 18
6 95
3 11
8 91
7 48
7 47
4 43
2 69
8 89
9 87
4 70
10 18
4 27
4 79
2 94
10 9
2 89
3 53
3 56
10 6
6 37
4 39
9 29
5 28
4 50
1 26
9 59
8 4
4 85
4 31
8 96
7 37
1 33
6 69
5 60
6 83
1 52
2 92
10 4
1 77
4 10
3 38
2 23
8 21
3 2
8 69
4 61
7 21
9 74
10 93
2 67
8 17
7 86
7 13
9 32
10 97
8 29
4 47
9 27
4 38
1 96
4 9
9 28
5 81
5 24
5 32
6 50
10 89
9 17
9 78
7 95
2 56
9 82
6 77
5 81
5 54
9 42
2 56
8 45
1 79
7 46
7 51
10 28
6 19
6 6
9 99
1 44
3 77
3 67
8 64
10 73
10 86
8 47
3 25
3 97
7 93
9 70
5 100
4 58
10 26
1 81
3 48
5 68
8 97
5 22
2 73
5 5
8 86
1 93
6 47
8 91
2 20
6 51
8 73
3 39
2 40
5 90
8 97
7 45
9 64
3 97
10 34
5 100
9 97
8 30
9 29
9 8
1 31
10 96
6 96
1 47
5 34
3 56
10 67
1 11
3 37
10 10
5 53
10 83
3 40
5 15
8 56
2 11
2 95
1 66
5 83
5 63
10 75
8 45
9 25
7 100
9 57
5 46
10 69
1 92
8 15
3 100
9 89
1 17
3 4
8 57
1 85
9 90
1 49
8 83
8 7
3 19
7 84
3 82
1 94
9 91
3 14
7 45
5 20
4 25
9 74
3 58
3 2
3 73
4 36
4 36
10 85
1 21
7 5
9 64
4 48
10 14
3 24
4 70
7 2
3 51
5 88
5 71
2 30
1 35
3 90
6 50
5 43
4 28
6 37
4 73
2 92
2 96
3 57
7 35
7 46
2 92
6 30
4 89
8 30
5 96
10 81
1 87
5 81
3 64
5 27
7 61
9 32
2 30
3 63
9 88
6 100
4 27
10 50
3 63
7 37
9 37
3 69
1 81
9 48
8 51
6 56
1 95
10 78
9 46
3 16
3 44
6 36
10 88
9 14
4 67
6 78
3 93
9 40
7 93
9 15
6 60
2 32
1 41
7 93
7 40
9 96
7 61
9 74
4 48
8 50
8 36
3 91
10 61
5 52
4 23
10 73
4 40
3 47
3 14
4 21
6 95
5 85
1 61
6 11
7 11
6 72
10 73
8 35
8 24
1 61
7 95
2 76
6 9
8 20
8 33
8 18
4 75
3 5
10 98
5 29
5 59
6 94
9 40
3 31
2 90
9 21
1 13
1 64
1 47
6 100
6 76
1 8
10 61
10 24
10 66
1 26
2 22
8 80
2 23
6 69
10 48
4 22
7 72
8 59
7 17
3 66
2 41
8 4
3 48
3 19
4 62
6 17
3 100
10 44
4 15
9 3
6 98
5 84
6 38
9 66
4 7
8 11
4 77
2 32
1 84
4 86
10 26
10 2
10 92
4 4
2 89
10 15
3 78
5 92
1 49
5 34
4 10
5 11
1 88
9 34
1 78
1 1
7 94
2 13
6 94
3 64
3 35
6 63
9 86
10 62
3 27
7 22
1 89
6 46
5 74
5 37
1 58
9 11
7 38
5 74
5 55
9 98
6 78
8 10
5 38
8 74
9 42
5 30
9 64
8 15
10 67
6 61
1 22
7 49
1 90
1 90
5 82
8 100
4 22
3 60
10 25
6 59
10 87
7 86
2 84
6 19
3 3
9 34
1 60
8 31
10 86
2 100
8 80
10 38
4 22
6 6
6 99
7 86
6 55
5 90
10 88
5 65
2 38
9 89
3 68
8 40
3 81
1 8
4 72
6 41
6 76
4 62
5 69
1 31
6 72
8 66
1 89
9 50
7 83
6 84
7 17
7 81
7 73
2 25
5 10
4 61
7 43
7 70
1 22
4 85
2 3
7 79
7 74
10 62
7 60
6 45
7 87
8 77
3 60
2 6
10 63
1 38
1 2
3 49
4 35
9 81
9 40
8 4
4 32
5 68
5 12
1 71
3 43
2 37
4 3
9 72
7 2
7 51
7 63
7 83
8 51
5 74
7 74
9 57
2 54
3 9
5 26
4 90
7 16
5 5
7 79
9 36
5 12
5 85
9 20
10 36
1 70
9 57
9 47
6 86
3 8
3 33
3 31
2 58
1 95
7 49
5 26
1 83
10 40
2 68
6 34
2 56
1 45
9 86
10 90
8 15
8 31
3 3
8 99
1 48
3 23
7 72
3 89
6 24
4 82
6 7
1 73
5 35
10 67
5 69
1 38
6 8
9 46
7 68
2 58
5 10
9 84
2 51
2 4
6 27
6 51
4 7
5 45
8 62
5 44
4 85
6 80
8 78
3 61
8 68
3 32
5 6
1 15
2 21
8 31
3 64
4 87
2 23
9 50
9 44
3 65
1 59
5 1
10 11
5 69
3 10
6 77
4 2
3 99
4 23
4 29
4 75
1 92
10 100
10 64
2 73
6 66
8 18
9 75
3 9
1 2
2 67
3 37
10 20
10 36
3 45
4 84
7 68
8 12
5 10
5 31
8 41
9 74
9 47
9 39
2 67
4 26
5 11
5 80
1 72
4 95
9 79
9 67
7 28
9 95
10 53
7 11
6 12
2 57
10 86
1 1
5 37
9 32
9 1
4 66
7 32
10 92
10 32
1 45
8 90
8 40
6 80
3 71
4 46
8 55
9 74
9 13
2 84
10 85
3 70
1 2
7 57
2 50
1 44
7 96
10 61
5 27
7 11
4 89
8 28
5 13
4 76
10 3
6 46
7 11
9 10
6 58
2 96
5 33
1 53
2 94
2 87
9 37
9 84
7 35
7 92
4 83
6 20
7 67
9 77
2 90
2 56
8 32
4 24
9 17
6 73
5 20
4 44
7 5
2 93
2 30
3 8
1 4
8 57
3 12
9 67
9 80
7 81
6 1
9 85
2 40
3 33
7 42
3 18
10 59
10 59
8 99
4 11
6 84
8 85
10 56
9 46
8 24
4 13
5 13
2 71
4 11
7 56
3 4
10 90
5 88
7 57
7 4
5 89
7 63
8 89
3 41
3 41
7 55
9 87
6 56
6 34
9 88
6 63
6 94
10 97
6 63
8 48
8 58
9 79
10 78
2 64
8 49
10 76
8 47
9 64
8 90
7 90
7 90
2 58
7 88
10 62
9 69
1 24
