2 2
9 87
4 58
3 7
9 80
1 45
8 72
6 97
3 44
6 20
6 33
2 4
7 28
2 93
1 35
5 5
6 27
8 88
8 64
9 99
6 6
4 67
8 46
10 99
1 73
3 11
9 73
1 87
1 80
4 76
9 27
4 1
1 67
1 2
5 60
1 2
1 84
10 20
4 59
1 30
1 26
10 41
10 64
7 48
8 77
6 27
6 98
10 43
8 62
4 81
1 1
2 33
1 46
7 99
2 14
8 37
8 48
8 34
9 95
8 18
4 9
9 58
9 46
1 64
4 60
3 58
2 47
10 24
9 80
4 87
8 40
3 52
4 79
5 35
10 50
4 6
8 78
2 45
4 63
5 84
6 1
6 43
6 19
8 54
6 78
10 22
1 40
5 5
9 30
5 14
9 4
10 36
9 77
7 45
10 71
6 94
9 25
7 18
9 32
5 32
5 75
5 59
1 43
9 90
6 15
7 57
10 1
5 71
10 82
8 41
2 45
6 87
4 96
8 58
4 30
7 46
6 37
5 79
5 56
3 7
3 73
9 75
5 90
4 92
9 97
3 40
8 78
3 42
6 85
7 43
10 74
1 47
3 22
3 88
9 55
8 2
8 63
9 36
6 34
7 59
2 6
5 24
7 8
8 49
8 62
7 69
9 75
10 64
5 76
1 32
8 5
8 81
6 23
1 44
3 21
10 75
6 85
5 21
5 75
3 37
8 57
7 96
4 58
8 9
8 81
6 29
8 57
6 21
8 79
5 28
4 68
7 29
2 70
3 77
10 50
1 17
1 35
2 81
4 86
1 37
7 26
9 25
7 7
3 9
5 4
5 58
8 58
10 100
3 80
9 33
7 81
5 43
5 37
3 2
5 40
4 17
4 11
4 79
4 60
6 38
6 19
7 4
1 76
1 42
4 49
10 78
6 69
5 52
8 65
1 81
8 2
2 17
6 56
3 48
7 100
6 55
6 14
1 57
2 89
1 61
1 19
8 39
4 69
2 79
9 68
2 33
3 43
9 16
5 25
6 22
1 78
4 82
10 6
7 85
8 2
6 97
10 88
1 96
5 93
7 53
8 2
9 70
8 56
6 15
10 50
6 54
2 10
9 53
4 47
3 68
9 82
3 39
2 98
10 45
3 26
10 2
7 79
6 28
7 64
3 1
6 86
5 33
2 80
10 36
1 40
7 2
5 41
5 31
8 74
6 78
6 11
5 46
3 66
3 56
5 60
10 28
2 11
1 58
3 13
3 64
5 59
2 40
10 92
2 33
3 64
1 71
2 69
7 8
5 9
5 16
4 62
5 38
1 40
6 53
10 45
8 73
7 47
6 4
9 22
1 16
3 32
7 21
4 23
9 96
4 63
10 10
3 73
2 43
4 4
10 34
9 59
10 99
7 7
1 32
7 31
6 49
3 38
1 55
2 18
1 32
5 27
9 5
10 38
5 28
6 4
7 69
3 91
7 5
6 45
6 43
10 76
5 87
5 74
2 37
7 97
5 10
9 18
4 37
5 64
5 37
4 81
2 83
8 77
8 92
8 3
2 85
2 9
2 96
4 59
10 95
5 100
4 31
9 33
5 26
3 36
1 26
1 5
5 62
6 39
6 100
8 74
3 63
4 92
9 69
8 55
7 93
8 100
3 74
9 30
9 5
2 45
4 14
10 49
4 4
6 38
9 48
6 74
7 83
9 24
2 53
6 64
10 75
1 48
7 60
3 42
7 8
5 7
10 14
8 49
5 64
2 36
10 53
7 3
6 47
7 94
6 30
7 12
3 10
8 88
6 33
8 73
3 41
4 63
7 77
1 76
9 42
9 36
9 46
10 85
5 93
5 80
10 45
6 57
10 92
8 17
4 20
8 31
5 43
9 40
4 92
2 92
5 26
7 91
10 72
10 20
9 95
8 93
9 77
6 92
4 71
9 43
2 10
1 16
6 86
2 63
5 39
1 92
7 77
7 72
2 15
2 76
8 64
6 6
5 83
10 73
3 2
10 24
7 15
3 76
10 26
10 87
1 45
3 72
4 57
3 59
6 31
3 5
2 45
6 82
2 31
9 17
4 1
3 43
7 98
9 66
8 67
3 4
9 15
4 99
8 4
1 17
1 51
4 70
6 80
10 86
8 13
6 13
6 68
6 29
10 80
5 84
2 58
8 31
7 37
7 14
1 13
7 13
1 28
5 69
5 58
2 53
2 64
4 80
8 48
5 32
8 64
5 60
8 25
4 87
8 71
3 54
4 96
7 60
8 21
10 72
3 36
5 67
9 24
5 37
3 31
10 44
3 56
6 63
5 6
1 33
8 20
3 33
8 61
7 57
6 63
8 88
2 37
5 77
6 87
4 84
8 31
3 11
9 66
9 22
4 60
3 56
10 32
4 64
5 4
5 57
7 66
9 6
4 77
9 59
8 39
9 76
3 47
6 56
9 90
1 59
1 79
10 68
10 89
3 67
3 42
5 15
3 21
3 64
4 76
9 99
1 57
7 27
6 7
1 84
8 69
5 39
8 35
8 2
1 53
1 38
9 50
1 91
3 69
3 43
5 86
5 11
7 36
6 47
4 11
2 53
1 51
6 70
2 16
7 61
4 72
7 53
1 15
8 18
1 26
3 39
5 4
5 87
10 5
3 57
5 88
8 71
6 4
7 92
7 55
3 30
9 8
4 7
9 43
7 11
2 83
2 8
8 52
7 49
1 60
2 42
9 36
8 16
5 87
5 1
2 91
4 84
5 23
1 30
10 41
6 70
5 49
7 37
7 60
5 48
5 8
3 80
6 77
4 79
2 53
5 4
3 84
2 95
8 81
7 49
5 66
10 60
10 80
9 40
1 39
10 25
3 86
1 12
6 2
1 25
10 69
5 43
8 62
3 20
4 12
7 99
10 52
7 25
5 87
3 92
9 13
10 58
9 41
6 38
9 79
1 92
10 77
5 52
4 1
7 47
2 46
2 33
7 49
4 87
3 99
10 16
10 14
6 15
7 91
4 41
8 40
6 32
7 90
6 73
5 9
3 94
5 7
10 52
2 7
1 48
7 44
9 17
3 11
8 11
3 82
2 3
7 93
1 68
1 79
10 84
2 47
7 27
10 9
2 74
8 36
9 100
4 73
3 36
8 6
2 54
7 42
1 51
4 79
10 32
8 10
2 94
8 73
4 6
1 97
5 96
2 91
2 38
8 35
1 19
4 25
7 53
9 29
6 24
9 52
4 5
10 16
7 55
1 53
8 58
2 22
6 50
4 37
8 54
7 6
2 27
3 11
9 19
8 4
8 92
1 50
7 62
7 44
7 16
5 42
10 35
9 82
1 60
8 4
7 17
8 45
5 72
9 76
5 68
6 86
9 37
1 100
1 55
1 27
1 22
4 16
10 50
10 10
1 82
1 61
3 86
4 57
1 58
8 56
10 69
2 97
10 36
9 50
6 57
9 81
3 60
5 31
8 94
5 30
8 3
8 65
8 62
3 58
1 77
7 52
10 54
7 58
9 53
2 44
6 75
5 18
10 61
3 44
6 19
7 1
5 73
7 59
10 68
7 63
1 4
7 98
7 65
3 73
1 88
4 75
3 62
8 45
5 77
10 97
2 70
10 40
7 38
10 35
1 80
10 37
6 49
8 60
9 1
9 5
2 85
9 65
1 13
3 26
7 27
6 64
4 27
9 26
9 68
5 17
7 71
6 96
4 94
4 8
10 35
3 55
5 48
4 56
5 21
2 87
1 33
7 24
10 96
5 29
6 21
3 57
10 12
1 83
2 53
10 16
2 5
7 14
2 57
9 91
1 77
6 18
8 97
6 85
6 8
10 78
7 66
9 76
6 44
8 95
6 8
1 92
7 62
9 39
6 100
5 26
6 61
3 24
9 72
2 83
2 16
6 12
1 40
7 40
10 86
2 35
1 72
9 30
5 87
1 34
7 12
3 85
2 2
5 36
6 63
9 90
2 2
6 41
6 53
9 55
4 98
7 12
8 86
8 51
10 83
3 59
10 7
7 29
9 3
10 59
4 12
9 91
10 37
1 66
7 86
6 76
7 41
5 6
8 12
9 60
5 15
4 61
8 43
9 88
6 48
8 21
9 44
3 21
4 94
3 62
6 90
5 47
6 19
10 13
8 55
10 80
7 94
3 9
10 18
7 96
9 78
7 33
8 67
8 79
4 12
5 94
6 71
8 56
5 58
8 64
5 46
3 26
6 48
1 58
5 34
2 40
1 41
9 84
1 100
6 91
7 76
8 66
7 24
9 64
1 68
9 52
4 15
1 49
3 30
6 33
4 32
2 52
5 59
10 38
7 57
3 44
3 77
2 2
10 12
8 5
5 5
8 80
8 89
5 46
8 39
8 18
4 4
9 92
3 83
8 94
2 33
7 47
9 11
2 5
3 45
4 53
9 28
1 49
2 47
5 74
10 44
6 76
10 42
9 52
9 98
10 29
7 27
9 86
6 95
6 92
1 37
6 27
7 1
5 43
