7 26
9 84
3 2
5 88
1 84
4 71
9 35
7 95
3 14
4 86
5 76
3 75
3 69
8 47
8 23
9 59
9 98
9 41
7 16
8 1
3 65
3 67
9 22
4 30
2 33
2 87
9 1
9 72
5 21
4 8
1 4
2 5
2 90
4 10
5 50
3 47
8 7
8 74
3 18
6 76
1 83
4 1
6 32
9 5
6 36
5 12
8 39
4 12
9 95
6 42
3 19
3 19
8 60
1 66
7 94
10 80
9 49
1 44
3 89
9 21
3 7
1 1
9 17
8 67
4 6
4 13
5 12
2 73
10 6
4 6
3 63
7 68
9 21
4 56
7 39
4 73
7 94
3 69
2 10
8 63
8 49
9 88
9 4
10 24
4 63
8 27
6 84
1 33
4 64
4 34
8 70
1 1
7 4
5 99
5 32
8 8
1 60
7 5
7 71
5 9
5 89
8 39
1 25
4 74
9 82
3 60
6 27
4 68
6 19
9 62
5 17
7 38
9 33
8 90
5 30
4 64
7 41
4 47
6 19
4 45
10 10
2 68
10 97
8 3
2 10
4 25
7 53
6 52
5 83
9 89
1 80
2 20
1 3
10 12
8 65
3 75
4 74
3 5
7 96
3 98
5 8
7 69
9 67
1 90
1 54
1 52
9 38
6 30
8 99
8 29
4 92
1 20
3 85
10 19
3 9
3 64
10 3
6 43
10 95
10 10
7 89
2 58
1 19
10 86
7 45
7 22
8 91
1 87
8 82
6 62
7 51
5 34
5 61
7 36
8 82
8 70
4 26
6 60
5 80
8 87
1 77
2 83
1 35
4 89
10 75
2 50
4 3
10 31
8 63
6 15
1 67
6 30
5 35
1 12
6 4
4 54
3 11
7 88
9 2
8 5
8 82
6 92
2 24
3 93
10 2
6 39
10 67
3 28
3 57
4 20
4 23
6 15
4 86
8 94
2 43
5 36
2 72
6 42
8 67
6 42
3 64
4 95
5 69
9 34
3 92
8 30
8 30
2 17
7 40
4 80
4 3
7 26
5 73
5 2
8 30
3 18
8 78
8 96
5 89
2 8
6 49
7 76
2 96
9 1
3 75
1 61
3 24
2 7
6 85
5 7
3 36
5 67
10 68
10 15
2 96
1 35
9 74
7 25
7 97
1 38
3 85
3 47
3 26
4 14
4 28
4 45
9 50
7 30
10 1
3 37
2 73
9 39
6 59
4 29
9 82
7 5
8 40
7 21
6 100
2 95
9 70
5 40
9 7
2 6
8 35
8 8
9 69
6 60
10 78
9 81
4 30
6 2
4 33
10 20
4 74
4 60
3 3
5 97
1 36
2 33
4 89
5 50
5 39
4 33
3 34
5 19
2 86
6 1
10 72
4 78
3 21
1 43
1 10
4 54
9 7
7 68
1 94
10 58
2 7
5 87
2 99
8 81
3 21
4 65
6 97
9 73
3 12
4 57
8 57
4 73
9 55
4 43
2 60
7 36
1 30
7 10
3 76
3 74
5 44
10 87
5 32
4 91
6 59
1 97
5 82
1 9
7 89
2 41
1 93
3 100
4 79
6 1
7 87
6 30
4 90
8 82
5 17
1 42
8 31
9 48
7 35
6 90
7 20
7 67
6 62
5 63
8 31
1 25
6 18
7 25
10 71
10 16
7 31
7 89
5 84
10 82
4 18
4 16
5 77
5 36
4 23
7 12
5 13
9 41
9 34
1 95
9 92
6 34
9 28
9 24
8 72
10 70
4 68
3 8
1 59
3 61
6 100
9 46
5 17
8 19
2 19
6 16
9 48
2 35
5 27
3 28
7 30
7 29
8 77
1 100
7 86
8 42
9 53
8 59
1 64
10 92
10 25
3 13
6 56
5 77
8 75
1 7
3 67
5 75
1 85
1 14
6 71
6 23
5 66
9 46
3 45
5 11
8 92
10 53
1 91
4 81
6 33
7 27
5 57
4 27
10 92
4 77
8 85
10 91
1 39
8 40
10 1
5 10
3 80
5 4
7 61
6 42
1 13
8 51
3 79
9 54
7 22
2 85
4 29
5 90
3 64
1 11
7 79
4 30
6 97
9 38
2 19
7 53
9 36
8 55
4 90
3 80
9 19
9 38
2 2
3 38
4 12
6 44
10 95
7 22
4 83
1 47
9 12
5 62
8 60
7 91
3 73
7 80
7 75
10 48
1 44
10 45
6 57
10 88
3 58
8 36
4 33
5 39
4 37
2 77
1 26
9 47
2 1
5 79
10 57
5 99
9 8
9 52
6 33
4 66
10 92
8 97
8 53
9 75
9 81
1 5
8 45
8 44
3 33
7 9
8 74
8 76
5 57
7 98
6 57
4 66
5 91
4 20
10 13
10 6
4 40
9 54
9 51
8 8
2 21
4 37
9 71
4 18
8 96
8 72
4 89
6 52
4 17
8 11
7 54
4 75
6 7
7 58
9 7
2 89
7 54
8 92
8 18
9 69
2 24
7 58
5 22
4 45
7 10
9 55
3 69
6 56
7 17
8 55
5 16
10 50
10 7
6 81
9 88
8 17
9 89
9 75
8 38
1 75
6 21
6 39
10 36
6 8
10 23
8 50
6 8
2 95
3 37
3 10
6 73
4 70
1 80
2 44
4 46
10 4
3 82
7 64
5 8
4 24
1 76
3 90
2 5
1 84
7 71
7 65
1 93
1 72
8 96
8 97
8 21
5 18
6 18
4 50
10 57
3 34
8 20
9 56
2 12
3 29
9 1
3 10
4 76
3 72
2 54
6 41
4 37
1 55
1 36
2 56
4 2
5 68
2 76
1 76
7 66
4 75
9 72
7 86
4 2
2 61
5 1
7 85
2 33
8 23
7 1
3 23
2 17
1 53
9 55
4 45
4 29
4 57
6 11
2 5
5 15
1 14
9 49
1 17
9 44
8 76
8 3
2 15
3 5
2 93
8 30
7 36
7 54
9 7
5 75
2 31
3 82
3 73
10 31
9 44
8 64
2 35
9 5
6 75
10 5
8 12
9 36
4 9
4 97
7 29
2 11
2 91
5 45
8 14
3 95
6 19
2 99
8 97
6 73
3 4
8 23
5 86
4 13
5 91
8 89
8 67
4 12
9 54
6 50
4 99
5 27
10 6
5 34
1 93
4 47
2 38
8 45
9 11
1 58
4 83
6 72
5 49
1 20
9 79
5 18
4 81
4 45
3 12
10 69
5 50
3 99
9 40
1 56
3 68
3 83
1 28
5 77
1 31
1 22
5 51
6 18
10 97
7 37
6 62
9 29
2 46
5 18
9 63
4 73
2 48
8 58
8 56
2 31
3 50
2 3
5 26
8 56
8 34
2 6
4 96
9 80
7 45
6 88
7 15
10 98
2 38
3 13
6 25
7 44
4 81
2 85
1 72
4 17
9 8
5 68
1 97
8 90
1 57
6 95
9 87
8 12
3 92
5 40
1 59
6 82
7 68
9 36
8 100
1 97
8 75
9 8
1 18
5 85
2 76
9 78
1 100
5 91
1 18
8 46
6 39
6 26
8 3
5 35
9 11
6 64
3 67
8 89
7 2
5 36
4 12
7 6
10 2
6 26
3 2
5 87
6 9
6 96
4 58
8 46
5 80
6 13
10 49
3 11
8 75
3 19
8 31
6 97
7 92
1 11
8 13
5 100
7 57
7 33
1 38
6 70
10 96
3 14
4 75
2 71
1 34
6 29
4 32
6 19
6 91
1 13
8 28
6 20
8 14
3 87
1 89
3 10
6 47
5 30
6 83
1 1
2 46
1 91
1 79
3 78
2 86
2 51
10 30
10 92
7 65
5 14
7 61
7 34
2 56
10 4
6 84
6 15
5 49
3 10
3 68
3 89
6 79
3 79
2 3
1 35
8 41
1 24
1 33
10 71
5 16
6 54
10 22
9 16
1 60
1 64
6 96
6 33
4 55
10 67
6 75
5 73
3 60
7 92
4 41
10 21
4 31
10 74
9 5
8 5
1 42
6 50
3 86
5 8
6 1
10 24
5 22
6 35
4 55
6 33
5 33
8 2
9 44
1 73
3 93
8 28
6 17
1 72
1 33
2 46
1 47
10 46
7 25
10 24
3 57
6 13
7 5
10 61
2 20
2 43
10 63
1 68
2 50
5 14
10 79
10 38
6 66
1 81
5 58
8 96
3 8
1 38
9 70
7 3
8 39
9 72
7 65
6 34
1 72
4 24
6 7
7 72
5 34
2 29
7 19
7 16
1 73
10 94
2 22
9 2
8 64
1 100
10 29
1 61
4 25
9 26
10 94
6 80
3 50
8 18
3 67
9 68
2 47
2 87
5 63
9 89
8 92
2 47
3 46
10 66
1 90
8 95
2 58
9 4
9 83
2 96
6 50
7 39
10 55
8 2
5 44
5 89
2 63
5 53
6 52
6 48
9 2
8 61
5 52
10 89
7 96
3 15
3 68
1 21
5 37
7 59
9 97
3 65
1 16
