8 37
8 46
5 31
8 10
10 65
5 19
8 49
4 95
3 25
9 43
8 33
10 9
2 71
5 88
9 32
9 45
10 78
7 61
10 16
8 47
1 43
3 15
1 39
5 34
3 57
7 52
4 41
3 62
9 58
7 8
7 55
5 71
4 26
4 4
9 36
2 93
2 37
1 18
5 96
7 26
2 58
7 4
8 100
6 93
1 4
8 5
4 19
1 79
8 85
3 61
1 80
2 57
3 46
3 94
1 27
8 59
4 24
6 83
7 11
8 97
7 63
10 30
9 42
8 77
3 10
4 67
8 6
3 90
5 28
9 21
1 100
4 69
9 99
5 1
3 77
4 79
8 40
4 59
10 87
3 23
4 3
1 3
5 42
6 46
10 61
4 25
2 68
7 23
8 2
10 31
9 59
2 26
3 23
4 1
4 75
4 11
10 34
4 83
5 62
9 26
5 87
5 72
5 50
5 25
6 83
3 95
3 64
2 3
1 36
9 58
8 40
5 93
9 17
10 29
2 45
6 69
1 12
2 49
2 39
10 13
4 92
3 83
5 84
9 2
6 90
3 52
4 50
4 27
4 62
9 80
3 4
3 40
5 29
3 32
3 6
8 81
3 38
4 78
7 28
10 74
3 63
8 89
10 35
8 75
1 19
3 99
7 61
6 87
2 26
7 82
6 72
9 66
10 22
3 80
3 35
5 76
4 2
1 27
1 78
5 17
1 66
10 25
8 84
3 49
1 95
6 89
9 88
7 35
7 34
4 97
9 98
6 32
8 62
5 33
8 72
9 98
1 76
9 43
4 8
1 63
5 12
8 19
3 22
5 45
1 39
9 9
3 100
2 53
5 96
6 32
3 63
2 74
1 81
1 74
1 45
5 33
9 1
10 98
5 67
7 56
6 93
1 80
5 73
10 8
8 37
8 78
7 59
9 25
3 69
2 79
7 55
7 62
6 58
7 100
9 46
10 63
2 59
6 15
3 78
3 21
7 3
10 72
1 99
8 98
4 71
9 16
4 20
7 71
7 34
5 81
2 83
5 87
8 87
1 81
5 34
5 19
8 15
4 11
3 31
5 62
6 89
8 95
10 17
5 88
7 71
8 91
7 43
4 80
10 32
9 22
3 86
2 79
10 89
5 94
10 15
3 48
3 58
1 43
10 100
3 44
7 59
5 71
2 62
8 29
2 73
6 78
7 73
5 57
7 33
7 17
10 48
7 14
6 97
3 96
5 88
1 60
4 16
8 6
6 54
1 3
3 4
6 65
1 16
7 64
3 7
8 40
2 58
10 25
2 8
1 11
5 2
4 60
8 40
4 51
7 86
3 70
8 95
9 92
9 33
6 93
3 70
1 91
6 84
9 68
8 41
9 62
3 9
10 15
2 20
6 33
5 31
10 13
4 75
4 45
2 55
3 28
4 72
9 11
1 58
7 85
8 33
3 43
9 17
10 74
8 84
10 22
10 15
6 85
6 61
10 62
4 67
5 4
7 52
10 63
9 89
9 81
5 96
8 53
4 79
5 65
10 44
6 78
8 5
7 90
7 83
7 78
10 71
8 2
3 45
6 54
4 84
4 63
2 18
2 20
10 51
7 35
3 84
4 7
3 22
2 55
10 66
5 93
7 99
8 97
4 56
4 70
2 23
2 36
10 3
3 12
2 43
7 69
1 52
7 55
3 89
2 53
5 18
4 75
5 14
8 99
5 74
10 98
9 87
4 52
2 35
10 97
8 93
5 38
2 32
1 4
6 75
10 84
5 94
7 48
7 56
9 66
4 53
6 31
1 75
10 51
7 42
2 91
2 81
7 75
1 15
8 64
8 67
4 23
10 52
7 29
4 74
7 46
4 54
3 19
2 28
7 56
1 92
3 31
4 94
9 40
9 35
2 10
7 21
4 39
3 19
2 28
2 7
2 80
9 85
10 84
2 85
2 63
8 88
5 16
10 16
1 61
1 58
5 6
1 66
8 91
6 30
1 99
9 48
3 72
10 2
5 88
1 55
7 90
4 32
8 61
10 96
5 45
4 13
1 52
4 25
9 97
8 71
2 37
5 64
1 26
5 68
10 21
4 29
5 63
9 54
5 57
6 37
7 97
5 29
7 89
8 35
6 43
3 56
5 34
8 35
10 9
1 25
2 78
3 91
3 59
8 51
1 65
8 88
7 36
7 92
9 36
9 39
6 13
4 22
7 83
9 10
9 74
6 60
5 23
3 18
5 1
6 39
10 54
4 28
7 19
4 79
7 100
8 78
3 100
3 17
6 86
7 28
5 52
7 36
7 29
2 97
9 90
10 75
5 21
10 21
8 34
7 58
7 99
7 10
7 40
7 33
7 73
8 9
10 24
5 83
3 6
8 68
6 2
4 81
6 12
4 12
6 69
2 5
10 8
9 62
6 93
3 6
2 2
9 70
4 90
5 39
10 24
8 36
8 24
2 97
1 29
3 32
10 71
8 91
1 84
3 75
10 66
2 48
1 87
1 71
10 74
4 61
8 90
6 9
6 93
3 81
7 67
5 10
5 33
1 50
8 53
9 79
7 8
3 3
7 11
2 87
5 91
5 21
5 92
10 54
3 81
3 88
10 6
7 29
1 6
10 45
4 24
6 50
2 10
9 75
7 98
9 82
10 29
5 31
8 58
10 87
5 39
7 94
7 38
1 5
2 55
3 75
5 70
1 71
2 25
7 35
1 93
6 12
5 54
1 67
9 52
9 68
7 76
2 6
4 80
10 47
1 76
3 94
9 34
10 94
7 93
5 9
3 74
4 34
8 84
2 97
3 55
8 94
5 3
4 14
3 27
6 38
5 16
8 88
1 8
7 76
3 73
8 31
2 99
1 40
6 24
6 69
6 85
7 33
10 58
1 76
9 2
9 59
8 100
5 98
10 20
4 72
9 7
8 30
6 19
6 5
2 25
5 6
10 36
4 59
9 55
10 93
3 95
9 81
3 64
3 36
8 71
7 74
2 68
8 95
6 30
7 89
2 64
10 18
2 67
4 47
10 2
10 77
5 77
3 44
9 91
1 30
9 3
2 43
5 99
1 8
4 44
8 36
8 33
9 47
1 66
2 38
5 52
2 56
7 32
2 9
2 10
8 52
2 78
7 58
2 90
8 54
4 41
7 60
7 51
7 43
5 5
8 38
9 21
7 54
2 97
8 43
6 89
9 46
9 46
1 12
3 78
3 69
7 50
8 58
6 51
7 40
8 60
6 31
1 29
6 91
4 22
1 23
6 44
1 88
4 65
1 52
1 62
3 45
2 49
5 88
8 21
9 79
3 48
2 60
7 83
8 27
9 45
2 40
7 50
9 1
6 7
5 79
3 19
3 29
1 60
8 81
1 72
2 56
2 8
3 49
10 100
3 90
6 73
4 62
7 3
2 75
2 70
10 60
1 97
6 35
8 2
6 82
3 29
10 15
2 99
5 34
9 99
9 11
6 50
7 86
1 100
4 100
8 35
2 59
1 95
5 41
10 83
1 50
1 76
10 100
9 19
3 16
10 22
7 64
3 12
8 19
3 61
10 82
8 67
3 13
4 46
9 49
9 67
8 85
8 84
1 11
1 100
7 91
1 70
7 27
9 75
6 78
1 10
8 23
10 9
8 77
3 58
7 41
3 71
5 12
8 46
8 36
1 100
6 2
7 26
6 10
9 88
1 86
1 70
7 12
1 76
1 84
4 22
8 95
3 25
10 94
2 34
10 6
3 20
8 21
3 40
6 87
9 94
4 36
5 58
5 9
6 2
5 5
4 91
3 77
2 95
8 88
5 31
8 47
4 61
7 93
7 5
4 99
5 100
3 27
7 78
1 70
1 19
8 20
4 85
1 24
6 84
1 1
5 66
5 53
7 14
3 97
1 76
8 66
5 92
7 7
1 37
2 63
4 41
10 18
10 67
1 84
5 52
2 30
6 34
9 98
10 19
4 57
4 14
3 16
7 69
2 9
1 48
9 92
4 98
9 74
9 70
4 93
10 43
6 90
7 69
4 24
5 36
6 50
7 43
2 29
3 40
3 40
3 55
4 5
6 4
5 73
1 81
3 79
1 97
3 49
3 48
9 64
8 25
3 47
5 43
8 81
7 39
10 92
6 45
5 41
6 37
10 62
6 10
6 33
8 87
7 88
2 10
2 54
6 23
5 17
10 57
6 23
1 52
3 42
4 43
1 98
10 100
4 37
2 83
8 69
10 28
2 14
10 77
1 14
8 96
2 31
10 33
3 57
7 73
8 49
8 28
5 6
4 37
9 27
3 40
5 93
4 27
10 99
4 74
5 24
6 86
6 98
7 89
8 33
3 92
9 82
5 45
10 38
7 96
3 39
9 18
8 67
8 50
1 44
7 93
10 16
10 28
7 65
3 31
6 49
7 88
6 20
3 74
7 75
8 82
3 18
5 93
9 33
8 16
5 85
1 21
9 29
2 14
8 8
4 88
4 35
10 57
1 84
3 7
2 99
7 14
9 67
8 5
