8 5
7 33
5 80
7 26
9 15
2 81
3 14
4 37
8 6
3 94
3 32
1 63
7 66
6 99
1 52
4 20
2 32
9 27
1 95
2 54
1 60
5 73
4 46
1 73
6 25
2 22
6 22
7 4
3 50
7 25
5 41
1 30
2 80
9 59
8 73
9 33
2 74
9 1
7 58
9 67
2 43
4 96
2 49
6 60
4 69
1 72
7 49
7 1
2 53
7 67
10 74
6 33
10 55
7 93
6 14
7 59
9 17
2 95
7 77
9 45
5 24
10 97
9 15
7 68
9 32
1 19
2 90
1 62
6 29
6 29
4 82
4 34
2 45
1 40
3 83
1 97
3 47
8 25
1 27
7 52
9 31
2 61
2 74
4 70
10 54
3 49
6 63
10 44
8 68
7 5
10 58
7 96
2 69
4 31
2 22
9 49
9 6
2 66
6 34
7 91
1 64
7 45
6 25
1 9
2 54
8 27
2 23
2 20
8 56
1 3
9 75
2 62
8 15
5 83
8 1
8 50
7 4
7 82
7 39
5 52
5 70
6 39
9 73
5 63
4 23
1 77
8 10
1 16
8 25
7 91
9 47
2 26
5 74
3 54
2 57
4 38
3 54
10 8
9 57
7 5
6 49
4 33
2 72
10 59
4 20
7 6
5 89
10 4
4 78
4 31
1 36
4 6
2 57
7 2
3 86
9 48
2 88
9 76
3 9
7 6
10 71
10 80
1 38
8 79
5 88
2 72
3 71
10 14
9 34
5 9
6 12
3 86
3 18
5 72
6 52
7 62
9 92
10 77
7 90
6 89
1 60
5 53
10 62
7 15
2 31
2 33
8 47
6 63
7 44
6 23
1 77
9 39
10 53
10 25
5 66
1 52
7 58
10 91
6 38
1 4
4 46
5 95
8 9
3 5
9 43
8 52
3 56
5 52
2 99
6 33
10 69
6 80
10 29
8 80
6 70
4 39
7 80
8 54
5 83
4 21
7 45
6 59
2 38
4 62
8 15
8 60
2 64
10 27
3 7
1 50
8 3
5 37
2 45
9 89
9 35
5 70
10 19
4 4
4 19
7 1
10 35
1 37
8 22
3 14
7 86
1 12
9 52
9 1
3 81
1 62
3 40
1 14
2 5
4 55
1 93
4 24
2 72
3 90
2 32
5 20
5 100
9 78
3 25
3 56
3 92
9 8
1 31
1 86
10 78
1 73
3 51
2 20
5 25
7 19
7 29
5 55
6 55
5 36
8 87
3 82
1 90
9 96
5 3
6 74
3 20
5 85
4 90
7 85
9 4
10 14
9 81
4 20
4 68
5 34
2 58
1 39
8 7
1 96
9 73
4 81
10 82
8 18
4 44
1 6
10 56
2 100
6 13
2 75
10 79
10 16
7 72
10 10
7 70
6 62
1 72
5 36
6 35
2 26
1 13
4 12
3 17
9 66
8 68
7 39
2 44
5 27
8 91
9 67
9 89
5 88
1 84
6 6
6 29
5 56
9 95
10 71
6 10
9 99
5 66
6 37
1 7
4 22
3 43
4 20
5 2
6 16
9 94
8 73
7 82
9 17
6 65
7 26
2 49
5 67
3 52
6 40
9 64
5 32
1 27
4 75
4 3
9 29
5 65
7 2
4 23
9 83
5 12
2 62
3 20
7 74
10 82
4 1
1 6
3 92
2 15
1 29
1 54
9 24
9 69
7 84
6 28
1 28
6 38
2 14
1 8
2 44
10 58
10 72
8 87
2 31
8 92
3 93
5 32
4 3
5 59
7 65
8 97
9 47
4 75
9 59
5 73
1 18
1 3
10 33
1 82
8 2
8 49
8 16
9 93
2 63
7 11
10 46
5 34
5 88
5 38
7 53
3 71
9 54
8 14
3 99
4 18
2 58
6 79
10 70
3 25
6 77
3 55
2 34
7 11
6 31
10 75
7 88
3 42
5 78
6 29
4 83
1 56
3 37
9 61
3 18
6 44
6 8
10 26
4 86
1 84
3 96
3 46
10 3
8 82
4 85
9 75
9 28
7 88
3 13
2 95
10 49
8 78
4 12
8 97
7 90
5 1
10 19
9 37
1 75
5 75
8 3
4 45
8 23
3 19
4 45
1 98
6 95
6 83
2 5
6 94
1 58
8 9
10 57
7 45
8 95
10 25
9 40
1 94
9 12
10 79
3 37
3 73
4 7
8 15
10 75
4 45
6 17
8 50
3 52
9 36
5 36
3 35
4 61
5 51
6 98
5 33
10 77
9 48
2 38
1 5
2 87
7 32
9 75
2 2
5 78
7 49
9 2
3 99
6 80
8 83
3 42
6 56
4 46
9 96
10 55
2 79
3 27
7 66
3 70
5 18
3 2
9 5
9 17
4 75
3 3
9 58
7 44
9 98
9 22
5 77
4 20
10 51
9 29
7 40
10 36
2 63
8 21
9 95
5 8
2 72
7 73
8 85
5 40
9 22
9 75
1 86
9 59
7 58
6 12
6 68
7 18
2 31
2 17
9 67
2 3
6 99
8 58
7 56
7 57
6 47
3 24
3 55
1 80
7 48
1 24
8 94
1 15
10 31
9 79
7 18
4 100
10 30
9 62
6 25
7 7
7 91
10 49
4 44
6 8
5 33
8 65
3 73
6 36
9 39
6 68
9 12
10 85
7 14
7 65
1 30
1 80
6 76
6 78
5 86
2 87
4 13
9 68
7 65
10 13
8 70
9 63
9 95
3 67
5 95
6 40
6 59
7 62
6 95
1 52
6 77
8 17
4 36
2 35
4 66
4 17
8 78
6 20
10 22
4 33
7 16
2 97
3 47
9 17
7 21
4 85
10 56
8 9
3 70
9 12
4 93
1 85
4 14
6 31
6 6
10 4
5 7
6 50
8 86
6 3
8 92
9 7
6 7
2 68
6 31
10 58
3 42
3 97
3 57
6 4
2 9
5 56
10 19
8 74
9 100
5 34
6 97
7 25
6 75
7 98
10 74
9 33
2 80
7 56
4 25
4 68
4 10
5 100
1 23
10 29
7 87
8 70
2 4
8 87
5 15
4 82
4 73
2 61
2 47
8 87
6 40
8 5
9 70
8 37
1 9
7 55
4 28
5 37
5 20
8 73
3 55
6 37
6 58
7 94
3 24
6 22
7 75
10 89
9 68
9 59
5 67
8 25
5 61
7 89
2 91
4 15
4 40
10 42
1 91
6 9
6 82
5 20
4 63
1 67
10 45
8 21
2 47
9 77
10 25
9 14
8 68
8 58
1 89
5 94
7 78
7 96
3 57
10 98
1 26
2 83
1 48
4 16
7 47
6 81
4 21
2 45
4 18
7 48
6 39
2 37
9 64
1 33
5 22
6 19
10 37
3 5
8 1
2 80
1 16
4 72
7 36
4 38
5 63
4 7
10 93
8 6
5 33
10 15
2 1
5 93
10 79
4 97
10 77
4 84
5 94
2 70
10 78
7 25
4 5
9 50
3 11
7 63
2 69
2 2
5 52
3 14
3 42
4 84
5 75
10 65
10 77
2 31
6 96
10 25
2 21
4 17
9 10
6 45
5 92
2 78
10 61
7 74
3 33
2 13
3 68
3 42
1 48
6 55
3 2
2 43
1 12
3 4
2 38
1 39
1 41
3 28
1 60
6 22
9 8
2 59
2 11
8 13
10 1
9 99
2 2
9 11
1 56
7 80
2 77
5 31
5 38
1 30
6 80
9 30
2 14
8 44
3 100
3 8
4 23
9 93
8 23
3 16
7 26
1 67
3 73
1 82
6 46
6 62
1 41
10 62
5 72
10 23
2 44
5 55
9 57
10 11
9 70
9 39
9 1
1 31
4 14
1 27
5 12
9 23
6 52
1 53
5 55
9 93
10 10
9 3
4 9
5 80
1 81
10 19
8 59
1 39
7 15
8 47
9 10
10 17
9 68
1 92
1 1
10 24
9 59
7 60
7 49
7 64
9 79
9 21
1 95
3 55
3 52
1 22
7 42
1 64
4 90
7 70
2 95
1 22
5 62
1 50
3 22
8 28
2 97
2 33
4 20
8 63
10 26
2 87
4 21
1 5
1 29
9 4
6 13
10 42
4 47
4 16
5 48
10 74
6 22
1 35
5 16
5 92
9 100
1 3
9 55
9 38
8 21
8 62
2 95
10 84
3 55
1 55
2 40
1 20
5 99
3 74
1 81
2 56
6 63
9 58
4 40
7 69
6 7
9 48
6 77
10 72
2 97
6 46
1 51
2 76
5 59
1 15
8 53
8 33
4 58
8 67
4 32
7 69
3 86
7 73
5 55
6 78
4 70
2 46
1 52
10 84
5 6
7 9
8 74
5 33
5 41
5 99
5 15
10 2
2 58
7 26
1 8
4 42
4 9
10 67
7 26
7 59
7 37
9 29
2 69
9 98
2 53
1 14
4 49
8 20
1 52
8 86
3 50
4 41
8 7
2 21
4 41
3 69
6 47
3 75
7 38
1 80
5 29
8 31
