5 51
10 37
8 99
10 22
6 34
3 88
2 14
10 24
10 67
2 19
6 43
7 97
10 94
2 1
3 82
7 55
6 64
1 73
7 97
1 43
6 76
7 41
2 61
4 4
1 43
5 6
9 75
10 22
5 71
9 12
7 70
6 41
9 25
10 68
9 34
8 53
1 12
9 55
3 68
2 94
7 95
6 82
10 82
4 35
6 27
3 42
7 73
7 32
6 87
6 82
9 34
5 1
8 58
10 65
4 7
1 18
9 65
7 79
7 57
8 47
7 3
3 77
7 6
3 91
4 47
3 95
4 66
2 67
2 29
5 40
3 27
8 42
8 38
9 85
4 98
9 56
2 19
6 75
8 41
4 100
4 63
3 16
2 1
7 79
8 87
4 50
5 31
8 84
1 78
9 45
7 80
1 27
6 43
3 55
6 63
7 24
7 28
6 15
9 27
1 8
3 18
5 80
10 12
1 4
8 93
3 6
5 92
10 47
8 3
5 93
2 47
2 90
8 94
3 22
7 45
1 87
2 51
4 27
3 93
5 8
5 11
7 7
6 17
9 10
1 51
1 65
2 46
5 68
10 85
9 24
5 11
8 87
2 51
8 14
6 50
5 78
7 24
10 10
7 36
3 85
5 50
9 68
3 31
1 11
6 88
10 13
9 68
8 13
2 100
9 17
4 44
8 86
10 84
6 59
10 52
2 11
9 98
6 12
2 47
7 38
5 9
2 85
6 76
5 21
9 3
9 44
4 46
3 66
3 18
4 88
4 53
10 37
3 41
8 99
5 84
2 75
4 15
10 13
10 15
8 54
2 32
6 79
2 65
2 72
5 20
6 22
9 60
6 11
5 29
9 88
10 49
8 15
2 49
9 75
6 62
9 97
8 55
8 83
2 56
1 16
6 72
10 18
2 36
5 88
2 40
4 63
1 51
7 93
4 65
3 45
4 21
7 90
4 87
3 38
8 63
2 11
6 28
9 79
10 94
3 97
6 59
5 64
10 100
3 59
7 1
6 30
2 27
9 29
7 82
2 42
8 67
6 5
2 54
2 29
9 57
3 82
7 94
1 31
5 20
6 30
6 18
10 6
4 16
7 57
3 55
7 54
10 59
2 34
7 87
5 20
9 89
8 47
10 1
3 29
8 2
4 45
9 20
6 21
2 68
4 6
9 81
2 2
6 56
3 1
4 19
10 84
10 11
4 59
2 84
3 88
5 46
6 77
1 95
1 71
6 53
2 82
5 93
10 66
7 53
10 23
6 58
6 9
6 71
9 42
8 7
5 14
8 41
2 70
5 87
9 25
10 48
5 75
8 32
5 35
6 90
5 12
2 56
3 76
1 39
10 66
1 90
3 82
8 70
7 75
4 92
10 93
10 87
10 41
10 12
9 59
1 64
2 23
5 41
4 15
5 33
6 73
3 8
10 84
3 10
4 9
10 34
3 17
10 97
4 58
6 50
2 32
9 66
7 81
5 73
7 32
4 17
7 91
9 23
3 64
2 16
5 64
4 52
10 36
4 83
4 72
7 74
10 13
6 1
7 33
6 55
4 34
8 78
1 30
9 29
10 7
9 28
1 43
4 44
5 30
10 48
6 3
10 76
7 14
9 28
3 12
9 61
6 34
10 40
3 39
2 68
1 19
7 91
10 39
7 40
2 51
5 64
4 37
2 40
1 47
4 67
10 50
4 29
7 10
5 12
4 81
1 14
10 62
6 68
4 92
6 58
7 12
3 24
6 48
6 53
3 32
6 83
6 39
2 16
6 99
3 89
1 86
4 84
2 71
8 43
9 9
6 76
6 27
7 43
8 84
9 1
10 6
1 95
5 82
3 11
2 74
3 11
10 95
10 58
2 82
3 5
5 71
10 39
1 6
1 46
6 30
10 87
5 51
7 4
5 64
10 24
9 70
1 87
1 28
7 76
8 47
4 6
10 90
8 87
10 100
6 100
5 78
6 2
9 69
6 93
8 56
7 24
9 95
7 52
4 84
9 6
8 47
7 28
1 93
8 4
9 97
4 94
5 76
4 55
7 27
4 55
6 71
7 51
2 33
8 99
1 20
1 24
9 52
3 14
1 93
3 66
4 77
2 39
1 27
7 99
5 57
3 88
10 21
3 45
3 92
2 91
2 60
2 18
2 84
8 5
10 2
5 73
7 60
5 39
10 88
9 84
2 63
5 27
10 77
10 65
5 72
4 9
10 47
7 19
9 10
2 27
2 27
8 57
3 67
3 35
8 99
3 99
4 30
6 13
7 77
1 5
4 10
6 72
9 50
7 37
10 50
10 20
3 53
7 17
6 76
2 38
8 11
3 36
7 12
6 41
8 74
9 44
8 17
2 36
2 32
9 26
9 68
6 82
3 19
6 79
2 81
2 68
2 65
2 47
4 59
3 68
9 47
1 81
3 57
2 78
10 22
4 76
3 12
5 20
10 19
10 81
2 61
3 78
10 96
4 67
5 62
9 4
3 6
4 17
6 14
4 53
5 40
1 49
9 55
5 23
3 98
3 36
9 92
7 60
2 1
4 98
7 49
9 76
3 39
5 17
6 52
4 81
9 82
3 18
3 31
8 21
9 91
9 17
1 11
8 4
2 84
10 35
3 8
7 93
9 80
1 15
1 11
10 67
1 7
7 51
1 62
5 42
6 84
7 74
8 100
9 53
4 5
2 17
4 95
6 78
1 87
1 4
1 44
9 47
10 76
4 28
2 39
6 33
6 70
1 72
6 97
3 36
1 55
7 78
9 19
10 76
4 24
1 20
1 97
3 64
1 64
4 13
8 34
8 34
9 97
3 7
8 80
10 95
8 7
10 40
7 19
8 66
6 41
8 11
4 80
5 70
10 56
10 69
1 91
9 34
3 88
4 99
5 39
1 70
2 72
4 48
10 26
8 24
10 28
2 45
4 16
5 13
7 4
2 74
9 67
10 4
10 20
7 56
1 65
3 95
7 27
10 30
2 54
7 43
1 25
10 2
3 49
7 54
7 7
3 3
2 12
9 76
9 64
1 73
5 79
8 73
9 20
5 26
9 18
10 70
3 18
8 13
7 76
6 45
1 71
1 3
8 20
8 51
5 85
5 96
9 67
5 61
7 70
2 28
1 59
3 82
7 73
7 36
1 27
8 68
5 45
7 16
9 86
7 92
6 67
5 23
9 22
8 61
7 70
7 72
10 67
8 78
9 14
1 9
4 36
2 22
5 48
8 32
10 54
2 8
6 69
8 72
10 89
7 53
2 80
4 38
10 28
1 78
10 43
8 57
6 93
7 8
7 66
1 52
2 16
1 62
6 88
4 29
10 99
6 15
1 91
2 57
2 73
10 31
9 54
1 85
3 52
3 88
1 87
6 40
2 56
10 35
7 88
4 71
9 72
5 90
2 76
5 31
6 77
5 8
6 71
3 35
4 56
10 70
3 13
5 72
9 91
1 97
4 29
10 70
6 16
8 31
10 39
4 50
8 86
8 90
9 55
9 80
2 30
4 29
4 54
2 72
8 51
4 95
7 26
3 62
4 27
3 16
9 40
1 28
1 80
4 20
5 38
10 4
3 36
3 93
5 7
9 48
7 74
2 42
6 99
9 51
3 46
4 21
3 42
1 27
5 69
8 90
1 76
3 11
3 44
3 82
8 99
9 84
4 15
6 77
6 10
1 89
3 59
1 1
1 65
2 16
4 27
2 25
9 32
1 97
8 68
8 54
7 87
5 3
10 94
2 77
4 33
9 28
1 64
8 24
4 23
1 19
9 44
3 24
2 91
2 17
1 70
3 34
7 15
10 95
10 47
3 32
4 61
2 43
8 80
1 71
5 18
7 64
3 42
8 96
5 32
4 57
5 69
5 36
9 66
5 78
6 59
3 37
2 5
7 52
4 3
2 97
6 2
3 59
3 36
3 80
8 33
4 15
2 81
8 47
4 37
1 14
8 64
7 33
1 34
5 81
5 94
1 26
5 16
5 8
10 62
9 40
5 7
4 93
2 7
7 100
4 47
4 5
7 68
9 59
4 80
9 32
3 19
10 43
6 96
3 51
2 77
8 33
5 1
1 21
6 1
7 26
5 82
3 52
1 98
4 28
5 6
8 63
1 99
8 67
1 74
3 87
7 31
4 34
1 77
1 68
4 93
10 77
2 52
2 91
4 54
8 55
7 97
1 47
8 15
1 27
4 93
7 86
3 94
5 12
1 60
1 42
6 25
1 38
8 57
6 34
1 64
7 32
5 40
9 56
4 94
8 22
4 38
2 22
8 52
1 6
9 77
1 28
5 23
4 65
9 58
1 13
1 73
1 92
9 45
1 78
7 88
10 81
1 85
3 49
9 87
10 77
10 93
8 67
8 51
3 92
6 43
8 36
6 35
10 54
2 42
6 45
5 53
5 98
10 17
3 57
10 54
6 47
9 52
1 18
1 7
5 93
9 16
4 87
4 8
8 3
10 31
3 53
7 34
4 88
8 59
7 47
3 26
9 47
5 14
