9 54
6 79
1 17
5 29
2 90
7 61
9 22
2 85
5 86
1 17
9 35
6 71
2 75
6 87
9 57
1 36
4 69
5 18
1 34
8 26
3 48
5 99
9 2
7 15
8 61
8 95
7 55
10 8
7 4
2 67
2 19
10 12
6 49
4 32
3 90
8 28
10 49
9 42
5 6
9 30
2 59
9 58
4 1
10 60
7 33
5 57
4 11
9 57
2 73
6 64
1 30
3 28
6 55
2 61
6 75
10 93
9 47
6 50
2 63
4 21
6 17
6 42
2 57
5 38
6 47
5 61
1 93
2 58
9 74
10 88
6 60
1 18
4 23
4 19
3 56
8 33
7 53
9 64
10 30
6 40
5 69
1 84
3 59
10 25
5 44
7 47
10 78
5 18
5 57
9 29
9 45
9 48
2 34
1 21
1 29
7 79
6 13
8 86
10 9
1 70
5 68
4 54
4 79
6 56
5 63
4 65
1 100
9 36
4 6
9 96
3 51
5 26
2 49
1 52
4 34
8 84
2 46
7 6
5 46
5 94
4 23
6 25
3 29
7 43
9 30
2 45
6 63
9 54
10 30
5 8
10 43
10 73
8 93
5 49
5 4
2 85
1 94
9 11
4 99
6 61
4 6
5 32
6 9
4 19
10 64
4 76
4 7
3 99
9 87
3 97
4 63
3 72
10 52
9 50
8 70
2 11
3 34
1 90
7 62
7 44
10 43
2 99
7 87
7 78
10 34
7 9
2 87
9 33
4 25
6 58
6 75
8 13
1 34
7 65
3 81
5 74
3 79
9 25
5 74
7 15
3 95
1 21
1 15
5 73
6 61
9 52
6 21
7 75
2 33
8 67
2 95
3 24
5 36
10 59
6 92
10 38
8 18
1 49
1 83
2 75
5 47
3 34
10 57
3 36
9 89
7 47
4 79
1 64
6 6
2 47
8 30
6 59
8 15
4 90
6 100
4 88
2 53
8 90
8 1
10 21
7 100
2 97
1 9
9 40
7 100
1 31
6 71
1 53
3 66
1 78
6 1
1 20
2 74
6 2
10 72
5 29
9 36
4 29
9 66
2 36
2 32
9 38
7 51
10 61
4 15
10 71
5 22
6 34
8 93
7 24
6 48
6 2
10 27
10 99
4 97
4 13
2 100
5 84
2 87
4 42
1 82
3 68
2 8
4 91
1 64
6 31
2 77
6 37
6 78
9 88
10 95
10 99
3 78
2 81
2 15
3 22
5 75
10 1
3 23
2 35
8 1
8 63
4 47
8 61
1 17
9 26
6 39
3 2
5 100
8 41
7 89
4 26
2 21
6 38
3 9
2 86
8 73
7 21
4 87
6 92
6 33
4 51
4 33
5 69
7 3
5 33
7 63
4 21
1 38
8 87
4 93
10 87
4 40
7 27
10 13
7 43
7 63
10 30
3 26
1 77
5 63
4 47
10 73
9 73
7 72
8 61
7 84
9 86
2 62
9 7
7 71
3 33
6 74
9 23
1 21
1 65
9 36
1 5
7 98
6 39
1 4
9 55
4 84
4 77
3 11
8 76
7 56
3 60
2 49
10 82
7 7
9 2
4 2
10 26
9 30
3 2
10 39
3 20
6 80
1 38
7 67
8 54
3 5
4 65
7 40
5 60
9 43
6 88
7 9
2 54
10 18
6 99
1 15
10 74
8 97
2 21
7 98
3 89
9 72
6 71
6 50
3 3
3 17
1 47
8 56
4 65
3 57
5 54
9 37
7 32
8 86
2 91
7 83
7 89
2 41
3 12
3 41
4 9
1 42
1 98
1 57
2 51
8 40
2 74
5 29
6 79
4 72
4 4
10 32
9 79
2 46
10 73
3 83
2 57
6 94
6 82
1 14
6 45
1 62
7 81
8 27
6 33
8 90
4 4
1 19
8 17
10 98
10 93
2 6
2 3
9 19
10 50
2 85
7 98
3 55
9 36
4 62
3 24
6 36
9 98
1 82
6 37
1 62
3 57
5 52
8 15
8 51
7 15
6 60
7 9
2 92
3 74
6 68
5 78
4 83
8 55
6 43
1 30
1 44
8 61
3 54
9 45
3 34
7 65
4 32
7 12
1 88
3 97
10 60
1 65
4 82
9 71
6 27
8 76
4 28
4 68
9 84
10 22
5 7
2 79
8 81
7 15
10 40
3 93
1 73
8 4
2 90
8 21
4 66
2 55
10 12
3 43
4 66
5 8
5 62
5 82
9 27
5 28
1 67
5 36
5 52
10 64
8 94
4 82
1 80
3 55
1 15
1 98
9 16
4 33
5 32
2 22
9 34
2 68
10 82
7 20
9 50
1 51
9 98
8 69
3 21
5 73
1 66
5 4
5 93
7 48
8 32
2 99
1 66
6 100
7 59
3 5
1 93
6 75
6 91
6 16
10 81
8 40
10 63
6 6
4 83
3 1
5 62
10 24
9 31
10 71
5 97
4 93
8 26
5 50
3 72
9 61
9 59
1 4
8 34
6 28
8 36
10 36
8 63
10 13
4 93
1 29
2 17
8 98
4 57
8 78
1 26
4 64
1 45
5 1
5 38
2 49
8 38
6 98
4 7
2 76
9 23
5 58
9 5
6 60
2 14
10 18
6 40
3 58
7 61
10 51
10 47
6 86
6 91
1 41
1 13
5 27
5 15
4 46
8 97
3 65
3 45
8 46
3 19
2 63
5 37
8 6
6 54
5 23
8 21
1 71
6 49
6 6
1 71
6 29
7 100
1 79
6 53
8 27
4 97
6 67
4 59
10 99
1 54
2 99
3 2
6 39
3 91
10 15
10 40
6 12
1 66
3 10
2 4
2 99
2 17
10 9
8 84
10 48
10 19
5 59
3 47
3 85
7 80
7 44
7 50
5 70
8 48
4 35
8 17
7 68
9 16
2 10
4 69
10 95
9 86
1 94
7 28
2 21
10 96
3 53
9 85
7 71
5 1
2 38
9 7
10 100
7 56
7 85
4 44
3 95
6 86
4 10
10 53
9 68
8 57
9 19
7 37
4 91
2 69
7 31
5 23
3 93
8 65
7 39
3 86
4 24
4 44
10 25
3 21
7 24
9 98
4 74
10 78
2 30
6 29
2 21
9 6
2 78
6 54
1 80
10 66
5 58
3 11
6 51
8 54
1 59
9 84
10 42
7 8
2 88
9 5
2 25
1 54
3 16
9 3
2 51
6 46
4 54
6 84
7 57
5 75
1 68
4 85
7 50
8 87
9 38
1 91
3 71
4 84
1 57
3 33
4 1
2 5
2 10
3 82
3 3
3 79
9 47
10 37
3 87
4 34
5 50
8 62
5 42
6 60
4 15
10 27
5 62
1 2
2 36
10 77
1 21
7 68
9 56
9 42
10 85
3 59
1 82
10 63
5 27
8 74
7 92
8 97
8 69
2 3
4 31
9 98
6 6
7 44
8 83
10 11
2 51
2 60
9 45
5 16
10 93
2 41
7 14
4 24
6 96
6 50
10 35
8 40
10 15
5 40
9 45
9 17
4 78
3 67
5 3
9 88
2 17
9 95
7 84
6 36
7 4
8 69
7 48
3 88
10 63
2 4
8 92
1 78
3 1
3 30
10 52
8 28
8 55
5 35
10 71
7 59
2 40
1 78
5 54
10 97
6 35
5 20
5 14
10 18
9 78
3 22
10 65
4 75
1 7
9 96
3 41
5 8
7 90
8 2
4 62
8 7
8 47
9 72
5 74
5 16
6 14
2 83
2 24
10 74
3 68
2 68
2 15
7 56
3 10
7 77
1 27
7 91
2 59
8 64
2 12
6 4
2 28
5 57
8 35
5 16
7 87
9 65
1 10
1 81
5 90
9 31
2 60
4 72
10 58
1 28
6 24
4 26
7 50
1 56
8 1
7 37
1 43
9 64
5 69
6 90
9 28
8 16
5 79
7 82
10 85
6 68
1 55
6 12
3 97
1 48
9 90
9 98
5 1
1 45
1 68
3 52
5 44
1 67
4 8
2 42
5 67
10 15
1 19
4 99
5 60
4 60
10 78
7 6
9 25
10 36
7 67
4 14
6 60
2 66
9 97
4 72
6 57
9 19
10 86
3 81
7 100
1 26
9 66
10 42
1 10
7 21
7 30
7 89
7 98
8 19
8 3
1 79
2 43
6 34
4 55
10 5
6 1
9 49
4 16
10 1
3 37
1 52
9 94
8 64
9 18
8 8
2 51
6 79
3 80
1 97
7 14
7 88
5 47
1 88
10 86
4 3
4 94
3 65
4 61
5 87
4 25
3 31
3 84
2 96
3 69
10 57
5 19
10 77
10 97
7 28
1 27
2 37
1 65
8 11
3 29
2 63
10 83
7 85
5 2
9 87
4 2
2 96
2 42
5 48
6 92
10 17
4 99
4 82
4 37
8 40
2 61
7 91
8 88
8 3
5 5
5 100
1 98
8 95
8 96
8 86
8 39
4 48
5 46
6 87
3 70
10 86
9 69
2 60
1 23
