4 90
3 15
8 57
5 82
9 85
4 26
1 24
7 87
9 63
10 60
3 17
2 22
4 33
2 46
10 67
8 78
10 100
9 5
7 39
7 36
6 67
6 36
2 34
2 11
4 10
3 27
5 20
2 66
8 48
6 24
9 81
4 55
9 34
10 98
4 12
4 56
10 3
9 99
1 84
6 49
6 57
3 35
1 5
2 14
1 26
5 88
10 25
4 88
9 33
8 61
3 9
5 49
4 8
5 29
8 75
7 62
7 42
7 60
2 79
4 14
1 32
9 86
7 44
4 73
9 18
10 12
10 81
10 36
10 20
7 40
9 10
8 13
9 74
7 54
2 94
10 46
3 26
2 79
2 21
1 64
3 47
4 23
7 69
8 21
5 29
6 19
4 34
4 44
3 61
7 53
9 59
5 37
6 16
1 81
5 80
6 91
4 61
6 36
8 60
9 79
3 25
10 67
6 2
9 28
4 23
6 93
9 61
2 35
1 2
2 70
10 50
4 27
10 96
9 28
5 86
6 71
7 94
3 42
8 30
3 24
8 100
2 39
8 49
7 98
5 28
5 9
7 70
5 31
8 15
4 92
8 76
1 45
9 25
2 70
10 91
4 90
3 92
9 98
10 46
8 12
6 65
3 50
1 72
3 96
8 36
5 83
9 29
10 4
3 26
9 49
1 16
8 35
2 51
4 62
5 1
8 45
5 95
9 1
6 73
9 98
7 62
6 21
6 98
7 45
4 93
7 81
6 94
5 71
2 36
8 3
10 8
4 99
10 40
5 79
5 72
10 76
10 60
2 46
1 50
5 100
6 86
4 49
9 56
8 33
4 37
9 61
4 66
9 96
6 34
5 62
8 98
3 63
10 100
3 66
5 82
1 76
1 73
6 53
9 82
2 14
8 12
3 52
1 56
9 100
10 39
9 28
2 46
8 83
6 68
1 17
6 69
4 74
6 62
6 22
8 73
7 85
5 78
5 92
2 61
8 28
7 56
4 20
9 45
1 51
1 25
1 20
1 3
9 62
2 56
2 54
6 8
7 91
3 84
7 90
8 94
3 68
7 41
3 6
1 54
7 48
10 20
6 98
8 85
8 91
1 65
1 99
9 16
5 56
5 72
1 41
7 81
9 56
3 38
8 94
10 1
8 6
10 87
2 82
4 38
2 46
5 7
10 67
7 60
8 31
9 35
7 9
4 57
6 3
8 47
9 97
2 15
7 84
8 27
1 43
1 38
5 50
5 48
7 32
6 77
5 58
10 49
5 98
5 87
7 86
5 96
7 21
9 71
5 43
8 44
4 38
2 62
4 9
5 14
6 61
10 50
8 98
7 2
7 12
6 86
6 93
5 36
3 84
7 90
4 98
4 37
5 8
6 45
6 37
7 34
9 19
7 87
5 14
1 21
5 60
3 43
1 63
9 25
9 93
4 27
3 3
5 40
6 82
9 12
1 46
8 88
9 76
3 97
7 88
9 12
5 40
10 96
10 49
6 41
7 4
10 62
2 92
9 4
8 18
3 74
4 65
2 52
7 86
6 7
9 45
4 18
9 34
5 76
1 66
5 66
9 5
5 80
2 21
10 48
8 74
2 100
3 6
4 98
9 51
10 45
7 36
7 34
9 13
10 25
6 19
1 86
2 44
1 28
9 99
4 94
4 97
4 73
3 17
6 82
9 77
7 92
8 98
3 53
3 61
9 51
7 64
7 10
1 78
6 7
2 2
4 64
8 47
7 9
9 89
9 39
3 99
9 67
4 95
7 48
2 18
4 66
10 93
6 75
4 29
1 12
2 62
8 19
9 4
1 9
6 3
5 83
2 45
7 19
7 62
4 37
10 84
1 43
3 1
9 87
1 79
2 35
7 70
6 15
9 81
3 88
1 10
5 32
7 52
9 63
9 60
7 65
1 88
10 54
5 93
9 19
1 27
6 85
4 39
1 84
5 92
4 19
8 23
8 60
10 86
2 16
6 17
8 28
6 65
7 89
8 60
8 46
9 65
3 50
1 72
8 46
4 79
2 5
3 30
3 37
6 13
8 29
10 24
8 82
6 14
9 67
7 47
5 90
5 81
8 44
6 3
8 93
5 21
2 90
8 19
1 52
3 8
6 18
2 78
9 3
5 61
2 93
7 86
2 78
3 32
5 49
10 93
10 1
7 74
3 27
2 89
1 13
1 31
4 40
9 27
6 70
7 37
1 85
10 25
2 29
5 32
4 69
4 37
7 14
7 34
5 67
5 44
6 88
7 54
10 74
10 70
9 97
6 23
8 95
4 79
1 65
8 27
1 39
7 41
8 15
10 34
1 3
10 6
5 13
5 65
10 89
9 36
3 99
9 57
4 29
8 16
6 72
5 20
5 15
5 50
4 62
3 56
1 62
5 41
7 52
4 45
4 24
4 93
7 95
3 9
5 46
1 22
6 16
4 31
5 2
8 91
10 93
9 34
3 60
1 2
10 69
2 48
4 95
1 24
10 58
2 26
6 75
7 91
6 79
7 84
9 51
6 41
4 89
4 35
5 42
5 96
3 100
7 60
6 83
3 82
5 45
10 31
4 18
3 64
4 14
2 43
3 66
3 36
9 71
5 95
9 67
3 64
6 100
6 72
2 23
5 18
7 10
6 95
1 83
8 72
8 41
4 97
8 76
9 51
3 53
6 18
3 20
10 86
4 63
8 68
8 44
6 82
3 78
10 19
5 96
2 28
5 16
10 36
1 60
7 55
9 8
1 72
5 48
10 41
1 91
9 72
10 5
5 4
10 25
6 88
2 36
3 52
6 31
8 86
4 35
3 52
1 68
3 78
3 47
8 6
6 33
9 40
10 82
2 40
5 87
10 31
6 56
2 7
1 69
3 18
10 48
4 54
2 37
1 74
5 30
6 97
9 66
1 37
1 96
3 3
9 12
10 54
10 34
10 94
8 92
3 80
10 4
5 8
5 98
1 2
7 96
10 1
1 92
5 38
1 42
4 61
5 87
6 35
7 94
7 49
6 91
8 56
2 10
8 90
7 77
7 29
5 82
4 63
2 40
1 27
3 69
4 58
8 38
1 85
5 15
4 87
10 5
3 27
7 78
6 6
10 49
8 43
5 23
5 51
7 78
8 64
7 8
4 69
7 63
1 16
8 69
7 81
9 63
8 75
9 49
1 2
4 57
10 72
3 75
8 76
7 73
7 1
6 87
1 71
4 72
4 89
6 77
6 55
7 2
6 50
8 2
5 42
2 70
9 41
6 19
6 95
5 75
4 70
2 63
7 87
10 43
2 62
2 10
7 68
9 36
3 3
7 10
8 4
9 53
2 92
10 11
10 12
2 91
7 11
5 83
8 66
5 85
8 21
2 60
10 37
7 66
3 94
4 11
8 66
6 76
2 47
4 65
2 82
1 72
3 33
5 52
4 24
6 34
9 1
5 40
5 17
2 44
5 31
8 96
1 32
8 88
3 89
2 99
7 86
7 16
7 55
2 53
1 65
1 74
7 46
9 13
4 90
2 14
8 11
3 43
4 96
1 77
1 18
5 41
9 19
10 17
9 89
4 51
1 80
3 21
5 20
9 56
7 53
2 32
6 52
7 72
10 83
3 95
7 46
1 10
9 15
8 68
5 47
9 61
5 65
5 27
5 91
9 92
2 25
9 73
1 76
2 7
10 44
5 74
5 13
6 58
4 7
8 97
7 37
9 99
7 14
4 76
1 67
1 66
6 100
10 55
8 38
4 53
6 69
5 93
3 72
6 82
2 50
8 68
4 96
6 2
8 89
1 72
6 73
1 37
5 43
2 40
5 50
1 22
2 51
8 10
7 69
10 1
6 54
10 81
5 94
10 13
1 63
5 70
6 56
5 5
10 82
2 82
9 100
1 29
4 34
10 23
5 86
3 100
8 56
7 4
8 45
7 96
8 39
5 80
2 92
9 19
8 48
3 27
4 20
9 54
5 89
6 98
2 70
4 82
1 36
9 69
1 72
7 80
6 90
4 24
4 29
9 54
9 34
2 100
6 50
7 89
10 41
10 45
5 85
4 15
10 21
3 76
6 83
8 64
10 76
7 27
10 71
5 35
7 47
10 2
8 43
8 84
8 69
5 41
1 96
7 4
4 40
4 52
6 10
5 49
4 84
5 42
1 98
9 17
7 24
1 15
1 26
6 8
7 59
2 7
5 69
7 64
6 12
7 75
6 53
8 46
10 47
7 23
8 31
1 68
8 53
5 56
1 99
4 71
7 72
10 33
1 18
4 91
6 98
9 91
6 33
4 4
1 25
9 27
3 84
8 65
9 42
7 72
2 82
8 4
10 71
7 12
1 13
9 10
8 58
7 6
10 96
1 62
7 33
8 54
10 55
2 71
8 2
9 25
9 15
7 92
4 74
1 11
6 72
1 81
8 3
6 62
5 48
4 20
5 12
10 95
8 19
4 98
5 85
3 78
4 42
6 46
3 94
5 12
2 78
4 27
5 86
1 48
10 76
7 43
2 10
