8 74
2 25
8 86
10 93
10 17
9 18
10 29
10 97
4 20
4 4
7 33
3 57
6 98
6 93
2 70
8 89
3 52
10 69
7 43
10 82
7 42
8 94
1 96
1 73
6 1
10 15
4 3
1 93
10 25
1 42
6 17
6 23
2 33
5 79
4 32
6 82
7 88
9 48
9 9
5 70
9 67
7 16
4 1
3 42
6 93
1 74
1 53
10 92
2 89
3 38
6 71
2 61
1 37
4 32
8 100
7 36
3 2
1 1
9 82
1 77
9 36
6 55
7 81
8 40
2 32
6 54
1 19
10 80
9 73
7 62
4 26
3 10
5 10
6 21
2 38
9 82
10 92
5 72
8 70
3 82
1 42
8 3
10 69
4 43
3 2
7 87
3 58
7 29
6 95
5 56
2 86
1 12
8 58
6 61
2 11
6 11
7 51
4 69
3 32
2 74
4 51
9 78
9 41
4 41
9 61
4 43
3 81
3 12
1 54
3 34
1 8
2 90
10 55
8 28
8 5
1 36
2 76
3 38
4 10
9 85
4 80
5 44
10 40
9 69
10 37
7 12
7 94
5 12
9 30
3 93
3 55
7 14
1 72
7 77
6 13
4 30
6 7
7 81
4 54
5 57
9 77
7 13
10 12
5 89
5 59
2 95
2 90
7 40
6 4
7 75
5 59
6 79
1 100
7 5
1 28
1 29
7 38
9 19
2 78
9 12
1 88
2 14
3 67
10 45
8 61
6 38
7 99
8 86
4 81
1 84
5 29
2 52
2 34
3 73
3 57
8 38
8 63
8 70
10 1
8 94
3 73
5 63
1 2
8 69
9 8
9 42
3 69
2 28
1 48
4 11
4 64
5 99
6 77
1 51
9 44
1 50
3 5
2 83
3 59
10 68
5 43
2 39
2 33
10 74
3 59
8 33
5 4
4 34
9 86
1 29
6 53
2 14
9 73
5 69
4 66
5 76
1 19
4 16
2 36
9 21
7 97
3 100
9 8
9 56
6 19
10 17
3 20
2 58
7 17
7 33
2 72
8 17
2 68
8 31
3 91
3 87
5 8
2 70
10 9
5 77
8 30
9 61
3 51
9 69
1 57
5 3
6 13
1 3
3 38
9 66
7 97
10 57
7 86
2 13
7 90
3 68
10 35
3 35
6 57
10 1
2 61
5 79
10 83
1 85
1 13
3 56
9 98
5 98
6 1
3 20
2 99
7 46
4 92
8 14
7 91
10 31
4 84
1 61
1 48
7 40
9 45
8 61
5 47
9 24
5 94
1 31
10 45
3 23
3 60
6 90
2 43
1 6
8 32
9 74
8 36
7 87
8 73
4 97
4 43
8 84
2 73
1 62
4 55
6 42
8 7
1 28
4 89
4 32
10 39
10 53
1 10
7 55
1 99
4 8
10 91
3 37
1 18
5 97
2 62
1 32
2 48
4 14
5 87
1 22
10 15
7 13
10 38
6 68
3 69
6 63
6 62
3 12
3 93
4 92
4 69
2 37
1 85
8 98
8 100
6 95
7 66
4 20
5 93
9 85
1 49
2 77
10 40
2 17
9 14
4 32
10 24
2 20
7 60
7 58
8 85
5 36
5 81
9 6
8 30
6 72
10 97
5 5
4 18
8 43
8 32
5 40
10 88
4 94
3 30
3 84
9 24
2 13
8 100
7 77
5 65
2 42
7 54
8 81
2 71
6 7
4 9
4 64
8 44
4 19
5 47
1 19
5 37
9 37
3 27
2 82
6 71
3 26
8 68
4 65
8 96
9 89
4 11
4 60
10 17
8 38
7 3
10 16
10 55
3 97
7 90
10 10
3 23
7 74
8 27
6 79
8 56
1 64
10 64
9 76
7 82
7 24
9 2
2 21
4 98
6 37
7 49
4 92
10 78
2 98
7 43
6 16
4 55
5 77
5 98
5 20
4 23
8 4
9 16
9 51
3 54
9 40
10 44
7 48
10 27
2 56
5 32
2 29
8 34
6 60
1 66
9 53
5 93
1 68
2 37
3 15
3 68
7 27
8 43
7 38
10 47
3 6
1 54
4 97
4 100
6 36
9 16
3 77
3 63
5 81
4 17
5 16
10 32
6 90
4 73
4 38
8 81
10 25
7 96
6 16
4 22
7 90
6 16
2 2
7 82
5 2
1 43
10 50
6 69
1 16
8 20
3 89
1 57
10 36
5 56
1 70
6 47
8 42
5 34
4 87
3 69
3 85
10 57
4 97
6 91
7 78
7 82
2 25
3 92
8 44
6 36
1 83
10 67
4 7
1 38
7 36
4 20
3 47
4 49
5 42
1 47
8 12
8 24
6 52
10 21
4 89
1 74
5 35
5 27
9 18
9 40
2 6
6 48
2 79
10 13
5 99
9 32
2 25
8 18
6 69
4 81
4 62
9 92
9 79
3 23
4 7
4 51
9 63
5 80
7 3
6 63
1 62
9 86
10 86
7 24
7 100
8 15
1 24
9 75
5 58
5 37
1 69
5 53
5 17
5 97
8 24
7 64
4 9
3 74
1 47
10 42
6 97
2 15
2 99
6 79
8 20
4 79
10 29
7 4
9 91
2 22
10 57
2 88
8 86
10 92
9 31
10 60
2 20
1 2
9 70
9 4
10 57
6 1
7 95
1 33
5 69
2 16
9 16
6 51
8 84
10 42
9 79
8 6
2 34
5 43
2 38
6 54
8 9
6 66
9 14
2 61
1 43
5 54
8 86
6 5
8 12
8 62
1 50
3 44
9 26
8 42
4 2
4 21
3 64
5 54
3 3
8 58
5 73
5 60
6 18
7 18
10 44
2 52
1 14
6 49
4 95
8 44
4 36
5 37
8 23
9 10
4 93
8 73
6 43
10 47
1 41
9 65
3 78
8 59
1 80
2 51
1 67
4 33
2 34
2 9
10 40
2 33
9 1
10 62
7 10
4 78
1 71
8 52
5 20
6 19
9 95
6 48
5 82
8 56
9 28
7 39
2 5
2 8
8 63
5 85
2 57
3 13
9 59
8 81
3 8
4 97
9 25
9 42
6 30
3 49
2 3
1 45
2 93
7 78
2 31
5 90
3 64
9 21
4 50
5 54
6 37
4 36
2 79
6 87
6 52
9 33
7 27
2 33
10 84
3 59
1 96
5 80
10 91
6 57
4 36
6 9
5 8
6 1
9 40
10 64
4 13
6 3
6 48
6 29
2 30
6 100
10 35
3 57
2 50
7 30
10 56
6 95
3 35
10 95
9 58
10 29
5 92
4 51
10 1
4 46
6 84
8 68
10 51
9 11
6 65
10 23
10 55
6 8
5 75
3 6
6 90
9 66
1 49
4 22
10 71
6 76
4 56
9 7
1 65
6 76
6 13
2 9
7 33
2 20
2 65
9 87
8 99
1 75
4 8
10 55
10 85
8 47
6 16
2 50
3 97
5 26
8 96
10 67
6 93
1 47
5 80
3 49
2 63
7 68
1 21
5 71
7 36
3 27
5 43
9 53
7 83
3 50
3 96
6 33
7 48
5 17
7 48
9 56
10 83
1 48
6 80
6 21
3 4
4 28
3 29
5 55
8 54
1 68
6 28
1 80
4 18
1 2
9 97
3 89
5 2
2 45
8 42
5 5
3 61
10 61
8 50
4 84
8 31
4 68
7 56
2 55
4 30
5 61
1 43
2 76
2 25
10 29
7 22
10 88
2 98
6 52
9 11
5 52
10 41
9 30
6 52
3 95
2 69
2 16
3 67
10 24
1 100
2 34
9 7
9 81
8 24
6 35
6 74
4 4
3 61
10 26
4 1
6 27
9 23
6 1
5 31
10 17
1 94
1 70
1 7
2 93
6 10
7 24
5 13
5 32
5 99
1 76
3 65
5 75
7 83
7 82
2 41
3 96
2 92
8 82
3 50
7 71
4 1
1 17
4 47
4 11
8 86
7 96
1 98
10 48
2 98
10 25
7 48
5 8
5 90
1 50
10 70
2 76
6 53
9 59
1 92
10 57
7 3
3 69
5 95
3 45
9 52
2 87
9 76
6 13
10 40
4 82
3 8
3 47
5 1
6 50
10 56
1 30
7 38
4 69
2 68
10 99
3 84
8 76
1 9
10 80
2 9
8 18
2 89
8 44
2 74
6 19
2 95
2 39
10 10
6 82
2 57
10 17
2 67
3 8
8 56
7 48
10 93
8 50
9 12
8 32
10 100
10 19
3 14
6 76
1 24
8 5
7 79
10 67
2 60
8 95
4 59
9 42
6 82
8 18
2 17
10 98
3 82
10 65
5 27
9 84
7 12
5 30
10 100
6 26
5 1
10 33
4 100
8 33
5 90
4 78
10 76
4 54
9 26
4 80
6 12
8 55
8 77
2 50
3 10
5 57
3 52
9 61
6 74
6 61
7 21
1 17
9 49
3 73
5 93
5 24
5 76
5 70
10 36
6 67
10 68
8 49
10 89
7 81
4 77
9 67
6 65
8 37
7 61
4 19
6 10
