5 19
10 8
8 96
10 50
5 92
10 64
4 62
9 26
1 80
6 9
9 21
5 39
7 96
7 65
6 10
7 60
4 100
1 11
9 26
6 25
6 80
3 39
4 76
1 89
7 4
3 82
1 62
1 73
7 69
9 88
7 76
7 8
5 35
8 84
4 22
7 3
10 99
1 43
6 35
3 52
2 56
10 98
5 46
5 25
6 88
5 3
10 6
2 8
6 26
1 21
2 40
2 77
1 55
4 30
1 1
7 44
7 54
5 14
4 50
7 42
5 5
1 22
1 45
7 18
6 31
8 59
5 3
6 99
4 78
10 99
10 21
6 49
3 13
6 36
2 49
5 33
1 60
7 50
6 40
7 6
6 48
4 19
8 15
1 16
9 9
3 70
1 76
7 23
9 76
2 30
10 15
8 90
5 57
8 29
7 15
4 9
7 79
5 20
8 64
3 41
10 81
1 55
10 13
8 69
3 88
5 31
4 9
1 21
2 91
5 81
8 87
2 55
9 41
1 62
1 43
6 10
8 76
2 58
5 72
4 48
6 85
4 67
6 62
2 17
2 24
6 5
3 35
6 16
10 15
7 65
5 68
7 54
8 3
8 48
2 38
6 67
8 64
3 66
6 51
3 70
4 86
3 85
2 56
7 91
9 23
3 41
8 94
3 74
5 58
8 95
2 79
2 63
4 75
4 84
6 11
10 66
6 67
9 69
1 85
1 57
3 50
9 50
4 1
3 70
4 20
4 93
10 69
8 20
8 95
6 26
10 46
3 3
4 21
3 82
9 94
4 86
4 20
2 61
5 70
5 77
5 59
4 41
4 10
7 13
5 67
10 18
8 29
6 13
7 89
1 74
7 12
2 61
2 28
5 88
5 72
1 12
6 30
9 95
3 66
4 71
7 81
2 38
10 88
10 70
3 7
9 59
3 62
9 91
8 88
9 21
3 51
5 67
6 8
8 3
10 8
1 30
2 68
4 1
8 85
1 44
6 91
3 72
4 37
7 59
5 7
9 55
2 28
1 61
10 75
1 94
3 64
10 65
1 19
1 79
1 54
2 91
7 17
4 73
2 72
5 54
2 100
9 98
4 86
7 3
5 97
8 62
7 39
6 37
1 48
1 4
9 51
8 13
1 17
7 86
2 24
3 68
3 97
5 27
10 82
6 57
7 99
10 93
4 92
2 82
1 5
2 37
7 19
5 15
9 27
10 59
6 87
2 57
5 32
1 68
7 47
6 58
9 38
5 86
6 64
2 83
6 31
7 24
5 82
10 52
2 86
7 69
9 12
7 8
2 22
3 51
5 46
4 43
9 52
1 37
5 82
3 37
9 99
9 35
5 41
2 38
3 12
1 54
3 28
4 90
1 91
2 11
7 45
1 28
10 34
3 38
5 58
10 52
1 91
8 57
6 95
3 58
3 63
8 40
8 1
4 70
8 23
4 16
7 83
7 48
8 72
2 62
2 65
7 87
6 12
6 38
2 80
7 32
5 69
8 86
4 7
6 65
10 62
1 6
1 77
7 48
6 1
6 55
4 54
4 71
2 62
10 2
1 21
5 7
8 64
7 72
9 69
6 3
10 92
4 49
4 22
10 88
5 51
9 3
1 50
4 16
4 96
2 85
7 41
2 100
10 33
1 18
1 51
8 79
3 69
8 61
6 3
10 87
4 21
4 33
5 96
6 61
5 68
8 12
7 61
2 86
8 8
2 49
8 78
5 58
2 16
7 95
6 86
1 94
4 18
9 9
4 8
2 11
8 61
5 77
4 44
9 23
8 25
8 15
2 17
8 36
2 95
5 34
2 10
6 40
2 84
9 35
4 99
1 5
3 6
6 82
10 67
2 29
9 88
9 78
1 8
9 45
8 25
5 62
2 72
7 78
5 61
10 35
7 60
4 73
5 69
1 34
1 97
8 84
7 45
9 9
2 36
6 48
3 21
7 39
8 83
9 92
8 62
2 54
7 88
3 80
5 52
8 65
5 10
10 61
1 8
6 32
1 53
8 57
2 4
9 57
3 60
3 42
4 79
10 30
4 46
8 65
8 40
4 52
2 95
4 52
10 44
10 95
5 1
8 26
10 10
2 36
3 38
5 39
6 88
1 37
3 18
4 98
4 65
5 37
3 99
4 77
9 19
10 26
2 27
9 5
2 31
9 65
5 21
6 60
1 1
5 98
8 37
2 48
7 87
8 50
9 67
5 19
5 95
4 74
1 48
3 50
6 87
10 22
1 6
2 72
9 2
10 73
8 98
10 14
4 18
1 85
6 74
4 54
5 37
2 85
4 74
2 63
7 10
1 57
3 92
10 60
1 47
9 18
6 22
7 14
8 14
4 32
9 48
7 20
2 34
3 13
8 56
5 50
7 40
3 37
1 8
5 76
1 92
6 54
6 40
8 93
6 35
4 6
6 86
4 95
3 8
6 53
6 7
7 71
5 29
8 98
6 25
9 3
4 24
9 79
5 9
3 34
5 49
6 27
2 3
5 92
1 60
7 25
6 54
2 92
3 17
9 85
4 3
2 91
4 77
3 27
6 39
6 91
1 87
4 16
9 84
6 78
7 38
4 82
3 98
3 71
10 67
4 28
8 67
3 69
10 65
1 21
7 73
6 21
2 11
10 19
2 72
9 10
2 49
5 50
8 54
5 76
5 17
1 61
5 40
7 88
1 29
3 29
4 72
6 95
1 59
7 66
3 3
9 28
1 95
7 59
5 26
3 73
9 33
3 82
7 95
4 10
10 54
5 51
1 82
2 54
3 16
1 100
8 18
1 83
5 39
5 51
10 79
4 67
3 100
7 1
10 39
5 47
2 14
8 71
8 39
1 90
7 71
3 85
1 36
7 76
2 12
7 32
4 60
1 13
4 46
3 73
4 76
3 73
2 78
2 2
9 38
5 23
5 74
5 45
10 6
5 59
3 48
3 37
6 70
1 1
5 63
5 87
10 3
4 14
5 46
5 50
4 79
2 60
4 14
3 76
7 51
1 15
6 5
10 7
6 76
3 60
5 51
10 69
1 15
4 75
6 85
2 77
4 7
2 57
2 15
8 35
8 11
7 97
6 53
5 20
8 86
7 46
3 70
8 60
6 33
6 99
2 61
2 50
6 9
3 84
2 61
1 16
9 71
1 41
5 14
4 42
6 53
3 86
8 68
6 45
2 52
7 95
4 69
5 89
6 42
5 63
6 59
8 45
10 82
8 46
4 77
5 67
5 44
9 85
1 49
2 11
7 20
3 10
3 40
5 26
3 49
4 70
5 11
5 45
1 29
7 21
6 38
8 81
3 88
6 50
3 32
6 2
5 18
5 78
1 80
3 74
1 46
4 83
2 23
3 52
2 27
6 46
2 85
4 35
1 44
7 98
3 51
3 14
10 78
9 41
9 3
1 91
8 78
1 16
2 85
6 82
7 77
7 64
9 2
2 69
1 45
9 41
9 80
3 36
7 74
4 7
1 58
4 99
3 60
10 85
4 23
10 100
3 45
7 76
4 64
2 48
4 65
6 31
8 73
3 98
10 56
7 2
8 14
7 73
4 4
9 72
3 43
6 88
8 54
9 14
2 69
8 54
2 3
2 47
10 56
8 74
2 92
4 72
4 9
4 13
2 51
3 63
4 31
1 76
7 89
2 81
4 79
9 1
5 92
1 38
2 46
10 98
9 9
6 97
2 92
1 23
5 93
3 30
10 96
5 15
6 76
10 2
7 28
9 83
3 91
3 11
2 71
7 36
4 51
9 18
8 54
8 28
9 84
9 51
10 74
8 53
2 75
9 5
4 30
6 62
10 77
2 27
1 19
1 99
9 27
9 95
9 53
4 42
2 95
1 8
8 69
5 30
3 81
4 5
8 90
5 33
6 40
5 30
4 86
9 84
8 64
9 52
5 96
5 83
10 79
2 89
3 64
6 47
5 62
2 27
5 37
5 69
9 75
6 91
10 87
7 25
9 78
2 52
5 95
3 78
7 6
7 59
3 17
7 10
4 87
3 74
6 41
4 24
1 59
2 92
4 100
9 56
4 86
4 100
8 89
2 67
3 52
6 78
5 15
9 21
2 99
3 32
1 67
6 32
8 3
4 18
3 96
3 47
7 24
6 28
7 48
4 14
4 39
10 46
5 73
1 70
5 23
9 74
1 10
2 23
4 64
8 88
10 54
9 100
6 66
9 51
1 22
5 95
6 62
8 6
6 1
1 27
9 74
4 15
4 52
1 59
3 44
3 44
4 84
3 54
5 23
3 78
5 44
7 98
4 38
4 59
10 89
5 92
8 100
3 85
9 68
3 51
6 10
1 82
10 100
2 22
10 44
7 80
10 70
5 60
2 61
10 81
10 42
8 39
10 26
4 77
1 42
2 7
3 76
9 96
7 79
2 26
5 79
5 94
2 8
10 60
9 23
3 71
4 4
4 81
9 23
1 62
7 97
9 88
9 62
4 96
4 69
7 7
2 7
3 16
4 58
3 42
5 27
8 90
