4 88
4 7
8 92
3 44
6 74
10 33
3 9
8 73
10 19
5 3
4 52
4 39
4 77
1 48
1 89
6 16
10 23
3 59
2 83
8 56
5 42
9 71
2 9
7 56
3 45
3 41
2 59
4 96
8 63
5 91
4 51
1 90
10 18
5 53
10 6
10 55
10 31
3 1
10 74
6 70
4 51
4 49
6 67
1 64
1 61
5 25
6 4
4 64
10 86
6 35
9 16
1 71
10 75
5 66
3 35
2 22
1 67
10 54
4 60
5 100
5 11
2 28
4 74
7 7
8 83
6 36
1 78
7 88
8 48
6 56
9 40
6 82
7 34
6 84
9 95
9 40
1 61
8 70
10 75
6 51
1 17
10 48
9 18
5 43
1 39
3 34
2 90
8 11
9 19
6 79
9 71
9 100
6 10
5 13
5 95
2 60
1 28
2 12
2 3
10 12
5 57
5 21
2 69
2 92
4 96
2 16
3 9
1 83
5 4
6 71
10 89
2 69
2 47
4 82
4 11
4 99
9 16
8 39
7 31
7 23
3 56
7 81
3 87
5 90
1 58
1 7
9 41
8 75
3 32
3 32
3 94
5 63
7 9
4 6
3 26
6 29
7 6
7 36
5 40
7 29
5 79
5 73
3 84
7 54
4 74
4 9
9 44
2 93
2 3
4 48
2 78
7 9
9 60
3 20
9 78
9 95
8 52
8 61
2 30
10 73
6 32
1 57
6 26
4 16
10 76
7 23
6 54
10 8
2 16
3 37
9 57
5 41
9 38
2 32
6 97
9 29
6 3
8 32
2 40
3 66
6 39
10 38
4 94
6 46
3 68
7 99
5 17
1 58
9 95
4 60
5 79
8 33
5 100
6 62
7 16
10 20
1 67
6 89
8 31
8 90
3 10
8 39
4 95
7 23
5 28
1 99
4 88
6 35
9 69
9 79
4 80
8 57
6 54
2 9
3 4
6 53
1 31
7 31
4 23
2 88
10 45
7 80
9 82
4 68
3 83
8 80
6 32
7 87
5 2
4 60
5 74
3 43
1 3
8 37
4 99
10 24
4 90
6 59
5 48
4 47
1 2
2 20
5 27
2 83
2 29
6 16
9 47
4 11
8 78
7 60
4 6
10 37
6 98
9 60
1 35
7 2
4 18
4 71
8 53
7 52
4 45
7 52
1 26
5 62
8 24
1 59
6 29
7 68
2 11
10 28
9 65
2 38
5 22
3 21
2 87
2 15
6 59
2 60
8 25
5 52
2 48
6 1
1 30
7 20
5 72
1 89
2 38
7 86
2 96
6 98
3 60
7 48
10 67
1 56
7 24
10 28
6 96
3 35
5 32
2 71
5 88
1 69
1 53
8 3
5 87
10 58
8 49
6 51
10 89
8 100
4 27
8 91
9 18
8 86
9 100
1 10
7 52
5 43
10 98
2 93
7 42
4 74
3 13
1 79
3 5
7 32
5 67
9 89
10 32
3 71
10 26
3 16
10 5
1 27
3 34
10 20
6 98
7 28
4 32
1 4
4 15
1 9
2 100
1 61
4 24
7 41
2 28
10 46
7 49
1 97
10 4
2 7
8 60
7 6
9 19
5 72
4 86
1 54
1 9
10 40
3 40
1 52
8 40
9 36
1 37
4 6
1 96
4 31
8 38
7 95
8 93
5 49
9 80
1 11
10 2
1 97
7 58
9 36
5 62
5 45
1 81
2 48
6 63
9 47
2 89
4 75
9 31
3 27
4 15
5 20
3 3
3 42
1 55
7 93
3 20
4 14
10 89
3 77
9 9
6 36
3 97
7 83
4 56
5 48
9 5
6 25
7 49
6 61
2 63
6 47
4 69
2 31
9 5
3 47
3 36
10 74
5 22
6 49
3 45
9 98
5 36
1 78
5 20
2 18
6 14
10 67
4 6
6 91
1 29
10 40
3 46
1 52
3 28
7 27
4 88
5 62
10 17
10 64
1 43
7 50
5 59
8 48
1 89
5 79
7 8
10 91
7 59
9 7
5 35
6 32
3 76
2 63
1 32
3 62
4 62
9 5
8 8
6 69
2 6
9 39
2 48
5 9
6 82
7 23
2 54
7 11
2 2
2 2
9 93
2 3
8 34
6 91
6 64
4 12
4 96
7 18
3 83
5 88
4 3
4 35
9 35
9 63
7 28
2 78
3 12
8 41
6 6
9 15
4 38
1 81
5 91
1 49
1 26
10 86
8 83
5 60
9 52
2 93
2 18
3 17
2 21
8 20
8 42
7 78
6 28
9 58
6 80
7 100
10 90
2 69
4 13
6 66
5 63
7 90
2 39
5 29
9 48
2 26
9 3
6 63
9 40
9 60
2 10
5 74
1 17
3 27
3 34
9 76
10 82
6 51
5 79
9 74
3 64
6 72
7 76
8 83
1 3
4 72
5 21
5 72
6 92
8 75
3 9
1 19
7 58
7 42
2 83
10 54
7 71
9 3
10 38
8 14
1 17
8 73
10 46
1 46
9 71
3 2
4 10
6 3
3 39
9 97
1 46
10 62
10 3
3 10
8 36
9 36
1 42
5 11
5 56
1 27
3 66
10 58
8 78
5 39
1 1
4 71
9 36
1 73
1 42
10 5
1 2
6 28
10 82
7 62
6 16
5 92
2 21
6 12
7 64
9 40
4 68
3 97
8 82
10 61
5 22
8 44
1 69
1 94
5 41
3 70
5 85
9 52
10 43
3 29
1 13
8 70
1 44
3 1
8 12
6 35
4 20
1 75
4 85
10 24
5 79
4 51
3 44
10 28
2 66
5 52
2 32
5 64
4 85
9 4
5 80
5 55
1 20
7 26
2 28
2 52
7 64
2 54
2 92
2 48
3 56
4 37
2 89
10 47
2 26
10 3
4 44
7 80
2 14
8 70
7 16
4 67
8 91
5 50
9 33
2 96
8 79
6 80
1 1
10 86
9 17
9 13
6 68
5 35
8 34
6 86
5 13
4 88
9 10
1 19
10 88
3 7
10 1
1 93
3 55
8 35
10 40
4 66
3 91
6 95
9 20
7 34
8 34
1 52
5 83
7 69
2 80
7 82
6 27
2 13
7 24
6 95
3 52
3 10
1 53
10 37
6 63
3 42
5 3
5 47
5 23
2 12
9 14
5 52
7 54
3 78
9 51
6 1
3 10
6 45
5 55
4 61
5 93
10 38
8 1
4 52
10 42
8 4
2 12
1 39
1 96
2 34
8 28
7 95
3 100
7 48
10 20
7 71
8 28
5 14
10 71
4 16
5 17
5 50
7 1
1 44
1 22
4 92
6 68
4 86
10 83
8 53
8 69
5 38
10 74
8 75
9 54
5 43
6 98
2 28
2 19
9 70
3 31
1 36
4 98
3 57
3 19
5 34
2 33
5 27
1 9
7 59
4 97
1 76
10 69
4 80
1 46
9 55
10 21
5 74
2 95
9 38
3 100
5 42
7 64
1 29
1 26
9 72
7 36
7 76
5 80
5 53
8 22
5 72
4 3
7 79
5 54
6 94
1 98
2 29
7 19
1 33
6 85
7 61
5 48
2 55
2 78
3 27
8 96
6 28
10 8
4 89
2 51
10 16
2 92
10 63
9 53
9 95
2 34
5 18
3 76
7 64
7 15
6 91
7 40
1 56
10 6
8 46
9 75
5 38
9 16
8 44
9 47
9 42
6 57
5 80
3 24
10 8
5 66
3 39
6 9
2 40
5 35
1 25
4 58
10 1
1 32
10 25
7 76
3 87
4 22
7 93
9 93
1 43
1 13
3 41
10 67
9 63
5 9
2 26
9 34
10 36
5 94
6 81
8 20
10 58
6 41
10 79
1 59
1 40
6 74
8 3
3 54
6 94
3 50
2 97
2 93
2 64
3 16
10 88
4 80
9 99
1 30
5 20
3 53
10 28
8 82
8 79
7 71
5 1
8 27
1 54
5 7
1 1
2 79
4 1
10 51
4 45
6 32
6 98
1 43
9 10
5 85
8 16
10 2
2 92
3 80
7 66
10 95
3 67
10 19
10 31
6 26
3 8
8 49
3 32
9 53
5 100
2 99
9 75
2 54
2 42
3 93
7 56
5 85
9 33
2 24
3 31
4 16
6 82
3 23
3 98
2 48
6 88
4 40
5 26
7 47
10 51
5 14
7 27
2 90
1 47
6 74
7 30
8 73
5 17
8 27
7 85
5 92
1 34
1 48
8 47
1 62
6 33
10 14
9 17
8 97
8 3
1 93
10 21
4 2
6 9
6 77
3 67
2 28
4 27
1 99
6 84
6 22
2 18
5 47
8 57
2 10
9 91
7 93
2 51
6 10
8 16
8 30
1 98
2 36
4 19
1 9
8 47
8 71
4 70
9 4
1 16
4 58
6 39
8 21
8 64
3 54
1 84
6 96
3 37
1 61
5 46
10 65
5 99
9 2
8 51
2 100
2 60
1 65
10 97
3 11
5 100
7 77
10 41
4 67
2 60
6 14
7 3
