4 32
9 46
3 28
1 39
2 80
1 2
6 27
4 97
8 50
8 34
6 86
8 87
9 81
1 93
1 44
4 50
4 15
5 40
5 57
5 12
2 78
8 38
4 50
4 82
6 73
7 22
6 46
2 72
8 33
10 35
3 16
1 37
7 85
3 90
10 55
1 57
7 12
8 29
9 4
4 40
4 76
7 60
9 72
8 26
9 38
10 73
7 13
2 91
8 38
2 2
10 15
4 54
6 86
4 27
5 77
9 51
2 92
8 82
9 6
3 90
7 2
3 6
6 2
3 75
7 98
10 43
6 48
4 54
8 100
5 22
6 56
9 26
8 81
6 23
9 84
4 36
5 11
5 88
10 64
1 90
1 85
1 5
2 91
3 86
2 26
1 16
10 65
8 42
9 23
2 7
4 77
9 3
2 90
10 94
5 2
5 12
9 27
4 40
4 47
8 33
5 15
6 59
5 44
8 86
7 65
8 67
10 77
10 52
10 71
4 13
7 52
10 20
10 12
6 1
8 53
2 65
4 21
1 29
1 6
10 32
6 61
10 29
7 65
8 38
10 70
6 31
2 47
10 35
7 12
3 2
10 24
7 68
8 46
4 53
8 35
6 34
1 22
5 99
7 28
10 7
8 15
3 90
10 50
5 37
7 26
9 49
8 84
10 42
6 100
6 27
8 10
5 32
10 11
6 44
10 15
5 40
3 86
6 36
8 81
10 62
1 76
7 73
6 70
6 88
7 89
9 87
5 83
1 43
4 50
3 76
8 80
5 100
3 11
10 99
4 49
10 13
8 20
3 38
10 61
9 22
10 10
3 14
6 74
7 11
3 49
8 11
3 34
2 61
7 22
1 10
1 5
10 54
3 91
9 16
10 50
4 20
2 39
9 3
5 56
2 84
9 85
8 37
5 63
3 32
1 62
5 93
7 90
10 35
5 70
4 64
2 23
1 37
2 5
7 9
3 81
6 37
1 26
1 86
2 7
5 32
1 9
5 57
10 71
8 62
3 11
7 32
10 3
10 82
1 13
8 10
6 40
2 27
3 5
8 11
5 22
6 47
8 41
9 48
1 45
9 31
7 91
2 26
2 76
3 30
5 74
9 97
9 49
6 37
1 47
1 3
1 89
10 86
3 79
5 16
2 63
2 56
4 6
7 85
6 38
10 14
1 59
8 71
2 33
6 49
8 11
2 82
8 12
6 88
1 72
10 76
10 73
7 87
4 7
7 81
5 45
9 54
3 60
7 26
2 39
7 16
7 56
6 16
5 93
1 3
5 90
1 48
2 12
2 96
8 20
10 82
7 54
3 53
2 100
8 55
6 35
2 13
9 26
6 17
6 91
5 76
10 34
4 92
6 27
4 45
8 48
5 16
5 93
3 36
2 69
4 15
8 94
10 30
9 36
2 65
8 11
7 42
9 44
7 100
6 59
2 56
3 30
2 31
4 1
8 15
4 81
2 17
10 63
1 96
7 52
10 9
5 99
2 30
6 20
6 61
4 75
10 97
9 28
9 80
10 58
6 90
1 1
2 93
6 71
7 42
4 24
5 95
2 71
2 32
1 97
2 13
2 91
5 45
6 36
3 6
8 88
5 64
10 34
8 79
2 65
10 5
6 78
9 25
9 29
7 67
3 77
2 82
6 96
2 60
1 15
5 21
1 40
7 13
1 94
1 76
8 46
2 17
8 88
5 90
6 92
8 24
6 15
10 55
6 21
3 14
9 33
1 13
3 10
1 15
8 38
3 66
6 61
7 69
7 27
9 30
7 25
10 63
9 26
8 20
8 67
2 98
3 11
3 2
8 17
10 28
10 22
10 75
8 22
2 91
9 3
7 74
8 10
9 95
4 83
5 17
4 13
6 61
4 87
10 80
8 89
1 76
4 70
3 81
6 26
7 32
1 84
8 8
3 23
4 69
10 83
10 54
9 87
10 63
3 61
4 8
5 55
4 45
6 21
5 14
9 72
5 59
5 62
3 66
6 63
8 41
9 4
9 64
8 26
8 3
1 27
3 69
7 22
1 29
8 45
8 58
4 64
9 70
9 68
2 55
9 30
9 90
4 3
6 38
7 41
9 90
10 80
10 94
4 42
6 32
7 16
8 99
3 7
7 13
10 36
5 3
4 33
5 89
4 28
3 3
5 73
6 7
2 91
6 69
9 40
1 88
4 28
2 62
5 21
4 18
9 81
7 34
9 47
1 90
10 75
9 29
4 93
7 79
8 38
1 66
9 39
2 7
4 7
8 60
4 52
2 95
9 98
6 76
3 12
6 84
2 72
9 16
4 77
2 94
4 55
7 87
8 96
4 17
3 59
9 68
4 66
7 44
9 8
6 41
4 65
6 36
4 98
9 14
10 82
2 12
1 44
5 37
3 30
7 76
8 30
8 57
5 87
1 23
10 56
6 30
9 25
1 18
10 35
9 44
6 67
2 40
5 47
2 33
10 86
6 62
9 89
4 33
10 46
6 70
3 48
7 82
10 61
8 29
8 90
6 27
9 33
2 39
7 81
9 58
6 46
2 3
9 24
4 40
5 43
10 13
5 9
3 68
6 8
2 78
9 78
4 58
1 15
7 48
7 98
5 60
7 65
1 32
4 23
3 52
1 31
10 62
9 79
8 10
3 19
8 81
6 96
7 29
10 34
7 88
8 94
7 35
8 40
6 25
1 5
1 75
2 33
3 31
2 62
7 76
1 13
8 73
2 25
8 56
2 33
7 87
9 85
3 91
3 2
10 14
3 88
4 63
10 98
7 16
3 18
2 40
4 10
6 7
6 19
10 67
7 68
4 80
1 7
9 33
2 92
3 42
1 15
4 34
9 1
10 90
4 86
9 3
5 15
1 46
3 67
7 58
1 100
10 84
1 11
5 87
9 8
3 34
4 53
10 15
8 58
6 97
10 12
7 50
3 79
10 91
7 5
3 86
8 20
6 3
8 91
7 27
6 53
9 65
5 20
1 2
1 50
5 77
9 74
7 20
6 30
8 22
9 85
5 46
1 92
10 37
9 13
1 84
3 24
10 89
3 14
8 3
5 4
3 81
2 18
3 73
10 5
1 51
4 50
7 90
8 29
6 1
1 3
3 30
4 76
2 23
7 32
6 83
4 1
9 22
1 78
5 17
1 64
3 53
1 26
6 62
8 22
7 27
3 23
4 41
9 70
7 38
4 42
6 13
8 16
10 19
7 27
2 28
9 61
3 65
4 8
7 38
3 68
8 33
4 74
10 57
6 41
6 44
10 88
1 36
9 97
4 58
9 30
8 31
9 91
4 86
10 59
2 82
1 94
1 65
5 52
3 15
1 61
2 2
9 50
8 78
10 37
9 69
2 61
8 76
8 43
2 25
9 21
7 43
9 81
7 79
2 77
8 89
4 55
1 75
4 88
8 54
7 4
5 8
7 5
3 29
4 79
3 86
6 72
2 43
7 28
9 29
2 77
4 17
2 78
2 88
5 54
4 57
5 100
6 68
3 78
6 41
10 70
6 45
4 5
4 80
8 27
5 33
5 44
1 66
7 99
6 97
8 56
2 73
7 63
6 69
5 23
4 56
4 57
10 77
10 100
5 89
5 79
6 23
8 94
7 72
4 65
7 14
5 69
5 7
7 33
4 98
4 90
2 30
7 23
9 19
7 9
5 62
4 99
8 69
3 2
2 60
7 8
9 78
5 99
1 36
1 33
6 33
3 38
7 43
5 45
4 86
3 100
8 72
7 88
9 57
9 34
9 100
5 69
3 98
10 60
10 35
7 59
3 39
5 50
4 80
5 78
10 67
8 65
6 21
4 89
5 67
1 68
1 58
10 99
2 37
10 93
9 16
9 72
4 31
1 3
6 36
7 58
3 22
3 8
5 71
9 90
4 17
2 42
4 88
8 7
8 16
6 39
10 3
3 71
5 91
9 34
7 11
3 70
9 70
10 76
8 12
6 32
4 68
6 58
8 4
1 64
6 51
9 76
4 9
9 92
7 96
4 53
6 69
3 18
9 32
5 79
3 18
1 18
6 75
3 61
10 13
4 98
7 21
2 49
6 52
7 12
5 17
2 9
9 38
7 92
10 36
3 7
2 24
4 5
5 48
2 63
1 8
2 26
1 27
8 94
10 34
1 70
3 23
2 74
6 18
7 66
6 5
10 26
4 51
1 4
7 40
6 48
2 31
3 43
4 65
6 98
4 33
6 31
9 42
8 92
4 49
3 48
8 60
7 22
3 53
1 79
8 15
9 80
10 8
3 14
7 38
9 27
4 95
3 34
4 53
5 23
4 64
3 60
7 21
7 92
7 7
7 99
4 32
9 79
10 29
5 26
1 47
8 8
5 3
2 76
1 61
1 91
4 58
9 21
9 11
5 12
8 34
3 59
1 8
1 57
8 64
6 87
4 24
4 12
4 66
6 88
10 66
10 27
6 7
1 12
2 51
5 94
8 97
2 48
3 10
2 77
5 32
6 34
1 16
7 73
3 82
10 78
9 15
