3 54
8 1
5 39
10 62
9 2
1 17
10 22
9 40
7 32
6 53
4 36
2 78
10 45
10 63
2 3
2 30
5 28
4 95
4 24
9 70
7 62
9 83
4 10
2 8
8 88
2 66
3 15
9 10
2 74
5 58
7 71
4 89
10 76
8 15
5 15
1 42
10 78
6 79
4 87
5 37
5 17
5 1
1 2
10 27
7 5
8 36
4 16
7 57
10 79
4 63
6 67
4 42
5 2
6 13
5 52
2 67
10 63
8 92
3 72
1 13
2 95
9 7
4 65
9 17
2 45
2 49
7 16
5 97
6 22
2 77
4 6
6 9
10 70
2 82
6 17
4 70
6 70
7 86
8 14
1 67
8 33
3 36
9 62
7 24
9 58
6 79
7 75
7 80
8 62
5 71
6 66
10 20
4 11
6 89
6 16
8 43
9 21
3 44
10 74
4 14
3 9
3 84
5 95
5 23
5 14
3 19
10 18
9 20
7 58
4 92
5 98
5 90
5 8
3 66
7 28
4 20
4 1
7 23
5 93
8 19
10 80
9 3
8 6
10 45
9 55
7 3
10 45
4 68
5 1
5 8
5 11
4 66
5 12
8 84
5 97
2 84
7 14
4 73
10 53
9 96
4 78
7 23
1 4
3 89
3 58
7 32
6 83
3 31
7 19
3 23
7 44
9 94
1 62
10 15
2 71
5 65
5 87
2 42
6 31
9 64
10 45
6 76
5 36
1 24
5 10
6 84
9 53
3 60
8 70
5 8
7 57
5 27
8 13
5 26
7 31
4 30
3 47
1 34
9 7
1 41
8 14
2 3
9 52
6 38
9 31
5 92
5 70
5 43
9 42
2 22
6 43
1 67
5 69
2 45
2 44
8 77
5 61
2 81
1 78
2 70
2 61
7 39
1 7
8 45
3 100
5 54
4 92
3 6
7 9
9 54
2 34
8 17
9 48
2 68
5 79
4 54
2 76
6 21
1 67
6 68
8 61
1 14
8 61
4 48
4 44
9 43
1 29
3 1
7 90
4 42
4 69
6 79
9 28
8 30
9 10
10 21
9 39
10 70
2 86
1 76
3 33
8 66
1 78
8 20
6 21
8 78
9 10
1 16
4 93
7 59
8 9
4 8
7 15
10 67
9 24
10 72
7 18
3 1
10 56
8 55
9 88
5 12
2 50
2 18
1 99
6 71
2 31
10 84
5 49
5 4
8 54
5 74
7 66
6 26
8 63
1 74
3 90
7 68
10 48
1 37
1 62
5 94
8 81
8 66
5 57
5 8
9 81
3 90
9 41
3 100
4 60
4 88
10 17
2 59
7 52
1 48
9 29
8 88
4 14
7 22
5 51
2 81
5 32
9 65
4 70
3 63
7 70
3 6
5 19
8 95
8 99
2 52
8 58
3 41
8 11
2 67
4 75
4 35
6 63
10 83
10 50
4 4
7 30
4 4
2 89
1 46
1 96
10 9
7 11
8 5
8 26
6 90
8 57
2 52
8 43
5 32
10 90
5 33
7 91
9 41
6 76
9 35
9 56
3 62
1 45
7 33
5 94
8 39
9 12
9 49
6 60
1 67
4 32
7 92
4 89
8 38
5 50
1 26
8 38
1 56
3 96
10 24
5 12
4 77
9 14
10 3
6 4
9 60
1 89
8 44
8 1
7 11
10 8
3 91
4 10
4 39
4 29
7 26
5 27
9 61
10 5
4 69
5 13
8 69
3 81
6 64
10 59
10 55
9 77
5 71
3 69
9 86
1 70
8 19
10 60
3 87
3 79
4 43
1 59
6 88
1 100
1 27
6 33
5 83
7 15
8 36
3 6
5 86
5 59
5 83
2 61
5 42
4 70
10 89
4 29
8 10
1 30
8 6
10 1
6 90
2 45
9 44
2 2
5 46
3 94
8 34
4 77
8 91
7 87
5 63
10 63
5 30
6 31
3 94
2 35
2 90
1 47
4 90
8 76
3 40
7 70
2 49
7 49
10 25
9 18
9 17
3 34
7 53
3 42
4 52
10 18
5 36
3 88
7 9
7 40
3 38
6 75
3 2
3 40
8 74
4 39
4 36
8 25
6 47
1 37
1 87
4 62
10 31
9 97
8 20
3 71
9 32
10 100
7 51
8 83
5 43
9 22
5 63
1 60
3 3
7 58
6 34
6 72
6 53
10 95
10 20
4 36
6 47
10 66
3 75
6 89
1 15
2 63
6 98
1 28
5 39
1 3
3 87
10 59
5 79
10 40
2 66
9 80
3 79
6 2
2 10
1 70
8 64
10 1
8 93
10 49
3 44
3 74
1 34
6 40
10 21
7 9
10 19
8 86
3 28
3 62
8 56
7 43
2 59
5 18
5 76
10 97
3 49
10 96
6 69
4 86
7 6
2 86
8 10
6 70
5 69
8 55
9 10
4 79
8 3
6 12
1 51
4 82
7 8
10 1
8 82
2 85
6 87
1 79
1 83
9 13
4 59
4 81
3 18
1 91
8 74
10 73
2 95
6 92
4 21
3 17
4 75
6 58
5 23
8 44
9 10
4 38
1 21
6 92
7 30
9 61
10 1
2 63
2 30
9 78
4 74
4 24
7 46
5 72
10 43
2 41
10 59
9 98
5 37
1 84
8 53
6 20
8 95
1 51
2 34
8 48
10 41
5 78
7 82
3 64
5 63
3 9
6 14
3 28
6 100
4 73
6 51
9 6
3 10
8 74
3 30
7 47
7 38
7 43
6 15
1 61
9 42
6 2
9 36
1 16
3 29
4 79
5 64
8 75
7 3
4 74
4 58
9 94
3 67
10 34
10 61
9 23
9 61
9 99
9 68
1 59
9 50
6 53
10 5
5 91
7 45
10 71
9 95
3 2
9 70
7 41
6 45
8 59
5 100
2 87
6 45
3 9
10 32
9 65
4 44
5 23
9 5
3 27
9 87
3 74
5 79
2 82
7 73
4 28
7 63
4 11
8 90
7 8
8 38
6 81
9 3
6 71
2 3
9 77
5 40
5 6
6 7
2 15
1 31
4 75
5 37
9 47
3 16
9 46
10 45
9 14
1 93
1 90
9 30
9 45
8 64
1 35
5 6
4 18
4 98
1 83
1 14
9 84
5 16
7 71
3 9
7 88
4 18
8 44
2 31
5 62
9 33
3 88
4 48
5 16
3 70
9 8
5 12
1 92
4 2
5 62
8 9
4 92
5 18
1 34
8 78
10 34
9 54
4 22
1 92
10 5
9 51
6 7
4 13
10 91
3 95
3 19
7 50
5 56
3 29
4 67
7 22
8 75
1 84
3 28
9 7
2 45
4 10
2 23
5 37
9 63
2 54
5 3
10 60
2 57
6 28
1 19
10 4
8 38
4 21
2 50
1 41
4 16
8 97
5 65
6 10
5 11
5 59
10 37
10 27
4 86
4 41
6 95
5 56
2 68
1 94
2 97
5 93
5 34
1 42
1 12
9 78
4 47
7 78
2 81
6 78
9 61
8 10
3 18
2 37
1 47
2 16
4 12
4 72
2 79
8 88
4 40
2 93
10 54
7 95
10 100
6 25
5 1
3 94
2 29
7 24
5 100
2 38
8 68
1 33
3 2
8 23
9 46
3 49
6 18
7 31
8 2
2 26
3 81
10 41
6 99
1 33
7 19
5 24
7 84
2 77
3 25
1 47
9 77
2 16
8 13
3 92
1 33
7 55
5 19
10 3
9 72
2 99
6 31
5 26
9 73
5 84
8 14
5 84
8 62
6 90
4 28
2 100
1 40
4 32
1 77
10 53
8 9
4 31
9 78
9 24
4 53
5 10
1 22
2 31
7 100
7 45
3 55
10 82
6 76
3 71
7 96
4 61
5 58
3 77
1 7
4 63
1 91
1 26
4 82
7 90
6 48
10 38
1 87
3 82
8 91
3 34
9 13
3 61
9 37
8 68
5 61
10 65
6 52
5 61
2 12
7 3
6 69
2 76
9 1
4 60
6 9
9 49
4 78
1 88
8 32
10 21
10 34
7 88
4 42
2 90
1 13
4 69
7 83
1 77
10 52
8 80
10 80
3 94
2 88
10 98
5 71
7 16
2 28
10 51
3 65
8 74
5 41
5 4
2 19
2 2
7 43
3 63
5 91
6 86
5 3
8 59
3 49
2 84
4 72
5 58
3 92
5 97
9 64
2 41
5 16
3 31
6 2
7 12
3 79
8 32
4 78
6 79
10 34
6 26
10 94
2 42
6 71
1 54
1 81
5 10
2 50
10 47
9 48
7 6
5 14
3 50
6 35
1 43
7 35
7 81
7 50
10 61
10 7
2 42
7 58
9 81
5 34
3 87
7 55
5 27
1 40
1 45
10 93
7 58
1 23
6 86
3 68
8 57
4 47
6 45
8 6
6 72
10 44
8 22
3 5
2 87
8 19
10 1
2 95
10 91
4 3
4 77
5 32
10 68
10 59
5 19
9 4
1 65
1 46
7 26
9 48
2 48
2 46
10 25
