10 65
5 15
5 30
7 87
10 78
10 29
9 41
5 41
8 58
4 95
7 31
2 93
9 83
3 3
5 21
7 54
6 43
10 25
7 57
2 57
9 60
9 48
6 88
4 77
3 54
9 94
1 82
6 22
1 1
6 65
10 43
1 27
8 78
10 54
2 42
1 22
5 32
8 7
2 2
1 4
4 93
2 78
4 99
6 71
10 4
10 82
2 60
8 41
7 38
10 59
7 40
1 84
4 11
7 2
3 46
8 5
10 7
3 99
3 46
1 7
8 79
4 1
1 27
5 75
5 82
5 46
7 92
6 39
1 79
5 9
3 61
6 89
2 71
3 38
8 98
5 11
1 21
10 54
5 20
10 82
7 48
1 5
6 41
6 40
10 17
5 77
4 58
6 4
7 63
10 38
3 39
1 34
7 28
3 93
10 12
10 6
3 22
6 7
2 60
6 91
2 56
1 61
6 94
10 45
2 53
3 3
6 54
8 37
10 66
7 54
8 62
10 54
10 26
9 84
7 43
5 60
5 26
7 73
3 7
5 18
4 95
2 9
7 42
10 8
1 92
4 86
3 47
4 43
4 90
3 8
9 53
1 46
8 70
2 41
7 48
5 44
2 87
7 20
2 12
4 67
6 82
1 51
6 30
10 92
4 47
4 47
4 15
9 86
2 44
6 77
7 98
4 34
6 42
4 4
7 3
4 5
3 24
4 11
7 23
7 95
8 94
2 14
8 88
2 55
10 71
5 97
5 56
10 74
5 32
3 62
5 47
6 79
9 42
8 1
5 11
4 29
3 5
4 23
10 89
2 10
7 40
2 66
8 47
1 8
5 73
5 20
2 85
4 72
9 80
2 73
2 45
7 9
6 29
8 100
5 9
2 75
8 28
10 26
4 50
9 26
1 1
5 52
1 92
4 61
8 62
10 11
5 30
7 17
6 65
4 88
7 52
8 74
8 57
5 15
4 17
5 86
1 48
4 45
8 61
8 22
2 24
2 60
10 89
8 30
8 15
7 11
3 55
6 54
4 36
5 16
8 37
6 8
6 70
6 3
6 75
1 59
2 45
4 86
3 31
4 31
1 42
2 41
3 49
6 99
5 93
5 29
6 45
5 94
10 62
8 43
1 98
2 87
4 91
1 51
4 26
7 97
8 97
1 62
5 55
2 91
10 8
5 2
8 46
6 18
6 26
5 71
4 67
5 54
10 76
2 62
10 49
2 40
9 18
8 99
4 96
10 12
10 81
6 68
10 59
5 92
4 40
10 73
2 81
6 98
9 29
1 91
6 69
6 72
1 7
10 75
6 12
5 43
10 16
10 85
8 36
7 17
7 66
10 11
7 1
9 25
5 26
8 70
6 25
4 16
2 94
7 49
4 12
8 95
5 8
7 3
8 10
10 41
6 94
4 95
10 6
6 72
2 28
6 91
2 22
7 1
7 93
5 39
6 23
3 53
1 95
2 61
8 56
9 96
10 73
3 12
6 40
3 58
1 93
3 59
7 38
1 38
9 41
3 9
6 66
6 37
5 3
8 75
10 31
3 25
4 43
8 71
5 88
1 52
9 26
5 69
2 92
7 88
1 98
2 33
2 48
5 86
7 70
7 9
2 34
10 13
1 28
10 22
5 73
1 86
3 66
9 68
9 57
3 23
1 28
4 60
10 70
2 57
2 94
7 20
6 93
7 100
8 52
3 26
10 40
1 75
4 31
8 66
1 68
2 14
6 67
7 71
10 94
9 86
6 84
5 2
5 17
8 25
6 67
10 8
2 12
9 64
2 92
10 38
1 94
7 6
5 94
6 93
8 47
5 84
4 64
5 1
9 77
10 85
4 28
3 99
10 85
7 93
10 52
1 81
5 66
10 91
5 7
2 26
8 62
6 80
9 94
6 72
5 18
3 23
8 65
2 19
7 100
1 45
8 25
4 5
8 24
2 4
5 45
5 2
9 17
5 6
6 86
8 11
3 19
5 40
1 77
8 12
3 72
9 49
9 85
5 48
10 69
7 62
6 11
3 17
3 64
9 17
4 84
9 86
4 48
2 76
3 75
2 3
1 46
10 77
8 1
3 32
2 72
9 1
9 54
6 3
9 38
4 74
8 4
4 33
6 42
9 31
1 20
4 50
4 69
6 44
2 69
9 95
10 53
8 20
5 47
9 57
5 35
3 45
7 25
8 1
3 88
8 88
1 80
8 51
8 58
8 91
1 82
4 32
1 61
2 4
3 48
5 70
4 96
3 21
8 41
3 16
3 43
3 28
2 44
1 16
6 36
5 81
8 58
1 12
5 16
3 41
10 54
4 9
8 24
6 15
8 66
1 52
6 30
8 18
10 62
9 99
6 95
1 96
2 93
1 21
8 17
10 6
1 13
10 9
6 91
10 98
8 58
9 4
4 94
2 59
8 31
4 15
4 8
5 93
6 89
8 16
8 52
8 20
7 13
9 59
5 94
2 100
1 79
5 80
5 89
2 75
10 70
9 89
2 30
9 71
5 41
8 22
5 33
8 51
5 58
2 32
9 49
1 66
1 34
7 44
5 90
1 65
1 29
7 51
1 85
6 32
8 93
9 58
9 17
8 90
3 59
4 1
1 74
1 11
7 55
2 65
4 66
1 98
10 79
6 35
7 70
9 49
6 32
8 40
4 68
4 82
2 14
1 60
6 23
6 53
1 2
7 37
2 44
2 94
4 15
2 31
1 49
10 10
10 79
8 52
6 45
8 26
4 86
4 91
10 92
9 49
2 95
4 2
7 77
3 29
6 71
1 25
7 8
7 82
9 63
8 86
4 84
1 32
10 50
7 1
5 44
7 75
6 2
7 75
3 3
9 70
5 89
6 84
5 21
5 66
2 14
7 59
10 61
8 85
2 23
6 42
2 47
8 42
6 74
8 80
2 5
5 73
2 67
6 65
2 60
3 33
10 17
2 37
1 97
8 40
1 58
4 46
4 34
1 67
2 45
2 61
6 68
9 16
7 59
9 94
2 4
7 84
6 100
6 6
7 88
10 99
4 73
7 58
3 72
9 17
6 93
6 27
10 91
5 93
9 98
10 92
2 29
4 91
5 23
6 81
5 69
6 27
2 97
10 72
5 46
4 77
5 40
8 24
2 31
6 4
10 64
3 92
4 16
4 82
1 62
3 22
1 36
2 19
8 14
3 18
8 27
7 23
6 88
9 54
9 63
5 47
9 45
6 97
4 44
6 80
1 81
8 41
10 18
2 77
7 96
4 55
9 35
2 30
2 30
1 64
10 75
6 96
2 81
8 67
10 10
1 5
3 7
7 99
7 22
3 2
2 2
8 63
4 87
3 75
2 51
6 37
7 16
9 99
8 43
9 14
3 33
7 35
2 98
1 62
8 28
4 45
8 22
4 98
6 86
4 38
1 49
5 92
6 37
5 18
5 69
6 26
3 29
10 96
4 93
8 96
2 1
4 28
4 67
4 21
1 17
3 95
10 56
4 38
9 47
9 99
8 53
7 76
3 79
5 53
2 83
4 4
10 56
5 12
7 68
6 26
8 11
4 41
1 26
4 4
3 81
1 26
1 17
10 86
10 2
7 5
9 49
4 70
10 46
9 44
2 70
1 15
3 72
10 32
2 14
1 55
5 15
4 48
9 79
10 18
8 87
4 37
2 63
10 46
10 46
3 57
1 86
7 35
4 85
2 94
6 76
7 34
10 82
3 65
3 45
3 11
5 29
7 85
9 25
3 72
10 61
4 79
3 38
9 6
3 61
4 41
3 19
5 57
7 13
4 65
8 61
8 57
5 4
7 76
8 52
8 65
8 73
3 58
8 55
1 60
2 41
10 30
6 73
6 16
2 25
9 3
7 80
10 20
2 85
4 31
6 49
3 35
1 85
10 1
3 37
3 85
7 16
2 12
7 84
4 35
5 93
5 36
1 38
3 85
8 11
4 6
4 39
10 64
6 31
9 72
2 40
6 6
6 18
2 76
1 13
9 54
2 25
3 60
3 95
7 58
3 7
8 100
10 33
5 55
5 79
7 5
10 88
10 37
7 24
6 82
2 5
10 98
2 54
9 82
6 98
10 57
1 20
1 66
4 39
7 64
7 89
5 18
3 25
4 80
8 77
3 89
1 26
9 17
8 91
4 15
5 45
9 77
10 51
7 28
5 16
1 100
3 62
1 3
8 18
9 66
1 30
7 86
7 17
5 89
2 13
7 98
2 71
5 66
2 42
5 49
10 90
3 73
7 25
3 78
5 13
7 59
4 38
1 49
7 46
8 25
7 19
8 32
6 87
8 28
5 60
3 66
4 43
7 61
4 59
10 85
5 40
4 67
3 94
2 49
9 56
2 77
3 5
9 53
1 7
4 11
4 6
4 67
7 100
1 94
2 95
5 8
3 73
10 39
1 9
2 63
5 5
10 22
4 32
1 21
2 97
8 64
9 50
1 79
8 29
2 54
1 70
7 73
2 86
6 33
6 15
2 58
7 68
6 82
4 27
7 87
