9 73
9 55
3 39
6 81
8 18
8 5
8 5
7 85
8 81
5 37
9 88
4 88
6 19
2 19
8 46
5 41
8 28
6 93
3 57
6 96
9 73
4 27
10 1
6 29
2 44
6 65
3 92
7 76
5 69
9 14
1 88
9 23
2 65
7 77
9 18
10 29
1 42
7 64
4 82
9 99
5 3
10 75
6 11
2 7
1 66
10 11
6 77
2 11
6 14
5 89
9 38
3 100
10 28
5 70
10 92
10 13
2 12
1 18
3 2
9 46
1 67
1 38
5 40
8 75
3 60
4 44
7 42
6 20
9 37
2 67
2 41
4 29
1 17
3 9
9 71
10 69
8 60
9 88
4 86
1 68
10 8
9 14
1 65
3 94
6 36
9 13
9 12
3 7
9 16
2 23
8 50
9 31
3 65
10 75
7 94
7 9
7 40
2 59
9 88
8 78
8 32
3 71
2 54
5 64
1 50
3 21
4 82
3 73
7 38
2 21
3 48
9 91
5 61
5 55
1 18
6 63
1 18
8 90
7 89
4 68
7 51
1 36
7 19
5 47
1 11
4 4
7 93
9 6
10 39
7 98
3 99
4 78
2 59
8 44
3 49
7 91
5 47
4 81
5 57
5 80
10 76
3 30
3 92
8 61
10 49
8 13
3 92
5 95
3 89
2 34
3 85
2 12
8 89
5 2
4 94
9 13
7 24
1 27
2 49
1 77
8 85
3 23
9 4
3 77
10 33
4 49
7 37
9 72
6 51
2 81
6 11
1 30
1 13
6 5
3 89
8 46
6 30
5 12
5 4
6 25
8 99
1 68
4 1
5 10
1 12
5 61
2 6
1 50
3 49
3 53
4 4
10 35
8 91
6 8
9 39
9 3
3 23
9 99
4 46
9 80
2 35
3 78
3 82
9 30
8 98
4 40
6 100
3 73
3 14
4 91
7 38
7 26
5 33
8 10
2 8
8 79
8 42
5 25
1 24
6 58
4 42
4 93
7 20
1 84
4 13
5 30
3 47
2 71
3 40
9 17
6 70
7 18
10 3
1 100
3 59
2 61
2 42
2 99
9 49
8 87
6 1
6 51
2 77
5 46
6 38
9 89
3 4
7 43
6 51
1 65
5 83
8 28
8 86
8 24
6 69
10 15
2 15
2 28
2 73
1 46
5 46
6 57
7 83
7 7
5 90
8 67
10 85
3 71
2 86
6 16
6 87
1 32
7 41
3 12
10 37
6 52
3 63
8 32
2 78
10 97
2 84
6 70
8 85
7 1
5 62
6 49
7 48
8 21
8 52
3 11
9 89
8 75
2 2
6 40
6 13
10 42
8 49
3 18
4 1
1 63
7 82
3 29
9 95
10 91
5 36
10 89
3 64
4 49
7 88
2 44
9 5
2 2
10 69
10 43
6 63
5 12
10 42
1 90
10 49
8 74
7 68
5 46
3 66
1 92
4 11
2 5
5 73
6 13
3 64
8 9
4 83
7 69
3 33
8 22
10 85
6 5
10 14
9 23
8 92
3 52
2 92
5 77
10 66
9 26
7 74
5 45
6 16
5 10
7 21
4 24
7 87
10 53
7 93
4 34
2 69
8 6
1 47
10 22
6 19
4 13
2 18
1 70
6 2
7 63
3 48
9 20
7 52
6 73
4 76
7 29
9 18
1 30
2 24
9 30
5 29
7 100
10 50
6 15
4 82
7 83
10 51
3 2
6 51
1 3
4 17
10 83
1 62
5 44
5 14
6 7
10 55
1 5
1 88
3 23
10 91
7 3
7 7
1 55
6 13
10 97
5 38
1 56
10 33
2 7
7 75
8 4
9 41
3 93
6 1
5 87
8 46
7 58
9 90
7 62
3 61
10 43
6 20
5 1
3 16
3 12
10 50
9 21
9 60
3 51
10 25
10 56
8 82
7 13
8 97
5 94
6 48
7 18
7 95
6 12
5 78
7 66
1 90
1 15
4 31
1 44
10 65
1 91
8 55
2 96
9 8
5 65
9 36
7 38
9 23
9 99
4 99
6 58
3 9
9 60
6 70
8 92
4 31
2 34
8 42
4 27
4 95
10 86
9 92
4 27
9 48
6 40
1 92
8 36
7 61
6 26
8 86
10 62
4 39
3 27
1 42
2 17
8 69
3 34
7 85
2 92
4 78
1 57
7 9
10 64
8 55
6 64
10 35
10 15
3 63
9 89
9 40
7 67
9 32
6 95
7 57
3 74
9 37
5 77
10 97
7 25
1 55
1 90
6 20
7 83
1 6
6 16
9 63
5 20
6 59
10 26
8 44
6 40
1 49
9 56
5 84
4 23
3 5
4 96
10 25
5 57
7 84
5 96
3 7
4 21
7 1
1 84
1 61
8 59
5 45
3 3
6 22
7 72
7 93
5 54
7 22
1 34
4 80
4 86
10 97
7 86
7 40
9 36
4 92
7 19
7 43
9 60
10 60
4 74
6 43
7 33
2 4
5 41
2 100
9 57
2 24
9 10
10 42
9 30
3 10
3 23
4 9
10 21
9 10
10 10
6 47
2 79
1 71
2 80
5 46
3 44
9 61
10 18
3 4
8 46
8 18
5 85
2 96
2 77
6 59
4 43
3 56
4 2
4 69
1 5
2 15
3 37
9 63
5 70
3 86
10 65
7 4
6 94
4 49
8 88
3 71
6 46
2 96
10 17
2 81
8 60
8 43
5 95
9 86
5 21
3 4
5 5
6 53
1 97
3 90
2 74
8 74
8 99
9 61
9 100
6 48
1 18
2 70
5 26
8 47
2 52
4 2
2 84
7 8
10 72
8 40
2 7
7 6
5 45
5 49
1 51
8 56
9 3
5 24
6 35
2 53
8 75
3 84
7 52
9 70
7 84
3 55
3 100
2 76
6 77
7 66
4 14
6 61
3 31
4 57
10 64
5 17
10 86
7 22
10 99
7 18
5 92
7 35
8 99
5 94
8 79
7 25
3 58
8 66
7 41
6 13
7 95
6 46
3 28
1 79
6 73
9 89
5 81
1 71
7 82
2 75
3 54
2 26
6 14
9 95
6 22
1 80
8 59
2 64
3 49
2 13
4 28
10 10
9 83
2 9
8 64
6 40
3 47
4 1
2 69
5 60
1 1
7 41
10 12
1 12
9 42
10 30
4 45
2 49
9 77
5 43
10 33
1 60
5 58
4 74
5 37
7 38
4 16
5 6
1 90
10 25
3 3
4 80
4 73
5 83
4 8
5 91
9 21
8 83
6 50
5 65
1 54
3 33
1 96
9 81
5 97
10 92
9 28
10 49
2 75
10 95
7 40
7 23
1 53
7 74
4 56
4 62
3 66
8 88
5 4
6 40
7 10
3 88
3 44
5 2
3 78
3 34
4 100
6 1
1 55
6 68
6 20
4 40
7 6
6 3
5 42
10 9
3 80
2 50
3 8
5 11
8 12
1 71
8 17
5 63
4 69
10 86
3 89
6 5
4 91
3 95
7 47
10 13
7 18
1 13
3 56
9 76
5 93
8 78
10 79
3 50
2 22
5 83
9 88
5 19
5 12
1 55
5 62
4 52
5 46
9 37
9 63
6 53
8 11
4 20
2 97
9 6
1 30
10 92
4 48
1 56
10 1
4 55
4 64
9 70
1 39
10 11
7 94
5 66
6 100
7 40
5 96
2 51
8 29
8 56
9 79
2 50
3 50
10 52
7 41
6 91
7 18
5 90
1 37
2 27
2 26
3 75
5 91
3 81
9 43
7 51
9 70
3 66
4 31
1 37
1 61
6 35
9 69
2 94
10 11
7 71
2 99
6 60
10 100
6 43
8 61
7 10
4 4
2 56
10 37
9 43
6 7
2 29
3 14
5 16
4 57
3 32
10 46
8 71
4 9
8 99
6 58
10 76
10 95
5 92
8 70
2 33
8 43
7 35
9 23
4 75
4 10
7 64
2 19
5 1
7 42
5 35
2 81
10 97
2 88
9 98
4 8
2 52
1 47
6 55
1 50
7 80
3 3
4 48
9 62
1 9
3 64
4 37
10 80
1 34
5 35
6 86
2 94
1 19
9 21
2 79
7 22
8 94
1 52
9 65
8 68
7 80
3 67
1 47
10 94
7 75
7 75
9 7
6 80
2 18
4 26
4 61
4 75
7 2
1 61
4 81
5 76
5 97
8 91
9 50
7 28
4 70
9 5
5 11
1 42
9 82
9 49
9 54
2 58
2 43
7 81
7 17
2 25
2 60
10 47
9 27
3 60
8 50
10 92
3 89
4 68
3 94
2 23
2 62
5 97
7 73
3 69
5 73
8 49
4 86
5 56
10 32
7 68
6 28
6 25
2 68
9 67
4 54
8 52
1 93
6 42
7 65
7 60
7 85
8 19
4 50
4 97
9 22
1 86
5 50
9 72
7 65
9 57
5 27
6 75
9 95
4 100
10 30
9 87
10 32
6 32
10 49
10 11
9 12
5 44
7 44
8 16
3 36
10 52
4 61
2 93
