8 33
7 42
9 97
9 42
7 35
8 86
2 80
6 25
5 87
3 9
10 69
7 43
5 68
6 6
9 56
1 54
4 24
1 72
5 74
6 77
2 26
6 73
2 21
10 25
7 27
4 64
7 98
10 23
4 78
8 40
1 71
10 2
1 34
9 56
7 97
8 47
2 77
9 50
2 9
2 49
1 56
1 14
5 63
9 57
7 75
2 13
9 11
9 72
2 91
8 92
1 49
10 89
4 87
6 45
5 62
8 34
10 62
2 27
10 36
2 8
9 69
5 55
1 64
10 77
1 3
8 30
8 58
1 79
2 26
3 38
4 86
5 88
3 97
4 63
3 72
7 97
1 73
4 77
4 44
7 65
9 78
3 38
8 65
9 81
9 33
5 66
3 65
2 27
9 57
6 42
4 51
4 76
5 55
5 35
3 82
5 7
2 12
3 46
4 46
8 10
3 79
4 16
4 82
6 62
1 41
2 20
2 17
7 40
1 19
10 78
8 63
1 36
9 36
9 95
6 64
5 6
3 86
10 75
7 81
3 5
6 39
8 10
7 99
4 94
8 81
2 76
9 77
7 84
10 28
10 54
3 19
3 91
6 64
4 61
9 51
3 26
9 77
7 14
2 33
2 46
3 61
7 95
2 48
4 62
4 86
4 14
9 59
2 3
9 58
2 10
7 67
8 39
6 16
3 6
7 14
4 11
1 26
5 29
9 74
5 3
8 15
7 71
6 26
1 79
1 92
1 4
8 85
2 73
10 57
2 65
2 10
8 43
2 46
9 48
2 18
6 39
9 39
10 97
10 29
1 42
1 54
8 4
7 66
3 95
7 78
3 11
9 93
2 67
5 3
1 55
5 25
1 41
2 54
6 72
7 2
8 93
4 68
6 23
2 29
10 50
2 96
7 97
10 28
6 6
10 51
10 38
2 17
1 98
8 16
3 20
7 88
8 16
5 22
6 88
9 7
3 50
3 15
8 89
1 55
4 54
8 52
1 2
7 66
5 49
10 81
5 26
4 48
2 74
1 88
1 15
6 11
7 42
1 22
6 29
2 41
8 23
7 51
6 41
3 10
5 68
5 61
2 1
8 5
9 80
5 37
7 20
8 10
3 35
2 51
4 68
3 6
5 63
10 12
9 37
6 44
6 44
8 88
7 72
1 11
7 54
2 91
6 71
3 23
7 69
8 81
1 65
2 63
6 92
8 23
10 41
5 25
5 64
5 5
3 45
2 51
5 51
7 80
10 5
6 58
6 75
4 39
1 51
9 15
3 10
6 88
6 49
4 3
2 38
3 66
2 8
6 72
10 40
5 86
5 16
7 84
10 30
1 15
6 19
3 90
10 58
9 51
6 97
2 34
1 83
8 29
2 31
3 87
10 32
2 43
9 62
9 84
1 22
6 63
10 86
2 13
4 16
4 100
2 5
3 37
1 54
7 96
2 51
4 11
9 21
1 12
10 54
10 99
1 86
8 57
8 57
7 23
8 100
10 98
4 94
7 72
1 65
4 45
2 97
8 41
6 81
3 25
3 52
6 8
8 95
2 7
7 82
8 37
3 53
8 23
3 82
2 88
9 25
6 73
2 60
1 75
8 16
3 54
6 44
7 35
4 25
9 18
1 23
10 42
9 76
9 89
5 91
10 92
10 57
7 76
3 40
8 16
3 64
7 83
7 82
5 53
2 55
7 42
2 63
3 51
2 97
8 62
6 96
5 40
10 87
3 6
10 57
7 2
7 58
2 24
3 15
8 13
5 18
10 55
4 95
6 67
3 43
6 48
10 49
7 61
10 56
3 79
3 23
2 53
3 1
2 32
5 58
6 15
5 22
9 8
2 13
6 78
3 3
3 20
7 51
8 38
3 7
1 70
2 30
7 73
10 27
6 53
9 14
5 64
6 70
3 51
9 74
9 57
8 80
10 70
5 96
8 32
5 49
3 37
10 11
4 3
7 37
9 78
9 53
1 48
8 15
9 87
9 43
1 83
6 84
3 46
2 54
7 50
3 46
8 91
3 45
7 22
10 87
6 90
7 59
4 34
5 41
3 95
9 43
8 84
10 28
1 80
6 31
7 21
1 25
9 7
4 4
8 19
3 20
10 98
2 50
10 2
9 99
2 1
5 22
8 85
1 11
6 76
5 33
8 68
1 11
10 19
6 96
3 97
7 13
8 27
3 87
3 69
3 66
9 87
3 56
5 30
2 91
3 65
7 79
2 7
2 44
3 93
1 81
4 1
1 37
5 43
4 75
10 90
8 97
5 62
8 65
3 69
1 57
6 53
6 33
8 87
5 3
1 74
5 51
9 42
1 53
3 27
7 5
1 53
8 61
6 90
8 26
5 69
4 96
9 82
1 48
6 27
2 25
2 70
4 23
8 68
5 81
1 95
5 13
9 55
7 70
2 4
2 41
8 67
10 42
3 54
8 6
9 95
8 30
4 69
3 95
5 100
7 65
3 59
4 11
6 59
5 28
2 25
8 52
2 81
4 76
1 51
3 73
5 52
6 85
10 71
4 29
5 21
1 4
6 90
10 79
7 54
10 46
5 92
2 30
2 43
10 77
4 74
3 72
7 70
8 83
10 68
5 32
10 64
9 18
6 62
9 1
4 15
4 13
6 36
5 23
9 83
10 99
3 32
7 95
9 16
7 56
1 100
2 64
3 48
8 5
10 58
1 94
9 2
4 24
2 97
4 63
1 8
8 55
3 35
5 46
9 30
9 39
5 70
9 58
10 93
1 3
2 5
6 89
8 80
1 92
3 54
7 70
1 7
8 80
5 4
3 73
3 100
8 1
4 84
2 100
10 8
9 17
1 68
6 93
8 88
9 37
9 61
8 5
9 74
8 11
9 38
1 76
7 79
6 98
3 20
4 88
5 52
8 98
9 72
7 72
4 35
6 71
5 8
8 39
3 93
3 36
3 71
8 8
9 7
9 49
10 12
9 32
10 2
4 67
5 39
7 66
10 36
9 21
6 61
9 7
9 42
4 90
6 58
9 92
3 26
5 3
3 50
9 2
6 53
3 64
6 98
2 37
6 84
9 79
9 90
2 31
3 12
5 14
9 2
10 4
1 55
1 44
9 75
6 5
1 49
2 32
7 13
8 94
7 46
5 7
10 48
3 31
5 40
4 80
9 61
1 56
5 39
6 23
5 15
5 6
3 55
10 84
9 80
2 90
4 66
5 51
2 7
8 49
3 72
9 31
8 69
9 32
3 28
2 1
2 10
1 47
6 26
8 32
5 43
10 76
5 33
5 72
3 79
2 18
7 24
4 100
9 71
9 100
9 14
3 85
3 68
10 42
6 99
6 79
6 38
2 92
7 42
6 93
6 68
1 95
1 23
5 79
1 16
7 69
6 8
9 25
6 73
1 77
1 13
10 10
3 88
3 70
1 41
7 43
5 85
6 83
9 1
5 27
7 82
3 58
6 82
8 34
5 12
6 30
7 20
6 33
5 99
6 18
5 71
6 86
3 4
8 14
1 82
7 77
7 10
9 74
8 32
2 51
3 15
1 60
5 9
6 39
10 29
7 61
2 68
5 81
5 80
3 24
1 100
3 33
1 28
8 55
2 15
10 46
4 56
1 51
6 12
10 65
9 36
8 13
2 26
9 41
4 44
7 5
9 64
5 58
8 99
7 13
9 63
1 88
4 73
3 36
4 55
7 47
2 86
10 72
8 84
5 62
9 45
8 77
4 68
8 57
3 73
6 86
3 63
1 100
2 92
7 13
4 16
4 96
8 76
7 29
4 47
3 59
5 92
3 37
4 39
1 6
1 85
7 55
2 15
6 72
8 74
1 8
8 79
1 29
5 6
9 52
7 93
10 73
9 75
5 52
6 74
9 12
7 22
7 21
4 68
1 73
5 24
2 15
9 55
8 94
2 16
5 97
9 73
5 24
2 87
10 50
4 76
6 96
3 46
4 27
3 5
5 98
4 48
4 40
1 40
6 10
6 14
8 24
10 32
8 87
1 36
4 23
7 22
2 74
9 71
4 57
9 38
5 93
10 59
9 79
3 3
2 58
8 48
6 6
10 85
6 83
10 14
2 27
1 34
4 25
6 94
4 79
10 44
1 47
9 52
6 74
7 95
9 81
8 21
9 38
3 1
9 75
4 21
10 78
8 83
9 22
9 95
3 5
4 38
1 55
1 85
2 90
5 40
3 41
2 7
8 35
3 3
3 17
1 76
4 77
4 30
1 24
1 27
3 11
7 69
4 78
1 77
5 48
5 19
4 75
1 49
7 39
4 83
8 95
6 1
9 90
6 82
2 100
4 79
8 10
7 84
3 44
2 23
9 18
5 56
7 10
6 22
7 58
4 54
6 41
9 30
6 39
9 56
3 6
9 94
5 29
10 16
8 100
9 77
7 42
5 53
9 44
6 15
10 10
2 51
5 96
3 97
3 91
3 10
5 90
7 27
1 16
4 4
9 27
7 25
7 15
7 9
2 54
4 84
2 12
6 47
10 52
