8 74
10 61
7 83
2 89
8 27
10 49
3 52
5 80
10 73
9 46
6 33
10 23
10 74
9 37
5 30
9 70
10 89
5 67
9 82
7 7
2 47
10 49
5 8
9 46
7 91
4 47
1 20
7 94
6 52
2 51
5 48
9 26
9 84
2 48
3 97
2 92
2 69
6 69
10 13
6 78
6 93
3 29
7 8
1 73
10 78
9 42
3 61
3 99
10 72
2 16
6 80
1 90
1 92
2 37
1 83
9 60
5 25
4 92
6 22
3 83
3 77
2 96
1 48
1 57
10 98
3 15
8 77
6 94
5 66
5 61
8 12
6 86
9 20
2 20
5 53
2 25
2 55
1 83
10 86
6 55
9 92
3 74
3 95
3 51
7 65
2 89
6 66
3 86
2 50
4 30
6 45
10 91
6 88
7 49
4 25
7 50
9 91
4 63
9 27
7 7
4 75
5 54
5 89
1 61
8 59
8 93
9 55
5 56
7 50
3 29
2 36
6 93
5 35
1 52
1 55
7 87
9 78
2 14
10 28
3 78
8 87
2 24
4 18
1 54
6 64
6 44
6 92
10 77
6 88
7 20
6 27
8 30
3 95
10 3
7 7
3 30
2 86
1 41
6 91
1 82
1 46
1 48
3 91
2 46
9 93
8 59
6 65
2 58
3 2
2 92
1 87
5 89
1 28
3 60
1 77
9 35
5 83
3 23
6 65
2 16
3 84
4 57
10 92
9 4
4 15
10 61
5 27
4 70
7 85
9 55
10 56
5 19
8 21
6 75
9 9
4 10
9 4
4 47
8 29
9 51
9 94
8 23
9 8
5 78
9 68
1 31
7 37
7 7
1 82
3 50
8 23
3 100
10 16
1 39
4 38
7 8
1 27
1 16
1 25
8 20
1 42
3 5
7 87
6 6
3 36
8 91
1 56
8 28
6 22
7 39
9 63
8 87
6 50
7 46
1 10
10 54
8 28
4 12
2 43
10 69
3 65
7 98
2 71
7 8
9 20
2 78
7 54
5 47
10 51
2 91
1 80
4 94
1 8
3 76
4 56
6 88
7 70
6 64
9 12
10 65
10 83
2 72
3 46
5 41
2 1
9 69
1 86
8 16
1 43
2 33
5 50
8 2
1 79
4 35
6 36
10 30
5 75
2 37
1 56
8 65
10 78
2 3
7 21
10 5
7 65
3 83
7 86
3 64
8 84
4 93
5 95
2 48
5 8
3 81
9 46
8 46
5 48
6 62
8 20
5 65
8 18
1 58
4 63
4 6
7 97
8 49
2 51
1 39
4 30
9 77
7 72
7 49
6 20
2 88
9 43
6 12
3 70
8 39
4 58
1 7
10 77
1 79
2 22
3 78
1 33
6 15
5 57
6 82
9 82
6 11
2 43
3 77
4 41
6 100
3 30
5 84
1 18
9 51
9 20
8 86
6 81
7 81
8 29
2 84
7 70
10 89
2 31
9 13
1 39
2 27
3 8
2 17
1 71
10 1
8 16
7 95
10 33
8 62
10 37
2 88
8 80
10 88
5 36
9 31
9 11
3 23
2 62
2 1
7 23
3 69
3 90
3 88
4 15
7 70
10 16
2 82
3 88
3 99
6 37
9 17
10 15
5 8
4 55
10 29
8 3
6 4
5 39
5 2
7 49
3 73
6 30
4 53
5 26
10 26
1 46
9 12
6 85
10 67
4 60
5 5
10 56
6 89
2 30
9 49
6 69
3 8
6 32
4 94
5 78
1 30
5 44
10 23
2 38
3 66
4 71
10 44
10 32
5 52
4 28
1 28
2 65
2 21
10 33
2 33
8 64
2 69
6 63
7 12
4 71
3 43
5 92
5 43
6 4
9 21
8 28
8 76
2 42
1 90
3 90
4 77
9 95
2 77
8 13
10 4
9 30
1 37
1 94
8 46
1 100
3 84
4 2
7 57
7 68
2 10
1 26
9 71
5 37
9 16
5 68
6 62
4 48
4 76
5 61
8 68
9 100
8 45
5 51
10 82
2 35
9 77
7 34
1 83
4 16
3 64
9 72
7 11
10 37
7 80
9 10
2 26
7 63
2 9
5 66
3 72
5 7
8 83
6 32
3 48
6 41
6 48
10 36
1 7
5 49
4 73
3 100
7 79
8 75
3 86
2 64
9 59
3 88
7 48
10 11
10 47
10 48
4 41
4 88
10 98
3 95
5 27
3 51
1 16
3 43
4 78
4 60
9 10
2 14
9 73
9 65
10 19
6 21
1 9
3 5
4 55
1 41
2 47
9 12
6 53
5 94
9 68
10 70
7 18
1 84
10 24
7 70
4 45
6 40
1 86
7 22
1 78
8 46
9 92
3 47
3 86
5 66
7 44
4 15
6 87
10 48
8 43
6 6
10 93
7 93
8 34
8 55
5 85
3 37
8 50
1 3
9 6
2 81
10 47
1 42
1 44
10 80
8 89
10 14
2 23
9 68
8 87
6 49
8 42
5 76
3 33
9 100
10 6
5 88
4 75
7 44
6 14
7 86
5 46
1 46
4 86
5 81
9 24
4 52
2 70
2 57
7 29
1 22
10 53
3 71
8 70
8 100
5 96
8 24
3 31
5 12
2 11
10 99
3 81
4 66
2 80
10 57
8 38
3 10
2 65
5 30
5 78
8 22
5 7
5 99
8 98
8 18
6 89
5 12
3 99
1 53
10 13
6 8
6 41
3 100
1 95
8 77
9 69
2 15
7 91
1 3
6 1
5 84
5 89
5 78
1 44
3 41
9 77
9 66
2 20
3 30
7 14
10 60
10 42
10 90
9 84
3 60
6 58
9 73
2 39
1 18
1 30
9 73
6 87
2 23
7 65
3 94
9 52
4 99
3 90
3 52
6 89
4 6
1 71
2 89
6 27
8 13
6 56
1 5
7 12
5 47
9 19
10 8
8 6
6 98
8 39
10 24
6 79
1 97
5 35
3 89
7 60
1 13
7 90
6 62
2 100
5 66
4 58
8 3
2 31
9 72
7 71
9 10
9 37
1 84
10 70
2 24
1 62
1 15
6 76
3 71
8 22
10 43
2 27
8 19
7 60
5 43
3 40
4 3
5 32
9 81
9 89
6 19
6 15
3 71
7 46
2 61
10 11
10 40
8 92
5 1
10 69
7 13
1 92
9 43
1 88
6 34
5 70
3 53
7 37
10 81
4 29
9 51
10 42
2 59
3 11
3 92
6 37
6 43
1 34
2 60
4 29
5 45
8 3
6 26
1 17
5 72
10 87
10 41
1 69
6 82
1 18
9 5
9 89
1 74
7 82
3 12
7 74
6 44
4 95
7 23
1 78
1 6
8 50
3 44
6 18
8 51
8 67
4 55
2 17
3 92
6 29
8 79
9 3
8 56
9 26
6 3
8 53
8 66
2 53
4 27
5 57
1 31
7 49
6 51
10 73
9 26
4 85
1 84
2 86
9 45
10 24
3 59
2 22
9 27
10 48
3 87
1 43
8 62
1 69
3 39
7 8
10 28
5 92
8 55
1 61
2 59
4 9
4 38
7 80
2 26
1 67
5 35
8 48
8 100
1 41
7 38
5 26
9 38
1 49
10 69
6 37
5 86
3 86
3 73
9 20
4 76
8 34
1 67
2 44
4 1
2 90
2 1
9 93
5 59
10 71
4 81
2 57
5 62
7 29
6 2
3 70
9 55
7 54
1 52
4 82
10 33
9 93
2 14
4 35
5 73
9 17
10 35
4 10
7 11
3 88
9 24
8 77
4 40
10 98
4 41
3 31
6 39
2 41
1 9
2 16
2 38
5 76
7 76
10 36
10 65
3 90
10 100
9 26
8 59
5 98
7 55
2 47
7 29
2 14
2 9
4 6
4 4
1 41
7 72
7 42
4 51
3 79
10 100
10 1
4 40
1 14
2 81
5 65
7 69
7 96
4 74
1 58
6 53
6 53
7 49
9 93
7 71
3 31
1 28
7 53
7 71
3 30
2 15
6 70
6 45
3 47
3 41
1 95
6 90
8 95
9 34
10 5
4 35
1 55
2 7
6 47
4 19
9 98
1 10
8 85
1 31
2 20
10 21
4 43
3 36
5 46
2 56
8 45
8 88
7 5
7 89
1 7
10 58
5 10
5 46
4 87
6 84
7 6
9 66
9 31
9 5
6 65
10 73
3 10
9 54
9 43
8 23
6 52
2 46
8 91
2 29
2 52
4 41
1 24
3 53
3 91
9 78
5 69
3 33
9 48
1 61
2 100
8 92
8 35
9 17
10 96
8 21
1 59
6 76
4 68
4 25
2 58
1 35
2 87
9 62
5 14
3 93
1 96
7 20
5 55
10 25
3 29
5 26
2 94
5 37
3 5
3 79
10 41
2 7
2 16
6 23
8 5
10 6
1 55
5 88
10 94
4 4
2 98
1 55
3 50
1 86
8 56
2 10
10 36
6 48
9 62
10 5
7 100
9 32
5 85
2 32
4 54
7 76
4 3
4 72
10 26
