2 72
7 32
3 9
8 85
3 66
1 65
9 41
8 96
2 34
3 42
2 65
6 16
9 28
4 7
3 89
4 52
10 57
2 53
9 80
1 20
3 61
5 94
7 77
9 59
6 100
10 64
2 76
6 97
8 12
3 71
5 17
4 43
7 35
2 42
2 14
3 16
3 66
4 58
8 86
3 76
4 66
9 52
2 69
3 42
8 55
8 77
1 95
8 7
2 5
9 9
2 67
7 82
7 85
4 23
4 79
6 39
3 35
8 33
6 24
2 39
8 19
8 13
9 64
3 52
1 53
5 28
9 35
9 50
6 54
5 59
5 28
4 30
10 58
1 31
10 44
4 11
9 14
1 92
6 63
6 93
7 17
5 14
5 99
3 76
4 53
7 40
1 70
9 75
2 53
10 90
10 85
1 7
4 17
1 20
2 69
7 23
4 51
8 95
10 39
9 87
6 62
6 73
5 25
9 75
3 50
2 50
2 95
5 90
6 20
9 79
5 73
4 89
1 85
2 56
6 73
5 16
7 44
4 94
3 91
1 5
9 98
3 47
10 63
9 98
2 59
10 35
5 75
8 92
10 40
1 55
3 39
3 94
4 73
4 32
10 18
5 50
1 21
3 34
2 1
2 88
7 18
10 10
7 8
10 32
10 96
3 30
6 85
4 10
10 63
8 21
8 46
8 50
6 63
5 93
10 59
4 15
5 97
5 87
5 87
4 41
4 97
3 67
2 14
5 40
8 27
4 23
10 66
9 76
1 24
6 42
2 75
8 29
1 96
4 19
10 1
5 46
1 83
6 12
7 18
1 8
3 22
7 13
6 10
10 37
2 16
2 88
1 81
3 19
1 87
5 32
1 93
5 76
4 90
2 40
4 66
8 81
8 50
2 23
3 11
1 1
2 43
9 51
7 16
9 72
8 21
6 28
2 67
4 98
10 89
3 27
1 53
10 79
6 44
1 41
10 32
5 95
1 24
7 100
7 100
10 81
4 56
2 73
5 40
8 1
4 38
4 30
3 76
3 8
4 72
10 67
7 26
9 28
5 5
1 9
10 46
1 62
8 42
4 53
6 20
4 9
7 11
6 99
10 74
8 42
9 30
7 90
10 12
7 47
7 56
6 20
6 97
5 70
5 36
10 91
7 25
1 22
10 18
3 24
9 83
6 62
4 29
1 4
7 74
10 50
3 11
10 39
4 90
10 30
6 95
2 7
6 89
6 75
9 81
7 96
8 8
6 59
10 87
9 7
4 41
5 87
9 44
5 68
5 4
1 70
6 57
3 78
9 96
6 40
3 97
4 63
3 8
3 62
3 79
5 34
3 24
4 38
8 28
8 78
3 36
5 58
6 35
5 26
6 53
3 59
6 26
9 49
8 8
5 91
6 8
1 65
6 96
6 48
5 99
2 90
6 4
6 93
1 89
8 89
5 60
6 26
9 8
3 54
7 67
8 97
3 59
4 40
2 24
9 61
9 85
6 58
4 31
8 59
6 59
10 42
9 38
9 38
6 43
6 35
6 62
10 21
5 85
9 79
6 100
9 1
7 50
3 87
7 54
10 78
2 72
5 8
1 74
1 54
8 11
2 14
3 55
2 67
6 76
2 11
6 9
9 51
1 98
4 2
7 27
9 72
4 18
4 34
9 76
3 15
8 16
6 13
10 5
5 38
3 61
9 59
3 54
4 44
3 40
9 86
6 74
3 73
9 95
8 29
4 77
3 37
9 98
4 55
5 57
2 55
3 44
6 91
2 88
5 36
8 38
5 39
9 6
1 11
1 21
2 38
8 73
4 43
5 28
6 24
5 53
9 74
5 65
6 83
9 66
6 38
10 34
10 41
1 31
10 67
7 26
1 34
4 38
2 38
10 24
4 60
6 45
4 98
6 4
2 71
9 28
7 91
7 30
2 88
8 86
4 36
1 3
7 68
6 43
1 62
3 48
6 68
9 88
9 20
9 52
10 87
6 51
7 58
2 40
9 41
3 98
1 88
8 85
6 59
3 81
1 38
5 33
10 30
10 98
8 28
9 35
6 27
6 75
9 92
5 1
2 87
4 75
2 32
6 26
5 94
7 58
8 51
8 67
8 20
7 16
7 37
9 95
9 12
5 46
3 13
7 98
4 69
10 30
4 8
10 39
6 50
6 50
2 65
2 74
9 5
5 53
7 76
8 86
1 73
5 46
2 40
5 97
9 37
3 70
3 95
6 8
1 88
8 51
4 35
4 66
10 29
2 85
2 100
9 58
10 14
10 31
3 19
4 14
6 46
10 40
1 26
7 52
5 85
1 12
9 38
3 55
4 72
2 37
3 79
3 77
5 31
4 96
6 43
10 59
7 85
5 63
3 97
3 49
6 91
7 94
10 13
4 65
10 70
7 9
5 83
4 69
9 92
1 17
5 87
5 39
8 16
10 44
8 95
7 70
2 24
2 95
7 22
1 60
7 52
2 35
4 8
9 51
8 14
1 67
3 69
2 22
6 29
5 18
1 85
10 98
7 71
2 19
10 99
3 83
9 57
8 9
5 63
2 55
10 15
8 97
1 90
6 23
7 54
6 65
8 26
9 15
5 60
7 16
1 96
4 48
10 60
7 11
2 12
4 53
10 61
8 39
1 93
6 52
8 61
1 66
1 79
9 91
8 16
5 29
7 58
7 45
7 19
7 72
5 7
7 4
3 35
9 50
7 51
5 11
5 41
2 16
5 44
6 19
3 21
6 99
3 85
10 56
5 50
10 40
4 63
8 50
3 97
5 6
4 76
7 77
10 83
7 47
5 9
4 47
8 21
3 44
2 37
10 27
4 7
2 64
7 33
2 18
10 27
1 77
5 3
8 31
7 89
6 60
2 61
10 43
9 62
10 24
9 57
2 91
8 39
4 59
10 68
8 35
9 1
1 38
1 1
1 59
4 40
1 35
8 5
8 27
10 54
2 33
10 70
1 88
7 71
3 10
10 73
6 95
2 44
6 26
2 2
9 10
4 85
4 75
5 68
6 19
4 96
6 62
9 67
7 82
8 2
7 76
10 56
2 84
5 82
7 99
8 13
5 28
6 27
6 44
10 83
3 63
2 25
10 88
4 29
8 37
6 99
3 29
1 68
7 15
3 13
2 48
4 47
3 88
3 54
9 50
7 70
7 63
10 95
7 9
6 88
3 45
7 4
9 90
5 99
6 20
1 24
8 82
1 32
2 100
7 2
8 38
3 65
1 42
7 12
2 73
8 68
1 89
6 85
10 50
8 42
9 95
9 27
10 56
7 83
3 67
7 67
3 52
9 63
9 30
3 58
9 7
3 84
4 91
1 28
10 86
6 32
6 56
5 95
10 43
10 21
1 76
10 98
9 19
7 16
10 1
4 15
4 35
1 37
8 61
8 67
2 69
10 39
10 3
9 18
4 2
10 42
10 85
9 85
2 19
6 38
8 4
9 38
3 74
2 54
4 45
4 28
8 15
9 100
8 32
8 54
8 9
1 77
5 32
7 86
2 40
10 59
8 40
5 63
10 71
3 52
1 97
5 93
6 77
4 6
7 26
7 57
2 9
1 15
8 50
5 96
7 95
6 36
3 83
10 27
9 70
5 95
4 10
3 25
8 22
8 98
5 75
8 41
8 97
9 15
6 56
4 47
6 36
10 32
4 98
10 76
2 16
1 86
9 45
3 72
6 59
7 60
3 73
3 21
4 70
6 27
2 44
3 19
2 38
7 32
8 41
8 64
5 53
9 6
1 12
2 3
10 55
5 99
9 66
5 62
5 47
8 92
3 47
9 61
9 9
10 76
8 79
8 62
4 35
5 71
10 7
2 12
8 90
10 60
8 12
3 66
8 68
3 77
4 61
4 31
1 42
5 47
3 82
2 93
2 56
8 37
4 44
5 13
8 57
5 59
8 32
7 50
5 62
7 16
1 85
1 55
3 32
7 66
5 17
1 48
4 84
7 51
8 34
10 4
2 3
5 27
10 94
5 7
5 40
8 90
7 61
8 40
6 71
6 81
8 87
4 96
6 90
10 13
2 81
10 7
8 13
3 81
3 30
5 32
7 11
10 83
6 56
1 18
4 100
4 75
5 70
9 50
5 26
5 13
8 60
3 37
4 78
9 53
2 28
6 69
3 18
2 38
9 21
3 85
2 98
2 81
8 92
4 75
5 73
7 57
3 9
7 7
10 11
7 42
6 64
9 2
6 50
5 28
3 50
1 77
1 78
3 38
9 2
9 38
2 74
1 77
2 14
2 47
1 11
7 45
2 14
2 55
6 77
7 8
5 61
3 43
1 11
10 12
9 97
5 10
7 66
8 95
2 4
7 63
9 6
7 30
3 97
7 69
1 54
4 79
1 47
1 37
1 18
1 25
6 23
3 66
6 80
8 89
4 87
3 61
1 41
5 56
2 51
7 63
7 50
8 97
4 76
2 89
5 93
2 41
7 37
3 23
2 88
3 43
3 92
4 11
9 67
6 92
4 90
6 64
10 55
7 82
