10 10
8 15
1 21
1 91
4 8
6 89
10 72
10 87
1 49
7 13
5 48
2 33
2 75
9 84
8 11
2 11
5 24
9 22
2 82
2 46
9 11
2 25
8 1
10 9
8 90
8 73
9 15
3 80
3 83
1 92
1 37
9 43
3 29
2 14
10 36
2 53
2 49
5 31
5 97
3 59
5 20
9 9
9 25
1 72
8 13
7 9
9 99
3 88
5 45
9 27
7 91
5 24
2 24
10 60
2 71
2 26
7 62
3 76
3 95
2 62
10 45
9 90
4 58
3 69
9 67
4 85
3 36
2 70
3 26
7 14
7 99
10 49
3 42
2 10
3 92
9 10
1 3
8 23
9 69
7 16
6 69
6 80
1 18
4 52
4 45
6 67
3 66
8 53
8 94
4 91
10 45
9 99
5 51
5 100
8 65
7 94
6 21
4 4
2 10
1 6
7 51
3 1
10 55
10 6
5 28
7 8
4 57
4 98
9 32
2 97
2 64
6 2
4 68
2 9
8 47
9 95
9 5
9 70
6 19
10 23
3 90
8 67
6 96
6 3
2 40
1 55
9 9
5 94
4 23
8 24
8 14
1 64
8 43
9 41
1 49
3 57
7 29
4 74
2 95
6 37
4 13
9 44
5 61
10 19
9 20
1 92
10 25
4 37
7 49
3 86
4 53
5 15
2 69
1 92
7 65
1 41
9 77
8 54
2 86
7 8
7 92
7 73
4 31
2 37
10 47
4 74
3 100
3 79
7 66
7 69
7 2
6 51
10 98
6 72
10 48
1 51
9 99
6 3
9 97
1 1
2 9
4 51
1 21
8 43
5 88
4 13
5 7
9 70
9 93
10 90
3 82
1 33
5 77
3 74
5 78
8 4
1 31
7 31
2 21
8 59
7 75
3 77
2 35
2 87
2 3
3 12
5 48
10 65
10 45
9 91
3 99
10 39
8 44
4 61
1 55
6 57
7 67
3 23
4 15
6 93
10 2
5 75
10 91
4 16
1 37
6 64
5 86
8 2
2 66
9 9
8 59
6 46
8 15
8 81
7 2
4 21
9 47
6 53
8 38
7 38
3 76
6 51
9 18
4 29
10 3
5 23
10 38
5 73
10 69
9 5
9 53
1 59
2 6
7 28
7 53
5 6
9 93
10 83
1 92
10 99
5 56
4 55
1 83
9 92
8 31
2 41
2 7
5 27
7 6
9 43
7 41
8 93
6 25
10 84
5 55
1 29
5 90
8 70
7 23
7 92
2 2
3 97
10 84
8 64
9 41
2 90
1 90
8 91
1 5
10 78
9 76
6 90
8 43
2 6
10 5
4 9
3 39
7 39
5 69
3 7
10 26
10 41
7 14
8 3
10 91
1 81
9 70
3 12
9 88
6 85
1 77
6 54
8 40
4 52
8 73
1 59
5 16
2 89
6 8
6 62
4 88
8 6
10 37
1 56
8 65
7 54
8 36
4 8
2 70
1 69
2 9
4 45
9 92
10 56
8 77
7 60
5 44
7 20
8 54
1 89
9 2
4 45
10 81
2 30
10 85
10 89
7 92
10 77
5 75
8 8
2 79
6 24
6 7
2 26
6 12
10 65
3 74
7 62
1 33
4 21
5 21
1 15
10 86
2 51
8 83
7 68
6 13
3 47
9 97
8 62
8 64
1 13
2 71
6 74
4 51
1 53
8 13
3 30
8 96
5 30
5 13
2 47
7 56
2 53
7 81
3 67
5 73
3 20
1 36
3 47
9 83
8 62
4 83
1 79
1 45
1 42
9 57
1 40
10 87
8 33
4 89
4 90
1 19
3 39
4 76
5 43
4 54
10 47
8 22
1 59
2 54
7 49
5 55
4 12
3 75
8 8
7 100
3 45
7 59
6 38
8 9
7 81
7 76
7 85
1 65
5 63
9 94
8 69
10 23
7 12
2 55
4 70
2 37
6 66
4 40
4 100
5 29
5 69
10 59
3 59
6 90
2 1
10 53
6 99
10 17
3 37
3 55
5 30
10 93
10 68
2 63
1 6
8 69
3 87
1 5
4 50
1 87
8 27
1 24
7 10
2 20
9 2
8 68
6 65
8 93
2 90
4 51
9 84
2 5
6 87
2 82
2 30
7 57
6 100
10 2
8 11
2 90
7 71
1 21
3 71
7 87
10 55
5 36
9 54
4 85
8 74
7 25
9 74
8 88
10 12
1 56
4 34
1 97
7 56
8 55
6 51
6 60
8 60
5 27
10 91
7 49
7 6
10 50
4 99
5 56
10 68
8 57
9 22
1 83
8 57
2 81
2 18
10 40
5 38
2 95
3 27
10 89
6 13
8 26
3 77
4 1
7 58
7 89
8 64
1 22
6 82
6 99
4 31
10 83
3 78
8 65
7 36
10 1
8 82
6 40
1 99
8 71
2 96
4 5
4 16
9 91
3 100
6 66
10 56
1 16
10 54
9 4
3 32
1 92
7 29
6 5
5 30
5 70
9 48
1 24
5 65
2 94
9 33
1 1
1 34
2 45
7 40
4 68
6 75
9 68
9 31
3 99
3 86
9 89
4 76
4 15
9 44
6 47
6 27
9 45
4 4
3 21
3 7
6 50
1 83
9 31
3 70
5 85
2 3
9 6
10 67
9 85
3 81
2 18
2 57
3 69
1 68
9 23
2 27
5 90
4 93
7 63
7 28
1 17
6 52
3 79
9 34
4 42
8 47
1 75
4 71
9 82
10 59
10 21
2 97
8 70
10 84
7 2
4 15
1 91
9 29
7 38
3 7
5 15
6 99
4 94
6 6
10 70
4 9
9 13
6 15
10 40
4 50
6 21
7 5
6 71
1 91
6 85
9 80
5 4
5 53
2 66
4 4
2 20
2 61
6 20
4 99
5 76
10 92
2 92
3 61
2 6
6 22
5 33
6 55
8 79
6 68
2 21
10 55
3 89
6 87
4 10
10 40
10 5
8 90
6 3
3 15
5 24
10 86
2 66
6 10
9 66
2 65
7 53
3 10
1 27
7 57
1 11
2 82
3 71
1 15
1 74
8 28
7 75
4 74
8 76
7 80
9 29
4 31
9 8
6 1
6 2
2 93
1 63
4 77
10 75
2 12
6 41
5 14
4 46
3 87
9 19
4 89
8 39
10 36
9 64
5 32
8 1
5 40
1 6
10 97
5 100
4 69
9 23
3 3
2 22
4 93
4 15
3 38
9 84
2 66
3 50
7 51
5 16
10 81
5 72
6 98
7 50
7 13
10 58
1 94
5 77
5 35
4 44
10 81
5 33
7 85
6 78
2 66
7 84
6 45
5 81
10 73
2 86
3 89
8 41
5 19
9 95
8 26
8 61
2 84
4 21
8 98
5 72
8 86
6 16
2 16
2 68
6 9
9 32
5 76
8 99
4 86
8 86
9 18
4 88
10 94
4 41
8 45
10 36
6 50
4 92
6 1
1 19
10 46
2 58
2 63
6 81
5 35
8 93
1 22
1 19
4 55
3 76
9 66
8 26
6 85
7 77
6 41
6 52
2 32
3 3
8 90
8 24
1 75
4 5
3 7
4 40
2 87
5 62
7 12
5 37
3 13
10 63
5 64
9 40
7 7
3 60
7 73
1 62
2 84
8 44
2 36
10 61
5 6
9 64
7 56
3 51
2 66
9 84
6 2
9 28
1 31
6 7
8 15
4 52
8 32
3 62
2 94
3 47
7 52
10 61
8 97
7 26
5 54
3 7
1 94
10 18
4 69
3 59
4 93
8 66
9 78
1 70
9 1
3 62
9 70
4 9
6 48
10 12
4 71
6 81
3 96
4 23
3 15
6 93
5 22
1 100
9 90
3 80
9 57
7 90
6 43
8 65
7 21
5 55
7 59
3 28
3 94
4 75
3 39
1 72
8 15
6 17
1 80
1 57
8 77
7 27
5 71
5 81
8 67
1 24
7 92
2 51
9 6
8 53
6 80
2 21
6 92
1 35
3 65
10 60
8 66
5 65
1 18
9 52
8 40
3 44
4 5
8 3
8 84
5 79
4 62
6 7
5 20
7 17
10 91
3 73
8 83
1 87
3 44
7 50
9 13
2 17
10 90
10 95
8 89
3 64
5 37
5 30
9 21
10 94
8 100
6 33
5 77
7 91
6 5
1 15
10 97
5 27
9 55
2 72
9 17
1 23
6 14
4 59
1 76
1 95
1 87
3 11
3 28
2 95
1 42
3 56
6 82
5 36
5 25
2 1
3 84
5 18
8 44
2 25
6 48
4 13
10 8
10 68
8 64
8 65
5 78
6 81
7 93
9 91
4 82
2 46
8 5
4 39
3 18
5 25
8 39
5 66
7 35
7 15
5 20
1 15
8 24
10 85
5 17
4 84
3 16
10 68
2 69
3 67
9 94
9 66
2 33
9 63
3 100
8 20
5 80
4 90
1 30
10 8
9 55
10 78
10 98
4 78
4 24
9 94
9 19
4 80
7 68
7 52
9 56
7 60
1 62
