6 38
3 58
1 94
8 21
10 95
8 33
7 57
1 95
10 32
7 43
6 16
8 23
10 50
3 19
1 99
9 95
10 39
5 79
5 61
3 11
2 65
8 52
2 61
6 4
10 24
7 98
5 46
4 89
6 5
2 79
2 36
1 97
3 99
9 62
4 10
8 81
3 7
5 5
9 71
2 17
10 13
2 13
7 20
9 60
2 50
7 23
5 21
7 90
4 9
5 14
6 85
5 83
4 36
3 21
2 68
7 31
1 82
3 11
4 56
7 97
9 5
5 38
5 47
10 57
8 15
5 27
3 97
8 20
3 14
3 46
6 8
3 81
4 97
1 84
7 4
3 44
7 98
3 18
6 29
9 80
8 87
6 89
10 50
7 57
3 79
9 54
9 89
6 60
10 16
2 8
8 20
10 48
8 20
10 55
3 15
5 40
8 3
1 80
4 57
1 22
7 64
8 87
3 13
9 36
10 45
3 88
7 87
4 6
1 5
10 31
8 66
4 28
3 9
8 1
1 61
3 78
2 62
6 3
1 72
6 28
7 50
8 26
1 45
1 62
7 84
5 91
8 5
2 98
3 66
5 58
2 70
1 82
10 67
3 13
5 77
2 57
10 64
5 24
10 91
10 95
7 92
3 92
3 37
3 59
9 86
9 77
1 33
7 74
4 52
2 70
8 24
10 2
10 99
1 61
9 76
6 98
10 87
4 93
9 97
7 94
1 13
4 57
2 85
8 45
3 32
4 96
8 38
8 9
10 3
4 49
7 12
4 54
6 59
3 22
4 22
4 96
4 87
2 18
10 31
1 88
4 41
7 24
7 10
10 80
4 24
3 56
6 88
6 57
8 77
4 43
6 39
5 89
3 92
2 41
5 42
9 18
10 34
5 59
7 61
7 11
4 78
3 82
1 11
6 64
2 6
9 80
1 24
2 49
7 56
1 88
4 59
4 1
4 95
9 8
2 50
4 96
9 5
4 28
1 54
9 62
1 16
7 5
1 58
2 35
9 71
7 73
3 89
2 79
4 87
9 95
6 9
5 84
1 40
10 25
8 36
10 5
7 20
5 31
2 12
4 63
8 76
10 18
4 20
2 44
2 44
8 76
4 31
1 78
10 81
5 64
8 58
10 54
3 97
9 9
6 2
6 83
7 49
10 97
1 73
7 53
10 72
8 3
10 55
9 48
4 46
8 31
9 95
3 21
5 85
5 7
2 33
7 41
9 60
2 81
8 83
1 98
10 64
3 69
1 90
1 99
4 53
5 85
5 35
5 81
2 31
2 57
6 29
3 62
7 62
7 98
1 46
8 71
3 96
2 76
9 75
1 79
2 28
2 3
10 3
1 54
8 90
8 55
7 36
5 69
10 100
3 21
5 19
7 67
10 44
6 26
10 55
10 51
10 88
7 63
4 22
4 66
6 40
5 89
9 52
6 3
1 76
4 4
6 22
5 51
2 100
1 70
5 28
9 84
1 97
10 43
4 77
8 95
5 51
8 36
9 13
6 96
2 11
5 45
5 41
6 70
7 40
7 44
4 89
6 5
2 51
9 61
7 63
7 86
4 13
8 18
7 74
5 39
2 65
3 63
8 51
3 33
8 28
1 64
10 39
4 99
4 94
3 23
9 20
8 78
10 12
1 73
6 43
8 5
5 25
4 82
5 13
9 84
7 71
7 59
6 8
2 90
6 94
4 76
1 29
8 56
8 81
1 68
9 5
10 66
4 65
8 38
9 65
6 46
1 15
3 51
2 40
6 22
1 62
4 57
7 25
7 64
5 88
3 39
10 51
9 9
3 56
10 99
2 23
10 56
10 39
6 30
3 66
4 10
8 44
8 52
5 65
10 90
10 45
5 31
7 58
8 11
1 97
2 50
1 73
8 62
9 38
9 79
6 82
9 39
8 26
6 46
8 40
4 65
4 76
6 38
10 45
5 47
7 58
10 37
1 2
1 76
9 5
6 46
5 85
6 96
8 30
8 96
2 70
1 45
7 73
1 30
5 60
1 19
8 37
1 94
6 75
7 85
7 68
7 59
8 10
9 90
2 82
2 81
10 100
7 88
3 39
1 49
2 36
3 57
9 79
3 4
5 34
5 9
5 44
1 34
8 5
2 57
9 47
10 73
8 25
1 68
3 8
5 5
3 12
9 97
3 12
1 11
7 39
6 30
3 63
2 40
6 35
6 56
7 9
2 56
6 70
10 50
7 94
6 97
8 45
7 92
9 37
10 23
8 57
10 2
2 77
8 48
4 63
2 48
7 52
7 42
8 2
8 73
2 39
9 57
9 74
6 26
8 48
10 33
8 32
5 97
1 24
3 37
4 42
5 17
1 40
3 100
6 89
6 34
9 61
5 14
9 71
5 75
5 45
3 15
5 24
4 81
6 11
3 85
2 59
9 10
10 5
8 25
8 52
1 45
10 77
1 42
3 9
10 26
9 86
1 75
7 87
2 64
1 22
5 27
9 43
2 52
7 31
4 68
10 50
1 41
10 71
3 39
9 3
6 36
9 74
5 72
1 6
9 86
7 52
4 72
7 93
9 99
5 38
8 19
6 12
4 99
5 63
4 100
4 82
6 44
8 72
2 2
8 47
6 89
9 43
3 10
9 97
3 23
6 69
3 89
3 65
7 67
8 5
2 57
4 65
2 40
9 42
6 49
6 57
6 51
2 57
7 87
3 28
9 51
4 78
3 95
7 50
9 16
8 65
3 26
8 32
10 58
2 26
5 1
2 5
1 76
2 11
10 81
6 93
9 59
10 67
3 91
9 69
6 67
10 75
4 63
6 56
7 6
4 6
6 79
3 98
7 50
2 33
8 30
2 97
7 44
5 81
3 74
3 49
8 71
3 98
6 73
3 57
10 65
5 16
1 77
3 84
9 15
6 36
10 5
5 51
10 50
6 40
9 65
2 15
2 78
10 76
3 86
3 77
9 3
8 29
10 33
3 72
2 11
7 62
8 27
3 79
2 93
10 88
8 11
2 86
3 94
6 15
5 44
10 46
10 75
3 5
8 42
7 42
2 55
9 47
8 74
2 26
2 20
5 81
7 76
4 39
8 43
3 1
3 78
4 92
8 47
1 88
6 56
9 76
7 39
1 13
9 3
8 95
1 20
1 83
6 52
5 32
9 18
5 96
9 20
9 94
2 84
1 94
6 35
9 28
8 27
6 11
7 51
3 31
9 41
5 58
3 48
5 100
6 67
5 69
7 55
3 12
3 25
2 31
8 16
10 62
6 2
7 4
2 33
9 61
9 30
4 70
3 66
5 64
10 78
1 4
6 85
4 15
9 20
9 6
1 97
6 73
6 41
3 58
10 53
2 65
7 76
5 70
10 88
8 11
2 14
9 57
5 11
8 10
6 58
5 41
4 96
4 89
8 19
9 99
1 87
10 40
10 23
10 56
8 5
8 30
1 28
8 12
4 18
7 73
5 50
9 90
1 4
2 59
8 38
8 61
5 31
5 21
4 78
10 10
10 17
9 92
9 31
10 13
7 5
8 69
7 5
2 83
2 77
1 46
5 39
3 22
5 42
3 85
10 14
4 10
1 4
8 45
8 53
6 31
7 52
1 78
9 11
5 82
8 23
9 83
2 9
1 87
5 62
1 83
3 46
1 58
9 50
2 94
1 83
9 12
4 75
5 58
7 59
3 40
7 66
9 77
1 46
4 84
7 61
1 15
1 95
7 63
10 55
7 78
9 80
4 54
8 39
4 31
3 34
3 41
5 71
3 64
10 19
10 61
7 58
6 98
5 57
4 61
8 64
1 73
10 42
6 79
4 50
1 25
10 68
1 29
1 85
3 81
1 55
8 86
8 37
8 83
5 32
7 44
6 44
8 16
4 54
2 17
9 26
6 59
3 92
4 84
3 91
3 23
2 8
4 35
9 86
8 15
5 55
9 96
1 55
1 83
2 47
5 37
3 10
10 89
8 47
8 70
1 31
9 23
7 3
10 67
10 90
2 73
4 71
5 13
7 45
4 93
7 78
10 15
8 6
8 80
9 17
2 39
7 41
4 68
9 27
9 72
2 59
9 81
7 35
2 90
10 66
10 26
7 27
8 7
9 6
6 3
1 41
8 14
5 99
2 90
1 70
7 68
3 79
8 88
1 44
6 5
3 30
7 10
1 13
6 41
2 10
10 3
5 60
9 13
3 42
6 42
2 33
3 49
7 21
9 45
8 26
7 1
1 30
10 22
8 78
1 13
2 2
2 83
3 10
4 6
6 3
7 39
8 87
2 69
7 85
6 93
8 41
4 57
2 96
9 2
8 39
8 79
1 43
2 79
10 78
2 71
2 97
1 46
5 85
9 69
2 7
7 27
1 96
2 2
10 26
8 89
3 11
8 19
7 20
2 88
5 49
10 30
3 84
4 78
7 35
5 21
4 43
6 52
7 23
2 16
9 43
5 79
4 36
7 52
9 97
8 29
4 90
3 72
10 52
4 51
5 68
9 29
1 70
8 11
6 56
