2 30
9 43
3 69
9 13
5 4
9 79
9 100
10 41
3 68
8 95
9 10
2 52
9 61
9 37
4 80
5 75
7 89
5 50
5 96
7 72
4 67
9 91
7 51
2 70
7 5
4 31
7 2
4 73
9 57
2 45
8 91
10 53
4 81
5 84
9 11
7 22
9 56
9 63
4 7
10 86
9 1
10 44
8 72
7 3
8 48
3 23
1 53
10 56
4 54
7 42
6 57
10 92
8 35
6 67
10 96
5 52
6 23
4 15
6 92
1 60
7 4
4 70
1 37
8 23
9 20
7 14
6 87
6 97
2 60
6 35
4 60
3 21
6 29
5 70
4 33
4 73
1 35
3 56
2 87
10 95
8 94
5 42
9 64
5 67
5 39
5 56
10 81
10 21
7 90
5 55
4 15
5 98
9 55
4 57
4 52
1 31
1 78
5 48
5 9
2 43
6 68
4 61
9 35
6 8
3 25
1 93
8 19
9 6
10 90
8 67
10 76
3 1
9 50
2 10
2 85
4 41
3 7
9 94
5 13
5 41
10 12
9 48
6 84
6 78
9 73
2 55
8 1
5 22
6 44
5 40
2 20
8 80
1 72
1 63
8 71
5 48
1 93
5 72
8 87
6 89
1 64
6 10
1 77
8 21
1 42
3 64
1 83
8 97
4 86
1 20
2 2
9 43
1 13
6 77
7 43
4 20
10 11
4 71
3 40
4 96
4 61
9 7
6 41
6 99
7 83
8 41
4 73
5 80
9 4
1 80
5 88
7 7
9 18
3 86
4 84
8 4
4 53
3 82
6 7
7 67
1 73
9 67
2 5
4 39
10 46
8 48
9 7
9 6
2 49
5 35
9 20
6 5
4 70
5 72
7 36
4 45
7 5
5 52
1 89
7 66
1 83
5 72
7 47
7 8
10 32
4 66
6 61
8 2
5 92
2 24
8 12
9 80
8 8
7 26
2 73
2 7
8 7
7 46
7 25
10 70
7 3
4 19
8 1
9 75
10 83
8 1
6 24
4 54
5 4
6 4
1 78
3 54
8 62
6 74
2 44
4 35
10 97
5 11
6 36
10 50
2 14
5 60
3 31
1 92
1 18
7 70
5 15
1 73
4 83
1 18
6 48
5 72
5 36
1 93
8 37
6 93
10 87
6 18
10 25
6 97
7 74
3 4
3 60
7 50
5 96
5 87
6 14
2 17
7 58
6 28
6 12
1 1
10 96
3 96
1 31
9 99
2 40
6 87
9 14
9 17
9 31
3 82
3 5
4 61
6 92
9 2
10 98
5 37
1 59
4 76
4 53
1 54
8 51
6 37
5 73
2 48
6 42
5 46
9 70
3 65
9 31
9 79
2 86
2 82
1 34
9 100
3 2
3 52
1 33
4 84
7 76
1 84
1 3
1 43
5 4
2 61
5 41
7 9
4 40
10 44
3 42
2 91
8 74
5 87
8 65
2 31
9 83
6 32
6 99
3 45
8 67
2 8
1 27
10 89
8 37
9 91
8 95
5 53
9 78
7 4
1 82
4 42
2 66
5 74
9 10
5 84
4 40
7 23
6 77
3 96
7 61
10 22
1 73
6 43
4 81
1 18
10 5
3 65
3 26
7 79
10 12
2 76
5 50
1 98
5 27
6 97
6 14
9 37
6 44
4 31
3 67
7 82
9 95
7 45
2 83
1 63
9 5
8 94
1 54
7 84
1 88
9 76
1 78
5 78
10 48
8 79
8 77
7 48
3 6
4 64
8 88
1 37
7 33
2 80
6 51
10 22
3 94
3 85
5 1
5 67
6 17
1 97
3 98
2 19
8 59
1 64
6 17
8 22
10 83
4 44
3 77
6 88
6 83
3 68
9 74
7 72
1 67
10 87
10 27
7 56
10 46
5 68
10 71
1 1
6 1
8 9
7 45
10 93
10 77
9 46
3 37
8 75
2 65
4 52
5 7
8 51
2 75
10 56
5 57
4 75
6 45
9 35
4 70
9 74
6 94
9 41
6 35
8 10
2 73
9 89
6 62
1 31
9 46
4 12
7 51
7 16
9 89
2 99
9 85
9 23
6 80
6 3
2 43
7 1
8 17
4 56
8 77
5 69
10 98
2 72
10 70
1 76
3 7
1 51
3 77
4 75
5 13
4 71
1 86
9 22
1 82
1 23
9 60
5 60
2 53
7 73
10 69
1 82
5 96
8 65
8 43
5 51
5 10
9 41
9 31
6 19
4 88
8 44
2 45
10 42
10 30
7 85
6 25
9 51
3 45
4 32
5 50
3 19
1 75
2 85
8 46
4 36
2 83
4 65
9 14
2 33
5 56
4 70
10 17
8 78
9 24
7 40
10 94
4 34
7 60
2 99
1 100
2 59
6 23
1 89
9 11
7 1
10 92
5 27
5 61
9 52
2 86
1 49
1 24
4 65
7 32
3 12
6 36
1 26
5 60
8 96
6 3
10 95
10 51
10 80
1 42
2 93
3 42
3 47
8 99
4 99
6 33
5 35
9 59
4 29
4 30
10 79
8 26
6 83
5 95
3 33
2 32
7 17
7 74
4 6
7 23
7 30
9 42
9 7
4 20
7 61
5 97
4 40
1 33
7 85
10 25
1 27
2 69
5 75
9 41
8 23
10 65
2 67
9 62
3 42
10 19
2 94
7 88
7 53
1 75
1 88
1 33
5 8
2 39
5 3
4 30
7 45
7 53
7 41
3 79
4 60
9 21
9 36
6 37
10 57
8 21
1 17
5 51
1 10
10 30
1 35
1 79
9 100
2 45
8 74
2 87
4 83
7 29
5 90
7 74
9 20
4 33
8 91
6 78
1 40
3 13
5 77
9 50
1 4
7 83
10 43
7 91
7 4
2 8
5 37
6 69
10 2
3 70
3 80
7 100
4 22
3 52
2 25
1 44
4 13
4 31
2 16
8 15
4 32
4 89
10 21
2 80
9 55
9 38
4 89
7 60
8 100
4 72
9 57
10 94
8 15
9 72
8 20
7 43
10 98
6 68
6 97
8 92
6 52
8 77
1 9
7 1
9 59
9 68
8 71
9 94
9 11
4 66
9 99
9 75
7 90
8 74
9 94
7 17
3 95
8 7
3 86
8 17
8 85
10 17
4 44
10 41
6 87
5 6
2 87
5 99
1 12
1 78
7 43
2 43
2 38
2 37
9 57
3 38
10 4
2 34
8 63
4 31
8 77
4 79
8 70
8 91
7 52
2 57
4 53
8 22
10 12
1 91
7 53
7 57
1 71
4 27
8 85
7 72
5 16
2 74
6 33
4 79
3 82
1 54
4 68
4 34
5 93
3 63
1 27
9 78
7 66
6 57
7 69
4 15
9 76
1 62
7 75
8 22
9 83
7 65
2 24
5 18
5 37
3 68
7 43
2 1
1 1
9 75
3 25
9 46
8 6
4 15
4 77
5 74
4 73
9 35
3 16
4 96
9 56
7 79
5 85
9 98
3 88
10 37
4 7
7 31
5 44
1 30
10 19
6 53
9 26
3 40
5 84
4 3
7 3
1 66
7 84
1 49
10 11
7 92
4 51
4 48
7 44
9 18
7 57
7 32
6 53
7 22
4 14
6 2
7 57
7 61
4 64
7 34
3 63
10 80
9 75
8 59
6 8
2 28
1 58
3 12
3 55
7 95
5 84
8 34
5 1
10 87
1 11
2 96
1 35
1 20
5 9
4 53
10 50
10 3
6 42
8 47
3 90
3 83
7 91
6 79
9 33
4 48
6 47
4 37
1 15
4 56
7 97
1 67
2 9
3 59
9 71
1 94
10 35
1 61
1 78
7 2
1 89
10 100
3 84
4 91
6 7
10 40
4 32
2 39
7 34
9 41
5 51
3 5
10 43
7 61
1 82
5 13
2 47
2 68
4 96
10 92
1 39
8 29
4 94
8 66
9 87
6 20
3 90
4 91
2 77
2 76
3 83
7 76
8 24
6 100
9 53
5 66
1 47
8 55
9 87
2 32
2 57
10 57
8 54
6 14
9 85
9 5
10 72
6 73
7 29
8 71
10 68
7 54
9 8
1 17
5 34
1 28
4 37
1 7
9 89
4 93
1 15
4 52
7 34
4 55
3 9
3 13
10 36
9 68
3 88
8 99
4 12
1 88
10 74
7 31
1 91
10 27
4 27
2 10
4 85
4 54
5 8
3 71
8 62
10 40
6 41
3 70
4 84
10 11
3 72
3 72
7 38
4 2
3 66
5 35
1 68
10 97
2 30
7 88
10 25
5 78
8 26
9 81
6 96
5 20
1 19
10 74
1 68
3 88
1 6
10 26
3 80
1 22
10 91
9 64
10 55
9 38
9 79
6 12
3 49
8 41
8 35
8 5
2 73
7 50
8 13
1 43
9 93
2 35
10 39
7 28
5 82
7 96
6 89
8 80
1 98
6 8
3 17
2 99
7 47
1 81
8 90
9 2
7 38
10 77
10 67
2 3
8 90
2 75
10 86
4 60
2 29
