8 73
3 57
5 19
4 96
7 79
8 69
1 74
7 76
8 48
1 6
6 70
6 11
6 85
2 56
7 42
7 9
8 53
1 63
10 59
10 1
1 6
4 10
7 76
5 81
2 54
2 89
4 83
10 46
7 48
8 68
9 48
6 91
10 42
8 24
6 75
7 20
3 82
9 63
2 62
1 65
10 72
10 81
4 57
4 10
1 3
8 43
3 68
2 74
5 65
2 37
3 62
8 45
2 33
5 77
4 29
9 91
5 32
3 14
4 77
2 13
3 22
6 95
5 94
1 13
6 80
1 36
9 88
2 52
7 37
9 66
3 76
3 89
3 63
7 57
10 71
1 48
6 41
5 82
10 79
5 97
8 32
3 39
2 1
7 8
6 64
7 7
2 79
6 16
2 93
7 76
9 98
9 42
2 52
2 35
2 98
2 25
2 85
7 20
1 26
1 66
9 24
9 25
5 27
4 27
9 78
9 5
5 10
9 28
8 75
1 47
10 76
2 66
5 71
10 17
3 87
5 93
1 2
10 67
9 84
6 83
2 66
3 75
9 55
10 62
6 33
6 48
2 92
9 80
2 17
6 69
10 46
8 6
3 51
3 57
1 72
9 19
8 60
7 6
7 54
10 68
5 64
7 32
6 3
10 35
6 61
1 57
3 70
7 93
9 17
6 79
1 82
1 1
5 74
9 35
8 95
9 97
3 39
7 73
8 76
8 58
8 78
8 11
4 28
4 77
9 96
3 9
9 47
3 90
10 2
5 80
4 73
8 46
1 1
5 1
8 95
5 34
7 35
2 8
7 62
7 32
10 98
6 60
7 61
5 54
5 58
4 39
6 8
4 82
4 43
1 55
10 1
5 66
2 86
9 77
6 16
3 19
5 46
8 78
3 84
2 76
1 72
6 6
3 76
1 6
5 21
9 47
8 17
3 55
7 69
5 53
2 72
3 53
3 56
8 13
5 6
9 69
7 62
9 75
1 42
4 58
7 76
6 70
8 67
6 37
3 1
6 88
9 37
9 24
4 55
2 32
3 18
10 29
2 54
6 53
6 2
10 73
3 30
4 2
4 28
7 31
2 86
3 14
10 40
1 32
7 81
10 99
3 45
7 99
3 21
9 89
6 11
9 64
4 59
3 97
6 51
6 2
3 4
5 51
3 15
8 75
10 12
3 10
9 25
1 20
3 99
4 9
1 45
1 83
3 29
10 86
4 93
3 34
8 75
8 32
8 38
1 43
2 21
6 98
6 50
1 99
7 88
7 98
9 93
3 53
9 91
8 65
7 17
7 70
4 51
10 15
6 68
3 52
7 81
8 25
7 14
3 10
6 95
10 89
8 62
6 15
3 25
7 38
10 84
5 48
7 80
6 62
7 41
4 36
4 30
4 57
2 72
10 99
9 30
1 37
6 84
8 9
10 14
1 89
9 73
7 21
5 41
8 52
6 90
10 97
4 89
3 81
6 25
5 90
8 100
8 42
3 84
4 18
1 36
9 82
5 48
5 76
3 80
2 69
5 10
6 43
4 94
9 85
3 75
4 48
4 92
1 92
8 85
2 31
7 65
5 62
4 54
2 63
10 31
5 29
10 21
1 28
1 32
7 1
9 58
7 21
5 12
4 76
2 44
8 100
4 62
6 48
6 98
1 42
9 8
6 5
9 72
1 26
10 33
5 57
1 89
3 9
10 18
5 4
5 8
6 44
1 19
7 44
4 8
4 47
7 29
5 19
1 22
5 45
10 12
1 74
7 44
5 99
3 47
4 50
8 9
10 80
9 29
3 2
2 53
10 88
7 59
4 25
4 36
8 50
2 36
3 98
6 8
1 35
5 79
4 100
5 40
8 91
9 21
9 38
5 9
8 1
4 42
4 50
1 1
8 65
3 91
6 7
8 44
3 15
9 38
9 24
8 41
4 15
9 26
10 40
5 51
4 75
2 82
10 86
9 50
9 70
10 91
3 64
3 80
6 85
2 28
3 9
10 86
10 22
10 51
3 65
10 99
1 70
3 91
6 81
6 66
10 96
2 65
2 41
9 97
7 2
10 69
3 16
9 46
10 12
6 28
1 51
8 65
5 22
10 13
6 96
5 33
10 64
3 93
4 38
4 86
7 77
1 53
2 23
2 58
5 14
6 28
5 52
3 38
6 78
2 32
7 89
9 32
1 58
4 52
3 84
2 96
2 75
8 64
2 32
5 12
7 40
1 5
9 87
5 42
4 35
8 39
9 34
6 18
9 1
7 3
5 53
5 38
6 72
4 53
3 89
6 79
1 86
4 53
8 76
1 32
3 89
4 96
6 61
4 99
9 22
3 69
1 51
3 69
5 91
4 90
2 56
5 96
4 63
4 26
9 88
9 92
1 55
1 61
9 76
7 4
6 56
10 85
7 49
3 96
7 66
1 17
7 32
4 6
2 96
6 38
9 97
10 42
9 90
6 39
7 59
9 33
6 12
9 71
4 23
7 59
4 70
7 23
6 94
1 62
5 76
1 86
2 89
6 51
6 77
10 79
6 36
6 20
10 46
2 22
7 21
8 31
9 86
8 28
6 96
1 63
10 20
7 78
2 62
3 83
2 34
9 55
10 36
10 11
1 22
1 32
6 59
10 43
2 76
7 29
8 91
4 13
10 72
5 38
3 70
8 9
3 66
9 32
3 16
8 10
1 71
5 99
1 62
10 27
2 56
3 68
4 20
7 29
10 36
5 42
1 64
9 81
4 100
5 46
8 27
5 88
8 34
7 65
4 76
8 44
4 20
5 49
8 6
4 50
4 39
6 2
1 33
3 24
4 6
6 9
10 32
1 17
9 18
8 36
8 27
5 22
4 38
9 38
3 13
3 5
6 70
10 33
7 83
3 25
10 5
5 13
5 42
7 62
9 64
3 37
5 2
10 15
6 58
6 2
3 93
7 73
7 4
6 49
10 24
5 88
6 80
7 65
3 82
7 42
7 92
9 92
3 61
7 62
5 98
10 93
3 62
4 70
8 10
10 4
4 50
6 54
4 40
10 7
1 77
9 14
5 57
7 1
2 13
4 24
6 79
9 6
5 69
7 69
1 24
5 68
5 95
1 74
9 5
2 1
8 36
10 9
7 36
7 80
10 24
3 39
5 80
6 95
5 64
9 29
6 25
5 79
6 30
10 45
4 7
4 93
6 85
10 55
4 9
9 96
1 16
8 67
7 23
9 54
6 1
2 39
3 30
1 2
3 47
7 10
3 89
1 57
9 2
8 93
9 35
6 35
6 47
7 74
5 13
10 12
7 75
9 46
6 59
6 61
5 7
5 14
3 32
4 14
3 14
10 34
4 80
4 96
7 23
2 83
3 34
8 97
2 6
1 10
7 55
9 92
5 60
1 68
6 27
5 72
5 29
4 59
7 17
2 66
10 95
9 7
5 85
4 49
9 62
4 100
1 15
7 19
3 36
1 28
10 27
3 43
2 48
10 11
9 97
10 39
8 92
6 84
4 19
5 12
5 72
2 87
7 59
7 98
7 18
3 43
7 44
2 47
8 93
8 23
9 78
5 49
5 84
2 18
7 88
10 26
10 74
5 12
9 26
8 73
9 57
5 88
5 73
1 24
3 74
8 93
2 92
7 5
5 33
6 99
2 19
3 51
5 14
3 90
3 13
5 8
6 12
8 35
6 63
6 86
10 81
6 8
8 9
7 91
4 73
8 98
10 69
4 79
8 23
1 73
2 76
1 2
8 80
8 65
10 66
6 36
3 48
6 33
1 79
2 63
6 78
3 28
2 41
8 81
3 41
2 74
3 70
8 93
10 94
6 2
1 29
6 76
2 2
3 30
2 94
3 61
3 11
1 35
2 44
3 63
9 80
8 89
5 80
9 7
7 7
4 100
7 69
3 68
7 32
9 35
6 15
2 77
9 8
1 11
4 10
7 71
10 72
10 60
4 14
2 77
4 54
9 49
9 90
6 2
6 96
3 43
3 66
5 75
3 98
9 67
3 35
3 31
3 26
3 81
10 91
8 7
8 50
7 77
3 31
4 56
7 44
5 82
10 51
4 74
2 95
4 55
2 66
7 41
3 84
1 12
10 52
1 33
4 42
6 79
10 5
2 15
8 70
2 29
4 81
9 96
9 5
10 84
7 88
8 66
8 76
5 72
5 53
10 99
4 39
2 91
3 20
9 87
9 8
8 67
9 77
7 39
5 62
3 85
5 100
3 30
6 53
1 41
3 45
2 77
8 18
5 90
4 95
10 64
4 81
4 28
7 43
5 4
9 16
9 66
3 3
1 25
7 63
7 48
3 77
6 99
1 48
1 39
1 59
3 54
1 93
7 41
5 38
2 40
5 42
10 88
9 77
4 79
2 22
9 76
9 77
4 73
2 19
4 7
9 32
3 33
4 45
7 10
10 51
9 69
10 29
8 6
9 25
10 100
5 71
7 65
3 76
2 30
3 81
10 33
3 45
4 85
4 79
1 29
4 5
5 4
6 15
9 41
6 88
