3 16
2 64
2 98
8 41
6 96
3 5
6 54
5 44
7 17
2 78
4 45
1 95
5 8
5 21
2 9
6 71
10 78
8 16
2 75
6 3
10 10
10 83
9 79
6 76
7 17
7 73
9 8
3 75
8 56
6 19
5 79
6 32
7 22
6 6
1 40
9 71
10 41
10 43
8 83
10 23
8 67
5 18
7 2
4 97
5 34
3 57
2 57
8 8
10 70
9 20
9 56
1 100
8 7
4 77
5 28
10 88
9 61
6 95
8 99
8 17
10 66
9 24
1 79
6 46
10 44
3 68
6 8
6 28
4 41
10 29
6 64
10 57
5 29
6 15
7 24
3 74
6 3
1 35
4 70
3 23
6 37
6 85
6 26
6 75
9 79
9 91
1 59
7 59
9 53
5 82
10 20
8 49
10 99
3 90
4 61
6 51
1 89
7 87
2 34
2 15
4 45
4 16
4 80
1 49
7 46
6 48
7 40
4 22
3 49
3 17
10 89
2 33
2 25
3 58
5 78
5 82
4 87
4 51
9 99
10 80
2 28
4 37
8 79
5 16
1 76
4 96
2 5
4 22
10 62
2 39
3 89
4 13
2 85
10 51
5 89
10 72
9 51
3 46
7 94
10 4
7 33
1 67
6 77
10 85
10 23
10 40
10 12
6 59
8 87
7 10
7 49
5 96
5 79
1 81
6 39
6 30
8 60
8 75
2 42
2 3
5 75
5 3
1 29
10 37
4 8
3 43
3 31
3 77
4 55
5 16
3 53
1 97
9 49
5 90
9 99
8 76
10 66
8 11
5 4
3 55
5 54
2 83
4 72
6 47
3 53
2 78
1 81
1 34
2 8
10 22
3 65
1 36
9 83
6 68
10 56
4 76
4 55
4 100
4 52
10 69
10 84
8 63
8 93
3 73
5 1
2 18
3 59
6 98
9 80
1 38
7 65
3 9
10 33
5 84
6 41
5 24
6 43
3 23
7 97
6 37
5 24
4 30
9 50
8 63
8 63
1 57
5 52
7 21
7 26
9 61
10 82
2 48
8 35
1 43
10 36
10 15
7 49
2 87
6 96
7 26
3 26
1 62
4 92
7 54
8 39
8 73
9 8
5 92
7 13
3 29
7 78
5 87
8 27
6 31
4 32
3 28
6 27
9 71
5 9
7 90
7 12
9 31
5 89
5 93
4 3
10 95
7 56
2 32
9 48
7 100
1 99
8 9
6 59
9 38
6 88
7 25
9 69
4 32
2 29
9 59
3 50
10 100
6 85
10 39
2 94
1 97
1 43
10 9
7 86
10 30
8 32
2 12
6 58
1 18
6 78
5 97
4 98
5 36
7 41
10 48
3 23
10 70
4 28
1 19
10 96
7 51
3 90
1 83
1 95
3 78
9 3
1 36
6 31
5 87
9 57
10 54
3 41
8 63
4 29
2 88
7 21
6 45
8 57
1 50
1 52
2 97
1 17
2 24
5 5
1 57
10 33
4 86
5 41
9 12
1 50
3 67
5 13
3 13
3 22
4 48
5 36
4 58
4 26
3 76
1 95
6 39
4 15
1 35
8 91
7 5
9 8
1 61
3 83
5 37
2 20
2 94
8 17
5 29
6 26
8 1
5 27
2 95
5 1
8 35
2 95
10 7
8 46
9 30
10 69
4 27
3 91
8 96
5 37
1 6
7 59
6 6
1 79
9 39
3 39
2 63
10 41
4 33
8 8
9 37
3 89
7 30
4 96
7 13
7 89
10 45
5 8
8 69
2 61
6 62
8 12
3 14
10 21
5 83
9 7
6 43
7 93
1 98
5 66
5 78
5 66
3 99
7 98
10 100
10 19
2 68
6 44
7 42
10 47
3 93
10 99
1 12
7 91
7 43
6 2
6 26
10 66
4 38
7 71
6 91
5 22
3 26
3 92
9 8
5 90
2 35
3 78
10 51
7 80
4 18
7 6
5 78
1 46
3 36
8 67
7 67
4 15
1 82
1 43
10 19
7 12
7 85
7 11
3 9
10 52
7 9
6 9
9 74
5 66
7 28
2 97
4 36
3 100
5 78
9 98
8 61
2 55
10 92
8 27
5 74
2 47
2 6
4 5
2 65
8 14
6 86
10 69
5 74
6 98
1 28
2 40
7 15
7 100
9 2
5 44
10 65
4 89
3 56
7 74
5 25
3 57
10 26
4 67
1 4
2 44
1 86
6 65
10 84
5 24
3 61
2 53
1 31
4 58
2 23
8 44
1 31
8 53
8 73
7 52
7 47
10 80
2 19
8 18
10 98
7 9
5 56
10 47
9 44
7 22
7 27
3 12
10 54
10 37
5 17
6 68
5 82
3 57
3 35
1 62
5 22
4 72
5 67
8 97
10 87
9 60
2 80
3 18
10 100
7 24
2 8
9 94
5 62
6 43
2 19
3 10
6 47
10 93
9 94
2 20
3 57
9 42
3 50
8 17
4 94
6 36
10 13
8 42
8 3
7 9
3 5
3 57
8 38
5 52
5 26
8 15
8 50
5 22
3 30
5 65
7 3
2 91
5 52
3 25
7 80
7 100
1 27
7 55
5 63
8 68
6 69
2 10
6 53
10 42
8 87
1 6
1 28
4 22
1 49
6 14
8 79
2 81
4 36
7 37
9 13
7 15
9 49
10 58
6 39
3 4
8 5
6 57
9 73
9 9
6 12
1 93
3 65
7 86
7 12
9 10
7 89
6 15
4 57
8 30
6 52
3 49
5 64
4 10
2 13
6 80
4 70
2 23
9 21
1 32
4 87
7 15
10 95
4 62
3 57
6 39
6 7
1 69
8 72
7 16
6 25
6 39
10 45
2 24
5 37
8 75
1 5
3 11
2 58
3 46
7 9
3 44
9 17
4 40
10 13
5 51
3 9
6 46
6 95
10 14
6 57
9 59
1 63
1 18
4 71
8 85
3 98
2 73
8 41
9 26
9 12
2 20
6 32
7 1
4 67
6 51
2 11
2 40
10 11
7 73
1 38
5 49
7 6
9 59
7 17
9 91
4 64
6 54
6 67
4 51
1 81
9 3
5 81
5 82
7 63
5 15
1 54
10 27
1 83
1 17
9 2
9 23
1 85
3 93
9 90
8 66
2 82
8 5
2 96
3 20
9 38
5 77
8 44
6 15
5 72
10 24
3 63
7 21
10 15
7 94
4 84
9 88
1 12
3 45
10 35
1 80
4 28
1 42
9 24
7 77
2 93
7 47
1 2
4 3
8 42
7 4
2 54
10 43
10 17
7 8
6 39
6 84
2 13
10 83
3 21
5 13
7 2
10 59
9 56
2 71
10 98
6 88
9 28
5 81
1 91
2 17
4 40
3 62
9 10
2 39
10 80
3 38
8 31
10 14
2 20
6 82
8 63
6 65
3 89
1 31
9 84
6 1
8 97
1 24
10 1
6 50
6 73
10 2
1 17
7 71
5 44
6 61
8 30
10 28
1 98
10 25
1 3
3 63
1 99
1 19
2 96
2 9
10 23
4 91
1 54
3 99
2 53
1 82
1 46
6 51
10 27
5 91
9 88
10 11
5 73
8 7
1 2
5 27
1 71
9 15
2 100
4 8
5 94
3 58
1 3
2 21
2 39
6 77
6 72
3 54
7 13
7 68
7 51
5 32
10 29
10 8
4 98
10 94
5 61
9 17
8 69
9 39
3 91
2 71
8 1
7 95
8 57
9 82
8 75
7 49
9 68
3 99
6 84
3 64
3 27
9 51
3 100
3 20
2 26
3 25
1 21
10 59
10 93
9 37
7 27
6 93
8 89
8 21
1 38
1 82
6 83
4 71
1 49
1 97
8 33
8 54
4 55
3 97
6 23
5 61
7 73
2 89
2 19
10 36
3 65
2 89
4 10
1 91
10 18
3 36
2 96
6 56
9 79
6 81
10 64
2 77
4 67
5 32
6 79
3 69
10 95
6 92
1 20
7 6
4 89
3 40
2 79
6 53
1 93
6 48
7 7
10 99
7 91
7 43
3 73
2 96
7 50
9 27
1 24
1 47
8 61
1 30
4 69
7 94
2 81
5 97
9 46
8 77
4 43
6 29
9 77
7 92
9 5
7 3
4 71
8 95
6 54
5 5
9 87
9 40
10 84
9 9
5 42
2 100
3 79
4 54
8 74
9 83
8 68
3 4
8 21
1 15
4 36
5 70
10 88
2 1
8 52
6 19
6 35
1 97
1 97
9 39
5 81
10 56
6 15
9 28
2 33
4 85
1 47
9 24
3 26
3 66
2 3
1 51
8 84
4 78
10 2
4 67
9 69
3 26
10 31
2 38
2 24
10 58
6 64
6 31
5 78
8 79
9 72
4 18
4 58
2 56
5 87
4 63
10 71
5 66
4 70
6 91
3 70
9 34
1 6
10 76
1 11
3 56
6 11
4 15
8 84
10 79
8 43
7 86
8 95
7 85
2 62
6 49
2 10
2 33
8 64
2 34
4 15
3 52
3 36
9 55
10 23
