9 21
6 35
7 6
10 46
10 63
6 84
6 65
2 13
5 78
8 80
7 61
7 92
7 24
4 93
2 80
10 11
5 92
1 39
9 15
9 99
10 12
10 23
6 39
8 61
4 94
10 73
9 18
9 100
2 61
5 67
4 22
10 69
2 92
8 61
10 58
1 17
2 35
7 9
10 6
5 48
7 30
7 66
5 65
2 14
4 35
2 15
3 94
5 63
1 40
8 71
2 61
7 38
6 60
4 100
4 65
2 86
1 45
1 73
7 73
5 85
6 56
6 85
1 9
7 69
8 66
2 24
5 12
7 99
1 15
7 14
9 5
3 30
3 66
9 33
1 51
1 11
5 66
10 45
3 70
4 60
4 16
4 44
7 70
1 87
1 27
6 17
1 52
9 21
10 94
4 10
1 90
8 93
6 63
3 48
9 18
1 72
10 96
2 27
8 43
7 12
1 26
9 28
8 69
4 3
9 86
9 24
5 67
8 83
6 52
3 88
6 60
3 65
5 80
8 17
5 32
1 83
8 55
9 75
10 46
8 60
1 88
9 31
9 93
8 4
8 13
8 59
4 56
10 62
1 53
6 18
5 88
7 39
1 85
9 23
2 55
3 87
5 57
7 20
7 84
7 16
7 34
4 60
9 23
8 36
6 71
2 79
2 92
6 49
5 94
5 90
10 24
1 72
7 9
3 82
9 9
5 97
7 27
1 31
6 20
7 70
7 6
4 59
7 99
9 69
5 96
2 50
3 42
10 73
8 16
5 44
10 27
3 13
5 40
10 12
9 32
1 21
7 10
1 66
1 45
5 51
4 88
4 58
10 37
7 40
10 94
5 60
10 83
6 13
5 68
1 28
1 86
10 53
5 59
9 80
10 79
2 70
5 86
5 26
5 59
7 37
8 63
1 74
4 64
10 12
2 61
3 21
1 51
5 66
2 68
10 45
9 96
10 71
5 86
2 22
5 23
1 34
8 18
5 88
6 94
4 99
8 57
2 37
9 61
4 15
3 95
9 93
4 9
7 93
1 72
5 98
7 26
9 4
1 25
1 19
5 50
8 82
8 2
4 15
3 3
8 9
5 50
4 49
2 65
10 41
10 92
7 18
9 34
1 26
4 98
4 88
9 79
2 96
7 54
2 43
7 6
6 3
2 99
7 55
3 44
6 47
9 70
2 3
1 10
6 34
2 90
6 2
2 2
6 27
8 98
4 49
9 41
6 70
4 84
2 81
6 71
4 82
9 53
8 16
3 75
10 5
2 46
1 81
6 46
8 64
4 46
5 61
7 93
5 66
4 22
3 6
9 29
5 59
2 91
4 93
5 48
10 23
9 52
9 21
6 11
6 50
2 82
2 24
7 76
10 30
8 33
4 34
10 23
1 18
1 42
3 82
10 46
1 99
2 89
5 42
9 58
1 35
7 58
3 5
4 25
9 67
3 29
8 74
9 68
8 22
8 20
9 43
9 68
9 2
10 49
8 92
1 86
3 87
10 22
4 11
5 29
6 33
5 6
1 64
2 76
6 88
2 63
8 56
2 3
1 68
10 60
6 72
4 72
7 68
6 14
7 32
8 3
8 24
9 88
7 66
9 52
6 100
1 44
5 42
4 41
9 24
3 90
10 57
7 59
6 44
10 21
1 99
8 84
8 95
1 51
6 35
4 95
1 85
10 59
6 84
4 41
4 55
6 90
10 22
7 60
8 79
1 21
2 81
8 75
4 34
8 38
9 62
2 26
6 24
10 48
5 65
8 80
4 76
10 78
2 81
2 93
10 55
7 76
3 64
6 64
4 87
9 83
1 70
7 32
7 49
8 47
7 15
1 72
4 52
8 16
7 94
3 5
3 74
8 60
7 10
3 36
5 56
7 69
6 88
2 78
6 39
3 76
3 58
9 13
9 51
6 58
2 39
9 57
3 44
9 99
3 25
1 10
2 9
7 55
1 65
7 22
3 19
6 51
1 72
10 82
1 81
9 58
9 93
8 59
10 95
10 34
6 99
8 34
3 4
8 94
8 10
2 71
6 81
2 43
1 18
6 3
3 85
7 57
10 97
5 67
1 60
2 57
1 83
6 81
1 3
7 62
5 29
2 30
5 64
6 2
6 61
2 33
3 76
5 51
2 54
4 16
1 26
2 100
6 10
7 15
5 38
5 67
9 100
5 82
1 29
5 26
5 12
10 59
3 37
3 61
7 72
10 34
6 15
10 71
9 70
9 11
7 50
3 37
6 6
8 24
2 56
10 57
8 23
9 93
4 45
6 36
5 7
3 34
2 32
5 34
5 68
8 41
9 15
5 84
3 8
10 38
9 16
2 57
3 38
7 20
3 76
5 39
5 31
2 83
10 85
5 73
5 1
4 73
2 13
1 88
9 92
9 51
5 62
7 23
2 17
10 75
5 77
7 81
6 92
3 94
1 25
9 75
1 100
5 12
5 31
2 61
4 43
1 40
10 17
10 27
2 100
7 43
8 21
5 82
8 27
8 17
6 85
4 30
5 1
1 78
6 6
6 46
8 98
6 28
7 14
7 93
2 44
2 31
8 28
4 89
3 99
7 91
7 24
3 92
3 32
8 18
2 46
10 21
7 24
4 72
6 73
5 9
4 60
8 16
8 10
3 8
5 84
4 74
2 40
1 30
6 29
10 56
10 2
9 48
6 77
5 95
7 70
4 7
4 16
3 13
5 50
5 45
7 94
3 14
8 62
1 33
9 61
9 20
2 63
9 93
1 37
3 97
2 100
5 95
8 88
7 10
10 52
5 25
6 45
6 51
6 81
8 35
10 34
5 71
6 48
7 62
1 16
4 31
5 92
8 52
3 88
6 100
3 6
4 5
4 1
1 26
1 7
10 69
7 74
9 93
3 27
9 28
7 55
8 96
4 1
1 80
6 76
9 90
4 86
5 15
2 35
10 95
7 1
2 83
5 56
3 93
4 85
8 75
6 84
4 41
2 4
9 1
1 61
8 36
8 72
4 56
2 93
8 4
6 2
10 29
6 92
6 71
3 69
9 67
7 77
7 37
2 93
7 28
6 77
6 63
4 2
2 64
8 89
5 60
5 15
3 18
10 98
5 28
5 81
5 4
1 61
3 28
1 40
8 42
8 98
4 27
8 30
5 38
3 2
10 4
6 8
7 56
5 23
2 67
3 38
1 38
6 28
7 35
7 40
7 49
8 39
10 82
8 24
6 76
9 40
3 50
2 97
9 78
7 13
8 16
3 91
10 72
2 2
8 73
10 9
7 38
6 36
3 51
9 90
5 33
5 32
5 69
4 17
1 75
2 74
2 100
5 18
1 96
4 55
4 50
6 61
7 9
4 13
10 75
2 62
5 32
7 64
4 26
6 64
6 29
6 41
10 38
10 8
1 24
1 84
8 75
4 42
3 33
8 31
1 84
9 60
3 3
1 98
5 25
7 76
8 18
4 74
8 35
5 32
7 90
1 68
2 28
9 93
9 100
7 73
2 50
9 53
10 20
8 96
1 8
3 87
4 95
7 25
6 42
2 96
9 84
8 10
6 52
6 25
6 89
10 54
5 87
7 1
7 8
5 16
10 9
7 70
5 76
2 22
8 80
10 93
6 91
6 56
4 11
10 63
2 83
7 88
4 66
3 64
9 24
6 57
2 8
3 100
6 17
8 78
2 68
1 74
10 99
8 30
6 14
5 11
6 60
8 54
6 4
7 5
7 74
5 8
5 43
2 18
4 94
10 80
8 10
1 72
10 25
1 2
6 8
9 76
6 62
8 28
8 67
6 89
4 79
1 95
5 69
3 92
10 51
10 71
3 99
8 11
6 22
1 49
6 81
8 35
9 7
4 79
8 23
1 40
7 22
10 24
10 39
6 41
9 88
10 45
10 82
6 82
5 69
4 24
6 38
7 24
1 21
2 5
9 70
6 29
1 85
6 69
6 11
6 78
10 48
3 69
5 71
3 94
6 29
7 50
8 90
7 54
7 57
10 60
4 51
4 45
7 75
4 72
9 41
5 79
4 33
6 20
7 35
10 67
2 26
4 63
10 18
9 90
4 7
10 99
7 71
10 19
8 88
1 32
5 96
9 79
9 85
1 48
10 89
2 52
9 71
1 67
2 81
9 88
1 75
9 18
3 100
10 52
9 11
5 17
7 60
7 23
8 98
8 55
3 42
2 58
7 86
1 62
9 75
5 75
4 53
2 81
10 10
6 84
8 13
4 44
10 6
10 15
7 30
2 59
8 65
8 89
9 77
9 16
9 29
5 72
9 60
9 16
2 44
9 15
10 31
5 75
2 45
5 22
9 2
9 2
8 15
4 96
4 69
1 6
3 27
1 99
10 86
2 64
6 10
8 88
1 27
8 16
10 25
2 49
2 18
1 15
9 15
7 88
9 26
1 27
5 55
1 35
1 93
2 91
8 9
9 92
10 6
7 45
8 83
7 39
7 34
3 23
3 93
4 57
5 33
8 95
4 55
4 81
5 19
7 3
7 60
1 6
