3 96
1 61
3 72
1 55
5 64
9 49
5 19
3 83
9 82
8 53
5 96
8 12
6 22
7 82
3 43
4 41
3 77
10 91
2 27
4 90
3 96
5 66
10 84
8 14
2 65
7 4
5 28
7 22
3 34
10 74
4 100
10 1
9 23
5 12
8 25
9 99
3 29
5 91
7 81
7 40
6 47
1 88
10 53
6 28
2 18
1 72
9 43
5 73
6 94
2 72
1 10
7 2
4 81
4 52
6 47
9 56
8 60
3 85
6 32
4 85
8 62
2 29
10 48
6 10
2 55
6 39
10 87
2 18
8 6
8 33
8 21
8 19
3 64
2 32
9 16
2 9
4 42
1 100
2 32
10 36
4 67
9 6
4 72
5 76
8 89
7 67
2 31
4 96
2 99
6 71
1 70
4 78
10 50
6 9
6 94
9 22
4 81
9 95
7 16
5 68
1 38
10 16
4 86
7 61
4 53
4 52
4 25
1 70
10 70
8 28
10 94
9 22
6 32
8 24
8 31
6 69
6 94
7 90
1 5
3 84
7 45
4 74
4 65
7 77
3 97
3 49
9 25
5 21
3 64
1 60
9 50
4 100
10 71
8 36
6 9
8 73
5 69
10 9
9 91
2 9
10 57
5 57
6 47
8 90
6 44
7 39
8 36
10 37
10 85
10 26
9 45
1 29
1 56
1 25
8 98
7 64
10 64
6 30
7 26
2 59
8 42
6 29
1 73
7 91
4 30
6 68
9 73
2 68
1 93
10 38
5 19
9 38
5 23
8 62
9 61
2 48
2 80
9 99
6 58
7 15
8 49
2 58
4 90
8 86
4 13
9 73
1 5
7 20
6 34
5 60
8 25
5 15
7 79
10 51
8 30
7 21
9 22
6 13
2 52
2 26
4 41
6 84
8 61
5 54
7 29
10 8
4 68
8 5
6 7
7 27
5 42
9 20
4 20
9 79
9 97
4 88
6 3
4 57
3 2
9 96
9 20
3 2
7 29
4 29
8 69
7 50
6 21
10 29
7 97
2 98
7 31
7 14
10 16
3 3
6 44
7 85
4 27
6 6
9 13
5 33
2 15
6 100
8 76
1 95
10 51
2 73
10 74
6 14
3 64
1 38
5 16
9 22
9 6
8 93
6 67
5 50
9 81
7 93
3 38
10 84
2 47
10 52
8 93
1 73
8 54
7 70
1 57
9 91
3 25
6 74
2 76
6 44
8 5
1 65
4 59
7 46
8 81
9 67
1 56
4 30
2 40
4 92
2 83
6 3
5 27
6 88
5 31
5 86
3 54
8 69
2 32
9 45
7 21
5 27
5 8
8 66
10 97
10 10
1 3
6 83
8 54
4 89
1 12
2 73
7 4
2 47
3 12
3 54
9 83
2 86
2 64
4 89
5 16
9 66
10 44
8 14
7 36
2 12
10 52
8 73
10 18
9 41
5 35
1 17
5 39
7 46
6 80
4 26
10 11
7 87
1 11
9 49
5 11
1 98
10 86
5 25
1 26
2 26
8 14
4 42
6 9
1 90
5 5
8 7
4 88
9 97
6 79
3 56
9 9
2 69
1 23
2 6
8 2
7 62
10 45
6 40
1 77
1 54
5 35
9 93
2 37
4 44
7 17
4 99
10 51
5 39
2 86
2 95
8 55
4 38
6 78
2 8
2 54
10 90
5 60
6 23
7 68
10 45
3 76
5 37
6 81
2 75
7 40
3 81
2 49
3 32
9 68
3 5
8 58
1 91
9 74
4 35
2 82
8 82
8 84
3 19
1 51
6 61
1 99
4 40
5 44
6 62
3 24
9 20
5 87
8 67
6 61
5 9
5 39
2 85
1 86
4 48
8 89
7 93
10 46
1 12
8 32
5 94
5 88
2 85
8 66
9 60
7 48
3 47
5 51
2 17
6 85
5 85
5 83
3 91
5 90
2 60
10 13
5 2
10 76
9 75
4 88
1 21
4 43
3 3
2 78
5 70
9 18
3 70
2 76
2 87
4 9
6 25
10 47
4 81
4 30
1 68
8 63
1 89
6 79
10 65
7 51
9 84
9 32
10 95
4 50
4 22
5 43
8 2
9 26
8 59
6 57
4 69
7 44
3 99
2 3
10 95
10 44
1 83
10 19
5 79
5 55
5 86
8 91
3 16
4 17
8 69
10 50
5 61
1 23
9 68
6 12
6 38
2 16
1 23
7 72
10 6
6 81
9 53
1 81
3 75
6 58
9 17
3 67
9 22
4 72
9 77
8 81
7 29
3 70
5 45
9 54
9 18
2 38
4 10
6 38
4 75
2 91
6 5
5 84
4 1
1 18
2 75
4 58
10 50
9 19
2 8
2 70
8 97
4 99
8 98
9 77
10 19
4 5
4 4
7 3
2 29
10 39
7 17
6 36
8 74
3 72
9 80
3 95
7 88
9 84
9 63
8 86
1 99
7 85
8 86
7 99
8 83
1 46
2 3
10 30
10 81
8 75
4 53
3 61
6 26
10 37
3 6
3 42
7 93
1 37
4 51
5 53
3 23
9 54
9 69
8 5
3 94
5 73
7 95
2 33
8 88
4 98
9 28
4 68
1 63
3 6
1 15
3 31
9 48
6 80
5 3
9 52
10 54
3 86
9 14
2 6
8 66
8 75
3 52
3 69
3 30
5 52
7 83
3 53
5 27
1 69
5 49
6 59
9 93
7 38
8 87
3 45
4 83
3 52
3 34
1 4
2 41
2 10
4 49
3 54
4 84
3 63
7 92
7 23
4 14
10 64
6 41
1 81
4 92
8 44
4 18
1 94
3 85
4 26
5 87
1 42
8 10
1 39
7 78
7 79
3 66
4 18
2 75
5 74
3 77
4 9
9 36
7 26
8 14
1 15
10 36
6 86
5 42
7 45
3 65
3 56
1 12
5 55
1 71
2 1
4 85
9 29
6 13
6 16
1 31
4 96
9 44
4 5
2 12
3 53
6 72
7 41
9 13
6 62
1 97
4 34
4 37
8 70
5 3
6 41
7 9
5 15
9 31
10 99
8 7
2 55
1 31
8 50
2 93
1 77
4 83
2 35
5 56
7 50
1 92
1 76
7 28
2 18
1 22
6 9
3 8
3 74
6 15
8 20
4 20
7 38
1 18
7 46
3 4
5 30
2 19
2 42
10 27
2 30
1 59
4 38
2 87
3 48
9 2
1 31
7 17
2 78
2 59
9 47
7 67
6 38
4 32
1 62
2 27
8 88
5 60
1 51
1 31
5 88
1 22
1 93
9 97
3 13
3 45
1 85
4 49
7 86
8 95
3 32
3 80
2 54
2 68
3 63
5 21
4 65
10 94
8 24
4 19
4 99
2 96
7 52
2 76
10 94
9 84
10 57
10 85
9 69
1 19
1 83
3 100
9 12
4 82
10 72
10 76
2 4
5 56
7 33
2 45
1 82
7 100
10 24
8 63
3 57
4 1
10 85
1 86
8 6
3 54
7 80
2 48
4 48
6 21
5 27
6 91
1 42
8 34
9 70
5 38
9 85
3 22
8 84
7 68
7 81
3 2
3 80
2 86
1 91
7 56
3 98
2 100
2 29
3 93
3 78
5 85
6 71
9 31
7 37
2 73
7 94
10 78
4 81
7 67
8 53
10 11
9 27
2 33
6 57
2 11
2 60
8 89
1 86
2 31
9 55
1 79
6 85
4 23
6 14
8 23
2 29
1 20
9 6
4 58
6 84
6 91
5 77
2 17
6 21
2 9
4 39
6 27
9 6
7 16
1 71
1 54
2 97
2 86
3 41
2 26
9 100
3 82
6 40
9 2
6 2
4 63
2 23
10 80
2 60
1 88
7 45
5 95
3 91
5 17
1 75
9 14
7 99
5 62
10 2
2 36
2 35
5 77
3 90
3 4
8 37
2 22
2 8
6 78
10 48
3 49
1 29
8 73
10 10
1 45
1 82
2 27
3 85
3 45
3 53
6 68
5 16
10 35
5 98
1 65
4 8
4 46
1 45
10 76
3 57
4 18
7 20
9 62
7 36
6 76
10 55
10 71
6 64
2 60
4 53
9 86
6 32
6 61
5 35
1 23
6 76
10 85
1 85
9 54
3 100
6 55
1 33
7 71
8 55
2 38
4 85
7 77
8 86
6 73
5 25
1 58
5 67
9 46
9 88
6 14
7 41
10 1
3 42
5 45
2 87
2 59
1 5
6 36
7 74
5 61
3 73
9 84
5 50
4 41
4 14
4 20
4 31
9 45
10 10
1 12
5 61
3 77
10 5
8 85
5 66
3 39
6 3
1 29
6 60
1 62
7 14
9 77
5 82
7 85
1 2
4 73
10 61
10 79
9 22
3 28
7 49
4 2
4 54
6 95
3 91
8 46
10 44
8 48
10 46
4 21
3 97
4 76
10 3
3 53
10 11
7 27
9 23
6 87
2 6
1 68
8 69
8 79
2 89
9 91
9 58
3 11
6 36
6 41
10 75
6 31
5 13
1 52
