3 39
2 47
2 77
1 33
10 13
3 70
8 11
10 16
9 92
9 10
9 38
2 26
5 58
3 97
8 4
9 28
9 14
4 66
2 70
1 53
9 1
2 71
3 13
4 63
7 67
10 24
1 58
8 38
3 29
2 79
3 23
4 30
7 87
8 56
3 81
9 99
9 28
10 56
3 3
7 96
10 66
5 7
9 35
7 46
3 53
6 72
4 45
9 51
9 32
1 9
7 77
5 38
9 93
9 69
10 25
1 43
7 95
7 56
7 2
7 57
1 20
4 70
5 17
6 6
4 82
3 73
2 68
5 79
3 16
7 54
8 32
9 2
10 79
8 41
3 9
3 72
5 91
5 47
5 91
6 81
5 25
2 25
3 42
5 53
2 56
1 56
6 83
3 19
1 74
6 75
2 19
4 63
4 74
9 66
2 88
8 37
1 89
4 67
7 95
2 93
6 62
9 41
6 46
2 98
9 48
8 31
4 2
8 58
3 9
6 95
7 8
10 82
10 34
10 61
8 48
7 47
8 59
3 71
7 14
9 69
6 73
1 40
6 50
10 40
9 47
1 10
2 17
5 43
10 44
9 70
7 1
3 90
1 49
2 85
2 87
10 42
6 89
1 2
10 31
9 90
10 22
4 4
4 25
9 65
4 75
1 46
5 40
10 36
2 29
9 35
5 27
5 33
8 68
8 5
7 50
5 47
1 65
1 75
8 100
9 11
7 35
6 93
6 36
6 70
2 99
6 53
3 5
1 64
8 53
4 13
3 71
7 8
1 7
7 37
10 61
4 30
9 95
5 40
9 14
1 59
1 91
5 95
7 38
5 37
9 62
8 75
3 85
9 5
5 5
9 1
6 12
2 22
4 73
9 73
10 48
4 61
1 45
2 65
7 84
10 80
6 29
7 33
10 84
7 65
5 72
5 15
2 62
10 98
7 87
4 58
3 14
6 29
1 53
8 100
7 31
4 75
6 12
7 17
4 44
9 49
5 78
1 7
4 26
10 59
9 94
10 78
6 55
4 62
3 2
4 87
1 77
5 51
8 93
10 34
4 58
7 73
2 96
4 53
10 60
4 25
9 55
3 13
1 35
9 77
1 74
4 78
3 77
6 59
5 69
3 40
7 22
9 4
5 30
8 66
10 93
7 52
7 60
4 23
6 30
5 10
4 59
2 33
10 56
4 65
8 36
6 55
7 23
8 47
3 44
7 61
2 32
8 71
4 6
8 48
7 9
8 24
4 23
1 80
9 12
3 74
2 86
1 24
8 45
2 54
5 42
8 29
4 50
3 78
6 77
7 41
2 16
10 92
2 28
6 99
10 21
1 70
4 43
2 61
10 9
8 16
6 24
6 56
7 26
9 67
3 4
3 12
1 30
10 42
5 19
5 35
4 33
2 96
5 23
9 80
5 34
1 90
3 69
7 29
9 9
3 72
6 77
5 31
8 31
3 29
6 60
10 99
6 79
2 33
4 50
4 80
2 88
5 96
6 23
1 1
7 62
5 25
9 31
5 73
3 100
4 62
9 79
3 10
2 52
5 84
8 87
1 5
6 60
9 57
1 64
7 86
9 49
10 44
6 17
9 66
4 8
5 69
8 72
9 6
5 26
8 55
4 40
5 99
5 65
6 18
9 94
9 74
2 15
2 39
6 53
1 2
3 99
4 5
8 15
9 3
3 65
3 75
6 63
5 10
2 72
10 83
6 87
6 19
2 31
4 83
6 77
9 94
10 74
9 51
8 84
7 23
6 96
7 43
5 77
8 67
6 80
5 95
9 64
1 39
7 97
7 47
7 18
7 76
10 100
6 66
5 66
3 23
5 23
9 37
3 71
1 60
3 38
4 95
2 45
6 97
2 10
8 40
4 85
1 26
7 18
5 68
8 67
10 96
4 79
1 6
8 83
7 63
4 36
8 59
6 54
7 2
7 30
10 17
2 100
3 79
10 51
1 19
3 73
10 57
4 91
4 41
3 82
2 75
9 41
7 18
5 51
2 72
1 80
10 96
6 92
7 31
8 44
10 99
4 18
3 62
7 35
1 55
10 84
9 80
10 78
8 53
2 48
6 32
4 76
5 39
4 17
1 82
9 36
3 25
6 24
10 75
3 92
2 52
9 45
6 30
9 90
5 27
2 16
9 35
10 2
4 38
9 18
1 80
7 55
3 9
4 72
4 88
8 41
9 68
7 20
1 70
9 78
8 2
6 45
5 68
9 3
7 78
7 97
4 26
2 66
4 15
1 66
7 65
4 75
9 22
3 27
1 2
6 56
5 16
5 38
8 95
10 87
8 95
3 17
2 18
7 96
7 54
3 6
9 35
10 81
5 66
4 77
10 48
9 59
6 21
10 10
10 48
9 41
10 5
1 25
5 14
7 69
2 23
9 24
1 85
2 52
9 42
5 69
9 39
4 52
3 74
4 30
3 7
3 93
1 87
6 27
2 37
10 58
7 45
5 76
2 35
1 15
9 60
3 52
10 59
3 50
7 75
10 95
10 41
10 59
2 54
2 37
6 79
4 15
10 42
2 33
4 49
1 86
10 73
1 95
1 68
5 34
9 28
9 71
7 72
6 77
2 38
4 16
5 73
4 42
5 95
2 41
3 23
6 98
1 96
1 68
3 67
4 75
8 92
10 7
8 66
4 64
9 38
2 80
5 49
7 14
6 27
2 30
2 61
7 94
5 26
3 96
5 58
3 65
4 96
2 63
7 38
2 74
2 95
5 25
2 57
1 36
10 44
1 86
5 36
4 14
10 71
4 71
9 91
4 45
3 7
7 14
9 32
1 38
9 44
2 47
7 31
3 82
4 39
8 19
10 34
10 23
10 6
2 21
5 45
3 42
6 6
2 14
7 24
9 25
4 22
4 66
3 77
2 7
3 83
8 58
4 29
7 89
10 12
3 6
6 64
10 13
7 13
7 94
7 43
7 66
10 49
4 2
10 70
2 60
9 65
4 31
5 44
6 70
9 77
7 22
6 68
8 85
9 75
9 62
10 7
1 77
10 1
1 47
2 15
10 64
4 65
5 75
10 43
3 33
7 72
3 56
4 57
1 2
7 61
6 45
2 6
9 59
3 13
10 40
2 42
8 92
2 31
2 19
4 18
10 83
8 74
3 30
4 20
8 33
1 99
7 76
3 63
3 39
5 34
3 99
7 76
10 11
8 90
8 78
8 94
9 82
8 22
5 30
4 55
8 73
8 89
5 76
8 66
7 90
6 3
6 42
1 38
9 37
3 62
3 95
7 21
10 66
3 94
2 25
1 60
7 11
6 54
1 27
10 75
1 99
10 25
8 22
2 55
5 31
10 1
2 26
8 17
9 69
3 72
3 28
2 98
3 86
6 58
4 46
3 38
5 51
7 68
1 4
8 91
9 69
8 5
9 82
5 21
2 38
3 96
1 33
5 93
8 6
4 23
1 97
5 4
5 69
5 67
3 94
8 42
1 29
3 87
5 13
8 89
7 38
2 47
9 9
8 45
6 36
7 99
9 60
5 16
9 17
9 95
3 25
3 80
1 97
1 70
2 53
8 37
10 75
9 45
4 68
4 50
3 55
4 10
7 75
5 73
4 16
7 88
5 33
9 54
3 33
8 55
1 83
3 90
10 93
2 30
3 30
5 41
5 48
1 22
8 97
7 25
3 69
2 93
4 2
6 34
9 11
7 86
6 44
3 94
2 94
5 53
9 15
10 93
8 90
7 49
1 48
6 15
2 36
3 15
1 83
7 78
9 66
7 66
5 46
6 91
6 29
8 11
9 38
7 94
10 85
4 39
7 39
9 16
8 38
4 90
7 98
3 13
8 19
5 56
1 10
6 92
5 63
4 91
3 37
6 80
7 58
2 94
3 69
4 26
9 59
9 1
5 58
1 71
10 64
7 23
8 92
5 65
7 18
4 3
1 34
10 27
3 57
2 4
2 99
3 39
6 57
5 81
2 14
4 76
10 65
7 37
2 79
2 82
2 70
1 60
6 87
3 31
1 44
3 41
6 74
10 37
3 98
9 54
3 39
1 29
2 29
7 88
10 41
3 27
1 54
1 69
10 90
8 25
1 69
10 3
2 44
6 2
7 26
10 3
7 74
8 96
2 44
1 28
3 77
6 9
2 46
10 24
6 92
8 27
8 12
9 59
1 22
10 1
6 32
4 93
1 9
4 11
3 75
7 35
6 90
5 30
10 19
2 18
5 33
9 59
8 56
6 20
10 100
10 87
6 84
3 12
6 33
3 9
3 41
6 74
4 50
7 72
1 68
5 2
5 82
5 56
10 49
3 32
7 42
2 82
9 71
8 63
9 70
7 86
5 94
2 52
1 27
5 86
1 5
1 97
9 48
6 70
4 88
6 60
5 88
9 19
1 56
10 31
3 80
4 38
4 31
6 75
10 22
7 88
4 3
5 95
7 58
5 21
4 84
9 4
2 93
4 19
2 80
9 52
9 91
5 30
8 48
3 24
3 11
4 70
8 5
9 68
