6 77
8 54
6 7
5 38
7 39
5 75
9 84
7 83
8 24
7 32
8 10
2 50
2 71
10 25
5 48
4 23
7 13
3 36
9 57
10 38
4 63
3 44
2 53
6 79
6 84
3 57
2 84
2 62
5 29
8 12
9 63
5 46
4 10
9 69
7 27
2 40
1 96
1 10
6 51
2 74
1 98
9 11
5 42
8 38
10 79
9 82
5 72
5 90
8 8
9 53
1 76
2 15
4 39
1 56
1 89
10 80
4 36
9 43
9 14
5 22
10 92
9 29
5 19
8 27
10 7
8 21
6 32
9 88
7 12
7 79
1 79
4 28
3 17
1 23
5 60
1 21
5 54
6 23
7 41
10 8
8 42
6 11
4 64
7 55
1 31
6 61
6 54
3 39
6 85
2 56
7 23
4 48
1 63
6 23
2 78
1 42
3 59
7 17
7 95
3 87
10 36
9 36
2 13
8 61
10 43
6 3
9 51
7 2
9 85
3 1
10 93
3 24
9 80
7 6
1 14
7 77
7 87
10 90
7 76
9 94
6 13
2 75
7 57
9 28
4 2
1 18
7 86
8 76
9 83
3 74
6 20
7 76
4 4
7 37
7 84
7 21
8 37
7 32
3 100
6 2
2 91
2 20
9 62
3 63
3 70
7 21
8 57
1 29
4 71
6 32
9 45
4 90
4 20
1 10
3 1
6 8
9 81
1 69
4 100
3 4
2 46
3 55
3 58
9 4
3 51
4 24
7 81
8 39
9 7
6 54
10 79
8 81
2 58
1 71
3 36
6 9
5 96
9 89
2 54
1 53
2 50
4 35
2 70
3 22
9 48
2 70
10 82
7 46
5 7
1 60
6 67
2 23
3 10
5 77
6 45
8 79
2 94
6 74
6 40
1 39
6 60
10 36
8 79
9 22
10 71
4 67
6 96
1 74
3 13
1 85
3 4
5 46
6 57
3 42
8 2
4 68
3 67
2 39
4 97
1 74
8 28
7 85
4 56
9 41
6 88
4 76
8 27
3 20
1 57
3 10
2 44
7 27
4 80
8 63
6 25
10 82
3 33
6 44
8 34
8 97
9 21
8 74
8 21
4 67
2 51
4 38
3 59
1 60
8 81
4 8
1 5
10 89
2 85
8 14
7 6
9 25
1 15
9 75
9 30
8 84
4 39
1 74
10 30
1 17
7 65
2 10
1 96
7 1
7 18
5 77
4 33
6 46
3 30
2 59
4 14
5 78
2 69
10 98
5 18
7 4
10 99
6 86
1 76
4 83
8 98
7 11
7 74
10 60
8 21
1 95
3 62
8 38
5 65
6 71
4 22
3 41
9 61
9 78
8 57
8 26
10 11
3 11
6 50
4 46
7 61
8 70
2 42
8 4
3 98
7 7
5 74
2 54
5 53
5 48
10 52
7 52
7 87
3 69
9 72
4 29
10 87
1 91
3 5
4 15
9 22
5 52
8 55
2 68
9 32
2 83
4 96
2 89
5 91
10 90
2 29
7 45
2 77
10 80
8 67
5 72
5 56
9 97
7 12
8 70
2 95
7 23
5 73
4 7
9 87
9 52
1 88
7 94
1 40
5 25
1 96
1 67
2 39
10 38
10 34
5 78
1 80
10 12
3 40
3 72
4 99
2 21
6 1
7 71
4 12
5 20
6 78
4 35
6 37
4 71
8 72
5 17
9 44
9 78
6 16
7 65
1 35
9 8
2 33
8 96
5 81
4 90
5 86
4 78
4 96
1 93
2 94
9 43
9 79
5 42
10 70
3 97
1 34
4 77
4 27
8 23
7 87
8 76
8 30
8 37
4 17
2 30
6 61
7 99
10 12
7 67
9 1
6 29
6 26
8 32
10 7
9 78
4 6
10 61
9 5
3 58
7 32
7 4
5 72
6 46
1 65
3 81
2 1
4 13
1 10
2 81
7 74
10 57
6 53
4 69
4 32
6 9
9 85
3 74
7 92
10 27
10 73
3 36
10 91
2 52
8 13
4 12
1 64
2 42
4 58
6 88
7 38
9 78
5 28
6 32
9 40
3 35
10 11
4 96
5 82
5 75
4 68
10 94
9 75
3 3
9 79
1 30
6 23
6 68
6 57
8 42
5 12
5 30
5 5
7 17
4 31
9 93
4 92
4 6
1 98
10 100
6 30
4 11
10 24
9 84
3 36
2 72
4 65
5 4
4 29
8 32
6 1
2 44
7 7
7 68
6 98
7 63
6 37
3 60
1 76
10 30
5 40
8 99
2 31
5 52
1 44
1 51
1 29
3 6
7 22
4 72
4 33
7 14
8 81
10 52
6 52
1 65
9 91
3 37
5 56
3 31
5 70
9 76
6 50
5 99
1 81
5 2
7 58
7 13
9 98
10 79
7 99
7 86
4 71
10 40
9 58
9 32
2 3
4 38
7 8
4 72
6 88
6 14
9 94
3 14
9 72
10 41
9 78
4 81
8 69
9 79
2 5
4 36
6 63
6 89
6 8
6 5
9 95
4 33
6 20
5 83
2 47
4 54
6 72
3 93
2 62
4 62
8 16
7 83
10 42
4 61
9 69
10 14
9 57
10 41
2 13
8 72
9 59
8 22
10 9
9 11
4 68
5 45
9 55
5 37
10 76
3 51
8 91
5 6
1 32
6 12
7 48
1 66
3 7
3 82
3 10
4 66
7 100
5 45
7 55
8 41
6 16
5 1
2 19
2 54
5 50
10 89
3 21
8 85
9 93
3 28
8 38
7 64
1 86
1 88
6 63
4 35
9 88
10 13
1 56
5 62
3 69
4 64
6 17
2 93
7 32
2 82
10 85
6 10
3 78
3 84
10 75
10 21
10 74
3 74
10 55
2 49
5 79
3 50
2 47
8 29
8 47
5 3
10 4
9 91
3 40
3 92
5 8
7 9
5 20
6 28
4 71
8 72
1 89
2 49
2 44
6 50
3 91
5 15
1 71
6 25
2 19
9 8
2 38
10 39
8 28
5 91
7 69
4 26
10 40
7 19
8 67
6 20
9 41
4 86
1 4
1 25
4 9
6 4
1 15
9 97
2 39
1 15
10 88
7 84
5 10
2 38
9 73
3 34
8 3
4 49
10 18
4 58
6 76
7 36
1 53
4 5
5 21
3 65
9 4
9 98
9 31
8 56
9 84
2 33
8 86
3 82
10 70
10 74
9 34
8 89
4 36
10 92
7 62
7 68
4 2
8 95
6 81
8 8
1 31
9 48
10 94
6 95
6 90
8 98
6 89
5 13
1 3
4 97
7 34
9 31
5 93
6 13
1 79
9 51
5 51
5 44
7 95
10 59
3 66
1 17
4 82
5 34
8 6
10 89
1 25
4 4
9 50
8 85
8 81
4 83
10 42
3 33
2 88
9 50
9 64
1 45
6 49
9 3
10 30
8 48
2 75
2 43
2 32
10 98
6 10
4 10
5 32
5 87
10 99
1 36
5 39
10 43
7 18
3 76
4 54
5 97
10 28
2 38
7 27
8 38
1 88
9 10
6 4
7 33
6 15
5 70
9 84
6 26
8 93
5 38
8 19
2 93
4 51
8 66
10 88
8 46
10 61
4 1
5 94
4 95
1 75
8 78
7 33
4 19
8 58
8 87
4 76
5 35
8 65
8 8
4 26
1 1
6 15
9 82
4 79
9 51
7 13
10 74
2 42
9 2
9 37
4 41
8 5
7 21
7 91
7 3
1 14
9 68
6 40
8 57
3 90
6 47
4 95
9 89
4 69
4 42
9 50
9 74
10 15
9 93
4 51
2 71
7 31
5 91
8 41
9 71
6 39
5 44
5 10
9 91
2 49
8 40
1 40
10 4
8 45
9 55
4 46
5 96
4 21
7 61
8 90
3 6
3 39
1 93
10 22
7 80
6 43
9 92
5 57
3 90
8 72
9 12
10 32
2 14
6 13
8 71
1 23
5 36
2 46
9 3
2 7
8 4
2 53
5 13
10 75
5 33
9 99
6 76
9 29
2 37
1 18
7 89
6 84
7 48
9 66
8 54
5 97
10 60
6 67
10 100
7 63
9 3
4 58
1 75
6 73
1 70
9 65
8 26
3 60
10 38
3 9
2 73
6 80
5 62
8 80
5 89
4 9
9 98
7 62
2 40
9 44
9 59
8 61
10 71
4 69
2 94
10 71
5 85
1 100
10 8
5 44
3 91
6 41
9 40
5 78
6 64
4 54
9 46
8 27
1 76
4 26
5 16
1 47
8 2
7 44
9 45
5 68
9 51
3 43
9 51
10 35
4 98
2 2
6 94
7 17
3 40
4 78
10 92
10 41
4 51
9 6
2 89
1 95
9 65
10 23
2 78
3 52
4 12
9 82
2 23
3 22
7 16
7 58
3 71
4 14
10 45
8 72
10 52
1 93
7 72
4 37
5 65
2 81
10 67
7 20
9 10
1 39
8 56
1 55
1 80
5 89
4 68
3 88
6 67
7 55
9 13
8 37
2 61
2 31
3 46
