3 66
9 38
8 91
6 63
3 77
7 65
8 49
5 94
5 10
2 89
9 39
6 90
7 23
7 39
8 7
6 88
1 39
3 71
10 85
3 31
8 67
9 100
7 40
9 24
8 59
4 44
4 11
3 89
7 3
4 86
6 78
3 36
4 63
3 81
2 28
1 34
3 13
2 88
5 21
6 42
6 28
1 86
3 59
9 61
1 40
10 49
4 82
2 18
5 82
7 97
7 89
10 21
5 55
3 99
5 4
9 25
9 38
6 7
10 46
2 24
2 12
4 44
2 50
4 67
5 60
8 69
3 71
8 8
7 1
6 4
7 38
2 33
2 49
5 88
7 28
6 24
4 93
5 16
1 18
4 71
1 93
6 11
8 55
10 82
7 23
3 47
7 58
4 10
6 24
10 63
4 46
4 13
7 52
8 79
8 95
10 81
6 1
4 93
1 72
9 8
3 92
5 100
3 24
4 15
3 73
5 94
5 4
5 1
2 33
5 47
7 96
5 74
3 8
4 5
1 35
9 10
4 14
9 35
10 57
6 100
2 23
8 100
7 92
4 98
2 4
9 87
1 42
10 1
4 57
10 38
6 23
5 19
9 7
5 8
10 37
1 19
9 49
8 21
2 20
7 56
4 5
2 15
3 12
5 47
6 86
3 76
7 84
10 76
5 73
1 36
1 54
3 10
7 65
1 14
5 60
10 61
10 24
8 35
5 74
2 32
7 53
3 56
5 14
4 49
8 62
4 18
10 46
6 97
9 85
2 21
10 51
1 91
8 89
10 27
6 33
4 68
8 44
1 88
6 79
5 81
5 39
2 54
7 61
8 98
4 82
3 11
1 49
10 58
4 71
1 16
10 16
6 62
1 29
2 2
7 88
10 21
6 92
1 60
7 98
3 79
9 5
4 65
9 99
9 12
8 92
1 84
3 4
4 19
1 89
10 40
6 83
2 49
8 25
2 84
10 21
1 4
2 20
8 62
2 68
7 86
9 86
4 45
7 76
3 90
6 4
9 88
4 75
5 4
7 14
2 58
8 3
3 66
3 92
7 26
1 60
10 19
10 23
5 82
6 25
6 36
1 6
3 98
9 29
7 19
4 87
3 51
7 7
6 97
3 81
8 69
7 28
7 77
4 37
10 83
6 2
3 9
10 51
1 44
4 20
7 69
4 75
7 77
9 66
1 77
2 74
8 36
8 67
1 1
6 13
1 100
7 83
4 76
10 30
6 35
3 13
10 15
10 76
1 86
8 19
8 25
10 73
2 61
8 10
6 35
9 27
7 58
3 1
4 50
10 41
4 96
4 43
7 9
5 89
7 57
6 70
9 74
4 37
3 58
9 64
7 90
9 55
5 67
6 59
10 99
5 11
3 97
3 98
4 55
10 33
10 86
9 48
10 36
10 25
2 86
3 78
8 23
5 17
9 61
10 61
8 91
4 95
3 44
4 95
1 20
10 9
4 30
6 76
8 10
9 35
3 100
8 71
9 29
8 57
3 79
1 76
8 45
8 91
9 64
9 37
9 5
6 10
9 75
5 7
8 57
5 1
4 67
8 23
10 61
9 50
4 9
10 7
7 77
2 49
10 26
10 44
5 81
7 82
2 27
7 20
1 44
4 80
1 20
1 43
5 7
8 50
8 47
7 95
2 1
6 18
6 28
9 9
2 5
3 6
7 80
10 15
6 89
3 8
6 32
9 50
8 95
6 59
5 1
5 95
1 63
1 82
5 23
4 96
2 73
4 10
3 88
2 41
9 69
2 81
5 24
3 9
4 56
3 79
8 80
4 76
3 55
1 89
2 48
8 3
7 53
1 46
1 26
4 6
8 59
5 67
4 43
4 51
8 15
6 12
8 55
5 85
3 95
7 7
6 34
9 69
7 88
2 25
1 19
2 20
7 97
1 46
6 29
6 100
7 99
8 19
1 61
8 94
1 33
7 32
1 1
10 35
7 51
5 97
3 33
3 37
9 96
9 10
7 42
8 17
7 53
4 41
3 44
5 68
6 85
10 72
7 13
3 75
5 5
8 69
9 42
2 13
9 47
3 63
1 42
10 13
2 37
5 4
5 63
4 50
6 33
4 34
10 98
1 9
7 67
4 28
2 76
9 71
4 52
1 20
3 65
9 77
6 78
5 68
1 11
4 69
9 67
10 80
7 77
2 83
3 89
3 95
7 73
6 23
8 80
2 63
5 8
7 72
6 61
4 63
6 34
10 36
3 27
2 92
1 20
3 4
4 66
5 43
2 72
3 14
7 50
2 94
5 13
9 98
1 10
3 64
2 74
10 35
4 94
7 12
2 57
7 21
2 91
5 34
5 49
10 59
4 4
9 35
3 54
3 12
2 13
6 67
3 2
8 75
2 32
8 22
10 11
2 68
10 80
4 73
7 13
9 14
8 95
4 80
5 34
5 37
2 97
3 83
4 69
3 19
4 77
2 19
2 34
2 57
4 68
3 52
4 82
10 28
6 62
9 10
1 13
7 14
9 82
7 10
8 77
8 80
3 80
4 75
3 82
7 27
2 65
5 79
6 70
6 32
2 30
3 45
5 72
1 26
7 2
2 2
9 82
1 1
3 94
9 78
1 20
1 38
4 4
7 10
10 52
2 27
10 99
2 49
6 45
9 57
6 83
1 60
7 86
4 98
4 15
2 76
2 34
6 42
5 12
6 20
3 52
10 68
9 28
7 94
1 78
7 44
5 57
9 1
1 59
5 84
4 66
6 1
6 10
4 84
3 63
5 35
5 98
9 100
8 54
6 63
1 81
9 50
9 30
7 75
1 47
3 50
9 40
10 76
6 35
5 64
4 65
9 82
6 42
8 46
3 81
8 18
5 80
3 72
1 76
5 47
10 68
4 97
5 32
6 71
5 97
5 9
10 83
4 56
3 76
1 14
4 40
10 6
10 79
5 89
1 91
1 77
2 29
1 8
1 35
3 48
3 16
1 51
6 17
1 70
10 29
3 69
2 52
5 78
4 68
4 2
3 77
4 64
1 42
2 19
8 9
1 29
8 40
10 43
9 51
8 9
10 84
2 42
6 93
10 91
8 36
2 65
3 83
3 42
4 8
10 47
4 86
1 20
5 34
6 100
2 92
8 15
10 65
4 34
9 98
10 86
4 92
10 9
7 24
3 46
8 53
5 52
3 37
1 70
2 64
2 70
5 25
9 33
4 92
7 100
1 52
2 45
10 18
10 7
9 58
9 7
3 35
7 56
5 23
4 56
9 76
10 94
10 66
6 35
10 21
7 60
10 3
1 9
3 16
1 81
8 82
8 95
7 32
4 65
4 59
6 72
7 1
6 80
10 78
7 9
10 84
7 15
3 34
2 50
1 53
3 7
4 16
7 72
5 82
2 67
2 18
9 98
1 7
9 58
4 90
4 71
5 74
3 76
9 10
10 32
3 5
3 84
10 71
8 7
1 32
7 57
8 48
10 12
5 51
5 78
7 10
10 36
9 25
5 95
2 59
6 35
2 29
8 40
7 16
1 36
9 91
9 83
10 12
1 85
5 3
3 28
1 69
1 26
8 91
3 25
10 92
4 78
6 43
10 44
5 47
5 43
8 53
10 62
3 63
2 17
4 68
5 19
8 100
9 87
2 71
4 10
3 26
3 79
1 13
7 67
7 27
8 84
1 20
6 81
6 81
8 15
10 7
3 75
1 70
3 73
7 29
6 77
7 60
1 96
7 38
7 94
9 45
3 87
8 90
5 92
7 50
2 5
2 35
3 33
1 44
8 6
3 62
5 86
10 76
7 83
9 82
10 24
9 44
4 36
1 37
3 24
3 85
10 85
5 60
3 24
6 70
6 11
10 56
5 54
5 43
7 22
9 29
8 49
9 17
4 35
8 36
9 73
6 62
6 12
1 74
5 89
6 100
3 5
5 9
8 68
9 44
8 98
3 59
9 50
1 76
5 63
4 44
5 89
2 7
1 35
2 70
2 23
4 89
6 14
1 19
3 28
8 41
1 24
1 61
6 2
5 17
4 90
6 99
6 94
1 54
1 60
6 54
6 46
5 82
3 67
1 56
2 87
10 87
9 18
7 69
4 9
6 39
6 62
4 74
8 48
5 87
4 8
2 56
2 3
9 70
2 99
6 91
6 12
9 18
9 37
3 69
9 88
3 50
6 69
1 34
6 46
4 64
7 55
4 15
4 41
3 86
4 80
3 5
10 96
9 73
10 92
10 4
6 87
3 12
3 45
3 14
10 12
1 87
6 72
4 67
2 73
6 30
7 5
8 68
6 86
8 77
7 49
8 26
2 5
6 87
10 15
4 86
7 27
1 84
8 89
2 64
9 13
6 17
2 17
6 90
1 66
1 77
9 91
3 55
3 90
10 12
8 95
7 62
8 10
3 81
7 9
6 38
5 44
1 69
5 42
3 85
2 13
10 46
7 6
4 95
6 98
3 94
8 49
2 86
3 2
3 76
4 99
6 10
1 68
4 23
4 86
1 75
1 94
4 44
