8 15
7 22
3 41
5 59
5 93
2 7
7 57
5 58
1 73
6 43
8 20
2 8
8 36
7 39
2 13
6 6
6 42
1 51
6 36
3 58
4 87
4 41
8 28
5 75
3 96
10 40
10 24
1 77
9 54
1 59
8 31
7 51
2 72
10 25
6 77
2 14
2 6
9 45
9 57
10 32
2 53
7 89
6 43
10 56
9 94
1 40
7 13
5 30
1 52
6 13
5 79
9 89
2 97
9 23
2 48
7 58
4 55
5 73
7 41
2 64
9 16
7 16
10 55
8 32
3 80
8 6
7 47
1 71
2 11
10 67
8 62
4 89
6 22
3 100
7 55
4 10
4 60
2 85
5 50
8 4
10 7
1 36
9 80
9 50
10 14
5 26
7 47
1 16
6 89
8 58
1 64
10 1
5 82
2 78
5 13
10 48
7 80
7 91
6 18
3 4
9 80
5 6
4 74
3 60
1 30
2 31
9 60
6 71
9 2
5 19
6 4
7 53
10 21
4 15
10 37
2 93
7 54
6 77
5 99
5 33
8 59
10 47
7 100
5 22
7 88
4 65
10 44
3 30
10 88
1 53
6 11
3 47
3 33
4 74
1 6
7 42
8 57
8 63
10 63
10 46
8 31
8 42
4 96
2 49
5 38
8 76
5 21
4 19
7 55
4 93
8 100
8 76
6 73
6 70
6 74
8 53
1 41
9 96
6 17
5 71
10 67
9 63
3 61
3 48
4 93
8 78
4 65
9 75
8 53
3 67
6 8
1 16
7 84
1 86
9 90
5 83
3 95
9 12
9 74
7 60
6 67
10 73
9 23
8 2
10 54
5 40
6 86
9 50
1 42
3 72
3 63
5 82
3 38
9 90
9 1
9 100
10 76
5 43
7 81
8 30
3 55
7 77
5 71
1 37
8 17
7 66
10 37
5 52
9 56
7 22
1 29
4 40
7 14
5 15
8 88
7 87
5 90
10 52
3 91
4 90
4 2
7 84
8 4
9 53
4 25
5 82
9 3
2 19
2 80
8 52
4 70
3 72
6 6
10 62
8 71
10 69
2 57
10 70
3 6
10 96
3 44
8 60
5 78
3 82
8 29
8 80
1 99
10 66
1 43
1 48
6 42
1 77
10 38
9 65
8 1
7 29
9 87
3 26
7 42
4 52
2 87
5 2
7 93
10 77
2 100
9 41
5 48
6 15
5 85
6 100
3 53
6 66
9 96
8 34
3 20
10 51
3 28
1 75
6 79
1 24
6 11
5 45
5 46
4 62
5 74
9 70
9 29
4 61
10 1
7 19
3 7
3 76
10 81
9 65
7 86
2 56
9 22
1 32
2 92
6 23
5 8
3 18
10 13
3 43
9 40
7 14
3 95
1 82
8 58
7 6
10 44
4 60
7 14
6 30
8 24
8 34
6 97
4 57
6 86
9 95
1 54
4 97
9 93
9 75
10 31
9 13
6 49
7 5
3 75
1 76
9 37
6 51
3 56
8 24
6 71
8 22
7 51
8 29
9 69
8 96
5 16
7 26
7 68
7 71
3 33
9 8
4 96
9 49
6 96
10 36
8 33
10 44
5 7
8 31
7 33
4 32
3 81
6 13
4 41
5 66
7 36
1 20
4 35
10 37
3 42
3 39
1 11
5 56
8 14
6 54
6 40
4 56
7 18
1 62
5 56
8 77
8 24
10 19
7 17
9 50
5 90
1 39
10 1
6 15
2 64
8 82
10 67
7 64
1 99
4 73
5 59
7 25
3 13
6 21
2 11
6 45
1 85
4 79
9 4
6 65
2 65
4 91
2 36
1 8
6 31
2 95
5 7
10 77
4 27
5 70
3 36
9 82
4 89
3 79
9 43
2 1
2 5
6 21
6 3
8 47
6 4
7 58
7 54
7 66
7 77
10 47
3 65
8 60
5 83
6 31
5 6
2 60
9 51
4 25
5 18
5 57
10 80
1 8
7 63
3 4
5 1
4 74
8 9
7 28
10 46
4 52
7 14
10 29
8 37
1 13
9 100
3 76
7 36
3 72
9 23
1 3
8 89
5 49
9 4
5 6
3 20
7 56
7 55
10 26
10 29
1 31
5 34
10 86
8 49
2 95
7 77
9 14
10 22
5 51
8 27
7 94
9 48
1 21
9 4
1 77
7 100
2 50
2 66
7 60
6 9
8 91
3 13
4 33
6 65
6 60
9 14
3 19
6 61
3 26
3 45
3 70
3 78
9 6
6 4
9 13
10 61
5 73
9 56
4 6
2 36
5 44
6 59
9 77
7 89
6 87
4 90
4 50
7 39
8 23
3 67
2 62
3 5
6 10
7 86
8 59
3 16
1 23
9 24
5 34
10 38
4 12
9 100
10 21
8 79
3 46
5 51
4 79
6 12
3 29
1 1
5 29
9 21
10 2
6 9
3 32
6 33
9 10
6 95
2 27
8 42
6 29
4 84
4 19
8 40
2 74
2 96
10 71
1 50
6 59
1 49
1 91
5 67
2 99
6 22
6 15
9 64
9 58
2 3
3 79
10 20
6 53
4 60
6 50
5 77
8 20
6 72
6 1
6 30
5 93
10 65
4 58
2 29
4 64
1 60
1 51
3 59
2 38
4 23
5 86
10 37
6 48
9 78
3 48
10 99
9 35
6 49
5 20
2 44
9 19
8 62
1 74
10 83
10 54
8 64
1 18
9 21
6 35
9 77
2 8
4 78
2 37
9 1
10 76
10 19
8 99
8 85
2 61
6 14
2 67
1 36
4 59
5 75
7 93
2 46
7 51
3 34
8 31
7 9
2 79
6 12
1 96
3 74
4 56
9 5
2 75
7 46
5 5
1 33
10 99
7 11
7 23
4 73
2 89
6 14
4 28
5 97
6 7
8 8
7 74
2 17
7 33
8 47
4 47
10 81
9 87
6 91
1 80
4 82
10 88
5 19
7 80
7 84
3 38
7 15
6 76
7 32
4 81
9 42
4 58
1 33
2 7
2 95
6 71
10 64
5 34
2 33
8 71
9 2
1 67
3 48
4 1
6 19
1 75
4 95
8 38
9 46
4 14
1 6
2 96
5 1
10 61
2 67
6 72
9 63
2 29
4 51
7 31
10 97
8 51
8 55
8 58
1 56
8 36
4 24
3 75
10 3
9 16
3 77
5 65
8 67
8 56
1 38
5 64
9 80
4 90
3 85
6 95
4 91
4 69
10 74
10 3
8 39
2 23
7 12
6 95
3 82
2 96
10 87
7 32
1 35
8 39
1 66
3 44
3 6
6 97
9 24
8 93
1 38
5 94
2 48
5 41
5 87
3 34
1 62
10 16
1 14
4 57
8 37
6 23
4 47
5 97
4 84
5 77
1 42
7 98
2 19
1 29
7 80
9 84
2 10
5 56
8 52
2 38
1 22
9 6
4 49
1 3
6 65
7 78
5 32
3 49
5 71
1 84
2 36
8 4
1 59
4 68
1 42
2 45
10 50
5 65
1 87
4 37
1 100
5 5
5 79
7 45
10 24
1 53
7 58
9 1
6 10
3 83
5 17
1 75
8 88
9 73
2 39
5 2
9 39
6 1
8 89
1 65
7 17
2 13
7 100
10 83
7 50
7 70
1 15
4 34
5 89
7 6
9 31
9 34
1 1
1 83
5 21
1 77
1 30
9 24
3 48
7 6
8 96
1 32
2 53
5 96
5 44
3 36
9 100
2 6
10 7
6 27
8 94
2 57
8 16
10 45
4 75
7 35
1 67
5 50
6 35
8 76
6 57
10 50
3 50
6 64
2 68
7 33
3 82
9 62
1 18
1 93
3 41
1 84
4 43
6 76
6 5
6 26
5 65
1 17
10 66
3 54
9 45
1 12
1 59
6 70
4 1
1 52
2 30
7 7
8 93
7 98
4 51
8 50
4 19
6 32
1 57
4 58
7 13
5 77
10 83
10 67
8 12
2 69
6 74
9 63
1 36
1 95
1 5
2 44
10 48
8 8
7 86
8 26
1 68
9 67
10 96
9 51
5 3
7 37
5 21
6 92
2 28
3 60
7 66
4 4
4 99
10 37
1 72
5 61
9 79
1 75
10 19
5 92
10 3
1 20
2 35
2 6
5 90
4 64
5 12
2 11
10 65
10 19
6 51
1 67
2 53
5 65
1 28
5 58
5 67
8 85
5 83
6 97
5 98
3 48
7 2
5 75
8 60
4 81
5 94
9 37
8 91
9 28
7 47
9 79
4 52
3 41
3 75
2 61
8 15
7 92
8 67
6 18
4 63
5 88
5 67
2 89
10 84
7 85
5 52
8 52
5 16
2 56
9 21
6 27
7 93
8 67
10 24
5 11
8 55
4 95
9 48
2 33
4 96
6 88
9 23
8 26
8 90
4 97
4 95
1 18
5 69
6 26
8 93
4 46
6 42
1 63
3 47
3 56
2 100
7 100
2 11
7 8
5 56
2 1
8 23
8 18
8 62
1 1
3 95
5 68
6 68
8 96
