3 43
9 92
4 45
6 44
7 76
7 55
5 34
7 73
6 91
5 56
6 97
10 30
3 51
6 31
2 8
3 50
2 88
3 84
10 56
7 15
3 88
1 54
9 30
9 43
7 33
3 56
3 8
7 95
2 73
10 4
2 55
5 45
1 96
6 22
10 72
9 74
3 11
4 91
7 25
2 34
2 44
10 39
5 38
1 41
7 66
6 53
7 46
6 98
5 91
2 84
4 33
8 5
4 14
6 94
2 98
6 90
2 64
8 74
8 68
2 45
4 12
2 55
4 50
4 34
6 13
6 12
9 12
4 32
2 16
1 59
6 49
5 59
4 61
10 56
1 49
10 15
7 37
8 80
7 70
3 4
7 98
5 25
3 44
6 82
8 59
6 78
6 3
3 80
9 51
7 1
3 57
2 31
5 35
7 10
7 30
8 41
6 2
7 3
1 58
2 68
10 42
1 23
10 67
6 6
10 66
5 49
8 1
1 76
5 11
6 40
1 39
6 77
4 57
2 90
9 69
5 9
3 64
8 67
5 21
7 36
8 17
10 40
1 8
1 2
10 65
3 18
7 60
2 55
7 22
4 50
8 65
8 70
1 59
10 57
10 86
2 47
6 74
5 86
2 71
9 55
3 45
6 73
9 86
10 40
2 59
10 99
4 59
7 47
5 81
4 77
1 25
8 55
7 75
9 52
1 5
8 73
2 99
7 55
1 43
4 79
1 70
1 2
2 34
7 23
4 72
6 19
6 99
10 19
2 58
10 24
9 42
10 49
5 90
3 50
5 70
7 70
9 1
7 22
9 51
10 59
1 94
2 39
5 87
8 77
9 69
6 12
8 63
3 66
9 20
7 28
7 13
3 7
9 46
8 51
9 5
1 7
5 28
7 5
8 97
9 74
5 5
1 51
3 71
4 97
4 4
1 15
5 96
7 46
10 38
7 97
6 88
8 74
9 46
5 66
10 22
10 69
4 74
2 73
6 15
10 22
9 53
7 78
7 27
6 24
7 73
2 84
10 13
2 37
2 8
10 32
10 22
3 96
1 77
4 71
3 94
1 20
6 69
6 10
5 48
6 53
7 31
9 24
9 67
10 72
1 66
9 89
6 35
2 31
2 27
7 51
8 16
10 68
10 46
1 69
2 88
8 33
7 32
10 2
7 11
4 78
1 51
9 68
9 100
8 40
4 39
3 75
3 78
4 70
3 73
6 92
1 73
8 7
4 68
3 17
6 80
7 20
5 21
8 5
2 74
2 5
3 44
1 6
1 11
7 97
4 2
1 4
8 10
5 24
5 2
4 52
6 46
3 14
8 83
2 100
5 31
10 63
9 86
7 56
6 56
9 46
8 13
10 44
4 96
1 87
6 28
2 57
9 30
8 79
5 80
6 26
7 54
6 97
5 28
7 49
5 20
9 69
10 46
8 92
7 6
1 62
6 85
3 28
10 60
7 36
7 57
5 77
2 92
1 40
3 12
9 1
8 96
2 17
3 89
6 12
2 32
10 30
3 92
7 79
8 58
7 21
4 35
1 11
3 36
2 64
7 64
5 60
9 62
8 11
4 65
10 48
7 35
2 50
6 6
8 59
5 94
3 89
9 60
10 7
8 95
5 32
6 97
9 83
2 69
8 15
4 36
4 37
5 70
6 96
5 76
5 1
6 32
9 1
2 29
5 89
10 84
1 21
7 39
1 69
8 78
6 96
10 61
3 22
8 26
10 77
7 68
5 56
3 3
1 33
2 26
4 29
7 75
1 55
8 15
9 65
5 36
2 31
9 55
5 22
6 62
8 80
10 11
8 80
7 47
8 64
1 71
3 11
1 61
7 93
10 35
3 89
6 88
2 11
8 15
8 79
3 35
3 22
8 89
3 13
8 45
9 15
2 68
9 32
2 69
1 88
9 31
1 37
10 92
4 82
6 98
9 36
9 79
2 55
4 13
8 23
7 84
1 86
10 80
6 7
4 4
6 47
6 49
1 23
1 67
4 73
6 62
9 6
6 89
8 63
10 53
3 75
2 24
4 4
4 21
2 4
7 25
5 20
6 88
8 36
7 82
10 35
3 92
6 59
6 34
5 13
10 28
5 7
9 90
10 38
3 21
9 2
9 60
10 76
4 80
4 85
8 92
2 62
9 28
2 17
1 41
5 5
5 5
4 29
4 42
8 91
8 98
7 72
10 14
10 70
6 92
5 5
4 14
4 99
7 46
6 10
5 7
9 25
8 30
9 28
3 66
3 32
6 30
10 59
5 86
6 96
7 14
8 68
9 95
7 58
8 41
9 32
9 22
4 79
9 57
4 88
4 73
1 1
6 2
7 72
10 9
10 19
6 8
4 90
9 59
1 18
7 39
7 14
7 85
7 60
2 44
3 89
1 20
4 98
1 70
6 60
2 94
8 11
2 87
5 43
8 75
9 68
4 31
2 4
10 17
8 31
6 9
1 3
4 41
3 6
7 59
1 30
3 73
1 51
1 27
9 72
6 30
10 95
10 12
7 11
2 77
7 25
3 13
5 19
10 71
7 90
1 94
2 78
10 31
2 88
5 4
8 11
10 80
6 68
9 68
10 33
2 62
7 46
7 40
7 23
1 71
2 73
7 6
2 96
7 63
7 61
3 90
5 50
1 58
3 63
6 81
9 88
8 75
9 57
3 50
5 53
2 32
1 8
2 54
6 40
5 18
9 91
5 57
1 16
7 4
4 19
8 92
1 7
9 24
7 27
3 43
6 100
7 43
9 7
8 6
8 42
5 39
1 74
5 73
10 37
9 57
8 17
6 57
9 74
6 34
9 80
8 34
8 56
2 51
4 73
4 5
7 63
5 79
7 38
7 46
8 77
5 25
5 21
5 24
9 93
5 32
6 79
2 1
2 46
10 52
7 56
10 1
5 42
8 52
5 70
5 35
8 64
6 56
4 31
9 17
1 44
5 67
7 29
4 79
9 40
7 51
8 73
1 92
4 98
9 21
8 47
8 98
3 75
6 39
6 66
7 20
1 15
3 38
6 65
8 87
10 28
6 7
5 43
1 100
3 25
4 23
5 32
8 41
1 65
8 58
5 6
9 17
10 83
7 1
2 89
7 58
7 12
6 5
8 60
5 11
5 35
7 33
10 30
7 73
4 62
4 76
9 61
10 4
3 7
1 5
6 19
10 25
10 6
3 60
3 92
10 74
2 38
6 52
2 5
8 19
8 98
4 33
7 1
1 36
2 23
8 41
4 27
8 46
3 9
9 53
6 73
7 89
10 83
9 38
1 16
9 65
4 17
10 98
6 55
7 55
5 67
7 18
2 78
2 6
2 38
8 74
10 41
9 100
2 83
5 26
3 56
3 68
3 51
4 58
6 78
10 51
9 27
2 59
1 68
5 73
10 31
10 42
7 12
9 15
10 93
3 25
8 57
10 16
1 84
6 49
6 95
1 57
7 87
4 80
2 17
4 27
9 54
5 86
6 32
8 85
4 33
9 6
6 58
5 40
2 97
4 88
7 94
7 21
6 100
6 74
1 4
8 91
10 41
5 80
6 39
9 32
7 59
4 70
9 36
10 10
5 65
8 78
3 14
7 67
1 41
10 40
5 54
4 87
3 82
5 40
3 45
9 98
10 67
3 60
4 91
10 13
5 72
8 68
4 68
9 31
5 53
7 67
1 31
2 98
2 84
4 49
8 16
10 17
7 74
6 96
4 47
10 52
10 58
6 57
1 24
7 85
10 22
5 42
7 66
1 47
4 95
4 31
2 42
7 7
2 50
2 11
2 31
3 65
10 47
1 25
9 9
4 97
5 88
5 93
7 100
9 84
1 52
2 23
9 91
2 34
5 1
3 60
6 75
4 82
5 91
1 29
8 24
1 3
10 73
9 53
8 64
1 47
6 21
7 64
3 97
6 84
3 90
5 15
6 33
6 52
10 95
1 8
1 48
9 91
7 30
2 73
5 67
9 25
4 32
5 18
7 62
9 26
3 9
2 53
9 50
10 96
2 86
3 63
8 75
9 92
10 88
2 94
6 33
4 94
7 52
5 74
8 14
6 72
9 98
6 26
8 57
3 76
7 80
8 57
3 3
5 19
10 98
5 67
4 25
6 58
9 96
5 31
8 74
3 22
3 61
7 5
9 60
6 17
3 9
4 19
6 20
3 29
8 64
1 53
5 41
7 13
4 87
7 2
1 10
10 19
8 23
9 38
8 60
2 23
6 93
5 68
3 23
4 20
4 54
10 46
5 30
2 7
5 78
6 62
10 26
8 85
5 83
4 53
4 21
8 97
3 20
9 20
4 40
7 65
9 92
2 25
4 95
9 96
9 14
4 100
2 81
3 15
2 80
8 43
4 54
2 61
3 79
3 36
7 83
5 72
7 46
5 55
3 50
8 68
10 32
8 35
4 84
7 96
3 24
5 84
6 68
7 26
2 40
4 55
10 7
4 73
6 29
1 7
5 24
2 82
6 83
6 75
6 18
2 50
4 11
1 91
1 19
