7 56
9 20
10 66
8 78
4 83
3 19
2 8
6 91
1 53
2 83
6 24
10 76
8 71
1 51
9 64
4 51
6 47
8 87
5 9
4 24
10 20
7 72
4 36
2 88
10 44
9 70
6 14
3 38
9 14
3 82
6 1
2 30
8 95
9 90
5 94
7 61
9 42
9 1
6 87
4 64
10 62
8 53
4 16
1 93
5 84
8 11
7 16
1 79
3 92
10 55
2 27
9 10
7 31
10 79
9 75
7 42
1 59
5 30
6 17
1 31
3 19
7 3
2 38
9 28
1 6
1 72
1 31
9 62
10 65
4 73
6 15
9 15
5 75
3 96
8 86
10 13
3 74
2 76
2 10
4 6
2 81
1 76
7 91
4 27
9 81
5 83
9 80
2 39
3 66
6 19
3 93
10 58
4 96
10 60
4 49
5 76
6 12
9 8
10 62
8 30
3 79
10 53
7 45
10 13
1 83
7 20
3 74
9 15
4 75
9 81
10 1
3 63
6 65
1 86
5 89
10 2
4 11
5 23
5 87
8 26
8 28
8 33
3 39
2 24
4 5
1 61
8 13
10 19
7 94
1 91
2 95
5 68
3 1
9 46
5 5
6 86
9 51
9 20
10 27
10 33
10 84
1 51
4 10
2 80
8 65
8 96
3 89
1 24
6 32
2 72
5 83
1 4
5 94
5 59
2 51
7 33
10 6
8 19
4 42
8 45
2 32
8 84
10 33
10 45
2 6
6 27
9 14
2 41
3 63
3 84
6 61
2 32
9 4
8 82
2 73
9 7
10 52
10 99
3 94
5 68
4 30
4 10
1 29
5 72
4 87
9 58
7 61
6 52
10 86
9 78
4 6
2 65
8 69
2 21
6 77
5 85
9 83
1 5
6 45
10 43
9 42
1 90
5 62
9 67
6 56
10 49
9 97
5 20
1 79
8 58
9 72
8 95
5 86
5 76
7 77
8 84
5 12
2 94
2 68
1 49
4 46
9 98
10 39
6 20
9 22
7 39
8 23
7 51
1 72
8 56
4 81
8 3
3 97
10 28
8 43
1 84
6 31
10 69
1 51
10 64
10 38
4 11
5 89
5 89
6 15
3 11
6 22
10 65
2 65
5 38
9 44
6 22
10 93
8 46
5 86
10 37
7 67
1 25
2 70
2 68
7 80
4 95
8 95
1 26
3 63
6 82
8 47
10 47
7 31
8 25
7 42
10 83
8 13
6 99
3 94
6 29
8 55
4 35
2 53
10 58
2 65
8 39
6 95
1 9
8 60
10 58
5 86
8 9
9 83
6 12
2 19
4 72
9 16
7 91
3 23
5 36
7 54
9 73
7 24
6 30
4 61
8 10
2 84
9 36
9 63
9 5
7 54
1 60
9 27
1 71
5 26
2 9
5 45
1 81
10 31
10 58
9 71
8 60
10 48
4 28
1 55
5 96
5 97
5 18
9 67
1 59
2 32
10 40
10 95
9 17
6 99
10 47
8 24
1 80
5 90
5 12
2 4
9 87
4 47
7 38
10 2
3 40
3 88
10 26
1 5
8 87
1 68
10 50
3 81
8 94
5 43
5 33
1 94
8 20
9 17
7 99
9 63
4 52
4 63
2 83
3 53
7 94
2 83
10 78
9 50
5 54
1 75
7 55
5 66
8 53
2 74
10 22
2 89
5 21
6 71
10 63
4 24
3 61
3 64
4 97
2 71
6 76
5 28
5 77
3 22
3 61
2 42
9 75
7 77
4 34
1 68
9 93
7 78
9 75
6 61
2 44
3 16
10 13
10 21
3 68
3 94
8 72
1 34
2 49
9 80
7 55
3 57
2 37
8 42
3 61
3 88
4 91
5 12
10 91
8 99
2 100
6 4
1 31
5 22
1 21
3 16
8 40
4 42
10 41
4 18
3 72
2 85
1 25
7 93
2 20
2 100
9 12
8 35
8 68
2 52
1 50
10 98
10 38
8 80
1 35
4 49
3 5
2 3
7 71
4 93
10 23
8 36
7 61
4 27
8 41
5 19
9 33
10 98
4 23
6 22
1 80
5 94
3 95
9 78
7 24
5 2
4 36
5 73
6 70
2 15
2 57
7 44
1 42
8 32
6 57
4 17
3 19
8 35
9 25
7 35
4 54
1 46
1 32
1 94
4 45
5 36
6 96
1 81
8 53
10 7
8 91
3 47
4 25
10 74
7 61
8 57
4 26
3 26
4 21
10 80
6 91
5 47
8 62
6 93
2 81
10 9
4 97
5 79
3 2
10 61
8 19
1 97
5 27
8 98
5 5
8 61
6 67
1 46
7 59
2 89
10 43
3 13
3 87
4 38
8 17
4 78
8 89
10 62
8 7
9 43
6 74
10 69
7 19
9 90
5 87
7 68
9 74
9 90
6 57
3 63
3 71
5 86
7 44
5 84
2 51
9 86
6 58
4 39
4 56
8 67
7 79
7 99
7 83
4 86
9 88
2 27
1 72
5 85
8 33
6 56
8 38
6 14
6 12
1 3
5 9
1 21
10 50
9 9
6 2
5 35
3 35
2 76
3 47
1 51
4 67
7 9
10 77
9 78
10 13
10 58
7 32
7 68
9 44
8 30
5 79
3 50
4 65
8 9
7 21
3 56
3 98
9 19
8 72
6 46
8 79
7 23
9 86
5 28
1 29
2 23
9 65
5 11
6 60
10 7
1 34
8 39
1 82
2 35
3 23
6 57
2 72
1 38
5 14
4 93
7 9
2 63
6 36
2 70
10 11
7 57
10 1
6 10
6 47
5 37
4 5
1 53
3 54
1 84
5 38
5 6
8 20
4 99
7 26
3 39
8 7
2 80
5 95
4 40
5 74
6 32
7 18
2 72
4 75
1 96
6 75
2 37
1 43
8 14
1 81
9 26
7 26
7 43
2 48
8 36
1 97
6 64
8 48
8 79
3 34
1 27
5 96
8 16
7 64
3 68
8 30
8 79
5 6
10 46
6 83
7 23
6 22
3 30
7 61
8 47
4 99
3 60
2 70
3 52
6 29
9 6
8 20
1 85
8 58
9 22
10 69
4 90
2 100
3 81
10 74
1 58
9 67
3 47
8 49
10 74
5 25
9 63
8 28
8 38
7 85
6 66
10 41
4 87
6 31
4 5
1 26
8 1
1 28
3 53
7 77
10 96
4 80
5 16
1 86
2 93
1 77
8 87
10 17
4 67
9 59
10 43
7 98
6 100
1 12
3 54
5 57
10 19
3 99
3 32
9 17
9 97
2 46
4 80
7 7
9 50
2 65
9 14
1 2
4 95
5 94
2 100
4 33
4 95
5 68
3 79
7 58
8 19
4 38
4 25
2 83
2 92
2 39
7 3
1 1
1 69
4 42
5 94
6 83
3 75
1 5
1 82
4 33
5 87
6 83
7 3
9 86
8 28
2 3
6 93
3 76
6 16
4 64
2 21
1 65
6 85
5 13
8 1
10 53
8 29
4 23
6 46
7 96
6 16
6 8
6 48
6 47
6 58
9 84
8 95
5 39
6 16
1 75
2 22
5 79
6 85
1 40
1 84
1 89
2 55
5 94
3 21
3 45
1 49
4 50
7 63
6 47
4 55
2 86
6 31
6 63
3 55
1 41
9 11
5 96
7 16
7 69
9 35
5 67
3 35
9 47
10 18
6 43
9 80
6 31
6 76
6 88
1 79
6 50
2 71
7 70
7 77
6 37
3 99
4 33
7 94
9 86
7 79
6 99
4 41
2 79
10 72
5 59
5 41
9 28
4 99
10 46
5 28
6 27
1 4
10 62
9 92
2 79
3 19
6 25
6 11
2 79
7 3
8 20
4 24
4 69
10 83
7 93
9 98
4 25
8 35
6 55
10 54
2 54
10 73
7 79
2 11
6 85
7 14
3 74
4 82
6 35
4 43
2 87
6 75
7 1
6 91
9 63
9 16
6 31
2 81
6 21
3 15
7 75
1 84
7 6
7 41
8 84
3 73
6 52
8 59
7 78
8 92
1 32
10 82
3 30
1 12
9 49
2 84
1 28
3 61
5 23
10 3
10 58
1 78
9 83
6 66
9 64
6 67
5 48
10 67
7 84
1 45
2 65
8 14
7 93
10 66
1 67
5 2
8 37
4 12
10 97
8 4
7 72
8 11
9 27
3 45
8 95
6 97
4 97
2 28
7 76
6 11
5 100
6 23
6 87
6 62
10 41
1 5
3 76
2 80
9 30
4 75
3 89
6 27
4 38
4 24
3 62
3 30
10 38
8 34
1 89
3 73
3 44
4 25
2 10
2 71
7 17
4 44
4 57
1 91
2 80
5 17
9 56
5 89
7 38
7 3
2 12
6 32
10 30
2 7
2 100
2 59
7 64
4 34
10 15
5 14
1 39
3 42
3 61
8 52
8 8
2 54
1 34
7 48
1 70
10 61
2 52
6 93
5 78
1 99
7 80
8 67
6 10
3 49
8 77
2 10
8 80
5 43
8 57
1 15
8 33
