8 9
6 85
10 56
7 64
6 65
7 60
10 49
4 15
5 94
8 14
3 40
1 100
3 48
8 78
1 18
6 4
2 8
2 47
2 21
4 9
5 76
6 19
7 98
10 57
1 19
3 65
8 90
9 2
9 55
10 36
8 39
2 87
4 36
9 96
2 94
10 43
6 81
6 14
5 96
10 66
10 95
7 85
7 74
10 25
3 67
8 5
5 31
10 74
7 80
9 60
9 26
5 79
1 84
8 9
3 94
3 97
9 30
6 19
1 56
3 39
3 50
7 24
10 25
6 62
4 78
9 71
7 2
4 4
4 81
4 52
5 69
8 67
5 95
7 93
4 10
6 45
3 14
6 80
1 61
7 75
4 8
9 46
9 85
4 43
6 24
5 31
1 88
3 68
2 72
7 21
1 75
7 22
6 37
7 31
8 64
8 28
4 4
1 20
3 79
1 24
10 81
5 27
3 79
3 87
6 47
6 9
1 56
6 83
6 96
6 17
9 1
3 71
5 4
10 92
5 5
1 22
3 75
8 87
1 3
3 77
8 93
10 95
8 7
9 36
7 35
10 24
10 24
5 69
4 97
7 100
9 42
5 10
5 60
7 47
5 15
9 58
2 46
2 42
6 32
8 60
10 38
7 49
3 58
2 17
7 99
1 84
3 7
10 88
5 66
3 15
3 72
1 49
2 54
3 39
7 66
8 24
10 73
7 97
6 54
8 57
5 86
9 10
1 51
2 27
7 43
4 19
8 61
2 71
6 85
9 84
9 53
1 76
6 20
1 35
3 57
5 53
10 26
3 87
3 90
10 28
8 21
6 59
9 86
7 15
6 7
6 74
2 73
4 67
7 95
6 35
3 66
7 91
10 59
7 100
3 37
1 7
10 69
4 12
10 48
6 7
1 16
8 6
8 83
8 6
5 70
6 77
1 86
2 69
6 37
9 32
7 95
5 83
8 23
10 8
8 78
10 16
3 96
6 95
5 55
5 45
7 44
9 81
7 12
7 80
10 59
9 99
5 1
8 57
5 99
1 61
10 9
10 69
4 78
3 21
5 8
10 47
1 83
6 100
2 84
5 23
6 55
6 25
5 30
5 37
4 93
1 46
4 60
2 12
1 20
9 8
1 74
4 77
8 53
3 92
8 3
3 59
9 23
4 38
5 30
7 42
6 65
6 59
3 43
2 74
9 44
10 61
6 38
7 39
1 87
1 63
7 8
9 92
4 25
4 2
2 14
6 77
4 83
3 9
7 11
7 18
3 48
8 30
8 47
7 20
7 5
1 80
5 60
1 1
4 63
4 10
8 18
7 18
1 42
4 42
8 95
6 66
5 66
8 65
6 17
7 93
6 79
6 47
9 90
10 55
4 34
2 25
2 80
4 16
6 16
8 8
2 4
7 39
6 55
9 68
4 57
2 26
7 41
3 24
7 2
9 2
3 14
5 75
1 90
9 80
10 35
2 46
7 5
9 84
7 91
5 77
7 71
8 82
9 83
9 91
8 93
6 65
4 99
1 52
7 44
4 66
2 60
4 72
3 19
8 23
5 74
9 95
9 93
8 62
1 1
9 57
10 78
9 65
9 53
3 72
1 69
8 85
9 68
2 78
2 5
9 5
5 100
1 59
7 5
2 49
10 95
2 65
5 77
7 73
1 48
4 11
6 29
2 42
3 1
8 40
2 35
7 25
6 49
5 47
7 31
4 61
7 100
3 46
1 19
5 67
8 16
5 74
2 69
7 72
1 100
9 38
5 90
8 24
8 32
10 21
7 50
8 15
7 22
4 22
5 92
7 61
5 36
1 99
9 8
2 16
1 29
10 77
3 73
6 42
1 7
4 23
7 54
8 98
3 51
6 97
9 63
10 23
10 90
9 68
5 23
7 50
2 80
7 20
6 52
10 78
9 100
10 99
9 32
4 72
8 5
5 1
6 12
7 42
6 56
5 68
6 13
3 38
4 49
6 91
8 68
9 93
6 49
9 64
1 67
3 66
9 18
9 23
2 68
10 62
1 64
7 67
8 70
10 51
10 51
5 62
1 72
9 59
7 52
6 15
7 88
2 55
5 75
9 56
1 54
3 27
1 32
5 69
3 39
1 14
10 28
9 77
8 33
7 75
5 38
10 26
1 26
6 45
5 100
8 15
5 58
1 32
7 85
1 95
5 55
3 94
4 74
1 64
1 18
3 2
5 95
10 86
4 69
1 69
4 65
10 24
5 93
9 94
1 47
3 47
2 90
2 52
3 43
3 64
3 100
6 84
9 63
5 28
8 86
5 86
8 78
3 83
1 30
9 36
1 94
1 51
9 29
8 8
4 1
1 67
9 22
3 28
2 90
2 99
8 24
1 86
6 75
10 40
8 98
6 75
4 62
6 14
8 52
8 26
10 1
6 67
3 16
2 31
2 8
4 59
8 3
5 54
4 7
5 59
1 64
2 75
1 99
2 76
2 34
5 25
8 39
9 3
8 55
1 57
4 9
6 44
8 76
2 37
7 16
1 77
2 24
10 12
7 76
5 73
7 63
7 38
1 99
8 27
7 14
3 97
6 44
6 94
3 15
1 4
1 52
6 65
5 47
5 9
9 39
6 98
2 27
9 24
6 29
7 35
8 22
3 72
5 39
4 30
1 39
8 95
1 53
2 30
4 28
3 11
7 66
7 13
3 15
2 4
7 41
5 84
5 22
4 22
9 64
6 78
9 60
8 85
2 97
8 26
1 68
3 5
2 35
6 64
4 35
8 6
8 51
6 88
6 14
6 62
6 21
1 24
6 15
3 87
7 17
8 89
8 82
1 68
6 20
9 58
3 94
7 45
6 55
2 25
3 11
5 25
1 48
2 67
4 75
8 37
2 1
1 33
5 67
5 52
2 70
4 19
9 60
2 6
4 72
4 78
4 32
10 63
9 34
10 99
9 28
9 55
1 85
4 43
10 14
4 12
3 1
9 35
8 65
6 53
1 40
5 11
9 46
8 35
1 39
2 40
7 55
7 88
3 49
9 16
7 3
7 17
5 30
3 54
9 6
1 45
1 21
9 92
7 12
7 66
8 51
7 7
10 67
1 36
7 53
6 31
7 95
7 99
5 14
8 1
7 31
10 47
5 12
10 82
1 30
7 27
5 70
3 14
10 77
7 9
3 17
5 84
1 81
8 33
9 44
10 18
6 63
10 71
6 21
5 59
1 21
4 92
9 52
9 83
1 20
2 57
3 45
3 67
1 53
8 21
1 35
3 87
5 86
9 20
5 29
6 49
8 56
10 75
6 64
5 25
9 20
2 92
10 100
8 84
6 32
2 88
8 7
10 35
6 49
1 75
5 86
3 7
9 56
9 24
4 56
5 16
10 58
3 84
9 20
6 20
1 98
9 41
9 3
2 98
3 67
5 72
3 96
9 53
10 64
8 68
6 95
6 72
1 17
10 35
3 63
9 53
6 85
3 86
3 49
3 44
10 76
8 22
9 73
1 43
4 24
1 3
6 8
9 57
8 46
2 41
8 90
9 69
4 96
1 67
1 83
8 34
3 21
4 26
9 80
9 61
7 61
7 89
9 4
10 28
2 12
8 35
3 37
6 59
7 8
10 58
8 22
5 98
5 25
4 32
2 9
1 56
9 11
7 37
3 32
1 75
7 84
4 45
2 72
1 87
7 67
9 64
1 30
6 10
10 25
10 39
1 87
10 50
8 28
1 51
7 38
9 52
8 29
8 7
4 83
8 73
8 56
1 100
9 100
10 65
9 72
9 88
10 16
1 5
8 26
6 21
3 99
6 94
9 11
6 36
9 14
5 49
8 56
4 8
5 18
3 55
5 47
4 46
7 94
1 88
5 85
5 5
10 99
8 77
10 51
6 97
8 85
3 44
5 46
8 61
2 96
4 4
6 93
3 95
3 66
5 51
3 16
6 24
9 49
8 65
8 68
10 38
8 76
7 25
1 35
5 59
7 40
6 56
7 70
8 93
1 16
10 82
2 87
7 49
9 95
5 51
5 14
7 74
6 30
1 83
10 70
2 1
10 81
1 56
9 19
10 4
10 32
6 86
6 23
7 85
9 44
3 33
6 18
7 30
1 37
3 8
6 47
5 56
2 55
5 38
10 95
8 49
2 2
3 49
7 71
7 12
8 19
10 41
1 71
1 29
8 67
5 23
1 47
9 60
7 77
2 28
6 14
8 60
10 6
6 9
7 15
1 17
3 58
2 82
10 42
8 64
8 94
8 1
5 53
8 60
2 69
7 77
5 77
1 29
1 76
8 25
6 20
3 90
9 83
4 56
7 6
4 31
4 24
3 80
4 18
5 85
3 97
2 17
9 4
1 95
2 40
8 5
10 42
6 88
3 44
3 79
10 32
7 66
1 2
6 98
1 89
7 66
1 50
3 5
5 65
1 23
3 9
7 9
6 27
3 46
8 7
5 28
4 63
6 48
7 36
3 30
6 15
10 28
1 20
6 75
2 79
10 88
5 33
2 94
10 69
5 90
