8 20
4 30
4 62
4 17
5 90
6 45
2 62
10 86
5 14
3 24
2 78
8 57
9 40
7 84
1 42
2 30
4 25
1 100
4 57
2 33
7 62
5 47
1 87
1 98
3 61
9 68
5 83
5 83
7 85
5 5
10 67
7 51
5 52
4 2
1 72
5 82
10 64
9 56
5 17
5 52
9 16
1 68
8 72
2 29
4 93
7 52
2 50
8 60
5 84
8 22
1 66
4 89
4 32
1 42
2 15
1 61
4 74
1 54
9 100
9 82
9 82
1 97
9 80
8 77
2 64
4 94
10 100
5 58
2 14
1 19
8 93
1 4
7 34
7 1
4 81
10 67
3 34
8 80
1 68
1 67
10 50
4 37
6 9
9 33
10 26
9 57
5 68
6 2
3 93
7 93
9 47
3 60
7 50
1 94
10 23
4 62
8 88
10 95
5 9
3 1
7 23
5 51
3 95
10 99
5 32
2 22
2 34
2 69
4 59
4 53
3 52
10 54
6 23
7 64
7 45
2 87
1 35
10 49
3 59
5 18
8 69
2 40
7 87
7 13
9 55
9 75
10 59
5 90
8 87
1 41
1 32
5 38
9 96
7 48
7 7
5 96
3 5
9 24
2 50
9 17
7 55
5 51
6 9
8 39
3 92
1 64
2 43
10 59
6 48
8 26
8 100
10 49
4 40
4 61
9 89
4 92
10 78
1 5
3 54
3 64
10 38
6 51
10 73
1 38
9 77
6 17
2 13
6 96
6 34
4 54
3 95
3 99
9 86
5 73
2 20
2 55
10 97
1 57
2 22
10 55
3 40
5 56
6 6
10 18
7 19
3 29
10 93
5 46
6 98
5 92
3 45
2 29
2 69
9 14
3 35
2 1
9 61
3 71
8 20
5 47
2 74
5 69
3 77
6 45
8 21
7 20
2 97
4 93
7 86
7 94
3 63
9 80
2 72
7 94
6 18
2 62
7 25
10 51
8 71
10 35
1 25
8 39
9 71
9 57
4 3
6 6
7 99
8 6
7 81
5 25
10 53
1 28
3 83
3 69
6 5
4 100
4 36
3 92
7 83
1 70
2 10
5 60
1 14
9 41
1 64
4 13
6 4
4 89
9 27
1 45
1 10
3 50
8 60
8 87
3 98
10 75
6 77
1 66
1 76
5 34
8 57
2 76
6 19
1 16
2 30
6 74
6 39
1 99
8 71
1 88
9 79
6 1
10 9
2 63
1 26
7 84
3 60
3 8
10 67
1 42
5 57
10 31
2 66
7 56
4 66
6 47
5 90
9 40
9 59
1 19
7 19
7 28
6 92
10 20
6 15
3 2
1 14
10 91
3 75
2 68
6 53
2 41
10 72
3 79
1 21
2 10
5 92
10 94
4 67
4 4
4 32
10 78
7 30
6 51
7 60
6 28
1 84
2 48
3 60
9 91
7 96
5 32
1 40
4 1
1 3
3 4
8 61
9 80
8 41
8 100
2 28
5 16
4 91
2 34
6 83
3 88
7 96
5 34
5 55
4 74
8 69
5 84
10 62
8 100
1 79
2 19
10 100
6 71
5 97
3 58
10 4
4 90
6 5
7 74
3 46
8 73
5 54
9 77
5 92
3 83
5 100
2 66
6 82
8 62
4 60
7 60
8 32
1 52
5 34
7 26
7 64
10 29
9 28
1 18
9 82
4 77
3 47
2 67
7 18
9 93
2 59
10 56
8 38
8 58
1 89
3 33
7 94
8 35
6 88
5 7
7 17
2 10
8 46
7 85
1 11
10 51
2 25
5 71
3 94
10 18
2 73
8 55
9 15
1 3
7 18
6 16
9 12
4 89
1 3
5 84
10 53
7 81
9 31
4 75
5 1
7 38
2 9
4 100
5 87
6 36
1 1
3 13
10 83
3 23
6 32
10 77
10 45
2 71
7 54
10 54
2 98
9 38
8 46
5 69
2 83
6 87
7 7
8 42
8 71
5 67
2 63
4 22
2 26
3 8
1 52
1 99
5 18
8 56
9 77
4 76
8 63
10 8
2 55
1 55
3 59
10 6
9 13
10 57
10 64
4 21
5 14
9 10
4 63
10 26
10 4
10 75
8 33
4 94
5 68
1 29
1 88
2 84
10 18
7 65
1 40
3 89
2 88
9 83
2 32
1 8
8 52
5 69
4 63
3 74
9 8
3 95
6 25
3 41
9 18
3 46
9 45
10 62
4 58
6 55
1 63
8 56
5 89
1 90
7 77
5 39
10 33
7 77
4 19
7 48
9 37
7 12
1 76
9 61
4 20
10 28
5 88
4 99
3 99
5 74
1 94
1 67
10 60
9 51
3 25
3 81
9 23
7 83
5 80
2 21
1 93
7 68
10 91
10 100
7 90
1 37
8 62
4 83
4 25
5 89
5 95
9 22
10 72
7 19
3 26
2 56
4 87
10 66
4 37
4 53
9 73
1 56
6 30
2 90
8 16
6 44
6 46
8 13
7 92
8 45
7 97
5 3
2 4
1 22
5 50
6 59
6 34
7 57
6 9
10 42
2 49
5 46
8 61
9 59
3 86
4 8
1 13
8 58
2 42
3 16
5 5
4 70
10 99
3 46
7 84
10 72
9 56
6 25
7 36
10 47
1 24
4 88
7 47
2 76
1 87
10 64
3 90
7 65
10 66
6 98
10 62
1 4
3 85
7 16
1 40
2 30
6 80
10 33
5 98
1 14
6 8
8 98
5 61
8 25
2 21
3 49
8 51
8 57
3 4
2 91
4 4
6 52
1 83
6 99
3 63
9 51
8 42
10 59
4 76
2 37
7 73
1 44
9 8
2 12
10 60
2 50
7 17
4 80
7 42
7 14
1 21
1 96
3 71
9 62
4 20
1 95
6 71
3 25
1 44
8 76
5 95
6 1
2 74
10 83
9 15
8 55
9 64
4 5
5 100
9 47
8 55
3 16
4 85
5 30
2 7
8 58
9 71
2 81
4 60
9 53
9 59
9 32
8 89
5 6
1 16
2 22
2 28
8 71
3 88
1 57
1 66
10 66
7 62
6 48
3 98
5 85
2 86
10 99
10 83
4 30
7 73
7 15
5 84
6 38
3 75
8 48
7 81
10 99
2 26
7 76
4 76
1 56
4 35
2 79
10 34
5 49
7 30
10 58
4 94
1 82
1 56
4 66
8 23
9 10
7 20
2 60
3 43
8 90
2 100
3 84
8 11
7 21
9 66
1 32
7 86
8 46
8 30
3 83
9 20
9 15
9 92
5 72
2 78
6 2
10 32
6 87
1 38
7 72
8 23
1 40
7 5
2 12
6 12
8 12
6 12
5 42
1 94
6 49
9 82
4 49
3 94
4 62
1 90
7 67
8 3
9 94
9 2
7 49
7 28
1 99
7 40
9 42
6 58
5 53
6 50
10 71
2 100
6 47
5 59
1 5
7 4
5 38
1 22
5 8
8 92
6 62
1 24
10 7
1 63
1 34
9 98
3 7
10 84
10 56
6 25
5 51
4 100
1 76
7 12
7 91
8 42
8 92
4 79
3 27
9 23
9 2
10 87
2 66
10 11
2 67
6 25
5 29
8 24
6 28
1 29
10 71
10 24
4 33
7 45
2 40
4 21
7 15
3 100
1 7
1 94
10 79
7 75
1 22
8 84
5 63
3 72
1 91
8 83
9 57
8 18
4 75
3 16
1 64
6 50
6 48
10 63
4 21
9 98
2 43
9 32
1 87
4 49
2 40
9 99
6 88
9 31
3 47
10 89
2 74
1 60
8 47
4 63
9 31
6 66
1 24
6 80
7 22
1 1
1 46
3 28
4 75
2 52
6 25
8 13
3 15
4 66
2 16
10 13
3 10
2 32
8 52
8 43
8 99
10 23
3 12
4 38
6 36
7 100
7 69
1 62
8 17
10 45
4 44
3 63
9 83
7 67
7 80
10 59
6 10
4 7
1 87
9 48
9 85
7 91
4 30
6 97
3 50
1 12
9 19
10 88
3 13
3 15
7 20
5 15
7 51
5 94
7 35
8 84
4 69
6 22
7 81
8 90
8 56
2 88
4 85
10 72
5 60
8 85
5 55
9 50
5 19
4 40
3 59
3 53
10 56
3 52
7 50
4 29
4 38
5 96
1 69
6 82
6 16
5 8
4 62
1 37
4 100
1 19
2 68
9 98
7 82
8 29
9 32
9 94
4 24
9 84
2 48
2 19
10 97
1 49
8 21
5 13
6 56
7 81
3 6
5 92
2 92
9 94
2 12
8 40
10 23
4 9
6 65
5 80
6 20
4 7
3 47
4 96
7 46
10 22
2 100
6 32
7 84
6 42
3 69
2 33
10 85
6 46
10 37
3 31
1 96
7 47
6 77
6 19
10 70
10 97
10 67
5 32
8 64
2 70
6 29
8 88
9 100
3 36
10 84
8 97
1 12
8 55
8 51
2 30
7 28
3 30
4 27
9 29
8 95
9 57
6 2
1 36
1 18
5 78
8 86
