1 9
10 27
7 4
1 58
9 3
1 6
7 36
4 98
6 16
10 10
9 32
3 14
8 3
3 18
8 17
9 43
8 18
7 77
2 24
9 39
10 72
5 77
6 32
10 84
3 91
6 62
6 76
8 17
1 45
10 5
7 12
8 38
9 80
9 58
3 63
10 21
7 19
2 8
2 68
9 53
9 5
10 74
10 99
2 27
8 3
4 62
7 38
9 82
6 27
8 7
4 50
8 37
5 69
3 35
8 20
3 65
9 26
5 55
9 58
6 38
6 44
5 52
1 90
1 42
10 71
4 14
1 39
4 91
4 76
10 47
6 61
1 35
1 14
8 34
5 27
5 88
6 98
4 58
1 36
5 19
4 44
8 33
4 93
5 74
1 85
1 35
3 30
2 28
3 32
5 90
4 58
5 33
9 7
2 29
2 21
7 33
7 62
10 63
9 49
2 7
7 20
4 79
6 12
9 32
10 46
5 79
3 78
3 71
9 81
6 2
4 1
2 15
5 76
2 12
3 1
3 90
9 85
2 19
1 50
6 38
8 54
4 77
1 27
10 3
7 94
1 34
2 62
4 78
10 36
10 96
2 49
10 70
10 28
8 3
3 68
1 75
9 62
8 32
4 58
2 44
7 75
9 64
8 83
5 22
9 84
6 100
5 96
9 84
7 4
10 27
10 83
3 86
4 88
3 9
9 26
9 84
6 1
2 55
3 69
1 22
5 29
10 30
4 54
10 68
5 59
4 3
2 15
7 4
9 21
8 95
8 7
4 52
2 22
9 78
7 86
10 75
4 39
8 32
7 16
5 81
3 3
1 64
9 98
9 33
5 6
6 85
4 42
6 8
2 39
10 98
4 22
4 1
8 70
1 57
9 85
9 44
4 2
5 53
9 50
6 76
1 9
7 29
7 6
3 51
6 76
3 72
4 79
6 11
2 58
2 17
8 89
6 60
7 78
2 42
4 11
7 11
6 50
10 30
10 20
9 82
5 100
9 57
3 20
9 90
5 99
4 24
4 53
5 91
5 9
5 87
2 12
10 11
2 95
5 85
9 31
1 69
1 73
2 47
7 66
4 37
2 97
4 38
1 69
3 55
6 93
3 72
9 17
5 35
3 55
8 52
10 64
2 71
3 14
6 96
6 27
3 18
3 40
1 16
6 27
8 92
9 59
6 26
7 83
5 33
6 2
2 25
1 82
7 17
8 46
1 31
4 67
4 27
7 55
3 21
2 9
3 55
10 59
2 79
8 93
9 90
8 55
9 34
8 85
4 42
7 91
5 16
7 96
1 72
10 36
8 4
5 3
2 56
4 29
10 65
8 19
9 29
8 28
10 1
5 74
7 75
5 63
8 20
3 17
9 6
9 45
5 51
7 84
9 87
1 96
3 79
5 54
1 7
7 79
5 17
4 20
7 32
10 95
1 61
2 83
1 85
4 100
3 2
2 44
2 11
10 70
5 93
5 54
10 20
5 89
8 19
7 31
5 77
10 27
10 21
9 72
4 77
2 27
6 39
8 88
7 77
10 94
8 3
3 81
5 31
2 91
9 69
4 76
8 13
10 71
5 90
8 52
9 85
4 35
2 87
6 71
6 28
10 11
9 45
3 42
9 45
9 27
4 92
5 59
8 17
8 87
8 10
2 33
10 38
7 44
1 47
1 82
4 13
10 83
8 12
6 62
10 26
7 50
6 89
8 11
3 32
10 87
6 24
10 10
5 87
7 46
8 94
1 76
10 88
2 60
5 42
9 83
10 61
5 60
2 15
4 12
8 67
1 7
6 57
10 76
8 17
2 37
8 71
5 25
3 100
1 27
5 49
10 28
10 99
9 32
3 10
3 46
1 6
7 43
8 99
7 89
4 72
1 37
1 96
7 94
1 83
2 80
3 28
8 98
5 48
6 84
9 62
4 86
1 9
7 10
1 48
4 53
10 32
1 9
6 13
10 74
10 22
9 31
9 59
10 80
9 7
9 23
7 15
7 40
9 39
1 78
1 70
3 11
5 16
4 3
3 36
6 90
10 48
10 12
3 79
10 83
2 77
7 40
4 22
5 63
3 20
10 65
4 43
6 43
3 37
4 9
4 23
6 61
10 27
2 43
7 86
6 2
10 38
8 97
9 73
4 59
10 34
4 60
1 2
5 30
4 26
2 53
6 76
8 3
7 92
2 36
8 10
8 45
5 53
1 36
5 78
8 36
10 31
6 60
1 79
6 79
9 8
5 17
1 5
10 13
8 26
1 86
3 13
2 49
5 95
2 94
1 80
5 31
10 88
1 75
2 95
1 42
5 55
8 74
5 97
8 10
2 18
3 7
2 73
6 41
3 55
4 92
8 67
10 72
6 40
2 62
10 88
6 76
5 30
5 65
3 80
6 99
7 44
9 5
9 73
4 54
8 63
10 80
1 67
4 54
1 36
6 73
8 48
3 37
7 18
9 28
8 95
2 95
9 7
1 46
9 86
5 43
8 44
3 95
7 81
9 9
4 44
2 67
8 86
4 39
7 43
2 87
4 64
8 26
4 48
10 100
1 82
8 32
7 97
4 85
2 67
7 2
7 11
3 2
2 13
6 36
6 69
10 88
7 77
2 85
5 27
10 60
5 90
7 34
7 40
9 5
5 55
1 100
5 30
1 89
9 60
8 4
7 51
4 22
2 8
2 67
1 23
2 58
1 15
9 52
10 86
9 53
4 52
8 23
10 69
4 71
6 32
2 30
2 45
6 21
10 55
8 1
1 41
9 94
9 68
7 75
2 99
8 48
1 90
4 80
8 83
1 70
3 34
1 74
7 49
6 36
3 61
10 26
7 13
2 72
6 57
9 82
8 58
3 97
3 17
8 74
4 21
2 52
8 67
7 25
7 77
9 89
7 63
10 11
5 34
4 36
5 26
10 2
3 64
7 94
7 69
9 46
5 42
5 10
7 38
6 90
5 69
2 94
2 67
9 95
9 41
6 26
8 19
10 85
3 8
7 17
7 47
5 83
4 84
1 81
1 58
7 14
4 51
10 8
3 7
7 58
5 2
1 81
5 85
7 22
4 71
3 11
7 57
5 82
9 41
6 51
3 86
10 88
2 13
10 19
1 65
9 93
5 16
2 3
5 59
9 22
6 45
6 96
10 81
9 61
6 41
1 25
7 83
4 100
1 43
9 36
4 35
3 95
8 52
8 74
4 32
10 55
9 78
7 88
2 90
8 23
2 42
5 19
1 30
1 3
6 26
6 29
2 60
6 36
8 25
4 96
4 10
4 41
7 93
9 35
3 92
4 89
8 13
5 12
10 88
5 40
10 10
1 82
5 96
6 29
10 68
3 55
8 44
5 83
5 34
6 57
10 87
6 14
5 45
1 90
3 7
2 88
5 19
9 77
2 44
9 77
3 17
9 84
9 47
3 53
7 43
2 70
6 84
2 19
7 44
3 24
8 77
8 94
1 100
6 45
4 82
9 33
9 40
9 51
9 61
8 20
4 42
8 37
3 89
10 30
4 51
10 13
9 25
9 46
2 6
3 58
5 100
2 32
9 24
3 24
2 80
4 31
5 4
5 36
7 100
8 14
3 98
7 51
2 11
6 85
2 65
2 35
10 25
6 71
9 42
8 19
9 34
9 90
10 52
2 81
2 80
10 20
3 92
4 100
8 75
9 86
3 96
8 82
1 81
3 41
3 17
4 96
4 85
5 30
4 19
10 62
3 33
8 31
4 26
5 5
6 70
7 90
8 44
9 89
10 52
7 78
3 39
8 10
8 28
2 31
3 45
9 97
3 99
10 60
4 27
1 10
6 99
8 68
2 68
10 93
6 6
8 35
3 49
2 75
2 47
3 99
5 37
9 55
4 19
4 54
8 80
1 55
10 41
6 16
1 58
5 66
5 63
10 11
3 54
4 78
6 39
10 85
4 12
9 28
10 99
4 57
3 85
10 80
9 82
4 83
7 87
3 28
2 68
5 11
8 44
7 50
6 94
2 34
4 66
4 24
2 17
3 74
9 2
6 17
8 41
10 4
4 58
9 39
1 64
10 58
3 40
5 20
2 26
10 72
3 50
3 83
3 20
3 84
1 98
2 82
9 31
5 36
4 37
10 63
4 31
4 28
1 5
10 72
7 22
8 6
8 53
10 37
7 84
9 16
6 21
6 55
2 82
2 58
1 9
7 20
2 9
5 10
10 68
2 71
1 46
1 29
10 71
10 50
2 25
3 13
6 13
7 63
7 51
9 86
4 85
3 38
10 30
10 59
2 33
1 43
8 6
2 40
10 31
4 14
7 75
10 35
5 72
5 100
1 79
2 97
7 51
3 64
8 62
1 96
9 32
10 61
10 70
9 88
8 22
3 56
4 62
8 67
4 95
9 48
7 49
7 11
7 28
7 76
2 46
8 52
2 68
5 88
1 51
4 32
10 60
9 69
7 87
6 24
10 53
3 84
3 81
4 22
3 55
9 32
1 81
7 83
8 57
10 78
9 43
3 40
9 72
