3 37
7 11
10 84
8 79
1 31
8 47
4 52
3 42
9 45
9 92
10 48
4 35
7 19
3 80
7 36
6 78
10 18
2 10
6 99
3 56
10 26
5 93
5 57
6 38
9 48
7 100
5 4
7 47
10 15
3 38
10 17
5 20
5 88
3 1
8 21
8 74
3 48
2 44
1 30
8 26
7 98
7 94
2 89
10 66
5 99
5 90
7 91
5 62
7 19
7 59
7 42
3 35
9 19
6 31
5 71
8 72
1 82
10 49
6 67
2 89
2 91
9 96
6 92
8 13
3 11
10 80
1 55
1 17
7 28
1 58
3 97
5 76
8 6
10 53
1 15
9 35
6 50
8 77
6 20
10 16
6 71
2 72
5 71
10 37
8 23
1 85
10 51
10 63
2 57
8 79
6 81
7 5
1 10
8 36
10 22
7 52
9 93
2 16
3 99
5 90
10 68
8 16
1 90
1 73
2 38
8 65
6 76
1 63
8 77
1 29
2 2
1 49
2 83
5 74
5 38
10 1
5 59
4 48
8 45
10 6
8 55
4 61
1 44
8 92
4 48
8 40
6 85
6 51
2 83
5 96
9 88
4 90
10 36
9 83
5 4
10 69
9 26
1 1
4 13
10 61
4 95
5 49
2 22
8 89
5 51
8 37
8 34
8 72
1 18
6 47
4 16
3 99
4 56
8 79
2 12
4 78
9 87
5 32
4 93
5 51
10 96
4 17
6 83
8 52
8 79
1 51
5 72
8 84
10 10
7 94
3 93
3 14
10 50
5 86
4 35
9 59
1 54
6 44
4 36
7 6
10 97
8 3
9 1
8 67
6 18
2 7
7 99
9 74
2 29
7 17
4 4
7 59
3 69
9 82
10 52
9 29
7 46
10 71
7 94
7 69
5 33
2 16
2 94
10 90
10 47
5 59
3 30
7 84
2 29
9 19
4 7
5 90
6 4
9 59
1 7
6 49
8 54
1 3
2 95
5 37
1 54
7 55
2 95
10 9
9 50
6 56
1 46
9 13
8 68
1 60
4 21
7 21
6 15
8 30
5 57
3 44
8 65
8 61
7 19
9 95
8 52
3 68
1 64
3 73
10 70
8 21
3 95
6 11
6 83
7 63
7 56
6 83
6 55
4 81
1 53
2 66
6 59
6 95
1 50
5 23
10 58
8 25
2 22
6 23
4 78
2 9
9 45
1 21
3 98
3 60
10 29
4 69
4 22
9 25
7 55
2 63
2 28
1 38
4 17
10 2
1 87
2 4
10 91
8 83
10 32
1 4
9 32
9 29
5 71
10 74
3 100
5 4
9 64
9 40
7 88
9 88
9 79
3 1
2 79
7 65
5 46
2 75
2 21
5 94
2 36
3 30
1 99
1 83
1 94
3 37
1 60
2 85
9 35
2 70
8 20
10 54
1 37
2 48
4 13
2 47
4 50
2 90
4 43
1 52
4 89
4 78
7 81
10 12
3 81
4 25
3 58
7 59
6 87
8 51
7 35
8 37
10 85
1 49
6 97
9 90
2 31
7 76
1 9
8 73
8 14
7 57
1 42
8 28
9 53
6 20
7 79
1 56
5 98
10 11
10 80
8 70
5 78
9 86
4 6
3 6
10 50
9 21
9 80
5 56
2 34
10 68
8 62
4 47
2 7
1 68
5 89
4 60
2 52
9 96
6 24
5 93
8 77
8 32
1 26
6 12
2 12
1 41
10 11
6 63
6 60
8 64
3 62
6 79
3 59
3 82
1 34
9 23
8 39
7 59
7 42
3 95
5 46
2 85
5 51
2 35
8 59
9 91
3 38
1 32
2 100
2 8
9 72
2 39
3 4
2 47
9 92
1 35
10 52
5 31
1 41
8 61
2 67
9 6
8 50
7 46
4 51
8 98
2 59
10 2
4 83
7 13
1 67
2 53
2 93
2 14
4 49
8 51
3 96
10 19
10 21
5 59
1 40
7 13
7 34
1 100
10 22
6 80
3 79
5 36
2 50
9 9
6 56
4 37
3 57
4 76
1 88
4 24
6 39
4 24
2 81
8 88
2 99
3 3
7 49
5 42
9 48
7 17
9 45
5 44
5 15
4 60
9 82
6 88
5 8
3 19
6 5
6 12
10 92
2 52
7 8
10 88
3 13
1 15
6 85
8 68
7 31
1 11
8 35
3 97
1 50
7 98
9 2
2 41
6 99
10 47
3 45
3 82
10 38
1 80
3 31
4 21
4 11
7 37
4 96
1 88
4 71
10 33
5 78
2 94
9 97
3 74
3 15
6 55
9 39
1 27
7 87
10 94
7 64
8 3
9 16
3 48
5 1
2 88
7 27
6 25
7 74
9 15
3 94
3 16
6 100
6 84
4 22
3 68
5 98
2 83
10 52
3 91
1 10
3 52
1 29
7 78
6 66
3 28
3 99
2 88
1 69
4 11
9 51
6 42
7 81
8 51
2 82
9 90
1 8
5 67
6 83
9 3
7 25
2 63
8 93
9 28
1 2
7 24
10 83
10 38
8 85
5 2
1 93
1 4
4 8
1 35
3 57
5 82
8 31
6 75
8 73
8 72
2 86
9 11
6 13
1 37
1 50
5 92
6 83
4 43
3 55
8 7
8 52
6 99
2 28
5 16
2 78
8 67
5 35
8 41
4 37
4 6
7 80
6 9
1 68
6 28
9 95
9 15
8 7
8 88
5 19
7 30
10 36
6 30
10 40
6 73
6 28
6 27
9 14
1 74
6 92
8 94
7 24
4 28
6 11
8 19
2 86
7 22
3 84
8 89
3 8
5 14
8 14
7 25
10 74
9 65
2 48
2 86
2 20
2 44
8 43
4 64
5 99
6 34
7 61
4 4
9 64
7 67
4 69
3 35
9 26
2 20
5 24
1 56
6 98
10 21
6 87
5 80
9 20
10 56
3 100
6 66
4 12
2 29
10 75
3 2
8 91
4 26
2 59
10 27
6 22
3 85
6 24
2 19
7 39
3 63
6 28
4 35
6 33
8 29
8 72
6 62
6 57
9 67
5 25
5 44
4 59
2 30
10 77
1 61
10 1
10 11
8 53
2 45
6 37
7 31
4 95
7 82
1 89
8 19
10 67
5 23
1 19
8 83
7 63
2 77
3 26
8 64
1 36
5 10
1 100
8 8
10 100
4 55
4 93
10 58
5 8
4 71
7 64
8 37
10 29
4 60
7 6
7 67
5 36
10 34
8 60
7 79
2 12
7 9
5 78
5 9
8 84
1 45
7 15
1 78
9 39
8 78
7 5
1 46
4 78
5 31
4 84
4 36
1 74
3 36
5 27
1 6
3 80
10 41
3 29
10 23
5 26
8 14
2 83
4 59
10 69
10 43
3 4
2 23
5 78
5 19
6 6
1 99
6 43
7 42
6 60
7 41
9 65
5 69
3 24
5 41
3 65
1 74
3 79
2 52
3 65
3 42
6 34
4 19
1 98
6 57
10 65
1 35
3 9
6 38
2 31
7 76
8 3
4 30
5 27
6 76
3 39
5 35
6 46
5 82
3 60
2 90
8 72
10 37
2 77
3 74
8 38
8 64
2 74
5 41
9 10
10 93
6 38
2 96
10 76
3 72
10 17
5 16
1 48
8 11
8 26
10 65
9 83
4 89
7 55
3 79
9 65
9 73
10 13
7 85
10 6
7 98
9 38
7 96
6 35
4 17
7 34
4 79
8 39
7 12
10 1
2 94
2 32
9 43
9 25
4 56
4 9
9 22
2 27
4 30
2 32
9 80
4 24
10 7
3 71
6 51
3 85
3 23
4 64
4 11
9 36
8 19
2 50
10 26
10 18
5 65
6 94
9 58
3 81
6 6
5 37
2 32
3 90
3 17
2 98
9 49
3 94
2 6
1 23
10 1
3 73
5 34
3 31
4 5
9 35
9 31
6 30
5 30
8 8
2 38
3 13
7 45
5 73
6 55
5 69
9 15
4 96
4 93
5 21
5 40
10 70
5 31
8 54
10 5
9 52
9 99
4 36
4 96
6 96
1 99
6 4
5 100
2 66
1 1
7 17
2 19
8 93
4 34
4 85
3 82
8 49
10 92
1 31
10 41
4 88
7 17
5 39
7 88
7 43
1 95
5 39
9 95
5 96
10 39
8 34
4 43
5 67
5 12
2 49
4 99
10 15
8 59
9 64
2 48
2 32
4 10
2 79
9 38
5 80
5 47
10 83
10 18
8 71
2 16
10 64
2 100
4 73
10 62
1 70
6 67
2 12
1 31
10 17
1 70
3 100
1 58
9 19
1 89
3 45
7 55
6 58
7 8
1 32
5 54
9 24
3 56
9 44
3 98
2 89
5 57
7 84
10 92
10 53
4 6
4 15
6 87
6 89
5 45
5 3
7 86
8 16
10 37
3 26
6 59
10 15
9 1
10 29
4 44
9 30
10 88
9 83
9 25
8 79
4 60
8 51
7 71
7 64
8 89
3 97
10 49
7 87
6 13
10 19
9 50
