8 95
1 63
4 69
6 86
7 63
6 90
1 43
3 11
7 91
8 53
1 68
1 44
8 5
4 41
7 96
4 94
4 69
2 95
7 46
3 41
4 26
4 84
2 28
7 76
6 17
5 80
4 48
8 80
10 23
1 85
4 31
8 15
4 83
1 30
9 50
6 38
3 87
9 42
10 91
10 9
7 2
3 100
10 30
10 11
7 65
10 58
2 77
8 44
10 95
7 17
1 86
9 77
3 86
7 68
1 93
9 96
6 22
10 70
2 25
4 90
9 6
3 18
3 18
10 18
3 56
2 98
4 1
8 9
10 55
4 75
9 13
5 38
10 32
10 69
2 61
10 56
6 72
6 69
7 33
3 21
9 45
6 47
4 23
1 43
9 94
5 90
4 88
9 30
10 78
7 100
6 79
6 51
2 85
4 77
2 2
2 40
5 44
2 3
5 29
3 70
2 27
2 73
6 12
8 49
10 94
8 97
6 14
1 5
4 2
10 47
8 73
5 20
7 51
3 74
1 11
2 64
7 98
4 96
10 40
2 71
2 49
6 88
8 18
10 54
10 55
4 76
9 35
2 24
10 63
7 60
6 75
5 86
5 38
8 83
10 29
4 59
3 23
3 83
5 96
10 99
2 72
6 95
6 48
2 85
7 56
8 74
9 56
7 31
2 81
2 42
5 78
2 86
3 73
5 28
1 80
9 80
1 17
3 96
1 91
6 19
5 54
5 14
3 35
6 9
2 37
2 78
5 80
1 16
10 93
7 13
7 25
1 40
2 38
10 7
1 72
8 62
9 61
10 42
4 90
4 33
10 23
10 49
9 98
4 68
3 99
2 16
9 99
3 21
6 55
5 4
7 92
3 61
6 41
3 13
3 53
6 86
3 16
3 49
7 60
7 15
2 77
8 84
7 30
7 32
1 96
6 39
9 14
9 17
5 46
1 95
8 38
9 41
10 22
5 69
3 43
8 37
6 42
5 49
8 55
4 8
8 20
5 37
10 62
9 73
1 48
3 76
4 84
9 78
10 66
10 49
3 2
4 9
7 50
5 7
2 26
1 43
3 49
7 17
1 5
6 14
9 74
5 73
9 8
1 21
8 68
6 70
8 6
8 68
2 96
5 59
4 70
2 54
4 77
3 38
4 30
10 84
2 34
9 96
10 44
8 97
9 40
9 10
1 6
7 42
5 10
4 55
5 95
10 28
8 93
1 62
9 90
8 15
7 6
8 67
3 80
10 74
5 45
1 11
4 22
3 18
9 66
8 85
9 65
1 50
3 22
9 33
4 52
4 2
6 28
10 85
6 6
7 94
9 85
5 51
7 63
6 73
9 13
7 44
3 73
8 12
5 50
5 85
5 73
8 73
10 74
10 2
1 69
6 39
3 39
7 28
9 96
7 30
10 7
6 48
10 51
3 45
5 46
8 75
8 99
7 38
1 97
4 42
2 30
8 69
6 66
7 45
5 70
5 3
5 76
4 41
6 18
9 46
8 26
7 28
3 33
4 67
8 17
10 33
9 55
9 62
10 55
8 18
1 76
2 89
1 76
3 36
1 98
3 19
7 73
4 55
7 45
1 25
7 54
5 32
10 20
4 44
8 87
4 32
7 26
2 67
3 23
1 43
8 68
7 59
5 33
4 96
9 7
7 71
3 32
1 57
5 12
6 59
2 52
5 49
7 1
7 91
5 45
6 56
2 47
2 15
4 21
5 79
3 31
9 66
1 98
3 74
10 87
1 89
4 35
3 55
6 68
3 30
5 26
1 98
5 35
10 31
3 60
5 12
10 22
5 98
10 86
2 82
1 50
1 20
7 88
10 21
4 100
4 76
2 85
1 45
1 73
5 62
4 40
5 80
6 35
8 14
4 99
8 1
8 36
3 76
1 27
8 19
4 8
9 60
2 60
2 53
6 40
2 85
6 23
7 77
6 3
10 63
9 48
7 15
1 33
2 39
8 76
5 5
6 20
6 79
1 53
2 98
9 61
2 76
8 2
6 45
2 9
5 9
2 6
5 69
5 50
6 23
5 78
8 95
1 17
6 100
8 90
10 57
7 23
10 78
9 62
10 55
7 34
3 43
2 58
9 57
4 6
10 60
5 55
10 78
9 46
10 36
7 45
8 4
6 38
2 44
7 41
1 39
9 61
8 74
10 30
6 37
5 46
6 28
6 21
4 44
6 56
4 59
1 35
10 85
7 63
10 18
1 60
2 1
8 34
8 62
5 99
10 16
2 13
2 64
10 22
1 31
2 2
1 57
9 12
5 47
4 78
7 75
2 79
10 5
4 34
6 30
1 97
7 62
8 40
10 39
4 8
10 6
7 37
10 65
6 32
6 74
9 9
6 80
7 33
1 28
3 56
7 83
4 96
5 19
7 62
2 95
2 32
3 85
1 99
9 59
2 87
3 15
8 14
2 84
3 8
5 77
7 61
2 25
3 68
9 99
3 31
6 9
2 43
9 93
4 63
2 85
3 37
6 100
1 73
9 44
7 7
9 99
6 72
9 63
7 88
4 11
2 72
6 25
1 47
6 28
8 10
4 9
10 25
10 83
2 69
5 80
10 57
7 88
6 1
2 6
7 82
10 13
6 32
10 46
5 17
8 7
3 79
2 92
6 93
10 98
1 42
7 48
1 28
2 32
3 9
10 73
3 80
6 91
1 7
4 53
9 13
8 43
1 91
10 89
2 63
8 91
10 85
2 79
1 22
10 65
3 47
5 33
2 76
6 16
3 86
7 85
1 62
10 7
2 84
8 17
1 29
2 85
3 93
2 42
5 84
1 8
1 56
5 82
1 28
4 28
4 5
9 99
8 90
9 27
9 85
5 12
1 73
5 4
6 27
7 4
10 74
2 18
3 67
10 92
5 69
1 52
8 22
5 23
2 16
3 55
4 99
2 93
8 84
9 77
1 74
6 11
1 28
2 10
6 68
3 38
8 12
5 30
7 19
8 69
6 99
8 100
6 21
4 61
7 50
8 70
2 2
6 40
1 62
3 4
6 36
2 5
10 3
7 52
7 92
4 12
9 97
10 4
9 64
5 20
1 43
9 89
3 100
1 14
8 24
9 96
4 62
7 88
10 99
3 80
1 40
7 85
6 76
3 41
4 79
9 77
1 99
10 41
10 27
4 47
7 38
3 38
4 15
4 29
5 51
1 44
6 3
6 11
6 89
8 14
7 74
5 53
7 82
1 2
6 12
2 28
6 48
5 10
5 34
2 37
4 45
10 79
8 14
10 67
2 96
8 71
5 78
2 32
2 88
2 20
3 70
9 84
4 45
5 85
6 4
6 3
4 36
7 50
4 80
7 13
5 5
8 24
7 54
8 77
6 76
9 15
10 45
10 64
9 7
6 98
9 32
1 85
1 83
6 63
10 22
10 40
4 56
7 73
5 15
3 81
3 12
6 4
5 50
9 16
4 64
5 52
10 90
7 56
9 4
7 51
10 79
6 77
10 33
7 94
7 24
1 24
8 26
2 85
9 56
6 35
10 73
2 29
5 3
4 63
1 93
9 71
8 35
5 92
7 12
8 92
5 65
6 65
3 76
7 48
10 52
9 2
10 27
3 45
4 22
10 39
10 84
4 58
5 11
5 21
4 80
9 46
9 35
8 73
8 84
1 28
8 29
10 93
4 16
3 42
7 83
5 96
7 23
9 28
7 70
5 55
3 51
10 28
5 57
2 95
2 79
5 45
3 99
3 23
2 33
8 41
4 47
3 54
8 27
2 25
5 41
10 70
5 51
7 78
9 76
5 93
8 13
5 55
9 63
5 26
9 66
6 87
10 29
3 64
2 72
9 93
1 63
8 92
2 98
4 24
8 7
8 65
1 22
1 58
8 100
6 55
4 46
7 75
6 58
3 58
1 86
3 73
7 85
6 99
9 2
10 38
5 30
3 23
4 78
2 67
4 63
3 69
7 27
7 49
10 81
4 42
10 49
5 75
3 53
5 43
2 56
6 21
8 94
10 72
9 73
7 21
1 83
7 10
10 80
10 25
3 95
5 26
1 93
7 85
8 34
9 38
6 4
8 16
6 98
3 28
2 42
9 68
9 8
4 30
2 4
8 19
4 63
2 34
7 85
3 42
4 85
2 50
1 46
5 70
7 35
3 3
8 87
9 56
1 23
1 94
10 17
1 80
1 69
7 68
1 99
4 54
10 72
7 35
8 22
3 25
10 84
3 64
5 71
9 9
2 99
7 18
3 53
7 90
1 70
1 82
6 97
4 22
6 11
9 19
8 24
10 77
7 41
2 76
5 9
3 91
8 17
6 74
9 85
6 55
8 49
5 24
3 41
5 8
10 77
8 60
6 100
9 36
5 3
6 54
3 58
3 11
8 20
4 49
3 26
8 50
6 50
6 88
7 85
4 81
5 74
3 70
9 85
3 23
10 1
9 7
1 71
5 59
3 9
10 56
1 82
2 83
1 2
8 16
7 94
4 78
3 23
2 18
2 65
10 35
4 80
7 83
