10 3
10 90
2 41
5 64
9 99
9 61
7 5
8 11
3 83
3 34
5 67
6 71
5 64
8 64
1 99
6 43
7 97
4 84
3 77
10 19
7 32
7 98
6 31
6 63
2 20
1 62
3 37
5 87
9 35
6 71
3 47
3 17
5 27
2 32
4 72
3 60
6 6
1 31
8 82
6 97
10 72
4 3
7 85
8 74
6 2
8 60
5 73
1 17
9 46
6 55
10 50
4 34
1 7
5 20
9 21
9 98
6 19
6 22
5 35
9 65
3 97
1 55
6 70
5 20
7 50
4 2
3 43
6 75
5 37
3 18
10 4
5 62
8 77
4 98
10 50
6 11
2 44
10 80
8 73
3 97
3 19
2 100
10 96
8 56
1 74
1 99
5 44
6 84
3 98
2 90
4 26
9 69
4 2
9 19
4 43
10 30
8 61
3 76
2 89
4 64
8 64
10 41
9 93
9 57
1 26
2 84
4 15
2 99
9 65
2 68
4 43
5 68
1 56
5 81
7 80
5 49
1 80
10 59
7 5
7 5
5 17
10 67
4 22
2 28
6 48
7 36
5 2
2 62
1 40
4 52
10 8
7 20
7 98
9 21
3 23
8 67
7 74
10 60
3 87
4 45
5 34
1 85
2 59
9 98
5 68
7 94
1 14
7 92
9 6
1 43
1 20
2 84
2 3
2 85
3 41
2 82
3 36
9 89
5 2
1 57
9 38
6 100
8 32
4 10
2 100
8 70
3 94
9 44
2 6
5 20
3 48
2 71
6 99
3 47
10 23
1 22
6 4
9 36
2 98
4 90
6 12
8 92
4 8
3 2
5 33
3 92
6 16
10 31
7 37
3 40
3 40
9 63
8 67
2 64
7 58
7 71
2 9
8 87
9 71
4 31
2 42
4 64
10 2
10 42
7 79
1 98
4 14
1 57
6 23
3 87
2 31
8 50
6 97
4 66
7 74
1 47
8 74
3 15
5 78
10 98
9 53
8 38
2 91
4 11
2 17
2 25
7 38
10 19
1 82
10 21
3 78
5 45
8 5
6 46
9 39
5 77
8 63
3 29
6 98
3 54
1 83
2 11
6 93
1 73
3 78
1 44
7 34
4 30
7 83
9 98
2 37
10 15
1 65
4 66
8 48
7 26
3 10
1 31
3 28
10 57
1 91
1 92
4 19
8 53
2 64
7 92
2 93
1 98
5 82
10 33
9 60
2 46
1 33
7 15
2 62
3 95
5 2
2 23
9 3
3 95
6 76
5 62
5 90
2 20
6 76
1 22
6 35
2 31
9 94
8 37
1 11
7 74
10 47
8 31
10 37
3 40
3 75
9 86
9 36
1 57
2 42
1 33
1 44
4 33
6 88
7 67
9 32
3 63
2 14
1 91
10 6
6 64
3 48
7 3
6 76
6 91
4 71
1 91
3 75
7 79
3 78
9 16
4 72
5 82
2 59
5 23
9 16
7 62
3 41
4 65
7 61
3 76
6 100
1 26
8 1
10 38
5 94
4 41
5 3
6 54
1 50
9 51
8 95
7 27
1 28
7 33
3 60
7 84
2 46
8 100
9 29
7 82
3 94
3 8
6 42
10 16
10 43
9 27
3 22
2 30
10 82
2 17
2 96
4 85
9 95
10 76
10 55
6 26
10 71
2 99
1 72
9 60
6 57
3 16
5 29
6 48
6 16
3 51
1 13
9 1
1 84
3 70
10 84
4 63
7 10
9 16
3 98
2 17
6 58
7 88
10 65
7 49
4 76
9 58
8 72
3 44
9 85
4 34
1 40
6 81
9 57
3 61
10 3
8 48
7 88
2 17
4 61
9 49
4 11
6 58
10 21
10 83
6 14
6 92
7 18
8 71
5 17
9 37
1 84
6 57
7 77
9 38
5 25
4 67
7 97
10 63
7 2
7 2
3 3
7 17
6 70
4 10
2 30
3 28
5 84
4 19
5 83
6 15
3 58
1 28
10 82
6 61
10 90
4 69
8 11
9 52
8 16
3 54
9 67
7 19
4 31
2 83
1 63
4 76
4 39
8 99
10 29
3 4
7 34
4 51
9 28
3 40
7 9
4 38
8 70
8 64
8 34
5 84
8 85
3 86
4 49
10 61
4 56
7 57
2 76
2 5
7 80
7 39
5 61
9 43
8 86
6 21
7 60
4 80
7 57
1 99
9 47
10 42
5 42
2 67
1 43
2 50
7 9
8 28
6 79
7 76
9 6
7 85
9 73
4 52
5 59
9 57
5 26
2 21
4 34
3 54
8 24
6 76
2 33
4 84
3 67
7 55
8 80
6 56
8 30
7 83
6 79
1 11
3 53
1 27
4 61
2 6
7 66
7 13
3 13
5 21
8 33
9 62
5 18
8 34
2 63
3 83
9 68
10 21
1 16
3 36
4 44
1 91
2 14
8 53
10 46
6 57
8 2
7 53
9 81
3 59
5 2
5 13
1 92
3 63
10 56
4 63
5 33
1 89
7 23
7 53
5 70
4 55
5 54
4 41
1 37
5 43
1 97
7 48
3 33
9 94
10 8
10 73
6 17
5 89
7 33
9 93
7 6
5 71
1 52
9 74
2 34
8 15
1 72
6 77
6 77
7 60
8 80
1 58
9 20
7 85
8 65
2 92
5 53
5 97
5 48
10 36
5 80
5 18
8 70
7 60
3 74
6 99
2 49
1 49
7 42
3 75
1 90
3 48
4 53
1 49
1 99
8 10
7 3
5 56
10 55
4 65
9 29
6 58
3 27
9 43
10 31
10 74
2 85
7 46
6 93
5 3
1 68
9 49
7 87
6 41
8 88
8 59
7 38
3 60
8 44
2 20
7 54
2 82
9 61
2 61
2 52
4 24
5 27
10 60
4 88
6 49
10 52
7 79
10 97
5 48
3 31
9 63
6 49
4 55
9 78
8 87
3 40
6 86
6 81
6 4
9 65
10 24
3 68
8 12
7 38
10 7
1 33
6 69
10 11
8 34
8 37
8 93
2 91
1 11
3 77
5 49
7 56
5 35
5 55
10 7
9 57
2 86
7 92
1 78
8 83
8 46
7 85
3 18
9 91
8 26
2 64
7 90
3 55
1 37
3 73
7 32
7 82
3 90
9 60
3 29
9 62
3 18
9 35
9 35
10 2
5 84
7 13
1 36
9 39
8 29
5 75
7 26
8 89
4 54
1 11
8 35
1 73
8 60
2 26
5 8
6 37
5 75
10 5
10 55
2 57
2 33
1 28
9 46
2 45
3 62
8 76
5 88
10 46
7 7
8 34
6 68
6 76
3 88
7 15
2 23
2 91
6 93
9 45
10 4
2 4
8 98
5 80
9 35
9 66
4 76
3 60
4 36
5 67
10 56
7 71
4 91
6 62
1 11
9 93
8 43
6 36
10 70
4 81
4 85
9 37
4 49
7 47
1 52
8 98
3 70
5 14
8 79
6 46
7 56
9 9
4 20
3 58
5 78
5 7
1 81
8 47
3 99
6 64
8 59
8 80
1 18
3 75
9 1
3 63
2 57
7 91
10 67
5 26
9 11
6 68
10 48
6 16
7 11
6 38
4 6
6 55
6 84
4 58
4 27
9 60
1 61
1 50
1 99
3 17
7 83
10 75
10 26
6 87
3 92
7 49
9 81
4 22
8 28
3 80
9 98
4 3
4 32
9 71
8 81
10 97
6 48
9 69
7 15
5 98
4 54
9 70
6 23
4 84
5 87
6 33
9 1
5 2
7 18
9 12
9 9
1 18
3 97
8 40
2 46
6 51
6 73
9 68
5 81
1 18
3 95
10 39
6 61
2 63
5 47
10 49
1 54
9 98
1 94
3 24
2 36
5 68
7 45
9 44
3 79
1 5
10 70
1 40
2 42
3 8
3 11
10 97
8 53
1 76
2 44
7 32
9 4
7 75
2 23
10 61
1 80
5 87
10 31
5 16
5 55
2 39
9 11
6 44
6 82
2 16
2 93
6 68
10 28
2 89
4 6
10 80
3 17
9 49
4 34
2 98
5 89
3 50
9 42
6 7
6 64
5 21
7 71
6 53
5 53
9 38
2 49
6 88
5 26
2 55
8 67
10 10
8 51
5 46
4 95
3 5
9 52
5 9
7 45
1 74
2 2
4 66
9 50
8 13
4 82
2 17
2 38
1 49
7 3
4 67
7 8
3 78
8 14
7 26
9 35
1 63
8 81
2 77
8 72
4 96
7 90
2 31
5 72
9 50
7 87
4 37
4 57
1 63
7 1
10 49
7 49
10 97
6 43
2 71
1 64
7 68
4 85
7 28
6 64
6 82
1 31
4 60
1 64
4 44
4 22
6 18
9 99
6 15
3 31
1 76
8 68
3 77
6 36
2 54
7 45
6 40
9 5
5 63
9 58
8 95
2 44
6 37
8 5
1 58
7 54
2 40
9 14
1 28
5 11
2 3
10 21
3 8
7 98
6 48
2 28
1 82
10 56
8 82
9 40
7 97
4 24
