5 97
7 79
8 75
5 38
3 86
10 62
8 59
2 48
9 8
2 55
10 16
2 4
9 76
6 17
8 98
7 18
7 60
7 39
3 75
2 1
7 42
10 92
9 95
3 29
3 26
9 58
9 94
3 83
4 13
7 20
8 27
7 37
5 26
9 85
6 80
1 20
2 66
4 72
1 86
7 87
7 33
9 96
7 48
2 67
6 96
1 11
7 68
7 79
7 75
2 16
5 15
9 87
4 58
6 38
9 19
9 58
5 37
8 65
9 69
6 77
6 77
3 94
2 98
1 12
8 30
2 44
4 87
4 61
10 33
7 39
5 59
7 78
5 70
8 65
5 33
7 93
5 36
1 69
3 24
4 79
6 49
10 50
4 76
7 72
10 21
1 66
8 12
7 74
5 31
2 92
8 84
6 59
1 41
3 36
9 47
9 29
8 27
1 76
9 47
2 41
5 40
2 78
9 57
8 31
4 50
7 7
8 35
4 10
1 4
7 79
1 94
6 21
8 59
2 20
4 43
1 15
7 44
9 73
10 75
7 100
10 25
1 33
10 18
7 70
7 61
4 95
9 25
8 57
1 86
5 56
2 9
8 48
3 83
3 47
9 1
4 94
7 85
2 86
8 68
7 17
10 28
1 87
1 69
10 79
8 77
4 50
7 96
3 84
4 42
4 66
8 80
8 17
6 51
6 14
8 69
5 61
9 16
6 15
4 17
2 55
10 90
7 81
9 89
10 61
9 89
2 15
5 86
9 36
3 21
8 97
2 66
2 51
5 87
3 7
5 58
4 26
10 98
4 18
10 22
10 49
3 100
2 63
9 46
5 32
5 4
1 35
6 38
8 82
8 35
5 75
8 67
3 36
5 69
10 19
6 62
1 20
1 99
4 1
7 81
4 97
6 4
3 48
8 1
10 95
9 17
7 95
2 88
2 29
6 19
1 10
5 34
6 96
4 25
10 53
1 6
10 58
9 92
2 33
2 12
9 26
7 81
10 92
4 22
5 80
6 23
4 97
9 12
2 23
9 60
5 59
8 86
1 100
6 62
7 5
6 98
3 74
9 75
3 37
6 44
1 42
10 91
5 22
3 4
1 45
5 86
2 75
3 56
4 63
10 45
7 8
4 56
4 4
7 39
3 93
1 91
1 75
10 6
10 20
2 97
6 28
2 49
7 50
8 52
10 31
8 60
6 30
6 5
7 92
3 17
4 94
7 86
9 34
1 75
4 43
4 3
8 94
7 55
2 62
4 47
4 63
7 89
10 99
7 77
1 61
6 77
1 44
9 57
3 8
9 4
3 100
6 19
3 15
6 30
3 97
9 12
2 7
8 34
5 11
5 45
10 32
5 31
8 69
5 65
4 4
9 15
6 9
3 16
5 5
10 52
3 82
5 59
8 1
8 36
8 87
5 48
9 24
5 67
7 86
4 13
1 27
5 49
2 32
5 18
7 74
7 50
3 37
10 33
5 54
8 84
10 90
3 59
10 47
9 92
2 20
10 74
6 25
8 70
7 84
7 50
6 26
10 76
7 14
2 74
2 77
9 84
5 4
2 89
3 43
7 67
2 46
9 99
10 61
4 82
3 56
7 71
8 38
1 90
3 45
5 73
3 96
6 33
1 97
6 87
6 16
1 29
4 12
5 81
9 57
7 13
6 23
5 26
3 58
4 23
8 67
1 14
10 88
2 27
2 53
7 72
3 59
8 72
2 6
10 14
5 58
8 71
5 18
2 50
10 98
2 61
9 11
6 45
4 37
8 85
7 52
1 28
6 12
9 93
3 48
8 5
2 91
7 92
3 86
4 20
2 41
9 87
6 72
10 95
10 34
8 29
7 95
1 16
5 35
9 4
9 26
9 75
7 22
6 20
6 88
4 11
10 4
7 48
1 48
5 12
2 52
7 34
4 40
10 95
4 95
8 61
10 97
5 71
7 100
2 94
4 79
6 15
2 50
2 6
2 39
1 95
1 83
9 19
2 45
2 25
3 33
5 56
1 96
2 58
7 80
10 4
1 2
4 13
4 61
4 79
8 31
2 68
6 30
7 14
10 89
1 19
9 36
2 69
6 55
2 26
6 59
10 40
4 83
10 32
5 11
2 36
4 53
10 23
5 62
1 33
7 32
9 21
10 30
9 8
8 30
10 82
6 1
8 43
2 66
4 84
10 56
8 81
4 42
9 13
2 90
6 97
3 46
6 5
7 48
5 36
10 37
6 3
2 13
3 73
3 81
7 46
6 17
8 78
8 81
10 70
2 91
9 74
8 20
1 30
9 65
8 75
8 92
3 20
8 28
7 83
5 62
3 82
3 74
3 87
3 74
1 65
4 5
3 84
3 48
3 69
8 87
6 91
10 72
5 66
3 82
6 71
3 99
3 47
7 22
6 68
4 29
3 50
2 40
9 99
8 92
8 4
8 79
2 69
6 71
9 12
6 82
1 77
8 78
7 13
7 11
4 13
7 58
5 90
3 87
6 55
5 79
3 31
6 48
9 10
1 23
7 54
3 41
6 19
10 70
7 32
3 26
9 86
4 17
1 20
3 99
7 44
5 5
4 88
1 95
4 68
5 79
1 49
4 55
2 52
1 95
2 73
6 42
2 42
3 43
6 4
9 35
9 90
5 98
2 6
9 44
2 16
10 99
5 44
6 67
5 92
3 97
10 88
1 53
7 67
3 35
3 11
2 60
7 80
5 35
7 6
5 27
10 46
2 48
4 64
6 50
10 6
1 85
10 8
10 84
6 75
1 88
8 84
4 58
8 4
9 38
4 86
8 39
3 46
7 48
3 80
5 28
9 52
10 37
7 13
10 54
2 87
3 16
9 8
10 61
3 76
6 61
1 10
10 28
5 67
1 1
6 40
7 100
1 52
4 27
5 3
7 80
3 84
5 27
8 82
8 32
8 86
8 47
8 60
5 32
9 23
7 5
7 49
8 11
5 7
7 98
5 15
4 58
3 4
1 83
7 11
2 79
10 20
4 48
5 35
6 89
1 5
5 38
3 26
5 24
4 49
8 78
4 41
1 31
5 92
10 81
2 9
3 100
7 7
8 60
4 12
2 27
4 100
9 51
7 88
7 45
9 34
10 35
10 20
3 16
2 52
3 46
1 47
4 21
10 55
6 39
1 81
1 8
4 89
6 68
9 62
8 31
1 14
9 14
5 12
7 61
7 11
10 53
7 87
1 19
3 40
5 34
2 10
10 46
4 9
6 90
5 96
4 85
9 65
5 81
2 90
3 57
1 27
2 18
5 45
9 85
5 42
3 19
7 38
10 45
10 66
7 71
3 83
5 93
3 27
6 82
2 77
4 69
8 35
7 61
5 49
3 68
9 88
5 76
10 89
5 59
8 73
3 33
8 6
7 76
5 24
5 72
1 49
6 65
5 98
7 90
10 76
9 12
4 100
6 84
9 40
7 98
7 22
2 63
4 14
6 78
8 15
9 7
5 31
5 84
2 50
7 6
2 69
6 76
2 29
4 55
8 22
7 38
9 37
10 97
10 66
3 10
4 98
10 95
2 94
10 59
6 65
7 23
8 9
10 89
1 54
9 29
5 71
8 13
4 6
5 27
8 94
4 45
5 91
8 72
5 75
10 74
2 60
10 31
10 43
3 7
10 24
3 67
9 60
4 53
5 100
4 13
5 99
10 54
10 56
10 87
9 81
10 100
3 100
10 97
1 24
5 73
6 56
3 95
2 88
4 26
3 85
6 52
9 56
10 6
9 59
8 54
10 56
6 78
7 27
3 17
7 75
6 60
6 32
10 59
1 40
10 2
2 79
8 58
10 58
2 97
3 25
8 15
5 9
6 96
3 70
10 27
8 36
8 60
3 93
10 74
10 63
10 26
10 92
1 45
8 16
7 99
1 26
1 25
10 72
5 49
4 57
8 75
8 100
8 36
3 43
9 28
6 2
10 85
6 54
10 32
3 99
10 43
6 50
4 96
1 95
8 22
3 67
5 90
7 38
7 41
2 94
7 37
1 68
8 5
4 58
1 91
7 29
5 13
2 33
5 13
6 72
8 58
7 78
5 95
7 47
6 51
3 22
7 13
9 9
4 55
8 13
9 15
2 21
6 79
9 43
8 50
9 27
3 10
1 5
7 13
2 50
1 49
9 62
8 65
10 98
6 87
7 85
6 86
8 12
2 43
4 43
6 77
10 51
5 14
10 95
1 78
4 71
8 84
5 16
4 71
10 46
4 20
1 79
8 65
7 13
8 10
10 55
4 100
5 4
5 50
7 58
2 30
3 91
6 31
5 54
8 45
7 29
2 71
5 95
4 29
1 21
2 95
4 97
8 49
4 15
10 33
7 92
6 15
7 5
3 71
6 70
8 50
5 24
3 67
5 16
10 65
4 66
4 39
3 19
4 99
9 27
10 88
9 98
9 82
7 98
1 28
7 34
8 82
2 71
3 25
6 32
5 33
9 87
5 62
9 27
7 34
2 57
9 42
8 16
4 76
9 65
4 70
