8 93
4 2
4 41
6 86
3 35
3 97
10 15
4 3
1 62
6 21
7 5
4 57
10 38
2 86
9 29
10 45
8 93
10 98
7 73
3 70
10 42
5 41
3 21
7 11
2 93
8 92
5 59
8 30
5 100
8 52
8 89
9 5
6 93
8 57
6 79
9 40
3 74
3 17
4 92
5 51
1 67
5 60
10 31
2 62
4 45
5 16
3 92
8 53
1 62
10 8
1 70
3 60
1 65
7 2
2 79
3 1
8 25
6 78
7 29
8 70
3 14
4 98
3 81
4 18
4 88
2 26
3 19
7 53
7 98
6 43
7 27
3 26
6 17
8 25
4 16
4 86
7 99
7 26
4 56
6 40
1 68
6 34
8 45
5 12
4 24
10 63
9 3
7 25
5 24
1 93
2 84
5 9
4 32
10 92
10 2
10 42
9 36
4 90
7 69
9 96
1 32
7 72
2 28
10 39
3 82
10 10
9 74
4 28
3 85
8 65
9 86
2 49
10 60
4 86
3 33
9 23
3 23
2 33
8 60
1 48
5 14
1 92
6 25
6 75
5 45
1 76
1 65
1 4
3 22
4 32
4 44
5 54
7 55
2 31
3 22
3 16
7 58
4 56
7 73
1 61
3 54
5 77
8 54
2 89
5 65
1 73
10 15
3 84
8 77
7 24
3 67
4 2
9 1
4 100
6 59
3 47
8 82
10 31
2 45
3 65
3 21
5 82
7 57
9 95
2 89
3 66
4 62
6 2
6 90
3 98
5 79
7 80
7 39
6 1
1 7
3 39
3 17
10 62
5 43
5 36
4 91
5 39
6 100
8 50
9 11
2 57
4 51
4 85
5 3
3 32
8 67
1 9
6 55
7 57
10 28
4 23
7 54
8 81
2 27
1 64
4 54
9 93
3 78
2 62
5 63
4 85
3 42
7 100
5 65
9 19
4 16
8 51
6 88
10 87
2 2
2 53
7 25
2 66
6 69
1 27
8 39
1 21
1 75
9 4
5 88
8 52
9 96
6 25
5 76
1 65
9 10
5 96
9 50
4 92
9 58
4 87
4 20
8 63
6 98
4 72
10 32
2 49
9 91
5 60
3 53
4 96
9 78
4 6
6 98
8 56
5 96
2 31
10 59
5 79
3 92
3 85
2 57
7 88
3 45
5 5
10 65
9 2
5 87
10 71
8 69
4 44
8 8
7 70
8 67
7 93
10 56
10 66
2 87
4 23
8 87
10 24
7 50
4 85
7 24
10 90
8 47
10 54
9 9
2 97
9 39
1 45
2 7
6 80
4 90
4 85
2 5
7 52
1 61
4 64
10 85
4 32
6 8
5 93
4 68
4 72
7 35
5 11
4 56
2 71
10 42
1 74
8 54
3 70
3 26
10 19
1 91
2 69
5 55
9 77
5 68
5 2
5 50
4 96
4 80
6 23
10 15
5 78
10 98
6 46
4 73
8 6
8 77
7 76
9 6
7 3
3 97
6 45
3 86
4 95
3 69
4 35
6 36
5 9
9 9
3 96
8 10
4 9
4 48
10 70
5 96
4 29
2 60
5 86
4 57
9 87
4 82
1 100
9 39
8 76
3 100
3 55
2 57
4 32
10 67
5 54
5 96
9 85
7 68
4 64
4 1
10 38
9 96
4 57
9 62
8 82
7 91
10 31
8 98
3 24
4 66
1 14
2 47
8 17
7 18
3 5
2 76
6 28
8 86
9 87
2 6
7 99
5 85
6 18
3 29
6 16
6 22
1 100
1 54
3 95
10 45
6 9
5 63
1 95
9 57
7 46
3 88
7 23
1 14
4 70
4 13
9 28
1 6
9 68
3 43
6 26
10 98
9 50
8 2
9 28
10 35
4 81
6 42
5 2
3 51
7 60
8 60
6 36
4 23
9 31
5 31
3 43
5 3
3 18
2 25
1 28
8 71
8 85
10 37
6 92
7 39
7 95
3 28
8 72
3 88
4 89
10 18
3 4
9 59
10 29
6 92
3 2
10 98
3 98
1 73
6 49
5 30
1 56
2 30
6 72
5 21
3 70
1 28
8 3
4 43
3 37
5 10
1 74
2 19
3 67
10 45
1 86
1 9
2 95
10 46
1 45
1 79
8 65
3 80
7 58
6 73
5 52
10 61
2 4
1 75
8 37
7 7
2 66
5 7
6 19
6 40
8 30
3 25
4 75
7 4
2 51
6 21
4 6
2 7
3 64
4 97
7 84
3 74
6 13
9 5
3 69
4 44
8 42
2 64
8 84
5 39
9 33
1 82
9 89
5 54
4 87
9 9
1 12
9 37
7 71
1 94
2 89
2 86
7 43
4 19
10 11
4 24
9 8
3 96
7 31
2 52
1 79
1 4
3 28
10 30
3 16
8 46
8 50
5 86
4 1
10 50
6 85
10 33
8 17
5 76
8 40
5 51
6 74
2 41
7 68
7 35
6 64
10 22
1 97
6 100
1 82
6 26
5 81
6 36
9 46
8 37
2 94
1 85
2 83
4 68
7 74
9 5
9 88
10 65
6 5
8 84
6 31
1 50
8 16
4 2
7 45
10 31
8 55
8 19
10 42
5 82
2 55
3 73
9 91
8 96
5 76
6 49
1 29
3 67
9 66
7 3
10 9
6 39
3 55
7 73
8 99
7 19
5 94
2 77
8 69
5 46
10 72
2 40
9 35
8 84
7 10
5 39
6 37
4 8
9 83
4 55
2 14
2 90
8 25
1 62
10 42
3 16
1 1
4 6
3 65
8 30
6 18
2 58
5 40
6 59
2 31
5 28
7 84
4 31
5 65
3 68
7 70
8 65
6 84
5 89
1 11
1 19
4 67
5 20
8 23
3 71
5 79
7 90
6 28
7 74
9 62
7 82
10 45
10 93
9 81
2 14
8 21
3 58
1 88
2 97
8 27
3 57
1 22
8 64
3 13
1 16
7 59
5 26
4 60
10 9
2 92
8 49
2 43
6 100
8 91
1 1
3 53
7 56
1 9
10 73
8 89
4 49
7 13
10 7
9 45
1 52
1 16
3 42
5 78
4 4
6 97
7 67
1 64
9 8
3 23
7 83
5 92
10 4
10 80
2 56
7 62
7 42
8 50
6 5
4 89
5 75
10 13
7 13
8 99
1 14
5 90
9 52
5 20
3 57
1 99
4 51
1 26
2 32
6 17
1 18
1 60
9 83
7 24
7 93
9 12
5 13
8 20
9 61
7 2
1 48
10 23
2 78
8 61
10 46
9 19
4 25
5 35
5 39
3 54
9 32
5 51
9 5
5 25
1 18
3 99
8 98
9 63
5 18
4 43
7 54
8 89
4 53
3 98
3 4
1 14
4 70
8 86
6 87
1 74
3 67
1 54
7 43
7 88
4 23
9 85
2 7
6 82
9 72
7 65
4 33
3 9
4 60
6 23
4 27
2 15
4 76
4 63
8 86
7 54
6 85
4 41
8 94
1 72
9 72
3 45
4 7
10 39
1 88
4 100
10 56
6 51
5 53
1 54
2 99
7 73
6 76
3 21
9 41
3 68
7 98
5 92
8 29
7 99
2 6
7 35
6 18
4 16
7 10
8 91
10 87
10 64
7 16
10 16
10 28
3 5
8 91
2 32
2 3
2 78
5 80
1 15
6 53
2 67
4 67
9 14
4 73
8 96
10 9
6 82
9 5
6 92
7 77
4 92
2 34
7 20
1 45
10 4
1 14
1 23
7 67
4 24
9 69
8 68
8 71
8 83
3 91
10 89
1 77
3 40
8 45
1 56
8 81
8 22
9 53
2 58
10 12
2 20
8 92
7 73
8 17
4 8
4 31
6 52
5 19
9 25
1 13
7 75
5 39
6 34
5 93
5 13
9 16
10 21
5 5
5 99
3 93
10 79
9 31
3 28
10 7
2 89
6 97
2 49
6 5
3 58
10 86
1 43
7 32
10 1
8 93
3 18
2 53
9 82
10 35
9 45
2 88
8 30
1 65
6 1
4 1
3 36
4 32
4 45
6 49
8 8
3 43
7 13
5 51
1 16
5 49
4 9
8 100
10 30
6 70
3 92
2 16
8 63
4 100
5 15
4 1
4 28
4 24
1 40
3 81
1 29
10 64
3 50
4 94
2 79
2 15
2 69
5 46
3 51
7 46
2 84
4 5
7 6
1 46
2 81
10 100
9 85
9 41
3 76
1 49
4 72
2 29
4 14
8 47
9 80
3 57
2 89
3 73
2 3
10 60
5 70
5 80
1 48
4 78
4 53
7 14
7 53
6 31
5 88
6 47
10 39
6 13
2 70
2 64
7 10
10 36
2 32
6 89
6 51
3 35
1 39
7 78
9 35
6 45
3 26
4 82
8 70
5 51
6 54
6 8
5 87
2 30
4 82
2 35
2 84
10 27
7 58
9 83
4 100
6 68
8 34
2 88
9 79
9 82
5 66
9 88
8 34
10 94
4 77
10 1
8 29
3 30
8 12
1 6
2 50
3 71
2 73
