10 90
10 50
4 70
7 60
5 62
6 41
7 36
1 8
10 89
2 78
2 82
3 2
1 81
8 96
2 68
4 21
7 50
1 21
1 82
8 33
10 57
3 15
6 18
7 9
6 28
10 11
5 24
2 62
4 18
5 55
6 15
7 3
6 41
4 73
8 63
1 57
5 95
3 84
4 46
2 70
9 40
8 72
9 37
4 52
9 52
1 6
1 6
5 37
8 27
3 74
9 62
8 29
4 98
1 27
9 9
5 89
3 4
5 87
8 62
5 56
8 16
6 57
1 6
8 53
8 39
5 73
6 58
3 37
2 20
7 4
3 39
6 96
1 2
5 58
2 50
6 41
1 42
2 77
6 94
2 32
9 15
10 13
1 87
10 89
8 3
10 71
1 43
10 15
3 37
9 84
7 62
7 8
3 2
10 45
1 83
4 37
6 5
9 50
8 58
3 72
9 77
8 60
5 85
10 51
8 68
7 69
3 89
4 84
2 59
2 40
6 64
7 45
10 47
7 88
9 86
3 15
2 63
5 96
2 42
10 16
8 48
5 21
10 31
7 70
5 79
5 69
4 17
8 40
2 47
10 35
4 23
3 45
7 61
2 61
10 85
6 90
3 94
6 88
2 53
6 18
1 1
1 49
3 63
7 37
10 22
8 71
7 50
10 15
6 84
10 9
9 30
5 24
4 28
2 26
4 94
9 56
9 4
6 21
1 57
4 77
3 24
9 65
8 51
4 73
2 41
9 23
6 30
6 75
5 3
6 44
3 55
7 7
6 94
2 6
7 43
4 52
1 5
10 47
5 76
5 39
10 15
9 67
1 40
1 78
10 99
10 69
5 47
7 100
1 37
9 18
5 94
6 41
3 9
3 95
7 32
6 56
7 81
9 93
9 41
7 15
2 92
2 45
5 54
8 30
5 66
2 95
6 10
4 45
9 64
2 80
10 80
7 17
5 19
3 30
5 68
5 99
4 5
7 4
8 25
2 54
1 69
10 88
7 50
8 16
4 18
5 94
7 2
3 21
3 76
9 32
7 61
3 21
3 40
6 82
2 63
9 76
8 14
2 45
2 30
1 33
2 90
6 22
10 58
9 25
6 22
6 17
1 9
7 59
6 16
1 83
4 1
4 39
7 53
6 26
7 58
8 41
10 90
3 42
6 94
7 5
3 47
7 4
9 71
6 54
5 4
4 96
10 22
5 4
9 6
9 60
2 11
9 28
10 100
1 44
5 25
4 64
2 56
10 93
5 44
3 85
9 30
10 76
10 22
9 11
9 93
2 17
3 81
3 1
3 62
10 46
7 92
2 11
9 58
7 44
7 51
10 17
2 100
5 62
4 14
7 51
6 66
8 35
4 86
7 21
2 46
2 42
6 5
10 82
1 95
5 1
7 85
6 58
9 7
4 8
8 21
5 78
6 12
10 61
9 69
3 71
4 9
10 11
5 60
10 76
2 80
8 69
9 17
1 27
6 67
1 62
6 16
4 89
2 5
7 99
10 7
5 97
4 39
8 82
1 40
5 86
4 61
8 70
5 3
3 85
4 60
4 2
4 46
6 95
10 15
4 13
1 98
6 21
1 44
6 29
6 33
10 100
5 42
3 70
3 72
6 24
9 30
4 65
6 51
9 34
5 27
10 100
1 70
9 79
4 28
9 21
8 3
3 41
5 90
5 24
7 47
2 28
10 37
6 44
6 84
4 66
9 21
10 46
9 58
6 92
8 91
8 83
4 16
5 34
5 59
8 100
2 56
5 28
1 37
4 18
2 100
10 41
1 45
6 37
5 22
4 88
8 49
6 90
3 49
2 51
1 67
10 63
8 80
5 44
3 1
8 51
10 68
4 9
10 63
7 64
8 6
6 31
10 53
8 6
3 96
8 91
1 12
3 35
2 27
6 14
5 99
7 39
6 87
8 38
3 3
9 59
4 59
10 92
9 85
4 43
5 80
8 39
2 56
3 42
6 47
2 100
8 1
9 6
4 82
8 69
1 97
10 78
3 41
10 80
9 11
10 53
6 18
3 7
8 61
8 98
3 35
10 50
3 41
10 100
9 63
10 46
5 13
1 81
8 27
7 50
7 40
2 53
2 81
2 50
4 69
2 93
3 68
8 30
1 53
9 58
1 37
4 25
10 59
1 5
1 25
2 91
9 21
2 98
6 73
3 21
2 81
8 34
2 72
7 2
7 34
3 47
7 65
8 85
1 66
6 48
5 20
5 91
4 68
1 39
6 15
4 4
9 21
8 69
10 82
4 26
2 44
6 30
7 54
9 27
9 15
8 16
10 35
9 2
10 34
5 26
9 7
1 18
7 61
8 15
5 31
9 32
7 63
6 29
4 85
1 67
9 87
2 28
8 70
6 71
3 71
10 94
3 75
6 24
5 68
9 30
3 30
2 73
9 47
4 88
2 8
1 68
2 48
8 16
9 14
3 54
2 71
5 100
7 13
1 85
4 20
9 88
6 76
2 84
1 28
10 77
1 90
10 31
4 63
6 12
9 26
7 41
5 61
9 82
3 17
9 27
3 44
8 36
4 56
4 59
3 38
2 29
5 44
6 3
8 8
5 9
8 39
4 10
10 67
2 34
9 82
8 72
1 23
8 58
5 74
8 71
6 48
9 45
6 69
6 62
6 87
8 17
6 48
6 14
10 84
8 90
1 16
1 56
3 19
1 86
3 27
1 92
10 96
8 80
6 98
10 97
3 52
1 98
9 50
4 88
6 19
4 80
5 24
9 24
2 70
3 56
8 98
10 69
2 80
1 6
3 86
4 99
9 51
10 23
10 80
9 21
8 93
6 51
5 41
8 60
9 61
9 49
2 56
1 31
6 38
6 55
1 81
4 66
5 56
8 40
9 46
5 61
6 55
10 36
1 24
4 32
3 96
9 99
2 72
8 29
7 96
10 83
2 48
8 75
2 18
7 93
9 13
5 47
3 59
3 73
3 36
6 47
5 71
9 28
2 91
8 29
4 43
3 23
6 74
4 41
1 71
7 11
2 36
1 64
3 10
10 47
3 53
5 14
8 30
10 39
5 7
10 8
8 35
2 53
1 27
5 62
6 45
5 36
5 83
4 60
10 68
9 87
2 60
4 88
8 25
2 52
7 19
8 37
4 72
3 51
2 44
6 59
1 81
10 38
8 63
5 10
5 69
10 88
4 52
9 6
4 68
3 35
7 24
9 50
3 2
8 72
8 65
10 71
7 20
10 59
2 8
2 79
8 1
8 46
10 50
2 100
8 23
10 33
1 32
1 80
10 53
2 48
5 61
7 80
9 68
7 41
8 81
4 39
10 16
9 49
2 9
10 29
9 5
8 40
5 51
5 82
2 88
8 87
2 56
7 79
5 14
4 96
2 58
3 21
5 17
8 49
9 33
6 14
3 8
9 74
3 56
4 26
8 37
4 70
1 34
3 51
3 50
7 38
10 91
7 38
2 6
7 87
9 63
10 83
9 42
9 42
6 91
10 89
5 54
10 95
2 36
5 61
8 100
9 88
10 25
8 94
9 45
10 29
7 70
6 4
2 52
7 100
9 29
4 86
10 5
9 96
1 62
8 21
5 19
6 63
4 12
8 36
3 83
8 37
10 71
4 100
7 43
4 72
2 29
2 79
5 72
3 32
7 99
1 78
1 73
4 94
10 14
7 25
5 97
10 30
10 85
6 99
1 41
6 46
3 67
4 73
7 96
3 15
6 43
4 57
10 8
2 41
8 82
2 36
6 33
10 36
7 84
6 59
1 55
3 31
5 24
1 15
4 33
9 49
7 83
2 90
7 46
3 32
8 37
6 27
7 40
6 31
9 29
5 66
2 77
8 57
3 76
2 58
7 43
5 18
10 90
5 44
10 57
9 87
6 49
7 84
1 78
7 68
6 75
4 24
1 42
9 66
1 5
8 78
8 10
2 83
9 88
9 80
2 39
6 26
3 26
3 43
7 79
1 53
2 7
3 83
1 8
4 53
6 69
7 14
2 74
7 14
10 26
1 26
5 42
9 10
4 15
10 85
2 91
10 52
9 56
8 25
5 50
4 14
7 76
3 19
3 51
8 1
6 83
8 73
6 7
8 73
5 56
2 2
9 53
9 48
9 46
6 94
8 43
4 14
6 21
3 57
7 72
5 43
3 24
1 26
8 22
2 77
5 29
3 42
4 27
9 69
2 74
6 16
3 93
4 23
4 40
10 87
3 7
3 4
8 36
4 93
10 59
7 53
10 92
4 76
8 47
10 35
5 99
9 25
5 50
8 99
1 10
1 90
9 50
2 68
7 71
9 21
5 2
3 93
3 22
9 45
1 71
6 22
1 98
3 93
4 91
6 4
4 78
10 66
3 51
6 44
4 10
10 67
8 98
1 90
10 17
9 16
2 61
10 71
8 50
4 86
7 17
1 24
5 85
1 38
7 96
6 22
6 41
1 27
10 97
4 98
8 20
3 86
7 22
7 88
7 4
5 78
10 62
4 82
5 2
8 23
