1 64
2 29
2 30
10 11
8 8
9 49
9 44
8 68
8 61
4 4
3 14
6 78
2 52
4 25
6 94
4 57
5 96
8 63
8 37
9 8
3 14
1 13
4 28
2 80
2 57
1 77
1 60
7 72
10 88
7 95
1 64
1 31
7 96
6 77
9 19
4 67
4 17
8 73
10 13
10 26
9 100
3 76
1 40
5 29
2 35
8 27
3 8
3 91
6 86
6 9
9 65
7 56
2 74
10 6
3 73
5 83
4 42
6 51
5 29
5 30
1 91
3 81
4 74
6 66
3 49
3 45
2 58
2 50
7 93
3 78
4 98
6 31
10 26
4 52
9 15
7 10
4 18
2 97
10 63
4 35
4 20
4 24
10 27
1 46
8 82
6 23
5 60
3 45
6 22
10 22
7 31
1 27
6 18
10 43
1 51
3 24
2 21
1 26
1 75
5 11
3 16
9 64
5 10
3 82
5 84
10 13
7 32
10 66
8 73
8 27
8 64
4 86
4 50
4 39
3 62
8 30
2 41
5 5
2 60
10 30
4 5
4 77
9 87
9 70
10 100
4 78
1 24
4 21
9 12
6 11
2 69
9 47
6 12
6 78
10 75
2 92
10 61
7 63
7 79
5 9
6 35
6 3
7 83
5 32
7 67
5 54
9 59
7 38
7 8
10 55
8 38
1 81
10 37
8 69
6 36
8 64
1 86
5 18
10 39
1 24
4 59
4 9
1 32
8 42
9 31
2 61
4 98
9 57
2 43
7 85
4 47
8 10
6 93
7 39
5 55
10 20
3 72
4 11
6 17
8 84
1 43
1 90
7 69
8 63
7 32
4 74
2 3
6 68
6 24
10 58
2 32
8 45
1 50
10 100
3 54
8 27
8 29
5 4
9 42
1 24
1 83
4 88
10 25
10 94
5 34
6 79
4 52
7 15
3 61
5 96
1 22
3 32
3 41
4 62
9 15
1 24
9 90
5 87
2 100
9 40
8 41
7 87
4 27
10 38
10 81
6 67
10 57
7 3
5 79
1 80
5 100
1 46
9 40
10 31
3 76
6 5
4 23
5 73
10 4
5 85
8 85
6 53
1 19
7 27
4 7
2 31
1 17
1 15
4 8
5 76
7 14
5 13
8 94
4 37
10 39
3 9
1 99
4 43
2 81
8 13
10 81
10 25
5 71
3 23
5 24
6 3
5 21
5 22
10 28
2 31
8 33
7 41
6 45
3 100
9 83
4 17
10 49
10 24
7 6
6 73
7 50
2 39
2 26
2 10
2 78
5 35
10 57
1 90
2 41
5 99
6 52
9 3
6 34
9 38
7 85
2 66
1 7
4 68
2 72
1 2
3 4
3 37
6 67
6 100
2 89
9 62
3 100
8 74
4 46
4 13
7 20
4 74
10 47
10 82
3 91
6 57
9 58
8 74
4 64
5 30
4 86
1 33
4 20
4 62
7 31
2 92
3 11
3 36
3 94
2 17
5 4
6 16
4 64
3 36
10 4
2 41
5 76
3 26
1 63
7 41
3 55
4 16
3 75
1 81
7 44
3 49
6 66
8 7
6 94
10 5
8 93
5 41
5 35
4 70
10 73
2 5
9 8
3 7
10 72
3 72
7 49
9 47
10 14
10 29
5 80
9 52
7 25
9 49
3 43
1 94
9 47
6 70
2 3
4 91
1 25
5 27
8 25
3 42
9 19
3 91
6 41
5 21
10 32
6 62
5 75
4 81
6 100
9 46
9 8
7 38
2 6
8 4
5 12
5 29
10 53
3 53
7 23
7 64
1 49
5 48
8 13
1 59
9 9
3 3
6 83
9 62
6 99
6 35
9 73
3 11
8 89
4 18
8 16
3 22
3 92
3 83
1 40
7 64
8 13
1 97
1 4
6 74
3 18
1 5
7 30
6 65
5 78
1 43
8 98
1 49
4 82
6 14
9 63
4 36
5 40
10 78
7 3
10 46
3 80
3 30
1 29
2 88
8 61
7 88
7 71
4 83
6 46
7 77
5 55
1 27
10 43
6 32
2 48
8 43
5 15
3 86
4 8
2 32
6 1
1 92
4 4
6 27
7 21
8 86
2 25
8 62
10 6
8 35
4 62
3 43
3 82
7 36
4 89
3 82
7 55
7 76
5 17
9 41
6 70
2 10
7 63
7 52
1 51
10 40
9 59
9 92
6 78
7 16
10 21
9 17
8 62
1 91
1 98
10 81
5 97
8 52
1 18
5 56
6 56
6 7
9 33
8 44
6 46
3 52
4 8
6 21
7 26
10 75
4 39
8 32
1 3
6 94
9 46
4 96
2 81
6 24
1 50
5 25
1 82
4 94
3 22
4 82
2 12
7 58
9 80
3 84
4 55
6 45
3 27
5 88
9 1
10 86
7 8
8 50
7 39
3 87
2 51
4 16
10 31
5 40
1 93
5 59
10 70
9 65
4 29
6 42
4 96
2 38
7 92
1 48
6 81
1 2
8 99
7 64
3 3
8 58
5 21
9 32
1 59
2 37
8 19
7 15
6 99
2 48
4 2
9 49
8 78
4 52
6 9
3 36
4 97
2 20
8 38
1 3
6 14
7 18
4 31
8 60
9 69
2 91
4 14
3 27
3 8
6 33
3 43
8 86
5 1
10 26
5 34
4 4
7 100
5 72
2 31
9 80
1 82
6 96
10 28
1 4
8 55
2 24
10 71
2 97
8 17
7 75
3 66
6 67
9 92
3 58
7 33
9 43
6 35
5 74
10 48
9 14
9 42
9 86
10 87
4 25
3 47
9 48
7 35
1 72
10 91
1 85
7 71
7 21
6 8
3 54
9 30
4 20
3 85
2 63
6 25
3 14
3 95
2 20
6 59
2 60
8 84
7 64
9 62
4 86
6 12
5 92
7 41
2 42
6 21
9 67
6 50
1 84
8 100
7 56
1 15
9 26
3 83
6 48
9 83
3 91
9 35
8 40
3 67
7 1
2 57
4 97
10 50
10 12
5 10
1 84
9 87
1 18
4 9
3 9
10 84
10 10
5 69
2 1
6 38
2 59
10 42
8 53
5 53
7 49
4 70
2 56
4 95
5 20
7 37
8 35
9 18
5 93
3 47
3 80
9 91
4 30
8 7
4 21
1 47
7 46
1 47
9 75
3 42
3 56
9 16
6 49
9 56
1 55
6 85
2 24
9 19
3 97
5 96
8 23
8 76
8 37
4 34
3 22
6 22
5 62
5 77
10 76
9 20
6 80
2 69
4 6
1 48
7 24
2 42
8 51
3 88
2 49
2 30
10 100
2 18
9 23
7 76
8 27
4 49
10 72
4 82
3 62
4 95
7 47
1 40
7 87
2 54
3 67
7 99
6 14
3 37
2 94
3 74
8 47
1 82
10 12
2 57
8 55
3 68
9 18
2 34
10 4
10 48
8 25
8 70
2 24
4 9
3 83
3 95
1 72
10 29
4 62
1 4
2 90
7 78
2 94
3 21
7 53
8 28
10 45
8 38
1 45
6 8
6 6
7 29
8 58
7 4
4 28
7 91
9 79
6 63
10 53
8 85
7 68
9 12
7 14
1 84
3 58
6 79
5 23
9 22
1 92
5 49
4 73
5 96
1 33
9 10
3 13
7 5
1 38
8 86
5 51
5 83
3 19
9 66
7 78
5 34
8 62
10 66
8 81
5 38
5 73
4 34
8 45
10 77
5 63
6 87
7 67
2 71
8 83
2 21
6 32
5 100
6 94
10 52
10 76
3 42
2 43
4 37
2 29
3 77
3 86
2 3
10 3
7 29
8 27
8 68
2 39
9 24
2 78
4 75
4 38
3 70
10 67
1 85
5 77
6 70
4 40
9 86
10 80
7 44
7 31
8 55
4 77
2 51
9 95
4 51
3 84
9 18
2 52
2 80
9 49
6 68
3 73
4 16
5 71
1 9
6 62
7 58
3 73
3 72
7 8
5 48
4 36
1 9
5 70
1 12
5 58
8 86
2 56
10 53
7 58
2 87
10 21
8 20
3 55
2 83
10 22
4 46
8 100
5 55
9 63
9 86
7 43
8 52
6 46
10 24
5 7
2 71
7 36
4 95
10 47
8 9
5 93
8 40
8 3
10 13
10 45
6 46
8 40
7 11
2 54
1 95
6 5
9 11
8 18
8 81
5 94
6 70
9 4
10 24
5 65
6 78
1 96
9 8
10 85
5 10
10 49
4 45
8 48
5 26
8 68
9 52
10 54
2 41
5 64
3 16
5 98
2 90
7 17
9 8
3 94
4 69
4 71
5 9
9 73
7 41
7 46
9 18
4 25
5 30
1 93
1 66
9 79
8 42
2 92
1 45
4 27
9 9
1 44
5 36
10 14
9 3
1 83
1 12
6 14
7 57
9 6
6 80
1 2
2 77
3 81
4 37
9 4
8 5
2 31
4 51
1 29
6 89
5 68
3 90
7 69
10 15
6 20
8 67
9 21
3 32
6 79
3 90
1 22
4 74
3 49
