9 38
1 51
5 35
7 75
4 78
2 44
10 76
8 67
8 68
10 15
7 14
1 41
7 32
9 14
7 10
8 51
1 91
7 36
2 38
5 37
10 63
5 11
6 92
8 64
2 60
3 67
2 80
7 91
2 87
6 34
9 43
2 77
7 39
5 3
8 60
6 27
2 49
3 60
2 7
9 29
10 73
2 22
7 97
4 66
1 40
7 25
4 1
4 62
9 22
3 83
1 10
10 33
5 99
9 24
7 52
6 2
5 11
9 24
2 30
6 23
5 67
1 57
9 22
7 29
6 91
7 100
8 26
1 18
9 52
9 61
10 87
2 53
3 53
9 57
1 90
6 49
3 64
8 29
8 4
10 51
4 4
2 58
4 27
6 95
4 13
5 69
3 89
1 52
8 69
4 57
3 65
3 46
2 95
6 81
6 71
10 80
3 83
4 53
9 46
10 56
5 7
10 18
3 37
2 75
7 65
5 13
8 8
9 4
7 64
2 22
7 34
4 76
8 93
10 50
8 42
2 56
10 96
4 50
4 63
9 100
5 2
4 79
9 38
10 71
1 38
3 54
5 61
5 38
5 27
5 63
3 39
2 28
4 29
9 28
6 40
5 85
1 49
7 37
6 12
7 81
3 87
1 31
8 32
2 31
3 99
3 70
5 2
6 12
2 58
2 52
7 76
7 94
8 92
1 6
8 17
9 84
10 5
4 88
6 57
8 58
9 70
8 18
6 79
5 19
10 63
2 63
1 22
5 45
8 4
10 14
9 70
5 16
9 33
1 61
7 13
1 48
4 68
4 75
7 84
6 46
7 20
7 59
8 10
5 100
5 96
9 69
6 37
7 34
9 40
4 10
1 22
8 21
8 77
4 61
2 3
4 92
5 52
7 78
8 56
6 3
8 42
3 23
2 81
9 10
2 44
3 35
2 35
2 68
7 100
3 25
9 36
5 75
3 49
9 11
9 37
1 39
2 29
5 9
7 8
10 40
3 30
1 16
4 89
9 30
4 19
3 61
8 98
3 68
8 5
7 78
7 57
8 40
6 85
10 5
9 82
1 91
4 26
5 58
3 55
7 15
4 77
4 23
1 33
1 34
7 70
8 87
10 35
8 74
2 89
3 73
2 83
9 100
6 32
5 44
7 34
7 75
4 77
4 6
6 74
10 55
3 38
2 50
2 63
8 68
1 39
4 84
10 36
4 90
3 64
7 41
8 44
10 33
1 32
2 46
3 56
10 44
1 78
7 84
3 5
10 27
2 21
9 14
7 100
2 62
8 45
6 83
2 72
1 93
3 3
7 91
8 32
3 32
4 19
4 15
4 14
2 82
4 72
2 15
9 52
4 12
5 73
2 90
2 52
10 37
6 60
9 22
1 9
6 33
2 15
8 85
1 70
7 31
7 64
7 76
1 31
5 84
8 62
9 4
10 64
7 15
1 4
4 1
2 59
6 8
4 75
5 33
1 56
6 52
9 61
6 39
6 70
9 41
6 86
2 46
3 4
1 91
9 63
1 78
5 23
1 24
2 66
9 3
8 72
9 77
1 95
9 70
2 28
4 52
4 31
6 17
6 33
4 99
5 29
9 68
1 20
4 39
5 78
1 19
1 83
3 39
4 42
9 36
8 45
7 40
9 42
7 60
5 43
3 73
5 38
8 87
10 63
4 78
7 70
5 82
8 92
9 94
9 94
6 73
3 14
7 22
10 11
1 83
9 96
5 1
2 25
4 63
7 35
9 60
9 69
9 34
3 75
1 61
9 35
10 21
9 10
2 26
2 26
5 98
3 42
2 65
4 48
7 48
2 96
5 54
5 69
8 5
10 17
9 70
4 64
10 93
1 54
9 27
4 71
1 5
7 53
7 87
5 2
2 6
4 83
7 16
10 8
7 74
6 69
10 54
8 23
2 23
9 77
5 51
2 98
2 49
1 32
4 15
4 74
10 62
9 19
8 41
10 56
2 85
4 96
7 44
6 30
4 81
5 59
10 87
4 79
2 12
9 47
2 75
5 49
3 67
9 69
4 78
2 87
9 30
5 69
4 82
3 94
2 38
9 81
4 42
3 6
5 4
5 35
2 96
8 76
9 25
10 8
6 87
9 6
3 89
10 77
3 25
6 68
6 74
3 94
6 30
3 2
8 68
7 31
10 73
8 1
5 44
5 40
9 56
4 57
8 11
9 82
1 92
7 50
8 53
7 63
5 15
3 33
2 80
5 16
8 80
6 13
8 40
7 22
9 40
8 36
2 98
4 23
7 44
5 45
9 39
7 7
7 39
1 89
9 80
7 93
5 42
9 60
2 9
4 37
2 23
6 55
4 76
5 21
2 1
4 21
5 69
7 27
9 92
8 99
1 89
7 87
4 39
8 22
9 76
4 30
5 71
7 21
5 72
7 55
8 94
5 65
4 81
9 97
10 42
2 43
9 1
6 56
3 22
3 38
1 96
10 84
1 62
5 8
9 26
5 50
7 12
10 51
6 41
5 4
2 83
8 22
9 74
4 43
5 32
6 74
3 64
9 75
10 40
4 71
2 71
3 20
4 71
6 86
6 72
7 81
3 93
3 78
10 39
4 29
9 56
8 21
10 18
9 4
7 19
5 97
1 17
2 68
6 90
4 89
5 86
1 34
10 80
2 91
8 56
4 88
5 87
1 78
10 26
6 94
9 85
4 23
10 46
4 59
4 82
9 38
9 23
3 47
2 26
9 63
7 97
3 28
3 41
5 55
7 2
6 46
6 70
7 22
10 28
9 36
6 99
2 47
9 92
10 51
3 65
4 65
2 2
5 92
10 66
7 54
2 39
2 99
10 15
3 52
4 1
10 64
10 56
2 66
9 47
4 66
3 61
1 49
2 56
8 52
3 45
7 12
1 58
8 78
2 100
6 42
8 44
9 22
9 98
6 65
7 50
8 45
7 31
2 10
1 93
8 97
4 63
2 13
8 58
2 18
9 25
9 28
6 41
3 58
3 37
5 29
2 4
4 99
4 51
10 54
7 39
7 78
6 11
9 49
8 99
3 75
5 93
7 74
2 1
10 13
1 56
6 98
4 1
3 24
9 65
4 79
9 5
3 91
5 98
3 64
6 37
7 58
2 13
1 3
7 10
8 34
4 64
3 60
2 33
3 69
8 36
5 54
7 75
10 69
1 4
4 86
2 88
1 94
7 89
5 5
3 46
7 82
4 25
7 50
3 80
4 90
1 37
4 75
7 73
2 3
2 93
8 59
10 33
1 15
1 76
5 55
8 76
9 8
6 86
4 42
9 31
4 41
8 84
2 94
6 76
9 38
2 56
2 95
1 22
7 42
7 95
8 60
2 60
2 28
2 76
5 43
6 81
8 32
1 64
3 99
3 38
7 89
5 37
7 29
5 5
7 75
7 45
1 30
9 86
9 83
1 22
2 96
6 53
3 39
4 14
2 54
8 81
2 29
1 22
10 7
9 17
7 24
3 75
3 95
7 30
4 16
6 54
6 75
6 97
4 89
2 77
10 95
5 28
10 53
4 45
10 59
2 38
9 27
4 57
9 24
10 25
10 72
3 54
5 34
4 72
4 22
9 14
8 86
5 11
9 61
10 46
5 22
10 60
7 32
5 27
7 37
9 9
5 86
8 34
4 6
2 51
1 51
6 53
10 18
10 38
6 18
10 83
7 37
7 23
1 58
7 68
9 54
9 48
5 98
8 7
9 59
4 100
3 47
4 38
7 53
2 93
7 83
2 62
5 94
9 68
9 61
10 53
10 3
3 65
9 25
6 45
7 97
2 49
6 47
7 12
3 61
4 37
3 12
1 12
6 14
5 49
8 86
8 45
9 4
8 64
9 38
4 64
1 60
8 68
3 14
7 96
1 95
7 77
4 90
6 68
7 65
1 16
8 92
1 61
5 17
1 53
4 54
9 11
10 76
7 99
9 32
3 17
6 40
7 72
3 73
1 91
8 74
1 12
2 72
4 65
10 22
2 49
7 88
9 79
3 29
7 85
2 50
8 76
1 94
10 36
8 59
6 52
8 19
9 77
6 73
2 53
1 98
6 50
6 65
2 51
9 95
4 99
9 47
4 5
3 98
7 1
1 47
4 41
8 23
1 36
1 35
4 16
1 47
1 42
6 92
8 8
9 73
3 35
10 84
10 67
8 60
8 77
8 86
2 56
7 57
7 19
1 71
3 66
7 63
9 100
4 89
7 38
5 69
9 3
3 32
9 11
9 16
2 61
3 78
6 21
9 79
4 96
9 96
9 29
1 35
9 88
8 84
3 8
9 73
4 57
8 7
9 5
6 65
7 46
8 38
3 62
1 7
10 65
4 35
10 75
1 76
10 18
6 15
2 20
2 63
8 99
6 46
2 16
8 45
1 39
1 83
8 69
7 34
1 20
4 55
2 65
8 100
4 74
9 87
6 35
4 13
1 24
9 68
1 2
6 23
1 11
8 84
1 86
8 32
2 24
1 72
2 6
3 36
5 69
10 62
5 64
