7 10
9 77
8 87
9 51
5 31
5 4
2 73
5 58
2 2
4 86
9 71
8 44
4 97
3 83
4 82
7 69
1 85
5 90
9 51
5 74
5 46
2 72
5 19
9 84
3 81
10 41
7 81
3 2
1 41
5 92
7 88
7 90
10 80
9 24
1 39
5 84
5 72
9 70
4 76
6 48
10 81
5 7
9 90
4 18
4 15
2 73
10 28
7 37
3 78
8 75
9 74
7 30
6 99
8 19
4 2
4 20
9 69
7 13
6 98
2 99
2 98
3 30
5 51
7 75
8 22
5 51
8 33
4 35
6 5
8 62
7 76
4 8
6 50
2 65
10 34
9 54
6 8
6 11
1 75
10 7
4 69
7 13
2 18
10 41
10 23
1 26
3 23
8 30
4 77
1 1
2 41
2 62
3 88
1 21
8 23
9 62
9 7
7 63
10 49
2 14
2 53
9 49
2 73
3 20
8 28
3 75
8 88
8 1
8 41
9 43
8 80
6 68
8 85
8 59
8 89
1 86
5 19
3 47
8 54
4 82
4 4
8 5
5 74
5 57
4 33
5 64
7 61
8 56
7 61
2 88
2 6
3 50
7 21
10 74
10 12
1 85
2 21
6 70
3 32
3 74
10 82
10 82
7 70
10 16
1 60
8 50
9 53
7 82
7 87
10 92
6 1
10 21
9 99
2 18
5 12
3 17
5 89
7 36
10 76
8 5
7 49
10 77
1 81
5 10
10 56
9 67
7 53
6 26
9 14
10 10
2 17
8 50
1 31
3 27
8 39
6 14
4 62
10 42
9 83
5 5
5 26
10 77
2 31
8 19
8 85
2 80
10 29
8 81
3 58
2 25
1 57
1 1
7 66
1 99
1 69
7 100
7 24
9 61
5 95
10 49
5 78
7 90
5 60
7 29
7 55
2 4
7 80
4 75
3 4
1 26
1 18
1 51
9 37
1 63
5 14
3 52
4 100
8 99
7 78
6 59
2 49
4 70
6 100
9 27
3 90
1 6
1 96
5 57
6 38
8 79
8 92
6 67
2 42
3 19
2 40
4 90
8 42
7 57
4 12
4 54
2 30
7 91
5 79
5 39
1 40
6 34
10 11
5 75
8 41
10 86
2 90
1 56
8 21
8 72
10 100
8 44
7 94
3 5
1 87
1 28
1 65
4 78
7 85
8 39
7 18
8 20
3 26
8 98
3 65
2 67
2 97
2 44
7 12
6 53
2 53
3 41
9 98
9 61
10 62
10 17
5 35
1 9
6 46
8 71
8 72
10 3
7 10
2 59
1 73
9 1
8 65
4 38
8 83
9 10
5 100
10 14
9 45
2 74
2 42
5 21
5 12
6 70
9 28
7 49
9 9
2 7
10 93
6 10
10 20
8 53
5 90
8 85
1 52
6 42
1 65
6 25
4 43
2 90
7 97
8 85
2 48
9 38
8 48
8 47
10 52
5 86
5 9
1 4
10 52
8 85
8 19
3 58
4 15
3 50
3 76
3 52
4 90
7 77
4 59
7 82
6 57
4 46
3 11
6 88
7 4
9 47
2 5
10 9
2 97
2 10
10 43
3 42
6 46
2 79
9 48
3 30
9 10
5 15
2 92
7 92
2 22
8 20
7 94
3 98
8 61
5 70
1 58
8 14
4 70
3 41
1 6
2 85
3 22
1 31
9 15
6 9
3 89
8 44
8 11
10 73
4 51
2 90
4 65
4 81
7 88
4 4
9 26
7 20
3 2
3 45
8 88
2 39
9 68
8 84
3 79
3 57
7 51
7 66
9 1
9 71
6 54
1 53
8 52
7 58
4 19
1 69
5 56
4 58
10 4
1 30
6 2
5 94
4 13
9 27
4 90
5 15
6 2
9 83
8 2
10 68
5 11
1 27
10 62
6 61
2 38
7 88
7 85
7 22
6 28
9 32
1 91
6 50
7 90
7 46
10 30
5 50
7 35
2 92
5 50
6 65
8 20
5 69
6 95
5 7
3 42
7 21
2 4
9 67
9 20
9 90
3 72
3 99
1 19
2 30
4 97
1 65
8 63
4 53
5 21
5 5
2 69
3 90
3 57
7 4
3 5
1 35
1 94
8 48
4 47
3 39
5 95
2 10
1 19
9 29
8 14
3 86
9 79
2 59
3 51
8 35
2 77
2 45
8 59
10 97
3 99
5 77
1 90
6 48
9 76
4 99
5 35
7 68
7 78
7 60
9 98
10 36
10 28
10 85
2 84
8 57
7 83
10 38
9 44
5 2
5 42
1 45
10 78
9 96
6 63
2 78
5 13
1 52
1 85
2 66
7 7
5 49
5 58
6 89
9 49
3 9
3 97
2 26
3 98
6 1
1 10
7 52
8 96
1 67
8 42
4 43
8 64
5 9
6 6
7 23
8 48
7 13
4 60
9 97
8 60
8 64
9 39
10 29
2 72
10 29
10 2
2 82
4 98
9 44
1 1
5 42
10 29
2 77
7 69
9 25
3 14
8 68
3 86
6 51
2 60
5 97
8 88
5 87
5 57
3 3
1 8
2 68
6 57
7 46
1 38
2 43
2 28
7 95
8 11
6 58
8 20
5 92
10 70
9 4
10 18
5 90
6 56
6 43
10 51
6 92
3 29
9 36
2 77
7 67
3 46
10 96
9 17
10 77
5 42
9 22
2 68
1 4
1 63
7 1
1 84
9 46
10 76
10 5
7 81
9 68
9 62
6 46
5 50
8 5
1 33
6 14
9 55
3 50
10 54
2 9
9 15
1 9
7 56
9 88
2 17
6 44
3 37
7 93
8 80
6 4
1 51
4 11
6 84
3 4
1 85
1 68
8 28
4 29
7 13
5 95
9 84
8 36
4 85
1 20
6 42
7 26
3 84
5 73
5 2
9 25
5 84
2 60
2 36
3 61
7 23
2 29
9 62
7 31
9 36
10 99
1 72
8 26
8 20
9 96
6 22
3 90
10 23
8 90
5 26
5 30
6 82
1 79
10 56
10 31
1 32
10 10
1 67
7 52
9 11
7 68
1 59
5 62
6 49
5 79
7 39
4 24
1 74
3 35
6 30
10 37
6 70
3 81
4 59
2 46
5 33
8 49
5 14
10 34
2 44
7 34
8 90
7 10
10 95
3 54
1 90
3 5
3 18
3 88
8 62
10 10
3 22
2 56
8 66
10 70
5 94
6 91
8 23
4 17
10 88
4 21
6 6
5 10
2 64
10 16
1 98
6 13
6 13
7 28
1 15
4 46
2 89
4 34
1 87
10 20
9 67
5 63
10 70
7 5
6 48
4 60
3 51
2 66
1 56
1 85
4 38
1 5
10 35
5 79
9 69
10 45
10 98
6 76
3 57
8 1
9 30
5 72
4 60
3 58
1 69
3 87
6 78
9 68
10 37
2 27
5 50
6 29
7 78
1 40
9 59
2 27
6 37
9 16
9 93
5 97
9 93
2 6
7 20
9 46
1 12
7 44
5 93
10 7
3 20
4 99
1 37
10 99
7 39
8 40
10 87
8 90
6 28
6 22
2 30
5 13
3 94
6 68
6 82
7 29
5 82
3 86
4 90
9 93
4 18
1 100
10 45
4 78
7 47
5 80
3 47
7 70
3 48
4 62
10 70
4 28
6 49
2 7
2 79
7 24
2 100
8 89
3 40
1 21
6 12
4 54
8 21
3 92
5 21
9 74
6 100
9 23
7 73
7 8
2 87
3 53
1 95
3 41
8 11
7 26
10 31
8 2
1 16
7 1
10 27
9 92
2 65
5 44
3 6
9 40
7 26
7 39
5 40
1 18
5 46
9 34
3 42
9 43
6 20
3 18
6 1
9 77
5 100
8 64
5 88
8 11
9 29
7 43
10 7
7 43
1 86
2 1
2 36
9 45
6 34
8 50
6 22
2 23
6 77
8 98
2 74
2 5
7 39
3 65
10 12
9 88
3 6
7 30
1 33
10 97
5 2
1 58
8 52
2 84
1 93
1 16
1 42
4 6
1 37
9 80
8 75
5 42
3 2
2 94
7 28
9 5
6 59
6 2
5 49
7 67
10 52
4 55
1 10
8 7
9 62
7 65
4 56
1 3
7 27
5 77
9 39
9 63
4 65
9 13
3 3
4 8
1 28
4 10
9 100
10 91
4 70
8 72
8 79
6 21
1 73
7 94
6 36
2 17
9 16
2 68
7 76
4 7
4 55
8 22
5 54
8 2
2 98
9 89
7 28
5 58
1 99
10 30
2 60
2 17
1 81
7 3
6 89
1 100
1 13
9 95
6 49
4 75
8 93
10 99
8 82
2 92
9 13
5 100
9 35
6 74
2 28
4 58
1 46
3 32
8 45
9 97
8 25
8 65
4 60
3 30
4 87
3 6
3 47
7 50
8 65
1 25
2 8
2 8
1 59
3 66
7 15
9 59
6 86
3 33
8 38
4 100
7 93
5 44
6 26
6 14
6 62
7 24
1 45
10 57
3 12
5 9
2 32
3 53
