1 26
1 79
8 35
6 17
10 39
10 92
4 52
8 63
3 78
9 54
4 11
1 54
1 93
4 87
2 98
1 69
5 62
8 46
7 17
7 95
4 22
3 74
10 55
6 21
1 3
2 61
9 21
1 46
3 3
8 63
7 75
8 42
10 1
2 23
6 80
8 9
6 40
9 34
4 89
9 59
3 73
4 16
5 62
2 4
1 14
5 99
2 70
8 50
1 36
9 56
10 68
6 87
10 62
8 91
10 41
2 98
8 4
10 69
1 98
10 63
3 28
4 68
7 36
1 25
10 73
4 71
1 94
10 77
6 75
10 4
1 35
3 13
3 60
8 38
8 82
7 75
1 11
4 57
7 59
9 18
4 52
1 99
6 1
4 18
5 33
4 6
10 35
4 73
3 57
10 14
10 26
8 90
10 80
7 21
7 18
1 14
1 71
2 95
1 6
6 90
5 87
4 66
3 51
10 6
5 35
7 81
6 76
2 18
3 67
1 54
5 66
4 89
8 25
7 38
4 16
1 11
3 80
6 65
5 44
2 20
2 13
8 79
4 31
7 8
1 64
3 100
4 70
7 14
7 54
8 77
4 75
2 83
5 22
7 57
7 28
9 86
1 61
3 17
5 24
10 55
7 63
5 77
1 99
6 10
3 69
9 17
7 96
1 63
10 67
10 84
9 38
3 33
3 97
2 53
7 97
6 96
1 4
10 78
2 64
5 5
3 84
3 39
10 14
2 18
2 77
7 25
9 39
10 64
9 27
8 5
3 66
5 15
9 31
5 8
9 85
8 34
10 97
6 70
10 70
9 53
10 90
10 12
1 34
2 12
9 33
5 84
9 58
1 23
8 12
5 34
10 91
10 98
7 57
8 82
5 83
4 36
3 27
6 18
1 31
7 33
2 16
2 66
3 25
1 97
10 2
5 59
9 29
10 16
1 40
8 43
3 37
3 66
4 96
1 5
9 27
3 38
4 52
7 87
3 15
8 53
6 83
2 94
1 8
3 74
1 66
4 97
8 5
3 36
4 89
5 75
7 46
9 16
8 57
6 47
5 21
8 62
6 85
3 76
7 3
8 29
2 67
10 40
6 6
1 54
4 74
6 99
2 38
1 79
6 19
10 31
9 19
6 17
9 97
1 74
3 46
5 16
5 83
9 85
7 29
9 55
5 82
8 53
5 45
4 62
3 62
1 13
3 64
7 82
9 48
9 25
6 78
2 33
9 94
10 67
9 49
9 96
7 95
10 57
6 19
5 51
2 62
10 75
9 12
7 44
5 80
3 99
3 86
5 61
9 56
7 85
10 63
4 77
2 64
9 95
10 51
2 87
10 38
10 80
7 44
2 56
6 54
10 18
4 95
5 100
10 56
2 45
6 62
7 93
5 36
8 39
9 69
10 37
5 56
3 28
9 23
3 14
7 30
4 21
10 48
9 73
5 24
2 23
2 18
7 21
8 16
10 74
4 42
5 67
9 22
5 95
6 97
9 37
7 83
7 100
1 62
2 73
4 62
8 37
1 31
6 85
9 89
7 11
5 85
5 33
7 42
2 2
6 47
2 46
5 7
10 8
5 35
10 11
6 84
2 8
9 15
8 44
1 57
7 98
7 83
4 77
10 62
1 39
8 20
9 69
8 93
2 83
2 54
3 16
1 80
4 89
5 43
10 31
10 9
5 31
6 35
10 93
4 35
7 4
4 61
10 93
9 88
9 35
5 100
5 28
1 75
9 15
7 5
3 98
5 49
1 10
6 33
3 53
7 13
2 28
7 17
10 31
7 54
7 99
10 95
2 42
9 69
3 70
7 12
7 56
5 1
9 43
5 82
4 38
4 64
6 67
9 25
8 51
7 25
5 66
10 15
2 64
3 26
4 58
3 5
5 50
5 81
4 87
7 1
4 96
6 12
10 89
7 36
10 68
10 42
7 23
9 19
2 91
5 46
9 47
6 11
9 95
1 40
6 92
6 7
9 39
6 61
8 62
8 78
2 71
6 73
5 95
1 63
8 70
6 17
5 33
8 79
7 73
5 20
9 4
8 91
5 26
10 39
10 51
8 32
5 47
1 2
10 51
3 28
5 79
7 78
8 53
2 84
5 69
10 39
3 86
3 25
4 90
9 65
9 7
5 65
6 2
6 81
1 20
9 29
2 79
9 47
8 30
8 62
9 38
9 99
10 58
3 62
10 95
7 57
4 25
1 93
1 61
1 66
6 49
6 34
7 5
1 94
8 76
4 90
1 6
8 90
6 81
4 53
9 76
3 45
3 43
6 49
1 27
7 93
1 1
4 72
7 2
2 69
8 51
4 19
8 82
5 49
2 21
7 19
10 74
1 23
8 88
2 25
10 22
7 78
5 38
5 99
2 26
1 90
10 7
10 9
9 90
1 57
8 32
4 99
10 64
6 77
2 89
5 75
3 79
3 8
6 16
9 93
7 28
6 42
5 80
5 77
5 25
3 72
2 16
8 85
5 96
5 36
3 32
4 42
5 25
1 53
10 41
1 33
5 41
1 57
6 59
1 43
10 59
6 35
2 95
5 46
3 47
7 44
4 79
6 95
10 98
2 15
2 38
3 72
3 33
9 31
5 2
3 77
4 6
6 29
9 12
4 21
6 4
2 21
3 64
3 84
2 75
2 72
9 32
6 68
4 79
6 80
10 39
9 54
2 28
10 80
6 52
7 79
8 69
10 87
6 85
8 64
2 79
7 74
3 66
3 12
6 16
4 88
8 29
3 19
1 30
6 3
3 73
1 79
3 79
7 14
6 45
2 88
7 80
10 58
2 4
10 41
1 20
2 87
5 32
6 90
9 15
5 93
5 37
9 38
8 29
1 69
2 49
7 47
9 99
8 16
9 30
2 14
7 42
4 80
10 45
4 91
8 36
1 12
10 22
3 30
8 64
7 58
8 55
2 18
5 95
7 12
4 56
2 80
3 3
7 57
1 58
2 100
3 77
9 66
10 42
7 66
3 88
10 19
4 16
3 76
10 97
6 18
10 95
4 90
9 79
2 88
8 21
5 48
9 10
9 37
4 16
1 59
1 61
3 74
5 5
10 22
4 89
1 49
3 25
2 64
10 77
6 11
2 76
3 80
8 26
1 43
7 16
3 83
7 50
9 65
5 45
1 34
3 66
5 15
9 96
4 51
3 30
2 16
2 13
1 6
9 21
4 65
7 91
9 62
8 88
9 73
7 40
10 79
2 69
3 15
1 3
6 38
10 77
1 44
6 71
10 18
7 85
1 95
4 43
7 83
3 98
5 94
7 18
7 46
8 66
6 52
10 58
1 10
3 52
4 11
10 27
2 99
6 84
9 97
5 6
6 66
4 37
4 8
1 67
8 85
5 72
6 99
6 37
8 46
1 53
4 29
7 83
7 61
6 22
5 3
4 63
1 56
1 37
2 19
8 24
9 32
4 84
8 77
9 13
7 38
7 92
2 2
9 77
7 48
10 45
9 60
5 14
8 100
5 69
3 63
7 76
10 78
2 66
7 76
8 80
1 23
3 70
1 34
8 7
10 85
3 43
5 10
5 35
6 67
3 14
4 60
4 46
7 27
7 77
8 9
1 44
5 96
10 7
4 92
7 19
7 44
5 76
8 40
1 86
8 91
7 100
1 22
5 56
2 43
1 6
5 40
1 16
9 46
7 67
1 50
5 60
7 96
10 94
5 81
3 27
4 15
9 90
8 44
3 17
7 52
5 65
8 9
4 24
4 64
10 5
6 71
2 98
8 89
7 55
3 70
3 3
5 61
8 53
8 36
2 38
10 63
6 21
8 20
10 76
8 63
5 30
2 78
2 58
1 60
1 23
4 24
9 5
7 77
9 21
4 100
4 33
8 62
4 79
8 76
6 84
1 93
9 93
3 28
4 6
3 12
7 100
1 41
4 53
2 43
8 33
3 69
6 80
1 52
2 95
3 47
8 45
8 57
1 63
4 42
3 92
2 41
9 19
2 26
9 47
4 88
6 18
10 87
3 33
8 46
4 92
6 48
3 37
9 16
9 56
8 6
6 95
3 24
9 99
10 15
6 95
4 12
6 56
6 95
1 38
7 83
1 19
3 38
4 10
3 4
3 8
5 89
6 94
6 1
1 98
3 52
5 1
10 69
8 98
6 71
10 94
1 47
8 96
4 58
5 59
4 77
10 10
6 23
4 60
5 66
1 25
8 1
3 42
7 70
4 41
6 55
7 81
2 35
9 58
4 89
4 28
6 22
1 26
9 31
4 90
4 61
1 8
6 9
9 44
1 80
1 21
7 13
6 76
10 91
6 46
4 17
5 45
5 7
3 26
1 99
10 37
7 86
6 14
6 6
7 49
7 97
8 65
7 44
1 81
7 9
4 23
1 39
3 3
3 85
10 48
9 78
10 26
7 84
4 40
1 14
7 92
1 65
8 10
7 44
9 94
4 68
8 66
1 3
1 60
9 83
2 45
8 23
6 60
8 63
4 77
2 83
3 9
4 22
5 31
