7 62
8 8
1 6
6 56
8 61
8 43
4 59
8 4
2 8
3 12
10 93
5 37
5 56
3 76
2 94
10 87
4 68
2 49
4 56
7 19
4 90
3 51
1 59
2 54
1 1
1 87
10 97
8 95
7 34
8 70
8 7
1 88
1 5
4 19
9 59
2 93
5 51
5 6
5 2
9 14
8 67
5 37
3 100
4 43
2 18
6 95
3 13
2 11
3 17
5 47
8 43
3 67
2 43
1 79
4 7
4 74
1 57
6 23
9 99
1 17
1 68
9 48
9 54
6 61
4 3
1 91
7 17
4 57
10 92
3 94
8 82
7 83
7 61
6 7
2 1
6 24
4 28
7 58
8 92
4 6
6 49
4 49
8 45
7 47
4 88
2 31
9 12
7 41
6 70
9 51
7 7
1 41
6 50
3 67
4 99
10 46
7 25
9 100
5 33
6 24
9 77
3 94
1 52
8 79
7 87
6 78
3 20
6 87
7 94
5 9
5 42
6 40
5 89
8 44
6 72
6 21
6 93
9 68
1 87
5 66
4 13
6 24
1 64
7 15
2 8
6 71
2 89
7 76
9 11
7 77
7 31
10 33
5 93
7 15
9 100
3 61
4 45
9 69
2 72
2 65
10 51
1 78
7 37
10 100
6 8
9 63
4 8
3 6
10 21
4 81
10 3
4 6
8 61
5 26
8 39
7 93
6 45
6 72
5 57
6 22
9 96
1 31
1 78
7 57
10 85
1 45
10 25
3 42
9 86
8 81
1 41
3 10
5 96
7 74
10 74
5 54
4 39
5 80
3 6
8 97
10 17
3 91
2 53
6 28
8 60
5 100
9 83
9 49
10 17
10 25
7 99
7 22
3 97
1 61
2 55
7 100
7 81
3 27
2 8
5 82
6 67
5 10
3 81
4 45
6 21
4 8
8 60
9 88
1 94
10 12
5 46
3 83
5 72
7 38
5 1
7 73
6 6
2 7
9 54
10 79
10 94
5 19
8 90
4 12
4 30
2 61
2 90
10 41
9 20
10 90
2 21
7 88
7 71
6 11
4 98
7 47
3 65
1 54
10 32
5 36
7 44
2 46
6 99
8 91
5 79
2 97
1 70
8 93
6 65
10 19
2 49
10 40
2 38
4 93
8 87
8 82
5 6
2 52
9 22
6 17
7 63
1 46
8 27
10 73
6 87
7 9
8 40
1 11
6 77
2 49
6 70
1 34
6 82
6 8
4 18
1 18
2 74
4 13
5 85
7 79
6 63
1 7
6 7
5 24
2 53
7 36
10 85
4 5
2 26
3 57
2 4
3 27
10 89
9 42
10 2
9 81
1 7
6 92
10 17
1 63
9 96
6 28
2 93
10 43
4 16
6 23
5 75
5 64
3 68
5 85
5 10
8 36
4 76
2 68
10 10
5 75
5 49
3 36
2 77
4 56
1 13
9 70
7 75
4 61
10 79
3 87
4 24
4 23
1 74
10 75
10 78
4 4
1 87
4 44
4 6
5 67
6 93
6 54
8 17
4 81
8 6
1 66
7 80
2 35
5 61
7 69
2 19
10 32
7 47
8 4
9 43
6 93
2 16
8 51
10 13
1 8
4 53
3 84
6 11
2 84
7 61
1 83
10 46
5 89
2 46
5 89
10 56
7 98
4 94
7 90
5 45
2 76
5 40
9 80
8 64
1 57
10 62
2 15
8 41
2 31
4 78
7 97
5 82
10 5
1 79
10 65
1 19
8 67
7 6
4 26
7 88
4 19
4 40
3 43
4 99
4 48
8 4
4 30
9 16
7 67
1 15
1 6
8 35
9 49
5 41
9 50
4 70
9 26
2 58
2 66
2 45
4 66
7 64
2 19
4 31
5 71
8 9
6 8
4 44
5 92
3 79
10 45
7 98
5 49
6 38
5 80
2 26
10 93
6 70
5 8
9 14
7 58
1 43
4 32
8 38
3 65
8 66
1 33
5 25
10 69
5 58
4 69
3 58
10 67
8 90
7 9
6 73
6 76
4 31
3 72
5 6
8 11
7 36
10 100
10 94
6 26
2 88
1 90
9 2
4 22
10 3
1 50
4 81
8 93
10 14
4 33
1 35
5 56
10 86
6 25
6 65
9 83
2 74
10 65
1 97
10 34
1 7
4 88
9 21
7 8
3 81
10 32
5 77
8 49
8 84
10 96
9 79
3 1
2 89
9 68
5 56
2 28
6 77
1 89
3 70
9 10
10 2
9 48
7 57
9 34
9 74
4 25
10 96
6 72
2 21
8 34
8 46
3 48
10 32
9 3
10 7
6 86
3 74
1 57
3 94
6 86
7 36
6 29
5 22
9 71
4 58
9 95
4 68
5 2
10 29
1 57
10 25
6 77
1 21
8 15
6 21
1 58
5 26
5 14
5 36
9 75
9 88
6 83
4 61
9 73
5 81
1 3
9 42
6 39
1 79
5 14
10 61
10 86
2 72
8 6
4 71
4 68
1 47
7 90
3 65
8 6
3 58
8 29
7 17
4 47
10 23
3 10
6 15
4 29
5 1
9 88
4 69
2 41
10 59
1 69
5 73
8 41
7 33
10 16
6 35
3 55
9 19
6 96
8 82
5 40
1 95
6 56
6 38
3 31
7 75
4 86
6 8
8 93
9 42
3 30
6 43
2 96
7 82
10 11
10 62
8 26
1 32
7 62
4 64
1 81
8 41
10 47
8 66
8 31
8 97
6 41
5 66
5 41
1 11
3 7
2 40
8 76
6 38
5 62
3 50
6 65
2 75
10 95
1 88
2 26
2 53
5 72
3 42
3 4
2 19
4 16
8 39
7 78
1 83
9 93
7 93
9 60
5 82
7 38
7 14
8 79
4 44
5 99
1 86
1 41
9 43
2 14
6 63
5 60
3 52
9 17
8 99
7 1
3 43
3 61
8 2
8 58
8 65
7 22
3 67
3 62
5 53
1 17
4 57
1 25
9 89
1 44
3 80
8 82
1 20
6 46
5 67
6 43
2 59
2 13
6 20
7 21
3 42
1 66
5 69
10 98
10 14
6 17
4 27
6 72
7 14
10 51
3 74
5 73
9 80
7 69
6 66
4 86
1 10
5 55
1 6
3 66
8 47
8 80
4 92
9 3
1 61
10 86
10 21
10 65
4 86
3 25
10 80
4 19
6 25
10 6
7 56
8 50
10 59
5 97
9 88
9 98
6 85
3 85
9 56
8 50
2 70
2 72
10 90
2 98
2 43
4 18
3 11
3 98
8 8
3 21
4 70
10 90
3 66
7 43
7 41
9 25
4 64
2 92
3 53
7 47
2 92
9 19
9 84
1 65
5 9
6 50
9 66
1 30
7 23
1 1
2 19
9 30
7 32
9 88
6 48
1 8
2 67
9 10
8 51
7 29
9 61
2 98
2 89
7 63
5 50
9 77
1 43
3 36
8 46
3 45
3 44
5 19
5 46
7 33
8 74
1 67
1 22
3 36
7 22
8 73
1 49
1 4
10 31
1 48
7 42
6 13
2 36
5 76
7 7
2 94
2 48
7 98
2 6
8 96
2 58
2 79
2 54
10 87
5 87
2 2
4 52
6 2
5 68
6 29
4 75
4 19
9 78
5 12
9 6
4 26
1 12
10 54
10 31
10 21
4 29
1 29
6 83
6 23
8 17
3 72
7 59
5 66
3 46
5 69
2 86
6 74
8 21
9 94
10 1
7 10
3 96
6 54
1 21
10 99
7 90
2 1
3 33
6 38
4 44
3 55
3 38
3 85
1 31
2 11
6 40
8 54
8 9
6 45
10 100
10 84
4 76
5 1
7 54
8 84
8 35
6 24
6 10
8 29
8 69
1 76
7 52
8 57
7 70
7 86
7 38
3 34
8 34
5 100
8 54
1 54
9 63
5 25
9 6
7 96
6 48
6 85
9 73
5 76
10 91
1 28
5 25
5 39
8 80
1 2
5 97
3 70
3 60
10 13
7 6
6 61
2 67
8 36
7 47
1 81
9 31
1 95
10 10
2 69
4 35
5 46
9 55
10 54
2 20
9 73
1 1
10 16
4 23
10 99
1 30
5 10
4 66
4 65
9 13
7 26
1 2
2 41
4 71
7 96
9 8
3 97
6 5
2 41
1 46
8 79
4 65
4 90
3 57
9 64
5 18
7 52
2 2
5 6
2 75
7 51
1 50
5 20
3 80
6 21
5 75
2 63
7 50
2 85
4 47
4 84
5 57
5 46
3 6
4 79
2 81
10 83
4 97
6 15
3 36
2 58
1 59
7 48
5 55
3 36
7 8
5 70
5 18
2 92
7 18
1 85
6 63
4 61
9 18
6 81
10 91
5 34
1 61
4 22
7 86
5 5
8 89
6 14
7 85
10 55
2 47
1 3
5 39
6 55
1 84
3 100
7 22
5 68
4 82
9 4
6 69
3 17
8 33
3 84
7 65
3 57
8 36
5 87
9 74
6 87
10 59
4 38
6 5
6 12
4 81
5 55
