2 2
8 99
7 93
2 32
7 29
4 36
3 4
4 72
6 66
4 89
10 77
5 63
5 30
4 97
6 20
9 32
7 39
6 24
2 39
9 46
10 64
7 7
6 76
3 49
2 47
9 41
4 7
5 86
2 91
2 46
7 42
10 95
7 74
4 76
10 13
1 73
2 77
2 89
4 96
1 16
3 44
10 74
4 54
4 91
1 32
2 12
6 9
1 51
10 25
10 11
7 99
1 46
2 47
8 85
7 36
6 86
4 3
6 69
8 14
6 69
1 13
6 57
5 75
5 31
2 13
1 9
9 31
9 1
9 12
9 92
5 93
8 42
6 45
9 60
6 80
10 34
3 26
4 32
3 36
10 68
2 42
4 79
8 68
1 62
2 47
9 47
3 74
3 17
6 22
9 92
4 16
1 3
2 75
10 41
6 75
6 70
6 20
10 99
5 3
4 88
3 79
5 83
5 40
9 15
6 26
1 34
4 52
5 59
4 36
1 28
9 16
4 45
8 43
8 71
7 78
5 92
10 33
2 86
8 98
4 91
1 29
1 5
3 27
1 39
2 77
8 81
8 99
9 52
7 19
5 78
10 24
6 33
10 5
6 70
7 36
5 86
9 31
9 25
5 74
10 71
6 14
7 12
10 94
2 96
2 52
3 32
5 2
9 60
6 28
5 54
10 11
1 32
3 8
1 26
1 39
2 7
9 70
1 62
2 98
5 100
7 22
6 41
6 83
2 93
3 8
6 2
2 66
5 96
1 40
5 20
9 18
1 30
3 11
10 9
10 21
4 25
2 64
7 22
2 72
3 11
4 42
7 66
6 37
1 95
4 50
7 4
6 25
8 48
7 7
6 71
2 10
2 23
4 8
5 97
3 72
2 11
7 45
1 47
10 9
1 20
3 52
4 100
6 7
10 15
4 51
10 19
10 50
8 18
7 56
2 88
10 35
8 81
6 63
8 59
8 50
1 65
7 4
10 86
8 49
3 33
5 60
7 6
6 48
6 45
9 21
8 6
5 70
8 57
2 63
10 52
4 31
6 88
10 51
9 77
5 61
6 23
9 80
1 74
8 24
1 96
5 64
7 99
8 69
8 66
9 68
10 89
6 60
8 93
8 1
2 29
9 43
2 12
1 80
10 88
6 63
1 41
9 27
8 3
9 90
4 84
6 64
1 46
7 85
5 49
6 82
7 54
2 62
5 53
8 56
9 29
4 61
5 90
4 23
10 90
4 87
8 13
9 41
9 55
2 75
5 60
7 10
6 53
6 42
5 14
1 47
2 60
6 8
8 36
2 24
9 81
7 68
6 59
7 20
6 69
9 22
1 34
7 73
1 52
1 3
3 74
9 39
5 29
3 11
7 6
2 57
9 82
10 44
8 70
4 58
7 18
9 21
5 50
2 11
8 29
1 42
10 18
3 63
7 16
9 35
3 13
2 36
1 71
1 91
5 84
1 85
4 4
9 12
9 85
5 40
7 75
10 91
8 94
4 98
5 33
7 58
8 89
9 8
9 35
4 69
2 7
7 30
10 62
3 8
10 27
1 11
4 98
7 57
4 73
5 6
3 17
1 75
10 1
2 44
5 6
10 24
1 47
7 17
7 76
8 84
7 39
5 98
7 18
9 32
1 4
5 17
1 10
2 71
7 14
2 90
8 4
1 85
2 30
2 9
9 18
2 96
3 34
3 95
2 95
10 45
5 3
10 64
5 62
4 61
10 40
6 52
5 30
2 50
4 74
7 20
5 68
9 73
7 39
10 28
3 66
7 83
8 61
3 48
4 88
1 66
7 10
9 96
8 18
1 70
2 79
1 65
5 23
10 74
2 7
6 75
2 41
8 98
1 43
10 15
7 20
8 33
9 53
2 96
9 78
5 18
7 54
5 47
6 41
3 84
1 38
8 9
8 70
4 83
9 12
9 66
10 62
7 82
3 41
4 33
3 5
2 5
3 27
4 64
9 12
7 58
1 39
10 2
3 80
5 42
8 34
7 72
3 74
9 42
3 93
8 87
9 71
7 23
6 18
9 62
6 19
8 64
4 96
1 26
3 67
2 25
8 15
2 67
3 29
2 72
7 94
3 94
5 100
3 61
9 86
3 10
7 34
2 35
3 22
4 49
1 59
3 50
6 15
8 6
3 82
6 21
8 23
8 93
7 60
6 71
9 36
4 65
4 37
1 43
8 92
2 62
8 89
8 5
3 59
4 49
5 24
7 60
9 94
7 78
4 40
1 15
10 48
6 61
10 41
7 94
4 36
2 51
2 39
3 21
10 51
3 55
9 93
2 21
8 53
9 52
2 2
1 24
4 21
6 83
6 64
2 18
2 59
9 91
3 3
10 30
1 91
10 13
1 72
9 97
2 8
8 30
5 8
10 71
6 4
2 86
6 76
7 95
6 4
4 5
4 96
9 9
6 58
6 20
6 38
3 3
6 88
1 90
4 33
6 10
7 4
5 72
10 4
2 88
9 64
4 43
9 46
8 85
10 93
6 94
1 5
6 96
8 45
4 86
10 41
2 92
10 14
8 68
4 28
8 21
4 31
4 91
4 53
3 35
4 91
7 56
6 15
2 3
10 43
10 47
7 9
5 34
9 62
3 29
3 4
1 59
7 72
9 6
6 46
4 62
10 33
1 74
7 79
7 16
5 81
2 41
7 55
7 59
6 12
6 77
2 45
6 29
8 20
2 40
10 15
5 90
9 55
9 88
9 57
8 92
10 60
1 29
10 61
2 56
4 11
4 18
3 93
9 92
10 51
3 45
4 66
1 8
8 85
7 38
7 81
3 18
9 23
10 76
5 21
10 60
2 28
3 94
9 22
7 15
7 24
7 37
4 26
8 71
6 70
4 84
3 43
3 75
1 3
10 57
9 61
6 83
2 22
9 63
4 90
10 90
10 56
6 64
7 19
7 87
2 79
4 69
5 59
5 30
5 32
10 83
6 80
10 34
4 82
7 70
8 91
9 2
10 11
3 62
7 13
4 57
3 43
8 35
3 90
5 20
5 10
5 90
10 46
9 28
4 28
4 91
2 37
10 78
3 68
6 90
5 76
4 93
4 15
4 73
6 6
7 15
3 44
8 77
4 32
3 42
6 35
6 18
6 22
3 23
6 24
2 14
3 44
5 70
10 71
1 14
1 97
1 26
2 91
4 2
5 16
7 15
4 20
4 59
7 75
6 55
9 95
8 72
9 10
4 24
7 34
1 95
4 26
5 78
3 66
8 7
5 24
7 23
7 3
2 2
3 93
1 85
3 24
3 86
2 77
2 36
9 85
3 72
5 93
5 97
4 62
10 30
10 83
3 71
8 31
3 18
10 55
8 51
9 36
1 98
1 25
5 97
6 4
6 30
6 75
1 55
5 35
3 73
6 25
5 98
1 77
6 45
7 73
9 85
5 34
2 57
2 42
5 55
9 26
1 31
10 74
9 67
3 88
9 73
2 86
5 5
10 1
6 57
1 31
10 59
5 12
3 99
1 24
10 35
5 12
5 63
4 64
1 25
7 86
3 22
9 26
3 95
1 23
3 4
10 5
3 87
10 95
1 92
3 83
6 44
9 14
5 96
2 24
10 2
10 69
5 24
5 74
3 24
10 86
6 4
2 55
3 62
7 54
2 100
4 28
5 47
10 39
4 45
3 74
5 53
10 81
6 91
4 52
5 85
1 14
10 46
6 74
9 14
10 43
10 7
3 2
3 87
4 96
1 74
7 10
10 3
5 61
6 38
5 90
9 38
3 5
6 94
10 96
3 90
6 59
6 56
8 96
6 60
9 17
3 62
10 76
10 63
6 49
9 27
4 35
9 25
7 69
10 100
10 63
4 59
10 34
7 53
1 20
8 99
9 1
6 75
3 48
8 33
2 47
4 29
7 79
1 92
5 22
2 36
9 50
6 28
4 95
10 24
9 86
6 7
5 69
1 87
4 87
8 50
8 97
10 55
6 86
9 79
3 5
5 10
4 93
9 49
2 51
5 51
2 12
5 49
8 57
8 35
4 20
3 49
6 71
4 78
7 57
6 17
6 62
4 62
7 45
4 91
9 93
1 64
5 43
9 40
7 68
4 79
5 99
9 90
6 27
1 67
10 14
4 22
5 45
10 51
2 8
7 25
4 50
2 96
9 84
3 49
10 59
3 56
3 56
4 42
1 3
8 4
1 31
2 67
1 25
2 19
6 12
3 56
9 78
3 96
8 86
5 47
5 30
4 7
9 63
2 73
9 63
8 74
2 67
3 47
2 51
6 28
10 76
8 91
10 1
10 22
8 29
6 58
1 76
1 47
2 80
7 5
3 24
1 89
1 46
9 98
2 23
4 44
8 84
6 23
10 18
8 79
5 77
10 31
9 98
6 71
8 4
3 33
8 54
3 69
2 8
1 45
6 52
9 49
8 20
5 6
10 45
8 34
8 38
4 89
2 99
6 99
1 17
2 46
6 29
9 78
1 37
2 43
9 19
8 28
6 76
3 11
3 52
