3 20
2 45
5 25
10 26
2 53
10 94
9 53
2 74
8 85
7 5
6 91
8 32
4 45
4 47
8 93
9 17
5 71
3 85
9 75
6 61
9 14
6 7
8 13
8 31
2 44
9 43
8 93
1 95
3 31
10 34
3 66
1 37
7 7
10 67
2 45
1 33
1 68
6 65
7 24
7 62
8 86
3 99
9 91
5 9
8 90
3 87
1 81
5 9
3 20
1 45
5 10
2 91
9 8
9 19
2 24
10 93
1 87
2 88
9 52
5 84
4 89
8 50
3 91
1 14
10 14
2 14
7 10
7 66
4 59
3 92
2 32
7 86
7 27
2 34
7 85
6 37
9 80
7 64
3 63
4 4
5 65
10 90
6 42
6 39
9 27
4 58
4 13
4 73
1 34
9 33
5 68
10 7
10 54
9 15
3 45
9 63
2 56
4 29
9 1
3 26
7 81
3 52
4 98
4 51
3 39
5 93
10 9
9 100
5 13
2 37
9 66
3 66
9 29
4 99
8 24
6 82
5 13
10 19
2 52
10 12
6 4
5 95
8 62
2 69
9 71
8 1
2 54
10 14
3 62
2 9
1 58
7 73
6 27
8 93
2 94
4 32
3 11
8 45
8 66
6 25
10 50
4 99
5 75
6 14
8 45
5 34
1 83
7 8
8 70
9 64
6 4
1 46
7 50
4 29
3 2
9 69
3 32
4 87
2 15
3 87
8 100
7 49
10 20
9 62
6 40
1 26
4 95
10 59
10 99
9 90
7 56
8 73
5 46
9 9
9 82
5 25
10 44
9 68
7 28
5 33
2 72
9 61
4 50
7 99
4 87
10 56
10 32
8 16
5 100
2 30
1 79
2 19
4 89
9 23
8 56
9 5
1 17
8 100
6 62
8 73
6 98
4 11
4 52
7 31
6 14
3 52
7 2
3 46
9 35
7 100
3 19
5 48
3 36
10 80
10 6
2 90
1 8
5 43
3 55
3 54
5 92
8 93
1 52
8 70
5 74
6 92
6 30
1 100
3 2
9 15
1 66
2 49
1 73
1 1
1 46
5 76
1 89
3 44
4 48
10 91
3 98
10 40
5 59
7 65
3 53
4 83
2 71
8 16
8 41
4 68
8 47
2 10
8 31
9 89
7 2
10 80
1 47
2 67
3 57
10 41
2 54
9 58
7 4
9 9
3 11
9 92
8 54
4 48
10 60
6 12
6 19
4 9
2 13
5 49
2 37
8 86
4 29
2 10
5 90
2 72
3 81
7 9
3 54
8 93
8 54
4 98
6 27
2 48
5 99
7 46
3 37
10 36
10 22
4 58
8 44
7 22
9 29
4 91
8 91
6 30
8 55
1 89
3 9
9 67
5 71
6 70
4 89
5 21
1 1
6 94
3 59
2 59
7 33
2 42
2 30
9 15
6 85
5 79
8 93
4 14
3 19
10 85
5 52
9 3
10 81
4 47
10 9
10 55
8 91
10 95
1 90
2 3
3 54
6 7
3 11
2 47
8 16
8 20
1 70
1 82
2 96
2 15
8 17
6 33
10 56
2 72
8 15
5 11
1 71
5 53
3 20
3 16
5 70
5 78
6 52
6 35
6 37
5 72
9 8
8 90
6 45
6 63
9 18
7 50
1 48
8 17
10 12
3 37
1 45
9 55
7 93
2 86
7 27
10 96
7 80
9 29
8 92
3 75
8 98
4 46
2 33
9 8
4 9
9 91
9 65
6 99
2 89
5 95
9 39
7 97
4 97
1 39
9 26
10 36
6 56
4 37
1 25
1 16
1 10
2 22
10 74
10 90
2 65
6 13
5 30
4 22
4 54
7 56
10 74
3 70
9 67
8 3
10 78
1 47
5 92
4 10
7 60
2 100
9 93
6 1
5 62
3 44
5 67
4 55
6 2
2 90
2 96
9 85
1 11
1 32
2 33
3 90
8 55
9 82
3 63
9 83
8 68
1 29
3 41
10 21
4 93
4 42
7 42
3 63
3 11
3 11
4 81
1 59
2 62
3 30
4 2
3 38
6 80
2 51
10 47
7 66
5 10
10 88
2 49
7 89
5 20
3 80
5 98
4 53
7 67
1 30
4 99
9 47
2 10
5 80
6 33
4 61
10 23
10 79
7 14
8 78
5 84
6 15
4 55
8 39
6 52
7 17
3 24
4 73
8 37
9 54
6 60
8 56
10 30
4 55
4 8
4 3
1 28
9 73
7 89
8 18
3 71
1 83
1 96
8 89
5 11
5 88
8 100
3 100
4 61
7 20
1 92
8 55
8 92
6 44
9 22
1 33
7 58
10 48
4 60
2 47
7 51
8 67
1 59
10 20
9 86
7 2
8 37
6 35
5 48
9 54
4 94
5 94
1 62
10 13
10 3
7 39
3 4
5 69
5 40
5 86
2 86
4 70
4 63
10 79
9 24
5 6
1 44
4 70
10 51
2 88
6 18
1 56
8 32
6 27
1 48
1 34
5 1
1 23
5 63
6 19
4 68
10 28
2 12
6 36
1 1
10 51
7 44
9 91
1 61
1 26
9 1
9 38
5 15
4 28
10 32
2 62
9 52
10 4
6 54
3 26
7 56
2 33
1 13
1 71
5 88
1 21
4 38
9 80
4 80
9 3
9 26
4 17
6 20
3 19
10 12
3 69
5 56
3 78
1 38
7 53
9 9
1 52
1 16
5 60
1 39
8 72
10 42
7 31
4 47
3 75
10 31
1 60
8 64
10 42
5 22
1 49
2 20
9 39
10 66
4 80
10 78
1 85
2 68
8 29
1 75
8 34
7 65
1 68
9 90
9 94
2 94
3 94
1 69
1 14
1 37
7 50
10 59
2 55
5 35
6 15
6 50
8 27
10 25
2 33
9 69
6 28
4 97
5 17
3 76
5 26
10 52
9 62
8 12
10 3
6 87
1 68
7 97
7 86
5 36
5 51
7 84
6 30
6 99
2 2
7 45
6 41
3 43
8 97
7 43
7 76
8 16
1 57
6 13
3 3
10 57
4 85
3 4
1 19
10 89
9 77
2 91
3 73
6 55
2 59
1 57
7 74
9 3
2 94
8 16
8 42
7 72
4 84
10 57
8 39
10 38
10 21
6 84
4 93
9 67
4 20
2 35
3 49
3 72
9 70
4 83
6 100
10 30
2 15
10 60
5 58
6 51
9 94
8 74
7 81
10 56
5 51
1 79
7 9
8 62
3 10
1 42
6 11
6 39
6 99
6 3
4 96
2 7
2 26
10 51
7 5
3 9
7 77
7 90
7 46
8 65
1 74
2 36
10 49
4 41
2 32
4 35
2 94
6 34
9 83
4 97
1 34
7 78
2 46
2 64
8 25
5 94
9 25
9 27
10 21
6 78
5 77
1 43
6 46
6 49
10 37
3 1
1 42
5 44
6 37
2 56
7 88
9 32
7 84
8 78
5 67
1 82
6 71
7 37
2 70
6 4
6 82
3 75
5 35
9 10
3 83
8 12
3 29
1 7
3 23
6 100
6 91
10 60
5 90
6 88
6 93
4 9
9 76
4 35
7 20
2 21
7 19
9 95
3 23
10 96
5 69
10 43
9 10
1 8
6 69
5 11
1 27
3 70
10 99
7 85
8 53
10 92
9 54
6 52
7 22
4 22
1 7
7 57
8 70
7 75
10 53
3 60
7 16
9 87
6 41
1 53
7 78
2 80
5 80
9 69
9 83
4 46
6 9
3 35
2 93
10 80
6 90
3 5
4 13
3 79
7 23
7 99
8 87
4 59
4 77
5 60
3 36
1 39
4 38
9 62
5 38
10 60
4 99
8 83
7 80
5 62
10 48
8 18
9 81
1 36
1 28
4 50
1 87
5 22
10 35
5 48
9 77
3 54
1 41
3 31
1 71
9 65
10 90
5 100
1 42
1 16
8 30
3 95
2 71
5 49
7 96
10 18
9 18
9 18
4 56
1 83
10 89
2 31
3 34
3 51
2 16
10 17
8 46
8 83
4 32
5 63
5 12
6 28
8 14
2 37
1 67
6 4
10 26
6 68
3 12
3 81
8 6
2 43
10 17
10 42
9 14
3 73
1 60
8 45
6 67
2 58
2 39
4 94
6 14
7 49
5 15
2 20
5 64
7 25
10 19
6 12
6 61
10 26
10 52
3 15
9 47
3 18
4 44
8 76
6 33
1 17
10 28
6 81
7 6
5 51
6 71
7 29
10 41
6 95
4 87
4 73
6 41
5 100
4 57
5 92
8 16
5 45
2 66
10 44
8 77
8 50
7 86
6 72
7 35
8 58
1 18
8 42
5 97
6 40
10 95
2 53
9 53
6 12
1 59
10 73
2 71
10 69
10 88
10 87
7 74
6 34
2 60
8 96
5 71
6 39
9 81
1 30
8 58
10 95
6 13
1 20
7 74
3 48
9 1
2 49
1 22
4 32
1 66
1 45
6 75
3 4
6 9
7 57
9 26
9 33
10 28
5 57
9 1
4 56
6 16
