4 43
4 18
6 80
2 17
9 7
10 82
4 37
8 20
6 39
2 74
9 63
4 68
8 31
4 45
2 43
3 30
10 66
2 9
9 92
8 69
2 99
3 6
9 81
10 33
6 60
5 3
7 77
2 71
9 31
3 81
7 59
3 92
5 23
7 44
10 64
7 31
7 69
7 59
10 73
7 66
5 20
5 40
8 51
2 41
10 63
7 47
6 77
7 27
1 64
9 54
9 82
2 22
5 48
7 88
7 34
4 81
2 4
2 35
8 31
2 34
1 55
9 95
1 18
4 59
5 22
10 59
6 45
1 23
4 26
5 92
10 99
7 14
2 38
7 23
7 5
2 8
4 51
10 10
6 92
3 60
3 65
5 51
1 58
3 94
3 29
9 73
1 9
10 78
8 63
1 65
7 60
5 29
9 75
9 78
9 74
4 93
10 73
9 58
2 35
8 95
2 99
4 23
3 63
10 1
7 79
8 51
6 96
4 86
8 43
6 89
3 5
3 22
6 90
8 45
5 40
2 29
2 74
8 96
9 93
2 83
2 46
8 71
8 37
9 50
8 31
9 46
1 92
3 1
6 96
8 70
8 12
10 8
3 39
3 58
5 72
6 75
10 12
1 59
9 93
6 10
2 98
7 53
1 72
7 32
8 67
8 91
7 35
7 26
8 74
6 87
4 79
1 86
5 32
10 33
10 33
4 90
9 70
3 34
2 95
9 88
3 46
7 35
10 62
10 5
8 63
8 85
5 51
10 71
1 28
8 68
2 63
8 89
2 37
9 98
6 4
5 100
2 63
1 2
7 8
5 69
4 62
8 39
8 3
5 76
9 34
5 76
9 98
7 76
10 33
1 3
4 80
6 45
6 48
4 89
2 53
8 23
4 67
9 57
10 59
2 22
1 28
7 50
6 55
7 74
3 72
4 67
8 6
1 19
4 7
10 6
5 78
3 3
6 2
1 52
9 88
2 12
10 12
7 76
10 29
10 73
2 11
6 73
3 75
2 33
5 34
6 54
9 42
10 49
2 46
6 82
1 69
2 4
10 19
7 64
7 88
1 31
9 38
7 29
1 74
4 68
2 94
5 38
2 66
9 88
2 89
8 65
6 67
4 19
4 65
5 80
2 25
5 88
5 13
10 51
8 15
10 99
2 87
3 57
9 25
7 49
7 73
5 79
6 9
2 64
4 39
4 14
1 96
8 37
8 48
10 80
2 95
8 68
10 25
4 23
9 20
6 32
4 64
8 42
5 96
7 36
3 26
9 90
6 83
1 46
7 91
5 2
7 85
3 33
3 56
8 100
10 65
5 52
8 52
9 41
9 22
10 51
8 29
6 10
6 96
10 87
5 98
1 99
9 74
1 58
2 44
6 33
7 35
3 98
8 90
2 73
4 42
2 37
2 19
9 99
1 87
1 23
7 40
9 82
2 73
4 57
5 89
9 40
5 28
10 13
9 14
4 28
10 81
7 17
4 76
7 86
10 11
4 3
10 87
3 19
4 22
2 35
7 2
5 47
10 52
5 47
1 40
4 72
5 42
9 3
5 27
6 61
1 8
7 99
9 41
4 6
7 78
5 63
10 1
3 37
6 79
10 61
9 100
10 39
1 18
9 21
6 62
5 98
10 63
6 18
5 11
4 3
9 40
1 99
9 20
9 33
1 54
9 70
4 2
10 71
2 99
8 13
2 39
1 44
9 39
4 9
1 42
1 95
10 49
1 28
4 49
5 18
9 84
2 40
1 33
9 87
8 20
5 52
6 35
4 16
3 65
10 19
4 64
4 56
5 88
2 18
8 66
8 49
5 38
1 12
4 35
5 92
4 18
8 49
1 35
10 24
8 12
7 25
10 78
4 64
2 9
8 16
6 20
2 95
4 55
6 81
10 19
6 56
4 32
1 13
2 89
9 41
1 40
9 99
6 84
5 14
4 49
5 99
1 11
8 73
10 40
8 17
9 56
5 44
7 91
7 60
3 46
6 20
8 46
2 93
8 10
7 10
6 27
6 78
8 27
6 58
4 4
10 73
8 3
5 77
4 74
3 69
9 90
3 32
7 1
9 22
7 35
1 28
4 72
6 30
6 24
10 42
9 31
3 40
8 68
6 50
5 89
3 89
2 36
8 61
8 62
5 14
4 93
3 9
9 11
4 27
6 26
5 5
3 70
3 52
8 92
6 31
3 77
7 52
7 50
5 35
4 76
4 55
3 99
3 95
8 5
4 81
7 96
8 67
5 68
6 18
3 73
4 52
9 85
6 65
6 23
4 42
5 43
6 31
1 32
2 80
5 53
10 59
4 36
7 68
9 54
7 57
5 80
6 1
9 18
3 33
10 22
5 95
6 24
8 59
6 62
9 43
10 11
9 2
6 68
6 81
3 59
6 38
3 24
5 55
3 63
10 99
8 33
5 20
6 18
3 78
4 15
6 72
5 7
2 5
4 34
10 80
6 67
2 89
1 51
6 32
5 80
10 13
9 94
10 59
7 34
3 89
4 84
7 3
4 39
7 65
8 28
9 31
6 39
8 57
6 64
4 34
9 70
6 13
5 10
8 43
5 63
1 24
5 1
7 40
7 100
7 86
1 43
4 5
2 34
2 31
5 34
8 72
9 68
4 7
4 70
1 60
8 61
2 74
2 18
4 76
6 56
2 43
5 15
7 62
6 21
7 31
5 51
5 78
7 55
2 48
5 84
4 18
5 93
4 28
8 31
2 57
3 90
4 25
5 12
2 91
6 79
1 4
8 73
8 100
2 42
1 64
1 25
8 46
5 10
3 26
4 48
8 57
8 43
3 8
5 86
4 30
10 41
4 7
3 18
6 79
3 85
8 75
6 4
3 26
3 53
6 39
5 45
3 23
6 94
7 31
4 17
3 25
2 93
5 48
9 12
6 1
8 9
7 32
8 27
10 84
6 89
6 96
8 33
3 91
2 56
4 43
10 5
8 98
8 30
7 94
5 40
6 60
2 17
5 80
2 45
9 51
6 26
1 73
2 54
4 89
10 84
2 96
7 74
4 11
3 97
1 50
3 82
1 15
10 22
7 42
3 2
6 75
7 13
6 25
9 26
3 30
5 42
5 21
10 71
9 43
5 36
1 12
3 54
5 74
6 87
5 40
10 5
2 76
1 49
5 49
2 39
5 8
5 79
9 95
1 66
9 3
3 47
7 15
6 67
6 25
1 8
9 63
1 87
10 26
1 47
8 13
1 87
8 45
2 74
7 90
6 93
10 65
7 73
1 44
9 95
5 72
7 54
4 46
9 29
2 42
5 54
5 88
1 3
10 24
7 71
9 57
9 73
5 91
3 50
5 3
5 29
7 100
2 40
9 43
2 77
8 42
6 23
8 39
4 79
6 21
4 51
4 65
8 94
9 19
10 67
7 63
5 60
4 67
4 19
6 95
7 100
5 16
6 45
9 18
5 87
6 40
8 42
7 98
10 85
6 31
6 55
2 29
1 70
10 95
5 90
4 1
4 90
7 67
4 12
2 12
8 55
2 90
3 51
8 59
1 52
8 58
4 30
2 61
9 57
4 27
9 94
10 42
2 83
2 15
10 77
7 2
9 55
7 1
3 58
9 57
5 99
7 48
5 5
10 34
10 50
10 27
10 17
8 94
2 47
3 60
10 19
6 23
1 30
7 3
10 7
7 32
3 32
4 82
3 32
3 93
9 46
4 19
6 38
2 61
9 26
5 67
4 54
4 77
6 78
8 27
2 75
9 59
2 58
6 34
8 89
5 1
1 83
3 48
3 6
1 26
4 59
2 10
6 71
5 9
4 50
6 37
9 38
5 99
3 5
7 54
2 98
7 31
6 62
10 76
9 56
2 33
6 96
6 95
8 86
2 86
8 93
5 65
4 99
6 80
10 76
4 37
7 63
9 51
3 58
1 85
6 81
7 96
2 91
8 25
10 97
6 82
7 24
9 87
7 90
9 69
2 8
5 39
1 7
4 97
2 29
10 18
10 19
4 73
7 2
8 4
8 98
9 10
5 20
5 56
5 11
2 27
2 46
4 72
2 46
9 44
6 78
10 55
9 5
4 29
8 59
6 88
4 85
9 77
2 27
9 58
8 3
3 9
1 32
6 24
2 61
7 25
5 72
3 84
6 28
10 95
4 43
1 58
6 77
9 77
1 90
5 7
2 14
9 36
1 99
5 48
9 7
7 35
6 93
9 25
5 87
8 100
6 26
2 12
2 90
10 99
2 9
1 78
2 31
1 72
6 7
6 42
6 13
5 75
8 91
5 83
9 51
3 68
10 76
9 16
6 57
1 94
3 92
10 91
10 78
3 21
3 32
9 48
2 30
1 57
8 68
10 40
3 47
4 90
7 29
4 21
2 13
8 40
1 18
1 6
5 16
2 78
1 14
10 29
9 58
9 29
3 46
4 14
1 27
3 95
7 25
10 51
1 27
7 62
6 69
8 36
6 60
9 96
7 41
2 77
2 34
8 10
6 2
1 24
2 48
3 43
