1 6
7 33
10 77
3 99
1 47
9 27
5 73
7 17
7 50
3 52
6 99
6 65
6 2
10 71
7 11
4 24
6 73
4 19
6 51
2 30
6 51
1 46
3 71
2 45
2 12
3 44
2 11
9 31
6 36
6 83
6 14
5 15
8 67
2 34
2 7
8 32
4 83
4 7
4 68
6 99
9 19
3 95
10 51
7 27
2 99
2 15
10 45
1 48
7 20
1 90
2 3
6 22
2 15
2 55
8 95
5 85
7 95
10 1
3 42
1 28
9 40
10 35
5 53
1 84
2 68
4 7
8 41
5 4
1 71
5 73
1 37
3 35
9 75
3 51
5 84
10 39
3 28
8 43
3 89
2 50
5 23
10 18
2 93
1 57
2 2
10 69
5 1
9 46
9 93
9 15
2 82
6 36
3 61
5 19
6 74
8 67
4 64
3 89
8 6
8 86
8 10
7 62
6 27
9 2
8 4
10 47
4 27
5 66
7 84
4 88
4 67
7 3
4 81
3 58
10 92
7 22
2 49
7 23
7 88
10 27
4 79
4 74
3 64
2 66
10 81
7 45
3 33
10 65
4 41
4 92
8 56
5 34
3 52
6 41
6 55
4 88
10 88
8 8
3 100
10 67
6 79
8 78
5 95
6 82
4 19
1 99
6 77
2 42
2 64
8 57
8 25
6 18
10 85
3 93
10 59
6 78
8 80
5 63
10 57
8 10
10 80
5 63
6 96
2 38
6 3
8 88
9 9
3 97
9 95
5 9
4 26
4 39
5 63
3 16
9 52
8 60
5 92
6 45
2 64
2 5
4 98
1 37
3 79
5 92
10 62
10 88
5 76
6 42
2 79
1 89
6 7
6 97
7 35
6 91
8 29
9 64
3 73
3 68
9 24
7 72
8 26
3 19
4 13
5 6
1 37
1 95
8 82
9 29
10 89
6 11
4 48
1 90
1 88
10 1
9 72
9 16
2 19
10 61
10 22
2 8
8 42
7 76
8 86
4 87
3 26
5 79
10 36
5 28
5 54
5 88
2 13
7 93
3 9
7 66
9 99
9 75
6 8
4 94
4 71
1 76
6 62
5 33
5 73
10 70
7 17
4 1
3 45
10 11
8 92
7 42
6 31
4 4
2 52
7 12
7 27
10 4
2 37
6 97
7 72
8 76
6 12
8 93
4 16
5 62
8 80
7 25
5 2
5 3
4 78
4 58
6 29
6 22
9 47
2 77
3 89
3 73
10 30
3 31
5 37
3 41
10 4
7 7
9 28
8 83
8 86
1 73
9 30
8 15
8 39
4 10
3 3
2 21
4 25
1 50
6 52
8 72
7 54
5 53
4 34
3 41
7 16
7 87
4 100
8 83
5 75
3 29
4 86
4 46
3 59
1 88
10 70
6 1
2 28
4 89
3 60
5 37
8 72
4 90
3 19
5 69
3 9
7 57
6 30
5 2
6 1
7 17
4 50
3 38
5 27
4 85
6 37
1 66
8 29
4 76
4 53
4 66
9 70
8 90
9 41
8 10
4 67
10 75
9 8
9 76
1 60
1 28
3 73
3 22
9 33
6 79
1 9
1 78
4 26
5 24
1 60
2 45
10 1
7 51
2 25
4 18
2 81
6 66
2 12
7 46
4 6
2 86
4 88
2 68
9 81
7 75
8 25
3 32
5 55
3 46
9 16
5 5
3 51
6 100
9 3
9 93
7 70
7 89
5 92
6 85
1 75
6 27
8 95
1 47
10 17
9 55
4 22
4 77
10 90
7 16
6 38
7 5
9 67
10 65
4 85
8 52
1 8
8 37
5 71
1 9
4 27
4 70
3 90
4 69
8 17
7 40
7 60
5 14
4 86
7 96
6 73
10 91
8 12
7 64
1 32
4 63
8 84
2 11
9 85
6 42
5 70
5 75
10 29
4 10
1 19
2 24
9 83
9 7
1 3
8 47
8 6
8 77
5 18
7 62
10 46
10 72
3 96
2 60
9 70
1 67
3 34
7 80
6 28
8 23
4 32
8 76
9 26
10 22
4 27
3 96
7 65
5 30
7 10
8 10
6 14
4 61
1 99
3 52
1 26
7 9
10 73
3 43
9 99
5 99
10 89
8 15
2 67
7 9
8 66
9 34
6 33
7 25
6 26
1 96
1 21
4 50
1 80
5 82
10 70
9 75
3 94
2 53
2 11
10 81
3 86
3 25
9 24
1 3
1 51
3 64
6 96
10 97
10 63
7 22
7 58
8 16
4 31
1 13
7 82
8 81
5 48
5 92
4 10
1 43
1 49
5 81
6 87
6 76
3 32
7 52
3 76
1 88
6 32
8 67
9 19
3 58
5 70
8 45
1 60
4 40
7 26
4 37
3 39
4 72
9 32
5 35
4 62
1 3
10 81
5 83
10 78
5 72
6 41
10 34
5 37
8 63
10 52
6 42
3 19
5 64
2 23
6 67
7 27
4 31
8 50
2 65
4 80
1 14
8 69
9 50
10 42
7 76
3 57
3 31
2 75
9 90
6 49
5 84
6 85
10 49
7 3
2 30
5 96
8 93
1 46
1 2
1 90
10 18
3 39
7 84
2 32
1 31
4 78
4 30
3 48
6 76
1 15
6 29
3 10
8 61
10 63
9 84
3 97
8 50
10 23
2 50
3 49
4 30
2 57
5 49
10 88
3 82
1 24
6 73
2 83
5 89
8 78
10 9
2 36
3 19
7 29
6 35
1 23
8 76
4 36
3 42
1 22
8 24
6 33
8 4
4 31
9 10
10 22
6 22
6 50
3 47
2 49
5 49
6 73
10 73
9 42
6 76
6 37
7 26
9 1
6 2
5 9
6 60
2 70
10 42
1 7
1 83
10 23
5 46
2 52
2 8
10 26
9 83
9 34
8 75
9 85
5 97
9 65
8 14
3 60
4 89
7 80
8 74
3 95
2 56
9 83
6 90
9 70
7 95
8 60
4 60
3 74
6 30
8 40
10 37
2 6
2 71
2 89
7 46
4 88
8 34
7 94
7 55
10 12
4 20
3 68
2 24
8 70
5 54
7 45
9 44
4 73
1 16
2 76
10 28
5 32
7 60
7 70
8 50
4 25
8 62
2 41
10 32
4 54
8 84
6 28
9 28
5 93
3 69
10 64
9 63
4 53
10 11
9 30
1 100
1 29
1 70
3 23
8 16
4 70
6 88
6 30
6 49
3 87
3 28
1 26
9 9
6 61
3 13
8 66
5 77
1 84
6 46
2 51
2 60
8 18
7 34
7 18
8 75
1 84
5 95
7 24
7 95
4 14
10 4
2 27
1 28
5 30
7 20
4 36
6 59
7 25
3 82
10 1
3 49
8 55
1 69
7 6
7 12
7 57
6 35
8 93
1 34
5 71
10 39
5 63
10 13
9 49
4 4
3 54
1 12
7 19
10 98
8 38
5 94
10 59
4 54
10 63
4 87
8 79
7 19
6 71
9 4
7 69
10 33
6 45
1 35
5 84
7 78
10 31
9 54
4 66
2 37
10 69
4 58
2 5
4 17
9 20
2 38
5 24
5 28
3 19
10 63
10 13
2 17
4 46
7 51
10 47
8 72
8 15
5 8
1 19
9 71
7 75
4 92
8 15
1 96
9 15
8 80
4 8
5 32
8 21
9 54
4 65
10 67
2 86
9 17
2 87
5 35
8 23
5 17
2 23
4 27
9 62
3 74
10 83
9 14
2 100
8 59
10 98
5 51
4 78
2 88
5 51
6 59
9 81
3 98
2 38
8 41
7 59
6 68
9 92
6 42
2 85
9 81
1 5
4 99
4 53
8 74
2 21
10 9
1 12
8 15
9 33
5 8
7 7
10 66
2 65
7 98
10 71
10 1
6 17
3 99
8 70
2 35
4 78
1 64
2 40
5 11
8 80
7 13
4 45
8 66
7 27
10 30
4 59
9 55
4 80
6 47
2 82
7 10
8 18
6 29
8 82
9 19
8 3
7 53
9 13
4 14
7 98
7 80
8 83
4 70
7 96
10 79
10 15
9 80
3 5
4 2
3 61
1 99
6 46
3 91
6 60
10 95
2 6
7 97
6 59
9 27
2 38
2 39
6 61
6 76
2 99
5 73
7 2
7 58
9 5
5 47
6 61
3 16
3 83
2 78
6 86
10 86
8 7
10 20
3 43
6 48
5 48
2 72
4 4
9 61
6 95
10 53
8 16
10 22
10 48
9 74
10 92
4 46
4 1
2 5
7 69
3 29
4 79
5 93
2 43
3 64
6 66
1 85
8 82
7 49
6 91
1 41
4 9
8 100
6 45
6 77
9 35
1 90
2 74
10 79
8 52
7 26
9 8
6 56
3 31
6 52
10 7
10 11
8 99
4 72
8 27
9 74
7 22
5 61
9 83
10 62
9 31
9 64
10 63
3 36
5 65
6 8
5 87
10 84
10 71
2 73
3 34
10 68
4 98
2 31
5 32
10 47
5 82
2 22
9 9
1 99
5 47
10 1
