3 31
5 1
8 6
1 66
5 42
2 23
2 91
6 7
2 27
10 12
10 87
6 54
8 23
7 57
7 73
1 33
1 10
9 78
8 69
3 42
2 40
6 9
10 93
6 80
2 27
2 14
2 10
5 55
2 17
3 34
3 94
10 34
4 40
10 53
7 34
7 73
9 55
2 25
4 74
5 17
1 51
8 18
6 29
6 5
9 37
9 58
1 68
10 73
10 68
5 16
5 56
3 8
6 62
5 67
9 6
10 95
3 85
6 66
6 96
10 50
1 83
3 19
5 66
5 99
6 84
9 61
1 43
5 99
2 80
8 55
8 84
7 82
6 16
4 57
6 21
3 4
10 51
3 64
6 93
7 15
5 99
7 7
2 48
1 1
8 63
3 14
1 96
10 57
7 35
9 79
3 62
10 3
9 77
4 85
2 84
3 98
2 56
3 10
6 70
7 83
5 73
10 54
5 27
4 57
1 12
5 48
3 75
6 89
1 25
3 10
8 56
7 8
1 85
9 23
2 2
2 97
9 11
8 57
10 88
4 26
3 89
4 45
5 75
9 43
5 87
10 19
2 99
8 41
5 48
7 28
9 83
4 82
1 70
7 42
6 4
8 19
6 75
3 100
7 86
8 68
2 42
7 49
9 32
9 100
6 62
5 75
1 70
8 63
9 68
5 97
7 6
5 45
9 27
7 47
7 33
2 46
5 12
3 18
7 28
6 98
1 31
6 51
1 37
5 64
10 86
7 38
7 86
4 36
1 47
4 9
4 67
5 18
9 87
2 60
2 69
2 14
10 39
10 100
1 7
3 8
2 40
4 78
6 73
9 3
10 76
8 50
2 96
9 68
5 9
2 10
4 23
4 61
10 10
9 62
7 65
3 48
2 57
8 31
6 46
2 59
6 82
2 30
5 41
1 95
6 44
9 12
7 85
10 27
2 80
4 81
4 38
6 80
7 39
9 31
7 90
2 16
6 8
8 1
9 1
2 36
6 85
5 66
9 55
2 3
7 77
4 25
2 23
2 83
4 29
2 25
7 72
4 41
5 68
10 20
7 49
10 14
10 48
10 1
4 82
3 70
2 32
3 71
10 74
9 90
10 58
7 69
2 68
10 47
8 93
7 1
4 20
1 11
4 77
10 51
2 21
4 64
10 31
7 2
6 90
10 44
6 12
9 35
2 71
3 45
7 74
8 82
2 35
2 41
7 60
3 86
7 84
7 33
10 97
3 78
6 56
1 30
1 5
2 47
9 24
2 25
7 17
9 30
1 45
4 8
3 53
3 9
6 96
6 32
5 69
1 11
10 95
5 92
4 94
10 62
9 8
9 28
3 88
6 69
1 66
8 81
9 100
4 48
1 29
8 37
4 24
1 17
5 8
1 78
2 95
4 18
8 38
10 97
4 64
4 88
8 67
2 24
6 28
4 31
9 65
8 98
6 26
2 16
5 90
3 7
10 76
5 53
5 82
6 82
8 37
5 65
7 91
4 57
5 87
8 98
2 71
3 77
2 11
3 73
5 37
2 40
9 73
1 42
10 25
6 52
3 63
8 94
1 7
7 83
5 95
4 30
1 56
5 70
4 87
6 70
1 6
10 56
9 14
4 57
8 94
6 38
6 66
3 61
10 90
10 26
1 53
2 77
10 98
4 51
1 30
7 81
1 32
6 76
9 27
5 2
6 14
3 62
6 90
8 64
7 44
7 48
2 58
5 25
8 88
9 62
1 12
7 69
1 100
9 8
5 64
8 18
4 96
8 45
10 11
2 6
10 10
4 71
1 64
2 25
4 63
5 31
9 33
4 50
2 77
5 75
2 32
9 43
3 5
7 26
7 85
6 75
8 79
1 84
5 80
9 81
4 86
6 16
3 65
9 69
4 79
10 31
2 13
1 35
4 79
4 87
3 11
8 24
9 88
2 2
1 90
6 54
9 78
5 91
8 19
6 80
8 67
1 93
2 89
1 61
5 17
2 89
10 87
10 67
10 52
5 50
6 9
3 98
2 2
7 64
9 61
7 73
1 80
1 24
1 49
1 53
10 60
4 83
1 19
5 70
5 55
3 68
3 19
7 51
1 22
5 17
9 61
5 14
1 71
2 18
6 46
7 11
7 10
4 10
7 28
9 40
10 14
9 31
7 43
7 39
10 51
8 47
3 80
3 17
2 15
7 47
6 54
2 39
4 31
5 42
7 71
1 77
7 44
1 36
10 48
9 72
8 48
7 77
2 50
7 13
6 96
5 21
2 10
6 90
7 26
5 55
3 38
1 21
10 22
5 7
1 24
5 69
2 14
3 37
1 35
7 91
8 79
6 26
3 62
7 42
4 75
10 84
6 30
7 52
5 67
3 75
2 13
4 27
8 80
9 20
1 91
8 53
7 43
6 3
10 45
10 49
6 75
10 37
8 59
8 95
2 43
1 65
8 41
5 8
10 98
9 26
5 6
6 40
10 69
6 51
2 25
6 50
4 49
7 64
8 29
3 80
1 35
3 61
1 70
2 30
8 37
9 98
2 28
6 13
8 88
3 19
10 13
3 9
10 54
1 91
6 35
10 93
4 70
2 86
2 89
9 23
7 8
1 29
3 89
10 59
7 12
9 62
3 40
9 74
1 13
2 70
3 91
9 1
7 29
3 41
6 34
4 77
9 56
2 46
3 60
8 50
9 58
5 98
3 80
1 58
9 54
4 87
4 95
7 48
4 3
8 34
4 97
8 79
5 36
7 6
9 51
9 30
10 22
7 29
9 95
5 35
4 46
9 80
2 49
2 42
1 89
5 4
3 50
8 69
1 49
3 37
9 92
9 12
5 58
10 47
1 54
2 71
1 60
8 73
4 71
10 56
1 81
1 24
4 72
8 100
2 57
6 31
8 9
7 82
2 32
1 42
8 22
3 61
4 92
3 76
3 31
2 16
2 98
9 26
8 45
4 10
2 31
2 35
10 84
8 34
4 48
6 92
8 57
8 97
8 83
7 27
10 7
7 12
9 1
10 29
2 91
1 41
5 44
3 38
4 58
6 6
9 97
10 89
4 56
9 7
7 9
5 74
6 68
9 83
6 64
10 62
9 80
3 99
1 23
5 15
8 15
1 88
8 55
1 54
6 30
10 8
1 28
9 55
4 94
10 41
6 71
5 73
6 78
2 74
4 41
2 67
1 19
5 43
1 43
3 11
7 33
4 34
4 91
1 80
10 1
5 14
3 17
10 73
4 26
5 69
4 4
1 54
6 14
3 44
8 76
9 20
7 40
7 95
4 7
10 37
5 64
2 15
5 42
6 63
3 13
7 89
7 51
8 39
8 47
3 21
9 82
6 52
9 63
9 38
7 78
7 19
7 1
3 38
2 67
1 38
4 41
2 44
9 23
4 20
4 96
7 40
8 14
4 48
8 9
8 99
3 32
10 94
9 95
5 49
10 7
1 12
3 87
6 52
6 27
8 22
3 60
3 67
1 20
8 96
7 96
4 14
4 71
8 38
3 69
9 26
7 35
9 54
9 74
8 99
8 36
8 32
8 22
5 80
8 10
1 3
9 94
7 95
2 98
6 50
10 77
9 3
7 42
6 99
4 44
9 27
9 96
9 80
8 64
5 22
5 55
1 82
1 84
5 58
6 10
8 55
10 25
5 16
4 24
9 29
3 56
3 55
4 42
9 82
6 56
8 30
4 44
3 40
10 38
5 80
4 53
10 37
10 2
4 55
2 30
2 53
1 2
8 23
7 28
5 72
3 51
8 74
7 87
3 26
4 64
8 60
5 55
7 23
10 72
6 17
5 31
9 46
3 41
7 100
5 46
6 28
4 1
3 71
4 47
5 72
10 82
5 34
7 19
2 78
1 48
6 11
9 95
1 98
9 22
4 80
6 64
1 19
9 18
10 2
5 41
3 9
8 48
5 22
7 49
3 73
4 79
9 12
1 47
5 46
5 22
5 17
9 23
1 72
1 34
6 46
4 80
7 23
5 82
9 40
1 14
1 57
10 88
10 19
6 31
9 61
2 99
9 38
10 31
6 24
8 77
5 35
10 33
1 23
3 24
1 32
4 29
6 94
4 6
6 35
10 86
3 9
7 38
4 31
9 98
4 34
5 59
5 73
7 23
6 64
9 53
8 75
9 6
7 96
3 61
10 53
6 60
7 87
9 67
2 52
6 38
9 28
2 91
2 64
8 42
5 28
3 83
10 12
6 50
7 2
4 12
3 2
10 13
9 58
7 70
5 9
10 91
8 68
10 31
3 65
8 19
1 4
8 16
5 91
1 76
4 84
2 49
8 47
4 54
1 31
3 11
1 91
6 64
3 94
6 81
3 34
3 33
2 31
8 85
4 100
4 81
5 40
6 18
6 18
6 47
10 78
7 74
2 76
2 17
5 44
3 19
10 29
8 93
2 42
8 50
6 87
7 80
4 80
2 25
9 45
1 63
9 46
6 42
7 26
8 35
1 36
2 19
4 77
2 10
5 17
7 68
7 92
2 50
3 37
