1 58
10 52
3 29
1 80
6 79
7 51
6 38
4 4
3 87
3 2
3 72
2 38
10 25
7 47
3 75
3 12
5 84
10 33
9 53
2 7
7 6
8 18
5 52
4 26
5 37
2 70
9 4
9 42
1 27
8 22
10 47
3 65
1 67
6 32
10 66
5 56
2 23
2 96
5 58
7 98
10 70
6 22
1 1
9 57
2 65
5 88
4 89
9 78
7 3
6 58
10 6
3 3
10 30
3 6
2 69
9 86
9 33
9 68
9 32
2 48
2 86
8 32
9 73
7 68
10 51
7 8
7 85
9 51
3 87
7 25
10 44
8 31
1 68
9 46
7 5
3 90
6 47
10 98
4 56
8 86
2 5
4 65
7 35
4 77
2 26
4 87
7 84
7 60
3 13
5 66
9 26
3 84
5 9
5 95
1 29
4 2
8 67
5 69
8 17
8 72
1 23
10 66
7 88
5 39
2 10
1 63
1 94
8 42
4 34
9 53
1 33
5 14
8 79
6 80
10 98
3 25
7 25
3 45
10 100
1 16
3 45
3 65
9 46
9 8
6 63
5 54
8 91
7 22
5 31
2 54
1 95
8 96
10 38
9 49
5 1
9 97
4 75
4 85
7 68
6 13
9 56
6 12
2 28
1 7
4 8
5 96
9 39
5 89
5 20
1 40
4 54
1 68
2 96
3 65
10 56
9 46
4 5
4 97
6 30
9 69
8 54
6 8
4 91
1 59
5 25
3 83
4 96
2 82
1 100
8 47
8 64
6 82
5 62
9 16
4 44
5 88
8 53
10 44
9 98
3 79
5 23
3 87
2 21
1 26
8 19
9 50
6 94
1 6
1 95
4 22
3 95
5 39
1 61
8 55
6 44
3 72
10 47
6 91
6 32
8 5
8 57
5 62
4 50
8 58
6 7
1 37
6 61
6 75
6 30
9 53
4 86
2 19
3 85
5 39
9 7
1 58
9 10
6 15
6 71
4 14
5 84
8 63
1 10
3 3
8 47
4 66
3 31
10 84
3 42
4 67
4 42
3 95
6 77
9 89
5 5
6 41
4 40
10 90
6 49
3 8
6 62
4 54
4 16
6 94
1 35
9 51
1 29
7 10
3 16
10 77
1 57
8 47
10 65
10 96
9 78
10 50
5 70
10 62
9 16
7 14
6 31
6 68
4 37
1 59
8 13
3 69
5 2
4 90
3 65
10 12
8 14
2 100
6 46
1 49
4 3
9 12
8 61
6 48
9 34
4 36
2 74
3 35
8 5
10 92
10 33
2 98
7 8
5 75
8 83
9 98
1 94
4 3
5 57
8 13
8 59
7 91
2 29
1 10
4 45
2 62
8 93
1 7
10 96
9 87
6 73
5 99
3 28
7 28
4 34
4 46
5 52
10 100
7 39
7 90
3 27
4 67
2 57
1 5
7 91
8 60
2 1
7 8
8 18
1 15
1 54
8 43
4 65
5 96
6 88
1 51
7 77
9 12
1 49
8 34
6 93
9 97
9 21
9 79
9 51
2 92
10 15
7 4
6 39
5 31
10 52
10 86
6 70
8 89
6 65
1 61
3 4
10 22
8 10
10 49
4 16
5 54
5 70
6 98
2 6
7 97
4 79
4 85
6 59
1 1
8 29
1 86
10 22
2 29
4 47
9 67
2 51
10 41
1 48
7 71
6 65
7 45
7 89
8 62
9 30
6 25
4 45
8 97
10 15
6 84
7 58
8 72
1 47
4 3
6 19
2 93
3 36
10 64
4 18
8 76
1 39
3 13
7 88
4 6
9 78
8 4
4 6
3 88
6 77
10 66
10 96
5 63
10 19
7 81
1 49
8 15
4 61
4 44
1 4
2 53
6 47
6 84
3 86
7 59
1 87
10 70
8 7
9 81
3 56
2 50
7 96
5 15
7 52
5 99
3 31
9 35
7 19
7 57
3 72
2 37
4 5
3 36
1 3
3 83
5 76
3 44
10 45
7 68
3 49
5 29
1 90
9 95
5 77
10 31
7 98
10 38
5 66
1 88
6 70
1 57
10 9
3 54
3 69
9 23
8 83
6 28
8 9
2 53
6 42
8 73
4 25
8 79
3 6
6 94
6 71
5 16
2 30
5 18
8 53
4 70
5 98
3 66
8 84
5 89
8 69
7 84
7 70
3 27
2 22
7 37
4 37
10 78
7 100
1 21
2 27
6 71
4 71
9 31
10 51
4 7
1 58
7 99
8 59
3 6
5 41
5 42
5 78
10 93
1 30
10 82
9 76
3 85
9 37
6 25
3 90
5 11
9 34
7 32
9 81
2 52
1 19
3 81
1 80
5 4
10 8
4 38
2 96
3 60
6 61
7 45
10 81
7 74
10 24
4 53
1 32
1 13
4 97
5 25
4 84
6 43
6 99
1 97
7 79
1 8
6 78
9 66
9 100
8 94
4 57
4 58
2 15
10 17
7 75
1 55
1 98
8 98
7 83
9 55
9 96
3 14
9 29
8 26
6 14
10 61
7 60
5 69
2 48
1 81
9 7
10 90
2 86
1 86
7 38
5 3
9 21
6 44
2 45
8 14
6 17
9 54
3 77
1 27
8 58
3 19
2 3
3 32
1 52
3 33
10 34
6 53
10 21
1 40
7 50
8 70
6 63
1 1
2 45
10 71
6 44
1 73
10 15
3 34
3 88
1 17
10 11
3 79
1 67
5 97
8 57
2 81
1 42
4 71
4 79
2 43
1 72
5 66
9 66
2 83
8 22
2 69
9 56
5 47
3 56
7 43
7 69
7 4
10 4
7 70
7 12
10 52
1 40
3 94
7 20
4 53
1 34
10 21
7 41
10 58
1 45
4 6
6 86
10 58
7 70
4 32
10 11
3 50
10 73
10 81
4 42
2 17
7 63
3 85
7 91
5 75
3 44
2 62
6 73
1 20
8 52
9 59
3 28
3 64
9 47
4 68
4 59
8 50
5 47
10 25
9 13
2 19
10 30
1 80
7 14
7 22
2 50
2 49
7 44
6 11
10 78
8 41
4 52
7 70
10 88
5 86
10 68
10 78
8 27
2 59
8 44
2 8
2 60
6 73
6 46
6 34
7 98
5 14
3 36
2 22
9 52
8 43
6 90
8 75
8 31
2 2
1 63
3 97
5 14
8 16
5 71
1 50
9 7
7 58
5 51
1 65
9 5
8 51
8 54
8 63
8 30
9 79
10 63
7 49
3 71
4 24
2 22
7 15
5 85
6 97
5 74
5 89
3 28
4 56
2 46
8 90
3 95
9 82
8 25
8 42
1 5
7 99
1 83
9 93
6 4
10 43
1 36
10 83
4 17
10 69
8 66
9 51
3 88
6 69
9 33
6 38
8 30
3 95
4 95
1 87
3 47
2 93
5 18
1 98
1 56
2 35
6 6
10 95
5 76
1 49
2 26
10 34
1 80
2 38
2 98
6 38
4 68
4 13
8 7
1 91
3 37
8 24
2 91
2 29
5 2
9 7
4 96
1 89
8 21
1 75
10 22
9 81
10 5
6 1
6 23
6 86
9 51
9 82
10 5
7 75
2 51
2 66
3 27
1 28
4 22
7 90
1 61
10 21
1 47
3 76
4 51
4 94
6 64
2 32
4 79
1 67
3 36
6 46
2 52
1 87
1 7
10 92
6 79
4 2
4 11
8 86
10 14
2 12
4 31
9 33
8 57
5 61
3 79
8 55
4 59
6 73
2 60
10 15
7 99
6 11
5 95
6 59
6 29
9 84
8 75
4 63
10 83
6 86
9 45
7 25
9 99
10 23
8 77
2 61
4 85
2 81
7 8
6 71
6 11
1 85
8 78
4 42
6 22
2 94
8 90
7 88
3 100
9 33
9 54
10 45
5 50
4 56
6 34
6 39
4 76
9 64
5 70
7 68
10 82
5 13
9 14
10 85
4 47
8 66
9 75
2 63
5 65
9 19
9 13
10 49
10 65
5 21
5 28
9 31
1 74
3 42
5 53
2 30
8 39
4 95
7 48
3 91
1 30
6 91
8 96
2 67
2 81
6 83
1 40
4 53
3 94
2 66
7 46
6 49
8 72
5 76
9 24
10 1
1 54
1 24
2 89
4 8
6 53
9 11
10 62
10 16
7 27
8 88
9 7
5 61
7 75
10 4
7 77
9 45
2 53
10 21
2 58
1 96
1 52
2 25
1 46
1 35
1 20
2 90
6 74
1 67
3 39
1 44
4 65
2 12
2 41
8 63
3 17
9 55
5 39
2 36
5 16
2 34
4 77
2 73
4 1
10 45
3 57
5 96
6 41
1 5
7 9
4 50
8 48
5 74
5 13
5 65
5 3
1 54
10 39
5 64
8 86
6 72
10 20
9 91
2 13
7 96
6 82
8 93
10 85
5 31
3 94
5 64
10 45
4 33
7 17
6 53
6 94
10 13
10 60
1 18
10 41
9 49
3 18
1 37
10 74
3 84
4 55
7 4
1 85
7 41
9 72
9 53
