8 65
4 40
10 14
9 32
9 76
5 24
4 5
8 59
8 95
3 89
4 80
5 88
10 31
7 1
8 28
5 60
3 60
7 16
9 11
8 11
2 63
1 84
2 70
9 63
10 92
8 61
10 50
7 57
6 87
3 61
2 53
1 57
10 32
7 11
1 76
9 50
7 88
7 97
1 64
6 77
6 23
5 31
2 62
7 93
7 78
2 3
8 24
2 82
4 84
5 97
4 39
3 12
6 3
4 78
7 22
6 10
7 5
4 26
6 63
10 33
4 73
2 72
4 86
1 40
9 21
8 86
10 87
2 99
2 23
5 71
10 84
1 78
4 55
6 94
7 38
1 72
2 60
8 70
5 70
7 14
3 60
4 14
7 18
9 12
7 90
7 92
10 27
9 32
8 7
5 24
5 78
3 68
3 3
3 55
1 8
8 41
1 91
7 66
4 20
1 66
10 19
5 41
6 50
10 73
2 74
9 90
5 43
10 98
6 66
9 74
2 73
8 85
5 47
5 16
10 5
10 30
6 65
7 55
4 41
8 65
6 32
5 98
3 58
2 21
1 9
2 3
1 5
1 34
7 68
1 74
1 18
8 76
6 37
7 97
7 17
9 43
9 53
4 7
9 14
9 95
7 92
3 30
8 38
5 51
10 10
8 59
8 59
8 12
9 35
8 22
2 38
4 88
5 89
2 5
1 31
8 97
6 79
6 28
9 94
10 93
9 32
4 15
5 18
9 17
6 24
5 48
1 38
4 28
7 55
9 24
6 26
1 6
3 21
3 83
6 69
1 39
3 40
5 86
5 90
3 8
10 34
6 70
10 36
10 10
7 53
7 32
4 63
6 43
4 92
9 17
2 14
10 30
5 77
2 32
10 80
7 8
4 98
3 53
5 57
2 7
8 42
3 82
4 45
3 96
2 74
5 53
4 77
2 18
1 78
8 70
7 22
2 50
3 23
4 19
3 55
10 79
8 65
4 36
9 72
3 84
5 32
1 23
8 11
4 39
6 61
5 31
2 96
6 94
1 91
8 10
3 14
9 81
7 63
10 88
5 88
6 97
6 78
1 39
4 43
4 20
8 72
3 14
1 85
7 99
3 85
10 89
10 20
9 34
8 77
5 77
10 42
9 56
8 41
6 89
10 93
9 93
2 36
10 5
10 85
10 86
5 12
2 59
5 64
9 21
2 37
6 87
10 54
2 28
2 27
6 46
2 14
1 72
5 17
1 24
1 88
8 51
6 98
10 54
2 51
6 52
10 88
2 34
4 71
7 43
1 65
3 12
3 41
1 27
7 43
5 49
4 79
9 49
6 65
3 62
1 55
4 72
9 62
9 3
9 5
10 73
8 22
3 17
2 91
6 3
3 38
6 77
5 94
4 57
4 94
8 77
4 24
4 72
6 23
7 16
4 89
6 56
8 80
6 52
9 39
10 55
1 98
2 1
6 4
2 91
8 26
1 57
2 24
10 34
8 22
4 91
10 22
3 30
4 82
8 69
1 38
9 48
7 63
2 72
7 13
1 54
5 75
6 84
8 98
5 3
1 25
1 51
1 44
3 35
3 11
3 56
5 63
2 18
8 60
1 30
4 70
5 39
7 98
7 84
10 51
1 31
1 79
7 52
7 20
6 1
5 81
1 18
7 54
4 32
7 19
6 27
7 98
5 14
7 79
1 68
1 53
2 41
7 75
6 26
4 41
7 54
9 86
10 53
6 80
5 39
3 62
6 7
4 93
6 10
2 57
5 60
5 76
2 22
5 47
2 45
7 64
7 22
9 91
4 83
2 8
10 99
5 35
10 94
4 32
8 96
3 78
7 5
4 83
10 41
8 53
1 90
8 60
1 2
6 77
1 55
7 23
5 47
4 40
2 65
1 58
10 100
9 85
5 69
6 26
6 47
6 54
4 43
4 18
3 34
4 10
10 77
9 79
7 64
1 18
4 43
8 76
6 69
5 81
8 66
4 66
8 68
6 26
10 34
1 8
5 62
2 79
7 65
10 51
5 2
1 37
1 44
10 13
2 84
2 92
8 22
4 18
4 64
10 9
9 70
6 89
10 29
3 59
4 56
6 29
3 28
7 25
8 100
7 46
8 97
10 40
5 15
1 78
7 34
5 51
8 59
7 70
5 60
2 36
10 60
9 5
9 35
10 62
10 27
4 54
6 83
7 18
3 21
7 55
10 62
10 28
7 69
6 42
9 55
1 49
1 19
1 51
10 47
5 64
10 49
6 25
10 23
8 35
8 54
6 92
10 26
2 72
2 81
3 90
8 77
2 26
9 84
8 52
7 11
4 23
5 19
9 44
10 36
7 89
10 87
1 98
1 32
8 19
2 77
10 76
2 23
2 98
2 31
4 24
8 72
2 46
7 99
7 26
10 91
6 49
1 25
6 64
5 81
3 52
9 79
9 27
4 72
6 26
4 36
3 54
8 41
1 51
10 39
8 39
4 88
8 82
9 62
2 91
5 52
4 93
2 62
2 64
1 2
9 19
1 63
9 46
10 99
4 4
5 14
10 28
9 3
3 38
8 48
3 2
4 18
2 56
2 70
3 42
5 10
10 27
8 97
8 89
10 74
9 63
3 92
1 65
7 47
4 64
4 54
1 13
1 75
4 74
8 71
6 98
4 95
1 67
7 76
2 2
4 82
3 26
6 97
3 100
9 9
8 35
7 1
2 93
2 2
3 39
9 89
7 3
1 79
2 3
8 6
8 93
9 74
5 18
2 78
10 64
8 92
8 89
8 55
1 77
9 4
8 84
8 97
8 57
9 55
2 3
4 90
6 23
4 51
2 95
10 9
4 30
4 49
7 72
1 65
2 77
1 5
3 67
8 82
5 5
2 22
6 67
5 40
1 19
3 84
1 89
2 32
2 12
3 52
2 94
8 28
6 46
8 44
1 73
4 55
10 34
9 93
3 67
5 44
10 78
9 7
9 4
8 14
3 61
10 61
6 29
8 91
4 16
1 26
8 29
5 62
4 57
3 92
1 18
7 75
5 43
1 1
9 60
1 27
9 38
10 39
10 82
8 42
10 69
1 7
1 81
7 63
9 65
10 67
9 58
4 91
1 22
9 17
4 8
2 23
1 54
5 50
1 25
10 21
3 84
2 94
2 80
7 28
10 66
2 5
8 10
6 46
1 44
5 41
5 66
5 71
1 10
2 60
6 2
4 32
2 26
9 84
10 97
6 98
10 45
6 10
9 41
9 83
5 96
8 78
9 24
10 29
5 41
2 71
4 93
6 72
3 5
4 9
1 82
3 2
1 9
1 20
4 76
4 78
1 47
7 47
5 8
6 91
5 28
7 68
2 86
3 63
2 17
4 28
7 45
1 7
4 23
3 49
9 99
4 83
3 4
10 37
7 12
7 64
3 21
5 74
7 48
8 91
5 84
4 66
7 59
1 13
8 86
7 18
5 87
7 66
1 68
7 84
2 29
9 12
8 39
1 94
7 17
3 63
2 53
10 6
6 64
2 80
5 90
2 6
7 66
9 88
5 46
3 39
6 87
3 3
8 83
2 60
1 79
2 11
8 13
6 78
7 84
1 60
5 16
6 50
4 32
7 87
3 34
9 68
2 10
6 53
6 7
8 91
9 40
6 63
6 14
1 100
1 71
7 45
8 71
5 46
1 51
3 57
10 9
8 8
10 30
8 15
4 23
2 100
2 50
4 72
8 72
2 16
6 97
6 84
10 16
8 9
1 58
5 13
3 14
2 34
9 99
5 39
9 2
7 75
2 2
4 52
5 65
1 31
2 70
1 59
1 58
6 100
5 49
4 15
10 33
1 80
3 33
2 27
9 56
3 71
8 16
10 69
4 8
3 61
6 58
2 40
1 77
5 87
7 79
1 79
10 99
4 90
4 92
8 78
9 37
4 41
5 96
6 46
9 38
7 50
5 80
9 30
5 38
8 33
7 38
8 98
9 80
4 62
1 27
1 100
1 43
1 1
10 94
3 83
9 25
5 25
6 58
5 49
4 17
6 19
4 88
9 82
4 10
6 18
4 52
5 29
5 95
9 46
4 66
4 68
10 65
7 19
9 82
5 30
4 68
5 49
10 70
4 85
3 8
10 74
1 1
10 30
7 35
8 17
4 8
5 13
4 81
6 19
5 90
7 55
8 21
1 78
10 44
8 30
7 63
10 88
3 95
9 21
6 34
5 90
3 27
2 39
3 5
9 34
6 12
5 94
1 52
1 31
10 86
8 77
8 29
7 2
1 58
5 36
4 73
2 28
2 37
10 28
10 42
8 52
3 29
4 34
9 32
8 91
7 4
8 2
10 93
9 52
3 86
10 98
6 35
1 68
2 100
1 30
1 35
10 45
4 89
10 71
7 57
6 28
9 34
4 94
7 68
1 52
10 11
2 91
1 60
6 49
6 30
7 24
7 20
7 28
2 88
7 85
7 12
9 4
3 92
7 83
3 97
4 72
2 17
5 43
7 89
5 37
1 5
3 90
4 2
9 25
