2 74
3 2
2 93
3 38
2 57
4 45
4 88
8 71
7 47
5 38
2 90
9 100
2 5
7 63
10 77
8 4
6 70
3 68
7 72
2 36
2 52
3 79
9 79
3 66
8 95
10 32
6 33
9 31
4 22
8 71
9 17
8 46
3 43
3 82
1 11
7 12
9 17
8 94
4 18
8 84
4 25
6 42
4 37
9 18
10 32
2 29
7 52
3 77
1 96
1 3
10 50
6 2
10 84
7 40
1 78
9 80
8 95
2 10
2 55
9 28
5 29
9 10
4 53
4 68
7 59
10 99
8 68
10 74
5 33
8 51
9 33
10 35
5 23
6 83
10 74
4 58
2 2
1 96
7 33
7 76
1 86
5 26
5 45
7 95
9 60
5 82
8 90
8 85
6 98
6 21
4 11
5 11
2 99
1 61
10 7
6 77
2 10
1 84
7 30
8 18
10 24
3 78
10 51
8 97
9 44
8 41
4 73
9 40
9 32
2 55
10 43
4 34
9 99
3 6
6 14
8 34
7 83
7 37
8 84
4 56
7 50
2 13
10 60
10 41
4 73
2 24
1 94
8 52
3 93
7 6
9 98
5 16
7 91
9 44
6 89
9 74
6 6
7 83
8 33
4 94
5 98
5 95
2 63
8 22
1 72
1 30
5 49
1 84
1 17
7 56
3 15
2 86
3 76
6 42
4 31
10 30
3 87
4 81
5 55
7 53
8 100
6 21
6 43
1 41
6 2
10 48
8 66
5 65
6 50
8 30
1 43
1 38
10 40
1 60
3 29
4 33
3 41
2 3
9 13
4 37
3 24
1 64
1 12
5 3
4 91
5 95
7 24
3 81
9 72
3 78
5 2
5 38
1 51
3 64
8 14
4 21
7 92
10 88
5 3
2 23
1 79
6 69
5 90
6 12
2 77
10 9
1 24
2 59
3 1
10 48
6 67
8 16
3 74
5 52
5 19
10 74
10 17
10 5
4 94
1 19
8 45
8 67
7 70
2 52
2 69
3 84
5 99
5 36
10 38
8 89
1 19
5 36
1 59
4 89
2 7
5 37
1 85
8 47
3 65
8 27
7 61
6 39
10 22
5 50
2 55
2 1
9 99
3 56
3 99
3 3
6 26
2 55
2 22
4 29
9 52
4 70
6 70
1 48
1 57
6 97
2 67
2 70
1 40
4 59
7 70
6 74
5 2
9 49
4 50
7 14
5 44
2 66
8 81
8 77
8 47
1 30
6 32
6 59
1 1
9 33
8 8
6 2
1 55
1 94
2 38
4 72
9 15
7 78
5 84
9 58
3 13
7 17
9 16
2 84
3 19
5 85
9 85
6 7
10 22
4 7
3 58
4 77
1 12
8 11
4 92
2 97
8 46
2 65
1 57
3 85
1 97
4 76
9 41
1 77
4 62
4 72
8 85
2 84
9 64
4 65
5 1
6 75
9 2
1 71
5 65
2 59
2 43
8 81
3 100
3 93
9 76
8 44
4 69
9 61
2 34
7 3
5 59
6 13
6 82
3 71
1 58
7 56
10 14
9 17
10 82
5 66
3 15
5 88
5 65
3 16
7 87
1 94
10 73
3 66
9 97
4 84
10 65
6 26
10 98
3 100
5 35
9 36
6 8
3 96
5 100
6 13
4 2
7 62
8 41
6 54
6 88
4 43
8 34
7 80
2 97
6 30
6 82
5 91
1 33
8 23
3 92
8 96
2 79
6 78
6 50
4 57
8 26
10 24
8 53
1 14
9 65
5 90
4 33
2 39
5 97
7 82
1 59
7 46
9 15
9 55
6 11
7 95
9 16
9 74
5 14
5 80
5 30
1 29
5 50
9 20
8 17
1 89
3 22
5 50
7 29
2 9
10 25
6 40
6 24
7 62
10 100
5 74
9 71
4 70
6 95
2 3
7 15
7 59
8 54
6 44
8 61
1 15
9 1
3 97
9 17
7 51
8 21
5 33
1 52
8 78
9 62
7 70
4 91
7 21
2 33
3 28
7 64
3 10
2 73
2 17
8 80
3 87
2 7
8 87
8 85
10 25
7 56
3 51
4 92
3 23
2 64
2 62
6 86
2 62
3 90
10 28
10 24
4 100
9 60
10 26
8 16
3 59
8 13
8 93
9 90
5 12
9 79
7 10
4 10
5 50
2 68
7 22
1 2
1 38
1 18
5 65
3 18
4 7
10 37
8 12
10 50
9 93
10 57
7 77
1 80
5 7
4 83
2 23
3 44
8 50
9 14
1 28
3 85
5 6
10 56
4 48
3 31
5 21
9 100
1 5
5 4
2 69
1 31
4 87
4 53
5 4
3 5
4 87
2 28
10 47
6 94
9 6
6 1
6 86
4 47
1 4
4 91
9 99
5 19
9 31
3 78
3 12
4 49
8 11
10 52
6 7
2 42
5 24
7 45
6 94
4 41
5 29
9 89
10 10
3 85
5 13
7 38
3 81
7 47
9 18
9 100
8 38
7 54
4 8
2 47
10 21
8 36
5 12
4 29
6 1
5 23
4 99
2 34
9 68
2 31
7 50
10 25
10 55
10 64
10 25
7 1
3 72
7 94
10 82
10 51
7 18
8 71
3 80
4 5
2 32
8 80
2 82
3 34
10 19
5 90
2 67
10 54
7 79
10 36
7 81
1 99
8 63
3 91
8 44
5 19
6 67
1 16
4 22
1 7
7 74
8 82
9 74
3 19
2 66
7 86
2 43
7 82
8 12
3 40
7 3
7 65
4 34
5 30
7 94
8 81
2 83
4 17
9 30
8 30
3 72
10 48
5 34
4 88
7 18
4 67
8 18
9 82
3 44
7 93
10 34
8 67
6 55
1 51
6 72
5 23
5 30
6 2
7 84
1 4
10 97
7 34
5 31
2 22
9 63
6 58
3 11
6 77
7 90
1 56
7 99
10 80
1 35
10 12
2 24
6 66
3 97
8 58
10 92
8 26
6 40
7 86
10 88
8 96
7 47
3 52
3 26
2 27
5 96
7 6
4 43
6 43
6 61
10 42
6 60
6 62
3 98
5 35
6 48
7 96
9 43
1 55
10 23
9 44
9 17
3 92
10 83
4 6
4 78
6 72
3 11
2 33
3 98
1 78
4 33
8 95
6 66
2 5
8 38
6 14
10 49
1 65
9 38
6 83
10 15
6 35
3 65
9 55
10 8
2 59
10 90
7 96
7 27
10 21
1 77
9 37
9 45
4 11
8 38
2 55
5 37
6 26
5 43
1 40
9 60
9 50
10 72
2 64
10 23
8 77
2 1
5 42
6 17
1 12
4 89
10 73
9 64
9 79
1 91
1 21
1 61
9 43
10 45
5 17
1 22
8 19
4 39
2 64
5 49
10 77
1 98
8 30
2 23
1 52
9 7
3 50
8 27
3 66
9 19
6 6
2 47
3 17
3 66
10 8
10 72
3 99
3 57
10 45
6 76
8 31
3 54
9 66
4 88
10 82
4 72
7 48
6 51
4 25
7 38
1 29
5 38
3 20
8 23
6 11
9 32
5 66
1 56
5 29
6 46
10 85
9 90
6 50
8 46
6 40
9 63
6 16
8 5
3 73
6 74
2 98
1 70
8 58
9 9
1 16
7 30
8 45
6 12
9 85
1 75
8 6
8 5
2 75
4 15
8 98
6 92
10 69
7 60
10 67
4 77
3 38
7 83
6 80
8 91
4 24
8 47
7 87
4 40
1 73
8 48
5 58
10 68
1 2
7 63
7 93
2 73
5 71
9 6
5 68
10 1
4 44
7 65
2 3
9 45
3 23
10 18
3 15
8 62
8 29
10 38
4 32
3 99
9 12
6 87
5 74
4 68
6 7
2 39
10 34
9 70
5 39
6 71
5 64
1 66
3 90
9 42
5 19
5 77
7 28
10 61
1 82
4 54
8 24
1 74
4 75
9 69
10 37
5 3
1 4
6 44
3 22
10 31
7 28
7 10
7 60
7 97
4 32
4 85
3 24
5 89
4 72
8 53
4 36
2 80
9 29
7 48
3 44
10 76
9 66
4 10
1 99
8 38
1 28
5 20
3 9
1 38
7 4
10 90
6 76
2 88
4 13
4 47
9 25
1 86
8 32
4 53
9 25
10 22
1 22
2 95
10 23
2 94
5 46
5 49
1 74
3 35
2 9
7 76
4 24
5 57
3 12
4 32
8 15
3 55
9 50
1 47
9 5
2 8
7 27
6 72
5 53
3 27
8 14
1 71
4 38
6 56
7 32
2 9
8 9
4 25
6 27
10 34
6 51
5 94
1 15
7 57
7 97
9 42
8 58
9 8
1 62
10 56
3 9
10 66
4 65
3 62
5 95
10 38
10 10
7 41
2 63
8 7
3 47
6 92
1 18
9 79
5 52
9 81
10 59
5 70
1 49
7 80
1 88
7 81
5 45
8 92
10 9
6 30
8 70
8 70
3 77
4 16
4 69
2 74
9 2
8 77
5 77
9 79
5 84
1 57
7 28
8 53
