6 53
6 60
7 10
1 51
4 55
10 57
1 19
4 40
1 58
10 21
7 100
5 85
2 39
6 88
9 59
4 76
7 49
5 71
2 14
1 70
1 38
9 72
10 69
6 59
7 20
6 22
8 85
1 30
8 90
5 42
8 49
10 63
3 10
7 34
1 49
5 95
10 66
10 63
8 63
1 56
7 89
1 75
5 19
8 32
5 29
2 31
2 33
6 72
5 28
1 80
8 87
7 26
7 4
7 97
5 25
6 96
6 53
7 91
5 31
3 96
8 71
10 9
9 83
7 25
6 31
9 77
4 25
5 22
7 53
4 9
1 84
7 19
6 80
7 7
4 100
7 53
6 30
6 94
3 19
2 34
7 99
9 58
7 6
5 56
5 79
5 80
2 39
6 81
3 78
8 52
1 23
2 89
4 69
2 57
2 26
1 29
6 51
2 61
3 63
5 43
2 39
3 99
2 31
2 29
4 86
4 55
2 30
8 41
5 19
4 46
10 56
4 19
2 9
2 24
10 79
5 1
10 81
5 63
5 79
8 63
2 6
3 35
5 56
2 37
2 38
10 65
5 64
9 3
1 39
5 18
2 55
9 96
2 17
9 90
5 20
4 97
3 68
6 35
8 55
5 4
4 64
7 46
1 30
1 47
8 27
8 51
5 14
4 88
6 98
1 54
2 37
4 61
3 98
3 97
9 91
5 75
8 6
8 74
6 26
1 72
9 55
6 55
9 92
2 86
1 62
5 54
2 30
5 24
9 54
10 33
6 64
10 5
5 88
7 95
1 45
4 10
3 36
1 46
10 86
2 58
7 4
2 15
10 60
10 41
2 69
10 13
1 95
5 35
8 38
4 79
10 91
9 4
9 99
1 68
10 19
1 71
1 95
3 87
10 2
3 77
9 71
4 75
5 20
1 73
4 20
10 85
8 35
7 47
4 66
4 54
8 20
5 55
6 25
4 3
5 88
5 48
9 96
10 1
2 77
6 23
3 46
8 57
5 21
7 54
3 46
1 31
3 36
6 67
9 80
9 48
1 59
7 45
5 88
4 97
7 21
3 68
8 20
5 79
2 46
8 30
3 58
9 79
1 31
9 90
3 41
7 85
7 3
7 25
5 35
5 46
8 53
9 64
3 30
6 72
3 37
10 3
5 32
8 46
7 82
7 94
1 92
5 94
3 42
2 88
4 57
9 84
2 47
4 1
9 19
8 38
3 42
10 21
10 31
4 8
5 20
2 60
4 77
5 63
9 83
8 9
7 9
9 11
7 3
2 77
8 93
9 95
3 90
3 19
7 3
2 93
10 6
9 31
5 64
5 92
9 43
5 17
9 45
5 68
10 7
2 89
1 62
8 18
1 100
3 74
7 59
1 50
8 3
1 76
9 73
10 58
3 36
1 75
8 55
3 69
8 66
9 76
5 87
5 71
7 57
2 9
3 72
3 65
6 79
6 75
2 12
2 79
5 66
8 17
4 1
8 100
1 5
9 51
5 21
10 30
3 96
9 65
8 67
2 96
8 27
4 63
9 8
3 57
3 35
6 13
6 81
5 96
4 26
9 74
10 90
7 15
7 94
1 26
9 6
8 42
6 94
8 65
8 11
6 99
7 94
6 55
2 96
8 61
6 61
10 80
1 71
1 59
2 26
3 75
6 90
4 31
8 25
3 17
6 39
8 29
1 56
1 40
8 38
7 31
9 24
6 70
3 64
1 16
5 84
3 33
10 51
3 44
4 39
9 78
1 2
1 39
5 23
3 32
10 83
1 15
9 50
1 12
5 68
5 44
10 5
7 96
2 89
5 59
6 52
3 65
2 6
3 98
9 55
6 7
10 59
4 91
10 76
2 69
6 77
10 42
6 92
8 39
5 36
6 86
2 37
4 74
9 84
9 88
6 46
10 60
1 58
4 41
2 56
8 78
3 58
4 78
4 29
5 35
9 84
3 4
4 73
6 12
2 84
7 75
1 35
7 44
7 96
2 60
4 2
9 91
9 78
7 24
4 77
2 36
9 92
6 56
6 93
1 60
6 2
3 54
6 19
5 35
10 88
1 68
1 89
10 7
7 27
6 69
1 96
9 50
1 90
7 49
5 72
6 78
7 30
8 5
6 76
7 68
3 40
5 69
3 21
10 23
6 87
5 47
7 16
1 8
10 68
6 44
9 50
8 17
9 60
7 92
9 18
8 44
9 2
10 79
3 43
9 87
10 35
1 48
5 83
7 18
1 84
7 14
1 4
9 54
5 52
6 91
3 48
2 70
6 87
5 67
2 62
9 54
8 8
10 43
3 5
3 97
5 68
8 44
5 62
2 41
6 89
9 51
10 26
3 19
7 96
9 15
10 58
3 97
1 92
10 20
2 53
10 53
9 69
9 32
3 98
3 25
4 69
5 50
10 13
6 59
6 71
5 85
6 28
4 88
10 84
10 63
6 39
7 42
4 11
2 56
8 82
2 39
3 26
7 22
6 80
2 13
9 45
4 64
2 3
10 54
1 12
5 89
1 96
4 15
7 50
3 83
4 66
7 51
2 78
2 66
10 51
4 47
5 14
1 12
8 36
1 24
5 87
5 4
3 7
8 9
10 82
4 74
7 9
8 96
1 19
9 10
3 11
2 74
3 30
10 82
10 94
4 5
2 71
6 86
2 21
3 20
4 39
1 7
7 43
3 11
6 26
1 26
6 95
2 33
2 84
9 96
5 50
2 83
3 59
1 42
8 93
7 55
9 12
9 95
3 45
4 51
2 71
8 15
3 32
7 2
3 86
4 8
3 23
10 7
7 86
4 76
7 23
10 43
10 99
4 59
4 22
9 62
9 94
2 87
9 85
4 22
1 19
7 48
7 45
2 60
1 58
6 88
7 28
6 100
7 19
8 46
10 71
4 33
2 23
2 68
10 51
5 4
7 46
8 66
1 45
6 96
10 89
5 94
7 39
9 13
7 71
10 4
5 54
10 59
7 14
7 49
10 77
5 9
8 52
1 61
3 78
7 32
7 32
1 7
3 41
2 95
8 48
7 17
3 82
1 66
3 82
4 46
5 71
2 9
5 66
3 53
8 73
10 35
3 91
5 97
8 49
8 73
8 99
7 85
8 73
4 31
8 65
4 39
5 14
2 99
9 26
2 91
2 65
4 35
2 50
10 82
8 23
1 24
4 42
6 53
9 79
4 81
5 62
10 32
3 49
7 16
7 89
10 57
6 50
3 17
3 29
2 65
9 52
3 100
6 30
2 47
5 68
3 89
7 60
8 14
9 64
7 4
1 79
8 53
6 77
1 44
4 40
7 18
2 100
2 17
6 67
2 73
8 85
5 35
1 44
6 44
4 8
6 26
4 4
9 82
2 17
8 74
10 47
4 21
9 1
4 6
1 17
7 42
5 78
9 23
2 82
9 17
7 25
1 79
2 88
9 24
4 50
3 28
1 46
7 83
6 33
7 96
2 87
9 30
10 69
2 16
1 3
6 31
2 69
5 7
4 78
6 35
5 5
8 21
2 76
2 70
1 40
8 22
6 35
10 61
4 41
2 67
7 41
5 9
3 79
7 13
4 40
6 63
7 50
3 50
9 91
2 76
7 57
9 81
4 88
3 15
7 75
10 23
3 81
6 84
4 44
7 18
1 93
6 25
5 88
10 83
1 93
8 88
5 20
1 69
4 65
9 73
4 17
1 45
2 22
9 42
8 18
3 78
1 84
3 47
8 55
2 51
2 11
6 54
3 10
7 14
3 60
4 26
7 19
9 1
10 34
9 85
2 41
4 88
2 6
7 79
8 35
1 60
7 17
10 38
9 22
7 31
5 39
4 77
4 64
8 10
4 32
7 72
1 35
2 97
9 40
10 12
9 5
4 31
3 96
3 76
7 92
4 24
9 95
7 8
9 56
5 45
6 99
7 6
10 83
2 64
9 100
7 66
1 53
1 35
5 98
3 33
7 33
8 35
4 44
4 27
10 75
9 98
5 25
1 57
9 18
7 71
9 63
1 53
3 2
2 42
8 44
10 95
4 28
4 98
6 70
6 48
1 46
10 60
3 48
10 45
10 38
5 71
2 33
4 82
10 12
1 60
7 33
8 20
7 98
9 66
6 89
1 96
8 89
1 96
5 57
1 40
1 11
1 15
5 94
6 3
9 80
7 55
5 27
7 27
10 98
7 2
4 37
5 36
9 99
1 98
9 89
10 24
1 11
9 85
3 5
1 54
5 97
10 93
5 41
5 32
4 73
2 63
6 38
1 79
2 100
4 89
6 2
7 35
3 41
10 18
6 36
10 14
6 95
10 78
2 74
10 31
8 18
3 29
1 43
10 29
1 5
4 74
6 93
10 15
7 50
4 58
6 86
8 99
2 27
3 56
10 96
2 37
10 1
3 51
2 6
3 90
4 41
6 33
2 26
8 71
8 4
1 4
6 34
9 89
1 12
10 1
2 9
3 96
9 51
10 6
2 61
1 2
9 8
3 97
7 64
10 71
10 63
1 25
