1 52
4 59
9 35
1 62
5 26
4 60
4 96
7 63
9 10
4 42
1 29
3 21
4 80
7 54
7 45
5 33
2 67
7 64
1 39
5 62
9 74
3 65
7 51
9 60
5 74
8 86
2 24
5 7
7 26
1 16
5 90
9 93
2 84
10 31
2 3
5 17
2 39
9 2
8 91
8 76
2 69
3 71
2 49
3 75
7 36
1 4
2 97
10 54
2 70
6 75
6 70
5 41
7 22
6 51
9 10
6 58
9 3
1 77
7 35
8 44
3 21
2 3
5 74
3 28
7 13
4 25
2 12
7 59
7 43
6 84
2 78
5 88
8 55
2 4
6 18
3 88
1 95
6 84
8 94
3 22
6 8
3 70
10 41
7 38
5 50
9 5
8 67
2 16
6 87
7 33
4 39
1 56
6 44
5 3
5 68
10 56
4 53
10 63
2 42
7 63
3 7
7 23
6 92
1 38
10 21
9 78
3 65
4 83
2 53
6 76
6 61
3 100
8 30
10 2
10 27
2 58
3 6
10 4
6 93
9 28
5 83
8 13
2 69
6 62
4 62
10 59
1 36
2 56
8 9
3 45
3 47
3 50
10 74
5 82
8 15
9 60
8 71
10 21
2 50
7 17
3 28
3 72
6 86
5 33
9 76
4 51
7 70
2 32
6 13
10 12
1 85
5 94
2 10
10 46
7 16
6 91
2 77
5 72
9 1
5 98
3 84
10 48
7 92
5 100
4 53
9 98
8 32
9 55
6 100
3 12
7 24
4 25
6 5
5 69
3 80
5 16
5 49
6 73
9 95
8 65
10 16
3 76
5 27
6 99
1 1
7 24
4 14
10 11
10 66
3 41
9 100
10 95
3 91
8 56
5 72
1 68
1 24
2 94
8 34
1 98
10 61
10 48
10 4
8 28
5 15
7 91
3 64
8 26
10 82
8 7
2 93
6 33
9 42
4 81
1 50
2 63
2 72
6 2
5 88
6 13
1 80
10 3
8 85
5 18
7 89
4 56
2 57
2 67
9 42
5 76
9 51
10 23
6 73
8 69
9 94
10 58
8 52
7 53
3 1
10 11
7 34
4 1
8 29
8 47
8 60
1 23
2 75
1 89
5 94
9 13
7 77
4 78
7 97
10 46
10 91
8 20
4 76
5 93
4 88
8 13
7 76
4 18
5 28
4 95
2 77
1 18
4 41
6 90
6 77
3 16
8 48
9 46
6 78
7 45
6 94
8 32
7 82
9 25
8 42
2 54
9 96
4 88
2 99
9 82
3 5
2 21
5 27
6 73
2 93
7 75
2 12
9 33
3 86
8 36
6 36
1 45
3 57
10 76
6 38
9 49
5 65
6 76
9 29
2 60
1 82
1 69
1 25
4 60
4 83
1 99
1 26
10 70
2 49
2 100
7 46
7 32
4 38
2 37
4 21
4 64
9 99
5 17
1 82
8 88
1 83
10 55
9 24
9 94
8 73
9 54
7 36
2 11
5 74
6 84
4 99
1 53
10 9
8 97
1 98
7 58
3 88
4 31
6 44
8 48
2 3
9 9
3 31
8 57
1 9
6 46
4 72
5 58
7 40
4 16
2 82
7 94
5 40
2 95
10 99
8 69
8 60
1 5
5 40
8 79
9 73
7 73
8 95
2 100
5 32
6 82
8 21
7 15
2 61
4 11
1 3
8 97
6 95
3 26
7 2
9 4
7 93
10 59
10 77
2 27
1 53
5 68
6 95
6 82
1 16
5 71
7 11
1 64
9 38
7 29
5 86
1 21
1 41
1 99
4 85
4 54
1 2
10 76
3 93
8 10
7 17
1 12
2 20
1 53
10 4
6 92
1 23
10 70
8 32
6 9
3 15
8 30
8 21
8 20
5 6
7 92
4 100
10 60
8 1
10 16
10 28
10 25
9 17
7 63
9 59
1 81
9 76
7 11
4 49
10 35
10 78
2 52
1 93
7 77
9 99
7 99
6 96
2 59
9 49
9 19
5 31
3 91
10 35
3 24
8 37
8 13
6 94
8 54
7 60
4 14
7 60
5 48
9 46
1 66
1 86
4 3
1 90
7 35
2 5
5 42
10 62
8 78
9 46
6 33
7 76
6 27
7 27
5 84
4 44
10 94
5 92
4 74
3 49
1 2
7 25
10 60
7 89
6 62
3 8
4 6
1 51
8 100
9 10
1 14
7 92
2 20
7 48
6 34
3 100
1 87
6 15
4 39
8 76
4 5
2 55
8 84
2 55
5 29
2 81
9 3
2 99
4 46
5 22
9 80
4 23
10 54
5 76
6 19
8 100
4 68
5 92
7 8
10 6
2 55
8 36
10 31
10 61
3 54
7 49
3 27
3 54
1 11
1 15
6 20
7 21
6 42
3 25
2 10
8 70
4 24
10 88
5 53
9 94
4 15
8 53
5 61
5 25
9 42
7 17
6 45
1 91
9 23
6 74
5 34
9 56
7 90
6 33
4 82
3 62
10 33
4 86
8 79
4 67
9 39
3 93
3 95
7 29
3 23
9 9
8 23
6 88
1 76
3 69
1 30
9 80
5 88
8 69
2 4
5 54
6 75
8 64
2 97
8 89
2 98
4 21
3 41
10 50
8 62
8 74
3 32
5 62
8 48
6 26
9 29
9 28
10 73
5 40
4 96
2 78
5 12
9 71
10 42
3 86
6 13
1 68
9 53
4 6
4 97
5 35
6 2
9 43
2 77
10 72
7 56
9 71
4 30
5 57
7 68
4 56
3 71
6 78
3 8
9 22
4 36
9 35
4 22
1 73
4 59
5 45
9 24
8 45
9 23
6 91
7 12
1 96
9 10
9 60
6 59
3 88
1 28
5 11
1 50
9 3
6 87
10 62
8 6
8 93
2 26
9 43
3 9
5 42
9 48
4 51
5 84
1 9
10 33
6 25
6 2
2 25
10 25
5 96
10 3
8 97
9 97
2 68
5 76
1 5
7 59
1 30
6 31
6 2
10 43
4 13
2 74
9 11
5 38
8 1
7 66
4 58
8 27
7 67
7 89
8 63
3 18
8 82
5 89
3 25
6 30
1 14
9 53
1 57
6 40
1 88
4 97
1 68
4 57
4 98
5 15
8 38
6 18
10 90
5 26
5 91
5 22
7 72
7 99
3 91
5 89
7 50
5 37
3 31
7 89
3 89
5 71
6 15
8 29
10 3
5 66
1 28
7 32
6 84
7 70
6 5
7 24
5 62
5 41
4 7
9 65
4 59
1 97
9 83
9 52
2 27
7 80
2 19
1 63
7 65
4 52
9 59
6 61
7 73
7 26
3 20
10 24
1 24
4 44
2 52
1 84
5 73
10 9
3 90
5 6
1 31
6 65
6 44
2 68
10 34
9 36
10 1
3 94
4 5
9 41
3 31
8 28
1 58
1 52
9 68
1 91
10 43
8 3
1 86
8 58
8 53
1 6
5 16
1 51
4 57
8 68
4 52
10 40
1 96
6 87
1 52
8 10
10 40
7 23
5 87
4 41
2 3
2 53
1 39
4 15
1 24
5 48
2 50
9 60
5 99
7 15
3 56
9 89
5 47
7 36
2 72
3 27
4 83
5 61
7 52
9 14
6 39
9 26
4 67
9 68
2 46
3 71
2 46
2 5
8 7
4 36
3 29
7 71
1 61
5 1
6 57
6 37
9 69
7 34
1 38
4 81
8 45
5 21
4 59
7 31
9 52
5 40
4 34
10 1
5 6
4 34
3 75
7 7
3 47
2 3
2 14
10 82
3 1
3 70
9 79
5 30
3 99
7 12
6 31
3 21
10 82
8 60
3 78
5 75
2 40
8 30
9 65
1 82
3 9
6 13
4 18
4 34
8 68
8 35
9 48
3 84
8 24
6 42
1 22
8 19
5 85
9 10
10 53
4 67
4 33
10 35
3 28
2 71
5 41
2 6
2 29
8 20
5 92
1 73
7 87
9 23
5 24
6 49
4 15
1 32
4 86
10 68
4 13
10 21
10 92
6 81
2 18
2 67
7 70
5 40
4 65
7 37
8 76
6 32
2 47
5 38
9 99
7 80
2 5
9 69
9 5
9 7
8 42
8 40
4 39
4 1
2 100
2 74
7 63
1 14
9 97
8 63
3 61
3 38
4 63
9 45
2 3
1 45
1 39
8 47
10 47
8 22
8 71
2 59
3 53
7 85
5 13
2 89
8 75
10 99
9 21
6 63
3 78
1 70
8 71
5 56
7 53
9 39
10 48
9 87
6 26
3 42
7 59
2 6
10 94
1 10
2 22
4 78
4 31
2 87
10 44
5 55
9 13
7 61
5 13
4 74
8 3
4 89
3 19
6 76
9 77
7 64
2 29
10 18
5 65
10 100
4 64
2 8
1 11
1 4
1 79
1 80
8 40
3 45
9 29
3 2
10 12
10 81
8 95
9 63
2 21
4 93
1 44
7 8
7 48
6 24
1 7
2 5
3 91
6 39
10 48
5 100
9 32
5 24
