5 86
5 92
8 94
2 21
3 36
10 15
2 34
3 99
5 87
6 6
9 83
5 99
7 28
7 35
4 42
3 68
9 31
10 6
1 15
3 66
8 56
5 49
3 50
4 93
4 8
9 39
7 7
8 41
5 43
4 94
8 15
8 45
8 77
1 7
9 88
9 70
6 39
9 82
5 91
9 90
7 72
3 69
1 1
7 27
9 62
3 64
4 91
4 75
5 32
3 43
10 72
6 95
4 75
2 100
3 88
1 2
7 55
2 20
3 60
3 20
4 20
1 55
2 78
4 81
5 79
5 22
1 23
6 18
2 17
9 3
7 65
10 4
4 32
3 64
6 12
3 93
10 87
8 97
6 3
3 45
1 72
3 21
8 41
10 90
4 33
6 41
1 74
2 89
1 69
8 66
4 66
9 66
10 81
2 5
9 6
5 44
2 73
1 34
3 95
8 92
5 3
8 11
3 52
5 89
10 92
3 52
6 13
9 95
1 7
10 31
4 44
1 97
3 56
4 27
4 89
7 48
6 86
7 50
7 31
1 19
6 98
1 92
5 74
1 35
6 22
3 95
1 12
3 2
6 3
6 39
2 14
4 53
8 96
9 5
3 57
8 56
10 64
3 61
7 20
7 90
8 44
9 17
6 10
9 56
2 95
8 2
9 22
1 36
5 23
3 48
7 49
3 83
3 72
5 23
8 71
3 34
4 74
4 42
6 87
8 82
7 28
6 92
4 38
5 13
4 21
10 3
5 48
9 58
10 7
9 46
6 28
10 65
5 36
7 68
10 31
5 9
4 94
4 97
5 73
6 87
7 92
6 90
1 80
2 15
10 57
10 15
5 26
7 47
6 89
6 9
8 84
1 77
1 49
5 86
8 27
10 99
7 6
5 17
10 57
10 26
8 26
4 64
7 26
2 78
2 11
1 76
3 52
6 41
3 1
10 73
7 29
4 97
10 81
6 81
3 26
3 4
1 74
7 75
2 35
9 32
2 41
3 61
4 87
6 50
4 78
3 92
7 18
9 88
9 18
7 88
2 67
5 21
4 4
8 95
2 37
9 93
3 62
7 33
3 72
10 24
2 19
4 26
4 79
4 37
5 57
3 76
10 92
8 45
7 26
10 60
9 37
1 15
6 32
7 6
7 75
7 62
10 94
6 71
7 47
1 56
1 70
2 92
7 87
1 59
7 74
5 90
6 50
6 12
8 97
7 22
6 97
2 81
6 37
3 79
8 74
10 36
8 33
6 32
4 57
6 60
2 42
7 5
2 45
6 20
9 18
9 75
9 57
3 9
4 38
5 79
5 33
9 26
5 77
8 93
1 60
6 71
9 32
1 86
5 41
1 69
8 80
10 75
10 56
4 93
8 11
7 17
5 52
10 6
5 84
9 77
1 3
10 33
6 69
2 71
8 23
6 41
5 45
7 13
4 73
9 70
6 89
4 95
8 1
9 95
3 96
5 14
8 71
6 14
4 73
1 58
9 82
10 48
2 10
6 25
3 20
1 40
1 60
6 56
3 70
9 10
10 79
8 31
4 11
7 62
1 1
3 26
2 42
1 75
10 47
5 56
3 94
8 18
1 44
7 24
6 31
10 15
9 95
7 88
5 67
10 56
7 42
5 15
4 24
2 50
7 95
5 48
4 54
8 85
6 93
4 7
8 3
3 13
5 77
6 69
9 60
5 53
3 47
5 29
7 51
1 97
5 4
9 7
6 1
3 1
9 11
1 37
5 94
7 33
6 74
7 38
2 6
4 48
3 91
1 41
10 95
6 27
9 49
5 88
3 66
2 89
7 66
4 75
9 53
2 10
7 84
3 47
4 99
4 14
9 30
5 85
9 85
3 5
6 21
3 95
7 13
5 22
3 61
10 99
10 43
9 57
2 64
1 5
3 33
2 7
10 95
3 43
2 9
6 90
7 86
9 16
8 7
5 23
5 86
2 83
6 72
10 74
10 26
7 55
3 76
6 10
9 28
3 2
1 73
7 68
7 58
8 63
1 83
6 38
2 3
6 34
9 61
9 17
1 65
9 60
5 75
4 44
6 95
1 82
10 75
7 56
1 50
7 45
6 74
3 48
9 98
4 8
1 50
4 41
2 75
5 54
3 34
3 45
5 1
10 75
1 75
3 49
8 34
10 60
6 11
9 76
3 13
5 26
8 94
9 3
9 27
2 93
2 30
6 28
3 39
8 98
4 48
8 81
2 34
3 54
7 26
6 16
2 53
7 82
2 57
6 90
2 4
7 15
6 14
6 78
2 67
9 9
10 94
2 77
4 30
1 6
2 12
9 9
4 22
5 18
4 3
10 7
10 55
8 18
10 79
3 95
2 94
10 50
5 94
5 88
2 82
5 32
1 100
4 63
2 32
10 88
5 57
4 54
9 37
4 32
8 67
5 38
6 84
2 40
6 15
8 100
3 74
1 56
5 47
9 37
9 35
9 82
3 31
3 83
3 72
1 23
1 21
5 76
4 16
1 35
1 30
1 74
3 34
3 19
1 72
5 92
4 35
9 3
7 27
9 69
2 69
9 74
8 47
2 73
9 64
7 71
3 82
5 73
3 61
3 83
3 23
5 91
6 83
7 91
5 92
6 61
10 96
1 5
5 97
9 88
3 87
8 44
2 67
3 11
3 45
4 82
4 33
4 39
6 29
10 7
10 99
3 26
10 5
1 80
2 39
8 70
5 32
1 30
5 50
1 93
4 68
3 27
3 54
6 44
5 19
7 65
8 42
10 89
6 24
10 96
7 46
1 91
7 9
9 2
3 6
2 74
4 71
4 90
10 80
1 29
5 59
7 11
10 49
4 22
10 49
10 43
10 34
2 94
2 8
8 75
6 100
2 7
8 51
9 55
5 69
5 31
6 55
10 72
4 6
10 16
5 47
7 71
9 62
4 40
1 10
6 57
1 31
6 24
5 6
10 98
10 69
4 74
5 76
3 84
10 60
6 100
2 16
6 71
6 22
8 85
5 88
4 20
5 67
6 32
2 77
2 24
3 11
8 46
10 62
5 95
2 72
5 58
6 94
10 3
9 74
7 80
7 76
5 36
8 57
3 60
6 84
10 47
7 23
6 94
6 25
5 53
2 100
3 33
3 47
5 95
10 91
6 58
8 11
5 77
6 72
2 76
8 6
4 69
7 26
6 78
9 5
9 11
10 92
6 18
10 81
1 88
6 77
9 22
7 76
4 24
9 65
9 27
7 5
5 93
5 23
9 44
4 38
3 67
6 47
9 17
6 45
9 60
6 67
10 85
9 65
10 4
3 79
7 82
10 44
7 99
4 70
6 90
9 56
3 27
10 97
7 61
6 71
3 33
10 89
3 55
7 61
8 28
3 67
10 33
2 2
6 64
10 84
5 17
5 3
5 58
4 95
7 99
6 75
6 10
1 59
9 72
7 68
5 14
6 51
4 39
7 41
5 6
2 81
1 24
7 98
10 92
1 32
7 63
10 13
8 51
1 43
7 51
2 73
7 42
10 10
6 97
10 95
2 63
4 11
8 84
2 91
2 89
3 60
9 40
7 9
7 44
1 90
4 9
4 57
2 58
8 37
9 91
3 33
8 29
3 65
4 5
7 80
6 54
9 40
1 71
10 19
10 29
7 94
10 5
10 73
6 79
3 86
2 84
7 40
5 14
5 24
9 78
1 30
6 93
3 3
3 12
4 62
9 35
2 70
1 76
4 43
4 58
3 45
1 69
10 14
3 93
6 90
9 28
3 33
8 44
8 74
5 70
2 16
9 40
6 19
1 66
7 12
5 18
1 89
6 73
7 92
7 34
2 67
10 66
4 78
3 86
8 68
10 46
6 59
3 66
1 92
6 67
8 24
5 7
1 58
3 82
6 85
8 6
5 93
9 78
5 7
3 67
4 2
10 63
8 69
1 96
3 49
10 94
10 43
7 9
3 61
4 34
3 91
4 95
1 59
5 46
6 56
5 83
9 71
4 43
7 92
3 2
10 31
6 72
9 17
5 80
5 81
5 21
9 73
5 59
10 54
4 2
1 3
3 98
1 43
1 20
2 49
7 28
10 2
4 68
9 70
9 85
2 27
7 48
9 7
2 81
2 100
10 44
1 51
1 41
7 23
7 54
8 20
10 75
1 68
7 71
5 41
6 14
6 85
2 79
8 100
9 9
7 29
3 45
4 40
7 63
4 14
5 82
5 73
1 61
1 79
8 25
10 68
10 9
2 2
5 70
3 34
1 71
1 75
7 48
2 33
3 51
8 88
3 20
2 48
8 20
4 75
3 53
7 81
10 97
6 80
1 24
3 63
2 95
2 89
8 99
1 72
9 99
9 70
5 88
9 9
1 31
3 87
3 92
1 30
9 50
10 67
4 34
5 60
4 22
2 36
1 71
2 67
3 2
2 84
1 13
8 47
4 86
10 91
2 22
8 45
4 8
5 19
8 95
7 93
2 54
7 90
9 68
7 11
3 5
8 80
3 92
2 40
8 77
2 48
5 90
