7 4
3 24
2 67
5 75
10 50
7 81
7 20
10 99
2 70
3 75
9 69
6 32
9 75
8 97
3 93
10 68
1 15
10 57
5 24
7 65
2 76
1 62
5 95
2 25
10 60
2 11
1 72
5 52
3 35
7 38
8 73
5 27
3 45
2 56
7 26
1 54
1 46
7 37
4 25
5 62
10 48
6 58
3 15
2 19
7 28
2 76
10 58
8 73
4 10
5 40
7 70
6 22
4 56
7 2
10 66
2 29
3 76
5 28
4 5
1 19
7 39
8 46
9 83
8 1
6 22
5 48
3 35
10 62
9 6
5 25
7 13
1 56
10 61
7 13
6 39
8 100
3 65
10 12
7 77
5 13
5 13
10 59
1 94
3 94
6 75
4 83
3 14
10 84
4 87
2 77
7 36
5 51
8 20
4 74
10 18
7 42
8 43
7 6
2 2
10 46
10 85
5 43
8 77
2 97
8 97
3 72
3 76
8 56
1 21
5 16
8 53
8 43
3 4
7 34
10 8
2 29
5 11
4 92
6 91
2 98
4 93
3 79
9 20
9 19
9 40
1 90
3 87
5 66
8 92
4 8
4 59
4 72
5 44
1 64
5 64
10 68
5 30
8 80
6 75
6 3
4 5
8 17
7 51
7 92
2 2
6 83
6 27
8 62
4 86
10 99
1 59
9 55
3 7
4 57
6 97
5 97
7 72
7 96
6 46
3 60
4 28
5 50
8 9
8 97
10 99
4 71
2 8
8 66
1 82
6 69
7 99
3 76
10 89
6 71
4 46
10 99
6 16
10 91
10 8
1 27
8 92
4 1
6 63
5 34
9 97
3 100
3 73
2 18
9 80
4 14
2 98
10 1
10 7
4 98
10 8
8 72
4 9
2 58
1 37
2 22
10 9
1 50
10 37
3 96
7 76
6 1
4 59
6 13
9 21
5 5
3 10
2 29
4 10
10 69
6 26
6 67
7 6
10 84
5 54
1 33
10 15
4 16
3 100
4 44
9 11
1 94
9 2
3 42
3 95
5 26
1 57
10 65
9 44
9 20
3 93
4 27
2 31
10 100
3 86
1 66
8 31
1 7
7 59
9 78
2 16
4 73
5 98
6 84
9 71
10 48
2 32
6 91
2 73
4 55
1 28
6 66
5 25
8 34
3 29
3 59
4 5
3 14
1 18
3 19
10 3
7 19
1 15
8 76
1 62
3 83
5 54
5 93
6 63
10 42
1 84
3 38
7 22
6 41
7 20
1 35
1 12
3 57
10 32
7 27
2 68
7 47
5 57
6 71
4 8
7 7
2 21
10 10
8 58
9 31
6 72
5 43
9 50
1 18
2 10
9 64
8 28
8 71
1 72
8 27
1 80
7 73
6 60
5 37
1 95
7 23
7 7
6 20
7 36
5 51
9 66
9 11
10 54
2 84
6 56
8 18
4 98
9 49
8 4
10 68
8 87
1 48
6 28
6 2
4 36
9 58
10 98
2 15
9 50
9 24
1 16
3 52
5 76
10 13
1 13
2 38
6 99
7 60
7 28
8 85
7 96
8 17
5 18
10 60
7 35
5 5
4 40
1 4
9 88
6 43
5 55
1 40
3 100
1 55
4 70
4 36
10 34
6 47
6 8
1 84
5 35
1 85
7 61
4 7
3 43
9 30
7 91
8 34
3 72
5 35
7 19
2 19
2 64
8 28
9 11
6 69
3 13
3 10
9 90
1 4
4 77
4 58
8 37
3 31
5 4
8 85
10 97
5 44
9 47
8 80
4 52
8 87
10 72
9 95
7 28
7 33
7 46
8 91
6 4
3 28
10 40
3 18
7 39
6 89
2 71
8 35
3 73
1 48
10 57
4 24
1 86
10 87
5 58
9 30
1 72
5 81
1 95
4 49
5 15
1 91
1 36
5 70
4 38
8 6
4 25
4 66
7 100
4 97
3 45
7 37
2 42
3 9
5 23
2 82
5 53
1 49
5 54
3 35
9 86
8 65
2 46
1 83
5 95
9 37
7 51
2 14
4 61
6 45
4 3
1 25
1 41
7 20
9 84
9 88
6 33
9 71
6 1
7 17
8 42
7 52
9 52
1 16
1 73
6 25
9 86
3 74
2 16
9 52
8 76
4 32
7 12
5 30
3 50
2 15
10 26
10 26
6 67
3 47
3 27
3 60
8 46
5 70
6 85
10 64
2 9
6 59
2 94
3 10
1 81
4 77
2 90
3 98
8 90
4 67
6 70
8 51
4 53
1 67
4 33
10 45
3 90
3 33
1 19
10 45
8 2
1 59
6 2
6 77
7 51
6 16
9 11
4 54
10 64
8 91
6 71
7 51
2 100
5 91
9 8
10 57
1 52
10 37
7 99
6 62
6 60
4 95
3 29
6 8
3 36
10 1
7 16
7 41
10 84
3 35
6 56
6 58
7 57
2 68
7 92
6 10
1 43
6 14
4 44
4 26
9 3
5 29
7 47
10 40
2 4
4 39
5 96
2 66
10 7
4 30
4 6
4 93
9 25
10 19
7 81
8 64
1 34
2 47
6 64
6 48
1 29
6 42
8 71
8 18
4 28
9 53
8 44
5 71
9 34
1 17
6 4
1 89
4 53
10 47
10 24
4 36
9 95
1 8
4 30
2 45
2 66
2 68
7 55
10 3
8 14
6 20
3 31
6 54
1 27
9 46
5 6
5 65
4 42
9 33
5 76
4 73
4 82
9 11
7 49
3 9
6 1
5 65
4 28
4 74
1 26
5 55
9 19
8 67
5 22
5 49
1 57
6 11
2 1
9 91
10 25
10 91
7 71
6 26
1 43
7 18
1 9
3 33
6 98
9 37
5 54
6 97
4 46
8 59
1 5
10 50
6 8
4 31
10 39
10 25
4 43
9 46
6 63
9 54
2 71
4 24
9 68
8 27
2 2
2 28
1 67
4 65
5 41
8 18
6 83
4 20
3 60
1 6
3 42
6 98
7 39
2 67
1 10
4 81
5 45
6 83
9 55
8 25
1 61
10 99
10 25
10 41
8 43
6 33
5 32
4 99
7 1
7 99
6 58
10 2
1 4
1 95
9 16
10 81
10 30
10 99
7 19
4 15
9 59
2 24
7 30
3 94
3 54
9 56
9 10
10 54
10 67
1 25
4 60
9 9
3 23
9 18
3 23
5 74
4 1
9 70
8 12
6 20
3 53
2 62
9 55
9 62
6 52
9 65
10 50
9 69
10 45
2 51
10 62
1 23
7 96
4 69
5 42
2 28
10 22
1 44
8 74
3 20
7 17
4 3
2 5
10 42
2 7
10 47
1 72
2 68
8 24
2 2
9 24
3 94
10 34
8 19
2 93
1 38
9 50
2 2
3 3
8 2
1 50
5 14
5 85
1 63
7 38
3 60
10 58
9 78
6 92
7 10
8 9
9 58
9 46
3 99
2 46
9 23
4 21
3 71
5 65
8 23
4 33
2 93
5 36
5 12
8 85
6 15
9 33
1 58
10 57
8 77
2 79
6 68
7 24
7 71
7 60
1 4
4 82
6 86
4 74
3 12
5 36
2 95
8 15
4 21
6 96
6 93
6 70
8 53
9 60
2 42
8 62
2 90
3 52
1 70
2 7
3 11
10 82
2 21
6 42
5 36
10 54
7 91
3 51
6 26
1 68
6 99
8 98
5 1
10 63
2 66
9 61
10 52
1 34
9 83
9 65
4 89
10 56
4 18
8 94
7 31
9 1
7 51
5 2
8 14
3 4
3 54
6 34
9 70
2 40
7 54
3 58
1 53
6 1
2 63
10 79
3 8
5 30
9 58
4 44
6 55
5 46
2 25
8 7
8 87
9 9
4 89
3 79
7 49
10 1
9 74
7 90
8 30
7 51
6 75
7 30
9 98
2 26
7 16
8 65
5 19
10 40
2 49
6 98
6 72
7 61
5 71
10 34
7 60
9 93
8 19
8 42
1 78
8 63
4 23
8 50
5 76
7 29
5 26
7 97
9 74
1 100
1 53
5 9
4 18
3 67
4 9
2 85
1 31
7 49
7 45
4 67
4 7
2 57
3 44
2 57
2 91
3 55
6 4
1 37
1 52
9 22
5 83
6 95
7 85
7 73
3 60
9 84
6 45
6 27
7 10
8 62
3 71
9 93
8 78
2 96
6 14
2 41
6 35
9 60
3 24
4 78
8 29
8 68
5 41
8 64
9 80
7 80
1 27
1 3
6 93
1 12
4 56
1 80
9 25
4 12
10 69
6 33
7 31
7 29
7 51
2 23
2 96
6 75
9 97
1 27
1 49
4 66
6 27
2 32
4 30
7 63
9 11
5 53
9 88
10 50
2 71
7 25
5 16
9 39
3 63
10 48
7 28
2 46
10 82
4 96
1 94
4 92
9 30
9 26
4 52
2 10
6 9
2 69
2 76
3 3
7 68
6 95
2 20
3 60
3 88
7 37
7 21
8 45
9 10
5 49
9 92
4 63
3 62
3 87
9 50
