7 49
4 43
1 38
7 51
1 21
9 36
1 65
7 7
9 11
2 94
4 44
4 19
9 66
8 79
7 26
8 71
4 60
1 91
4 82
2 59
8 82
5 80
8 16
4 99
5 69
5 28
9 67
3 59
5 37
2 76
3 97
6 41
3 49
6 65
2 64
1 51
3 59
4 86
4 21
2 56
5 47
2 78
2 80
6 64
3 33
4 56
6 25
7 62
5 57
2 63
5 19
1 39
4 52
9 6
9 72
10 94
2 22
8 51
4 25
4 91
2 59
9 49
8 17
9 65
4 28
5 55
4 7
6 98
8 73
1 48
9 18
8 48
4 18
1 7
5 74
10 23
7 84
10 66
7 29
4 68
10 26
7 84
9 13
5 77
7 58
10 5
4 10
2 67
3 51
4 46
2 42
10 2
3 98
1 7
1 74
5 40
2 91
9 95
4 76
9 16
5 35
4 39
6 13
5 42
8 61
8 9
10 33
10 18
2 74
5 4
2 20
2 96
2 79
6 66
3 100
10 66
9 71
6 96
3 10
8 27
8 11
1 18
5 44
5 39
4 80
2 90
8 41
6 58
10 89
10 27
2 58
8 72
2 28
10 23
7 41
5 76
2 63
7 3
1 82
8 86
8 64
6 47
3 15
4 83
5 91
5 60
3 38
10 5
7 4
1 36
8 87
3 53
6 88
8 19
8 100
8 35
2 82
8 65
5 70
6 86
10 19
3 51
10 62
10 6
7 77
1 80
8 11
9 43
7 81
7 89
6 9
1 46
5 34
10 3
10 77
3 20
3 83
5 23
3 61
3 23
3 29
2 33
1 74
1 26
10 91
10 44
5 93
9 46
4 68
7 49
2 92
7 33
6 37
10 69
4 20
2 20
8 93
5 61
2 55
1 22
2 23
9 37
7 45
5 88
7 79
7 67
10 92
4 60
4 18
4 55
5 77
3 84
8 5
5 18
1 14
6 74
3 23
10 13
9 76
3 27
2 29
4 65
4 68
6 30
3 94
4 94
2 35
9 84
10 41
4 42
3 4
3 39
1 88
7 77
8 78
8 12
8 4
2 60
5 53
1 91
7 17
2 35
3 7
6 39
10 69
8 92
2 100
10 24
7 46
4 56
2 76
1 51
5 97
1 23
5 10
1 78
3 15
2 41
2 32
3 50
9 13
6 45
1 27
10 63
8 77
10 30
2 10
4 40
7 97
2 45
3 59
4 96
3 68
1 84
4 39
9 65
7 48
8 71
8 8
5 21
7 80
5 3
1 27
4 6
2 14
6 64
1 61
2 65
4 68
1 96
1 23
2 84
3 56
4 72
8 67
10 97
3 61
5 31
3 95
7 81
2 41
8 95
7 35
9 12
4 22
7 33
6 52
10 78
7 63
9 2
2 5
2 61
5 47
5 50
7 86
6 83
6 54
2 67
1 89
10 22
2 8
7 72
10 19
2 55
2 79
2 99
8 58
7 54
2 13
8 17
1 65
6 66
2 73
9 82
6 40
7 19
2 84
1 99
1 95
7 53
8 22
5 46
8 4
10 79
10 24
2 30
7 4
7 99
8 81
8 14
3 36
5 70
3 76
2 32
4 41
1 46
6 57
8 39
4 41
9 13
9 45
9 35
9 10
5 45
5 60
2 29
3 68
1 64
2 22
7 38
2 80
5 63
3 4
8 55
8 9
2 16
10 38
5 47
5 67
7 73
8 56
8 65
9 92
9 12
4 27
4 49
3 48
10 7
6 11
5 52
7 47
6 71
3 24
1 6
7 7
6 87
4 43
1 65
3 88
1 80
6 91
9 45
1 42
4 75
6 14
1 84
2 31
10 24
5 83
2 69
7 75
8 10
3 51
8 66
9 25
2 38
5 38
5 7
10 21
3 99
4 41
6 42
9 98
1 36
10 79
8 54
5 91
4 55
10 86
8 6
7 15
1 34
4 68
10 25
2 10
2 66
9 56
2 6
3 63
7 2
7 88
9 43
7 86
8 54
4 82
4 35
2 73
2 1
2 69
4 89
1 16
2 25
10 66
5 40
7 7
10 84
2 94
4 42
5 8
9 46
2 32
4 83
3 71
2 75
8 97
8 74
9 84
1 32
8 1
5 28
3 72
7 42
4 64
9 69
3 46
4 52
4 8
9 92
8 94
5 52
6 47
1 100
9 25
10 94
1 51
2 66
2 61
7 98
4 92
8 83
9 51
7 16
2 94
1 97
4 85
8 3
7 41
5 19
4 79
9 40
10 94
4 91
6 56
10 34
5 36
6 77
3 11
5 85
3 86
4 82
1 44
6 33
3 53
4 39
2 54
1 78
3 68
1 58
2 41
5 38
2 2
2 5
3 47
8 4
6 31
7 76
3 80
1 41
3 72
7 89
10 92
7 15
1 94
9 19
2 96
7 28
8 84
10 81
8 18
2 41
8 43
1 73
4 48
2 32
9 23
4 31
6 14
5 92
8 36
7 94
7 30
9 58
10 11
4 19
2 13
6 47
6 56
8 3
8 97
7 78
6 88
7 63
9 54
6 52
1 54
5 31
7 47
6 72
1 83
1 33
4 19
3 35
4 8
2 8
2 50
4 19
2 16
10 40
9 11
10 93
2 68
9 38
10 61
5 48
6 64
8 74
9 69
2 12
8 53
10 46
8 55
6 26
3 67
3 18
5 30
9 44
3 42
2 20
10 19
5 3
9 26
5 98
1 30
9 60
3 8
6 24
5 13
8 7
4 93
2 13
7 22
6 32
3 84
4 7
1 46
7 24
10 93
6 54
3 26
6 40
4 42
6 67
6 56
7 72
6 73
5 66
1 52
6 63
9 29
3 41
5 32
5 49
6 89
10 44
6 30
6 67
6 73
3 77
5 38
1 75
2 9
2 79
9 63
7 62
2 79
3 33
6 5
1 63
5 81
9 90
8 13
10 3
7 78
6 20
1 9
4 25
9 36
5 62
3 27
2 9
1 12
8 11
4 31
10 6
5 27
1 79
1 55
1 5
10 57
1 42
6 97
5 49
10 57
2 62
1 77
8 79
7 69
8 4
4 65
2 45
6 25
3 43
1 93
1 25
3 1
8 33
6 69
7 40
2 73
9 23
7 12
3 65
5 59
8 30
4 12
10 9
7 68
6 14
2 63
4 22
10 24
8 12
1 73
5 2
2 45
1 1
9 40
2 6
3 28
8 95
7 62
3 21
4 29
8 96
7 75
5 13
2 45
9 95
7 90
5 22
3 99
4 9
1 90
9 31
9 53
6 1
5 15
5 27
5 78
9 90
5 44
3 21
5 87
3 67
9 67
3 61
5 16
10 1
1 18
10 52
2 6
9 94
4 74
1 36
7 76
9 58
10 39
10 3
7 71
1 2
5 21
8 55
6 72
8 15
9 18
7 57
5 79
3 21
7 15
5 27
7 83
3 58
7 18
6 47
3 26
4 6
2 15
1 23
9 43
3 66
4 97
4 73
7 95
8 63
2 90
9 18
10 7
6 69
1 37
8 72
2 50
6 66
5 5
10 62
4 25
5 30
6 32
5 24
6 28
1 86
5 9
8 34
3 63
2 27
2 22
3 19
1 92
7 90
8 16
3 4
10 25
6 27
10 65
9 4
9 81
9 20
8 17
7 18
7 77
7 96
7 31
9 96
1 20
6 90
7 87
7 56
3 49
2 61
2 68
7 83
9 65
10 51
10 16
7 12
5 96
6 72
2 88
5 35
8 58
1 38
6 82
9 11
1 68
10 52
9 27
6 54
1 18
2 89
8 85
4 37
6 87
10 8
3 80
10 91
8 90
9 59
6 90
5 37
5 37
3 5
7 89
4 52
3 10
6 9
4 89
6 60
9 16
3 63
5 84
10 28
4 100
4 59
8 35
6 81
7 41
1 7
6 47
7 6
10 58
9 55
6 15
1 39
2 33
5 88
4 46
9 4
8 83
2 84
8 8
3 12
3 41
4 94
8 39
1 20
6 78
1 80
6 3
1 19
2 51
8 37
3 37
8 1
8 61
8 69
6 29
6 22
6 87
5 74
2 93
1 33
8 22
6 38
6 6
8 95
9 2
9 50
8 6
8 80
7 8
3 62
1 86
1 70
3 48
2 11
9 88
8 78
1 34
3 15
3 32
7 84
6 50
9 61
1 91
5 60
1 74
7 39
6 81
5 25
7 60
9 45
5 60
9 83
2 26
2 18
6 31
4 74
1 3
8 7
8 44
4 62
3 73
8 53
7 59
9 70
9 67
10 1
8 13
8 47
2 62
3 3
5 62
4 96
9 37
6 77
9 12
8 18
9 82
9 54
1 62
9 82
7 53
3 26
7 84
1 11
9 37
1 42
9 42
8 63
5 44
4 26
8 67
1 47
7 89
10 16
1 1
6 97
7 65
4 100
7 21
10 87
8 41
7 55
7 89
8 71
6 67
10 34
8 9
5 6
4 50
8 22
5 1
1 27
4 17
3 39
10 47
9 42
5 80
3 22
9 94
8 91
