4 46
6 94
7 100
7 40
5 71
3 81
6 55
7 50
7 53
10 37
1 43
1 68
2 63
6 76
3 8
4 56
3 60
5 22
5 12
8 94
5 76
10 45
9 98
1 81
2 56
10 60
3 71
8 82
3 47
1 82
10 20
1 41
8 15
8 61
6 51
6 17
6 11
4 45
1 77
2 10
10 4
2 68
5 55
1 48
9 47
3 93
6 44
10 55
3 79
9 68
2 42
4 22
1 85
10 41
2 13
9 74
5 24
6 70
3 6
2 98
2 67
4 83
5 9
6 17
3 20
4 41
6 44
9 77
10 56
7 77
10 38
9 100
1 3
4 32
3 57
8 63
1 22
5 55
9 97
8 41
6 85
2 65
5 38
5 94
4 65
3 74
5 70
10 37
9 29
9 60
7 42
3 24
5 70
4 73
2 24
8 49
9 92
5 57
3 55
9 40
7 76
10 54
5 35
9 9
10 49
6 80
9 72
6 69
1 61
6 53
4 56
3 33
10 59
5 12
2 44
3 96
10 89
5 59
8 69
6 99
5 21
9 6
1 60
6 45
8 57
5 83
5 24
2 54
6 92
5 58
8 80
9 57
7 36
1 28
2 91
5 49
1 51
8 33
7 61
9 81
3 76
9 8
9 45
3 64
5 69
10 7
3 67
5 33
5 4
6 89
10 53
3 40
6 24
6 97
5 4
7 52
9 99
9 90
10 69
8 43
6 35
4 63
3 38
9 29
8 7
10 58
8 64
9 3
8 17
3 99
9 44
7 3
8 2
1 91
3 68
6 30
7 83
1 27
6 80
1 44
5 15
6 39
3 75
9 84
4 60
9 33
5 45
8 42
7 53
4 74
6 45
10 94
3 95
5 61
7 18
2 20
1 98
4 53
3 47
6 3
3 66
5 65
5 100
7 8
10 84
9 19
4 4
6 38
9 36
9 3
5 79
9 82
5 54
2 51
5 51
7 86
10 87
9 66
2 12
8 35
10 83
10 86
6 81
3 40
6 97
2 32
2 55
7 41
8 36
1 96
9 59
6 51
9 54
9 72
4 78
3 32
7 41
7 56
8 82
2 33
7 32
4 80
9 3
4 98
1 40
8 70
7 4
6 2
3 13
1 19
8 77
9 54
10 96
10 87
1 20
7 16
9 52
3 15
10 90
6 41
3 82
5 8
3 9
1 9
9 99
1 63
6 57
7 47
7 22
4 17
2 97
2 71
3 28
8 61
7 77
8 42
3 18
4 63
10 98
7 49
8 95
1 53
9 47
7 20
3 97
6 41
3 52
8 27
7 26
10 67
1 91
10 80
6 28
1 33
9 72
8 49
8 35
10 79
1 86
7 68
2 43
2 11
6 58
8 67
9 60
9 96
8 48
5 75
3 52
3 24
6 3
4 51
3 81
10 23
4 47
1 96
7 33
4 19
1 2
8 64
4 36
9 96
5 17
4 65
5 86
5 95
7 22
9 72
4 66
9 96
2 25
1 52
7 75
7 21
6 88
8 2
6 56
6 99
2 9
9 4
4 81
3 53
4 1
4 20
1 43
10 54
10 72
5 15
7 89
1 26
7 53
1 96
9 9
7 89
5 77
5 80
1 15
5 53
9 32
10 86
8 98
5 81
7 49
10 38
2 51
6 4
6 85
8 83
8 31
3 58
4 4
6 59
4 94
8 60
9 68
9 27
9 32
8 26
5 99
9 1
1 5
9 77
6 54
8 19
5 98
6 38
9 22
6 31
5 39
7 75
3 37
3 95
10 4
7 15
8 71
4 11
7 35
7 64
6 7
5 36
3 38
10 46
6 32
2 48
5 58
6 59
9 78
4 21
8 92
4 26
3 64
3 69
5 33
6 5
2 65
3 17
5 66
8 33
1 65
7 48
8 48
5 78
2 59
4 50
9 47
7 22
3 78
9 27
8 94
10 16
7 98
9 34
4 20
8 83
2 30
2 77
2 19
2 42
10 49
9 61
1 45
2 63
10 42
7 20
10 91
6 50
7 37
8 89
5 79
4 8
4 10
7 63
6 71
2 22
8 39
8 63
9 65
8 17
10 68
6 37
8 97
8 89
5 11
5 20
1 98
1 20
1 41
4 68
7 94
6 2
4 9
6 60
10 68
2 44
9 22
2 62
4 50
5 47
7 43
4 79
3 3
8 15
6 92
5 34
10 35
4 23
5 40
7 92
1 55
5 1
2 6
1 50
9 19
4 67
2 2
3 12
10 52
7 2
1 31
8 45
2 18
10 87
1 83
7 50
6 60
4 54
3 32
10 38
7 4
4 53
6 71
3 89
3 90
10 100
3 80
5 51
6 42
5 28
8 59
9 19
10 52
6 49
4 51
4 34
3 1
6 61
7 18
8 86
9 17
10 13
10 77
7 1
7 1
9 41
4 83
10 46
8 99
5 65
10 51
5 25
5 30
3 88
9 88
7 25
3 41
2 89
1 50
6 74
8 49
10 49
5 99
1 68
7 37
7 70
7 85
4 40
7 43
2 84
2 88
9 75
8 2
8 48
9 18
7 92
2 87
1 79
1 60
2 89
2 22
3 44
8 72
5 22
2 92
2 47
2 55
8 31
9 68
2 46
4 5
9 80
9 39
7 68
8 6
9 4
4 78
6 68
7 100
4 92
7 80
4 32
5 16
7 71
2 14
9 8
6 8
2 74
8 9
8 17
8 79
5 82
7 68
10 28
6 70
7 86
1 65
8 23
9 67
6 24
8 30
1 44
9 66
1 65
1 13
10 83
7 17
7 75
1 70
1 90
7 18
8 80
5 49
1 48
8 57
8 42
9 91
2 88
2 44
2 42
5 55
8 68
3 44
1 7
8 26
2 69
2 2
5 93
2 26
4 87
10 41
1 44
6 68
7 79
6 37
3 68
8 83
10 50
8 23
1 89
4 2
5 97
1 49
9 22
9 2
2 81
10 84
2 63
9 6
5 93
8 97
2 72
9 61
3 36
7 42
4 93
10 56
4 22
4 96
5 46
10 94
2 32
6 33
4 14
5 30
8 78
3 61
3 2
5 96
4 59
6 98
3 77
3 69
10 96
1 81
8 35
5 82
1 10
9 36
1 63
7 78
2 51
9 12
8 98
5 38
3 45
10 94
7 51
8 61
10 68
10 15
8 14
3 98
4 38
7 50
8 67
10 11
7 86
2 46
6 47
8 5
6 31
1 71
8 51
9 76
6 37
6 19
9 26
3 22
10 88
7 18
1 73
7 45
2 9
6 16
4 78
3 2
3 58
10 36
6 15
6 82
8 34
3 96
2 61
4 50
10 80
3 45
4 31
5 64
10 95
10 22
7 58
5 62
1 89
3 93
10 89
6 51
1 57
10 91
4 84
4 41
4 95
8 10
6 6
3 3
9 72
8 47
1 32
9 79
8 80
9 83
9 9
1 55
7 30
7 71
7 70
2 21
3 75
5 50
6 77
4 20
3 16
7 79
4 92
8 62
6 67
7 37
2 65
2 41
9 67
3 76
5 44
8 68
5 90
10 99
9 26
9 14
3 64
7 26
1 53
7 87
1 6
7 32
7 67
4 63
3 57
6 75
5 82
4 4
6 19
9 92
9 90
7 12
2 18
5 85
6 24
1 14
3 14
7 27
2 11
5 7
5 69
5 23
4 7
5 71
5 58
8 22
4 96
7 96
8 4
1 72
2 9
1 46
2 41
7 14
1 6
3 75
6 10
9 65
2 4
7 14
8 47
5 15
10 78
2 76
7 37
9 26
4 60
10 65
7 77
5 66
7 80
7 77
5 8
4 8
6 77
4 45
2 78
8 63
5 85
3 25
9 37
9 91
10 76
2 66
8 81
1 14
7 93
6 86
4 59
2 84
7 26
9 16
8 56
5 9
1 72
10 3
1 40
1 87
3 81
2 40
9 69
9 3
8 16
9 22
3 27
3 82
1 62
5 71
6 95
2 65
5 84
8 2
10 78
9 72
3 21
2 80
7 1
4 52
5 30
3 17
3 32
9 62
8 97
3 58
4 85
5 8
9 73
10 10
4 100
3 7
6 22
5 87
6 94
1 21
6 55
1 39
6 83
2 46
5 77
6 77
4 69
1 17
8 42
7 63
5 36
9 50
9 12
9 27
8 66
2 67
3 46
2 80
1 26
4 100
3 20
2 23
1 7
4 49
3 56
3 17
2 40
7 48
3 93
3 53
9 79
10 85
6 20
10 100
4 79
1 28
8 22
10 26
6 55
3 35
10 99
1 91
9 63
3 18
1 75
4 37
5 96
3 84
8 12
3 54
3 53
1 53
4 53
8 84
1 2
10 39
2 6
7 95
6 37
9 23
7 86
3 51
4 29
2 11
4 91
8 60
5 13
7 31
4 18
5 99
2 50
8 18
5 50
8 83
7 10
8 83
1 16
7 3
2 38
1 74
9 9
5 36
4 33
4 87
1 28
8 37
5 5
9 99
7 95
1 73
2 87
4 87
9 79
7 48
10 79
3 70
5 78
