6 13
3 2
7 38
1 35
7 70
1 82
4 29
7 43
2 22
6 35
8 54
3 42
9 56
8 42
8 42
5 88
6 74
5 43
1 14
6 2
5 78
5 7
1 85
8 27
10 27
10 8
2 86
7 94
8 63
9 33
4 61
10 72
3 1
10 32
9 60
7 65
8 42
1 6
5 55
3 15
3 5
9 3
2 95
10 92
2 72
1 97
1 56
8 51
5 79
4 75
2 44
8 39
8 38
5 40
10 88
2 85
6 12
9 14
9 74
10 60
10 8
1 5
3 27
5 40
6 32
5 47
10 36
1 1
6 25
8 83
2 35
3 74
2 12
3 85
9 5
4 97
7 17
7 29
10 99
4 39
7 48
8 69
8 10
4 70
3 49
10 13
5 17
5 25
6 81
5 22
10 79
5 76
7 28
3 13
4 91
6 62
4 86
8 35
6 22
6 60
2 89
9 57
7 25
3 76
10 67
1 74
4 5
7 44
3 5
6 6
1 88
9 51
5 36
9 63
8 59
9 57
10 56
3 15
2 51
9 24
1 97
2 38
3 66
3 59
3 24
9 42
3 9
9 47
3 81
3 55
2 45
10 45
4 32
8 15
8 8
2 45
5 41
1 45
5 7
7 26
6 93
6 43
10 7
5 53
5 8
5 33
6 97
6 45
7 47
8 17
5 27
1 74
3 13
8 79
8 27
5 76
2 96
5 76
5 9
4 10
9 42
5 68
6 78
1 53
6 10
8 62
5 9
8 8
1 99
1 60
2 98
1 87
8 21
1 9
4 91
6 6
3 68
9 49
10 13
1 81
4 37
8 68
7 37
5 98
4 49
3 20
5 93
3 44
5 15
8 42
6 74
8 88
8 8
4 2
2 13
5 56
8 8
8 33
3 44
5 86
9 64
10 40
3 39
9 46
10 44
2 40
1 41
8 41
2 19
1 80
8 34
8 39
9 39
9 60
10 100
5 65
1 88
3 86
2 68
10 11
9 46
2 13
10 76
3 37
9 37
2 12
9 65
7 21
1 30
7 1
6 12
3 98
1 93
10 100
9 69
1 60
4 6
3 75
7 36
2 11
4 66
5 77
1 49
8 59
9 29
4 88
2 57
2 91
6 31
9 81
3 66
1 68
6 37
1 52
3 77
1 20
9 34
5 27
3 23
3 77
3 12
7 10
4 69
6 85
9 14
1 45
2 90
8 77
6 1
4 46
7 22
7 100
3 65
2 50
9 98
5 18
2 90
5 89
10 100
8 19
5 17
5 4
9 61
8 76
8 67
7 9
7 83
4 42
8 22
1 70
2 14
1 59
4 33
4 99
8 57
9 83
3 18
7 83
10 35
4 20
4 47
6 83
7 88
10 39
1 91
2 84
6 72
1 20
2 55
6 87
3 44
3 2
4 99
7 48
1 65
8 86
1 65
2 37
7 30
7 11
4 6
7 94
8 99
3 93
1 93
2 81
2 78
1 23
5 34
2 89
4 83
3 70
8 52
3 76
9 93
7 97
4 60
9 34
7 84
3 53
8 20
9 53
7 90
7 64
4 97
10 49
10 96
4 39
6 86
3 99
5 7
2 90
6 66
7 23
5 6
7 16
2 62
9 75
2 12
3 30
8 97
10 4
9 4
5 22
1 5
5 18
5 15
3 21
7 78
7 65
10 81
9 52
10 64
8 72
2 61
8 88
9 46
8 6
6 24
3 31
6 99
6 85
3 18
9 88
6 41
7 52
6 90
6 47
9 82
7 14
6 29
9 47
10 36
8 15
1 43
8 93
1 50
2 32
3 42
8 1
8 87
6 81
7 92
1 33
4 39
4 75
6 50
5 71
5 67
9 56
10 25
4 17
9 36
3 19
4 83
2 92
6 56
10 82
9 56
2 24
4 25
1 6
7 10
10 67
7 75
2 31
7 47
4 7
10 27
8 87
9 64
9 30
3 80
7 77
2 29
1 34
8 19
5 91
8 29
6 84
10 52
1 62
9 92
9 58
9 8
9 70
8 21
5 71
4 70
6 37
6 83
3 39
7 36
1 63
3 42
10 18
8 89
6 92
10 17
8 15
7 99
7 14
4 70
6 7
3 36
10 6
5 91
7 65
8 54
1 48
1 9
9 40
8 48
4 77
3 73
1 6
5 32
2 22
1 81
3 89
7 92
1 60
10 76
8 30
8 71
3 36
10 15
2 75
8 43
9 9
6 16
2 26
10 83
2 30
2 79
4 66
4 56
1 99
8 99
2 74
7 48
7 49
5 91
3 43
10 24
3 1
5 55
3 16
3 19
4 11
7 38
4 93
1 38
7 80
1 19
9 7
10 46
4 21
10 94
10 75
2 13
7 63
5 94
2 36
7 98
5 35
7 9
8 87
6 63
6 1
10 85
2 87
9 99
5 3
10 47
3 76
8 35
8 5
2 19
7 17
5 74
9 32
10 65
2 36
6 83
1 16
9 48
8 86
2 56
4 75
7 90
5 6
9 50
8 62
7 68
9 84
2 65
6 65
8 77
7 84
3 27
5 84
2 28
7 85
4 37
1 14
7 40
10 20
5 98
3 90
10 57
8 41
5 17
9 78
3 49
6 46
3 92
5 21
4 74
6 48
3 61
3 86
10 56
4 83
10 79
4 13
6 77
9 19
7 91
10 15
5 98
1 11
3 77
5 39
9 37
5 71
1 94
3 5
4 83
7 27
1 45
9 67
7 4
1 63
8 100
1 96
6 28
8 30
3 41
3 19
4 41
4 77
7 71
9 70
5 28
2 27
3 88
10 57
9 83
8 64
5 86
5 9
10 57
4 32
3 12
3 75
9 63
9 75
6 23
3 69
5 31
5 52
9 75
6 45
2 73
1 23
2 46
5 91
1 91
10 9
2 81
1 13
2 71
6 60
9 100
3 14
4 5
9 9
3 52
2 69
4 2
4 24
4 68
1 1
7 94
8 20
1 86
5 84
1 95
5 42
9 84
2 21
3 29
10 12
8 69
8 40
7 11
9 83
5 59
5 54
7 97
8 98
2 77
9 56
4 37
5 50
7 44
1 99
6 64
7 50
7 92
4 62
1 36
6 15
6 13
3 24
1 32
7 83
7 31
6 57
5 1
3 23
6 44
4 78
4 61
9 38
9 27
9 80
2 72
3 13
1 37
10 95
10 32
4 26
1 49
8 80
4 2
6 31
4 92
7 24
5 52
2 54
6 83
3 12
8 11
10 44
6 42
3 17
2 52
6 36
2 89
5 43
8 4
10 71
6 36
5 76
8 26
9 59
8 56
9 52
6 81
4 33
6 37
8 92
2 65
7 29
8 92
4 88
5 48
5 6
10 40
9 42
3 94
8 17
10 82
10 98
1 59
4 80
7 27
10 90
6 41
7 64
6 94
8 70
10 93
8 18
9 32
1 86
5 77
3 31
7 81
9 68
1 45
7 81
3 26
3 53
7 83
5 98
8 34
5 21
1 100
5 52
3 72
7 17
3 50
3 94
4 61
9 37
1 17
7 87
10 15
9 80
2 41
6 71
9 82
1 85
5 28
7 47
9 31
7 53
1 5
1 89
2 13
9 97
7 86
10 15
10 74
5 43
9 7
9 54
3 81
2 10
6 33
1 25
1 99
6 80
6 51
4 77
10 63
8 5
4 77
3 84
10 7
3 98
2 73
4 96
7 2
9 56
7 24
3 87
4 6
1 85
1 8
2 10
7 25
7 51
10 72
8 11
4 78
4 62
9 20
9 61
5 59
5 24
5 60
4 24
4 73
6 16
4 78
5 95
1 57
7 53
10 27
4 100
2 59
2 97
4 64
10 64
10 94
8 89
2 74
8 65
10 65
3 65
9 55
5 89
6 5
6 90
2 92
8 54
3 77
5 53
7 48
8 30
7 72
10 55
1 73
8 98
7 88
2 100
4 23
4 20
7 18
3 94
6 14
6 10
8 82
6 61
6 92
6 67
5 86
4 86
9 73
10 30
2 75
4 18
9 29
8 72
4 48
3 41
6 94
1 40
8 100
6 57
9 12
1 14
5 30
5 74
8 55
5 22
6 26
10 45
3 1
10 72
6 63
1 99
6 66
5 15
1 69
7 33
8 29
2 28
4 37
1 55
8 58
6 66
8 40
6 47
7 56
10 4
1 43
1 73
8 90
10 48
6 59
7 38
6 39
3 76
1 22
4 6
7 43
3 21
5 35
1 19
7 25
5 18
6 52
7 57
4 73
7 95
4 71
1 82
10 41
4 71
9 7
8 94
9 1
7 52
6 70
9 29
8 80
6 4
9 86
7 37
8 27
5 27
2 73
9 19
2 31
7 61
3 79
10 54
9 65
8 87
8 52
2 22
4 46
3 99
5 45
7 96
6 41
7 73
6 53
4 64
5 73
3 10
7 94
5 64
10 29
6 5
5 63
1 24
10 31
7 70
1 84
4 22
1 10
3 81
10 35
2 33
3 17
7 49
4 67
3 52
8 28
6 15
6 41
2 21
4 61
10 46
