1 16
6 6
4 49
8 2
10 60
4 23
7 27
7 5
3 7
9 47
1 98
7 29
9 24
4 95
4 44
7 70
9 85
2 38
6 26
3 48
4 56
9 91
1 30
10 46
8 91
9 57
9 81
10 38
8 21
2 55
7 84
5 41
9 13
2 95
8 52
4 78
9 67
2 49
2 20
2 85
4 56
6 55
3 59
3 1
1 44
9 39
5 44
1 44
4 72
6 38
10 4
10 63
6 11
1 48
4 24
10 92
9 50
6 15
10 49
7 97
7 14
9 83
4 53
2 29
5 45
1 85
6 73
5 52
10 27
4 50
9 2
10 56
2 1
7 59
10 38
7 36
10 61
6 60
6 34
5 25
5 26
9 42
2 3
6 24
4 86
5 2
7 11
5 37
3 96
3 9
1 6
2 20
9 81
7 1
3 84
6 71
5 41
9 12
8 11
4 60
7 57
5 21
4 22
10 70
9 68
1 31
5 86
10 97
2 48
8 34
10 14
1 72
2 16
8 3
6 80
1 84
10 1
7 17
4 40
5 84
2 94
1 93
2 10
1 60
10 17
10 7
9 84
1 80
5 69
6 75
2 90
2 8
4 20
9 12
10 96
8 34
4 12
1 69
5 5
6 73
5 59
10 4
7 39
1 86
9 69
7 24
10 18
5 39
3 55
5 69
4 94
10 50
8 27
5 52
7 31
5 67
4 36
8 93
8 78
8 19
7 100
3 7
2 80
6 70
6 18
8 40
3 19
10 85
10 43
9 59
10 8
7 60
6 38
2 91
1 5
8 23
5 90
1 59
7 79
9 16
9 77
5 41
1 2
2 90
8 8
1 49
3 33
1 69
4 35
8 88
2 25
5 5
4 63
7 95
1 15
2 54
5 79
10 4
5 4
1 31
3 50
4 85
7 86
7 81
5 21
1 86
10 50
6 70
2 83
7 13
7 92
9 76
6 26
7 77
9 100
6 97
10 77
10 10
6 37
6 50
8 21
7 36
6 42
2 58
2 90
1 72
7 83
5 37
9 37
8 29
4 79
9 39
2 9
3 61
1 89
8 49
10 23
6 38
2 64
5 36
10 23
3 73
2 44
3 70
10 7
6 38
3 56
4 95
10 89
10 95
4 7
8 9
10 83
8 8
4 61
7 81
7 32
7 66
6 34
1 99
8 73
4 98
6 39
10 58
8 15
5 17
5 5
3 51
7 21
1 35
4 15
4 13
9 19
6 69
10 45
9 12
9 4
6 88
3 60
8 27
1 45
2 9
1 99
7 19
9 45
9 17
5 69
10 35
2 38
2 57
3 25
7 84
8 94
10 25
6 73
2 92
7 84
9 61
8 31
4 92
1 10
7 48
8 80
5 20
9 11
5 41
5 27
7 15
10 16
4 27
5 35
4 62
1 96
2 100
3 64
1 59
1 62
3 3
6 87
2 92
1 47
10 60
8 71
5 63
4 90
1 59
9 92
1 28
3 46
3 86
4 71
3 8
2 7
7 2
6 55
8 58
5 46
7 79
4 8
4 38
5 20
2 42
5 35
4 63
8 100
1 44
1 30
2 94
2 11
8 17
6 47
5 43
4 88
8 11
7 6
3 8
6 22
5 31
3 37
8 51
4 75
8 56
2 41
5 70
2 96
8 97
3 4
7 74
1 65
10 49
9 54
2 99
2 83
5 78
2 89
7 67
6 2
4 60
9 91
4 84
6 3
7 84
6 76
8 64
7 97
4 63
4 59
7 53
9 81
8 43
5 68
9 88
2 15
1 38
4 72
6 39
1 44
5 32
5 90
4 37
6 44
8 23
8 61
2 46
3 43
8 6
2 81
5 82
9 65
4 28
10 81
10 92
3 87
8 16
5 71
7 61
10 45
4 56
5 45
1 20
3 88
4 76
6 52
2 100
10 23
2 13
9 57
4 43
9 24
2 72
8 61
10 83
8 62
1 22
2 2
2 93
3 93
8 75
1 2
3 87
10 35
1 86
6 64
9 63
2 11
4 40
1 96
6 52
8 33
4 86
6 57
2 9
7 71
5 13
6 38
4 51
4 27
10 41
5 75
7 37
9 8
8 100
4 51
9 3
3 7
5 74
5 85
5 18
6 56
3 1
9 68
7 51
5 72
5 56
6 33
10 13
3 34
8 49
4 26
3 85
9 81
10 92
10 98
4 18
6 49
6 19
7 57
5 76
4 43
10 33
2 11
7 82
9 67
4 89
5 86
2 38
3 85
6 87
9 69
8 17
8 78
1 83
2 5
3 70
8 70
8 78
5 12
3 25
10 65
5 42
1 34
6 62
3 12
1 11
1 78
7 80
5 83
1 41
10 79
9 80
4 58
2 2
6 61
5 18
8 34
4 43
4 58
7 64
4 38
3 68
6 47
8 91
8 72
10 90
1 15
1 3
9 47
6 9
4 37
1 20
2 56
5 12
2 47
4 13
1 15
3 90
7 35
3 26
3 36
4 13
7 25
10 67
10 72
4 56
9 8
3 64
6 80
3 89
5 24
5 28
5 22
2 29
8 91
1 20
10 57
8 89
6 6
1 83
1 35
9 77
7 35
6 77
5 10
4 7
3 66
1 50
5 93
6 10
9 1
3 50
6 49
10 72
2 22
4 72
5 59
9 70
8 81
7 69
4 6
6 96
8 88
3 63
6 31
3 44
8 56
1 15
10 10
9 1
7 40
2 29
4 11
10 66
2 74
5 25
8 100
4 82
2 95
5 70
9 15
2 23
9 53
7 81
1 66
9 5
4 28
8 72
1 21
3 65
7 39
8 40
1 44
4 48
4 22
6 24
5 10
1 7
10 11
6 74
2 38
8 18
7 10
2 35
10 47
5 27
7 76
2 92
8 1
3 2
2 29
2 37
7 33
6 100
3 47
1 82
9 47
1 78
9 47
4 86
8 90
10 44
10 95
10 18
4 13
4 20
5 89
7 8
6 82
8 70
8 100
8 62
8 55
1 76
8 43
5 54
4 74
4 4
10 82
6 21
8 42
8 11
3 21
3 50
7 2
6 2
2 98
4 54
6 67
6 4
2 57
8 7
1 7
3 4
8 1
7 78
9 58
2 37
3 29
6 3
10 81
10 94
7 6
5 93
8 18
8 94
10 85
9 61
2 9
2 19
7 43
10 93
6 3
1 56
3 86
4 6
10 83
2 96
6 95
8 97
5 98
2 10
4 32
7 83
6 80
10 37
3 28
3 30
4 30
9 87
6 60
4 20
9 84
3 91
5 98
6 27
9 94
4 80
8 25
8 18
6 84
1 66
3 21
3 64
10 43
6 37
1 45
3 45
10 31
3 51
8 90
5 94
7 89
7 77
6 48
7 73
5 61
5 26
5 25
2 44
1 42
10 85
8 36
4 36
9 50
9 4
8 51
9 80
10 13
5 91
1 26
7 57
2 6
5 69
10 33
7 73
4 31
1 60
10 54
9 78
5 28
3 79
5 6
5 2
5 68
2 20
8 86
2 2
8 61
2 72
6 40
3 76
2 78
5 11
4 69
10 47
1 8
5 87
2 34
4 99
10 64
9 15
1 57
2 71
8 16
8 10
6 94
2 53
6 87
10 99
8 69
4 74
2 43
2 3
10 88
10 52
5 47
8 65
8 2
10 93
2 60
9 6
10 88
6 27
7 74
7 71
10 76
3 24
2 22
1 89
9 47
8 45
3 18
6 100
1 94
3 16
7 6
5 10
6 37
8 99
9 98
4 83
9 13
8 97
9 91
6 88
9 39
5 77
1 1
8 5
6 64
1 48
9 60
3 2
2 6
7 29
7 5
7 91
2 17
8 4
6 11
7 81
10 77
5 45
6 100
3 69
2 96
3 40
5 19
2 24
2 22
5 68
7 77
3 35
3 2
9 74
6 14
9 66
2 8
6 25
3 55
6 91
8 47
1 100
7 91
8 49
6 90
7 33
10 87
8 51
4 12
8 22
7 80
4 48
9 25
9 100
5 93
6 75
6 68
4 2
6 92
9 58
6 80
7 24
2 59
2 28
7 89
7 61
9 21
6 96
9 31
5 63
7 24
5 25
7 39
5 72
4 9
2 58
8 79
4 84
4 94
10 72
3 16
1 63
9 76
10 49
8 86
8 54
7 27
1 81
10 61
6 23
3 16
7 29
8 8
1 2
5 86
3 97
6 74
2 28
6 43
5 23
6 3
7 24
1 85
2 64
9 66
10 58
2 79
10 95
2 17
6 14
6 71
6 6
5 97
3 83
1 84
1 38
10 89
8 86
10 15
4 48
1 72
3 38
9 68
8 64
5 78
10 35
10 63
4 31
8 17
3 5
6 41
6 2
8 53
10 32
8 42
7 99
10 21
7 55
10 33
6 64
5 10
1 50
8 97
7 5
4 53
10 77
6 12
7 32
7 6
6 53
10 60
5 92
2 5
10 16
7 96
8 88
3 61
7 91
7 41
1 6
7 17
3 45
3 98
3 95
3 77
8 70
10 10
9 35
1 15
10 58
