6 99
2 18
2 14
10 90
8 72
10 2
10 95
7 99
5 82
2 62
10 92
7 56
8 32
9 16
4 5
4 3
8 50
6 15
2 53
1 65
3 21
6 22
2 11
9 89
5 62
3 95
10 99
8 19
8 76
8 86
8 23
9 68
2 64
6 13
1 1
1 59
3 6
9 11
8 49
3 75
3 55
10 76
10 1
8 29
3 18
4 16
10 34
3 84
7 21
2 65
1 62
4 96
9 35
2 75
3 46
5 41
3 41
8 55
4 22
4 16
2 55
5 51
10 50
8 70
10 69
8 89
2 1
3 10
8 56
10 85
2 37
10 5
4 83
10 70
4 3
7 77
8 9
1 77
3 50
4 24
8 95
4 67
8 13
5 39
5 40
7 33
5 82
1 33
7 11
10 63
2 71
3 59
6 93
5 84
6 26
9 79
10 69
8 98
9 50
10 51
5 61
7 43
1 54
10 18
1 40
10 100
10 23
4 59
10 63
8 27
9 26
1 98
5 86
10 22
1 97
5 40
4 13
8 100
4 21
7 31
8 37
9 88
2 74
3 52
2 3
5 58
1 79
1 27
6 41
1 7
7 69
1 16
7 26
4 22
5 53
9 1
10 12
9 100
5 69
7 72
5 41
7 53
8 1
8 87
5 4
10 57
4 87
2 67
10 86
5 23
2 89
5 4
4 75
4 46
3 70
2 85
8 96
4 12
10 59
2 81
5 61
6 17
10 82
4 11
10 26
1 78
4 98
4 15
3 31
5 64
5 100
7 43
8 66
8 4
6 13
9 83
2 69
2 69
8 82
10 53
3 90
3 31
1 82
4 67
6 97
7 80
7 60
4 56
2 82
3 79
2 96
5 38
5 32
7 71
8 24
7 20
6 18
7 50
3 96
7 28
2 35
10 64
2 61
3 77
2 63
1 39
3 87
6 9
4 26
9 74
2 56
7 22
8 46
7 80
8 73
10 37
7 78
2 99
4 24
10 57
8 38
5 63
7 86
10 22
2 43
10 94
9 88
8 40
6 30
10 35
6 28
8 7
5 18
2 77
10 87
5 22
9 56
5 43
2 94
8 6
6 11
3 63
3 70
7 6
4 82
7 53
3 38
9 21
3 78
6 87
9 49
6 13
8 31
4 87
4 19
2 100
3 58
9 78
1 2
7 3
2 41
6 77
1 70
1 25
6 60
10 7
1 55
5 98
6 16
6 12
9 15
3 81
4 56
8 85
3 55
9 4
9 49
3 95
4 32
6 88
7 59
3 7
2 24
2 92
1 7
9 16
4 76
2 17
4 8
6 50
1 1
9 80
10 100
10 23
8 85
4 77
6 66
8 90
4 13
5 24
6 40
10 41
7 74
3 7
8 32
4 80
7 37
3 13
6 16
6 33
9 93
5 30
4 95
9 96
1 89
5 25
3 50
1 18
3 100
3 76
1 14
2 27
1 82
10 96
6 83
4 33
8 66
2 12
10 68
8 5
1 12
8 36
2 83
1 35
10 34
4 8
2 71
8 83
7 1
7 24
8 10
10 80
9 90
2 67
1 58
4 41
4 51
7 37
2 82
2 8
4 57
4 46
2 35
5 65
5 5
9 95
8 69
6 9
5 21
1 30
3 77
1 88
7 49
1 40
5 98
6 69
8 96
7 27
4 39
4 35
2 42
4 18
9 32
9 88
2 53
1 22
6 61
10 43
1 18
2 96
7 1
10 95
2 36
7 27
6 81
7 31
6 13
6 76
8 47
3 33
3 25
2 26
3 18
8 81
8 39
2 86
7 1
1 20
7 67
2 89
3 82
2 56
10 5
4 38
2 26
4 68
10 6
8 63
7 12
4 74
1 88
2 13
8 67
3 38
5 40
9 74
1 29
2 34
6 63
4 96
1 56
2 21
6 82
7 77
5 15
7 10
9 76
9 66
1 79
6 68
3 49
7 94
7 68
7 37
2 6
3 74
8 71
9 81
10 9
10 48
4 87
4 61
4 51
1 65
9 49
7 78
5 46
7 44
3 14
10 73
7 30
10 79
6 9
9 35
10 10
1 3
6 87
4 59
9 21
3 53
2 37
6 85
3 19
1 49
2 18
9 86
1 96
5 35
4 72
6 71
2 65
5 39
1 57
8 77
4 51
2 31
10 95
10 71
9 89
3 41
1 70
6 29
7 91
5 36
2 70
2 57
2 71
3 71
2 67
7 94
7 5
10 79
10 39
2 66
9 48
6 99
9 76
8 45
4 20
8 28
6 24
5 85
6 47
9 24
10 79
3 89
2 30
1 33
4 56
1 32
9 39
2 84
9 93
6 10
4 78
9 48
7 98
5 39
6 77
8 54
2 71
7 28
1 82
10 96
2 4
8 55
9 54
2 72
4 41
10 8
1 93
2 7
7 88
6 88
10 78
7 8
2 8
1 35
10 98
4 44
9 21
4 2
9 1
3 38
3 8
10 51
3 70
10 78
2 2
3 42
6 62
10 35
3 34
3 96
5 5
5 75
3 45
8 82
3 97
5 91
1 86
3 23
4 84
4 57
6 76
4 43
2 27
1 59
7 69
4 88
2 59
2 7
9 30
9 69
10 82
3 50
1 11
1 41
2 28
8 11
7 54
7 10
9 95
3 7
7 21
3 40
9 57
8 4
10 85
8 29
9 11
7 37
2 67
5 76
1 73
3 89
4 43
5 15
2 18
8 20
5 77
4 59
4 6
9 16
5 18
5 56
6 12
4 2
5 58
3 43
10 67
7 43
7 25
5 38
5 83
7 98
6 23
1 45
3 59
7 97
8 17
9 32
8 65
4 97
3 43
7 61
6 59
6 44
4 6
7 72
7 98
3 37
7 86
1 38
6 19
3 19
9 66
2 68
5 76
7 75
7 28
4 3
9 4
3 61
8 68
1 71
8 64
2 40
9 45
10 22
3 66
2 32
3 49
8 80
5 30
3 48
9 79
6 6
4 91
3 50
9 61
4 57
2 28
5 87
9 45
1 77
6 41
4 14
2 70
8 5
7 21
1 32
6 94
4 94
4 63
9 86
10 34
10 49
5 79
6 76
2 91
10 100
2 52
8 21
2 28
7 41
5 56
9 18
6 91
5 12
9 1
9 14
3 23
1 71
4 20
6 44
3 21
9 2
7 89
4 22
9 1
9 82
4 16
1 2
4 59
1 91
4 48
1 41
1 76
6 71
3 39
8 50
7 8
1 38
4 82
2 81
9 27
8 22
2 20
9 62
6 66
6 99
5 4
8 57
2 25
2 70
9 1
6 24
3 72
6 62
4 75
6 30
3 16
3 67
3 20
4 36
3 48
8 48
10 66
1 24
9 94
5 78
2 29
10 51
3 1
1 54
9 23
10 36
1 86
8 44
7 73
7 97
6 37
10 70
8 69
7 18
9 71
9 77
6 80
9 67
8 99
6 32
10 18
10 16
1 90
1 86
4 27
5 24
4 73
5 2
7 85
6 84
5 7
7 86
3 97
4 59
8 13
9 93
8 97
8 42
4 72
3 11
4 24
2 86
10 71
5 90
8 35
10 74
4 72
3 41
2 40
3 76
6 41
2 26
1 7
10 25
6 100
1 21
5 54
10 11
9 1
8 64
9 83
2 80
3 32
8 42
9 26
3 18
4 5
5 46
1 52
10 30
10 46
1 54
4 49
4 62
10 33
8 67
10 55
3 17
9 68
4 29
1 74
5 12
3 7
3 77
10 89
3 28
2 26
1 48
3 16
7 56
2 41
4 3
3 61
9 82
3 29
1 82
2 61
7 71
7 61
5 39
2 2
1 56
3 48
2 98
9 99
6 41
2 83
1 56
7 97
4 42
8 37
4 74
8 94
1 6
9 96
8 80
2 90
1 58
5 15
2 60
8 43
7 69
4 84
9 18
8 90
9 2
7 93
7 68
9 41
8 50
5 97
7 73
9 21
8 18
7 41
9 15
2 51
8 59
2 76
6 78
1 4
7 10
5 53
3 72
4 11
7 39
2 50
10 44
3 95
10 3
6 12
6 77
4 60
6 31
1 71
3 87
8 92
4 26
4 89
9 70
5 63
2 77
7 36
5 39
5 1
7 74
1 21
10 4
4 77
2 15
9 33
3 80
9 69
3 5
1 52
5 14
7 62
2 75
7 46
1 1
6 91
4 66
7 97
9 51
3 54
10 25
2 62
6 67
2 56
1 12
4 16
7 64
9 91
2 42
9 2
8 86
4 31
10 36
7 38
1 50
8 72
8 29
5 6
4 39
10 76
10 70
4 32
7 13
3 50
6 5
6 83
8 98
6 64
7 80
2 77
5 89
5 14
7 69
4 68
5 77
1 1
6 44
3 15
10 12
7 28
6 73
1 8
10 66
6 27
6 69
3 70
3 8
8 44
4 22
2 90
2 51
4 52
8 46
8 87
5 1
1 69
9 22
2 51
8 76
7 70
4 96
1 16
10 44
5 71
1 79
2 46
8 59
2 60
5 71
4 50
2 68
9 67
4 88
