9 4
1 75
6 43
5 86
6 58
10 98
10 63
6 78
3 92
8 96
2 2
5 37
2 25
4 71
7 68
7 38
6 59
1 58
6 100
8 33
9 4
3 20
6 15
3 13
2 70
10 53
3 85
6 59
1 24
4 90
1 44
6 39
2 53
4 31
3 26
7 83
2 13
4 5
6 56
1 85
5 41
1 34
6 31
8 19
7 70
3 21
2 69
2 62
4 2
8 24
1 18
2 82
4 39
1 16
5 44
10 1
5 89
8 65
5 17
2 77
6 17
8 29
5 50
9 92
3 10
9 47
8 3
3 32
10 13
1 77
4 3
6 42
8 42
9 12
3 22
1 76
3 22
7 8
2 51
7 37
2 40
10 87
2 57
5 65
1 38
7 5
5 16
4 36
10 67
10 18
8 27
8 93
1 13
7 60
2 100
6 41
3 94
4 8
5 53
9 63
8 20
5 98
3 23
3 62
4 34
2 63
1 51
3 80
1 66
4 28
9 67
1 27
5 66
9 26
10 98
10 36
8 73
3 50
8 25
4 93
2 9
1 59
6 50
10 88
10 41
10 68
6 69
8 64
4 94
3 29
2 77
10 48
1 6
3 31
1 13
7 41
4 26
5 71
9 29
1 6
5 77
4 21
7 48
6 67
1 92
7 46
5 53
3 29
10 72
8 55
8 36
2 57
4 31
7 53
9 20
2 78
1 88
1 5
1 23
10 45
4 73
6 39
4 27
2 33
5 33
3 93
4 53
1 10
2 9
4 43
4 69
5 7
5 24
1 42
2 15
6 14
6 25
5 6
5 34
6 28
4 50
2 33
1 16
1 56
9 24
10 92
9 74
7 26
8 87
4 23
4 83
1 38
7 93
9 94
4 66
9 71
6 43
3 48
1 2
2 94
5 96
3 60
6 91
4 83
7 43
9 48
7 7
8 88
1 78
1 39
6 84
8 38
7 75
3 84
6 14
2 9
10 53
6 63
8 35
9 97
5 61
4 17
1 68
5 93
3 19
1 69
5 79
3 33
1 36
3 75
4 29
1 93
5 55
5 69
1 50
9 33
4 98
9 38
8 18
8 92
7 11
5 57
8 67
6 15
5 77
7 80
1 26
10 25
9 94
4 95
9 89
6 90
9 32
7 75
8 15
10 74
9 94
9 53
1 45
1 73
2 81
7 31
7 45
3 58
3 73
6 11
4 43
9 17
2 80
7 81
5 89
6 43
10 67
3 91
10 37
10 18
7 86
3 68
2 47
7 75
9 62
8 95
2 28
2 78
10 38
1 59
9 64
6 50
5 8
3 78
1 25
9 8
1 50
2 31
9 39
8 2
2 75
2 86
3 93
3 17
9 9
3 20
9 27
8 56
8 51
7 30
6 95
3 64
7 6
5 37
8 58
5 28
9 22
10 8
5 82
6 1
10 67
7 62
5 94
3 69
3 37
2 63
3 71
9 5
2 74
4 8
10 55
5 52
5 97
1 10
4 30
1 23
1 43
6 81
8 26
2 100
3 75
6 90
2 28
2 65
2 98
3 94
3 58
2 80
4 85
9 46
2 9
2 34
10 56
9 27
2 34
10 50
10 11
9 93
4 78
6 93
4 54
9 2
10 40
7 33
4 90
3 46
8 59
2 79
8 7
2 94
8 51
7 63
6 18
4 10
3 98
3 44
6 18
7 52
7 76
4 27
6 48
8 20
7 13
6 18
7 89
10 76
2 79
5 18
2 52
2 80
10 67
4 24
5 74
1 48
5 99
3 97
3 67
3 94
7 11
7 43
5 32
1 79
9 97
3 28
2 4
9 59
7 6
1 46
3 70
3 31
5 76
3 64
10 75
5 31
5 59
7 89
8 29
5 54
2 67
6 25
9 88
7 3
5 22
5 1
1 1
3 95
5 79
1 75
4 27
7 7
3 88
8 45
10 56
5 9
5 85
3 12
1 75
8 56
6 55
9 51
9 25
2 74
10 37
4 35
6 97
6 91
4 19
1 86
6 45
5 28
2 27
4 58
5 56
7 66
9 38
1 25
6 72
7 59
5 78
4 40
7 35
3 77
4 82
6 81
10 36
8 44
1 50
3 27
3 49
1 2
9 86
10 78
6 51
6 26
6 96
1 65
5 23
1 79
4 9
10 62
8 5
6 15
6 82
2 86
2 88
8 3
10 84
8 43
8 7
1 35
7 17
5 83
6 67
6 4
4 62
4 8
9 27
3 83
5 70
2 32
3 18
8 73
1 19
2 48
7 6
2 14
2 45
4 70
1 68
7 48
4 48
10 60
2 84
8 3
4 18
8 97
3 100
10 8
1 31
4 76
6 89
2 4
5 31
8 46
2 62
9 91
6 4
7 90
8 74
10 75
9 70
1 72
3 32
1 24
6 61
9 56
8 92
10 15
5 51
10 66
4 89
3 97
10 44
5 1
7 43
9 47
10 59
6 10
2 91
9 65
6 44
4 80
4 90
10 29
9 50
8 22
1 93
7 47
10 96
6 30
6 5
5 96
10 77
9 58
7 24
6 60
9 29
7 47
9 65
7 1
3 31
7 64
8 34
7 51
8 67
7 89
8 45
5 20
4 19
8 97
7 65
8 12
9 75
3 2
6 28
5 95
8 70
6 74
9 48
9 3
6 13
3 97
4 51
3 77
2 1
3 31
1 9
6 24
1 27
8 37
8 30
6 84
10 88
9 57
5 59
5 74
6 47
9 67
6 71
2 90
1 99
1 68
1 52
7 86
6 75
2 83
9 25
1 22
4 21
9 96
9 78
10 84
3 36
3 71
6 21
8 59
3 67
7 67
6 93
1 78
8 90
2 41
4 67
6 43
10 19
6 68
2 39
10 1
7 40
7 52
7 57
5 36
9 10
4 13
2 53
10 18
10 81
5 19
9 73
10 73
9 97
8 13
9 92
8 66
9 48
7 95
2 43
6 53
1 62
8 9
6 1
2 19
9 46
8 28
9 96
5 26
1 32
3 82
1 78
6 45
5 95
7 16
8 30
9 7
2 50
1 12
6 95
4 54
7 93
7 89
10 82
5 53
6 2
5 76
5 37
8 56
4 38
3 58
10 8
3 64
2 59
3 62
5 48
3 46
7 33
8 81
3 88
5 26
2 59
10 66
2 38
3 42
8 96
10 38
8 31
7 10
9 100
4 15
4 40
3 63
9 78
1 58
6 69
6 94
1 17
1 18
1 75
1 87
2 18
8 15
8 93
5 72
9 73
10 82
10 3
3 89
7 81
10 66
5 47
8 95
7 11
7 70
8 60
3 91
5 51
10 75
1 16
5 38
2 27
2 8
1 69
5 48
9 37
5 65
9 77
5 15
2 6
6 86
3 23
1 58
1 95
7 88
4 85
9 92
4 14
2 4
1 30
1 57
6 99
3 16
9 7
10 89
2 72
2 24
5 43
1 73
1 55
1 78
8 60
10 51
1 100
5 79
3 13
8 74
2 25
6 7
6 36
1 97
9 17
1 81
6 64
5 23
10 22
1 70
7 65
9 73
1 71
4 17
6 20
6 89
6 98
9 94
9 22
7 19
7 71
3 12
8 73
1 55
8 64
7 40
10 28
4 8
8 79
7 61
1 73
2 53
6 92
9 52
9 63
10 11
4 61
10 95
5 64
9 95
1 94
3 48
3 17
5 79
9 91
3 96
1 82
1 82
8 95
10 78
9 100
10 14
2 48
1 55
8 75
5 2
10 84
7 33
10 7
8 86
10 43
2 18
10 69
4 40
5 83
10 91
9 49
2 14
5 30
3 32
1 3
9 53
2 20
3 80
4 32
4 21
2 84
5 18
4 19
2 11
1 53
8 56
9 74
1 1
6 55
10 1
4 32
1 42
1 56
7 92
1 6
10 84
9 13
5 61
10 76
8 8
1 53
7 41
8 27
3 62
1 73
10 79
6 66
1 35
1 96
8 98
9 47
8 12
4 75
7 63
5 12
1 33
3 21
4 2
5 96
4 41
1 47
3 25
2 53
7 10
10 83
3 70
9 57
6 64
5 53
6 11
2 63
8 12
9 36
5 6
3 41
9 74
7 14
5 100
3 57
10 65
9 5
9 60
6 21
5 19
5 47
8 2
1 69
10 36
9 99
8 22
4 85
2 34
1 60
2 8
6 58
4 83
10 35
2 95
3 40
4 35
3 14
3 100
5 94
3 29
2 96
6 13
9 34
8 19
10 13
1 77
6 60
3 25
4 8
4 63
7 48
9 48
5 97
5 32
4 77
6 64
10 95
2 72
5 7
9 79
1 28
6 14
8 38
2 53
9 97
4 50
10 62
10 12
4 64
9 43
8 96
2 11
2 62
6 47
7 47
1 9
10 61
10 20
7 66
1 41
4 21
8 94
6 9
4 16
9 24
7 33
10 89
6 44
9 16
10 73
5 43
1 57
1 25
8 74
4 6
6 39
1 60
1 64
4 3
7 85
2 9
6 21
8 38
3 1
3 2
10 63
8 75
3 11
10 67
2 5
