10 29
4 82
2 72
8 66
10 86
8 66
10 11
9 6
6 55
1 89
3 75
9 31
9 17
4 32
7 92
10 2
5 33
8 91
2 1
8 67
2 95
4 93
9 28
9 64
4 42
3 64
3 42
2 83
1 36
3 100
2 46
9 42
2 80
5 86
2 15
2 15
6 31
3 18
8 32
6 79
9 54
6 95
8 29
5 96
10 60
1 31
4 96
10 61
1 46
5 70
7 15
9 99
4 32
10 30
6 22
9 15
6 14
2 17
3 63
4 44
6 66
6 39
4 79
10 3
5 2
10 55
9 44
5 82
9 17
2 99
4 94
10 20
8 84
5 11
6 36
1 56
1 90
9 7
6 42
5 3
7 26
10 94
1 54
2 37
1 45
1 35
6 89
7 93
6 95
6 11
2 16
8 15
8 100
2 36
4 90
3 58
4 100
10 17
6 10
7 12
7 97
7 53
6 43
3 90
10 70
10 74
9 64
7 11
7 4
10 52
8 98
2 64
4 50
5 90
4 99
7 30
5 26
9 45
6 2
1 5
5 74
5 49
10 40
7 13
10 30
4 17
4 50
8 72
3 14
3 31
10 2
2 8
1 78
10 19
8 20
7 56
7 84
7 79
9 51
3 76
4 61
9 62
8 55
3 23
6 17
6 6
7 62
5 78
8 74
4 51
2 69
6 36
1 86
4 44
8 33
5 45
10 71
9 6
4 20
10 65
5 60
3 14
9 59
1 3
7 86
5 10
6 60
4 72
2 5
9 72
7 95
5 44
7 26
6 12
6 74
2 25
4 69
2 20
2 46
6 24
5 98
6 62
6 93
9 9
1 49
3 67
2 24
5 16
5 88
4 69
2 32
10 28
7 73
9 74
2 18
2 33
5 66
5 33
10 29
7 31
4 90
2 94
1 68
5 50
9 19
3 18
5 6
6 21
6 72
4 58
1 16
2 69
1 29
10 10
9 15
10 73
2 64
10 52
10 68
7 62
2 16
2 12
8 29
6 86
8 89
1 58
7 55
5 25
1 61
2 93
8 31
6 20
10 3
2 16
3 27
10 55
3 75
1 37
1 56
4 20
1 22
4 76
10 31
9 41
8 61
10 34
7 86
10 92
9 78
8 20
6 82
10 82
10 76
1 55
9 28
9 38
9 66
4 27
7 9
7 68
9 44
8 46
1 84
9 8
4 51
6 95
9 44
2 43
7 75
2 45
6 28
6 6
5 96
7 99
7 36
9 83
7 31
4 67
4 35
4 53
8 56
4 18
7 61
9 45
3 56
2 7
4 32
6 49
1 18
5 21
10 45
6 62
2 75
8 75
8 2
9 19
10 55
4 91
8 42
9 77
9 31
2 22
8 69
7 18
10 74
2 91
3 67
9 100
9 82
9 89
8 22
4 33
9 26
8 59
5 99
5 99
8 55
1 16
4 63
7 59
2 73
9 95
6 3
2 54
8 41
4 69
6 33
2 88
4 10
4 39
4 6
4 14
3 94
5 55
1 32
2 81
10 75
1 7
4 32
8 20
6 24
1 83
3 19
10 32
6 67
10 38
4 25
4 99
2 50
4 61
5 94
4 11
6 44
2 29
1 94
7 81
3 59
5 72
1 34
6 76
6 13
8 44
3 96
5 97
1 8
9 84
10 49
5 19
5 8
5 85
6 22
3 62
4 70
8 74
8 48
4 61
5 32
4 97
6 98
6 41
1 53
10 84
2 76
10 74
6 47
6 33
1 63
5 22
4 32
8 35
10 77
7 35
2 64
6 38
8 23
6 91
1 47
7 7
7 71
1 63
8 25
1 38
10 77
10 31
10 19
6 14
1 44
4 1
9 69
1 21
3 72
9 79
4 7
3 58
1 35
1 47
4 1
1 73
1 17
6 19
3 77
2 43
7 89
3 8
1 18
7 36
3 100
9 44
8 45
7 78
10 11
3 82
3 45
8 61
6 83
6 58
8 72
4 78
5 1
7 76
8 57
4 70
8 11
3 63
10 65
5 37
7 15
5 19
6 72
3 61
7 9
9 93
2 54
1 43
7 48
3 64
7 52
9 27
2 82
2 59
6 7
7 85
4 64
4 75
6 85
4 95
2 85
9 64
6 88
6 35
6 68
9 21
4 56
9 3
9 33
4 38
2 18
10 57
2 66
2 34
8 93
7 59
9 43
7 7
1 19
5 96
6 35
7 70
2 2
8 6
1 43
10 21
5 60
2 42
3 75
1 15
1 16
5 71
2 34
3 33
10 73
2 72
5 21
4 40
10 72
2 40
3 48
9 15
3 43
1 58
3 93
7 75
10 94
5 76
7 34
1 99
2 83
4 30
8 68
9 67
1 99
7 78
8 48
5 94
4 93
6 82
5 24
2 74
5 63
7 83
10 20
1 44
1 64
10 38
7 31
10 3
2 31
4 51
4 28
5 43
9 8
2 55
5 95
4 23
9 39
1 19
6 35
5 13
8 86
10 56
5 23
6 47
2 84
2 27
6 100
3 81
5 85
5 20
10 30
7 47
4 30
6 16
5 80
3 70
1 40
2 37
9 18
3 16
2 61
3 54
1 18
3 93
1 92
1 41
9 66
1 46
3 84
8 54
10 78
10 70
5 85
4 63
1 32
10 57
7 64
3 44
3 93
9 39
4 13
5 74
2 10
8 91
10 33
6 5
9 73
3 42
2 31
3 48
5 36
2 47
8 4
5 21
5 86
3 19
8 76
3 87
1 11
1 35
8 28
6 74
9 14
6 18
1 100
6 7
9 2
5 70
4 12
8 14
5 19
1 16
3 65
4 57
6 56
2 74
7 99
8 67
10 4
2 22
9 10
1 4
10 3
10 85
2 14
10 5
9 52
6 58
10 72
6 58
3 41
4 87
1 64
1 6
3 92
2 25
5 23
4 15
3 70
9 42
6 88
3 76
1 11
9 43
1 65
5 20
2 67
1 51
7 24
6 42
7 81
5 31
10 20
10 72
3 63
2 22
5 91
3 70
3 15
4 77
4 47
2 42
1 45
10 90
8 99
3 35
2 23
8 2
3 93
7 64
9 99
2 16
3 15
5 83
9 77
5 93
2 8
8 16
6 100
8 31
1 45
2 5
8 51
8 4
1 94
3 69
3 46
2 42
5 16
6 88
1 15
4 82
1 34
1 50
7 67
1 47
1 18
10 45
5 20
4 85
1 83
7 9
1 18
8 9
3 82
6 31
9 49
9 45
6 22
9 73
5 34
10 69
9 74
7 37
9 43
6 47
2 7
10 15
3 93
1 92
6 53
5 54
7 74
4 50
5 16
9 63
5 46
9 83
8 49
10 63
7 3
2 72
1 96
8 27
6 83
10 80
10 89
8 4
7 6
8 76
2 73
7 78
5 38
1 26
6 95
3 46
2 37
2 12
3 69
1 9
4 55
5 77
8 53
6 4
1 38
1 16
8 23
8 53
8 31
8 41
3 83
4 82
8 7
4 29
2 29
10 30
2 93
9 58
8 79
1 73
9 57
10 98
5 42
6 84
6 16
5 74
2 71
8 71
7 4
4 85
7 57
1 28
10 82
10 12
1 93
7 100
9 91
4 21
7 36
1 11
4 94
9 22
9 25
1 77
3 13
7 4
2 94
7 33
1 81
5 67
4 1
8 14
6 17
7 70
3 20
2 58
2 99
6 32
1 19
10 85
5 76
9 72
2 26
5 20
3 95
9 98
2 1
3 24
4 78
6 84
10 66
7 42
3 2
5 46
8 87
4 45
3 29
7 59
5 54
2 85
2 7
9 86
10 74
3 36
10 79
8 13
10 53
3 17
9 12
2 97
9 94
5 63
6 55
6 77
8 70
9 76
4 17
4 47
4 60
6 48
6 87
9 63
3 23
9 65
2 75
3 16
6 64
9 10
4 46
2 63
9 18
5 70
1 10
5 8
4 27
4 23
5 63
3 46
6 6
1 57
4 39
5 9
2 33
10 62
8 51
10 57
1 10
9 97
5 5
3 74
3 19
5 93
3 98
3 63
7 75
1 93
3 31
1 65
10 53
5 32
10 1
7 43
4 13
2 59
4 91
1 68
1 28
6 35
2 60
4 82
6 94
1 1
5 23
4 51
1 67
3 74
4 21
5 76
9 25
7 43
8 7
7 64
2 78
6 75
4 90
10 15
2 95
8 42
8 56
2 96
6 49
8 74
4 1
8 49
3 40
6 33
1 37
5 68
3 4
5 75
4 15
9 29
7 22
9 18
6 53
1 92
10 94
2 70
10 80
7 33
1 68
10 77
7 70
4 20
8 4
1 42
3 71
10 13
2 87
6 95
3 86
6 34
10 41
3 60
8 64
6 42
10 79
4 19
4 17
4 41
8 52
3 16
6 27
2 66
7 78
1 88
6 84
10 63
3 52
4 75
4 21
8 89
8 22
3 84
4 83
4 63
5 54
10 89
6 11
9 66
1 19
10 93
3 47
2 7
8 41
8 7
10 11
10 21
7 69
9 82
8 51
9 54
