9 71
4 94
3 35
9 73
10 56
9 83
2 7
9 57
6 90
7 73
9 83
9 85
6 30
4 72
6 70
3 15
9 31
5 94
4 27
5 57
5 54
3 81
1 97
7 32
6 40
7 26
2 68
5 87
4 45
1 98
5 91
1 35
10 20
7 45
7 26
7 73
3 79
4 68
1 91
10 66
2 97
4 88
7 39
6 48
3 28
7 58
3 23
7 83
10 90
6 35
3 21
9 44
3 33
3 23
6 42
3 58
1 37
1 87
10 70
3 5
4 58
6 1
2 53
2 96
9 77
8 8
10 83
1 8
3 41
10 42
10 72
10 28
1 48
2 40
1 99
1 13
6 85
4 90
6 14
7 38
8 45
10 64
8 84
9 54
7 72
10 70
5 68
9 2
2 22
9 21
8 14
6 61
8 16
8 48
3 37
2 64
10 85
1 28
1 53
7 82
4 16
3 1
1 11
9 6
5 66
3 20
1 38
6 89
7 6
2 37
7 66
5 99
8 27
7 54
3 13
1 23
6 22
5 80
6 16
1 89
1 62
7 35
2 35
4 49
4 97
1 89
4 30
9 26
10 89
1 4
4 24
9 26
2 54
5 88
8 8
1 74
5 8
7 100
1 50
9 100
4 79
7 14
6 32
10 94
1 25
7 9
10 71
4 18
10 23
9 32
1 17
9 82
8 2
9 18
4 14
3 23
6 73
10 93
4 41
6 67
2 93
5 1
3 14
10 36
1 23
6 64
6 42
4 85
4 66
10 65
1 56
8 73
9 99
5 19
8 48
1 21
2 50
6 25
5 67
8 16
1 73
6 92
9 36
5 14
1 57
2 10
6 3
7 72
6 81
5 27
9 85
6 7
7 21
8 27
10 100
7 54
3 56
3 9
3 30
3 18
6 59
5 87
9 59
1 49
8 3
4 41
1 53
1 22
5 92
6 29
4 29
1 45
4 94
5 25
6 1
2 77
8 76
8 2
2 17
10 59
1 17
4 37
5 47
2 57
1 36
6 13
8 5
2 26
5 93
4 62
7 96
4 6
8 8
1 42
5 80
7 40
8 27
6 35
7 24
5 26
10 64
4 53
7 44
1 48
5 82
3 55
6 99
6 14
6 63
6 47
3 49
3 73
1 41
6 3
8 35
9 90
7 42
3 60
3 47
5 56
5 21
3 60
4 47
7 9
3 57
5 57
10 91
4 65
9 46
2 50
7 21
7 32
5 41
10 63
5 61
2 50
4 54
1 81
2 91
7 6
5 9
4 68
3 86
5 73
4 44
5 59
10 13
8 26
10 16
1 4
3 35
1 97
5 41
2 42
2 64
10 82
6 69
5 53
4 11
6 89
3 25
8 29
9 47
10 93
4 13
4 88
9 64
9 86
3 14
4 75
8 85
6 77
7 87
5 98
8 89
5 80
7 30
3 10
2 40
3 60
6 34
2 80
1 68
2 69
4 73
9 17
8 18
3 2
6 69
8 61
9 29
8 31
1 76
10 18
7 67
9 24
1 53
1 95
10 40
6 54
3 69
2 19
10 76
5 98
7 69
4 73
3 38
3 50
7 53
6 27
6 20
4 37
4 36
2 13
4 39
10 32
10 8
5 97
10 78
1 76
1 28
4 42
6 68
2 24
3 34
7 78
3 44
8 47
1 8
9 78
2 30
5 11
2 36
4 23
8 93
2 34
9 90
10 32
6 40
6 27
8 75
5 52
5 22
6 5
5 73
10 62
10 64
5 29
1 79
5 85
5 44
5 42
6 67
4 87
1 37
1 48
1 95
8 28
5 31
6 83
8 79
10 14
10 82
9 12
2 79
3 47
4 3
10 60
1 35
1 48
7 100
8 2
4 32
2 54
5 2
9 55
7 98
2 32
10 54
2 84
5 97
5 82
9 39
1 85
4 74
6 54
2 72
8 23
7 9
9 86
2 36
8 27
2 42
4 78
3 7
2 67
7 25
1 41
5 99
6 41
7 87
10 97
10 97
3 35
3 65
9 60
7 44
5 7
2 34
6 95
1 34
1 15
8 95
4 55
10 16
4 88
3 76
2 89
4 44
10 7
7 38
6 25
8 34
10 57
2 44
7 19
7 21
8 52
1 51
8 30
1 29
2 21
4 84
6 6
7 88
2 43
10 62
10 99
4 63
8 75
1 98
7 71
7 36
2 8
7 81
3 14
4 78
1 61
10 90
4 92
1 54
1 27
2 94
3 100
7 6
10 33
4 66
6 9
1 78
7 21
5 57
8 97
8 40
3 15
2 91
6 68
3 57
9 46
4 59
3 95
7 19
7 77
6 82
9 30
2 71
6 67
8 66
8 60
9 2
2 12
4 16
10 20
6 50
9 89
6 59
5 24
2 87
1 89
6 31
1 31
4 28
1 7
3 30
1 88
1 1
8 52
9 87
3 98
2 80
10 76
7 59
5 87
7 98
4 65
5 17
8 3
10 28
4 97
3 91
7 36
6 88
1 59
8 57
1 25
4 39
4 82
5 39
9 16
10 19
1 47
2 48
6 14
7 75
3 21
6 99
5 56
6 68
7 16
6 6
2 73
10 24
6 56
7 14
10 56
2 94
7 77
3 20
2 48
7 6
6 34
3 20
1 40
9 12
7 68
9 97
1 66
8 50
2 78
2 26
6 66
1 27
10 47
7 41
10 94
7 25
3 89
10 23
5 8
7 76
5 66
9 4
3 73
10 21
6 79
1 14
7 9
4 15
4 34
8 74
10 90
6 38
4 62
8 8
2 16
2 37
4 55
1 94
10 92
10 54
8 52
3 25
7 91
7 46
5 74
3 65
7 70
4 47
3 60
2 63
7 69
6 86
5 71
4 26
6 85
4 45
10 52
9 93
6 88
3 3
9 15
2 77
6 61
3 100
2 100
7 8
2 90
5 7
4 33
7 74
8 79
8 8
8 56
4 32
8 82
8 26
8 16
4 73
9 38
5 60
6 81
1 3
5 51
3 41
8 86
3 88
8 82
4 61
7 24
5 95
8 78
2 99
7 30
9 18
4 72
4 55
9 60
3 63
7 20
9 83
3 42
8 6
4 22
2 4
8 20
1 30
10 89
5 31
9 73
4 97
10 36
2 26
10 21
4 94
10 45
3 2
1 20
6 82
5 39
8 24
4 87
2 57
4 90
2 50
4 72
3 64
3 19
7 100
10 12
7 3
4 22
4 93
6 33
6 25
4 54
10 29
9 90
10 64
3 93
9 67
8 76
3 84
10 86
8 86
9 20
3 49
4 12
8 77
6 37
5 71
3 90
4 64
7 28
4 43
1 46
9 90
5 64
7 69
9 88
6 71
5 93
9 37
9 1
8 9
1 7
10 76
8 22
9 96
9 10
8 54
4 5
6 60
9 33
4 67
8 73
9 51
1 97
2 67
7 51
2 69
1 40
1 76
4 80
3 94
3 68
4 9
7 26
1 28
4 83
7 65
3 77
6 67
6 70
9 96
8 81
3 70
4 32
1 62
9 76
1 73
10 45
10 79
7 22
10 10
5 25
1 21
8 64
5 10
2 21
5 98
7 23
6 91
8 18
3 4
2 84
9 81
7 27
3 10
2 48
3 51
10 93
3 18
8 26
2 93
8 21
3 94
2 73
3 81
6 11
2 65
3 57
10 99
4 23
3 80
8 7
2 38
8 16
1 99
10 48
4 91
5 87
6 87
6 28
8 39
10 35
2 92
2 84
4 30
10 40
4 38
10 77
5 84
10 77
1 78
3 84
7 44
7 59
1 91
5 38
9 61
1 13
8 18
6 28
6 27
5 92
1 20
1 54
6 68
10 82
10 25
9 48
2 37
2 68
7 29
1 65
8 24
5 2
10 72
4 73
3 25
4 51
5 63
1 76
7 83
7 56
6 69
3 91
5 77
1 7
8 88
7 12
5 71
1 26
9 52
10 39
5 72
7 27
3 9
6 56
4 52
10 90
1 50
5 33
8 57
9 72
9 30
8 87
6 35
2 8
4 83
6 54
6 33
3 10
2 74
7 51
3 95
5 97
10 16
3 19
3 24
2 31
10 1
6 6
4 83
8 9
4 45
7 10
8 27
7 73
9 32
8 88
3 21
4 53
7 23
6 91
10 70
7 51
4 22
3 26
10 31
2 52
8 66
3 60
5 83
3 23
5 18
1 23
3 1
10 53
9 95
7 99
9 36
9 96
7 50
8 9
2 32
8 66
10 85
3 94
5 84
2 73
9 60
1 56
1 91
2 94
7 16
6 77
10 81
10 48
8 31
9 29
3 33
9 55
1 60
5 34
6 39
4 91
4 65
9 43
4 36
6 100
10 49
9 71
5 74
10 80
4 42
7 1
3 15
1 83
1 58
3 31
1 30
9 36
10 99
5 1
2 40
4 18
8 76
7 13
9 98
2 31
8 43
8 5
7 97
1 13
3 50
6 33
5 48
10 81
6 4
1 48
10 5
5 89
1 63
10 93
10 22
3 99
9 89
2 37
5 63
6 22
