1 99
10 27
6 50
4 36
8 73
6 85
5 23
7 44
1 17
5 56
4 68
5 37
2 50
10 49
2 61
6 37
9 92
1 12
10 43
7 69
3 70
1 71
5 33
2 53
8 67
10 40
5 13
8 70
2 11
1 89
10 2
8 13
3 73
1 55
2 77
1 79
6 7
3 4
8 90
10 64
6 47
2 75
6 18
3 10
4 34
4 45
5 60
5 100
3 73
1 39
5 66
6 97
3 49
5 76
7 95
10 64
3 52
2 46
6 91
1 27
6 87
2 70
6 68
2 86
3 4
5 93
3 97
7 99
2 19
1 59
3 78
9 41
7 94
5 76
8 96
8 38
2 63
5 83
1 88
1 75
3 50
2 21
3 21
9 17
5 34
7 84
9 80
4 47
6 90
1 18
7 17
4 76
6 42
6 49
7 17
6 67
3 96
8 14
9 28
2 79
10 17
4 68
4 9
4 51
4 43
8 44
10 30
8 4
9 14
2 68
8 19
10 35
5 90
10 73
9 56
2 37
10 28
9 47
5 33
9 75
5 46
3 41
5 15
3 18
4 25
3 83
3 34
5 74
1 63
2 50
8 18
6 32
5 80
10 36
9 76
10 25
5 14
5 74
4 12
1 66
1 63
7 95
8 13
10 83
9 79
10 8
6 90
4 31
2 4
4 76
9 89
5 60
2 8
2 91
8 68
2 36
5 71
5 92
4 78
2 68
7 75
10 56
9 92
1 61
1 73
8 34
3 70
2 52
8 18
3 39
10 45
5 69
2 61
10 33
2 7
9 72
9 54
5 86
10 40
9 76
7 50
4 99
2 53
4 41
4 43
10 83
7 1
10 39
9 42
8 11
7 50
5 92
5 8
1 89
4 50
4 96
8 64
4 91
10 68
6 15
9 40
5 91
3 33
10 64
10 65
6 6
2 65
2 58
6 46
4 2
4 2
3 35
3 53
1 94
10 1
8 51
9 4
2 10
7 49
4 67
4 7
8 13
2 86
7 60
4 39
2 93
3 99
5 78
4 44
8 63
8 85
4 71
7 24
6 57
7 5
6 40
9 43
3 37
10 7
7 32
10 88
2 33
6 59
4 62
6 78
3 67
5 80
5 21
1 86
6 7
8 17
10 99
9 5
4 34
3 5
4 28
5 8
1 95
4 80
4 22
5 85
5 93
1 46
5 52
2 73
1 62
2 73
10 24
8 18
9 71
8 80
2 15
5 72
10 46
2 95
8 46
3 25
5 22
4 99
8 24
6 26
6 80
6 5
5 80
6 89
8 65
5 24
9 57
3 79
1 32
3 13
2 82
6 85
1 2
5 7
9 29
6 64
5 53
1 81
1 34
7 3
2 96
10 13
4 59
6 33
2 11
1 72
4 10
8 29
7 64
5 82
1 68
2 88
7 74
8 60
4 69
7 35
4 19
2 26
4 3
10 43
10 15
5 5
3 74
5 90
4 38
7 48
10 43
4 21
2 51
6 88
8 51
10 25
6 23
1 57
7 59
9 88
8 89
9 60
6 19
5 55
5 77
2 52
10 88
6 67
7 92
2 27
3 80
10 98
9 39
7 8
4 10
3 96
9 73
6 21
5 84
5 68
6 72
1 76
9 82
6 7
7 84
3 99
1 2
1 21
2 93
2 21
7 84
8 44
7 75
8 100
10 9
3 54
3 69
7 58
6 89
8 64
6 40
6 58
10 50
6 43
5 30
5 22
2 73
4 72
6 2
10 68
5 54
6 13
7 32
6 39
10 85
4 18
7 83
10 17
7 57
7 59
2 37
10 92
6 73
9 10
5 11
1 63
9 15
8 95
1 71
6 20
9 6
4 18
6 58
6 56
9 74
3 33
8 52
9 36
3 8
5 89
10 77
10 35
1 64
9 43
1 88
4 11
2 61
9 56
9 81
1 47
3 37
8 38
6 100
7 84
4 79
10 30
2 37
2 74
1 30
2 50
4 7
3 41
5 61
9 46
4 4
7 2
2 78
7 85
6 85
3 69
5 41
9 7
6 87
6 10
2 7
5 62
7 34
4 22
2 5
1 47
1 82
3 81
9 29
10 91
9 82
6 38
2 94
2 19
6 58
1 56
4 57
9 34
2 67
7 81
4 59
5 52
10 96
9 75
2 34
2 31
2 28
5 69
8 42
6 63
7 12
6 84
1 79
9 59
8 58
9 16
5 47
3 79
6 37
4 18
4 34
8 69
5 26
9 97
2 69
7 66
5 94
8 26
6 37
3 32
3 41
6 90
6 19
2 52
4 30
10 52
9 24
8 94
10 1
1 69
4 55
10 85
1 27
2 6
1 39
5 30
5 18
2 18
5 36
6 57
8 91
4 27
3 39
8 58
10 93
2 83
6 61
3 11
10 33
3 64
9 86
1 12
4 41
2 98
2 99
2 93
8 3
7 57
7 53
2 83
8 25
5 93
5 53
2 60
6 21
2 8
2 21
3 94
10 60
10 12
2 71
3 65
8 35
8 51
5 98
6 35
4 78
8 45
9 85
7 61
1 58
2 90
10 39
1 61
1 93
4 37
4 88
7 59
10 91
8 81
6 60
4 90
10 32
2 89
9 80
4 30
2 69
5 73
10 14
3 64
10 76
7 78
8 10
6 39
6 22
8 31
7 40
6 75
9 55
1 58
5 26
6 89
10 66
8 91
7 17
5 92
8 30
6 49
6 13
6 75
5 1
9 57
2 99
4 10
10 30
10 4
1 100
1 72
7 72
3 6
7 64
5 68
7 63
2 43
1 69
9 58
10 92
10 87
5 4
8 24
6 65
7 3
4 24
9 83
6 36
5 39
4 100
4 100
1 31
4 31
3 67
5 25
7 34
4 13
4 67
1 12
3 90
7 51
7 100
6 80
5 2
10 6
9 15
9 93
10 89
2 7
6 21
2 90
8 24
8 26
8 36
10 23
7 91
3 31
2 11
1 66
7 5
1 96
10 7
4 86
6 62
2 26
9 77
5 81
1 58
9 8
4 75
1 83
3 81
4 53
1 64
6 62
9 26
7 79
6 91
10 4
1 29
9 64
1 50
3 65
4 79
5 49
8 97
5 15
6 67
10 76
7 10
3 26
1 73
5 91
9 99
7 98
4 4
5 84
2 9
8 2
3 84
3 75
8 88
4 29
5 34
5 87
10 18
4 6
2 25
2 74
5 59
5 93
4 64
4 35
10 88
1 37
7 77
3 68
4 82
2 97
4 86
4 43
8 61
3 49
2 99
3 11
1 95
7 23
7 76
5 34
2 64
1 93
8 29
10 21
3 78
10 35
7 54
10 53
6 56
5 91
1 31
9 26
5 36
5 71
1 86
2 39
4 94
10 34
3 13
8 50
10 56
4 96
7 23
6 47
9 93
4 85
2 28
1 98
4 36
4 2
6 75
4 15
8 61
9 17
7 61
10 95
5 88
9 8
6 4
5 82
1 74
9 82
10 35
6 69
1 89
4 6
2 18
8 38
6 57
10 54
2 12
2 12
10 46
7 45
9 75
5 18
8 62
7 50
6 23
7 69
4 78
9 11
5 76
7 80
2 54
1 79
3 35
1 21
2 59
6 94
9 46
2 55
7 74
6 74
6 93
7 43
9 51
9 32
10 5
9 37
9 12
1 74
6 29
7 34
8 54
10 40
4 13
3 21
6 16
3 70
8 5
8 39
10 89
6 85
9 1
2 49
10 83
8 31
6 68
3 86
8 14
7 49
9 50
10 15
3 53
9 4
3 11
1 49
4 2
6 15
1 55
5 51
8 8
5 85
4 10
4 23
8 17
3 81
8 30
6 43
3 46
4 59
10 70
4 9
6 7
7 73
7 95
9 77
4 86
8 8
3 47
3 51
2 23
7 90
6 56
1 64
1 58
2 20
4 23
6 63
8 57
2 79
9 47
5 77
2 5
7 73
4 28
5 16
5 6
7 15
2 42
8 73
1 21
1 29
9 93
9 71
4 23
7 2
10 17
4 53
4 53
10 67
7 77
2 56
8 99
4 37
6 65
7 55
1 35
3 17
5 98
10 33
2 85
9 10
4 6
4 3
1 66
5 71
10 70
4 60
9 59
8 50
8 89
3 75
10 84
1 13
3 79
4 68
1 3
4 49
9 41
7 80
7 72
5 12
7 66
10 12
2 93
1 90
7 21
4 67
2 57
10 84
3 7
10 6
8 10
8 98
7 83
2 76
10 24
4 18
1 98
4 88
2 41
8 68
6 70
6 88
2 100
8 75
2 44
4 73
9 48
8 26
4 20
4 95
1 68
7 30
6 5
4 40
10 71
5 32
7 23
6 14
8 7
4 21
3 87
10 98
4 95
4 63
8 55
8 65
7 58
2 99
1 52
7 80
7 19
5 10
3 77
7 29
6 21
5 22
10 23
3 74
2 54
7 84
4 17
2 38
8 5
1 65
3 63
5 15
6 21
1 100
8 44
2 40
9 26
7 99
2 93
10 15
2 97
6 34
9 34
7 38
6 25
