6 42
2 22
7 26
4 47
2 67
5 68
1 10
10 61
4 24
2 20
10 34
6 100
10 78
7 66
10 39
4 95
1 16
3 33
8 50
10 59
3 69
8 30
7 29
2 6
9 42
1 38
7 89
3 85
9 46
4 34
5 16
4 3
3 16
4 78
10 54
4 41
8 28
6 96
9 49
3 65
9 15
1 80
6 74
10 45
5 34
2 75
4 43
7 43
2 56
1 54
10 33
10 20
9 10
5 38
3 65
9 23
2 15
9 75
1 16
6 97
3 22
7 63
8 17
6 96
8 29
6 54
5 43
5 61
9 49
7 69
2 94
6 24
10 38
1 24
4 32
7 32
5 62
3 13
3 37
1 81
6 47
1 21
1 5
4 8
4 66
4 80
8 19
2 79
6 32
7 26
9 49
10 7
10 42
3 94
6 84
7 64
7 98
7 39
1 39
3 81
4 2
5 26
6 4
1 89
2 77
2 65
9 64
8 62
6 85
9 48
1 73
8 38
4 25
8 36
4 96
7 7
1 7
1 29
10 90
9 18
7 49
8 69
8 72
9 61
6 53
7 81
3 96
5 98
2 6
4 84
2 92
6 54
7 42
5 24
4 56
2 5
3 71
6 74
9 21
3 75
4 80
4 83
9 54
9 46
2 72
2 59
2 11
3 8
1 83
9 92
4 54
3 87
1 61
2 65
9 16
7 44
3 16
3 8
5 19
2 91
7 38
7 94
10 78
1 67
3 34
4 15
3 73
2 16
7 61
6 16
8 20
6 70
3 55
8 83
1 29
3 80
7 85
9 43
2 45
4 76
3 90
5 31
6 65
6 19
2 49
9 65
9 74
10 67
5 62
5 40
3 26
10 14
10 26
10 36
6 35
8 62
2 25
1 2
2 57
8 25
1 7
4 87
1 49
2 92
4 41
5 60
3 82
1 13
5 51
6 56
4 28
2 30
3 61
9 90
10 21
10 73
1 8
9 38
10 73
5 4
5 60
6 45
8 36
9 48
4 45
2 95
6 36
5 60
9 80
2 94
8 33
6 81
9 56
6 22
8 59
7 36
9 99
10 69
1 56
1 85
10 32
3 38
10 60
9 75
4 96
3 39
2 94
5 55
2 3
4 8
5 18
10 88
3 62
7 79
8 99
4 37
1 96
3 15
4 60
5 24
5 87
3 35
10 24
10 11
9 69
3 22
9 3
7 99
8 29
7 39
8 80
10 31
10 69
8 52
8 91
9 51
9 87
5 80
1 82
9 30
5 86
1 54
2 33
5 50
1 43
8 29
2 64
5 45
7 71
3 75
10 1
4 95
3 21
7 88
2 12
1 76
1 82
9 23
4 97
4 53
1 6
8 33
2 53
8 31
5 89
10 62
4 63
7 57
3 73
6 61
3 3
4 9
9 68
2 69
2 82
3 67
8 64
7 75
3 50
10 91
1 13
5 8
4 44
2 85
9 71
8 34
7 82
3 88
10 50
4 48
1 84
10 37
3 79
3 48
1 57
5 11
2 81
1 22
8 28
4 18
6 35
1 11
10 69
9 42
2 74
7 96
7 43
10 35
10 5
10 3
7 22
10 19
5 59
9 6
2 64
1 25
9 72
2 81
8 69
2 26
2 81
10 14
9 73
8 52
10 59
4 12
7 5
2 5
9 37
3 58
3 71
3 26
1 28
4 74
7 65
5 33
6 80
7 56
3 95
6 97
7 33
2 99
10 43
6 71
9 16
5 52
9 74
7 56
7 65
1 92
9 66
2 47
3 65
6 96
4 23
9 65
6 47
10 100
8 88
7 49
4 100
2 42
7 88
4 92
3 61
1 25
5 43
5 60
1 81
1 1
10 16
5 34
7 13
10 83
7 34
8 25
9 41
3 59
6 42
3 41
3 58
9 15
7 8
3 71
2 16
8 15
8 15
10 93
4 15
3 57
1 96
2 64
4 27
2 59
6 39
8 9
8 33
3 29
4 70
3 100
1 82
9 74
4 55
1 65
2 17
1 76
6 39
6 81
1 30
1 79
4 19
9 21
1 51
7 92
7 49
8 97
3 42
8 71
10 5
9 84
4 90
8 94
10 33
4 70
9 6
1 41
7 3
5 76
7 2
4 26
4 11
8 40
9 22
1 92
6 96
6 23
7 96
6 66
9 10
8 4
4 82
8 11
5 34
9 64
6 75
7 57
4 10
9 46
4 9
4 15
2 68
7 6
10 13
1 88
1 28
1 95
2 60
6 64
4 56
2 42
9 2
4 67
7 46
4 22
9 38
3 27
10 54
3 76
6 62
7 93
7 6
1 10
1 58
2 36
2 94
2 46
6 46
7 18
1 50
8 81
9 74
8 4
4 85
6 74
8 12
1 39
5 9
5 58
8 77
5 7
9 56
3 51
5 69
5 77
4 62
4 27
7 74
2 58
8 77
1 71
4 45
7 92
4 51
6 34
7 26
9 53
4 4
6 22
1 78
6 96
2 35
6 23
4 92
3 42
6 55
6 56
8 66
7 54
4 48
4 72
6 91
10 79
6 37
4 58
4 100
6 68
6 20
4 94
8 65
1 34
4 99
7 37
9 95
4 3
9 51
4 9
6 33
6 35
5 40
9 80
10 4
6 63
6 70
1 16
9 9
1 68
10 11
6 26
4 64
4 42
4 60
10 32
6 92
10 47
6 15
7 8
2 95
3 15
1 64
6 80
4 72
6 47
9 30
9 58
10 8
9 92
5 79
8 99
5 36
7 94
8 50
5 37
7 27
3 15
6 58
7 91
5 2
2 63
3 5
4 93
7 49
4 47
4 66
5 3
4 72
1 40
1 75
2 64
8 85
8 11
3 53
4 65
7 86
9 76
7 78
2 93
8 70
6 37
7 30
8 91
6 2
8 13
10 40
10 77
10 57
9 83
4 100
10 77
6 46
9 74
7 97
10 80
10 38
3 32
7 73
4 37
8 77
3 49
9 41
6 76
5 71
10 55
3 55
8 16
4 49
5 81
6 64
1 75
2 87
7 10
3 62
5 26
9 100
7 29
6 65
5 60
3 87
10 84
7 31
4 82
2 26
10 90
2 70
9 77
10 55
7 94
7 18
9 17
8 53
8 12
4 29
3 73
7 53
3 36
1 52
9 82
6 70
8 16
3 28
4 7
5 15
10 8
1 80
10 100
7 86
6 41
3 87
6 85
5 60
3 5
5 49
6 77
8 82
7 43
7 36
6 45
7 15
4 61
7 60
6 72
3 44
3 86
10 58
7 62
7 54
9 50
5 6
5 31
5 84
6 59
1 6
8 90
7 75
3 99
9 67
1 20
4 15
8 83
3 75
5 41
6 65
8 27
10 11
8 59
4 45
5 100
6 89
7 55
6 35
10 84
10 1
10 33
5 11
4 2
2 76
8 93
6 31
8 100
3 42
6 66
4 33
6 46
6 17
8 92
5 35
5 75
7 80
5 95
4 12
7 36
5 57
9 75
2 86
3 90
10 56
6 51
8 56
7 2
7 26
1 96
1 99
6 12
8 63
7 25
2 94
9 70
8 85
9 79
6 7
8 47
6 87
10 91
6 98
8 23
6 65
8 44
10 62
8 35
10 3
5 48
4 93
9 31
7 36
6 28
10 62
9 29
2 18
1 98
4 78
9 29
6 74
5 8
5 90
2 60
10 26
7 52
7 16
9 7
1 46
6 51
9 23
7 83
4 30
8 100
3 22
8 56
1 52
8 47
4 89
2 95
2 23
3 40
1 17
5 54
4 25
6 76
7 74
2 33
1 70
3 40
7 44
4 100
10 39
3 50
6 77
4 5
1 35
10 5
4 10
3 16
3 42
7 86
2 39
4 99
7 90
2 15
4 98
6 57
4 52
3 81
4 28
8 69
1 17
7 11
1 93
7 49
8 27
1 90
3 18
8 41
2 67
6 24
1 34
5 83
7 14
8 71
6 75
3 34
8 6
9 37
5 12
1 86
7 39
10 87
7 10
3 44
8 40
2 4
2 25
4 27
4 53
7 89
9 58
10 83
4 41
10 28
9 40
9 14
7 95
5 7
8 73
5 30
6 14
8 19
10 7
6 60
5 94
5 47
5 57
7 61
1 58
2 28
8 49
5 100
6 30
3 56
8 61
2 17
8 4
7 49
8 72
5 98
1 5
6 72
2 80
6 41
5 90
10 92
10 27
3 74
1 52
3 6
10 52
9 40
5 34
3 89
5 48
8 57
2 8
9 73
7 87
8 100
6 60
3 45
7 14
7 8
7 34
7 78
10 40
4 87
3 17
3 28
5 7
7 1
5 29
1 33
1 69
10 68
2 69
1 23
10 66
1 48
8 12
1 60
10 86
9 30
2 9
8 85
4 81
10 91
10 68
6 86
1 12
8 55
3 64
8 41
3 87
8 60
2 48
6 24
7 22
9 78
1 80
8 9
9 38
8 45
1 4
2 57
2 7
2 88
5 81
8 80
5 8
4 58
9 25
9 89
5 60
9 85
8 25
3 56
