2 93
5 50
3 85
4 53
4 38
7 34
2 41
6 19
6 70
6 41
10 84
4 2
6 71
5 76
2 64
6 40
9 12
5 47
8 65
10 47
6 70
3 29
2 10
3 56
4 85
4 92
10 75
3 96
10 30
6 60
4 95
4 19
4 52
2 63
3 5
9 2
8 45
1 95
1 20
8 30
5 40
10 5
1 68
3 18
4 45
4 70
1 36
2 51
8 29
8 14
5 16
5 39
7 41
4 34
5 26
10 24
8 33
8 75
4 91
8 43
10 28
1 58
7 92
4 91
6 35
7 16
6 63
6 89
4 36
7 33
4 85
7 8
3 57
2 86
7 34
2 32
2 19
4 49
6 62
10 40
4 10
10 65
9 37
7 86
2 68
8 40
8 88
4 71
10 59
4 62
4 72
6 17
5 30
10 25
8 59
7 38
9 78
7 73
7 66
3 27
5 10
8 55
7 71
4 64
10 1
8 4
1 14
1 29
3 36
8 20
3 86
6 32
7 67
10 5
4 27
4 3
8 50
5 27
1 19
9 40
4 42
6 66
2 22
4 1
10 67
8 41
7 35
5 55
7 80
2 15
2 23
4 40
1 32
5 10
6 35
3 83
5 25
2 82
1 87
5 100
1 89
5 48
4 27
1 15
3 95
6 49
9 98
2 27
9 96
3 78
6 99
3 96
10 100
6 19
2 42
6 43
5 23
5 30
7 21
1 95
10 66
4 74
5 41
5 36
10 38
5 6
6 16
6 44
10 29
10 77
1 54
10 98
2 86
4 65
4 46
9 72
4 31
4 86
6 24
8 78
9 10
4 90
2 77
9 83
4 81
9 80
10 92
10 53
8 80
3 3
8 21
5 85
4 68
3 9
8 97
9 30
3 95
9 54
3 7
8 96
4 21
5 5
9 71
3 75
2 30
7 54
3 98
10 79
2 54
3 96
10 66
2 59
3 27
1 38
3 65
9 72
1 79
2 94
10 91
7 1
4 20
10 20
4 22
5 50
9 21
3 29
1 15
6 46
1 28
3 15
7 40
3 3
7 16
3 29
1 33
8 50
6 62
10 80
7 80
10 62
10 17
9 86
5 7
6 95
3 87
4 56
9 3
6 48
3 72
7 16
2 52
8 83
7 67
4 7
5 85
6 54
8 70
7 42
1 6
4 81
10 65
2 56
8 38
5 32
8 11
2 33
10 89
2 20
9 17
4 99
7 44
2 51
2 88
8 37
6 5
9 9
1 40
3 25
1 46
7 19
2 84
10 4
7 67
3 60
5 63
5 38
3 22
2 88
1 34
7 91
8 75
8 55
10 25
9 30
4 26
8 44
6 69
1 71
4 62
6 64
7 36
7 66
2 74
2 82
4 82
2 17
2 89
2 39
7 32
4 44
7 11
1 92
10 96
6 7
10 7
10 88
1 6
8 85
9 72
3 45
3 91
9 45
6 38
4 12
5 96
6 61
4 4
10 35
2 67
10 13
9 25
3 20
4 55
1 70
6 25
4 21
8 100
9 97
10 50
9 78
7 7
3 71
7 17
10 4
3 68
1 48
10 37
1 27
10 32
2 69
3 12
9 33
4 70
2 4
2 90
10 55
8 4
4 37
4 87
8 68
6 52
5 80
6 54
3 13
7 33
4 15
6 81
4 33
3 29
7 42
8 5
8 77
6 10
5 26
1 17
4 19
10 92
1 29
3 40
3 60
10 74
4 42
7 97
8 23
1 58
6 7
6 64
6 57
10 3
6 77
10 48
8 88
10 22
1 55
9 72
1 62
8 67
2 72
3 63
4 41
1 47
1 51
8 22
7 66
10 5
4 79
9 75
1 36
3 35
9 30
6 5
7 19
6 96
6 8
7 96
1 40
5 20
3 19
10 16
2 29
5 26
3 57
9 82
10 66
6 95
3 51
8 84
2 37
9 13
2 54
1 11
5 11
6 59
7 77
2 48
1 6
7 12
7 88
9 54
9 12
8 5
7 57
1 28
4 78
3 5
5 70
2 17
10 31
5 27
5 67
2 9
5 4
3 52
10 38
7 38
3 3
8 63
1 47
5 45
9 26
7 98
9 28
9 21
1 100
3 76
5 88
6 60
5 60
2 46
8 41
6 75
7 46
8 40
5 51
3 28
5 3
5 46
8 52
6 7
1 81
9 49
4 48
2 27
5 82
3 26
5 20
8 44
9 43
9 11
8 21
4 17
3 83
2 79
2 19
8 96
3 51
10 24
10 7
4 26
7 65
1 36
7 71
10 85
7 71
3 30
3 71
2 66
10 26
5 87
3 100
9 51
7 62
3 15
9 86
4 28
4 82
3 7
10 55
8 7
4 2
1 23
3 14
6 13
3 62
3 43
7 47
1 64
1 21
5 83
6 59
1 25
3 20
10 29
2 50
1 89
7 19
9 87
7 75
4 42
10 21
6 47
3 28
6 68
2 21
9 81
6 20
7 34
5 69
9 64
1 62
3 84
6 2
10 22
4 5
9 24
5 87
3 71
5 3
2 55
10 2
10 3
7 32
9 86
10 39
7 90
9 46
8 35
2 89
8 100
6 24
1 35
7 93
5 99
3 60
1 56
4 99
1 6
1 91
10 65
8 82
9 37
5 25
8 51
7 42
8 25
8 24
1 52
3 23
1 67
10 24
3 35
3 25
5 45
9 93
10 32
8 59
8 82
5 42
1 79
3 78
2 73
2 89
5 78
10 33
10 31
1 37
10 28
1 3
1 50
1 94
4 51
9 30
10 66
6 34
1 83
4 84
9 88
2 19
5 49
10 6
5 6
6 21
2 16
3 11
3 20
5 31
5 40
7 23
4 39
6 10
6 48
10 85
10 97
9 87
5 22
9 39
7 66
7 39
3 39
1 43
4 35
8 95
9 34
5 1
4 38
1 95
4 13
7 61
2 86
5 44
5 81
10 51
5 29
6 99
3 20
8 83
6 70
3 49
6 18
1 17
1 66
4 15
1 70
3 63
6 29
5 6
3 84
8 40
8 48
10 66
6 75
7 32
10 3
8 11
8 18
5 26
1 73
1 12
8 40
8 40
5 48
9 37
9 37
5 51
5 24
4 6
8 96
8 10
2 72
5 76
1 81
5 70
7 42
3 53
7 18
8 44
2 81
1 65
5 92
5 91
7 95
8 89
9 29
5 1
9 50
3 49
2 36
9 70
3 1
8 63
5 1
2 51
7 53
2 98
7 76
9 58
3 90
6 69
4 75
7 36
2 45
2 32
2 58
1 61
9 5
8 88
2 68
8 72
7 20
1 21
9 49
10 73
4 53
9 48
7 52
3 12
4 77
1 7
5 24
10 17
4 79
10 5
3 60
9 23
8 82
6 88
3 52
4 67
2 88
5 81
3 59
5 44
8 82
5 76
10 49
5 11
9 60
3 11
10 60
10 94
7 95
3 49
2 60
10 18
6 74
2 33
5 1
10 61
9 88
3 97
2 73
5 86
1 42
1 37
4 56
5 43
2 3
1 79
4 90
3 59
10 97
2 46
1 93
4 27
10 31
6 89
1 93
8 3
7 50
6 3
2 33
6 30
10 94
4 26
6 69
7 25
1 4
3 14
10 31
1 66
8 15
1 17
6 72
2 46
6 40
1 13
10 66
2 17
9 44
3 27
7 41
6 70
9 26
9 3
9 88
9 57
8 95
5 47
9 59
1 99
3 88
8 23
1 68
6 85
8 56
6 84
7 7
1 67
7 72
10 27
10 99
7 33
5 37
1 92
2 81
2 97
6 10
8 94
4 78
6 93
1 40
3 3
9 74
9 3
2 95
6 1
7 17
2 93
8 99
4 29
4 90
4 40
3 6
2 36
7 92
9 87
7 10
3 66
8 63
10 31
5 13
9 53
10 89
1 30
7 42
6 33
9 55
4 22
3 51
9 31
8 71
8 16
9 3
1 35
10 65
3 75
4 75
7 84
7 64
5 24
10 15
2 12
4 67
1 85
1 59
4 38
4 98
3 84
8 3
7 61
2 100
7 46
1 77
10 16
3 45
8 78
2 20
9 98
3 87
5 85
5 68
10 37
6 82
6 62
3 82
5 69
1 49
8 57
5 3
7 43
9 80
5 93
7 94
10 19
8 26
6 36
2 92
10 52
8 70
2 95
7 8
2 37
9 3
8 52
1 33
8 80
9 18
10 89
2 81
1 16
1 16
6 8
4 61
5 60
3 46
4 67
3 5
2 79
4 55
6 86
5 83
3 39
1 26
10 82
2 64
2 67
2 94
4 53
3 32
2 79
2 83
8 45
8 41
8 89
1 20
7 4
5 96
9 36
9 20
8 39
7 93
7 94
7 40
7 49
8 53
9 59
1 36
1 46
9 68
2 61
3 23
1 90
4 26
5 63
8 1
10 92
2 7
4 52
3 44
6 54
8 76
5 19
7 2
2 85
2 85
4 58
4 31
3 63
3 59
9 72
8 53
7 43
1 73
10 49
2 36
9 96
6 53
4 15
3 44
9 91
