1 39
8 81
1 97
1 9
2 68
5 48
8 13
8 56
7 55
1 17
8 34
2 38
6 38
4 77
4 82
9 82
8 47
1 63
3 59
6 64
10 88
1 66
5 38
5 88
9 64
1 46
4 47
5 78
9 72
10 92
9 89
2 33
7 28
7 88
5 28
6 70
9 5
3 32
3 87
7 99
1 62
2 4
10 90
6 54
9 70
7 53
7 42
8 81
1 6
10 12
4 21
6 57
2 28
5 78
6 45
5 73
1 76
7 95
2 82
1 18
4 31
8 29
2 26
9 38
9 97
9 64
4 26
3 50
9 53
6 36
2 87
1 86
4 37
5 24
10 99
1 9
9 13
7 27
2 12
3 59
1 96
7 98
7 37
9 57
9 64
8 83
9 78
10 65
5 93
10 81
2 66
8 76
3 18
2 95
7 8
10 53
10 33
8 8
5 53
3 49
6 41
7 33
5 81
9 94
1 3
4 92
2 43
5 26
3 24
7 21
5 31
4 80
8 10
2 84
2 99
9 27
1 68
4 8
1 97
8 63
5 41
5 84
2 8
9 61
2 49
1 21
8 40
7 19
2 13
2 76
4 17
5 42
10 9
3 43
7 89
10 82
10 53
6 61
10 20
2 42
5 70
7 72
8 64
8 19
10 44
1 16
3 58
1 3
4 36
3 74
6 45
3 72
5 88
6 63
8 8
4 80
5 32
3 8
6 14
4 19
7 36
3 70
5 7
5 70
1 16
1 65
10 14
3 32
10 95
5 54
4 86
6 25
4 1
5 39
8 86
7 72
4 2
4 35
2 15
5 59
4 47
5 65
1 7
2 83
4 64
5 75
2 45
7 2
7 22
8 88
5 85
1 2
6 76
9 36
5 55
4 21
8 71
3 88
8 80
4 73
1 12
9 57
4 90
5 18
2 46
3 3
2 99
10 97
6 79
2 24
5 34
5 29
2 66
1 4
1 82
5 81
10 47
4 95
2 36
1 66
4 43
4 92
9 50
4 80
7 66
3 38
4 84
3 46
5 22
4 84
1 29
3 60
9 32
4 15
3 92
6 34
9 16
3 20
5 84
7 36
2 91
3 49
7 62
6 49
6 8
4 4
5 55
8 46
5 25
9 56
3 29
6 22
8 84
4 85
5 45
10 12
8 97
5 82
10 15
8 30
8 4
5 52
7 27
2 2
8 17
5 23
9 67
6 13
9 17
6 25
9 32
5 1
6 83
9 66
2 20
4 8
10 82
1 12
1 46
10 73
5 7
7 50
4 55
10 60
1 37
6 15
3 1
3 79
9 67
9 58
7 80
10 16
9 6
10 88
3 50
8 78
2 57
2 87
10 56
4 2
8 90
2 23
7 37
9 10
4 83
8 96
4 43
1 6
1 27
2 41
9 67
1 63
4 1
4 41
2 43
4 72
1 6
6 9
7 71
1 53
10 1
10 38
1 42
4 10
8 95
2 94
9 59
8 46
4 28
7 32
9 95
8 82
3 42
6 65
1 91
6 96
4 31
6 11
4 92
1 35
1 25
6 83
7 29
1 11
1 7
4 84
1 40
10 71
5 42
5 8
5 10
7 37
6 42
4 55
5 6
9 25
2 60
6 80
7 54
6 16
4 12
4 49
6 23
1 20
8 10
4 13
9 55
6 30
9 18
6 31
10 83
6 22
6 65
9 61
1 36
8 22
10 16
5 23
10 52
3 61
3 66
5 91
1 67
5 56
8 75
7 69
5 3
4 68
4 5
9 98
10 39
6 52
6 90
3 67
9 13
1 85
9 17
3 36
8 89
7 38
10 81
7 31
2 59
6 15
2 38
8 88
9 22
2 76
3 28
2 35
3 44
2 33
7 81
10 75
9 2
9 29
3 60
3 11
1 23
9 57
1 69
4 69
4 85
5 15
8 77
5 37
10 93
4 9
6 61
10 9
8 81
7 61
8 19
10 59
2 5
6 68
1 14
3 23
4 48
7 69
3 81
3 44
5 55
4 24
6 16
6 68
2 98
1 93
3 16
4 38
7 75
3 76
7 5
1 41
9 32
9 29
7 39
2 24
9 94
9 31
8 55
2 34
5 6
10 98
9 21
3 37
3 93
10 43
6 18
10 7
9 89
8 52
6 84
8 94
8 75
1 26
10 15
9 45
3 52
1 80
9 92
3 50
2 50
1 23
3 56
5 38
3 78
10 61
1 13
4 64
5 5
2 92
3 82
3 3
7 41
10 82
8 95
7 39
9 6
8 20
7 85
1 12
1 43
2 41
10 36
8 88
10 24
5 18
3 13
10 79
7 64
2 77
7 71
6 14
4 6
5 39
7 76
3 43
6 37
8 16
2 42
4 33
10 97
7 47
5 4
7 57
2 89
2 5
10 20
8 61
10 85
1 36
10 4
4 30
10 91
6 97
9 75
5 47
5 15
6 61
4 87
7 86
8 53
8 33
3 10
1 11
7 91
2 39
2 22
7 85
9 77
7 74
10 19
2 74
8 51
3 38
1 2
10 64
7 75
8 66
5 17
9 40
6 65
3 47
1 11
4 8
7 88
10 48
1 10
9 54
3 60
2 98
6 20
8 33
9 23
1 35
4 33
7 85
4 82
7 45
10 5
10 31
4 91
4 26
9 48
8 51
10 51
9 26
1 15
6 8
2 90
2 74
10 61
8 92
7 35
10 17
7 85
5 62
8 47
1 46
9 72
8 46
7 95
4 22
9 69
8 9
8 96
7 93
4 31
2 55
5 55
1 10
10 3
1 50
5 11
1 81
8 64
5 98
6 48
1 42
7 40
9 40
8 64
9 16
10 82
4 5
8 19
4 37
4 35
5 86
8 52
5 62
7 2
10 99
3 71
6 53
6 6
3 61
2 58
9 40
7 41
4 54
4 10
5 25
7 80
3 89
1 53
4 22
3 24
6 85
2 67
6 96
1 8
8 49
7 83
3 41
9 1
4 98
5 4
4 47
8 24
10 90
1 66
3 25
1 24
1 64
3 4
8 86
4 58
1 30
7 26
1 99
6 63
7 61
7 70
9 11
6 50
10 10
8 8
10 54
1 43
9 8
4 55
3 100
9 57
9 26
4 87
6 45
1 5
5 99
5 39
2 85
8 65
7 26
6 22
1 90
8 77
2 54
3 88
9 90
9 30
2 24
5 51
7 100
4 20
7 9
8 76
4 8
7 39
1 79
2 64
9 9
2 10
1 80
10 61
2 60
1 16
4 68
6 73
10 91
9 56
3 78
10 96
6 65
2 78
8 75
4 55
3 46
4 98
2 96
6 21
5 69
2 70
2 22
4 22
4 72
3 49
9 98
10 63
7 79
10 87
7 88
5 19
7 42
10 13
3 37
9 1
8 10
6 32
4 15
2 1
2 60
3 50
4 33
9 90
1 71
8 10
1 73
6 75
5 17
1 75
8 35
2 39
10 58
2 49
8 73
2 46
4 86
2 29
9 75
7 24
10 41
9 99
1 78
7 27
8 6
7 11
9 3
9 27
2 82
9 67
1 26
2 78
2 48
9 49
8 68
7 70
1 56
4 74
9 31
6 3
3 86
7 19
8 75
1 27
4 46
2 80
8 29
8 16
3 31
10 61
1 25
9 71
10 33
6 3
8 69
3 36
10 9
5 45
2 77
10 50
3 29
7 81
7 2
10 1
6 94
6 99
7 53
1 59
10 52
6 82
9 42
4 94
8 30
10 87
5 43
8 69
7 44
10 3
6 57
4 80
1 18
1 57
10 23
1 19
10 24
7 79
3 60
5 67
4 34
1 39
5 23
5 50
9 59
6 36
2 22
8 50
9 3
8 4
1 57
5 70
6 99
1 65
1 66
4 38
8 64
5 22
9 72
10 33
1 41
1 29
7 66
6 66
8 88
1 52
6 51
7 69
7 62
3 94
2 96
1 64
10 6
5 20
9 35
4 69
2 31
3 86
1 3
10 56
4 42
5 21
5 7
9 23
7 84
1 36
5 74
2 47
9 54
2 13
9 78
3 54
1 93
8 63
6 27
4 93
1 45
8 19
5 26
3 20
10 47
10 64
9 37
2 59
8 96
5 61
6 42
1 84
2 66
4 51
10 53
8 84
5 45
5 98
1 37
3 85
7 39
4 22
5 47
6 3
9 33
5 52
1 64
7 93
10 59
4 8
9 33
9 65
10 77
8 98
7 91
9 33
5 62
2 58
9 90
8 91
7 61
7 66
5 3
6 50
7 72
2 96
9 8
7 13
10 37
4 42
3 60
5 65
7 58
3 64
8 49
1 51
1 40
9 10
7 39
4 33
7 4
2 29
4 48
9 56
9 79
10 44
10 20
5 56
3 67
4 28
2 20
9 96
1 17
8 94
1 40
8 73
3 80
9 21
2 63
1 48
3 53
9 46
10 11
3 27
7 74
6 26
7 55
2 30
7 9
8 92
3 82
7 27
8 20
9 66
7 79
8 76
7 35
2 82
5 77
8 68
7 11
2 98
2 98
7 8
4 63
