7 42
2 97
10 60
5 42
3 29
1 43
9 93
9 70
9 4
8 53
9 70
10 97
10 44
6 51
9 88
5 78
6 29
1 3
6 12
8 53
5 55
8 3
4 16
9 69
8 13
7 84
4 72
5 35
8 62
7 71
10 43
6 18
9 45
10 24
1 44
7 2
1 34
3 40
8 27
1 82
10 85
5 68
9 79
4 92
5 36
9 21
5 51
10 6
5 10
4 35
1 72
4 32
6 43
3 53
10 6
1 6
3 88
6 81
10 88
6 37
1 26
7 85
4 30
6 99
1 59
5 94
7 22
8 40
7 38
3 34
6 38
3 17
8 50
8 43
5 94
1 21
5 71
6 48
10 28
10 44
2 54
3 17
3 44
9 38
4 43
3 91
10 74
4 82
1 74
9 26
1 81
1 49
3 61
8 53
6 40
2 26
9 50
3 34
10 62
10 9
7 34
1 68
2 47
7 62
7 2
2 23
4 50
9 21
5 58
1 64
6 10
9 53
6 2
5 79
4 71
1 63
3 51
1 98
5 20
6 13
5 92
4 32
3 28
10 68
8 71
6 73
8 71
4 20
9 39
7 38
6 28
9 33
9 90
10 79
6 61
10 94
8 70
5 19
3 4
2 48
2 65
10 8
4 10
7 24
9 26
9 49
2 19
5 66
6 34
7 41
4 87
4 74
5 22
5 23
8 89
6 94
7 70
9 73
2 83
1 53
4 81
9 3
8 43
7 48
6 61
10 55
6 13
6 77
9 37
5 48
2 15
9 81
2 39
1 57
9 99
8 67
4 45
3 100
4 13
6 35
6 30
9 65
10 16
2 90
3 19
10 98
9 59
9 75
6 92
7 62
10 9
5 69
2 50
4 17
6 15
6 73
2 8
3 51
4 71
9 18
10 4
10 54
3 88
8 12
2 5
9 54
1 58
7 55
6 88
4 96
8 1
10 56
3 28
5 85
2 54
10 24
1 52
9 90
4 95
5 18
9 57
3 40
2 37
5 63
5 35
9 79
8 70
4 32
7 26
9 24
5 90
9 93
7 95
3 20
2 63
5 35
5 54
10 52
1 23
6 43
8 23
7 12
2 58
6 99
3 6
3 63
10 82
9 73
3 49
5 55
8 96
6 63
5 6
7 26
7 43
8 76
8 7
5 69
4 93
10 99
6 100
7 10
1 19
7 28
7 41
4 27
1 91
5 48
1 55
4 27
2 73
9 33
2 53
10 13
1 73
7 100
1 44
4 57
9 96
7 37
3 57
2 68
7 92
8 72
6 83
5 57
8 94
7 51
7 95
2 29
1 47
8 32
9 54
1 8
8 17
9 93
2 75
5 26
7 1
9 19
9 32
4 42
10 49
5 74
4 27
6 43
1 85
2 41
7 14
2 83
6 11
10 51
10 60
2 70
2 4
2 18
3 48
6 73
10 19
7 1
8 19
10 9
3 42
4 15
4 67
1 62
5 82
9 68
6 21
5 30
8 41
1 69
2 96
4 86
3 59
2 1
10 48
4 25
1 47
4 92
9 79
5 94
7 20
2 64
5 72
10 92
8 71
10 52
1 40
8 45
3 81
3 85
3 38
9 33
6 67
7 53
9 24
10 22
7 95
2 7
1 22
4 63
8 74
3 10
7 96
5 15
8 78
4 99
2 17
9 40
6 27
3 17
1 20
2 6
9 19
10 56
7 23
2 43
8 67
4 72
5 55
9 94
8 17
1 61
8 73
5 18
7 45
5 34
6 89
6 10
2 79
6 72
5 19
6 72
7 53
1 50
6 27
8 16
1 30
1 79
4 14
2 36
7 48
6 57
6 96
9 54
3 43
4 90
4 25
2 91
7 56
1 67
9 99
1 36
5 90
1 79
6 20
4 8
3 85
4 66
4 77
1 55
2 4
3 35
1 75
5 6
9 81
10 64
10 10
10 22
10 65
5 18
1 62
9 88
4 75
10 88
8 92
8 51
2 65
6 47
5 48
6 83
9 100
1 100
7 22
5 30
2 10
10 11
3 46
9 19
8 59
6 52
5 69
9 72
7 34
9 85
9 99
1 97
1 15
3 13
6 17
3 92
8 49
1 4
3 42
7 33
3 71
1 41
1 20
1 65
9 60
4 14
6 85
2 100
3 69
4 32
3 56
7 40
2 95
4 74
3 31
1 54
7 86
10 96
1 97
6 86
8 11
2 46
5 51
2 12
2 3
1 100
1 27
9 71
7 87
7 45
10 30
1 54
10 61
4 93
9 27
6 99
10 73
10 36
10 79
9 54
8 79
4 91
1 82
3 72
3 33
3 32
7 89
5 17
9 79
2 28
7 36
2 32
2 8
4 65
4 66
3 72
10 4
3 58
4 85
2 31
2 30
9 52
3 29
5 92
7 13
10 44
10 34
10 94
8 12
3 85
9 48
5 16
2 91
8 52
2 80
1 100
9 17
7 36
7 34
9 62
2 6
6 6
5 14
6 43
3 8
4 3
4 1
1 73
10 63
9 78
8 27
6 51
2 67
2 17
10 88
6 7
9 74
4 93
1 57
7 85
10 48
1 28
3 89
1 35
8 9
4 40
8 22
1 28
4 67
5 11
9 23
4 23
8 62
1 26
7 33
6 47
1 17
9 100
5 39
3 70
1 48
4 42
9 12
2 48
6 69
8 26
1 10
5 98
2 81
3 45
6 27
7 89
3 66
10 30
2 85
1 2
3 52
4 95
3 3
2 50
4 2
5 73
5 59
2 84
1 4
5 65
1 99
10 60
5 20
4 91
9 2
5 31
5 54
8 95
9 21
8 26
6 93
7 1
2 96
4 14
6 26
5 99
10 36
3 70
1 54
9 47
2 25
10 82
2 89
2 32
10 59
8 24
10 91
5 77
3 91
5 46
7 47
6 43
5 20
5 61
7 88
1 45
10 23
4 54
8 62
2 20
9 74
2 24
6 63
7 90
3 74
1 86
10 76
7 93
5 34
3 3
9 75
2 46
6 93
1 7
4 84
4 36
6 68
7 70
6 42
9 72
5 54
4 73
3 80
8 4
3 9
9 26
3 82
9 58
5 49
2 33
7 12
10 47
7 90
1 99
4 91
8 54
7 59
5 59
4 28
2 4
10 95
5 33
8 78
1 76
10 4
3 32
9 92
9 10
5 48
6 61
1 70
5 73
2 45
9 69
1 27
3 95
4 10
6 9
7 50
2 61
10 34
6 4
2 51
8 25
7 89
5 50
6 28
9 5
3 32
2 13
10 1
6 83
6 36
2 92
10 50
8 20
6 83
8 58
1 98
3 31
5 75
7 1
1 32
8 37
5 28
6 5
5 47
5 28
3 79
3 55
8 55
5 95
5 59
2 89
1 75
4 77
5 81
10 70
5 30
2 78
10 61
4 48
6 9
4 68
6 24
3 43
8 100
3 35
4 57
7 8
10 26
5 27
6 66
10 33
3 59
2 56
9 46
10 38
9 17
9 41
7 75
6 19
6 42
8 39
1 3
8 61
2 46
4 44
3 76
4 47
5 71
9 50
10 41
2 3
8 37
3 95
6 4
2 75
7 36
3 25
9 79
1 80
5 55
1 9
9 73
10 94
10 60
6 65
2 96
9 83
5 1
3 64
2 71
10 39
3 98
5 14
4 51
8 27
8 14
7 58
2 58
3 92
8 21
3 85
4 13
4 58
3 36
2 97
8 83
8 11
6 69
8 13
9 29
1 87
10 58
8 18
1 28
2 16
1 87
4 65
9 62
9 81
6 22
9 73
9 78
2 84
8 37
4 88
4 22
4 97
5 11
1 62
8 77
2 66
7 56
8 70
8 24
8 19
7 16
2 26
6 42
10 93
8 28
2 40
4 66
10 48
4 34
3 93
6 14
4 78
10 11
5 88
7 71
4 39
2 41
2 81
3 69
3 5
10 88
5 92
3 57
7 4
1 46
8 65
7 39
7 29
6 9
10 90
8 59
6 55
2 29
3 82
4 37
10 98
1 73
6 6
8 67
5 97
8 84
5 84
8 51
4 97
5 17
8 61
4 4
6 67
9 61
2 4
2 31
5 7
7 58
5 15
7 36
3 7
1 23
10 34
6 20
10 100
1 36
9 93
7 34
8 9
3 37
10 64
6 88
7 13
6 91
2 46
9 32
8 47
4 4
9 92
6 33
4 57
10 97
6 93
5 65
3 50
8 87
9 86
9 22
8 22
5 41
6 92
3 67
2 67
9 62
6 18
3 45
8 68
4 8
7 38
3 56
3 51
4 97
2 25
9 54
10 72
8 95
10 45
2 68
7 29
8 49
7 24
6 30
5 17
9 74
1 8
7 81
4 7
5 91
7 38
3 35
4 13
4 5
4 64
3 41
8 84
9 90
10 25
6 14
6 88
7 54
5 78
10 38
5 18
3 32
5 36
9 47
4 43
9 80
7 94
9 60
9 76
10 96
5 34
2 58
4 21
2 21
1 17
8 33
9 40
10 4
1 40
1 41
1 13
1 32
3 51
