9 15
9 35
8 52
1 48
4 67
10 15
6 62
4 6
2 88
2 23
3 8
4 52
7 93
10 46
10 36
2 61
4 24
9 18
7 77
8 57
6 91
8 45
7 10
9 39
9 28
5 8
9 43
9 64
6 62
9 64
8 88
3 51
3 80
10 29
2 55
2 12
6 63
7 9
1 8
4 48
9 89
10 59
6 58
9 25
4 78
10 66
9 100
9 55
7 67
3 18
3 95
3 56
8 90
5 87
4 64
5 73
9 87
5 66
4 12
8 100
8 39
8 13
10 17
10 87
7 77
3 52
9 92
4 63
5 58
9 91
7 7
1 51
2 74
1 24
8 89
1 60
5 14
1 64
5 67
5 9
1 54
10 51
10 31
6 26
9 14
1 10
4 96
3 50
7 74
8 41
3 82
5 66
8 11
5 91
5 96
9 49
10 37
2 91
7 67
5 40
5 29
1 30
3 23
5 93
3 95
2 85
9 14
4 38
4 30
1 70
1 42
8 69
8 84
1 24
8 36
1 38
5 37
2 65
6 81
3 18
4 20
2 97
3 6
1 99
10 75
7 13
7 9
7 23
3 98
4 18
10 47
7 52
10 72
7 82
2 77
6 66
8 19
2 83
5 33
3 19
6 14
6 77
5 40
6 87
10 22
4 98
7 43
6 41
4 92
4 17
10 44
9 28
2 38
8 45
5 27
4 31
10 87
10 12
3 35
10 27
3 93
3 15
7 65
6 26
8 63
5 46
9 9
4 98
1 70
6 26
9 13
10 86
7 50
9 40
1 19
2 48
10 64
1 29
4 64
8 87
5 82
5 45
2 73
9 93
6 40
10 34
7 46
2 98
3 46
2 16
3 59
4 81
6 85
1 44
3 60
3 84
10 37
10 95
5 10
5 40
5 82
6 57
1 83
3 19
9 57
8 32
3 24
4 32
10 1
4 76
1 90
9 88
4 64
6 90
6 67
9 8
9 77
7 87
7 43
7 39
3 89
3 92
9 53
3 58
1 64
2 77
4 53
10 7
4 15
6 92
9 25
2 73
8 73
7 37
3 27
9 96
8 87
9 77
9 7
10 71
2 6
7 24
6 22
9 23
3 93
7 68
7 75
6 74
5 85
10 73
5 53
4 50
4 51
9 97
2 28
7 6
9 74
9 16
2 52
1 38
5 60
1 50
7 54
1 56
6 67
8 33
7 12
10 39
6 94
7 74
6 95
3 84
10 34
1 4
3 43
4 64
4 15
10 3
1 84
4 47
2 6
2 68
3 81
3 37
5 30
8 3
2 25
9 24
8 85
6 30
7 16
9 83
5 85
3 33
4 80
8 66
10 1
7 66
3 62
8 96
8 51
2 56
2 76
5 7
7 78
4 6
6 70
5 53
4 51
2 6
10 67
6 90
9 58
9 47
5 91
8 46
5 27
9 69
1 44
9 77
5 79
1 54
6 30
2 26
5 26
6 80
9 100
6 27
10 71
5 88
6 47
9 13
4 49
4 50
5 4
6 14
9 94
10 63
6 3
6 63
7 12
10 85
10 52
6 96
2 18
5 79
8 98
5 57
5 85
4 40
2 68
7 33
7 12
7 10
8 90
10 12
8 26
8 88
5 62
7 2
8 49
1 50
8 41
9 39
6 94
7 41
10 57
8 3
6 25
10 90
8 50
1 45
5 100
2 9
9 94
9 17
1 29
4 84
8 87
6 79
10 50
1 95
7 10
8 47
9 77
8 67
3 11
9 85
5 86
6 49
4 93
1 76
8 26
8 1
9 32
1 69
6 67
7 73
7 7
9 10
7 64
8 49
5 6
4 9
1 3
3 30
8 70
4 100
7 60
6 13
9 73
2 68
5 34
3 23
2 17
9 48
8 74
2 100
1 34
9 93
7 77
7 70
1 98
8 5
3 42
9 80
4 14
1 37
6 59
9 33
2 15
10 61
8 3
2 57
5 51
3 12
1 31
4 24
3 84
8 2
10 26
9 19
4 5
4 44
6 66
10 44
5 34
2 24
6 15
7 66
1 50
3 55
10 12
8 40
4 8
10 24
7 51
10 1
8 56
7 68
3 55
7 74
1 25
9 9
7 49
5 81
7 3
3 41
7 18
1 98
5 19
5 6
2 36
4 69
3 39
6 90
10 10
10 57
8 93
3 86
2 59
5 89
9 96
7 39
7 75
5 10
6 76
10 86
2 35
2 57
8 81
10 49
6 83
7 84
2 73
4 73
4 27
8 70
5 87
6 93
9 92
8 49
2 28
3 50
7 30
6 44
10 18
1 2
4 54
5 47
1 97
2 94
5 94
2 64
5 100
1 11
3 33
3 89
9 74
4 70
4 38
10 83
7 63
6 69
10 82
4 66
6 66
4 35
9 9
1 19
9 26
9 88
1 6
7 36
7 14
2 19
9 3
4 16
3 35
2 94
7 45
8 93
7 27
10 86
9 10
7 20
3 41
4 73
2 83
7 5
1 25
2 73
7 9
2 97
4 67
7 8
9 81
6 1
1 20
1 8
2 26
5 29
10 70
4 97
5 76
10 84
9 38
4 56
9 24
10 24
7 22
1 32
5 7
1 9
4 14
2 72
3 81
3 92
8 88
1 97
9 37
5 21
2 82
1 23
6 56
3 67
9 32
5 37
2 28
7 44
3 1
1 19
6 2
5 56
8 12
10 57
10 86
2 73
1 32
7 23
3 69
5 89
2 94
10 20
5 6
4 28
2 19
8 100
8 27
7 9
4 17
8 45
5 46
8 74
8 25
4 51
9 71
6 43
7 35
2 53
5 50
9 9
7 47
8 89
2 75
9 80
5 63
10 68
7 11
7 2
4 76
6 88
3 81
3 3
2 12
8 99
4 36
6 65
2 70
8 20
7 29
9 51
1 83
5 62
9 63
1 20
2 17
9 34
7 45
5 47
3 96
1 51
3 16
6 97
9 78
8 93
9 47
8 40
5 20
1 21
9 87
1 80
4 36
9 64
3 29
8 61
8 51
3 69
8 5
5 70
6 22
3 22
1 55
10 49
4 19
6 83
1 36
2 82
2 31
10 36
8 87
4 23
2 14
2 20
4 57
3 55
1 3
10 77
7 46
1 72
10 23
6 33
8 64
6 98
3 19
6 19
4 73
7 52
1 48
3 2
8 59
9 31
2 28
5 82
10 100
6 72
9 20
2 42
5 96
7 81
8 22
3 32
7 52
10 8
8 6
3 4
3 18
4 21
9 98
2 22
5 50
1 22
9 3
1 91
9 52
2 89
3 87
10 41
10 16
2 91
1 23
2 37
9 35
4 42
2 8
2 21
9 37
8 12
6 71
2 12
1 40
1 72
6 39
1 66
1 37
9 54
6 11
1 67
7 95
3 63
1 31
8 55
9 8
10 64
4 5
4 72
6 35
6 45
9 33
1 65
9 47
3 44
5 27
9 34
6 4
2 25
1 5
10 27
9 38
8 76
9 64
1 36
7 67
8 24
5 22
5 56
5 89
7 76
5 6
4 80
9 3
3 10
10 29
7 30
4 7
5 22
3 25
9 56
2 18
10 86
6 73
7 24
2 1
5 36
10 21
6 87
4 64
1 40
9 32
10 31
10 50
4 13
10 90
6 91
5 10
6 45
3 70
4 24
5 14
5 51
1 87
4 59
5 63
10 50
2 20
3 12
8 13
7 29
9 90
5 66
7 49
4 58
4 94
8 53
5 39
8 50
10 57
3 41
1 48
6 16
6 93
2 66
7 30
4 27
3 86
9 49
4 41
4 94
6 88
1 83
4 21
7 83
1 58
3 81
1 22
8 91
9 30
4 40
4 3
5 77
8 84
7 63
3 84
9 28
5 72
3 53
6 29
4 8
5 26
9 43
10 87
2 45
7 11
10 20
1 6
6 69
3 56
7 1
4 15
8 60
7 71
2 80
3 5
5 87
4 30
9 50
3 26
3 80
6 41
8 75
1 96
2 78
8 53
7 14
4 50
7 50
6 1
2 23
9 6
1 94
9 69
7 35
2 10
4 83
4 23
9 100
5 89
9 39
9 83
4 12
3 69
6 23
10 17
4 16
9 64
5 72
10 47
3 74
3 12
3 1
1 21
8 52
6 1
9 7
3 39
1 4
2 31
2 97
1 27
1 9
6 71
5 25
8 5
5 70
3 17
2 73
3 36
1 83
10 100
9 51
6 84
1 13
8 74
6 90
1 99
8 18
7 99
3 2
7 62
1 68
7 51
3 16
4 7
2 41
1 74
8 44
3 31
4 81
4 53
6 89
8 54
7 1
6 79
10 77
9 47
7 35
8 55
7 71
6 91
6 45
4 62
8 47
6 42
4 29
3 75
8 38
6 48
10 71
2 25
2 52
4 71
9 9
6 81
9 71
3 55
10 27
2 42
3 23
5 16
4 45
6 90
8 57
5 64
5 55
7 67
3 38
6 83
5 52
10 29
5 90
1 100
10 25
1 48
6 47
4 43
7 92
10 8
3 78
9 90
3 75
