7 47
6 20
4 72
8 37
5 41
8 56
8 19
10 27
3 60
7 87
3 62
6 53
10 44
9 33
9 59
1 53
8 86
8 19
7 27
9 24
7 59
7 50
2 16
4 89
1 29
9 3
10 95
3 10
3 23
8 51
7 32
3 56
3 51
4 33
2 62
8 52
3 39
10 85
4 90
10 70
8 34
1 21
10 28
8 7
7 37
10 15
2 56
6 16
9 84
4 51
1 16
7 35
4 93
4 39
2 100
4 70
1 5
8 23
6 84
8 95
4 12
2 9
5 21
6 8
6 11
5 12
9 97
1 26
8 8
3 94
4 54
7 40
1 24
8 3
9 72
1 11
5 62
10 73
8 89
5 9
8 38
1 95
8 46
3 72
2 10
3 16
2 25
8 77
2 45
1 100
7 38
10 95
7 88
7 19
5 80
1 3
10 6
5 54
3 26
5 39
10 2
3 51
10 4
9 49
4 57
6 78
4 34
8 34
1 10
8 16
9 37
2 9
6 27
7 97
8 34
5 59
9 83
6 78
2 20
6 35
6 96
2 41
2 22
9 9
2 44
9 62
9 92
3 76
9 49
1 78
1 57
1 42
7 14
10 74
6 76
10 4
3 78
7 89
3 13
5 36
1 30
6 55
1 66
4 64
9 48
4 94
2 32
3 2
9 40
1 77
7 24
8 55
7 83
5 15
7 72
7 26
7 95
7 54
4 38
6 25
7 84
4 74
1 33
5 59
3 19
2 25
2 93
10 38
8 71
10 34
8 69
4 100
8 25
7 51
5 64
2 2
9 1
4 21
1 3
10 11
6 20
5 96
9 54
9 95
3 45
5 22
6 92
4 46
6 10
10 22
4 33
10 87
10 91
7 23
2 87
8 56
10 55
8 44
3 60
10 82
3 39
9 19
3 100
2 51
8 12
10 84
4 97
6 54
3 81
3 48
7 39
6 54
10 48
4 16
10 42
9 64
7 55
4 97
2 97
8 16
4 49
7 47
9 43
5 65
5 65
8 96
2 47
9 51
9 83
2 12
1 97
4 73
1 39
2 44
10 48
1 9
6 47
3 13
10 99
6 100
7 33
6 7
9 62
7 9
2 31
10 65
2 35
4 61
2 85
2 13
9 8
2 77
1 20
10 13
7 29
8 29
4 58
6 30
9 12
7 20
8 18
10 61
10 7
4 55
10 38
6 86
8 49
3 73
5 57
9 59
9 10
7 62
5 76
1 68
6 18
4 33
2 59
1 94
1 54
8 8
8 87
4 1
5 88
9 76
9 94
2 67
6 42
7 3
9 23
1 9
3 83
2 92
3 49
4 58
5 26
7 3
2 78
5 97
10 80
2 20
6 43
5 6
10 43
7 65
5 27
8 77
10 51
7 1
1 61
9 63
8 75
1 1
1 48
6 26
8 10
8 39
1 43
3 58
3 100
2 8
10 80
4 68
8 19
10 7
9 44
8 92
2 76
5 54
8 56
7 20
3 77
10 45
8 40
1 9
9 6
10 68
3 98
6 10
3 31
6 43
1 88
5 94
9 57
10 85
6 96
10 88
2 10
9 51
7 73
7 62
4 99
5 72
6 37
3 92
3 85
9 97
6 46
1 95
1 79
4 11
8 11
8 64
5 52
3 41
7 89
3 57
4 75
3 93
6 4
9 40
4 44
1 52
10 50
10 73
2 49
9 20
1 72
6 78
6 39
9 15
7 78
1 90
5 24
2 39
9 29
7 52
2 33
5 29
8 4
9 82
6 43
6 91
6 29
2 41
5 88
8 68
5 70
8 17
8 45
6 29
6 78
1 19
3 38
4 63
10 19
9 36
2 90
4 26
2 60
4 41
8 34
8 49
9 62
7 11
7 27
6 56
1 21
9 73
9 34
4 43
1 5
1 14
4 10
5 58
6 55
7 14
1 86
2 1
10 54
2 70
1 44
1 91
5 52
4 62
10 58
8 73
9 89
2 97
3 1
6 38
9 40
7 12
8 3
6 21
1 18
9 60
10 64
3 16
5 64
4 51
4 29
3 33
7 62
3 55
9 90
5 96
10 32
2 64
6 29
2 81
7 18
3 72
1 50
2 52
6 9
2 54
10 4
9 42
8 58
2 93
3 2
9 68
9 95
9 13
3 65
10 29
4 70
2 46
6 2
4 14
7 27
2 89
1 30
7 5
7 75
9 8
9 55
9 64
9 73
2 62
4 10
4 32
7 58
6 78
8 20
3 68
1 74
2 67
7 35
9 1
7 62
1 7
4 76
1 34
10 78
7 49
1 56
2 95
6 26
1 93
10 78
9 59
9 82
9 96
5 56
9 79
1 55
3 14
5 50
9 94
7 33
10 10
4 20
7 97
8 81
7 25
4 45
7 38
4 94
2 32
5 72
9 71
8 30
3 29
8 76
4 46
6 4
7 39
2 54
4 83
1 89
4 52
5 83
5 14
1 44
3 92
2 56
1 32
1 51
9 44
5 51
3 32
4 13
6 37
9 93
6 13
10 4
8 17
10 95
4 11
1 71
8 42
2 55
5 43
1 42
9 56
2 90
5 64
8 94
6 93
8 57
5 14
9 51
5 92
5 94
9 85
7 54
8 84
2 13
10 20
3 99
2 71
1 1
6 43
5 41
3 66
2 22
7 87
8 11
9 49
4 59
2 59
3 42
5 93
8 83
5 75
8 17
9 27
4 45
4 65
1 31
9 52
7 29
6 64
10 78
6 72
1 82
6 22
4 83
2 1
8 48
4 95
2 26
4 7
9 1
4 90
6 61
3 35
3 94
9 92
2 33
10 66
2 56
6 21
2 50
7 4
8 1
7 96
8 36
1 91
10 38
9 61
5 85
5 95
4 52
1 44
7 4
8 5
10 77
6 45
8 33
4 38
4 5
2 44
8 77
7 35
1 71
1 15
3 88
1 88
6 11
7 60
4 70
2 47
10 55
10 94
4 57
8 100
4 52
1 33
8 11
9 84
9 16
4 48
10 46
10 71
5 52
1 75
9 65
6 19
2 92
7 23
1 29
8 20
2 19
8 99
3 39
7 20
7 2
4 75
2 74
1 74
1 2
5 70
10 12
1 13
7 12
2 97
7 19
2 96
10 46
10 36
9 81
7 53
9 80
7 1
2 22
3 59
9 29
9 9
10 70
6 29
10 10
7 12
6 90
4 71
8 27
3 94
4 41
9 26
2 63
9 73
3 37
9 61
8 86
3 99
4 25
1 12
5 54
8 55
7 89
5 9
7 84
6 77
3 3
8 71
10 38
9 100
10 94
3 32
2 52
1 1
3 47
10 32
5 45
4 15
5 90
1 94
3 73
6 87
5 63
3 92
10 62
5 6
3 91
3 61
4 92
8 91
1 89
6 15
4 6
2 20
9 71
2 59
9 5
3 53
3 37
8 85
8 97
10 47
5 46
1 98
3 9
6 80
9 88
1 12
10 50
6 53
8 61
3 30
1 80
2 58
8 52
7 83
7 78
9 18
4 68
9 61
3 52
2 89
3 34
5 79
5 44
7 31
3 81
3 17
9 39
6 60
3 38
1 96
9 26
2 60
7 41
4 81
3 35
5 86
6 76
9 40
3 96
10 90
7 33
10 59
2 85
5 56
7 9
6 34
4 11
4 76
8 65
4 38
3 1
9 70
8 30
10 4
6 91
5 77
8 90
8 76
2 18
7 78
1 83
10 96
2 77
8 79
2 72
3 92
3 43
9 10
6 63
6 17
2 8
6 25
6 96
8 20
1 39
9 57
8 30
7 26
9 83
2 5
4 86
4 3
2 36
8 54
3 5
7 85
5 8
6 62
4 6
6 71
5 11
6 54
8 43
7 60
3 77
8 21
7 19
10 83
6 13
6 69
2 11
10 7
5 78
8 7
7 34
6 6
7 63
10 48
10 66
2 59
8 44
1 28
10 18
5 97
6 100
3 20
4 64
9 39
8 50
6 5
6 43
7 87
8 14
5 21
10 67
8 17
2 71
10 22
6 73
5 48
2 4
10 62
8 90
9 81
8 65
7 43
7 100
4 48
8 73
10 15
9 94
5 4
1 26
1 39
4 99
9 8
2 58
3 36
1 31
8 29
5 42
4 75
3 23
5 36
9 99
4 62
1 43
1 11
2 38
10 66
5 71
1 89
10 69
3 74
6 8
8 100
3 34
7 38
5 26
4 39
3 68
8 35
7 46
10 98
9 15
10 99
8 26
1 39
7 62
7 48
2 37
2 72
6 64
4 15
8 22
2 50
10 85
4 98
6 98
8 53
1 15
8 40
8 36
10 54
9 92
1 97
6 78
9 19
7 92
8 28
10 27
3 91
3 73
10 3
7 57
4 64
6 69
1 99
2 81
7 7
7 99
8 34
5 91
7 84
6 83
6 62
9 9
6 84
7 17
5 25
1 89
4 52
1 34
5 52
6 45
10 28
9 76
10 78
5 20
2 47
4 36
8 44
2 88
1 31
4 96
8 96
1 27
6 47
10 28
10 37
