3 96
5 30
9 13
9 74
2 69
3 70
2 55
7 55
6 6
1 47
2 39
10 48
7 5
7 45
9 14
9 100
10 48
7 94
2 9
2 40
2 73
2 35
10 43
1 26
3 15
3 83
4 91
7 24
8 88
7 57
9 12
2 4
3 14
3 47
5 15
5 82
9 48
4 89
8 73
3 35
2 12
1 82
8 79
6 69
3 17
2 100
9 91
9 70
1 24
9 22
9 82
10 56
10 20
1 78
2 85
2 63
6 27
6 49
10 2
10 25
3 55
4 95
3 26
6 54
9 56
1 22
6 22
9 93
3 15
6 37
10 12
5 73
8 34
6 98
2 96
3 93
2 36
5 83
3 93
2 54
6 32
10 14
3 79
10 39
2 66
9 82
2 81
8 67
6 59
1 43
2 54
1 24
8 59
4 79
7 57
2 51
8 94
1 80
7 78
3 43
6 1
1 46
4 76
8 2
5 44
1 35
2 23
9 76
2 47
7 15
9 9
4 100
1 83
10 91
4 19
4 52
8 88
1 59
9 2
1 25
5 86
9 98
6 12
10 29
8 74
8 15
1 58
2 71
9 95
1 35
10 65
6 60
7 19
3 35
6 3
5 13
1 13
4 89
6 24
6 53
10 66
6 39
3 67
3 37
10 78
7 73
9 8
8 59
2 50
7 93
9 69
6 30
3 21
8 30
10 47
2 34
10 9
7 87
5 36
6 62
3 72
6 47
1 69
6 63
7 5
7 77
7 70
8 87
8 50
9 23
2 26
9 88
7 13
7 16
8 34
3 41
3 73
7 71
10 99
4 10
4 63
4 39
3 22
1 33
2 87
4 91
2 20
7 41
1 27
4 92
2 28
3 91
7 60
2 12
8 62
7 44
2 22
1 31
1 100
9 84
7 74
2 94
4 22
6 47
8 23
2 45
6 63
1 79
8 95
5 58
6 39
4 43
2 44
10 89
4 28
10 79
10 22
2 24
6 95
3 70
1 69
5 30
10 86
7 71
1 49
1 45
1 57
4 45
1 23
9 26
10 55
2 99
10 74
5 29
8 24
1 52
5 89
2 95
5 69
9 52
10 97
6 89
9 61
5 2
3 77
2 37
4 20
8 36
6 72
2 69
10 40
10 59
7 90
5 21
1 29
4 29
6 28
9 99
9 2
9 11
1 95
6 58
10 52
6 37
9 14
5 33
1 95
7 91
8 42
10 98
6 2
7 48
1 3
9 42
9 12
5 76
3 69
8 5
3 98
1 47
6 25
8 4
1 78
10 77
3 67
3 32
8 2
4 46
6 96
8 77
8 56
4 53
8 79
2 66
7 94
4 34
8 69
4 85
3 72
6 61
7 83
1 98
3 95
2 18
3 28
2 62
8 58
10 25
6 77
8 97
8 25
9 97
3 74
2 22
8 53
6 27
6 8
7 56
6 53
7 65
7 39
7 64
10 68
4 61
4 99
7 51
10 58
8 61
3 44
3 75
6 74
2 30
8 19
9 74
2 19
2 63
3 48
4 88
4 45
10 45
3 36
4 62
3 66
8 26
9 79
8 98
6 58
6 11
8 77
8 64
4 65
6 56
2 1
4 24
10 74
8 100
4 50
3 68
5 44
8 19
4 98
8 24
9 58
9 14
6 36
8 18
3 48
1 27
7 1
7 10
8 21
4 79
4 76
6 48
10 48
6 73
9 59
3 94
3 81
8 18
4 41
3 69
9 11
5 36
5 47
1 100
4 1
2 49
4 65
5 26
8 91
1 11
8 29
7 47
8 88
3 64
1 51
4 84
10 90
7 49
5 33
8 68
8 87
4 47
1 50
7 3
6 32
6 83
2 15
3 47
8 50
5 19
7 8
1 94
4 58
10 16
2 9
1 93
10 42
3 21
6 16
7 5
8 8
3 31
8 78
2 94
9 27
4 24
7 63
5 73
5 83
6 98
1 65
9 51
8 35
4 47
2 49
3 6
9 98
10 3
3 15
2 48
6 60
5 15
8 7
3 65
3 3
6 2
7 67
10 35
2 29
4 80
2 54
9 25
1 62
8 40
5 36
1 90
10 80
9 40
1 30
6 28
3 45
2 97
7 20
10 59
2 12
5 89
1 95
8 85
5 33
10 66
4 86
6 58
1 88
6 74
9 2
9 99
1 94
7 59
3 24
6 81
8 37
9 21
1 48
1 1
3 74
2 41
1 25
5 58
10 51
10 78
9 45
3 43
2 96
6 75
6 19
9 76
9 55
1 33
9 28
5 82
6 2
5 28
1 13
10 65
8 53
2 91
8 85
10 31
1 38
9 90
8 17
9 32
7 31
3 81
1 89
9 25
9 96
6 80
7 81
4 23
7 27
9 26
1 91
10 15
8 89
1 20
2 73
4 61
1 72
4 9
4 86
2 91
4 4
3 68
4 67
10 64
4 100
9 7
9 31
9 71
3 20
8 28
2 53
6 79
6 94
9 92
2 10
2 98
6 75
6 41
6 2
2 13
9 48
7 41
7 81
1 91
6 48
4 3
1 16
4 95
10 86
6 98
6 98
2 48
10 77
6 91
3 33
4 52
10 29
6 93
8 53
8 100
10 8
1 80
6 61
5 59
4 7
6 97
3 59
8 48
4 52
4 29
2 70
3 91
2 68
6 7
3 7
10 52
8 28
3 65
6 57
5 45
5 66
9 63
4 11
4 42
8 62
8 69
6 3
3 77
5 71
7 95
5 90
6 69
9 57
6 4
8 97
2 80
7 38
6 53
6 51
10 19
8 11
6 32
2 61
6 82
2 53
2 64
8 32
10 70
8 82
1 9
9 3
9 44
2 87
1 86
10 91
7 85
4 50
3 9
10 28
5 58
7 27
10 34
7 35
10 7
9 100
7 77
8 16
5 89
8 54
9 11
5 11
8 22
1 91
2 34
3 96
3 29
8 16
5 99
4 81
9 20
10 86
6 60
10 28
8 20
7 26
7 64
6 79
3 97
8 15
10 67
1 45
10 7
7 24
4 85
10 44
1 94
5 56
8 90
4 3
8 87
1 40
1 40
2 51
7 10
7 17
5 50
5 87
10 89
2 40
10 44
1 57
2 23
3 39
1 90
1 68
5 52
10 59
8 52
10 26
10 97
3 81
9 5
7 54
6 78
9 31
5 58
2 96
9 45
9 70
5 1
2 29
6 10
4 31
10 36
5 94
2 34
9 40
7 17
2 93
5 22
3 82
9 97
10 49
5 19
7 18
8 94
10 81
8 33
1 25
1 7
1 13
4 17
5 86
2 61
9 6
1 9
10 84
9 33
4 72
3 73
8 78
7 95
4 51
5 25
2 1
2 74
3 17
2 7
4 38
3 2
7 51
6 7
3 85
10 32
3 25
4 47
8 39
3 41
10 41
5 42
6 53
4 13
3 68
3 67
8 24
4 96
7 22
6 53
2 82
10 35
10 40
2 25
7 71
4 67
7 89
9 33
9 79
4 91
8 55
3 37
1 28
5 18
8 13
8 57
5 47
10 53
4 68
1 36
3 45
6 91
3 44
9 84
4 47
8 53
6 2
10 21
1 35
2 33
5 49
5 45
1 42
2 36
6 63
3 34
6 54
4 10
3 6
5 41
1 12
10 54
4 25
5 99
6 97
10 53
7 94
7 16
10 1
3 41
3 95
8 53
7 40
1 95
9 75
8 39
7 42
2 60
4 60
5 11
6 60
5 25
7 96
4 42
9 60
10 48
6 54
1 84
10 15
2 67
6 63
1 46
10 98
2 36
3 43
8 62
1 43
5 18
3 39
8 35
5 26
5 12
2 14
6 39
4 10
1 2
3 30
4 26
1 11
10 13
5 81
8 90
7 75
10 79
10 83
8 39
2 43
4 62
5 60
8 66
1 65
6 52
7 16
9 20
8 29
3 41
9 76
8 25
6 18
7 50
10 36
3 59
6 92
4 97
2 20
1 18
10 21
8 44
3 9
3 30
9 97
7 9
8 23
4 46
2 60
6 93
8 37
7 17
7 96
2 11
5 98
7 89
3 41
10 62
2 48
6 78
2 7
7 61
9 89
3 73
1 55
4 28
4 20
9 75
3 96
2 34
5 26
5 53
9 61
2 92
7 19
9 83
7 93
2 84
5 43
5 35
1 2
9 48
1 15
1 40
8 34
7 86
2 8
3 9
8 58
4 88
9 96
1 89
4 45
4 31
4 73
6 90
2 38
10 61
9 8
9 12
8 33
7 60
5 39
2 93
6 84
1 35
3 44
8 72
9 3
3 17
2 4
9 84
10 53
2 87
7 89
4 31
3 95
5 16
3 13
8 1
5 41
4 100
10 3
6 57
8 74
2 7
4 62
5 80
2 95
7 73
3 19
8 26
3 8
6 38
1 56
5 1
10 12
4 56
1 18
9 46
10 94
4 73
8 28
6 41
10 3
6 68
6 34
4 79
1 56
10 69
3 98
8 26
7 14
5 75
2 31
8 21
3 8
4 47
8 33
6 14
5 41
5 11
