2 26
4 39
10 39
5 43
3 28
3 55
1 45
6 90
2 44
10 48
7 46
5 79
9 58
1 40
7 31
3 27
1 77
7 28
7 33
7 88
5 92
8 52
4 50
4 32
9 44
1 25
5 19
1 37
4 72
6 36
4 55
3 65
4 75
1 46
8 48
7 41
8 91
1 63
9 90
7 87
6 65
10 17
7 17
7 65
7 57
3 8
5 75
7 6
8 93
9 65
4 64
7 49
1 98
9 41
8 4
9 47
1 47
4 100
3 61
2 59
1 35
3 32
2 15
6 85
2 73
6 17
3 94
8 45
1 13
1 44
10 36
9 23
5 14
2 62
5 77
10 42
2 52
6 16
5 12
7 23
3 16
2 90
3 77
5 93
7 7
3 78
10 27
1 39
6 22
2 48
1 85
1 39
3 14
6 33
9 54
4 23
8 25
5 85
6 94
10 8
4 38
6 10
6 64
10 69
3 83
10 56
1 20
2 94
5 18
4 1
7 48
3 46
10 70
5 61
8 24
10 19
1 73
8 36
5 31
5 87
6 5
10 52
9 94
6 78
3 100
6 86
1 18
6 60
2 66
3 13
8 56
5 46
7 51
9 5
5 41
10 86
6 72
2 11
9 56
4 44
1 36
9 91
4 20
6 73
4 57
2 95
1 60
9 24
6 46
10 67
1 58
8 5
4 39
9 85
4 93
4 32
1 58
9 40
2 24
4 20
1 74
6 39
9 67
1 34
3 16
1 44
9 32
9 17
9 56
7 10
6 17
10 41
8 10
4 29
4 31
1 42
7 98
7 43
3 74
2 56
6 54
7 74
2 66
5 34
6 29
9 71
10 45
10 80
5 76
7 70
6 51
5 34
9 42
5 80
8 55
3 45
10 85
6 67
6 5
2 63
4 31
5 66
4 80
8 85
7 67
4 72
3 67
6 21
5 40
1 23
6 18
2 54
1 43
10 46
7 27
2 93
10 70
5 69
3 67
10 39
1 5
10 89
3 56
8 47
10 9
10 63
4 14
3 66
10 13
8 47
5 60
1 11
3 7
6 15
3 53
1 87
9 12
10 87
8 97
3 4
7 17
8 80
2 63
2 83
3 58
3 3
6 30
6 31
6 68
8 56
5 91
1 92
9 78
6 45
10 46
9 15
1 12
6 90
10 18
3 19
6 88
3 76
10 68
6 75
5 21
4 52
4 72
3 32
4 5
8 83
1 80
7 21
2 78
8 41
10 58
6 42
10 26
4 100
5 11
3 67
4 36
6 35
2 60
4 45
1 38
8 57
7 19
3 61
6 35
6 46
1 88
8 93
4 24
3 46
7 33
7 5
8 16
6 58
2 60
6 3
5 81
1 28
2 25
4 100
8 78
3 95
1 10
3 28
9 13
2 54
4 78
8 66
7 5
10 56
7 47
8 15
10 78
4 38
8 56
7 66
1 97
1 42
1 31
8 51
2 63
8 52
4 44
6 53
5 22
6 100
3 53
4 21
9 61
7 45
5 28
4 70
4 38
1 78
1 25
8 69
10 68
1 72
5 58
3 36
2 33
10 28
6 27
6 25
4 38
6 64
2 92
6 1
6 67
6 47
5 16
1 83
10 93
1 63
1 9
4 8
5 64
2 91
5 77
10 42
7 96
7 71
9 60
7 83
9 46
9 69
2 96
3 8
4 14
3 99
4 7
10 53
10 96
2 34
9 37
4 61
9 69
9 58
3 77
8 79
7 76
7 12
6 58
1 29
8 83
2 38
1 40
7 82
1 69
10 59
10 5
2 25
2 99
7 65
6 30
2 98
1 1
1 13
10 30
8 18
1 68
8 75
2 86
7 20
7 27
10 60
2 1
5 83
8 64
5 41
1 76
8 32
6 73
8 18
10 62
1 67
6 65
5 30
10 12
4 70
5 90
8 83
3 64
10 59
10 10
5 1
8 94
3 76
3 40
5 89
2 17
10 59
2 10
6 55
2 39
2 17
6 26
9 26
2 22
4 81
3 42
8 96
2 8
9 15
2 38
3 77
8 24
7 11
7 42
9 71
4 21
1 21
5 95
3 96
7 4
9 96
4 69
3 48
8 87
6 41
4 51
4 50
7 69
7 10
8 11
3 96
5 34
4 94
1 69
10 14
1 93
1 84
8 5
10 37
10 14
4 25
7 78
5 5
1 8
9 17
2 64
10 96
8 17
7 15
3 19
5 34
6 86
1 7
3 87
3 37
5 25
10 100
9 29
9 72
1 19
3 16
2 100
6 98
3 34
1 33
2 99
4 50
5 58
1 7
1 42
1 93
6 29
6 78
9 14
3 5
6 21
9 66
2 96
6 74
4 38
7 51
1 23
1 16
2 77
4 41
1 8
2 14
5 46
9 78
1 67
10 66
10 87
1 32
9 52
6 12
5 4
7 18
8 12
10 14
3 40
3 80
7 72
2 67
4 19
10 41
3 2
7 5
1 15
7 38
1 61
9 84
4 64
2 18
8 23
7 75
2 66
2 9
1 53
6 36
2 40
1 63
2 28
1 61
7 5
5 51
7 33
10 63
6 59
3 38
9 78
8 55
9 80
10 72
8 13
3 85
2 73
4 55
7 37
5 75
1 87
2 12
10 4
4 79
8 41
4 47
2 18
9 58
4 29
1 64
6 94
7 46
6 71
6 66
5 21
10 77
2 56
3 25
10 16
4 34
6 48
9 69
5 83
1 69
7 2
1 50
2 97
10 79
9 82
10 15
7 4
6 29
7 53
2 38
1 52
9 47
2 86
9 99
9 52
1 83
2 21
5 2
8 39
3 93
4 25
2 44
5 94
6 89
1 16
3 57
2 100
9 10
10 67
1 94
9 87
4 39
3 61
10 59
10 34
2 70
9 92
7 42
1 71
8 27
2 25
5 89
3 39
4 80
5 54
5 10
4 23
1 11
4 15
5 86
1 75
1 96
1 12
9 24
4 26
6 82
2 87
5 60
4 47
10 31
1 79
1 26
10 55
3 90
7 41
8 27
9 78
5 14
2 56
3 32
6 89
1 2
9 10
6 19
2 62
7 77
8 67
8 95
5 97
2 85
6 23
9 9
8 26
3 16
1 88
2 15
7 18
8 32
6 47
6 22
9 77
1 72
3 5
3 97
8 11
7 54
10 36
8 65
5 77
5 15
6 25
4 88
4 22
1 78
5 17
7 96
2 16
8 34
2 46
6 11
10 62
4 67
5 56
7 39
5 74
9 57
8 30
2 5
3 82
10 86
3 60
2 82
5 44
1 74
8 5
10 50
4 11
3 94
2 52
8 90
8 20
2 52
9 16
2 15
1 84
4 31
8 21
10 16
3 83
8 16
5 74
10 98
9 16
3 13
6 71
10 75
6 93
3 67
7 34
10 37
9 25
9 21
1 63
9 25
8 29
7 29
1 46
2 14
1 26
4 7
9 77
5 1
8 47
1 61
8 76
7 17
8 77
9 24
8 3
4 26
3 44
3 27
10 96
4 11
2 33
1 80
10 11
2 46
4 87
3 5
6 15
6 92
8 64
9 48
7 88
7 83
5 15
5 100
4 77
5 69
1 28
7 13
4 13
4 35
6 33
10 84
9 35
10 61
3 53
4 1
10 87
8 11
9 82
3 7
5 20
6 35
6 41
4 20
5 65
7 3
7 10
2 75
1 78
9 37
10 18
6 96
5 79
3 55
10 44
5 92
1 1
6 30
4 7
10 79
5 57
10 64
9 23
5 31
6 30
3 64
10 94
1 96
2 48
10 94
7 26
5 79
8 21
5 50
9 5
3 77
10 97
3 99
7 71
9 15
4 51
1 77
6 20
7 44
3 87
3 33
1 17
2 24
9 83
7 6
10 77
10 46
8 68
10 20
7 81
2 6
9 48
6 17
3 81
5 94
6 39
7 36
3 31
5 60
8 36
9 59
1 25
9 86
5 22
9 38
6 33
6 50
4 21
5 36
7 22
6 70
9 69
9 3
10 85
4 85
8 95
3 60
9 70
6 73
7 72
8 22
6 10
1 39
5 23
10 57
2 57
6 74
4 12
2 73
3 47
3 49
7 88
4 30
1 8
9 7
4 13
3 47
2 42
8 19
3 45
5 85
7 75
8 72
1 48
6 27
7 57
3 87
5 52
3 73
8 67
8 81
4 46
3 82
9 71
3 87
2 36
7 68
1 72
8 90
10 70
1 40
8 15
8 3
7 98
2 65
2 79
7 62
8 50
3 91
6 51
2 36
5 67
1 42
3 76
10 30
7 97
4 89
9 85
6 89
1 31
6 49
5 68
3 30
2 61
4 49
2 28
8 49
2 10
7 9
5 63
1 39
3 17
3 26
8 22
7 98
10 42
4 50
10 82
8 65
7 52
2 26
10 71
10 58
1 94
5 24
4 13
5 9
8 11
5 50
4 32
3 72
3 31
2 43
2 45
4 87
3 82
1 39
7 100
8 27
2 26
10 13
7 41
5 24
3 91
9 83
3 69
8 41
2 35
4 93
