8 61
5 89
1 96
5 54
5 94
8 47
3 17
8 29
9 56
2 39
4 21
4 62
5 11
9 36
3 76
6 1
4 95
10 73
10 11
8 53
7 50
8 96
9 69
5 6
3 17
1 82
7 94
3 48
1 64
4 82
9 20
1 71
8 13
2 31
9 32
2 7
2 1
9 76
3 31
4 88
9 60
1 75
8 19
8 40
1 35
6 25
8 17
7 45
5 69
2 57
7 70
1 38
1 48
9 94
10 84
9 58
4 27
9 99
4 67
5 30
9 91
1 55
10 78
3 17
3 24
6 13
10 97
4 76
10 59
8 6
10 35
5 49
5 99
6 23
5 91
8 81
9 90
1 10
1 76
3 24
9 62
6 89
5 86
2 9
8 50
9 68
7 48
1 20
7 36
10 38
10 90
6 90
6 26
4 20
7 82
3 21
5 68
9 83
2 5
9 62
7 29
9 85
5 100
3 25
5 86
3 28
2 73
9 49
5 45
5 39
6 65
6 85
8 3
2 11
5 76
8 63
8 64
10 91
8 78
2 66
8 17
1 13
7 82
4 53
7 1
2 10
6 79
1 44
5 26
1 43
3 85
9 32
10 11
4 48
4 63
10 39
9 85
5 26
2 60
4 99
7 39
3 26
9 63
1 18
1 100
2 60
8 92
6 4
6 81
6 75
5 94
7 58
4 22
4 1
6 97
5 74
2 23
5 57
3 54
2 2
1 25
6 71
1 88
3 84
3 8
8 80
9 67
7 72
8 3
2 64
3 85
6 48
6 73
3 21
2 59
4 60
2 80
7 30
8 29
8 32
8 42
3 35
6 31
2 20
7 38
4 30
5 100
9 30
8 9
9 44
8 99
10 10
9 87
4 11
7 100
3 23
8 16
5 4
4 1
10 64
4 81
6 34
8 27
2 27
9 11
5 32
5 20
7 54
9 20
6 37
2 48
3 6
8 39
10 4
7 70
10 69
5 82
2 95
4 49
7 65
6 62
6 12
7 53
2 21
7 100
7 81
8 10
9 12
3 81
5 25
10 53
9 67
1 3
3 2
4 83
10 85
3 88
2 13
7 7
1 94
6 88
7 93
9 1
6 74
7 63
9 97
5 18
3 53
1 9
5 76
3 56
9 58
7 12
9 25
1 73
10 50
7 94
2 70
6 9
10 64
1 41
6 91
5 94
2 76
8 48
7 22
7 33
1 14
4 49
6 5
4 20
2 41
8 7
3 65
3 83
7 54
7 79
4 19
3 24
3 59
1 92
7 79
7 25
5 46
3 32
10 46
1 39
4 22
8 79
4 81
6 82
10 71
6 16
10 1
1 1
9 15
3 57
1 43
6 92
6 69
3 25
5 7
6 38
10 46
1 77
5 70
3 31
6 75
3 90
2 98
6 84
9 88
1 7
8 70
6 91
4 17
9 57
7 88
4 86
8 81
8 51
8 4
1 77
9 20
10 88
6 60
5 6
1 90
10 29
9 96
2 13
5 83
4 94
1 41
2 42
1 2
1 60
1 51
8 100
5 48
8 53
5 13
6 70
7 72
3 81
2 49
8 55
4 6
2 5
3 58
4 51
4 10
1 59
10 28
7 73
7 100
3 43
10 52
1 60
6 87
9 73
3 78
2 48
3 95
2 37
8 96
8 76
9 80
3 18
2 53
7 91
8 31
1 60
9 13
4 20
5 78
9 63
1 65
7 16
9 10
8 40
9 85
6 25
1 70
8 27
1 88
8 83
4 38
9 97
6 12
3 40
8 66
5 41
10 60
7 32
5 58
3 21
9 23
2 43
5 14
2 35
3 68
2 96
4 73
2 70
8 61
4 93
6 63
4 84
5 2
5 3
3 68
8 19
5 97
2 25
7 88
9 47
8 13
7 78
9 35
3 51
5 45
3 49
1 84
2 36
2 51
5 22
8 80
6 32
4 95
4 52
7 57
8 81
9 47
10 58
3 1
3 80
3 82
2 31
1 34
10 61
7 24
9 80
6 93
5 10
3 5
7 63
4 25
8 38
7 91
10 87
4 79
5 93
5 2
1 52
6 49
6 31
1 75
1 50
3 4
2 83
1 32
6 26
1 88
7 45
6 59
8 38
9 40
2 78
6 84
1 87
2 92
1 82
4 38
3 86
8 29
10 33
5 18
7 6
6 89
9 52
1 33
7 38
1 45
9 86
4 84
3 85
1 32
9 50
7 11
7 91
4 87
2 73
7 85
3 34
10 9
3 90
6 36
1 39
10 30
5 27
9 74
3 13
5 13
8 79
9 12
6 90
10 11
8 47
10 12
7 19
4 75
10 59
9 84
6 66
7 98
2 79
8 47
6 79
10 42
1 12
8 56
6 89
2 1
8 67
8 43
7 16
2 5
3 54
1 1
2 22
2 14
9 64
10 57
8 12
8 56
6 99
8 68
8 88
6 40
1 16
7 46
10 33
6 60
4 32
1 43
8 56
7 58
8 40
5 18
1 43
6 63
5 38
9 74
10 54
6 77
8 76
6 81
6 91
7 31
6 22
5 39
4 35
4 85
10 88
9 33
6 8
4 38
10 38
6 68
6 35
4 76
8 74
6 21
3 33
6 4
5 6
9 55
5 64
1 32
7 80
7 86
3 56
1 50
3 15
10 92
1 60
10 36
10 25
7 44
9 20
3 92
10 17
6 57
3 58
2 47
2 48
5 13
5 67
2 11
9 98
3 28
7 80
9 82
10 55
1 72
10 43
3 38
7 91
8 60
9 77
3 1
1 56
9 91
6 32
9 44
8 85
9 79
5 11
5 70
10 50
1 80
6 19
3 55
1 40
3 20
9 14
4 87
4 4
2 94
4 91
2 50
2 44
8 49
2 6
9 51
7 43
5 48
3 86
5 31
7 44
4 57
5 76
5 80
8 35
2 32
7 36
6 49
6 77
7 51
4 77
10 30
4 83
1 40
1 7
9 10
4 35
8 40
3 79
3 62
5 83
1 100
1 16
6 68
5 27
5 83
5 98
10 62
8 80
4 77
2 3
8 47
1 20
5 27
7 52
10 30
3 15
3 50
10 67
2 12
4 30
6 43
5 23
8 40
7 91
5 81
4 1
1 42
1 1
5 88
5 31
7 43
9 22
2 86
3 32
9 77
1 81
9 2
4 12
2 36
6 83
6 70
5 26
6 97
3 68
3 74
3 62
9 91
8 53
10 88
6 59
6 82
3 93
10 80
8 28
3 18
5 26
9 7
5 76
7 86
10 91
7 13
3 19
6 35
2 45
4 45
8 52
7 20
1 63
3 85
5 59
10 81
3 27
3 72
4 26
7 66
1 48
3 21
7 10
2 14
5 32
2 11
5 84
2 10
4 73
1 25
7 90
8 50
6 85
8 33
3 41
9 8
7 44
8 19
1 98
6 34
2 83
4 44
7 15
8 17
6 68
6 9
10 56
2 100
7 94
6 78
6 72
9 45
3 59
7 25
3 23
9 32
3 50
10 99
9 28
2 33
3 12
3 23
3 6
8 44
7 48
4 4
6 24
10 93
9 53
4 57
1 74
10 79
8 29
3 56
9 71
8 70
4 5
8 25
7 31
2 30
7 73
3 17
10 92
7 71
6 82
7 2
1 74
7 61
4 59
6 67
8 17
3 11
4 55
1 78
4 67
8 78
10 99
9 95
6 72
4 56
8 34
9 44
10 8
6 91
9 26
1 17
5 13
10 29
4 38
7 54
5 51
5 63
7 91
6 93
5 53
10 100
8 77
8 19
2 15
8 40
8 45
5 60
8 71
7 67
5 70
1 21
8 10
9 30
5 97
5 83
2 66
9 90
10 62
1 19
2 83
2 29
3 47
8 34
9 40
2 74
6 78
3 51
4 53
3 14
3 37
10 34
9 64
1 63
9 7
8 32
9 37
8 14
4 21
10 34
4 7
2 62
6 16
9 61
1 35
9 48
8 75
6 96
6 86
6 67
6 66
9 27
7 96
6 78
2 72
2 20
9 5
2 11
5 98
10 74
10 92
4 72
4 11
7 67
5 68
6 13
6 5
5 67
7 73
10 42
7 2
9 76
6 17
8 56
3 1
8 25
5 33
1 13
10 20
7 93
10 7
3 98
1 86
1 24
10 91
6 18
5 24
9 74
9 16
4 69
7 14
6 20
8 5
8 88
2 24
5 44
9 70
8 5
1 74
3 78
2 82
6 70
9 66
4 19
6 93
5 8
9 83
4 43
9 25
8 25
5 21
8 91
4 46
6 20
7 1
7 13
3 71
5 33
8 80
7 45
9 100
8 79
10 13
6 24
6 28
1 99
7 85
4 91
10 58
1 28
2 87
4 93
7 81
4 43
3 90
10 22
2 22
8 15
10 28
5 56
5 22
10 87
7 10
7 34
6 66
5 80
6 56
8 83
8 69
5 14
3 36
1 85
5 26
1 51
10 59
10 12
8 32
9 41
3 17
6 50
10 59
2 2
1 4
1 14
4 50
6 20
8 9
3 74
7 4
7 80
