5 14
10 23
8 71
10 23
8 6
7 68
2 52
5 34
9 53
2 34
1 21
3 53
8 55
4 58
7 92
2 48
5 20
1 45
3 62
10 31
6 17
1 87
5 47
6 28
10 89
9 74
4 22
10 69
3 39
6 62
5 80
7 44
9 96
7 31
8 50
8 79
9 55
1 100
3 21
2 27
10 67
7 16
5 70
9 90
8 17
4 77
6 96
3 87
8 24
2 31
10 91
2 70
4 18
8 87
8 81
1 67
1 6
8 34
5 94
5 73
4 81
2 65
4 81
2 52
5 78
5 8
2 86
4 97
2 60
10 53
2 39
7 59
7 85
3 27
5 41
4 82
9 6
2 57
1 90
4 56
3 96
10 2
9 70
9 96
6 42
5 92
8 83
5 68
3 29
3 43
4 19
8 84
6 62
1 81
10 99
9 87
3 64
3 49
6 23
10 11
5 64
6 58
6 11
2 21
7 79
2 54
6 93
2 80
9 80
3 13
1 9
2 37
8 59
4 34
1 86
5 9
9 10
7 22
5 8
6 55
5 33
10 81
1 2
8 77
6 67
8 17
7 95
5 29
9 17
9 87
2 23
9 15
5 24
9 91
7 24
9 62
10 76
7 31
3 43
7 56
4 9
5 18
8 45
7 23
10 50
1 62
9 84
8 84
7 86
5 48
5 58
1 50
3 68
10 15
7 67
8 41
2 80
9 51
9 68
5 25
8 90
7 74
6 44
3 93
10 84
5 10
9 47
6 70
1 21
10 3
2 98
9 47
1 17
10 55
2 80
9 33
7 89
8 43
10 8
1 82
6 30
9 78
6 94
2 47
7 46
3 38
10 21
9 32
8 52
2 56
10 43
7 7
6 35
4 69
9 26
4 46
2 15
7 25
9 11
2 76
10 37
9 4
10 19
8 33
6 85
2 6
8 8
2 16
5 75
6 60
10 90
4 99
10 17
2 85
4 71
8 38
9 57
5 38
2 1
9 61
4 44
2 83
10 48
3 56
1 19
5 84
3 2
2 74
1 6
5 96
5 73
7 13
5 21
4 54
8 78
7 18
6 65
9 16
10 49
7 87
9 25
6 22
3 9
1 98
7 71
6 73
8 70
10 65
5 54
8 14
6 62
10 21
2 16
3 50
4 35
10 48
4 95
10 5
8 52
9 45
5 33
3 44
1 93
7 37
5 17
9 53
5 90
8 21
3 48
8 68
6 100
4 60
3 83
8 45
2 61
9 35
8 54
5 22
2 55
7 61
10 4
7 11
9 93
6 3
8 35
3 42
10 39
4 83
7 54
3 54
5 28
8 50
1 79
4 73
1 55
5 23
10 88
7 4
9 8
1 39
8 19
7 72
6 17
9 4
9 40
8 60
5 48
2 20
5 60
8 87
3 37
7 89
10 9
10 20
3 34
1 36
7 42
6 94
7 8
7 8
6 17
2 91
10 49
1 34
9 16
8 95
7 74
7 56
6 79
10 88
7 19
9 15
10 42
2 48
4 44
6 10
5 29
7 36
2 47
10 63
10 1
1 17
3 45
8 51
3 66
7 34
9 12
7 44
2 44
4 99
1 3
10 80
3 56
8 54
3 39
4 92
5 10
9 33
4 46
7 47
6 50
2 56
10 68
4 14
6 84
4 17
7 20
5 64
1 10
1 12
7 57
5 57
5 26
10 75
5 78
4 96
6 18
2 25
4 96
3 54
5 50
7 24
4 48
3 58
4 70
8 28
3 12
2 73
6 27
3 31
2 29
9 57
1 16
3 29
4 35
4 32
10 34
3 39
7 29
9 91
9 78
10 38
2 76
5 5
9 63
6 34
6 93
7 19
1 42
5 24
4 45
8 19
9 32
8 90
4 47
5 91
4 80
10 16
6 74
1 40
6 55
4 15
9 64
7 86
5 54
10 75
4 19
9 32
4 4
1 82
10 93
8 6
2 1
8 27
4 21
5 28
8 72
2 74
5 82
7 33
4 74
1 68
5 93
5 18
8 97
6 17
5 67
5 31
3 26
6 28
7 25
3 59
9 100
5 31
4 86
6 17
5 27
7 69
7 53
9 39
4 17
10 41
7 34
2 79
10 37
1 90
3 35
6 69
10 20
8 46
5 92
3 98
5 17
6 17
1 73
2 45
6 66
10 77
6 77
10 1
7 31
3 85
1 55
6 31
10 68
4 47
2 17
6 31
6 8
10 100
9 61
3 48
10 78
4 81
2 48
10 10
3 36
6 45
1 35
5 65
10 99
10 55
10 16
9 9
4 52
3 14
4 72
8 29
3 71
2 5
5 60
4 38
7 40
5 74
3 9
8 51
6 91
7 100
3 94
3 83
10 29
4 19
2 42
9 88
4 50
2 73
5 92
6 28
10 50
1 81
9 89
8 88
10 83
6 40
8 98
7 15
4 63
8 28
3 36
7 57
2 15
7 45
10 77
5 77
5 100
2 80
3 62
5 77
1 38
7 22
3 4
9 87
7 29
5 56
9 61
5 71
3 90
10 22
8 38
6 29
1 13
6 53
9 36
2 38
4 18
7 38
5 41
8 23
7 69
8 54
2 98
4 67
2 39
7 27
9 92
5 19
5 12
3 23
9 56
8 2
6 65
3 77
4 32
5 16
5 37
9 88
4 50
2 56
8 54
2 75
3 74
8 61
4 6
8 54
7 49
5 50
8 92
10 33
4 46
10 86
5 30
2 61
9 5
7 96
10 3
5 28
7 76
6 48
7 60
4 54
3 52
4 53
2 47
9 48
3 10
3 17
6 37
4 98
1 24
6 44
6 61
5 22
1 83
8 27
7 72
3 99
1 68
5 28
2 78
9 49
10 37
9 96
10 8
1 77
2 26
3 87
3 34
5 91
4 54
1 12
9 71
9 22
1 93
6 91
9 1
7 99
9 97
1 28
9 72
4 16
9 15
3 63
5 12
1 24
8 37
1 99
3 65
7 65
1 96
3 21
2 4
8 25
3 25
3 36
6 93
1 13
9 52
3 29
3 88
10 2
4 21
4 30
10 70
10 98
5 32
4 80
6 3
9 48
10 58
2 18
10 47
4 86
6 9
5 28
10 43
2 52
4 86
1 3
2 78
2 48
2 49
3 77
9 30
10 73
3 14
7 55
4 33
10 18
3 77
8 85
1 15
3 30
1 87
5 38
2 72
3 59
8 12
5 63
2 28
4 49
10 61
10 46
5 97
4 50
10 100
6 64
9 9
4 84
4 72
8 97
10 22
3 88
8 93
1 48
8 43
3 98
5 42
3 93
5 98
10 32
10 74
6 49
8 33
7 42
1 49
10 74
1 11
7 97
3 75
3 5
8 45
9 34
8 37
7 57
2 23
2 30
7 4
3 35
8 62
7 9
10 3
3 81
2 74
8 40
1 2
5 61
4 7
3 68
9 51
5 21
1 74
5 66
4 50
5 50
4 94
2 11
5 62
1 43
4 100
8 71
3 23
5 1
10 78
7 24
2 95
5 66
1 73
5 90
5 99
6 36
6 24
6 66
4 96
8 16
6 90
1 76
4 69
7 17
5 92
4 99
3 53
4 8
5 53
5 77
8 3
5 43
2 23
8 97
5 48
7 36
1 38
6 94
6 44
9 36
3 30
9 51
6 18
4 46
9 14
7 47
3 46
7 7
1 21
9 12
4 67
5 90
2 69
10 90
7 9
8 23
2 80
6 66
7 41
3 30
10 16
9 76
2 46
8 82
1 48
7 91
6 35
7 19
8 51
9 10
3 43
5 18
2 73
3 87
7 43
3 73
4 39
10 57
5 64
7 98
5 90
2 39
8 48
6 71
10 48
5 68
4 75
6 60
9 87
4 14
7 19
2 54
10 79
2 77
4 90
4 84
10 81
1 74
6 89
7 17
3 68
4 46
8 56
5 22
4 37
2 91
3 82
6 91
2 56
4 87
5 83
2 55
3 86
6 14
7 6
5 98
2 90
3 62
5 46
8 56
5 94
7 86
10 87
6 76
1 61
3 25
4 92
10 80
10 5
7 78
5 27
2 41
10 88
7 35
10 2
7 37
8 80
2 71
2 38
5 31
8 24
9 42
8 28
8 58
9 18
9 30
5 37
9 55
10 92
2 45
2 67
6 18
10 77
6 7
8 92
6 42
2 3
10 83
9 67
3 7
3 1
9 66
9 36
9 40
2 32
4 29
1 14
4 91
1 54
8 1
4 36
3 57
10 64
2 66
10 6
1 37
9 81
7 62
2 63
6 44
5 70
8 9
10 2
7 39
8 24
1 41
5 51
8 46
7 61
2 73
5 4
4 28
8 92
1 83
10 46
10 6
1 35
8 39
1 24
4 71
3 49
2 51
5 72
8 59
2 27
3 22
5 18
3 86
3 12
4 95
1 82
5 23
6 75
10 42
9 63
8 91
9 46
7 55
6 71
2 20
10 2
3 83
10 15
9 48
5 51
3 48
1 78
5 42
1 18
7 93
2 63
9 78
4 31
8 89
2 25
6 63
