9 30
1 1
5 76
6 39
7 86
1 19
5 33
4 74
9 77
9 27
3 88
10 20
4 69
5 92
8 61
8 10
5 28
3 81
6 84
9 12
10 66
2 13
2 74
10 1
7 27
2 54
5 31
6 98
7 99
7 64
3 76
7 73
2 24
7 5
3 75
9 23
2 44
7 7
5 91
7 28
9 5
4 11
1 88
2 11
7 94
2 45
2 41
10 20
4 1
9 19
7 69
9 80
3 96
4 17
2 88
3 37
6 58
6 28
6 54
6 28
5 84
8 57
7 76
4 64
5 54
1 81
6 91
10 94
9 5
4 20
1 90
8 12
7 81
1 75
2 41
6 8
5 54
8 7
2 30
8 40
6 45
6 49
5 57
6 1
3 73
5 18
4 61
4 2
1 63
7 62
8 58
6 20
9 53
6 15
5 42
10 69
10 44
8 49
10 62
3 47
7 47
5 41
7 51
5 23
9 5
8 71
3 32
8 32
2 59
9 62
8 20
5 3
8 24
4 84
9 6
8 78
7 34
1 20
6 71
10 71
4 89
5 93
1 67
6 39
2 45
6 90
9 29
1 69
2 77
6 86
6 65
4 70
8 4
10 67
9 38
8 37
7 24
3 25
4 64
5 66
7 23
7 5
8 84
10 93
1 91
8 39
3 97
3 65
10 15
10 58
1 94
4 50
1 58
8 49
8 34
6 65
7 8
2 22
4 58
6 4
7 74
5 96
4 87
10 17
6 73
3 86
3 39
9 6
9 23
4 3
5 34
9 67
2 98
5 1
2 50
3 41
1 34
1 88
9 53
5 75
9 84
6 5
1 52
2 52
4 43
3 89
9 83
10 97
7 16
9 38
6 17
7 30
5 7
3 58
2 22
7 26
10 21
3 9
4 25
10 9
9 9
8 37
8 57
7 87
10 93
4 5
9 98
5 59
2 88
6 28
9 51
7 47
5 40
2 89
2 66
1 72
7 95
10 26
3 21
6 100
3 3
7 14
1 81
2 90
9 11
8 29
5 7
9 33
4 13
10 21
2 92
4 66
3 27
9 32
1 18
1 9
5 72
9 14
7 51
7 97
3 22
1 30
6 66
2 58
6 64
4 13
8 23
2 47
1 75
7 40
2 21
7 26
2 9
9 44
5 11
10 8
7 27
9 13
3 69
4 68
8 4
10 41
5 14
9 15
10 89
5 12
3 25
8 46
3 7
6 12
8 6
1 17
10 12
1 20
8 7
5 27
7 95
4 66
5 5
3 5
10 18
7 78
4 7
9 38
8 8
7 14
6 27
3 90
3 30
8 25
10 69
4 69
2 39
3 46
10 97
10 54
3 90
9 41
4 30
7 50
2 93
2 82
3 94
7 63
3 93
4 94
7 98
2 55
6 62
2 63
6 89
6 89
8 93
10 96
7 2
2 57
3 98
3 60
5 84
3 22
7 1
3 2
2 27
8 28
6 66
9 8
7 57
1 43
7 79
5 10
2 56
1 36
6 30
3 89
2 36
7 64
5 82
3 49
10 23
4 98
4 72
6 69
1 90
2 92
2 80
4 24
3 47
5 62
8 75
9 71
2 39
4 12
4 80
3 92
3 94
2 82
8 9
5 90
2 59
1 19
2 92
7 71
4 99
8 64
6 12
1 12
3 28
9 40
2 91
10 5
4 33
7 84
3 83
1 24
8 45
1 1
6 11
7 44
7 17
8 14
5 100
9 11
7 27
2 65
2 10
8 74
2 47
4 63
1 63
7 9
3 11
9 70
3 92
1 2
6 80
4 96
2 89
3 4
4 69
4 7
6 19
6 58
5 28
10 4
7 56
3 91
7 26
9 6
10 25
7 72
7 21
4 21
8 85
2 48
2 17
6 89
5 72
8 89
9 37
9 22
5 96
9 65
4 29
4 84
4 52
9 24
4 19
5 94
4 69
1 49
2 88
2 76
1 3
4 39
2 90
9 18
10 98
7 11
2 96
10 24
4 34
10 66
7 95
2 94
5 41
8 1
10 13
10 3
3 2
9 76
6 69
3 68
4 6
2 65
10 8
9 92
6 92
2 32
8 60
9 3
4 69
3 95
5 72
1 32
3 78
5 84
2 69
1 64
10 59
1 63
4 8
1 34
10 48
1 28
7 14
1 46
6 89
5 2
7 78
8 60
8 39
9 28
7 67
4 49
3 2
10 82
7 64
2 86
5 95
10 36
8 66
2 30
3 37
8 85
7 82
3 98
7 53
1 23
9 57
3 84
10 80
5 53
8 77
10 14
7 65
5 42
8 75
7 53
6 85
2 13
5 73
9 44
9 84
7 61
3 15
6 72
10 47
9 63
3 79
2 4
4 29
8 73
9 86
3 96
5 17
1 19
2 58
4 47
9 100
10 26
7 3
6 14
8 76
3 98
9 53
1 60
7 81
9 1
6 78
4 94
1 52
3 60
3 37
3 54
2 16
9 34
8 24
1 66
7 47
9 2
5 11
8 56
2 28
6 70
4 11
2 44
6 64
8 62
4 99
3 39
1 50
6 57
8 55
8 83
10 56
1 41
9 69
5 58
2 45
7 65
1 30
6 34
7 35
6 27
7 63
8 79
6 72
9 52
2 86
6 14
10 27
9 76
1 72
8 38
8 42
3 32
4 66
9 63
1 22
2 22
10 6
9 9
9 8
3 53
4 45
7 83
7 80
2 56
3 52
6 6
9 45
4 69
10 56
5 32
5 5
1 19
5 63
2 19
5 92
10 6
6 6
1 58
6 2
9 48
7 63
1 47
6 43
6 79
7 47
7 25
4 73
8 87
10 83
9 30
4 77
5 58
6 60
9 34
9 3
4 91
7 28
6 20
10 96
8 46
4 79
4 6
3 84
4 24
3 45
5 17
4 79
4 49
10 96
8 35
5 21
1 68
5 72
4 47
6 53
4 10
2 37
8 74
3 79
6 84
4 93
3 65
4 46
3 12
4 60
4 31
10 58
7 4
10 61
9 97
1 92
10 76
6 52
7 13
1 33
8 58
1 16
7 62
10 10
7 17
6 76
6 20
9 8
7 60
1 87
6 26
4 65
8 18
3 13
8 53
4 60
10 86
3 1
6 71
1 43
9 74
8 71
6 42
8 84
1 61
10 45
5 21
4 70
6 70
3 15
6 92
9 99
9 44
7 88
9 57
2 21
1 30
2 41
7 47
2 34
3 45
10 19
9 83
6 58
8 15
10 87
9 10
1 65
10 88
1 98
4 24
2 36
3 32
8 63
2 77
3 70
3 66
2 57
4 11
5 44
4 97
10 51
2 61
9 24
9 86
8 3
4 79
2 51
2 31
6 40
5 48
6 96
4 3
8 92
7 2
2 42
4 92
4 2
3 95
4 26
6 7
4 65
1 31
9 72
2 44
2 84
5 2
4 60
5 36
9 76
9 64
5 90
4 52
5 21
7 48
6 24
6 86
3 55
5 80
8 1
9 16
9 64
8 25
2 46
8 22
9 36
6 77
1 82
6 10
7 26
9 49
6 50
5 71
1 86
4 49
8 7
4 84
3 63
8 89
1 81
3 39
4 12
7 8
5 4
8 96
5 41
5 6
10 17
5 70
7 4
10 31
2 42
10 2
3 58
8 7
4 51
7 29
6 53
8 6
4 41
7 76
5 93
6 75
4 91
9 39
9 12
9 62
1 6
3 52
4 60
7 11
2 70
6 7
9 2
9 78
8 57
1 53
6 94
4 63
5 76
4 34
10 15
8 33
6 11
9 73
6 30
10 89
1 4
2 72
3 91
7 33
4 64
8 27
4 57
5 51
7 82
6 32
8 68
2 81
2 57
9 42
2 50
7 8
8 67
5 43
2 13
5 51
6 34
3 79
8 81
2 19
6 92
3 15
5 96
8 90
2 92
9 37
3 79
4 77
7 48
3 77
4 75
4 27
9 99
5 15
8 14
10 70
5 22
2 9
5 2
10 43
4 44
3 83
1 47
4 12
3 31
4 15
5 10
4 43
8 74
10 81
4 9
1 69
3 87
5 97
10 18
4 1
9 28
2 29
8 42
10 88
2 72
10 94
1 69
1 100
4 57
8 75
8 94
4 35
3 36
5 91
3 85
7 83
5 34
1 34
8 60
1 38
5 51
9 88
2 89
6 57
8 14
8 55
8 23
4 33
6 14
2 52
4 18
9 59
1 88
4 54
7 46
3 81
2 4
1 87
8 73
10 100
9 59
6 32
10 23
3 27
9 39
2 98
6 58
10 63
1 36
9 89
7 95
6 26
2 86
10 26
3 9
6 21
4 14
2 46
4 51
6 41
9 96
6 27
7 60
4 55
6 4
3 67
8 72
7 77
3 79
8 62
8 2
8 10
1 20
3 94
8 29
3 18
6 65
7 49
1 61
6 12
5 45
6 5
10 40
2 70
4 5
8 21
1 67
6 13
3 29
4 94
1 29
2 43
7 90
7 66
3 95
10 62
3 51
9 37
3 80
8 68
10 66
10 60
9 77
9 75
