8 99
2 41
1 7
2 53
3 23
6 83
10 80
8 71
5 20
9 80
1 91
4 14
3 1
9 96
10 30
9 59
10 92
3 66
9 48
7 80
10 88
1 40
10 73
9 47
10 53
9 42
6 76
6 10
3 85
10 20
2 69
7 63
8 31
8 5
5 58
4 19
6 72
9 52
10 36
3 41
3 48
5 54
3 69
6 57
9 95
10 97
8 60
5 22
3 30
7 52
4 22
9 30
8 53
7 90
4 9
9 30
3 91
5 25
7 85
1 17
8 3
1 93
10 8
5 4
6 47
8 49
10 51
1 60
5 53
1 58
10 33
4 81
4 92
8 40
10 60
9 27
9 17
9 94
2 37
4 60
2 64
10 10
4 46
2 14
6 93
7 76
4 31
9 24
4 1
2 30
9 7
6 34
9 73
7 22
6 53
5 3
5 47
1 1
1 26
5 16
8 9
7 88
4 95
1 20
2 63
4 91
8 89
9 11
10 10
3 71
10 31
6 25
5 53
4 1
7 39
2 33
4 33
2 79
2 86
6 4
6 87
10 15
7 19
3 98
7 82
3 56
1 24
3 65
9 18
4 59
8 10
9 62
7 97
9 39
1 91
9 25
3 47
10 58
2 12
8 34
6 3
2 46
8 86
1 84
4 82
9 81
4 55
4 23
8 57
2 18
2 95
2 71
7 15
5 77
3 12
1 40
4 62
10 87
3 29
7 85
2 65
9 16
9 84
4 31
4 89
2 31
9 9
4 25
5 5
5 54
8 44
9 48
9 95
1 17
5 96
9 29
9 19
10 85
6 35
1 19
6 49
5 54
9 62
2 72
1 60
3 87
3 56
2 5
2 59
7 86
7 19
4 64
2 67
3 87
6 68
7 71
5 56
3 27
9 1
8 16
10 44
8 23
6 10
4 4
2 60
10 44
9 74
7 26
2 47
5 6
9 22
2 46
4 52
7 95
9 50
1 20
1 36
2 46
2 72
10 9
4 2
8 42
4 90
4 74
4 26
8 54
3 61
1 89
4 63
7 36
6 82
7 1
7 78
7 72
9 62
7 79
5 87
10 20
4 11
5 45
4 59
2 56
4 34
5 96
1 2
6 64
10 56
2 35
5 60
7 46
8 87
7 35
8 6
6 35
1 80
9 78
7 91
10 74
1 96
3 50
2 21
10 46
3 49
10 25
6 75
9 26
1 87
3 60
6 67
6 65
6 9
3 26
3 99
10 14
4 7
3 96
7 52
5 90
5 68
7 40
9 64
6 2
7 79
9 60
10 5
4 4
7 15
1 77
1 1
6 42
4 20
5 34
4 55
2 56
3 53
5 96
5 57
10 29
10 54
1 97
1 14
9 82
9 25
8 7
5 38
8 20
1 38
4 59
8 82
8 45
7 13
5 72
9 79
7 95
7 44
5 87
6 80
10 33
6 55
1 11
10 18
2 87
6 14
9 12
3 33
7 91
4 91
2 25
10 53
8 72
9 6
9 67
10 68
7 24
10 74
10 98
1 1
7 40
5 59
5 32
1 48
5 4
2 32
1 63
5 85
9 25
8 28
9 85
1 30
5 100
1 17
1 19
9 42
4 45
4 46
10 25
3 6
5 99
6 59
6 93
2 38
10 76
9 76
1 49
8 50
8 23
1 49
7 75
3 99
2 92
3 46
6 69
2 61
7 24
4 64
9 68
8 60
8 19
1 8
5 2
3 64
8 39
9 29
1 78
10 42
10 35
8 23
4 40
9 67
6 95
1 12
2 7
1 58
8 36
4 48
1 13
9 76
8 34
9 54
1 7
1 45
8 32
1 26
3 47
3 22
2 12
5 42
10 72
1 94
4 69
2 67
6 81
10 46
2 14
10 35
9 79
5 74
6 66
4 58
5 6
5 68
9 84
2 51
8 97
5 38
4 38
2 5
4 20
5 54
7 38
10 84
4 54
1 7
5 58
1 15
10 81
6 74
10 85
10 54
5 46
5 31
3 69
1 87
4 43
4 63
6 54
3 30
5 43
10 42
3 22
4 62
9 27
6 40
8 81
6 51
6 84
9 37
5 71
1 68
1 37
9 11
10 11
8 100
8 67
9 44
10 63
9 39
1 1
10 58
1 19
2 55
9 31
8 8
3 65
4 89
1 36
5 8
8 3
1 86
8 74
10 93
7 10
3 81
2 98
4 52
3 3
3 73
8 63
7 84
1 22
2 57
8 17
6 15
9 4
5 77
10 79
2 93
4 78
10 96
5 87
3 86
3 21
9 62
7 59
5 9
3 81
6 28
7 79
6 57
1 81
9 13
10 43
7 52
1 55
1 96
3 4
3 95
7 70
1 73
3 4
1 99
10 65
4 19
5 23
3 44
2 86
3 5
3 62
10 73
4 89
4 14
8 96
3 29
6 68
7 38
5 69
4 38
9 87
1 85
2 53
9 73
6 51
2 53
1 31
1 2
5 36
10 58
2 80
7 70
4 73
3 30
6 87
7 9
6 24
9 55
7 1
3 56
5 96
7 57
6 51
3 2
6 1
3 86
10 44
8 68
5 44
5 65
10 58
1 46
3 93
1 96
1 66
5 29
7 22
2 22
2 78
3 76
6 54
2 13
7 80
2 1
2 93
1 37
9 97
7 3
5 100
1 76
8 20
5 99
4 11
7 20
9 79
2 21
5 49
6 92
3 75
10 46
1 100
9 48
10 62
3 21
4 99
7 68
2 49
6 24
3 77
6 89
9 91
1 22
5 77
7 37
5 17
5 35
7 49
1 54
2 26
10 53
3 93
7 3
6 71
1 15
4 31
9 44
3 70
3 37
9 66
1 16
8 8
4 4
7 85
7 14
10 36
2 61
8 26
5 38
9 74
3 79
1 1
3 18
6 39
3 71
9 56
10 64
8 62
8 97
6 94
9 68
10 50
4 10
1 11
1 52
9 36
6 49
9 15
1 77
8 47
8 80
5 80
8 45
3 87
8 54
9 62
10 97
8 64
10 20
9 74
1 53
3 19
7 34
6 42
9 97
7 21
3 76
7 32
9 80
2 49
7 3
7 32
7 28
3 44
9 98
5 77
3 6
4 48
5 52
10 88
6 69
5 11
7 58
1 10
5 8
4 10
10 35
8 16
4 53
4 60
2 54
7 74
5 58
8 90
3 60
10 59
1 93
8 90
9 48
5 25
4 25
7 2
8 92
2 94
8 73
5 93
2 79
1 43
1 70
9 58
1 54
5 14
2 9
6 13
6 45
7 77
6 52
6 83
7 24
7 59
9 80
10 98
9 12
10 39
1 65
10 31
3 46
4 9
2 98
6 6
3 32
10 30
6 28
4 19
2 17
3 73
8 52
2 84
9 75
8 87
8 84
4 3
6 40
2 64
9 8
7 66
8 19
5 80
9 2
3 46
3 1
4 98
5 92
8 99
3 38
5 85
10 37
7 76
9 23
5 67
1 86
9 12
10 16
9 64
7 69
9 22
3 53
8 37
5 21
3 82
2 58
6 55
4 35
10 98
1 57
7 19
7 68
2 34
9 8
9 40
9 17
9 92
6 97
10 70
2 33
5 78
1 44
8 99
4 63
1 11
3 81
10 98
1 55
6 33
6 63
8 94
3 39
6 11
9 57
2 33
6 75
2 59
7 50
5 11
1 4
4 92
1 10
8 22
2 86
7 72
7 69
6 93
5 27
10 13
5 85
2 39
7 68
9 60
2 89
7 38
3 99
9 16
7 65
4 38
6 17
3 69
3 22
3 65
2 35
7 47
9 5
1 14
3 47
3 82
2 81
3 80
9 2
10 21
6 39
2 42
9 97
9 97
3 2
4 98
6 97
8 5
7 41
10 52
10 65
4 96
4 21
5 30
4 16
1 8
7 74
3 46
7 30
1 71
2 77
6 41
4 41
6 26
5 80
9 88
6 1
4 28
9 23
1 14
4 38
10 45
9 47
3 11
2 54
6 92
7 51
9 80
8 62
10 83
2 64
10 58
9 75
3 67
10 90
2 38
5 31
1 47
6 26
6 23
5 47
9 4
9 63
1 21
8 48
8 39
3 27
5 58
1 44
5 92
9 65
1 93
9 44
2 27
9 3
1 8
4 1
8 14
1 99
9 99
4 8
6 60
9 75
1 44
8 76
2 61
3 6
8 43
2 68
8 100
8 25
10 69
4 75
2 3
6 65
7 94
4 13
7 71
1 70
3 44
7 65
3 83
3 75
5 92
4 95
3 87
3 86
4 70
7 13
7 7
9 38
3 62
10 24
6 39
9 49
5 35
10 81
9 2
6 77
5 80
7 14
10 88
7 73
1 83
5 100
9 13
1 6
2 84
4 44
2 34
7 92
9 56
4 12
8 45
2 52
2 47
6 28
2 27
8 25
9 4
5 15
4 98
5 50
5 30
7 61
5 21
2 35
2 87
3 68
8 69
9 56
5 94
10 5
1 15
6 92
3 58
7 31
4 14
9 8
10 86
7 48
1 91
3 30
2 36
6 4
3 85
