2 50
9 98
8 75
8 76
10 15
3 66
9 29
7 9
3 99
6 2
9 72
6 77
6 29
3 68
9 2
3 5
7 92
3 13
7 73
9 60
6 72
6 33
7 90
9 14
3 30
2 4
2 14
5 67
9 18
1 81
10 83
2 46
3 64
6 12
8 28
4 68
3 42
9 29
3 26
10 8
3 17
4 22
6 87
10 15
4 49
9 79
7 83
3 58
3 100
9 80
2 41
1 60
2 15
7 72
1 80
8 67
6 10
10 46
8 36
10 44
6 74
1 56
2 12
4 89
9 6
1 58
5 59
2 4
7 60
10 65
1 85
7 14
2 23
8 54
4 81
9 78
2 25
4 94
5 5
5 30
4 56
10 77
7 47
1 15
4 70
4 48
3 40
7 3
9 90
2 93
2 61
1 51
9 13
3 35
4 55
5 50
3 48
2 45
10 64
6 69
4 83
9 6
7 66
10 79
2 5
10 7
4 36
7 13
7 72
10 25
5 45
9 13
5 23
6 62
3 91
5 40
4 68
7 5
1 49
6 49
1 5
8 56
4 75
8 81
7 12
7 3
8 64
4 22
5 5
3 84
1 26
5 86
5 1
1 47
7 16
2 63
5 82
5 20
4 77
4 86
1 79
1 18
5 87
7 26
10 38
1 67
8 16
7 91
10 21
3 95
2 1
2 94
10 60
9 12
6 98
10 5
4 71
9 84
1 51
6 68
5 62
4 64
6 2
3 21
10 6
9 17
9 36
9 9
7 55
8 78
4 55
1 94
8 21
5 15
5 10
1 42
7 73
8 93
2 22
1 14
10 19
4 9
2 57
6 77
10 10
4 40
4 39
5 60
10 25
1 93
7 23
10 77
1 74
2 24
1 52
10 6
10 63
1 91
6 37
7 46
10 59
2 81
8 47
6 28
9 27
9 72
6 47
10 64
3 15
3 24
7 23
3 87
6 36
4 51
8 79
1 83
2 9
3 89
6 78
5 97
4 27
8 71
4 64
8 21
8 71
1 9
7 75
3 27
5 4
5 98
8 24
2 81
5 47
3 20
4 8
3 97
10 21
7 34
9 42
5 77
6 57
4 96
6 21
4 50
7 60
4 95
5 3
4 68
6 51
3 79
3 58
10 78
6 77
8 54
8 36
9 39
10 86
5 15
4 20
8 70
1 85
6 6
7 25
1 31
10 75
3 88
7 56
1 60
9 46
9 85
3 98
6 61
10 54
4 44
2 44
6 77
3 33
6 23
8 89
7 11
2 12
1 33
7 88
6 5
2 86
5 93
1 85
8 24
5 86
1 62
2 10
9 31
10 1
8 98
10 7
4 44
7 98
10 29
10 44
8 43
6 51
4 92
8 56
5 51
9 84
5 49
1 53
1 65
8 36
9 71
7 28
7 29
6 61
3 72
8 8
8 46
4 79
4 48
6 23
7 80
10 13
9 29
3 70
7 39
10 12
3 91
7 27
3 47
10 37
8 14
8 71
6 35
7 84
2 36
1 3
3 32
7 72
7 46
3 100
5 49
9 12
10 88
10 61
2 45
2 14
5 67
7 69
1 86
9 75
9 73
3 59
7 30
4 3
5 44
5 72
7 94
6 44
5 32
4 73
9 97
4 3
1 80
3 27
1 27
1 100
7 29
8 44
4 23
7 93
4 60
9 1
1 3
2 79
6 2
5 19
9 37
5 86
8 3
8 24
2 29
3 79
2 86
6 97
3 99
1 5
3 93
1 39
1 11
4 39
4 42
3 88
3 57
1 34
2 18
10 28
1 41
10 76
1 66
2 79
6 1
5 65
2 79
5 79
7 88
5 78
5 61
2 11
6 70
7 10
4 8
5 36
1 18
6 31
3 47
10 57
10 2
5 63
5 86
3 68
1 31
10 17
5 37
8 93
3 68
5 91
1 41
3 96
10 41
6 51
10 24
1 47
8 10
7 17
3 18
3 14
9 71
8 8
7 68
10 41
3 23
10 22
1 46
10 35
5 74
9 66
10 34
9 38
6 48
2 9
10 43
7 62
7 2
10 11
1 4
6 23
6 2
7 81
2 49
6 57
5 85
10 70
6 83
8 29
4 54
6 68
2 74
1 56
6 53
9 50
8 51
9 68
10 6
3 97
4 64
1 54
4 81
5 49
6 44
1 56
3 5
9 30
10 81
4 23
8 47
3 13
3 88
9 39
1 6
9 18
6 69
10 47
4 63
10 37
6 2
8 68
5 80
10 15
8 2
4 47
2 69
1 24
4 72
7 1
1 51
6 16
1 14
2 20
8 50
6 55
7 12
8 53
9 24
3 39
4 28
10 8
1 83
3 18
9 93
3 81
4 81
5 18
7 2
5 95
3 75
10 88
10 18
8 53
4 4
7 37
8 55
2 15
7 21
2 45
4 69
5 40
9 8
5 18
10 38
8 55
2 38
2 78
3 76
4 47
8 34
10 3
8 40
7 52
4 62
6 100
4 98
9 5
5 55
1 51
3 28
3 45
5 38
4 25
10 42
4 4
8 71
3 67
10 85
7 70
9 75
2 54
8 94
7 76
10 7
2 4
9 85
2 91
2 25
1 91
3 17
2 10
2 43
10 43
7 28
5 93
7 59
7 84
10 36
1 66
10 79
9 99
4 82
1 17
10 100
10 11
1 87
6 81
5 41
2 9
3 99
6 17
10 7
8 86
8 32
9 30
10 84
4 58
4 46
1 53
10 66
4 69
5 54
6 11
10 50
8 95
6 4
6 75
9 99
10 97
7 79
7 76
1 34
10 82
3 37
2 50
2 13
1 72
5 37
8 3
7 86
9 35
7 46
3 39
5 78
6 47
5 59
7 69
8 72
5 67
6 91
1 1
6 45
10 38
1 64
10 2
4 76
10 30
6 94
7 48
2 57
3 16
10 42
3 12
7 51
10 93
8 52
2 44
1 20
7 77
6 99
6 26
8 49
6 36
7 42
8 22
8 4
4 90
5 31
3 14
2 43
3 36
1 21
3 75
2 96
3 62
1 47
7 43
6 56
8 89
4 47
2 42
10 66
6 88
5 50
4 50
4 35
9 56
9 84
3 81
4 61
6 14
3 50
2 91
10 67
7 88
5 30
3 71
1 8
6 70
10 83
9 45
4 21
2 69
1 87
10 74
1 29
7 27
7 62
7 65
3 36
8 31
2 26
3 97
7 50
3 55
8 6
4 2
2 62
2 78
1 5
3 75
7 38
1 34
6 10
3 70
10 51
7 81
7 35
10 61
3 15
2 57
8 75
6 13
6 61
2 9
5 66
4 23
3 36
3 43
8 34
8 64
5 41
5 85
8 41
9 54
3 92
2 54
2 43
1 11
3 40
3 80
2 38
5 38
6 29
6 61
2 18
4 47
4 34
10 9
7 97
5 65
7 25
9 3
9 33
3 91
8 35
2 49
5 6
6 73
6 91
7 2
2 54
2 50
2 54
9 83
10 17
2 21
9 97
10 12
6 65
3 33
5 64
2 34
4 8
4 47
6 42
1 69
8 31
4 29
2 32
10 72
1 51
1 46
9 37
2 82
2 11
1 2
5 77
10 52
9 18
1 97
9 15
3 73
6 15
7 49
4 52
2 36
1 5
8 29
5 48
6 70
6 15
2 94
3 10
9 59
5 47
4 30
5 6
10 48
7 20
5 13
2 12
10 39
2 37
9 62
3 44
6 35
1 97
4 92
3 52
1 75
9 15
6 15
10 23
3 16
10 89
2 93
9 14
7 33
6 18
3 79
7 75
1 16
6 54
7 44
6 23
10 88
5 66
5 15
1 37
7 18
3 90
2 70
4 79
5 34
2 1
6 63
9 85
9 85
8 20
1 90
4 23
5 22
7 5
2 14
7 5
2 54
5 75
1 43
6 82
4 50
3 20
1 23
4 47
7 13
8 49
4 55
5 71
1 93
4 98
6 37
6 15
7 73
8 21
9 73
7 68
1 21
7 81
2 29
10 69
4 6
4 72
2 99
7 92
9 36
2 23
7 47
10 90
10 72
4 18
4 91
3 41
1 74
8 90
3 32
10 11
1 66
1 73
4 33
2 66
9 65
7 82
3 12
2 71
6 6
4 40
2 30
8 12
7 51
3 33
8 9
9 92
7 63
4 89
6 37
4 48
10 38
2 97
8 29
7 61
1 58
6 78
6 81
4 55
8 34
4 33
1 55
7 13
1 35
8 22
9 47
8 43
5 24
8 84
4 26
7 41
2 96
3 44
8 68
3 47
2 92
7 47
2 19
2 37
8 55
3 42
3 48
7 86
1 36
1 45
7 65
1 47
9 71
10 66
1 64
8 75
5 97
3 65
6 12
1 13
8 15
5 87
6 24
7 3
8 76
5 9
3 28
10 75
4 93
9 56
3 48
7 65
8 94
7 92
5 50
9 25
6 83
4 3
5 74
6 67
10 85
4 25
5 11
10 4
8 76
6 39
7 8
3 49
6 85
3 13
8 74
5 73
2 79
2 49
2 38
3 73
