6 50
9 7
10 37
4 4
7 41
8 48
6 91
1 43
1 13
4 44
2 82
2 43
9 38
3 38
2 2
8 59
10 8
3 85
2 2
4 52
8 67
6 86
7 72
7 92
10 70
9 59
6 93
9 65
4 65
3 96
9 63
8 57
3 80
1 89
9 54
3 66
2 56
7 49
7 41
1 65
8 5
8 90
7 68
6 27
6 60
2 80
1 65
3 56
6 68
1 77
8 50
2 57
4 95
9 47
6 71
9 55
8 71
4 83
6 49
6 61
10 27
5 6
4 55
5 32
6 17
3 84
1 57
6 90
5 39
4 82
8 69
10 77
4 24
9 57
1 3
3 70
10 90
5 78
8 35
9 12
10 15
1 66
3 75
6 16
6 85
5 17
3 51
8 21
9 16
2 12
4 19
4 87
3 72
10 77
3 69
2 81
6 38
3 71
8 65
4 9
10 74
6 100
5 54
7 32
2 3
5 24
1 72
9 64
5 71
6 53
7 13
8 15
4 58
1 83
2 54
10 30
7 20
5 63
2 49
9 1
8 1
8 94
10 31
5 52
1 74
4 48
10 24
5 13
9 78
10 3
9 99
9 54
4 92
3 67
2 13
4 49
4 81
10 64
9 75
1 96
8 20
4 89
2 70
3 16
1 64
2 85
8 71
2 67
1 50
3 54
5 73
8 72
9 1
7 96
1 68
9 27
3 11
7 60
3 14
8 4
2 63
1 43
2 55
8 34
5 42
7 14
3 34
9 17
6 15
4 25
1 23
9 74
5 61
5 26
9 32
2 88
6 86
4 80
4 14
3 31
4 3
5 70
8 19
7 25
8 1
1 63
10 91
8 9
5 87
6 41
9 84
10 85
6 2
6 92
5 32
7 93
7 71
8 42
3 28
6 16
8 81
8 86
7 84
9 24
4 17
3 35
5 96
3 30
8 44
7 67
3 50
5 45
2 97
2 6
2 90
9 70
9 88
3 63
6 19
2 38
8 55
4 11
8 37
3 80
4 18
7 90
4 43
9 22
1 20
9 82
4 68
6 58
10 62
2 72
5 100
8 88
10 81
4 52
6 93
8 47
9 65
8 92
8 96
8 45
1 10
6 55
1 42
10 36
1 27
8 19
10 69
7 37
6 63
4 89
6 59
2 23
4 9
5 16
10 12
7 30
3 33
10 84
6 73
8 22
1 35
10 23
7 53
10 90
9 85
6 83
4 28
3 87
2 86
1 64
3 67
4 40
4 26
3 32
9 77
4 70
6 10
3 72
5 17
4 59
7 7
4 35
5 59
1 60
4 35
6 27
7 54
6 41
3 73
3 1
3 80
10 68
3 24
7 34
6 19
3 75
7 80
4 34
8 76
7 33
7 34
6 33
5 24
7 30
5 38
1 87
3 49
9 57
2 8
1 45
3 23
3 44
7 46
7 74
9 76
1 91
6 82
2 27
5 58
8 86
9 61
9 8
1 85
8 65
4 16
2 57
2 7
7 43
10 43
10 17
10 86
4 26
8 46
3 79
3 95
2 35
3 2
6 45
9 50
8 88
4 58
3 87
8 46
6 99
6 40
7 58
7 39
1 66
8 51
3 23
1 83
7 78
5 13
4 99
7 56
9 13
3 40
3 62
7 21
8 50
4 34
4 9
2 6
10 30
6 18
2 14
2 47
5 98
6 77
3 65
9 89
1 13
2 76
5 46
3 58
6 76
3 31
10 19
5 48
10 26
5 57
10 24
8 18
1 76
7 8
10 83
7 44
5 52
10 55
2 63
2 97
3 83
2 20
7 6
6 64
6 24
7 61
4 5
4 85
10 32
9 100
10 29
3 90
4 29
8 81
9 97
10 41
7 29
4 53
3 12
6 6
2 86
3 50
9 85
10 59
10 29
6 47
9 19
6 13
8 53
3 58
1 4
3 30
4 31
10 9
5 76
10 63
2 53
1 64
7 97
10 52
10 48
7 99
5 85
1 61
1 63
10 22
4 45
5 100
7 8
3 2
6 86
2 86
3 8
2 19
6 63
4 37
4 81
9 97
3 80
2 40
9 61
10 93
1 15
10 24
7 85
8 51
4 42
7 43
2 84
1 87
1 49
5 97
7 35
3 49
5 78
8 61
4 81
6 83
4 65
4 62
6 54
10 11
9 56
10 71
5 97
5 59
3 42
3 25
10 23
8 75
10 53
5 65
8 63
7 31
5 65
8 69
3 38
5 96
4 96
9 50
8 34
6 89
2 2
5 52
3 1
1 3
4 44
2 86
8 88
4 35
5 47
7 57
10 14
8 92
7 91
9 18
6 56
10 91
6 65
9 34
5 84
10 65
7 91
5 8
8 40
7 13
9 49
1 51
8 45
5 68
9 16
6 21
8 59
2 99
9 32
7 68
10 85
5 77
6 75
9 26
1 31
1 14
9 44
3 74
2 53
5 41
7 75
8 3
10 2
5 3
8 33
2 2
8 59
5 82
5 34
6 100
4 24
8 3
9 13
8 98
8 16
4 57
10 48
7 75
5 98
10 72
6 78
10 34
4 76
1 6
9 46
10 67
3 12
3 50
6 99
2 92
1 6
7 9
7 59
6 17
2 3
2 42
9 66
10 14
1 10
3 59
1 78
7 82
7 26
8 96
4 14
6 80
3 96
7 5
9 60
3 78
3 40
9 81
3 45
10 78
2 93
3 55
5 90
1 73
7 63
8 17
3 22
4 100
6 58
3 24
1 48
9 45
4 62
7 89
4 75
3 65
7 86
4 36
7 90
2 97
1 7
6 61
8 27
4 70
9 28
7 76
2 89
6 11
6 96
5 54
7 92
3 51
4 81
9 47
3 62
2 69
7 97
5 91
2 90
4 98
5 21
7 44
7 33
7 19
10 32
5 20
1 89
2 49
2 46
3 76
8 34
3 22
6 38
10 61
5 81
2 71
2 10
2 79
4 71
2 49
8 88
10 82
4 13
4 70
8 68
4 47
3 35
3 87
7 38
4 74
5 94
10 53
7 91
9 47
8 99
8 86
1 28
4 6
7 63
9 55
1 44
5 80
6 68
2 93
10 100
4 29
6 76
8 53
5 31
9 98
2 66
7 69
8 45
10 34
6 1
7 23
3 89
5 75
7 36
4 87
9 66
7 71
9 67
10 18
6 47
3 61
5 82
1 87
9 59
8 51
7 34
4 86
10 33
7 16
2 93
8 89
1 9
8 13
5 55
10 57
9 10
1 48
2 9
4 43
4 18
7 46
7 99
6 29
7 9
3 6
6 27
10 16
5 68
8 1
4 8
2 57
2 37
9 87
10 54
7 86
4 73
7 69
10 90
1 11
8 32
10 75
8 28
9 7
10 97
8 68
6 55
4 54
3 56
6 78
10 64
10 22
10 53
6 57
5 1
10 72
8 28
6 1
2 97
9 10
10 44
4 34
6 86
8 5
2 6
1 97
7 6
4 34
10 13
3 42
6 6
4 25
6 46
2 69
9 83
7 58
3 11
3 35
3 31
4 73
7 25
7 52
4 1
7 11
1 31
5 20
1 63
9 42
10 81
3 56
7 41
9 87
6 56
5 91
1 33
7 58
6 94
4 27
3 2
2 31
10 32
3 70
3 43
2 26
3 58
4 8
10 55
2 64
10 71
3 9
2 4
1 37
2 52
3 25
7 22
1 22
5 59
6 18
1 39
7 85
3 9
8 38
9 13
7 53
5 90
7 99
4 77
9 6
10 97
3 4
6 95
10 51
10 74
2 63
9 57
5 39
7 30
9 22
6 35
10 90
7 43
2 40
10 50
6 20
4 50
9 54
6 59
7 22
10 46
7 44
1 67
4 25
6 44
5 7
10 78
9 36
2 30
9 63
7 13
4 55
2 38
5 24
2 53
2 28
2 22
8 63
6 15
9 79
10 59
5 71
5 72
8 7
4 68
5 65
7 16
6 100
8 54
7 47
6 37
9 16
8 59
8 50
6 23
2 36
3 5
9 45
3 99
1 17
5 17
5 59
6 97
7 26
2 10
10 93
5 96
6 66
7 49
4 54
6 46
9 44
4 72
1 40
7 50
6 5
2 17
6 7
1 55
1 89
8 49
8 43
6 36
1 75
5 79
4 47
2 88
10 39
6 48
4 86
10 9
7 76
8 23
9 58
7 15
6 10
5 64
9 29
7 95
4 50
2 39
9 65
2 65
1 51
9 91
4 17
4 36
7 72
6 88
5 12
10 95
4 28
4 83
5 46
6 28
8 28
6 90
7 76
3 74
2 5
4 43
8 79
3 24
7 13
3 44
3 21
8 37
5 92
1 29
8 32
3 51
6 24
5 63
1 12
1 6
7 15
3 1
5 22
6 87
7 98
2 38
8 33
3 55
7 29
4 23
9 74
5 76
10 27
1 40
3 41
1 68
2 68
3 4
2 87
3 91
8 11
8 3
5 79
10 55
4 79
5 73
6 15
4 99
3 28
3 77
8 6
2 22
5 97
7 5
7 54
2 11
10 12
3 58
