3 57
7 84
10 92
3 5
9 49
3 59
3 75
8 54
9 75
5 82
7 25
7 10
2 34
2 56
5 68
5 99
2 61
10 24
7 12
3 93
9 88
5 55
10 95
6 52
7 20
1 91
10 27
5 24
2 62
10 72
4 44
3 73
1 17
1 82
6 43
2 47
5 74
10 52
5 96
1 24
1 85
6 36
8 85
5 26
5 90
10 14
3 58
5 52
4 42
8 96
5 46
9 38
3 90
4 93
4 77
8 95
9 84
1 71
5 9
7 88
1 95
5 30
6 90
2 44
2 77
9 93
8 84
2 51
1 43
8 34
10 30
5 21
6 6
5 71
9 87
5 69
1 67
6 49
4 69
5 44
9 72
10 9
1 18
2 10
10 11
1 43
6 95
2 69
3 55
7 57
3 77
2 82
8 58
4 53
8 23
6 69
10 32
1 72
4 67
9 74
2 48
1 92
8 97
8 28
5 83
4 23
8 38
3 43
10 10
10 28
10 6
7 27
9 41
9 75
1 28
9 20
10 99
8 21
1 40
10 93
5 58
10 31
7 71
8 52
5 98
5 17
10 20
5 85
5 66
3 5
4 27
9 64
2 65
9 59
2 39
8 74
9 12
6 75
5 54
1 51
10 34
5 24
4 69
5 8
3 45
8 85
1 19
8 21
4 80
2 36
3 18
5 64
3 1
2 57
4 91
3 23
9 17
2 54
7 40
1 52
2 21
1 9
2 21
3 28
1 97
7 86
3 74
5 66
6 16
2 76
8 9
9 54
6 21
8 13
3 29
7 24
8 41
5 28
9 51
10 85
7 80
1 80
2 34
9 50
10 79
5 84
7 20
4 45
4 76
3 43
8 61
10 5
3 7
6 91
2 89
3 11
2 40
3 26
5 58
4 33
7 32
2 62
6 17
4 88
5 7
9 58
7 59
5 31
8 1
3 96
10 98
2 23
5 59
5 45
6 95
6 82
2 52
9 96
5 47
7 86
10 46
4 72
6 56
6 81
4 52
4 29
1 22
7 81
9 40
1 19
10 28
8 39
1 24
2 92
3 18
4 92
5 14
9 84
4 27
8 48
6 21
9 16
6 46
8 100
2 78
8 94
7 74
4 85
3 74
8 81
6 79
2 42
3 21
10 90
3 68
2 92
9 50
7 83
8 61
6 81
6 91
7 49
5 32
10 51
3 35
7 7
7 85
7 99
10 91
9 23
9 8
8 28
9 64
4 93
5 15
9 67
2 97
9 51
4 74
9 87
6 91
9 66
2 29
8 8
9 2
7 41
4 46
2 17
8 19
5 26
2 25
10 48
6 13
3 63
2 93
2 74
10 26
5 78
1 74
3 45
7 41
7 74
10 99
1 23
1 98
9 15
2 87
10 57
2 3
6 98
5 29
8 35
5 99
6 3
8 97
8 21
7 88
3 49
1 50
10 65
10 27
4 22
9 87
9 25
7 80
8 49
9 72
1 47
2 64
10 46
7 65
1 21
2 22
3 26
5 15
8 72
4 5
2 5
1 91
8 94
1 13
3 77
8 36
9 62
4 72
5 42
4 42
10 100
7 80
5 73
10 67
9 92
3 31
5 23
6 39
7 65
1 17
9 33
10 49
5 3
6 18
1 98
1 37
5 75
1 3
8 86
5 73
9 64
4 91
6 68
4 14
4 6
7 59
8 80
5 30
10 91
5 83
3 24
6 97
1 58
7 97
9 70
8 86
3 21
7 27
3 80
9 76
9 24
10 7
8 28
8 71
9 90
5 88
4 32
7 27
3 37
6 3
8 31
10 5
3 26
5 80
10 23
5 66
6 16
10 60
5 25
3 5
6 27
6 67
4 96
8 94
6 79
9 57
9 71
3 34
6 100
9 62
7 17
2 3
9 77
2 64
10 57
5 47
7 99
3 65
8 50
3 42
8 25
7 51
7 61
3 74
7 75
2 49
4 7
10 100
1 32
7 97
5 5
4 98
3 82
9 22
8 20
8 64
3 46
8 73
6 73
7 40
6 51
10 57
9 60
8 32
1 89
6 5
10 74
5 77
7 28
5 42
4 48
9 79
2 63
1 63
4 67
3 21
6 79
9 38
5 36
10 71
6 3
8 54
10 55
6 36
1 87
5 25
7 5
3 47
1 100
10 96
3 40
6 84
8 84
2 100
2 39
9 10
4 64
8 65
4 20
7 24
3 62
4 99
7 99
10 69
5 68
4 74
7 70
3 93
4 73
4 63
8 45
5 72
9 93
3 10
6 65
10 4
4 51
1 27
3 18
1 57
1 89
9 95
8 63
6 85
4 35
1 82
6 98
3 10
4 81
2 33
8 14
4 12
5 23
9 27
1 7
3 30
3 80
8 41
4 70
7 16
9 18
9 55
4 15
3 59
7 62
4 70
8 28
4 17
8 2
4 93
7 8
4 60
4 48
6 30
9 43
4 44
4 58
5 32
10 66
9 67
5 24
3 41
9 81
6 31
8 87
3 6
2 63
7 67
8 75
4 99
3 90
5 7
3 74
2 94
2 41
9 79
7 53
6 25
2 31
10 5
4 51
8 19
4 67
9 28
10 29
5 44
8 75
6 81
5 22
3 18
8 39
2 98
5 99
9 76
3 25
5 47
8 90
6 46
8 20
10 19
5 20
8 37
10 11
3 65
2 80
6 30
2 84
10 9
8 15
5 100
2 71
2 9
4 27
10 40
5 14
4 39
9 6
10 66
6 4
5 15
8 46
10 99
5 29
8 71
8 68
8 99
8 25
7 44
7 71
5 37
1 94
7 20
2 20
2 35
10 96
7 56
9 69
9 85
7 12
10 16
7 7
9 3
8 76
10 100
2 61
2 25
8 86
7 99
1 81
1 88
6 90
7 31
1 64
1 24
4 75
1 37
6 64
10 81
4 42
5 12
3 67
3 64
4 44
2 79
5 90
10 57
9 90
4 33
10 64
1 43
7 77
7 13
8 94
4 89
10 37
5 48
7 91
7 73
4 55
6 20
8 3
6 29
2 25
1 24
2 21
1 88
8 14
7 81
8 86
5 91
6 28
4 97
7 73
6 38
9 55
10 15
6 27
2 70
7 77
8 99
1 14
7 42
1 82
7 48
8 28
4 83
3 15
9 58
9 78
9 69
3 76
7 23
4 63
7 90
4 40
10 8
3 88
10 60
7 13
3 35
8 95
2 13
8 14
8 27
5 58
9 88
6 46
3 9
3 62
5 6
8 48
1 47
1 79
7 83
3 87
9 85
2 16
6 77
7 1
6 25
10 85
5 9
7 50
9 36
8 82
3 50
7 35
3 64
1 22
9 24
1 73
10 38
4 38
3 54
6 5
1 87
9 10
5 57
2 18
1 69
3 1
9 62
7 92
8 100
2 18
9 41
1 45
10 67
4 35
2 22
4 80
7 86
8 5
2 76
1 28
4 66
10 83
1 42
9 67
2 31
1 99
4 71
10 33
10 39
5 5
10 43
5 68
4 13
6 12
9 23
1 55
6 46
1 57
4 86
8 29
7 23
2 68
1 6
3 88
1 30
9 64
5 50
1 80
8 52
3 85
3 51
5 11
4 86
6 47
4 22
2 4
9 43
1 54
2 22
2 91
3 29
3 89
8 60
9 24
1 52
6 33
6 27
7 29
6 93
7 61
1 42
5 30
8 40
9 8
10 67
1 76
1 27
8 84
1 99
10 12
7 97
6 71
4 6
5 27
10 68
7 70
8 69
6 82
4 28
3 92
5 88
7 40
6 9
4 17
1 100
6 57
2 73
9 60
4 64
2 31
2 85
6 23
4 37
5 80
3 27
5 48
6 23
4 76
4 26
10 27
8 43
9 85
2 42
4 48
1 92
7 51
4 55
5 88
6 88
9 48
7 23
8 4
5 74
4 75
7 63
6 87
5 100
6 66
9 100
5 18
4 76
2 5
6 15
9 16
7 100
4 62
10 91
9 29
9 55
8 29
5 7
10 100
10 55
6 31
9 86
10 76
6 58
3 16
2 16
4 56
10 71
8 71
2 4
2 99
2 68
5 34
6 86
10 12
6 59
7 72
5 52
6 39
5 35
5 56
4 95
6 67
2 86
8 61
5 44
3 34
9 50
9 94
6 33
4 24
9 14
1 33
1 15
6 86
1 60
6 94
8 87
6 58
7 89
2 82
8 79
1 93
8 6
2 34
9 43
4 47
6 42
7 26
6 10
10 91
3 59
6 4
2 8
7 9
2 36
3 9
3 76
3 17
6 50
4 52
8 77
9 63
4 37
7 88
8 46
7 10
4 61
10 96
10 63
10 7
3 67
8 2
3 75
5 65
2 47
2 98
8 14
2 1
2 89
3 54
4 66
6 81
3 50
2 13
5 95
3 98
9 46
1 13
1 64
6 83
7 52
5 75
7 66
2 44
3 59
6 51
8 26
9 98
6 9
6 75
1 53
6 23
10 8
6 43
1 21
3 88
8 59
5 15
6 82
9 37
8 23
7 29
2 19
3 61
