1 28
3 15
8 18
10 43
4 4
2 26
6 94
10 74
6 4
8 65
8 1
5 31
10 43
7 25
9 44
9 52
9 54
3 55
8 44
4 31
4 5
3 73
8 74
1 9
9 44
1 74
4 48
5 13
7 97
1 60
9 24
4 44
4 13
4 94
5 13
5 68
8 48
1 40
3 11
9 23
2 16
9 68
2 9
5 98
5 90
3 40
5 10
1 89
7 58
6 13
3 14
10 31
6 100
6 91
9 27
1 11
4 18
6 35
6 47
9 99
3 27
3 15
7 78
3 78
4 99
5 86
6 66
10 27
4 7
8 66
10 40
6 90
2 11
6 28
2 6
2 36
6 72
10 72
6 81
3 60
8 73
1 75
7 37
9 13
7 15
6 94
5 58
4 80
5 59
4 89
4 55
4 1
10 49
8 35
3 90
9 58
8 24
1 26
7 44
2 45
5 10
9 94
8 16
9 80
4 38
5 84
8 73
6 37
4 29
9 56
8 78
10 73
5 32
4 33
2 7
1 78
2 2
3 5
2 62
4 43
3 60
3 84
5 53
7 77
2 22
8 60
6 28
7 81
2 40
2 87
9 81
4 58
4 24
8 9
10 97
8 5
7 40
2 45
7 50
7 44
3 43
2 73
4 88
4 2
4 42
5 85
10 94
9 10
5 36
5 73
2 48
1 1
3 24
8 16
9 84
10 79
5 95
7 21
10 55
5 23
8 9
2 97
10 62
2 13
4 38
6 46
8 8
3 4
8 62
4 91
4 48
5 14
1 31
1 43
2 37
9 96
4 68
2 20
5 14
1 21
1 34
6 10
8 60
10 30
10 72
5 8
6 29
5 68
5 76
7 75
6 20
1 27
3 4
9 7
8 82
5 83
10 12
2 55
10 100
10 78
9 36
1 25
2 60
4 14
5 68
4 25
2 98
9 6
7 74
9 25
7 61
9 38
10 23
9 40
8 17
7 93
4 43
8 4
5 56
3 52
4 80
6 85
6 59
2 62
7 56
4 82
2 91
5 35
2 25
7 84
8 10
10 35
9 66
9 12
1 77
7 81
9 48
3 4
4 34
8 70
2 79
7 46
7 89
1 62
5 32
2 58
8 12
2 67
4 71
6 34
8 20
10 34
1 32
2 36
2 7
7 35
7 71
9 81
4 74
9 86
3 10
10 71
8 2
8 50
7 83
1 56
8 40
2 63
7 80
3 63
4 39
3 65
6 84
6 20
3 74
9 88
5 97
3 52
5 72
8 87
2 66
6 68
9 94
2 27
9 31
4 32
5 33
4 31
10 46
8 46
2 38
3 84
4 70
6 46
2 47
10 32
2 63
1 8
3 81
9 51
3 75
2 75
2 45
2 18
2 41
10 70
7 25
10 37
1 69
3 99
5 34
2 54
5 12
2 58
2 37
1 67
8 87
2 84
1 16
6 2
9 12
8 38
8 52
2 32
6 86
9 49
1 94
1 16
9 4
6 21
5 87
9 38
9 22
2 24
7 50
3 30
2 1
4 97
1 18
6 57
9 97
4 55
4 82
6 84
5 26
3 33
3 98
7 9
5 1
8 49
4 65
10 19
6 34
2 4
5 19
7 67
5 70
10 65
2 18
4 51
9 60
7 83
6 83
4 88
8 45
2 61
6 96
7 9
4 77
10 9
2 80
1 15
9 61
6 16
4 35
5 48
8 84
6 49
3 69
7 18
7 36
9 75
10 68
6 91
9 76
2 57
5 37
5 89
10 33
5 10
8 25
3 13
4 55
1 49
2 61
4 8
8 51
6 51
2 63
2 78
4 4
8 37
4 100
10 32
1 24
5 93
1 82
6 59
4 93
9 9
2 10
4 78
8 66
7 21
3 25
8 6
10 61
6 36
10 83
6 21
10 20
4 39
7 16
10 81
10 90
2 95
1 36
1 95
9 21
3 58
3 84
8 30
10 19
4 38
9 42
1 11
5 98
7 54
2 79
9 25
9 58
1 3
8 68
3 76
4 20
10 88
2 90
6 7
7 82
4 35
4 28
8 63
1 59
6 18
6 70
2 8
8 25
10 79
3 9
3 88
10 78
2 57
8 11
7 57
4 66
10 36
4 73
10 77
3 77
3 13
5 9
7 65
8 15
5 88
8 35
10 21
2 17
2 44
3 74
10 15
5 27
5 31
5 74
3 85
10 9
5 88
7 93
1 29
6 15
9 15
1 35
8 37
1 51
6 57
3 47
3 30
7 40
3 50
9 6
9 38
4 59
7 96
6 65
9 32
3 79
4 59
6 1
6 56
6 70
10 40
3 3
5 34
10 19
6 88
10 41
9 89
10 91
7 79
5 57
7 17
4 74
1 63
3 27
5 79
6 16
5 25
9 54
7 10
9 10
9 65
10 100
8 5
6 13
9 19
6 66
10 5
8 11
6 53
6 67
7 14
10 58
6 69
4 98
5 39
10 58
5 57
3 51
6 88
2 8
10 99
6 40
2 100
6 23
3 81
5 89
1 29
5 1
7 46
4 37
3 96
2 52
10 68
1 37
10 75
1 86
10 68
3 89
7 49
7 18
5 45
4 88
9 35
2 51
8 90
5 23
8 18
4 94
6 58
5 70
5 1
9 9
1 12
9 31
1 1
4 84
9 78
9 92
5 93
10 77
10 20
10 46
1 65
3 41
3 68
2 82
1 24
2 79
10 96
1 94
2 20
5 69
5 85
4 2
7 10
5 2
2 72
3 73
6 73
8 89
6 61
2 18
3 85
1 26
4 53
5 1
10 81
9 13
9 57
10 93
1 19
2 56
4 82
9 85
8 41
2 58
2 45
10 98
5 63
1 91
9 90
4 76
3 45
6 60
10 2
1 58
1 76
7 58
2 95
3 96
5 98
8 19
1 28
1 100
5 71
5 54
3 91
1 76
5 48
9 54
6 32
10 76
4 44
3 59
4 93
5 18
6 63
1 2
7 38
1 23
1 9
8 67
5 44
2 84
10 17
2 47
2 75
7 63
3 20
6 65
7 58
1 78
4 45
6 62
3 31
5 32
5 77
8 90
9 65
5 41
1 25
6 54
4 44
5 48
4 20
9 70
8 81
1 24
9 80
4 34
6 28
1 61
3 22
3 7
10 91
8 38
8 92
5 97
2 21
6 30
10 64
5 12
5 18
8 13
6 87
10 16
8 67
3 94
4 48
10 66
6 64
5 87
2 93
3 42
5 16
3 62
8 27
3 1
2 97
9 24
7 92
6 62
9 2
7 97
9 41
3 3
3 54
8 65
1 57
5 2
2 80
7 15
3 89
8 62
8 66
7 25
10 56
7 21
7 52
9 37
4 59
2 61
4 4
1 27
6 28
4 17
9 85
8 29
2 40
3 3
7 90
7 9
2 22
3 93
7 61
9 39
3 99
6 70
10 62
10 50
2 57
3 35
10 23
8 77
2 42
1 8
7 39
3 76
8 68
5 2
4 54
1 53
4 80
3 76
9 12
9 85
3 65
9 8
10 27
9 70
8 51
7 21
7 35
3 88
6 23
3 12
2 49
5 79
3 87
2 96
7 15
7 52
2 83
9 4
9 27
1 93
8 89
6 45
10 29
9 31
3 2
2 11
1 68
9 68
10 44
3 10
3 45
9 84
1 17
2 83
8 69
1 9
10 22
7 22
2 85
10 41
4 42
6 11
10 98
3 48
2 42
8 19
3 20
9 20
7 32
2 81
3 100
2 99
2 42
5 51
7 11
10 73
3 3
10 43
10 22
5 84
5 50
2 9
8 47
10 97
2 11
5 73
6 4
4 33
2 23
10 19
10 76
4 3
9 36
10 21
1 27
3 55
4 36
5 32
10 54
10 86
5 8
4 73
8 29
9 70
8 95
3 15
9 82
10 28
10 18
7 15
3 30
3 37
4 47
7 74
5 29
8 76
7 84
5 75
9 51
1 27
7 66
6 92
7 91
5 31
1 73
8 35
2 56
10 23
5 36
7 46
8 8
10 9
8 66
9 89
10 31
1 90
7 18
10 12
1 66
1 49
3 36
10 99
9 22
8 28
2 66
6 28
1 24
5 68
3 40
4 45
2 7
5 3
7 77
1 16
8 55
10 65
1 12
4 64
7 98
6 45
2 75
2 19
7 19
5 42
6 43
7 72
3 33
2 69
2 71
10 52
7 74
4 87
4 1
8 14
2 14
6 97
3 73
5 1
7 71
8 21
7 18
4 66
3 44
10 56
6 77
9 72
5 24
9 24
3 82
10 25
2 29
3 1
9 32
4 88
7 7
4 53
1 7
6 51
10 88
2 17
6 27
9 68
1 79
9 27
9 68
7 57
3 79
7 76
7 33
7 21
7 3
7 33
3 87
10 79
5 66
10 31
5 9
6 99
4 41
4 37
9 2
5 30
10 61
8 82
2 80
10 84
3 71
5 9
4 81
1 1
1 84
2 95
1 2
7 63
3 65
2 97
3 50
8 12
2 77
8 4
8 89
2 85
2 64
4 66
10 82
