1 30
3 94
9 62
6 88
3 8
8 19
9 89
8 97
6 61
9 35
5 8
7 18
9 20
9 57
7 64
10 7
3 68
2 99
6 2
10 4
4 77
3 49
5 96
6 21
9 39
5 52
5 15
6 22
3 92
2 52
9 1
6 14
3 50
7 80
5 93
1 77
1 24
2 2
8 75
6 68
2 8
3 10
6 55
4 29
2 47
10 45
2 100
5 81
4 34
6 44
6 80
10 72
1 53
9 88
2 39
3 17
2 39
7 21
8 65
8 1
8 39
8 93
2 65
7 82
1 74
4 59
3 86
1 29
1 48
5 70
6 75
10 49
10 14
2 25
7 29
6 56
4 78
6 42
1 9
4 59
7 52
7 13
2 8
4 79
2 33
3 96
8 40
2 84
10 95
6 55
2 13
7 22
6 49
3 42
4 71
9 16
1 34
5 35
6 8
2 71
7 71
5 83
7 72
7 74
1 20
10 33
3 63
10 85
7 9
8 92
1 75
6 55
10 54
5 19
1 89
10 69
5 88
1 13
7 30
3 94
7 43
1 61
1 75
9 99
5 68
9 12
3 66
10 26
3 78
4 99
8 72
7 4
7 70
2 36
4 51
6 33
1 1
3 53
2 56
1 44
1 47
2 66
2 88
8 65
1 27
4 22
7 55
1 21
2 67
2 82
2 90
10 82
1 42
2 91
7 18
10 53
7 49
5 83
2 39
8 6
9 53
1 32
5 14
4 64
3 53
7 37
9 16
7 74
4 10
2 50
8 86
8 26
4 40
1 33
3 30
2 79
9 12
6 97
8 8
5 60
7 37
10 20
7 55
4 77
9 1
8 87
1 95
8 67
10 27
8 18
9 42
9 12
4 43
9 50
6 9
5 86
2 96
10 20
8 78
7 74
9 30
10 80
2 13
1 15
4 70
6 57
10 25
2 6
4 40
2 21
7 34
6 89
7 96
7 43
2 38
1 7
1 63
8 15
7 1
9 91
5 92
3 18
2 19
9 49
8 82
6 28
3 18
6 99
6 82
1 83
7 6
9 61
6 59
4 46
10 35
9 91
2 99
7 93
7 10
3 21
6 64
10 69
2 74
10 73
2 81
5 14
5 3
9 99
3 21
2 7
3 77
4 86
2 17
6 70
3 1
9 25
9 68
4 70
10 45
9 2
5 47
10 34
10 83
4 3
3 79
8 65
6 58
6 85
8 99
2 53
7 9
3 78
7 56
6 27
3 55
4 40
10 71
6 90
7 13
8 53
9 67
9 1
5 51
10 3
5 61
10 35
3 72
5 8
5 89
9 58
1 45
1 92
4 1
9 70
4 91
4 19
8 18
1 1
4 22
6 13
1 23
7 91
2 70
4 10
9 75
7 8
10 98
6 93
4 60
6 51
6 81
5 83
9 32
6 10
9 2
8 47
7 33
6 9
8 38
5 93
8 35
7 50
8 62
2 17
10 41
3 67
7 83
2 86
4 45
7 9
4 52
6 100
7 47
8 73
10 72
2 84
7 94
4 43
10 66
10 93
6 81
4 68
10 94
10 99
6 73
5 97
3 91
2 90
6 5
10 87
10 5
8 8
1 27
9 94
5 66
4 68
9 62
4 53
1 94
9 67
7 4
6 94
5 16
6 30
4 31
6 99
9 84
9 69
9 29
9 22
3 45
8 92
4 65
1 54
4 89
3 29
4 26
6 60
10 94
1 95
10 60
9 10
2 25
2 47
6 12
7 16
7 3
8 18
4 86
9 27
9 97
10 7
5 90
5 75
5 85
6 59
6 30
9 55
3 1
4 13
9 91
10 9
3 76
2 33
10 37
6 12
1 42
9 83
7 70
6 36
1 2
2 19
1 83
4 94
8 67
5 39
3 76
3 46
1 65
4 86
4 38
8 42
7 79
2 29
7 48
2 69
2 28
5 90
3 20
9 43
3 24
4 95
7 57
7 61
3 98
5 65
2 93
1 11
5 32
8 87
8 6
7 60
7 40
1 53
1 25
5 2
10 19
1 23
9 48
10 40
2 26
10 97
7 73
6 61
5 74
6 3
5 86
5 40
9 41
4 4
4 55
2 75
9 69
4 20
8 31
9 62
4 69
1 71
3 24
1 11
2 52
6 89
5 1
9 45
2 87
7 54
9 72
8 51
10 84
6 29
2 47
5 75
6 15
6 27
7 60
8 61
5 19
6 70
1 39
8 43
8 71
5 8
9 4
2 64
2 75
6 95
4 92
1 28
4 78
1 56
5 31
10 47
2 98
5 2
6 84
6 15
9 17
3 10
5 33
6 60
6 79
7 86
2 62
1 99
4 39
4 31
6 35
1 9
1 9
2 93
3 8
9 55
1 19
7 95
4 82
10 54
6 43
5 9
3 45
7 50
9 36
3 44
8 49
3 4
8 45
7 86
7 67
9 53
8 47
5 92
8 43
1 86
1 28
8 25
4 20
3 51
9 36
1 22
10 61
2 3
10 26
9 90
3 60
9 52
10 37
5 77
9 67
6 28
10 8
5 22
4 17
1 84
7 68
5 50
1 7
10 18
7 22
6 84
6 69
8 72
6 56
7 1
8 68
1 81
3 98
9 11
1 95
8 32
9 63
1 20
6 19
7 13
8 19
1 66
3 32
6 53
7 8
9 53
5 56
2 15
9 63
10 73
9 57
6 28
7 81
7 43
4 77
4 56
9 69
5 5
8 63
9 39
1 50
10 41
6 80
1 68
8 74
3 28
5 96
4 6
9 79
4 96
10 77
5 95
3 11
4 84
6 4
1 75
3 13
2 20
4 4
1 79
6 100
7 51
2 53
2 12
10 28
3 51
5 90
4 22
6 17
5 1
5 20
7 3
4 13
6 91
7 89
1 24
7 64
5 23
10 54
6 44
6 57
1 11
2 54
5 70
6 3
4 9
5 84
10 53
8 95
7 30
8 5
7 91
1 10
4 20
1 36
1 72
8 1
8 93
6 83
9 98
7 83
1 71
1 34
8 8
8 98
9 4
4 100
7 69
9 91
8 77
2 87
3 47
1 93
8 85
4 31
3 50
3 6
1 100
3 51
6 24
4 99
7 62
6 12
8 52
9 54
7 15
8 3
1 13
7 24
10 14
3 76
5 66
8 26
7 60
5 38
2 93
6 97
4 55
6 20
5 30
9 84
7 22
10 4
8 19
7 34
1 45
10 31
6 46
10 22
4 43
2 21
6 72
2 57
10 4
4 88
2 34
3 76
3 1
6 29
1 43
10 8
5 37
8 48
10 91
9 67
8 40
1 7
3 31
10 6
3 65
9 23
9 12
10 46
3 81
1 8
1 63
2 33
6 79
9 47
7 75
3 44
1 7
9 15
9 24
8 92
6 62
6 98
8 28
4 15
10 38
3 12
5 26
5 37
7 27
10 40
4 60
8 62
6 82
3 7
7 6
4 28
4 70
8 50
2 74
7 6
4 71
5 64
1 76
9 33
5 21
6 59
7 33
10 67
6 3
4 93
4 33
6 5
3 54
6 89
4 66
1 84
8 9
5 13
1 85
6 89
9 20
6 51
3 38
4 2
4 71
9 3
5 17
8 59
7 69
8 44
8 37
2 80
5 55
4 32
9 77
10 99
7 57
8 30
5 83
4 17
8 25
4 3
9 99
10 87
3 1
10 11
2 90
7 2
5 66
9 39
5 76
9 94
3 99
3 74
2 84
5 16
10 94
3 98
7 89
6 65
6 31
3 74
3 29
6 35
3 78
5 59
9 75
2 39
6 95
7 49
1 2
5 27
7 74
9 32
2 69
10 28
10 98
10 13
4 46
6 58
7 43
6 92
5 33
10 36
3 21
3 65
1 87
5 87
10 80
2 65
5 6
9 96
10 8
6 48
10 61
2 28
3 96
6 82
10 66
9 97
2 9
2 63
4 45
9 52
5 73
8 93
3 92
5 61
7 66
9 94
2 86
2 16
4 58
6 76
4 94
4 80
1 42
3 95
8 47
6 32
6 61
4 7
2 87
9 28
1 55
6 49
9 62
5 3
1 76
1 4
5 77
9 56
2 8
7 73
1 65
9 9
8 71
8 45
7 35
5 97
10 68
4 75
9 76
2 47
7 7
9 89
2 79
8 58
9 85
4 53
9 92
6 3
6 48
7 17
7 92
4 66
9 45
10 42
5 76
1 43
8 67
6 18
5 53
2 4
8 79
5 59
4 2
1 29
10 35
6 93
5 19
2 90
3 25
2 28
1 82
2 16
4 3
7 28
6 58
3 66
8 95
6 27
6 89
2 27
5 62
2 7
4 91
6 10
2 97
4 22
7 58
7 97
9 13
9 60
3 53
2 18
10 16
4 97
6 31
9 62
2 23
2 56
9 12
1 92
1 53
5 12
5 52
6 87
9 82
7 36
6 76
3 15
2 11
4 68
6 70
10 89
9 74
1 1
1 74
3 68
1 61
2 54
10 61
3 60
8 41
7 97
7 78
8 50
6 44
1 2
4 73
3 5
8 4
