10 47
2 81
9 95
5 35
9 36
4 27
9 44
3 50
1 26
3 17
6 51
7 71
8 39
2 58
6 65
6 45
5 56
4 91
10 76
3 80
7 96
1 3
3 16
9 60
8 27
7 100
2 36
10 97
4 67
10 12
5 52
5 35
7 23
4 63
5 18
2 17
3 32
2 40
7 23
1 55
2 30
9 26
1 85
4 57
9 17
10 66
7 27
7 43
5 69
9 17
10 38
9 1
2 68
9 48
9 28
7 70
4 61
4 79
3 4
10 99
7 73
1 16
3 75
2 79
5 71
7 7
1 87
6 78
1 88
6 82
4 91
6 59
6 5
10 55
9 96
8 31
9 62
2 58
3 87
6 29
7 47
10 39
10 57
2 85
9 88
2 13
2 93
3 51
9 38
10 67
4 46
1 100
4 65
9 21
6 75
1 9
2 86
3 47
5 77
5 37
6 4
1 56
2 49
6 85
8 96
6 30
10 4
8 71
7 99
10 28
3 76
9 9
8 4
4 57
9 86
10 76
7 60
3 20
8 8
4 35
4 47
4 20
2 34
9 43
7 82
2 6
2 6
5 87
3 48
5 88
4 89
2 31
10 76
2 22
5 81
3 14
8 11
7 13
8 90
1 57
5 59
8 73
4 64
8 59
4 40
6 92
1 81
1 69
8 7
8 51
2 12
10 25
9 99
4 49
1 55
10 49
6 6
2 1
10 90
7 3
5 3
1 33
1 22
5 19
9 55
7 53
7 82
2 2
4 21
3 20
9 82
5 6
1 79
6 20
8 4
4 37
5 72
2 20
4 5
9 93
4 74
9 50
2 42
9 66
3 23
10 51
3 81
1 45
9 38
2 15
10 59
9 29
5 13
6 55
5 53
2 6
2 37
3 65
3 45
10 92
10 15
4 84
3 92
4 2
2 43
9 83
6 39
5 73
2 100
5 48
5 91
8 19
10 80
2 30
2 98
9 6
8 99
1 65
1 1
2 5
3 13
2 95
6 34
6 38
1 14
1 50
6 90
6 24
1 52
1 10
3 14
8 5
3 36
8 41
9 91
6 53
6 30
1 86
8 11
1 11
5 99
3 85
3 14
3 37
6 51
5 91
10 36
6 40
5 58
3 92
9 55
5 14
6 56
6 27
2 71
1 78
9 36
7 33
5 64
3 93
4 62
3 67
5 52
2 12
5 61
10 35
1 71
7 98
7 1
8 75
9 56
10 72
10 27
9 27
7 35
8 12
4 92
5 5
4 3
4 17
3 21
6 64
5 95
3 35
6 67
2 67
10 74
9 9
3 40
9 69
4 64
3 60
1 35
7 21
10 60
5 70
10 50
10 13
7 82
3 41
1 67
6 48
7 36
10 72
9 81
7 61
8 50
3 3
6 54
8 55
10 55
4 32
5 8
10 45
9 48
2 38
1 41
4 72
7 26
10 58
5 61
7 46
1 58
2 93
2 76
7 27
6 29
9 7
9 63
10 15
5 30
7 36
6 89
4 45
5 44
7 6
6 39
3 24
1 98
9 96
4 27
2 57
7 78
1 74
5 98
1 78
7 91
8 51
1 99
3 2
3 67
4 89
9 25
1 23
5 41
6 10
1 9
1 10
9 80
2 82
4 83
3 95
7 43
2 85
5 43
6 67
10 31
10 47
10 41
3 35
10 44
2 27
9 75
1 17
2 62
6 47
7 76
8 51
4 99
5 64
1 69
9 85
10 95
7 24
4 9
5 33
4 89
10 12
1 45
4 58
6 89
9 56
5 50
9 71
6 30
7 4
2 72
4 14
7 71
2 51
10 39
3 75
8 12
10 17
9 68
10 21
10 55
3 18
9 1
1 81
6 45
7 46
1 42
6 76
5 32
7 37
7 84
4 55
10 40
1 22
7 86
6 38
8 3
2 69
10 69
2 39
1 83
8 54
3 93
3 54
6 25
10 85
1 20
10 40
9 89
7 58
2 27
1 77
9 22
9 96
5 98
8 100
9 21
3 84
2 35
5 63
2 90
6 100
3 63
9 46
1 60
10 78
2 13
9 27
5 91
3 80
3 16
6 45
5 57
10 67
3 70
10 26
5 24
8 50
3 33
6 58
1 36
1 70
7 91
6 78
2 7
7 37
1 39
10 8
4 54
1 20
10 67
10 100
1 22
7 10
4 2
6 82
9 93
5 93
4 29
1 100
6 89
5 30
5 59
2 10
6 46
1 15
2 34
1 26
4 53
9 90
7 25
3 56
9 60
10 60
4 38
2 68
7 29
9 92
8 51
1 40
1 17
7 67
7 99
7 25
2 100
2 7
7 76
3 66
9 77
7 82
10 7
4 30
10 68
10 58
8 57
6 89
5 43
2 49
4 2
6 55
9 72
9 36
1 49
9 54
9 14
9 12
3 65
1 27
3 69
2 6
4 95
5 45
6 61
4 68
3 87
2 86
7 96
9 67
4 18
3 99
9 98
2 94
8 58
5 53
3 61
7 26
8 99
8 76
6 82
1 5
1 5
7 65
4 68
7 96
1 73
1 13
9 34
9 24
8 95
1 66
6 79
3 26
9 83
2 26
9 99
10 88
2 86
9 69
9 45
9 53
6 55
4 9
5 84
8 13
1 20
4 40
10 96
1 71
10 24
9 72
1 35
5 65
1 40
3 28
8 46
5 72
6 16
7 53
6 60
5 58
6 37
8 81
4 10
1 73
8 82
10 48
2 27
5 59
5 93
3 3
8 36
2 30
5 80
2 91
10 96
2 62
1 34
3 100
4 60
1 4
10 89
4 76
9 18
1 31
1 19
3 71
2 65
5 14
6 35
1 18
10 58
9 66
9 99
4 34
7 87
5 43
3 17
2 95
6 64
9 24
6 23
8 23
10 8
6 1
2 65
5 74
8 30
6 86
8 15
3 17
8 57
8 31
4 14
9 81
4 66
2 11
3 45
1 15
9 51
3 30
1 74
10 67
6 63
4 58
1 36
2 79
9 58
9 87
2 35
2 2
1 59
4 72
7 62
2 35
2 66
7 83
8 93
5 33
3 41
10 73
2 8
4 70
8 33
5 32
4 74
6 30
4 24
6 30
7 95
9 79
3 1
9 2
1 32
8 37
3 77
8 51
2 41
8 52
5 2
6 38
1 46
10 2
5 8
9 14
8 87
6 64
10 1
7 71
2 65
9 69
1 30
4 74
9 73
10 64
6 70
8 60
10 18
7 41
10 79
3 36
2 17
2 96
1 38
4 28
6 50
9 83
2 25
4 24
10 13
2 94
7 8
9 79
6 3
7 70
5 26
2 79
7 89
2 41
10 31
1 47
10 1
3 58
4 25
2 86
6 21
3 11
10 88
3 91
8 89
5 91
3 40
3 24
4 74
2 54
7 20
8 56
3 35
5 22
3 95
8 83
10 21
5 9
9 91
4 80
4 25
7 48
4 50
5 19
9 58
10 23
4 37
9 8
10 64
3 3
1 97
1 100
7 25
6 38
6 57
3 89
9 13
7 11
5 43
4 32
2 35
7 20
10 27
1 55
10 76
4 66
6 14
6 81
8 45
7 49
7 56
8 50
2 98
10 9
8 80
3 78
7 38
4 10
4 2
7 13
10 95
10 57
8 35
9 13
4 89
1 50
4 74
4 93
8 51
5 3
2 95
10 37
1 92
1 11
8 9
3 33
5 1
4 66
1 2
6 29
2 25
6 13
10 95
2 96
3 70
4 72
5 3
8 79
4 99
8 85
5 100
6 76
8 10
10 52
5 59
3 5
1 64
10 6
3 58
10 64
8 62
1 52
2 21
10 18
8 12
1 55
6 79
5 17
7 13
8 31
8 41
10 32
3 16
2 53
8 63
8 52
9 86
9 75
5 19
8 66
2 43
1 65
3 12
10 82
3 4
1 91
1 88
7 15
5 59
7 59
5 95
7 25
1 16
10 65
10 73
5 32
7 91
5 19
1 88
3 100
10 77
9 52
3 93
7 13
3 74
3 51
9 9
6 59
1 2
6 70
5 38
5 12
4 14
3 53
10 9
5 26
5 33
1 59
4 75
6 48
4 77
6 5
4 10
8 1
6 49
6 23
3 98
6 62
8 31
1 4
8 6
7 54
8 65
10 86
9 38
3 46
4 76
3 37
4 73
5 68
3 94
7 79
8 22
5 37
4 41
10 78
5 20
3 89
6 87
4 43
4 43
3 75
2 47
4 3
9 38
5 79
4 55
7 82
3 85
3 54
9 10
4 1
3 14
2 98
3 88
1 17
9 81
6 89
9 30
9 47
5 46
3 60
1 41
6 48
1 63
7 45
7 96
9 60
2 52
8 46
6 96
9 8
8 9
5 69
10 45
7 98
4 64
4 13
7 44
1 49
8 97
5 33
2 92
8 7
6 55
9 85
5 59
5 52
2 14
3 94
1 80
8 34
6 37
10 50
10 31
2 97
5 7
3 11
5 78
2 78
5 79
7 87
1 32
5 90
3 25
10 34
4 38
8 5
9 32
7 29
