4 29
4 81
4 90
4 9
10 48
8 35
4 36
9 29
10 26
1 27
1 77
6 22
8 45
5 12
4 75
4 18
2 20
10 78
5 94
2 70
4 29
8 61
7 85
1 93
5 97
10 51
10 89
5 80
2 68
6 96
8 18
4 81
8 60
7 41
3 38
5 97
2 55
3 84
4 43
6 72
9 84
6 4
3 9
4 1
8 67
5 82
9 11
8 97
5 69
3 24
8 29
3 22
1 44
7 79
2 53
8 21
2 57
7 66
3 4
2 31
5 62
10 3
2 55
2 13
3 91
6 94
5 36
4 65
7 74
10 90
5 40
9 29
8 13
5 9
6 47
8 100
4 53
2 69
1 89
2 30
8 82
9 23
9 14
1 25
3 2
1 97
5 31
4 88
8 27
5 29
7 73
6 56
6 92
3 66
2 22
1 3
5 74
6 64
2 63
5 35
1 36
9 68
4 18
3 90
1 21
4 98
8 87
9 56
8 94
3 21
1 93
10 62
3 63
5 43
6 44
6 3
4 16
6 51
8 18
1 62
2 90
4 37
7 83
3 52
9 61
4 6
9 78
5 25
9 25
10 46
3 52
6 44
4 50
2 83
6 38
7 56
6 93
3 41
4 72
9 80
6 83
2 93
4 82
5 56
5 55
9 16
3 87
10 11
10 62
8 99
4 34
9 34
8 76
9 25
5 35
6 83
10 38
9 94
4 48
1 8
6 42
7 41
6 94
7 15
10 96
1 18
3 55
6 50
7 73
7 40
4 75
4 46
6 40
10 18
3 29
5 85
7 99
1 57
8 73
5 37
7 16
9 62
5 68
2 41
9 54
10 99
1 33
4 32
1 34
1 95
1 20
5 71
1 44
8 44
3 54
5 45
7 89
2 63
8 34
5 54
4 61
4 67
2 80
2 30
6 32
6 31
9 45
2 65
10 86
7 78
1 36
2 71
1 45
3 47
9 28
5 38
5 35
1 65
9 56
2 100
8 86
7 25
5 69
5 32
8 53
2 40
3 100
6 38
2 66
8 11
10 31
4 77
9 76
8 47
3 66
4 86
7 24
9 65
8 96
2 63
8 33
1 73
4 28
10 66
7 21
5 28
4 66
2 62
7 36
2 39
10 77
8 71
4 14
3 27
5 48
8 99
1 6
3 33
6 47
8 25
5 67
9 77
10 53
8 38
1 71
9 80
7 22
4 52
3 27
7 88
8 99
3 68
10 80
10 16
4 86
10 89
7 90
5 82
8 97
7 25
2 12
5 50
10 56
5 48
5 9
8 98
2 21
10 26
10 74
4 62
3 56
6 75
4 31
3 7
7 17
2 2
2 29
10 45
2 67
6 100
2 70
10 35
8 73
10 72
5 74
8 27
1 78
8 22
7 94
5 4
6 50
3 94
5 36
1 78
1 40
3 84
9 44
5 34
2 83
5 15
9 95
2 52
1 55
2 79
3 75
5 30
9 67
2 89
2 95
7 39
4 78
2 19
9 73
6 19
4 56
6 58
5 96
2 35
1 83
7 70
6 85
8 63
4 72
2 74
7 24
4 74
2 74
1 98
9 14
4 42
4 75
1 94
6 58
6 6
5 11
8 2
9 54
9 93
9 18
1 22
4 45
6 22
7 39
4 49
9 47
7 35
6 24
8 11
3 81
6 64
1 71
1 36
4 65
4 95
2 96
4 52
4 68
2 31
5 77
5 31
5 80
7 11
8 68
8 8
8 22
4 85
7 81
6 76
6 13
9 37
4 55
10 26
10 6
7 21
4 89
9 17
10 45
1 100
10 46
2 34
8 99
6 86
1 59
5 17
7 67
1 31
4 74
3 9
1 99
9 25
10 34
5 87
1 90
5 92
3 11
8 65
1 77
1 25
7 57
4 33
2 32
7 6
2 37
2 56
10 91
4 45
9 53
7 68
2 23
7 22
10 62
9 77
8 15
10 24
9 58
7 1
7 82
8 64
3 57
9 85
1 41
2 63
3 41
9 57
7 83
6 46
7 40
2 45
3 23
8 82
1 38
9 31
9 90
1 39
2 81
5 1
2 87
6 26
2 66
1 18
3 32
3 29
7 80
9 85
5 96
8 31
5 9
8 27
2 60
7 62
1 18
4 20
10 8
3 46
4 17
3 46
5 4
4 1
2 90
3 83
5 21
1 31
3 5
1 1
9 40
8 77
9 43
9 49
1 79
9 7
4 22
3 98
4 49
5 100
3 19
10 1
4 32
1 18
8 55
5 68
7 62
5 92
2 60
5 97
9 70
6 97
5 43
8 18
4 17
2 68
6 46
10 43
9 95
1 44
10 13
10 49
3 57
4 7
6 14
6 15
5 11
9 97
7 22
10 9
8 37
2 79
4 80
9 31
3 31
7 2
6 54
1 12
4 79
1 75
8 44
3 52
7 27
6 42
3 83
10 88
10 97
6 84
7 20
7 83
9 1
5 7
2 47
5 40
9 74
10 2
4 91
10 88
4 74
3 91
3 61
1 19
3 61
2 31
1 18
6 79
6 71
2 22
9 23
2 70
9 72
6 30
9 42
1 46
3 60
5 18
3 40
7 13
3 33
6 49
6 19
5 56
5 6
8 9
7 34
2 58
10 63
6 98
5 42
1 20
9 1
3 10
4 37
3 91
7 69
1 68
10 38
7 42
8 94
6 52
7 21
10 87
8 13
10 94
2 82
7 91
2 69
3 36
6 31
6 88
6 81
10 90
9 71
1 37
4 34
9 9
6 32
3 22
6 100
5 42
6 98
10 2
4 28
3 30
4 14
8 74
7 80
7 98
5 43
9 60
7 56
6 45
10 29
7 62
4 41
5 59
9 71
10 63
6 5
8 94
8 91
5 75
5 84
4 76
4 46
7 60
8 23
6 89
5 55
10 29
6 4
2 11
2 52
1 35
9 14
4 98
2 74
6 95
3 91
9 60
2 99
1 89
7 46
2 72
1 55
3 100
1 33
1 52
3 21
6 89
8 86
8 28
6 33
5 67
4 22
7 2
9 10
2 22
7 43
2 86
8 87
7 34
7 91
6 81
7 11
10 26
2 76
5 55
10 75
5 71
7 46
1 7
2 12
9 24
6 96
2 83
6 78
2 49
7 92
10 2
10 1
10 90
1 41
8 11
10 85
9 95
1 49
1 41
7 84
5 86
7 22
6 35
3 53
9 26
6 99
10 55
2 88
4 88
9 41
10 5
4 53
1 78
8 60
9 70
5 70
5 58
6 33
4 35
4 91
1 72
5 31
2 96
10 83
8 1
3 60
8 59
5 2
10 21
10 7
4 97
8 11
1 13
8 49
8 21
10 85
4 21
1 38
4 82
6 23
5 53
2 43
2 15
1 1
10 95
4 70
5 50
9 90
7 66
8 18
4 23
3 18
3 70
3 46
10 24
1 63
8 19
9 23
4 8
5 53
2 61
6 96
10 21
4 40
1 47
1 24
3 96
4 22
10 74
10 56
5 97
6 87
1 48
10 55
4 82
1 79
5 95
2 79
5 27
2 44
2 93
8 19
5 72
6 30
5 71
9 68
9 55
7 92
2 68
8 6
4 5
2 50
9 60
5 66
8 2
8 74
7 11
2 27
10 3
9 61
2 2
1 74
8 58
9 45
6 98
7 72
8 29
8 38
6 5
3 32
6 8
10 19
3 74
10 23
1 58
2 28
1 82
7 62
10 52
7 67
2 63
3 44
8 11
6 52
3 38
9 15
8 60
2 78
6 74
7 49
4 23
5 78
2 4
4 60
5 22
7 33
6 7
5 52
9 61
3 47
1 87
2 89
6 26
8 72
6 83
8 87
9 16
6 47
2 48
1 12
7 85
3 43
9 49
9 10
3 1
1 76
6 39
3 39
8 54
10 52
2 24
7 34
8 76
3 44
10 69
7 41
9 8
1 34
4 94
5 31
4 90
9 42
9 10
7 69
6 60
8 79
9 26
1 75
7 87
10 68
4 88
8 33
1 66
3 37
9 45
4 7
4 56
2 21
5 2
3 19
5 49
4 8
6 4
10 96
4 33
9 84
4 25
3 62
7 42
4 89
6 60
5 94
6 3
4 26
4 65
8 61
10 47
8 39
3 79
1 82
2 62
8 79
2 23
8 94
8 37
5 77
2 5
7 72
9 36
1 69
6 35
1 51
7 8
6 69
8 7
4 73
5 50
3 65
6 63
4 71
8 92
8 49
6 24
9 57
1 29
9 96
6 6
7 29
5 43
1 65
10 55
8 49
7 82
10 71
2 81
3 38
5 76
10 22
8 34
7 89
1 40
6 13
9 68
3 42
4 24
9 83
4 52
6 61
4 9
1 25
5 64
6 87
9 51
4 11
5 91
6 16
9 64
1 20
3 41
10 48
4 52
7 16
4 98
9 59
3 79
6 29
1 61
10 94
6 59
10 41
8 31
4 13
1 65
9 92
9 39
4 25
2 93
1 36
4 40
9 17
1 64
3 85
1 4
6 83
8 87
5 87
9 97
