8 54
9 71
10 67
4 92
9 8
2 88
7 92
4 96
3 100
2 96
8 15
3 64
3 34
8 26
5 92
3 2
8 86
7 46
1 22
6 67
9 89
5 84
2 11
8 42
9 35
6 17
5 85
5 23
5 1
10 71
7 88
8 54
10 85
6 14
2 66
7 66
8 62
4 6
2 21
4 68
9 47
7 85
5 73
4 44
9 65
9 72
4 21
9 72
1 7
1 71
9 48
3 49
9 71
2 43
5 57
9 99
5 80
3 24
4 5
3 2
3 15
9 9
6 33
8 92
6 24
2 41
1 75
5 100
1 12
5 41
9 88
2 55
10 34
1 79
5 92
3 66
7 87
6 82
3 3
7 52
8 12
3 4
8 75
2 94
1 32
3 26
4 37
3 71
2 76
4 44
9 35
8 3
2 25
8 36
9 92
3 98
2 26
3 1
9 33
9 84
10 41
2 69
4 4
6 100
6 56
10 29
8 97
8 70
4 69
3 21
8 87
7 23
3 84
4 3
10 65
2 29
3 45
2 6
4 50
9 5
8 73
3 57
6 95
10 15
6 23
5 75
9 53
5 34
6 4
7 49
1 61
3 43
3 42
7 46
10 58
9 80
3 38
2 24
1 96
9 46
10 59
10 5
6 72
3 28
6 68
1 94
2 20
3 27
3 54
6 23
5 73
1 66
7 52
2 6
5 92
4 18
7 1
6 47
6 91
2 17
2 42
9 67
5 55
5 32
6 10
1 59
9 86
10 58
7 68
5 31
5 88
3 4
5 40
9 45
7 99
3 92
7 63
8 5
3 28
4 12
7 58
6 5
10 1
10 78
3 8
5 23
4 59
4 3
3 90
10 47
5 79
6 54
2 83
7 53
4 15
8 32
3 50
6 88
7 83
9 63
2 89
7 47
10 57
6 92
4 9
9 42
3 28
8 27
7 34
7 61
5 50
5 99
4 42
7 7
6 51
9 73
5 51
9 6
5 19
2 87
5 23
10 73
3 1
10 34
9 8
7 19
6 55
7 70
5 58
5 67
8 90
8 31
3 14
9 24
5 1
8 80
7 62
6 47
8 86
2 12
4 33
6 38
9 82
1 97
10 89
3 65
10 23
4 17
5 65
6 69
3 62
2 70
1 51
2 62
1 84
5 89
3 45
9 62
9 2
4 52
10 49
6 74
8 39
8 41
10 30
7 33
9 42
6 94
6 54
4 38
6 34
1 88
4 32
2 31
2 15
5 18
1 52
6 12
8 32
1 41
1 96
10 56
3 69
10 11
9 83
6 5
3 89
8 62
10 33
9 74
1 38
9 96
2 64
3 25
10 61
9 90
5 90
3 67
8 84
6 46
7 6
6 56
2 36
10 3
4 18
8 45
9 78
4 93
8 23
8 48
7 47
10 75
3 62
7 56
6 19
3 15
2 70
7 4
9 19
5 2
1 1
10 2
6 24
10 42
2 22
2 29
4 61
3 65
9 2
10 85
6 57
6 21
7 81
6 100
10 3
1 80
2 7
4 24
5 27
1 63
6 25
7 85
10 40
9 16
8 35
3 45
4 46
9 97
2 26
1 60
5 39
5 93
8 60
3 19
1 64
6 23
6 44
3 14
10 94
1 24
4 37
8 36
6 91
8 47
2 28
8 44
2 80
6 100
10 68
8 19
8 53
6 27
9 31
7 50
4 50
7 88
4 28
5 27
6 59
9 22
3 32
10 8
1 97
6 26
7 99
8 69
4 97
4 35
4 50
7 60
10 69
1 48
10 96
3 32
8 34
4 51
10 27
4 4
3 22
5 30
8 45
1 51
5 49
1 54
7 65
9 92
10 66
8 74
9 41
6 93
10 77
5 6
9 87
8 33
7 76
1 13
2 62
6 11
9 55
7 81
10 91
4 30
5 50
7 60
2 95
3 93
2 59
3 54
9 61
2 77
7 6
4 87
4 70
1 100
7 43
4 100
4 34
1 18
1 12
4 58
10 25
5 52
10 37
7 80
6 37
4 74
4 97
6 32
1 64
6 86
6 16
4 30
8 72
2 4
5 84
3 90
9 53
2 94
9 46
9 60
3 87
7 47
10 72
6 3
2 54
4 37
4 46
6 96
5 35
5 25
3 51
3 90
5 5
6 3
5 90
9 17
3 43
6 64
4 87
7 5
7 38
4 93
8 34
3 30
5 73
8 80
8 80
3 62
7 99
5 39
1 22
10 56
5 68
3 82
10 75
5 41
5 26
8 91
9 55
2 51
1 87
10 5
8 99
5 40
10 25
2 95
7 78
7 25
8 96
6 67
7 3
6 76
4 40
10 70
9 77
9 36
5 29
4 56
3 53
2 6
2 96
8 82
2 20
9 95
1 46
2 17
9 96
5 46
9 57
1 65
9 73
6 4
10 15
4 9
1 2
5 40
9 84
9 79
6 22
4 31
5 49
9 39
8 37
3 19
6 5
1 50
5 30
8 5
8 81
6 92
2 41
2 4
8 65
9 24
8 88
10 24
2 78
1 40
8 7
1 46
10 60
8 64
5 89
6 5
10 23
7 26
8 26
6 20
4 63
6 77
1 69
8 68
9 22
9 83
1 60
1 76
10 86
9 24
9 1
7 96
5 45
4 1
1 65
3 24
10 38
1 60
9 21
1 25
2 87
8 89
5 19
7 60
5 50
5 92
9 79
7 91
4 86
1 67
7 59
1 17
6 90
9 26
6 49
1 83
4 94
10 47
4 45
2 7
8 90
6 14
8 58
8 42
2 20
8 83
10 72
10 3
3 98
10 52
4 52
6 19
2 35
9 58
8 77
7 89
6 61
2 12
8 54
3 45
10 57
5 69
10 79
10 98
5 80
3 69
6 50
1 33
3 86
4 1
7 100
10 93
2 78
3 60
7 100
3 75
3 39
7 94
9 72
5 1
5 70
6 53
9 60
9 1
5 82
8 35
6 72
10 36
1 87
2 5
1 91
10 49
6 32
3 64
5 23
10 29
7 90
5 12
4 54
1 38
9 37
5 98
9 100
7 10
4 86
8 23
1 79
10 18
4 5
7 57
7 5
10 58
10 30
9 94
10 27
9 53
2 46
7 22
3 61
9 86
9 24
9 15
7 97
2 3
3 26
9 100
9 86
7 27
9 19
4 8
1 79
9 37
3 4
3 41
8 10
10 65
4 97
10 47
7 97
5 40
4 63
4 4
4 9
1 17
1 13
5 100
5 22
6 3
5 81
9 40
7 60
2 91
6 29
7 29
1 26
3 25
3 76
1 32
8 18
7 15
2 100
2 76
10 93
3 71
3 11
5 16
2 34
3 87
9 88
10 80
1 36
7 25
5 61
10 13
10 50
2 70
2 12
3 39
3 96
10 81
2 19
2 96
10 88
6 22
3 46
2 44
6 15
10 85
3 33
1 72
4 36
7 90
2 73
3 61
4 93
2 20
1 81
6 28
8 59
8 44
3 27
7 21
4 48
10 96
9 98
8 78
6 68
4 3
7 2
9 18
4 31
8 76
7 17
1 100
10 30
4 44
9 38
10 79
2 15
7 19
6 86
2 61
4 63
9 96
7 37
7 82
5 75
7 99
9 11
7 60
4 38
10 51
4 93
3 11
2 7
8 62
8 63
4 11
5 96
7 97
4 68
1 58
6 55
10 35
6 71
8 1
8 66
4 77
9 30
2 15
9 24
10 8
9 43
4 83
10 52
7 80
3 21
4 69
1 43
2 81
3 17
4 41
8 6
1 69
3 51
4 49
3 14
7 14
4 51
10 97
7 66
5 23
1 98
2 7
8 25
6 48
5 44
10 86
10 99
5 56
3 74
10 80
10 74
10 52
4 67
7 70
6 99
6 39
5 100
10 80
9 68
5 13
4 42
6 23
4 88
3 94
4 44
8 20
8 36
8 57
10 83
9 68
6 54
10 11
3 35
6 56
4 17
4 8
7 9
8 96
8 58
6 14
5 65
4 9
3 91
3 82
1 35
2 37
4 7
4 92
4 35
10 15
9 54
10 60
2 35
9 25
2 84
10 13
5 45
1 28
9 79
3 71
8 95
7 84
4 15
1 62
8 12
7 9
4 27
4 78
8 90
7 47
5 62
6 10
9 36
5 63
4 17
7 59
6 51
5 9
3 5
3 8
3 78
10 63
7 31
2 10
5 67
4 92
6 61
2 31
6 74
8 100
6 52
6 63
8 34
2 76
8 53
6 51
4 61
3 84
4 38
1 79
10 34
8 10
9 92
6 53
7 90
7 62
9 40
4 99
3 34
4 41
3 48
3 51
7 73
2 80
9 97
10 26
4 43
9 4
5 60
3 3
1 74
9 45
10 18
4 22
5 21
10 60
5 85
3 55
10 21
6 63
2 55
1 79
8 90
3 22
10 28
2 95
7 68
4 29
10 37
9 13
9 1
8 62
2 13
2 84
10 91
1 73
10 32
8 81
7 47
5 12
5 8
8 26
1 2
6 86
3 34
3 32
5 20
5 54
5 79
7 94
