7 39
7 97
6 47
3 62
4 75
4 23
4 27
6 35
2 50
10 23
2 56
7 68
10 15
5 4
2 20
9 98
2 46
5 85
3 32
6 67
2 45
8 61
2 14
2 20
8 39
1 52
8 22
8 36
8 97
6 30
7 66
10 63
2 2
10 44
6 44
3 62
3 65
10 4
2 57
2 71
9 67
4 26
1 21
7 55
2 51
8 31
3 47
7 34
7 27
1 6
3 8
5 99
6 50
8 27
10 8
3 21
10 38
7 33
9 34
7 38
9 85
3 93
5 7
6 65
8 14
5 92
8 31
8 5
5 42
3 55
8 45
7 22
2 12
4 33
10 100
7 33
8 79
4 54
7 56
9 84
7 100
8 72
5 13
9 49
3 55
2 18
3 5
7 42
8 21
3 35
4 56
7 87
4 72
4 29
2 33
7 37
9 56
4 96
4 19
5 47
2 74
9 5
8 54
5 20
1 57
2 98
1 5
8 97
2 66
9 70
9 79
3 74
10 49
4 7
2 40
2 66
1 87
6 77
7 71
10 37
6 59
3 45
1 7
6 39
3 88
3 77
2 28
1 72
2 39
2 69
3 41
8 31
3 34
9 77
5 61
4 52
7 77
9 46
4 11
1 28
8 85
1 99
10 59
5 46
4 89
4 94
10 49
4 6
5 51
1 85
8 31
8 79
1 90
6 1
1 49
2 61
2 86
8 42
3 1
2 33
8 21
6 66
9 5
1 78
8 98
3 89
7 93
7 19
2 37
8 56
9 79
6 74
5 76
10 56
4 49
9 45
10 21
2 29
4 11
1 44
7 58
3 93
6 52
3 35
7 79
3 24
2 91
6 18
4 53
3 40
5 100
6 65
3 46
4 72
5 82
3 68
1 81
3 18
10 95
1 89
2 49
4 86
5 49
10 18
7 90
2 22
1 41
8 22
2 96
4 58
7 63
5 1
3 42
6 27
1 19
7 58
10 73
10 17
10 12
8 98
1 79
1 10
8 40
10 24
1 52
10 74
2 25
7 40
2 56
8 91
9 27
9 21
1 28
5 37
4 84
1 21
10 32
2 56
10 78
4 90
5 8
2 14
7 65
7 68
3 56
7 32
10 48
4 83
1 22
8 70
7 42
10 20
1 77
4 53
7 94
8 21
8 68
2 78
1 25
1 11
3 59
4 61
2 72
5 100
1 30
9 56
2 89
2 87
7 77
5 92
5 37
5 48
3 74
2 16
8 40
5 54
1 63
10 31
9 74
5 52
9 6
6 16
7 49
9 77
7 34
3 5
10 42
10 33
5 53
7 37
4 75
5 44
4 37
9 88
3 47
4 26
5 93
4 68
2 79
3 11
8 90
10 11
8 45
7 29
9 1
5 46
1 13
1 91
4 21
7 62
10 58
8 82
8 6
7 38
1 63
5 84
9 15
4 1
5 39
5 15
3 25
2 62
1 31
9 100
4 79
1 71
6 40
6 34
1 27
6 57
10 79
8 29
5 11
1 28
8 91
9 33
2 95
9 65
6 60
2 11
1 26
10 77
10 39
9 12
2 74
5 37
7 22
8 38
3 75
4 33
1 90
5 84
7 69
7 15
10 52
2 71
2 40
8 15
2 50
8 53
7 49
6 70
6 65
7 43
4 3
1 33
1 23
3 52
3 100
4 60
9 76
4 13
9 92
7 61
1 14
1 52
9 50
2 12
3 78
2 39
8 92
4 83
2 90
4 64
10 84
6 1
9 55
9 8
3 89
4 88
9 42
10 2
10 42
2 80
5 76
10 83
8 71
3 3
3 20
7 89
10 93
1 52
5 5
1 29
10 13
7 38
7 19
8 51
2 1
8 4
2 24
1 74
4 55
9 1
4 32
8 82
10 79
8 79
8 11
6 92
5 70
8 57
5 16
8 30
4 7
4 10
5 49
6 21
1 19
5 21
6 35
8 96
4 26
10 53
10 85
7 12
5 57
2 32
4 37
10 68
8 12
9 53
8 56
2 24
5 79
3 19
2 60
6 99
10 94
5 82
10 82
3 70
1 66
8 87
5 83
2 21
3 63
7 73
1 48
7 2
7 6
2 60
10 28
6 23
6 63
1 94
6 94
8 66
6 69
6 90
10 49
7 72
1 2
7 19
3 97
10 9
3 6
4 63
7 53
10 35
6 52
7 61
9 41
1 64
6 38
2 25
4 20
6 22
5 64
8 21
8 72
1 90
8 25
3 19
4 34
9 28
5 99
2 32
1 16
1 79
4 37
8 64
8 19
5 86
9 88
1 9
1 20
4 76
6 53
2 70
5 20
6 9
1 30
2 66
3 39
6 71
10 14
7 92
4 58
3 78
2 19
8 53
9 10
1 9
10 28
8 4
6 82
5 7
10 54
9 27
7 85
2 10
9 9
6 16
4 70
1 8
9 30
1 23
4 5
6 77
1 35
3 91
9 93
5 98
5 76
3 71
1 90
4 2
8 1
5 48
9 62
7 20
1 47
4 50
6 74
5 70
2 42
5 72
10 71
2 77
4 38
5 34
9 3
1 52
4 40
2 28
8 43
1 83
3 59
3 15
5 79
7 18
8 37
9 32
6 91
10 9
10 97
4 84
5 19
3 67
9 4
4 36
1 60
8 81
2 66
3 52
1 83
6 1
6 56
3 30
2 30
7 26
3 61
10 13
5 14
3 4
4 94
10 72
9 45
9 2
9 12
4 7
4 3
7 65
9 14
3 22
8 11
1 51
6 65
1 94
9 25
2 71
4 10
9 41
3 31
4 17
3 64
7 70
10 17
5 84
4 21
8 28
7 15
6 73
1 67
4 78
7 59
10 47
6 52
2 50
1 41
8 39
3 28
6 19
2 89
4 78
8 91
9 44
10 49
9 88
9 22
10 5
3 49
3 81
6 76
10 54
10 64
10 36
9 87
1 85
7 26
3 9
3 10
10 63
9 81
9 48
3 77
9 51
3 6
8 93
8 94
9 35
6 75
8 35
4 4
7 68
5 56
3 39
6 84
5 71
3 68
7 84
4 6
9 56
10 62
10 6
1 50
2 57
6 22
10 97
2 53
4 37
9 56
2 92
1 91
8 6
4 21
5 24
5 47
10 72
10 46
9 41
8 36
7 2
4 30
3 61
4 24
7 74
8 81
4 94
5 17
6 11
2 52
3 82
3 41
1 88
2 9
8 77
2 80
4 7
5 82
2 20
6 38
7 53
10 43
8 11
10 59
4 78
7 58
10 15
5 33
3 87
8 44
9 96
10 77
9 21
9 31
7 66
1 35
10 21
4 63
3 23
1 89
8 35
1 39
7 78
8 41
4 81
5 82
8 60
8 96
7 99
2 16
1 58
7 63
2 49
4 4
3 31
8 95
4 98
10 54
8 97
1 26
6 74
3 52
1 1
8 22
1 25
10 26
6 26
2 46
3 48
4 23
4 15
5 96
7 44
8 59
5 13
7 12
3 94
6 65
10 52
9 17
3 79
3 3
10 79
3 92
2 47
9 63
3 75
9 14
10 48
9 30
9 70
9 94
8 13
2 93
1 41
8 98
8 33
9 14
1 12
4 93
10 91
9 25
1 94
10 32
3 9
9 84
7 35
3 30
6 92
6 1
2 76
8 97
4 75
2 44
8 11
9 9
1 49
9 60
3 85
8 49
10 81
4 5
9 57
8 87
7 93
7 100
1 80
9 54
1 78
10 56
4 61
1 51
5 88
1 100
7 19
7 87
3 80
10 48
10 64
10 36
5 90
7 62
6 6
8 49
10 41
5 43
6 53
7 33
6 19
3 6
3 94
1 28
1 12
7 85
3 95
10 59
1 38
6 68
4 53
9 54
9 24
3 27
5 28
5 81
5 96
7 9
6 4
9 65
7 34
5 68
6 71
6 30
6 25
2 90
1 75
6 29
3 59
3 55
3 46
7 20
1 91
3 21
5 77
5 78
9 15
8 70
9 99
9 42
4 7
9 26
2 33
8 93
5 98
1 44
5 74
6 10
8 26
8 27
3 22
1 19
3 78
9 43
1 20
4 79
1 13
4 27
6 86
1 80
7 5
4 81
5 57
10 4
10 27
2 7
10 55
4 84
4 75
6 86
7 38
2 97
2 85
8 58
1 32
7 24
9 53
10 3
2 95
5 8
8 84
6 36
10 63
1 85
1 62
4 39
7 33
8 52
9 41
3 97
7 36
9 86
7 40
6 45
1 23
10 26
9 91
6 14
6 52
1 14
8 63
8 7
10 24
1 72
8 12
10 48
3 9
6 99
10 12
10 71
8 38
9 96
7 79
10 25
4 15
10 43
9 94
4 25
8 48
4 97
2 66
9 13
2 12
5 5
2 36
2 66
1 68
7 49
2 92
1 82
5 87
5 47
6 68
7 57
2 52
2 7
6 51
1 39
4 37
5 17
7 100
2 61
5 100
2 37
10 46
5 77
6 82
8 80
6 56
10 84
1 1
4 49
10 72
4 71
6 84
5 31
5 45
3 65
3 7
