9 56
4 69
2 53
6 80
8 99
7 11
7 14
2 84
10 42
3 21
10 26
1 63
3 56
3 65
3 69
7 18
6 85
9 79
1 61
10 42
8 27
3 28
10 41
10 58
10 20
7 5
1 31
3 43
1 63
5 42
10 55
5 48
10 43
9 57
4 37
2 69
6 24
4 78
5 48
8 66
7 94
4 29
7 18
10 55
5 55
10 45
3 24
7 75
1 94
7 49
3 93
3 99
1 19
10 59
2 11
9 85
6 67
7 23
2 95
4 67
6 75
10 3
4 99
7 7
8 65
6 49
10 23
10 94
3 84
3 53
4 62
3 11
3 75
9 70
5 1
2 94
10 54
6 18
2 32
1 63
1 78
8 44
7 9
3 50
1 47
9 95
9 22
3 11
1 97
4 38
3 88
1 77
4 21
8 80
3 96
8 68
5 99
9 47
9 63
8 93
10 68
10 41
7 79
2 66
8 34
10 76
2 93
1 92
8 61
7 19
3 42
5 14
9 26
7 48
10 20
9 69
1 70
3 20
5 20
8 51
9 87
8 70
3 83
4 38
3 52
3 73
3 75
2 64
10 93
9 9
9 68
2 66
7 75
5 14
5 1
8 43
2 10
4 30
2 42
7 4
5 75
2 29
9 62
8 59
7 9
2 12
4 16
9 13
7 2
9 77
10 75
8 2
6 68
8 75
8 23
5 25
7 42
3 31
8 91
8 83
4 18
6 63
6 7
1 70
8 62
10 80
6 9
2 51
3 77
1 37
1 89
2 7
4 89
9 72
6 59
8 43
5 28
5 49
1 73
4 17
2 24
5 51
7 3
7 92
4 25
8 84
6 69
3 48
1 92
8 82
5 73
4 68
5 35
1 34
4 87
9 85
1 25
10 38
7 14
6 14
9 92
9 64
9 70
6 68
8 50
10 23
5 37
5 49
4 43
7 87
10 92
7 79
10 51
2 17
10 5
6 56
5 2
8 93
4 33
1 92
5 49
6 66
4 12
8 72
2 7
4 70
1 33
6 91
1 11
1 68
2 77
7 28
1 18
8 84
1 1
6 100
1 79
10 31
2 74
7 83
8 89
2 29
7 29
1 68
2 33
9 4
3 61
7 55
10 74
5 68
8 90
1 60
7 34
9 98
10 42
1 34
10 52
10 39
2 89
10 7
2 45
1 20
2 38
5 60
1 40
6 1
7 9
10 95
10 64
3 99
2 8
5 26
1 35
8 92
6 60
9 51
7 98
5 19
7 91
10 12
1 86
6 15
10 97
2 30
3 82
6 19
9 49
3 43
5 35
2 100
3 74
2 89
8 54
4 60
7 60
7 87
7 22
3 6
7 90
8 16
6 48
5 80
3 56
7 97
8 81
1 87
7 88
7 69
10 20
2 80
10 38
2 28
7 41
1 14
4 73
5 90
3 3
9 84
10 29
2 95
1 79
1 9
3 61
4 95
10 63
5 56
2 32
3 60
2 39
4 92
1 14
9 56
9 100
4 38
7 77
3 70
6 82
3 83
2 26
10 30
7 45
9 65
2 94
9 87
2 24
9 62
2 99
10 62
3 38
10 94
2 27
6 97
3 90
1 20
10 50
8 15
6 60
2 41
6 37
5 12
4 20
2 70
6 3
1 91
4 28
4 12
10 56
8 70
3 19
1 12
6 41
5 21
10 29
3 22
3 5
3 84
6 7
9 23
1 19
10 52
8 2
4 1
4 59
6 30
1 100
6 67
7 36
5 1
10 56
3 63
10 37
1 15
9 45
6 17
8 25
6 24
6 27
8 59
6 4
4 68
8 59
3 5
7 50
2 27
1 37
5 100
7 33
4 20
5 93
1 61
9 5
10 64
9 17
7 72
10 84
6 30
3 63
8 38
7 44
1 26
2 76
9 89
8 9
9 96
1 13
4 25
3 41
6 68
8 18
6 39
8 70
7 93
8 95
7 31
7 97
2 11
2 65
10 79
3 74
6 51
3 11
4 55
10 4
5 75
5 63
5 64
6 99
10 88
6 13
9 35
7 73
2 46
4 4
5 72
2 60
6 80
4 21
7 1
4 11
9 2
10 9
6 31
8 98
1 56
1 27
10 97
9 69
8 62
5 5
7 66
7 53
4 52
5 25
5 5
1 16
9 9
2 14
6 20
2 36
7 49
10 98
5 11
3 12
2 21
7 27
5 32
10 28
10 78
5 4
5 62
4 31
3 39
1 23
3 96
8 76
2 94
5 78
6 21
5 99
5 100
5 92
4 66
7 66
4 100
3 50
9 37
4 67
2 49
5 88
3 9
10 82
10 32
9 59
1 25
7 13
5 58
7 78
7 96
6 33
7 4
6 87
9 8
9 16
7 55
8 33
2 21
10 67
1 7
4 61
5 52
7 10
2 97
4 6
1 95
2 49
2 58
9 51
6 64
7 58
4 36
10 21
10 3
4 2
1 15
7 88
7 47
7 67
3 61
4 48
9 5
4 5
5 31
9 2
1 26
1 99
10 81
8 58
1 55
1 35
4 79
8 60
7 17
9 91
3 52
8 80
1 72
6 41
1 79
3 24
1 77
6 20
1 50
8 42
7 94
1 79
8 19
2 80
7 22
7 11
7 48
9 46
10 31
7 45
1 50
1 12
3 9
2 95
7 50
10 71
10 66
7 50
1 49
8 70
4 22
3 18
7 53
8 30
4 66
5 30
5 27
6 12
3 34
8 91
5 42
3 19
4 37
1 70
1 23
7 20
2 69
5 37
9 16
2 96
7 9
4 40
7 39
2 62
7 68
9 81
6 78
3 32
3 25
4 78
9 49
10 52
1 67
8 98
7 65
2 48
8 12
9 54
6 45
2 27
3 68
1 76
3 29
1 56
3 100
2 63
5 25
8 8
10 69
4 56
3 96
5 10
6 72
4 48
7 42
8 68
1 37
7 28
2 80
3 64
7 69
9 31
2 57
4 13
8 82
8 76
3 12
8 41
3 23
8 51
10 2
7 87
2 2
5 26
5 11
10 72
3 40
1 65
9 29
7 19
1 25
10 93
8 90
10 26
7 67
3 38
4 81
5 41
8 5
4 58
2 17
4 8
1 66
6 18
10 51
4 22
3 48
7 40
8 6
8 10
7 39
1 41
3 94
10 54
9 41
4 58
7 39
6 67
2 9
4 33
1 36
10 10
3 87
5 79
6 91
5 99
7 63
8 41
4 37
3 62
10 95
2 44
4 48
9 75
2 11
9 19
1 39
10 67
1 80
8 65
5 90
3 14
9 71
4 65
2 8
6 100
2 5
8 8
6 50
6 75
3 59
7 31
1 98
2 45
3 36
4 63
5 6
3 7
6 84
5 78
1 61
7 26
9 77
10 9
5 7
8 30
5 49
2 17
5 46
7 51
10 12
3 96
1 97
3 70
5 56
9 27
7 49
5 31
3 85
4 83
10 19
4 10
8 89
8 38
4 35
5 83
1 31
5 89
7 48
2 23
6 57
10 81
1 15
5 42
9 63
2 39
8 11
9 73
8 59
3 53
3 12
3 15
10 53
10 1
3 18
10 94
7 42
1 63
4 32
9 12
7 26
4 28
7 15
2 44
10 8
5 35
4 22
9 33
7 14
2 64
3 37
10 51
9 55
10 41
2 4
1 46
5 55
10 99
3 23
2 87
10 2
5 19
7 52
4 71
5 2
3 39
9 38
1 69
8 12
6 56
4 38
4 22
6 92
10 19
3 78
10 74
2 15
3 38
9 72
5 54
4 42
9 81
5 56
2 14
10 26
9 7
8 55
10 37
1 54
4 92
10 45
3 45
3 74
4 42
5 87
3 90
1 76
2 90
6 81
5 76
4 99
2 78
5 67
7 59
10 18
1 43
3 3
9 20
5 87
6 50
7 4
3 95
6 62
5 7
1 90
6 68
5 69
3 66
2 69
8 8
5 99
5 35
4 33
9 95
10 30
6 7
10 21
10 61
7 7
3 96
9 6
2 75
3 74
9 47
5 78
5 68
3 21
1 17
5 83
9 86
5 28
4 83
4 3
9 72
7 15
8 68
4 3
10 19
4 20
1 12
1 26
5 55
6 32
5 96
5 40
4 28
9 19
6 14
4 1
1 15
3 30
5 59
8 46
6 65
9 47
5 21
10 28
8 12
9 52
6 48
7 25
2 59
10 37
10 23
1 53
5 68
3 89
4 77
8 94
6 57
6 69
5 38
8 49
5 93
2 18
10 46
1 86
6 97
4 73
7 26
1 72
4 97
7 70
5 15
2 20
5 39
10 75
5 84
5 65
4 84
3 4
8 21
1 79
1 11
2 35
8 80
7 77
9 52
2 99
8 37
5 8
10 50
3 18
3 55
3 7
8 26
7 100
7 18
5 83
10 58
5 67
3 100
9 54
6 15
8 99
4 66
6 97
8 64
1 85
3 81
2 100
8 8
9 77
7 96
7 2
10 76
1 97
10 86
5 52
8 95
2 62
5 50
9 20
5 51
3 64
7 93
7 43
