4 94
9 87
7 60
9 17
5 58
5 50
8 14
10 34
8 6
4 95
5 83
10 69
1 47
3 43
4 95
1 75
2 21
7 58
9 52
10 23
5 28
6 26
6 54
6 65
2 46
3 19
1 17
4 61
3 38
7 39
1 39
2 95
4 56
10 28
9 92
5 66
2 57
4 82
5 87
7 27
3 17
9 60
4 61
2 1
5 9
3 92
2 78
2 88
6 4
10 2
5 76
6 51
9 23
5 15
10 65
8 31
2 43
8 59
2 13
10 60
6 31
9 72
4 63
3 29
1 48
5 14
5 67
5 26
8 67
1 3
3 43
3 63
8 55
8 23
8 15
8 7
3 66
2 78
8 79
5 7
2 70
10 74
7 9
1 62
8 81
9 72
5 13
7 16
2 19
6 24
7 27
6 78
5 48
4 51
6 53
9 82
2 57
9 85
5 27
4 80
5 9
10 33
3 80
5 37
9 66
9 6
1 36
6 64
3 63
7 29
5 97
8 21
7 56
6 35
5 92
3 28
10 11
3 54
1 79
5 96
8 99
7 65
9 86
8 30
10 97
3 66
7 84
2 29
9 53
1 73
5 44
5 89
2 79
9 23
10 14
7 90
1 68
4 81
4 2
9 72
4 31
2 80
4 13
10 58
7 70
6 9
10 36
8 100
8 5
10 92
10 14
4 18
9 31
1 79
4 71
5 93
8 90
6 1
1 4
6 11
8 40
9 40
2 51
9 41
5 72
10 98
7 14
3 70
10 69
1 1
4 25
1 74
6 24
2 20
2 82
1 81
8 20
10 11
4 18
5 83
6 82
9 79
1 63
6 55
10 74
3 81
4 33
6 67
4 50
4 34
8 3
6 20
7 4
5 45
2 20
6 35
4 61
1 13
2 44
2 92
6 82
4 58
5 94
8 63
3 72
8 29
5 45
1 7
2 93
10 98
9 46
8 13
3 7
9 99
6 85
8 95
2 45
9 28
7 33
10 55
3 53
3 70
9 59
6 87
10 15
1 10
1 71
8 68
4 98
9 17
5 67
8 41
8 43
10 35
3 45
4 18
6 87
10 34
8 90
10 71
2 41
2 10
2 43
3 53
5 15
2 23
9 38
2 69
5 76
7 64
9 71
9 86
9 5
5 80
4 36
8 93
4 13
2 60
10 63
9 87
9 62
6 34
2 60
9 100
10 8
6 45
3 30
10 84
3 38
10 36
7 97
4 27
5 50
5 90
7 38
8 3
5 3
7 28
2 27
6 70
10 86
1 84
5 58
2 75
1 8
7 54
2 3
5 81
5 39
5 71
5 88
7 97
5 90
8 59
3 3
7 66
2 8
4 4
7 8
6 49
6 85
9 90
5 81
10 32
1 94
9 14
2 10
7 17
8 27
7 66
5 75
6 45
5 20
7 93
1 79
10 79
1 70
5 61
7 56
7 44
9 41
8 18
6 44
8 46
8 54
3 9
10 59
8 75
2 11
3 39
3 95
10 28
1 35
3 53
8 94
4 73
10 29
2 88
7 20
9 33
3 22
4 48
5 32
2 51
3 89
4 98
7 25
4 14
6 92
5 32
2 63
6 62
9 26
1 61
7 77
3 1
6 53
10 40
10 41
2 83
6 51
2 55
9 29
3 78
5 89
8 89
4 54
8 28
9 80
7 86
6 28
10 75
10 69
8 95
8 75
5 12
4 83
10 41
8 37
7 3
6 54
6 92
10 63
4 62
4 51
3 78
7 59
1 19
8 27
3 31
3 73
6 5
7 13
3 3
4 48
9 3
10 79
5 85
9 27
1 9
8 95
8 77
5 38
10 5
3 48
1 3
6 47
7 60
9 91
5 11
4 15
4 59
1 68
5 69
2 81
10 33
5 40
6 51
4 91
1 84
6 26
4 75
7 26
7 89
3 52
8 17
4 16
6 98
6 96
6 46
3 65
5 18
3 70
5 52
9 1
4 41
6 74
1 63
8 29
6 5
1 40
8 67
1 35
1 57
5 1
4 2
2 4
6 59
9 100
6 36
2 5
1 11
4 88
10 27
1 5
10 24
2 90
2 18
1 38
2 24
5 37
5 84
1 25
6 93
6 24
2 64
1 33
8 99
9 67
4 91
2 53
5 10
3 32
5 63
9 32
8 2
2 53
1 24
3 25
8 11
5 80
9 82
4 97
8 5
8 89
8 36
5 53
1 82
3 52
9 81
2 22
9 24
5 78
4 70
3 39
8 50
9 49
5 80
2 95
4 72
4 41
1 41
2 94
6 93
1 63
8 44
8 94
8 18
9 46
2 94
8 40
6 50
7 88
8 17
3 46
6 93
1 2
2 58
5 83
7 7
10 57
1 48
3 88
2 36
7 26
5 17
5 86
3 58
3 11
7 45
4 75
4 52
6 66
8 55
2 73
3 7
5 42
1 53
1 23
7 37
6 78
10 10
8 20
8 3
2 39
1 41
9 32
10 12
5 11
4 64
1 35
4 30
3 22
5 79
6 27
7 21
3 25
7 4
7 51
8 41
6 72
10 71
6 57
6 42
6 95
9 89
10 61
2 27
9 21
2 47
4 92
7 22
5 49
6 5
4 26
7 40
9 46
8 41
9 29
2 2
6 96
10 31
2 92
7 88
8 75
7 43
1 92
6 58
9 97
2 28
6 26
3 95
4 12
6 13
5 72
7 43
5 63
3 53
5 59
9 59
9 96
2 89
3 96
6 29
4 76
10 98
9 13
5 58
5 88
8 9
2 38
5 30
7 80
7 70
10 19
2 60
6 31
6 36
6 58
10 41
4 48
4 49
4 38
2 7
10 40
10 84
7 89
3 91
3 71
10 100
3 31
3 52
9 14
5 24
7 29
2 100
4 51
8 59
9 70
1 4
4 86
6 79
4 62
10 61
6 88
2 3
7 87
7 59
7 91
9 2
7 54
4 2
10 46
1 82
3 72
10 41
2 84
2 12
1 95
4 25
5 22
8 53
10 52
2 77
8 48
2 56
4 100
6 52
3 82
7 80
4 93
7 28
7 84
8 73
3 67
2 95
5 63
7 51
10 61
4 45
3 31
5 24
9 99
5 94
9 13
8 8
4 76
5 47
4 68
4 76
2 59
1 94
3 69
7 14
3 23
7 60
7 29
7 49
10 48
6 52
3 16
5 79
3 9
6 70
8 53
7 11
1 78
1 19
8 98
6 97
5 73
9 41
10 82
4 23
3 3
8 73
7 55
5 35
5 13
3 6
4 87
2 93
3 97
8 53
3 88
3 56
4 48
2 45
3 90
5 70
1 30
4 74
9 69
2 25
10 15
9 11
6 50
2 82
10 66
9 74
7 92
6 43
4 98
3 76
4 49
10 70
2 75
10 55
4 92
8 50
4 92
2 73
9 58
2 75
5 40
7 100
8 91
3 22
1 10
4 53
6 83
9 27
9 10
3 95
10 71
8 37
7 31
7 59
3 2
3 30
1 64
2 27
9 39
1 97
3 9
8 21
4 55
7 14
2 10
3 87
1 73
6 38
7 88
8 54
7 20
5 33
2 89
10 28
4 81
3 89
8 82
8 64
3 87
2 30
3 15
7 38
9 60
1 81
10 64
4 38
5 34
8 55
2 88
10 63
6 16
9 73
2 14
2 9
4 41
3 19
4 14
10 69
8 62
7 70
8 94
2 6
6 10
5 76
9 7
9 60
5 38
9 85
9 75
1 98
6 59
8 9
9 58
4 32
5 56
4 78
9 39
4 7
4 18
3 60
1 69
9 30
8 6
4 25
1 44
3 40
2 35
3 60
8 12
2 7
4 34
9 43
2 38
10 96
2 31
6 79
2 99
3 18
8 48
4 77
7 82
6 78
10 22
2 88
5 19
10 41
7 48
6 91
3 31
1 51
2 94
4 90
6 12
8 11
6 95
9 81
7 64
4 34
5 80
9 90
1 63
10 3
1 90
6 41
9 87
6 85
3 13
4 7
8 25
2 22
5 60
4 74
10 43
3 36
1 69
7 92
4 41
6 40
9 72
8 61
4 77
1 49
10 37
10 100
5 37
4 91
10 80
6 22
8 82
7 14
9 69
3 64
7 80
8 33
10 34
6 59
1 94
1 9
8 1
10 16
1 4
8 50
8 49
3 87
8 57
5 54
7 48
2 93
2 29
2 22
8 24
4 100
8 33
6 30
2 99
7 19
1 19
2 54
6 40
9 68
8 37
10 16
6 58
4 27
4 23
1 71
2 93
10 78
1 87
4 27
3 38
8 85
5 13
2 99
1 97
9 45
6 41
1 86
6 82
4 35
7 82
6 3
4 71
3 71
8 2
7 61
8 57
7 42
1 15
10 79
4 68
9 34
2 46
8 74
10 66
3 67
6 43
3 30
6 36
6 18
6 33
10 32
7 38
4 15
6 96
8 32
8 65
2 44
10 51
3 76
10 28
10 9
10 13
10 94
7 89
7 55
10 29
2 88
1 75
6 71
8 8
7 3
4 64
4 53
10 40
1 29
