10 88
6 18
1 9
9 80
2 36
8 35
8 85
4 49
10 42
6 30
8 85
3 12
2 24
4 29
7 98
7 47
2 4
10 12
1 29
9 5
10 60
6 89
9 61
7 78
8 63
1 60
9 53
1 93
5 94
9 22
1 36
7 20
5 38
8 63
9 78
8 8
8 7
6 81
2 50
2 28
4 24
8 89
1 8
4 80
8 63
3 31
2 70
8 36
6 11
4 11
3 93
7 52
10 30
2 12
1 2
2 3
9 22
6 17
2 15
3 45
8 38
2 36
2 13
4 70
6 59
1 77
1 9
9 7
8 37
10 49
7 33
5 42
3 1
5 4
1 17
3 44
7 38
2 81
10 80
9 39
8 71
6 75
8 2
6 2
5 96
5 4
8 93
7 30
4 25
8 23
1 18
6 28
3 97
10 7
2 92
3 3
10 45
1 43
8 37
6 40
8 95
7 29
9 37
6 2
1 34
10 25
8 55
6 18
3 93
5 16
1 71
2 37
1 58
2 32
6 29
4 58
8 90
6 88
10 42
6 35
1 20
4 58
3 48
8 61
4 15
1 58
7 56
3 86
1 57
2 70
10 99
4 20
3 56
8 97
4 54
3 37
3 31
1 38
5 56
9 46
9 7
6 72
5 81
5 42
3 84
5 81
2 34
5 18
8 23
1 33
4 41
2 40
8 11
10 61
4 75
1 85
1 97
5 38
5 26
7 84
1 62
8 73
3 6
4 83
10 17
7 23
2 38
5 79
8 95
8 39
7 65
9 69
4 65
2 33
5 67
1 69
2 98
1 42
9 96
5 3
8 84
4 95
8 81
3 11
7 53
4 65
4 31
4 87
8 75
8 59
5 61
5 61
1 82
2 93
1 19
9 44
6 26
8 53
6 31
1 7
10 43
3 98
9 93
10 71
8 15
8 54
1 36
2 23
3 76
10 65
6 96
4 28
8 56
7 77
8 19
9 48
10 43
7 45
2 90
9 97
6 84
7 48
7 71
2 96
3 93
6 94
4 2
9 4
7 78
7 91
10 85
6 98
8 23
3 44
9 34
4 68
2 12
2 87
9 94
2 40
2 57
10 8
5 33
6 3
7 32
2 4
2 58
3 16
6 20
3 47
4 50
2 48
3 1
2 54
3 45
5 62
7 60
10 71
7 22
6 74
4 14
9 14
2 14
10 51
3 58
3 16
7 69
7 87
3 53
10 22
3 29
9 3
5 98
9 19
2 12
8 29
8 8
8 51
2 7
5 39
3 89
4 4
4 95
8 91
1 42
9 29
8 74
7 66
3 11
9 21
10 72
6 55
5 94
3 22
5 71
3 63
3 45
9 68
5 73
4 76
8 45
10 49
1 15
7 5
8 87
1 100
3 45
1 73
8 23
7 91
8 70
4 72
9 49
6 87
6 54
9 84
7 34
7 100
2 20
4 50
7 34
7 71
8 3
5 51
5 69
9 70
5 51
3 74
10 63
5 93
1 95
1 13
4 65
3 68
6 53
8 37
3 67
3 5
4 67
2 32
6 30
5 48
7 82
9 69
9 42
1 98
10 43
1 27
1 90
10 32
7 4
1 3
9 96
10 75
9 16
3 5
8 28
1 63
8 24
8 72
7 49
6 62
3 26
4 28
9 57
4 20
5 98
9 40
3 39
8 18
8 11
7 98
1 57
2 77
2 84
1 71
1 1
5 93
2 85
8 34
10 38
4 37
3 61
5 48
4 2
2 10
6 19
9 54
2 6
8 1
1 15
2 64
10 39
10 12
4 76
10 49
4 100
7 89
9 36
1 50
4 55
1 100
3 41
9 86
7 7
3 91
6 28
10 4
5 77
5 62
1 37
10 34
5 37
9 86
10 88
7 74
2 39
9 67
4 48
7 25
9 44
6 39
9 71
10 54
5 16
7 66
6 94
6 49
3 3
6 38
8 24
7 82
8 82
6 31
1 60
10 77
4 93
6 54
9 69
2 48
9 12
8 58
6 91
8 70
9 76
5 11
5 84
2 92
7 20
10 8
10 50
7 28
5 22
7 82
6 9
10 35
9 73
9 46
3 31
8 60
5 42
4 48
1 5
1 9
6 41
4 26
6 21
9 70
3 59
9 45
2 8
9 3
6 39
4 72
2 54
8 32
1 66
5 94
2 71
1 48
6 37
5 74
9 73
10 68
1 95
1 2
1 65
4 47
8 33
1 9
6 93
10 50
8 64
9 31
6 64
4 58
4 31
7 54
10 95
2 98
8 44
5 25
6 56
7 28
4 85
2 22
7 95
4 25
4 68
9 77
7 58
6 51
9 45
4 92
5 79
10 68
3 64
2 6
3 54
1 98
8 93
5 54
9 12
10 10
6 66
3 82
2 17
8 18
6 1
10 35
4 71
9 65
3 76
2 73
1 42
9 96
1 91
9 5
4 49
3 28
8 46
7 44
3 40
1 64
4 33
2 39
1 5
3 54
3 73
7 90
4 5
5 39
5 21
7 71
4 38
1 4
5 76
8 30
1 99
10 17
8 99
3 36
9 53
4 26
6 17
8 74
10 14
7 46
9 92
10 72
2 26
1 82
9 31
10 52
6 79
9 61
2 28
9 70
4 58
1 50
7 1
3 76
7 93
6 58
1 17
7 61
5 77
8 90
1 37
5 7
6 19
4 99
6 60
4 34
9 64
3 98
9 25
5 92
10 15
3 19
8 62
8 92
1 43
6 39
8 52
4 25
2 92
8 31
1 59
7 27
4 92
2 50
10 1
1 42
3 47
10 89
5 40
3 83
5 57
3 82
3 33
10 76
4 85
6 71
7 93
7 36
5 33
7 29
7 72
5 22
7 66
6 87
5 66
9 57
10 23
10 54
3 25
5 27
3 90
4 17
6 18
10 23
10 32
7 20
8 4
9 76
3 19
6 82
7 46
4 42
8 51
8 56
9 94
3 26
8 76
6 65
3 34
6 79
6 32
6 66
8 88
3 37
5 10
10 5
4 87
6 22
10 36
5 28
4 41
3 25
1 6
9 45
10 48
1 37
1 29
10 56
9 31
4 44
9 92
6 21
5 84
6 50
10 63
2 33
5 86
5 24
2 84
2 62
4 10
8 19
4 68
4 66
2 51
7 77
7 69
5 70
8 95
4 40
7 74
2 16
9 48
8 28
3 3
5 39
2 94
8 71
4 4
7 63
8 90
2 16
1 95
8 40
3 14
8 98
7 65
7 61
4 53
2 39
10 31
9 66
9 70
5 96
9 6
5 24
6 5
9 61
1 68
5 50
3 55
10 63
5 74
9 39
3 68
1 39
3 19
5 28
8 56
3 61
9 81
3 85
1 40
1 48
1 88
10 52
8 76
4 91
5 20
3 71
6 28
8 59
10 23
1 61
6 73
1 65
6 37
4 69
2 83
4 54
9 70
10 72
10 18
8 10
7 68
10 37
4 35
2 15
5 11
5 76
4 69
2 77
1 55
10 53
8 26
4 97
1 30
2 40
6 81
2 100
5 100
6 85
5 99
5 47
4 88
8 14
7 96
4 26
7 22
5 17
6 81
8 51
10 65
9 13
6 5
9 2
3 76
8 82
2 2
3 35
10 30
1 19
4 26
3 37
3 55
2 100
1 20
9 75
5 10
3 70
7 58
2 62
3 71
5 100
1 98
9 92
10 68
10 94
10 43
1 32
4 41
6 27
4 74
1 73
2 85
4 20
4 72
2 90
7 29
5 17
9 100
1 97
2 74
8 20
10 34
1 53
6 77
3 78
10 21
8 73
6 83
5 3
8 22
4 9
6 35
10 19
4 88
10 70
3 25
2 12
3 73
10 95
3 53
10 56
10 67
7 76
10 28
1 82
2 70
5 71
4 96
3 50
9 14
8 7
9 92
10 87
6 23
6 58
9 72
4 94
1 30
4 16
10 79
5 30
3 94
7 52
10 100
3 59
7 74
1 80
2 3
2 17
9 47
5 63
1 75
9 68
3 64
8 19
1 24
9 19
7 36
3 93
4 28
10 14
7 75
6 41
1 23
9 98
3 6
4 76
7 69
3 65
1 18
8 100
1 3
1 4
8 86
9 76
6 47
1 51
10 79
1 86
10 15
6 1
8 77
3 11
10 71
3 66
9 64
5 3
2 57
4 26
10 21
5 39
3 6
2 77
3 16
7 76
4 64
5 39
6 82
6 83
8 79
8 19
3 86
6 8
8 30
3 69
7 57
4 53
7 12
1 41
1 16
7 22
9 33
5 19
6 90
4 88
10 44
4 35
4 52
8 8
9 48
2 40
10 22
6 74
9 62
10 35
8 73
1 72
5 90
6 58
10 17
10 90
2 35
1 75
10 46
2 97
9 34
5 48
8 24
6 54
8 91
1 46
7 92
7 58
4 96
10 28
8 55
10 81
6 67
10 50
1 68
9 53
6 97
7 13
10 71
7 33
6 3
10 47
2 22
9 64
6 91
7 80
5 7
2 41
6 33
2 26
10 61
6 23
6 87
9 6
