9 34
9 81
6 69
2 7
7 44
6 9
4 66
6 99
2 44
8 57
7 35
3 83
3 84
2 96
10 54
3 86
2 90
1 33
5 70
9 18
6 45
4 42
6 64
7 88
5 39
9 91
7 34
6 37
8 18
1 18
10 24
5 53
10 93
1 18
7 17
6 48
9 66
6 45
5 68
1 73
2 7
2 72
5 17
3 97
10 47
10 52
8 6
3 6
8 55
3 80
4 33
10 38
3 71
4 55
10 34
1 35
4 92
7 12
5 39
10 82
5 45
4 46
10 61
8 62
3 92
3 3
2 42
6 24
9 72
10 51
1 87
2 46
1 2
7 48
1 8
7 29
2 21
5 56
6 61
9 37
4 88
5 12
7 69
9 77
6 84
10 13
8 98
8 81
1 9
7 42
3 1
10 10
3 87
7 23
9 1
8 18
5 7
9 30
1 29
10 70
5 49
9 89
5 83
1 33
9 93
3 64
3 13
10 16
1 52
6 98
2 73
6 94
5 53
1 25
6 38
2 27
7 18
8 31
7 15
4 86
5 93
7 41
9 53
10 20
10 94
4 40
3 81
8 68
10 49
10 49
2 57
2 91
3 58
3 8
6 34
4 11
9 59
2 41
1 32
10 34
7 73
9 19
9 51
2 1
9 73
2 94
10 17
6 51
8 42
10 38
2 74
6 69
10 45
4 36
2 87
10 9
1 83
9 11
8 40
6 17
1 15
3 36
6 67
7 67
6 39
5 99
6 66
4 12
1 61
9 43
6 56
1 42
5 55
1 34
8 54
3 32
3 41
7 68
1 10
8 94
6 83
9 42
10 59
6 27
3 85
10 80
6 78
10 53
4 77
8 5
7 40
4 77
7 81
3 100
1 6
7 89
6 11
7 43
5 7
7 11
1 2
6 73
8 62
4 21
5 84
1 45
6 3
5 77
6 12
8 98
3 68
6 83
2 75
3 26
3 70
3 72
8 16
9 57
1 15
9 11
7 70
5 57
3 6
2 55
3 78
4 9
1 24
2 50
3 11
1 95
8 94
7 45
5 7
5 48
5 38
3 38
2 49
3 37
1 61
8 68
9 47
2 17
5 16
4 51
5 47
6 47
2 13
6 63
6 31
1 98
9 1
5 36
1 82
3 33
2 41
8 72
5 59
10 18
8 82
5 53
4 58
9 1
5 87
10 38
10 76
9 64
6 59
8 2
4 5
4 17
6 62
3 34
4 65
10 37
4 54
7 34
7 14
2 56
7 63
6 17
3 82
1 72
10 13
8 7
10 66
2 61
8 34
9 67
10 47
7 40
6 43
6 19
5 29
5 58
2 5
6 85
10 32
7 100
1 22
9 69
5 65
7 82
6 7
4 79
1 32
5 93
2 57
7 48
7 37
4 59
2 66
3 33
3 76
5 86
7 27
4 9
6 22
8 27
9 49
10 6
9 87
7 35
4 93
9 20
10 88
6 61
2 82
7 51
7 88
6 12
6 59
4 7
1 57
3 40
3 91
5 19
2 26
7 78
4 2
10 72
7 23
4 77
8 23
1 60
4 74
1 86
6 46
8 90
9 38
9 69
4 9
1 98
5 11
7 58
4 1
2 27
5 94
10 32
1 59
4 35
9 88
7 10
5 49
6 35
10 76
5 46
2 60
3 93
5 95
10 15
9 41
6 50
2 29
2 85
5 26
10 54
6 95
1 33
4 55
2 77
3 29
4 7
2 59
9 38
1 58
7 74
5 30
3 53
9 100
1 92
6 66
8 46
10 39
5 68
10 45
7 13
1 71
9 1
8 59
6 69
2 64
4 54
1 5
1 48
4 31
1 29
3 14
6 23
6 4
3 94
5 26
4 43
9 99
5 18
9 31
7 40
5 81
7 30
3 65
5 78
4 90
10 28
2 3
2 88
7 78
2 86
8 22
9 2
4 78
3 64
2 27
4 81
4 61
7 24
1 55
2 32
5 45
10 1
8 83
5 1
6 33
8 75
6 94
8 52
5 6
6 22
1 20
1 60
6 88
6 48
2 50
8 25
2 99
7 21
6 90
6 56
8 80
3 74
3 69
9 34
3 24
3 76
3 5
3 7
2 37
3 12
8 50
5 86
7 82
9 87
10 23
8 75
8 49
10 44
6 87
6 7
5 100
7 50
1 34
5 60
5 54
9 17
2 80
2 51
9 76
4 46
10 10
5 3
10 98
7 86
7 17
5 41
2 46
4 45
7 68
9 35
3 81
1 84
3 83
6 95
10 38
5 52
6 44
7 31
9 53
10 98
4 35
1 20
6 65
8 99
3 51
6 38
10 64
7 20
5 80
9 3
5 85
1 81
6 4
6 64
9 4
7 30
7 16
3 50
3 51
6 94
5 6
1 66
5 65
1 85
1 26
6 63
1 83
9 27
6 34
8 14
1 56
8 97
4 60
3 81
2 31
6 21
7 69
6 82
6 41
1 39
4 69
10 34
7 81
10 19
10 79
3 41
4 37
5 83
1 16
5 98
9 76
10 20
10 72
9 4
1 76
1 90
4 78
3 69
4 55
5 10
7 31
2 32
9 27
2 13
2 71
7 96
4 31
5 59
9 12
9 77
10 98
6 62
5 52
1 32
7 53
8 19
10 28
1 3
8 86
8 61
3 29
1 92
9 73
3 31
10 49
3 81
1 91
4 32
3 52
3 82
5 94
9 30
9 88
3 4
8 30
10 33
6 83
5 42
3 56
6 6
10 6
9 27
9 19
10 22
6 21
4 60
9 8
9 79
5 19
7 49
2 11
5 71
9 4
2 93
4 33
5 58
8 67
10 24
2 29
6 74
1 83
4 78
6 61
9 78
3 72
3 38
7 45
6 93
10 69
9 82
10 28
5 22
6 33
1 79
8 15
2 67
5 15
4 15
6 95
7 12
3 27
2 29
4 39
4 58
3 33
10 69
4 57
4 82
9 99
6 9
6 15
1 13
4 96
9 24
8 32
7 43
10 61
6 4
4 83
9 55
6 76
3 33
1 20
2 10
9 61
7 38
7 79
8 73
7 51
7 37
4 18
6 57
10 13
3 35
8 19
10 22
4 15
3 91
6 44
6 18
2 100
5 2
1 41
5 73
5 47
6 81
3 3
8 13
3 12
9 80
7 88
1 49
7 38
7 66
4 27
9 63
6 67
9 56
7 90
8 47
6 57
9 97
5 80
9 67
7 21
2 53
4 98
8 46
2 95
2 8
8 100
7 11
6 27
3 29
9 3
4 38
3 100
3 65
3 57
2 87
10 84
4 54
8 25
4 47
9 16
4 47
5 90
2 68
8 79
4 68
3 22
9 18
6 72
6 32
1 78
2 1
7 38
8 65
2 37
1 39
3 37
1 35
4 42
7 61
5 3
1 98
2 8
3 23
3 2
2 59
9 42
1 10
2 82
5 52
9 46
2 22
4 49
8 53
4 49
8 74
5 80
6 19
1 16
5 49
6 21
10 1
8 63
1 85
9 13
4 31
8 24
8 89
6 4
4 37
5 33
1 67
4 70
5 7
7 68
10 72
1 37
7 64
1 20
3 57
4 58
9 3
1 15
2 38
7 3
5 55
8 95
1 17
8 83
7 13
1 43
8 21
8 71
6 53
3 12
5 76
8 89
2 80
9 10
1 23
7 89
1 90
9 63
7 2
2 65
5 65
4 84
1 71
9 27
7 35
3 9
8 34
3 75
5 2
8 47
8 3
8 7
9 47
9 97
9 68
8 56
5 65
9 77
5 10
4 35
8 4
10 73
8 57
7 7
5 96
1 96
5 98
2 83
4 57
8 8
9 26
9 59
9 91
9 72
5 54
5 97
2 49
5 61
9 90
6 82
7 47
2 55
6 60
5 28
9 98
3 78
10 36
9 62
6 87
7 38
6 95
2 69
10 82
8 45
10 74
10 51
8 91
10 98
5 25
9 84
6 63
7 90
4 26
2 54
5 15
2 68
8 93
5 70
6 22
5 89
2 8
8 10
4 19
2 14
4 82
10 71
1 23
1 63
9 37
9 74
6 5
9 4
3 65
4 28
1 77
9 9
1 40
10 28
1 80
5 3
5 89
2 21
3 40
2 3
10 63
4 87
4 90
6 75
4 41
3 96
6 45
7 5
1 22
7 16
7 57
4 33
2 92
2 95
5 55
1 88
2 70
8 32
8 65
2 1
4 47
2 1
8 8
6 41
9 70
8 7
2 7
10 20
6 2
7 57
9 91
5 51
9 89
8 25
2 71
9 50
3 38
2 72
2 39
4 77
5 84
5 56
2 6
10 48
3 67
9 25
5 29
9 20
9 64
2 79
5 43
8 17
7 50
1 44
5 9
4 92
3 1
9 47
4 58
1 96
1 43
3 30
9 1
10 7
7 59
5 77
7 55
7 72
10 28
6 1
8 7
5 48
4 31
3 53
5 66
4 66
1 38
7 45
3 91
1 32
3 78
6 3
4 61
3 57
9 2
3 32
4 61
8 3
5 88
5 74
3 14
