6 10
9 34
9 5
3 32
8 68
10 46
8 98
2 55
10 34
8 59
1 40
9 51
3 50
9 73
2 2
6 61
3 86
10 98
3 64
10 98
9 16
3 58
10 9
6 30
4 55
5 14
8 12
2 22
10 92
10 12
5 36
10 99
1 68
4 71
10 49
2 80
1 55
6 56
3 82
8 2
5 40
3 73
8 27
8 55
10 73
1 27
7 6
4 33
9 65
1 65
5 19
9 97
8 9
9 85
9 34
8 98
1 98
4 23
7 93
3 97
10 23
1 57
2 24
7 73
8 57
5 100
4 39
4 54
7 80
1 87
2 8
10 39
8 29
3 16
10 47
8 14
4 87
9 53
10 31
2 72
10 28
1 84
9 96
1 7
9 35
3 28
2 33
5 77
1 80
9 37
8 25
2 19
2 13
8 24
3 83
2 93
5 1
2 29
2 63
6 59
1 2
5 95
5 4
10 71
4 45
8 56
1 9
5 91
3 14
10 75
7 98
7 61
2 10
6 52
3 59
7 95
10 8
7 60
9 77
2 54
4 63
10 47
3 29
2 80
3 75
3 87
4 78
1 40
2 50
3 16
10 68
6 34
1 14
5 23
4 17
7 42
3 73
7 53
10 93
5 59
5 31
1 99
6 3
1 77
8 16
3 16
9 27
1 73
5 93
2 68
3 99
3 58
8 29
10 10
4 28
4 28
5 41
8 18
9 56
10 29
1 1
5 62
2 75
5 60
7 91
3 56
8 96
7 27
1 85
7 14
3 86
7 42
2 21
10 70
10 53
1 12
3 62
6 78
7 73
5 91
6 61
4 61
4 43
9 16
5 74
10 1
5 68
2 58
2 34
1 19
1 23
2 13
10 69
4 14
8 56
2 93
7 3
1 61
9 88
8 14
7 52
5 19
10 73
5 35
2 50
4 91
3 25
5 53
5 71
10 96
9 44
6 87
9 41
5 19
5 88
9 33
6 55
4 65
4 98
1 42
3 35
3 63
8 28
9 44
7 72
4 98
10 78
3 84
8 59
2 15
7 30
6 69
10 71
5 6
4 62
9 27
2 35
8 4
3 79
9 90
5 60
2 26
7 25
6 57
1 53
2 69
1 35
4 77
1 36
7 26
6 53
6 53
6 76
4 69
6 14
1 1
5 67
3 79
3 21
5 94
2 14
9 66
4 18
6 50
10 54
8 57
5 36
8 82
8 11
10 74
5 42
7 4
4 33
9 49
8 87
1 86
10 80
3 16
3 99
2 27
8 57
8 23
1 18
5 23
7 44
10 59
2 82
10 37
9 81
1 76
1 35
1 43
5 89
8 33
10 35
6 85
1 72
8 76
3 4
10 59
10 19
4 60
6 50
5 13
3 9
5 21
7 84
7 34
2 79
4 84
9 66
5 36
3 77
4 49
5 89
7 32
2 36
8 58
2 55
6 24
2 3
9 50
6 26
10 78
2 92
7 1
10 42
4 24
1 26
10 48
5 93
5 6
5 91
7 63
8 57
8 37
3 44
2 93
1 61
10 93
2 89
7 84
5 65
9 56
10 4
8 51
9 97
3 43
2 99
10 33
10 27
10 65
2 53
4 97
7 54
10 79
9 14
2 49
2 27
3 32
9 12
2 73
6 56
1 97
9 14
9 23
5 45
4 52
10 24
4 26
2 41
7 54
10 47
2 29
3 59
8 78
8 60
4 2
8 63
4 25
1 58
10 65
2 3
2 37
8 94
5 96
10 37
1 36
10 44
10 54
5 65
4 68
8 13
5 75
4 49
8 18
8 53
10 99
1 58
9 49
3 11
3 40
3 2
10 38
2 37
2 10
1 78
3 75
3 43
3 74
10 86
1 5
7 21
6 62
8 70
2 15
8 23
10 88
9 17
5 19
1 66
6 4
9 61
3 62
1 6
6 97
9 63
4 66
4 75
2 32
5 50
5 5
1 70
8 6
2 37
3 84
4 71
7 8
6 91
8 14
5 13
9 75
5 71
6 16
6 91
10 99
3 6
1 33
1 11
4 53
10 94
10 1
2 3
4 79
7 74
4 55
3 10
4 84
9 19
6 16
9 5
6 62
10 31
1 59
6 88
3 61
10 9
8 5
2 64
1 87
4 61
5 92
9 88
7 68
5 2
4 34
10 49
5 69
9 36
1 92
1 71
3 6
3 29
10 37
3 56
4 34
8 26
7 14
2 22
5 63
3 89
2 93
8 23
10 48
2 41
3 76
3 66
8 32
1 79
9 52
7 56
6 22
5 45
3 9
1 37
3 69
5 83
2 82
4 87
1 43
10 11
2 51
9 23
9 100
5 38
6 72
1 8
9 61
7 62
5 36
9 98
1 87
4 100
6 68
1 92
10 23
9 29
7 40
9 23
2 32
3 99
9 3
1 88
9 30
8 78
2 72
1 19
3 35
4 97
4 57
2 4
4 90
9 36
4 51
8 78
9 98
4 16
2 45
1 88
5 89
6 37
3 45
8 9
2 51
4 89
7 47
6 37
7 46
10 47
10 78
5 69
7 45
4 8
5 35
2 12
2 19
5 89
4 62
3 44
9 58
3 64
9 10
9 36
5 70
6 34
3 31
5 89
3 5
6 72
6 61
8 8
4 26
7 97
9 68
6 48
6 17
7 35
3 43
8 90
1 10
3 2
2 99
10 13
5 3
10 95
1 55
9 44
1 88
4 18
9 50
6 77
9 6
1 29
2 38
9 17
2 26
9 43
6 81
8 60
7 57
2 70
3 80
2 43
2 36
2 34
7 58
3 54
3 82
6 79
8 7
9 98
6 39
6 75
5 38
2 30
4 5
6 75
2 89
6 39
9 54
9 49
3 42
4 97
6 2
8 96
10 45
4 25
9 99
4 96
2 82
9 10
7 85
10 89
7 62
2 50
5 46
3 97
10 98
1 8
4 93
7 41
2 49
7 98
2 60
5 6
9 16
4 38
6 51
2 29
5 30
5 30
10 84
8 57
5 75
3 9
4 43
3 33
6 58
6 85
2 1
3 56
4 86
10 20
5 78
10 86
4 78
2 25
4 65
8 78
8 93
8 74
5 52
8 56
6 58
2 89
9 74
7 78
6 57
9 33
1 54
6 57
8 25
8 20
2 43
3 18
3 76
5 72
9 44
6 95
8 62
9 76
7 51
9 73
8 24
3 70
4 68
6 89
8 36
1 83
2 48
4 93
7 51
4 60
8 28
7 73
2 5
10 40
9 72
4 32
10 77
3 61
4 38
2 78
1 75
6 50
9 95
5 30
3 91
4 8
10 98
4 39
3 49
8 63
1 22
4 28
5 16
6 99
10 22
10 77
2 65
5 9
10 100
1 37
7 99
8 5
2 56
4 68
4 71
4 87
1 52
10 76
8 75
3 48
2 27
5 77
9 56
9 20
3 31
7 38
6 73
1 38
7 29
3 84
2 10
1 85
6 57
4 28
7 60
4 31
10 49
3 99
10 5
4 98
8 17
1 3
9 50
2 1
9 77
2 56
5 35
8 57
3 75
6 21
3 95
4 70
8 20
7 74
2 47
7 69
9 96
10 49
2 21
2 69
6 28
9 95
3 26
6 7
8 37
4 22
8 6
8 56
2 20
7 38
8 84
10 35
5 58
7 50
9 80
8 57
3 94
8 86
5 79
4 7
1 20
1 23
4 2
9 8
2 2
2 32
6 21
4 82
1 90
4 65
5 8
10 11
3 48
10 16
7 33
1 33
6 70
2 25
5 22
1 80
5 96
4 43
4 21
1 20
3 64
3 3
7 68
8 1
4 5
5 85
6 96
10 5
2 85
3 88
1 8
8 82
5 100
5 24
6 97
6 94
7 20
8 79
7 93
3 77
6 49
2 34
3 74
8 79
2 40
2 51
10 1
5 27
4 77
1 78
10 29
2 8
4 2
9 97
1 63
3 9
3 24
7 70
10 21
7 50
8 38
9 86
3 69
6 80
1 15
1 49
6 64
10 70
8 79
6 38
8 13
8 90
2 66
8 34
10 5
2 68
8 18
10 61
7 95
7 71
2 6
6 18
3 3
9 64
7 69
7 98
5 40
1 40
4 91
9 17
9 12
1 91
7 1
6 37
10 52
10 29
1 47
4 84
8 54
6 82
6 18
9 3
1 32
4 99
5 39
10 47
5 72
8 76
2 32
2 82
10 48
5 13
2 88
7 32
3 84
4 84
10 53
5 24
2 93
8 91
3 19
3 97
1 61
6 51
9 44
8 3
9 94
1 89
5 11
6 21
10 82
6 18
7 54
5 50
10 2
10 63
1 6
2 58
2 25
9 5
4 59
3 72
7 3
10 80
4 19
6 55
10 76
7 19
1 57
4 39
4 63
3 5
5 32
1 27
5 54
1 32
7 23
5 90
2 98
6 6
5 40
1 35
10 5
3 28
1 67
2 46
7 38
6 92
9 1
3 51
10 36
7 92
1 75
9 64
3 16
8 30
7 38
5 37
7 94
5 22
1 46
4 4
6 9
