2 87
1 62
7 12
8 24
6 100
8 50
2 13
3 74
6 42
6 77
1 52
3 33
1 11
7 93
1 86
9 3
8 34
10 41
4 44
7 17
10 45
3 72
4 72
1 2
3 62
4 73
7 42
5 44
4 92
6 31
9 100
5 48
9 46
2 68
2 96
7 60
8 56
7 35
5 26
4 78
6 46
3 95
1 33
2 47
8 62
9 43
1 9
2 26
6 74
9 13
5 19
7 40
4 93
8 65
1 98
5 43
4 61
5 14
7 57
9 1
8 91
6 89
3 79
6 80
9 28
9 6
1 41
5 6
7 16
5 28
2 1
2 48
10 34
8 90
5 47
5 67
7 9
4 45
10 69
7 44
7 62
1 78
10 59
1 41
5 44
4 3
4 33
8 55
7 70
7 83
5 34
8 73
2 58
2 40
8 44
10 27
10 33
6 49
6 89
1 66
9 95
8 46
2 93
4 36
10 74
3 9
5 62
2 7
8 15
2 48
7 98
6 16
6 94
4 28
9 33
1 93
9 64
10 45
4 94
8 37
4 92
8 48
9 80
2 48
6 92
6 11
10 51
7 73
4 51
1 49
2 18
7 66
1 66
1 92
1 91
2 68
4 21
6 73
6 4
1 65
1 81
1 20
7 22
7 7
2 61
9 34
8 89
4 52
10 47
8 64
9 41
3 65
2 77
8 78
8 33
10 65
3 6
9 83
1 59
10 6
10 92
5 77
7 96
1 20
9 21
8 52
7 19
7 86
1 20
9 53
4 63
1 97
3 54
2 52
10 83
2 21
3 64
2 64
4 3
3 17
9 57
3 63
9 81
9 65
7 62
3 85
2 14
2 17
7 71
6 36
5 37
3 29
2 73
10 14
10 60
8 28
7 35
1 71
2 24
8 58
9 3
4 62
10 99
4 48
10 76
3 57
8 49
6 93
4 74
8 60
3 66
8 97
6 83
6 35
7 39
2 7
3 86
4 5
1 6
8 8
4 92
7 69
1 100
4 42
10 65
10 24
2 98
6 71
3 5
8 16
2 19
2 10
8 53
2 100
3 81
2 86
8 69
2 55
10 65
1 8
8 68
10 75
9 70
4 99
6 89
1 64
5 15
2 55
6 10
9 69
3 71
2 73
3 33
1 27
7 93
3 34
3 9
7 58
2 46
7 77
7 43
5 97
6 83
5 92
7 82
9 18
10 57
6 11
2 9
3 81
8 23
7 25
5 66
7 88
3 76
2 68
1 58
9 14
3 88
4 91
4 54
2 5
8 9
4 20
5 57
9 33
3 92
8 41
3 88
6 53
4 47
5 93
8 28
5 86
8 89
7 84
6 80
5 1
9 27
10 22
4 89
6 16
6 6
7 66
3 47
3 5
5 4
9 40
1 67
5 91
5 51
10 24
10 77
9 95
9 54
7 23
3 89
7 52
7 76
4 19
10 63
5 72
10 29
6 33
8 89
6 73
1 73
4 11
5 5
8 41
6 78
2 96
8 17
10 55
3 67
7 56
8 8
2 99
3 94
6 27
6 48
2 78
1 31
6 1
6 20
8 37
10 47
7 32
6 25
5 92
3 46
7 59
2 78
8 16
2 30
4 18
3 25
7 56
7 30
10 97
10 6
5 49
3 91
6 28
10 96
5 67
5 2
9 98
4 53
2 93
5 13
7 28
2 92
10 53
6 65
5 96
7 90
8 79
10 27
10 100
3 8
3 40
2 17
3 46
1 68
3 49
8 8
6 95
2 57
4 23
7 77
4 69
7 2
4 66
10 1
2 83
4 3
5 44
6 62
5 82
8 81
7 68
5 94
9 43
4 88
8 49
2 25
3 78
7 72
7 22
5 56
9 62
2 39
7 49
6 78
8 11
10 38
2 71
2 91
4 65
10 85
3 71
4 13
10 40
3 18
7 32
2 73
5 72
1 2
8 73
4 96
3 41
8 45
4 76
9 68
7 73
8 4
1 18
7 26
4 42
4 10
9 10
6 95
10 43
4 5
6 39
9 93
2 91
7 40
10 80
1 4
8 67
4 52
8 4
1 99
4 66
6 41
5 30
9 86
9 69
1 80
5 23
3 32
6 34
4 16
3 24
10 24
5 82
8 83
4 91
6 89
6 45
2 75
3 62
4 11
7 58
9 19
6 57
2 89
10 73
10 41
1 27
7 3
5 83
1 39
7 37
10 55
8 82
8 37
10 84
1 42
4 59
2 54
10 82
10 53
6 66
10 27
10 57
5 74
6 46
2 70
2 80
9 62
9 62
1 80
1 52
6 13
1 88
5 37
5 68
7 39
9 75
7 66
4 78
10 71
5 46
6 46
3 63
3 12
2 21
2 71
2 76
10 22
4 97
1 20
1 77
9 4
1 60
4 46
10 67
9 77
5 28
4 32
2 71
8 52
6 99
2 25
3 93
7 49
9 21
1 54
7 76
2 23
6 7
3 35
9 14
1 86
6 71
1 12
8 82
2 35
7 15
4 58
5 12
10 65
8 13
8 81
1 33
8 32
8 45
3 52
1 5
8 90
5 53
7 42
6 26
7 32
1 69
7 21
10 7
1 10
5 93
3 7
8 36
5 28
7 93
6 99
5 67
2 29
2 43
7 78
4 93
3 44
5 11
10 12
9 16
8 57
10 100
1 85
2 17
3 30
3 5
9 90
3 63
5 8
3 16
8 40
4 69
8 49
6 39
8 85
1 90
9 97
8 99
5 44
7 21
8 43
5 94
4 87
7 36
7 30
10 70
1 67
9 5
6 66
5 78
2 5
8 82
3 75
2 49
10 78
8 74
3 98
10 44
6 64
8 63
1 44
1 74
2 41
5 70
2 48
4 71
9 25
6 82
8 62
3 71
8 48
10 42
4 35
2 6
8 14
2 5
10 65
8 35
6 93
8 94
10 86
9 3
2 7
7 31
1 58
3 17
10 50
9 40
4 11
5 1
9 13
4 11
4 54
8 79
3 58
1 86
9 57
3 98
7 48
10 30
8 88
8 59
4 92
1 36
4 5
2 16
6 69
10 80
8 14
8 91
2 49
5 43
10 16
1 87
3 64
1 90
9 83
7 24
9 69
3 58
10 2
6 48
4 90
8 64
7 17
1 94
8 54
4 32
9 39
5 99
8 94
8 27
8 8
9 80
6 27
3 31
5 9
8 69
10 88
3 35
3 28
1 82
6 94
8 77
9 23
7 42
1 12
5 33
6 46
8 45
3 17
7 73
2 11
2 87
1 58
10 49
5 6
4 64
1 79
4 98
7 7
8 83
8 9
10 96
3 73
10 29
7 10
6 90
9 23
8 45
8 66
9 70
7 24
7 3
1 26
8 71
9 76
7 27
8 84
5 69
8 66
6 1
2 36
1 61
6 45
1 4
8 90
8 75
7 45
4 88
3 38
5 89
9 85
2 49
4 99
1 10
2 76
5 48
6 81
8 10
1 93
4 11
2 60
4 38
10 77
2 11
5 81
4 22
9 98
10 23
9 96
4 73
5 48
5 7
2 34
5 97
6 89
7 3
6 98
5 9
8 85
6 75
8 26
6 20
3 60
6 47
1 32
10 41
5 5
7 22
1 55
1 38
9 86
3 16
3 17
4 79
2 80
8 5
3 92
2 22
5 34
10 29
6 28
9 42
10 15
10 96
8 68
6 78
4 50
10 41
7 1
5 68
2 55
7 97
5 5
7 28
3 21
6 58
5 18
8 64
7 95
6 62
6 25
2 47
5 100
2 19
1 14
4 9
10 65
9 10
8 55
2 46
8 84
1 30
3 35
6 48
7 36
1 92
4 26
2 95
2 1
5 22
1 84
6 76
10 3
4 5
1 64
10 5
1 23
10 81
6 82
9 84
1 51
8 77
5 31
7 29
2 92
5 65
4 55
1 87
6 95
5 26
9 62
2 75
4 91
5 6
6 5
4 82
4 79
6 54
8 67
9 41
6 86
2 65
2 83
4 72
4 24
5 68
1 22
2 14
10 15
9 38
10 27
3 53
6 76
1 95
6 36
6 87
10 22
4 78
1 84
10 37
1 3
7 100
1 100
5 93
8 4
1 72
9 100
6 13
7 79
4 83
5 48
7 60
1 40
7 27
10 29
1 97
7 82
9 14
3 24
7 8
4 21
9 90
8 27
4 30
7 67
3 39
6 25
5 66
1 1
7 17
7 8
3 33
3 9
5 41
6 5
10 31
3 86
5 77
1 29
2 20
3 13
4 35
1 81
2 75
4 80
5 36
2 7
10 79
5 7
5 86
7 5
1 34
3 40
8 60
7 55
6 24
9 72
5 38
7 1
10 54
7 57
3 95
1 87
1 41
9 84
5 21
9 91
7 6
8 2
1 61
6 15
2 76
6 33
4 49
4 77
8 11
8 41
10 47
4 68
3 41
2 89
7 13
9 66
10 49
6 65
6 81
1 22
7 22
4 11
7 84
5 13
10 6
6 68
7 8
6 91
6 33
2 97
4 63
5 12
2 65
5 60
8 67
