3 7
9 34
10 92
9 45
2 94
5 33
8 1
6 27
10 38
1 3
7 12
6 65
9 10
8 16
8 18
3 68
2 90
1 28
1 97
2 63
8 49
2 78
10 35
6 47
7 32
10 12
8 96
10 22
1 100
5 82
8 22
8 79
6 29
5 90
1 74
2 2
1 63
6 34
3 98
1 50
3 45
1 67
9 94
3 36
6 90
7 50
10 16
7 74
8 45
9 46
5 22
1 51
2 66
3 7
8 93
7 23
9 77
2 31
8 73
4 85
3 80
9 12
2 29
8 35
7 65
3 90
10 93
4 1
2 91
2 96
9 48
7 35
5 80
5 56
4 82
8 34
10 46
3 48
9 76
8 75
2 11
4 33
10 4
10 13
10 86
4 57
5 72
6 30
4 86
2 26
7 72
1 94
10 31
3 95
8 30
2 49
2 94
5 88
6 46
7 39
7 67
8 70
9 20
2 47
4 70
9 9
6 83
8 66
1 69
10 64
5 46
7 95
3 33
10 61
8 48
6 74
8 90
9 19
5 61
5 7
7 62
8 34
3 84
3 62
4 14
3 50
4 56
7 78
7 22
9 53
10 9
8 71
2 19
7 28
3 78
5 38
6 28
10 75
1 22
2 49
2 7
2 83
1 65
8 45
5 91
1 5
8 93
3 74
5 18
2 6
3 83
4 15
7 66
3 2
10 14
3 100
4 93
9 47
2 4
2 97
6 30
10 40
5 9
3 15
2 30
9 4
9 21
6 71
2 10
9 50
6 51
4 35
6 70
5 56
3 65
7 22
7 45
7 30
9 24
1 93
1 37
8 30
1 15
4 93
10 53
1 55
7 5
5 37
8 3
2 27
10 65
3 84
4 81
8 87
5 83
2 52
1 41
7 64
9 78
5 87
6 35
7 93
9 93
3 12
1 64
6 97
10 47
7 86
6 98
3 83
9 1
6 46
6 52
4 94
10 9
10 11
3 84
1 48
4 82
10 53
4 32
3 85
8 24
5 24
5 32
9 3
5 19
2 53
7 36
10 64
9 28
7 49
2 28
8 37
10 69
7 67
3 25
7 55
6 95
10 32
2 71
7 61
3 79
7 77
8 2
2 7
8 44
10 42
1 27
1 55
3 45
7 8
8 34
10 15
7 17
1 12
9 23
1 11
6 20
5 100
10 22
2 10
8 68
5 50
8 56
9 74
3 78
10 56
2 46
2 33
8 77
4 44
3 95
5 72
4 75
2 24
7 88
5 32
5 81
3 97
10 53
3 82
9 41
9 12
8 71
1 70
3 47
1 42
1 65
2 44
2 46
1 45
4 44
5 79
10 98
3 22
7 93
9 99
2 93
7 92
1 7
9 36
1 84
1 40
4 99
6 80
8 9
7 97
6 98
6 35
3 23
10 22
1 11
9 49
8 79
4 84
5 51
2 29
10 83
5 26
7 95
3 14
6 95
6 54
6 78
5 54
1 21
10 12
9 44
1 13
10 62
8 43
7 48
6 68
10 8
10 46
3 39
8 91
9 40
7 64
1 11
5 65
2 7
3 57
3 89
5 73
9 79
10 74
7 4
4 81
3 32
8 58
9 52
4 44
1 57
6 36
2 35
6 33
2 14
7 29
2 20
8 51
5 37
5 33
8 20
6 92
4 15
9 74
8 54
3 28
1 49
3 58
10 44
8 69
3 33
2 52
7 74
4 22
9 68
1 67
2 88
2 77
1 20
4 72
3 1
7 3
4 32
2 74
3 20
4 73
3 85
10 45
5 95
9 50
9 45
5 33
4 71
1 65
3 27
10 70
10 21
3 85
10 27
5 31
10 37
6 1
6 85
8 61
2 90
8 71
5 39
7 87
1 43
9 79
8 100
7 12
8 34
9 15
10 62
8 10
5 60
4 29
6 25
8 99
4 9
10 6
9 90
5 28
8 95
6 74
3 84
3 63
3 91
1 27
3 47
9 91
7 65
3 1
5 34
7 28
8 27
7 85
5 83
1 97
4 22
2 32
10 91
6 23
2 62
10 71
3 16
6 69
5 96
8 34
9 47
2 44
3 43
1 74
3 62
9 25
10 22
1 37
4 8
4 40
1 66
7 78
2 81
5 25
6 57
3 47
6 76
9 2
10 99
3 48
9 73
5 49
7 17
7 7
9 19
3 1
1 2
4 55
4 1
9 62
4 80
2 48
6 6
3 19
2 1
1 87
9 42
2 17
2 44
9 67
5 72
6 19
2 99
9 37
5 32
6 17
10 32
6 53
2 24
8 7
5 63
1 23
7 69
3 17
2 15
5 30
8 80
10 2
5 94
1 93
1 23
1 34
3 43
1 62
2 63
8 65
3 7
6 84
9 57
7 44
3 46
3 99
3 99
3 1
4 21
2 92
2 41
1 57
4 88
9 87
3 66
5 22
7 90
1 59
7 74
8 43
3 9
10 2
4 8
1 69
6 53
5 51
3 15
8 45
10 70
3 93
3 34
5 30
8 68
8 19
9 49
8 85
7 96
6 83
10 59
10 69
6 42
4 61
5 36
8 54
2 14
2 50
5 78
4 88
3 9
9 67
10 69
6 67
7 63
7 22
1 65
2 66
3 16
5 98
2 32
6 34
7 32
10 40
9 22
4 1
2 37
9 45
6 3
6 57
9 42
2 79
2 33
7 8
6 10
4 90
3 12
9 43
8 61
3 26
10 3
1 53
4 11
2 9
4 94
5 50
3 60
2 55
1 71
4 82
6 22
1 41
2 55
3 90
6 51
4 16
9 100
9 47
10 5
9 5
2 50
10 76
10 95
9 77
8 44
3 86
2 51
7 7
5 10
9 26
6 71
5 22
4 50
3 100
1 14
10 42
5 100
5 16
2 37
1 96
3 87
5 41
10 88
5 13
7 4
8 80
7 52
1 25
5 16
7 20
5 1
7 97
3 67
3 77
5 39
1 22
6 45
5 98
8 27
10 97
10 21
10 36
10 20
2 51
2 46
4 38
7 87
3 97
3 12
2 57
8 9
6 15
7 61
7 23
1 46
2 25
9 14
3 97
4 46
6 14
5 41
4 59
3 85
3 74
6 2
7 44
6 44
10 53
2 72
2 73
9 70
10 88
10 94
6 64
7 89
4 5
10 4
2 83
4 49
3 80
8 57
8 96
6 30
3 29
7 77
9 7
4 11
10 82
1 38
2 69
2 19
3 92
3 12
7 41
1 92
9 55
7 42
4 75
9 3
10 56
6 4
10 86
7 69
8 48
2 57
5 100
1 70
9 43
7 4
3 78
9 62
10 83
3 52
4 70
6 89
5 45
6 46
3 14
6 40
1 64
7 39
2 72
5 27
6 91
7 100
3 45
7 95
4 89
10 80
8 24
6 59
8 24
10 98
7 50
6 12
10 40
8 1
10 77
10 99
7 10
7 85
7 63
9 54
8 71
6 53
9 22
6 53
2 93
8 16
1 75
2 69
3 14
5 10
9 13
5 16
10 10
10 74
8 24
10 65
2 83
1 52
3 36
7 78
10 88
5 25
3 93
3 2
10 52
4 27
7 97
3 63
6 34
2 48
4 56
4 43
6 96
8 15
10 5
5 76
6 90
5 93
9 3
9 5
2 46
10 55
7 88
9 48
9 62
8 50
6 62
6 31
5 58
8 17
1 70
5 1
10 9
7 66
2 30
2 36
1 74
5 63
2 44
8 46
5 74
10 80
1 99
7 27
7 30
7 75
7 46
1 78
4 59
5 66
5 78
9 77
1 1
8 78
10 22
3 35
7 82
3 31
7 2
6 41
7 38
6 32
3 15
4 83
9 75
10 89
2 22
1 38
7 48
1 80
10 78
7 6
6 55
1 78
1 20
9 42
4 40
5 33
7 75
6 29
8 69
2 70
2 47
6 16
10 37
7 86
6 99
9 50
4 11
2 70
7 37
3 54
4 91
1 8
7 34
8 30
7 61
5 65
2 57
4 59
4 30
2 27
4 38
8 1
7 72
10 98
5 53
3 73
3 99
10 8
9 21
8 90
4 15
1 79
6 39
2 75
7 66
9 7
6 39
5 81
6 17
1 47
8 59
4 39
9 84
5 50
7 44
8 55
2 68
2 15
4 98
5 92
2 9
5 79
2 53
1 95
9 58
5 4
3 68
4 32
1 46
10 1
1 63
9 36
6 47
6 34
3 42
4 26
9 100
6 22
8 97
2 59
2 7
10 53
3 35
3 24
3 53
5 94
10 53
1 97
2 51
7 63
4 86
3 93
4 93
9 5
6 66
7 2
4 69
4 39
4 77
8 51
4 6
4 64
10 47
6 21
10 70
5 26
7 75
3 20
8 78
9 47
10 18
4 54
8 30
3 93
6 18
4 32
7 44
7 19
10 53
9 97
6 32
10 88
7 4
10 21
6 58
2 73
6 78
4 67
8 16
9 3
10 33
8 33
9 87
10 44
1 14
1 66
3 39
10 40
3 59
1 50
2 37
4 46
5 9
7 19
2 54
10 90
9 51
