10 86
9 83
6 33
2 85
6 23
3 23
8 88
9 99
1 69
1 19
5 19
2 86
8 53
9 85
9 72
9 22
10 18
6 65
6 40
3 98
5 29
9 95
1 44
9 90
9 81
2 69
9 85
1 56
3 37
10 23
10 66
4 64
4 38
3 10
6 66
10 53
3 100
3 39
3 72
1 85
8 36
4 51
9 49
1 29
4 68
3 31
4 42
2 59
8 44
7 83
3 12
6 89
3 9
4 28
8 13
8 46
9 66
5 23
9 93
1 42
5 76
6 65
7 52
7 27
1 23
4 2
1 73
2 24
9 20
5 88
2 70
1 54
1 50
9 3
5 36
1 54
4 3
4 93
3 37
3 16
9 66
2 77
4 25
3 76
6 97
2 53
3 23
8 76
5 94
2 57
7 24
5 58
7 99
3 59
8 4
6 81
5 79
10 63
8 21
1 53
8 11
9 58
1 93
5 41
10 32
5 28
9 5
10 90
8 38
1 84
4 90
1 31
1 40
9 16
9 1
8 20
2 60
2 67
1 96
7 41
5 53
5 61
7 23
5 50
2 1
1 2
7 22
9 85
8 70
3 100
2 27
1 5
10 79
8 36
9 58
7 59
8 66
8 10
7 11
6 37
6 88
6 15
10 28
4 41
1 37
2 40
2 85
7 64
10 91
4 98
4 18
6 76
6 49
2 88
3 33
8 60
3 83
10 30
5 93
6 53
7 78
10 38
7 87
8 76
9 74
10 3
10 29
2 48
9 59
4 60
5 35
2 6
7 54
7 87
3 72
6 85
7 14
10 84
8 64
10 93
9 22
4 21
2 65
7 98
4 92
3 73
8 60
7 96
5 65
10 98
3 26
7 98
8 12
3 77
6 56
8 17
8 84
5 99
10 65
10 7
2 23
5 23
10 37
8 70
1 63
3 28
9 2
2 84
3 7
3 85
1 36
7 90
8 92
6 21
6 30
2 55
1 98
6 22
4 72
8 7
8 78
1 7
8 92
9 26
1 71
6 76
2 71
3 1
9 98
3 95
10 27
8 93
2 100
8 94
8 33
10 69
6 96
8 17
1 85
4 58
5 27
9 83
3 94
5 73
2 78
4 77
3 17
2 54
5 60
2 68
9 46
1 29
2 59
10 97
2 89
6 49
4 29
9 40
1 96
8 99
7 96
7 27
10 11
2 62
8 8
1 2
1 62
9 82
6 65
4 63
1 66
10 30
9 75
4 97
6 25
6 67
6 48
1 98
9 41
2 92
2 66
9 70
6 82
6 86
10 15
10 15
2 10
10 59
9 31
10 25
5 18
5 32
8 97
5 53
10 72
3 37
4 59
2 55
4 44
4 21
9 53
7 41
3 17
7 73
7 59
9 16
2 74
8 75
10 53
1 88
10 55
10 5
7 51
3 57
10 72
8 9
8 95
4 78
6 74
5 67
9 40
6 54
5 30
10 72
9 91
5 3
6 87
8 91
6 75
9 88
5 88
7 20
4 21
8 93
9 53
10 82
10 46
10 79
10 57
7 22
1 62
4 94
8 71
6 72
6 92
8 49
3 99
8 63
2 27
6 53
7 75
6 2
3 17
9 48
1 32
8 66
5 83
5 5
2 7
10 79
4 65
2 98
4 50
4 97
4 21
5 40
5 15
5 58
3 97
9 55
10 5
2 48
2 42
4 69
2 8
8 41
3 77
9 17
9 27
10 87
6 58
9 13
3 93
3 19
4 45
7 10
3 7
9 19
3 67
3 32
9 85
2 50
4 88
8 61
3 74
5 29
7 80
8 69
6 50
6 49
7 87
8 52
7 55
7 32
8 94
8 76
7 99
1 62
7 33
2 94
6 78
10 58
8 81
6 38
10 58
10 31
4 26
10 85
10 39
7 35
5 99
6 40
7 9
4 52
1 50
5 80
7 27
5 39
2 43
9 6
8 67
3 50
6 33
7 53
1 15
4 7
1 74
4 72
1 56
10 77
2 13
3 95
3 90
3 91
1 44
9 35
6 40
6 86
10 29
3 73
2 66
2 29
1 83
10 77
4 6
3 68
3 80
3 96
6 22
3 40
8 21
2 83
7 58
9 78
1 71
3 67
7 84
9 9
2 1
4 61
6 46
9 42
4 53
9 13
9 15
3 40
3 86
1 73
9 87
3 79
6 25
2 5
9 18
4 90
3 78
5 18
7 1
8 51
2 61
1 52
10 18
5 47
1 15
8 50
10 11
9 53
5 64
2 90
8 87
8 65
6 96
9 35
7 93
10 35
5 88
6 16
10 26
10 62
6 100
7 84
8 48
9 51
10 48
9 94
3 51
8 18
1 5
6 40
10 94
3 77
8 82
5 29
9 20
3 49
1 41
9 36
1 17
7 34
4 13
7 65
1 23
10 72
7 31
10 41
2 27
2 98
9 23
6 51
2 67
7 48
7 78
8 55
5 75
2 74
1 7
1 19
10 15
2 72
1 31
5 78
7 84
7 65
5 43
1 31
3 60
10 50
3 22
10 16
8 56
3 38
3 81
6 37
2 77
3 13
4 73
7 27
1 6
5 79
7 33
9 87
6 34
8 24
4 39
3 19
8 72
4 79
7 29
10 17
1 43
8 17
6 1
4 33
2 40
7 96
8 31
4 5
1 9
8 6
1 99
1 84
5 25
4 40
7 77
3 81
3 89
10 45
4 23
6 71
10 38
7 95
3 59
1 40
10 66
7 83
7 15
4 23
1 82
6 63
6 83
10 84
6 62
7 56
6 95
9 45
9 45
4 9
5 95
5 96
7 48
3 96
1 88
7 37
5 56
8 70
10 17
8 22
6 86
7 8
4 81
7 83
10 37
5 98
3 77
1 69
8 44
8 80
2 8
4 80
7 1
8 97
3 12
3 40
3 10
3 54
9 40
8 85
5 72
4 9
5 6
8 40
7 44
3 88
5 16
1 94
4 61
5 49
10 69
7 4
3 93
10 81
9 54
7 87
9 65
7 63
2 26
9 55
2 47
9 84
5 36
9 26
6 43
2 54
9 78
5 12
3 4
6 35
10 81
6 42
6 81
7 16
6 5
8 52
6 55
10 79
6 16
6 40
8 31
9 44
10 92
1 22
10 78
7 57
3 2
9 88
3 10
8 35
2 95
1 14
9 44
7 43
1 11
4 40
2 29
1 38
4 6
7 16
2 95
2 38
5 30
9 99
8 7
1 9
4 32
2 81
10 74
7 41
2 19
4 19
3 2
3 89
8 70
4 29
2 80
2 40
5 23
7 70
6 61
3 82
1 80
9 85
5 62
4 16
6 87
7 75
10 82
5 92
7 23
5 25
7 60
3 92
4 10
3 41
4 27
4 5
9 54
10 86
7 8
8 30
1 38
2 6
5 84
1 12
10 61
2 33
3 100
6 41
10 71
3 48
8 50
9 23
5 96
7 88
2 59
10 60
8 38
8 11
10 32
8 57
7 71
3 67
3 31
6 40
3 74
3 8
4 33
10 72
1 68
1 60
9 55
7 9
6 85
9 34
9 95
5 34
5 2
5 77
9 85
9 37
8 62
8 91
6 60
10 59
8 60
8 29
7 60
1 94
4 32
1 55
4 88
10 97
4 7
2 22
1 55
1 43
7 21
9 27
6 68
10 77
5 6
8 27
10 3
1 35
7 15
10 26
7 71
5 19
1 100
1 22
1 52
7 7
8 21
4 43
10 96
2 70
9 23
1 26
10 12
10 3
8 54
4 64
8 77
7 79
9 14
4 41
3 57
8 77
4 100
1 35
8 73
2 37
3 7
2 2
3 30
8 11
8 85
10 59
4 78
9 47
4 57
3 91
9 5
8 60
9 68
7 75
9 6
5 19
2 34
10 3
1 97
1 79
2 40
10 77
8 32
8 87
5 13
9 25
7 28
4 13
4 3
1 48
6 7
6 39
3 4
9 54
6 26
2 38
9 19
2 13
4 29
6 89
2 18
4 37
3 67
9 44
9 31
7 32
3 33
5 35
1 49
2 86
4 48
10 53
10 69
9 19
1 5
9 23
3 48
9 65
5 45
9 92
4 25
5 49
3 59
1 52
1 17
1 87
5 83
9 40
6 36
4 12
6 95
6 6
1 94
1 52
1 27
2 58
2 57
9 10
8 14
3 81
7 55
8 61
5 8
8 2
1 34
9 94
9 35
8 81
5 74
4 94
9 8
9 74
7 3
4 35
9 45
3 40
10 17
6 44
1 78
6 4
2 41
8 3
9 86
10 1
4 82
8 63
10 13
7 23
9 11
5 72
2 5
7 66
2 21
10 8
4 2
9 22
1 7
7 69
8 39
10 90
5 20
5 8
4 69
2 42
1 36
4 77
4 52
2 42
4 40
10 53
10 31
3 27
9 85
9 14
6 27
10 39
9 98
4 27
8 92
6 79
10 4
5 3
5 97
5 42
10 91
8 36
6 34
3 48
8 83
7 1
7 97
3 57
9 5
8 86
6 91
2 25
10 9
5 96
9 97
8 7
