7 16
2 59
8 19
5 45
10 78
8 78
6 90
2 58
4 62
7 72
5 64
1 45
5 90
10 93
1 62
10 68
2 14
10 23
8 24
7 64
9 70
7 96
2 2
3 33
5 34
6 77
2 39
8 10
5 83
8 79
5 97
7 63
1 17
8 61
4 37
3 29
3 20
1 43
1 62
9 14
3 73
4 46
8 55
10 75
5 68
3 75
3 58
10 19
2 24
2 3
2 81
6 31
1 8
8 53
3 82
10 90
1 6
8 9
8 68
9 100
7 24
6 1
1 58
7 28
8 65
2 52
6 81
7 19
4 6
8 92
7 35
8 44
1 59
9 65
5 39
2 48
9 33
3 29
2 85
8 65
6 2
3 4
7 28
8 77
1 58
3 31
7 80
10 66
2 54
1 63
3 67
3 88
2 29
8 48
10 9
8 55
7 25
9 19
1 27
6 100
1 56
2 82
6 61
8 89
8 5
4 13
5 77
9 44
6 25
7 81
3 45
10 14
6 64
1 2
5 97
5 25
9 23
3 90
10 35
7 44
4 50
4 44
2 68
3 47
6 53
3 48
8 70
10 97
4 25
3 71
9 6
1 88
6 13
4 85
7 49
8 5
4 58
10 97
4 4
3 58
8 81
7 29
3 18
7 17
4 54
1 100
8 47
1 72
7 9
1 89
1 28
5 37
7 53
1 15
8 74
4 33
3 41
3 16
9 9
4 66
1 36
8 48
6 51
4 30
3 78
7 40
6 99
5 87
1 91
3 54
6 90
4 43
3 37
3 65
4 65
7 95
8 59
8 35
4 62
7 6
7 45
7 16
6 58
5 92
5 8
7 18
4 50
3 13
5 61
2 89
2 77
6 29
2 55
6 45
1 29
10 83
2 55
9 21
1 62
3 8
3 32
3 51
10 49
2 54
8 41
3 62
9 62
8 8
2 24
9 10
5 51
3 58
2 62
10 37
1 75
9 67
4 51
7 81
10 4
4 56
5 44
4 2
3 18
6 19
2 21
8 51
7 13
9 18
2 55
10 17
6 59
2 56
3 57
6 17
1 17
7 80
7 72
5 8
8 13
6 35
7 40
8 78
4 70
5 56
8 70
5 62
8 76
3 84
7 85
2 62
7 7
4 21
5 43
2 48
1 33
9 48
5 99
4 89
6 3
8 28
3 71
8 74
1 62
8 98
1 89
2 32
5 87
8 9
8 31
8 35
10 13
10 85
7 24
4 15
1 39
2 54
5 21
3 11
9 76
9 95
8 59
1 71
10 52
1 77
5 94
6 47
2 50
9 31
5 37
4 80
4 50
5 17
9 2
5 52
6 78
1 51
1 16
8 27
8 63
4 28
5 85
4 10
3 50
4 1
10 43
4 53
2 49
8 98
2 25
3 62
9 73
3 69
6 17
4 56
8 43
7 68
1 44
2 54
9 69
4 44
9 74
10 60
9 71
1 64
3 13
5 39
8 20
10 66
6 20
10 39
10 68
2 74
6 31
5 97
5 74
10 40
9 67
8 91
9 1
3 36
6 56
1 84
2 88
2 62
9 62
10 46
10 79
7 1
2 6
10 26
1 13
4 73
7 16
2 20
8 46
1 10
9 80
9 30
5 8
3 72
4 63
6 99
6 75
10 3
6 65
9 82
10 86
5 54
2 57
3 65
1 86
7 18
9 70
8 64
6 64
10 93
1 70
2 5
7 29
9 97
4 99
10 47
1 42
8 24
1 20
9 5
10 42
6 31
5 62
10 78
1 9
8 89
3 93
4 8
7 44
3 62
9 74
9 99
10 29
9 94
9 60
8 65
8 49
8 62
1 80
9 68
10 82
7 35
2 79
4 1
7 32
9 47
1 24
7 56
6 38
2 69
7 4
3 19
9 56
6 2
1 40
7 90
3 79
9 96
7 63
2 94
5 22
2 92
7 27
1 76
2 45
2 69
2 10
10 32
8 46
9 100
10 42
10 33
4 77
6 20
10 83
4 85
4 93
10 40
4 85
5 30
10 27
2 26
7 48
3 41
3 3
1 52
7 54
8 95
3 72
6 14
2 1
3 76
4 2
7 77
1 39
1 50
10 7
4 75
2 52
4 17
8 28
8 57
1 12
8 18
2 27
3 47
6 94
10 93
1 20
9 44
3 93
9 57
7 1
9 72
2 72
7 24
5 80
1 44
6 67
4 33
5 46
8 58
9 58
10 83
3 59
1 4
5 3
8 81
10 86
7 23
3 21
2 86
4 84
7 69
5 49
2 60
8 57
10 69
2 66
2 99
4 80
4 3
6 9
1 96
5 18
2 62
10 27
2 35
3 43
8 15
10 32
1 31
9 49
10 41
10 56
9 43
4 74
1 1
7 59
6 33
10 63
2 54
3 30
7 52
6 89
5 95
4 61
1 3
2 94
8 77
8 16
7 29
5 26
8 52
1 69
8 44
3 39
7 2
3 90
1 11
3 83
8 73
1 76
2 30
4 23
4 91
1 52
5 91
7 51
1 78
5 50
1 77
3 74
7 79
6 90
2 22
2 28
8 56
2 17
6 22
9 48
6 52
10 91
5 95
6 21
10 35
8 8
9 12
6 11
9 1
4 84
9 36
1 29
2 13
4 96
9 78
6 42
3 100
9 28
3 24
10 13
5 29
1 93
3 93
3 38
6 27
8 11
9 41
6 17
8 80
4 77
5 94
7 92
4 86
1 61
10 98
3 87
4 46
1 7
9 9
2 72
3 70
6 94
4 73
6 56
9 40
7 64
4 30
9 86
4 99
8 64
7 74
8 41
10 42
8 36
8 99
2 44
8 14
4 50
1 17
3 47
1 2
4 81
9 38
6 61
5 98
1 47
6 70
1 57
7 70
1 93
6 47
1 67
9 98
2 56
8 15
4 62
6 14
4 96
5 31
2 28
7 88
6 4
9 4
3 7
6 90
4 50
9 21
9 88
5 3
10 90
7 89
7 91
1 87
10 96
7 95
1 72
10 93
2 56
1 50
8 54
8 54
3 11
2 57
6 23
9 21
3 13
7 42
1 96
3 42
3 38
4 20
1 20
6 92
5 67
10 54
5 74
9 21
1 84
2 47
6 85
9 59
7 61
6 82
8 13
1 18
4 87
7 73
6 40
1 43
7 73
10 71
2 60
4 16
8 97
3 16
1 89
1 26
10 22
1 89
3 13
1 53
6 17
6 54
6 49
2 55
3 22
10 6
5 7
4 51
6 62
7 38
7 96
4 25
1 88
7 44
7 4
7 33
1 33
2 83
3 15
9 19
9 78
5 41
4 71
9 89
10 74
3 79
6 89
7 6
9 26
6 89
4 27
10 10
1 83
5 29
7 56
9 77
1 36
9 2
5 9
9 39
1 71
3 90
10 48
8 71
7 46
10 22
8 73
7 37
7 31
7 6
8 34
9 6
10 58
10 11
4 49
3 20
8 11
6 91
9 86
2 68
9 7
3 14
3 35
1 14
7 93
5 80
2 65
9 81
9 18
8 38
9 93
1 21
6 36
6 23
5 46
4 18
8 36
8 92
7 96
2 69
6 29
5 70
7 36
10 55
2 54
8 38
10 92
8 78
8 32
3 48
8 9
6 25
7 58
5 35
6 60
2 89
3 87
6 32
7 27
10 80
5 44
3 72
5 51
7 91
1 24
6 72
1 18
6 77
7 2
4 44
2 32
4 35
6 58
2 30
3 75
3 27
3 93
7 74
6 16
4 23
7 44
2 69
6 97
7 85
2 26
9 48
6 83
10 10
9 88
5 72
5 27
1 61
6 77
7 13
7 46
10 63
5 4
9 1
6 47
8 6
8 87
2 36
7 57
3 7
7 95
5 19
10 68
6 10
8 8
9 94
8 98
7 46
9 44
7 91
5 91
7 55
10 65
5 7
9 71
10 18
6 100
6 74
8 1
10 85
6 10
5 76
1 59
10 81
4 16
5 72
8 42
1 54
7 32
5 13
7 57
7 23
10 8
7 8
6 34
9 99
2 55
4 19
7 90
2 20
8 55
3 66
9 11
4 12
6 31
6 66
6 38
7 69
9 45
9 35
6 8
9 88
5 71
10 43
8 14
7 7
2 11
3 71
9 46
5 8
6 96
8 34
10 66
8 8
7 8
1 38
4 18
4 83
9 49
4 32
1 75
1 53
6 58
4 29
9 72
5 32
8 86
4 97
8 77
3 70
5 25
5 54
6 40
1 65
1 87
8 83
9 30
3 50
1 2
5 62
9 41
6 5
9 44
7 60
6 4
3 17
3 60
4 89
1 3
2 50
5 11
2 50
6 62
6 12
3 57
10 77
3 35
5 86
1 99
9 57
4 71
6 62
1 84
3 69
6 11
8 89
4 59
1 55
9 88
10 37
3 68
7 42
9 8
8 60
8 28
2 14
4 41
8 12
4 7
5 100
10 3
6 99
1 25
10 25
9 75
2 18
4 87
1 50
9 48
9 87
1 37
10 22
4 42
4 76
7 7
9 56
8 31
4 67
