5 82
4 56
7 36
9 71
5 98
1 14
5 6
5 93
7 99
5 32
5 71
9 7
10 91
8 80
10 61
9 10
7 80
10 60
1 29
5 57
7 13
8 92
2 24
5 77
1 8
3 3
3 94
7 84
7 99
9 30
10 19
9 28
9 93
1 38
6 91
4 14
2 28
8 21
2 35
3 9
9 38
1 93
6 97
10 22
10 13
2 25
1 62
2 64
6 93
8 46
3 43
4 27
5 11
5 35
7 21
5 82
10 17
5 2
5 99
5 46
6 22
5 57
9 85
1 67
5 4
1 34
6 20
8 27
1 37
1 92
7 66
4 52
7 85
9 43
5 36
3 12
4 80
8 4
10 8
2 12
5 94
10 71
9 82
1 4
9 32
9 11
6 17
7 82
4 6
10 2
2 57
4 56
9 20
2 15
6 60
8 52
3 82
10 82
4 38
3 24
8 6
5 44
10 46
8 45
4 67
6 97
8 81
6 25
3 14
6 27
9 64
10 39
2 54
9 54
9 96
9 95
9 41
1 23
6 30
10 89
7 34
1 59
5 72
8 12
1 90
10 66
4 80
10 32
5 1
8 62
10 58
10 6
9 63
8 8
6 77
10 53
2 45
10 36
7 27
9 16
7 12
4 42
3 69
1 4
3 50
9 52
9 86
2 45
1 65
5 76
7 77
4 74
1 37
2 76
10 94
9 15
3 63
3 54
7 43
7 63
9 46
10 52
10 44
10 56
4 28
8 73
7 12
2 75
5 83
5 47
2 32
3 66
4 93
9 19
6 16
6 96
4 53
8 16
5 15
6 14
5 74
3 89
10 14
7 33
5 5
1 17
8 69
4 72
4 56
6 75
6 6
8 44
1 3
6 85
8 19
6 92
9 32
9 99
9 41
10 92
6 88
2 31
3 45
6 95
3 34
3 43
4 33
5 51
6 88
2 64
1 81
4 5
4 73
9 39
2 76
3 20
7 88
7 48
1 1
10 80
2 29
3 100
10 8
9 16
4 36
10 36
1 48
6 30
9 27
9 33
10 12
7 84
5 81
3 68
3 5
2 54
10 58
4 41
5 87
8 20
3 67
5 45
8 81
2 19
6 53
5 62
4 11
6 29
1 94
10 79
6 23
8 66
10 5
2 30
4 47
8 63
10 5
9 87
5 71
9 71
4 38
9 92
6 81
1 86
2 1
8 89
10 38
10 100
3 82
8 35
3 91
9 28
9 10
1 62
8 34
2 11
3 16
6 21
2 41
9 68
5 93
2 26
2 35
4 32
7 1
2 40
6 20
2 88
9 65
5 3
6 51
7 31
2 49
7 12
6 23
4 7
7 41
3 75
2 72
4 33
6 86
7 46
1 85
1 7
4 44
7 4
3 9
1 19
2 95
10 29
9 60
7 62
9 67
9 86
8 45
5 19
1 73
7 3
6 90
3 48
6 9
10 31
4 97
3 10
6 20
3 56
4 51
10 43
3 97
4 61
2 76
6 32
2 82
2 29
9 12
10 72
6 21
7 79
10 14
10 36
3 5
5 37
2 32
9 43
4 96
8 67
8 84
7 86
9 28
3 15
8 90
3 47
9 52
4 72
3 76
5 91
6 6
8 81
6 100
7 73
8 16
4 40
4 42
4 22
3 61
3 97
1 81
1 44
2 30
7 34
5 16
5 77
10 91
10 42
2 59
5 31
8 89
3 89
8 80
9 95
4 39
10 91
2 60
4 48
8 79
3 30
8 13
1 38
8 44
2 70
10 71
5 6
4 71
3 56
6 86
10 30
9 87
6 82
4 15
5 46
4 87
4 66
6 100
7 72
5 44
9 92
6 58
6 13
9 86
4 87
2 35
5 23
2 81
6 20
6 91
2 92
5 22
1 4
10 88
3 73
8 57
5 88
9 40
3 85
9 34
1 37
2 23
9 37
7 70
4 31
10 83
10 47
5 80
8 3
5 2
3 49
4 94
10 74
9 48
2 78
3 22
9 41
8 83
8 57
9 76
9 82
7 28
3 34
8 28
9 51
5 48
5 34
9 54
9 75
7 30
2 75
3 32
10 46
6 46
1 55
4 31
1 1
3 85
4 83
7 76
5 52
4 9
9 66
10 78
2 93
9 51
7 81
10 98
10 61
4 92
9 34
6 45
8 20
3 35
6 87
8 50
6 70
8 78
8 49
7 15
8 26
2 98
8 44
3 38
5 3
5 54
4 39
4 1
1 15
7 48
1 37
2 44
5 6
4 57
2 9
3 71
6 81
2 64
2 63
9 22
6 21
3 91
5 77
1 91
10 51
10 83
2 31
7 12
9 26
2 50
6 56
4 67
7 26
5 24
8 55
5 3
4 13
3 76
1 66
9 18
4 98
6 45
1 18
10 43
8 60
1 64
5 54
9 83
6 5
1 30
5 72
3 53
3 33
7 4
8 92
10 64
10 50
3 84
6 89
1 5
4 11
3 15
5 96
4 91
4 87
10 71
2 41
1 32
9 4
2 68
6 51
7 91
4 2
1 8
10 78
1 66
9 39
9 44
3 86
10 47
10 6
2 78
2 63
6 76
10 70
4 95
4 36
4 72
2 34
2 8
8 54
7 82
8 53
9 18
10 72
9 70
1 64
1 60
6 69
8 73
5 80
5 53
3 59
1 71
8 58
10 28
7 16
4 44
4 55
7 66
10 41
6 14
10 68
7 28
10 53
3 59
9 84
7 79
7 40
9 80
9 79
3 85
5 89
3 90
9 39
7 78
1 62
6 81
7 70
6 2
4 89
6 81
8 84
7 12
2 50
2 7
6 91
5 38
4 61
5 79
7 47
7 5
8 46
10 97
5 90
2 3
3 89
3 5
4 75
10 100
7 98
5 84
5 20
8 99
9 83
5 26
2 5
1 69
3 99
7 12
3 60
9 38
1 62
3 33
4 41
7 28
1 3
2 27
4 37
7 93
3 60
6 65
1 12
3 62
1 86
3 3
8 37
5 8
9 28
6 99
9 26
1 56
6 71
8 92
7 58
8 24
7 32
3 50
3 92
9 24
7 10
2 74
6 83
1 8
8 51
6 53
7 26
8 18
1 99
7 62
9 35
4 78
1 31
7 98
2 82
3 96
9 25
3 98
1 76
1 18
8 30
4 60
6 54
6 4
7 94
10 19
9 68
1 82
3 56
9 65
8 48
1 54
2 28
6 52
7 83
2 15
8 66
4 20
3 40
5 98
10 14
10 77
3 22
2 53
4 27
7 75
4 16
6 20
8 38
1 3
10 8
10 34
2 14
6 81
10 66
2 23
5 12
4 41
2 40
1 57
5 62
4 8
7 9
8 61
4 49
5 86
7 67
6 8
10 75
7 63
1 59
10 79
6 27
5 48
2 45
5 49
2 71
6 68
1 11
10 2
3 14
8 61
10 73
4 92
7 29
8 58
9 27
9 23
5 56
6 76
3 63
7 30
9 90
10 99
4 86
10 85
9 16
7 99
8 48
4 78
2 92
7 77
1 22
2 26
2 91
8 70
6 89
1 35
1 80
6 16
2 18
3 42
6 61
8 34
9 14
2 43
2 79
4 38
3 12
5 45
9 59
2 54
1 36
1 25
5 97
5 13
2 16
1 55
7 62
4 8
3 34
7 27
7 35
2 15
1 66
6 63
10 62
9 24
3 6
7 31
3 89
2 60
7 26
5 99
3 86
3 95
1 4
10 48
7 19
7 38
4 75
4 96
4 53
5 23
2 25
9 49
4 75
6 99
1 74
6 51
10 58
10 21
7 36
3 16
10 60
7 29
6 34
1 13
10 51
5 1
10 67
9 8
5 44
7 60
6 3
10 89
9 22
8 19
8 86
8 67
6 14
9 13
4 85
6 73
6 58
3 1
2 58
3 27
2 16
7 32
1 97
1 73
9 41
2 61
1 91
2 28
1 44
9 14
10 92
9 33
6 18
4 34
1 25
9 79
1 98
3 63
5 52
7 37
4 84
5 35
2 25
10 87
6 3
2 100
4 33
10 20
6 65
4 89
1 9
5 27
1 3
10 5
2 76
6 40
4 31
10 17
3 90
10 85
9 35
4 43
3 97
3 19
4 9
10 11
2 36
8 55
3 90
2 90
2 38
6 3
8 73
8 94
2 17
7 93
9 32
4 63
1 25
6 76
8 34
10 22
1 100
5 44
9 93
5 50
5 1
1 80
5 79
5 76
10 34
6 79
9 61
10 88
5 4
2 22
3 22
3 79
8 47
10 85
4 2
8 80
10 5
9 55
5 5
7 49
5 73
7 60
1 94
5 6
4 18
1 62
5 71
9 50
9 75
6 19
7 45
10 70
8 26
4 55
1 70
7 39
3 31
3 32
1 57
2 68
4 51
4 78
9 13
9 79
9 91
3 33
10 71
4 2
9 84
7 72
3 35
3 96
4 6
6 50
4 88
6 100
3 95
9 2
4 34
8 46
3 27
8 48
5 72
10 66
9 43
3 27
4 88
9 98
10 20
9 78
5 3
