1 60
8 27
8 16
6 96
8 3
9 27
2 77
10 93
2 58
7 71
3 58
6 35
2 97
10 78
1 62
3 39
7 44
7 67
2 56
1 21
3 59
10 80
1 82
5 15
5 4
5 53
6 39
8 26
3 82
6 75
10 27
1 54
3 32
10 38
7 8
2 39
3 6
3 93
9 27
4 43
8 36
9 95
1 54
2 73
9 78
10 57
2 5
6 38
6 10
1 61
7 56
9 47
7 62
4 70
8 12
10 55
4 36
3 50
6 23
7 47
1 79
6 94
8 6
3 30
2 1
4 90
4 54
1 16
10 68
2 80
8 86
9 49
4 15
9 47
10 73
5 53
2 75
8 53
2 94
7 75
4 41
10 83
7 33
1 87
2 68
4 13
8 72
7 90
9 36
9 45
7 48
7 54
5 44
10 54
5 35
6 16
2 33
4 35
3 46
7 16
10 90
2 79
8 35
7 17
8 25
7 39
1 73
2 20
1 88
9 90
7 36
2 27
5 78
10 62
9 11
2 51
2 81
6 21
1 5
2 31
10 64
3 39
10 11
10 4
7 72
2 75
8 6
2 57
5 81
4 80
8 47
2 15
10 15
2 35
5 37
9 4
6 19
6 1
9 91
3 77
8 56
5 7
4 75
2 57
5 24
5 1
10 51
4 21
3 83
1 49
2 32
2 11
8 76
10 87
8 80
4 97
3 9
8 60
10 19
9 45
1 92
1 13
3 2
9 40
9 20
10 7
9 93
9 97
7 92
3 78
3 2
8 57
9 84
6 32
4 57
4 90
2 81
5 81
7 85
5 1
2 12
5 78
6 37
7 98
5 95
8 23
4 38
10 72
8 80
8 38
9 41
3 75
7 83
2 84
7 31
6 96
7 77
9 49
6 58
7 61
1 25
8 17
5 95
4 31
5 4
8 47
6 72
1 94
1 54
5 22
4 60
9 69
7 100
8 43
6 71
9 67
5 66
1 36
5 1
10 54
4 60
6 61
7 17
5 76
5 34
3 55
6 13
7 51
7 21
4 98
10 77
1 96
8 45
1 96
4 9
5 93
2 11
2 62
1 92
1 80
6 27
5 15
10 33
6 46
8 84
6 93
3 59
6 99
2 4
10 25
7 79
2 59
1 19
1 68
7 98
7 28
1 76
6 6
10 69
3 92
1 37
6 41
2 74
9 61
4 78
7 36
6 42
5 88
6 74
10 73
1 30
4 69
2 39
3 61
8 48
3 35
5 56
9 36
5 21
8 78
2 34
3 87
2 2
6 74
4 77
3 60
9 33
7 6
10 66
5 10
9 58
2 84
6 49
3 16
2 56
4 57
7 33
10 48
5 52
3 87
6 25
4 17
3 22
10 64
3 78
4 79
9 56
4 10
1 47
8 80
1 16
4 3
4 52
10 14
5 31
4 36
5 24
1 1
9 69
2 47
6 52
7 67
9 85
10 98
4 80
9 7
6 32
2 19
10 1
6 69
4 43
9 36
10 7
5 90
3 95
5 87
10 42
4 62
7 62
1 76
2 19
7 51
8 41
8 31
4 93
1 85
10 45
7 36
4 90
1 50
7 16
5 59
6 69
3 5
5 30
7 3
5 75
2 28
10 98
5 37
1 40
4 99
9 100
1 44
4 37
9 28
6 70
2 71
8 49
3 66
9 25
1 36
10 57
4 16
4 35
4 93
8 26
4 53
1 29
3 23
5 99
8 96
9 24
2 1
9 29
1 27
3 24
2 7
9 29
8 77
7 69
9 8
4 2
6 49
6 83
9 22
8 22
4 6
2 23
1 91
8 23
5 47
4 31
10 23
6 39
4 65
8 8
9 18
2 34
8 18
10 42
6 33
8 64
1 18
4 73
5 77
6 46
5 49
6 56
5 81
6 35
1 10
3 98
1 39
4 17
5 4
3 51
7 87
3 59
2 48
1 53
8 65
6 93
6 8
6 57
4 53
1 65
3 11
9 29
9 86
5 42
5 67
1 73
1 69
3 65
9 89
10 24
10 5
1 46
10 77
2 78
8 34
3 45
2 68
4 33
3 32
3 63
4 95
9 33
10 31
3 16
5 96
9 65
4 57
2 39
2 77
6 30
3 69
5 39
5 6
4 73
2 12
9 22
8 89
3 34
4 4
9 10
2 13
7 89
2 59
4 65
4 49
3 25
4 42
6 82
2 67
10 97
5 95
3 40
2 47
6 61
6 93
8 56
4 40
4 15
1 77
4 13
6 27
7 72
5 24
4 76
4 5
4 77
6 81
8 85
1 87
8 45
5 37
7 2
2 1
4 51
6 23
1 49
7 5
7 54
1 8
3 79
8 50
1 47
6 18
6 77
3 16
4 78
1 66
10 52
9 64
5 74
5 79
4 26
1 18
7 11
3 1
2 61
8 12
9 32
3 5
6 84
9 66
8 49
5 22
4 13
5 42
3 55
4 27
8 60
3 55
8 92
7 29
9 20
4 19
6 2
8 51
10 58
7 62
2 1
3 29
1 83
10 9
6 95
2 99
10 34
7 2
10 73
1 70
10 85
10 77
4 44
4 83
1 59
3 22
4 74
3 88
2 89
7 95
8 17
2 44
2 50
1 8
1 44
2 56
6 4
3 95
9 91
9 2
6 63
4 16
6 37
9 87
2 66
8 91
9 89
8 38
1 55
3 86
3 11
7 84
1 17
4 50
2 54
8 36
8 17
2 98
10 77
7 62
4 88
2 37
3 80
5 73
7 60
3 79
8 66
10 50
6 56
3 76
5 6
3 96
10 23
6 30
10 87
3 32
1 85
1 78
10 89
2 8
1 75
4 67
10 16
6 6
7 25
10 11
5 41
10 35
7 19
10 7
8 18
2 58
2 10
5 84
9 45
1 60
1 10
5 90
7 97
7 23
3 72
1 38
8 66
6 49
10 90
10 61
2 79
3 43
8 47
9 49
2 43
6 97
6 82
5 12
3 30
4 90
4 76
1 58
2 99
8 73
3 72
6 61
2 93
7 56
7 20
10 59
6 11
8 42
1 59
7 46
8 66
2 6
9 47
3 45
6 56
10 96
7 2
6 97
10 96
4 89
6 89
10 84
5 38
6 44
9 17
5 74
9 78
5 72
3 15
9 44
4 13
5 58
2 90
5 67
2 73
10 94
5 94
3 39
8 31
10 6
5 92
3 74
1 89
1 20
5 49
9 88
9 11
4 46
3 88
4 78
4 95
2 98
5 99
2 57
5 87
9 25
2 76
2 97
8 51
3 85
8 62
8 8
2 78
9 5
4 10
4 78
1 71
5 6
8 68
7 4
1 17
4 5
9 93
8 59
1 1
6 73
3 84
7 76
7 32
7 31
2 11
7 79
3 44
1 77
9 4
3 46
1 26
3 6
1 27
3 4
4 74
2 69
1 100
2 80
3 91
8 23
5 87
8 69
1 98
4 40
8 61
8 97
9 24
2 87
5 53
4 12
10 91
4 48
7 74
9 84
5 83
10 82
4 37
10 17
6 74
9 19
6 69
10 91
7 18
2 92
8 85
9 76
9 7
9 60
4 50
10 25
5 91
5 64
5 35
10 65
8 11
7 25
5 97
6 63
7 89
8 47
1 85
2 47
2 38
5 82
8 55
2 81
3 55
3 68
5 15
9 11
6 42
8 91
10 10
8 57
7 72
8 22
8 22
1 68
1 85
8 85
8 47
2 42
7 28
4 95
9 30
10 34
5 38
9 65
2 62
9 70
9 84
6 18
2 93
10 45
2 39
1 30
8 88
2 51
3 17
7 33
2 12
4 58
5 59
5 62
6 58
4 40
7 83
1 90
1 12
3 18
5 53
9 65
7 68
2 28
7 31
3 65
9 97
6 47
6 6
2 23
9 38
8 81
3 76
4 3
8 56
4 29
10 18
10 9
1 25
9 89
7 65
2 8
1 73
7 17
6 26
4 76
2 9
4 64
7 80
8 97
9 97
8 71
7 22
3 39
3 45
8 91
10 55
8 9
3 28
1 45
5 40
8 48
4 33
7 49
4 62
7 99
1 91
10 1
6 14
9 99
5 94
9 8
6 2
3 37
6 30
3 18
1 87
1 48
1 57
9 64
1 71
1 18
8 25
7 34
3 37
6 40
2 77
4 98
6 66
5 36
9 91
3 20
2 12
5 84
3 16
4 61
10 50
9 38
2 53
4 74
8 32
4 55
2 42
7 52
8 45
8 54
8 82
1 63
9 33
8 11
9 68
8 4
6 27
10 26
2 42
2 65
4 2
4 52
4 49
5 18
3 13
1 54
8 29
6 55
7 25
3 62
5 39
9 66
9 15
7 51
6 63
5 59
3 48
1 82
1 42
1 76
1 98
7 37
5 90
7 8
6 41
7 97
5 42
7 98
1 61
8 21
6 45
10 92
10 20
9 50
10 80
9 82
9 99
4 46
8 91
2 91
9 19
7 51
6 14
6 80
2 69
1 27
1 53
9 5
3 37
7 75
8 21
9 49
3 28
6 6
