4 41
9 96
4 27
9 67
3 36
7 81
6 12
1 86
1 73
3 58
1 61
7 77
4 39
7 55
7 49
8 78
8 96
6 22
10 68
4 93
4 95
5 44
10 61
3 66
10 69
10 96
4 39
3 37
2 61
1 53
3 33
7 66
8 18
1 70
10 87
3 84
5 94
6 41
10 52
9 55
1 74
5 86
6 96
9 87
4 54
6 94
5 13
8 28
7 87
8 7
8 63
2 6
3 96
7 20
9 2
8 68
1 76
2 63
1 44
7 71
1 84
10 52
3 1
9 65
5 83
6 29
3 85
7 92
2 91
2 54
2 90
5 94
3 15
6 51
4 32
4 72
6 40
7 6
10 74
7 81
7 6
1 20
5 12
5 65
5 82
4 13
7 36
4 64
10 51
10 58
9 79
8 75
4 18
8 84
7 91
8 99
5 63
6 48
1 92
9 70
2 20
3 79
10 29
1 59
7 87
10 68
7 18
2 35
10 78
5 39
8 13
2 68
10 16
7 57
4 38
1 79
1 38
3 27
1 80
9 91
7 85
2 98
10 8
6 89
7 92
5 93
9 63
9 36
3 43
6 56
6 41
3 15
9 25
1 73
4 18
7 32
6 43
3 3
5 69
9 57
3 60
4 92
2 49
3 94
7 62
6 24
10 14
1 23
4 43
6 45
5 18
5 85
10 62
9 22
2 30
2 82
3 85
10 62
3 64
2 47
6 71
6 37
9 12
3 71
2 45
2 83
8 65
1 22
10 79
1 9
9 34
5 25
3 45
4 85
8 7
5 18
2 47
6 59
9 83
3 7
8 39
1 44
1 46
6 33
6 72
3 16
6 30
3 42
6 30
9 28
9 31
9 65
10 26
10 34
10 96
6 86
5 29
4 98
6 93
5 36
1 62
5 29
1 61
10 16
10 30
5 68
5 3
2 77
5 4
1 22
10 50
5 92
2 27
3 31
7 99
7 8
7 65
2 25
8 79
3 64
10 47
8 3
7 55
4 93
7 61
1 16
7 10
6 67
2 89
4 70
4 23
4 60
9 88
5 97
5 33
2 58
2 82
3 51
5 36
7 47
2 93
4 51
5 79
1 49
5 6
2 87
2 77
4 41
5 93
10 68
4 50
5 21
2 19
2 62
10 53
7 40
9 96
9 11
10 86
7 6
2 36
4 26
1 10
8 47
8 39
1 70
5 67
2 82
7 82
6 94
7 35
4 32
7 89
3 16
9 61
7 48
3 33
8 32
2 9
3 89
7 49
7 19
8 95
8 61
7 19
9 90
4 5
5 50
3 74
8 2
1 51
10 13
3 71
8 75
3 99
4 32
1 9
2 51
8 27
2 57
10 38
1 74
10 39
3 3
5 73
6 49
4 37
2 37
3 8
8 81
3 79
5 28
5 77
6 38
3 90
9 67
5 43
1 95
5 98
4 70
8 83
2 81
7 54
1 13
2 93
9 45
10 34
10 40
6 42
2 45
6 40
4 71
7 45
7 83
7 69
6 16
4 81
4 31
3 83
10 13
4 90
2 95
4 87
4 45
1 37
1 95
7 90
9 76
4 14
8 28
10 49
2 93
4 49
6 22
8 66
10 61
8 11
5 55
7 42
1 27
3 84
7 19
3 87
3 87
10 84
9 32
10 77
1 84
10 20
8 46
9 66
1 16
9 20
4 10
9 48
4 9
9 84
4 100
10 35
4 3
6 93
10 21
5 66
6 67
5 70
8 99
8 28
4 59
8 73
4 94
2 16
4 64
3 41
5 15
3 47
5 10
6 47
3 66
1 91
5 99
8 47
4 81
1 3
3 86
10 57
4 57
4 59
1 31
3 66
2 77
7 94
7 6
4 63
10 96
8 96
2 43
2 34
10 53
6 28
10 48
6 14
6 50
3 24
8 48
4 57
7 95
4 57
6 99
1 9
4 97
6 94
6 41
2 61
4 69
7 41
1 70
7 22
4 25
3 95
9 25
2 85
7 63
6 95
1 66
7 9
10 3
9 16
8 78
9 91
8 27
4 29
10 47
8 59
8 22
10 65
9 18
1 97
7 79
1 37
4 75
5 47
6 44
7 50
10 25
2 3
10 14
5 94
7 16
10 71
1 1
10 97
10 28
7 51
5 94
7 34
4 34
1 79
4 14
2 97
3 47
8 26
4 46
2 68
10 73
6 31
10 79
3 60
5 87
9 57
5 68
8 22
10 54
10 64
2 40
2 96
7 36
2 77
7 95
9 35
1 54
5 96
3 58
8 77
7 87
7 24
4 41
6 82
7 40
10 36
3 54
8 32
4 71
5 74
1 97
4 52
8 10
4 48
6 92
3 24
10 87
3 12
4 46
6 65
8 23
4 93
2 49
2 100
6 53
10 18
8 77
5 27
10 54
4 40
2 20
5 98
7 20
4 61
8 21
1 84
3 52
5 45
5 47
3 65
9 14
9 13
9 74
8 46
1 41
5 91
10 66
2 83
10 21
7 55
9 36
1 86
2 11
4 54
5 42
9 22
9 49
7 39
7 43
2 76
2 36
4 63
8 74
7 97
9 8
1 58
2 58
9 75
5 36
6 57
6 77
1 95
9 19
4 96
8 26
7 82
6 51
3 87
6 49
6 30
3 30
3 22
8 83
6 56
1 78
4 66
6 48
3 1
6 44
5 39
2 74
4 42
3 14
9 38
8 17
5 46
1 86
6 31
8 7
8 52
6 57
1 9
2 11
3 39
9 47
10 26
9 92
7 76
1 84
2 2
1 36
8 56
8 82
3 52
1 15
10 80
3 63
6 42
4 98
9 50
2 89
6 60
8 50
5 22
1 21
3 37
6 85
8 44
2 23
5 91
8 53
6 39
6 82
10 45
7 94
7 5
5 78
4 12
8 14
4 15
6 15
7 81
1 60
6 91
9 4
7 94
10 23
6 85
8 3
3 18
5 57
9 4
10 37
9 11
9 71
7 72
8 24
3 52
6 69
10 44
9 74
9 94
3 60
4 51
6 65
4 33
4 81
9 20
2 75
8 26
7 96
9 91
8 45
1 91
9 68
10 51
10 97
4 80
8 36
10 44
6 5
1 81
1 85
9 40
10 47
4 27
3 68
8 32
5 85
7 62
9 94
5 93
4 36
2 38
5 39
6 53
1 3
9 60
7 21
3 45
5 67
10 15
7 4
6 73
3 85
8 25
1 37
2 57
10 48
2 69
6 29
10 37
5 90
4 72
6 45
1 10
4 37
7 2
9 5
9 61
10 45
7 24
3 35
7 72
8 37
8 37
6 75
4 4
3 7
7 30
6 53
5 23
1 85
6 4
3 32
9 13
7 24
10 62
4 23
5 61
3 67
3 90
4 19
10 43
1 38
8 75
4 54
8 33
8 60
2 65
7 71
5 87
9 63
9 17
8 73
1 1
8 49
8 3
8 15
2 77
9 94
4 85
8 71
6 11
5 14
4 24
5 40
10 87
10 2
7 8
3 45
1 87
3 23
4 10
4 98
6 83
3 52
1 65
10 96
2 98
7 91
9 59
4 46
10 80
5 16
5 2
4 4
4 67
5 67
7 90
7 28
8 32
8 64
6 71
3 49
2 61
5 62
10 32
4 49
9 30
2 42
2 76
9 76
8 78
4 55
9 2
9 65
6 84
7 85
8 62
2 2
5 84
2 12
7 21
3 22
1 62
9 76
2 3
7 55
7 51
8 91
1 39
2 66
7 16
7 20
2 84
9 63
3 24
6 28
1 80
5 35
9 3
4 5
2 53
2 96
2 19
1 89
4 94
3 69
3 100
5 85
7 100
10 52
4 40
1 79
8 98
9 94
5 57
3 26
2 31
8 19
7 84
5 27
5 69
5 44
5 62
9 87
2 21
2 18
10 57
9 57
5 47
4 62
6 5
2 38
9 57
6 96
9 57
6 13
3 53
8 26
7 44
2 83
4 13
2 72
3 30
2 98
6 55
2 67
2 38
5 67
7 43
5 48
10 92
7 53
2 82
6 79
6 2
4 36
9 90
8 26
9 4
10 29
6 90
4 9
2 61
2 62
3 21
9 69
6 93
1 84
8 12
2 31
8 91
6 68
9 29
6 48
2 82
4 94
8 8
6 52
4 41
3 54
4 98
10 69
3 76
1 85
4 31
4 94
9 3
9 92
3 38
8 58
10 72
2 35
9 53
8 8
4 11
5 97
3 32
5 91
5 38
7 70
8 86
2 5
9 83
1 7
3 29
5 65
7 7
3 22
4 53
1 6
8 34
8 80
9 77
2 43
2 47
3 72
5 3
8 90
5 2
1 75
9 46
6 11
7 90
8 44
10 83
3 61
8 66
7 59
9 91
10 17
2 74
1 71
9 60
8 79
10 5
1 37
4 13
1 90
8 41
3 20
8 85
3 17
10 20
3 97
6 76
9 57
2 11
6 42
5 59
5 15
5 63
4 37
2 70
10 17
10 13
1 99
7 17
3 2
8 87
6 27
3 25
3 15
6 74
9 58
