3 2
8 24
10 88
3 65
5 73
4 19
3 45
5 40
4 10
9 97
2 31
4 80
1 19
10 52
2 53
6 19
5 87
2 64
10 52
4 56
2 50
3 27
9 84
1 60
1 65
10 5
3 80
6 60
1 9
10 32
3 61
2 16
7 13
7 23
8 70
6 80
3 5
9 72
7 12
2 19
8 43
3 40
10 58
3 93
1 10
6 87
9 30
6 82
10 15
10 73
2 49
7 98
5 10
5 14
10 72
9 32
5 72
10 47
10 89
8 69
9 76
5 3
9 14
7 52
5 23
5 43
9 78
8 1
9 21
5 23
9 41
8 52
1 43
3 19
1 6
7 53
4 97
10 42
9 76
3 63
7 99
6 47
7 83
8 14
7 82
8 84
2 74
7 31
9 26
7 17
6 96
8 76
8 59
3 99
1 97
8 50
7 77
8 43
5 4
1 93
3 81
1 78
7 79
4 8
10 27
4 24
8 48
3 31
8 60
4 46
1 80
4 78
9 67
5 82
3 28
1 61
4 14
3 44
6 53
4 36
1 31
10 20
3 57
8 14
1 17
4 92
1 25
9 63
8 74
6 4
5 11
7 95
6 4
1 33
7 51
8 10
3 38
2 5
1 79
9 44
6 78
7 27
3 9
7 72
4 14
7 1
1 85
10 95
8 85
8 48
5 82
7 40
9 84
4 99
4 91
9 70
6 3
5 5
7 16
9 30
6 43
4 69
3 67
10 56
8 31
5 6
9 53
10 91
8 53
8 62
2 8
3 92
4 72
10 97
4 52
5 29
8 13
10 73
3 1
6 83
7 7
1 88
1 16
1 42
3 21
5 7
5 95
5 73
7 68
8 67
1 47
2 16
9 8
3 7
1 82
1 92
3 62
7 39
8 76
4 27
9 96
2 57
1 99
7 38
1 53
8 55
8 81
5 29
2 100
4 61
5 62
9 50
5 90
9 21
7 60
5 47
9 46
3 87
6 69
10 95
2 54
9 53
2 13
2 49
2 36
8 38
1 90
6 38
4 96
4 28
8 77
7 58
10 62
8 63
2 92
3 27
3 26
6 81
7 23
2 71
9 6
7 22
9 93
1 60
5 16
4 67
4 50
7 31
7 58
8 65
2 24
9 95
8 26
4 60
4 16
7 25
7 72
5 9
2 19
9 39
3 45
9 90
9 44
8 39
8 64
8 47
3 77
8 87
5 71
3 73
5 87
7 15
5 84
6 76
6 37
8 28
9 81
8 82
3 61
4 17
8 10
8 54
1 25
4 70
5 87
1 24
5 89
8 27
10 20
7 5
6 18
5 27
6 3
6 65
2 68
9 50
1 86
4 3
7 81
10 17
8 71
1 61
6 69
2 79
10 57
5 26
4 15
4 39
1 42
1 13
3 70
9 74
9 1
7 81
7 19
9 12
7 79
9 16
2 63
7 59
5 99
2 42
1 83
10 25
7 20
7 13
6 45
6 16
5 87
5 8
3 66
9 82
5 19
7 69
9 4
6 52
2 62
4 65
9 87
2 85
5 83
5 100
2 17
6 6
3 72
6 12
9 19
9 28
7 79
6 37
5 71
6 90
4 50
2 3
5 58
4 62
4 60
1 37
5 29
6 97
7 100
3 77
4 49
7 57
3 70
10 22
2 85
5 65
10 39
4 8
10 84
4 5
8 47
3 17
3 57
8 80
8 55
9 95
8 37
1 79
3 86
3 46
8 81
3 100
8 61
6 65
8 98
9 49
5 48
8 61
7 94
5 69
1 48
2 95
4 74
1 99
10 77
7 100
9 59
4 32
5 35
1 81
7 51
10 88
4 15
7 38
7 99
10 45
7 61
10 24
2 52
9 28
5 17
8 12
1 32
4 9
5 7
8 47
5 83
3 19
1 100
10 75
2 24
5 99
9 68
4 6
2 44
5 84
4 8
8 91
8 55
1 46
1 79
3 77
2 91
1 5
3 15
5 3
4 70
7 24
10 55
8 1
10 77
4 4
9 35
8 87
3 93
2 52
3 1
2 22
4 67
4 20
5 96
5 32
3 1
10 8
9 64
8 1
6 83
3 28
1 15
6 26
2 9
8 98
10 7
2 67
3 49
9 33
7 30
10 14
1 91
9 70
2 48
3 66
3 35
1 11
7 78
2 70
6 11
3 26
9 54
3 90
10 60
7 91
1 31
8 79
7 55
3 7
5 87
2 45
3 93
2 13
6 73
8 37
9 20
1 89
3 58
10 33
4 25
8 48
2 81
4 72
5 66
1 79
9 17
3 100
1 59
2 32
6 87
7 58
10 19
2 38
8 95
9 6
7 98
2 25
10 22
3 18
8 90
2 45
6 82
6 49
5 28
2 46
4 78
4 34
3 1
10 31
6 81
2 7
4 18
10 85
9 12
9 52
9 18
4 62
8 74
10 75
3 49
5 12
8 85
9 91
7 89
1 37
5 72
6 87
8 14
3 70
8 76
10 18
6 15
3 62
6 81
3 50
6 88
3 77
3 59
7 31
9 4
8 83
9 51
8 27
7 89
9 13
8 38
5 16
4 20
1 96
4 42
2 71
6 41
4 26
9 66
2 20
5 60
2 78
5 36
2 9
10 68
7 21
5 26
6 10
10 30
3 17
7 75
7 68
4 10
3 11
3 44
2 44
1 48
3 26
6 53
8 94
9 66
10 59
2 68
10 53
2 52
3 69
4 62
8 63
1 82
1 4
3 99
4 30
5 93
3 31
9 12
7 95
2 4
6 35
7 71
9 55
4 82
8 19
4 45
10 18
3 94
4 44
7 9
7 50
1 25
1 80
9 75
9 67
1 76
3 8
9 73
3 26
4 49
9 96
4 46
10 15
1 84
1 55
2 55
1 85
9 56
10 74
7 27
3 34
6 49
4 63
5 41
3 21
10 40
4 19
9 90
4 85
10 68
1 43
7 9
2 9
1 49
1 88
1 12
3 32
1 44
6 56
4 82
10 88
3 44
1 46
10 1
4 29
10 81
8 30
3 15
7 68
10 40
6 67
6 38
7 89
2 91
5 78
4 9
8 83
6 20
7 83
10 43
5 61
9 79
8 64
3 61
10 93
3 30
1 23
8 33
2 78
5 86
6 34
8 23
3 47
7 80
1 38
2 12
3 71
5 86
6 19
9 42
1 64
4 54
5 87
9 41
1 54
4 68
2 40
9 82
8 74
3 21
7 92
9 84
6 93
10 47
1 53
9 40
3 33
8 5
5 96
6 74
2 44
9 29
1 39
2 51
3 14
9 38
10 37
10 42
5 1
1 38
7 30
2 58
1 20
10 37
5 62
1 24
3 66
2 9
9 92
7 90
7 2
3 100
3 49
5 60
5 54
9 26
4 44
1 43
7 29
8 45
3 80
6 62
3 11
1 94
5 27
10 63
4 38
4 70
6 71
4 89
2 68
8 87
5 33
7 24
7 41
3 39
4 83
8 50
10 60
6 45
8 55
10 42
10 30
10 21
9 100
6 32
2 8
7 78
7 77
4 62
5 71
5 47
3 3
10 38
6 31
10 80
6 21
4 38
6 30
1 47
9 59
1 54
2 16
7 54
9 86
9 71
4 95
6 61
6 67
5 39
6 98
9 34
8 1
9 57
4 67
8 39
5 21
6 80
5 50
2 59
5 33
8 68
5 65
10 18
6 32
8 21
9 95
10 24
4 34
6 98
3 79
9 26
1 50
8 32
2 97
1 50
7 17
4 89
4 69
10 50
6 46
2 77
9 88
3 45
5 13
1 32
8 76
5 50
3 14
3 11
10 16
2 83
1 64
1 62
1 87
8 47
10 8
10 33
2 80
5 65
6 98
2 8
9 89
8 67
2 28
10 5
8 10
7 56
9 87
6 75
7 4
5 28
10 3
8 13
7 99
10 5
9 44
2 51
2 42
10 96
5 8
1 45
8 32
10 63
3 58
6 83
5 90
7 18
1 47
5 99
10 50
6 21
8 56
6 19
9 79
7 25
1 24
1 1
8 43
3 24
6 24
10 16
3 27
7 99
6 31
3 46
3 55
1 59
10 45
3 29
9 49
7 19
10 98
7 52
8 100
7 58
10 98
3 80
7 22
9 47
10 44
5 50
1 72
8 82
2 76
5 85
3 46
1 1
10 99
2 17
10 30
10 25
10 27
4 49
1 63
6 12
9 97
7 10
7 28
6 95
6 5
1 99
7 72
9 60
6 2
7 2
10 24
2 46
7 49
10 5
2 3
2 73
9 64
10 95
1 95
4 64
3 68
5 38
3 86
2 90
5 76
7 53
6 68
9 72
7 73
2 73
5 40
9 39
9 82
10 70
3 37
1 24
9 100
9 24
3 84
10 38
4 89
9 84
5 26
4 88
6 42
5 53
2 36
9 72
5 10
8 1
4 38
7 24
7 14
4 36
10 78
5 25
5 48
3 57
9 52
5 5
3 86
6 86
3 13
9 16
4 62
2 89
2 42
2 31
4 5
10 65
3 24
6 62
4 6
