8 73
9 88
5 61
9 11
4 7
4 41
3 33
6 93
1 86
9 85
10 35
8 80
4 100
4 16
5 46
6 55
9 52
6 27
7 67
6 19
10 56
9 19
8 56
2 68
4 66
3 100
7 13
6 57
3 52
1 84
5 21
3 62
1 74
6 19
1 15
1 91
3 32
8 98
3 34
3 8
3 39
10 74
3 31
1 28
10 98
4 44
8 60
10 23
4 67
5 84
9 44
1 23
6 49
5 80
6 3
4 76
3 12
5 47
4 40
5 93
10 7
7 56
5 67
10 64
3 98
4 38
10 86
7 30
5 33
3 91
1 18
10 85
7 91
5 19
3 93
1 47
4 100
4 44
6 82
10 27
4 13
5 26
2 6
9 52
3 14
5 77
8 67
7 63
6 59
5 15
2 21
2 99
1 76
5 65
1 42
6 48
3 30
4 78
2 71
7 11
2 70
1 65
5 75
3 73
3 7
4 94
3 76
10 41
9 26
5 65
10 19
1 81
1 63
2 40
1 22
9 21
3 98
5 43
2 93
6 60
7 76
4 79
6 43
3 8
2 78
5 10
9 40
4 68
5 82
6 43
5 42
9 15
1 54
8 76
9 29
4 44
9 90
10 24
4 9
2 21
7 23
3 59
10 61
7 9
6 16
6 71
4 76
5 16
9 70
2 70
6 56
1 37
3 42
8 85
1 63
4 36
2 79
5 64
1 30
8 93
1 1
10 12
10 66
8 21
6 14
9 39
5 58
6 62
2 34
2 100
4 48
3 81
1 28
10 61
9 20
4 4
9 49
3 7
3 35
9 34
1 62
2 54
4 65
3 95
5 59
5 14
1 97
8 35
6 99
7 91
9 71
8 6
9 20
5 70
1 20
8 10
9 98
2 3
7 67
3 14
3 56
10 72
5 68
9 6
2 13
6 52
1 26
10 94
6 78
7 79
10 67
3 62
7 66
7 86
1 20
7 45
2 35
7 33
2 4
9 92
5 80
1 42
8 25
1 37
1 87
1 25
10 76
2 46
2 61
9 63
2 79
9 53
3 79
8 29
3 62
9 39
9 17
10 76
9 24
6 26
4 42
7 76
9 46
1 93
8 85
9 6
3 80
7 13
10 31
6 40
8 4
9 55
3 4
6 98
8 49
3 3
6 41
2 12
2 41
10 4
4 60
8 68
6 40
6 58
10 93
1 86
9 54
8 97
2 64
10 68
10 97
10 69
5 42
6 13
2 78
2 86
8 23
8 36
2 54
5 88
6 11
1 31
8 23
10 61
9 87
6 34
1 46
6 15
10 70
8 92
3 64
5 21
9 50
3 54
9 79
3 42
9 90
9 24
4 59
9 19
5 28
2 45
3 99
6 67
7 94
1 83
8 91
2 99
5 13
10 2
3 38
2 21
10 67
10 92
5 95
6 38
7 34
9 35
2 29
2 26
9 8
1 28
1 64
2 56
5 60
5 68
6 35
2 92
1 28
6 3
10 34
10 59
8 67
9 62
4 39
7 11
10 93
6 42
2 30
3 74
2 59
4 28
8 79
4 85
10 94
9 65
6 80
6 98
4 93
4 97
5 85
3 87
5 21
4 65
5 50
2 66
7 66
4 47
9 57
3 14
10 29
4 86
1 62
2 10
3 17
7 84
9 92
8 22
2 40
10 29
9 31
10 99
4 9
3 7
3 42
5 51
3 88
5 26
8 92
10 28
2 39
7 7
4 72
4 56
6 17
2 71
4 22
1 87
5 87
5 2
10 89
6 26
7 65
8 70
8 20
5 67
9 3
4 59
6 23
2 4
6 86
1 41
3 38
1 71
9 62
4 7
2 50
6 20
9 51
8 84
5 88
8 97
10 13
6 22
9 59
3 30
9 26
10 93
6 23
3 83
1 36
4 70
5 50
3 88
7 85
8 38
1 4
8 27
2 5
4 62
9 52
6 96
10 36
4 70
9 90
9 26
4 27
7 16
9 24
5 80
2 9
8 19
2 79
5 76
9 19
3 78
2 97
8 80
4 29
8 80
8 22
8 9
1 41
6 83
4 5
7 81
4 21
6 11
4 49
5 34
8 43
7 6
6 10
3 91
2 54
9 55
7 79
1 79
10 95
5 25
7 40
8 63
5 90
3 66
9 35
5 70
4 92
4 90
4 88
10 12
8 53
1 63
7 22
4 77
5 69
2 36
2 1
8 45
4 4
9 81
7 96
1 39
2 20
5 2
10 90
9 28
1 7
2 93
4 11
6 79
9 71
1 98
6 9
5 68
9 79
3 26
5 25
10 67
1 69
2 35
7 17
1 23
1 32
1 48
1 33
9 53
3 77
5 42
3 27
7 87
2 79
8 35
10 89
7 91
6 33
9 92
9 15
5 36
7 44
1 11
10 24
4 26
8 39
5 89
10 52
2 7
2 60
6 27
8 100
4 38
6 86
3 80
1 11
9 32
1 31
10 20
7 100
8 94
10 8
3 13
5 23
6 4
8 50
5 6
8 99
10 54
2 45
1 37
3 15
5 39
2 48
8 11
1 34
9 3
8 42
8 68
2 44
6 90
3 41
5 96
8 5
9 12
9 22
5 42
1 43
10 72
2 73
5 70
2 46
3 15
3 59
2 92
9 8
6 56
2 24
3 86
10 19
2 27
10 5
1 88
3 75
1 28
8 65
2 14
9 87
7 59
2 89
9 27
1 35
9 3
5 37
7 66
1 32
2 56
10 18
5 81
1 12
9 42
10 99
10 68
7 41
4 6
9 18
10 20
9 23
8 14
1 34
9 42
1 96
5 99
2 64
4 27
7 38
10 48
9 12
5 27
6 16
4 73
3 67
4 31
2 58
1 66
4 56
8 65
5 64
1 23
9 1
5 97
7 24
10 72
10 61
3 11
1 1
2 24
2 96
1 81
1 32
3 67
5 100
9 55
3 3
3 21
5 60
4 22
7 74
4 94
10 88
7 64
7 20
5 18
1 5
5 44
8 20
9 88
4 20
7 40
9 58
2 5
1 24
9 40
9 88
7 95
8 58
8 30
6 92
1 84
3 38
1 46
3 30
9 34
6 73
5 20
5 56
2 54
1 7
7 55
9 55
3 15
5 59
6 37
6 49
2 34
6 67
1 2
8 43
3 49
7 15
7 28
3 97
8 53
6 63
10 89
3 95
8 50
4 59
9 58
9 52
1 31
8 88
9 48
10 30
10 52
2 90
5 94
5 98
4 66
2 65
8 28
10 59
6 47
6 86
5 11
9 12
1 80
8 97
6 24
4 75
7 24
1 37
5 8
1 14
3 64
4 37
3 30
8 19
5 67
8 59
1 10
7 21
10 49
10 69
7 50
6 99
10 65
5 26
5 85
9 6
8 40
1 95
3 89
10 12
9 77
6 48
2 50
8 80
9 25
6 82
8 6
1 14
9 54
5 75
10 41
10 61
3 70
2 35
4 64
2 69
1 51
9 31
8 80
6 88
10 49
1 26
3 89
7 58
7 80
10 30
6 16
10 88
1 9
8 5
1 55
7 14
1 10
9 82
9 14
4 22
2 29
3 74
4 98
6 82
5 79
1 29
10 47
8 10
2 50
4 96
10 7
1 84
8 41
1 51
9 93
5 45
4 80
7 78
10 25
1 99
1 34
1 98
8 44
8 59
8 93
7 82
1 50
8 70
5 66
9 35
5 78
9 85
10 11
3 78
2 86
6 83
4 90
1 63
4 77
3 100
8 97
6 22
2 22
4 93
8 66
6 34
4 32
7 7
9 74
6 38
6 57
10 10
9 79
4 37
9 53
7 88
5 91
4 67
2 21
5 28
4 4
6 88
10 47
7 99
3 48
10 46
4 90
1 54
8 48
1 100
7 56
9 51
10 51
8 30
2 53
7 39
10 89
8 77
8 11
7 95
8 22
2 90
1 50
3 18
3 22
3 24
5 34
10 26
1 4
7 56
6 2
6 39
4 57
4 73
8 56
9 86
7 75
7 42
4 67
2 39
3 49
7 9
4 35
6 8
10 43
1 95
7 30
10 20
6 76
3 20
2 18
3 33
7 69
2 29
5 23
2 39
3 32
5 70
7 16
8 82
2 59
1 48
1 34
7 68
3 77
6 66
9 58
4 42
8 1
6 9
6 37
7 66
3 60
10 13
7 63
3 11
10 53
1 15
6 11
7 81
8 65
2 66
1 39
2 96
9 50
8 24
5 1
8 42
8 57
4 72
3 18
9 88
3 97
10 80
5 71
2 35
3 43
6 46
5 97
4 72
7 42
5 68
9 60
9 50
3 30
6 53
3 56
4 64
1 31
10 86
8 28
8 85
8 20
5 72
2 48
7 37
4 58
6 27
1 80
3 83
2 4
2 58
1 5
3 35
8 70
2 43
2 81
3 95
6 36
2 53
9 24
3 36
9 9
4 98
7 87
8 3
1 38
9 80
7 42
9 46
5 79
3 54
6 15
10 26
4 22
1 86
3 17
9 72
2 13
10 57
9 7
8 30
5 33
