10 32
1 61
10 52
9 12
8 68
4 67
8 80
9 42
3 76
10 8
5 99
3 68
6 46
3 28
7 41
9 31
10 53
3 4
10 28
6 67
7 66
7 48
5 49
5 51
6 77
1 19
7 75
4 3
2 75
7 3
3 48
6 83
1 11
7 15
6 80
9 95
2 55
2 26
10 31
6 99
7 10
7 63
8 44
9 38
8 72
10 52
9 97
3 56
10 14
9 65
10 92
2 9
7 74
3 68
5 41
3 49
9 97
5 96
6 70
10 12
8 97
10 52
7 25
9 21
1 83
5 70
10 86
7 21
9 34
6 90
7 60
9 7
1 15
2 98
1 6
10 34
9 58
8 65
3 63
3 51
7 100
9 31
6 48
2 46
2 20
10 60
7 63
10 46
6 28
10 74
3 83
4 24
2 71
2 61
8 60
7 58
10 10
6 6
10 46
7 74
7 73
8 63
7 26
9 85
7 8
7 94
4 14
2 17
9 80
8 63
7 7
8 54
3 4
9 65
10 91
10 66
8 95
3 21
8 18
10 2
4 2
7 24
2 74
10 62
6 56
3 19
10 57
9 62
10 76
3 71
6 91
10 60
2 47
8 88
7 42
8 82
9 84
9 99
5 67
4 35
2 53
8 98
8 5
10 46
8 17
1 68
10 98
9 8
1 33
2 27
6 23
3 69
5 33
8 71
9 74
6 51
6 5
5 86
7 27
10 4
10 18
8 88
2 42
4 62
2 49
3 14
4 8
6 54
6 76
10 24
1 15
10 43
5 70
2 37
8 48
5 10
3 65
10 91
7 48
4 97
2 35
2 1
3 81
2 42
6 47
5 2
4 16
9 83
1 54
3 9
1 27
7 40
4 40
8 69
9 34
5 90
2 42
9 84
5 67
1 28
2 36
6 50
2 23
9 66
5 58
5 4
9 9
10 40
6 80
4 51
3 35
8 21
5 40
8 20
1 1
8 17
8 92
1 19
8 28
1 49
5 94
5 53
6 89
6 64
4 74
2 48
3 88
8 49
10 55
1 27
5 12
5 1
1 55
2 92
10 42
10 96
10 54
3 92
4 19
1 28
9 68
9 75
4 56
9 91
8 45
9 11
10 99
6 71
8 61
6 23
2 77
2 78
2 78
5 50
5 96
4 65
2 67
1 6
6 19
1 35
7 96
5 35
8 59
10 93
2 70
2 87
3 82
10 76
8 66
10 53
7 51
8 7
1 3
9 37
6 58
3 52
9 66
7 19
1 51
4 28
5 50
10 45
5 32
3 45
9 78
3 59
8 44
6 58
3 23
4 46
1 65
2 59
1 85
8 15
9 83
3 55
3 73
2 31
3 67
5 79
6 81
8 67
8 80
8 5
8 65
1 78
9 6
4 7
5 78
2 88
2 60
5 76
7 70
5 3
9 44
10 84
4 53
7 29
7 79
8 17
9 8
7 94
6 28
5 74
9 29
3 100
1 73
8 4
6 23
3 95
9 35
5 56
2 12
8 61
7 48
6 18
6 27
5 65
6 92
4 5
2 6
8 57
10 90
9 58
9 87
3 53
7 82
6 16
1 51
10 91
10 87
9 71
2 16
9 83
5 76
2 83
2 92
3 18
8 40
3 55
7 45
2 80
7 60
8 48
10 19
8 16
9 81
4 77
3 93
7 96
5 31
3 50
2 37
7 7
3 54
9 55
4 86
1 36
7 82
8 44
4 90
10 46
4 13
4 75
6 11
7 40
6 18
4 23
7 44
9 36
1 41
3 89
8 14
7 66
3 82
4 59
1 85
4 47
8 39
4 63
7 74
1 20
9 52
8 1
8 80
7 37
3 72
7 66
2 61
3 36
4 15
5 10
5 28
3 30
3 20
6 26
5 6
3 46
3 22
7 14
8 43
1 3
3 60
6 46
1 72
9 88
8 6
7 92
3 59
10 87
6 63
8 91
3 7
3 24
4 63
4 63
2 19
3 37
6 88
9 100
2 44
7 9
6 58
3 50
7 81
9 26
7 81
2 8
6 29
6 45
3 59
7 11
5 73
2 14
7 20
2 73
7 44
9 59
8 52
10 96
5 12
2 44
3 45
9 42
5 40
2 81
5 15
4 12
4 77
2 88
8 97
1 45
1 15
7 74
1 79
2 89
4 19
1 55
9 71
8 80
9 40
7 76
6 66
3 79
10 51
1 31
2 34
5 99
10 29
1 26
5 31
3 74
6 57
7 61
1 96
2 39
9 36
2 7
3 49
4 7
2 11
5 57
2 48
7 76
6 13
3 56
9 49
10 19
4 100
5 69
3 27
3 3
4 58
7 64
10 99
5 21
1 81
6 71
4 78
7 48
8 37
10 10
4 72
2 12
3 66
3 51
5 45
5 44
9 32
10 33
5 36
3 93
10 97
8 22
4 40
8 6
4 63
6 54
6 93
1 12
4 40
5 59
7 21
5 97
6 7
7 73
4 65
9 22
4 86
6 57
8 39
9 99
10 8
1 43
8 19
6 7
8 78
3 73
7 40
4 3
10 20
8 96
1 37
7 37
9 38
8 99
4 38
6 14
3 24
9 13
9 26
10 31
2 84
4 70
5 37
5 45
3 77
9 66
4 25
7 66
10 47
2 75
9 54
7 13
4 83
5 80
7 87
1 22
1 46
1 48
3 100
10 76
10 27
5 75
1 28
1 64
3 43
7 42
4 66
9 18
4 37
4 17
2 82
3 60
10 96
6 97
7 22
3 80
5 34
10 47
2 30
7 88
5 4
5 97
7 70
5 29
4 78
8 70
10 81
1 39
8 50
8 64
4 14
7 16
5 66
10 15
3 32
9 50
4 3
2 77
3 83
1 83
4 34
4 81
3 18
6 53
4 47
5 65
6 44
1 5
5 58
5 38
10 50
2 25
9 72
10 72
3 80
8 8
1 45
6 29
2 29
10 38
7 33
9 53
10 13
9 55
4 4
2 32
9 22
8 98
3 31
5 48
3 54
3 72
3 30
2 22
4 33
10 76
9 86
3 2
4 13
9 13
8 30
4 89
2 46
6 49
1 60
5 76
8 48
6 54
5 15
5 88
7 78
8 33
9 92
9 34
9 78
4 16
7 30
9 13
9 74
7 1
10 83
2 24
2 58
5 79
8 54
4 31
4 33
5 33
5 57
2 95
7 11
1 24
6 94
2 44
6 21
1 79
9 68
3 9
10 13
9 38
9 37
1 4
10 93
6 62
8 78
2 67
2 57
9 32
4 100
9 3
8 95
5 95
1 66
7 1
6 21
5 88
10 50
6 57
5 26
5 93
6 91
9 89
7 94
4 85
5 78
4 69
1 5
4 48
9 35
5 90
5 96
1 97
4 50
8 24
4 37
9 5
4 24
6 61
2 37
8 19
1 25
8 22
2 6
6 95
10 29
6 59
7 56
8 53
4 53
3 12
1 73
10 28
8 49
8 16
2 47
4 37
1 13
3 38
6 90
5 88
9 2
9 75
10 85
2 19
1 87
1 17
4 47
8 7
2 62
7 4
9 43
7 28
10 98
2 29
1 86
10 74
5 4
10 25
10 78
5 75
5 56
1 83
5 50
10 22
7 31
7 15
5 2
9 80
5 88
10 43
6 53
6 74
4 92
4 18
7 7
3 79
4 24
2 67
3 31
5 8
5 15
7 52
10 27
8 100
4 54
5 65
10 88
1 71
1 10
1 99
5 57
10 53
5 6
8 59
10 69
1 34
2 4
1 47
1 74
4 65
10 54
1 61
9 46
5 26
10 46
9 21
8 39
10 50
3 68
5 85
7 16
3 91
9 16
2 80
10 44
9 74
3 26
8 45
5 64
7 47
4 84
5 63
9 65
9 85
9 56
6 12
10 73
10 29
9 88
6 31
4 64
3 49
2 36
7 72
6 93
4 42
9 76
5 20
6 64
1 99
10 24
7 72
9 35
10 53
10 61
9 1
5 23
3 79
9 70
9 66
2 85
10 26
2 53
10 10
8 4
4 96
8 82
6 53
3 82
2 70
2 53
4 40
1 56
8 95
1 25
6 11
6 17
10 64
8 73
10 13
1 47
7 95
9 3
6 52
4 39
8 62
4 93
4 30
10 8
2 27
9 1
10 36
5 8
3 11
2 35
1 39
5 19
4 25
4 55
4 43
3 62
2 74
2 29
1 2
3 41
5 8
4 11
1 15
5 19
3 36
8 94
3 57
5 16
10 18
10 78
8 68
8 10
2 5
4 97
3 44
2 14
7 57
8 57
4 2
5 17
3 59
10 95
8 16
7 65
10 9
8 40
6 74
5 43
2 68
1 76
7 28
4 8
6 12
5 95
8 92
6 6
5 56
1 42
3 39
2 22
10 31
10 5
7 36
4 49
6 31
1 96
7 63
10 33
10 70
1 31
3 53
8 15
3 74
6 12
7 22
3 36
10 4
5 97
1 41
4 9
3 86
9 28
10 47
6 29
4 6
10 60
7 97
2 63
3 89
7 75
5 89
6 90
7 35
