3 41
1 84
8 23
6 73
7 26
2 90
7 8
7 34
3 99
3 98
6 27
9 88
3 65
4 50
1 24
7 95
2 7
5 77
6 82
1 72
9 83
3 27
3 61
4 5
7 68
3 97
2 95
10 15
4 100
6 91
3 86
10 29
4 29
8 32
7 41
9 83
3 33
2 22
3 40
9 29
8 47
4 56
2 91
4 99
9 48
3 9
5 87
8 1
10 97
7 84
10 50
3 26
8 66
9 59
7 2
7 22
9 38
10 22
10 62
6 73
10 71
8 87
5 54
2 39
2 52
10 33
4 97
4 44
9 79
3 51
6 54
1 3
6 86
8 67
6 13
3 33
2 59
4 21
5 28
5 76
6 30
9 11
1 52
6 54
9 36
5 20
7 64
3 29
10 63
3 28
10 67
3 50
5 82
3 71
7 91
3 60
10 95
5 27
9 50
1 28
7 52
5 48
2 45
3 28
6 61
9 23
8 40
5 49
6 66
9 34
1 83
6 3
8 67
10 7
6 36
6 41
4 89
6 10
4 84
4 15
9 4
6 14
4 9
10 38
9 60
7 12
8 26
6 32
7 82
10 29
8 64
10 42
9 30
4 42
10 93
5 95
9 72
5 24
2 9
10 32
6 32
5 95
3 87
9 88
1 44
4 36
6 2
7 95
9 58
1 40
8 9
2 52
3 68
4 96
8 77
1 76
4 86
3 2
6 43
1 83
4 12
5 96
5 29
8 51
5 79
10 65
5 24
9 86
1 14
5 85
5 40
10 86
3 38
2 81
4 100
7 84
1 32
1 61
3 53
2 75
10 43
1 27
5 96
5 8
10 40
8 100
7 90
2 25
5 44
7 24
3 2
10 80
9 98
2 95
1 23
7 71
2 91
5 36
3 99
3 14
5 48
9 10
3 16
1 30
9 28
4 75
1 28
10 14
6 7
9 15
4 98
5 6
10 28
10 35
5 69
9 57
1 56
2 48
5 42
6 13
6 41
7 59
10 66
7 39
9 12
5 47
8 14
7 65
5 8
4 84
6 9
8 77
7 57
9 8
5 98
7 33
2 1
3 26
8 9
8 63
2 39
7 53
4 20
6 76
4 40
10 95
2 7
7 66
2 15
6 72
10 62
6 79
7 54
7 82
8 52
6 41
3 65
10 20
8 3
2 78
5 72
1 53
7 28
6 11
1 26
3 47
2 34
5 83
10 86
6 98
4 3
4 79
5 26
9 52
6 68
7 60
9 31
5 36
9 31
4 33
4 30
2 46
1 81
2 88
7 3
9 26
5 75
2 70
7 18
2 2
2 38
2 89
4 95
2 98
6 45
7 16
6 51
5 91
7 87
5 43
2 6
5 10
10 31
8 41
10 20
3 40
3 38
4 63
3 23
1 66
6 53
3 51
9 68
9 99
9 81
2 59
4 31
2 23
1 28
7 54
9 34
2 16
3 95
4 39
9 70
6 16
5 87
10 99
10 23
4 35
10 78
5 50
3 82
2 99
9 9
4 34
9 39
9 56
1 37
8 60
5 58
10 76
3 40
6 64
9 27
8 90
10 27
6 57
10 55
2 36
4 99
3 80
5 34
10 62
7 53
6 92
4 17
5 78
7 71
5 17
7 15
6 64
3 94
2 39
9 22
1 97
2 25
9 89
6 48
7 29
3 2
3 60
7 12
1 11
3 97
10 7
2 80
7 41
3 94
3 34
5 14
8 74
9 23
4 13
1 50
1 73
6 65
4 95
1 71
7 69
10 61
8 97
6 7
5 13
10 49
2 75
2 85
10 63
9 54
10 35
9 70
2 43
10 29
10 31
8 38
4 90
10 99
7 48
10 6
4 25
1 63
10 1
3 54
2 48
3 89
1 76
5 57
8 65
8 98
5 17
9 53
6 49
3 84
7 48
2 22
2 51
5 12
3 97
3 20
2 86
5 44
1 68
3 75
10 93
10 73
5 28
8 44
7 94
4 4
4 45
8 47
4 45
2 41
3 99
3 36
8 60
8 100
2 58
2 76
7 26
4 29
10 30
10 39
8 25
1 25
4 10
7 45
7 66
9 54
3 23
10 38
7 89
9 29
3 27
4 24
7 40
2 98
9 52
5 6
3 23
10 53
5 4
10 55
3 86
8 77
8 96
3 19
10 43
10 61
7 55
4 6
4 91
1 17
8 73
4 44
6 30
1 60
6 46
8 31
4 77
4 45
8 75
7 29
5 13
9 15
3 29
10 80
10 75
9 54
1 98
1 75
2 60
3 61
1 21
4 92
7 67
1 43
6 71
5 73
10 12
6 12
3 58
7 9
4 5
7 68
10 55
1 21
4 76
9 72
9 61
8 97
7 85
10 25
7 53
4 62
9 46
4 82
7 30
7 28
9 3
4 51
8 35
4 23
2 94
7 50
9 26
9 80
4 70
5 91
3 1
10 38
9 85
2 93
2 76
10 22
5 71
10 35
9 56
7 73
2 54
1 22
7 67
3 3
2 73
10 84
2 94
6 76
7 68
9 99
2 33
3 16
2 44
3 5
2 47
7 20
3 12
9 100
6 76
1 95
9 20
5 4
9 65
10 79
7 66
8 11
4 40
3 12
3 42
9 53
5 91
3 30
3 57
7 29
8 75
4 16
4 23
10 43
9 14
7 53
9 21
9 38
1 19
1 31
7 73
5 54
2 18
10 92
8 47
10 68
2 38
10 90
8 36
3 78
8 96
9 52
4 81
2 10
9 55
10 17
10 46
10 24
3 92
7 73
4 16
1 66
5 50
2 29
5 88
8 29
3 84
7 81
3 36
9 23
1 35
3 46
4 55
7 64
1 47
7 47
7 51
6 62
9 58
10 5
7 88
5 47
7 78
5 45
4 36
1 31
3 25
1 69
5 38
1 17
6 53
5 97
1 44
10 77
8 11
6 86
1 47
6 60
4 13
2 18
5 99
9 13
10 2
4 96
8 22
4 19
2 26
4 90
6 63
4 34
5 17
9 15
10 17
1 37
2 58
2 61
8 83
5 2
8 90
8 18
4 19
6 27
9 72
10 12
10 41
2 81
1 15
4 34
1 46
4 57
2 97
2 58
6 23
10 36
9 24
4 6
9 9
7 16
6 77
6 81
1 100
1 75
8 70
6 21
5 74
3 24
3 25
5 88
4 7
10 59
9 61
6 22
5 56
8 15
6 81
4 70
7 70
3 23
9 94
8 22
5 13
5 11
9 63
4 81
4 96
1 42
5 68
7 48
10 73
5 15
6 33
5 72
6 62
8 90
2 78
5 79
3 20
4 5
1 95
10 8
4 56
1 85
3 42
1 57
1 22
9 25
2 69
7 1
7 84
4 58
2 43
2 21
1 98
9 95
9 56
6 48
3 5
1 1
7 51
3 33
3 5
6 67
2 73
1 90
8 96
3 66
8 33
4 48
10 75
5 40
3 15
1 91
1 57
9 93
9 95
9 20
2 45
7 4
5 24
2 54
1 79
3 20
10 47
8 60
1 3
4 37
1 56
5 19
4 30
8 41
10 1
8 62
9 10
2 41
6 71
3 7
9 71
6 68
6 54
1 57
5 98
3 37
5 78
8 81
2 76
2 34
5 25
1 23
4 20
9 5
6 38
6 72
6 42
8 30
9 50
6 15
3 88
9 36
1 30
7 78
5 37
5 35
9 61
5 71
9 4
8 17
3 52
5 37
4 15
5 87
4 90
1 82
4 70
4 75
3 43
4 8
5 2
6 21
6 27
9 18
1 36
1 63
5 22
7 53
7 82
5 39
3 83
1 13
8 94
8 65
9 42
3 20
8 84
3 39
2 76
2 19
10 22
2 94
5 75
5 85
7 23
2 9
7 36
6 22
1 90
7 66
5 79
1 57
10 89
9 98
2 39
1 8
3 65
7 39
6 89
6 42
2 6
8 21
3 26
3 59
8 9
7 11
4 70
4 49
5 59
10 13
1 77
1 11
7 33
10 65
8 49
9 70
3 64
9 36
5 21
4 14
10 39
4 52
2 14
9 3
1 9
10 92
2 74
5 61
7 6
7 61
5 90
10 74
4 71
5 85
5 69
6 57
5 68
2 11
6 32
9 6
8 100
3 88
5 37
6 46
8 72
2 42
2 10
9 50
5 17
3 32
4 97
4 33
1 45
9 35
5 99
7 52
5 26
4 16
6 91
5 91
3 56
7 96
4 74
7 42
9 81
1 86
9 26
9 10
9 4
1 61
3 88
8 83
10 56
1 8
4 32
10 86
5 41
8 100
7 97
1 70
6 47
10 70
6 91
8 24
1 75
3 55
4 35
7 49
1 59
5 33
5 59
2 44
1 30
3 21
8 100
6 66
6 71
1 69
10 30
6 75
3 13
6 20
9 52
7 60
3 94
9 83
4 77
3 12
10 53
7 40
4 7
10 57
8 26
2 6
2 80
2 35
10 22
10 53
3 54
5 53
9 1
7 44
4 94
10 100
2 2
4 16
3 18
10 77
1 78
10 61
2 84
