8 99
3 19
5 41
1 29
5 78
9 8
6 38
2 41
3 33
3 30
9 94
6 24
5 96
7 47
3 4
3 16
9 96
3 74
9 63
3 98
2 57
2 2
1 26
4 46
8 36
1 27
6 50
9 91
7 12
4 33
10 36
10 53
2 30
5 13
9 77
2 49
9 15
9 93
5 63
9 81
6 46
7 92
7 99
6 98
6 64
2 37
1 3
4 60
6 41
9 7
8 90
5 98
1 58
3 40
3 53
4 83
7 6
4 35
7 82
2 77
2 27
4 40
10 44
4 54
8 5
8 96
4 23
5 64
7 31
9 47
1 2
2 44
8 94
6 36
8 34
5 40
2 55
9 28
4 71
2 78
9 21
7 8
6 3
6 79
8 98
1 30
2 69
1 63
7 89
6 89
1 55
5 46
1 91
7 27
2 25
10 10
6 23
10 88
4 63
1 85
9 3
9 73
3 11
8 89
1 2
3 15
9 86
1 19
2 34
8 16
2 57
1 63
4 69
3 78
4 10
3 12
7 34
7 9
6 34
9 10
2 79
6 87
10 42
2 37
3 41
9 59
6 12
2 60
6 53
7 64
8 17
2 29
1 91
4 100
9 30
3 97
10 34
10 60
3 100
10 98
4 36
3 56
8 73
5 10
10 53
4 49
2 74
2 3
8 5
5 36
6 81
7 91
10 96
4 86
7 35
10 19
10 44
6 23
2 77
4 69
7 46
6 53
7 52
10 87
8 98
10 72
5 46
1 51
3 17
1 85
6 15
5 83
10 43
6 85
10 75
10 12
9 52
6 4
5 4
5 65
2 80
3 8
7 86
1 91
2 93
6 17
10 49
1 31
7 89
4 88
10 59
8 45
5 95
7 78
9 52
7 68
8 97
1 88
3 23
8 61
10 4
10 46
5 92
10 23
10 64
4 2
9 6
5 41
5 63
3 8
5 20
7 77
1 47
3 89
3 57
3 1
3 2
7 45
1 97
1 94
2 75
8 66
6 75
1 23
8 16
2 72
8 3
8 52
5 15
7 1
4 54
10 68
9 87
8 32
8 23
5 33
8 46
3 72
7 14
8 77
8 38
3 100
8 49
10 76
1 81
9 30
7 77
4 30
1 71
3 57
2 10
6 40
4 68
8 80
3 28
1 7
5 65
7 87
10 42
3 42
6 13
5 95
6 7
8 95
8 25
2 75
2 39
3 62
10 71
5 27
10 65
5 27
8 72
2 89
6 24
10 2
1 31
2 88
10 78
4 6
3 27
10 2
7 2
5 84
9 9
4 75
7 47
7 79
1 65
10 94
4 16
10 3
9 15
5 5
1 46
8 76
2 83
6 79
3 37
2 54
1 83
7 82
2 77
3 7
6 66
5 27
2 64
3 38
7 93
8 70
5 2
3 16
4 3
10 100
3 54
2 39
1 61
3 43
6 100
9 5
4 48
6 22
5 55
2 47
8 60
7 72
2 6
8 79
3 41
6 59
8 69
2 24
5 31
3 34
3 70
4 51
8 39
4 85
3 34
5 57
3 22
3 17
3 47
3 41
10 62
1 59
6 49
3 64
2 77
1 7
1 82
10 33
6 43
3 19
1 8
8 29
7 93
2 83
10 100
9 78
7 50
1 84
10 94
3 53
2 7
5 87
4 69
8 65
5 12
5 92
4 1
5 30
5 43
4 37
6 53
6 57
3 1
10 54
6 49
4 89
8 81
6 92
10 46
1 73
1 2
10 72
6 86
4 14
2 10
8 51
9 7
4 18
9 67
3 53
2 89
5 96
1 67
9 80
1 82
3 49
7 5
9 43
2 75
1 34
2 23
9 1
3 89
9 3
8 12
3 81
6 86
1 3
10 60
4 14
5 60
1 58
2 61
1 46
9 30
8 5
10 18
7 88
7 4
7 34
1 91
4 7
10 69
5 38
4 42
5 94
2 76
5 100
9 85
6 7
3 94
5 57
4 71
4 58
7 95
2 56
7 42
2 2
4 78
1 5
6 71
10 24
4 67
2 63
6 87
7 80
10 28
2 79
7 46
9 49
2 87
6 100
9 23
7 74
10 39
7 39
9 37
4 36
3 28
5 94
8 93
8 68
10 26
6 15
5 79
3 60
6 95
3 75
4 44
2 71
6 87
2 5
4 98
8 91
8 16
8 82
2 77
5 39
5 95
1 40
5 37
10 35
9 67
3 93
5 75
8 13
4 83
5 6
6 19
2 95
7 82
3 2
5 73
9 2
3 40
4 39
8 34
10 42
1 28
9 49
3 57
5 12
4 57
9 3
4 96
2 58
1 51
9 24
1 66
8 3
10 84
4 27
1 40
2 17
9 25
3 44
3 46
6 37
6 80
6 68
1 85
9 87
10 69
3 26
2 8
3 36
9 84
5 61
6 61
6 77
5 22
10 18
5 82
5 66
2 61
2 25
9 70
6 46
1 11
5 20
5 55
8 31
7 35
9 97
5 15
2 13
4 84
9 18
2 21
2 29
5 31
5 25
3 79
5 87
6 42
10 15
8 87
3 18
6 21
7 82
9 39
9 80
3 11
4 89
8 87
4 45
7 51
2 73
9 87
10 99
8 48
10 39
7 48
9 76
7 51
4 10
3 61
9 20
10 82
3 83
8 68
5 34
1 100
5 84
10 80
5 48
10 21
1 35
10 65
7 94
2 40
4 38
7 73
2 44
8 77
3 95
4 51
2 49
9 86
10 23
10 44
9 52
2 52
1 17
5 100
5 82
9 33
10 81
1 35
6 37
4 16
9 26
3 54
5 8
10 54
7 58
8 9
1 66
10 49
1 22
3 55
3 37
9 17
3 25
6 95
1 61
4 36
1 76
6 15
2 57
4 3
5 16
9 41
7 54
10 93
10 5
4 84
10 12
2 28
3 95
5 13
9 18
10 9
6 40
6 72
4 82
4 42
8 6
6 73
7 68
8 71
3 4
2 57
10 74
7 47
10 6
5 97
5 30
4 73
5 11
3 27
5 5
9 22
5 28
2 29
1 8
8 67
5 68
4 59
2 35
2 37
3 27
2 86
1 63
10 59
10 21
3 89
6 81
3 55
4 61
4 1
4 95
6 6
6 92
4 23
2 75
5 31
3 58
5 62
9 20
3 92
3 37
1 26
2 11
2 46
7 78
1 61
3 75
5 19
1 61
5 15
6 14
8 92
8 86
6 35
8 98
10 82
7 68
2 86
7 77
2 75
8 3
6 77
2 34
2 55
8 27
3 27
7 1
7 36
3 100
2 26
6 87
1 21
3 41
2 21
9 80
7 84
8 35
4 13
4 39
9 17
4 57
7 65
3 78
8 84
5 20
5 15
9 41
3 56
5 17
7 35
6 17
2 19
5 55
8 85
1 6
9 50
2 96
1 92
5 35
1 8
10 17
6 35
3 10
7 91
6 64
8 39
7 91
4 28
7 83
5 56
9 79
5 37
2 36
10 16
2 83
4 18
4 68
2 44
6 64
1 62
9 70
10 23
1 10
5 6
2 82
10 24
5 87
3 74
7 100
7 84
10 94
6 96
6 61
10 22
8 98
6 26
4 66
4 86
8 90
1 5
9 25
4 7
9 64
6 74
1 93
3 82
3 52
3 66
1 43
9 67
2 24
10 75
9 37
6 39
8 32
2 34
9 64
3 78
2 12
8 60
8 99
9 20
7 86
2 55
3 7
8 50
2 43
5 84
7 98
5 63
6 46
5 80
9 10
4 81
8 2
7 49
2 61
2 35
9 22
1 99
1 24
10 27
2 5
10 17
1 50
9 35
10 22
4 63
1 16
5 56
9 74
7 64
9 4
9 36
10 86
9 39
5 72
4 9
10 96
1 23
7 53
3 9
2 74
8 20
7 10
6 51
10 100
3 89
3 84
7 97
8 53
10 58
3 49
1 90
5 22
5 77
6 35
9 30
4 88
9 18
6 91
8 34
8 9
9 93
7 92
3 15
9 95
5 16
7 43
4 28
8 9
2 79
9 7
6 86
10 59
6 38
3 80
7 89
9 99
4 67
10 17
6 1
2 48
7 14
3 83
4 44
5 96
8 46
10 86
3 49
1 60
3 3
7 76
7 72
9 60
10 16
7 83
7 37
7 69
6 64
5 33
9 10
7 72
3 45
9 43
1 2
6 9
10 74
4 57
5 46
3 63
8 7
6 29
2 22
2 44
3 76
1 45
2 62
4 71
3 41
5 75
1 7
8 20
7 26
10 61
4 81
3 40
6 96
9 72
10 80
6 55
5 36
5 78
5 64
10 31
9 73
5 70
2 70
2 51
10 11
4 92
9 19
4 19
3 92
8 67
9 58
8 48
6 8
5 93
5 68
10 14
7 42
1 55
9 69
8 36
9 90
7 67
5 18
10 28
5 46
6 32
3 38
6 57
10 87
6 9
8 6
6 18
10 87
7 23
1 2
8 10
4 94
9 26
1 8
1 88
8 47
2 93
7 86
4 14
6 13
6 80
5 62
5 74
2 24
2 78
