8 92
3 44
9 6
5 35
6 16
9 37
3 2
4 20
7 93
1 76
10 80
8 98
5 56
8 54
1 2
2 11
3 65
3 47
5 2
3 94
1 45
2 5
3 45
9 68
8 31
6 7
6 16
10 62
10 33
3 60
2 100
10 43
2 74
3 35
2 43
7 45
9 30
6 14
9 46
9 33
5 75
9 97
6 55
4 72
4 36
2 62
5 26
8 14
4 81
8 100
6 65
6 59
5 79
1 97
7 58
4 6
10 55
6 66
2 85
9 84
10 56
4 8
4 89
2 91
2 23
1 22
1 21
10 93
2 96
9 67
7 41
1 40
2 48
7 98
8 15
7 57
6 79
1 18
5 80
9 87
7 28
9 18
9 18
7 47
3 89
9 87
6 85
9 43
1 22
7 74
8 37
1 32
2 63
3 4
1 43
10 6
2 48
2 70
4 29
4 60
8 90
2 21
1 4
8 90
10 85
6 9
6 86
3 17
9 57
7 83
4 95
9 3
6 63
7 16
8 65
4 13
9 11
6 53
6 26
10 22
7 28
1 94
8 10
1 51
9 45
3 18
1 35
3 67
6 48
10 71
7 95
5 34
5 43
3 79
10 42
6 43
9 29
7 47
10 42
5 83
10 71
4 56
4 28
3 45
10 41
3 75
7 45
8 26
3 56
2 16
7 96
5 48
5 98
10 39
10 53
10 73
3 47
2 31
8 93
9 18
7 36
7 56
1 14
1 78
10 84
1 78
2 89
1 30
10 25
8 15
10 19
2 44
3 1
7 15
7 91
5 14
1 99
1 58
2 79
8 50
8 24
3 47
5 80
9 37
5 36
3 77
1 53
3 29
3 41
10 98
10 4
6 1
1 60
7 86
8 71
1 93
6 100
1 78
3 78
3 60
9 97
10 95
1 50
7 68
10 26
10 1
5 71
9 30
9 20
1 58
10 43
9 8
10 100
7 11
8 58
10 8
5 2
10 59
7 51
3 72
1 38
3 25
7 21
2 42
2 27
6 32
8 49
9 18
7 92
5 30
4 20
1 65
2 52
5 95
6 31
2 18
1 63
7 29
6 36
10 4
10 41
6 95
7 20
4 89
3 92
9 55
7 29
8 94
1 31
3 66
10 43
1 49
7 94
3 97
2 96
4 9
7 6
1 55
1 61
9 11
1 68
10 7
3 92
5 76
6 43
2 92
4 86
4 55
10 12
9 45
3 80
8 25
10 82
4 24
5 23
10 36
10 100
4 73
6 74
1 27
5 88
7 10
9 76
3 58
10 51
1 85
9 56
10 75
4 41
4 91
7 7
2 25
3 23
7 84
8 38
7 50
7 45
5 50
7 62
5 22
10 4
2 17
6 37
7 53
8 87
1 22
7 56
5 78
1 31
9 66
7 36
7 6
6 68
10 98
4 23
9 92
4 3
5 6
10 10
4 92
9 15
1 19
1 10
10 15
7 50
2 3
9 29
2 18
6 43
7 25
8 11
10 76
5 32
4 79
8 79
7 31
8 75
6 61
7 62
8 99
2 42
6 89
10 80
7 68
9 64
2 59
3 47
4 74
3 19
3 88
8 5
4 84
8 41
5 24
9 11
5 91
1 9
9 25
9 54
4 81
2 25
3 20
3 79
7 45
9 23
4 69
9 40
6 3
7 10
5 16
3 25
10 82
7 36
4 80
10 86
7 36
3 3
1 92
2 17
8 74
2 42
10 70
7 54
10 50
1 3
4 29
7 25
9 97
3 47
10 13
10 44
9 39
6 3
10 15
2 36
7 80
1 50
2 19
10 82
8 3
3 78
7 84
8 79
4 12
10 74
2 84
5 77
5 95
10 87
3 14
7 81
5 64
7 29
6 37
5 25
9 78
8 20
4 88
6 53
5 47
8 53
5 21
8 88
7 60
6 80
2 92
8 6
1 2
1 21
3 66
2 57
6 41
3 73
9 44
6 78
8 1
4 92
6 64
7 6
10 85
1 45
5 21
9 62
7 25
6 75
3 44
6 29
1 74
8 12
9 46
6 83
3 63
10 2
3 41
5 86
5 91
8 96
1 37
9 74
4 67
3 11
10 58
6 46
7 29
2 51
4 62
8 94
5 4
9 97
1 89
7 92
4 93
6 12
1 80
8 61
6 61
7 25
3 80
10 43
6 52
9 93
3 6
7 63
1 45
9 75
4 27
1 81
7 92
10 68
1 2
1 36
10 82
3 85
10 46
6 93
6 33
1 5
10 71
5 16
5 18
3 6
6 74
1 41
9 72
3 98
1 8
2 70
3 32
6 87
8 57
2 79
5 32
3 61
5 10
9 20
3 94
10 44
8 12
1 54
1 24
6 64
10 20
1 79
7 64
1 59
5 16
6 61
5 71
3 31
5 6
10 60
9 42
5 62
10 45
9 54
5 9
3 88
4 76
10 56
10 57
5 1
9 58
4 24
4 12
1 4
1 83
6 74
5 38
7 4
5 3
5 65
3 11
3 16
2 47
3 5
3 20
10 40
3 57
4 55
7 51
8 69
1 61
7 94
1 29
9 6
10 51
5 22
2 70
6 97
10 85
7 100
5 61
5 86
8 56
6 35
7 41
9 36
7 92
5 30
8 92
6 40
5 30
1 29
1 5
9 63
8 55
2 47
8 75
2 5
10 59
4 51
6 86
9 14
6 88
6 29
9 27
9 66
2 59
1 63
9 84
4 94
3 83
10 46
9 99
8 38
1 75
9 47
4 62
1 62
10 58
2 4
8 61
1 28
9 14
6 35
10 65
4 6
8 43
1 59
2 85
9 37
4 18
2 32
3 12
1 78
9 96
7 65
7 15
7 93
1 83
3 82
4 30
8 22
5 62
8 25
6 92
2 47
7 82
5 61
7 13
5 41
2 100
6 52
8 65
4 31
5 34
8 90
2 56
7 8
8 7
3 5
10 45
4 10
9 2
9 3
4 20
10 19
4 53
8 16
5 62
4 92
7 60
6 2
3 34
5 99
2 9
6 29
2 16
10 14
4 90
10 17
9 87
6 87
1 16
1 17
4 23
2 82
5 83
9 20
8 49
8 30
7 81
7 81
7 64
9 57
4 78
8 56
9 7
5 70
9 79
8 68
10 40
10 27
7 57
1 80
3 25
9 22
5 20
6 60
5 58
4 6
10 62
8 46
2 23
4 89
9 43
2 32
7 100
9 88
6 5
3 30
8 89
1 64
7 23
10 70
10 54
8 33
10 11
10 94
8 81
3 66
9 13
1 81
10 52
1 65
3 11
5 71
6 30
5 42
2 36
1 16
1 47
2 89
9 39
7 41
5 82
5 6
7 88
8 96
4 76
3 50
10 15
2 47
7 83
10 33
8 85
8 1
3 86
5 52
6 16
5 29
7 85
1 85
3 36
9 85
3 75
7 75
7 25
2 72
10 78
10 81
9 77
8 25
7 70
2 8
1 73
2 14
2 7
6 99
1 85
10 46
6 54
10 96
5 26
3 89
4 85
3 50
6 33
7 21
5 96
8 78
10 74
4 95
7 80
6 88
2 15
4 41
9 16
6 85
9 21
1 51
9 36
8 40
1 95
8 21
3 84
1 2
1 84
7 48
10 40
1 4
3 66
7 62
3 59
8 61
3 37
2 76
8 5
3 98
4 24
10 27
8 18
10 88
9 13
3 98
4 38
6 62
3 35
6 20
7 29
9 10
3 12
4 80
5 41
7 46
2 97
5 74
3 57
5 52
5 54
8 88
8 86
4 92
3 1
7 19
10 78
2 6
7 38
8 1
5 79
10 71
2 65
3 23
7 14
7 86
7 48
9 10
8 58
8 12
3 44
4 92
1 87
8 31
10 41
2 26
5 45
3 24
4 60
8 4
2 100
6 22
3 74
2 57
1 28
3 60
1 16
7 2
2 76
3 75
1 18
9 52
3 44
10 62
2 10
10 60
2 85
5 44
3 92
6 9
7 29
1 90
2 37
10 22
1 37
3 51
8 66
7 61
5 84
4 82
7 91
6 100
8 90
7 83
10 58
9 76
8 100
8 31
6 87
2 95
6 13
7 31
1 100
4 97
4 88
5 82
3 48
1 39
6 78
5 37
7 69
5 81
6 22
9 11
9 35
3 33
8 89
5 51
9 28
1 43
7 49
1 43
1 11
9 86
9 27
9 32
8 55
9 1
5 27
3 50
2 19
2 25
9 32
3 91
5 70
10 91
6 54
5 37
1 18
7 12
6 14
3 57
9 42
9 42
7 30
1 52
8 1
7 90
8 95
6 63
10 18
4 81
8 24
6 64
1 32
2 73
7 26
6 89
5 57
6 27
7 88
9 73
7 68
4 60
8 10
6 86
1 92
2 43
3 55
5 63
10 73
8 62
1 76
9 86
7 12
9 65
6 29
2 1
3 28
10 80
1 68
10 10
9 9
8 98
3 35
1 48
9 37
6 62
4 48
1 37
3 23
10 91
9 12
2 39
6 46
5 94
5 62
4 29
8 12
10 36
4 7
