8 69
5 100
5 81
8 34
8 16
3 6
4 62
5 43
3 23
1 7
2 29
5 7
8 39
2 12
8 43
10 32
2 41
7 54
3 34
8 90
8 1
6 22
8 99
3 34
6 70
6 7
7 88
5 51
10 22
4 36
5 29
7 56
1 32
8 89
6 12
6 78
8 37
4 71
9 79
6 5
6 70
9 98
1 42
3 84
5 38
1 40
6 87
6 83
3 2
6 57
4 100
10 46
6 42
4 42
8 53
5 65
6 86
7 8
8 88
2 87
8 4
3 84
1 42
8 49
3 78
1 66
8 57
1 70
7 15
1 76
3 65
8 69
5 76
1 73
9 93
10 24
8 80
8 40
6 9
3 21
3 30
1 4
3 87
2 37
5 23
5 95
9 96
3 86
7 15
9 14
8 13
8 78
10 54
10 72
7 25
3 72
6 5
7 36
1 91
7 55
9 63
5 41
9 74
5 60
2 74
3 29
9 10
1 74
3 38
9 5
3 73
2 49
7 26
2 52
9 28
9 14
10 80
5 93
3 33
5 26
7 27
4 36
5 97
7 40
2 20
1 85
7 17
4 58
9 2
10 42
4 35
10 44
9 60
5 95
7 11
9 14
5 52
2 14
2 100
8 12
6 59
3 50
2 18
5 17
3 14
1 33
10 95
1 86
7 4
5 68
9 12
3 85
3 50
9 99
7 82
9 93
1 25
7 63
7 63
10 50
8 40
10 89
7 64
10 75
9 56
8 34
9 31
4 58
9 57
4 43
10 88
3 39
6 44
3 60
2 21
6 94
5 21
6 70
1 55
2 12
2 60
7 19
4 88
3 67
6 1
10 42
3 5
8 4
1 2
4 89
9 79
5 69
3 69
5 29
4 59
6 5
7 28
6 66
7 72
3 64
10 22
7 76
2 81
1 62
3 9
8 79
6 41
9 63
7 4
5 36
2 45
4 61
1 40
4 31
4 2
2 55
2 32
1 26
1 29
1 37
2 14
7 96
10 4
10 79
2 41
2 65
3 96
1 89
3 7
9 94
8 74
6 62
8 91
3 67
10 24
10 67
9 37
8 86
10 7
10 74
1 2
1 43
5 52
7 93
4 51
1 47
6 65
8 54
1 2
2 3
10 39
2 66
1 2
4 88
4 51
5 15
3 86
7 62
10 66
4 40
8 6
5 38
8 91
9 62
10 63
6 6
9 81
6 70
5 21
6 98
7 99
8 56
5 44
6 78
7 54
7 27
8 2
5 12
9 23
2 95
4 44
9 56
6 2
9 97
6 50
3 12
9 32
10 42
1 98
6 27
9 2
7 98
4 89
8 44
9 77
7 85
2 51
1 90
3 27
1 20
5 37
5 34
4 96
5 96
2 74
2 18
6 80
7 64
5 16
10 22
4 5
2 11
1 6
3 94
2 44
9 66
9 93
2 57
2 22
3 60
2 97
6 85
7 60
5 50
1 99
7 22
10 40
9 26
8 2
6 54
4 7
3 73
3 4
10 31
9 43
9 31
10 71
8 46
6 81
3 23
3 86
8 36
5 14
7 10
4 47
10 61
3 74
2 78
10 60
5 6
10 69
10 64
2 84
5 92
2 75
7 37
7 65
2 92
5 85
10 58
2 69
7 59
2 41
1 69
9 95
6 33
9 16
3 96
7 68
6 27
7 3
9 29
8 64
5 63
4 12
10 15
8 56
3 8
6 51
6 85
1 15
1 8
1 47
2 47
2 79
9 39
10 24
3 90
4 58
9 91
6 52
5 48
1 16
5 40
7 16
9 79
2 65
3 47
2 18
7 45
6 41
8 65
1 94
2 46
6 1
1 86
1 15
8 87
9 73
8 28
1 69
9 98
5 13
10 51
9 62
3 29
6 2
2 87
6 50
10 10
3 72
7 43
1 33
3 18
5 66
10 86
10 13
1 68
6 39
6 42
4 22
9 71
3 45
1 91
7 56
8 70
10 98
8 78
4 72
1 17
3 69
2 4
2 53
7 83
8 75
4 6
6 90
5 77
6 32
4 40
8 98
9 41
4 92
6 44
2 83
10 65
8 24
2 53
5 75
4 55
9 13
2 34
7 35
3 57
4 89
2 2
5 54
1 88
3 22
1 7
1 31
9 86
8 65
2 17
1 74
4 57
4 64
5 86
1 29
4 72
2 21
7 9
4 76
2 66
3 69
2 53
9 18
3 48
4 58
9 64
4 12
10 1
8 22
9 62
4 74
9 13
7 36
7 74
9 71
1 64
9 47
6 65
3 32
8 30
6 24
9 71
2 17
5 63
4 89
8 62
1 33
9 41
2 75
8 19
9 51
1 58
3 5
5 58
7 40
9 45
1 87
5 60
6 37
7 54
10 7
7 95
8 95
10 60
7 64
9 22
4 25
5 12
9 30
9 11
8 58
6 20
6 39
9 25
1 21
2 30
4 50
9 92
4 50
6 9
3 83
2 82
3 92
7 93
4 92
5 89
7 18
5 100
10 44
9 17
3 53
9 53
3 63
2 88
4 1
6 89
10 86
1 94
2 97
9 41
4 78
9 17
2 6
3 61
8 62
4 88
7 15
3 25
8 74
10 61
8 89
1 52
1 40
8 41
3 43
6 38
2 39
9 52
2 91
5 71
7 92
9 70
9 10
2 51
2 91
6 63
1 49
8 17
8 85
5 48
9 90
9 34
2 9
2 40
10 51
6 85
8 8
10 32
6 47
3 98
6 34
10 40
6 26
3 21
4 92
6 12
8 87
8 38
5 82
5 31
8 65
10 36
10 4
9 12
8 64
3 95
6 51
3 29
9 27
6 28
8 7
6 82
9 17
5 49
3 32
2 40
10 2
9 91
2 74
7 68
2 85
10 90
8 54
4 99
6 92
7 77
1 28
5 9
7 49
6 64
5 29
7 91
2 45
1 75
6 12
2 87
4 21
2 74
7 99
4 5
3 34
5 45
2 76
1 21
8 38
3 67
2 42
9 25
4 42
8 48
1 47
3 73
4 72
4 24
3 5
10 46
6 56
7 87
10 59
9 2
8 28
8 93
9 47
10 44
6 10
6 53
5 99
4 14
10 58
5 72
7 26
1 5
2 39
2 53
8 61
3 36
9 20
2 39
5 20
6 2
8 1
10 67
3 56
5 38
4 4
7 29
1 40
2 7
4 98
7 76
1 86
1 71
9 81
6 29
7 37
1 94
7 17
4 18
7 38
7 14
2 98
9 92
2 48
8 81
8 29
2 91
10 18
2 52
4 64
6 42
4 53
5 88
10 20
5 25
4 21
8 32
10 63
2 49
4 15
8 40
1 53
7 64
8 1
9 50
8 28
2 91
2 42
3 68
9 2
6 22
5 57
5 98
2 55
2 31
2 87
4 2
6 1
8 8
8 71
6 84
9 22
7 4
3 67
10 94
9 10
9 70
3 1
7 23
10 11
3 51
1 41
7 49
7 66
10 79
9 19
7 84
7 9
4 24
10 55
3 90
4 52
9 28
4 87
4 23
2 30
2 37
2 29
7 52
5 31
4 24
4 91
1 82
5 57
2 44
3 59
9 5
5 37
10 66
4 41
8 58
3 8
4 60
4 86
10 63
10 13
1 24
9 77
7 64
8 66
3 68
10 84
6 38
4 96
10 64
2 73
5 53
7 94
7 5
10 30
3 95
6 86
3 54
7 3
3 87
2 86
1 11
6 64
8 41
6 98
1 64
9 41
8 70
5 23
8 36
1 48
1 34
1 25
8 67
6 27
5 60
6 30
7 74
1 48
4 34
5 42
5 20
5 86
2 47
9 44
5 52
2 55
6 42
10 27
10 7
10 74
2 46
8 8
8 1
4 60
4 61
7 40
10 36
8 60
7 75
4 84
7 34
8 41
10 82
5 38
7 81
10 52
4 21
2 11
10 11
6 72
6 38
2 37
1 45
9 7
7 90
2 68
7 46
6 100
2 93
1 38
7 83
2 13
5 1
10 36
10 77
6 8
5 2
8 8
7 15
1 91
7 4
6 11
1 63
7 85
8 74
2 46
7 62
10 1
8 86
1 82
6 10
6 47
7 55
7 46
8 94
7 24
5 1
1 73
7 6
1 60
6 34
6 10
3 41
3 80
2 72
5 38
8 56
8 35
2 7
5 38
2 1
3 14
9 82
7 83
6 14
2 65
9 94
4 15
6 34
4 21
3 16
1 35
8 36
3 54
4 57
4 72
7 45
10 28
10 2
6 28
7 57
7 28
8 99
10 44
7 70
8 2
5 77
1 41
8 5
4 94
1 85
2 29
5 82
8 100
9 28
4 12
2 48
2 1
9 40
7 61
2 56
6 69
1 75
1 29
8 13
7 1
7 68
7 12
8 63
4 44
2 86
3 20
2 46
6 88
6 40
9 7
8 89
9 16
9 42
1 62
7 57
2 84
9 20
2 66
9 61
4 10
3 15
3 24
3 97
2 37
2 81
6 62
3 89
4 69
3 30
3 36
8 69
10 16
9 3
3 66
3 99
