6 36
4 31
9 79
6 42
4 12
2 28
9 39
6 1
7 86
3 23
6 50
8 49
2 75
1 90
10 18
2 22
6 61
4 53
6 99
7 72
10 23
1 4
6 29
9 6
9 48
3 5
2 50
2 9
3 57
3 93
7 82
3 28
5 10
4 47
1 81
2 99
5 75
8 26
3 65
10 89
10 4
7 89
3 47
6 75
1 70
3 11
5 96
1 4
9 41
5 27
3 21
5 65
5 42
9 54
9 40
2 80
9 32
8 85
10 78
9 90
7 32
2 14
6 17
8 87
1 31
9 55
4 54
1 34
3 41
10 96
8 42
6 23
1 17
4 12
1 85
7 51
6 61
10 84
2 8
4 48
9 100
10 53
9 12
4 3
7 11
5 1
2 45
4 56
9 3
9 18
5 36
4 86
3 83
9 51
7 38
7 48
8 56
2 20
6 24
10 28
4 42
1 91
1 24
4 97
9 82
4 67
6 62
3 94
3 99
8 58
7 13
2 55
7 99
10 77
7 17
10 57
10 1
2 24
9 16
7 6
2 9
1 76
8 99
5 16
6 66
4 62
6 80
7 52
1 32
6 2
4 95
7 9
8 92
10 51
2 55
8 44
10 86
4 39
1 60
6 47
3 14
3 73
2 96
7 61
5 97
2 69
9 83
7 21
5 78
9 60
6 65
1 3
6 88
6 34
9 20
8 1
8 48
9 25
5 32
3 39
10 13
2 4
10 13
9 93
8 37
9 55
9 96
5 51
10 90
8 51
2 16
10 63
10 31
5 20
3 41
9 61
3 39
6 9
3 91
8 92
8 55
6 72
9 51
3 19
9 46
6 100
6 3
3 32
1 49
8 76
8 49
10 1
9 41
2 47
4 80
4 7
8 81
6 47
5 91
7 84
7 26
10 45
9 53
2 10
10 9
4 88
3 79
4 19
9 29
3 91
3 69
4 13
3 71
2 45
1 26
9 82
3 87
3 8
9 47
7 94
4 63
3 84
10 33
8 61
4 100
3 47
2 80
8 99
9 13
3 5
10 56
10 96
1 13
1 30
8 88
10 35
6 26
8 77
10 51
5 65
1 6
10 28
5 40
6 81
5 19
8 55
4 68
7 59
10 49
3 68
4 92
10 23
8 71
9 9
3 57
6 16
8 71
3 11
4 38
6 86
1 93
2 23
6 94
4 14
9 80
4 97
10 32
6 35
6 99
6 38
2 8
4 21
10 87
3 87
5 61
4 52
10 59
2 77
2 99
6 86
1 69
5 80
3 4
4 2
9 48
8 55
7 80
9 45
3 6
10 48
3 14
10 96
4 13
10 77
1 46
5 23
1 51
3 32
9 15
2 2
6 43
7 64
6 59
7 31
8 64
2 70
10 56
7 85
10 2
1 72
2 99
8 29
6 2
7 22
5 25
6 44
6 4
5 93
7 91
4 5
7 56
7 77
9 27
2 73
4 60
7 33
7 75
8 87
3 97
4 55
5 22
8 67
8 15
6 34
5 56
1 73
9 76
8 62
7 60
4 73
5 21
2 40
8 53
7 25
5 90
5 80
3 47
8 8
10 48
8 60
5 5
4 83
3 26
10 71
10 42
7 8
7 98
5 69
7 54
4 49
1 3
3 23
9 44
9 23
6 47
7 93
9 46
10 37
2 84
3 54
7 94
5 99
7 95
1 16
6 73
3 33
7 22
10 6
6 32
6 55
1 15
6 91
9 72
4 69
5 32
5 42
3 3
2 22
2 13
10 73
3 71
10 30
8 85
7 76
6 31
5 41
5 62
1 77
2 94
6 79
7 11
1 59
2 85
3 8
7 98
4 1
6 34
10 43
6 25
5 85
8 13
2 57
7 58
4 43
7 53
4 16
1 69
8 49
4 97
3 62
5 6
10 90
4 89
2 53
8 26
9 78
2 20
1 66
9 93
10 53
8 64
5 36
2 94
2 53
5 3
9 28
7 23
4 86
4 21
5 4
4 48
1 65
4 89
10 5
2 97
9 11
3 63
2 99
9 46
9 21
3 29
1 65
2 24
10 36
6 73
3 67
1 39
7 76
3 14
5 14
10 63
1 30
6 55
3 28
7 57
7 75
10 9
7 70
2 37
7 4
5 30
4 7
4 26
1 37
5 46
3 4
8 83
2 21
6 56
3 52
7 90
5 38
6 91
5 27
7 85
8 74
8 34
9 52
8 15
1 26
5 38
5 36
1 33
8 72
9 68
6 62
6 75
8 90
2 30
9 27
6 90
3 91
9 100
5 85
9 89
8 54
9 85
1 10
2 73
9 15
2 97
3 100
5 42
6 19
1 14
1 39
5 62
8 9
5 85
8 59
9 59
6 26
3 95
1 93
6 55
10 74
1 11
7 67
4 81
3 61
1 68
2 91
8 34
7 42
4 88
7 38
1 58
2 84
1 65
8 90
2 75
3 33
9 37
6 66
4 46
3 33
3 27
6 90
8 98
5 85
10 90
9 41
2 63
2 66
4 34
7 49
3 48
4 16
10 87
3 55
9 54
9 45
4 3
6 29
7 71
1 62
7 70
7 73
8 72
2 50
10 99
7 89
2 88
3 20
8 45
6 79
7 14
8 71
10 69
9 68
4 71
5 49
3 60
10 78
7 74
3 78
4 43
4 71
2 29
1 8
1 37
3 41
1 44
2 38
2 84
5 38
4 82
3 51
9 93
8 91
8 5
1 5
5 83
10 19
8 81
9 16
7 56
3 18
3 37
4 22
8 29
3 44
8 66
2 78
3 76
7 73
2 45
1 19
7 38
10 84
9 58
3 60
6 88
5 34
3 96
8 31
10 95
6 81
6 10
3 12
5 54
1 36
2 78
6 53
5 60
7 95
8 53
8 60
4 88
4 77
2 39
10 18
4 83
2 46
10 30
8 20
1 58
1 51
10 7
5 5
8 82
3 59
8 38
4 13
7 33
6 22
1 97
7 97
10 36
7 15
3 13
3 26
2 80
9 47
1 50
5 5
4 79
8 1
3 37
3 93
1 58
9 45
9 49
3 42
8 6
2 68
4 60
8 98
8 61
6 40
3 66
9 96
3 51
3 97
2 50
6 34
2 100
8 92
1 13
3 24
6 50
8 72
4 16
8 80
3 20
10 5
9 98
5 54
5 27
7 3
10 93
1 43
10 81
8 97
10 35
2 47
10 91
1 72
4 39
2 68
5 18
6 35
9 99
5 19
8 23
5 74
10 77
3 12
2 100
2 45
5 73
1 63
8 81
3 39
6 94
8 23
8 62
5 37
8 38
3 27
2 69
9 83
8 20
7 97
4 55
10 91
6 5
5 37
10 25
3 15
2 1
2 52
3 76
1 8
3 65
9 38
1 20
9 65
3 44
6 38
3 82
2 28
7 36
9 43
4 91
10 73
7 52
5 59
2 93
1 4
3 73
1 29
4 57
4 33
3 91
9 12
9 33
7 92
9 54
4 63
4 46
8 32
8 75
2 72
10 88
5 1
10 26
3 31
8 74
7 63
7 39
5 21
3 1
10 86
6 39
7 100
9 26
6 66
4 78
8 79
6 42
5 78
8 4
2 64
1 79
4 23
10 33
2 67
9 42
7 39
10 3
3 22
5 83
7 36
3 48
8 4
6 42
10 52
10 94
10 92
10 98
9 68
1 69
8 45
2 98
4 19
10 37
6 53
1 58
3 17
6 43
7 36
9 73
9 42
9 90
9 59
7 66
2 98
1 35
9 95
1 71
6 45
10 19
3 85
3 91
8 78
6 73
3 46
2 81
1 69
5 75
10 45
2 68
3 39
8 55
3 14
8 41
10 2
3 83
7 66
6 92
7 31
2 92
9 54
3 89
4 53
6 32
9 11
8 54
2 85
7 57
10 64
7 19
8 45
6 19
1 77
8 20
3 19
2 54
3 40
6 90
8 81
9 30
8 60
9 24
2 13
10 69
6 67
10 81
3 68
8 53
2 9
10 16
10 23
6 56
1 64
9 63
5 27
5 74
9 83
4 64
10 70
4 59
4 73
5 64
4 57
8 26
7 18
5 22
7 67
3 34
1 10
8 5
5 40
9 54
8 86
9 77
4 69
10 94
6 20
4 27
7 56
5 23
1 28
5 42
7 83
4 32
8 47
7 10
6 3
5 47
7 28
4 92
8 14
5 92
6 23
1 15
4 18
8 46
1 27
8 51
10 74
10 2
3 21
10 21
3 34
10 9
7 6
9 83
8 80
7 47
5 51
3 11
2 71
2 92
8 87
10 77
8 48
2 8
10 54
10 39
4 14
6 44
10 6
8 66
10 72
7 44
5 30
1 84
6 71
6 45
4 97
5 25
4 91
9 62
10 85
4 79
6 26
7 80
6 38
3 84
4 2
8 56
10 49
1 96
10 57
3 80
2 16
4 42
1 9
10 68
1 6
4 62
2 43
6 1
3 41
8 57
5 21
9 61
6 17
8 98
7 62
4 47
10 23
8 72
5 54
1 5
3 45
5 43
2 45
