7 11
3 13
3 54
7 95
5 68
6 85
3 71
10 78
4 92
8 53
6 38
5 29
7 81
8 31
2 80
7 33
10 47
6 82
7 65
8 38
7 5
2 97
10 12
7 28
9 33
3 91
5 45
3 49
4 74
5 70
6 95
4 95
4 69
10 69
7 41
5 24
1 47
1 35
4 3
1 14
7 94
5 80
1 56
5 51
7 53
6 68
5 10
3 52
6 47
4 45
1 39
9 90
8 84
1 60
7 4
10 86
5 21
1 44
2 34
7 90
6 70
3 7
1 90
7 35
8 63
7 22
5 46
2 44
8 93
4 50
7 56
7 69
5 24
1 7
4 71
7 15
2 73
2 42
7 51
2 72
6 98
9 24
9 55
10 82
7 87
7 91
6 66
3 42
6 52
9 81
3 88
7 74
9 81
6 18
5 59
8 73
3 9
6 72
10 37
10 51
8 24
5 49
3 86
10 99
1 26
9 23
4 88
7 51
10 40
8 29
6 32
1 100
9 50
4 32
4 84
7 12
5 53
9 2
4 65
8 61
3 100
1 19
2 87
10 53
4 56
8 56
2 62
9 49
6 74
10 86
10 49
5 20
6 13
6 69
8 46
3 72
1 59
1 3
9 54
9 48
6 19
7 100
10 24
8 30
5 81
6 5
6 75
3 4
2 66
5 63
4 42
1 15
8 34
8 94
10 25
5 34
9 55
3 24
8 50
3 33
6 50
6 53
6 7
6 100
3 91
6 26
10 100
6 47
5 87
2 64
10 27
4 53
6 9
10 16
5 17
7 62
2 7
6 38
5 31
4 43
2 99
6 76
3 52
5 35
1 45
5 89
3 20
6 14
8 61
5 92
10 32
7 55
9 91
2 100
5 86
5 67
9 20
1 75
6 99
10 8
7 28
8 65
4 64
7 20
10 75
2 80
1 12
9 62
8 41
8 40
1 66
4 57
4 8
5 25
3 80
8 22
8 79
3 21
3 32
4 48
9 31
8 37
2 4
3 63
1 3
7 80
4 43
8 8
10 17
1 33
10 76
8 92
3 7
2 84
2 20
4 14
7 40
3 5
9 72
2 100
1 27
5 90
10 70
5 86
7 93
5 39
3 54
10 71
10 69
7 97
1 87
8 13
1 36
1 42
8 69
10 90
3 10
10 61
6 66
2 51
3 45
8 28
10 91
1 11
10 99
4 98
10 1
5 98
5 54
3 47
5 2
8 52
4 25
9 69
7 79
2 33
9 73
7 50
7 82
9 64
9 54
9 35
5 14
1 97
4 89
10 56
6 8
1 76
5 22
8 30
1 26
9 10
8 77
10 35
6 99
3 13
10 50
7 42
8 92
8 69
2 95
8 41
4 18
7 99
5 62
5 44
10 66
1 51
5 25
1 42
10 3
8 54
9 43
10 28
5 16
4 76
8 2
5 19
4 24
5 17
1 21
3 24
8 100
5 99
9 100
2 63
10 29
2 57
5 81
2 2
8 96
6 7
4 75
6 12
8 43
3 57
6 58
7 21
5 47
8 35
4 68
2 82
4 81
5 48
6 88
8 55
5 15
3 48
9 50
5 42
5 74
4 52
5 55
7 95
4 51
6 11
1 56
6 59
1 24
6 15
2 59
6 51
4 70
4 39
7 63
3 92
9 14
10 53
4 47
3 54
8 29
10 26
2 47
8 86
9 98
6 16
8 44
10 66
3 96
1 76
5 94
4 18
3 54
9 49
10 49
10 66
3 24
5 85
2 22
6 12
3 37
5 81
3 57
9 76
10 93
6 14
6 59
4 92
5 46
7 32
3 63
7 23
8 57
1 23
10 34
10 40
1 12
4 78
2 60
6 5
4 90
1 46
3 74
4 18
10 99
3 66
2 79
6 34
4 99
2 26
9 81
1 98
6 52
5 25
6 59
1 26
1 90
4 96
7 6
8 5
6 25
7 2
7 54
9 21
9 31
3 20
3 28
6 30
6 71
3 68
4 7
10 46
4 34
7 83
1 57
5 83
3 42
5 45
9 52
5 38
10 68
1 1
7 71
5 100
5 60
5 35
5 44
2 77
1 13
5 56
8 25
2 54
5 28
9 66
10 41
6 4
7 74
2 38
2 46
6 36
9 72
5 80
9 2
2 71
9 80
6 91
2 51
3 89
8 95
4 70
2 57
4 43
10 6
10 15
1 29
2 75
4 98
5 57
6 53
8 44
6 38
9 51
4 8
10 68
6 98
3 53
10 40
4 3
9 31
8 92
9 87
6 95
4 67
2 46
9 9
6 28
10 79
1 37
4 90
1 63
1 21
3 27
4 18
3 29
10 73
1 52
5 22
4 6
3 98
1 100
9 21
7 80
7 76
4 80
5 78
1 47
3 57
4 15
8 18
1 51
8 53
8 40
7 56
8 71
3 11
6 83
3 39
7 50
8 76
9 70
7 4
9 86
2 1
2 81
3 26
10 51
5 26
1 64
5 63
4 94
4 7
2 55
7 6
6 56
2 95
2 40
5 12
7 18
4 29
4 79
10 80
7 24
2 37
6 83
9 97
7 84
2 49
8 31
2 21
1 85
6 50
1 33
3 94
9 18
3 82
5 71
1 58
10 14
8 73
8 86
5 15
4 27
8 62
6 28
5 93
9 33
1 65
4 67
4 17
5 86
4 92
6 29
2 94
5 77
5 19
2 36
8 42
5 53
10 33
8 66
3 39
2 24
3 46
7 47
10 75
6 34
5 9
5 7
8 93
9 37
10 18
9 58
5 32
10 52
9 79
7 28
10 53
6 35
2 84
2 4
4 26
1 46
1 79
6 35
5 19
5 27
3 90
1 48
7 25
4 18
1 30
4 83
10 8
5 72
6 44
6 56
1 64
8 75
2 10
4 90
9 52
9 22
6 100
4 17
8 95
2 74
1 9
5 26
6 20
6 21
10 8
4 76
10 15
5 23
9 97
4 95
3 40
7 13
3 27
6 63
7 1
9 97
3 25
1 22
7 53
2 53
9 52
9 35
10 20
5 8
10 88
6 35
3 35
10 82
3 100
4 31
4 19
4 45
8 92
9 23
4 82
7 44
1 14
9 75
4 59
3 57
8 4
10 54
4 25
2 93
8 22
4 96
6 32
4 72
9 94
1 81
2 9
5 38
7 13
4 13
5 88
3 94
2 44
5 67
6 94
4 88
1 61
4 76
3 14
7 40
8 50
7 83
8 25
9 60
9 38
10 64
10 79
9 8
4 57
4 63
8 37
8 32
10 90
10 28
6 91
2 87
7 28
6 57
5 65
2 92
9 67
6 41
8 20
10 37
8 42
1 13
8 87
4 78
6 24
1 39
2 25
1 76
8 65
9 21
7 95
10 40
8 24
5 96
1 23
10 23
6 63
1 23
7 17
1 33
1 80
5 62
6 66
6 55
5 52
8 97
8 1
3 71
4 83
6 60
1 92
1 16
4 1
9 83
8 85
8 65
7 65
9 73
6 67
1 5
2 33
7 10
9 28
9 69
4 75
10 30
7 86
10 78
10 3
7 77
4 20
7 46
4 47
9 83
2 84
1 32
3 53
7 11
8 40
1 94
10 1
9 38
1 55
7 64
4 90
5 82
4 94
6 36
4 55
6 37
5 29
5 14
8 84
9 53
4 37
2 82
8 87
5 75
10 21
1 51
9 53
6 18
9 23
10 11
7 96
7 95
8 54
9 90
7 32
8 88
3 27
4 14
4 29
10 50
1 77
5 77
4 44
7 9
4 35
1 76
5 31
10 100
7 46
6 40
9 99
10 63
10 54
3 24
2 78
3 43
10 79
7 40
7 32
10 14
7 86
1 13
8 31
10 9
10 55
4 24
2 57
3 99
9 6
2 66
3 18
9 5
10 63
5 6
3 84
8 6
8 52
1 44
2 25
7 26
6 24
9 98
7 65
6 52
3 50
5 83
3 38
9 1
1 1
7 77
4 61
10 88
4 80
4 92
7 63
5 46
4 4
8 2
4 35
2 73
7 56
4 71
9 37
3 95
2 77
10 60
5 6
2 26
9 4
6 73
7 16
3 98
7 32
7 69
10 64
6 39
6 62
10 10
1 83
5 70
10 71
7 7
6 75
2 65
7 26
1 60
3 45
10 54
9 29
5 46
3 55
10 38
1 62
8 41
3 9
7 3
6 35
4 59
2 29
9 8
7 3
6 27
7 20
7 25
7 61
6 53
7 89
10 69
1 22
3 30
1 90
5 86
3 45
9 86
5 56
8 85
5 60
4 52
10 49
2 88
3 97
8 50
9 65
9 13
5 19
10 67
8 27
5 66
6 48
7 62
3 6
1 69
10 43
4 58
8 83
5 47
4 89
2 29
1 31
2 46
10 61
5 87
6 67
2 20
4 26
6 73
10 73
1 15
1 77
9 69
4 26
9 57
6 25
1 34
4 100
9 31
7 72
2 62
10 59
2 68
9 1
4 5
2 53
2 56
3 90
6 1
8 91
1 59
6 4
3 90
2 55
2 69
