1 59
8 60
8 22
5 98
4 11
10 76
10 36
1 92
3 21
5 33
6 77
2 47
7 94
7 59
10 8
10 20
4 6
4 61
7 26
5 2
2 42
8 37
1 83
9 45
9 49
9 27
10 61
9 76
6 4
10 68
5 26
7 88
5 64
1 68
7 94
5 77
9 32
2 73
7 20
10 38
4 77
10 95
2 84
4 79
7 4
4 8
6 88
2 64
9 12
7 76
1 100
9 92
8 7
9 3
7 8
2 76
3 83
9 7
4 70
10 47
7 62
8 57
4 66
6 81
3 8
5 41
8 84
7 35
10 29
5 48
7 58
2 79
1 54
2 34
10 32
3 37
4 50
5 78
4 49
6 78
2 95
10 7
4 17
1 1
6 72
4 30
2 22
1 42
10 49
7 36
6 29
8 29
9 16
4 7
6 20
4 77
7 88
10 18
6 43
5 75
9 2
6 95
10 69
3 46
2 70
2 42
2 49
8 54
9 40
6 96
5 27
6 83
8 1
7 14
9 83
8 21
1 100
9 5
7 98
7 31
6 59
9 98
5 49
3 93
5 66
1 25
7 7
5 7
4 20
10 36
3 32
10 22
9 43
9 46
4 89
5 88
3 29
4 45
3 20
4 34
10 25
9 63
10 55
8 59
5 6
6 90
3 86
10 91
9 37
5 17
1 31
8 10
5 17
7 76
9 59
4 12
3 39
10 32
8 88
7 24
3 39
2 94
7 34
3 20
1 63
3 79
1 52
5 53
10 9
8 66
1 73
3 52
9 94
6 6
7 65
7 5
9 47
9 15
8 47
9 96
8 93
7 42
6 2
10 4
7 2
3 87
2 75
1 42
10 12
10 84
1 90
5 100
9 34
2 89
2 82
7 64
8 18
2 99
6 72
5 80
5 80
10 91
8 76
1 65
9 3
2 2
8 84
3 34
7 32
9 8
4 26
1 11
9 64
1 63
7 43
9 56
7 18
9 83
1 20
4 14
6 80
9 80
8 83
5 94
2 57
4 57
6 60
10 83
10 54
10 33
9 9
9 2
5 78
7 5
7 48
2 48
8 43
3 51
9 5
10 61
5 89
9 70
2 55
5 25
6 7
1 29
2 74
5 76
6 47
10 71
8 75
1 96
2 100
8 21
9 44
3 83
3 3
8 73
2 55
9 80
2 53
10 63
5 72
4 74
10 92
8 48
4 81
2 66
4 11
7 72
10 24
6 67
9 73
1 57
6 73
5 70
5 66
6 99
2 98
3 25
8 11
8 43
1 27
2 14
9 36
8 83
8 56
7 46
8 85
8 86
8 80
3 8
10 11
2 66
8 97
8 45
4 18
3 59
1 77
7 95
3 87
8 6
1 72
3 68
9 72
6 32
4 24
1 5
8 28
2 74
7 11
3 50
7 62
5 13
6 89
6 26
4 83
3 53
4 37
5 68
6 90
7 87
4 6
3 79
3 13
6 17
5 44
1 99
8 11
2 10
8 38
4 66
5 30
9 89
3 26
7 52
5 92
3 88
2 26
10 79
2 86
5 70
5 23
3 81
2 21
8 19
7 73
7 72
1 86
7 32
9 80
4 61
1 28
7 10
1 54
8 56
1 71
3 45
7 92
9 71
5 72
8 91
10 84
2 56
1 92
10 20
4 30
7 66
2 94
2 12
3 89
8 96
1 4
2 78
2 88
6 42
9 88
1 46
10 39
5 34
10 77
8 36
3 44
10 81
2 12
8 80
7 48
1 100
6 37
2 78
5 6
3 6
6 25
3 48
9 76
6 69
9 83
5 20
2 15
10 90
8 1
9 30
1 13
7 87
5 5
7 3
6 50
4 39
8 51
10 45
2 90
9 2
3 87
8 80
1 26
1 26
6 89
7 92
10 96
8 30
4 10
3 55
1 17
3 96
8 25
9 49
5 94
2 36
1 49
9 72
10 54
5 93
7 7
7 99
6 31
3 65
10 74
6 53
4 10
3 18
5 81
7 81
4 46
5 4
4 44
5 12
9 26
10 39
2 85
10 40
6 61
7 95
7 74
10 57
2 6
7 16
8 13
10 7
3 90
9 86
1 26
1 93
10 10
4 79
8 13
8 82
9 75
10 61
10 19
5 3
10 36
1 99
2 62
4 37
7 68
5 9
7 70
2 58
9 83
7 70
8 68
5 57
1 59
7 59
6 35
3 99
3 65
5 87
8 1
1 62
4 47
7 62
6 47
7 23
4 4
10 76
5 58
10 61
6 97
1 13
4 35
10 66
6 99
6 59
8 64
10 70
5 4
7 77
7 47
9 84
5 34
2 48
4 19
2 70
10 68
4 54
3 31
1 75
5 97
7 92
7 96
4 78
2 49
7 21
6 4
7 53
6 52
3 43
4 83
8 28
5 16
6 70
2 50
8 21
4 80
7 82
3 37
9 52
7 86
7 79
1 36
4 22
7 66
7 36
8 62
5 32
9 45
6 83
2 90
9 70
9 15
2 5
6 63
1 54
2 70
1 23
1 41
1 36
7 93
6 53
3 36
6 96
10 61
9 7
10 70
9 13
7 7
8 16
9 69
1 54
8 53
6 32
2 36
6 58
8 48
4 72
10 65
3 34
6 61
5 98
7 69
9 3
2 6
8 31
10 25
3 94
3 67
2 3
2 37
10 11
7 16
9 61
9 56
3 45
5 39
5 14
1 85
9 58
5 99
9 4
1 57
7 1
6 22
8 48
4 4
9 21
6 56
8 33
4 99
10 17
6 86
3 33
5 92
5 96
8 3
6 25
3 51
3 48
1 99
7 46
3 77
5 72
2 56
6 16
2 64
4 7
10 55
3 19
7 99
2 15
4 33
9 22
1 81
7 33
6 88
1 78
6 51
5 10
9 33
9 74
9 9
1 17
9 61
7 53
6 3
6 37
9 46
4 93
10 81
1 46
4 32
9 68
2 16
4 68
9 90
7 10
6 60
6 5
8 8
4 15
10 66
7 21
9 49
6 20
5 13
7 45
1 76
6 47
8 94
10 99
8 100
6 1
4 46
4 42
1 53
9 17
2 33
4 96
4 50
7 31
5 34
6 76
2 95
10 80
9 7
3 6
10 70
8 46
1 47
9 48
2 36
1 54
2 32
2 32
8 98
6 91
9 92
9 14
4 46
1 74
2 65
4 41
5 21
1 90
4 67
4 91
10 47
3 43
8 82
1 46
3 52
6 76
3 19
5 87
5 63
2 39
4 53
5 12
7 87
2 33
3 54
5 95
3 76
1 44
9 97
9 83
3 33
7 46
10 35
1 64
6 41
4 77
7 40
10 51
4 99
5 46
1 44
2 64
4 83
4 52
5 16
9 6
8 16
4 96
2 3
2 87
6 73
9 32
10 16
8 26
10 78
5 78
9 72
2 31
9 51
6 28
4 98
9 63
4 65
7 95
2 77
6 74
3 62
7 21
7 78
4 82
9 19
7 25
4 32
9 7
6 20
4 11
6 57
8 86
7 89
7 19
4 59
5 88
5 93
1 64
5 77
4 78
9 19
9 38
5 18
8 8
7 47
5 2
3 31
10 91
3 87
9 3
5 51
6 9
6 28
6 97
4 71
2 38
6 12
4 35
1 60
1 86
10 99
9 93
6 61
5 15
6 36
9 56
3 63
2 57
10 10
10 51
1 31
5 2
2 5
8 5
7 92
4 89
3 17
3 12
1 7
10 16
5 59
7 45
1 12
5 12
9 44
4 43
5 61
7 10
2 35
9 27
3 19
7 69
6 28
1 58
10 1
3 52
2 24
4 60
7 95
3 99
9 29
5 92
3 24
4 54
2 17
1 23
8 57
10 67
10 100
7 8
6 15
1 22
6 92
7 86
8 82
3 8
9 26
1 51
4 13
3 35
1 96
2 17
4 78
8 61
3 26
5 73
8 49
5 38
3 30
6 6
7 82
5 85
2 26
7 48
3 61
9 87
7 31
6 47
6 30
2 33
4 85
5 58
5 87
9 4
2 31
10 22
5 54
9 65
6 45
7 67
5 58
6 96
9 6
10 67
2 5
7 30
1 30
1 27
5 81
3 89
7 2
1 35
3 20
2 56
2 80
5 19
3 81
8 45
5 2
9 1
1 87
7 72
1 12
10 80
5 90
7 43
10 48
7 12
8 71
9 30
2 82
5 60
10 86
10 50
9 2
8 63
3 99
5 100
8 67
3 28
3 56
10 16
9 35
2 70
9 86
4 71
2 100
3 100
1 89
8 23
1 59
7 43
5 75
6 56
5 60
8 31
3 25
3 11
9 94
3 65
10 95
7 64
5 37
1 9
3 22
7 69
3 4
4 29
9 85
7 58
3 78
3 83
4 78
10 48
9 10
5 13
4 40
9 92
3 25
6 52
3 93
9 26
1 5
6 50
6 91
3 12
2 22
4 66
6 35
7 19
3 38
7 93
3 51
10 42
7 17
9 92
10 93
8 28
5 67
7 38
7 31
9 76
9 71
3 85
9 61
7 76
5 7
10 46
