10 50
1 86
10 58
9 39
8 25
10 87
8 21
7 99
7 18
7 23
10 39
6 64
10 31
6 31
1 72
6 55
9 39
10 12
8 40
9 28
4 7
4 79
3 8
9 38
2 7
5 80
1 29
10 58
1 29
4 69
5 22
3 27
2 78
5 86
10 39
5 5
5 41
6 13
8 46
3 47
3 34
4 69
8 27
1 14
10 40
7 4
3 37
7 17
10 64
5 90
1 72
1 69
6 48
1 1
7 78
7 52
10 5
6 61
6 36
8 95
8 6
9 99
9 31
8 98
4 10
1 95
1 38
9 100
4 42
1 3
10 96
3 66
8 57
4 56
5 56
3 22
3 81
5 78
1 79
9 85
3 30
3 61
4 77
9 92
6 60
8 32
4 29
2 60
7 30
4 38
6 100
1 3
4 75
8 9
3 22
3 60
10 69
1 76
4 94
10 47
5 50
9 50
8 77
9 55
8 100
8 87
7 3
6 9
5 34
6 88
1 70
4 61
4 15
10 89
1 20
3 73
4 31
8 15
8 86
3 67
9 43
5 4
4 77
4 45
5 4
7 39
2 55
8 56
4 64
6 30
9 96
2 48
6 77
3 70
3 2
10 15
7 71
10 23
7 51
10 11
10 19
10 15
1 32
9 46
5 48
9 77
8 45
1 10
8 15
5 35
10 57
8 52
8 12
3 86
1 52
7 94
5 36
9 10
8 29
7 67
6 38
8 45
4 59
7 3
7 100
5 35
3 46
4 86
2 33
2 68
6 85
6 87
7 87
7 42
6 42
10 47
5 92
6 38
7 87
9 21
8 50
3 84
1 37
9 40
8 24
4 45
7 53
9 10
1 24
4 74
7 29
7 17
5 32
7 24
10 72
8 58
2 59
3 56
4 79
6 51
2 31
9 89
4 4
4 54
10 87
10 2
2 51
10 58
6 80
5 11
2 3
6 18
7 24
7 69
7 63
1 95
4 32
7 89
5 51
3 8
7 63
10 19
1 66
8 9
9 50
7 52
7 55
3 83
4 54
4 89
4 54
4 59
10 29
5 31
1 42
6 72
3 74
5 3
1 13
8 71
6 71
4 53
4 53
6 31
1 19
3 59
6 91
7 56
8 23
6 49
10 11
3 25
5 94
9 100
8 97
6 60
10 99
3 12
3 24
2 54
4 16
4 99
1 66
3 2
3 58
2 58
3 48
1 36
10 53
10 89
6 25
5 4
3 19
9 44
4 56
7 53
2 1
9 22
3 64
8 64
5 2
9 86
4 13
4 1
5 69
5 74
7 89
10 2
9 32
3 13
4 78
2 60
3 37
1 82
6 100
10 11
8 83
2 85
10 97
9 3
7 15
6 15
1 42
3 75
7 89
5 35
1 57
9 95
3 82
3 85
10 83
7 83
7 33
1 19
9 24
9 27
2 72
7 44
10 20
10 6
1 5
9 39
2 41
2 97
7 63
7 66
7 32
6 11
7 72
4 17
5 87
2 60
3 54
9 13
8 81
2 56
5 12
1 91
5 35
7 47
10 3
9 5
9 39
7 24
1 47
2 17
4 89
5 47
4 18
9 75
1 63
10 1
4 5
5 1
4 75
2 60
3 44
7 98
8 37
7 37
9 36
2 85
6 14
2 16
4 72
7 1
3 14
4 32
1 26
7 20
3 67
1 66
3 8
2 53
7 9
2 68
6 65
10 56
5 95
5 31
5 91
3 18
7 57
6 62
10 81
5 64
4 85
3 10
1 56
1 67
10 32
5 66
1 28
10 62
5 16
8 51
4 81
9 16
3 4
3 63
1 51
6 17
3 57
7 55
2 96
8 6
10 61
1 2
3 15
1 24
6 24
1 61
9 21
6 43
4 76
10 74
1 41
10 68
2 18
6 91
6 28
3 28
5 96
2 62
4 63
7 84
4 59
8 28
4 86
7 9
2 60
6 32
2 61
3 43
2 8
2 35
8 88
1 60
4 82
1 63
4 44
7 16
2 41
2 69
2 53
2 84
6 73
9 37
4 8
10 28
9 40
3 18
10 84
9 50
5 90
6 29
4 26
4 38
9 51
2 28
5 43
2 50
4 9
1 28
4 74
4 82
8 49
4 42
3 88
3 46
9 53
1 19
9 9
7 52
3 85
9 45
1 86
1 61
7 15
9 46
2 98
1 89
5 12
5 76
3 100
5 49
5 10
5 34
4 81
3 53
3 17
7 71
8 31
1 32
10 25
4 63
9 10
7 45
1 68
9 71
3 31
9 69
9 5
9 13
8 5
9 13
7 10
8 15
6 26
1 99
7 15
1 86
5 53
2 46
10 41
3 25
3 15
10 72
10 15
10 77
10 95
2 13
4 85
7 40
6 91
3 78
8 13
10 92
7 54
1 8
5 68
9 59
6 22
7 93
5 68
10 34
9 41
9 19
2 72
2 59
6 6
8 6
3 36
1 29
7 31
1 76
7 28
6 84
4 65
4 12
10 78
5 99
7 81
7 77
2 27
8 20
2 7
2 53
6 84
10 96
8 30
8 81
8 78
6 45
2 5
5 61
3 47
9 33
2 37
2 42
4 92
2 22
1 45
3 85
3 88
2 46
5 20
4 79
7 97
8 2
9 84
8 52
6 71
4 76
7 42
5 70
10 22
6 46
6 30
8 45
8 100
8 23
3 98
4 34
1 73
2 30
6 79
8 62
5 5
2 16
8 24
5 13
8 6
7 60
10 8
4 85
9 76
5 98
3 14
5 38
8 63
1 18
4 34
4 61
7 93
10 92
8 31
1 19
2 30
7 79
5 33
7 9
8 21
2 60
2 5
7 27
8 78
10 18
10 88
8 3
3 8
6 40
9 75
1 65
8 6
6 12
6 95
7 30
2 63
5 8
9 90
10 86
3 3
3 13
7 99
3 23
9 93
5 70
10 44
9 73
2 33
1 7
2 55
5 74
6 93
6 87
3 95
6 74
7 97
1 88
2 70
9 25
4 32
8 32
9 70
9 57
8 27
9 83
6 53
5 3
10 39
5 81
9 59
8 34
3 73
8 43
6 48
4 42
6 58
7 15
5 77
9 24
10 17
9 65
8 41
2 52
3 97
7 34
3 46
3 40
10 93
4 73
5 11
7 44
4 39
3 98
1 100
8 90
7 54
5 93
2 63
2 49
5 9
1 5
10 23
7 76
4 68
8 59
6 85
6 49
6 17
4 14
8 53
2 83
9 42
1 54
5 3
9 30
5 28
4 47
10 51
4 28
2 59
7 53
1 27
4 75
1 55
2 75
7 26
2 64
5 30
5 77
10 21
2 75
3 96
2 39
8 47
10 33
5 24
2 70
5 46
7 96
9 54
3 64
5 68
2 35
3 69
1 38
8 32
7 49
6 64
7 74
8 85
4 60
7 99
3 99
2 100
9 27
10 68
5 78
1 35
2 62
10 100
9 8
10 90
3 90
2 53
9 48
7 46
1 32
3 87
6 95
7 22
5 24
4 89
6 48
8 28
1 96
8 86
8 84
2 89
7 24
5 70
6 77
6 50
9 33
1 92
9 60
4 11
10 28
5 87
9 56
7 37
5 41
4 80
2 29
2 67
3 26
3 27
8 52
10 77
3 75
7 87
4 92
1 89
4 89
9 13
7 76
4 22
5 37
9 57
6 37
1 2
7 96
8 93
10 6
5 23
1 74
7 43
3 71
1 75
3 53
8 12
10 68
7 37
7 32
7 89
5 2
4 3
5 94
2 60
4 2
7 4
7 99
10 49
5 82
3 45
8 43
2 46
2 94
1 41
1 19
7 33
3 36
10 14
6 77
9 38
5 9
9 83
2 76
6 11
8 9
2 42
3 31
7 71
7 27
6 70
5 9
2 84
7 8
3 55
7 99
7 73
4 95
10 62
10 19
8 84
3 12
3 72
9 1
1 41
7 50
6 15
1 81
2 34
5 58
4 10
2 26
6 41
1 39
9 23
6 23
8 10
1 86
1 49
4 81
6 7
10 37
3 42
9 61
5 20
5 22
5 71
1 1
7 45
9 26
9 100
7 8
8 69
8 52
7 90
10 44
10 26
5 25
2 17
7 16
4 14
1 23
8 97
2 68
10 69
8 64
6 7
2 50
9 37
8 77
5 3
8 16
7 48
3 70
9 29
1 95
8 58
9 42
4 66
2 15
4 70
3 28
2 73
6 13
9 75
8 78
1 56
5 47
4 33
10 31
4 70
3 28
1 78
9 94
5 52
4 58
9 71
9 67
6 54
2 54
9 55
5 91
8 61
5 40
9 67
6 73
4 60
7 25
7 58
8 84
3 45
10 54
2 53
3 49
1 98
3 71
1 7
2 100
7 38
10 23
9 53
5 59
8 79
9 76
6 33
3 68
7 79
2 6
1 95
10 29
8 29
2 14
3 6
9 68
3 35
3 24
5 28
5 22
7 35
8 51
5 51
3 98
2 35
3 37
3 57
6 24
1 35
10 46
1 21
8 16
2 27
10 72
5 98
6 50
