9 41
6 86
6 59
1 38
3 9
2 19
2 64
3 76
6 78
7 94
4 18
9 92
7 36
3 50
5 100
5 90
3 7
9 2
6 87
10 97
7 57
3 100
7 20
8 49
8 55
10 48
6 28
6 31
9 9
9 32
4 85
2 77
6 49
7 23
3 47
8 68
10 80
7 8
3 78
7 7
6 98
9 74
9 96
8 67
3 96
3 66
5 74
2 50
5 65
7 14
6 29
7 54
7 71
4 2
3 78
3 69
7 13
6 66
6 41
3 20
6 24
5 81
3 67
8 66
6 100
4 37
2 25
10 12
8 70
7 46
1 41
4 100
2 73
1 94
5 16
4 27
1 79
2 31
2 68
10 57
8 74
4 82
7 14
2 33
10 69
8 20
6 71
8 4
10 70
3 73
9 36
2 12
6 71
4 70
4 87
5 26
8 47
3 36
6 84
5 47
9 84
7 96
8 78
10 28
8 64
4 47
6 66
8 39
7 86
9 13
1 77
9 31
9 71
5 87
5 56
4 8
10 39
9 55
7 73
3 89
7 75
1 60
9 32
10 79
9 6
10 24
9 32
2 81
10 74
5 79
2 73
9 12
6 34
8 48
1 97
1 86
6 47
2 60
9 49
2 1
5 20
8 47
2 75
10 19
4 52
6 45
5 79
7 48
10 24
6 6
6 84
10 5
3 40
3 68
2 10
3 21
2 28
9 19
4 95
3 11
5 77
10 99
4 67
9 72
5 15
5 95
6 26
8 16
3 29
8 30
4 42
2 74
10 58
7 2
3 75
1 26
9 4
7 31
5 21
6 24
8 37
1 67
9 41
3 39
8 24
5 96
9 86
8 57
10 26
7 78
1 96
8 91
6 23
9 44
2 11
7 3
10 31
10 60
6 16
3 15
1 55
8 81
1 81
7 85
2 68
10 98
9 36
2 3
8 32
5 82
3 56
2 10
6 18
1 39
9 44
5 60
2 44
5 97
10 35
3 19
10 83
6 82
7 82
9 34
2 16
10 29
2 17
1 76
3 8
4 97
9 91
2 46
6 45
10 69
6 89
1 63
7 13
1 46
2 84
10 99
1 56
10 38
7 72
10 66
10 70
7 21
8 1
10 76
2 23
3 15
6 58
7 73
5 97
8 75
4 86
3 7
2 74
9 95
8 24
10 20
8 88
3 47
9 29
7 3
7 38
6 77
1 50
6 88
10 78
9 99
10 52
1 26
8 75
2 82
3 22
1 66
1 2
2 75
6 75
3 74
4 26
7 5
1 78
5 37
7 17
4 52
10 83
5 83
10 67
4 30
9 33
10 27
10 15
4 57
10 84
8 15
6 95
3 37
1 58
10 95
3 66
4 9
9 83
7 35
2 81
3 99
6 74
8 44
1 77
2 53
4 51
4 51
2 45
6 92
10 65
2 27
1 86
10 2
4 30
9 58
1 23
7 69
7 36
3 92
1 19
3 64
6 88
8 77
5 71
2 55
6 7
1 93
8 43
6 47
7 34
10 15
4 56
10 44
6 83
5 64
2 84
1 93
5 60
2 87
2 43
2 24
6 20
2 8
9 46
6 60
2 3
1 59
4 43
5 32
6 24
3 52
5 5
6 95
8 62
3 26
10 95
8 52
4 21
8 49
5 50
6 53
3 52
4 34
3 54
1 22
5 74
2 35
3 19
3 4
9 27
2 93
2 21
4 96
6 82
3 100
8 9
3 75
6 57
6 35
1 75
6 45
4 90
8 34
1 28
9 68
8 30
1 9
1 63
2 19
6 22
3 36
3 42
6 21
5 15
8 59
7 15
4 85
8 35
8 49
6 69
4 57
8 64
7 10
8 46
6 37
2 21
1 11
2 100
3 91
2 93
10 5
8 15
4 62
7 70
9 79
1 6
6 12
6 59
3 23
9 90
6 30
4 32
6 30
4 57
6 65
3 28
7 87
9 45
7 32
9 77
9 77
7 79
10 82
2 86
9 38
5 31
6 50
6 78
2 20
7 31
6 35
10 83
3 15
7 94
3 99
4 67
6 19
7 56
6 62
8 98
9 60
3 37
9 74
2 63
10 39
6 87
10 45
10 82
8 25
3 37
10 88
4 97
5 32
4 57
4 32
6 46
10 4
10 40
4 28
8 88
6 35
9 34
8 32
4 18
7 54
10 8
8 94
9 53
9 69
7 97
5 88
1 47
2 20
4 40
2 94
6 48
5 86
4 82
2 98
8 83
1 6
6 34
10 81
1 67
10 42
1 58
6 14
5 67
8 64
4 49
4 31
8 84
8 50
2 56
6 61
3 15
7 45
3 91
9 9
1 46
5 74
4 10
7 67
9 65
9 94
10 46
3 91
10 11
3 95
7 72
7 92
5 84
7 46
6 66
3 26
8 70
8 82
6 31
10 77
5 94
9 60
5 21
7 2
4 53
3 27
1 13
6 91
5 30
9 42
9 48
10 64
8 68
6 90
6 63
5 42
8 65
7 86
6 80
3 85
4 55
2 7
7 17
1 87
3 40
8 72
5 98
7 3
4 19
8 77
6 67
9 13
2 15
7 78
8 92
7 86
3 9
8 78
6 71
8 74
8 90
9 29
4 22
2 16
2 43
8 100
1 83
1 70
3 51
4 26
4 53
1 55
3 81
4 98
6 54
6 98
4 13
6 61
9 37
5 54
5 13
6 7
2 67
5 69
9 81
7 90
8 24
2 27
9 81
3 20
5 12
7 98
9 88
4 4
10 51
1 69
5 96
9 13
3 79
3 50
4 82
8 76
4 2
8 66
2 33
6 8
10 7
9 50
7 99
4 97
8 56
7 81
5 29
8 83
9 23
10 78
4 1
9 41
7 14
2 92
2 12
9 89
9 96
5 50
4 31
4 4
6 44
7 30
5 15
9 65
6 78
9 44
7 43
3 52
3 31
3 82
4 46
6 32
10 15
2 10
4 15
4 35
3 27
9 29
5 11
1 82
7 62
2 95
7 43
9 55
8 69
3 6
5 8
4 64
10 57
2 58
9 20
7 8
2 76
10 36
1 28
8 35
5 66
5 37
2 25
3 15
9 60
10 78
5 77
2 91
5 28
9 7
1 1
8 24
4 65
6 45
5 78
5 95
5 49
8 53
6 46
2 8
4 47
4 100
10 73
9 7
10 80
4 72
4 23
3 34
2 92
6 39
1 38
9 75
2 12
4 88
3 21
7 73
2 7
8 18
2 57
5 92
5 95
3 53
7 21
6 51
5 99
7 54
3 47
6 87
1 48
6 72
3 47
8 99
7 53
2 24
5 89
10 63
7 28
7 22
8 11
8 27
10 68
9 66
5 29
7 11
5 27
8 99
1 39
5 85
9 7
6 52
2 68
9 8
6 94
1 27
4 50
4 97
10 20
4 83
7 5
4 22
8 10
4 88
9 77
9 53
3 2
6 7
2 66
8 22
3 43
5 40
9 81
3 78
2 39
6 18
3 75
1 25
7 65
3 51
4 70
9 40
5 62
2 58
9 59
4 79
9 97
9 30
4 52
7 46
2 45
10 6
4 22
6 91
8 64
2 96
4 61
7 25
9 99
4 12
4 92
2 100
1 98
5 83
5 56
4 80
9 46
6 54
8 66
5 97
2 50
1 99
2 19
2 46
6 97
9 68
8 45
10 16
8 8
2 41
5 85
7 9
7 38
8 100
4 79
10 71
3 17
2 44
8 71
1 12
3 16
7 9
3 72
9 73
1 20
10 83
9 77
1 33
5 85
10 79
8 46
4 12
6 68
7 80
3 6
6 78
9 24
10 92
8 60
3 76
1 22
5 41
1 7
6 27
9 90
10 20
1 23
2 29
9 26
1 57
4 75
7 90
7 100
5 54
5 98
3 32
9 74
1 43
9 88
4 16
4 63
2 41
1 17
8 22
5 100
1 85
3 22
7 85
3 26
10 60
4 72
8 82
6 88
2 50
5 2
5 16
10 66
9 24
5 64
8 43
6 71
7 55
4 55
9 6
2 84
5 52
8 10
10 38
10 60
10 12
8 48
7 18
7 49
7 96
4 100
8 31
1 49
7 36
1 96
3 23
2 55
8 72
5 10
5 83
6 77
6 27
9 71
6 27
10 74
10 20
4 98
6 90
7 55
5 46
2 74
5 29
4 63
5 95
10 87
8 58
6 9
4 62
7 98
7 39
8 86
1 75
3 6
4 78
7 9
10 90
8 87
10 35
10 81
4 69
1 10
4 51
3 30
8 29
3 22
1 33
2 69
6 18
3 43
3 97
10 3
7 77
2 82
5 78
1 75
4 55
4 93
3 53
9 70
3 80
9 82
8 46
1 23
9 38
8 33
10 51
1 89
10 90
6 24
7 54
9 14
7 11
9 16
8 1
9 55
9 88
6 39
6 65
2 56
3 8
8 73
9 46
9 30
4 53
5 100
2 42
3 9
3 47
2 46
5 19
7 78
2 23
1 3
9 47
4 4
1 62
1 62
2 48
4 80
1 94
8 15
2 15
