9 52
4 40
9 17
7 71
9 17
5 17
3 95
5 60
8 2
9 7
6 59
5 53
6 49
9 60
4 19
6 97
7 49
4 44
5 67
5 6
2 44
3 7
4 34
2 6
3 4
5 39
2 45
9 77
4 55
7 13
2 61
7 39
9 25
4 96
5 19
8 65
6 30
6 20
10 12
5 69
3 79
1 38
8 91
7 55
10 23
2 10
7 87
3 80
3 36
7 58
4 23
10 83
7 45
5 90
2 89
5 40
3 62
8 8
7 36
1 75
8 49
8 51
9 31
5 51
2 61
7 14
10 30
2 41
4 79
8 63
4 99
10 84
8 79
2 37
7 36
1 28
3 33
9 56
7 50
8 85
2 77
6 58
10 13
1 51
7 9
8 45
3 73
4 53
1 48
10 98
5 4
3 59
10 67
4 1
1 58
8 61
6 85
8 3
3 54
8 4
1 80
1 10
3 32
1 30
9 2
8 77
9 19
9 32
8 2
3 55
10 82
3 80
4 51
2 2
9 69
1 29
10 98
9 89
2 70
7 80
5 5
10 32
2 14
1 6
4 4
1 80
6 87
5 10
3 16
1 78
3 5
6 29
5 8
7 14
10 27
8 10
8 14
7 14
6 52
6 38
2 79
7 34
9 88
4 3
8 68
9 79
1 30
7 70
6 77
4 66
9 85
1 98
9 47
3 99
8 2
8 7
10 41
5 36
9 61
2 98
10 71
3 85
7 37
6 22
5 67
4 95
3 19
3 66
2 56
3 7
9 15
10 91
7 16
9 98
8 11
2 84
7 13
5 100
7 77
3 53
3 45
5 15
4 62
8 42
1 43
7 74
3 7
1 76
8 61
1 96
8 18
6 96
1 18
1 93
6 39
9 52
1 95
6 21
2 72
10 64
7 79
9 1
7 83
1 30
2 40
2 19
3 100
9 43
5 21
8 50
10 89
4 63
6 32
9 25
3 21
7 49
2 80
1 67
10 54
7 94
1 53
5 21
5 23
8 33
4 52
10 9
8 98
3 22
1 98
3 15
7 35
1 32
4 21
3 27
2 88
9 36
8 72
4 24
6 39
7 57
1 41
10 49
4 96
5 60
7 55
4 83
8 53
10 3
7 72
9 55
5 18
7 88
7 97
9 91
7 47
1 24
3 30
3 90
6 7
4 50
5 32
8 26
10 80
7 27
6 59
5 66
4 64
9 25
2 47
2 50
4 35
2 78
8 97
4 72
1 15
10 71
5 9
10 62
7 26
5 48
9 51
7 33
6 32
5 4
10 88
8 33
8 80
5 82
4 7
10 79
9 53
2 12
7 86
7 89
6 83
10 33
4 28
3 62
7 76
1 16
5 78
8 64
5 33
9 5
2 12
2 52
3 81
3 53
8 75
1 30
9 65
4 59
6 58
3 55
5 20
2 62
5 63
4 72
6 23
3 31
3 16
9 93
3 69
10 74
7 8
8 33
9 27
5 69
6 85
7 58
6 55
7 54
5 45
6 40
3 29
8 99
2 11
10 8
9 4
3 50
9 53
5 70
3 70
1 88
9 93
8 57
5 41
5 60
8 85
7 39
9 31
2 78
7 69
2 88
3 23
8 78
4 25
8 70
3 72
4 4
2 6
8 99
4 47
8 3
5 84
10 99
7 94
7 32
7 6
3 33
8 20
10 25
3 86
4 15
8 77
9 5
2 44
5 85
8 32
10 87
9 48
1 52
9 85
7 60
2 49
4 20
6 3
8 68
5 99
1 15
9 32
4 38
2 30
4 41
5 65
10 38
10 98
6 24
4 76
9 7
4 28
6 43
8 42
2 55
1 15
3 93
10 9
6 64
3 6
3 81
4 37
4 14
10 37
10 96
5 4
9 45
10 65
4 80
3 96
4 57
3 15
5 9
9 5
4 94
2 74
2 15
3 24
3 24
6 75
9 65
8 9
8 93
6 46
3 93
1 62
10 35
10 39
1 83
8 43
2 73
9 83
5 37
2 79
4 35
8 11
3 74
7 94
7 44
4 45
8 88
2 70
10 57
10 68
6 63
3 87
5 81
3 62
10 22
5 65
7 76
4 76
9 31
1 63
2 78
1 11
2 96
6 88
4 34
10 40
3 42
1 6
2 89
6 49
5 70
4 51
1 27
5 84
2 16
7 80
1 42
2 72
4 2
6 54
3 87
5 19
9 58
9 28
7 50
3 97
10 73
9 64
4 7
9 21
8 69
1 42
7 17
10 56
1 68
1 23
4 44
3 59
3 73
5 59
10 12
6 98
2 92
8 21
10 9
5 80
7 58
2 89
5 86
10 63
3 32
2 84
9 77
2 59
10 6
9 13
8 86
4 79
4 50
1 20
8 73
7 10
6 32
3 20
9 11
10 65
9 20
2 23
2 100
5 63
2 93
1 10
10 45
2 94
1 50
6 100
5 94
1 53
1 69
4 3
8 41
2 10
5 70
7 100
6 84
8 98
7 31
6 9
10 97
7 62
10 30
5 62
4 45
6 22
10 39
10 43
10 39
7 45
3 29
9 10
6 51
1 34
7 22
10 38
8 21
5 58
8 33
4 68
1 66
6 1
10 61
3 67
2 47
7 48
6 97
2 33
1 46
7 45
2 8
9 50
7 66
6 68
7 20
3 98
10 24
7 77
10 3
6 3
9 54
8 77
3 11
5 90
1 65
10 8
4 59
2 68
10 96
7 70
8 41
9 71
5 44
2 12
4 94
3 16
1 7
9 25
2 73
6 64
10 15
3 19
3 9
7 17
3 26
1 41
7 2
2 91
4 42
2 49
6 84
1 65
5 40
10 57
5 5
6 99
1 17
4 11
2 73
3 28
9 37
1 94
6 1
3 11
5 53
1 71
3 43
2 51
9 22
8 83
7 14
3 44
5 23
8 66
7 27
8 57
7 85
2 35
6 92
5 46
1 50
9 52
4 30
8 13
3 36
4 20
8 24
6 2
6 24
3 88
10 84
10 49
3 89
2 5
7 74
4 28
10 4
5 14
10 48
5 63
4 40
3 52
2 75
3 30
7 97
6 87
2 98
1 27
7 70
9 32
8 63
5 6
7 41
9 38
10 4
3 46
7 23
5 63
6 75
6 3
8 6
8 42
4 87
3 36
2 56
4 31
4 96
3 72
7 38
7 4
7 59
2 62
9 28
8 20
7 88
1 18
1 62
2 33
10 86
6 95
9 90
5 60
3 87
8 60
8 74
10 1
1 62
2 61
2 8
9 41
3 23
6 22
8 94
7 87
8 7
10 8
7 25
9 66
3 50
2 92
5 43
10 82
2 34
1 29
2 95
3 97
10 79
3 63
5 17
8 1
10 90
1 100
10 93
6 44
2 16
7 20
6 58
8 46
6 98
3 70
4 48
9 63
10 87
2 34
10 64
4 88
5 47
4 90
8 77
7 36
5 93
3 47
7 3
4 56
1 81
6 83
1 84
2 96
10 25
7 34
10 15
2 66
8 59
3 43
10 54
8 40
10 5
2 53
2 9
1 28
9 85
5 48
10 63
6 13
3 37
6 20
4 34
5 12
5 20
3 70
2 43
2 69
1 96
6 59
1 53
5 21
4 34
2 46
7 24
9 40
9 41
1 15
9 20
4 46
6 68
2 55
5 17
8 7
4 30
7 28
4 62
5 37
5 14
4 40
10 20
2 74
9 11
10 79
5 6
10 44
4 70
10 71
10 80
1 62
3 100
9 9
8 57
4 82
2 2
7 87
8 95
4 11
3 25
3 29
2 55
9 98
3 2
8 69
9 100
1 82
8 73
3 77
6 42
7 18
5 59
6 74
8 81
10 23
1 29
8 56
7 40
6 48
5 76
8 34
7 8
4 63
8 25
5 64
9 28
7 47
5 84
3 17
2 56
2 78
10 62
8 60
10 41
3 29
8 13
3 77
9 61
7 13
3 20
2 71
9 13
1 30
7 73
8 45
6 11
3 80
6 96
1 74
10 37
3 59
4 7
2 18
3 10
5 4
3 6
2 89
4 38
8 75
3 38
9 1
1 36
2 76
10 95
2 14
6 14
10 8
9 88
7 6
9 84
8 55
5 63
2 47
9 14
7 34
9 91
5 61
4 100
8 24
4 92
2 95
10 21
1 86
7 95
2 57
6 91
2 28
7 36
4 60
4 55
1 95
1 25
7 38
1 35
3 14
6 9
9 53
1 41
7 95
6 68
1 5
5 71
10 49
5 87
2 12
6 89
10 42
8 6
7 92
1 100
6 23
1 84
2 20
1 52
5 60
2 11
10 68
8 59
3 27
3 54
4 92
10 86
7 70
3 44
5 34
9 84
1 20
1 16
6 93
5 62
2 29
7 88
3 58
10 35
10 27
5 92
5 51
2 52
6 13
10 38
6 36
7 63
7 27
9 9
5 28
2 85
7 26
5 72
4 62
1 53
3 15
3 81
1 82
9 88
8 5
3 60
3 66
7 88
1 17
6 19
7 8
6 35
7 47
5 33
6 36
5 95
