3 2
8 75
3 30
3 2
10 49
8 56
9 17
9 37
2 11
1 30
5 23
5 28
1 69
5 6
8 52
5 28
6 26
4 26
6 60
7 32
3 84
10 46
2 21
8 43
9 70
7 46
10 100
5 86
7 73
10 41
10 26
1 44
8 29
10 41
1 68
9 42
3 35
9 26
4 100
5 78
6 62
10 42
6 39
1 57
5 68
10 43
1 27
3 67
6 23
10 42
4 65
3 67
3 38
10 72
5 98
7 78
10 75
2 33
5 2
10 26
10 8
7 78
6 97
6 84
8 48
1 72
6 7
7 37
1 25
6 100
7 29
6 98
2 13
9 39
6 77
3 69
1 47
2 53
1 36
9 64
3 36
10 87
1 27
3 5
2 16
1 75
2 64
6 39
10 48
1 48
2 55
6 77
9 7
5 84
9 47
4 59
6 55
7 23
4 60
9 82
6 26
3 27
6 24
3 24
9 64
5 20
5 52
7 43
6 97
7 99
8 66
3 81
10 81
8 69
5 30
8 66
6 1
9 54
5 27
10 39
1 13
6 48
5 45
1 58
3 57
2 11
1 66
7 1
8 62
4 59
6 2
8 86
1 64
9 39
9 65
1 82
1 70
6 26
4 85
3 100
2 27
8 10
8 74
5 71
9 89
5 31
5 60
2 54
6 30
6 86
6 64
5 85
7 81
6 72
8 25
7 51
8 63
6 90
2 70
9 81
10 28
4 48
6 66
5 53
6 60
8 40
6 87
4 85
2 20
8 29
3 3
2 23
1 69
8 10
7 3
1 73
4 9
6 78
3 66
7 68
5 58
1 51
3 11
1 14
10 1
4 61
5 58
6 29
10 24
5 42
5 85
8 44
8 41
5 9
8 40
6 74
3 49
8 49
7 94
5 48
8 18
5 8
2 48
6 81
6 86
1 98
8 50
7 13
5 36
1 98
5 63
9 80
5 87
6 53
9 88
10 74
8 72
1 79
4 53
5 95
2 29
6 98
5 53
9 25
2 91
10 23
9 27
5 82
3 17
9 14
1 20
9 9
7 15
7 16
4 69
9 30
8 11
7 7
8 11
10 16
1 36
5 14
6 57
1 64
7 62
7 55
4 18
4 40
4 71
1 93
1 41
8 86
10 70
3 24
8 54
6 9
9 3
8 18
7 80
5 65
2 88
9 25
5 22
9 72
6 32
3 37
3 53
1 21
1 19
4 96
10 21
8 85
8 50
3 30
4 13
9 89
4 26
7 41
8 78
1 33
4 86
6 24
5 83
7 29
2 54
4 65
8 37
7 32
7 4
10 41
7 31
10 94
2 63
7 48
4 19
7 3
9 64
7 14
1 82
4 63
10 47
6 47
9 21
10 97
10 1
9 20
5 18
3 98
10 77
2 28
4 31
6 41
8 68
6 52
8 11
7 82
10 38
10 52
6 54
1 1
6 24
10 68
4 43
6 26
9 54
1 75
4 53
10 40
8 20
9 100
8 52
5 15
8 87
9 81
5 31
4 92
8 67
10 86
3 17
9 5
3 60
10 84
6 18
1 23
8 94
9 96
2 29
8 50
6 30
4 15
4 76
1 41
9 36
5 25
3 77
6 44
3 57
3 27
6 65
3 71
2 12
8 99
2 49
10 26
3 35
4 73
7 90
7 5
4 56
3 65
8 6
1 3
2 54
9 29
4 58
6 56
5 87
9 93
4 12
2 12
9 37
10 18
10 56
5 23
4 91
5 90
2 16
2 33
5 71
4 32
2 18
6 73
1 15
10 90
10 86
1 36
7 10
9 49
4 43
8 29
6 25
5 84
5 88
8 51
3 28
8 26
8 13
6 11
9 12
1 94
8 92
3 5
1 96
10 51
8 6
7 36
3 18
9 51
9 53
2 53
5 37
3 98
1 1
2 54
9 78
1 2
6 66
1 8
10 16
6 69
10 21
6 63
6 58
6 32
4 44
6 86
2 49
7 4
6 60
9 77
6 21
6 28
2 35
6 85
6 99
8 80
5 97
9 56
2 45
3 54
8 92
8 35
8 78
9 16
1 86
2 70
1 69
1 6
4 95
6 3
2 7
8 62
10 49
2 16
10 71
8 32
7 66
7 100
3 79
8 82
3 94
7 58
3 61
5 71
6 87
9 27
9 37
1 65
9 58
8 75
1 75
1 100
9 5
6 36
4 71
7 14
4 96
3 100
10 3
6 67
6 54
10 25
2 5
3 24
9 91
6 16
2 63
7 42
9 97
4 12
7 51
3 5
9 65
4 78
8 5
4 82
5 92
2 64
8 14
6 99
4 1
9 100
7 77
5 44
10 70
9 100
2 60
6 86
4 92
6 28
2 57
3 61
9 98
9 77
8 50
3 23
8 46
9 38
9 95
3 63
6 90
5 87
4 80
6 49
10 6
1 48
3 93
6 98
1 55
6 20
7 68
5 90
5 41
2 63
8 83
3 12
4 50
3 42
5 48
2 6
7 66
1 52
1 86
2 55
7 60
7 36
8 43
8 82
6 11
2 51
8 18
6 2
8 80
8 29
2 32
4 37
9 96
2 100
2 68
5 51
4 88
1 6
2 89
10 70
3 94
7 93
10 16
6 61
8 95
2 87
4 44
8 98
6 1
1 33
5 59
1 94
6 12
5 82
2 12
2 9
5 2
5 15
4 29
5 57
10 12
8 9
6 52
5 14
4 16
5 75
1 3
1 76
8 95
3 39
7 85
6 14
4 94
3 98
10 9
10 42
3 58
6 26
6 75
9 27
9 94
6 34
9 44
5 5
1 93
9 42
1 88
6 54
10 98
1 45
9 20
2 12
9 90
4 4
2 99
4 83
1 86
6 85
7 18
5 10
7 39
4 22
6 77
1 62
4 35
8 58
10 41
9 76
7 15
2 84
1 54
10 21
2 36
9 45
6 72
2 70
8 12
1 49
9 96
6 55
2 80
1 94
10 2
3 45
9 73
10 93
4 66
1 9
2 89
3 26
6 16
3 80
6 64
10 76
4 17
7 80
1 77
6 92
4 53
5 35
1 61
2 97
5 73
5 16
5 56
2 35
4 96
2 42
3 84
2 58
4 8
8 24
3 51
6 85
1 44
1 86
1 14
7 65
8 80
7 40
8 94
5 57
4 42
7 71
3 36
7 89
6 33
4 89
2 74
5 25
4 5
3 46
7 4
2 49
8 48
5 35
1 90
1 19
5 88
3 48
4 14
4 38
2 47
3 87
10 8
4 27
5 65
10 63
6 72
8 44
4 43
9 23
3 52
10 3
6 31
4 35
1 25
10 88
2 12
1 4
2 80
8 16
2 56
3 58
2 82
7 34
1 26
1 10
2 85
2 82
6 11
9 82
3 62
7 5
7 30
7 65
6 71
8 12
4 98
2 89
2 16
5 21
1 72
2 47
7 40
1 51
3 52
10 39
4 79
7 10
5 59
8 3
3 75
7 66
9 51
3 10
2 37
9 23
5 63
7 43
4 2
9 56
5 50
9 28
3 43
9 34
10 41
4 53
2 95
9 59
9 7
9 68
6 34
2 61
1 98
6 52
6 78
6 74
2 25
3 56
7 91
2 87
1 29
9 75
9 40
6 71
3 30
10 79
5 1
6 82
4 64
8 92
10 45
7 80
2 56
7 40
10 74
8 34
1 91
8 81
3 21
2 93
3 23
7 16
7 94
1 3
8 91
1 29
10 9
9 7
10 33
9 74
9 85
2 54
2 43
1 19
1 47
2 90
4 40
4 65
5 3
4 80
10 17
1 73
8 77
4 63
9 46
9 19
4 47
5 16
7 77
3 62
9 9
6 54
3 39
5 88
4 83
10 37
4 32
1 63
8 86
8 92
4 85
4 20
5 65
1 12
2 96
2 68
1 71
7 32
7 14
5 15
10 75
1 29
4 22
2 59
2 94
2 1
8 88
10 40
2 1
2 61
2 66
6 79
7 62
8 61
3 23
1 32
8 49
2 40
1 12
6 62
8 29
1 39
2 84
10 95
1 18
9 96
4 10
10 10
5 1
5 4
10 59
5 50
9 33
6 8
4 98
3 2
6 54
8 13
4 53
8 41
8 69
3 1
5 27
9 5
10 89
2 35
3 90
3 34
3 62
3 75
6 80
10 57
1 81
7 32
9 19
2 66
3 44
4 23
5 2
5 92
3 77
6 20
9 12
10 42
10 12
5 89
4 30
7 74
2 19
6 48
7 98
9 75
8 83
3 55
5 84
6 20
6 57
10 47
7 77
8 92
4 19
5 100
4 15
8 77
5 95
10 24
6 62
2 87
5 45
5 37
6 67
1 19
6 78
10 65
8 57
9 26
1 16
2 30
2 61
10 46
1 74
2 97
5 83
3 81
4 78
8 64
5 80
10 3
10 71
5 62
7 3
8 2
4 99
2 87
5 55
10 13
5 62
2 23
6 37
6 55
5 6
8 77
8 31
2 15
2 77
2 90
6 45
10 3
8 87
3 33
2 56
4 70
1 90
4 61
