5 33
6 60
2 55
7 84
10 31
8 59
3 31
6 21
6 39
3 31
9 34
7 30
3 90
3 91
6 73
9 12
2 1
6 2
5 90
3 86
7 8
4 14
4 54
7 72
9 29
7 98
3 29
1 38
8 42
2 52
7 3
6 20
10 17
9 33
2 30
4 65
4 5
6 34
3 99
8 84
4 80
5 35
4 4
4 48
9 96
10 42
7 64
6 46
2 80
3 66
9 60
9 62
2 41
8 69
9 86
1 5
4 67
2 16
6 30
8 63
10 72
10 27
3 54
2 90
7 81
4 40
4 28
10 12
2 42
7 47
6 8
6 35
1 40
3 56
7 64
6 48
6 50
8 85
5 13
10 62
8 34
8 87
3 92
9 57
9 54
1 58
2 20
6 93
10 61
10 63
3 24
5 26
5 45
4 75
10 68
6 16
8 49
4 99
4 10
7 66
8 6
2 91
1 59
8 92
9 60
5 53
2 45
8 43
10 71
9 49
6 63
9 68
2 35
9 76
7 78
3 63
7 66
3 67
1 44
7 76
5 59
8 62
8 21
7 96
6 75
5 51
7 71
2 28
3 9
7 18
2 35
5 7
6 30
3 45
3 27
3 72
7 43
5 55
3 12
6 36
4 24
10 22
2 55
9 98
4 65
10 58
1 9
4 34
8 26
6 13
7 61
6 93
2 80
4 2
7 14
8 93
3 48
1 88
9 28
5 79
3 20
9 82
10 89
3 94
4 42
8 39
10 21
6 82
7 34
1 41
3 36
10 100
4 89
7 23
3 57
5 50
1 10
3 44
3 62
5 57
5 74
6 99
7 88
5 20
7 57
1 7
8 74
2 8
4 64
2 6
1 26
3 28
6 95
10 15
3 5
1 60
9 82
4 73
2 45
7 99
7 45
8 48
4 54
4 6
8 73
8 53
9 36
6 48
9 6
4 23
10 29
2 26
7 33
10 62
4 84
5 67
4 73
8 8
8 51
2 66
5 32
10 84
2 98
8 24
6 69
1 93
7 74
3 24
10 57
9 76
4 22
2 51
1 15
4 63
10 62
8 44
4 45
10 39
3 100
7 70
6 18
6 7
4 69
9 90
7 60
2 1
4 75
8 91
5 78
6 94
4 97
6 15
10 44
1 98
8 39
5 62
3 11
8 79
8 29
4 60
4 31
3 80
6 93
1 45
3 69
2 20
4 8
9 63
2 33
6 66
3 19
2 18
5 6
1 99
1 79
4 1
10 99
2 58
6 62
8 75
5 89
8 100
7 90
6 58
7 91
2 18
10 47
6 96
7 68
5 25
5 94
9 41
3 14
10 65
10 6
6 90
7 42
4 8
3 55
7 18
7 80
6 94
9 71
6 28
10 18
9 16
6 54
2 30
10 57
9 62
2 60
6 57
6 93
10 88
9 71
10 27
7 58
3 18
1 67
1 67
9 2
4 61
8 32
8 26
10 12
1 6
10 40
10 9
10 68
1 90
9 55
5 43
1 11
8 58
9 32
7 21
1 93
2 78
3 95
2 5
1 46
5 36
1 95
10 38
6 67
7 19
3 55
8 40
6 25
4 58
9 62
6 46
1 67
1 28
3 72
3 29
5 45
6 88
6 84
3 19
1 76
6 44
7 78
7 59
10 25
6 71
6 80
8 81
2 83
5 52
6 94
6 48
9 24
2 74
5 11
8 85
7 14
2 92
4 96
3 87
6 27
2 59
3 74
7 83
4 99
7 57
4 86
4 38
7 90
9 86
9 69
9 72
3 9
6 3
8 14
3 89
5 79
5 40
6 77
5 75
1 22
4 27
10 3
2 73
7 57
8 17
4 90
8 11
5 48
9 97
8 11
7 76
2 85
5 57
8 76
5 23
8 43
4 6
5 85
10 3
2 99
8 53
7 73
4 63
8 45
3 26
8 83
3 30
10 5
8 94
7 55
8 20
7 20
9 26
5 8
1 56
6 97
5 52
2 38
2 16
1 54
5 90
4 75
2 45
10 95
1 64
7 55
2 33
5 3
2 76
3 82
10 78
2 28
5 17
2 37
10 1
1 32
3 54
1 6
1 93
5 22
3 85
9 43
5 24
2 69
9 55
6 72
7 26
6 10
7 64
1 27
9 75
9 8
1 9
7 29
3 16
6 72
2 43
5 36
8 46
7 42
10 22
8 48
4 39
7 32
3 1
7 96
8 90
9 44
8 58
1 91
6 55
8 27
10 85
10 5
2 14
8 54
4 43
6 25
6 39
3 82
7 76
10 58
5 9
9 57
2 23
5 37
4 45
6 77
6 91
10 98
8 5
6 77
10 93
2 60
2 3
1 63
8 2
2 8
3 9
10 86
4 80
10 82
8 24
3 80
10 1
3 96
2 23
6 31
4 61
6 44
7 91
6 25
8 2
5 79
10 58
8 61
1 31
6 18
9 9
9 29
2 91
5 19
10 92
3 80
2 69
10 78
7 14
7 55
3 71
5 17
2 39
7 25
9 97
5 62
5 8
3 72
7 65
8 85
9 31
2 71
9 51
2 9
6 81
1 100
5 67
6 18
5 65
2 2
2 83
3 41
2 12
5 53
10 68
5 64
6 40
6 6
2 65
4 17
3 35
9 18
8 21
6 12
1 16
7 23
2 32
4 35
3 58
8 92
5 23
2 32
5 25
10 11
1 1
4 7
9 50
6 11
2 54
1 30
8 79
1 50
2 100
4 29
9 5
10 33
4 69
8 60
5 32
3 80
6 62
10 58
10 75
5 76
2 44
2 57
7 15
6 93
4 59
1 55
5 26
6 3
4 81
7 76
2 22
2 19
2 9
10 74
2 57
1 37
6 33
9 59
5 15
6 45
5 77
5 19
3 25
1 16
7 100
9 53
6 54
2 81
5 24
4 32
4 42
9 78
2 32
5 76
4 44
10 2
8 75
8 76
7 18
4 47
7 83
1 54
1 5
6 74
7 84
6 60
3 47
8 63
4 25
2 3
4 26
8 92
2 71
3 95
4 80
3 99
9 63
1 64
5 7
4 70
3 6
10 20
3 87
10 4
3 16
1 60
2 53
4 55
2 83
9 10
3 20
4 45
8 90
2 50
6 11
9 53
1 37
7 7
5 59
4 33
2 77
6 99
9 96
9 67
7 82
10 76
4 61
8 61
4 78
7 72
1 82
1 47
7 49
7 94
10 11
2 54
5 76
10 34
4 44
10 76
9 96
5 2
5 96
8 76
1 66
10 43
7 4
9 88
1 98
1 83
4 59
1 2
1 38
6 22
7 36
5 30
10 21
2 79
2 65
5 20
2 10
8 86
5 64
9 88
9 52
5 6
3 10
3 83
4 97
10 73
2 65
10 12
1 86
10 12
5 83
4 46
1 86
6 37
3 27
10 26
9 84
10 37
4 32
3 27
4 7
6 90
2 43
10 16
3 5
5 24
8 19
1 89
1 91
4 9
9 60
5 96
4 12
10 7
2 3
8 15
2 47
2 54
10 86
5 92
4 64
2 67
2 1
4 47
6 59
4 26
9 53
7 64
4 98
4 61
9 33
9 76
3 50
4 88
4 85
7 69
4 14
3 18
8 33
10 11
8 32
6 39
8 92
2 7
5 5
3 93
6 75
1 48
1 70
6 52
7 68
7 56
9 15
10 65
4 38
1 56
6 97
6 4
6 25
4 37
6 69
9 11
4 56
3 8
8 100
4 95
3 69
7 7
2 95
5 94
2 4
10 92
7 26
7 49
3 49
4 14
9 50
4 70
5 61
4 44
7 33
6 57
9 82
6 35
6 38
6 3
2 29
5 61
9 19
8 99
3 12
7 14
2 25
6 2
1 66
7 3
8 64
6 92
4 12
8 80
5 53
7 20
8 35
7 56
2 25
9 74
1 98
3 1
1 76
7 59
1 74
7 59
3 49
3 99
7 22
4 9
1 62
4 8
2 62
4 38
9 46
5 69
7 86
2 27
8 5
7 2
8 82
5 11
7 100
3 59
1 89
2 60
5 35
3 59
7 16
5 57
2 76
5 4
3 25
9 36
7 7
4 47
6 62
10 18
7 89
9 38
8 25
1 20
1 71
4 37
2 95
5 98
10 26
7 48
8 99
3 35
8 14
3 5
2 89
1 14
7 33
3 47
10 61
2 32
9 90
6 4
1 75
9 57
9 24
10 100
7 99
3 82
7 98
1 8
7 48
7 9
7 86
10 67
5 2
2 86
6 76
7 37
10 26
2 97
7 10
4 72
3 86
9 75
2 51
6 45
1 7
8 100
7 78
2 73
10 16
4 52
5 74
8 58
8 78
9 60
3 60
7 21
1 59
10 72
5 54
5 35
4 37
1 28
6 32
7 82
9 22
1 48
4 26
3 66
2 79
5 9
7 95
4 58
2 71
6 7
10 45
4 90
3 55
10 99
5 64
4 1
9 9
8 60
7 86
7 54
3 2
9 71
2 61
1 48
1 46
2 37
6 82
10 39
7 8
3 58
2 38
3 94
7 37
