8 21
10 89
3 24
10 25
7 91
5 6
3 7
10 78
3 56
8 46
4 58
10 1
6 61
4 29
4 5
3 81
3 82
2 10
6 57
6 99
8 92
5 36
2 73
9 57
1 19
9 92
6 88
8 41
8 87
1 75
2 30
10 81
5 8
3 59
6 98
4 30
2 79
5 86
6 27
2 51
1 60
6 8
6 17
10 17
7 24
10 38
9 90
8 70
3 87
4 82
4 66
2 19
8 29
10 44
2 21
2 84
2 69
4 28
2 30
8 8
6 2
1 32
3 8
4 67
8 34
8 12
3 74
7 66
8 12
2 22
9 40
5 79
3 41
3 38
8 49
8 83
8 68
6 52
6 68
8 89
5 95
3 90
5 81
8 18
4 89
5 25
7 59
9 28
3 15
5 92
4 89
8 13
2 93
1 50
8 59
7 39
10 33
5 47
6 4
5 68
3 39
8 44
8 38
5 85
1 29
8 8
4 31
4 51
9 74
5 99
8 24
2 7
6 91
7 3
2 14
1 47
7 68
9 34
10 86
2 84
4 69
7 17
4 90
9 49
2 16
3 93
6 76
5 67
2 22
8 98
5 27
6 56
3 43
7 41
5 91
4 70
3 73
3 87
6 39
10 47
6 17
7 86
9 22
4 55
3 19
6 92
6 88
9 91
2 71
5 29
7 75
8 86
1 43
8 63
4 97
2 60
2 54
1 65
7 2
2 48
5 80
3 66
8 32
5 60
5 62
8 32
5 45
10 89
7 28
2 7
2 4
1 17
7 51
6 25
1 81
6 2
8 90
10 2
7 64
2 98
9 46
5 59
1 62
3 83
7 20
4 73
6 65
5 25
3 4
1 5
3 98
6 13
5 53
7 6
8 3
10 26
9 69
7 95
2 52
2 47
10 47
9 32
1 39
7 1
1 44
5 90
4 46
9 80
3 69
2 49
8 89
4 43
10 17
2 87
9 82
7 10
8 17
1 72
9 91
3 61
7 41
1 93
5 40
4 92
5 61
10 27
9 59
9 26
3 79
2 59
8 49
7 68
8 73
10 53
5 84
8 57
8 66
6 55
2 100
3 100
10 59
6 64
8 92
5 3
7 87
7 7
1 100
6 76
10 25
4 87
2 90
1 28
8 30
10 10
8 7
4 97
4 86
6 85
9 20
7 45
1 37
3 51
2 88
2 3
9 20
10 31
8 46
10 2
10 82
10 84
8 57
4 3
9 77
2 20
10 5
10 25
10 53
10 32
2 20
3 24
4 53
3 83
4 71
10 57
1 99
6 12
8 24
6 65
2 86
9 27
4 72
4 47
7 63
2 80
6 56
7 25
4 29
1 17
5 74
3 27
10 63
4 54
8 94
2 85
2 95
9 53
5 87
3 87
9 34
10 93
9 73
2 92
8 37
6 52
3 86
2 29
10 91
4 75
4 3
4 68
6 21
4 10
10 65
2 8
8 8
8 6
8 38
5 17
7 87
9 72
6 75
1 94
6 11
7 53
8 82
3 89
4 44
1 54
9 23
10 94
3 55
6 99
7 76
1 85
4 64
1 73
2 34
5 83
7 67
4 94
9 67
4 18
5 96
9 5
2 88
9 95
10 73
3 80
10 90
10 36
2 52
8 8
3 6
7 36
4 47
3 85
8 75
2 51
7 97
8 23
9 68
6 1
6 52
5 10
3 80
2 82
2 51
2 75
1 80
3 12
8 19
7 50
9 73
3 62
7 99
6 53
10 8
4 20
7 93
10 7
5 95
9 34
1 36
1 84
2 75
2 36
4 54
4 49
5 77
5 13
7 30
8 42
7 75
9 46
4 36
1 29
9 6
9 17
8 1
10 78
2 39
2 100
9 2
4 78
7 52
1 21
2 73
5 42
5 14
5 61
10 89
1 7
3 10
10 86
2 85
4 25
3 49
7 83
5 93
2 9
5 14
6 97
7 78
9 85
2 12
9 45
2 20
1 41
10 30
3 7
8 51
9 77
8 69
8 50
3 21
8 71
2 62
9 90
9 87
10 35
9 29
8 76
7 61
8 99
10 31
7 49
10 49
3 38
4 93
2 89
3 72
3 55
10 4
8 44
5 42
8 81
6 58
8 3
2 4
6 85
1 67
4 79
7 53
5 57
9 27
8 79
4 47
1 69
3 52
7 14
4 25
4 77
1 31
6 49
6 20
1 96
3 33
6 55
7 8
7 64
2 91
2 25
8 86
4 93
7 19
8 57
3 1
5 97
9 62
8 72
6 27
5 66
4 54
4 58
9 2
3 5
7 44
4 90
4 25
5 27
10 41
6 13
3 30
1 40
4 89
7 41
3 67
2 45
5 52
7 95
7 27
8 63
5 58
8 100
4 60
3 87
2 88
5 21
9 48
2 74
9 100
8 96
10 90
7 52
10 15
4 19
6 87
9 50
8 98
2 32
1 51
10 46
3 7
7 30
3 79
6 59
5 58
7 100
10 90
8 67
4 54
1 94
3 82
8 82
7 51
8 77
7 17
4 70
9 59
4 75
8 79
10 35
10 59
6 46
3 68
10 14
3 37
2 4
9 96
9 96
6 65
1 93
5 76
2 57
8 34
9 30
4 92
3 59
6 92
6 41
10 68
5 70
2 85
2 16
9 57
3 42
3 89
3 81
6 91
10 10
8 100
4 45
2 53
3 97
7 80
2 39
7 10
5 49
3 41
4 94
10 96
6 38
10 23
3 45
7 97
5 25
3 87
10 76
6 36
7 7
3 68
6 30
5 42
3 45
9 17
8 12
7 91
1 51
9 53
6 32
7 75
1 99
7 26
3 100
1 11
5 100
6 54
3 94
6 36
9 85
4 22
8 60
5 4
9 25
6 21
2 7
10 81
6 14
4 30
6 9
1 8
7 68
4 13
1 36
3 51
10 77
10 36
7 55
5 96
8 32
3 23
5 41
6 60
7 40
8 21
10 7
5 57
8 99
3 3
5 24
5 49
2 85
9 89
6 4
2 95
2 45
10 18
4 11
4 50
9 12
6 23
1 81
3 59
2 74
7 64
10 54
9 24
9 53
4 40
8 60
3 86
3 14
8 98
6 53
2 100
10 17
8 55
2 12
6 94
10 19
3 36
10 29
1 70
8 90
7 42
9 83
10 59
10 65
3 12
8 3
6 9
10 22
9 61
5 71
7 70
6 68
2 68
7 61
3 89
2 3
3 69
7 40
10 18
9 17
4 75
10 24
9 31
2 52
6 13
4 19
1 91
8 68
2 16
8 96
6 66
3 71
7 24
9 76
9 65
2 45
7 64
4 16
9 61
2 12
7 61
8 56
3 25
7 91
10 54
8 80
5 41
9 32
5 24
4 59
10 39
5 92
6 82
9 45
1 18
2 51
9 2
6 50
4 99
10 61
8 93
1 82
7 54
5 70
6 36
7 92
9 12
4 51
10 57
2 9
5 76
1 31
3 66
9 76
3 31
5 51
5 26
6 57
7 29
9 79
5 69
2 60
9 11
1 63
3 26
5 37
2 37
10 90
3 96
5 99
1 75
6 23
5 83
8 86
7 26
4 68
2 6
7 99
7 2
9 33
10 80
4 68
6 7
5 87
1 49
10 94
7 61
2 87
9 8
7 89
5 97
7 90
3 31
4 40
2 79
8 48
2 64
5 51
4 48
2 26
1 12
4 58
3 35
7 86
5 92
7 45
6 6
7 52
4 25
8 12
7 23
2 80
7 77
10 98
1 97
4 84
7 61
3 95
2 94
2 60
3 95
1 95
6 92
5 33
7 19
8 2
5 70
6 81
1 23
9 88
10 14
5 71
9 1
3 56
6 50
1 97
3 53
2 99
6 57
8 8
9 50
9 4
7 4
4 67
8 91
3 78
4 79
5 69
7 48
9 50
10 95
8 93
3 87
4 60
4 91
1 14
7 5
8 67
6 93
8 94
6 92
3 76
8 88
6 21
2 84
3 57
4 77
4 9
1 41
6 95
9 23
1 8
5 68
3 54
9 57
1 75
7 3
7 9
5 36
10 59
1 19
4 56
1 16
7 39
1 22
3 76
5 22
1 55
6 16
6 35
1 48
2 29
3 67
5 10
9 9
6 99
10 13
5 21
10 80
4 17
5 78
7 38
5 94
9 89
3 12
5 47
9 74
5 79
8 45
2 47
8 42
1 57
10 1
4 69
4 56
2 46
3 66
8 14
2 64
8 80
8 41
3 30
8 66
6 39
4 20
5 67
9 14
8 73
3 95
4 79
7 26
3 10
1 17
1 24
5 84
2 55
8 50
9 91
9 82
4 37
4 56
7 87
6 42
8 92
6 28
7 17
3 40
1 49
4 31
9 47
7 65
5 90
5 44
6 39
10 92
4 75
3 21
4 55
3 63
5 69
7 23
3 23
3 44
8 36
4 33
6 48
5 17
8 42
1 93
10 93
8 66
2 42
7 37
4 2
7 19
9 32
5 13
8 67
10 56
7 5
2 94
1 87
2 43
10 5
6 100
5 22
