1 20
5 70
1 44
3 88
5 28
10 38
1 50
6 93
8 56
1 58
7 10
8 66
10 26
1 86
2 74
1 20
8 53
3 83
8 19
4 77
2 23
5 91
3 55
9 54
3 44
5 77
8 35
5 74
4 75
7 60
5 44
3 47
4 77
10 78
4 7
3 53
1 67
2 98
1 51
6 40
4 1
6 24
1 83
8 88
8 54
2 5
4 94
9 89
10 28
6 53
7 57
10 74
7 95
7 63
2 81
2 55
10 74
2 29
2 55
9 80
6 40
7 74
8 1
3 65
1 82
3 94
3 48
9 82
2 55
5 34
2 29
4 86
9 45
6 34
5 70
6 49
5 95
4 60
10 32
10 48
2 31
8 92
2 52
6 17
2 14
9 23
2 28
10 13
3 85
7 50
10 65
7 12
5 80
4 90
8 76
3 57
9 30
2 91
7 10
9 13
4 38
3 23
6 10
8 10
3 81
4 81
8 55
7 73
5 23
5 8
7 28
4 9
3 13
3 43
5 69
8 80
4 89
5 24
7 89
7 11
1 11
4 79
9 84
8 59
4 31
1 90
7 21
1 96
6 54
9 24
4 50
10 54
8 88
10 24
1 84
2 4
1 93
2 69
6 57
8 67
3 82
5 96
6 93
1 42
9 62
6 31
5 100
1 49
3 59
10 22
2 20
5 19
1 28
8 21
1 70
9 37
3 55
8 47
5 83
1 30
8 78
5 70
10 20
2 10
1 79
9 98
8 19
5 82
9 61
1 77
7 81
2 88
3 77
2 41
10 76
9 9
2 84
1 39
4 73
6 84
5 61
6 32
4 73
7 85
8 2
9 20
2 80
4 77
2 74
5 68
6 50
4 62
9 37
4 85
5 23
9 81
4 92
4 68
4 56
9 22
8 52
2 62
5 35
7 76
4 36
10 19
3 29
6 70
9 49
3 28
2 43
6 50
7 59
5 55
1 23
4 22
5 87
6 19
5 41
8 4
8 72
9 26
9 56
1 29
7 100
10 49
1 72
7 63
8 22
7 24
9 35
10 60
6 62
6 3
6 62
10 50
10 94
10 2
10 51
3 50
5 97
3 38
8 30
4 43
1 84
9 78
7 34
9 70
2 15
1 55
5 47
9 97
1 94
6 81
10 39
2 46
1 62
1 61
7 74
9 11
1 55
7 79
9 32
5 69
8 69
3 78
1 23
6 18
1 80
4 85
2 39
10 65
10 66
6 92
2 32
2 34
1 49
2 67
6 11
10 5
10 31
4 43
8 83
2 93
9 72
6 24
6 87
9 75
7 48
5 65
1 10
3 26
1 100
8 28
4 42
4 1
9 55
3 76
2 9
1 90
3 10
10 44
9 36
9 55
6 73
3 23
2 38
8 48
5 50
7 27
1 90
2 26
6 35
1 4
8 12
5 72
10 54
1 36
1 18
10 29
1 30
3 6
7 88
7 39
6 40
4 65
3 57
3 63
8 80
4 8
7 10
4 64
6 11
9 40
8 75
7 51
1 13
2 39
6 67
4 65
1 6
4 93
3 15
1 2
9 54
6 22
3 71
1 37
8 51
8 97
9 90
10 79
4 99
5 88
9 55
10 67
3 44
1 67
7 18
4 84
9 41
2 92
10 27
8 72
5 96
3 49
4 48
8 73
6 12
1 31
7 53
9 20
4 98
7 7
8 1
3 68
9 57
8 80
6 35
9 25
4 48
1 70
2 67
8 75
6 64
7 51
10 24
4 37
9 32
7 45
6 61
9 100
10 62
6 28
6 35
2 84
6 97
10 35
6 14
4 79
2 55
4 76
3 9
2 46
4 29
1 73
6 88
7 1
3 56
7 67
10 85
2 60
2 64
10 4
4 10
4 25
7 92
10 62
6 67
1 55
6 23
9 40
4 58
9 10
1 67
10 30
5 68
7 81
5 21
6 69
7 10
3 79
1 17
2 5
8 98
1 35
5 80
2 29
6 30
1 97
7 38
7 27
9 45
10 37
4 96
6 66
10 99
2 7
5 93
5 10
5 55
7 50
8 74
1 7
4 24
4 79
2 15
10 55
1 46
3 38
2 65
7 19
3 72
1 61
1 15
8 31
2 9
2 58
9 51
8 4
8 29
3 63
6 92
2 35
9 75
3 53
6 11
5 81
10 9
9 54
2 76
2 22
6 29
2 85
8 44
1 88
4 44
2 23
9 94
5 22
1 7
1 61
5 36
10 95
9 23
5 42
9 57
6 2
5 54
6 4
2 93
1 85
8 29
8 28
4 30
4 88
5 38
9 19
7 47
5 49
6 17
1 1
7 60
1 87
7 72
1 66
4 22
6 64
8 49
1 89
9 74
7 57
9 80
8 55
7 3
3 11
5 24
3 54
7 78
4 97
4 72
1 32
7 19
4 94
2 48
2 55
5 19
4 37
9 22
10 12
5 42
6 93
6 79
8 46
10 11
8 49
2 5
6 74
4 52
4 10
3 20
10 2
10 21
8 97
7 16
10 87
9 82
10 59
8 34
3 25
7 7
7 5
9 4
9 67
9 25
3 68
10 43
7 81
3 88
1 64
3 21
10 12
8 60
2 10
7 86
2 14
3 62
4 95
7 20
9 4
10 42
1 16
9 85
1 37
4 87
2 9
7 77
4 70
8 8
6 49
10 34
8 38
1 79
5 46
8 26
8 93
10 54
4 26
3 49
3 94
2 88
6 90
7 81
10 22
3 94
3 39
5 7
10 48
5 48
4 30
2 16
3 29
10 63
5 15
2 51
8 83
10 53
5 2
7 84
1 8
6 66
7 98
3 64
8 97
4 35
2 75
4 81
4 17
5 55
10 17
1 88
2 57
7 12
5 70
1 14
9 99
6 12
2 50
8 14
4 57
4 90
6 97
3 54
1 49
3 39
2 46
8 35
8 40
10 79
10 48
6 48
10 52
10 72
7 1
7 19
7 52
8 3
6 33
3 50
4 84
5 79
4 65
8 33
10 63
8 40
7 30
4 21
2 35
1 93
9 16
4 6
10 69
6 47
4 61
9 62
6 39
9 67
4 86
1 57
5 3
8 25
9 98
2 82
4 23
2 25
2 100
8 16
1 37
9 14
7 15
7 64
10 81
6 47
2 85
3 27
6 76
9 35
10 86
9 78
3 61
10 90
8 44
5 59
7 99
7 84
3 22
2 71
9 28
10 75
4 46
6 96
3 97
4 82
2 37
3 58
8 88
6 29
6 24
5 63
3 28
8 25
4 6
10 88
10 6
6 31
9 14
8 31
8 11
3 54
3 15
3 29
1 58
7 95
6 68
2 27
1 96
7 1
5 11
4 38
3 59
9 75
1 80
9 69
4 26
4 19
8 25
8 91
2 17
1 10
6 28
8 3
7 50
9 52
3 22
4 14
5 60
6 94
10 39
3 25
2 5
6 28
10 29
2 93
10 85
1 31
7 48
5 8
2 28
3 22
8 77
2 19
10 1
6 46
10 57
4 11
4 81
1 83
5 69
3 30
4 23
3 62
8 69
1 1
9 19
10 62
4 66
4 21
5 94
6 45
7 18
2 68
7 73
1 42
10 88
3 46
7 75
10 83
7 54
5 30
10 42
9 94
7 72
2 5
3 34
9 9
3 92
9 15
4 27
4 27
7 6
4 62
5 97
4 38
4 15
7 16
3 63
1 44
10 99
2 90
6 62
10 12
6 24
4 85
1 96
1 40
10 99
4 6
4 72
6 22
3 12
10 91
3 94
2 13
10 47
4 28
7 85
4 35
3 91
1 49
8 67
4 78
4 79
5 28
3 29
7 81
7 89
10 73
7 37
8 62
7 20
8 88
8 4
2 10
5 84
7 39
6 10
1 90
9 34
7 19
2 99
6 61
9 42
1 13
7 22
4 93
8 75
7 66
9 39
5 1
9 11
6 76
6 22
3 94
4 57
6 100
8 63
6 32
1 24
8 48
6 41
1 15
3 63
3 64
4 26
7 92
8 16
9 7
8 15
5 47
5 35
9 77
6 45
4 48
4 73
1 8
9 48
4 8
2 59
5 25
9 96
1 11
5 27
8 77
5 64
8 8
8 44
2 21
10 48
9 82
4 3
7 16
10 85
9 3
6 93
9 6
6 46
1 1
2 24
4 73
6 38
9 7
6 88
8 45
9 38
2 50
9 89
7 69
10 84
7 42
1 93
1 25
2 11
6 36
10 72
10 63
9 12
7 59
2 99
9 68
7 8
10 16
4 11
3 62
1 91
8 20
10 45
2 54
4 8
4 86
1 30
8 68
8 71
9 91
6 89
4 83
3 53
8 80
7 81
9 48
3 60
4 16
3 86
2 3
10 77
6 13
3 77
6 72
4 51
2 9
4 95
1 5
2 75
1 86
9 96
7 10
6 87
8 88
10 33
2 39
6 61
3 83
1 27
10 57
10 59
9 71
1 31
10 58
4 31
8 38
6 23
7 20
2 98
10 58
10 49
1 71
8 81
8 49
3 80
2 41
8 100
