1 21
8 52
9 18
2 38
9 45
10 58
9 55
1 29
3 58
5 15
10 40
5 79
2 12
1 49
9 58
6 35
1 82
8 27
3 5
4 24
8 63
5 39
4 49
1 45
8 42
6 12
2 77
5 93
10 27
8 42
8 42
9 60
10 79
7 83
7 60
9 65
2 82
2 53
1 30
1 58
9 23
3 41
10 9
9 56
6 61
9 39
3 46
9 41
6 82
8 5
1 69
4 59
2 56
10 66
1 18
6 27
7 26
10 80
2 76
9 72
9 29
8 41
8 82
4 100
10 36
6 83
4 76
5 83
7 30
8 97
4 40
4 61
7 53
8 47
3 19
3 99
2 74
1 18
2 27
4 94
7 53
9 87
4 4
4 40
10 96
2 35
10 40
3 20
4 25
5 45
5 9
10 2
6 86
7 96
1 60
1 6
9 2
9 80
2 65
9 92
5 50
10 2
1 99
10 51
5 30
7 50
3 22
8 20
3 75
9 42
1 1
5 65
7 12
6 10
4 44
4 44
3 84
3 19
3 100
6 11
3 60
2 26
6 55
10 3
6 6
9 16
2 51
5 95
3 62
5 73
6 12
7 8
10 33
6 3
6 28
7 84
1 59
5 70
10 32
1 20
3 99
10 30
6 65
9 32
4 91
1 22
4 69
5 47
5 7
5 29
2 62
3 13
3 18
1 16
9 43
3 79
3 70
6 61
7 48
6 15
9 71
8 59
4 20
4 86
1 76
8 25
3 82
4 3
4 67
6 54
5 7
3 11
6 95
3 79
1 15
3 8
5 1
2 34
6 65
5 32
1 42
1 15
1 41
6 74
8 32
10 78
8 73
9 1
9 66
8 78
7 39
10 97
1 99
1 62
8 94
3 39
8 63
1 19
10 94
7 81
2 23
6 6
8 19
7 32
4 19
5 77
5 3
8 88
2 27
2 47
4 86
4 92
1 68
9 82
2 82
6 5
8 38
3 2
1 96
9 17
10 58
7 12
8 43
5 78
7 54
10 89
10 98
8 86
5 18
3 14
2 88
8 85
5 66
7 76
9 53
1 80
9 94
9 51
8 60
1 90
8 69
5 32
10 88
10 11
10 55
5 65
10 40
5 86
8 36
4 29
6 69
7 65
2 89
1 67
9 81
6 89
6 58
3 97
4 7
9 56
1 12
2 10
9 43
1 4
2 62
9 58
9 1
4 7
2 49
9 58
2 86
4 27
7 50
1 19
2 76
3 92
8 44
9 17
4 97
8 59
10 9
2 42
1 8
7 35
8 40
9 42
1 72
9 99
6 29
8 5
2 94
5 48
2 37
8 14
7 40
10 30
5 36
3 12
6 86
5 72
7 96
6 50
9 55
3 38
5 42
4 5
5 14
2 4
3 66
3 14
7 58
5 6
8 65
9 99
7 16
6 23
4 94
10 22
1 37
4 72
7 47
3 46
9 63
10 72
4 98
4 63
5 39
4 58
6 67
9 44
6 85
6 68
10 38
9 90
5 13
4 20
10 47
9 33
9 33
8 51
5 95
6 67
1 98
5 19
4 89
7 56
4 66
8 78
6 28
1 78
1 24
8 91
3 13
1 60
2 49
10 78
1 99
4 77
7 55
7 9
1 1
3 88
3 78
8 50
3 28
10 50
7 60
2 84
6 47
8 5
10 22
4 88
8 84
2 1
9 35
5 4
10 5
10 34
8 97
9 12
1 45
8 91
9 69
3 89
2 27
8 7
6 33
10 70
1 68
10 55
1 17
9 35
8 99
8 20
3 92
8 84
8 53
4 56
5 41
8 76
10 6
9 42
7 25
6 56
3 60
10 43
3 45
10 78
10 89
8 1
6 26
9 77
3 95
4 29
3 19
9 97
1 81
4 42
1 14
2 69
3 16
1 62
1 8
1 75
2 48
8 13
7 28
7 95
8 14
10 90
9 32
6 90
2 54
2 35
10 37
1 34
6 72
10 23
7 17
4 96
7 76
4 25
10 21
8 60
2 83
7 87
5 50
8 56
2 2
9 5
6 6
9 39
3 84
3 97
3 57
3 90
6 73
5 31
5 25
2 50
2 35
5 76
2 65
6 74
8 56
3 9
5 31
3 47
5 11
9 86
10 87
3 72
4 47
1 25
4 81
8 69
4 64
6 2
9 80
4 30
5 38
4 69
3 26
4 83
1 39
6 1
1 4
5 87
7 26
7 97
9 25
9 23
7 71
10 59
2 43
1 25
2 75
1 15
6 39
6 43
2 47
4 31
4 23
1 79
6 37
8 53
6 43
4 66
3 28
7 1
10 46
9 51
7 63
5 58
3 69
4 46
8 30
10 58
6 60
1 83
1 18
8 20
9 41
1 62
9 39
3 7
3 34
7 51
7 65
2 66
9 48
1 65
6 53
8 80
3 28
4 4
1 79
9 75
1 31
4 77
4 64
8 5
7 3
2 2
4 34
8 64
6 73
1 32
8 13
7 11
1 98
3 98
9 38
7 48
2 68
1 25
9 50
7 68
9 12
6 59
7 55
6 42
9 99
10 22
1 28
5 97
1 11
4 64
2 73
3 13
1 36
10 38
5 23
5 2
3 77
2 91
6 86
8 38
10 70
9 80
1 43
2 9
1 54
2 3
5 9
10 44
6 68
3 61
3 26
9 1
6 75
8 82
6 28
2 19
8 19
9 21
1 54
3 47
8 3
4 87
2 90
2 59
10 3
5 98
2 14
6 12
8 29
2 59
1 97
9 45
3 21
6 11
8 61
7 40
8 71
8 83
1 36
7 85
1 45
2 97
10 88
9 3
5 15
9 92
4 69
2 88
8 41
5 20
3 28
2 22
3 57
6 4
7 39
1 2
8 15
5 77
7 85
4 98
3 94
4 22
9 76
5 20
7 94
6 76
10 18
10 91
5 29
9 9
8 27
3 15
2 76
1 63
10 63
4 65
10 9
10 8
9 74
10 9
6 5
9 36
5 5
2 26
2 44
6 64
2 91
4 2
5 21
4 43
7 35
3 56
4 61
7 12
3 34
8 96
3 77
4 80
1 87
4 27
2 86
3 27
10 17
10 49
9 45
3 76
6 49
7 28
9 61
5 83
10 22
9 64
4 62
9 12
3 98
3 86
8 70
1 86
8 64
10 95
8 97
10 3
8 37
5 48
6 46
9 92
1 12
8 93
9 29
10 7
10 56
3 63
2 52
3 6
7 35
8 20
10 52
9 35
3 22
7 15
5 23
8 28
9 58
2 71
2 97
6 70
7 54
6 59
1 1
3 3
5 71
2 100
9 34
4 1
10 22
10 56
9 36
1 71
9 74
5 18
1 66
2 56
2 68
5 20
1 24
7 53
2 25
3 51
9 76
9 21
2 64
6 56
10 10
6 84
9 37
3 26
2 5
1 30
9 75
3 12
4 9
8 51
9 91
9 41
5 85
6 39
4 67
9 60
4 100
7 92
10 47
2 24
3 38
3 56
3 96
4 22
3 33
7 34
10 94
5 27
10 62
6 82
9 69
3 93
6 42
7 71
6 44
7 86
6 43
6 58
1 14
4 62
8 15
6 21
3 78
9 84
10 74
2 39
4 12
4 9
4 97
5 76
6 60
6 38
10 47
7 27
4 100
8 76
6 96
2 62
5 79
5 44
10 49
7 97
4 93
5 90
7 93
1 28
6 55
9 87
7 79
8 48
6 26
10 25
8 11
6 86
9 68
2 27
1 72
9 49
2 68
1 63
6 65
1 87
7 97
10 5
6 81
8 8
10 75
2 47
4 48
2 96
8 95
9 45
5 82
4 35
7 57
3 60
7 49
10 92
3 73
3 49
9 17
2 44
3 93
3 32
4 36
10 74
9 15
2 22
9 32
9 78
4 12
3 5
4 9
5 88
7 5
8 73
7 81
8 4
10 42
2 15
6 14
7 5
8 35
7 15
1 29
8 3
2 53
4 95
9 34
4 7
9 27
4 71
6 76
7 7
9 43
7 56
10 59
10 60
8 57
5 35
7 81
10 70
4 28
1 52
10 8
10 44
2 85
9 69
2 83
9 30
2 65
8 19
8 66
7 40
5 55
2 73
9 57
10 26
9 29
5 18
5 49
4 40
7 85
3 13
3 88
9 57
6 54
6 48
8 92
7 33
8 90
3 83
7 32
8 25
7 11
7 36
2 84
2 6
7 72
5 22
10 11
3 39
5 67
7 88
10 16
4 74
7 78
4 53
7 23
9 12
3 20
6 98
3 18
4 56
3 66
3 17
8 47
4 61
1 44
1 97
2 98
4 96
7 59
3 93
7 65
7 38
1 38
9 100
2 25
7 24
2 95
5 48
7 4
7 99
2 21
10 21
4 59
3 99
10 69
9 68
5 30
2 25
8 58
9 63
4 1
10 54
3 31
8 8
9 90
10 4
4 49
6 87
2 66
5 19
5 56
5 43
3 47
3 5
10 4
7 49
4 45
1 15
5 86
5 46
3 71
10 73
8 46
1 79
3 79
6 87
