9 42
9 69
8 17
5 49
10 35
10 88
7 57
6 86
4 80
7 30
9 77
4 72
7 93
5 13
2 76
7 76
8 54
7 15
9 30
1 28
9 51
10 76
1 21
10 71
1 99
6 14
8 47
2 17
2 22
9 7
3 60
4 17
3 32
7 45
6 66
7 9
10 2
8 71
2 6
9 22
9 68
10 50
4 22
9 58
1 11
3 56
10 19
2 59
3 98
1 81
4 53
4 71
4 70
10 66
8 80
3 35
2 36
4 72
2 35
1 78
4 47
10 15
2 32
7 62
5 97
3 73
1 60
9 74
8 17
1 18
6 22
4 100
9 27
8 91
4 1
1 74
2 28
1 69
4 44
5 61
6 100
6 48
4 59
1 4
7 69
9 78
6 64
7 79
6 80
8 91
10 69
2 38
7 57
2 16
6 14
2 53
9 57
8 70
10 1
4 27
8 15
6 66
3 15
7 32
2 25
8 100
9 65
6 97
2 1
4 26
1 78
5 29
9 11
9 99
9 62
10 60
4 11
5 62
4 6
1 97
9 89
6 50
5 16
9 17
5 42
3 93
8 77
10 86
5 90
10 99
6 94
3 62
6 41
8 46
7 58
7 100
10 39
2 38
1 80
6 47
2 66
5 91
5 26
2 32
8 33
5 3
9 14
2 90
1 37
10 19
8 18
9 49
5 81
5 54
8 81
4 38
8 55
5 39
4 74
4 18
5 81
4 38
4 90
4 84
1 54
3 99
7 34
10 90
5 69
9 36
4 24
5 100
3 11
1 21
3 88
6 25
2 11
5 75
7 41
2 55
3 2
9 12
8 79
10 36
9 88
6 23
8 100
2 21
5 43
6 58
8 37
7 21
4 13
6 20
6 39
3 48
1 36
7 57
9 20
10 90
4 35
9 31
7 81
4 99
5 87
3 76
3 44
1 58
3 40
9 77
9 20
5 83
6 3
4 66
6 90
7 14
7 76
8 48
1 88
7 68
6 63
10 9
2 93
5 59
6 88
1 28
8 74
10 39
4 1
4 35
10 4
5 49
7 72
3 38
2 76
3 89
9 51
3 64
8 1
2 48
9 37
4 62
9 46
10 42
4 36
5 97
8 22
1 91
3 39
7 66
4 70
3 37
3 34
8 69
4 43
4 7
7 91
2 56
8 94
6 29
4 41
6 82
10 77
5 47
6 8
9 19
3 13
2 5
6 62
6 80
2 99
5 18
8 66
4 57
9 89
1 18
7 56
3 96
1 8
6 74
3 29
1 81
2 53
6 53
1 82
10 69
5 98
2 53
2 41
4 25
4 100
8 29
5 61
7 6
5 48
8 75
4 37
5 28
2 51
10 76
2 93
6 72
3 84
6 98
4 38
6 64
7 78
5 18
3 64
4 32
9 12
1 91
6 35
8 72
3 78
5 55
10 20
4 74
1 83
9 3
3 27
5 74
8 71
2 36
10 97
10 50
1 8
9 42
1 53
3 97
8 27
9 41
4 4
2 50
1 90
8 80
2 62
2 83
10 92
9 12
1 28
2 56
10 41
9 68
6 89
8 84
6 25
4 80
3 11
9 88
10 54
1 43
6 85
1 56
7 24
10 46
5 20
10 83
10 7
3 72
7 8
7 71
7 93
3 86
7 74
4 24
10 89
3 10
4 65
6 36
4 64
9 21
7 51
7 81
5 48
9 11
3 6
9 12
2 26
3 87
7 81
1 66
1 74
3 73
1 54
8 51
5 59
7 78
2 87
8 56
3 98
7 84
4 83
2 62
7 60
10 20
10 4
8 58
5 42
9 94
9 76
6 61
5 94
8 81
4 25
7 15
10 65
8 68
10 35
10 21
4 56
10 73
9 95
8 49
4 48
5 11
6 87
10 74
8 48
1 21
8 26
10 70
8 44
7 71
10 6
8 49
3 25
10 46
3 29
6 13
2 77
4 32
1 15
8 54
8 77
3 7
10 16
7 9
1 31
9 93
2 60
5 43
6 23
5 58
7 8
2 96
1 32
5 74
3 23
9 30
7 98
4 18
7 92
7 9
7 35
4 97
2 48
3 21
10 83
10 18
7 86
4 29
3 65
6 5
9 53
5 56
8 50
5 84
3 90
3 24
10 95
8 63
5 24
4 89
3 24
1 38
1 13
10 32
8 93
8 73
7 84
2 94
2 25
10 6
5 94
1 24
8 71
4 57
6 26
3 2
6 79
8 69
3 3
9 54
4 79
2 17
2 79
3 63
4 96
1 43
7 76
3 96
7 24
3 85
5 72
10 60
8 67
4 84
5 61
10 73
2 40
2 74
1 7
9 79
1 39
6 61
6 23
3 48
6 98
8 51
2 68
5 55
5 41
2 10
8 96
5 39
4 39
6 60
7 81
10 70
1 100
3 49
10 29
4 80
5 87
3 29
4 83
7 35
6 52
9 28
3 86
4 98
9 9
3 2
8 27
2 9
6 42
8 14
4 48
9 4
5 21
6 61
3 85
1 45
1 60
5 78
9 31
6 44
1 32
2 45
2 38
1 86
2 42
4 82
1 98
10 41
8 28
2 16
5 42
1 12
10 62
10 47
2 53
4 84
5 71
7 96
10 86
6 99
8 30
6 30
6 25
3 93
3 67
6 1
1 26
3 15
9 57
10 5
3 47
5 19
9 63
7 24
1 79
8 83
5 74
1 61
6 74
9 22
4 78
2 21
3 5
10 60
1 78
2 49
4 13
8 15
10 90
1 69
8 28
7 2
9 32
7 41
2 17
9 83
2 66
4 80
10 67
10 23
2 72
6 98
4 42
4 22
3 84
9 59
2 3
7 36
1 35
6 99
5 38
1 16
4 2
5 37
2 84
2 50
1 87
6 98
3 8
3 38
8 8
7 1
2 99
7 78
9 76
8 2
2 73
5 62
2 47
4 65
8 27
8 90
4 64
2 26
2 21
4 25
3 2
2 19
9 51
8 14
7 13
6 95
6 70
4 51
10 92
1 55
2 93
10 24
6 26
9 21
8 67
1 2
4 75
9 19
1 53
10 98
6 50
9 54
7 81
10 5
8 37
5 21
7 59
9 19
7 78
5 32
8 4
8 17
5 66
8 7
4 15
9 25
2 21
10 22
9 38
3 86
8 31
3 49
6 67
4 95
9 15
1 15
6 85
3 83
10 63
5 16
9 86
7 51
10 57
8 44
7 64
10 12
10 37
7 7
4 74
5 12
2 17
5 45
2 54
5 82
1 35
3 53
2 26
1 88
6 95
3 92
9 69
5 78
2 16
9 40
4 16
4 6
4 73
6 23
1 91
5 48
10 70
5 7
6 19
6 72
2 37
5 25
8 63
5 41
9 95
10 80
1 61
10 65
1 82
7 5
8 12
1 20
9 26
2 10
7 41
8 64
6 91
8 16
7 19
7 3
10 98
5 91
10 73
9 42
7 85
6 58
7 100
6 10
3 49
6 21
4 40
9 14
4 56
3 45
4 61
7 66
9 54
8 72
9 84
7 11
10 73
2 11
8 41
6 2
10 83
9 61
7 56
6 84
5 56
5 47
10 25
9 88
1 22
2 60
4 34
1 66
4 79
9 72
6 2
9 12
3 59
4 82
3 84
9 61
5 100
5 15
3 79
1 99
4 3
6 22
4 74
8 94
3 45
1 28
8 94
10 28
2 85
8 55
9 14
10 73
5 51
9 69
2 87
10 70
7 4
4 16
5 74
2 63
3 74
7 88
9 98
1 63
8 50
8 25
10 44
10 72
3 29
3 92
10 89
9 61
4 97
4 71
9 64
3 78
5 47
8 92
5 27
5 40
1 85
8 80
1 56
8 47
7 51
9 97
6 49
10 97
4 35
1 10
1 61
4 45
7 90
1 55
5 67
8 87
9 91
4 63
5 8
1 68
5 16
5 52
7 31
1 32
1 42
2 71
1 94
10 2
4 51
4 98
3 95
6 12
1 11
9 75
3 37
10 49
6 41
1 16
8 62
7 4
9 88
5 75
8 97
10 20
4 65
7 53
6 15
6 95
7 37
10 60
10 67
1 1
6 69
4 10
4 88
4 3
6 75
5 57
1 71
9 67
2 100
3 95
10 99
9 44
6 62
9 81
5 10
2 44
8 37
4 94
9 39
10 55
6 99
6 70
1 56
10 27
2 81
5 17
8 18
1 100
4 33
10 31
8 74
9 18
9 27
10 15
9 48
1 95
1 35
4 30
4 56
1 56
2 31
10 26
9 86
6 21
3 91
2 30
10 19
6 11
9 10
9 34
9 87
9 32
7 47
1 5
4 2
10 74
8 66
6 23
8 62
1 73
3 99
10 1
1 17
4 56
10 80
1 42
1 96
8 36
2 68
5 10
6 48
9 6
6 43
1 12
8 37
10 27
3 85
2 61
2 55
1 23
2 33
1 84
9 39
4 9
6 57
6 53
3 61
10 51
8 54
6 89
8 41
2 79
9 54
3 62
3 55
5 26
9 33
1 20
4 92
1 53
7 66
4 80
