3 73
5 82
10 21
4 73
5 96
5 15
7 43
10 35
3 41
7 79
9 38
5 66
5 69
9 95
7 17
5 50
4 28
5 67
1 55
7 36
1 18
10 92
9 42
8 19
4 60
1 20
10 53
6 11
3 55
7 38
2 10
1 42
9 13
5 73
8 48
3 39
1 5
4 92
7 18
4 32
7 73
9 16
2 3
6 5
6 22
10 18
1 84
8 61
10 45
8 4
6 33
6 18
4 43
9 13
5 17
3 97
5 46
10 79
6 53
4 73
2 72
1 87
2 13
3 83
2 93
4 56
5 60
7 60
7 13
5 93
2 91
3 83
4 36
2 29
9 22
1 98
10 55
2 7
10 28
4 75
5 59
1 10
8 92
7 70
1 7
4 27
8 39
4 82
6 23
2 19
9 30
7 5
5 1
5 48
3 30
2 57
3 44
4 20
1 42
2 19
6 57
4 55
10 37
6 90
8 91
1 76
7 86
6 6
8 60
4 68
4 73
4 3
1 44
10 80
4 85
3 100
3 2
6 41
4 46
1 6
10 72
4 72
6 66
3 24
8 97
6 81
5 20
6 51
9 38
1 97
1 42
7 9
4 68
4 86
3 1
7 51
6 70
2 75
6 81
3 73
4 53
9 50
3 20
9 13
10 28
3 87
3 56
8 5
2 54
3 100
8 50
1 72
10 8
2 81
10 43
10 14
5 86
7 19
9 8
9 26
4 77
4 30
6 83
2 46
3 3
1 73
7 18
4 46
8 64
3 14
8 64
5 82
4 60
6 84
5 33
8 58
10 52
7 43
1 84
2 17
8 100
6 28
2 96
8 61
1 12
2 59
10 9
5 67
4 53
8 42
1 2
6 69
8 31
9 13
1 58
3 77
5 14
3 77
9 53
9 81
3 54
10 23
1 74
10 74
4 56
3 19
7 99
5 6
3 56
10 3
6 54
5 4
2 27
6 36
10 76
8 61
2 28
5 73
1 66
2 62
1 93
4 89
3 33
7 14
4 48
8 19
4 15
1 34
8 40
2 57
5 57
2 33
5 75
10 3
7 77
4 16
1 83
5 31
5 43
1 33
8 63
4 44
3 81
6 41
4 25
8 93
8 65
6 99
8 15
7 72
9 43
7 36
1 32
2 9
9 50
4 10
10 38
4 78
9 61
2 71
1 22
10 74
9 36
8 81
6 56
2 33
5 49
9 45
7 58
6 87
6 5
2 38
3 82
4 58
8 39
7 37
10 83
10 58
4 72
4 44
5 70
8 64
9 71
1 52
9 38
9 90
3 36
9 21
6 90
2 26
2 93
4 74
7 56
8 60
6 12
5 75
4 17
8 67
3 12
6 13
4 13
7 32
2 92
1 58
10 25
2 88
7 73
8 79
8 76
3 84
10 89
6 71
5 57
2 53
7 84
10 23
6 33
10 43
10 32
10 18
6 87
4 99
9 23
1 88
10 33
7 47
10 29
1 44
5 34
4 74
6 20
1 59
5 87
2 18
10 73
10 60
10 35
3 7
6 10
8 28
6 45
1 11
1 23
2 33
7 95
3 90
4 99
2 65
2 15
9 53
6 70
10 57
7 95
5 20
2 18
10 52
3 78
2 46
3 48
4 35
6 66
1 49
10 81
2 28
2 88
1 24
5 8
9 77
3 81
6 30
8 28
1 99
1 2
3 98
10 67
2 42
7 77
6 99
4 67
3 1
10 52
5 35
9 26
1 96
3 51
4 62
10 15
9 47
9 50
5 53
10 13
8 93
9 89
5 81
10 24
3 63
3 62
8 63
2 12
10 29
1 51
4 67
1 47
3 30
9 22
9 50
6 61
3 33
9 22
9 98
7 21
3 32
6 85
3 18
8 74
1 41
6 90
1 60
9 37
6 52
8 18
1 25
4 79
8 38
10 44
10 53
5 85
4 6
6 67
1 70
5 70
1 31
6 24
3 51
9 40
10 23
6 94
1 23
1 84
5 59
5 27
8 88
7 85
5 65
4 34
9 18
1 25
1 92
9 45
1 99
9 25
9 72
4 82
4 38
9 99
5 9
2 55
10 19
8 56
2 6
5 79
3 30
4 21
3 40
10 49
1 73
7 79
8 54
7 29
9 16
10 37
10 80
1 88
10 68
10 14
9 17
9 82
4 94
4 97
7 18
7 52
1 51
1 83
10 23
6 17
8 88
8 29
8 63
7 2
2 24
1 36
7 58
7 99
2 59
7 38
6 87
4 33
10 47
5 24
6 40
8 84
9 10
6 23
7 39
10 20
1 80
1 33
7 64
3 10
5 11
3 23
1 75
10 26
8 91
7 82
6 25
10 36
10 90
6 40
5 59
4 4
10 27
10 21
2 72
6 67
6 88
6 57
6 6
10 41
2 93
3 50
6 61
1 3
2 32
3 91
2 68
9 76
5 61
8 85
4 9
8 2
1 61
10 14
8 3
4 40
4 4
1 31
3 17
2 94
6 93
1 49
5 70
4 74
4 86
9 25
7 45
2 47
7 74
7 17
7 78
4 21
8 100
1 9
2 60
8 50
2 19
10 97
9 1
1 72
6 18
5 3
2 25
3 1
2 47
2 28
1 73
5 29
9 78
5 13
2 31
6 25
10 56
8 7
8 88
8 79
1 94
8 30
10 60
4 22
6 68
1 15
8 94
3 72
4 76
3 39
3 38
5 36
1 15
4 72
6 92
2 79
4 84
1 35
3 40
8 48
5 34
3 54
10 57
8 94
7 40
5 74
9 77
9 82
1 84
2 99
6 80
10 16
4 58
5 96
9 66
2 5
1 44
3 26
7 76
9 87
10 81
9 34
4 83
7 85
10 39
3 9
3 6
9 90
1 43
2 89
3 49
3 55
9 61
3 23
2 53
8 75
10 19
4 83
5 80
7 96
2 89
6 9
2 47
2 49
9 51
3 40
2 70
6 7
4 35
4 87
8 56
6 10
7 14
2 38
9 34
6 74
5 32
9 8
7 18
6 80
10 94
6 32
4 81
6 25
7 14
5 8
6 23
7 83
2 2
4 47
5 59
10 37
7 46
8 4
10 17
10 57
1 65
4 14
4 86
10 65
4 48
10 26
4 32
5 96
9 8
7 44
10 88
6 23
8 86
3 80
2 25
1 35
4 54
5 8
1 32
9 99
8 62
5 56
6 51
5 3
10 38
5 48
2 36
1 42
6 68
2 61
4 77
6 49
7 39
6 54
9 91
8 98
8 77
10 38
3 61
1 98
10 98
5 12
1 40
10 16
7 12
7 26
6 22
5 4
3 55
1 26
2 65
6 92
3 4
9 17
3 6
1 47
10 11
10 86
9 28
2 18
3 58
8 36
9 84
9 36
1 38
2 39
9 16
7 4
8 31
2 32
3 6
2 43
8 49
2 34
7 63
4 64
10 11
5 13
7 86
4 50
4 8
1 34
9 9
6 29
4 34
1 96
4 16
1 26
2 4
9 87
2 90
3 34
7 97
6 8
3 86
3 76
9 9
2 65
2 71
3 85
2 81
1 28
10 85
7 100
9 37
5 29
1 77
10 52
10 2
4 26
6 77
10 66
10 93
3 84
7 31
9 46
5 60
3 72
4 61
1 89
5 22
2 12
5 79
4 97
7 17
4 26
2 98
2 10
9 29
10 38
1 5
4 77
8 8
7 37
6 3
5 85
5 45
6 98
10 93
8 75
5 18
4 21
1 99
2 15
2 84
1 47
10 24
1 58
7 95
4 59
10 28
7 20
9 17
3 12
6 27
3 25
3 18
9 86
2 92
1 37
3 86
8 100
8 13
7 49
5 27
7 76
1 31
8 45
1 94
2 24
1 20
9 62
9 19
10 45
6 79
5 11
1 15
1 92
6 95
5 30
8 3
2 50
4 21
4 34
2 84
6 45
6 25
10 91
9 71
5 91
3 18
8 83
2 63
3 63
5 64
8 13
8 19
10 81
6 50
3 41
2 47
3 12
6 34
7 89
6 60
7 83
10 93
7 39
1 39
4 74
1 26
3 18
4 8
5 20
10 94
8 19
10 24
6 52
10 70
8 38
6 8
10 57
1 50
3 40
6 77
1 68
2 45
7 32
7 60
9 87
7 20
5 65
9 13
5 17
4 94
10 67
5 18
8 34
7 79
9 11
1 7
10 38
1 39
5 17
1 73
4 78
8 33
5 57
9 100
7 68
6 82
8 72
2 46
1 50
7 36
8 66
1 52
2 71
3 54
10 67
10 42
2 75
2 36
9 36
8 40
4 53
5 1
6 93
8 1
1 84
1 43
6 6
4 12
3 44
1 38
3 35
9 83
1 47
5 18
2 70
10 29
5 58
4 12
3 70
3 57
10 16
9 82
7 94
9 75
2 47
5 68
9 14
4 32
7 68
10 23
10 99
10 75
2 45
4 90
1 10
7 92
2 22
4 77
2 60
9 41
10 79
5 44
8 10
7 41
4 53
6 34
1 38
9 27
5 58
1 45
9 47
3 53
7 43
9 57
