8 74
6 6
2 94
7 47
7 49
6 83
4 13
6 4
2 83
2 33
5 27
7 70
2 100
6 1
4 63
8 71
1 24
4 20
2 21
2 43
10 100
3 18
2 56
2 87
9 72
3 77
8 96
6 46
5 97
1 25
1 51
2 15
5 49
2 7
7 38
7 64
3 75
5 72
4 26
2 22
2 42
4 48
10 77
3 79
7 15
10 13
5 60
7 30
7 25
10 99
5 75
9 100
5 98
3 43
2 50
2 78
6 85
3 38
4 29
6 39
10 88
4 13
5 57
3 80
2 64
8 96
8 83
9 7
5 41
1 89
7 45
10 71
9 73
3 60
6 56
9 92
1 6
4 14
1 54
8 9
7 90
4 87
4 55
3 99
8 36
5 9
6 34
7 20
2 50
3 72
3 47
8 86
9 78
2 42
6 24
7 92
7 27
10 11
7 69
9 82
3 55
10 91
5 90
3 94
9 100
1 8
1 65
10 3
3 100
8 91
5 94
7 18
3 95
4 79
9 77
1 52
1 9
5 8
1 16
1 81
9 54
3 59
1 35
5 5
5 84
6 44
8 65
9 30
1 81
4 65
1 42
3 11
4 28
4 94
2 64
8 56
9 58
10 49
5 12
4 44
7 98
1 65
10 96
3 50
6 63
4 37
2 44
7 53
7 94
5 83
10 95
8 36
6 70
10 34
1 100
2 50
8 46
2 42
7 59
3 31
10 99
6 41
2 24
10 50
4 56
7 89
4 96
2 21
9 100
1 23
1 60
7 49
1 28
7 51
3 91
6 80
8 83
2 70
10 1
2 67
6 58
8 26
4 31
8 54
7 42
4 82
4 4
6 65
3 87
6 57
6 27
9 3
4 21
10 17
4 15
10 80
9 96
6 33
9 73
7 56
7 69
4 73
4 34
2 64
7 33
6 94
5 96
10 25
9 46
9 25
7 59
3 61
8 78
10 42
9 22
2 7
8 77
9 47
8 84
5 83
7 100
1 48
4 69
6 93
9 30
9 22
5 80
9 77
1 24
7 94
8 13
5 98
3 22
9 96
7 30
3 81
3 93
9 42
6 31
6 40
2 37
8 56
9 71
5 61
10 62
9 35
4 42
8 34
3 68
7 4
9 15
5 88
6 1
2 36
9 81
10 78
5 87
5 99
9 23
1 33
8 32
10 47
3 69
10 19
1 79
5 95
9 99
8 93
9 54
4 94
3 55
8 79
10 100
5 24
5 81
8 88
1 1
9 33
5 43
2 32
5 15
9 46
6 11
4 88
7 69
7 37
7 14
3 2
7 99
6 29
3 4
7 67
7 15
8 17
4 80
10 22
10 27
10 40
10 86
3 36
10 58
3 75
1 17
2 75
7 62
10 100
7 24
4 13
1 12
8 47
2 19
9 29
10 61
9 28
9 49
6 6
3 85
4 46
4 56
9 36
3 51
8 16
5 78
9 4
8 2
5 87
3 8
6 84
4 91
4 96
1 82
8 21
10 50
2 49
4 20
10 39
5 56
4 37
1 57
3 13
8 71
9 42
8 35
7 64
10 91
5 79
8 52
3 82
10 52
1 100
5 76
6 57
1 43
8 43
9 6
1 15
5 52
7 62
5 93
4 68
3 59
5 26
9 97
2 9
1 93
3 51
3 89
8 45
6 77
9 98
5 31
7 48
2 73
2 53
3 18
6 85
6 96
8 75
3 93
8 90
2 47
3 43
5 82
5 76
8 42
10 79
3 55
8 29
3 66
10 18
8 33
10 55
8 82
1 24
6 80
5 64
4 88
3 50
7 64
9 62
5 42
7 57
3 36
2 89
10 43
5 77
3 6
10 50
2 1
1 16
3 51
4 4
4 74
9 2
8 82
4 34
8 5
8 59
2 78
2 89
4 60
8 78
6 62
1 69
9 29
1 50
3 18
5 93
3 74
10 97
3 44
7 69
7 55
4 91
2 61
9 21
1 76
5 78
10 64
6 93
8 98
8 84
4 79
6 92
4 36
9 37
2 71
3 15
7 44
1 68
10 58
9 37
8 53
2 39
4 92
9 89
6 51
7 98
9 81
5 41
4 68
8 6
8 54
2 55
2 47
10 19
4 17
10 4
9 13
4 51
8 59
4 58
8 46
3 46
6 1
2 23
10 18
7 86
6 18
4 58
3 30
1 46
5 49
9 2
10 66
6 73
6 36
2 52
5 69
1 38
8 1
5 51
1 82
4 38
8 14
1 67
8 67
6 63
9 62
9 45
8 66
8 45
2 56
2 94
8 86
8 80
9 45
9 69
9 36
2 43
6 26
1 56
10 84
4 93
2 48
2 67
3 26
4 79
10 10
10 82
7 11
10 22
6 36
1 73
9 8
10 100
8 75
2 23
8 99
8 11
8 44
3 29
7 62
1 55
2 63
6 61
7 13
6 55
9 14
9 42
3 85
2 81
4 52
5 88
7 5
2 100
2 66
9 62
7 98
7 62
4 30
5 22
10 76
8 51
6 71
5 8
10 93
10 54
5 74
5 92
8 78
2 9
5 69
2 23
4 98
2 26
9 51
10 39
9 16
2 79
7 100
9 21
10 18
1 47
2 76
2 35
4 34
7 87
9 61
8 16
5 14
5 9
8 51
4 41
10 41
7 45
2 25
7 95
10 49
6 92
5 42
6 85
2 73
5 35
4 59
2 88
3 54
3 14
7 77
1 71
4 23
8 11
1 33
1 14
10 22
3 14
9 57
5 53
9 11
9 3
1 2
9 84
8 73
8 85
3 81
7 38
9 6
5 43
8 52
4 76
10 69
2 27
5 28
3 56
4 43
9 85
9 86
1 44
9 29
4 11
3 28
5 50
5 74
2 35
3 59
4 19
5 26
5 1
9 80
10 97
3 7
1 36
4 72
5 11
2 56
8 50
1 98
4 26
3 74
4 58
3 85
10 3
1 97
9 83
8 32
1 66
5 34
4 8
2 75
3 6
8 76
1 40
6 69
9 23
2 32
3 41
2 14
3 90
10 38
7 9
10 76
1 28
8 67
8 42
5 44
8 41
6 47
3 63
4 83
2 9
9 18
5 78
1 71
9 42
9 21
7 12
3 61
6 18
5 55
4 72
4 50
5 95
9 14
4 49
5 60
5 15
3 29
1 67
4 95
9 91
7 34
5 98
4 58
2 70
6 2
9 72
9 74
10 49
5 61
7 81
5 71
5 86
1 45
4 62
2 23
4 86
7 68
6 17
7 88
3 33
10 21
7 77
6 6
1 78
3 88
6 87
6 80
1 54
2 66
4 73
5 90
10 39
4 77
4 8
1 50
1 78
1 70
10 95
10 45
5 36
4 7
5 48
9 100
7 62
10 24
7 23
2 93
7 2
10 31
1 87
6 77
8 14
9 34
8 82
1 48
5 13
5 6
9 70
10 78
1 67
9 71
8 100
8 79
8 62
10 27
4 14
6 60
9 17
1 40
4 82
8 90
9 77
9 37
10 99
5 91
4 28
8 39
5 77
3 92
6 4
4 29
10 45
7 11
10 15
10 58
9 15
7 28
8 9
7 71
4 26
4 58
3 87
8 28
8 60
1 93
7 36
3 33
9 16
5 79
6 75
3 95
1 58
10 8
6 93
8 22
7 39
4 31
8 86
6 82
7 67
6 37
1 37
1 63
5 12
7 55
10 1
7 30
2 14
1 49
6 53
3 44
3 90
5 3
10 17
8 12
8 81
10 84
5 20
7 63
3 24
3 31
10 55
3 25
8 70
8 4
5 24
5 43
10 19
3 13
10 61
9 31
2 86
1 55
6 72
7 53
4 79
6 8
7 3
4 94
4 49
1 96
1 95
7 61
1 79
4 58
6 66
6 36
8 22
5 70
10 50
4 33
10 67
10 49
7 50
4 95
1 96
10 46
3 81
8 31
6 88
8 45
6 56
8 33
3 73
8 43
4 54
10 58
9 92
7 79
4 67
3 10
7 60
9 9
5 35
3 5
5 60
6 58
1 38
3 23
2 35
6 65
1 12
4 54
10 60
4 89
4 35
4 76
8 10
10 69
5 85
5 87
6 94
4 30
10 29
1 86
9 9
10 9
5 91
7 3
7 100
5 28
7 18
10 45
1 96
6 79
5 55
4 57
6 94
3 37
5 88
1 70
4 14
7 57
7 15
10 86
6 29
7 99
9 55
8 81
9 100
1 10
9 52
1 47
4 8
2 37
5 24
10 11
8 42
1 48
3 14
2 20
6 74
5 54
1 87
4 60
6 73
6 7
7 65
10 44
2 85
5 40
4 45
3 41
5 25
5 71
9 26
10 15
10 63
3 90
4 90
9 77
2 11
1 37
6 5
4 70
7 11
9 58
5 35
3 55
1 3
6 9
3 40
7 40
6 68
8 74
1 3
7 86
9 86
5 16
1 13
3 11
7 48
7 54
3 85
4 15
9 80
6 7
5 75
2 79
6 9
7 43
10 15
6 85
10 95
2 57
4 25
8 41
8 79
7 8
10 48
