2 45
7 49
10 80
8 81
3 21
10 33
5 85
7 35
3 85
4 25
8 3
1 62
4 66
7 62
6 68
2 66
7 75
8 69
6 45
7 38
9 45
6 19
8 79
3 3
4 12
1 56
9 60
9 52
5 49
8 99
8 69
3 98
5 95
8 74
8 15
2 34
1 72
1 75
10 40
4 56
1 15
4 35
7 76
3 56
2 46
1 47
7 82
7 24
7 11
2 3
4 15
4 90
10 24
3 17
6 87
5 57
5 56
5 45
6 96
1 69
5 61
6 84
1 16
8 97
8 41
4 54
3 16
5 18
6 59
9 82
4 33
10 83
4 5
10 34
9 52
7 76
5 97
8 45
8 87
10 45
3 98
8 35
1 46
3 66
7 6
7 69
9 61
3 26
8 7
2 82
9 94
5 13
6 60
1 58
3 57
4 39
9 51
7 32
3 62
5 61
6 29
3 33
1 87
3 69
10 7
9 94
2 1
9 68
3 52
3 24
6 21
10 12
7 82
6 19
1 64
10 36
5 84
4 32
7 48
5 53
6 91
8 28
2 30
2 44
7 95
3 53
4 20
7 68
9 28
5 82
7 26
2 18
8 79
6 1
7 91
7 37
10 28
4 42
1 55
1 90
9 91
6 71
5 80
8 98
2 69
4 63
9 23
2 60
10 78
3 97
10 29
10 86
9 65
10 31
2 12
5 89
6 61
2 73
8 84
1 99
2 88
6 73
9 16
5 10
1 92
4 10
9 53
8 48
10 12
5 71
7 15
8 50
9 65
5 87
7 89
8 75
10 91
5 8
10 95
7 96
8 83
2 9
8 8
8 27
1 96
6 62
9 35
4 9
9 7
2 61
10 2
8 61
8 45
10 44
2 12
7 45
1 25
10 95
6 28
9 26
10 44
2 89
6 93
7 13
5 75
7 35
3 44
8 30
7 13
5 82
6 29
1 97
9 16
5 75
6 32
1 49
2 38
10 2
5 35
6 71
8 1
7 45
6 66
1 2
7 45
2 24
9 29
5 82
6 70
1 29
8 17
7 62
9 56
1 95
4 57
10 11
8 21
3 16
7 16
7 56
10 67
6 4
9 5
1 30
3 20
4 61
10 97
3 71
5 76
3 43
3 89
2 13
10 3
2 31
8 95
10 45
5 48
2 37
10 79
3 22
1 6
8 64
4 8
3 9
7 60
5 70
10 86
5 16
10 10
7 94
7 74
5 45
5 33
4 23
2 63
1 65
1 100
9 68
2 1
8 35
3 77
3 8
9 33
1 80
5 52
5 13
6 42
7 27
3 28
10 46
7 20
2 48
6 2
6 35
7 92
1 54
2 27
1 61
4 56
10 31
1 19
9 36
1 66
4 100
2 54
9 43
7 42
6 79
5 96
9 63
8 18
4 74
6 18
2 26
3 31
2 59
5 28
4 99
4 42
8 31
8 67
7 36
8 69
2 1
9 82
8 70
9 50
8 54
8 42
9 5
8 65
2 44
9 35
9 75
6 51
3 50
1 90
5 31
4 79
5 87
10 84
2 80
7 25
2 99
10 59
8 28
1 38
5 4
10 1
2 47
1 1
7 46
8 5
3 35
9 49
7 33
2 57
8 15
2 82
2 21
5 68
9 86
6 26
10 89
6 4
4 18
2 70
6 38
10 11
9 80
9 21
3 46
4 43
4 20
1 61
1 51
10 43
7 95
5 75
7 79
2 72
9 58
5 64
3 20
4 91
4 14
2 18
10 55
6 16
4 84
6 63
1 82
2 14
6 35
6 94
4 16
1 71
1 83
9 51
4 69
10 14
10 25
1 57
4 20
4 21
10 73
2 67
6 62
10 47
2 27
6 73
1 25
2 48
7 55
10 90
2 48
7 13
8 42
2 85
9 36
7 26
1 45
1 9
4 46
5 80
8 17
9 67
10 41
2 75
10 39
10 93
10 15
5 54
5 92
10 46
10 68
1 31
10 63
3 78
1 23
8 2
7 15
6 81
1 70
6 7
10 28
9 36
2 63
1 70
7 46
7 29
4 7
7 64
1 52
6 54
5 89
10 49
5 40
2 42
9 41
7 6
5 9
7 13
3 39
7 37
4 94
6 30
5 75
8 85
5 22
8 83
5 39
10 77
2 96
1 23
8 14
3 50
8 50
7 1
6 81
10 35
10 63
7 75
5 37
1 74
8 55
5 88
6 86
1 58
9 35
6 94
7 64
9 72
5 43
6 98
5 78
9 60
10 42
4 34
3 12
2 67
8 69
3 2
3 6
10 16
4 41
6 82
7 76
3 36
4 4
9 51
10 17
3 4
2 65
7 47
6 14
1 79
10 2
2 59
8 82
3 66
5 35
3 100
10 13
8 42
8 37
1 73
2 87
3 46
1 70
2 1
9 56
3 96
2 17
6 3
7 87
7 2
2 28
9 43
3 1
3 18
4 3
2 75
6 72
10 64
10 71
9 16
2 54
5 76
1 30
7 40
8 97
4 95
5 71
10 52
8 30
6 76
2 93
8 30
8 55
9 48
2 78
10 77
3 7
6 25
3 61
5 17
6 83
7 72
3 70
8 93
5 24
6 40
10 67
5 92
10 61
5 40
10 18
1 79
1 48
9 53
2 43
6 3
8 14
8 26
3 88
5 1
8 92
3 50
1 53
1 72
1 14
1 22
7 27
8 63
3 40
10 25
5 74
10 84
7 73
8 98
8 10
1 93
5 14
3 57
9 51
2 32
2 25
4 31
7 46
9 28
8 44
5 69
6 76
10 64
8 21
4 22
9 58
6 96
8 38
3 3
6 85
5 20
2 39
7 39
10 1
6 22
10 12
3 57
10 68
6 30
9 2
7 75
4 62
8 47
6 55
8 14
3 96
2 60
9 88
8 74
9 82
5 6
5 28
1 1
6 38
3 78
10 68
4 81
1 72
4 97
8 81
3 99
3 50
4 29
9 27
10 92
7 40
6 63
8 15
10 37
6 54
4 97
7 62
8 44
5 90
6 50
3 14
9 23
2 97
2 91
7 41
1 65
8 55
10 14
5 25
6 44
10 69
3 10
1 77
6 51
4 87
3 51
5 56
1 96
4 4
10 68
4 22
4 37
8 15
5 78
9 68
10 28
4 85
5 89
9 96
5 36
6 84
9 95
2 4
6 75
6 71
10 34
8 29
9 91
5 12
8 67
3 58
7 27
5 48
5 59
2 32
4 10
4 79
3 19
2 13
7 72
8 43
8 65
7 23
7 69
2 95
10 38
1 4
6 35
4 49
7 83
4 53
6 28
8 38
9 30
10 20
3 3
9 38
7 84
1 8
9 29
2 98
5 42
10 69
3 46
5 20
5 98
3 23
4 84
10 71
7 84
5 41
9 75
3 78
4 59
8 75
2 89
5 39
8 56
2 70
2 17
8 77
3 3
3 69
4 68
1 24
9 46
6 35
8 50
4 81
8 43
6 49
2 7
5 5
2 15
10 55
10 4
2 44
7 27
6 43
1 73
10 68
3 3
6 35
8 39
7 13
2 19
6 18
9 52
5 92
1 67
4 3
2 59
3 10
10 40
4 3
5 43
2 91
8 60
3 1
6 73
3 49
6 32
5 81
2 68
10 72
5 65
7 71
3 14
9 82
7 85
8 63
3 38
4 49
4 32
9 36
4 81
10 37
2 81
6 87
6 67
6 10
10 16
4 3
10 61
7 87
8 63
8 84
5 86
5 3
3 75
2 77
4 24
8 34
10 94
7 19
3 17
1 8
6 97
9 34
2 72
10 23
7 85
9 9
8 51
2 32
5 62
3 88
1 16
10 30
7 24
6 39
3 14
1 12
3 55
3 69
4 78
10 89
10 24
10 23
8 73
6 23
7 45
9 52
9 34
10 7
6 67
7 21
1 54
5 25
5 78
10 48
2 77
1 2
8 42
5 10
9 55
2 42
9 14
7 42
10 70
9 28
1 45
1 37
10 72
8 95
5 59
10 70
10 43
10 100
1 70
8 41
6 51
3 24
9 99
5 50
7 80
3 65
7 80
7 100
3 46
8 74
4 73
10 88
9 34
7 1
3 37
8 49
8 43
9 50
9 4
1 43
9 60
10 6
8 68
8 94
6 58
9 62
10 1
7 94
7 84
5 15
9 86
8 50
6 1
7 98
3 40
5 78
3 69
5 43
4 44
8 63
6 85
4 12
6 58
10 55
3 50
5 36
1 70
5 83
3 43
5 66
10 55
3 55
4 5
6 65
9 16
9 38
5 80
5 2
10 85
7 84
1 4
2 91
8 88
3 9
4 58
7 36
4 94
1 53
3 51
4 42
8 64
3 83
2 85
6 66
7 33
8 77
10 58
3 33
4 48
6 24
8 66
10 50
4 100
6 77
9 10
6 44
1 70
4 20
1 53
10 47
5 58
4 85
2 92
3 80
1 31
7 31
5 39
8 23
9 73
6 31
1 23
10 54
5 19
10 15
9 72
8 61
5 65
6 85
8 86
7 49
5 68
3 31
