9 79
5 14
1 42
8 69
7 82
6 62
10 3
7 90
8 14
9 75
3 57
6 88
7 70
6 18
9 90
4 44
7 24
5 75
9 59
5 12
2 35
4 88
3 51
7 15
4 15
4 44
10 78
4 45
10 82
1 10
8 21
8 64
9 79
9 89
8 34
4 35
8 87
1 68
8 90
6 100
6 86
3 53
1 78
8 39
7 56
8 2
9 33
10 87
2 86
7 25
10 18
7 86
2 72
7 25
7 51
2 46
10 73
6 48
10 90
3 87
10 4
8 3
4 65
1 45
2 43
3 69
2 27
9 16
3 24
7 37
4 43
4 8
9 98
1 71
1 82
3 77
9 66
7 39
5 37
5 49
9 8
8 91
9 22
10 38
8 12
5 92
7 61
8 3
7 95
2 93
6 45
4 8
1 26
7 20
6 46
10 60
4 83
5 38
1 10
3 100
1 68
4 68
6 90
2 87
3 89
1 74
4 43
7 61
9 11
9 81
3 63
7 70
10 97
3 70
10 91
8 6
2 48
7 42
7 41
1 43
6 48
8 54
7 80
7 68
10 87
2 6
8 81
3 50
2 18
9 47
10 74
6 7
4 68
4 11
8 74
8 84
2 49
10 57
4 37
10 76
8 12
10 55
4 55
6 49
7 58
4 90
7 14
6 71
8 44
7 78
6 50
2 6
6 89
5 44
8 70
1 6
6 47
3 93
6 93
6 42
4 13
2 93
7 44
6 52
6 68
6 83
10 32
5 16
2 11
7 69
5 26
7 94
7 84
6 78
6 92
3 15
8 47
8 66
4 79
5 8
6 40
6 78
4 52
5 68
6 2
4 42
2 85
10 87
2 52
7 80
9 27
7 70
9 15
2 36
10 47
3 75
7 83
5 47
7 87
1 55
3 74
1 38
9 56
8 26
8 29
6 18
6 83
2 59
3 15
10 7
5 53
2 23
8 63
5 75
4 93
4 72
10 26
9 57
8 34
6 79
4 55
4 96
7 39
3 31
1 82
7 51
10 64
9 18
8 90
6 4
7 48
6 33
2 20
6 51
7 7
1 5
10 100
2 70
1 43
2 26
3 83
4 96
5 97
3 88
9 41
10 60
1 71
6 58
10 86
5 85
4 36
1 25
6 7
2 96
4 44
4 16
10 83
3 39
5 91
3 70
4 88
5 38
4 23
3 17
5 57
6 13
10 36
7 23
3 64
4 11
8 18
2 36
6 7
6 74
2 11
7 64
9 7
10 22
10 98
8 27
2 85
9 45
5 44
7 54
4 62
7 97
3 83
10 42
10 45
10 35
3 44
1 94
5 58
5 28
9 99
4 35
2 15
7 40
4 39
6 31
9 87
4 40
9 81
9 88
8 86
3 45
6 34
1 35
4 77
10 48
3 47
9 83
6 57
6 18
8 46
9 17
2 85
10 3
2 40
8 20
9 98
3 96
9 6
9 80
3 48
2 39
8 81
9 16
5 59
3 99
3 68
2 54
6 29
4 6
10 39
9 63
2 92
5 32
9 51
3 25
5 27
6 72
4 30
2 22
10 43
7 91
2 49
1 84
10 87
7 65
9 78
4 8
4 30
4 98
2 61
8 45
9 61
8 98
1 93
1 56
9 68
2 75
10 26
7 15
5 7
3 89
7 90
2 52
2 63
8 8
3 77
2 1
6 4
6 51
9 26
2 15
5 62
6 41
7 74
3 40
9 5
10 84
10 46
10 87
1 14
9 32
2 14
2 20
5 14
8 50
6 46
8 75
2 60
9 83
5 49
5 79
9 5
5 28
8 18
4 28
10 53
7 85
1 37
5 11
9 69
3 48
6 32
1 51
1 20
6 44
2 8
10 24
8 55
1 36
5 35
10 61
2 90
5 87
2 41
9 18
7 51
8 27
1 9
6 4
10 12
3 68
2 39
10 42
5 67
3 96
1 81
7 15
10 95
6 54
1 75
4 81
6 97
3 29
4 16
4 65
4 45
6 84
8 12
2 42
4 100
8 12
5 50
6 5
9 10
2 19
5 38
3 7
10 27
10 61
5 6
3 27
6 3
9 30
1 6
9 11
6 32
1 1
5 4
6 13
10 88
4 60
4 10
1 53
5 81
10 11
9 41
6 42
1 26
6 40
5 18
5 74
5 29
6 9
6 55
3 75
5 49
2 3
3 56
2 90
2 91
9 43
10 12
3 86
8 98
1 60
7 86
4 15
2 48
9 74
5 70
7 9
7 29
2 71
6 15
3 11
7 57
7 49
3 100
6 22
4 79
9 60
10 46
9 25
6 82
9 55
4 61
1 97
4 24
7 32
5 12
5 56
6 54
6 5
8 71
10 99
6 89
6 39
8 60
9 6
4 97
1 63
4 29
6 19
3 17
5 18
1 54
2 17
2 96
10 56
7 61
10 36
7 4
10 45
8 27
4 99
1 66
1 65
10 97
2 41
2 38
9 97
8 5
1 41
3 93
7 52
8 29
5 42
2 35
4 91
6 88
9 95
5 17
7 30
4 54
8 28
4 74
3 89
9 86
4 88
6 95
1 51
1 71
7 77
8 72
3 75
9 65
9 80
10 66
5 91
4 79
5 91
3 12
7 7
3 4
5 100
10 40
10 28
6 4
10 93
4 29
2 7
7 10
8 83
3 48
4 25
8 88
10 56
3 17
2 54
4 20
8 63
8 41
6 76
3 35
2 21
4 71
4 26
1 61
8 23
2 61
7 67
6 98
10 100
5 6
3 42
1 85
5 42
7 18
5 57
8 64
7 85
5 27
4 36
1 45
10 77
1 4
4 65
10 68
8 67
2 1
2 27
3 3
8 8
6 31
3 48
7 92
3 63
1 59
2 29
9 7
7 69
1 32
7 15
10 67
3 64
1 83
1 53
6 91
4 78
10 100
7 42
6 74
3 25
3 80
9 25
5 33
3 74
10 22
9 73
1 2
6 20
5 72
5 12
6 96
10 56
4 69
1 66
3 63
1 20
3 78
7 53
9 39
7 53
9 91
3 23
8 37
5 27
1 52
4 81
1 7
2 33
1 22
3 40
7 78
10 27
4 32
2 35
9 56
2 78
3 13
5 42
9 13
10 48
2 82
2 3
9 83
6 94
6 94
8 36
5 64
1 83
6 44
9 37
3 4
8 52
3 13
5 36
5 17
9 64
6 4
6 49
9 28
9 19
8 67
9 26
5 40
8 52
1 45
8 54
4 80
3 92
3 47
3 35
9 46
9 30
1 69
5 89
4 27
4 63
1 63
6 91
6 70
7 61
2 86
7 6
2 43
10 18
3 7
4 42
7 67
5 63
4 28
3 39
10 68
6 67
4 100
1 45
4 43
9 15
5 53
1 89
2 85
8 17
2 13
5 37
6 80
8 55
9 91
8 93
2 1
3 34
9 60
9 2
5 6
3 46
8 52
9 24
2 71
5 86
1 44
8 49
4 82
8 98
5 32
3 64
5 60
1 74
9 32
4 97
2 12
4 53
6 20
3 61
6 20
10 21
9 90
1 80
3 17
3 59
6 36
10 97
7 29
1 81
2 32
10 26
9 36
6 25
6 78
9 34
3 41
9 97
7 82
5 44
1 75
9 7
3 79
1 79
7 75
2 75
3 28
6 21
3 30
1 58
4 28
8 18
1 97
7 51
8 27
4 4
2 14
4 69
6 89
10 94
3 26
8 18
2 100
1 34
8 71
4 43
5 67
9 89
3 61
1 34
1 54
4 36
8 34
10 14
8 26
7 62
1 55
4 99
1 96
5 6
10 34
2 17
1 39
2 47
6 31
7 44
8 96
3 76
7 98
2 66
4 2
4 11
9 21
4 65
7 100
10 32
9 100
1 72
3 39
3 64
4 62
1 58
1 11
9 56
1 62
8 80
3 41
5 62
1 8
4 66
10 67
9 87
7 16
5 19
10 77
7 21
5 59
8 3
9 36
4 20
4 31
3 49
10 87
4 21
7 77
6 55
4 27
10 25
8 62
10 43
1 80
6 65
3 49
7 73
8 7
8 21
10 36
4 37
8 75
9 2
9 16
10 84
6 62
10 49
3 87
2 23
8 11
10 39
2 57
10 85
3 88
7 6
3 37
3 32
2 75
6 92
7 35
4 68
7 54
1 4
8 98
9 64
8 68
10 9
10 53
2 38
10 98
1 42
9 51
5 25
5 89
3 51
5 49
7 52
3 49
3 36
8 60
8 42
4 5
9 39
3 72
5 50
4 15
6 8
10 98
8 68
6 22
9 23
9 59
4 71
2 40
9 35
1 8
6 61
7 91
1 19
5 43
2 6
1 10
2 33
7 16
7 47
8 58
4 4
9 51
6 42
9 79
2 80
3 26
3 28
5 78
10 10
4 33
2 29
10 10
4 70
2 11
3 88
6 50
6 27
5 97
3 73
6 90
6 79
1 71
1 68
9 58
8 21
5 63
7 17
2 9
2 40
10 71
3 31
6 76
4 75
7 39
5 28
9 77
1 44
7 22
6 84
