4 12
1 9
5 91
3 52
4 76
3 48
4 17
5 31
1 80
9 45
8 68
9 50
6 2
9 22
1 7
6 11
2 80
1 46
9 43
7 32
3 70
8 19
5 65
9 54
1 12
3 73
8 59
9 42
10 23
6 98
7 26
7 65
10 2
10 46
5 10
3 17
2 46
10 86
7 30
3 39
6 56
7 46
2 95
5 90
7 71
4 25
7 54
5 91
7 64
8 81
7 17
3 4
10 12
1 5
6 56
5 63
10 14
3 56
5 65
2 54
5 8
1 9
8 94
9 57
10 56
1 43
6 70
5 81
8 4
10 24
1 50
8 57
2 27
3 60
3 60
3 33
1 64
1 28
10 75
5 97
4 64
8 97
2 12
5 40
9 94
4 12
8 96
9 70
4 16
3 41
7 92
2 16
7 76
3 17
7 67
4 77
10 29
6 42
8 88
5 100
8 17
1 43
10 47
6 46
1 59
8 26
3 82
3 67
4 48
3 96
1 49
1 69
3 3
7 61
4 77
10 34
8 54
5 43
1 34
2 89
9 25
8 81
2 82
10 29
4 20
3 2
4 34
2 95
4 94
1 92
3 36
4 30
10 30
3 95
5 65
1 90
10 66
3 57
2 62
5 79
2 75
2 1
6 13
9 100
8 38
9 35
7 71
2 15
9 99
9 87
6 77
2 41
9 78
6 15
8 44
2 40
3 3
4 71
1 51
1 55
2 91
3 68
8 61
7 50
7 10
7 51
8 21
6 64
4 72
6 93
10 56
4 98
8 35
9 7
5 3
1 30
10 41
1 64
2 19
7 82
5 59
10 32
7 70
7 13
9 18
5 25
2 69
7 71
8 94
7 37
2 29
5 22
3 71
10 72
9 36
3 33
3 70
5 20
1 47
3 13
5 35
5 37
6 51
6 87
2 90
8 77
10 30
4 67
3 67
7 23
3 37
1 84
10 59
10 13
8 25
1 59
7 58
7 87
6 23
6 27
9 93
6 91
1 33
9 76
3 79
2 21
6 57
5 10
6 30
1 58
1 55
6 92
9 20
3 98
6 68
5 55
8 12
8 36
7 99
10 26
9 29
5 18
2 68
5 33
4 55
1 23
6 57
8 20
9 34
7 71
2 47
1 15
6 31
10 10
1 83
1 20
8 27
3 86
7 7
1 54
7 77
2 16
2 4
2 70
8 10
6 4
4 59
1 82
2 54
2 95
1 2
9 60
1 38
8 18
5 73
9 100
2 70
8 22
1 47
6 15
4 49
7 38
2 72
8 21
9 37
5 2
2 78
5 63
5 90
1 44
4 42
4 77
5 40
6 35
8 46
9 87
3 3
8 54
5 39
7 47
9 36
9 95
6 22
7 24
5 43
4 86
5 99
1 58
6 60
5 21
7 50
4 33
2 44
9 91
1 39
10 45
3 7
2 86
4 87
10 53
10 57
3 91
3 32
5 30
8 35
1 58
5 19
9 90
5 44
9 29
1 1
1 39
1 10
7 56
2 91
6 47
7 60
1 75
8 48
4 11
10 87
6 72
9 44
3 90
1 71
2 88
5 44
1 72
8 88
9 75
4 34
10 69
9 11
3 74
1 55
4 82
6 5
3 3
5 13
6 24
8 100
7 96
4 28
1 1
10 19
4 89
8 79
1 97
5 28
1 89
8 61
8 98
6 89
10 33
3 94
2 5
5 41
2 10
2 34
5 70
8 81
10 17
5 58
7 52
8 49
5 86
5 27
2 44
7 51
6 43
5 36
1 29
8 64
9 8
10 33
3 19
1 83
10 27
10 68
3 89
5 64
8 55
8 17
9 52
2 86
7 62
7 91
7 31
2 66
5 8
1 22
7 31
8 94
7 99
9 40
5 6
4 79
2 11
8 22
6 73
6 40
3 21
9 13
4 4
10 64
3 33
7 48
3 94
10 40
9 17
2 66
5 88
2 43
4 58
3 94
5 84
7 35
5 28
7 89
3 99
1 40
1 99
6 11
7 6
6 78
10 34
10 35
4 54
3 76
2 44
6 10
3 65
8 57
6 43
3 72
7 94
4 23
1 70
4 84
6 1
3 92
5 60
8 75
9 21
4 38
2 85
5 37
8 19
9 48
6 74
9 56
2 35
6 97
8 31
1 82
9 19
6 49
8 73
2 64
1 25
1 57
1 70
6 71
6 95
3 2
1 61
10 65
6 18
8 62
4 12
1 46
10 90
4 83
3 40
7 100
10 61
3 61
8 89
7 97
8 93
4 77
8 93
5 62
1 20
3 26
5 47
6 3
3 68
10 45
1 69
8 75
4 74
10 50
5 52
7 6
7 76
3 54
5 12
10 87
5 81
8 32
8 31
10 69
3 65
5 74
5 37
5 60
8 76
6 83
6 10
6 83
6 65
1 57
7 88
2 24
10 85
7 90
4 100
7 77
1 19
4 36
1 22
3 11
7 54
4 50
10 87
5 15
9 76
7 42
10 56
7 67
7 87
5 78
5 22
2 14
4 20
8 85
1 30
2 25
2 73
2 57
1 7
8 58
8 56
2 17
2 100
2 89
8 100
2 38
3 65
8 77
4 40
7 42
7 59
5 1
5 1
6 62
3 75
5 85
7 58
5 97
10 1
7 12
6 11
9 64
7 58
3 17
7 81
8 48
10 83
8 36
6 29
10 3
7 9
5 28
8 70
3 96
3 49
3 55
6 81
8 29
4 39
4 39
4 9
9 25
5 9
6 97
3 82
2 81
8 35
2 57
9 63
5 40
5 10
10 19
4 46
10 1
5 58
3 66
4 68
4 26
8 29
1 84
9 60
7 8
10 20
5 62
9 58
8 79
8 47
8 67
7 22
3 29
7 38
10 98
5 19
8 35
5 52
3 38
10 66
5 72
5 12
6 23
10 27
1 7
9 56
9 7
8 4
9 98
3 71
10 80
4 74
1 95
7 80
10 2
8 25
8 45
4 95
2 55
5 29
1 41
2 9
7 20
3 69
1 55
7 5
7 67
9 85
3 16
5 79
8 17
1 89
7 7
1 69
7 22
7 45
4 14
1 6
6 42
6 28
3 23
9 17
8 3
6 95
3 81
7 68
1 54
4 73
3 90
8 23
1 73
8 66
5 56
1 31
10 79
2 70
9 50
7 89
5 49
9 45
2 41
3 63
9 21
1 42
7 21
6 11
2 23
1 9
10 4
7 85
3 41
6 71
6 15
5 51
8 13
8 78
5 18
7 60
8 67
1 63
9 10
8 27
2 32
4 82
4 10
5 95
1 60
6 30
3 56
3 38
7 37
5 8
1 86
4 83
3 19
4 74
10 91
4 50
3 77
9 93
1 97
7 60
3 43
6 36
6 83
1 70
6 87
7 84
9 62
9 57
4 98
9 52
5 18
6 16
3 42
2 57
10 95
3 2
5 66
5 45
3 1
8 87
1 3
1 29
10 82
2 84
4 27
7 56
3 5
5 66
8 38
7 79
3 7
4 13
8 66
4 36
1 43
2 54
2 92
6 57
4 74
7 78
7 22
10 28
4 29
9 18
4 33
8 54
10 48
7 63
2 58
4 14
6 15
1 81
8 74
2 25
8 30
9 74
2 72
7 49
4 66
1 90
10 91
8 47
4 3
2 42
6 51
1 95
2 22
8 58
5 62
7 64
6 62
7 52
1 44
10 71
8 44
2 56
5 37
6 6
7 9
4 64
4 51
9 6
10 24
6 48
10 47
6 88
7 18
5 48
9 87
1 93
3 87
3 82
5 91
5 91
5 24
3 79
1 17
5 84
6 96
1 63
3 78
9 38
7 82
7 63
1 56
7 20
4 75
5 95
3 99
9 85
10 41
1 62
2 15
2 9
1 56
3 83
7 78
7 61
7 13
7 19
3 39
7 59
4 71
9 7
9 16
4 37
4 8
5 13
7 17
1 12
9 11
2 4
2 67
9 47
5 5
2 66
2 61
2 7
6 53
2 59
8 63
9 70
8 61
5 40
10 55
8 54
5 52
1 2
7 90
9 33
10 4
3 23
5 10
8 12
9 35
9 29
10 90
2 65
4 12
4 68
3 10
1 27
1 81
9 46
7 98
8 2
8 3
6 22
6 72
7 93
9 43
5 47
4 73
2 2
6 89
4 27
4 18
10 94
4 92
8 3
10 32
8 91
4 63
3 11
9 93
1 79
4 55
8 4
4 2
2 72
9 95
7 55
1 2
10 80
1 6
6 29
9 19
6 8
5 86
6 74
10 13
10 86
7 60
7 68
4 28
8 64
10 56
10 79
6 66
4 9
9 96
6 44
3 51
8 92
6 73
4 32
3 51
4 94
10 18
5 7
4 8
5 14
4 50
2 91
7 38
5 52
5 36
9 68
2 9
7 4
4 52
6 59
5 23
10 42
6 13
3 93
4 56
1 17
5 71
9 59
6 3
4 6
2 63
9 25
6 88
10 36
4 10
8 65
7 90
10 34
5 5
1 51
4 72
4 30
10 9
1 60
8 81
9 46
