3 32
3 2
6 97
6 63
1 29
3 34
3 10
8 80
1 92
8 10
6 100
1 71
10 83
2 97
6 95
1 22
8 57
1 45
10 98
1 82
5 8
5 24
6 84
9 26
5 39
6 18
9 14
7 99
4 95
7 70
3 49
5 4
10 28
5 67
3 10
5 14
1 46
1 18
10 96
10 71
5 54
1 8
8 74
10 40
9 79
8 74
9 74
7 88
6 15
8 44
3 94
3 80
4 62
6 88
7 71
9 50
1 83
1 6
7 83
7 16
2 8
9 67
9 42
10 96
8 35
8 28
4 41
10 59
4 59
3 66
2 32
6 8
10 91
2 5
10 1
9 64
8 23
5 31
1 12
3 53
3 68
6 88
4 88
4 76
3 43
6 45
5 64
2 29
10 58
9 54
5 81
7 51
7 63
9 5
4 24
10 78
8 78
1 55
8 62
7 15
4 36
2 84
3 61
10 100
10 68
3 92
8 98
5 98
6 63
1 26
5 59
2 57
10 85
2 65
9 23
6 4
10 79
7 26
3 98
8 38
10 41
2 35
8 96
7 61
3 3
9 60
2 56
10 99
2 41
2 70
9 100
8 58
2 4
5 65
7 16
6 47
1 88
8 35
5 28
4 16
9 66
1 97
8 99
4 83
5 2
10 78
5 12
5 97
3 99
7 84
8 38
1 2
3 79
1 40
10 10
5 50
4 70
8 51
10 1
2 55
8 59
3 21
1 28
10 31
4 92
9 44
1 5
4 52
1 13
8 91
5 65
2 3
9 13
3 68
8 61
5 76
1 14
10 96
3 43
10 66
2 87
2 79
8 40
3 1
9 25
6 58
3 33
7 85
1 48
6 11
8 72
2 1
3 49
2 45
6 53
1 63
5 16
4 15
3 23
9 12
8 32
9 67
8 39
4 62
7 64
3 4
2 89
1 7
10 65
3 50
10 19
9 93
10 70
3 75
6 55
9 34
1 7
5 69
4 46
1 39
2 51
4 76
8 24
9 42
3 63
10 10
6 80
3 81
5 91
4 14
9 19
3 10
9 12
1 40
3 30
8 71
1 22
4 77
6 74
2 70
9 61
7 49
4 93
2 43
3 2
6 50
3 60
9 98
1 92
10 92
1 56
8 87
9 21
4 85
4 31
2 54
7 92
4 4
10 89
2 62
4 58
9 7
9 73
8 80
2 95
5 98
8 95
4 75
5 28
2 3
5 97
5 22
7 24
10 17
10 28
4 75
1 60
3 71
1 82
1 28
5 29
3 24
6 20
2 62
8 6
5 55
2 55
3 20
6 52
10 50
10 59
5 78
10 56
5 96
8 88
6 67
1 65
9 44
5 74
8 17
5 53
7 85
9 50
6 6
7 34
4 74
3 54
5 38
5 70
5 80
9 23
6 45
1 81
7 1
7 73
5 84
5 83
2 41
7 88
8 20
1 65
2 76
5 31
2 4
5 22
2 41
8 5
4 26
9 80
6 99
2 46
6 50
10 66
9 23
8 40
3 64
9 24
1 87
9 100
5 100
2 20
6 98
2 36
6 77
10 5
4 50
2 28
8 40
6 52
4 96
7 55
7 36
10 13
3 4
1 5
1 9
4 96
5 31
5 56
4 55
2 2
9 90
10 16
1 98
4 99
4 87
10 36
9 32
7 82
9 48
7 45
6 16
6 10
4 25
7 32
5 83
8 53
7 4
4 73
7 87
4 89
9 52
6 28
5 18
3 36
9 40
2 16
1 29
1 49
3 86
3 56
10 6
10 11
3 78
7 92
1 88
5 39
7 95
5 58
4 88
3 16
9 98
4 55
6 47
9 99
1 72
1 88
3 48
5 20
8 54
5 52
8 8
2 13
5 44
9 50
3 70
8 88
2 88
4 69
10 27
6 6
9 57
6 94
1 69
3 16
4 11
1 89
8 41
5 23
4 59
6 37
2 62
7 93
2 61
8 62
4 36
9 16
7 43
2 79
10 28
3 83
8 97
1 32
10 37
5 72
8 93
8 34
7 94
3 35
10 70
3 95
10 56
10 95
3 94
5 81
9 38
5 81
8 41
1 100
4 24
4 50
7 48
3 86
1 6
1 25
8 5
1 92
2 13
9 40
7 44
9 51
3 70
6 70
4 65
5 13
6 95
7 72
2 82
9 4
7 35
9 85
4 63
4 43
1 27
9 7
2 70
6 30
8 17
3 18
3 87
3 8
2 26
3 5
9 54
8 32
7 97
8 34
6 53
4 94
8 87
6 88
7 73
5 81
9 91
9 64
5 45
9 32
6 37
3 95
3 20
2 15
6 64
10 87
4 98
1 73
1 13
7 63
6 91
2 21
2 79
9 42
5 89
7 86
2 71
10 40
4 77
1 68
9 67
10 62
5 14
9 63
9 81
10 72
7 66
4 84
5 58
2 62
9 90
3 21
1 13
1 5
2 47
8 32
8 95
6 65
6 61
10 72
10 82
6 47
10 29
1 9
5 36
9 29
3 100
5 38
10 74
5 82
4 68
9 54
9 76
7 5
8 23
10 37
3 9
9 99
2 73
1 90
1 60
6 47
1 52
3 48
8 35
10 91
9 66
5 66
1 89
4 86
2 73
5 69
9 21
10 54
4 56
3 19
3 71
4 5
9 44
9 23
1 88
5 84
5 91
2 41
1 83
2 60
10 97
2 41
8 67
8 10
2 51
9 76
6 53
5 65
8 26
7 64
7 29
6 41
4 30
5 30
7 5
8 35
4 73
2 28
4 67
2 92
6 63
8 18
1 85
8 23
3 1
7 70
3 73
8 54
1 40
2 54
4 88
9 75
3 48
5 70
8 92
7 17
7 39
5 21
2 48
1 33
3 57
10 54
10 9
7 63
10 47
8 48
5 16
10 8
1 66
2 36
3 32
6 11
8 11
6 99
2 62
3 82
2 38
10 71
4 72
10 87
8 25
8 37
4 77
8 26
2 59
1 41
5 88
2 47
9 71
10 10
1 50
4 42
9 60
4 53
7 59
9 92
3 40
4 91
9 46
10 52
3 27
3 30
1 59
2 25
4 31
8 62
1 77
7 28
3 64
9 33
2 10
3 68
9 18
10 69
9 75
3 88
10 31
6 70
10 51
5 17
1 16
8 66
2 59
6 30
9 100
9 90
8 92
6 76
7 30
8 4
9 54
2 32
1 30
3 89
2 45
9 14
1 92
10 82
6 95
4 90
2 82
7 89
3 38
7 77
3 4
4 19
5 97
5 33
2 31
8 40
7 12
9 98
9 77
8 79
5 86
2 9
3 37
2 25
8 44
5 61
10 13
8 23
1 49
9 8
1 80
3 10
2 53
3 35
5 82
10 72
10 8
3 15
3 85
4 74
8 61
9 17
3 11
10 98
8 1
2 43
4 13
6 44
4 4
6 67
5 47
2 66
10 28
4 80
3 30
3 53
5 66
10 53
1 28
6 27
3 54
7 19
7 8
9 17
3 60
4 80
6 48
10 8
7 91
10 28
4 72
7 65
1 7
3 100
3 91
8 43
1 68
6 16
7 90
6 93
8 74
4 100
1 94
9 18
1 16
8 23
8 12
4 27
7 35
7 80
10 60
9 25
8 38
2 34
5 36
9 97
10 6
8 21
6 7
7 81
2 36
7 45
10 9
6 74
2 23
4 92
2 3
10 26
6 89
7 4
10 81
2 32
1 15
3 32
7 85
9 85
10 55
8 78
8 63
5 91
10 35
10 23
5 68
5 85
2 57
9 64
3 41
9 55
5 50
1 49
6 3
1 100
3 25
9 97
6 42
2 24
5 78
8 23
7 95
1 78
5 9
5 13
7 60
9 65
9 67
1 48
8 41
10 60
4 53
9 76
1 58
10 24
2 29
8 58
4 33
2 50
2 10
1 90
10 46
8 67
2 61
8 33
10 99
4 1
6 80
2 21
2 67
9 64
2 36
10 65
2 53
6 28
7 52
1 92
7 23
5 47
10 69
7 59
4 97
4 78
9 85
9 94
1 78
6 94
6 66
7 61
5 47
1 88
6 58
10 44
8 16
2 8
6 90
5 36
10 12
2 43
5 17
10 21
10 77
9 62
4 72
7 68
2 43
2 83
2 77
7 20
7 20
3 39
8 78
3 58
1 78
5 20
1 44
4 47
4 22
3 79
8 42
7 23
9 37
3 81
9 9
10 65
5 71
3 31
3 87
6 59
5 65
9 83
8 82
7 72
7 100
10 53
6 79
8 50
8 5
7 57
6 33
3 23
10 89
6 77
6 57
2 81
4 32
8 5
3 42
3 32
1 43
1 1
2 16
3 36
6 36
2 59
10 2
1 6
3 46
4 19
3 49
4 25
8 67
10 96
10 13
3 59
3 71
4 54
8 8
4 15
2 68
2 71
1 92
8 26
5 14
3 92
8 15
8 92
3 26
3 7
9 62
7 89
2 89
3 68
5 53
3 26
8 75
5 50
4 22
6 66
6 90
4 45
4 11
5 92
9 78
3 39
1 6
