7 21
4 56
2 38
5 28
6 16
2 62
8 100
2 89
2 56
10 65
3 49
6 44
8 78
2 56
1 74
4 7
10 77
6 29
7 88
3 22
9 92
2 32
7 38
4 16
2 81
10 11
10 63
9 59
4 85
8 93
10 91
7 38
3 77
3 76
3 8
7 75
10 36
10 92
8 95
9 16
6 23
1 36
9 50
10 40
3 47
4 21
1 44
6 35
3 59
10 40
8 38
5 25
7 84
3 19
5 29
10 93
8 22
8 20
10 67
6 99
10 38
6 78
10 78
7 23
1 92
10 42
8 73
8 58
4 16
2 55
8 27
1 2
7 86
2 35
5 40
9 96
9 52
7 28
6 52
3 50
4 4
3 44
5 25
9 99
1 56
5 46
10 90
10 7
1 91
9 94
10 49
9 50
9 39
3 17
10 70
7 92
7 47
1 68
9 38
10 59
1 36
4 15
8 97
4 14
5 57
7 59
9 1
3 37
10 48
2 55
8 25
3 32
5 9
2 72
2 94
1 23
1 95
8 38
4 65
10 37
9 8
5 100
6 16
4 31
5 87
1 20
9 76
10 19
8 97
7 70
7 98
3 19
4 27
4 63
5 76
10 61
4 91
6 8
5 27
5 30
7 64
3 18
10 100
3 100
4 85
7 29
7 92
7 2
3 10
8 87
9 61
4 45
5 44
4 7
10 41
6 46
9 27
5 100
1 100
4 73
10 23
4 13
6 87
10 57
7 62
2 56
5 49
5 94
9 13
3 78
1 34
5 76
1 8
4 94
3 4
1 67
2 5
2 23
3 48
6 79
8 97
7 88
5 71
2 88
5 72
9 15
8 43
8 8
9 31
8 85
8 33
1 45
3 9
2 61
1 26
5 34
3 20
9 18
6 32
5 78
8 47
5 59
10 39
1 34
1 31
9 67
10 26
1 89
7 100
8 5
2 5
10 64
6 27
8 10
2 83
3 45
3 83
4 15
3 51
10 45
5 58
9 42
7 20
7 92
5 78
10 49
5 94
4 97
2 42
7 52
9 4
3 68
5 24
4 38
10 82
10 38
8 70
6 80
9 62
3 45
3 28
1 15
2 29
1 78
1 97
3 1
5 72
7 97
5 78
9 100
6 13
1 89
9 5
9 55
2 33
4 33
6 83
2 67
3 68
8 71
10 16
6 75
6 42
6 6
8 45
5 81
9 90
8 89
7 33
6 6
2 67
9 68
5 2
1 51
9 13
1 60
6 87
8 40
8 39
8 39
9 97
5 50
2 28
6 67
9 95
3 42
9 59
1 78
9 20
6 96
10 8
4 72
6 21
6 95
1 22
5 30
4 50
4 57
2 25
7 58
8 67
1 25
5 82
8 42
3 33
6 35
5 12
3 28
5 32
8 56
5 83
3 24
8 87
6 12
9 41
2 12
6 61
3 93
8 95
4 84
6 96
3 26
6 17
4 76
8 26
7 75
10 87
4 80
1 54
8 90
7 8
7 94
6 17
1 64
10 55
8 54
1 27
10 59
3 72
7 7
6 64
1 20
10 45
4 8
2 17
4 14
4 87
2 83
5 51
7 16
9 16
5 14
9 72
2 65
6 12
3 10
4 59
8 40
5 74
8 93
5 10
10 19
6 9
7 61
10 70
2 12
1 89
6 77
9 100
7 85
4 38
7 80
3 9
3 81
4 81
3 67
1 55
9 26
10 67
10 93
5 36
6 5
9 91
3 34
4 48
5 25
3 5
2 94
9 91
7 1
5 2
3 41
5 5
7 20
3 92
3 6
3 40
7 73
5 45
4 46
5 22
10 50
8 13
4 84
7 41
10 79
9 10
4 64
8 16
1 90
5 25
7 58
6 89
8 97
2 76
8 73
10 31
9 65
5 47
7 14
3 71
2 59
3 24
3 79
9 44
5 43
7 25
3 90
5 32
4 62
3 11
10 6
10 79
4 97
6 82
10 75
4 8
8 65
7 73
5 47
5 17
1 59
2 80
4 49
3 25
5 91
2 62
6 54
7 53
1 50
5 35
10 19
1 38
10 38
2 44
3 28
5 87
2 54
4 47
4 21
1 13
7 32
4 30
2 21
6 3
10 16
5 9
9 16
6 28
6 32
9 10
1 86
10 97
9 100
8 93
5 23
6 6
7 1
2 82
3 38
7 8
3 15
6 28
1 44
2 77
7 9
4 94
7 92
1 93
4 93
10 67
6 2
4 37
3 86
10 47
2 46
3 75
2 36
9 77
3 12
5 71
6 16
9 76
6 43
7 93
5 14
2 28
7 91
8 93
4 64
10 92
7 20
7 94
6 1
9 87
6 15
7 64
9 21
8 68
9 6
5 43
1 57
5 96
3 2
4 96
5 53
4 61
3 10
4 3
1 96
8 3
2 62
5 33
8 44
7 8
4 46
7 93
2 60
1 72
7 70
7 89
9 71
10 51
5 2
6 23
9 100
4 64
8 49
4 94
10 77
4 85
8 47
6 52
5 74
1 15
5 80
2 83
5 49
8 93
1 12
3 11
4 61
5 74
9 87
9 99
7 65
7 65
3 72
4 28
6 95
7 42
8 44
2 64
4 43
4 28
1 57
10 53
7 51
6 6
7 97
5 44
5 54
4 43
5 98
4 21
3 4
9 96
8 69
1 98
5 85
3 71
4 33
10 50
9 19
8 23
6 47
3 41
3 78
5 72
10 1
2 59
7 91
7 78
1 24
10 59
7 48
2 50
3 88
7 1
2 27
4 82
9 52
4 34
6 100
5 3
2 72
5 18
2 50
3 42
10 33
2 93
9 66
9 14
6 1
1 56
7 77
3 82
7 85
7 2
6 80
9 73
1 72
5 42
5 19
7 63
2 39
10 9
9 81
7 46
2 61
7 18
8 96
1 59
4 26
9 11
7 18
9 73
1 69
8 11
9 76
8 22
4 27
10 63
8 60
7 95
8 31
10 31
3 24
8 50
9 38
10 67
10 19
4 7
8 18
7 28
10 72
10 49
2 29
6 11
4 23
1 16
10 85
1 18
1 33
8 98
8 82
5 44
8 61
6 68
6 72
8 27
6 96
4 96
8 24
3 52
3 74
8 53
10 20
2 32
5 3
4 16
1 46
2 84
7 18
9 87
10 39
7 18
5 62
2 6
8 45
6 60
10 45
2 35
1 35
8 26
3 15
10 59
2 81
8 68
9 21
2 16
6 14
8 46
6 20
6 75
10 4
8 78
2 53
1 33
8 52
7 78
1 55
1 96
3 36
5 48
3 62
9 52
1 10
9 35
6 56
9 60
4 32
4 61
1 92
9 68
9 88
4 41
6 45
5 78
8 51
8 60
5 57
9 95
8 67
3 2
7 60
5 64
5 2
10 55
9 80
6 15
3 22
1 55
10 68
9 33
1 61
5 48
1 87
8 28
7 48
2 53
3 71
3 27
5 98
8 34
1 56
8 95
3 27
1 4
1 32
9 38
8 47
8 68
6 58
10 11
6 30
8 92
10 57
6 54
5 75
3 3
9 44
9 30
3 75
9 12
10 85
3 64
7 52
6 87
4 88
1 80
6 73
2 85
5 71
4 85
2 66
10 47
1 28
1 91
3 66
4 35
10 88
1 71
1 46
3 95
1 48
7 8
2 32
3 55
9 67
3 42
6 78
10 96
6 21
2 27
8 43
5 80
9 79
7 44
8 94
5 91
3 98
10 71
2 52
4 50
4 83
5 55
6 32
7 47
5 65
2 77
3 10
1 73
9 76
9 63
5 91
7 18
2 74
3 84
5 57
3 53
5 50
4 36
10 100
8 31
4 70
1 46
2 57
3 44
9 54
9 82
7 95
10 5
2 60
8 91
10 6
3 33
4 28
6 76
9 82
1 66
7 15
7 40
5 62
2 95
1 89
9 19
4 55
2 41
8 25
6 64
1 68
3 75
7 33
5 59
4 21
5 71
5 76
6 66
5 22
3 48
5 73
9 94
2 78
7 92
10 79
1 20
10 6
2 21
9 13
5 50
8 74
10 89
4 41
5 45
7 12
7 80
6 27
5 58
4 10
2 27
6 12
5 39
8 57
10 52
2 89
4 84
8 64
9 78
10 34
4 12
5 49
5 71
9 45
1 11
7 96
7 82
2 35
1 100
4 9
3 40
9 31
3 86
4 32
1 76
4 28
10 80
6 61
3 1
8 41
9 86
8 7
6 1
5 56
1 19
6 46
6 25
2 61
1 47
8 82
5 25
1 69
6 72
3 99
2 26
3 26
9 66
1 37
6 59
6 35
8 65
1 95
2 71
1 30
4 79
4 62
6 47
5 99
8 96
10 48
8 58
5 36
4 76
8 91
1 42
9 37
7 57
8 53
2 90
9 70
3 23
7 95
3 71
2 73
1 21
4 44
6 9
10 31
4 19
8 56
10 45
7 20
8 47
7 59
3 10
3 89
6 78
9 6
9 37
3 79
4 34
3 34
6 6
9 51
8 71
2 93
5 3
10 58
5 56
6 82
