5 95
10 14
3 6
10 70
8 53
8 82
5 83
6 79
3 87
7 14
3 53
5 48
6 7
1 65
3 28
7 81
6 88
3 90
9 32
4 18
4 48
10 92
6 79
6 49
8 81
5 94
10 100
8 73
7 70
1 66
1 51
9 87
8 68
1 68
5 4
6 65
5 83
2 17
2 5
2 49
7 48
1 86
5 26
10 83
4 10
7 67
9 90
9 32
10 67
3 26
6 49
3 96
7 90
5 8
9 90
10 92
9 56
9 52
5 76
7 12
4 17
7 93
5 14
10 48
5 30
3 10
10 40
7 6
7 93
10 29
10 89
6 77
3 49
3 98
6 37
2 57
4 65
1 11
6 50
1 74
10 78
3 91
2 76
1 76
3 79
5 100
5 3
8 18
2 99
8 43
3 77
9 13
3 87
4 52
9 98
10 7
7 98
1 9
10 66
4 90
9 74
6 14
9 79
7 72
9 86
8 31
9 69
10 2
2 15
2 14
6 63
1 67
9 37
7 64
3 65
6 27
4 1
1 73
7 97
4 14
3 10
5 66
6 16
3 41
10 13
3 45
10 20
7 17
6 63
3 28
5 21
7 24
6 51
5 51
5 94
2 29
7 62
2 17
1 47
6 69
10 33
5 79
10 30
7 14
2 31
1 34
9 63
10 41
8 30
1 67
1 65
1 61
6 100
7 10
4 81
5 95
1 19
6 25
2 64
1 30
10 79
8 100
2 14
10 90
7 20
3 89
3 67
7 30
3 10
4 47
7 66
1 7
8 15
10 72
8 6
2 48
2 77
10 8
2 31
7 42
8 54
3 5
9 35
3 7
10 89
7 99
6 63
7 12
4 44
6 99
4 21
9 45
8 82
1 17
10 21
6 85
10 84
3 75
1 2
6 1
2 62
4 70
5 71
3 31
9 32
10 45
6 12
10 24
1 26
7 47
7 56
2 89
6 38
2 28
7 95
7 7
5 7
1 8
6 99
1 24
8 41
8 41
5 32
5 99
10 49
1 46
9 37
5 20
7 16
9 14
3 74
4 26
2 37
1 77
9 70
1 14
5 61
7 88
6 28
5 32
4 11
2 95
2 60
5 18
2 6
8 7
9 48
3 22
3 16
2 53
10 24
7 66
1 66
3 11
3 52
5 55
8 96
4 48
4 99
1 77
4 64
6 82
4 28
3 26
9 96
10 21
9 62
5 84
10 57
2 67
5 17
7 65
4 60
8 31
7 28
10 79
2 53
7 63
6 18
5 75
5 36
7 20
10 36
4 75
1 46
4 46
5 78
2 98
1 63
4 99
2 63
2 36
1 87
1 99
8 99
1 65
10 94
2 86
3 4
8 40
3 57
3 6
5 100
7 10
5 80
4 80
10 39
10 90
3 44
7 4
6 23
7 83
4 92
6 19
8 76
4 19
9 66
9 2
4 82
4 56
3 77
5 46
3 56
6 11
5 2
7 72
5 24
4 86
7 16
9 67
5 52
3 27
6 33
6 66
10 12
7 81
10 40
8 93
4 79
9 55
3 95
8 57
7 45
5 94
8 76
6 54
6 79
7 69
7 42
1 23
8 3
5 76
3 79
1 54
4 27
6 36
4 80
6 93
4 55
3 46
8 58
5 21
10 93
7 29
1 8
7 31
10 83
3 38
2 32
2 87
3 88
7 39
4 49
5 3
1 100
8 27
5 100
6 3
5 55
10 58
9 29
7 12
7 22
5 67
4 100
8 82
6 19
9 43
2 18
4 63
8 39
8 89
1 27
6 80
4 76
2 9
6 99
2 65
3 34
6 63
6 79
9 82
5 7
10 14
8 35
6 62
10 25
8 95
7 43
9 4
10 28
5 66
5 88
1 61
2 83
10 93
7 17
5 11
4 45
4 25
10 64
9 2
3 1
5 86
4 8
10 63
1 64
2 40
7 58
8 79
2 32
1 77
7 22
7 29
3 40
6 16
3 25
3 57
1 8
5 26
3 86
8 61
10 55
6 64
6 10
6 12
5 65
9 1
6 50
6 89
5 97
7 22
5 65
7 6
8 53
10 2
2 80
1 27
2 90
9 61
1 72
1 17
9 59
10 55
5 96
2 25
6 35
1 100
4 2
9 89
9 24
10 95
2 72
1 59
3 64
1 76
6 52
9 3
10 53
10 40
9 94
3 35
3 34
3 65
1 70
8 34
6 2
3 52
9 64
6 43
3 86
1 33
8 94
9 89
7 83
5 67
5 98
10 6
4 11
8 31
1 6
10 61
10 26
3 31
6 22
5 42
6 63
4 48
5 94
7 6
4 34
3 53
8 54
1 66
1 65
8 51
4 43
1 87
1 33
9 41
1 16
5 24
8 3
6 28
4 19
8 84
2 70
2 66
2 100
4 43
7 20
8 72
4 23
8 82
5 50
4 73
1 67
8 57
8 59
10 70
2 95
6 7
9 29
9 29
9 29
4 14
8 25
8 48
6 91
4 20
4 98
2 1
7 91
6 90
7 26
1 97
8 85
1 81
3 65
10 59
2 65
10 65
9 56
10 88
10 99
7 68
5 99
1 98
6 93
1 53
1 77
7 86
8 84
5 51
9 74
2 72
2 88
2 34
10 24
6 91
8 71
3 42
10 64
3 51
2 67
2 48
7 27
1 49
2 73
4 34
3 31
6 15
8 50
10 16
9 33
6 58
3 14
3 70
2 14
8 6
1 41
2 50
4 60
1 42
1 28
5 9
10 72
2 25
8 27
1 6
4 47
10 29
3 26
7 61
2 31
6 8
3 33
3 47
2 81
7 84
2 82
9 12
5 66
8 62
7 7
1 59
6 63
7 12
9 74
6 49
4 71
6 20
8 38
5 11
6 69
3 55
7 53
3 47
8 4
9 9
2 65
9 4
9 29
10 30
3 9
2 4
10 13
2 32
7 91
3 35
4 13
7 97
8 14
4 2
3 55
6 63
4 91
7 22
10 71
7 15
7 40
9 77
10 1
3 1
5 14
10 97
2 100
3 100
10 92
10 70
2 6
4 28
3 31
9 18
10 84
2 13
8 20
8 92
4 68
4 50
5 65
8 75
3 86
8 41
8 9
9 33
5 65
7 3
10 47
6 7
9 1
1 82
6 15
7 93
8 45
5 68
4 54
7 56
7 64
9 3
1 80
10 61
2 49
5 33
7 33
5 17
1 52
8 23
7 86
5 24
4 56
7 31
1 31
5 44
3 17
4 3
3 20
7 49
9 25
5 38
9 98
4 68
2 41
9 31
6 93
1 22
6 98
7 35
6 53
3 43
7 74
7 97
9 71
2 45
10 46
6 5
5 70
7 92
7 55
1 87
10 20
2 37
4 6
3 39
8 92
2 13
1 46
6 44
7 15
3 5
3 95
8 87
4 93
9 97
9 58
5 71
6 63
9 15
5 53
5 63
9 84
2 3
5 5
7 45
4 57
5 22
7 56
9 31
9 71
8 72
7 10
9 70
9 46
3 67
8 90
6 69
9 45
3 67
7 68
8 96
10 18
9 18
3 14
1 74
10 80
10 28
10 61
5 93
5 96
8 37
3 10
7 23
5 26
2 7
3 6
4 16
2 24
9 87
5 64
6 24
4 43
2 72
8 24
1 100
9 63
8 21
5 12
4 97
5 33
9 30
4 44
5 82
7 56
6 92
10 59
4 1
3 26
9 94
3 97
9 22
7 13
9 76
7 88
1 17
1 69
6 8
2 77
6 90
10 74
6 41
8 66
10 76
2 79
5 70
5 27
3 52
8 100
9 76
7 59
7 77
10 17
10 37
6 94
10 83
10 65
7 42
9 5
2 98
8 16
4 62
1 43
4 82
7 50
6 19
2 24
3 65
7 46
2 2
6 69
1 50
6 31
4 47
4 13
3 38
6 79
5 19
3 84
2 47
9 16
2 72
8 24
3 59
5 77
10 93
6 29
8 35
3 59
8 85
9 14
10 73
8 97
10 6
6 34
4 80
6 54
4 27
9 10
2 61
3 36
10 16
9 75
6 21
8 20
7 58
7 30
9 67
7 35
7 22
10 62
5 12
9 68
10 80
3 22
9 27
10 92
1 26
9 34
9 29
4 8
1 52
4 63
9 52
10 7
8 71
6 16
3 45
9 26
2 88
2 45
6 75
5 9
10 39
3 7
9 86
4 97
3 46
6 89
7 67
2 22
7 57
8 66
3 5
7 88
7 33
4 90
9 35
8 23
1 63
2 64
3 66
3 96
7 96
7 23
3 89
6 79
4 28
6 58
6 32
4 73
9 21
3 22
7 83
6 50
6 78
2 20
4 39
5 73
1 58
7 37
3 13
3 72
9 68
6 76
8 43
7 75
10 3
9 28
3 64
1 21
6 65
5 12
4 45
3 21
2 33
10 4
6 32
7 64
6 54
6 35
9 86
6 5
2 47
2 48
1 54
6 94
5 83
9 7
7 89
9 46
5 71
2 7
7 74
10 30
5 33
2 11
10 13
9 6
1 65
10 23
4 49
