1 57
7 49
4 73
8 22
8 65
1 72
9 70
4 83
2 94
9 70
8 40
1 45
8 74
9 97
1 77
1 2
3 56
5 76
10 69
1 23
9 38
5 18
3 84
7 4
10 66
7 38
2 45
5 4
10 19
6 18
5 43
3 63
4 84
3 51
5 45
3 98
1 77
10 40
10 3
3 91
6 38
6 88
10 52
8 39
1 81
7 30
10 35
9 33
3 100
6 24
3 44
9 50
2 58
4 27
8 86
6 52
3 13
4 78
4 72
5 45
10 62
5 25
10 50
9 96
2 22
3 65
6 19
8 20
1 41
3 50
10 58
7 53
2 90
10 10
4 82
5 64
10 7
10 13
7 71
8 67
10 84
8 41
2 73
2 11
1 13
9 89
10 61
9 52
10 6
8 15
10 93
6 81
6 77
10 27
5 19
5 67
9 71
3 72
7 58
3 84
1 56
8 4
9 50
5 26
9 82
6 34
2 78
7 95
10 50
8 44
1 97
3 75
2 40
3 58
5 3
4 71
1 93
2 23
3 87
7 54
1 48
3 93
4 4
10 64
6 35
3 75
7 1
9 20
1 93
10 88
4 31
1 52
3 59
6 90
8 88
3 89
9 61
2 21
6 7
7 41
1 60
5 32
6 40
1 22
3 15
9 28
9 35
9 66
10 36
10 62
3 9
10 39
2 17
3 47
2 96
2 37
4 81
4 15
8 21
1 45
1 38
7 36
3 22
7 70
6 22
6 21
10 95
5 87
9 80
2 42
10 82
7 13
8 9
1 16
6 77
7 60
4 86
9 99
10 16
7 79
1 78
3 57
8 50
2 30
2 38
8 58
7 26
4 53
1 2
2 47
8 39
6 40
1 38
6 5
5 50
6 66
10 72
2 25
8 36
1 40
2 2
3 95
5 99
10 13
2 87
1 45
2 24
7 24
9 24
9 38
5 91
2 95
2 92
5 57
4 55
3 96
6 78
10 21
7 25
4 64
6 35
9 33
8 78
3 1
1 51
7 3
2 64
10 49
7 86
6 41
10 19
5 59
1 13
1 69
3 93
10 55
10 84
9 22
7 44
4 43
1 78
1 74
9 16
3 98
6 58
1 42
10 83
3 45
5 30
6 33
10 30
4 57
10 48
7 74
8 15
4 62
7 19
4 29
6 23
9 19
5 20
5 50
4 83
8 41
9 2
8 99
10 97
2 39
10 68
5 25
8 78
8 69
4 12
4 3
9 90
4 99
1 91
1 71
6 36
1 92
1 26
6 26
9 85
6 33
7 80
10 5
4 86
1 96
4 10
4 68
2 28
5 44
1 77
3 44
6 85
2 57
2 56
6 46
7 14
2 10
6 44
4 55
6 69
4 53
3 17
8 100
3 98
5 10
6 24
5 45
6 3
3 42
9 13
2 83
6 41
3 59
10 4
1 88
8 90
9 46
4 85
6 19
4 23
10 3
4 74
8 26
8 69
9 60
9 1
1 82
6 65
6 84
4 4
3 91
4 62
10 64
3 82
5 2
5 11
7 1
6 17
7 80
5 27
5 18
3 32
1 5
1 83
3 28
1 88
6 84
3 28
4 34
7 60
10 23
10 47
10 32
5 22
10 57
4 10
9 66
1 78
7 94
3 26
8 92
10 7
7 71
4 9
10 77
1 67
7 40
3 54
4 90
4 9
5 91
9 86
10 29
4 66
1 92
6 6
5 24
1 67
9 80
7 40
4 29
8 14
8 76
4 21
6 93
7 30
8 33
1 77
7 23
4 66
1 91
9 8
2 87
6 10
3 60
9 45
4 21
5 3
2 55
3 87
10 33
6 13
4 47
4 13
6 19
8 56
2 31
9 8
3 70
10 54
2 69
2 1
1 34
9 20
7 61
7 13
9 36
10 54
8 9
9 38
3 18
5 30
2 80
8 16
9 61
5 73
8 61
4 19
6 96
3 43
2 7
10 41
7 36
6 33
2 23
10 7
3 59
4 58
4 63
7 50
8 19
6 24
7 63
6 39
10 62
8 22
9 55
7 6
2 61
5 65
2 90
10 48
9 39
5 61
5 14
5 98
3 65
7 11
10 7
2 86
5 37
5 38
2 99
4 25
5 16
10 84
3 32
7 93
1 78
7 43
9 43
8 83
5 62
7 98
1 49
1 20
9 21
5 91
6 78
4 41
7 97
7 96
9 39
5 96
2 83
1 100
10 25
9 41
2 64
4 29
10 49
9 23
1 65
7 9
5 76
5 95
7 48
10 95
8 58
2 98
10 68
2 32
4 80
4 9
7 57
3 12
4 24
8 74
6 42
8 40
4 25
8 5
3 76
8 71
3 49
8 49
1 2
9 19
2 52
5 38
6 29
3 39
9 21
8 46
2 19
1 52
3 25
8 74
7 94
10 89
3 52
1 76
5 96
7 65
3 22
10 48
4 61
7 9
5 23
1 57
3 6
4 41
8 93
7 47
6 62
1 21
8 60
7 32
6 44
10 54
1 8
5 8
10 61
2 84
8 56
3 91
1 45
8 30
3 39
1 55
5 71
9 75
6 47
8 72
10 95
8 13
10 68
10 86
9 77
7 54
2 84
6 62
2 40
7 21
2 29
4 3
7 30
3 3
6 63
4 49
1 60
9 8
6 73
9 40
6 72
1 24
9 69
1 65
8 80
10 52
5 2
8 46
2 18
7 41
1 31
4 25
7 32
1 69
8 87
4 37
9 15
3 35
10 100
8 49
6 21
5 57
10 94
5 68
2 20
9 32
7 3
6 27
2 83
7 73
7 82
9 38
10 17
2 29
7 2
4 48
1 87
7 6
3 18
3 38
4 72
2 26
8 31
7 97
7 80
10 93
1 95
4 33
3 19
3 59
8 6
7 30
7 45
1 84
2 84
5 63
6 62
4 26
1 92
9 31
6 100
7 55
2 60
9 89
5 57
9 97
8 92
6 26
8 60
10 87
5 78
4 87
7 25
7 95
2 16
9 49
10 75
3 20
7 55
6 23
2 99
4 83
7 12
3 24
8 51
3 83
4 6
8 27
10 34
4 66
7 89
7 16
8 12
1 12
5 23
4 34
5 72
7 20
5 22
3 9
9 72
9 24
2 14
10 51
5 20
2 71
3 2
4 56
2 92
1 82
6 32
3 19
1 73
4 18
7 2
3 24
9 32
3 6
3 41
3 50
5 8
2 11
7 3
3 23
2 31
4 60
6 82
10 13
10 41
6 28
6 25
7 85
1 66
2 32
9 40
5 48
6 26
1 48
5 80
6 7
9 88
1 45
9 5
3 20
6 89
5 9
6 14
4 17
9 16
3 28
3 89
5 5
3 61
8 39
1 29
9 8
10 60
5 36
10 89
1 57
4 37
2 26
5 64
1 83
8 27
7 52
7 25
5 66
9 70
2 43
1 50
8 33
7 55
6 3
10 11
6 95
5 92
2 48
8 93
2 36
9 58
1 18
7 49
5 95
6 21
3 30
4 36
7 58
7 72
8 80
9 98
7 7
9 19
8 21
8 1
7 83
10 98
4 96
3 16
1 3
8 33
4 35
7 30
2 40
5 32
8 84
3 30
9 76
5 58
7 26
3 54
7 97
10 3
3 51
5 2
3 66
6 8
5 85
2 84
3 6
7 54
5 72
9 87
4 43
6 64
2 79
7 5
9 56
10 24
6 91
7 43
3 93
7 3
7 38
3 42
8 17
10 36
10 82
8 89
8 18
6 94
2 32
9 15
1 75
2 91
10 4
1 7
7 23
9 61
2 44
3 16
7 56
10 76
6 83
6 56
7 56
5 40
4 69
3 51
1 63
2 45
6 62
6 95
1 72
5 100
1 68
9 18
1 83
7 2
8 30
3 93
1 62
6 97
3 82
5 21
9 27
3 49
9 5
1 61
3 21
9 44
2 15
9 69
5 31
8 99
7 97
9 71
8 22
10 94
8 62
6 53
8 4
7 9
5 5
1 71
5 41
8 51
7 51
9 7
1 32
8 31
3 55
9 94
2 24
5 79
10 27
9 71
6 84
7 33
3 94
9 24
7 13
5 67
3 65
1 94
4 28
2 22
4 84
4 70
8 47
6 59
9 39
2 28
2 2
10 51
3 31
2 72
7 40
4 96
6 45
2 97
2 45
6 63
9 79
6 91
1 35
9 99
7 68
9 6
10 47
8 29
2 42
8 95
7 2
4 96
2 42
3 72
8 35
8 63
6 37
3 1
7 97
1 75
3 12
8 59
1 70
4 23
9 77
8 26
9 48
1 80
10 82
4 8
8 57
1 45
8 99
2 40
1 44
1 70
9 44
10 6
7 60
10 23
3 53
4 23
2 78
5 3
9 84
3 23
9 11
2 86
5 91
9 1
9 40
7 57
8 68
8 43
8 24
1 7
5 70
2 60
10 78
3 43
9 75
3 79
1 14
5 78
4 66
6 63
10 2
7 4
5 60
10 58
10 82
2 31
3 1
9 4
2 34
4 69
2 49
4 99
2 81
9 9
