7 28
7 63
7 85
3 51
10 91
3 23
1 78
2 92
7 54
10 69
5 81
5 98
1 33
10 88
5 46
10 58
9 37
2 18
3 6
10 3
6 60
6 39
4 48
3 5
7 50
8 26
4 76
10 8
5 47
2 3
2 39
7 84
5 95
10 5
9 35
5 32
4 92
8 39
4 22
2 17
4 40
7 11
3 40
8 86
3 57
9 13
7 3
6 23
8 2
4 66
10 24
5 39
2 49
6 100
6 21
8 16
2 17
10 6
4 42
7 15
7 87
1 41
6 21
9 71
3 42
4 19
6 40
3 36
2 48
5 25
2 24
5 37
2 77
8 41
3 5
7 100
8 88
1 36
8 30
7 43
3 67
10 7
10 27
5 86
9 6
7 77
1 7
2 13
5 72
7 10
3 18
7 93
2 62
7 52
8 49
5 4
5 89
5 74
5 46
6 62
2 89
6 14
4 95
2 44
5 73
3 81
4 36
8 97
4 16
10 11
4 75
7 21
6 63
2 20
7 64
1 88
1 30
6 79
3 35
1 37
9 10
2 16
5 43
5 17
6 65
10 19
9 35
9 71
1 23
7 78
1 78
7 64
10 85
7 5
4 52
6 29
9 97
3 44
3 68
7 77
6 91
5 30
10 53
4 58
2 80
6 18
1 43
1 57
10 25
5 30
9 61
5 72
3 48
3 50
6 6
2 21
9 76
6 3
7 18
5 2
1 1
8 90
1 19
4 11
10 4
2 12
4 22
1 9
4 97
6 17
5 86
10 48
1 97
5 98
4 25
10 74
9 7
1 85
3 51
1 68
7 49
9 70
3 4
7 9
9 69
6 53
5 51
2 26
2 6
5 88
9 10
7 14
4 70
10 67
9 82
5 22
5 11
10 55
8 66
3 36
5 97
8 14
2 89
10 37
1 15
9 91
6 70
5 92
2 47
5 52
9 13
9 66
7 72
3 70
7 41
7 81
3 55
6 68
4 73
8 99
7 4
1 25
10 64
5 42
10 24
6 96
3 71
6 43
3 46
3 52
10 100
2 89
8 4
4 83
7 86
6 72
9 9
1 37
10 45
4 1
6 69
10 24
7 81
9 30
2 7
8 6
2 27
5 87
9 60
6 80
7 89
1 2
10 18
9 99
8 48
10 12
7 76
4 70
5 77
6 15
6 53
8 21
8 91
10 9
3 62
10 46
8 41
3 23
10 82
2 23
5 30
5 100
2 8
10 68
3 58
4 17
10 53
5 95
6 59
6 16
9 68
8 72
2 74
10 71
6 27
2 57
4 86
10 85
2 49
10 45
7 73
8 65
7 23
5 94
3 68
6 27
3 93
6 4
10 85
10 52
6 83
1 93
9 8
4 86
2 98
3 17
5 20
10 43
2 83
10 37
5 25
8 92
6 92
7 94
5 6
8 4
1 88
5 100
1 65
2 16
7 29
5 84
7 15
4 2
4 5
10 60
3 30
2 60
8 75
10 84
7 3
9 35
4 24
6 25
4 44
2 39
10 28
2 87
3 17
7 51
6 76
1 84
5 84
5 15
2 8
6 99
5 66
6 3
2 36
4 24
8 41
8 14
4 12
5 4
8 30
10 97
9 22
9 91
6 38
4 76
4 56
10 56
3 59
3 46
9 24
6 57
1 81
9 14
6 14
1 57
2 19
10 26
6 25
4 11
2 53
3 43
1 75
7 30
8 65
2 84
6 100
2 100
7 76
3 87
1 4
10 77
4 87
5 32
6 11
6 11
3 48
3 2
1 65
7 97
10 52
6 78
8 8
4 41
10 5
3 60
4 27
6 56
9 30
1 27
4 94
8 50
7 8
4 51
5 94
3 33
10 21
8 12
2 84
7 37
8 64
10 22
2 78
2 66
7 1
7 16
9 63
2 99
6 20
4 71
1 34
1 42
2 79
3 26
7 8
4 94
9 53
4 44
10 91
2 19
3 80
6 87
7 99
1 47
4 80
3 93
6 57
5 68
8 2
3 67
10 59
3 78
9 49
2 44
2 9
8 96
8 41
10 16
3 80
7 35
1 33
9 66
9 98
8 20
8 63
2 28
6 99
8 24
2 12
4 32
7 36
1 4
6 51
10 10
9 99
2 56
9 10
10 30
3 79
2 57
6 94
7 8
4 18
7 100
8 29
1 88
9 99
10 10
1 59
8 86
2 95
3 32
4 23
2 72
3 46
8 87
10 37
1 13
3 21
7 59
3 100
8 45
5 64
3 12
9 39
8 51
8 38
2 33
3 49
1 13
2 73
2 50
10 54
6 76
6 97
5 35
7 89
9 79
7 37
4 73
2 62
8 23
2 11
6 90
4 67
3 5
1 30
8 26
2 45
4 28
6 96
7 94
4 38
6 70
6 35
4 94
9 69
10 43
4 70
1 12
4 90
7 56
2 54
1 11
10 5
10 19
8 43
3 30
3 36
6 21
5 2
9 1
5 23
10 82
4 38
5 73
7 45
7 89
2 49
2 58
8 58
9 2
5 62
4 49
4 57
8 33
7 62
6 36
10 73
7 94
9 28
1 50
10 53
6 72
1 39
9 17
4 73
9 24
3 69
2 6
4 52
6 57
7 99
8 37
9 82
6 52
8 5
4 24
5 5
9 11
10 40
10 70
1 49
9 11
3 27
3 90
8 46
1 34
6 9
8 38
9 30
10 91
2 67
6 94
7 81
2 28
5 84
10 4
5 47
4 72
3 98
9 47
2 62
1 32
9 36
9 6
6 22
3 36
2 27
9 28
5 38
7 67
5 79
5 59
5 78
10 2
6 81
10 11
9 88
10 3
3 68
10 90
9 73
9 23
7 61
2 6
3 7
1 66
2 1
8 92
4 98
7 43
10 91
10 68
6 61
10 34
3 28
4 20
4 56
4 68
10 45
3 44
4 81
3 50
7 41
3 13
4 48
10 40
4 53
1 80
5 20
10 50
4 34
4 5
7 6
3 66
5 75
5 95
7 71
1 66
10 65
10 68
10 59
10 84
7 64
9 94
6 50
5 74
3 16
5 98
7 67
1 9
6 63
1 41
10 69
2 20
10 39
6 47
7 60
9 12
2 26
4 2
7 58
6 55
2 51
3 34
10 76
1 19
4 28
8 16
3 12
5 57
4 72
10 20
7 78
4 12
5 92
2 97
2 41
2 53
5 28
1 57
3 80
10 38
10 8
7 67
5 95
10 5
3 56
4 14
1 1
10 91
4 50
1 77
8 26
1 91
7 21
2 71
2 68
4 66
8 1
7 34
7 19
7 95
8 7
10 14
10 6
1 38
2 56
4 44
2 17
8 70
8 75
1 8
1 71
7 81
5 53
9 93
5 3
3 12
4 57
5 42
2 16
7 13
10 42
3 97
2 3
7 34
7 18
8 93
8 65
5 53
9 66
10 97
6 83
3 56
4 82
3 36
3 88
1 51
2 60
8 72
10 19
1 15
7 1
3 12
7 15
5 14
6 45
1 76
7 68
7 46
5 38
5 94
4 77
4 25
2 69
2 33
2 81
9 68
4 22
8 87
8 5
2 6
9 70
10 68
2 81
6 83
2 37
3 46
8 84
4 71
3 15
2 4
9 74
7 97
5 48
5 49
10 21
7 79
9 57
6 68
4 15
5 94
5 22
3 75
5 80
10 88
10 16
2 45
9 94
4 64
8 58
5 66
1 61
8 85
5 98
7 28
10 61
10 52
1 31
4 61
4 9
5 97
2 78
2 41
8 59
2 19
10 70
8 67
10 53
3 10
5 85
5 92
2 71
3 69
2 38
2 1
8 75
7 90
3 15
7 7
1 35
5 58
8 62
3 26
9 40
8 44
5 18
3 40
7 34
3 9
5 41
10 65
5 100
4 50
10 8
7 71
10 6
7 75
7 79
2 8
10 94
7 15
7 32
4 49
7 13
5 79
6 82
3 51
8 65
3 22
9 69
8 81
10 19
8 20
10 90
1 82
6 28
8 89
5 81
6 13
10 93
5 48
8 70
7 77
7 80
9 34
9 82
9 21
7 34
10 45
5 45
1 87
1 37
6 87
4 79
1 62
10 97
10 83
1 73
10 5
3 40
2 81
10 59
7 19
3 80
6 39
10 49
6 3
2 57
1 24
5 88
6 99
1 82
5 17
4 63
6 79
6 42
4 60
9 24
8 96
6 84
7 86
4 6
3 6
2 29
10 62
7 34
9 44
9 15
6 34
9 40
6 13
7 53
10 14
1 100
4 22
8 47
6 74
3 99
5 65
3 44
10 86
7 58
6 33
6 92
9 37
1 55
5 16
2 90
3 80
3 45
8 11
1 80
5 82
1 42
9 86
5 87
3 92
8 44
8 31
2 22
9 79
7 58
5 17
5 40
2 42
4 70
4 58
3 23
2 19
5 54
2 71
8 69
4 55
10 28
8 48
1 44
3 28
8 48
2 2
10 47
1 88
1 58
5 91
4 37
5 21
9 14
5 67
10 7
9 92
2 54
10 74
5 2
7 8
