5 40
2 61
9 82
1 38
1 50
1 58
4 74
9 80
6 78
5 34
9 79
3 21
1 34
7 8
10 96
4 65
1 69
3 76
4 79
3 8
5 5
1 87
4 20
5 62
7 41
1 6
1 88
6 93
7 58
6 61
8 27
6 88
3 7
7 5
3 31
7 7
4 26
2 57
2 11
7 22
1 87
2 6
10 16
5 41
9 97
4 64
10 43
8 75
1 70
1 78
2 38
8 45
1 21
3 90
9 2
2 29
2 35
5 20
5 16
5 97
4 21
10 73
7 94
2 55
6 89
8 78
9 61
5 96
5 94
1 64
8 54
5 90
2 15
9 31
7 78
9 64
1 20
6 85
7 11
2 7
1 22
6 13
2 19
4 32
3 17
5 54
1 90
2 99
10 9
2 99
6 93
10 51
1 60
4 78
1 67
7 4
7 71
7 28
1 36
1 50
9 94
4 84
7 50
1 65
10 95
10 17
7 42
6 73
2 87
9 94
5 69
2 26
5 6
1 77
8 89
6 70
5 1
4 35
6 47
9 75
1 59
10 59
7 84
1 100
1 30
9 28
10 34
3 16
10 85
5 97
8 69
9 12
7 61
9 25
10 8
5 67
7 66
8 19
10 47
2 18
4 49
8 40
10 69
7 79
7 25
6 21
3 21
2 79
5 60
7 24
1 38
9 82
7 8
4 39
1 20
6 87
2 12
1 50
5 46
7 10
9 74
4 24
6 96
8 64
2 68
4 58
3 96
9 91
1 46
9 77
10 55
5 12
3 39
5 43
3 14
7 11
5 84
5 34
6 11
9 79
5 79
7 89
10 59
4 3
2 25
8 77
5 70
4 69
4 74
4 41
8 48
8 96
10 43
3 27
3 40
8 39
7 55
10 84
8 41
5 34
1 56
7 45
9 7
9 82
6 17
8 62
2 25
6 33
3 87
9 52
8 6
4 37
9 65
3 20
9 13
9 60
3 10
4 10
4 42
10 58
10 79
2 37
1 40
3 72
6 40
10 27
2 59
7 4
8 53
3 11
1 56
10 92
7 15
2 93
9 2
1 34
9 58
6 6
7 17
5 10
6 85
6 22
1 95
2 26
6 35
5 87
8 25
10 26
10 82
9 28
6 83
10 18
2 80
3 77
6 85
10 98
5 96
10 52
7 18
7 44
8 39
5 42
4 57
2 72
9 85
2 21
5 82
5 89
8 22
3 18
10 59
2 18
6 7
6 76
10 57
4 45
1 17
7 22
9 82
1 84
5 58
10 95
2 10
1 16
8 41
2 62
1 92
10 23
9 64
8 93
6 39
5 63
8 36
2 94
3 71
6 7
5 98
7 87
10 88
3 14
1 71
3 27
6 71
3 93
7 81
7 84
8 45
6 47
5 66
8 51
1 33
5 8
10 50
7 71
5 27
10 12
9 61
3 83
1 48
7 31
5 43
7 78
7 26
9 100
5 90
1 51
5 27
2 100
1 24
4 32
10 19
6 34
1 59
10 53
9 100
4 14
2 78
3 96
7 91
3 40
6 91
2 87
2 50
8 43
2 69
1 71
9 33
7 80
3 29
4 17
1 30
7 49
1 98
1 61
5 47
1 56
7 90
8 48
5 37
2 60
8 65
10 55
2 8
2 53
2 74
6 71
9 3
1 45
1 27
3 9
8 18
2 31
7 91
7 53
2 96
8 80
1 59
7 60
3 69
6 61
5 60
4 64
2 14
3 6
3 45
4 4
2 85
8 75
7 87
1 74
4 64
8 15
6 57
8 46
9 15
9 66
8 14
6 2
7 44
9 20
2 71
5 50
8 79
1 69
4 60
9 43
6 76
7 44
3 22
3 77
10 94
5 78
2 31
9 75
10 52
7 22
5 55
6 7
10 45
4 4
8 67
1 4
2 73
4 36
9 89
4 86
7 15
3 22
9 33
8 58
3 46
4 17
3 11
3 16
8 82
1 53
2 95
2 22
6 18
7 94
9 12
10 15
3 13
2 49
9 46
9 75
10 58
7 52
5 65
9 67
9 34
9 100
6 58
9 95
8 87
3 68
2 81
3 14
6 77
2 12
5 7
10 46
1 22
2 76
5 87
10 74
5 14
9 92
1 79
3 57
2 49
7 44
2 5
1 66
2 22
6 31
8 36
8 47
2 71
6 85
6 98
5 12
5 81
9 10
4 33
1 43
8 47
7 22
7 65
6 3
3 28
5 41
9 13
3 91
5 99
7 42
2 98
6 81
1 88
2 58
4 14
2 49
2 10
9 87
6 11
5 25
6 68
9 63
3 58
7 40
4 13
5 64
2 15
5 58
1 54
8 63
5 80
9 83
1 49
6 43
8 48
3 41
10 1
6 61
5 99
5 72
3 74
2 7
10 53
9 9
3 40
3 54
10 33
5 38
2 4
1 38
7 11
6 61
8 64
3 30
10 72
4 82
9 65
8 74
1 92
6 56
3 48
4 7
6 83
9 100
7 84
2 79
3 26
9 35
9 24
9 7
7 44
10 6
9 59
3 78
7 24
5 37
9 97
4 49
4 47
9 99
1 24
4 27
5 60
2 54
7 73
8 80
3 5
9 56
5 7
1 27
6 57
5 74
6 84
4 89
4 69
6 38
1 49
6 5
2 61
3 26
6 40
5 4
8 17
2 77
2 65
10 100
3 66
2 2
8 7
10 19
8 37
6 93
5 94
8 83
5 36
5 23
10 52
10 68
7 6
10 87
6 22
6 18
4 93
2 30
4 14
2 70
9 18
1 80
2 55
6 86
8 66
5 13
2 38
1 32
10 50
7 80
1 81
2 89
3 92
9 76
6 36
10 7
6 86
6 67
8 9
5 89
10 68
7 53
4 9
2 47
4 50
3 99
6 62
2 48
10 40
6 86
8 45
2 22
4 28
4 51
7 63
10 18
9 20
5 89
7 26
7 58
3 70
1 80
1 14
5 88
3 33
8 26
9 10
8 50
6 79
5 42
1 58
1 90
8 67
2 95
1 24
8 33
2 94
7 75
9 25
10 5
5 44
7 6
1 82
1 68
6 1
9 58
2 29
5 64
1 21
4 42
7 95
7 23
7 2
9 37
6 10
1 22
6 71
5 21
7 37
5 92
6 72
1 34
4 41
1 85
1 30
1 14
5 76
8 69
2 70
4 36
6 89
4 100
2 54
2 83
8 8
5 57
9 37
5 22
9 52
9 81
5 70
10 67
1 78
3 2
6 29
6 78
1 6
8 31
8 27
9 25
4 43
4 100
2 13
5 18
5 1
7 100
2 85
4 70
1 93
3 24
9 17
5 78
3 70
2 78
9 21
1 25
7 16
4 32
2 46
6 95
4 1
2 17
3 10
3 45
9 26
2 68
5 65
5 60
10 37
8 46
2 80
8 21
9 45
4 58
7 85
3 79
2 87
3 8
7 31
1 82
5 9
5 81
1 92
6 76
9 34
5 39
3 67
1 44
2 66
6 74
4 9
10 8
9 40
8 67
7 86
1 24
1 92
3 65
10 87
2 54
6 61
8 100
9 23
8 82
10 78
7 40
1 56
9 85
9 98
5 72
6 57
1 95
9 73
2 53
4 83
4 51
8 78
5 10
1 37
3 71
1 69
10 51
5 69
7 82
10 20
1 4
3 46
3 75
7 92
6 64
5 86
6 45
7 30
4 84
4 99
5 15
9 88
8 96
2 43
6 79
5 27
7 54
5 94
2 61
9 52
6 48
4 89
6 38
5 65
2 47
10 22
10 79
10 98
2 26
7 24
6 32
8 86
7 99
5 81
1 7
5 1
7 50
9 84
4 85
1 62
10 15
3 46
5 17
9 84
10 42
1 34
8 78
8 30
10 15
9 27
6 31
5 48
4 13
2 19
9 34
3 77
6 88
2 71
6 67
7 37
10 44
9 83
3 63
10 94
9 81
8 64
1 80
1 96
5 55
6 97
8 13
4 7
1 41
2 53
9 88
4 5
4 16
8 89
9 77
10 30
4 58
4 16
5 66
6 78
2 29
9 80
3 99
9 35
6 15
4 88
3 4
1 53
5 61
1 33
8 47
3 43
6 86
4 47
4 9
8 89
4 22
8 75
1 46
8 69
7 69
1 24
3 7
6 44
5 8
1 27
5 29
10 40
1 12
4 72
1 53
2 81
10 19
5 65
6 60
9 18
4 44
10 76
1 93
8 39
7 48
5 31
6 88
9 18
1 85
7 33
8 50
5 67
10 60
2 3
6 64
4 41
8 96
4 10
9 79
5 57
9 26
4 1
6 34
10 68
8 81
10 20
1 41
7 6
4 24
6 70
4 6
9 7
8 69
5 52
2 92
6 6
6 58
10 45
5 33
7 94
2 59
2 47
7 73
1 23
6 40
7 8
5 26
10 95
8 66
5 63
2 83
9 83
3 59
4 62
5 71
10 69
3 16
7 40
3 74
10 53
10 36
3 30
3 8
1 38
2 99
9 20
4 90
8 91
10 50
4 6
1 62
1 52
2 55
