8 70
6 82
5 31
7 8
4 22
8 41
8 66
4 36
6 79
1 91
10 6
8 68
4 2
7 70
4 3
7 4
8 62
3 6
7 33
6 84
8 25
10 1
4 10
4 92
8 6
8 93
2 26
8 79
7 26
5 50
5 88
10 90
1 29
5 19
4 20
3 87
6 80
8 42
1 69
10 13
10 42
8 63
4 38
3 64
8 28
2 71
5 2
1 3
6 83
8 78
6 73
8 7
9 86
4 46
2 98
9 42
3 3
9 59
10 88
8 59
1 77
6 75
5 87
6 66
4 28
3 62
5 83
2 6
4 37
3 64
3 5
8 72
8 64
2 7
4 31
4 79
4 3
1 80
3 34
9 28
8 35
2 91
5 54
5 68
8 100
8 17
1 79
9 3
4 91
8 86
9 72
2 37
2 71
3 53
8 64
3 56
2 86
1 69
6 47
5 55
8 10
1 71
4 56
6 66
6 83
10 60
3 33
4 76
1 13
6 6
8 91
3 20
2 71
7 72
6 22
7 57
9 44
10 80
7 78
8 22
5 99
5 65
3 30
10 30
9 76
9 31
5 23
6 77
5 56
4 20
4 85
4 66
3 99
7 10
4 75
10 3
6 60
8 98
1 54
10 77
9 66
10 12
10 91
2 14
7 15
9 58
10 62
3 44
3 1
1 63
6 43
7 84
4 79
5 49
9 61
8 49
2 54
9 94
5 67
3 25
3 17
1 100
3 89
4 96
10 79
5 50
7 93
3 2
4 54
3 8
8 16
8 72
3 47
8 43
1 36
3 43
2 98
2 32
5 89
5 53
1 13
7 12
7 57
10 97
1 10
10 2
8 66
7 99
1 95
6 85
10 45
6 35
2 3
2 49
9 30
2 61
6 43
1 27
4 60
7 4
2 91
6 43
6 23
5 57
10 84
4 51
2 38
8 26
4 53
7 35
9 61
1 73
2 61
10 24
6 89
7 76
2 9
3 31
5 72
9 44
1 11
6 61
9 96
2 36
6 15
2 26
1 73
10 97
9 10
7 44
5 89
6 45
6 24
8 7
1 85
2 77
2 76
9 3
5 10
4 49
5 32
4 75
5 38
6 100
2 64
10 34
3 47
8 62
2 55
4 9
6 60
6 24
6 91
9 78
10 25
1 72
8 80
3 36
3 93
3 71
8 13
9 2
10 19
7 44
9 68
3 83
8 68
10 84
1 24
8 92
2 56
6 29
4 18
5 75
5 78
10 81
4 31
8 60
10 82
5 31
1 77
5 87
9 78
4 58
10 75
9 31
4 80
3 78
4 84
4 67
9 75
10 12
5 64
8 72
5 23
8 54
1 88
9 59
3 88
2 9
5 40
10 58
8 92
9 61
7 12
7 44
5 11
1 25
4 25
10 83
5 23
1 74
9 55
8 39
6 81
2 82
1 91
8 61
1 96
4 51
6 55
5 34
9 51
3 55
10 71
4 7
3 61
7 70
6 23
8 69
6 34
4 89
2 59
4 20
7 13
6 67
1 86
6 13
3 17
5 84
1 44
4 58
1 17
2 51
1 33
1 90
3 22
4 70
3 34
8 20
10 6
9 70
5 83
2 50
9 28
10 97
8 85
9 79
2 4
2 61
7 23
2 43
10 46
7 68
7 10
2 83
5 35
3 68
10 79
6 24
7 81
2 73
3 13
8 10
3 82
9 80
5 86
3 59
8 21
8 12
1 93
4 55
6 93
4 60
5 58
1 98
5 3
6 1
3 82
1 15
2 65
5 95
2 65
4 25
9 99
8 93
6 65
5 47
4 40
4 51
8 83
5 34
2 35
5 81
2 43
10 91
10 63
2 71
3 70
8 88
8 81
1 88
1 59
9 95
8 38
9 37
8 28
4 71
8 52
7 45
3 95
9 28
8 48
5 51
7 20
4 57
1 70
3 5
9 83
4 75
2 38
5 17
1 20
8 90
10 42
5 76
4 40
9 80
4 71
6 96
5 14
8 69
9 23
1 43
1 61
2 63
6 53
1 36
10 62
10 17
9 38
1 43
10 64
1 6
6 100
8 70
2 26
2 57
8 91
3 43
4 25
5 83
8 45
1 85
1 92
1 10
1 15
1 29
9 41
9 26
10 64
2 41
5 30
1 55
9 90
6 25
6 62
7 84
6 90
4 98
3 80
3 4
7 18
5 67
8 93
5 24
6 94
4 40
9 92
1 33
6 85
5 17
7 82
5 45
4 62
5 1
5 31
10 23
8 70
7 97
4 49
9 28
2 2
1 47
1 46
5 2
1 95
2 34
4 68
5 26
2 4
6 54
8 42
9 99
6 67
3 2
10 81
4 67
2 45
2 72
5 45
3 50
6 57
4 92
3 63
9 91
6 37
7 63
7 35
7 76
9 30
8 27
9 1
5 40
10 14
3 53
6 85
5 58
3 10
7 37
5 92
2 80
2 87
7 49
7 47
4 2
1 71
4 80
8 49
4 58
6 26
2 63
7 58
8 96
6 46
1 27
7 100
6 93
3 58
3 23
7 89
10 10
10 44
6 8
10 68
4 27
9 24
8 97
1 24
10 34
9 82
9 94
3 45
7 27
10 69
9 3
6 59
3 98
8 75
9 20
10 92
9 10
8 9
6 92
4 23
8 90
10 42
10 88
6 52
1 40
5 44
10 30
1 76
2 32
3 20
1 4
3 48
3 60
5 40
2 84
9 46
5 62
7 100
3 3
8 21
6 98
5 51
6 48
4 24
4 15
10 98
1 79
1 91
9 27
7 45
6 8
8 99
3 69
4 62
4 59
6 44
8 100
2 23
10 100
8 18
7 63
4 17
4 26
3 50
3 33
2 1
3 77
6 24
6 92
10 88
9 82
1 69
3 54
6 48
1 23
3 15
3 9
5 6
4 33
9 38
8 28
2 47
8 7
10 67
2 17
5 49
10 46
2 95
4 69
6 37
9 88
10 64
7 99
6 4
3 95
10 53
4 86
2 52
1 21
3 2
4 82
2 89
7 7
10 48
4 35
6 54
7 88
3 39
7 39
5 51
2 33
2 16
5 30
6 87
9 92
8 46
1 33
3 65
4 86
4 79
6 50
1 92
1 83
9 17
9 20
7 32
2 90
4 19
6 4
1 64
1 24
3 95
5 12
1 44
8 71
5 19
9 57
5 38
7 36
6 94
2 30
8 26
9 16
5 2
4 45
9 44
9 24
8 81
4 78
8 66
5 94
9 81
10 88
2 44
10 61
3 30
5 29
9 10
4 29
8 29
9 99
4 78
5 49
8 60
10 99
5 40
10 30
8 86
3 31
6 99
7 91
6 1
10 77
8 19
9 1
9 23
1 84
8 42
8 2
7 80
8 28
3 77
6 48
3 80
7 74
1 34
9 93
10 67
1 46
7 54
10 97
4 18
9 51
3 1
7 65
1 60
9 43
8 26
1 96
6 60
6 49
3 90
8 37
10 51
9 25
4 98
5 9
8 36
9 32
1 19
4 4
5 70
1 90
4 86
4 97
1 78
6 45
6 30
2 36
9 79
8 61
5 91
4 57
6 83
6 7
1 31
4 27
3 57
1 16
5 78
1 16
5 18
4 69
9 91
4 37
6 93
5 2
10 94
9 88
1 61
8 28
1 29
2 75
2 20
1 73
1 41
2 88
8 63
4 20
2 44
3 57
4 75
5 4
9 78
7 39
8 51
9 96
4 18
10 44
2 56
7 17
10 35
5 26
9 47
1 25
2 49
4 8
6 19
6 71
10 99
3 53
5 73
6 65
8 53
4 50
9 22
10 44
2 25
4 90
9 73
3 77
3 55
5 97
2 86
4 79
3 38
4 87
10 56
10 9
1 22
9 28
10 80
2 6
2 54
3 20
5 32
8 89
1 97
4 45
3 20
9 1
6 91
2 53
4 25
9 87
2 62
8 23
9 79
2 64
3 27
1 95
6 54
2 6
1 47
2 32
3 13
4 7
7 4
5 79
6 79
9 35
9 4
5 54
2 83
4 37
9 59
7 60
1 69
5 10
9 58
8 73
9 97
9 75
5 92
4 20
5 61
9 25
7 61
1 39
6 16
10 17
5 90
10 18
3 22
4 67
4 54
10 1
5 48
6 76
6 68
7 25
7 15
1 10
3 44
3 71
4 89
5 40
10 21
6 34
9 25
10 96
9 82
8 4
8 50
7 98
9 70
5 9
7 56
3 68
1 73
1 81
5 48
8 34
2 59
9 24
6 6
2 73
8 78
5 49
6 66
4 74
2 10
1 37
8 70
10 41
7 65
5 83
8 100
9 51
8 41
2 43
5 85
10 26
3 34
4 13
6 98
9 30
2 90
9 41
7 63
7 16
3 59
2 50
9 60
10 80
10 54
5 56
9 2
7 60
10 7
3 72
10 68
5 52
9 25
6 40
10 56
2 69
5 80
7 45
9 94
2 72
2 98
7 71
3 89
2 61
9 61
3 65
7 10
2 6
5 64
2 51
7 78
5 80
7 31
2 73
