2 34
10 83
4 78
10 5
7 60
8 29
6 92
2 36
1 49
8 92
2 34
3 23
3 26
4 50
8 21
2 41
2 69
4 53
2 70
5 27
7 24
1 25
6 5
6 55
9 39
6 17
3 72
5 56
9 87
10 3
4 82
5 14
5 27
2 54
8 8
7 72
9 44
5 16
4 32
7 80
10 38
8 65
2 45
1 38
6 3
10 72
9 48
7 38
8 16
8 63
1 19
6 73
6 24
10 80
3 37
6 41
1 50
2 85
3 22
1 99
6 52
3 45
6 82
2 25
6 100
9 13
9 95
10 70
7 60
3 91
8 81
10 75
10 83
3 27
4 15
3 49
6 79
8 74
3 16
10 7
4 83
7 53
6 49
10 66
3 24
7 32
9 63
1 61
6 25
8 5
1 67
9 76
10 84
9 68
1 39
1 35
5 1
5 45
9 28
7 10
8 39
4 35
7 91
9 44
3 40
1 53
6 70
8 98
2 27
10 85
7 74
5 74
8 29
7 3
1 100
7 74
5 3
2 89
3 62
9 88
3 8
2 45
1 25
8 33
9 88
7 55
7 78
4 83
1 57
3 26
8 58
5 85
2 94
10 68
9 88
4 76
1 20
6 44
7 59
6 89
3 75
3 89
4 14
9 28
9 64
10 6
2 65
9 16
10 46
1 86
8 47
3 93
4 70
1 83
6 4
7 80
6 56
9 15
8 30
9 54
8 17
4 100
3 78
8 39
8 89
3 65
6 93
8 99
7 4
9 28
7 1
3 88
9 39
7 6
3 39
2 44
9 49
10 14
4 88
9 61
5 4
8 35
1 70
9 77
9 3
9 1
4 65
9 25
5 48
3 28
4 48
2 96
8 56
1 10
3 12
10 51
9 23
7 95
5 89
7 40
1 51
2 100
6 77
8 88
1 82
2 47
7 18
1 23
4 59
5 67
10 36
5 80
9 6
8 49
6 10
9 96
10 12
10 91
3 72
6 89
10 11
6 42
5 52
7 88
5 84
8 57
8 67
7 18
10 37
7 66
3 6
1 28
6 94
5 13
2 59
7 56
2 77
5 69
4 55
10 44
5 52
8 12
1 82
5 79
3 40
3 56
4 52
9 49
5 33
10 34
2 17
6 4
6 29
6 48
4 46
9 27
3 30
2 8
2 40
7 19
1 63
10 25
5 13
10 30
2 17
7 71
1 78
10 62
2 79
6 3
9 29
10 33
4 100
3 65
5 94
4 19
5 41
4 44
6 100
3 97
2 58
6 82
7 7
3 42
5 39
1 6
1 13
10 69
9 33
5 20
6 2
8 75
4 8
1 41
8 37
10 28
4 24
1 5
6 71
9 95
1 65
9 38
9 53
6 83
9 92
2 52
9 51
2 39
1 54
5 68
7 33
6 19
10 66
4 51
8 10
1 14
5 89
5 46
3 73
2 97
7 39
6 80
4 30
7 78
1 81
4 81
9 67
4 67
3 49
10 96
1 33
8 30
7 39
2 25
10 66
1 1
8 88
6 31
1 6
3 85
1 43
5 5
8 36
8 48
4 82
2 36
1 64
2 8
8 31
6 53
4 3
5 32
10 69
7 58
2 8
9 87
2 97
10 2
2 7
4 30
2 95
3 71
8 33
10 64
4 44
1 26
5 77
2 9
7 48
7 82
9 15
7 13
7 27
1 34
10 92
1 16
7 81
2 29
6 55
1 10
2 52
2 58
2 7
4 69
2 54
4 60
8 43
9 27
3 89
10 68
4 4
4 47
9 20
5 3
2 95
9 5
7 37
1 2
5 34
7 56
4 47
5 42
4 41
9 53
2 19
4 32
3 27
1 54
9 20
10 12
7 87
7 29
4 96
10 3
7 21
3 85
8 63
3 66
3 88
1 62
1 73
10 14
4 23
5 90
8 49
4 20
9 86
1 32
10 30
2 36
3 36
7 49
8 6
4 11
6 1
5 67
6 26
4 15
7 30
6 63
5 71
7 91
9 57
9 84
10 85
2 37
7 56
6 80
1 19
10 61
3 35
10 67
2 92
7 81
7 96
5 29
5 85
7 1
8 23
1 66
3 86
6 98
6 40
1 45
5 12
1 80
1 46
3 55
5 73
7 58
1 84
5 51
10 17
5 14
4 33
5 57
4 85
4 23
1 33
2 61
2 3
2 29
10 7
8 75
2 63
8 13
7 86
4 74
10 2
9 47
8 38
9 2
8 94
4 85
6 34
3 44
3 74
6 54
3 29
1 34
6 84
7 26
3 47
9 61
8 27
3 94
4 50
10 1
3 16
1 50
3 43
7 21
8 87
3 81
7 29
8 29
10 33
1 13
9 50
6 73
5 25
1 49
2 2
5 1
6 85
2 64
8 25
10 17
3 28
3 49
8 14
1 64
4 14
2 2
3 7
5 94
2 16
9 39
6 82
2 23
9 8
3 26
1 7
5 83
5 31
3 18
10 52
2 46
6 59
8 62
7 75
9 31
1 49
7 96
10 28
9 99
3 76
6 96
3 38
1 25
1 9
10 96
7 20
2 56
3 12
10 3
9 5
3 65
1 46
7 1
8 50
2 72
8 14
8 50
1 69
10 68
10 70
2 72
7 85
2 6
10 89
2 7
4 30
7 20
4 100
4 8
2 60
7 80
9 67
6 45
3 24
3 7
3 94
3 16
10 52
2 75
9 38
6 29
9 45
6 92
1 14
7 39
10 17
4 36
8 53
3 35
6 24
8 56
6 44
1 58
10 8
8 28
2 58
5 53
6 11
1 88
2 62
1 73
10 1
6 2
10 61
4 70
5 44
10 96
3 78
9 49
9 25
6 65
2 87
6 52
4 51
10 28
10 23
3 86
8 32
1 6
9 91
8 69
6 37
3 27
7 23
6 33
3 68
10 89
6 7
9 24
5 77
8 74
8 84
6 2
2 36
6 96
4 39
7 80
4 42
10 16
10 10
6 42
5 9
6 85
3 84
10 99
6 62
7 84
9 47
2 85
1 42
6 3
6 13
4 39
5 99
2 100
2 41
5 80
4 74
3 85
7 52
3 75
5 77
1 66
10 74
4 95
1 28
9 24
8 92
3 86
3 5
7 74
10 42
8 12
6 37
5 60
3 92
9 6
5 43
2 26
6 34
6 37
7 9
2 71
9 38
10 38
1 19
8 99
8 54
3 81
10 18
7 55
3 64
5 39
2 87
10 82
6 72
8 70
7 62
8 95
8 33
5 77
7 18
5 43
3 73
10 66
4 80
6 34
10 72
5 86
8 65
1 26
7 94
7 61
4 50
5 69
10 99
1 49
10 5
10 25
4 59
8 81
2 39
10 80
2 32
3 12
3 38
8 87
4 33
9 52
6 73
3 1
7 2
7 61
6 45
6 15
10 52
8 25
1 20
8 98
2 72
8 95
3 5
8 93
5 5
9 19
8 36
1 94
3 88
1 37
3 29
6 30
9 64
2 47
3 26
5 83
9 56
3 61
10 66
10 20
3 65
10 32
9 71
10 57
9 47
4 5
1 5
1 21
9 23
2 77
9 97
5 77
2 7
10 33
4 26
8 79
10 59
1 88
5 96
4 97
9 68
8 58
4 38
7 26
3 32
1 85
7 98
4 50
4 31
7 55
7 65
8 31
3 42
5 72
8 74
3 16
5 63
1 54
5 83
8 2
2 5
1 29
7 73
5 22
4 74
2 39
7 14
6 4
6 81
1 27
8 94
10 83
2 40
10 11
10 40
7 32
9 89
7 91
1 44
10 54
7 33
2 81
6 13
7 29
6 70
5 93
1 22
10 29
6 42
1 56
10 30
9 1
7 27
6 22
5 86
6 78
10 65
6 6
7 43
4 31
3 87
9 70
9 13
3 52
4 79
9 93
3 92
5 5
10 76
9 94
5 72
10 50
8 16
6 60
4 51
10 89
8 13
9 10
8 92
2 37
7 38
9 34
5 51
3 71
4 72
5 72
7 100
8 97
1 43
8 13
4 65
8 9
1 92
1 2
5 54
6 67
10 74
5 67
7 10
3 68
6 43
9 14
6 17
9 76
7 18
5 88
1 86
8 88
9 96
3 96
7 24
5 60
8 89
5 5
9 74
4 80
7 42
3 6
10 88
9 82
3 89
2 5
10 69
8 81
1 41
5 2
4 41
4 29
2 89
7 87
2 30
9 10
10 82
3 99
6 28
7 24
5 87
3 60
7 87
10 34
10 3
4 79
5 57
3 5
9 15
2 76
1 66
4 99
5 66
7 73
6 42
8 86
9 10
8 54
9 87
7 8
9 38
10 79
9 49
8 22
8 31
10 90
4 47
5 91
5 77
9 52
3 97
8 67
8 25
9 65
1 21
10 62
9 98
5 38
10 96
7 37
2 61
3 73
4 32
9 37
4 99
7 56
3 37
5 60
6 95
5 19
7 26
6 85
1 54
10 37
1 35
6 49
8 37
7 15
10 50
1 14
8 75
3 38
3 59
10 49
8 22
7 15
3 73
7 5
