2 43
5 96
6 71
2 41
4 96
10 45
2 50
6 6
2 99
9 68
10 88
4 69
7 85
1 67
2 23
5 23
5 84
10 9
4 27
9 99
8 67
5 9
5 4
1 51
3 69
2 29
7 76
4 12
4 3
8 17
3 59
2 92
6 52
4 67
10 65
8 65
3 42
8 30
9 48
10 1
10 64
4 97
5 52
7 65
1 3
3 99
10 76
10 68
2 23
3 46
1 4
6 99
4 60
8 86
3 18
3 32
6 71
2 12
8 51
7 80
1 53
10 77
8 1
5 98
4 72
5 78
9 60
4 40
5 67
9 63
1 71
8 7
8 24
10 83
3 26
9 16
3 21
3 63
10 55
4 71
1 93
3 28
9 42
7 4
9 9
7 43
5 98
2 23
8 22
4 36
10 44
2 42
10 35
1 18
4 1
8 39
1 84
4 39
6 57
3 25
4 4
5 45
3 20
2 71
10 96
5 73
3 37
4 42
9 83
4 48
8 71
6 21
1 55
8 86
10 6
8 5
1 58
9 1
3 8
4 72
7 39
3 69
4 34
1 100
3 4
4 15
2 66
7 18
9 80
5 7
2 4
4 25
5 84
2 56
1 3
3 10
1 75
2 92
7 34
2 7
10 44
8 10
8 29
6 14
2 32
10 81
5 79
6 8
7 58
1 20
9 7
7 20
10 33
5 58
6 30
8 71
1 57
3 33
3 89
6 48
7 75
8 41
5 52
5 39
8 28
10 19
10 31
2 27
7 75
7 47
1 13
3 14
2 89
7 72
8 25
10 57
9 9
9 37
10 46
10 82
3 6
7 84
7 48
10 39
6 74
4 20
2 23
4 22
2 78
6 59
9 9
6 96
9 50
5 22
8 22
3 68
1 19
6 50
8 61
1 3
8 33
8 35
9 45
6 11
9 17
1 19
7 22
2 43
7 50
6 1
5 99
2 82
3 45
2 44
10 35
5 96
6 74
8 74
8 42
7 87
4 58
6 87
1 35
4 43
2 97
7 37
10 42
9 44
8 91
3 3
4 76
10 34
5 64
7 64
1 83
9 40
4 89
3 75
9 21
5 35
2 74
7 42
8 97
6 69
4 24
1 28
6 91
6 40
8 86
3 49
4 51
3 78
4 62
9 11
6 83
2 37
8 27
8 12
5 35
3 58
6 49
4 92
1 41
7 83
2 38
8 33
5 67
4 75
3 81
9 75
10 13
4 14
7 50
2 39
4 93
9 67
2 19
8 66
7 5
4 19
4 50
4 49
1 73
6 81
8 34
7 47
5 20
7 77
10 40
10 84
8 29
8 63
1 48
1 97
6 68
3 51
3 75
4 43
2 44
1 4
6 56
9 15
10 23
5 88
5 98
8 14
9 71
5 47
1 21
8 63
10 57
5 96
4 70
5 73
3 53
10 73
2 29
4 44
1 35
8 56
5 14
10 8
10 30
3 82
9 42
9 40
8 40
5 14
2 33
5 38
6 11
2 88
3 47
7 1
9 95
4 4
9 49
9 80
1 50
4 18
7 35
4 6
10 42
7 52
10 89
6 22
2 75
2 21
8 43
9 34
6 4
7 6
2 95
8 97
10 44
1 85
5 24
10 47
3 58
3 3
7 78
4 93
9 7
2 63
2 6
7 67
2 100
6 95
9 32
1 4
9 43
3 27
2 84
10 9
3 89
4 67
10 87
6 91
5 30
10 55
1 30
4 12
3 86
7 66
5 15
6 59
1 83
8 13
4 61
2 94
3 82
9 27
9 54
3 41
10 69
9 73
10 48
2 62
7 3
3 20
4 10
4 88
8 81
2 31
5 97
4 49
3 37
2 48
7 38
1 38
3 75
8 44
7 92
5 71
1 10
7 17
6 56
3 57
5 17
8 45
2 54
8 58
4 7
2 74
4 78
1 69
9 13
2 13
7 90
9 29
7 96
9 72
1 80
4 100
4 14
1 22
4 78
9 81
4 87
4 88
3 72
7 60
8 70
5 3
4 90
4 3
6 99
4 58
7 35
4 28
2 88
5 39
9 54
8 83
1 82
10 99
10 30
3 34
6 66
1 67
9 71
6 25
2 82
6 99
3 46
9 77
9 87
6 23
8 67
1 7
9 63
6 70
4 61
2 36
2 6
1 81
7 39
1 3
9 34
4 23
10 11
3 60
8 48
9 67
5 39
10 4
3 6
3 22
10 73
6 80
3 61
10 85
3 100
4 77
2 94
9 45
7 39
2 39
1 83
5 87
7 39
8 56
9 72
2 99
1 66
8 80
7 72
4 58
6 8
5 52
5 99
10 81
9 26
3 48
4 6
4 47
3 6
3 86
2 72
9 81
2 76
2 19
5 49
9 100
7 65
8 66
3 52
8 33
5 64
10 10
3 76
3 70
2 42
1 79
10 3
5 31
6 83
8 12
8 11
4 45
2 84
2 41
3 21
3 83
3 45
1 85
8 26
3 37
10 30
4 81
8 92
8 90
6 99
7 89
4 72
2 23
5 1
6 24
7 47
3 39
10 48
4 61
2 26
4 3
6 69
2 17
6 56
7 81
3 24
8 26
2 12
7 11
2 96
8 43
2 41
8 82
9 75
7 42
7 7
2 5
6 77
7 84
10 66
5 37
8 45
3 9
10 95
2 88
3 77
4 79
1 36
1 52
1 57
2 9
4 86
6 39
2 64
5 57
10 66
10 26
4 36
8 36
4 78
4 11
3 16
2 38
4 31
8 49
2 73
4 44
6 54
1 88
9 84
8 20
2 72
1 12
10 19
8 89
9 61
9 68
1 89
9 30
3 90
10 12
8 28
1 73
7 56
9 5
7 83
2 77
6 14
10 90
9 3
1 82
1 15
5 82
6 36
8 73
10 34
6 30
2 51
1 67
9 83
7 94
4 50
1 21
8 81
9 72
10 9
4 38
5 88
5 2
4 60
5 29
1 74
6 59
2 52
9 14
4 12
6 18
9 9
5 30
10 11
1 64
7 51
1 45
1 57
8 48
8 59
6 73
5 11
10 82
8 96
3 46
6 65
10 86
1 96
5 90
10 99
5 8
5 18
2 92
9 57
6 84
2 75
4 62
1 64
7 36
6 35
3 4
9 97
3 66
1 51
3 71
5 50
8 81
5 62
2 69
5 80
4 49
9 1
8 58
7 57
8 57
10 57
6 86
5 9
2 97
2 77
3 7
2 15
6 70
6 19
4 78
9 35
5 63
3 1
2 66
10 99
3 64
5 6
9 90
8 63
2 100
2 80
4 54
9 11
5 48
10 8
2 13
4 21
3 8
9 12
8 83
1 17
3 54
7 41
6 51
6 39
1 7
10 63
9 10
7 29
4 67
10 7
6 92
4 27
8 53
6 40
2 44
6 84
2 26
8 100
3 5
9 100
8 85
2 97
8 80
10 77
8 50
6 98
1 94
10 44
5 37
7 81
5 89
2 83
9 85
7 73
1 60
5 30
6 23
9 75
9 81
9 8
4 70
3 91
7 32
8 88
7 18
1 81
8 34
5 2
9 11
4 46
1 88
1 46
7 21
2 58
3 40
4 77
4 63
10 28
2 56
2 96
6 93
5 3
9 55
9 34
4 8
10 61
3 82
3 31
1 30
2 8
10 100
2 100
6 28
2 63
9 84
6 40
10 50
4 23
4 69
9 58
7 27
7 23
3 72
6 77
1 63
7 46
4 23
1 26
4 18
2 6
5 2
5 50
8 48
5 56
4 39
9 3
6 61
2 44
4 16
2 69
4 96
10 72
8 65
7 15
1 5
8 10
8 100
7 64
9 76
9 60
1 68
2 8
5 69
3 24
2 45
4 70
2 80
2 42
7 80
8 34
7 4
6 23
2 33
1 30
10 66
5 33
7 90
8 46
5 64
1 75
9 23
2 89
7 56
4 44
3 2
6 55
8 64
5 69
6 5
8 43
9 25
2 72
10 12
5 20
1 50
9 77
10 94
2 5
6 39
3 13
10 73
3 74
6 52
5 7
6 97
10 79
2 50
4 1
4 71
5 34
8 90
8 86
6 59
10 47
2 35
8 95
5 23
3 76
6 82
8 11
4 91
5 71
2 40
6 32
10 65
8 41
6 5
7 2
1 48
4 90
7 86
6 100
4 99
6 77
10 64
5 80
3 61
7 62
8 53
6 9
5 56
10 100
5 39
9 12
9 91
8 70
2 4
4 6
2 21
8 4
5 10
10 69
4 6
4 77
3 38
5 84
10 26
6 79
8 96
7 94
9 7
6 4
8 70
5 99
1 17
5 61
7 13
8 64
5 86
4 58
1 94
1 25
6 5
10 99
8 71
6 22
5 64
4 15
1 36
6 24
9 76
10 44
1 13
7 43
6 69
5 64
10 39
5 64
7 80
5 43
4 28
9 53
9 94
4 100
2 86
4 9
3 57
5 6
8 10
7 71
8 19
1 41
3 42
9 56
5 3
9 88
2 77
9 16
4 30
10 13
1 35
6 3
9 95
5 47
6 3
