5 34
1 82
1 4
4 68
1 57
7 31
10 85
6 57
6 62
10 54
3 52
2 51
7 61
7 60
6 29
4 2
7 26
9 90
9 3
1 21
4 55
9 6
8 33
5 45
10 39
7 46
5 87
1 46
5 34
1 25
1 40
2 42
4 41
6 43
8 28
9 94
3 45
9 46
4 56
9 70
8 92
5 65
5 34
9 58
7 73
4 22
8 16
7 4
3 71
6 77
7 58
6 3
8 38
4 20
2 58
9 59
7 63
3 7
4 20
10 12
6 86
4 99
7 44
9 34
10 51
9 89
8 29
8 63
8 56
2 53
10 98
9 70
8 87
10 64
4 38
5 91
6 77
1 69
8 85
6 38
10 39
2 5
2 22
10 47
1 65
1 96
2 44
2 20
8 55
9 21
10 55
5 36
7 46
7 98
1 14
2 44
6 85
10 83
7 60
1 62
1 86
10 21
8 13
9 16
4 32
3 53
10 91
4 91
10 49
8 52
2 43
5 98
3 35
9 45
3 100
1 97
1 68
1 40
8 84
6 4
4 23
8 68
10 95
2 43
9 57
1 49
1 9
3 17
7 71
3 9
4 97
1 76
10 37
5 42
8 13
4 17
9 86
1 74
4 23
6 1
4 88
4 75
8 99
5 52
4 6
5 10
7 95
4 66
3 58
5 93
6 73
4 54
9 10
8 19
10 93
7 25
6 24
5 9
7 78
4 81
3 100
10 5
3 3
8 84
7 27
1 79
8 27
10 96
1 71
3 63
10 39
5 46
3 51
1 48
2 53
4 13
1 13
9 36
10 44
1 74
1 11
3 46
5 52
6 67
5 65
7 74
6 13
3 21
6 7
10 46
4 68
9 44
4 73
7 97
8 91
10 67
8 48
3 32
4 79
9 70
10 72
3 57
8 57
2 46
4 73
2 24
10 88
1 53
10 88
7 42
8 71
8 80
1 17
2 4
7 25
6 18
4 28
1 51
2 98
2 92
2 37
3 67
10 4
4 1
2 94
5 25
9 8
7 85
1 13
5 23
5 73
5 47
5 48
7 64
2 1
9 12
4 11
1 38
9 17
6 83
7 58
10 89
5 43
2 1
6 34
2 31
9 15
8 24
4 6
10 84
10 44
6 14
6 47
10 69
3 26
2 84
8 82
4 86
3 80
6 53
5 78
5 18
3 4
6 78
3 4
6 3
10 15
2 41
7 69
3 72
6 11
9 12
3 44
5 1
4 9
9 61
2 70
4 78
4 67
8 89
6 100
2 45
3 49
5 94
2 5
4 3
1 25
5 11
1 85
5 96
6 68
3 52
6 7
10 41
10 21
2 32
8 88
6 95
7 30
5 93
8 42
9 51
8 71
2 96
2 62
9 61
2 77
3 79
3 67
2 14
9 72
1 96
2 65
6 24
3 3
3 33
2 66
4 51
2 78
3 56
9 21
8 99
8 91
10 81
8 43
10 94
3 47
8 13
4 27
5 76
5 55
4 43
4 23
8 50
1 29
5 54
8 31
8 1
3 14
6 16
1 95
6 67
4 100
5 30
3 86
7 7
8 18
7 62
2 91
10 46
9 45
5 63
4 76
10 10
5 99
9 34
2 26
3 63
2 27
2 20
9 54
3 17
2 25
8 96
3 36
4 58
2 97
1 19
6 64
2 27
1 69
4 19
6 66
8 88
1 44
6 39
3 79
5 46
1 52
1 83
4 15
5 91
4 29
5 9
3 54
2 53
7 28
6 28
1 94
1 28
3 72
6 42
10 73
9 63
9 53
9 19
6 92
9 67
9 34
8 23
10 44
5 81
9 89
6 41
5 9
2 22
10 79
9 78
9 95
5 14
4 95
3 77
9 47
4 60
1 59
9 82
6 61
3 66
1 48
10 62
1 37
5 6
4 84
1 26
8 95
5 25
4 63
2 65
6 16
9 100
9 80
8 1
10 88
7 87
3 63
10 26
6 100
3 36
9 87
6 12
4 87
2 39
1 83
10 79
9 59
10 69
1 10
1 14
5 78
7 70
1 41
5 70
2 59
5 65
5 77
3 66
8 48
1 92
7 14
7 94
3 23
10 26
4 4
7 25
10 60
5 7
1 19
2 41
1 66
3 15
5 81
4 68
7 95
3 92
4 53
4 55
6 14
10 19
6 75
3 96
4 20
3 12
7 71
1 40
6 9
5 100
5 11
10 83
9 30
3 52
8 7
6 13
5 23
7 77
7 46
6 81
8 43
7 35
1 40
2 39
3 44
8 79
10 16
8 71
4 82
5 86
7 81
1 45
5 25
6 90
10 2
4 33
6 77
2 38
2 95
9 66
4 79
2 28
6 7
2 48
1 39
5 32
8 90
1 23
5 65
10 24
9 46
9 67
5 38
3 39
10 87
6 16
8 2
3 39
2 29
5 73
10 49
4 5
4 70
5 27
2 12
3 6
3 90
4 24
9 58
5 69
8 5
7 26
5 1
3 33
8 5
6 83
3 7
8 85
9 82
10 48
3 68
9 20
3 67
2 95
5 12
8 96
4 88
3 99
8 79
2 44
6 79
5 53
4 99
9 68
10 53
4 82
7 90
4 54
7 8
8 10
5 6
1 60
7 52
1 52
3 66
2 34
6 36
10 4
9 52
6 59
1 60
6 83
5 2
10 60
3 46
2 27
2 67
1 34
7 42
8 37
8 28
4 18
1 11
2 84
3 17
3 28
6 58
9 29
10 39
5 74
3 56
6 14
5 58
1 32
9 29
8 57
4 58
6 12
2 25
6 56
10 36
4 61
1 47
9 17
8 75
3 41
3 90
2 41
5 8
6 4
6 26
5 97
7 85
2 16
4 73
4 2
6 19
1 73
1 88
8 66
4 29
7 56
5 65
9 62
8 94
7 21
4 72
5 9
5 43
10 46
8 28
5 27
10 51
6 4
6 40
9 97
8 4
7 99
9 100
8 93
6 98
1 51
3 23
7 44
7 29
5 59
10 1
9 94
10 96
3 94
1 68
7 78
9 62
1 50
3 44
8 59
4 69
7 26
9 48
2 43
10 67
2 74
10 8
4 5
9 94
2 35
2 15
2 80
1 25
6 93
3 52
6 68
3 3
4 99
2 15
1 2
7 84
9 98
2 62
4 100
7 53
8 8
3 37
9 12
9 67
6 44
10 28
2 40
1 88
4 88
10 98
2 8
5 34
9 89
3 6
5 73
1 21
4 19
8 67
9 22
3 26
7 72
7 85
10 50
4 8
2 11
3 75
5 66
8 56
10 22
4 72
1 78
1 18
1 6
6 25
10 5
3 67
10 48
6 22
4 51
7 10
4 15
5 50
2 48
9 81
10 90
9 85
10 88
4 11
4 84
7 13
4 98
4 50
8 31
8 56
1 10
5 92
6 40
10 42
7 37
8 95
8 15
5 53
2 66
5 2
6 1
8 73
8 77
2 59
2 87
5 74
8 85
1 48
7 26
7 23
6 86
6 20
4 47
10 30
9 97
1 93
9 81
5 1
9 77
9 93
9 44
10 16
2 1
9 28
6 61
1 78
2 7
10 73
7 68
8 78
2 33
7 94
2 97
2 36
9 91
6 50
9 72
7 79
9 45
2 54
5 62
6 82
8 67
7 91
9 24
2 9
3 49
8 27
9 63
2 22
10 63
10 85
8 60
7 34
1 19
10 23
10 7
9 75
4 23
3 68
10 26
6 62
9 18
5 89
6 13
5 20
1 24
10 5
4 17
10 38
8 44
4 91
2 98
6 6
2 27
3 29
7 79
9 61
3 79
7 8
10 54
2 9
5 87
5 56
5 58
6 38
10 67
10 98
3 70
5 50
1 34
6 5
9 69
9 19
7 50
9 60
3 82
6 69
7 47
3 16
4 79
9 35
9 1
3 36
9 83
7 72
10 9
5 94
4 93
10 71
7 53
7 77
4 65
5 25
3 30
9 2
7 8
5 76
10 46
2 53
3 14
2 3
2 47
3 79
6 32
8 86
2 16
9 59
6 95
4 72
7 73
5 79
2 1
6 69
5 62
8 89
8 77
9 100
5 50
9 72
4 69
7 35
3 17
6 98
5 85
6 31
4 99
10 29
6 58
8 79
3 100
6 12
6 98
10 42
7 48
5 24
6 68
7 58
2 53
10 21
9 26
9 21
7 54
8 25
4 80
9 65
9 20
1 89
7 11
3 1
5 85
3 13
7 21
1 16
6 71
5 90
2 25
9 99
3 7
6 70
8 70
5 43
3 72
8 82
3 14
8 34
2 66
3 41
3 32
9 76
6 97
1 31
7 96
6 56
2 18
2 82
2 40
5 66
10 14
8 9
1 54
1 12
4 95
7 61
6 98
8 79
4 48
7 86
2 78
6 52
2 82
5 36
9 82
9 74
4 31
10 59
2 95
4 35
3 32
4 57
9 81
10 48
6 88
9 53
3 36
1 36
10 83
1 31
7 8
6 73
2 70
3 41
2 46
4 12
4 92
3 25
7 51
9 24
7 56
