10 19
4 84
9 68
1 42
3 26
4 72
3 26
10 91
5 42
10 79
8 85
4 22
4 17
6 38
2 15
8 31
10 38
1 97
1 24
10 51
3 98
8 90
4 2
3 75
2 16
6 33
9 14
6 22
9 9
8 40
2 50
2 99
10 62
6 34
2 99
3 43
5 31
3 61
7 62
2 1
1 64
7 93
8 88
9 1
5 13
1 40
4 36
5 24
5 51
3 89
10 53
5 60
4 27
4 43
4 75
4 70
2 43
4 45
3 96
6 45
3 77
1 66
1 100
3 9
8 5
8 24
2 95
1 95
9 80
6 98
10 60
10 5
4 65
4 83
6 81
4 4
6 49
3 94
2 23
8 59
10 4
4 82
5 17
7 47
1 59
1 25
2 45
2 7
3 74
1 66
4 56
10 35
10 41
7 4
7 28
6 70
6 16
9 23
3 89
9 1
9 16
5 8
6 19
9 43
4 13
7 50
7 76
1 81
4 12
9 85
7 95
8 94
1 32
5 43
5 18
3 65
2 51
7 35
3 29
1 99
1 76
10 84
10 57
4 15
7 76
4 35
7 69
7 2
2 34
1 62
7 77
9 79
1 52
7 46
8 35
8 61
9 49
3 70
5 56
8 85
10 71
5 16
3 38
7 26
6 85
7 97
3 100
7 42
3 79
4 25
9 54
2 13
2 90
3 30
5 4
5 19
9 10
6 39
3 68
2 4
10 88
7 55
1 51
6 10
5 56
1 69
2 58
3 81
2 57
8 6
8 86
3 24
1 38
1 21
7 57
5 82
2 84
3 67
4 37
9 65
10 26
5 41
1 6
9 19
10 99
6 60
10 89
2 68
8 69
7 48
9 37
5 85
8 65
7 83
6 22
6 81
4 7
1 13
4 50
7 55
1 17
4 91
9 37
7 29
7 88
4 33
7 35
5 96
7 20
3 7
6 18
3 42
10 17
4 81
8 62
10 78
8 37
3 72
1 99
3 85
5 23
6 81
3 11
9 4
5 3
8 45
10 34
4 54
8 78
5 85
10 27
8 28
6 48
7 1
2 78
7 32
10 41
10 23
8 50
5 57
3 74
4 6
8 6
7 27
3 72
1 29
4 69
1 81
10 86
2 15
6 83
4 36
8 12
3 79
5 39
4 74
8 31
1 55
4 9
4 86
3 52
9 74
9 43
7 44
9 22
4 71
9 25
9 7
6 27
1 89
10 6
1 28
10 49
3 7
9 47
8 90
5 66
5 30
8 5
4 42
7 14
10 84
1 37
7 65
8 21
6 65
2 60
6 91
6 100
5 86
1 33
6 76
6 30
6 11
5 48
4 46
2 9
7 98
9 98
1 76
6 76
5 64
5 97
1 70
2 11
6 36
7 58
8 19
1 12
8 96
9 23
6 26
9 86
9 1
10 44
3 78
5 22
3 88
8 64
9 42
5 36
8 81
3 70
8 53
5 32
3 53
8 10
1 15
6 91
4 69
8 7
8 27
1 100
4 91
9 33
5 19
8 1
4 33
1 62
5 28
9 94
6 15
2 46
1 20
10 42
5 75
6 85
3 37
3 35
2 28
7 48
1 84
10 39
4 65
2 89
10 12
4 17
2 72
6 38
2 79
3 40
8 2
3 35
6 85
7 37
2 55
6 50
2 46
8 95
10 76
6 92
10 79
7 71
7 70
6 83
7 21
2 69
9 77
9 7
5 70
8 31
2 60
4 7
1 5
10 91
3 5
2 94
5 6
1 70
1 16
3 80
7 33
9 17
5 86
5 36
9 18
2 85
8 23
7 5
6 16
10 44
3 18
8 60
5 52
7 88
3 38
1 97
7 48
1 60
3 68
5 51
5 2
6 26
5 77
1 7
6 88
1 93
7 75
5 25
5 75
8 99
7 68
4 79
5 26
1 10
7 60
9 7
10 74
1 20
7 61
8 6
1 65
1 60
10 2
1 33
8 8
10 60
9 70
8 50
9 43
6 19
5 84
7 5
6 81
6 18
10 30
10 52
9 50
2 72
4 88
8 61
10 11
10 79
8 84
3 84
8 10
7 62
8 70
7 100
7 64
10 23
10 98
7 41
2 24
7 29
5 6
10 28
3 79
8 100
1 23
10 43
7 63
1 25
1 60
7 4
6 82
2 85
3 36
3 91
8 23
8 38
1 55
5 54
4 45
1 39
4 34
5 91
2 88
9 42
2 72
9 70
8 77
5 6
9 61
10 73
9 38
6 73
1 95
9 60
10 52
5 32
9 16
7 31
4 7
10 79
3 33
9 1
3 10
10 15
5 31
7 44
8 74
9 56
9 90
8 6
8 57
1 34
1 100
8 23
5 49
1 46
1 24
5 29
1 84
6 20
5 20
10 2
4 14
1 84
6 96
8 66
2 40
10 43
10 27
2 52
3 81
3 44
8 35
1 99
7 37
2 25
3 59
8 47
3 55
7 49
5 22
1 63
4 85
1 98
6 98
2 97
6 88
7 77
8 99
3 47
4 82
1 10
3 48
3 90
9 1
5 71
7 58
2 74
3 83
10 70
10 34
4 55
8 2
5 5
2 29
9 95
8 18
7 3
6 51
6 51
1 12
7 74
7 46
4 37
4 47
9 40
1 65
7 37
3 18
6 92
8 16
10 38
4 18
9 40
9 40
5 30
6 75
8 62
2 17
5 51
3 4
3 84
1 33
6 55
6 33
8 90
10 68
6 89
3 58
7 73
10 35
1 33
7 39
9 7
8 59
2 17
4 39
9 79
4 41
3 54
10 15
4 51
2 21
2 90
7 66
8 29
6 97
3 57
10 91
10 21
3 68
9 10
9 28
2 43
3 13
5 93
8 23
8 3
8 15
8 53
6 9
10 50
1 48
7 84
9 72
1 95
2 21
7 63
6 74
3 61
6 25
9 84
10 42
7 29
6 39
7 76
9 11
4 46
7 66
9 97
3 38
7 83
2 20
4 67
5 66
4 48
8 30
1 60
6 51
2 23
3 27
9 6
3 98
9 74
5 54
9 89
5 33
4 75
1 31
9 94
5 8
7 70
7 98
5 57
2 92
4 51
9 41
7 56
8 68
10 79
2 13
3 95
7 28
10 96
7 85
10 77
5 12
9 34
9 67
7 86
1 3
9 18
4 96
6 20
5 62
4 7
4 1
3 79
8 23
8 87
10 58
3 8
3 57
8 71
1 52
1 51
3 76
5 76
9 64
4 10
1 87
10 47
7 19
3 90
2 12
4 82
5 98
10 69
7 35
9 47
2 97
10 28
10 92
9 57
8 97
3 21
2 48
1 31
4 4
1 8
4 1
7 14
5 93
5 46
3 88
6 96
2 74
3 78
4 31
2 5
1 100
5 73
6 37
8 98
9 43
1 71
9 99
5 43
10 4
6 55
7 26
4 51
3 44
4 53
2 49
8 48
4 27
4 50
8 21
2 62
10 72
6 58
6 13
3 92
4 1
3 35
3 69
7 57
6 65
6 76
10 45
1 46
7 48
6 37
1 93
6 98
10 39
2 74
2 8
1 3
2 38
8 98
6 3
10 92
9 31
4 39
6 80
6 91
10 70
1 66
7 33
1 93
6 32
10 53
9 32
8 11
10 98
5 24
9 90
2 57
1 45
6 19
9 94
6 86
3 77
2 16
7 100
2 93
6 36
8 14
9 44
9 51
8 29
9 35
2 74
8 68
8 23
7 27
8 74
8 73
2 93
6 67
8 15
8 76
4 13
1 94
6 17
7 45
3 87
4 12
7 29
5 44
4 89
5 23
8 25
10 38
3 46
3 12
10 26
3 39
6 45
5 64
5 87
3 95
2 77
1 69
1 89
8 75
4 91
10 12
6 34
5 59
6 61
2 14
5 28
8 23
9 55
2 33
6 81
8 35
5 53
6 97
1 94
2 28
4 70
9 93
1 34
5 94
9 52
5 21
6 54
7 78
8 99
1 96
10 88
1 75
8 17
6 25
2 53
2 62
9 84
8 11
4 21
5 8
7 97
9 90
4 7
6 81
5 21
10 45
6 16
3 48
6 20
9 36
6 74
5 15
4 7
10 49
2 22
5 85
4 15
6 13
5 13
4 43
6 93
6 97
8 32
1 6
10 66
8 18
3 69
4 29
9 66
7 79
9 3
8 81
8 18
1 88
7 6
7 62
10 68
9 71
8 45
8 77
4 27
8 72
8 9
4 1
8 97
5 94
6 85
3 64
6 10
4 61
7 94
7 21
2 1
7 88
5 66
3 60
4 83
5 30
2 75
3 24
9 12
10 54
3 63
7 45
7 28
5 4
6 62
9 28
6 99
8 19
10 21
8 29
5 11
6 54
9 3
1 88
3 24
6 73
5 11
5 42
7 74
10 60
5 2
2 14
8 36
5 52
3 84
4 31
1 73
4 95
1 56
5 10
7 23
9 49
9 94
6 98
2 26
3 89
10 14
5 52
4 99
2 24
5 51
3 49
6 7
9 10
7 23
9 37
3 71
10 10
3 35
