1 23
4 30
1 44
8 87
3 78
5 88
9 27
2 46
6 73
5 44
5 94
6 28
6 92
7 2
8 14
3 23
5 64
1 38
9 3
10 56
6 38
3 91
9 52
3 7
3 12
1 45
1 46
6 92
3 53
2 72
6 94
9 93
6 59
2 62
7 81
4 92
8 36
6 7
8 2
3 55
5 67
6 39
3 12
7 27
9 25
4 89
3 45
3 55
3 42
9 48
7 83
5 9
6 91
5 78
2 16
10 77
3 48
3 23
10 15
2 58
3 85
9 20
4 95
9 67
9 70
10 22
9 97
4 59
3 17
6 93
3 74
3 2
9 76
7 79
8 99
1 5
5 81
9 89
3 99
5 7
3 56
7 6
2 65
6 87
4 64
10 65
7 25
6 94
10 3
6 77
4 93
8 36
6 25
3 20
7 21
6 15
10 86
7 22
2 61
3 81
6 90
4 29
2 68
5 57
8 37
2 84
2 53
10 2
8 77
6 97
4 98
2 65
3 13
1 53
4 97
3 13
4 17
6 29
10 15
3 22
9 46
3 36
8 81
4 16
2 85
4 9
8 97
9 71
5 81
6 7
5 24
1 78
5 58
6 57
5 87
9 46
8 66
4 41
2 91
1 90
3 65
3 87
3 47
1 89
9 5
5 37
1 26
4 77
3 94
8 97
9 7
2 8
5 21
2 32
10 19
7 23
10 68
4 59
5 19
5 52
7 59
3 45
8 60
4 30
1 63
1 73
4 40
8 45
10 10
7 35
2 44
2 52
2 12
9 68
4 73
1 44
4 54
10 29
6 81
7 52
1 54
10 22
8 49
9 9
10 15
9 16
10 74
5 4
10 79
7 77
7 18
10 97
4 81
4 24
1 6
10 8
2 59
1 7
1 15
2 91
4 99
8 78
4 70
1 56
3 38
10 27
2 21
4 50
6 38
2 58
5 34
4 13
2 77
6 4
1 89
2 32
8 97
3 77
2 31
8 96
2 90
4 75
6 39
4 76
4 71
5 7
4 89
10 80
2 90
7 37
4 15
8 100
2 50
3 61
8 78
4 100
10 65
8 18
5 7
5 47
7 65
1 43
8 16
10 13
5 25
3 74
1 34
2 90
1 62
4 67
2 6
6 47
4 68
9 95
3 29
5 50
6 76
10 6
1 18
10 28
6 41
5 95
6 85
2 55
1 13
6 73
8 23
3 10
9 15
9 74
7 46
5 18
6 24
7 1
6 35
5 36
3 19
7 93
6 56
3 7
2 43
6 45
8 6
1 92
7 18
2 95
9 90
9 18
6 89
6 71
2 8
4 62
4 48
7 10
10 52
6 45
1 48
7 65
2 46
7 66
7 52
5 82
10 79
9 71
1 91
3 8
7 89
9 97
6 82
10 64
10 73
3 6
4 80
5 95
1 71
2 68
9 39
10 99
7 91
4 41
8 42
3 80
2 93
8 70
8 2
7 42
9 29
8 38
8 31
10 3
1 98
4 70
4 6
4 3
4 74
5 96
6 38
7 39
5 44
1 21
8 32
10 56
4 71
2 96
5 53
4 35
5 7
1 63
10 44
7 25
7 99
1 67
2 50
9 5
9 6
4 65
4 56
1 91
1 96
4 81
6 21
4 48
1 5
2 95
6 71
1 28
8 34
6 74
7 24
9 43
2 16
7 11
5 6
3 89
2 74
10 21
7 33
1 47
4 8
6 84
3 29
7 42
6 68
2 75
6 26
2 31
5 94
9 99
6 46
10 60
9 53
3 7
3 91
7 91
8 68
3 92
6 23
1 39
6 12
7 100
1 37
2 7
8 3
1 8
8 75
10 82
4 31
4 32
3 36
10 28
9 7
8 60
10 73
6 77
3 86
5 34
3 6
7 90
5 59
7 36
1 19
10 89
9 51
1 16
6 60
7 14
1 50
2 47
10 87
5 17
4 51
4 72
10 95
6 72
4 62
9 40
10 96
4 72
6 18
6 54
9 3
5 89
6 27
9 22
9 97
3 4
3 2
7 71
1 85
8 10
9 41
9 47
3 36
3 95
7 2
2 87
7 53
2 77
10 5
1 17
8 27
1 33
4 80
6 87
2 20
9 58
2 24
1 91
3 53
2 71
8 95
4 90
5 74
8 35
9 5
9 23
10 17
4 68
3 88
6 47
10 19
1 74
3 54
5 52
8 20
9 82
10 95
6 53
2 18
5 82
1 38
6 69
2 86
8 97
5 67
4 8
7 68
9 53
4 55
4 36
3 73
8 22
1 33
5 61
3 41
8 33
2 24
10 63
1 88
5 52
6 88
2 6
3 86
4 38
3 76
1 45
5 88
7 98
10 86
8 29
10 94
8 14
1 4
2 36
6 61
5 58
7 43
9 88
7 68
2 16
2 88
4 39
3 57
3 82
1 100
7 79
8 7
3 17
1 53
7 61
4 35
6 77
10 17
9 79
2 8
3 76
10 15
1 55
8 20
9 26
3 15
4 68
9 62
7 40
6 100
9 85
1 64
6 27
2 89
4 51
3 36
7 55
3 62
7 1
1 65
7 90
4 62
4 71
10 5
3 36
3 56
4 22
6 17
5 47
5 32
6 99
5 46
3 14
8 28
9 53
1 19
9 19
6 45
4 58
3 94
1 26
9 42
9 42
8 62
2 65
5 77
7 96
1 88
10 87
3 26
10 42
1 16
10 91
5 89
4 70
5 86
5 81
10 16
1 29
4 87
5 13
10 96
9 86
2 43
2 52
9 15
6 37
8 2
6 12
7 1
7 98
6 65
10 5
1 21
4 85
10 76
10 23
4 78
1 60
2 71
9 44
4 8
5 70
9 59
9 25
4 33
7 16
8 11
9 10
4 11
6 31
7 73
8 100
9 82
4 35
1 36
3 28
9 100
10 52
1 89
7 82
8 26
5 41
4 40
10 76
3 10
2 46
1 93
6 51
1 88
8 91
10 9
9 66
1 39
10 36
4 89
10 16
5 67
2 24
10 63
9 95
8 6
3 68
5 74
2 3
8 65
7 79
6 88
2 3
8 54
3 17
3 63
8 29
3 93
4 70
8 54
9 32
3 100
8 38
4 83
8 22
6 5
3 84
10 60
2 76
8 48
9 37
4 47
9 39
2 31
6 63
5 72
8 82
4 71
1 24
5 7
4 80
3 95
8 2
10 68
4 12
7 65
7 13
8 93
3 24
8 98
8 82
8 72
3 9
9 80
4 21
9 91
7 11
9 31
4 80
7 30
4 99
7 66
6 36
9 61
2 46
5 41
2 88
7 44
5 49
4 38
2 34
3 32
4 20
10 14
10 19
8 4
4 73
4 71
5 84
4 10
10 60
3 36
5 85
8 50
8 18
9 34
6 98
10 40
7 40
9 27
3 82
10 59
9 58
8 86
2 98
3 66
3 2
9 68
2 100
10 3
10 48
4 95
8 62
10 76
4 74
10 6
5 74
5 43
1 55
10 10
7 45
6 63
6 21
7 24
1 50
5 19
3 24
5 17
6 74
2 72
6 94
2 36
6 75
1 61
3 30
3 100
3 75
6 83
1 27
10 72
3 63
3 70
8 48
8 13
6 34
6 32
9 84
1 92
8 93
5 34
3 17
7 74
3 17
2 64
6 6
8 53
7 98
7 20
5 10
4 22
8 21
3 47
3 28
6 11
9 67
8 33
1 55
7 40
5 26
9 99
4 17
4 3
9 20
5 57
4 85
3 73
8 27
5 51
4 42
3 100
3 98
7 1
4 52
10 40
7 12
10 17
6 80
10 33
6 61
6 57
5 73
4 17
1 46
5 11
6 63
4 71
9 81
9 22
1 72
4 73
3 28
2 80
2 3
4 7
10 96
10 27
2 87
3 74
10 100
1 22
7 10
9 85
6 97
2 55
8 51
10 100
9 81
10 93
6 74
4 69
7 6
3 65
1 69
7 97
8 2
10 49
1 74
9 1
10 26
8 54
7 2
8 23
5 8
6 19
8 57
6 8
5 47
2 25
7 53
6 17
3 47
6 97
6 29
9 80
1 20
8 53
9 72
2 10
6 81
6 36
3 5
10 36
10 14
1 41
2 25
3 55
1 76
4 48
6 3
3 73
2 70
9 86
6 8
4 55
9 47
3 31
8 25
4 91
2 16
4 39
6 99
7 46
10 89
7 27
9 82
5 85
10 72
8 23
9 20
6 97
8 47
2 63
3 5
4 28
10 29
4 76
5 18
6 94
9 13
4 18
9 75
8 35
10 68
3 97
10 56
10 5
7 29
4 26
6 45
8 100
9 24
8 28
10 11
10 60
9 77
2 25
9 19
3 91
2 16
7 44
7 6
8 85
4 40
5 82
8 9
2 1
3 18
5 63
10 64
7 27
1 45
8 80
9 81
8 2
10 73
6 24
1 95
8 93
7 5
4 24
4 17
2 99
6 50
10 1
5 67
7 84
3 96
9 83
9 49
10 55
7 34
1 13
4 96
2 80
8 88
4 85
2 18
1 61
4 38
