7 62
6 74
9 86
6 94
1 65
2 88
4 81
10 68
5 47
10 84
9 58
2 78
10 100
3 55
9 88
2 85
6 89
9 3
9 30
8 35
2 85
10 13
5 63
5 68
8 87
7 70
9 7
8 89
8 32
3 33
10 100
5 60
9 91
6 46
4 27
1 35
6 2
3 83
1 43
4 45
4 44
9 43
9 18
5 77
5 74
2 76
9 41
5 31
7 3
5 2
2 78
4 20
4 26
4 39
4 77
1 98
6 57
5 55
9 61
8 66
4 30
10 19
1 38
5 36
6 7
7 63
10 66
10 60
5 63
5 58
9 26
9 64
7 44
10 22
4 16
4 18
2 91
5 18
10 31
9 60
8 53
4 94
3 68
5 67
3 43
7 47
2 89
9 79
8 51
5 81
6 54
5 11
8 11
8 26
4 29
4 6
6 59
7 17
3 19
5 71
5 55
8 29
8 50
9 58
8 15
4 38
10 99
5 97
3 5
1 49
8 19
1 20
8 55
9 26
7 92
7 1
7 75
4 87
3 42
8 78
6 4
7 75
10 28
5 26
4 88
5 61
8 26
6 63
1 22
6 60
9 66
4 36
10 23
5 74
3 65
5 82
3 78
7 59
9 8
10 15
2 58
9 16
9 5
4 74
6 48
8 87
5 65
4 6
8 51
1 11
2 9
8 92
4 41
3 50
1 99
3 31
3 29
1 28
3 45
6 51
6 1
1 55
10 34
3 92
10 23
3 43
10 53
1 70
9 53
8 72
5 14
8 36
6 38
1 64
10 72
10 15
3 13
10 64
2 36
6 46
3 50
4 72
7 6
3 20
7 30
5 65
6 97
5 3
1 93
5 29
6 41
10 81
1 28
10 98
4 39
4 95
4 66
9 60
7 74
1 28
2 4
9 70
8 78
3 64
5 35
6 77
3 73
5 74
7 65
3 26
10 64
1 76
2 30
8 2
2 29
3 59
7 30
8 85
5 87
7 86
7 13
9 18
4 59
6 58
6 94
1 99
2 94
4 56
6 69
4 22
8 33
10 4
6 6
6 52
9 32
10 30
3 6
4 54
9 92
7 32
3 17
10 1
2 14
10 73
5 52
9 89
1 97
1 37
2 14
2 66
10 92
4 3
8 5
7 35
1 2
10 21
5 80
9 24
4 31
5 12
10 27
3 61
6 58
8 79
3 8
3 23
8 99
5 98
10 10
6 24
2 100
8 25
4 29
1 84
10 90
10 20
10 91
1 80
7 66
3 90
10 50
3 36
1 46
4 47
1 24
4 29
6 47
2 47
10 49
10 45
1 82
3 91
3 46
8 72
3 89
9 49
5 93
4 27
6 56
10 30
6 9
10 67
10 2
1 44
8 48
8 4
3 19
4 26
8 85
2 31
10 50
3 77
5 89
7 58
4 82
3 74
10 47
2 20
2 86
9 12
9 14
4 35
7 66
7 100
1 23
5 4
5 25
5 85
5 2
4 23
1 91
7 48
6 16
2 30
7 14
10 78
6 43
3 80
3 10
4 74
3 70
6 80
8 95
4 26
10 28
9 92
2 63
1 3
5 58
5 4
8 70
7 27
7 55
3 10
3 56
7 24
6 61
9 61
8 3
1 56
9 15
3 92
6 63
2 92
2 70
10 82
5 31
5 63
9 10
10 85
8 3
3 14
7 7
7 37
10 85
10 23
7 26
7 71
7 50
6 47
4 48
9 20
1 80
4 17
9 51
4 61
2 95
3 87
8 30
10 10
10 6
1 98
3 63
1 86
10 1
8 3
2 72
10 14
1 82
1 66
4 88
8 75
6 61
6 99
8 36
10 66
8 97
7 30
1 85
1 51
3 3
3 89
5 82
10 53
5 92
9 34
8 27
1 30
5 24
8 72
7 51
8 24
4 19
5 14
3 31
10 4
10 96
3 1
2 74
1 7
9 26
5 60
8 82
7 61
3 93
7 88
2 81
4 8
4 71
9 11
2 94
4 100
7 69
10 79
2 27
7 62
7 17
8 61
6 71
4 54
5 31
5 8
10 83
1 99
8 70
8 37
4 38
1 79
10 65
9 54
5 87
1 13
5 76
7 29
1 11
3 84
10 18
3 19
4 77
6 39
2 42
2 15
3 84
10 73
7 73
7 82
2 88
4 12
8 100
3 3
10 98
9 24
6 59
8 66
1 87
9 26
3 6
9 34
10 22
10 74
2 16
2 65
3 8
10 95
3 28
9 16
6 60
2 52
7 65
1 77
6 57
2 63
2 91
3 26
7 97
9 95
9 18
5 65
1 9
7 82
4 36
9 63
6 33
8 49
9 69
10 27
4 30
1 93
1 4
6 98
1 84
5 42
8 36
7 74
2 96
2 34
6 49
3 2
2 85
1 88
2 14
9 97
10 96
7 99
5 2
4 27
3 17
5 37
1 1
10 14
3 85
1 10
6 82
7 10
1 64
6 48
1 29
6 95
7 74
8 18
5 79
7 33
8 67
4 95
6 94
10 31
9 68
4 94
4 40
10 38
9 5
6 97
1 16
7 64
9 31
6 43
7 26
9 75
9 69
8 88
9 2
10 89
5 97
6 82
1 58
1 76
9 50
5 31
10 50
4 33
7 64
3 83
2 24
2 14
7 61
7 40
6 94
9 6
6 12
6 58
1 48
5 93
6 85
3 86
5 64
6 26
9 66
7 93
2 76
9 34
7 13
7 52
2 56
5 24
7 93
2 6
6 35
2 52
7 87
3 63
5 4
9 22
2 35
6 40
5 27
4 10
10 6
3 82
7 99
4 39
5 99
4 10
3 50
10 59
2 89
5 9
8 82
6 30
10 80
5 74
7 64
8 75
7 25
6 40
6 76
5 100
7 88
3 79
6 6
1 63
6 49
3 31
7 33
8 9
2 77
2 79
9 51
2 5
9 84
2 25
7 22
9 35
4 22
4 4
4 42
9 71
2 96
4 59
4 77
5 57
8 62
9 89
1 61
2 95
9 20
7 9
7 10
1 80
9 38
4 69
3 99
6 81
3 30
3 28
1 87
10 36
4 67
5 42
8 21
4 42
8 29
1 44
2 14
3 34
9 85
6 18
9 99
7 50
4 83
10 35
10 54
10 30
5 19
3 24
8 72
1 34
3 98
1 54
4 65
3 94
10 5
1 23
6 73
10 85
4 6
3 42
6 18
7 24
5 56
5 73
6 29
10 42
2 9
10 32
9 32
6 32
5 23
5 37
8 38
2 91
1 57
3 67
5 36
1 30
8 12
7 20
4 64
9 11
2 57
4 93
8 62
3 11
10 3
8 70
10 13
4 36
1 7
6 68
4 32
5 72
3 29
1 21
1 46
5 57
1 61
4 80
6 56
5 16
6 5
6 56
4 51
8 75
4 63
3 7
7 61
4 25
3 81
10 56
5 70
1 31
10 95
6 75
5 29
8 46
7 97
5 50
5 42
1 25
6 98
5 23
9 15
6 66
2 21
9 46
8 97
5 54
9 89
8 53
1 25
2 26
10 78
5 68
9 97
3 38
10 1
8 72
2 14
9 62
3 98
2 94
4 38
5 41
9 60
7 91
9 17
2 48
10 66
2 98
10 97
9 70
7 82
2 79
3 59
4 98
4 42
1 99
8 9
10 13
3 24
1 95
4 40
1 60
2 15
5 48
1 13
10 60
4 50
3 62
4 70
8 18
10 74
3 39
6 55
1 54
2 81
1 59
8 35
5 45
9 31
6 91
6 10
5 84
2 97
6 59
9 61
3 14
6 25
8 69
5 55
8 36
7 11
5 34
10 16
10 99
2 60
1 21
4 67
9 100
10 7
7 33
4 43
4 25
7 89
2 6
3 82
10 94
7 78
1 51
9 90
3 100
5 47
3 64
10 16
2 46
6 56
10 36
9 81
6 96
3 29
1 72
9 75
1 97
3 26
8 4
1 11
1 6
4 8
7 59
6 58
8 74
9 99
5 36
9 81
5 86
3 20
1 8
3 7
10 84
4 31
7 69
7 35
6 78
9 95
9 30
5 56
7 1
4 62
2 13
4 50
7 84
9 4
4 23
9 93
8 48
9 96
6 84
1 6
9 63
4 36
9 38
8 91
10 3
2 92
3 20
5 29
5 30
9 99
2 96
1 33
7 65
3 11
7 35
3 41
3 86
4 59
5 65
7 54
5 56
1 20
1 47
3 21
4 95
6 19
9 63
3 71
2 91
1 50
9 92
10 56
10 43
6 48
6 45
6 93
3 71
5 11
2 84
6 27
2 60
6 62
1 20
3 21
1 69
2 74
8 93
6 26
8 61
1 39
7 60
7 57
9 97
7 38
2 46
2 42
4 57
1 9
2 48
3 100
10 95
1 44
9 89
8 99
2 85
3 79
8 28
10 29
9 50
3 51
10 17
7 91
1 17
2 76
10 1
5 14
4 55
2 66
6 80
2 92
7 27
5 98
1 80
6 78
3 65
1 47
10 21
5 32
7 9
6 31
10 93
5 70
4 11
