8 35
9 15
5 37
2 14
6 14
8 91
5 2
5 67
5 14
8 64
3 37
1 33
4 69
8 52
9 53
1 27
3 25
2 64
5 86
2 90
1 73
10 28
7 30
8 5
6 90
8 84
2 54
3 67
7 19
9 72
10 68
8 1
5 27
7 13
2 89
9 43
10 31
8 87
2 65
7 35
10 55
7 76
4 83
2 47
8 91
1 43
10 100
8 81
5 84
7 80
1 53
5 90
10 98
6 16
2 7
2 2
8 84
1 7
7 99
2 48
3 1
9 95
9 84
4 48
10 99
2 63
2 70
5 10
4 12
8 79
1 43
8 41
8 7
8 96
1 83
2 71
9 61
1 46
3 61
8 77
7 34
9 32
9 9
6 57
3 75
1 60
5 93
4 14
1 2
7 97
4 50
3 7
4 55
5 70
6 94
1 61
9 35
4 50
2 65
8 52
6 57
2 51
10 97
8 82
1 15
3 53
4 76
6 17
1 75
1 46
10 51
7 68
5 64
5 33
1 78
4 74
9 83
5 1
3 80
10 24
6 52
6 37
4 50
9 69
9 60
6 26
6 41
9 45
1 47
3 66
3 33
8 45
10 81
4 41
6 10
7 90
3 50
6 67
7 35
8 3
9 96
3 63
10 75
8 33
8 85
5 31
8 34
6 90
10 43
4 31
2 26
8 25
8 21
3 49
5 16
10 14
8 29
4 43
1 97
7 76
10 34
3 62
9 63
10 88
8 73
8 23
4 28
1 53
3 29
6 93
9 24
2 3
1 12
2 76
6 100
9 21
8 30
7 94
8 15
2 37
7 34
6 57
4 25
3 37
3 34
8 65
4 31
8 41
5 2
7 9
5 48
8 37
6 57
8 51
3 19
2 66
1 88
2 13
3 88
5 21
1 64
5 12
8 10
10 57
5 5
1 22
5 35
8 60
1 94
2 37
9 69
7 10
5 30
2 96
6 69
3 23
5 70
1 7
8 52
6 39
6 94
1 7
1 8
9 57
9 19
8 84
10 17
4 42
10 19
3 85
3 33
1 97
1 98
5 44
6 62
10 58
9 29
3 92
7 20
4 25
1 66
8 33
5 49
4 6
7 53
4 7
8 91
4 44
6 43
8 73
5 67
2 12
1 66
8 85
5 45
7 56
7 17
10 66
5 52
9 97
6 30
7 89
7 8
9 19
6 76
4 64
7 39
7 74
3 60
4 59
9 87
1 77
8 90
3 65
4 35
3 76
7 27
8 8
8 51
8 39
9 98
3 91
9 83
6 83
2 41
7 69
9 24
9 69
5 98
6 69
1 100
10 51
7 88
7 1
5 65
5 28
10 69
5 97
5 2
7 73
2 11
8 51
5 27
7 8
9 70
7 62
5 95
9 50
9 53
5 96
6 53
9 2
1 18
5 90
9 13
4 48
10 4
6 13
1 41
9 21
5 80
10 72
6 18
3 72
6 78
1 70
1 67
5 76
3 63
6 6
9 43
1 6
10 38
3 95
6 60
6 45
8 57
4 80
2 88
5 9
3 51
7 78
8 56
4 86
10 85
4 70
3 80
8 93
1 43
3 77
7 100
5 15
1 37
1 92
2 62
3 23
9 12
4 84
6 79
4 14
3 99
7 57
5 9
5 13
3 29
1 20
2 99
4 28
9 35
10 98
3 6
9 76
7 100
8 60
8 24
1 26
10 71
8 2
5 33
9 76
7 21
1 71
2 72
6 84
7 93
1 9
5 76
3 4
3 65
5 42
8 44
6 30
2 48
9 83
2 57
5 36
2 51
10 29
2 84
1 91
9 30
8 45
8 43
3 25
3 53
10 71
9 99
10 40
6 73
2 23
4 80
1 25
1 47
10 32
10 49
10 60
8 93
10 62
8 31
3 69
4 62
3 49
5 99
4 6
5 76
7 31
6 62
5 41
1 53
1 28
9 11
10 8
10 60
7 60
8 61
4 96
6 62
9 18
8 34
8 92
4 79
10 61
4 16
4 50
3 20
6 67
9 77
7 98
2 9
2 4
3 84
9 35
2 86
6 13
7 28
4 40
4 43
7 3
2 42
3 16
2 46
5 62
2 7
8 99
10 37
2 92
3 88
10 22
2 54
10 78
2 40
10 72
2 77
10 3
9 98
7 48
7 77
3 94
4 30
1 71
5 80
3 70
5 46
9 41
5 46
6 17
8 42
3 72
5 87
8 59
7 86
10 10
1 19
3 78
1 29
6 14
5 34
5 89
1 66
5 23
9 98
3 42
7 43
5 66
10 38
2 94
9 94
8 2
3 54
7 50
7 20
6 15
6 15
4 69
7 14
5 13
1 98
5 34
7 78
10 28
6 50
3 52
8 61
8 7
6 3
5 42
2 68
10 95
1 7
9 18
5 60
8 59
8 46
4 20
2 8
4 30
6 14
10 86
2 15
7 62
6 71
7 34
8 4
5 49
4 94
5 13
5 68
8 8
7 97
5 28
2 36
6 77
8 44
8 2
5 65
5 91
10 16
6 58
5 57
7 42
9 39
8 40
9 41
9 49
7 17
10 13
9 66
10 77
5 43
7 6
9 66
10 61
2 11
7 63
7 10
6 54
5 92
10 29
7 75
6 13
7 100
10 98
8 3
3 50
1 98
1 49
10 51
3 97
5 84
10 28
4 68
3 64
5 48
9 99
3 15
2 93
4 79
7 100
5 70
9 27
7 63
1 83
2 83
7 82
7 30
1 53
8 18
9 57
7 70
10 82
7 60
1 97
5 79
5 48
1 84
1 21
9 96
8 60
5 62
1 53
9 79
4 90
5 40
3 1
1 91
8 62
7 83
3 25
5 54
9 23
8 96
10 64
8 46
8 40
1 17
9 90
4 66
8 99
6 67
5 43
6 7
3 56
5 87
1 40
3 49
10 8
4 30
4 43
9 97
9 51
6 83
9 97
5 62
10 48
5 42
5 4
6 2
3 94
1 44
8 7
10 20
4 63
2 59
8 67
7 97
10 98
3 48
2 77
2 16
6 82
5 61
6 12
5 24
7 90
3 51
4 69
6 19
1 28
6 51
2 67
3 10
7 76
7 45
9 3
5 41
10 43
5 89
7 90
10 33
8 82
1 31
10 99
10 33
8 39
3 12
8 92
4 100
8 89
10 38
8 22
7 75
1 17
5 98
8 55
3 1
2 44
8 92
9 49
8 88
3 24
4 20
7 46
3 79
6 17
7 50
1 67
7 87
4 55
2 22
7 43
5 44
3 12
8 43
9 95
3 79
3 60
9 79
8 33
3 95
6 88
4 25
10 2
3 41
1 41
3 96
9 5
4 54
5 64
10 8
6 52
3 17
2 54
4 16
2 28
1 79
10 98
6 3
7 62
9 73
4 96
2 53
7 90
3 86
9 81
4 98
3 96
3 52
2 5
1 15
9 7
6 49
6 48
7 97
6 36
4 23
2 90
9 11
3 30
2 90
6 12
5 37
9 77
8 54
10 79
7 93
7 88
1 91
1 8
10 15
6 100
1 67
5 85
10 18
8 28
6 68
4 56
5 93
8 93
5 76
6 48
3 85
4 65
10 14
9 12
9 68
8 73
3 20
5 51
9 76
9 49
10 69
5 61
8 56
5 81
1 30
1 66
2 51
8 95
6 59
10 35
10 64
2 5
6 84
1 30
10 92
6 85
1 45
8 43
6 83
5 52
3 28
2 58
1 36
1 49
1 24
7 25
3 63
6 1
1 61
9 73
3 95
3 63
4 12
8 54
5 84
4 83
8 62
8 33
6 91
2 20
4 42
7 55
2 54
2 4
8 17
8 64
4 75
9 60
8 34
3 38
1 18
4 18
9 72
4 54
9 5
5 4
3 61
6 55
7 33
8 64
2 58
3 88
7 60
9 95
4 3
5 24
8 50
2 72
5 70
7 61
2 45
3 72
1 60
2 59
2 19
8 33
1 61
2 55
3 36
1 58
5 15
2 63
6 43
7 42
1 3
5 30
4 16
5 89
4 93
8 46
5 16
7 45
6 14
3 99
2 26
6 90
2 22
7 14
1 81
5 28
4 57
2 77
9 13
3 47
6 3
7 55
8 57
8 90
8 9
10 19
9 59
3 18
5 71
5 91
2 13
5 93
3 66
8 27
2 8
4 5
4 17
3 65
1 61
5 20
2 54
2 35
4 41
6 32
7 56
4 38
6 90
8 58
9 52
1 94
3 18
6 16
7 9
2 21
1 96
10 68
7 17
2 55
8 72
1 13
6 19
10 9
1 17
2 22
6 73
9 100
9 66
3 24
10 57
8 68
4 27
6 98
10 62
2 99
7 3
3 68
1 78
4 73
10 89
7 3
3 10
8 4
6 21
3 12
4 99
2 87
1 13
4 46
4 12
10 32
5 66
3 55
2 67
6 19
4 63
8 87
3 95
5 50
8 70
6 41
8 41
1 28
6 83
9 59
2 85
9 4
10 14
7 7
10 75
10 90
1 49
2 78
7 36
4 50
9 41
8 3
