1 47
4 66
6 56
2 78
4 44
10 99
9 13
1 75
7 88
8 76
10 80
2 6
4 84
8 7
9 95
4 66
2 63
9 91
9 19
1 15
1 14
10 27
2 78
1 96
1 45
8 38
1 52
10 69
8 22
1 42
10 68
3 11
5 27
10 15
1 70
5 97
4 46
6 99
10 88
4 58
3 34
9 77
4 98
3 20
1 24
2 88
9 7
7 8
7 32
1 91
5 43
3 5
3 91
3 31
2 41
7 24
2 5
3 90
6 53
4 38
5 30
3 64
10 41
2 42
1 90
4 9
2 81
2 38
1 63
6 100
2 43
7 12
7 55
1 55
5 85
10 36
6 88
7 58
10 4
9 1
2 57
1 59
2 89
2 81
8 64
3 52
3 54
8 38
8 48
1 2
10 39
5 93
9 82
10 30
5 51
6 37
7 85
2 83
8 57
9 70
7 75
6 21
6 77
6 48
6 8
7 98
5 74
6 2
10 12
4 72
4 23
3 37
9 38
6 91
1 13
10 92
9 53
4 2
3 52
2 92
3 59
4 95
4 35
10 43
3 37
5 40
9 38
1 66
9 92
3 66
7 59
6 37
3 80
8 38
5 8
9 14
4 56
6 5
4 37
1 96
7 63
9 59
6 24
5 51
6 15
3 84
7 26
9 30
8 85
4 28
1 32
5 84
9 97
10 76
9 96
10 36
2 72
2 3
7 84
10 57
9 6
5 78
7 79
6 90
2 44
8 5
3 25
7 19
5 81
4 92
6 81
1 47
7 42
6 94
10 98
6 88
3 43
10 14
6 12
6 71
7 69
4 18
9 26
8 74
4 99
4 30
6 95
4 91
1 19
3 71
7 59
1 40
1 60
1 10
10 85
3 70
2 83
1 100
5 43
1 63
10 64
3 45
9 31
3 62
9 32
5 79
4 94
9 76
1 98
3 5
10 100
7 10
1 64
8 90
1 93
7 43
4 37
2 5
8 64
10 33
2 1
8 80
3 19
2 100
6 46
3 3
2 32
9 20
2 35
7 76
3 67
1 86
7 24
3 2
10 30
1 23
1 34
6 91
8 91
6 62
10 26
5 84
6 18
8 24
2 71
4 98
7 66
2 67
10 34
2 24
3 6
5 41
9 39
8 89
7 21
10 48
10 99
6 52
8 36
2 85
3 61
6 92
10 73
3 79
2 63
8 39
7 51
7 27
5 48
10 85
4 58
8 15
4 5
8 64
10 30
8 96
4 78
6 66
3 16
6 66
4 63
7 52
2 6
9 52
8 21
6 67
4 9
9 50
9 55
5 14
6 59
1 53
10 96
10 69
10 52
3 95
9 1
9 70
8 30
5 25
1 13
9 79
2 51
4 34
5 39
8 32
8 15
9 87
4 84
4 71
6 68
4 43
7 75
7 28
2 67
10 46
5 74
10 49
10 35
7 71
2 60
1 73
3 55
8 23
8 86
10 62
2 65
2 49
8 84
8 56
7 90
7 78
2 38
3 10
7 93
4 24
7 93
8 61
1 94
7 41
4 22
3 89
10 50
4 14
3 23
10 14
5 63
9 66
3 71
10 32
5 78
2 78
2 36
8 36
5 28
7 80
3 92
8 32
3 63
5 2
8 34
5 92
7 8
6 65
4 3
4 17
6 45
8 85
7 3
4 59
9 62
4 33
2 91
3 8
7 29
5 29
4 27
4 39
4 27
6 77
8 15
9 84
9 3
3 60
1 83
6 68
7 59
5 36
6 21
2 99
4 64
10 22
3 3
1 28
4 12
6 80
7 59
3 57
8 71
1 56
7 41
4 69
2 56
10 96
4 21
2 99
6 30
10 58
8 10
6 78
2 38
1 26
2 27
1 44
4 89
10 65
1 71
7 61
6 92
4 26
9 46
3 39
9 93
1 60
3 36
7 37
2 25
5 1
5 71
10 65
9 22
5 30
4 50
2 36
10 12
10 1
6 17
3 7
3 13
5 97
9 93
4 33
4 94
1 62
6 59
4 17
1 17
3 28
10 50
3 2
9 74
4 31
3 11
6 51
6 1
5 29
1 45
9 58
4 32
3 64
6 31
7 55
8 31
2 35
10 34
10 35
9 41
8 1
10 62
6 99
6 53
9 39
10 8
2 25
2 59
9 17
7 94
4 46
6 71
10 94
1 28
2 60
8 22
9 90
6 31
9 91
5 10
4 100
3 10
7 40
4 52
5 66
5 78
7 40
7 29
9 58
8 19
7 16
2 84
2 88
7 78
9 68
1 87
5 92
5 14
6 49
6 19
7 15
1 53
7 72
6 6
3 22
7 66
1 30
5 40
3 52
4 23
2 65
2 68
8 67
1 66
7 71
2 82
3 55
2 37
8 19
1 53
2 3
3 15
9 44
9 96
3 13
5 97
10 69
6 38
6 24
10 36
4 42
8 52
10 19
2 4
8 99
1 27
7 81
9 60
4 46
10 63
6 17
3 74
9 31
7 25
3 63
1 89
8 74
10 38
5 10
7 19
10 22
10 47
5 56
8 54
8 38
4 34
9 69
6 21
1 92
4 75
10 66
1 61
9 23
10 10
5 65
10 46
9 71
8 69
6 23
8 21
7 45
5 92
9 8
3 1
3 65
9 42
10 95
5 57
5 82
4 28
4 56
3 73
9 62
10 30
2 47
8 77
7 72
10 66
10 88
7 40
3 23
7 58
6 74
3 47
9 78
10 62
4 99
8 4
8 7
8 65
7 7
10 90
1 66
4 15
2 90
9 44
9 96
6 66
3 89
2 95
4 98
8 22
10 25
6 23
1 62
1 91
7 1
3 96
4 42
9 75
2 41
2 30
4 42
7 38
5 62
2 39
10 16
1 52
10 6
7 77
10 51
6 95
8 58
10 75
6 86
4 75
7 10
9 2
1 96
8 51
2 1
4 86
5 47
9 47
9 32
10 88
5 91
7 25
9 25
1 59
7 94
10 10
1 17
9 52
10 10
5 8
2 84
8 68
7 100
7 67
4 45
1 62
5 52
7 18
10 100
4 59
8 80
3 1
1 6
5 52
5 32
6 54
8 41
3 72
9 69
3 73
3 78
10 93
5 96
1 98
2 84
6 81
10 18
4 47
4 100
6 14
10 47
9 92
10 92
8 76
2 12
8 24
5 54
6 75
1 70
7 71
8 100
9 3
9 50
5 64
6 55
10 50
2 37
8 94
3 94
4 46
6 28
6 93
6 90
3 77
9 27
1 59
10 61
5 90
1 46
6 25
1 61
4 47
10 84
1 17
2 55
7 47
3 8
3 59
5 46
5 3
8 77
10 58
1 71
7 27
8 53
3 81
6 16
2 91
4 91
8 12
1 39
1 31
8 47
9 39
10 49
5 9
8 93
3 35
2 6
1 84
1 19
8 33
6 21
5 100
2 18
5 76
4 29
7 14
3 22
4 83
2 52
2 99
5 8
2 22
5 41
6 46
7 1
5 40
5 3
1 24
5 9
4 12
4 82
6 44
6 86
8 70
4 15
7 33
8 9
7 20
8 20
10 89
6 25
6 67
6 23
7 33
6 97
3 76
8 46
10 53
9 84
7 57
10 29
1 59
6 76
6 20
8 89
4 65
8 69
5 32
4 49
3 36
3 48
3 41
6 100
1 53
4 54
3 78
5 63
8 60
9 25
4 30
10 90
4 9
6 23
8 90
1 52
2 37
6 44
4 26
5 29
10 20
3 50
10 17
7 41
8 90
9 88
3 63
6 79
3 47
4 69
5 54
9 61
10 4
1 80
1 8
9 60
8 9
10 59
1 97
6 50
2 87
1 97
8 35
10 42
4 54
10 58
8 18
1 44
4 57
3 68
8 10
3 38
2 18
10 1
1 74
3 35
2 13
1 5
1 20
7 25
10 93
4 87
8 62
2 52
1 92
1 60
2 40
2 67
8 81
4 89
10 81
3 68
8 58
10 59
5 81
6 36
2 49
4 78
9 57
6 34
6 33
3 12
1 43
2 71
5 64
9 97
1 73
1 48
9 11
1 71
10 31
1 49
5 63
4 21
2 51
4 21
8 75
3 77
9 23
10 85
5 21
4 3
9 38
1 32
3 60
4 41
10 92
7 22
6 61
10 2
5 9
6 31
6 48
6 37
4 86
6 78
1 77
2 42
4 1
3 8
1 97
9 97
3 32
7 75
4 92
6 99
5 82
3 70
3 26
8 10
4 30
6 89
5 64
1 74
9 85
3 19
6 66
10 79
5 81
5 90
4 16
2 71
6 34
6 42
5 51
7 55
3 15
1 87
6 22
6 19
8 79
5 14
9 47
10 72
8 49
9 9
5 41
10 2
9 86
5 44
3 9
10 92
1 96
4 68
1 19
1 57
3 10
9 72
1 100
7 70
10 64
8 100
2 7
10 49
7 86
4 32
9 21
4 73
6 53
2 55
7 71
6 88
10 59
8 19
7 84
3 63
9 1
7 48
1 81
1 42
8 76
8 78
2 31
9 35
2 67
1 6
