10 52
5 97
9 4
2 84
7 43
10 64
4 1
6 69
2 59
10 83
3 24
2 21
3 44
4 91
9 88
1 15
8 23
4 52
5 1
1 71
6 33
5 67
2 88
9 40
3 1
6 85
4 15
1 39
5 76
5 62
3 88
8 88
7 37
5 96
8 47
10 89
7 27
6 76
4 86
5 32
5 12
3 85
5 58
2 75
3 97
5 22
8 5
6 35
6 10
1 50
4 55
5 8
7 40
10 31
5 38
4 56
5 55
5 73
8 16
9 1
7 32
10 33
1 89
7 85
2 2
3 60
9 12
8 30
10 90
9 88
6 21
4 33
1 4
8 43
7 17
9 60
4 33
2 65
4 27
5 38
9 9
9 84
7 46
7 43
2 44
3 27
5 6
8 87
4 2
9 97
9 42
5 93
6 16
7 77
10 60
4 90
7 70
9 45
6 30
2 9
8 25
9 61
3 89
9 73
7 68
5 86
2 26
3 52
8 69
7 41
7 2
9 24
7 47
10 47
3 7
3 22
4 58
9 32
2 11
8 52
7 60
4 31
5 37
2 60
9 12
1 33
2 65
3 33
9 94
3 67
9 2
9 2
6 72
6 10
9 15
1 4
5 64
9 14
8 4
2 62
2 17
1 85
1 8
2 100
6 24
8 39
8 54
8 91
5 17
8 42
2 41
2 60
8 73
4 97
9 34
5 70
10 23
5 46
1 23
10 78
8 2
5 85
1 39
1 31
7 66
5 84
10 50
4 97
5 36
9 82
7 68
6 99
8 36
5 82
8 19
9 15
8 90
1 80
8 6
3 78
1 83
4 92
7 90
10 95
9 63
7 75
4 85
6 54
5 50
2 27
6 55
9 35
4 65
4 56
10 63
6 53
10 40
8 58
9 36
2 97
1 47
3 99
3 46
8 3
3 55
3 40
9 27
10 13
1 95
4 1
3 68
3 56
3 37
5 31
4 36
2 100
6 24
1 22
9 18
10 37
7 33
8 21
3 88
3 50
2 80
4 43
2 20
10 79
6 17
9 50
6 70
7 92
3 77
9 69
4 13
4 41
1 33
10 94
4 33
8 1
6 3
5 82
1 68
4 33
7 14
1 6
5 7
2 100
8 16
4 54
10 88
5 94
2 67
9 36
2 67
8 47
4 2
3 99
8 54
8 75
7 54
3 77
3 47
5 9
10 76
8 7
3 74
4 18
7 63
3 21
5 37
2 72
7 52
8 17
9 77
10 40
5 7
2 74
4 89
1 98
5 96
3 51
7 55
4 58
5 17
3 79
5 44
6 87
4 56
9 44
8 98
4 94
8 15
10 10
7 97
9 13
4 30
2 30
4 28
7 85
2 65
5 5
1 63
9 1
6 51
2 16
9 16
7 7
9 87
9 55
10 47
7 28
9 16
8 8
8 69
9 57
3 50
10 75
5 62
3 46
6 90
3 69
2 24
8 27
6 24
10 43
6 100
3 7
7 47
5 37
1 24
7 91
9 54
1 33
4 70
2 93
1 67
9 55
1 45
5 71
7 84
6 17
3 80
4 31
9 35
3 65
3 11
3 82
3 83
1 24
10 22
10 35
2 71
9 3
7 51
5 99
7 72
5 25
3 6
9 76
6 92
8 65
5 94
6 3
10 63
9 90
2 94
5 100
3 42
1 59
10 3
10 22
1 75
5 11
3 54
8 22
5 46
1 36
10 64
7 14
5 40
8 81
8 35
7 15
5 8
5 81
9 80
3 86
10 95
5 11
5 9
4 4
3 9
9 54
6 45
2 39
9 83
2 64
3 49
1 45
2 9
6 12
4 71
7 44
2 39
1 77
5 86
9 47
5 13
6 11
4 74
4 13
9 68
1 50
8 18
6 90
5 12
4 44
1 23
4 47
2 62
6 66
7 57
4 38
2 22
6 27
8 66
3 13
10 71
3 78
9 37
3 69
8 75
10 77
7 84
6 81
5 74
10 4
4 55
8 78
1 19
8 6
1 42
2 18
5 28
4 45
1 27
6 83
6 69
10 20
4 59
6 63
6 13
3 85
1 55
7 91
3 26
5 85
9 33
8 37
9 99
2 20
7 70
9 80
6 25
4 24
5 19
7 52
9 33
10 60
4 54
1 44
1 33
9 51
5 23
3 58
7 84
9 96
1 66
7 23
1 100
9 56
7 49
3 45
8 80
3 78
9 31
1 74
1 77
10 99
1 1
1 56
8 47
8 4
9 9
4 13
9 79
8 26
4 84
5 46
8 7
7 77
4 83
2 41
2 27
2 55
9 30
7 32
4 59
1 92
6 2
7 42
10 72
1 81
2 4
8 42
4 2
5 66
9 25
4 77
2 5
6 87
3 87
2 58
8 30
8 60
3 62
9 69
9 56
8 66
1 30
4 66
1 33
10 58
7 73
10 5
8 24
3 73
9 11
8 49
6 62
6 56
8 99
6 75
3 35
8 99
7 29
7 86
4 68
9 84
3 32
4 69
2 20
9 34
7 27
4 42
5 4
7 76
7 49
3 91
8 17
7 57
6 66
6 85
6 62
3 88
3 1
9 31
9 37
6 51
7 29
4 69
3 64
3 73
2 58
2 94
6 46
3 37
6 24
8 64
2 13
4 14
8 16
6 13
1 54
1 43
5 88
5 53
3 83
7 29
10 17
6 32
10 9
7 70
7 47
3 27
6 92
8 10
5 90
1 80
4 85
4 54
5 65
2 79
10 3
4 34
5 27
7 81
5 96
6 8
3 92
4 41
4 78
9 49
4 23
3 43
7 52
7 76
7 54
1 75
7 8
9 27
4 38
4 8
10 25
8 79
7 62
3 43
7 96
5 69
10 9
8 23
4 77
7 49
10 31
3 64
5 20
5 84
5 10
6 30
5 94
9 91
9 70
1 9
1 31
4 8
7 70
8 88
1 74
7 81
6 67
2 87
7 94
8 82
7 50
7 78
3 73
10 73
8 39
1 66
1 97
4 13
3 34
3 69
10 85
7 57
2 78
8 40
8 62
8 55
2 58
2 54
2 31
8 12
10 66
3 31
9 7
4 76
8 88
3 87
1 20
5 64
4 17
10 34
3 71
1 73
8 71
5 91
9 12
4 67
2 78
3 24
4 69
8 97
2 28
4 37
1 100
4 53
3 47
5 66
3 83
7 71
1 52
10 8
2 36
9 44
8 7
8 24
4 3
10 96
3 83
1 41
8 53
7 78
9 24
2 64
9 12
5 37
9 25
2 27
4 99
4 86
6 14
1 100
4 25
1 26
7 84
3 57
10 99
10 99
5 57
3 47
10 7
7 67
8 15
8 21
8 57
1 78
7 54
10 15
1 94
6 78
10 56
7 45
2 50
1 34
2 66
2 60
2 48
7 69
10 77
7 25
9 50
6 14
9 75
10 30
10 100
1 31
10 18
9 67
7 9
9 68
4 73
4 66
10 35
10 75
9 28
1 92
6 58
3 88
7 30
9 13
4 97
6 63
5 34
1 68
2 58
8 10
9 56
4 14
8 60
3 30
3 27
6 50
2 56
8 90
5 87
10 100
8 71
5 81
9 41
1 43
3 59
6 3
5 67
3 24
7 7
6 9
2 7
3 2
2 6
1 78
9 52
8 26
5 68
1 22
4 18
2 2
9 54
6 87
10 13
1 36
5 32
1 71
6 87
1 89
7 74
4 43
5 87
9 96
2 57
1 36
10 86
5 14
7 65
5 66
4 62
4 85
1 39
3 14
8 3
7 83
8 53
10 73
7 88
4 17
4 42
7 33
1 96
3 35
4 37
9 76
7 15
9 36
6 15
4 26
2 32
7 99
6 68
5 5
10 62
3 39
8 12
7 88
4 96
9 24
8 3
6 62
2 31
4 92
9 22
6 5
1 49
1 98
8 9
1 45
4 65
4 47
5 44
4 48
1 51
9 58
3 17
4 38
4 87
6 22
8 2
2 97
7 6
10 80
4 73
5 67
4 38
5 12
7 53
6 36
1 25
3 68
4 28
8 78
5 94
8 98
7 24
7 20
7 84
1 96
9 76
10 70
8 52
8 48
9 70
9 21
9 12
3 19
6 15
7 37
10 84
2 60
1 65
1 76
1 15
2 43
3 13
8 86
10 44
5 64
5 83
1 44
3 2
4 79
2 64
7 83
4 10
5 95
1 11
2 36
3 33
3 17
9 58
1 79
9 85
9 47
6 15
8 26
6 35
3 16
1 46
2 28
7 7
5 87
3 59
5 20
5 37
3 57
3 90
3 93
7 19
7 66
10 92
2 13
7 18
1 93
8 52
9 25
4 92
3 26
1 85
10 56
2 44
7 56
8 24
5 61
1 35
5 65
10 20
3 7
2 19
2 99
4 32
1 92
3 4
6 98
8 93
4 77
7 44
1 98
9 74
4 89
4 60
5 35
1 41
5 43
5 99
2 1
5 64
8 15
6 23
2 36
9 18
8 89
6 1
6 10
3 90
2 59
6 55
7 13
2 93
4 49
8 25
2 60
