5 36
4 40
2 64
3 19
5 9
5 79
1 66
7 48
1 19
7 4
6 23
3 54
3 47
7 56
5 53
4 56
4 53
1 83
2 28
10 22
5 54
4 19
2 10
2 24
3 26
3 99
9 12
8 15
2 12
4 62
7 23
10 76
6 38
5 95
10 97
4 54
3 20
9 52
8 52
8 18
6 69
1 86
3 87
6 17
6 40
10 64
10 58
7 23
10 34
8 57
8 96
9 76
8 98
4 20
3 36
3 48
7 42
8 23
3 55
1 77
9 16
1 3
4 57
8 41
1 56
6 3
2 57
6 43
5 11
6 79
5 87
7 38
10 7
9 20
2 41
10 55
10 87
8 90
7 17
9 97
10 38
6 47
2 98
4 33
5 56
5 11
7 52
10 29
4 82
6 92
6 75
10 15
10 72
2 57
1 41
8 96
2 6
4 8
8 86
3 67
1 5
3 93
9 24
7 65
7 97
5 91
7 92
6 80
8 95
9 60
4 73
4 78
1 42
4 7
4 66
9 48
9 27
9 50
6 62
10 78
2 41
3 53
4 45
4 87
6 67
1 83
3 10
10 27
5 36
7 78
6 88
1 46
3 24
3 17
6 35
10 63
9 19
10 43
8 1
6 87
5 90
5 18
10 71
9 66
1 85
8 42
8 99
2 42
6 57
6 34
8 45
4 25
1 93
3 7
9 85
3 17
9 46
9 34
10 20
1 19
8 69
3 100
5 68
4 31
3 17
7 1
10 67
6 75
3 48
4 15
2 52
6 49
7 5
1 61
9 70
8 52
3 68
6 87
9 46
6 71
7 30
8 14
5 74
5 62
8 36
7 74
8 18
7 95
8 45
2 5
2 5
5 35
4 82
2 87
1 46
7 47
4 27
3 17
10 4
4 34
1 88
3 80
1 20
6 90
3 23
7 25
5 80
1 32
6 6
1 84
7 51
7 42
9 35
8 31
5 17
1 47
7 66
9 25
2 17
7 91
5 99
2 21
4 31
3 56
1 90
4 94
8 65
8 5
5 48
4 91
9 56
6 48
1 25
9 14
9 2
2 41
8 77
9 89
3 90
3 23
9 40
1 98
2 33
9 28
1 32
6 64
7 97
6 58
2 64
5 21
8 22
3 5
6 1
8 66
5 74
1 89
9 94
10 54
6 38
9 78
5 9
8 52
9 29
8 84
7 88
2 12
6 21
1 11
10 91
6 51
9 47
7 5
5 66
2 64
7 77
6 45
5 97
2 83
7 63
4 71
6 26
8 14
7 64
1 42
10 26
10 27
2 7
6 16
1 37
4 67
5 29
9 78
4 21
7 51
9 43
5 35
4 76
8 27
2 38
5 99
4 32
6 96
9 1
7 6
6 28
10 75
8 35
7 40
6 57
3 69
7 70
9 47
7 31
2 67
3 68
7 34
1 27
4 65
2 98
3 94
1 25
10 8
8 17
2 13
3 21
8 42
4 40
10 32
6 87
6 14
2 61
1 46
3 37
5 2
3 100
5 25
3 21
5 59
5 78
2 9
9 65
3 57
3 79
8 34
9 4
5 29
7 45
9 100
3 36
6 84
8 71
1 75
7 16
3 2
3 67
10 42
6 96
3 58
10 61
1 81
9 30
6 42
10 97
3 24
6 41
5 81
6 78
3 35
5 49
8 39
4 42
7 46
3 64
6 69
8 14
9 24
7 1
3 27
9 17
8 37
7 16
10 15
6 29
9 70
1 62
7 45
8 3
7 53
10 16
8 74
4 93
6 39
6 76
10 11
3 39
3 8
10 25
1 9
8 4
8 87
8 14
9 88
5 45
7 85
9 79
10 78
6 26
4 80
8 45
8 74
10 37
4 9
3 4
1 19
1 44
1 11
8 72
6 56
6 60
10 40
1 10
4 67
9 6
5 45
7 98
9 40
3 75
1 51
9 25
3 45
7 17
3 42
9 50
6 57
2 5
8 82
2 6
1 79
3 92
6 22
4 93
5 26
2 40
3 99
1 40
9 91
2 6
6 80
10 82
8 80
1 43
1 56
5 45
4 49
6 85
7 69
6 36
3 22
7 20
5 21
6 48
9 34
2 83
6 36
3 77
2 67
6 82
8 34
2 88
8 69
2 48
7 80
3 92
8 66
1 36
4 44
3 67
9 96
7 29
9 95
9 83
10 8
3 83
10 80
10 67
2 39
9 45
7 99
9 69
2 69
10 91
10 97
9 59
4 51
8 59
5 44
1 16
10 50
3 89
1 73
9 18
5 51
7 49
5 51
7 75
5 43
9 37
1 51
7 5
1 46
5 33
2 68
4 36
2 9
2 41
3 26
10 5
8 42
4 79
1 36
8 62
8 92
9 11
4 96
5 18
4 29
5 84
7 79
6 67
8 22
5 82
5 23
10 47
4 79
2 44
8 78
9 38
1 28
8 33
8 58
7 16
8 96
5 72
2 16
3 57
4 75
4 77
4 39
4 42
4 85
5 3
1 96
4 51
8 84
8 17
3 81
6 100
3 80
5 55
4 72
6 53
2 97
7 61
9 7
9 12
8 86
9 60
6 79
4 12
8 78
1 21
1 22
8 50
9 15
2 43
2 39
2 57
8 21
8 78
2 38
8 83
1 70
10 72
2 31
3 75
4 24
9 29
9 17
2 6
7 43
10 8
8 41
2 19
6 90
1 89
1 93
10 65
4 71
6 94
8 11
4 66
2 13
2 80
2 10
10 92
1 51
5 37
5 65
7 69
8 64
10 65
9 80
10 67
2 82
7 63
10 60
1 22
6 73
4 42
1 60
1 99
10 39
7 98
4 55
5 97
3 51
5 2
7 71
9 78
2 84
9 22
8 13
7 56
1 57
9 68
2 12
5 29
5 23
4 72
5 45
6 96
9 96
2 29
9 77
4 100
9 32
7 11
7 56
1 54
5 7
9 65
5 25
3 48
8 32
5 22
4 81
9 86
8 37
10 74
9 63
6 94
10 94
3 23
10 50
2 1
7 97
1 66
1 96
4 30
9 16
6 73
4 71
9 71
1 32
5 76
3 36
1 39
2 78
10 57
5 66
8 69
8 49
6 42
3 13
5 37
4 17
8 23
1 61
7 43
1 36
4 79
5 85
8 65
10 52
9 6
9 86
1 50
9 89
6 5
7 68
5 22
2 46
6 27
4 9
1 74
6 65
1 31
5 62
1 7
8 84
8 21
7 59
10 95
9 64
8 60
3 48
1 81
7 11
2 83
10 83
2 36
2 55
10 97
2 39
5 76
1 35
10 18
9 84
2 98
3 47
6 34
3 33
10 58
9 76
6 87
1 81
7 25
3 90
4 65
3 7
4 54
5 92
8 22
1 26
9 38
4 20
7 4
9 77
1 69
10 49
2 51
8 9
3 8
10 67
1 58
1 86
5 47
10 22
6 89
2 81
5 14
3 76
9 73
9 34
1 70
4 10
1 4
1 71
10 71
8 28
2 64
8 46
7 85
9 87
10 21
1 61
7 44
1 60
9 29
10 85
2 45
1 68
10 62
3 40
7 52
5 75
6 95
10 17
9 46
4 27
10 60
2 45
8 42
8 79
9 49
9 45
1 94
4 46
6 12
1 92
10 52
7 75
3 32
7 20
2 55
8 40
2 74
3 22
7 25
9 37
1 44
4 23
8 76
7 68
2 94
9 79
8 7
7 92
7 39
8 6
3 56
6 47
5 18
3 75
10 97
4 18
1 91
5 23
8 69
6 66
10 68
9 60
4 73
9 2
8 3
8 28
7 77
6 13
8 96
5 97
10 98
1 14
9 69
2 40
3 71
10 20
8 3
10 28
3 14
7 25
6 84
8 50
7 66
6 61
7 37
6 44
3 44
1 6
3 74
3 87
2 79
1 86
4 79
5 87
10 82
1 34
5 47
1 35
6 82
8 75
6 32
8 83
3 79
7 12
7 79
2 92
7 9
9 13
3 23
4 72
1 21
7 20
1 11
8 56
7 71
3 15
3 85
5 63
9 19
5 26
7 91
6 46
5 26
8 28
6 63
2 32
7 23
1 75
10 60
8 1
3 52
6 65
5 61
2 40
5 51
9 51
9 43
4 98
4 36
2 22
5 55
10 98
4 15
2 87
6 35
6 93
9 76
9 86
8 8
10 9
5 33
4 55
9 82
10 92
7 91
1 13
9 89
4 15
1 91
10 4
6 59
4 61
6 60
6 52
4 32
4 75
2 39
10 66
10 45
10 27
1 77
9 41
10 2
10 55
5 17
7 62
10 37
9 65
10 29
9 53
2 44
2 2
9 67
9 21
10 26
1 56
7 41
1 40
10 84
5 50
1 7
7 78
3 36
6 76
10 33
9 20
4 93
8 89
9 39
8 18
8 44
10 23
10 51
2 19
3 86
4 3
9 35
7 6
3 48
3 79
10 93
9 73
1 85
7 13
5 100
6 27
2 88
2 87
9 22
5 95
2 29
9 27
8 50
2 8
5 78
8 45
10 5
3 40
5 4
3 30
