2 36
8 77
6 17
2 21
7 44
6 34
10 60
3 51
3 83
6 87
7 14
1 39
3 66
3 32
5 19
3 25
8 36
10 22
8 18
2 33
2 2
6 30
3 34
2 58
2 64
8 52
1 32
6 13
4 3
3 46
3 60
8 52
10 3
10 48
2 5
7 61
10 76
10 43
1 48
5 6
6 30
6 72
6 1
3 20
7 62
5 16
6 26
10 98
2 29
10 35
4 1
6 72
5 6
7 3
10 11
9 91
4 25
1 55
4 57
6 17
2 20
1 10
6 85
9 62
9 25
10 67
6 67
4 4
8 91
8 21
4 29
5 20
2 60
3 74
7 49
5 55
4 3
4 17
7 27
1 85
4 77
3 69
2 89
4 19
8 25
5 45
7 22
7 10
5 17
10 15
1 88
2 40
7 12
5 71
3 86
8 47
4 99
1 8
6 22
10 73
2 74
5 7
5 76
10 44
5 83
2 48
8 14
9 17
4 74
6 50
7 82
8 32
6 69
1 16
8 64
10 39
7 43
9 59
8 94
3 51
7 13
6 36
8 32
1 25
7 71
9 49
1 74
7 19
5 57
2 57
10 79
9 77
8 93
6 13
10 61
10 23
3 72
4 47
1 70
2 66
3 66
2 48
8 6
3 4
10 41
10 79
10 75
4 71
6 50
7 86
2 63
1 20
2 85
10 82
3 86
9 93
10 87
10 15
6 11
3 37
9 63
1 78
8 73
10 72
5 63
9 5
6 36
7 25
3 86
10 91
10 67
3 69
5 69
4 74
9 32
3 84
9 16
5 19
6 9
3 81
8 100
9 66
5 43
1 7
7 80
10 92
9 14
2 40
5 9
2 42
6 94
4 73
4 80
7 24
2 53
9 9
9 49
8 81
3 44
1 5
1 87
2 7
1 29
6 75
5 72
7 53
5 64
5 54
5 87
7 87
2 68
5 29
7 93
7 62
5 3
2 25
6 47
9 34
6 87
10 89
8 100
1 17
5 10
8 41
1 85
3 31
3 39
7 81
10 14
4 29
3 77
6 28
1 31
3 76
5 41
3 52
1 90
4 13
5 69
1 66
8 21
7 60
7 48
10 96
3 55
10 83
1 30
2 13
1 41
4 85
6 42
3 61
1 22
5 61
3 44
7 35
5 49
9 94
1 99
7 19
8 95
3 99
9 9
5 86
1 68
1 38
2 23
5 35
7 96
10 38
5 15
5 10
2 80
5 46
6 2
10 82
4 31
5 41
1 22
7 48
6 7
2 29
3 47
4 11
8 20
8 66
7 95
3 79
7 1
8 43
8 72
4 89
7 20
3 13
9 82
5 2
5 4
5 16
4 30
8 45
5 66
7 91
7 80
4 39
5 33
4 84
8 46
9 3
8 8
7 51
7 12
1 13
9 77
10 6
1 25
3 24
9 77
3 95
7 85
1 2
1 65
1 91
9 62
10 100
8 60
4 19
1 8
7 85
1 23
3 55
8 68
2 13
10 31
9 92
1 62
6 32
2 71
3 87
1 84
7 10
6 28
7 54
5 59
10 93
3 26
10 19
7 49
10 12
1 66
6 97
5 27
10 52
7 96
9 40
6 10
9 27
3 76
6 90
3 37
9 43
8 78
8 10
8 54
9 72
6 8
4 55
9 17
3 35
9 40
10 67
2 95
1 19
2 80
5 53
5 36
6 68
1 87
7 85
3 99
4 46
5 3
7 72
8 16
1 97
9 15
4 2
3 92
9 52
10 96
8 30
2 30
6 67
7 41
1 66
2 14
10 46
1 20
8 1
3 3
4 45
4 64
6 87
7 39
6 4
6 95
8 1
7 39
8 74
4 32
4 47
5 70
1 79
2 99
9 11
8 34
8 72
1 45
8 21
2 16
2 51
1 83
2 58
4 2
10 73
1 11
9 3
4 76
9 30
2 56
6 73
2 26
5 41
4 73
2 28
7 22
1 99
5 58
4 70
4 63
5 86
6 68
1 54
7 54
9 47
10 51
6 99
1 42
2 93
9 31
3 80
9 9
6 22
3 86
10 99
9 71
9 11
10 93
10 84
7 24
10 53
1 12
6 57
4 66
1 76
5 93
4 9
10 62
2 12
9 33
4 63
7 33
4 92
6 48
3 58
6 93
2 21
6 67
8 19
7 35
5 94
4 5
1 52
7 80
6 31
10 88
7 33
1 78
2 79
1 87
6 98
3 81
10 75
4 75
4 94
3 56
5 94
1 96
6 84
9 79
10 61
10 43
6 97
9 45
3 10
4 27
3 2
8 57
4 86
10 78
9 37
4 42
1 5
1 26
4 60
10 80
10 78
8 82
5 3
8 58
3 5
4 28
1 77
4 84
2 79
7 98
8 11
2 20
2 38
4 23
5 26
9 59
3 11
6 73
2 56
4 82
7 30
2 6
9 59
9 38
10 10
6 49
1 66
3 10
1 62
3 19
7 77
6 46
2 20
4 88
8 54
5 32
6 43
4 13
5 8
4 40
2 98
6 97
2 57
3 85
10 49
4 54
1 10
5 95
2 29
1 82
4 39
1 33
5 100
7 65
5 80
10 10
6 100
7 47
1 45
4 89
7 66
8 40
4 55
4 86
7 1
6 5
2 14
4 12
4 74
1 66
8 28
1 30
4 75
4 11
5 28
8 96
3 3
8 1
4 18
7 86
7 97
4 24
8 91
10 73
9 17
9 79
6 23
9 31
6 100
9 49
7 72
5 24
1 69
7 100
7 37
2 87
9 4
4 14
6 98
4 61
8 77
5 22
1 16
2 86
4 67
1 17
1 3
7 45
7 23
2 63
6 94
9 58
6 52
9 80
1 75
10 11
4 17
10 77
6 65
10 37
3 24
4 23
1 47
5 78
9 11
6 88
7 24
6 90
6 10
10 91
2 22
7 76
10 58
6 38
6 49
3 19
7 82
7 70
3 55
7 11
2 49
8 40
8 35
3 68
5 65
5 69
1 80
5 51
5 87
5 31
7 5
9 17
5 74
5 100
6 99
10 41
7 15
2 83
2 60
4 15
10 23
8 87
10 80
10 20
2 50
4 1
5 35
3 26
4 51
5 43
5 72
10 27
7 23
1 62
2 53
3 75
2 53
6 41
6 66
7 56
9 49
5 44
8 9
6 87
8 90
4 61
2 88
10 34
6 61
9 55
6 72
4 13
3 2
4 27
7 86
2 30
4 56
8 96
1 81
4 43
3 59
9 32
9 73
8 33
8 31
1 26
8 8
2 8
4 91
1 64
9 96
10 91
1 36
10 61
1 37
6 86
8 14
9 53
5 14
1 44
2 67
3 77
1 33
3 64
4 8
9 6
6 16
8 34
5 81
4 55
8 60
9 69
10 14
9 84
9 67
6 20
1 73
2 55
3 31
10 6
5 49
7 4
2 63
4 12
7 50
9 33
10 7
5 23
5 48
2 14
3 40
1 92
7 11
8 84
3 18
9 2
7 73
2 9
7 92
1 19
4 49
10 45
8 56
5 53
4 23
9 24
5 49
8 8
8 71
6 7
7 43
7 19
3 69
7 22
1 35
2 74
6 71
1 1
5 97
5 46
10 44
9 69
7 31
3 9
4 5
2 94
3 100
6 49
4 60
2 92
7 32
7 78
7 59
3 39
5 88
1 90
5 35
7 52
10 16
2 19
9 11
1 7
4 55
3 72
7 35
8 97
10 63
8 9
4 27
4 41
6 43
9 74
5 47
2 17
7 54
9 69
1 98
4 35
1 87
1 50
10 14
7 26
3 64
8 11
6 32
5 40
6 1
5 33
3 77
6 99
4 4
10 27
9 85
2 86
10 48
6 88
7 84
6 75
5 8
8 51
10 85
1 60
8 10
9 36
8 5
8 20
7 34
5 81
6 6
6 56
1 30
10 40
7 42
6 96
3 13
8 37
4 35
10 13
9 59
5 10
8 46
6 50
3 24
10 52
4 6
7 37
5 58
7 81
10 80
9 81
7 65
10 38
8 58
7 83
9 62
7 19
8 81
3 90
3 82
2 20
5 53
4 69
4 38
9 60
1 37
9 17
3 71
4 25
5 9
2 90
4 53
7 64
7 46
1 29
1 69
8 44
3 22
10 76
4 28
9 100
7 10
3 50
6 67
1 19
10 97
7 18
1 62
7 49
7 44
3 29
5 80
2 28
4 70
6 90
10 15
8 37
8 99
7 75
9 21
1 34
3 58
1 79
8 75
9 4
6 20
6 31
5 82
5 93
2 56
6 70
1 71
8 96
1 39
5 47
8 86
3 17
6 39
3 4
9 67
5 99
1 10
3 79
4 73
9 74
8 18
3 50
1 52
5 80
9 11
10 55
1 32
5 58
10 61
2 43
7 7
5 2
7 57
5 44
3 85
5 47
1 45
1 32
2 42
7 50
4 27
6 32
1 5
10 81
10 76
5 70
5 1
2 4
10 46
7 28
6 48
1 29
7 4
7 66
7 34
5 37
6 2
10 56
6 100
10 46
9 91
