10 61
7 84
2 46
1 52
3 49
10 7
8 7
1 73
7 45
10 3
5 22
8 7
6 97
7 26
5 51
8 60
8 22
6 12
8 90
2 46
2 5
3 50
4 72
4 6
10 88
10 76
1 3
8 23
3 86
6 81
10 48
1 2
5 49
4 15
9 32
2 21
4 19
10 25
1 81
4 38
8 15
3 38
2 100
1 91
5 26
1 93
3 43
3 44
6 64
8 97
1 54
3 30
2 46
9 56
7 51
7 4
2 96
4 82
8 75
7 14
9 62
3 36
5 17
4 20
10 20
4 75
3 47
4 1
9 92
2 64
5 81
2 25
6 28
1 87
2 52
9 89
5 78
9 33
4 13
8 32
2 94
8 72
5 20
4 61
4 91
7 39
9 100
1 85
7 79
6 36
4 58
4 36
6 10
7 44
8 67
3 24
7 48
3 43
4 84
5 79
2 37
9 3
8 19
4 39
4 37
2 59
6 37
6 14
6 22
9 34
3 84
8 37
2 75
9 74
4 95
3 63
7 20
3 47
6 79
6 49
4 42
6 27
1 6
8 60
6 58
10 5
1 19
4 79
7 23
3 49
4 82
3 84
5 82
9 95
7 59
6 36
3 10
10 85
5 68
5 65
9 98
3 7
8 92
10 10
9 27
4 62
9 61
6 27
3 65
2 87
1 59
5 75
5 41
8 11
9 83
3 87
10 57
10 59
10 88
2 93
4 93
1 90
7 46
6 43
5 26
2 40
6 100
7 32
1 74
3 91
9 88
8 12
8 85
5 9
5 79
6 1
1 84
3 14
2 60
5 86
7 5
5 48
1 17
2 60
8 59
5 59
5 71
3 96
6 92
6 37
9 56
4 86
6 47
9 37
6 64
6 93
2 54
8 77
4 46
7 98
9 59
5 37
9 58
6 100
5 43
2 71
2 71
5 19
6 60
9 67
5 56
8 71
4 68
3 66
8 8
5 51
7 33
10 28
7 88
10 64
2 35
8 24
7 41
8 77
1 9
9 92
1 87
1 10
2 25
3 95
3 50
9 47
2 22
7 20
5 58
8 68
10 62
6 2
6 5
8 99
10 31
1 56
10 94
6 99
9 92
5 8
7 77
9 57
6 58
9 54
9 14
8 71
3 89
6 39
10 47
2 19
5 54
1 8
5 92
6 37
8 16
5 45
5 28
7 6
8 21
3 76
2 47
7 30
9 64
1 42
3 36
8 70
7 82
3 66
1 90
5 22
2 3
5 83
1 8
4 98
7 40
3 28
4 94
3 100
5 71
8 71
2 7
10 59
3 35
7 28
6 75
4 7
4 23
7 77
4 64
5 16
6 8
1 69
2 46
3 58
9 85
7 78
5 29
8 92
10 5
2 93
5 55
7 75
5 1
4 34
1 60
6 49
5 72
9 63
2 96
4 28
5 68
10 32
9 5
3 10
9 72
8 77
7 83
10 76
10 41
6 20
10 49
1 93
3 27
3 70
5 67
10 5
6 59
3 87
3 3
8 56
1 28
9 84
6 18
3 99
10 71
1 35
2 38
1 71
2 21
3 62
3 67
9 42
4 57
9 69
9 44
4 23
3 92
6 79
3 97
6 31
6 91
7 1
4 68
5 44
4 85
5 8
5 21
4 91
2 12
7 77
3 87
9 51
2 38
7 68
6 75
7 77
9 33
10 3
4 66
1 68
8 65
4 2
4 32
6 4
7 34
9 51
5 45
9 40
5 52
2 69
1 28
7 1
4 17
8 98
4 16
6 58
4 27
10 90
8 77
9 20
6 28
1 39
7 45
3 29
10 75
5 9
2 81
9 78
4 78
10 69
10 67
9 47
2 12
1 23
8 75
10 39
2 50
1 41
3 48
2 35
8 60
4 88
3 33
1 81
1 42
6 87
4 50
6 94
1 76
5 13
9 90
10 83
4 20
2 26
5 1
3 49
9 97
3 82
8 33
3 10
4 7
4 67
5 22
7 1
6 67
9 80
7 55
3 46
3 74
3 64
5 16
2 52
4 55
1 71
7 80
1 72
5 39
7 22
6 34
5 2
10 89
6 17
6 86
9 44
6 16
8 37
1 46
7 80
5 38
6 91
8 78
9 44
9 24
5 81
5 74
5 45
10 14
4 26
2 17
3 31
4 58
6 12
6 78
5 68
7 26
10 15
5 32
7 34
8 15
10 89
5 23
3 27
8 70
10 73
7 18
10 37
10 59
7 1
6 88
5 97
9 42
3 66
2 78
8 41
5 60
10 64
7 4
10 72
9 73
8 85
6 85
8 6
9 9
3 25
8 9
1 51
8 100
6 44
9 6
8 98
3 55
5 28
9 22
3 12
7 98
2 50
4 73
6 8
3 10
5 2
8 85
1 29
8 10
2 57
10 86
2 57
9 92
3 40
8 68
2 66
3 43
1 92
5 94
10 17
3 44
7 26
9 30
6 48
9 86
9 97
9 18
9 37
6 79
2 20
4 2
1 27
10 18
10 43
10 53
3 89
5 37
6 83
1 55
9 72
6 6
6 68
6 93
5 87
1 40
1 21
2 97
3 78
9 41
3 8
6 5
6 26
10 30
8 27
8 33
3 24
10 8
5 27
10 19
7 67
1 62
3 65
10 29
3 88
4 46
8 57
3 54
3 81
8 31
7 41
7 50
10 5
9 18
2 65
3 77
6 96
7 7
9 78
3 8
1 21
2 70
6 32
2 69
9 49
2 64
8 93
4 97
10 75
5 93
6 54
2 22
6 31
8 69
10 47
7 64
6 29
4 29
9 12
3 33
6 36
6 73
4 12
8 43
10 45
1 49
7 30
10 70
7 96
7 54
3 71
2 77
2 67
1 79
5 93
10 19
10 55
10 98
9 68
5 39
9 84
2 50
8 45
5 46
6 82
9 100
4 45
4 58
3 31
5 80
9 95
1 54
8 66
7 79
3 43
3 62
9 76
1 4
6 7
2 41
8 38
6 20
10 58
7 75
7 19
8 68
4 27
3 51
7 16
3 23
9 60
8 51
10 64
10 38
3 93
4 92
5 43
7 42
5 67
9 29
2 21
9 62
4 51
2 77
5 58
10 88
3 47
3 14
6 77
4 50
5 29
1 82
7 78
4 62
3 1
4 23
8 30
5 56
9 49
5 40
5 47
7 88
6 52
2 84
7 42
7 46
2 69
5 48
1 99
2 96
7 95
1 37
7 77
1 96
10 8
8 81
4 61
3 32
2 99
10 92
5 85
4 32
5 32
4 13
10 38
7 8
5 84
6 44
5 47
2 64
9 64
7 7
8 69
10 57
3 57
1 55
7 23
9 6
9 78
8 81
8 58
10 61
2 34
6 28
4 56
10 74
2 81
5 34
6 66
8 1
8 24
3 20
4 91
9 5
8 55
4 97
6 44
2 69
4 13
7 43
3 67
7 75
10 4
8 95
6 86
4 89
4 50
4 56
6 99
7 97
6 28
5 36
3 99
2 19
3 83
1 87
6 73
10 87
2 87
1 38
6 66
2 89
1 58
1 33
1 32
10 79
9 87
1 79
7 16
2 70
9 49
5 96
6 50
10 26
6 64
10 30
4 61
8 85
9 60
6 38
7 89
6 73
2 74
1 45
3 11
10 51
6 64
1 13
10 49
10 64
6 66
5 19
2 72
5 76
1 68
6 60
6 60
5 71
4 44
4 6
7 32
7 78
9 83
8 90
10 91
8 89
7 16
4 5
6 75
1 88
9 11
8 89
6 22
5 95
3 5
8 47
9 26
4 60
5 10
7 92
2 16
1 33
7 77
10 53
5 98
7 64
4 83
4 69
8 54
8 32
7 85
6 7
1 89
5 71
3 1
10 46
5 71
10 59
9 26
1 71
8 76
3 7
8 50
10 59
8 58
9 41
9 65
4 79
7 19
10 40
4 32
7 45
8 49
4 73
9 36
4 77
5 85
3 66
5 43
4 19
7 83
9 64
10 59
4 86
3 94
8 30
2 72
6 36
6 46
3 37
7 32
10 50
2 11
6 82
2 62
8 42
6 32
9 11
4 57
5 64
2 23
2 35
1 71
9 75
1 85
8 5
6 41
3 43
5 32
2 85
7 55
10 47
5 66
2 28
1 6
1 18
1 53
1 86
4 99
10 67
1 75
7 55
1 43
7 94
8 9
1 44
1 66
2 86
7 69
7 97
9 2
3 31
4 57
1 46
5 43
5 47
7 32
3 20
6 38
6 51
1 33
4 63
3 16
2 28
7 29
8 43
7 29
1 24
5 79
1 45
6 27
8 36
8 91
3 88
3 38
3 37
3 73
8 6
4 71
2 8
9 37
10 86
10 15
5 32
10 58
1 89
5 19
5 61
4 21
6 99
1 11
9 84
7 33
10 37
9 89
5 95
5 33
7 6
10 65
7 95
7 15
2 47
1 68
1 94
9 89
5 89
8 98
9 60
1 4
1 88
7 73
6 64
4 39
3 95
9 73
9 78
4 46
10 40
3 84
7 40
1 28
