7 50
8 66
7 39
3 82
9 94
1 55
10 68
3 73
5 37
4 56
5 25
1 49
10 25
9 47
10 33
7 71
7 13
6 31
6 93
10 3
9 42
7 90
8 11
2 74
5 68
7 45
9 35
5 48
1 85
3 16
2 59
5 75
6 38
9 41
5 49
3 25
3 99
8 68
5 9
9 60
10 25
2 29
2 57
9 13
1 67
7 78
4 30
7 79
5 59
3 44
4 5
6 62
6 47
4 75
3 97
5 74
1 66
5 88
10 29
10 91
4 90
5 44
9 33
7 69
5 58
7 60
1 71
6 63
5 3
1 52
2 100
7 9
10 21
10 62
1 10
1 64
1 92
6 66
5 84
2 41
3 28
10 61
2 99
6 40
8 27
2 20
4 85
10 97
8 76
9 71
1 38
10 65
5 88
6 96
6 76
9 49
10 18
8 39
9 40
8 92
9 67
6 54
6 56
4 9
10 76
6 20
2 53
7 97
9 25
3 43
1 52
10 43
3 70
5 15
2 94
3 55
1 59
1 10
2 22
7 62
5 61
7 71
2 55
9 86
8 69
4 1
8 61
2 76
2 49
2 75
5 70
6 35
7 55
5 80
9 70
9 99
2 75
6 66
2 53
1 77
5 2
2 28
8 62
4 87
4 43
10 77
8 91
10 62
8 67
1 20
8 5
10 69
6 2
2 96
1 3
7 33
5 89
9 79
2 39
8 57
5 28
5 52
6 66
8 41
2 83
3 50
7 86
2 84
4 78
9 73
5 99
1 67
9 34
9 14
4 97
3 49
10 51
3 96
1 6
7 71
4 54
9 11
5 89
8 64
3 22
9 13
1 36
9 75
2 65
7 53
3 59
3 49
7 62
6 6
8 95
4 45
1 94
2 65
7 67
5 20
8 64
3 64
5 87
5 97
5 2
3 32
10 77
4 59
9 27
5 44
7 26
6 43
10 57
7 54
3 32
5 28
2 19
3 91
1 2
5 96
5 97
10 95
5 24
10 47
8 88
7 60
5 18
7 41
1 80
8 33
9 86
4 42
2 6
3 5
3 69
6 56
9 86
1 63
2 84
7 27
6 99
4 32
8 20
1 2
7 52
7 63
3 23
3 24
8 98
9 5
10 31
1 47
10 80
5 27
1 48
3 61
10 73
10 22
6 31
4 62
6 87
1 2
9 83
1 39
4 79
9 21
6 52
4 43
2 85
7 11
2 8
3 41
3 87
8 41
1 63
1 83
3 82
10 39
9 69
5 18
3 46
3 1
10 12
5 44
8 59
2 71
8 88
8 84
2 51
9 86
1 73
7 87
1 97
10 71
3 25
9 62
3 65
10 7
6 92
8 28
2 88
3 11
8 93
4 74
8 50
3 95
8 76
5 78
8 35
6 77
8 32
7 39
9 32
10 20
4 64
3 49
3 18
9 27
6 71
7 43
8 40
10 1
4 49
8 46
2 18
3 97
1 89
2 56
2 85
3 33
6 11
2 80
9 42
5 72
1 21
9 14
9 56
2 25
3 31
9 77
4 5
7 95
8 92
9 82
10 55
7 1
7 89
6 44
9 48
1 68
2 3
8 40
1 48
8 58
1 7
5 39
6 3
4 27
6 90
6 49
10 30
1 60
7 95
8 6
10 64
4 97
3 26
8 84
8 11
9 80
9 4
3 58
10 38
9 54
9 71
9 92
2 69
8 70
1 56
2 77
5 30
6 26
7 65
4 72
5 36
3 27
4 34
3 88
1 92
1 38
10 98
5 20
5 66
6 35
3 68
10 99
9 94
9 67
10 48
5 1
10 41
4 39
8 5
10 69
3 66
2 65
1 11
7 93
4 55
10 11
1 40
5 26
9 12
6 13
4 60
3 10
4 32
1 65
10 15
9 59
9 65
2 78
7 90
9 6
4 89
8 79
2 51
6 58
4 55
6 26
4 80
6 29
7 10
8 72
3 73
8 47
7 39
10 85
4 24
6 40
8 85
8 2
4 30
10 57
7 21
1 36
2 77
9 91
2 67
7 39
3 1
1 96
2 65
2 94
8 41
5 83
8 65
5 7
4 52
5 52
7 52
3 94
7 46
1 47
5 19
7 64
7 66
5 16
6 75
6 57
1 99
6 86
6 50
5 96
10 42
9 14
5 18
9 92
1 7
5 14
9 74
9 58
7 89
7 80
2 72
5 3
9 45
4 66
7 43
9 37
1 63
3 81
2 53
3 30
4 69
9 92
7 44
3 50
7 33
2 92
1 14
9 19
4 20
5 95
7 50
10 76
1 47
2 18
4 34
5 8
2 40
7 61
4 97
5 58
1 71
8 71
6 52
2 80
10 34
7 60
10 38
4 34
10 19
6 41
10 5
4 58
5 78
6 48
5 28
8 76
7 82
5 38
8 53
4 72
5 3
6 90
1 15
1 76
4 14
1 9
10 2
1 9
6 5
3 69
1 59
5 70
1 30
4 52
4 99
1 10
3 85
6 81
2 4
7 57
7 76
4 79
5 49
6 24
9 97
2 54
5 76
10 94
5 72
10 59
9 24
3 15
4 95
3 48
2 59
5 53
7 14
2 86
7 6
7 38
1 89
4 25
10 53
3 79
1 79
3 92
2 65
1 9
1 50
6 32
1 46
5 12
6 88
4 35
3 12
1 30
4 77
3 83
9 24
1 62
9 67
9 82
8 42
5 42
10 72
8 12
1 66
4 86
6 36
2 70
10 57
8 49
4 6
9 71
5 30
4 13
3 73
7 67
6 35
7 37
4 93
9 49
7 79
7 84
9 57
4 55
5 40
6 68
4 67
4 18
3 71
8 49
7 41
4 68
5 68
3 50
1 72
3 15
9 33
7 68
10 64
1 65
10 52
8 40
2 85
6 8
7 19
2 35
9 13
6 100
5 17
6 53
10 41
5 62
5 48
9 60
8 47
10 17
9 58
7 95
3 15
7 4
6 62
10 22
8 64
2 20
3 82
1 2
9 72
10 21
10 32
2 83
9 21
5 50
7 82
7 31
6 21
6 35
2 88
8 94
6 3
9 100
3 95
2 5
1 55
1 53
1 25
6 33
8 55
8 77
1 53
6 23
3 64
4 5
6 49
2 75
6 76
1 24
10 19
10 23
9 31
6 17
4 19
1 26
7 68
9 14
6 17
5 31
3 83
2 33
10 33
10 53
4 67
8 83
10 4
3 98
3 50
5 42
3 97
10 67
7 89
10 12
9 39
8 27
5 30
10 68
5 47
2 81
5 54
7 77
2 68
5 88
9 59
3 80
3 69
6 2
2 29
9 76
6 30
8 20
5 90
4 69
2 25
1 65
3 32
5 32
3 100
9 80
1 91
3 35
6 41
9 53
5 76
1 34
9 64
5 8
5 19
6 22
8 77
3 55
5 62
8 2
8 81
10 27
5 25
5 54
6 70
7 71
4 59
9 38
1 20
3 57
9 52
5 65
1 72
10 66
4 18
3 48
2 61
10 59
9 89
6 69
10 89
8 12
3 18
9 19
10 61
7 30
9 89
7 10
1 34
5 86
10 36
9 61
2 93
1 53
9 52
2 26
4 88
7 16
2 95
9 33
1 49
10 83
8 6
4 66
7 35
8 87
5 59
4 38
5 85
4 82
1 26
6 91
1 68
7 79
7 56
9 46
2 74
6 56
3 80
8 57
8 15
7 14
9 15
8 79
8 20
1 89
5 1
5 93
9 65
10 30
6 53
1 60
2 97
5 46
10 95
2 43
2 14
8 17
4 52
2 23
8 8
8 78
8 16
6 27
5 2
2 19
3 25
9 95
7 39
8 7
4 14
2 87
3 16
5 82
6 91
1 47
6 92
6 69
4 96
10 6
7 69
2 44
6 48
4 49
8 26
5 93
2 29
2 82
4 49
4 36
9 56
1 19
7 35
2 42
8 7
3 90
4 73
2 44
1 26
7 64
2 19
7 27
6 37
9 8
6 16
7 7
10 34
3 14
8 23
2 90
4 24
5 58
5 77
2 87
3 21
10 68
6 54
2 9
3 25
8 60
6 23
10 15
4 25
2 69
10 34
4 83
7 84
2 71
7 47
9 57
8 62
9 39
1 82
10 63
9 97
6 7
2 24
1 100
5 2
8 64
1 33
4 35
5 86
9 61
9 89
8 3
1 27
5 23
8 41
10 41
4 10
6 64
3 37
6 11
10 72
9 38
10 37
3 61
10 75
10 67
2 57
1 87
10 87
1 88
4 54
2 8
1 79
9 8
5 16
3 50
1 39
6 36
9 36
4 13
9 90
8 2
7 89
6 27
6 51
8 83
4 52
1 10
6 25
2 91
3 42
5 95
9 84
10 77
8 7
5 7
8 83
8 10
1 10
10 58
3 58
6 16
1 5
10 61
10 79
4 4
7 19
10 81
10 27
7 71
8 25
6 91
10 95
8 54
3 80
4 28
2 56
5 63
4 3
9 48
9 9
1 93
8 91
8 36
3 10
5 96
7 68
4 10
1 29
4 3
