10 62
6 76
9 82
9 74
6 48
2 91
6 89
5 4
2 1
5 14
8 80
5 29
6 39
10 54
9 30
7 77
2 25
4 4
10 60
10 100
7 68
10 98
8 60
8 73
10 52
1 46
1 90
6 96
3 43
2 76
2 60
9 2
5 26
4 54
9 96
9 1
2 49
6 7
1 90
8 18
6 61
7 54
5 91
7 69
1 69
10 58
10 79
3 25
6 27
8 97
8 12
8 95
4 85
1 62
6 10
5 41
1 86
3 17
2 36
2 36
6 68
4 39
6 50
7 19
5 14
6 25
5 6
2 83
8 69
8 44
1 45
4 31
2 53
3 67
2 89
3 28
1 34
2 25
8 45
4 76
8 4
9 50
10 82
2 32
9 45
1 67
5 58
4 3
8 36
8 37
5 25
8 22
10 30
1 32
7 89
5 55
2 90
1 49
9 15
7 40
9 53
6 41
6 57
3 95
9 68
2 85
5 24
9 21
5 79
2 6
1 85
5 25
5 34
2 40
5 85
3 48
7 81
6 45
7 7
6 84
9 73
6 49
1 2
7 90
3 62
3 49
7 22
8 70
5 81
9 9
10 5
8 11
3 93
2 43
8 7
7 6
1 75
1 83
10 88
9 77
2 56
3 31
9 74
4 25
5 87
9 23
3 58
5 63
10 69
8 55
2 18
2 40
6 34
6 69
4 90
4 30
4 55
4 10
2 20
6 75
9 55
4 22
2 89
4 57
6 77
8 54
10 63
4 63
5 10
8 90
8 46
6 68
9 32
8 1
7 82
5 48
4 39
6 26
4 1
8 44
2 4
10 82
6 38
4 50
3 42
4 66
10 83
1 68
7 59
8 100
6 36
8 63
6 58
9 51
5 42
6 66
6 64
1 97
3 12
3 6
5 24
5 82
7 54
4 73
9 88
10 43
5 62
9 65
6 75
2 45
8 25
6 4
5 11
6 74
6 21
3 91
2 34
2 60
5 69
1 84
3 43
1 87
8 85
2 22
10 100
4 93
8 17
1 29
3 54
5 49
1 91
2 16
6 54
2 62
9 20
1 85
1 4
3 30
7 21
9 17
7 75
7 14
7 67
7 6
1 50
8 58
8 44
2 54
7 58
5 63
3 53
3 23
2 22
4 74
2 73
1 87
10 73
3 64
4 54
3 71
10 97
3 25
3 100
1 5
10 35
6 99
1 63
5 83
1 67
5 6
1 21
9 68
4 3
1 15
10 18
9 79
9 84
7 99
2 94
3 81
9 77
10 6
5 3
2 93
1 49
5 70
4 53
8 79
6 79
10 19
1 76
4 55
7 23
1 26
2 58
3 97
7 48
2 16
1 75
2 32
10 42
10 82
1 66
9 13
1 58
10 32
7 55
7 99
3 25
3 40
8 9
1 69
8 36
4 58
7 55
9 81
3 64
8 59
9 36
10 85
2 91
3 59
8 16
6 42
2 80
8 16
8 38
6 99
5 65
6 6
3 70
4 68
9 60
6 95
5 2
5 4
8 88
9 95
2 46
10 25
3 75
6 2
5 85
3 29
8 51
8 78
1 68
6 96
5 58
4 76
5 56
2 22
8 80
5 15
2 94
1 8
3 53
3 31
1 95
4 56
6 14
10 1
5 70
2 78
5 58
9 65
6 6
6 23
2 23
8 89
5 14
7 10
2 88
4 33
5 8
4 59
4 37
7 59
10 19
4 54
7 52
1 22
2 18
2 46
7 96
10 49
5 65
1 32
7 14
9 86
9 34
5 43
7 94
7 60
8 71
8 63
2 84
10 79
2 21
7 36
7 64
7 37
3 60
2 62
2 96
7 80
4 24
7 84
8 35
5 45
4 83
8 42
3 82
9 16
6 93
3 72
9 12
9 2
4 21
1 51
10 11
8 13
10 11
8 45
2 29
3 60
2 70
6 87
7 25
10 94
7 21
4 51
9 86
7 81
2 100
4 80
9 93
8 32
7 97
10 55
2 60
7 15
1 89
2 85
5 3
10 67
5 26
2 81
2 95
6 69
8 20
5 56
10 55
10 33
3 70
5 33
3 57
10 65
5 35
1 69
7 86
10 25
6 19
3 94
9 95
8 34
10 69
4 85
9 32
5 53
10 56
10 57
4 50
4 70
7 41
1 78
1 52
2 19
8 68
3 57
9 54
10 24
10 4
7 29
8 86
5 86
2 70
8 5
9 43
4 86
8 18
1 50
10 27
10 73
3 10
3 79
8 20
4 47
8 36
2 36
2 88
4 42
1 25
9 41
10 90
6 81
2 90
2 79
7 72
8 87
7 5
3 11
8 9
10 20
1 54
6 19
8 70
3 56
9 3
7 43
6 6
8 28
6 10
8 73
3 87
9 54
8 95
2 14
6 96
1 25
5 68
7 90
5 83
10 16
4 100
4 52
1 91
10 70
9 29
4 69
4 60
6 80
6 6
7 56
1 47
5 92
9 93
6 49
10 1
4 86
8 50
10 83
3 56
2 78
3 3
2 19
3 43
7 35
9 58
2 16
6 68
7 28
3 87
2 31
2 14
3 26
7 52
1 90
4 91
4 70
8 45
8 27
8 8
2 22
2 46
10 95
2 73
2 81
3 6
9 13
4 71
1 93
9 59
8 98
3 94
2 69
5 99
8 100
7 42
9 1
9 62
7 69
3 56
1 59
8 2
9 14
2 12
5 13
10 25
4 7
8 42
8 32
3 39
6 51
1 19
5 80
7 67
8 81
5 90
5 58
10 24
5 11
8 97
10 80
1 30
1 84
9 71
2 53
6 31
6 35
4 1
7 7
6 4
10 64
1 79
3 79
6 36
2 16
1 90
8 13
6 72
3 46
5 53
8 62
6 51
3 5
4 86
7 23
5 22
10 70
4 23
2 24
10 16
1 33
8 67
7 96
4 78
4 20
7 72
6 29
9 38
10 21
6 16
1 23
6 80
7 46
3 6
5 43
6 91
6 57
2 84
2 29
4 21
10 63
4 100
9 56
6 100
6 91
1 36
2 78
4 22
3 61
2 36
3 63
8 42
5 97
9 36
1 69
10 91
3 39
7 89
5 98
7 38
1 70
6 75
3 14
4 69
6 75
4 53
10 20
3 43
9 76
10 69
3 62
7 88
8 48
7 39
6 64
1 43
9 94
8 67
8 55
6 96
4 75
1 56
5 15
3 30
9 23
4 58
10 82
8 59
9 1
1 37
5 72
2 56
5 61
5 97
9 7
7 19
10 90
3 91
7 62
1 93
5 26
2 70
2 8
7 68
7 63
6 41
8 80
1 88
1 89
7 76
7 79
2 67
6 20
1 36
7 47
10 7
1 44
10 94
6 48
2 56
1 93
3 5
9 38
4 75
4 51
7 22
8 44
3 64
7 100
1 37
2 48
2 25
1 22
3 22
4 14
1 22
3 28
6 78
2 60
9 22
1 66
3 30
6 53
4 45
8 91
9 56
5 15
7 81
9 4
5 27
3 42
10 6
6 84
4 81
7 1
4 48
6 59
1 75
8 26
8 82
7 77
8 38
5 27
3 87
9 13
9 87
2 5
10 49
1 64
1 44
4 73
1 6
8 2
10 51
7 95
2 7
10 61
3 43
5 5
5 21
2 38
10 50
4 17
6 91
4 41
2 48
5 28
4 15
7 98
8 32
9 96
10 25
2 16
3 75
4 95
8 22
9 11
4 46
10 56
10 42
5 31
7 9
1 35
9 72
9 68
4 75
2 85
7 32
2 65
3 58
4 7
1 55
2 4
5 42
5 1
8 72
9 57
7 22
5 61
2 47
7 72
2 53
3 99
8 23
6 2
7 28
2 91
5 26
3 27
8 94
1 96
10 37
3 96
3 5
4 1
9 95
2 73
6 12
10 88
1 10
1 4
9 41
8 49
2 63
1 87
9 93
6 38
3 40
5 56
6 81
9 29
8 81
5 52
9 25
5 46
1 74
7 54
8 100
4 80
4 13
1 86
4 53
8 17
3 37
7 4
2 77
9 16
3 23
6 53
5 20
7 8
8 30
9 6
8 75
7 36
5 12
4 45
10 96
3 67
4 61
8 29
7 19
8 95
4 45
1 91
8 28
5 98
1 22
6 9
3 68
8 50
2 77
6 28
7 39
9 38
5 99
9 23
6 25
1 84
6 62
10 27
9 47
1 45
8 35
4 62
4 4
9 12
9 79
9 58
8 6
8 36
6 92
8 73
2 100
2 49
5 14
1 65
7 96
1 3
2 36
8 91
9 24
6 76
5 46
4 56
9 10
9 44
2 27
4 28
6 33
1 40
10 34
6 68
8 86
2 74
5 30
4 57
5 14
2 25
6 3
2 78
9 53
4 50
1 56
4 8
1 50
1 59
4 61
10 29
2 3
9 5
3 100
6 27
7 3
1 3
7 25
9 11
4 99
9 75
3 76
10 84
9 100
2 49
9 43
1 87
6 81
7 75
2 54
9 79
4 35
5 58
6 29
8 64
7 70
1 17
6 42
8 73
