6 52
8 84
2 95
8 21
9 46
9 58
10 54
8 47
10 51
2 28
9 1
9 37
5 98
9 56
6 5
8 25
5 88
2 98
4 15
2 61
8 10
9 76
2 9
4 83
8 75
1 28
2 28
3 80
8 27
6 74
8 85
5 66
8 52
10 33
3 69
6 12
9 5
9 59
10 75
3 3
4 43
1 23
6 74
9 68
10 98
10 40
1 25
8 95
4 79
1 41
5 92
2 43
1 49
8 1
5 18
4 40
7 73
8 94
1 19
2 59
9 87
6 98
5 37
2 97
5 76
5 67
2 9
3 62
5 52
10 88
9 24
7 86
2 75
8 47
2 92
2 19
2 50
6 41
6 34
1 87
10 16
3 13
7 79
10 12
6 19
5 18
4 5
2 8
6 42
4 44
3 48
2 44
4 63
2 43
5 67
1 95
1 27
4 69
4 19
7 86
4 2
2 94
6 40
2 91
8 62
9 11
7 40
9 43
6 61
1 26
8 89
10 2
3 6
8 94
1 67
2 27
10 21
3 20
5 5
4 15
7 95
5 86
2 27
3 56
7 98
9 13
6 35
2 87
2 47
9 80
1 74
4 65
9 64
6 57
10 21
8 23
3 41
2 80
3 86
2 15
1 96
2 52
5 30
1 63
2 87
3 23
2 5
2 22
8 59
8 59
1 67
6 32
4 72
9 69
9 100
9 39
3 20
7 47
7 73
10 66
2 97
5 55
9 3
6 58
8 42
3 8
4 96
7 17
5 4
2 26
8 9
5 61
9 2
3 54
10 28
1 92
9 59
8 52
8 89
3 98
8 36
5 55
9 59
2 92
1 21
7 57
4 22
2 29
10 10
6 65
8 60
9 36
10 44
4 95
7 93
3 74
1 7
10 92
1 4
3 27
5 59
6 44
5 50
4 82
8 52
4 73
10 28
1 30
4 99
7 51
2 66
3 74
4 17
4 87
6 20
5 94
3 29
3 34
3 61
6 41
8 8
10 41
4 48
9 24
4 66
1 75
1 1
2 89
4 40
3 100
6 46
7 70
10 48
9 83
10 48
3 61
4 42
9 64
7 57
8 80
5 91
7 18
10 17
6 84
10 86
8 60
5 99
5 95
7 73
5 7
2 55
5 23
7 6
9 68
5 54
2 99
7 68
2 5
9 35
4 94
3 20
9 21
3 42
3 49
3 78
4 82
7 28
7 55
1 59
8 89
10 60
3 60
4 79
8 21
2 22
4 12
10 78
4 33
1 87
6 95
4 88
5 88
7 90
4 21
5 39
3 29
1 66
1 56
3 9
7 31
3 26
6 50
2 52
7 47
7 43
9 18
2 63
10 78
7 10
8 80
6 52
8 65
2 25
2 19
3 18
8 37
9 20
6 28
7 22
5 11
6 26
10 97
10 83
3 19
8 70
2 52
7 47
5 18
6 60
10 60
5 90
2 25
4 3
2 53
10 20
9 37
1 30
10 69
5 32
7 19
10 13
8 23
9 77
1 27
10 39
8 56
5 61
3 10
1 52
8 22
7 97
1 34
2 17
9 26
8 38
4 74
2 40
2 43
9 88
7 88
10 83
5 15
10 10
9 60
2 30
1 62
3 35
6 12
4 51
6 44
10 48
2 44
7 50
8 17
2 41
7 97
5 43
6 24
4 23
6 67
4 41
2 34
6 96
2 9
4 55
2 58
9 92
8 65
3 16
10 36
7 24
7 2
4 44
1 20
9 38
9 12
1 6
9 46
5 82
3 44
4 77
7 25
7 41
6 74
1 5
8 13
1 77
1 72
1 13
4 75
10 97
9 57
8 20
6 61
5 11
10 77
2 58
8 60
5 18
6 73
1 37
1 44
4 71
6 57
8 18
8 16
1 74
10 32
6 32
9 80
1 76
4 60
6 77
7 80
2 88
8 12
3 97
2 32
3 56
7 27
5 92
7 20
10 99
8 32
1 21
8 51
1 65
7 49
10 30
4 5
3 91
4 18
5 73
5 34
10 51
4 57
10 18
6 74
4 58
4 61
5 79
5 17
7 42
7 25
4 50
4 86
8 44
10 15
9 91
2 70
10 91
7 23
2 45
4 20
8 96
9 67
4 95
9 43
6 75
7 66
8 16
8 80
4 77
2 20
1 97
5 11
5 57
5 57
2 20
5 11
7 5
9 23
10 88
3 17
7 96
9 10
1 29
2 87
9 35
3 15
1 79
8 19
2 78
7 76
6 7
10 62
4 93
8 23
7 15
7 90
4 69
3 12
4 92
7 71
4 25
10 50
5 20
3 71
3 56
8 26
9 11
3 3
5 39
4 69
1 55
5 87
1 45
2 100
9 22
10 51
9 57
10 68
3 64
7 45
3 60
3 49
2 79
5 71
2 69
8 28
2 72
9 68
5 62
5 83
9 90
5 55
3 46
4 9
7 43
6 17
4 6
3 100
1 88
10 74
6 10
1 100
4 59
3 40
5 94
2 43
6 100
7 93
9 11
9 49
1 31
1 39
1 58
10 55
1 41
9 71
3 49
7 69
2 12
5 24
4 47
3 34
1 9
4 63
6 26
3 52
2 9
7 30
3 36
3 22
10 34
9 43
3 32
4 35
7 81
6 48
10 31
8 74
4 20
8 17
3 13
5 22
8 91
6 23
3 63
4 5
4 64
6 13
3 21
7 55
5 44
4 63
4 3
10 81
6 78
1 85
1 9
5 100
4 80
7 10
6 5
9 81
2 90
7 78
3 41
6 52
1 37
4 90
6 43
6 6
5 78
9 13
9 59
7 73
8 81
1 14
3 28
4 92
2 77
6 70
2 64
3 33
5 63
5 13
5 63
4 61
5 32
8 13
4 65
6 84
5 77
6 76
9 42
8 24
3 56
1 28
5 66
5 84
3 38
9 31
9 87
8 7
8 9
1 70
5 56
8 91
3 84
10 12
4 37
8 76
9 24
5 30
1 3
9 64
10 23
7 53
5 91
7 10
8 56
9 76
4 32
8 82
1 67
10 33
4 83
8 8
10 40
7 93
10 95
3 86
2 53
6 26
2 31
10 28
7 17
7 99
4 24
5 31
8 10
1 44
2 82
5 28
10 16
2 16
10 18
3 28
10 92
10 88
7 22
1 8
1 29
3 50
1 54
2 87
6 79
9 44
10 83
1 49
5 25
6 77
4 23
2 56
4 73
1 45
7 42
8 10
2 4
3 70
8 89
2 71
7 77
2 19
2 50
2 45
8 22
5 69
5 8
4 68
6 52
10 53
3 69
7 66
6 49
1 75
1 60
2 70
9 77
7 70
9 87
5 94
1 55
8 99
10 56
2 30
6 11
7 97
2 12
7 24
5 64
2 12
9 13
4 48
6 73
9 48
9 25
4 27
1 33
8 28
2 34
5 69
4 21
1 29
5 92
9 9
10 98
9 34
4 74
10 33
8 44
6 19
7 62
10 48
4 27
4 12
7 67
4 77
8 51
5 69
7 63
7 63
7 98
3 76
5 16
2 93
5 27
9 32
4 9
2 53
6 38
8 90
9 7
10 35
8 35
3 100
2 26
5 92
3 92
9 100
4 67
8 77
10 29
7 18
3 93
2 70
10 41
2 35
1 86
8 57
1 52
10 83
10 1
4 3
2 73
3 55
10 79
4 91
2 75
10 47
7 80
4 40
2 5
9 75
4 61
8 85
5 91
8 57
2 20
1 40
3 32
1 40
2 88
2 45
3 56
1 24
3 84
6 70
1 73
4 53
3 37
4 10
3 87
6 67
2 94
6 19
2 74
3 81
5 42
5 38
8 12
10 12
10 50
9 95
6 85
1 46
4 5
6 56
5 5
5 81
4 45
3 1
8 66
2 79
8 1
1 10
8 52
7 77
9 38
3 41
9 2
8 74
10 84
6 79
4 72
3 74
9 60
2 72
10 28
5 61
10 25
8 77
7 87
6 100
9 12
6 52
5 23
8 8
1 26
6 75
2 80
4 11
7 62
6 10
4 9
9 40
6 29
9 44
6 74
9 44
7 36
2 70
9 57
10 97
9 2
4 17
6 70
5 36
7 9
6 6
8 32
8 52
1 63
8 89
7 76
2 70
10 42
7 40
9 31
6 9
1 26
7 39
3 41
1 69
8 99
6 20
2 50
2 29
6 25
1 82
2 57
10 82
3 78
7 99
9 17
1 3
7 60
1 3
7 50
2 57
3 57
10 100
10 62
6 74
9 92
8 86
1 62
4 23
9 91
3 98
1 24
10 44
9 81
2 64
7 24
9 84
5 91
10 82
8 89
7 92
5 41
5 65
6 38
4 66
2 47
5 12
1 31
9 47
4 1
4 62
4 19
9 36
5 1
5 47
4 10
2 2
8 66
8 91
3 18
8 47
7 16
1 80
8 71
2 2
1 16
6 81
4 40
10 7
10 39
6 57
8 57
1 37
7 16
2 24
8 61
4 81
6 24
10 75
5 3
10 67
9 54
3 6
9 7
4 41
3 53
1 74
8 79
4 73
