2 16
4 70
7 27
7 89
4 77
3 86
9 73
5 44
7 80
9 82
6 98
8 57
1 24
10 7
3 14
1 70
7 17
2 10
1 39
6 15
8 84
2 80
8 86
1 89
4 93
4 89
5 10
4 36
9 17
3 14
4 49
2 70
5 43
9 21
7 43
9 20
5 93
9 18
7 64
9 45
9 69
8 1
3 39
2 6
10 42
9 56
5 6
7 86
4 78
6 55
7 86
5 42
5 39
2 11
6 38
1 92
5 37
2 46
8 57
2 33
1 27
1 91
6 38
3 92
4 19
1 92
3 93
5 2
7 60
9 42
1 29
7 65
3 51
8 92
10 97
6 95
7 4
5 61
6 32
7 50
4 20
6 76
1 87
6 87
5 6
3 4
6 76
8 73
6 76
2 35
9 34
4 88
7 29
7 57
10 1
4 49
10 37
4 44
1 21
7 98
4 7
4 86
8 7
1 35
9 52
2 40
9 33
1 18
4 82
9 67
2 56
8 64
7 28
4 66
9 73
4 67
10 45
10 29
8 11
10 1
9 22
6 30
6 45
5 3
2 38
8 99
1 62
1 20
4 44
6 44
7 70
10 89
10 97
1 71
4 95
6 72
1 20
8 40
4 14
4 39
8 19
2 21
8 42
8 21
2 37
10 41
3 9
2 89
7 15
9 78
5 12
6 87
9 65
6 92
8 69
6 68
10 23
3 17
5 44
6 86
10 42
7 33
3 12
4 27
6 75
8 53
1 65
4 32
4 88
1 90
5 6
10 88
5 88
9 28
3 69
10 4
5 1
7 64
3 95
10 46
6 81
10 88
7 74
6 76
2 99
10 100
5 79
3 91
6 64
4 93
8 56
2 99
2 88
2 83
5 37
7 31
2 84
9 88
9 76
1 91
10 44
2 99
3 86
4 43
6 92
10 92
10 85
6 6
4 84
7 8
4 46
2 33
7 38
5 39
10 46
2 16
2 92
4 80
7 83
5 22
9 96
6 73
7 33
9 50
2 14
9 25
4 7
6 66
8 85
8 55
2 81
9 91
5 71
3 18
2 57
2 56
2 28
6 36
1 92
3 59
9 60
10 53
8 27
5 16
4 35
6 59
7 76
9 66
3 85
1 13
6 68
2 38
4 8
4 61
10 53
7 16
10 59
10 96
7 22
9 71
6 10
2 42
7 52
2 35
1 30
1 45
2 77
8 64
4 68
1 25
10 32
4 82
6 18
4 62
9 93
5 32
3 83
4 83
10 68
2 39
3 82
5 38
4 31
3 10
3 56
2 30
7 93
8 40
8 63
2 31
1 48
10 59
3 43
1 99
4 60
9 53
10 37
3 44
6 10
7 31
2 47
1 58
1 37
8 32
2 1
8 68
2 57
6 28
3 100
5 43
9 45
1 94
5 34
4 92
10 79
4 56
8 27
2 92
2 36
4 24
9 76
3 44
2 63
6 14
5 7
8 88
1 90
10 90
5 71
6 93
4 30
7 96
6 30
9 16
6 1
9 72
3 79
10 66
7 11
10 34
4 35
1 60
10 31
10 48
1 46
2 31
4 41
3 37
7 81
3 79
5 88
6 13
5 64
1 44
9 3
8 19
10 66
6 65
3 85
1 77
8 61
6 46
10 38
6 76
8 65
9 31
7 93
5 55
7 5
6 29
4 58
2 83
8 63
8 86
2 99
5 97
5 38
6 94
4 5
2 28
6 52
5 90
10 66
4 30
4 59
10 34
5 37
2 87
10 90
1 20
4 78
9 4
6 90
5 23
8 49
10 3
4 19
9 62
1 20
10 17
1 30
1 25
7 59
2 6
2 54
1 41
9 69
3 93
4 77
2 58
8 30
7 38
5 54
4 1
4 41
4 25
3 34
2 4
10 89
3 58
7 28
5 14
6 33
4 68
1 95
7 5
4 81
7 92
3 21
10 30
10 4
4 29
3 71
2 1
7 98
6 20
2 9
2 24
9 81
9 3
6 64
6 66
7 85
9 23
5 3
1 34
10 46
5 30
10 77
4 62
3 82
6 47
10 55
10 2
5 85
6 12
5 96
8 32
3 67
6 4
3 62
9 75
4 14
3 68
7 56
7 90
4 50
5 64
2 11
5 72
9 70
3 55
7 95
7 15
3 22
4 10
10 13
2 87
1 4
6 3
5 92
4 98
7 89
9 75
7 61
10 46
1 59
7 10
2 73
4 80
6 66
9 47
10 19
2 68
4 33
10 50
9 20
4 4
2 20
6 96
10 65
7 100
2 65
9 70
3 13
5 5
2 32
6 44
6 77
1 80
1 96
6 86
8 94
2 33
3 54
1 94
5 27
7 15
3 87
9 70
8 17
2 88
4 59
6 100
7 80
3 86
4 6
9 14
9 64
9 22
1 83
5 9
10 95
5 81
4 89
10 36
4 47
4 47
9 64
7 40
8 46
6 26
5 78
4 87
10 43
1 22
10 68
3 83
10 92
10 64
5 52
9 53
10 92
2 52
1 30
4 8
5 80
8 57
10 37
2 93
1 88
1 65
3 8
10 10
4 92
3 67
1 83
10 65
5 96
10 54
5 41
6 99
4 38
5 77
2 18
3 59
3 61
2 67
8 12
8 10
2 49
3 66
7 31
1 95
10 51
8 90
6 78
9 14
4 72
2 4
2 53
4 66
8 71
5 96
5 11
7 57
3 97
1 89
7 31
1 40
2 93
9 58
8 56
5 93
8 86
9 33
4 87
3 10
7 86
4 41
4 57
1 45
3 94
2 21
4 11
1 96
8 74
7 96
7 88
5 83
2 76
2 68
4 35
3 51
1 21
3 80
5 59
1 54
6 77
7 52
5 100
3 98
9 2
7 78
2 17
10 45
4 21
8 17
8 69
9 52
4 14
8 43
2 33
10 46
1 34
2 48
8 61
8 35
8 65
7 82
4 8
10 19
1 19
10 72
5 54
3 41
9 100
7 5
6 5
1 23
7 69
2 64
2 55
1 2
3 62
3 19
9 68
2 44
10 4
6 45
3 90
4 32
2 42
1 90
9 57
2 5
9 78
9 84
10 69
4 64
3 55
6 69
4 1
1 97
6 78
4 29
8 27
10 11
10 26
6 19
6 5
5 78
3 89
1 56
2 71
5 1
10 70
4 57
6 99
7 58
3 75
1 43
9 87
1 74
8 70
7 30
1 76
6 4
5 6
3 44
5 90
9 13
5 33
2 49
3 44
4 18
2 24
5 79
4 30
1 91
7 31
2 24
10 34
7 7
3 4
4 81
3 61
1 75
2 38
3 71
10 5
9 10
5 9
8 81
10 63
4 68
4 70
5 86
10 20
10 77
5 41
8 93
10 57
9 48
6 22
1 41
9 52
5 70
1 6
3 53
1 22
2 89
1 53
5 39
9 25
2 31
10 15
9 66
8 25
6 67
9 5
10 49
9 68
2 77
2 3
3 15
3 48
4 91
6 21
8 27
10 65
1 60
7 96
8 87
7 10
9 5
4 35
10 87
6 10
8 88
3 64
8 60
10 40
1 90
8 94
1 66
4 73
6 18
3 46
5 32
5 99
6 62
5 64
8 45
7 33
10 34
9 88
10 50
6 59
8 26
3 95
3 37
3 16
6 66
5 10
8 17
6 28
7 81
1 71
9 84
4 66
3 8
1 77
10 19
3 48
9 10
7 2
1 34
5 27
5 100
8 8
4 67
4 26
3 31
5 58
9 5
9 80
4 30
10 14
2 10
9 99
6 51
1 74
4 23
2 97
4 11
2 36
8 72
3 76
9 76
4 52
2 50
4 83
9 100
1 74
5 63
6 1
7 17
9 6
7 39
8 35
7 68
8 22
4 78
1 90
7 100
5 80
6 57
5 52
2 65
7 10
5 63
5 85
1 39
4 60
6 97
3 4
8 14
5 90
8 12
8 25
1 26
5 44
10 37
2 22
4 38
7 91
6 4
6 28
3 50
6 66
1 4
9 60
9 74
6 87
7 38
1 100
4 2
3 82
1 63
7 25
6 74
2 15
3 80
8 21
4 65
7 9
10 65
8 20
2 48
5 11
3 56
10 16
3 6
7 63
9 17
6 6
3 10
2 55
10 5
1 60
9 34
10 33
5 53
8 39
3 96
5 44
8 62
6 56
6 84
10 19
2 72
9 5
3 94
7 59
2 33
1 14
2 42
5 74
8 77
6 50
3 21
6 100
9 77
7 53
6 52
2 78
9 17
5 80
10 26
6 27
4 75
7 47
9 8
8 24
5 100
1 88
7 52
7 21
3 24
6 2
8 40
8 20
1 11
10 62
8 69
5 6
8 68
7 5
2 46
4 63
5 54
9 53
8 44
1 96
4 18
9 3
10 82
10 85
4 42
1 12
2 92
6 58
8 70
4 10
2 73
4 19
6 83
9 74
10 54
3 10
2 65
4 25
3 18
5 57
8 10
10 60
6 86
9 86
4 39
9 18
8 16
6 56
4 51
5 2
7 38
4 33
2 64
3 3
5 34
