5 89
4 55
6 37
10 66
9 10
6 40
9 87
3 81
7 96
1 32
1 93
1 43
1 79
1 99
8 5
4 96
3 84
4 45
6 36
5 16
2 71
8 13
9 83
4 62
7 13
9 51
2 88
5 83
8 97
6 11
5 93
10 78
3 32
10 35
6 13
9 27
1 54
8 3
7 88
7 46
9 60
9 31
9 77
3 83
9 42
7 26
8 55
7 68
4 28
3 51
8 54
5 76
5 11
5 28
1 89
2 32
1 30
3 93
5 43
4 66
9 80
4 7
3 72
2 88
4 42
9 83
7 51
2 75
8 10
9 54
3 34
6 90
10 48
2 96
4 59
6 17
9 17
9 46
6 59
1 48
1 64
10 78
1 30
3 7
2 99
2 39
9 32
4 30
7 20
9 60
10 36
10 40
9 98
2 60
3 92
2 13
6 79
8 40
5 22
9 69
8 29
5 5
3 54
2 40
3 63
6 53
5 86
4 58
7 19
8 87
2 32
10 10
9 39
4 45
1 68
2 81
4 90
8 15
9 37
4 1
1 33
7 23
7 78
9 32
8 72
4 25
1 63
4 16
7 76
7 93
9 34
8 70
3 28
10 86
4 32
1 29
8 78
9 26
4 3
10 30
7 89
8 37
6 99
3 3
6 22
3 17
5 96
3 69
6 60
2 100
1 43
2 32
5 90
6 95
10 98
1 91
10 73
5 11
6 42
3 74
7 37
4 99
1 77
4 86
5 62
2 35
8 87
9 9
2 45
10 32
3 6
7 20
1 90
9 11
3 8
6 10
10 73
5 33
6 77
2 84
7 78
10 37
2 23
3 1
7 27
10 19
5 68
10 53
9 39
8 45
2 96
5 11
2 5
10 98
6 97
2 40
2 32
2 76
1 96
9 91
5 35
9 87
4 42
10 73
7 75
7 45
7 46
9 24
8 99
5 66
8 44
6 66
7 12
9 79
8 73
5 1
2 3
9 56
8 3
6 29
4 75
4 80
7 83
5 58
1 37
9 97
2 34
4 45
3 34
10 2
1 90
9 88
10 69
8 39
2 56
3 13
4 52
8 77
4 26
3 33
6 49
3 40
10 40
4 46
5 38
5 38
3 20
2 3
2 26
7 50
8 15
6 48
2 56
5 32
6 24
1 72
10 37
2 77
4 73
4 93
2 80
8 5
4 11
7 76
2 23
1 51
1 64
5 19
6 28
3 21
2 28
2 20
2 46
5 98
3 70
8 13
7 79
6 69
8 65
8 16
5 34
3 37
5 86
10 78
5 40
5 52
10 86
5 17
1 56
6 38
1 42
7 99
3 33
1 44
9 24
8 10
6 44
4 56
5 1
6 76
1 48
8 69
5 59
8 30
8 3
3 9
1 66
5 95
4 24
7 96
3 28
1 19
8 41
1 32
3 42
6 38
1 55
2 97
9 66
7 56
9 63
8 87
4 52
7 32
2 1
10 56
2 52
1 67
7 29
10 13
1 52
9 59
6 15
7 42
2 80
9 35
7 28
1 56
4 19
8 11
8 4
6 77
6 68
6 94
9 99
7 23
9 59
1 88
3 35
2 74
10 44
5 10
6 54
1 57
5 9
2 71
10 1
5 33
5 73
2 35
5 17
8 91
3 4
4 25
9 58
5 20
4 30
1 74
1 76
6 16
7 74
2 13
2 32
1 90
5 42
7 86
10 18
9 28
1 11
5 78
5 74
7 92
6 43
8 67
2 56
4 67
2 90
4 5
5 13
4 70
2 59
5 73
9 33
2 46
9 59
9 22
6 21
6 19
3 34
3 64
2 64
6 77
2 22
10 79
5 48
8 83
8 61
10 62
3 52
1 9
5 88
2 10
3 48
2 71
1 72
4 22
9 18
7 22
1 22
8 82
9 81
9 20
4 68
8 86
4 69
7 29
1 62
10 93
7 7
10 34
8 44
7 92
6 12
1 31
1 76
2 19
10 91
9 45
2 70
2 96
4 41
2 58
9 34
6 1
3 42
9 74
2 42
1 71
9 71
4 46
8 86
6 73
3 48
7 59
3 49
6 1
6 48
4 53
5 28
3 71
10 89
1 57
6 79
9 55
7 23
10 85
3 48
5 89
1 22
3 56
3 25
9 49
1 26
2 44
3 94
3 82
8 92
6 98
4 42
1 8
1 60
6 2
1 21
8 91
7 62
1 62
9 61
4 75
4 67
1 1
5 62
7 52
4 91
7 86
9 44
6 41
4 54
7 63
4 89
2 43
6 13
8 4
9 53
9 84
5 19
7 63
10 60
10 34
2 38
10 67
10 88
2 51
5 77
3 3
5 53
3 96
5 57
7 58
8 46
8 44
3 10
2 86
4 55
6 23
9 16
5 15
9 34
3 29
3 72
10 2
8 88
1 46
3 47
4 100
7 7
6 66
10 83
6 59
6 47
1 60
9 95
5 56
2 51
9 20
7 13
3 13
4 19
10 23
9 71
5 66
6 33
6 47
2 48
6 80
5 69
8 5
1 93
3 28
1 39
3 52
4 90
1 78
5 1
5 69
6 85
10 73
5 39
6 6
10 35
3 7
7 76
8 97
6 75
3 58
8 56
10 77
9 17
10 71
10 30
3 69
7 52
8 35
6 89
9 13
6 82
3 46
7 17
1 97
9 46
7 58
9 16
1 70
4 64
6 15
9 67
7 70
5 90
4 14
3 92
4 34
2 55
8 3
10 19
2 57
1 40
6 89
4 79
1 87
4 24
3 30
4 19
4 1
2 18
6 53
10 83
3 5
1 19
5 97
6 27
2 61
9 10
2 5
5 24
10 54
1 45
8 4
9 55
10 66
1 67
2 88
7 47
5 23
10 98
5 81
3 47
7 24
8 100
3 68
8 59
1 37
8 43
6 97
4 18
3 4
2 58
9 3
1 67
8 24
10 44
9 93
5 38
5 34
1 22
9 21
2 65
8 49
3 46
1 74
1 17
7 84
10 16
8 6
9 83
4 76
6 41
2 14
6 13
7 13
5 75
10 99
2 77
8 9
9 54
7 1
10 38
3 82
5 95
3 62
9 76
8 42
8 61
3 41
4 94
2 79
9 61
3 53
6 47
10 14
3 79
9 40
1 56
6 65
8 36
2 70
6 97
3 83
8 23
2 69
1 73
6 48
8 86
5 44
5 100
10 28
10 69
9 54
10 28
3 14
2 51
3 70
9 27
10 23
9 41
2 54
4 13
2 34
4 72
9 9
3 8
3 18
8 43
9 3
6 100
2 89
4 72
3 2
4 53
3 89
5 5
3 76
2 82
7 42
4 41
6 57
1 25
1 21
5 15
1 47
1 24
7 89
3 23
3 10
2 35
6 30
8 57
3 27
3 57
9 35
2 26
2 19
9 86
2 13
8 83
1 63
8 99
8 99
4 31
9 78
5 70
4 9
9 43
6 4
10 57
6 95
9 88
9 38
2 52
6 81
2 8
9 41
7 25
7 39
6 50
9 50
9 2
4 23
6 28
5 78
7 22
7 39
7 65
4 69
4 33
5 86
9 6
9 3
4 23
8 4
2 46
4 87
4 85
10 36
8 21
5 20
9 93
5 7
9 34
1 1
5 57
7 48
5 21
2 24
6 28
4 43
9 41
4 52
10 97
5 95
10 100
10 96
8 97
6 70
3 95
2 3
3 10
1 78
3 69
7 32
5 84
3 79
4 45
1 77
9 34
6 26
9 93
7 73
9 91
2 49
2 23
10 44
6 79
6 53
6 26
9 91
5 28
6 38
4 24
6 78
7 75
7 38
9 62
8 100
2 10
6 20
10 96
3 26
4 13
7 52
5 64
9 73
10 64
6 46
1 8
2 39
8 28
4 74
2 58
5 39
3 59
9 50
2 33
3 99
3 30
6 21
10 35
10 27
5 26
9 95
8 54
1 33
10 34
10 8
9 41
7 24
6 21
8 16
3 5
8 30
9 6
7 78
8 26
2 52
7 96
8 34
1 78
3 34
1 12
10 41
9 10
6 25
7 12
5 45
8 26
6 19
6 51
10 47
5 31
1 91
6 98
3 63
3 80
1 52
9 54
8 16
1 51
5 92
10 97
4 2
6 90
3 67
2 68
2 89
8 8
8 54
4 87
6 58
8 95
8 10
6 21
6 90
2 90
6 92
5 99
8 35
3 62
8 60
1 46
8 16
7 63
4 1
1 35
7 62
1 81
6 4
8 85
9 11
4 68
7 82
6 22
8 28
1 2
5 52
10 47
1 40
9 54
5 30
3 63
10 40
3 77
9 38
10 56
8 38
7 26
6 32
3 27
7 56
5 38
2 37
7 67
6 56
1 18
9 26
1 42
3 51
1 10
10 8
4 97
2 12
10 50
9 75
2 6
5 4
3 90
9 21
1 88
3 29
2 95
4 42
6 65
9 4
1 74
3 7
9 21
5 29
6 37
9 64
9 14
4 71
9 74
7 87
9 69
10 38
2 93
3 49
2 91
1 55
3 47
4 69
2 58
7 4
