7 4
7 70
9 94
5 36
5 70
5 23
3 52
4 84
8 23
2 77
7 37
8 46
9 68
7 61
5 78
9 49
9 66
2 64
10 52
4 10
4 36
10 78
9 34
1 52
6 14
9 24
1 100
10 39
4 47
5 11
6 43
3 30
4 16
3 64
6 66
6 38
10 92
8 8
8 52
7 70
9 81
5 84
10 40
8 75
9 93
7 60
9 60
7 47
8 95
8 100
9 10
3 91
4 61
8 75
9 55
4 51
8 10
4 68
4 70
4 98
5 79
7 58
2 74
5 9
10 15
5 11
2 99
2 54
2 85
8 94
5 58
9 27
2 46
7 35
3 50
4 82
3 5
6 62
8 31
2 27
8 57
2 29
7 26
4 47
1 74
4 93
7 10
7 85
2 89
8 34
9 35
3 69
8 19
3 13
8 94
1 6
7 27
10 79
2 57
1 13
9 30
5 16
7 82
2 98
7 43
9 82
10 17
8 27
3 1
10 2
4 28
7 94
9 46
9 3
3 48
2 17
9 67
1 8
6 39
6 57
8 88
3 52
8 77
5 54
1 18
2 29
1 84
6 86
7 17
1 27
2 18
3 83
9 46
10 27
3 75
3 55
4 4
7 50
9 34
4 28
10 52
9 82
8 67
2 51
3 22
10 33
9 3
3 66
8 63
4 3
8 81
7 24
1 79
1 10
1 56
9 85
4 94
7 81
7 80
8 73
10 20
1 31
7 12
5 87
8 42
9 19
10 62
4 52
7 96
3 43
10 28
8 43
6 11
9 91
7 63
3 31
7 14
7 92
8 68
3 34
6 95
7 23
7 12
5 78
1 81
10 1
1 9
9 64
4 28
5 18
2 73
2 22
9 98
8 65
3 87
2 34
9 74
5 95
8 31
7 7
7 8
1 21
9 8
5 56
10 38
10 64
9 69
7 74
1 70
1 28
4 14
4 40
4 43
9 75
7 90
4 54
8 82
2 65
8 56
4 1
3 19
6 12
10 31
10 78
2 87
8 99
3 28
5 96
6 5
1 80
1 85
10 64
10 64
1 43
5 37
3 1
5 36
5 74
4 16
10 83
3 78
7 48
1 62
6 53
4 82
9 64
4 65
9 41
10 28
7 78
2 72
9 32
1 97
8 70
5 28
8 57
3 97
5 61
10 43
4 20
1 52
6 5
8 73
5 25
4 27
8 14
4 45
6 99
8 98
6 68
5 22
6 39
1 41
7 53
3 96
2 73
1 5
9 74
3 61
10 67
5 61
4 15
3 10
1 42
9 11
1 61
10 74
2 42
10 66
9 100
9 64
6 35
1 79
4 39
3 46
3 64
6 30
10 45
2 26
2 65
2 19
1 88
6 64
1 18
3 83
1 47
10 43
10 79
7 39
2 60
4 7
8 23
10 29
3 4
1 58
4 95
7 8
1 56
3 73
10 86
4 94
8 88
2 98
7 32
4 89
1 58
6 85
10 93
6 24
7 33
4 32
10 77
9 20
7 23
5 17
7 31
6 42
4 45
7 16
10 32
1 45
5 71
7 83
10 90
3 22
2 35
3 39
8 38
5 1
8 36
2 87
1 36
7 82
9 97
1 61
8 52
9 67
3 49
9 66
10 61
4 22
1 50
4 48
10 52
2 33
2 64
3 91
3 75
10 48
2 60
4 62
1 99
10 7
7 19
1 41
9 75
10 81
2 18
1 26
5 9
5 77
9 41
8 65
7 6
3 70
10 22
10 3
1 83
9 96
10 5
5 64
9 76
4 20
3 83
6 50
8 37
6 98
4 81
2 94
7 41
9 45
1 35
3 38
1 33
7 8
3 11
4 16
10 19
7 69
1 25
5 35
3 1
9 82
8 63
9 82
10 21
1 9
9 51
5 13
9 24
3 61
7 50
2 4
2 37
8 69
5 9
1 61
3 69
9 70
1 43
3 100
7 98
2 98
4 59
7 28
8 17
10 97
5 52
10 28
9 10
1 20
1 81
8 9
8 20
5 57
5 29
7 84
8 84
7 36
7 46
6 26
9 20
9 50
8 59
6 81
3 85
5 22
7 11
3 86
1 84
10 57
5 33
1 39
8 66
7 87
5 20
8 95
6 25
1 33
2 54
5 67
5 55
10 55
6 18
6 81
5 6
2 1
3 95
5 64
3 77
9 3
4 89
2 44
10 91
5 78
1 64
6 88
10 12
5 34
4 26
3 93
8 49
6 88
6 80
1 35
4 76
6 28
4 89
4 28
7 83
10 85
9 64
5 15
9 83
2 25
6 91
9 42
8 15
5 28
6 78
6 85
6 52
1 37
8 52
5 20
2 32
9 22
6 47
3 13
2 29
6 27
4 82
2 13
8 9
4 23
1 59
9 21
1 29
3 8
1 59
5 63
10 11
1 45
10 94
3 12
3 82
8 59
10 74
3 21
5 26
7 55
2 66
6 68
1 78
3 47
3 57
7 13
5 36
9 10
5 14
1 84
1 97
9 70
5 22
3 11
5 79
4 58
3 100
9 5
1 16
3 23
2 5
1 51
1 18
10 9
4 74
7 47
6 27
5 61
6 84
2 82
5 92
10 89
1 15
4 89
8 87
4 49
6 61
9 40
5 62
6 37
1 22
4 100
1 32
10 66
1 71
10 50
2 28
4 100
1 48
3 55
10 19
6 47
8 89
7 69
8 100
10 56
4 66
5 12
1 51
9 98
2 4
7 28
8 68
9 39
8 100
9 7
2 95
10 2
3 71
5 53
4 75
10 24
6 22
8 5
8 9
9 9
10 85
7 43
3 88
10 58
1 58
3 46
10 35
8 78
3 96
1 5
8 16
7 10
9 74
5 99
5 37
2 19
7 91
4 76
2 43
2 16
7 78
1 31
1 37
5 15
8 25
1 19
4 51
5 10
1 67
6 28
8 80
4 48
5 35
4 90
2 14
2 27
2 88
4 22
4 71
1 44
7 25
7 30
5 71
1 5
1 47
6 87
10 66
10 15
9 68
1 29
5 49
4 86
4 16
7 64
5 6
6 99
10 40
5 75
4 85
6 45
4 76
3 93
5 15
3 62
10 86
7 50
8 23
2 68
3 99
4 5
9 85
7 78
7 86
3 32
3 9
7 42
9 21
8 28
6 94
10 19
10 57
9 32
1 97
1 42
5 83
10 99
10 61
8 51
7 79
4 81
7 18
5 46
3 10
9 88
4 40
5 56
1 9
1 16
3 75
9 13
10 86
3 92
2 98
1 32
7 75
4 5
4 69
5 4
6 28
3 36
7 64
1 79
6 91
6 69
9 32
3 71
6 95
5 96
9 43
8 35
3 59
10 48
6 34
2 16
2 29
2 40
8 8
6 57
8 30
10 44
5 89
9 17
4 58
8 46
5 85
9 46
1 94
4 47
10 60
1 93
5 19
2 13
7 9
3 98
8 33
4 92
3 90
10 63
4 35
10 46
8 7
1 34
10 7
3 69
7 44
7 81
7 77
7 58
4 6
4 90
5 70
10 21
8 94
10 41
8 26
5 97
5 31
4 79
3 96
1 30
8 82
7 42
7 3
3 55
4 49
6 73
6 8
6 88
9 66
2 95
3 76
3 66
9 71
2 17
6 29
1 67
3 69
8 33
1 65
8 97
2 99
4 95
1 68
5 8
4 77
9 76
6 76
2 78
1 63
10 96
1 40
8 84
4 38
6 2
1 51
2 11
3 51
9 60
4 44
9 93
10 56
10 74
9 25
10 56
9 5
9 55
3 46
8 7
2 100
10 85
4 93
3 62
5 22
8 72
7 46
3 84
9 55
2 7
4 73
5 92
3 38
10 84
10 100
5 78
6 72
10 18
7 92
1 61
4 20
6 94
4 84
7 37
8 6
10 89
1 71
1 55
1 69
1 13
6 49
7 21
5 98
9 45
4 47
10 53
9 88
8 84
1 4
1 18
8 100
3 6
5 8
10 72
10 84
1 64
2 53
8 83
1 58
9 42
7 5
10 89
9 75
3 72
10 49
9 57
1 10
2 27
7 50
10 24
5 32
7 51
7 48
6 84
2 87
7 97
9 52
6 97
9 17
10 23
10 67
5 34
8 79
4 72
5 31
9 34
7 21
2 27
3 62
1 33
3 66
6 41
4 40
10 54
1 61
10 50
1 19
10 96
7 1
8 58
3 22
2 34
9 18
2 89
4 96
6 69
6 22
9 96
10 39
7 7
1 8
2 91
9 51
4 11
8 69
1 2
8 70
7 41
9 28
7 71
6 32
6 57
2 64
10 72
8 79
3 80
10 14
8 3
7 37
4 36
9 74
9 67
2 62
7 71
1 62
6 18
6 28
7 8
8 64
3 78
9 22
7 2
7 42
3 30
8 84
8 22
6 10
9 52
1 99
7 98
9 37
10 13
7 79
4 14
6 78
9 79
7 82
5 1
10 25
1 99
2 52
6 54
1 34
3 21
1 58
7 92
2 29
4 6
3 9
8 4
9 17
3 25
8 98
5 83
7 47
