9 39
7 13
8 75
10 22
3 96
2 41
8 56
4 54
8 91
6 31
7 87
2 59
9 83
9 88
6 79
8 28
1 97
5 92
2 88
10 38
1 39
6 9
1 12
6 71
6 22
10 3
2 12
7 73
9 25
3 47
9 77
3 93
1 91
6 93
5 82
6 82
4 93
7 96
4 66
3 77
8 46
10 86
7 80
2 68
5 100
1 86
10 73
8 29
8 31
3 95
3 29
4 17
6 19
10 64
7 11
5 99
6 47
4 20
10 3
2 56
6 82
8 5
9 28
4 43
1 42
1 23
2 86
7 28
1 53
5 79
2 74
8 55
3 97
10 33
3 63
9 3
2 69
10 12
7 64
4 76
5 16
2 67
10 8
10 51
7 66
10 52
6 36
10 98
1 24
9 58
8 61
8 23
6 47
9 12
3 61
3 68
7 33
6 69
5 80
9 53
2 56
9 31
8 32
1 31
5 44
3 50
9 11
9 17
9 38
4 15
1 50
8 98
6 85
7 19
9 93
6 23
7 34
5 84
6 95
9 36
9 89
5 52
6 24
9 56
6 19
3 3
4 71
2 59
1 79
8 19
8 79
3 53
10 3
2 87
5 84
3 85
6 34
4 86
7 89
9 37
1 38
2 47
8 68
9 6
1 93
4 64
5 91
6 42
9 45
7 8
1 39
2 72
1 81
8 11
1 81
5 23
8 99
2 43
4 78
6 56
9 89
3 78
1 60
7 47
5 34
3 72
3 33
3 83
3 40
1 16
2 76
8 32
8 90
10 47
10 77
6 1
9 13
7 86
4 23
7 96
4 19
7 46
7 45
6 98
1 5
7 87
3 51
6 98
6 26
4 27
3 72
9 9
6 27
7 74
9 31
10 40
3 61
8 46
2 40
1 99
10 94
1 14
8 73
5 9
9 61
2 24
7 35
7 27
2 88
7 84
2 53
7 88
8 62
3 12
6 57
3 80
1 36
6 51
2 91
10 59
6 77
3 12
2 35
6 32
1 4
5 23
10 36
7 24
10 7
6 68
1 60
9 41
7 47
2 84
3 100
8 61
6 64
8 73
8 83
2 39
10 43
10 66
9 56
2 83
9 60
5 22
5 2
9 72
3 71
1 92
4 69
6 90
8 84
9 42
9 51
1 49
9 69
3 64
6 46
5 2
8 56
5 79
6 34
7 58
1 20
5 71
2 89
6 32
10 46
6 35
9 12
2 46
2 18
4 18
5 13
3 48
8 41
9 89
6 53
6 46
4 54
1 10
5 80
8 12
6 55
7 12
8 5
1 61
8 22
1 57
6 5
6 26
10 42
7 90
1 82
3 78
8 33
4 99
4 35
7 38
7 89
1 30
4 27
7 51
8 57
9 18
1 99
8 80
1 50
9 57
1 73
4 23
4 92
8 84
8 97
8 53
3 69
3 67
3 81
3 72
3 86
5 32
8 30
10 46
4 39
1 30
8 23
6 89
8 97
2 16
1 86
4 14
7 42
9 97
5 24
9 60
4 3
1 38
7 71
2 31
6 31
8 18
2 95
8 75
5 70
2 11
3 71
5 100
3 74
5 79
4 63
10 86
2 38
9 10
6 33
7 68
8 47
3 59
10 54
4 62
3 53
6 5
10 68
5 8
10 48
9 53
6 34
6 2
2 28
4 88
5 5
8 52
3 27
8 19
10 51
10 33
5 84
5 78
4 99
7 2
4 8
10 87
6 66
9 46
6 10
6 38
2 6
9 21
2 11
1 1
1 86
7 98
9 48
3 6
10 31
7 98
6 37
3 5
10 86
1 72
6 2
7 74
3 28
1 92
4 47
5 72
3 72
6 22
10 29
1 86
1 1
8 99
9 60
10 92
5 30
10 12
7 41
10 30
10 60
8 4
9 67
6 31
9 100
5 32
5 51
5 1
1 7
7 66
4 38
9 35
10 59
2 64
9 83
5 28
2 81
7 71
8 79
2 15
7 35
5 82
3 70
5 99
1 61
6 86
8 25
7 65
7 5
10 34
8 59
2 75
9 88
5 30
1 39
7 21
4 56
10 57
7 38
2 12
5 97
2 36
8 94
3 92
5 79
3 86
9 19
3 51
6 8
8 56
5 30
5 2
7 59
1 32
2 38
3 32
2 34
1 32
7 45
1 80
1 21
8 38
8 58
10 52
6 29
4 30
10 18
6 16
2 77
7 97
7 100
8 3
8 41
4 81
6 50
5 43
5 51
1 92
6 75
7 51
3 64
4 4
3 77
4 93
9 5
6 77
10 34
1 38
2 4
6 12
10 29
3 38
7 62
4 88
10 44
9 66
2 52
3 81
7 32
2 52
2 84
9 51
5 54
3 15
8 71
5 77
3 98
8 90
5 70
4 92
3 43
10 15
10 22
7 58
5 23
9 69
5 53
10 29
3 58
4 12
8 28
3 4
6 76
5 82
9 1
9 89
8 49
4 45
3 1
7 47
4 43
4 45
2 1
5 52
10 7
7 96
10 66
3 88
3 81
4 9
1 86
10 70
4 98
8 32
10 97
4 84
1 30
10 50
9 35
1 47
8 65
6 11
10 62
4 89
7 63
7 90
9 94
6 77
10 51
10 88
2 51
8 16
7 49
6 46
8 63
1 35
2 60
9 38
2 86
4 49
8 64
1 82
8 79
3 35
9 42
8 30
6 90
5 71
7 35
10 24
3 78
9 84
10 44
3 23
10 22
2 30
9 54
9 10
7 53
10 48
8 7
6 36
7 31
4 63
10 2
4 8
3 55
6 69
9 97
9 100
6 97
6 68
2 66
1 55
6 71
3 87
8 72
4 76
3 89
8 2
5 25
9 94
3 66
5 7
2 91
3 68
2 47
7 49
10 52
3 95
6 9
3 21
8 52
6 9
6 97
5 28
1 91
10 2
5 92
2 46
8 98
9 22
10 73
4 91
1 64
7 60
6 3
8 61
9 10
10 91
10 21
6 87
1 22
7 44
8 61
8 61
10 1
6 93
6 86
3 70
4 34
8 97
2 6
9 92
10 100
8 98
4 36
1 5
6 72
2 73
6 75
9 33
3 66
6 18
6 2
9 28
2 82
9 90
1 30
1 66
7 40
2 70
3 43
3 90
8 26
6 100
9 81
1 62
4 35
1 46
5 74
2 35
2 92
6 36
3 98
10 75
5 84
10 16
5 64
3 71
10 40
5 77
7 56
10 7
2 65
4 62
5 61
2 39
1 83
7 41
2 82
9 46
3 66
8 78
1 19
3 4
6 91
3 12
9 50
6 93
6 24
2 96
7 52
6 61
6 21
7 15
8 55
2 24
8 15
9 74
9 59
4 21
10 85
5 49
5 58
9 68
5 68
5 6
4 58
9 37
8 36
8 21
5 16
9 52
8 19
1 91
8 24
4 97
7 18
4 12
10 13
6 71
10 9
7 83
2 24
6 87
3 50
6 58
5 97
5 55
6 6
4 57
2 27
1 21
3 20
2 86
10 82
8 87
4 75
5 48
4 12
7 2
8 69
9 65
6 23
3 25
10 44
1 17
10 59
10 61
2 86
7 57
5 94
2 68
10 38
1 11
1 37
6 3
5 58
5 19
2 73
8 1
7 57
9 77
8 52
10 4
5 32
2 31
9 92
2 17
2 78
1 17
3 33
10 6
5 17
4 13
7 36
10 45
8 36
2 15
4 27
7 31
1 1
3 11
2 84
6 95
7 58
8 71
10 24
10 70
2 62
4 76
3 63
7 34
2 91
8 13
6 64
2 13
1 22
3 21
9 31
9 9
9 52
5 28
10 26
5 52
3 9
9 58
6 71
8 83
4 40
6 37
10 65
10 63
8 100
8 22
2 96
1 9
1 2
4 72
3 4
3 83
2 78
5 69
2 91
10 22
1 85
2 98
10 37
3 21
7 97
8 16
2 12
2 41
3 62
3 23
1 45
10 72
2 36
10 44
9 63
8 79
10 28
10 24
6 1
10 31
3 86
2 69
3 10
4 17
8 54
1 17
10 6
3 59
7 21
6 32
6 92
2 64
9 18
5 40
4 91
5 88
2 67
3 55
5 95
10 6
7 63
6 15
10 74
6 52
4 99
4 39
1 77
6 27
7 59
2 24
9 67
6 21
9 100
1 68
3 1
10 8
5 1
9 31
1 90
10 74
2 96
6 34
5 11
1 13
2 75
7 70
1 23
9 57
8 17
10 11
3 43
10 31
7 40
1 7
2 45
8 38
8 74
10 62
1 16
10 61
5 90
2 65
9 69
6 57
2 90
5 49
4 74
10 34
6 40
1 50
9 39
8 23
3 26
5 6
1 87
1 56
5 24
8 93
5 25
7 1
9 38
8 40
9 32
7 82
1 81
6 48
3 61
9 42
10 20
10 26
8 66
4 77
4 9
7 38
3 30
9 29
2 39
5 82
2 57
10 62
5 42
7 69
10 22
3 47
8 9
3 46
5 81
4 50
3 96
4 64
4 92
1 84
7 63
9 37
3 92
10 55
