1 86
6 59
9 77
4 9
8 23
5 49
8 73
4 3
10 41
7 82
4 27
6 79
7 86
3 29
1 94
5 50
3 5
1 57
9 15
3 68
3 47
5 28
10 19
3 3
5 51
2 18
3 87
2 93
5 36
1 69
6 85
6 88
7 43
5 52
7 34
9 18
1 67
1 21
5 60
8 88
6 86
2 21
9 43
4 89
1 55
5 84
10 77
4 50
9 20
4 24
9 83
9 20
7 39
2 65
7 7
6 74
8 98
6 99
1 30
2 70
2 36
5 13
7 37
8 73
7 24
3 1
6 89
9 93
7 34
2 34
6 61
5 89
10 99
8 52
4 92
6 97
8 95
1 69
3 25
10 40
10 79
5 23
8 33
1 55
7 66
1 78
4 33
7 92
6 17
4 57
2 62
3 65
7 100
8 45
9 10
3 41
9 36
6 19
8 14
3 23
2 53
9 56
1 99
6 4
9 11
3 77
9 47
10 76
2 71
3 82
7 31
10 97
7 21
4 32
2 80
9 64
1 85
2 72
7 8
6 9
9 67
2 43
3 43
7 39
5 76
6 83
2 68
5 35
9 96
4 82
4 100
9 8
4 28
6 55
4 91
3 58
3 27
1 73
10 99
3 77
5 91
3 47
10 2
7 32
8 91
4 81
6 61
10 56
9 35
8 79
5 41
8 40
1 89
8 62
6 59
4 72
3 24
5 12
5 77
8 8
5 40
2 65
2 47
7 56
3 39
8 42
6 49
8 18
10 19
2 43
9 69
3 5
1 22
2 98
3 43
7 74
10 84
3 94
9 35
3 71
9 86
4 78
6 7
3 14
3 22
7 94
6 52
5 35
1 19
8 11
9 95
1 55
1 99
6 13
7 41
10 73
6 45
2 29
7 8
1 21
7 6
2 1
10 89
8 72
6 13
6 68
9 86
9 51
9 9
5 32
9 19
8 68
6 15
5 98
10 19
2 70
6 35
7 74
7 86
8 1
2 62
1 66
6 10
8 53
8 98
2 65
3 16
4 98
4 18
4 10
1 57
10 7
8 17
4 7
6 90
10 93
1 40
5 12
3 86
8 6
4 6
8 47
7 89
7 28
6 17
5 11
3 29
3 85
7 48
8 51
6 30
3 2
8 92
2 74
2 11
7 26
10 5
7 94
10 52
7 65
3 75
1 79
7 84
4 19
5 7
4 35
9 65
7 17
10 2
3 24
4 48
5 48
10 30
8 3
8 61
4 54
3 26
4 100
5 64
4 50
9 100
6 85
6 72
1 9
3 18
6 98
2 78
9 61
3 39
5 48
4 70
1 7
9 72
6 32
5 36
5 70
2 97
10 62
9 22
2 3
4 36
6 21
4 84
9 45
10 54
8 3
9 70
5 8
7 39
10 78
5 9
1 63
7 96
3 27
4 88
4 67
1 75
5 27
6 42
10 51
10 61
8 74
9 50
8 4
1 17
9 30
7 89
7 56
7 51
1 31
3 20
9 16
7 45
1 2
2 57
7 44
4 22
4 43
1 56
3 31
4 7
1 41
1 16
2 34
9 91
3 98
8 37
8 51
9 25
1 17
4 100
6 79
9 2
10 89
2 52
5 3
5 45
2 61
7 33
5 8
9 48
7 8
9 16
4 36
2 90
8 48
9 36
7 46
6 21
4 9
2 81
4 2
1 95
7 8
10 8
10 7
6 26
5 93
4 87
7 22
10 69
10 71
6 52
9 39
2 31
9 17
5 51
6 40
1 5
6 81
5 66
5 75
8 89
8 18
7 6
10 74
4 31
3 51
9 40
7 50
2 68
5 47
5 42
4 47
3 94
1 88
6 22
7 35
1 25
1 34
2 60
8 16
3 46
2 2
3 29
1 96
1 52
10 85
8 3
9 45
7 4
1 1
8 53
5 52
10 38
6 72
7 97
9 55
10 51
9 98
3 86
4 1
8 58
9 49
1 62
7 54
4 58
9 64
6 85
3 30
1 12
5 46
8 61
3 12
1 18
5 50
5 64
1 29
9 48
1 46
9 90
6 80
5 19
5 53
4 45
9 44
8 58
5 91
9 94
5 71
8 79
2 26
6 54
2 11
10 17
6 92
10 19
5 21
9 32
5 73
9 71
4 11
2 30
4 40
8 57
8 7
2 26
2 58
6 57
9 76
8 60
2 96
5 6
5 21
8 74
1 7
5 71
7 55
6 70
4 55
2 24
8 25
2 30
8 74
5 47
7 79
3 30
10 52
5 14
3 42
3 75
4 11
2 17
10 83
3 79
4 10
5 34
10 9
5 17
8 19
2 43
1 33
2 48
5 66
6 39
7 25
10 20
3 1
2 70
2 40
4 69
7 35
8 60
10 10
6 2
1 11
5 54
9 34
8 76
6 65
7 42
5 73
10 61
4 97
10 98
2 6
2 25
9 96
1 97
1 29
1 72
8 76
5 2
3 90
5 3
6 64
10 31
9 28
7 42
9 95
8 63
2 16
10 65
10 92
1 17
8 90
4 44
7 73
4 67
4 44
8 61
2 10
1 64
7 7
4 15
5 4
1 68
4 43
2 1
1 99
6 49
5 4
6 55
4 46
10 52
9 4
5 73
10 56
6 31
7 98
10 55
1 18
1 14
3 83
3 59
4 70
4 49
8 88
6 35
9 63
1 21
5 20
1 49
8 55
9 64
8 56
2 8
1 91
1 63
8 67
9 86
3 23
3 19
2 13
3 17
1 93
7 19
8 2
7 12
10 68
5 78
6 2
1 96
9 2
5 71
10 68
7 18
3 64
10 22
6 4
5 17
5 6
7 97
2 3
4 17
2 70
8 93
4 95
6 9
1 63
6 64
5 81
3 94
5 20
10 75
4 81
9 63
9 72
5 24
6 86
3 18
6 92
2 82
5 85
6 45
10 99
6 53
5 16
2 79
1 59
8 88
5 32
3 94
1 30
2 74
7 100
1 49
6 76
5 96
7 85
4 45
1 28
9 75
5 94
6 74
5 93
3 8
1 8
9 96
3 92
8 70
2 1
7 16
1 78
10 80
8 6
1 77
10 92
3 20
3 10
6 41
6 2
5 36
9 82
6 64
6 94
9 65
5 32
3 21
1 52
5 97
1 82
10 46
1 77
7 60
8 62
8 69
2 82
6 39
2 57
6 53
5 68
4 94
2 30
2 69
4 95
8 51
9 54
2 77
3 89
3 34
7 87
9 98
8 26
2 22
10 34
5 17
8 99
5 94
4 11
2 24
1 8
5 79
9 29
5 21
5 23
6 50
6 56
8 40
5 85
4 64
3 57
4 62
10 70
5 95
6 30
6 86
9 66
10 32
5 56
8 13
9 12
7 45
4 87
10 55
6 99
7 21
2 2
2 49
1 36
9 100
2 56
8 79
6 57
10 62
5 7
1 25
5 54
10 54
10 17
10 15
8 60
5 42
6 12
2 18
9 43
9 58
2 93
9 6
10 93
5 70
6 58
9 16
5 7
6 41
10 37
7 40
10 8
7 66
9 83
3 49
7 66
10 44
3 40
9 17
5 70
2 56
9 88
8 16
6 45
4 91
2 41
6 69
9 39
3 70
10 85
8 62
7 38
7 91
8 70
3 31
6 17
5 11
6 65
9 79
5 6
10 55
9 78
3 36
8 6
1 81
2 16
4 73
10 9
6 94
7 91
5 35
10 72
3 43
9 11
3 94
10 37
10 22
6 27
9 3
2 43
4 31
1 73
1 26
6 53
5 93
3 6
2 42
3 25
4 69
10 48
3 26
5 82
8 31
5 77
8 31
9 8
10 41
7 47
10 8
3 85
10 93
5 100
7 1
1 71
4 36
3 21
8 33
4 26
2 58
7 76
7 17
6 72
8 10
3 27
5 93
4 32
3 65
3 28
5 94
3 78
3 44
8 61
5 28
4 15
4 60
2 24
9 67
9 11
2 31
8 17
5 72
6 80
7 26
3 12
1 22
2 78
3 66
8 61
1 95
6 59
2 73
2 60
7 86
4 98
8 11
6 92
6 64
1 53
1 39
8 18
6 21
5 52
10 25
2 17
1 38
6 81
3 31
7 24
5 54
4 15
6 34
8 5
1 10
1 25
3 24
1 6
5 31
9 66
6 22
6 40
10 40
7 61
10 85
3 10
8 70
4 80
2 97
1 12
4 94
9 26
8 22
4 17
3 95
5 78
1 76
4 31
7 47
9 91
5 84
6 12
7 68
4 24
1 64
1 28
5 60
7 66
3 37
2 51
5 91
7 7
9 15
3 46
9 61
4 51
3 34
4 98
1 27
2 78
5 81
2 38
9 36
10 15
8 3
4 72
1 14
10 65
4 8
4 76
8 32
5 5
2 82
9 30
3 30
9 45
5 74
1 30
4 78
4 32
8 22
6 23
2 39
6 64
6 30
6 38
2 74
8 82
1 49
1 6
6 79
5 46
5 91
7 3
2 98
3 73
5 22
4 29
4 80
7 72
10 50
5 100
8 45
2 1
8 42
5 10
