2 12
5 67
1 33
6 84
5 74
7 21
9 60
2 91
2 15
8 82
1 29
10 41
9 35
3 77
6 1
5 10
3 58
10 29
8 26
5 9
4 9
5 57
6 78
9 79
6 44
8 83
6 40
10 7
10 12
9 95
9 68
10 84
2 100
6 50
3 54
9 72
10 94
4 73
1 36
2 37
4 65
1 5
10 94
1 56
2 14
5 82
4 70
7 63
2 20
5 22
1 10
9 28
9 25
8 73
1 30
10 30
4 32
3 44
9 8
5 36
8 27
7 8
2 54
2 75
6 100
3 1
8 45
2 98
6 22
6 70
6 57
7 69
7 42
5 12
2 73
4 72
1 100
8 84
7 81
5 63
7 61
1 40
5 51
5 50
4 72
2 18
4 12
3 11
9 48
3 46
4 94
7 88
5 5
9 74
3 62
7 64
6 96
4 82
6 49
10 55
5 89
9 47
9 16
9 76
7 68
1 93
3 5
3 28
3 34
2 58
10 9
8 34
6 47
8 38
2 66
6 50
3 31
2 79
7 100
10 79
3 43
1 41
8 77
4 91
2 59
7 89
2 3
5 40
10 11
9 47
5 50
7 26
1 68
1 68
2 97
7 2
4 81
5 94
3 39
1 14
5 52
1 93
9 51
3 19
4 4
10 54
10 26
10 89
3 58
10 33
10 54
10 78
9 74
5 32
8 90
6 69
3 88
1 32
5 34
4 42
2 65
7 12
8 1
6 73
7 42
7 75
9 23
7 2
9 69
3 16
1 83
5 55
1 17
7 85
2 27
7 43
5 92
6 38
1 56
3 90
6 32
7 72
7 29
1 80
7 80
3 68
4 92
6 57
10 41
3 52
8 74
10 4
5 28
2 54
7 22
2 41
2 60
5 6
10 47
3 25
10 22
1 70
9 8
1 6
5 86
9 37
1 84
2 65
6 52
8 54
8 64
3 82
4 38
7 91
6 17
5 4
5 50
7 21
6 9
6 87
3 10
6 36
9 64
5 87
10 30
2 1
8 93
3 37
2 22
5 9
1 16
6 98
9 25
7 53
7 19
1 68
1 18
5 22
2 95
6 74
6 96
6 91
1 73
1 45
9 87
1 55
9 79
4 31
5 80
6 34
8 82
10 25
10 67
10 65
9 24
2 62
10 55
7 68
3 29
6 7
7 3
6 89
9 99
5 86
8 57
8 64
1 35
5 13
1 7
5 63
10 27
7 22
8 71
7 33
7 24
3 74
9 20
9 56
1 7
9 88
9 1
1 96
6 34
1 73
9 87
5 63
8 13
2 67
9 72
1 12
6 7
10 79
2 72
10 98
6 68
2 5
2 36
2 65
1 85
2 8
8 74
9 21
7 6
5 84
10 38
6 35
6 77
1 10
9 13
10 45
2 45
4 44
6 74
10 98
1 39
9 43
9 62
7 25
6 24
4 7
2 5
1 97
10 58
6 75
7 88
5 100
2 98
10 94
5 63
5 21
8 13
7 22
8 74
3 48
7 77
8 77
6 57
5 90
9 95
6 69
3 93
5 31
4 52
3 23
8 38
1 93
7 13
2 29
10 49
7 100
4 25
4 93
9 34
1 22
7 15
9 24
4 48
1 42
8 30
4 14
9 89
6 39
10 3
8 39
9 57
2 43
9 83
1 89
2 31
4 66
9 15
4 6
3 29
3 25
8 69
5 16
3 31
1 77
10 73
4 52
10 4
5 80
3 15
7 14
6 94
3 16
5 38
5 5
9 52
8 45
10 100
8 89
3 63
5 29
5 98
7 18
10 100
10 95
5 54
6 75
8 81
7 46
9 56
7 18
2 69
10 16
2 55
3 80
4 10
4 66
10 39
1 15
4 99
5 60
1 7
2 49
10 9
10 31
7 34
7 76
7 24
1 100
4 11
5 34
5 5
2 59
6 62
1 92
2 2
4 7
9 6
3 4
3 11
5 3
5 31
5 72
4 52
6 100
6 67
9 18
3 2
4 7
1 11
4 64
8 97
4 69
10 40
1 19
3 45
8 22
3 8
2 2
8 7
2 28
10 48
6 26
1 6
6 63
3 72
6 60
1 88
10 4
1 64
5 39
3 48
5 48
5 8
6 97
3 27
3 68
6 81
3 52
8 49
6 84
2 64
7 28
6 35
6 34
6 51
9 72
7 92
7 14
3 3
2 54
2 69
7 4
4 82
10 92
9 35
4 51
6 48
4 47
5 21
3 50
4 80
6 62
8 93
5 94
5 2
6 85
9 90
7 61
7 92
9 27
5 72
6 98
8 90
4 46
2 76
1 44
10 60
9 8
9 74
3 98
5 80
2 53
5 4
7 46
5 46
2 65
1 19
6 3
5 26
3 77
6 87
8 68
10 78
6 66
9 29
1 77
1 26
6 99
2 20
1 47
3 17
6 18
8 6
9 49
3 71
10 39
6 13
5 47
7 2
8 90
8 69
2 83
5 95
5 15
1 66
8 8
7 20
8 1
5 11
1 52
2 5
7 13
7 35
6 87
1 5
7 62
8 5
8 32
5 95
8 56
1 93
3 37
10 59
7 7
4 92
2 97
8 93
2 7
3 54
10 26
6 66
7 94
2 42
5 13
2 27
2 3
9 59
6 98
10 27
1 99
8 55
4 94
8 14
1 44
3 32
7 87
5 94
10 96
9 61
10 4
6 51
10 60
4 55
7 39
1 95
4 46
1 65
8 53
10 44
10 73
1 90
7 26
6 79
8 50
2 24
4 95
8 49
4 50
3 88
7 97
9 56
8 100
4 78
5 61
5 60
9 61
6 28
7 19
4 44
9 36
4 40
1 49
8 95
1 6
5 92
3 55
2 61
9 89
3 86
5 86
9 61
10 70
4 10
10 7
9 19
10 4
5 93
5 38
5 85
3 91
10 17
7 1
4 71
3 36
3 81
9 44
1 84
9 13
6 88
2 76
5 8
10 7
9 43
7 6
1 90
5 91
6 44
1 55
3 65
1 9
1 15
1 75
7 44
6 93
1 57
5 96
8 91
10 100
3 66
3 57
6 86
6 59
10 5
7 5
7 7
7 90
8 52
7 95
9 90
10 60
10 83
8 38
8 49
2 1
3 5
3 84
2 70
2 94
6 48
8 100
8 98
10 61
3 96
2 97
3 25
3 67
2 96
5 10
9 2
10 59
10 6
1 45
6 81
10 86
10 33
5 38
10 21
3 83
5 30
2 84
1 53
10 2
10 98
5 68
7 97
2 94
6 83
5 62
5 56
8 64
1 60
10 89
9 64
10 27
3 68
2 4
3 15
10 80
7 55
4 92
7 14
1 81
6 90
8 42
6 74
7 84
5 21
5 12
9 96
8 6
6 4
4 9
5 46
7 6
8 40
6 34
9 29
2 73
6 5
1 89
6 47
8 65
5 96
2 67
4 32
10 48
3 19
8 23
9 7
7 19
10 22
6 99
4 96
6 57
3 41
9 28
1 56
4 64
2 24
10 22
5 69
8 80
1 46
1 34
9 13
9 16
5 31
5 30
4 68
1 43
10 35
9 17
5 68
6 44
3 15
4 33
4 82
6 99
3 83
2 31
5 24
10 73
5 52
7 71
4 55
5 96
4 69
7 82
2 99
8 90
9 75
10 49
10 68
9 61
1 71
3 84
4 21
9 6
3 32
2 62
8 20
6 63
1 96
7 29
7 26
4 62
3 90
10 76
9 78
3 93
8 10
10 67
6 59
4 10
3 49
1 39
7 56
10 10
5 27
6 44
3 33
2 39
4 62
1 4
10 8
7 80
8 19
2 51
4 10
5 49
3 66
6 10
8 98
9 78
3 56
4 42
6 39
5 22
7 64
10 72
9 91
6 86
10 32
9 24
10 11
1 93
3 94
1 16
7 78
6 58
2 38
5 39
9 100
3 59
1 36
9 20
8 10
10 74
6 80
6 59
3 70
9 60
6 27
5 36
9 1
6 100
4 80
6 8
4 60
5 30
5 98
6 29
5 2
6 93
5 22
10 54
1 78
5 31
2 47
5 94
7 70
7 69
9 16
5 31
9 80
3 62
6 22
1 77
8 18
2 39
4 96
8 47
9 15
3 45
1 4
1 10
1 94
9 88
10 92
10 90
7 36
6 99
9 51
3 58
7 54
1 35
10 80
2 72
10 25
7 79
2 56
7 92
1 20
1 7
6 10
4 60
6 67
5 59
5 95
1 50
6 31
8 50
6 15
10 63
2 33
3 1
4 84
10 48
5 21
2 71
8 100
10 1
3 61
6 84
8 53
3 55
3 12
3 23
1 58
6 91
9 67
3 6
10 80
1 43
1 44
1 63
6 19
9 69
4 98
4 31
5 24
3 32
8 70
2 36
2 19
2 81
9 42
6 99
7 48
9 71
10 13
10 52
9 31
6 48
7 3
9 63
6 5
6 98
3 56
8 27
8 83
7 99
2 90
9 76
2 80
3 10
9 69
5 6
9 52
2 79
8 76
2 33
8 13
3 43
8 18
8 68
