3 31
4 99
8 84
10 67
9 55
2 35
4 69
6 10
10 76
8 86
4 19
1 81
3 55
4 67
1 90
6 33
5 80
6 28
4 82
4 79
8 67
7 95
2 77
10 3
7 40
8 57
7 60
10 45
6 80
3 31
6 80
5 71
7 75
2 33
4 82
2 35
4 10
3 25
9 89
1 40
1 20
6 47
5 28
10 54
1 79
3 92
10 2
7 44
10 18
3 36
2 55
2 75
6 77
5 18
5 22
4 50
1 50
6 36
2 87
5 9
4 60
10 49
5 100
9 56
5 91
9 81
4 30
8 79
6 17
9 28
2 46
8 61
2 56
2 28
10 38
8 34
4 46
10 66
10 23
3 18
1 91
6 54
10 94
10 14
8 96
3 13
2 45
10 84
10 87
10 32
5 72
4 41
1 19
4 96
1 46
7 67
7 78
10 24
4 31
1 49
9 63
4 28
6 98
5 84
5 15
8 46
8 34
7 21
3 93
8 81
9 10
10 27
5 16
4 48
2 90
5 3
8 5
5 5
4 33
8 72
4 12
2 56
4 99
4 55
1 30
4 43
3 38
2 77
6 53
4 85
6 66
1 73
2 56
6 88
1 70
4 69
4 10
5 9
9 23
7 74
2 12
9 49
7 66
10 14
8 5
6 79
3 84
8 55
3 83
1 10
10 43
5 59
2 73
1 73
8 11
8 15
7 80
5 19
10 67
5 58
6 44
10 62
3 31
8 24
2 33
4 69
9 65
2 30
7 56
4 24
1 38
1 26
1 30
6 17
1 12
3 28
6 65
10 10
7 11
7 66
2 64
6 99
2 22
8 53
3 41
9 7
3 61
2 38
8 2
6 63
8 45
3 37
7 58
4 84
10 81
8 70
10 34
4 35
7 61
7 92
8 42
4 16
4 11
5 72
8 92
7 53
3 99
5 25
2 37
1 2
6 56
6 75
4 17
4 25
2 51
5 65
7 89
5 21
1 48
3 92
6 67
7 40
2 54
4 43
10 8
5 22
10 9
9 71
9 27
10 1
3 43
9 66
1 88
6 9
6 41
9 53
4 29
1 7
9 53
7 40
6 9
10 95
9 31
10 7
1 37
4 67
8 97
10 16
5 8
1 100
5 85
9 88
4 49
9 74
4 12
8 48
1 9
5 13
9 50
4 2
9 79
1 20
5 26
3 90
9 93
6 2
2 41
9 81
7 98
3 49
9 71
5 58
6 32
8 64
8 39
5 17
4 57
8 27
8 78
8 5
10 95
4 87
3 16
9 8
3 37
10 88
3 59
5 71
8 22
5 97
2 41
7 28
2 91
1 95
4 7
1 73
10 50
7 96
6 42
7 40
9 31
4 63
7 36
7 58
2 7
5 50
3 93
5 2
5 8
9 42
6 83
5 45
6 54
9 63
7 48
3 13
1 78
3 59
1 49
9 12
7 31
3 65
3 54
10 44
6 42
8 95
2 22
5 58
10 39
9 34
4 9
2 77
1 3
5 31
10 82
10 13
6 89
3 33
6 44
2 26
1 52
8 67
9 75
9 44
7 57
1 100
5 62
4 50
6 58
4 38
1 100
1 25
10 55
9 86
5 24
4 87
4 61
10 96
10 70
1 50
8 7
1 57
2 74
2 48
4 59
10 18
4 94
6 55
2 84
8 76
7 86
6 96
4 70
4 12
1 32
8 25
2 19
2 53
6 5
1 84
9 70
8 79
10 68
5 64
8 7
5 7
8 8
6 96
9 36
1 65
5 40
9 5
6 35
3 61
3 12
9 26
10 98
6 47
1 43
7 7
3 25
4 84
5 96
10 25
2 21
9 41
4 15
6 81
9 40
6 15
8 31
7 34
2 85
8 75
1 74
7 50
9 30
9 69
6 90
7 41
9 62
10 83
10 60
4 66
2 50
7 41
9 64
10 63
3 78
8 64
4 58
1 66
7 15
1 72
8 21
6 32
7 7
4 92
3 51
2 68
10 98
9 10
9 65
10 74
7 28
9 29
8 50
4 90
9 78
2 32
7 21
10 16
4 80
3 46
5 9
4 42
8 61
9 66
2 94
9 31
9 28
4 86
7 50
2 64
2 12
8 93
8 47
10 14
1 52
10 46
8 61
7 37
8 14
5 29
5 26
4 97
5 79
1 99
3 87
3 1
3 28
10 8
5 86
2 49
3 45
10 73
10 32
7 21
1 48
3 91
5 13
6 13
7 79
3 32
4 89
7 72
3 88
1 91
6 98
1 39
9 46
6 26
5 73
8 49
1 79
2 61
6 64
3 38
10 21
6 49
6 10
6 18
7 39
3 20
9 76
5 57
4 46
6 73
7 28
2 62
5 23
4 21
10 82
7 58
6 93
8 99
7 8
4 91
10 16
6 49
4 96
7 35
5 99
3 38
6 30
5 36
3 91
5 85
3 92
5 66
4 79
2 81
3 11
7 2
7 81
9 100
5 84
6 84
9 91
3 33
8 42
7 42
10 36
8 44
9 5
2 57
4 78
4 83
2 26
7 80
9 36
2 12
10 75
8 9
9 3
4 95
7 73
1 85
2 47
2 86
8 25
4 89
1 80
7 85
8 29
8 5
9 79
9 41
5 94
4 41
8 7
3 10
6 30
10 72
6 30
5 60
4 1
4 71
1 40
2 7
4 1
5 68
10 60
5 16
8 15
8 13
1 71
1 88
1 21
4 32
8 70
9 76
6 20
5 6
7 65
2 69
10 17
4 6
7 12
5 99
7 57
6 57
3 51
4 40
1 71
9 65
3 11
10 44
5 34
1 72
4 65
6 76
5 34
4 11
4 83
1 32
6 41
2 37
4 75
2 78
7 39
1 71
8 69
5 74
3 40
9 94
9 90
7 82
8 59
10 10
10 81
1 26
8 54
6 52
5 31
8 54
1 58
4 81
8 16
5 12
1 46
1 59
5 57
3 93
3 56
6 76
3 50
8 29
3 69
6 42
6 43
10 97
8 83
2 60
2 88
6 9
3 27
7 89
9 46
4 56
9 42
10 5
10 37
4 5
6 49
9 5
6 94
5 25
7 91
4 15
5 29
6 98
2 23
9 25
6 41
2 23
9 48
5 76
9 44
8 82
3 86
8 43
7 38
7 56
8 96
6 15
8 46
8 25
4 34
5 94
9 94
5 62
5 58
6 82
7 17
4 57
1 21
3 9
6 21
6 97
9 33
5 24
10 61
3 87
8 49
3 33
7 25
3 34
9 13
9 31
1 82
4 16
10 77
6 62
10 80
7 40
6 83
10 97
8 60
5 57
4 76
8 34
10 58
2 26
3 5
5 74
4 9
5 89
4 95
3 67
10 48
4 53
1 32
3 88
6 48
6 82
2 46
9 16
9 76
3 45
7 13
3 68
1 72
10 87
7 22
6 72
3 43
4 72
2 72
9 18
3 9
10 62
10 35
4 44
6 81
2 13
5 53
7 45
7 45
1 34
4 54
5 8
2 70
10 30
5 66
2 6
7 52
4 57
6 55
1 38
2 59
9 37
3 9
7 64
5 85
6 98
4 96
1 92
10 49
6 86
10 26
3 10
3 79
1 71
6 91
10 93
5 52
1 17
2 78
4 2
2 8
10 35
7 40
9 24
2 48
8 7
7 65
1 87
1 31
3 1
10 95
5 58
6 90
6 30
1 40
9 30
7 94
5 14
1 48
7 55
5 54
2 83
1 22
2 4
2 7
8 41
2 98
10 45
5 78
4 62
4 6
10 70
5 94
5 90
5 90
3 2
10 45
9 1
1 42
2 70
9 21
5 37
8 84
10 9
5 48
6 11
6 32
2 63
5 14
1 47
2 26
1 69
6 55
7 6
9 84
6 77
7 4
8 36
2 38
5 23
6 96
1 80
2 63
8 72
2 93
10 17
6 11
1 31
6 38
10 68
10 4
5 48
6 79
1 46
6 55
8 55
3 6
2 45
2 42
4 59
7 66
8 92
2 77
3 61
3 4
4 81
8 43
3 56
6 64
10 4
2 23
4 28
3 58
6 74
3 45
4 77
10 75
7 80
5 1
2 75
1 42
9 79
3 84
3 97
8 41
1 24
3 59
3 83
7 12
5 19
5 1
9 45
4 98
8 46
7 46
8 72
9 93
1 20
2 51
7 82
9 15
10 27
5 30
4 32
6 23
1 33
6 53
8 53
9 96
6 84
1 36
8 93
9 51
9 3
9 41
10 84
7 87
7 6
5 17
8 90
5 97
6 86
8 34
3 18
3 65
6 60
5 4
7 18
5 85
1 37
1 2
1 99
8 63
6 88
1 23
1 30
1 72
2 12
9 79
7 47
3 61
3 9
10 25
5 86
2 27
5 52
10 20
8 74
5 24
3 65
6 77
1 48
4 86
2 34
5 80
5 46
1 32
2 43
2 24
7 62
10 36
8 17
8 78
5 90
9 2
6 25
4 62
5 51
9 69
8 72
2 62
3 16
1 62
3 38
8 16
1 53
5 70
1 37
3 65
1 58
