2 70
1 94
4 94
10 40
2 30
9 64
1 11
8 29
3 8
3 88
6 14
10 88
4 82
2 6
5 5
7 94
5 26
4 13
9 64
2 13
2 78
10 15
6 94
3 92
9 70
9 36
4 86
7 44
10 94
9 18
7 39
1 6
4 99
6 15
8 46
7 61
2 12
4 19
1 9
10 66
7 43
6 61
2 75
4 79
5 87
4 91
9 48
4 98
1 16
6 53
1 63
9 9
6 84
1 55
3 88
10 90
7 38
5 88
6 85
9 86
7 91
2 15
9 59
8 44
6 51
6 17
6 44
1 68
10 90
9 92
3 79
10 93
2 25
2 75
1 29
2 85
5 12
6 45
5 36
10 9
4 94
2 4
8 24
10 28
9 26
8 96
5 55
2 55
5 14
7 76
9 86
4 67
4 48
6 9
7 88
1 96
5 99
7 35
1 55
6 90
2 24
8 45
9 100
7 83
3 79
9 57
3 21
7 29
7 84
6 87
7 98
2 11
9 60
1 13
8 10
3 69
10 32
10 49
1 32
10 42
6 74
6 36
6 1
8 31
1 72
4 35
5 10
4 35
7 54
9 10
9 52
6 94
5 97
2 34
3 30
3 60
8 40
1 32
4 82
1 16
9 96
1 94
1 85
3 19
1 70
3 26
6 94
8 5
8 77
6 39
10 83
6 68
6 85
3 34
1 29
4 9
8 88
8 46
6 50
8 72
6 6
3 81
5 87
1 33
3 78
7 5
3 89
6 7
1 73
10 20
9 46
3 42
1 44
7 85
3 30
7 30
2 98
2 28
6 11
6 91
5 85
3 86
4 44
10 52
3 84
2 19
8 23
5 90
1 28
1 58
8 60
9 28
8 20
4 45
7 19
6 43
8 10
10 28
8 15
2 84
6 22
5 16
5 70
6 42
1 76
6 21
6 45
7 83
10 67
10 22
8 79
1 60
7 90
6 81
4 2
1 11
1 70
4 22
3 71
10 30
2 31
8 34
6 48
1 91
5 3
5 86
9 21
7 3
7 51
9 39
10 97
6 25
1 2
4 25
2 21
5 53
1 3
4 58
4 53
10 87
4 95
5 49
7 67
3 4
3 13
5 41
7 37
9 33
9 25
5 37
8 44
4 88
7 30
10 83
7 89
4 60
8 73
8 47
2 93
8 74
4 82
1 7
7 14
6 68
1 78
5 23
7 89
4 67
4 25
7 23
3 11
3 2
4 51
10 37
9 98
10 90
3 57
5 70
8 19
6 5
8 30
3 81
4 51
4 89
1 96
1 41
8 88
1 24
3 50
10 89
2 14
4 23
3 38
7 24
3 52
6 25
6 74
5 49
5 30
4 71
10 63
2 89
4 63
2 43
6 71
9 41
8 46
2 23
7 48
9 79
8 62
10 92
8 96
7 65
3 7
6 69
5 22
5 59
10 56
8 79
4 8
3 96
3 5
2 80
8 69
2 69
8 100
7 50
10 41
7 55
6 65
9 82
5 9
1 80
8 96
4 47
4 90
10 78
8 3
8 38
5 59
1 76
9 58
6 2
5 65
7 74
3 17
2 99
10 92
6 10
9 98
3 36
9 32
5 43
4 5
4 2
7 7
2 19
1 9
5 69
10 28
2 71
10 42
10 3
4 83
6 23
5 11
2 82
6 88
2 84
5 59
10 36
4 77
4 71
2 56
8 98
4 69
3 12
7 69
9 32
2 21
4 42
3 18
1 64
1 49
9 39
2 87
4 52
9 61
7 30
8 56
10 30
6 78
3 75
8 65
1 92
1 64
8 19
9 55
10 51
7 95
5 22
2 95
8 45
10 51
3 14
2 68
4 17
9 97
5 6
9 38
9 87
10 18
9 70
10 83
5 70
10 5
9 19
1 91
8 28
10 43
9 33
4 25
10 18
8 76
7 87
2 29
8 38
10 21
7 31
8 21
9 31
6 57
7 72
9 82
7 88
9 85
9 49
3 26
6 26
10 89
1 29
9 65
2 21
8 99
2 47
9 50
5 68
6 81
9 1
7 88
3 23
6 45
6 33
1 51
9 65
8 22
6 17
6 70
7 4
7 5
9 72
7 5
10 37
4 18
6 68
4 2
3 70
1 10
5 29
6 5
6 58
9 73
6 29
5 77
10 94
3 63
7 40
1 54
3 31
6 36
10 66
2 99
4 84
2 86
9 82
1 75
7 86
8 51
1 70
4 38
2 32
1 77
10 66
5 22
4 50
9 71
8 92
7 76
10 15
8 3
3 70
8 13
7 89
1 24
10 69
8 44
7 5
3 39
6 14
6 68
5 94
2 51
4 85
5 92
3 96
1 78
2 3
6 8
1 34
9 80
3 37
1 3
6 6
8 65
6 24
4 97
8 50
6 52
4 52
7 99
6 26
5 84
4 68
6 92
7 10
8 99
8 46
10 19
6 47
10 38
8 41
4 52
4 67
4 54
3 20
5 58
10 2
10 83
1 41
4 20
2 49
1 4
5 68
7 13
7 87
8 52
7 19
4 1
10 16
9 13
2 58
4 52
9 16
10 56
5 62
5 72
4 18
8 53
4 91
1 73
1 59
8 25
3 56
2 97
5 78
8 20
5 83
4 46
6 28
6 3
8 7
4 24
9 86
6 17
5 32
8 33
5 51
5 87
8 87
6 28
9 41
8 61
4 4
6 19
10 69
10 84
4 33
3 49
5 69
10 51
5 21
7 24
8 3
3 88
5 96
2 56
6 4
10 90
6 59
8 11
9 79
4 26
3 58
10 87
10 94
3 40
4 20
7 63
4 42
1 77
4 79
8 39
7 53
10 40
5 82
6 51
3 52
3 3
4 40
9 76
6 94
10 65
10 68
2 72
6 44
8 42
6 76
6 93
7 33
1 44
10 40
10 74
5 70
6 34
5 66
8 91
10 65
6 60
8 33
6 63
1 91
5 27
6 40
10 73
1 51
1 96
7 45
6 81
10 17
2 78
2 92
10 57
3 22
6 58
6 43
5 67
9 65
5 24
5 1
8 11
1 29
5 81
4 18
6 95
10 15
5 12
8 14
2 24
3 94
3 79
8 11
3 36
10 42
1 17
10 85
3 72
1 11
1 87
6 33
8 56
6 70
6 85
5 13
8 56
6 80
4 55
4 99
4 71
9 100
8 66
10 23
8 11
2 63
8 29
6 52
6 5
7 83
8 51
7 3
5 68
2 98
4 37
10 81
4 35
1 53
3 98
1 99
3 48
1 43
7 73
6 65
6 13
5 49
8 91
1 86
2 76
5 85
4 51
6 72
7 44
2 81
1 75
9 69
5 96
6 64
5 54
6 82
8 5
10 1
8 73
4 17
5 92
5 48
9 36
2 28
7 27
1 86
4 15
6 94
2 59
3 9
8 3
7 90
8 12
1 82
10 21
7 92
7 97
9 13
8 15
1 13
5 87
5 14
5 16
4 40
3 23
9 11
8 78
5 78
3 31
7 38
5 99
3 7
8 95
4 21
3 78
10 15
8 13
6 33
8 12
1 73
4 83
7 30
2 77
2 60
3 16
4 27
10 98
6 30
6 73
4 79
3 63
8 55
2 100
4 73
4 28
1 48
10 4
8 65
3 29
5 14
5 18
7 41
4 72
4 78
8 11
5 5
10 23
4 23
2 20
10 95
5 36
3 29
1 16
8 9
6 59
5 50
5 54
6 58
2 100
1 41
2 38
9 24
5 38
7 25
10 46
5 66
4 40
3 88
7 46
3 86
4 29
10 50
10 39
1 39
10 81
7 45
9 21
8 19
4 52
9 48
10 46
5 72
8 24
1 70
10 35
4 67
1 60
4 53
10 34
10 83
2 16
1 85
3 88
8 68
10 65
6 32
3 94
10 10
8 36
2 69
6 90
6 89
5 64
4 43
6 57
1 100
1 14
5 5
10 48
6 100
2 45
1 17
9 84
1 64
4 16
3 95
7 20
9 51
1 80
6 37
9 71
4 99
2 81
6 49
2 65
6 78
7 52
1 52
5 52
7 57
4 67
2 43
1 60
3 95
4 54
6 81
1 77
5 12
10 6
4 10
7 73
1 51
6 74
4 63
1 89
9 42
3 31
1 1
8 26
4 78
7 73
3 49
6 30
8 98
5 5
7 2
2 2
4 43
4 70
8 44
7 79
5 2
2 94
4 65
8 71
4 91
6 96
6 36
2 23
1 70
10 22
2 67
9 28
5 93
2 98
4 10
7 67
9 23
4 2
10 27
5 43
9 36
8 49
9 58
3 79
5 31
1 84
1 72
3 94
1 58
5 76
2 61
1 52
4 38
8 5
4 51
4 20
8 26
2 6
4 67
7 70
10 78
4 77
5 37
6 72
8 42
4 89
10 25
5 75
3 70
2 68
4 94
9 92
4 41
3 24
2 87
4 53
5 43
6 60
8 34
2 63
4 44
8 73
1 39
5 7
9 81
2 99
2 67
3 15
9 92
7 39
5 46
5 51
7 14
3 44
8 51
4 10
5 93
