3 60
7 52
8 68
4 81
7 34
4 88
5 34
6 33
2 27
7 87
9 49
8 16
8 16
1 91
5 54
1 41
3 68
2 60
5 19
3 93
5 78
10 52
4 96
3 74
2 32
2 39
3 24
9 54
3 72
4 46
9 7
1 54
6 12
6 49
9 7
9 73
2 63
1 51
8 49
5 40
1 43
8 62
7 46
5 17
7 85
10 69
10 25
6 2
6 70
1 11
7 17
10 88
8 67
4 51
7 40
7 39
4 98
5 40
3 72
8 62
5 65
8 60
2 35
10 61
6 12
1 83
3 36
10 56
4 95
4 18
7 82
1 90
4 30
6 6
9 81
10 88
2 35
9 48
9 13
9 98
10 60
5 36
6 48
2 3
8 67
4 67
9 50
10 66
4 35
4 55
8 14
8 85
5 94
6 55
7 11
4 42
5 51
2 9
10 90
7 33
1 15
6 74
7 60
5 91
9 57
7 46
4 26
9 27
9 16
2 67
2 91
6 8
9 73
4 92
8 93
9 64
3 31
10 80
6 33
6 52
6 64
1 77
10 66
10 30
7 23
10 59
8 90
2 13
4 62
6 80
10 66
8 37
7 91
5 79
8 56
6 18
7 80
7 28
7 57
7 79
10 48
10 75
1 2
4 1
3 10
6 38
6 36
1 27
2 90
8 25
7 62
5 89
4 13
1 45
7 63
10 62
2 75
9 87
1 90
6 55
2 37
6 40
4 32
3 8
5 14
9 61
3 54
9 72
2 51
9 45
10 61
6 91
6 68
5 36
2 15
3 76
1 82
1 56
4 93
1 29
9 65
10 63
9 60
4 60
9 77
4 1
8 66
10 61
10 23
8 8
4 40
2 88
3 43
3 28
8 15
9 42
1 13
3 67
5 93
6 92
3 73
7 96
1 62
9 73
5 8
1 93
9 10
3 71
3 6
9 86
4 55
9 78
6 12
1 5
8 52
3 37
2 85
2 74
7 54
1 78
9 39
2 74
3 47
9 12
1 9
9 53
6 36
2 2
7 55
9 74
10 14
10 43
1 35
1 87
6 14
4 74
9 76
4 59
10 26
8 87
5 86
7 85
4 78
7 41
1 67
1 16
1 62
8 90
4 81
7 63
4 92
1 38
8 10
5 40
9 69
8 14
4 22
10 19
2 38
9 48
5 46
3 77
3 88
1 57
7 32
4 3
5 83
9 25
9 43
5 89
4 8
1 75
2 21
5 81
10 12
6 47
4 5
6 24
7 97
9 61
1 68
3 49
10 64
4 21
3 17
10 83
10 91
5 26
3 35
10 73
4 27
4 10
10 51
6 61
1 24
3 85
5 41
5 47
8 13
10 27
7 66
2 17
2 27
8 73
10 60
5 6
6 59
9 56
4 66
7 80
4 70
4 3
10 63
2 8
7 14
4 66
2 16
2 46
10 92
9 62
1 44
7 12
3 28
8 93
6 69
3 70
9 30
3 68
5 54
2 84
2 57
5 87
7 44
7 28
7 16
1 21
9 3
8 71
7 75
8 35
7 91
4 5
6 53
10 27
3 73
9 83
1 41
5 10
9 46
10 23
4 89
5 96
10 12
7 47
7 64
2 92
9 82
10 7
9 41
3 22
7 78
6 50
3 99
1 19
5 58
5 93
1 3
9 33
4 5
8 37
4 13
9 5
7 68
3 75
6 81
3 22
6 12
9 35
10 29
6 97
10 92
7 87
4 81
7 24
2 28
1 91
2 21
1 53
10 51
9 25
1 10
3 18
9 50
4 28
9 11
8 52
7 15
5 6
5 27
6 30
8 71
7 3
6 89
8 89
9 97
10 81
4 75
3 67
10 5
8 40
8 67
1 86
7 9
2 45
10 10
2 27
2 56
9 48
9 63
8 17
1 91
8 99
7 13
6 57
4 13
6 31
9 8
10 65
4 57
9 36
1 97
2 35
9 36
7 2
3 11
8 32
3 5
7 4
4 78
2 79
9 95
5 5
6 87
2 62
3 14
9 99
8 85
1 49
8 63
1 21
10 72
9 63
6 91
10 98
3 53
6 71
4 49
10 94
7 22
3 20
2 22
5 58
10 29
1 78
6 69
10 30
10 2
6 30
5 93
3 47
9 91
7 6
9 55
9 2
2 81
6 88
4 83
6 61
4 25
1 30
10 54
2 83
7 73
2 28
5 22
2 82
7 99
7 63
1 31
6 94
5 39
10 14
5 42
5 61
2 82
1 32
10 42
8 42
3 75
1 70
5 72
4 75
3 98
8 40
5 24
9 1
10 100
7 61
6 23
10 52
1 96
3 21
6 57
4 58
8 73
3 68
10 70
6 87
4 23
3 45
6 34
10 11
9 41
1 94
10 78
4 20
10 21
10 24
1 2
2 27
9 25
4 37
8 87
6 28
3 18
9 92
6 48
4 28
10 49
9 36
4 39
9 44
5 39
5 38
9 51
7 9
1 42
5 98
5 76
6 60
10 48
8 3
1 64
7 20
8 20
10 33
7 26
1 16
9 78
7 55
6 18
7 16
6 13
7 31
8 78
9 41
10 4
1 82
4 36
6 32
3 19
8 47
2 27
5 17
10 73
1 99
7 72
3 53
1 29
7 43
5 43
5 21
7 10
6 51
10 41
9 86
6 5
5 62
8 97
8 37
2 84
4 93
10 82
10 38
10 6
7 87
1 24
2 79
7 31
4 84
10 32
4 56
9 39
2 68
4 26
10 38
7 55
5 2
6 6
10 25
6 81
5 43
1 49
1 63
4 51
8 21
3 3
8 73
7 36
8 35
1 40
7 31
1 20
3 49
2 69
7 57
5 78
2 34
3 90
7 26
2 57
8 88
5 43
7 41
4 53
4 99
4 32
8 52
10 56
2 43
3 31
3 14
10 19
7 29
4 31
2 42
1 37
4 11
6 59
4 16
9 72
10 25
10 43
5 17
10 5
7 60
9 76
7 44
3 62
1 27
4 31
8 97
7 39
9 26
1 81
2 66
7 84
6 13
7 79
4 66
9 98
7 15
10 27
10 48
10 95
2 62
6 76
8 2
6 80
4 26
7 80
4 56
6 95
9 15
8 33
4 27
7 84
6 89
9 2
4 92
9 93
6 39
7 76
2 65
2 80
7 67
3 76
5 68
6 41
10 62
1 61
6 29
2 50
8 50
5 52
3 62
8 80
10 21
6 73
1 94
3 90
1 9
7 68
8 40
7 82
6 27
9 7
8 39
2 93
6 82
9 4
5 13
1 81
1 66
6 9
5 77
9 54
7 47
4 86
5 79
1 55
3 89
10 55
8 88
3 39
1 100
2 71
3 57
10 99
3 71
8 81
4 23
2 52
7 66
1 72
4 73
4 95
1 29
1 60
3 34
3 7
10 32
4 18
8 34
3 23
4 83
9 62
7 22
1 33
3 49
9 35
7 54
2 67
1 27
10 20
5 89
9 79
9 40
9 55
4 89
2 8
5 40
5 66
1 40
6 29
2 62
2 87
2 51
6 26
6 47
9 25
10 63
3 99
6 30
10 79
9 12
7 54
3 47
7 82
2 20
8 3
7 23
8 100
5 30
5 85
4 76
7 33
1 61
2 51
4 38
6 90
6 57
8 86
8 39
7 25
10 18
9 47
4 20
6 90
4 85
5 3
5 35
7 38
9 32
3 52
1 42
4 16
10 55
4 39
1 58
10 5
8 50
6 90
2 14
1 77
4 43
9 88
4 19
6 69
8 43
6 14
8 80
4 49
5 14
5 98
9 77
10 13
6 17
7 19
8 53
6 21
7 56
6 69
10 25
5 58
8 38
10 43
10 76
5 52
1 14
6 94
8 43
2 88
2 37
2 62
6 72
2 90
7 8
2 29
7 93
7 9
2 41
10 49
3 8
3 75
6 35
3 3
4 9
2 92
1 84
9 72
4 29
3 83
1 20
2 65
8 18
3 38
2 76
4 84
8 14
2 29
9 81
5 98
8 95
5 59
2 93
1 40
7 13
9 70
3 54
4 48
6 70
9 1
3 32
2 99
9 74
3 29
7 45
10 50
1 20
7 19
5 44
1 39
10 23
5 57
1 80
10 22
1 50
7 42
9 7
10 78
9 74
6 16
2 6
8 100
1 29
3 30
4 21
4 64
1 37
10 65
7 81
4 100
7 97
8 89
6 95
2 94
3 11
3 51
4 68
9 15
7 46
10 89
10 76
1 52
6 72
5 23
1 73
6 33
7 73
2 77
3 91
6 86
5 72
3 72
8 11
8 3
6 51
7 64
3 94
2 77
6 71
8 81
7 24
8 2
4 10
10 48
1 87
6 11
3 47
3 76
7 31
6 1
4 39
1 35
9 29
7 62
4 91
2 52
2 70
8 14
6 38
2 84
6 19
4 60
2 33
4 87
7 40
5 88
9 74
5 66
5 31
8 76
9 16
5 48
4 88
4 78
8 51
5 86
6 60
8 22
3 10
1 25
6 35
7 25
6 10
6 44
10 23
8 74
7 57
