8 5
2 14
7 40
5 88
6 38
2 38
10 40
6 37
2 95
10 58
6 25
1 5
3 72
4 15
10 33
8 79
2 46
5 5
1 25
4 69
5 73
8 95
7 50
1 68
3 13
10 13
4 2
4 39
9 59
5 91
5 66
8 6
2 34
4 98
8 62
10 85
7 68
6 91
5 30
7 44
3 88
9 99
8 54
2 98
2 19
5 43
4 79
5 32
5 93
10 79
4 62
9 88
3 19
6 9
9 61
2 61
4 64
7 48
10 69
8 91
9 17
1 83
4 56
6 93
8 63
7 70
5 54
10 64
4 13
2 97
1 34
6 74
7 80
8 45
6 4
9 2
5 89
10 92
8 18
9 80
8 23
8 57
7 4
2 95
9 100
5 35
8 70
9 20
6 66
5 65
6 10
1 54
3 91
9 69
8 80
9 86
10 59
5 30
1 28
1 81
5 58
2 99
7 84
10 19
8 69
1 48
4 84
8 4
9 91
3 89
1 3
1 87
10 6
2 52
2 53
2 24
10 53
7 34
10 68
10 11
10 96
4 86
10 69
7 8
5 97
4 14
5 94
5 82
9 47
2 71
8 99
4 58
1 91
8 86
2 27
8 31
1 97
4 3
3 93
7 33
8 9
7 8
5 57
5 72
7 44
3 76
8 51
3 39
8 14
1 89
9 32
6 31
8 10
3 51
5 57
10 20
1 47
8 25
9 89
2 8
1 43
6 85
1 40
7 41
4 100
1 82
9 31
2 29
4 44
10 95
5 48
7 88
1 31
5 42
4 17
5 11
3 37
2 84
5 30
3 58
5 98
1 85
4 21
9 86
6 24
10 58
1 63
8 71
7 28
2 16
10 2
6 21
8 18
9 88
9 54
2 6
10 52
1 70
4 74
4 93
5 76
7 12
4 61
5 7
3 35
2 26
1 15
6 65
4 42
9 16
1 59
2 94
1 98
5 9
3 85
7 28
10 81
3 37
10 63
8 72
1 89
8 4
1 89
1 57
1 17
10 43
1 6
9 82
8 11
6 11
7 18
8 52
4 3
2 61
3 92
3 55
10 76
10 94
8 90
3 10
6 99
7 26
2 58
4 66
6 97
3 51
4 77
4 45
10 1
9 20
5 52
10 72
9 1
5 100
2 65
4 39
1 100
7 62
4 8
2 41
5 87
4 44
2 23
8 82
6 57
7 7
1 56
1 27
5 4
3 62
3 3
1 78
6 72
6 88
8 67
10 56
7 96
7 80
7 4
2 88
9 42
10 44
10 87
2 63
10 1
10 25
1 47
5 68
8 26
6 59
2 91
10 38
2 34
6 79
5 7
3 35
1 35
10 21
10 1
3 65
3 20
1 76
8 74
7 80
10 56
3 90
10 93
10 97
2 39
2 75
4 4
8 26
1 6
6 37
7 35
3 44
6 97
6 31
4 70
8 51
4 80
8 15
8 64
3 27
4 76
8 13
2 23
3 14
9 37
7 36
7 85
10 74
1 76
10 2
8 62
4 61
2 91
8 46
2 4
8 8
6 69
6 22
7 17
8 58
6 37
1 6
6 97
7 60
5 24
8 37
6 67
8 61
7 25
5 69
7 98
4 81
4 82
4 61
6 2
6 19
3 86
4 72
3 82
3 73
2 51
10 8
1 32
8 96
7 87
9 42
1 50
7 2
7 91
1 74
3 53
2 89
5 48
5 92
7 33
2 95
4 79
6 28
9 86
5 46
8 55
5 55
3 23
3 82
6 4
4 37
3 2
2 52
3 55
4 16
10 32
2 35
10 77
8 43
3 68
8 34
3 17
4 70
5 29
9 3
10 33
7 10
1 70
3 55
10 87
9 31
1 99
4 24
9 54
7 71
1 14
3 65
2 19
2 58
1 28
5 14
1 90
4 65
3 24
5 83
3 100
5 77
2 24
3 11
4 48
5 67
7 1
6 47
6 20
9 15
2 29
6 70
6 50
3 35
2 80
9 43
7 54
1 42
6 58
5 92
8 40
4 27
7 68
2 19
3 64
3 37
6 44
3 25
1 43
5 39
9 87
2 32
1 56
7 39
9 74
7 95
2 6
6 72
8 8
8 18
6 66
5 57
4 88
8 96
2 55
3 16
8 48
6 34
4 28
3 6
6 94
8 39
7 42
9 4
1 84
3 12
9 16
6 53
1 9
8 2
8 55
9 48
7 72
2 13
1 8
8 85
5 78
10 20
9 83
1 33
8 64
5 12
5 36
10 23
5 87
3 4
3 40
5 39
2 18
6 88
10 18
6 79
2 36
1 96
1 47
9 37
3 89
6 7
5 3
5 66
9 23
8 2
1 100
7 71
1 19
10 39
6 64
2 84
9 11
2 5
3 65
7 54
3 6
5 24
2 53
6 82
6 97
1 75
5 48
6 81
2 45
9 76
5 11
2 52
2 8
2 95
6 28
9 15
7 68
5 61
9 18
6 39
10 56
3 4
4 32
3 18
3 47
8 45
2 35
8 83
3 65
5 28
8 53
8 100
9 22
10 95
1 2
5 62
3 100
3 65
9 3
4 49
9 43
7 35
9 96
9 86
2 26
6 90
4 85
6 46
1 8
8 13
3 57
9 61
10 10
9 65
1 63
6 62
9 29
7 57
1 94
9 23
9 26
8 81
8 62
1 7
1 87
3 25
9 79
4 62
2 1
4 1
2 19
7 17
1 37
5 72
1 44
5 40
6 61
5 79
6 5
5 93
4 34
7 36
3 16
1 20
7 57
6 1
5 78
3 94
10 76
1 48
2 84
2 4
3 64
1 90
3 42
4 43
6 18
8 62
6 31
1 67
3 87
7 92
10 98
7 86
6 93
2 48
4 53
4 91
8 34
7 62
5 53
2 29
6 38
7 50
2 46
4 7
2 78
10 11
2 97
7 31
10 1
4 33
3 94
3 77
5 59
8 29
8 10
5 47
6 46
10 45
9 87
6 8
3 51
6 34
8 12
6 59
8 99
9 7
4 96
7 87
3 84
10 93
3 44
8 41
5 35
6 6
8 36
4 67
3 25
4 36
1 4
10 9
3 24
3 97
8 92
3 87
10 60
10 18
1 1
6 64
5 96
10 18
9 67
2 22
2 32
4 46
3 39
1 21
9 3
8 28
6 52
6 83
7 44
4 46
2 11
6 10
2 18
8 17
3 29
6 19
9 89
8 12
1 90
6 99
6 4
4 20
3 33
4 30
10 31
8 22
8 64
9 53
10 28
3 95
3 46
1 85
8 20
1 13
4 5
6 35
10 28
8 88
3 27
9 76
4 42
4 53
4 54
10 92
1 87
10 19
8 34
2 84
9 83
8 94
7 59
7 30
1 26
3 69
8 14
3 81
9 36
6 13
10 2
3 55
9 37
1 45
8 33
5 77
8 8
10 34
9 2
7 99
9 99
2 87
1 6
5 13
7 33
6 95
4 25
5 19
2 33
2 83
5 35
8 90
7 31
1 46
9 93
9 85
8 54
7 9
7 54
8 77
4 10
6 47
5 25
6 22
10 84
10 47
10 7
4 65
2 79
5 98
8 3
1 66
4 63
2 32
5 100
10 7
4 50
4 12
5 67
2 9
7 37
2 86
4 47
10 12
1 28
9 34
9 38
4 50
5 95
2 15
9 78
6 9
3 25
8 51
9 31
8 57
9 13
2 83
6 25
4 85
6 87
2 53
1 60
6 31
9 45
1 39
8 22
2 58
7 40
9 19
1 60
10 41
4 34
6 67
5 23
6 59
1 63
6 88
7 26
9 74
5 30
3 8
3 70
6 90
6 83
7 25
2 76
5 25
5 3
9 74
5 91
7 94
8 61
1 50
4 88
6 72
3 1
4 94
3 15
9 6
2 48
7 93
10 90
3 93
4 33
2 11
2 78
7 91
5 48
10 73
1 14
4 8
4 50
5 48
4 78
7 20
5 97
2 59
6 33
8 66
8 19
10 7
3 16
10 80
2 68
4 6
1 36
5 62
6 94
4 27
6 45
7 22
9 38
4 14
7 27
8 86
7 10
1 78
5 17
7 67
1 10
9 28
6 62
7 26
8 8
5 82
8 49
1 22
7 22
7 51
4 86
3 71
4 29
7 31
7 37
6 91
6 85
6 9
5 8
9 36
6 73
2 3
5 9
1 82
8 77
4 77
6 3
4 100
3 96
5 75
7 48
1 8
10 2
8 66
10 98
7 92
1 36
2 75
6 59
10 97
4 64
8 53
10 10
10 85
1 40
6 70
10 90
2 22
5 44
9 2
8 43
5 27
6 22
6 13
2 2
3 44
2 2
3 3
9 27
2 90
5 4
2 95
4 62
5 57
10 67
10 22
9 77
4 20
7 70
1 31
1 69
4 21
4 16
10 70
4 98
1 55
9 29
7 39
5 98
4 14
7 76
1 78
4 74
3 58
10 64
1 94
7 98
9 37
10 81
2 79
6 91
1 36
5 90
1 70
2 88
10 67
5 78
8 93
8 19
4 47
9 41
8 33
