3 15
1 74
8 51
3 33
8 40
6 69
8 40
7 15
7 77
3 22
10 26
7 17
7 13
7 3
6 75
2 42
5 15
6 36
8 63
9 19
4 84
2 39
4 60
10 3
9 83
7 84
8 55
10 26
5 94
2 33
2 79
7 67
2 88
7 1
7 23
10 71
10 78
2 30
8 1
4 25
8 80
6 88
3 90
3 14
8 54
3 54
1 21
8 8
7 33
10 17
3 98
1 65
4 14
5 9
2 2
2 62
1 63
2 98
3 71
1 98
1 3
2 20
1 14
4 2
10 80
6 4
3 28
1 36
5 4
4 12
5 91
3 62
10 34
7 52
9 40
6 1
8 63
2 73
4 73
8 13
5 71
8 99
5 18
2 21
10 63
9 24
9 77
3 73
8 99
6 3
10 71
8 97
8 7
5 72
7 67
5 12
5 75
2 8
7 31
1 100
8 57
8 91
2 16
10 6
7 71
1 28
10 84
8 80
3 79
9 81
4 23
5 56
7 85
6 73
2 48
10 76
2 93
4 19
6 50
6 14
4 46
8 90
4 22
9 26
6 11
1 44
2 49
8 49
9 27
1 65
8 8
2 58
1 46
9 3
1 85
9 12
9 20
5 41
4 33
3 89
7 47
4 69
7 62
9 42
8 6
6 4
4 4
4 13
6 1
5 47
3 13
3 45
7 61
10 13
6 6
9 94
10 99
10 93
7 25
3 64
4 22
1 70
3 42
2 95
1 99
2 7
4 29
3 57
5 33
5 94
2 4
7 20
10 47
5 11
6 55
6 3
6 70
6 67
9 33
4 89
4 94
8 31
2 21
3 15
6 8
4 5
2 67
3 45
5 42
2 26
8 67
10 6
3 52
6 100
8 34
1 66
2 15
9 19
7 62
4 20
7 18
3 48
10 52
3 86
9 2
9 80
5 17
3 86
4 87
3 80
2 60
10 12
3 86
1 28
5 51
9 40
3 34
2 21
10 31
7 11
9 41
3 44
2 62
1 98
9 62
3 62
3 24
5 76
8 47
10 5
2 60
4 7
5 2
9 95
4 54
7 87
6 21
4 35
1 69
2 59
9 3
7 12
5 76
7 37
9 93
10 1
8 58
8 100
2 96
4 58
2 8
6 63
2 52
6 59
7 99
7 61
9 32
2 46
4 27
4 37
7 14
5 31
1 61
1 55
3 37
4 70
2 18
1 66
3 95
8 62
8 87
3 64
8 30
2 94
2 70
7 21
10 97
9 48
2 47
6 34
3 65
1 91
2 82
1 1
4 58
7 23
6 1
10 15
4 5
5 53
3 84
9 76
7 69
3 81
9 10
6 35
3 41
9 14
6 32
8 8
3 65
9 38
6 30
8 91
4 49
3 8
10 46
4 52
1 76
1 15
1 14
2 58
1 35
3 70
10 10
4 23
4 16
4 63
8 29
1 75
2 10
9 30
8 15
2 22
9 36
5 96
4 86
9 29
2 19
2 42
10 50
10 49
8 83
5 94
7 19
7 73
1 4
4 58
3 71
4 61
10 38
8 42
1 38
1 94
4 35
2 60
1 68
8 78
5 61
8 39
2 51
8 74
8 91
2 58
4 43
9 82
3 98
3 56
6 79
6 53
10 42
3 87
5 35
5 20
8 56
9 55
1 33
7 81
9 79
5 54
10 78
3 49
5 28
4 50
1 100
6 8
6 28
1 84
9 31
2 85
5 22
5 4
9 62
8 96
2 59
6 80
5 89
5 50
5 16
1 36
2 82
6 77
1 36
7 45
7 89
5 78
4 93
3 32
3 70
6 32
4 69
4 90
4 27
6 4
8 42
2 67
7 60
6 60
4 96
10 84
10 96
9 90
2 3
9 78
1 79
2 68
3 15
3 2
3 4
8 63
10 34
6 81
8 94
9 98
4 26
6 96
4 93
10 10
7 65
1 83
5 19
6 25
3 42
5 10
4 93
5 61
2 43
8 32
5 77
10 79
5 51
9 76
9 35
9 66
9 23
8 93
6 46
5 11
3 11
6 41
5 41
10 92
8 75
4 31
10 44
3 99
3 23
2 67
9 59
8 5
1 77
2 25
1 87
6 14
3 24
9 67
4 49
6 1
1 16
2 54
7 80
2 77
3 66
1 2
6 95
10 100
4 23
7 96
8 34
3 17
6 46
3 69
3 72
1 7
7 28
1 57
2 20
10 2
2 76
8 82
2 86
8 83
9 9
8 81
9 52
10 16
2 33
6 53
8 75
10 71
3 53
8 89
7 60
2 50
2 45
1 100
5 17
8 65
1 27
10 4
8 40
8 17
8 61
6 21
9 20
2 53
1 12
1 80
9 53
10 88
5 89
10 54
1 94
1 31
4 56
7 65
6 66
8 22
10 1
2 39
10 66
5 20
2 29
8 72
2 58
7 77
10 84
7 90
6 77
1 77
10 82
9 88
1 55
4 39
3 3
2 17
7 70
3 45
8 88
9 76
7 36
9 32
4 41
8 3
7 57
6 62
10 95
3 41
2 35
8 66
6 74
6 30
4 26
9 44
6 25
9 68
8 94
9 30
10 66
6 9
9 66
7 99
10 93
7 65
5 36
5 57
10 57
8 3
4 10
10 56
3 4
9 12
8 80
4 7
4 45
6 77
10 9
7 28
8 10
4 47
1 37
4 24
10 13
10 82
7 93
6 82
6 65
7 80
7 71
8 15
5 48
3 77
1 65
1 72
9 23
1 91
4 7
9 1
5 67
8 85
10 71
6 97
10 71
5 89
1 7
2 77
3 81
2 43
1 94
7 56
7 68
8 29
4 80
5 50
2 69
10 74
1 5
6 7
6 20
4 29
8 30
6 42
9 77
10 6
2 45
5 36
9 73
1 85
3 36
3 3
10 100
10 55
3 46
3 22
9 46
8 90
6 22
6 81
5 72
7 34
3 65
5 79
10 78
6 31
3 65
7 46
4 52
4 7
8 6
8 86
7 67
5 87
7 79
5 47
8 58
2 43
4 15
1 98
9 3
4 96
10 85
7 29
9 57
8 98
1 54
7 40
1 77
4 8
3 96
8 16
7 7
5 65
9 42
1 100
1 48
9 58
8 36
6 32
10 39
10 5
1 34
10 92
9 21
4 21
2 33
2 47
3 95
4 52
8 55
10 75
1 20
9 99
1 5
5 40
3 41
9 86
2 88
8 50
2 7
3 71
8 59
7 78
9 89
4 57
1 45
6 56
9 57
8 94
1 88
6 37
9 21
5 23
10 6
2 97
6 75
3 60
3 53
3 70
2 19
1 31
10 28
8 78
7 93
6 47
4 50
2 59
10 45
6 75
5 40
4 58
10 45
9 26
1 95
9 70
7 31
10 25
5 25
9 91
7 37
5 35
10 99
4 49
9 27
5 90
5 25
3 4
6 93
4 20
2 66
6 44
9 31
1 74
6 3
5 84
7 66
5 32
5 9
4 48
10 65
9 8
10 37
1 5
5 58
2 62
6 30
1 32
3 25
10 27
1 70
8 8
10 34
3 40
10 34
10 20
4 48
8 33
2 45
9 22
7 34
9 84
4 85
8 48
4 82
8 57
6 79
7 57
9 30
4 62
1 90
7 8
8 93
6 41
4 44
6 58
1 100
10 59
2 37
9 18
5 14
2 77
3 18
1 12
5 6
5 77
1 31
10 97
7 38
5 49
3 99
10 15
2 19
1 5
1 50
5 34
6 97
10 77
10 34
1 80
2 78
9 52
8 76
5 82
6 52
4 84
3 61
9 98
7 32
4 32
3 7
1 94
10 91
4 23
6 75
1 39
1 49
1 8
7 78
5 8
4 66
6 6
5 42
2 6
9 28
6 66
1 68
7 48
9 88
9 66
1 29
7 2
2 49
9 26
10 87
7 19
2 86
3 83
8 11
10 60
7 93
7 61
7 22
1 92
2 100
5 78
4 65
10 72
4 41
4 11
2 99
7 10
7 87
1 23
4 55
3 96
8 48
9 53
5 36
2 68
1 90
9 47
7 83
5 58
1 52
4 81
2 65
3 11
8 8
7 94
4 11
4 73
9 69
6 64
5 59
9 94
3 44
1 82
9 22
2 44
8 28
1 30
4 29
4 51
4 67
4 69
8 58
10 1
5 31
6 43
9 10
8 18
7 64
5 86
4 2
9 77
9 91
8 13
8 52
3 81
4 54
10 50
2 80
3 33
10 52
1 39
3 33
8 2
8 72
8 2
7 3
8 87
10 42
9 86
8 21
4 47
4 39
5 63
6 94
1 92
4 87
4 51
5 85
6 71
4 94
3 12
3 18
3 31
8 57
9 54
10 48
2 42
3 72
3 95
8 43
1 32
6 95
5 67
7 25
8 92
9 19
10 63
4 23
10 92
10 76
3 43
7 90
9 13
1 94
1 34
6 12
6 5
4 54
10 91
9 54
8 31
7 71
1 43
10 53
10 24
5 39
1 83
10 79
9 17
3 45
6 77
4 4
2 29
8 78
8 43
5 7
3 73
