2 17
2 72
10 51
1 36
4 95
10 44
7 43
5 88
8 70
6 35
5 1
1 41
2 92
10 10
1 42
5 25
7 32
10 79
8 83
1 69
9 35
3 89
4 65
9 28
1 38
2 11
4 2
4 63
2 93
7 48
1 88
8 93
8 71
6 25
2 30
9 75
1 30
6 95
5 55
5 95
7 9
2 16
5 21
3 42
4 26
5 15
7 15
10 83
1 67
10 34
4 49
6 63
1 94
9 97
10 54
4 8
7 19
1 30
9 64
7 36
3 35
1 77
9 18
10 29
1 44
1 74
4 59
10 32
3 65
5 16
7 21
9 32
10 64
7 21
10 18
7 77
8 71
7 41
2 31
4 36
6 46
1 94
2 32
8 23
8 21
3 86
9 57
4 98
5 24
6 94
2 8
7 3
10 8
3 15
7 78
3 83
7 45
8 8
8 85
9 92
4 63
7 69
5 84
7 36
7 19
2 55
2 84
3 28
10 49
10 63
10 19
6 39
4 80
4 94
2 93
1 30
4 87
5 95
3 1
2 95
5 16
2 50
3 86
4 88
2 17
1 65
2 95
7 96
6 17
2 75
4 77
10 86
9 81
7 42
6 1
6 74
5 17
5 2
3 33
9 17
10 70
8 9
8 61
1 45
4 31
5 79
6 4
9 19
10 25
2 45
2 90
4 91
2 37
3 39
1 45
3 65
9 26
1 84
10 50
8 43
3 73
3 74
6 42
1 59
8 31
3 4
1 92
1 3
8 63
4 6
8 7
2 72
7 58
4 29
3 69
4 70
2 9
5 73
1 4
4 96
4 71
6 100
6 6
1 37
4 72
3 13
6 82
4 8
3 23
4 16
9 91
5 53
8 77
5 94
5 90
7 18
3 88
7 19
5 24
4 59
4 64
8 98
8 86
10 7
3 35
4 85
8 19
7 61
2 90
1 55
5 50
4 99
6 20
3 91
9 19
6 42
7 100
3 44
8 16
7 5
4 87
4 20
10 5
2 42
1 40
4 87
8 22
8 21
2 85
10 30
2 10
3 45
3 62
7 15
3 75
3 59
8 66
5 37
7 74
7 47
10 55
3 94
6 26
10 40
8 29
6 46
2 57
3 26
2 75
5 63
3 64
3 77
10 62
5 93
9 69
5 49
10 47
10 24
6 81
8 1
7 54
4 94
5 61
5 10
1 90
7 96
7 18
9 51
1 78
10 14
8 99
8 71
2 80
5 17
5 31
5 40
3 1
5 55
1 5
9 24
8 37
1 2
3 98
5 60
2 62
5 58
10 95
3 47
2 65
5 94
7 5
1 37
1 82
3 55
6 54
4 93
9 31
6 62
1 35
9 1
8 73
6 24
7 41
9 19
1 84
6 9
4 66
2 47
9 25
10 12
4 39
7 77
9 95
7 47
1 85
7 9
2 5
2 12
5 46
7 15
5 40
8 40
10 6
7 43
8 82
1 80
10 57
4 79
5 11
10 9
1 89
1 54
7 76
1 87
6 85
6 76
7 16
4 50
7 86
1 40
8 25
7 1
4 95
6 16
7 1
7 12
9 70
5 61
2 99
1 3
10 11
1 58
1 93
5 27
7 2
6 19
2 25
6 74
9 29
10 32
1 67
9 52
1 8
9 73
2 18
9 86
6 55
9 33
8 64
3 8
4 69
5 32
3 68
2 80
7 96
8 14
2 47
8 17
3 100
5 44
4 61
3 42
10 1
2 12
1 87
10 11
6 15
7 19
10 40
4 49
2 27
10 16
4 26
10 40
7 38
10 47
1 12
6 25
5 30
8 68
3 63
2 30
3 44
10 47
3 55
10 22
1 78
1 55
9 28
8 83
6 77
8 29
7 63
9 50
9 45
3 88
1 96
6 19
4 77
6 17
10 63
10 36
6 62
5 46
10 97
2 80
6 69
10 47
5 70
2 46
3 39
3 73
2 54
3 76
10 34
6 36
2 93
9 90
8 7
5 2
9 65
6 42
2 98
7 69
3 88
3 11
5 55
4 55
9 96
7 52
5 13
9 5
8 18
10 52
8 43
6 54
3 67
8 81
8 21
7 71
10 31
4 11
9 54
1 18
3 36
2 32
10 57
6 92
10 60
3 50
10 69
8 52
10 33
10 50
7 98
4 8
4 90
10 80
9 7
5 1
3 65
7 94
7 63
7 92
6 35
4 36
6 14
2 45
9 25
2 43
7 52
9 69
6 24
8 4
1 90
2 45
2 14
1 7
8 41
10 39
3 61
1 7
6 60
8 77
4 65
5 70
5 11
3 57
5 30
8 18
3 80
2 97
5 93
2 84
3 43
10 62
10 13
9 77
8 3
1 99
2 35
9 77
8 15
4 9
2 16
2 82
3 84
4 6
8 36
10 88
1 7
2 72
10 7
1 64
6 65
6 88
10 1
2 18
8 77
7 85
6 67
1 73
7 54
9 40
6 56
1 47
4 88
8 7
9 14
1 87
10 53
1 100
3 77
9 36
5 37
3 44
8 49
5 49
1 79
4 46
9 93
6 53
5 11
10 11
6 56
1 18
8 12
10 26
4 24
6 72
5 42
2 3
7 62
4 40
7 78
9 69
8 11
2 42
8 94
7 14
3 39
4 49
10 40
6 7
2 2
3 36
2 52
10 78
6 56
1 93
9 16
4 5
7 2
1 99
7 93
6 34
7 8
9 1
1 81
6 38
8 83
6 33
6 80
6 40
2 98
9 68
8 52
2 57
9 86
9 30
1 91
6 59
6 56
7 68
8 25
10 21
1 42
7 72
9 9
5 74
2 80
6 21
1 91
8 71
8 23
5 37
10 40
9 39
1 29
9 48
1 71
7 34
2 93
6 16
7 79
7 52
3 97
8 40
8 4
2 48
10 48
3 87
1 37
7 84
3 4
6 92
9 56
4 17
3 51
7 73
10 27
9 45
10 23
8 25
6 83
10 15
4 7
3 40
6 81
5 58
9 17
4 60
2 54
1 3
3 95
4 83
9 28
3 18
8 80
8 65
1 53
7 58
7 78
2 84
3 40
10 11
10 91
6 88
6 29
10 96
10 75
9 31
9 31
1 35
9 17
9 7
3 33
4 21
6 11
7 12
6 7
10 53
5 92
4 8
6 8
10 96
7 29
2 63
2 75
5 79
2 10
2 75
7 19
5 54
8 56
10 2
8 25
4 32
9 19
10 89
2 31
10 38
4 74
9 85
1 28
9 79
6 24
2 45
5 84
7 91
10 50
7 64
7 91
5 89
1 63
4 61
7 31
2 2
2 62
3 7
8 55
7 10
8 12
4 41
10 8
9 24
7 9
7 73
10 64
7 20
10 70
9 42
3 23
8 22
4 29
8 23
5 20
5 10
10 17
7 55
6 6
7 50
7 45
5 61
4 97
10 69
5 18
8 67
8 75
3 68
1 43
6 32
3 9
3 33
3 2
2 100
9 86
4 77
10 78
5 64
9 81
7 79
9 40
7 84
2 52
6 69
7 72
2 99
6 53
9 63
3 51
4 98
7 96
6 81
5 4
7 67
2 60
3 71
6 16
7 5
5 73
4 100
2 8
5 6
3 89
2 1
7 83
10 95
8 97
9 97
3 95
4 56
10 59
10 81
3 11
4 67
5 11
7 82
3 71
5 47
6 55
2 27
10 88
4 42
4 29
1 50
3 82
2 17
5 77
2 16
2 74
10 96
4 41
1 43
3 52
4 56
7 10
4 5
3 40
7 31
8 67
10 12
9 59
7 92
5 10
8 93
2 56
8 98
8 28
10 54
3 93
1 31
2 23
5 46
1 21
10 95
2 47
4 10
2 56
2 39
6 63
9 27
3 16
6 28
4 87
6 33
8 60
6 43
9 17
7 79
3 69
10 76
7 89
10 17
3 98
8 42
10 16
7 43
4 42
5 50
8 2
3 89
10 6
9 89
8 13
6 87
6 89
1 60
7 10
7 68
3 94
9 59
1 63
1 69
7 37
2 36
1 90
8 81
5 63
5 35
8 26
7 75
8 97
5 1
8 58
5 33
10 78
9 11
3 18
6 73
6 51
3 26
1 14
5 95
8 76
1 94
9 16
5 15
8 21
6 37
3 36
8 5
4 59
6 31
7 85
10 42
10 26
2 61
5 34
5 3
10 87
7 7
10 4
7 91
4 81
2 15
10 72
1 47
10 21
3 94
4 39
1 13
4 4
3 91
7 87
7 11
4 36
3 41
1 25
9 46
5 73
8 96
8 11
3 61
1 12
7 27
6 88
6 85
3 67
9 98
8 61
1 93
2 29
2 100
6 44
5 33
7 4
6 66
10 100
1 92
2 52
6 5
8 89
2 31
8 76
4 61
3 26
1 89
5 9
6 64
10 28
6 83
9 56
5 3
8 55
1 35
6 76
4 1
6 89
4 99
6 75
8 84
6 69
10 57
5 96
8 25
7 69
7 61
5 3
5 57
1 61
5 15
1 94
2 44
10 69
2 20
8 32
7 56
9 3
3 50
