2 50
4 62
2 84
7 39
8 53
10 69
7 68
2 52
1 55
5 48
2 12
4 25
2 68
9 21
8 83
5 57
9 77
5 93
10 39
1 36
1 21
1 17
1 48
4 95
9 25
3 92
8 18
3 45
8 93
8 50
7 23
2 94
10 58
2 16
6 84
5 9
9 80
8 35
2 99
5 87
8 43
8 20
8 91
4 55
8 28
8 42
7 72
3 5
10 19
3 81
10 62
5 14
7 48
6 79
10 43
1 95
8 23
6 7
3 88
5 99
9 41
7 19
10 10
2 72
6 30
4 43
6 82
1 14
10 23
5 69
3 87
2 97
10 43
8 57
3 64
3 37
5 84
1 56
1 60
8 29
9 97
7 10
10 63
4 54
5 26
7 41
9 48
1 79
4 81
1 74
2 35
8 60
5 29
6 37
4 34
1 36
8 42
5 50
2 58
5 65
1 14
1 40
5 88
9 89
9 99
9 98
3 66
1 9
4 67
10 86
10 57
7 99
7 18
6 12
2 14
1 56
3 45
8 69
9 23
6 60
10 82
2 41
3 12
3 27
5 12
4 47
1 56
10 20
9 5
10 66
8 95
2 31
8 48
4 24
6 8
4 36
6 38
2 64
10 30
4 63
10 18
4 21
4 84
2 80
6 75
4 58
9 66
10 90
2 26
9 77
10 83
9 21
4 63
6 74
5 19
10 65
5 43
2 14
1 92
7 38
5 44
7 71
9 10
10 56
4 9
4 20
4 77
1 74
3 21
5 11
1 59
4 57
5 29
5 60
3 12
4 11
8 24
3 13
5 24
10 94
4 96
5 25
8 17
8 84
4 96
3 95
4 35
3 86
7 41
10 66
1 29
8 63
8 55
2 72
3 43
1 43
9 50
4 41
3 59
1 42
4 19
8 18
1 50
5 76
10 47
3 4
3 42
4 45
1 68
4 60
8 47
10 44
3 37
8 91
8 64
10 85
2 40
3 96
10 45
1 9
7 31
6 91
1 36
4 82
6 17
4 65
4 97
9 41
5 99
10 55
5 3
2 49
1 37
9 70
7 91
10 23
2 85
5 81
1 53
8 1
1 100
3 24
10 44
3 17
4 30
8 33
4 53
8 25
4 8
2 10
7 40
6 71
9 84
3 68
3 52
3 36
1 27
5 96
5 69
2 1
5 8
4 93
3 69
10 95
7 15
2 70
4 53
7 60
9 50
7 98
5 67
1 33
9 16
6 73
7 11
7 77
1 38
5 43
4 55
9 16
9 87
3 49
5 29
4 47
10 78
5 85
7 66
3 64
8 32
3 79
6 10
10 44
7 36
9 72
6 52
10 67
8 72
4 47
8 77
4 64
1 79
9 48
5 69
6 42
7 27
10 66
4 43
10 31
8 62
4 46
6 92
3 10
7 79
8 93
5 12
5 46
8 15
6 88
7 42
4 67
5 89
1 90
1 73
4 82
3 36
1 19
8 89
10 21
10 89
7 41
10 74
10 50
2 48
7 91
6 98
2 91
5 62
8 84
1 97
10 28
3 13
1 58
9 26
10 70
10 97
1 9
9 56
2 12
1 51
10 82
9 59
10 73
10 78
3 67
8 54
9 74
1 43
8 35
4 60
8 15
5 78
7 88
1 49
5 51
6 24
1 38
2 44
5 86
7 48
8 98
4 28
5 44
4 85
8 14
3 85
2 21
5 80
3 70
2 58
5 28
2 3
10 6
6 26
3 73
4 26
6 67
3 16
2 69
1 46
2 32
9 60
6 19
7 86
9 75
3 26
3 67
2 52
2 94
5 8
5 4
6 27
9 78
4 86
5 54
7 47
5 15
4 30
3 50
9 14
9 83
10 90
10 3
5 91
8 2
6 86
6 20
9 6
7 5
10 8
9 27
6 53
3 17
9 38
8 54
1 90
5 10
5 32
4 9
2 39
4 26
3 29
4 60
4 20
8 29
1 16
7 47
9 62
8 73
6 57
5 30
8 79
7 97
4 79
4 9
2 18
8 63
5 64
2 86
5 30
1 71
8 54
9 91
10 83
3 75
2 82
9 47
3 25
9 95
6 68
4 42
10 59
5 32
10 16
8 11
3 26
5 86
5 85
1 67
6 76
6 75
9 77
3 41
2 37
9 55
5 42
2 73
1 57
7 92
2 92
2 30
6 21
10 98
7 53
6 46
9 9
7 53
1 91
3 87
8 65
3 71
2 6
2 41
8 9
2 33
1 9
5 44
6 3
3 23
10 55
9 49
2 30
1 62
10 15
7 74
5 1
1 71
10 34
8 52
10 80
3 62
7 25
4 89
6 43
8 69
5 98
7 100
4 70
4 85
4 34
2 5
2 55
9 17
1 29
8 7
2 44
3 64
8 67
4 53
8 35
5 5
10 86
8 6
8 23
4 22
9 99
7 34
6 58
2 58
7 4
8 49
5 30
6 1
6 56
5 15
8 34
7 37
5 40
8 72
9 3
1 96
1 42
4 54
10 34
10 71
8 74
10 12
3 14
8 91
1 75
9 55
3 7
8 51
4 88
2 61
4 88
3 82
6 32
6 100
4 58
3 31
6 24
4 61
1 36
2 28
1 97
1 95
6 16
1 74
7 40
9 6
6 64
2 97
3 100
10 14
7 88
6 54
5 29
7 76
8 11
7 82
3 96
6 45
7 31
8 94
8 43
3 27
10 48
7 30
10 71
8 69
4 62
4 16
3 61
9 24
3 49
7 72
9 19
3 62
4 2
1 59
3 58
8 20
9 84
2 26
10 56
2 57
10 41
3 61
8 97
5 90
2 89
6 94
2 47
4 33
10 95
3 65
10 31
1 20
7 49
5 44
1 7
7 89
3 5
7 22
8 44
6 25
2 78
7 21
8 11
3 83
9 35
7 97
10 73
1 60
1 84
6 52
8 37
4 58
1 46
6 21
8 38
6 22
5 82
10 75
10 44
1 68
3 78
5 89
1 37
8 91
7 48
8 22
1 81
3 15
9 72
9 68
7 8
7 37
6 63
1 62
8 49
3 11
1 72
9 47
10 58
9 10
2 40
2 6
9 44
3 97
5 43
9 2
1 50
6 65
10 6
5 65
9 90
9 13
3 65
4 90
7 41
1 85
2 76
4 40
9 37
7 36
3 83
4 43
3 23
4 47
10 75
1 80
4 68
7 82
6 36
10 2
10 13
10 83
10 71
7 5
7 37
1 4
1 20
10 99
3 67
3 67
9 94
3 83
3 94
4 37
6 83
4 8
10 54
1 86
6 47
7 68
8 54
5 48
9 93
8 10
10 26
2 13
9 19
9 94
5 13
9 47
6 33
9 98
5 21
10 55
1 94
8 96
3 51
10 13
4 52
7 69
4 93
4 100
7 30
7 53
1 88
8 19
4 1
10 86
8 33
3 9
9 38
9 91
6 37
1 94
8 59
5 23
6 76
3 72
5 67
2 97
3 95
8 99
3 32
7 18
4 59
10 62
9 77
3 29
7 63
10 44
5 91
6 88
8 18
5 15
8 2
3 9
9 71
6 5
4 87
2 8
5 46
3 14
4 88
4 52
8 18
4 35
6 57
4 16
4 3
7 79
1 18
4 65
2 3
8 73
10 4
9 75
9 27
10 35
5 63
10 5
1 20
9 94
3 31
6 15
8 8
2 45
9 9
5 49
9 8
10 44
6 76
4 12
2 56
6 75
5 94
4 57
9 68
3 98
5 78
9 5
4 88
10 28
8 21
3 65
10 85
5 54
7 75
4 45
4 28
1 14
1 61
2 83
5 51
8 27
2 54
7 18
6 15
10 25
5 55
1 69
10 82
4 27
10 9
3 48
1 60
10 26
2 87
8 31
7 80
4 24
1 18
10 91
10 46
1 64
5 99
8 2
10 44
1 50
6 37
6 19
3 26
4 93
1 86
5 1
8 8
3 38
2 88
5 71
8 92
1 80
5 69
1 91
4 78
7 32
10 33
7 24
9 58
1 35
3 100
6 1
7 98
10 1
2 55
9 78
8 26
10 98
9 61
5 39
5 45
3 69
8 36
8 14
8 63
2 30
8 31
9 8
10 98
2 37
8 86
8 4
4 23
1 58
5 19
8 60
5 68
7 100
3 97
6 89
4 53
10 100
7 73
2 32
2 85
8 73
5 3
4 73
5 63
5 75
2 91
3 78
7 75
9 26
1 54
9 50
4 69
3 5
6 32
5 67
5 62
10 17
4 80
7 13
5 55
8 98
3 13
6 19
3 55
2 6
1 93
4 43
7 58
1 35
6 98
5 36
7 73
6 55
4 70
4 17
5 62
5 66
3 81
3 96
6 35
7 89
9 63
2 38
7 64
7 8
3 52
3 95
6 71
9 28
6 10
10 4
9 65
4 97
5 46
4 62
6 40
6 51
6 68
7 58
5 12
10 32
4 86
9 72
10 52
4 71
9 46
1 2
2 23
7 25
7 5
4 60
3 69
4 67
6 96
7 30
9 5
4 20
1 88
7 59
7 39
7 66
