2 9
7 34
10 54
7 49
3 100
1 95
10 37
3 29
6 25
1 63
5 28
5 41
10 25
10 65
5 1
1 12
4 63
8 97
10 11
9 38
5 17
8 61
5 49
2 62
4 58
5 20
3 72
8 93
2 23
9 12
8 93
1 6
7 16
9 61
10 10
9 54
1 5
3 25
4 80
6 51
10 31
6 80
9 31
3 43
9 87
1 75
6 30
9 96
6 43
5 62
9 94
9 98
8 2
6 64
4 36
1 33
9 74
6 35
9 38
3 18
3 29
10 38
6 12
4 47
8 10
1 65
5 16
2 86
10 86
4 29
3 84
7 12
8 49
5 86
1 19
10 83
3 16
3 57
6 10
5 10
10 47
5 64
7 43
10 97
2 38
8 11
3 57
2 15
8 97
4 23
6 93
5 10
10 26
3 17
7 4
7 55
8 27
5 93
5 43
4 44
2 42
2 60
6 61
4 55
6 55
2 100
8 33
3 78
7 34
4 41
7 55
7 27
1 18
8 47
6 45
9 87
4 30
10 20
2 3
3 4
9 89
5 80
8 45
10 84
7 75
6 4
6 42
4 81
8 24
4 10
2 85
5 65
5 66
4 45
7 100
6 77
8 72
7 7
5 29
2 27
6 66
10 72
10 29
4 94
10 25
1 78
10 77
5 71
5 42
9 49
9 43
6 39
9 16
4 49
1 76
8 1
5 72
10 28
5 93
6 38
10 45
6 99
4 67
3 88
4 98
5 38
8 29
10 50
1 52
9 46
1 70
3 16
4 83
8 73
3 37
8 49
1 16
2 37
4 55
7 85
1 93
6 10
4 77
2 5
2 70
7 47
8 12
5 28
8 60
9 73
6 74
9 94
9 22
1 93
2 20
1 62
5 41
4 88
9 51
6 5
5 93
8 98
4 9
2 54
1 71
6 82
4 75
10 41
6 90
3 86
6 90
9 99
7 4
3 4
3 40
6 9
4 68
7 13
9 34
9 34
10 100
9 10
5 97
5 32
8 18
8 63
2 74
3 27
8 15
1 78
2 95
7 39
2 49
4 99
9 46
5 20
1 46
6 99
2 83
1 33
3 36
3 67
6 3
5 79
7 23
3 43
6 41
4 1
3 38
1 76
2 29
10 91
1 51
8 68
3 41
9 21
2 5
1 15
2 6
9 14
1 42
1 66
7 21
2 19
6 16
5 81
1 96
5 24
4 62
5 57
1 80
9 87
4 69
4 100
8 14
3 97
2 97
3 70
10 44
7 26
9 39
6 20
7 70
1 38
7 18
5 39
8 31
5 56
4 29
3 3
10 99
8 84
3 56
3 93
5 88
9 18
1 23
3 83
4 63
10 62
5 89
9 28
8 42
6 96
10 55
6 22
8 82
6 91
6 19
4 54
7 24
4 75
5 36
2 12
7 92
6 4
7 61
4 62
8 38
10 94
8 55
5 11
1 26
10 57
4 33
5 58
7 41
4 36
6 90
9 61
7 37
8 68
8 3
10 32
2 59
8 3
3 67
7 45
9 12
1 31
5 80
2 95
1 85
1 50
1 85
9 69
8 1
3 1
3 59
5 70
10 68
5 71
9 82
8 32
7 31
1 84
4 27
4 46
6 60
8 64
3 97
1 72
1 92
2 39
1 81
4 8
10 37
3 41
3 32
9 68
9 75
6 61
3 93
3 24
1 81
4 3
1 81
9 47
2 66
1 16
5 45
9 34
5 98
1 70
6 36
4 74
4 33
5 50
9 60
1 76
4 8
5 87
9 11
5 8
2 4
10 66
2 31
1 57
4 80
7 85
8 64
7 21
2 40
3 50
2 62
5 50
3 10
9 23
6 77
10 21
1 70
4 86
8 59
2 39
7 95
2 56
5 14
5 64
3 89
2 6
9 40
8 58
4 14
3 61
4 84
10 5
6 35
6 75
1 44
8 34
6 25
3 29
10 91
5 45
9 23
9 34
5 26
4 81
7 8
10 46
4 53
4 80
5 11
4 18
6 92
8 17
8 65
6 68
2 71
3 91
3 66
1 13
7 84
7 17
6 49
9 53
5 62
2 50
4 14
6 35
9 57
7 12
10 40
1 38
6 10
3 58
2 31
6 72
4 74
6 36
3 32
8 68
4 4
4 51
9 82
5 77
3 17
7 79
10 48
1 35
5 24
10 23
8 89
2 99
5 48
5 68
3 26
9 36
9 39
1 76
6 4
10 81
9 90
8 6
4 33
3 71
10 81
6 76
7 45
10 90
3 50
4 7
7 14
9 28
1 43
8 31
5 98
2 91
1 17
5 26
6 6
5 97
4 61
9 19
2 26
3 64
3 35
2 77
7 53
7 5
1 7
9 34
10 55
7 98
10 10
4 10
3 79
4 2
9 20
4 31
4 96
1 69
10 85
6 36
2 22
3 55
8 9
8 100
2 4
3 59
8 33
6 65
9 76
9 77
9 77
4 92
3 16
7 22
4 98
6 45
8 9
5 93
1 91
6 9
9 92
9 10
2 70
7 41
9 6
2 8
1 10
5 82
8 9
1 23
2 96
10 53
7 91
6 68
1 47
5 1
6 27
8 30
7 69
1 42
5 89
5 92
9 61
9 81
8 36
5 88
10 61
4 3
10 27
1 24
1 51
5 33
3 2
4 40
4 30
9 6
8 100
9 84
6 20
5 58
3 64
3 96
1 30
5 26
3 10
2 96
8 89
5 95
8 52
8 44
2 12
3 30
10 55
3 6
4 49
5 88
10 46
7 80
1 67
10 32
1 39
4 45
1 55
2 61
8 86
5 77
10 73
2 23
7 3
7 91
10 41
3 82
7 57
9 28
1 44
5 37
8 82
8 63
1 62
2 66
9 7
5 28
1 63
7 40
3 99
3 98
6 36
9 82
9 77
5 87
6 13
10 59
4 80
6 97
7 10
9 62
8 84
2 64
3 64
8 57
2 47
8 52
3 86
5 59
8 39
7 74
1 70
10 88
5 72
9 24
10 43
2 97
4 8
1 11
10 42
9 78
6 20
7 53
2 63
9 6
1 62
5 1
6 19
6 18
3 19
7 91
9 9
9 75
9 91
3 42
5 70
2 67
9 93
5 21
8 95
3 9
8 10
6 87
7 19
10 11
10 8
8 24
8 35
2 49
1 18
2 56
2 32
4 85
5 59
6 51
6 1
1 10
7 92
6 49
7 96
10 70
2 83
6 89
4 79
2 26
6 12
8 51
3 60
10 74
2 69
6 55
3 55
7 75
2 23
6 22
1 28
8 55
5 89
9 70
3 59
8 13
6 77
4 36
1 58
8 24
6 28
1 79
8 51
7 82
3 76
3 15
10 88
5 38
1 9
9 8
2 57
2 96
9 2
7 3
4 50
6 26
9 91
3 69
2 91
9 54
8 58
7 44
5 81
4 12
5 28
5 55
9 51
10 18
3 31
7 51
1 67
10 92
6 54
8 6
6 69
10 99
9 70
7 37
10 65
9 48
5 97
6 83
5 18
9 76
2 94
7 17
7 67
5 90
5 86
9 69
5 54
6 14
8 95
5 97
5 85
8 33
8 20
6 59
3 71
3 4
6 78
2 28
5 77
10 24
7 30
6 59
4 86
9 97
1 5
1 5
3 85
10 37
6 86
5 32
8 64
5 16
10 72
2 61
4 28
5 95
6 74
2 28
1 89
6 94
9 17
1 44
7 69
10 27
10 18
6 41
1 82
1 2
5 82
5 100
1 73
9 89
5 43
10 79
7 99
4 36
8 6
1 75
8 68
8 80
8 37
8 7
5 92
5 32
9 12
2 64
9 76
2 4
4 21
6 13
10 100
5 11
9 65
5 14
2 80
6 2
5 78
4 26
9 40
2 41
5 48
10 3
7 46
8 67
1 43
6 22
9 80
7 91
8 33
2 64
8 84
6 18
10 73
8 86
8 53
9 46
3 37
6 74
4 37
10 74
8 1
5 73
6 90
10 80
4 54
5 63
5 7
9 41
7 43
4 22
3 34
6 45
6 96
2 16
7 54
2 18
4 39
10 27
8 84
9 11
5 77
8 24
4 42
8 54
2 96
9 27
1 81
9 72
2 79
2 7
1 20
7 1
6 62
1 96
7 100
1 90
6 9
7 42
1 6
3 21
7 86
6 16
3 12
5 65
2 70
7 80
7 37
5 37
6 14
7 67
3 32
8 67
10 31
10 3
4 69
10 10
6 99
9 10
9 49
2 18
8 23
2 22
6 16
6 20
2 30
9 65
7 30
8 5
7 58
3 91
4 40
1 54
7 15
1 33
6 42
9 58
2 45
1 74
4 60
5 96
7 74
1 73
8 51
8 88
3 58
10 16
7 63
3 3
10 13
6 12
4 60
2 53
8 25
4 52
2 11
1 56
8 86
7 45
7 95
10 68
4 84
6 28
5 42
7 91
4 21
7 4
2 59
1 39
8 93
4 51
2 91
2 25
1 99
6 14
1 74
4 98
8 87
8 16
2 89
7 72
4 84
7 61
