10 36
2 96
4 39
5 65
9 58
1 64
9 1
4 7
3 91
2 99
9 47
2 1
7 36
9 37
8 23
5 72
8 90
8 46
7 60
7 68
3 48
6 72
10 57
4 11
6 11
10 47
7 61
9 80
9 36
4 21
6 17
4 27
8 98
5 41
10 89
7 34
10 10
1 38
3 56
6 77
10 84
9 30
4 27
10 59
6 81
9 13
8 98
1 20
9 97
1 89
8 16
10 81
1 96
7 93
4 54
3 59
8 38
9 85
4 44
3 73
2 5
3 1
8 97
2 48
2 23
8 39
1 32
4 34
7 74
8 83
8 82
4 22
9 33
3 78
4 48
5 88
1 58
7 70
9 75
6 99
9 40
7 45
8 86
1 20
4 92
8 71
1 100
5 18
2 57
1 67
5 56
7 77
8 38
10 2
1 42
8 72
5 32
8 9
5 77
4 37
1 58
10 90
2 36
7 42
6 94
3 99
7 72
10 7
8 47
7 23
1 33
6 20
4 47
7 22
4 10
5 14
8 47
10 86
3 48
5 79
6 32
4 86
7 39
8 59
4 82
3 68
9 5
2 71
3 17
8 44
6 48
9 98
6 21
3 24
6 29
3 96
7 79
1 8
1 73
5 1
1 59
3 49
1 29
7 16
6 89
5 80
7 79
1 10
3 67
1 9
7 9
9 54
8 66
6 94
5 38
3 80
9 18
6 35
9 74
4 88
2 13
10 72
10 76
3 58
4 16
10 84
9 67
6 25
4 35
9 78
2 71
1 2
4 3
10 32
7 35
1 95
9 91
8 22
10 18
4 93
8 21
3 13
1 4
9 28
6 72
1 34
6 92
10 96
7 98
9 90
9 28
7 40
5 64
7 61
7 66
10 93
4 6
10 100
1 31
6 20
6 51
6 41
6 56
7 85
2 6
4 47
9 58
9 56
1 25
1 92
8 35
6 23
1 95
8 26
3 56
7 9
4 30
3 71
8 95
9 39
9 57
3 57
5 56
3 39
8 76
9 49
6 25
10 30
10 89
8 9
10 4
3 63
7 94
10 8
8 69
10 74
5 5
10 39
7 99
9 64
7 86
9 72
3 17
5 76
10 41
5 27
3 15
9 49
5 95
5 40
6 23
6 56
8 36
10 38
5 90
8 72
5 63
7 83
3 47
6 77
2 74
2 30
2 79
10 71
3 97
7 39
2 25
5 71
7 96
7 32
3 69
9 90
7 35
7 4
6 13
1 11
5 43
6 56
8 23
8 75
10 32
5 2
2 14
4 15
8 6
9 62
10 97
2 59
10 62
1 13
6 13
1 16
4 92
9 29
8 52
9 15
8 79
1 40
8 14
6 18
7 54
7 69
10 53
8 15
2 83
7 80
10 7
6 96
4 100
3 55
10 60
6 79
2 84
3 73
6 18
10 6
1 24
10 68
8 26
4 2
9 64
9 12
1 10
4 1
3 93
4 47
7 98
6 37
8 90
8 69
3 33
10 11
4 4
5 67
8 51
10 51
4 63
7 69
3 14
4 85
2 65
2 90
9 99
6 79
1 48
4 52
5 3
2 79
4 82
7 14
7 41
4 59
3 6
9 44
3 96
5 88
9 81
7 51
5 66
8 93
4 67
3 43
5 29
10 52
10 10
6 69
9 78
7 53
3 39
5 43
10 39
4 19
1 49
9 61
1 20
6 81
8 64
10 72
1 34
10 26
5 27
4 85
2 37
8 70
2 67
5 8
4 99
3 98
2 49
1 98
6 8
9 1
2 9
6 73
10 7
10 14
5 79
5 29
6 23
7 26
9 47
10 30
10 41
2 41
9 97
7 70
8 26
4 13
10 51
5 57
6 55
3 84
10 52
5 92
3 90
5 81
6 93
10 37
8 12
2 71
6 17
9 87
3 47
5 99
2 98
5 4
8 87
9 24
5 72
1 84
7 26
10 18
2 45
1 1
6 77
4 61
2 1
8 91
7 2
4 73
3 42
3 46
7 38
7 1
4 85
7 92
6 62
6 58
2 13
10 54
4 59
3 11
1 57
6 16
4 96
2 23
7 51
3 67
3 40
2 16
9 32
3 13
10 62
3 84
7 64
8 68
9 31
5 48
6 8
1 60
2 100
8 70
10 40
5 80
3 34
8 57
7 97
4 65
7 71
3 5
2 94
5 8
1 64
4 13
6 100
7 50
1 90
2 50
5 19
2 95
6 23
2 79
8 28
1 94
3 44
8 25
4 38
9 89
9 78
1 25
4 67
2 86
9 63
3 11
8 62
9 42
4 59
10 3
5 21
10 6
10 9
2 59
10 78
5 6
1 98
5 81
7 87
10 12
1 86
8 32
4 63
2 100
1 91
2 28
8 96
5 31
10 79
9 60
3 80
5 29
10 59
2 29
3 94
10 53
7 100
3 22
7 44
9 25
4 75
2 67
10 40
5 84
3 6
7 20
6 65
5 62
4 73
10 77
4 9
8 20
2 20
6 73
3 78
7 21
4 57
4 44
9 59
4 37
2 96
5 46
4 86
2 55
2 1
2 84
9 56
4 100
2 22
6 84
5 46
6 45
3 28
2 15
6 75
8 55
5 12
5 75
10 73
1 10
2 63
1 75
10 71
9 99
10 71
4 92
7 46
9 19
3 73
1 59
2 54
10 84
9 31
10 35
6 39
4 17
6 73
5 89
3 14
3 68
6 6
2 8
9 23
1 85
10 70
2 77
2 2
9 98
10 83
3 57
7 44
5 86
10 66
5 19
5 65
4 100
3 4
5 21
4 76
3 42
3 71
10 20
3 68
3 64
9 75
10 46
3 83
7 64
10 83
4 65
4 71
1 41
8 40
3 31
5 27
6 38
8 26
9 29
10 60
8 50
8 56
1 42
7 34
10 3
7 58
4 71
3 98
3 32
1 63
9 50
8 43
9 65
4 62
9 52
2 94
1 12
9 41
1 72
1 12
9 7
9 59
8 60
10 48
1 18
7 71
6 65
7 47
7 12
5 80
2 60
6 94
2 66
4 35
3 25
2 92
8 17
5 32
10 76
10 55
4 18
9 75
8 28
5 53
3 65
6 14
1 2
9 92
4 92
3 33
4 61
2 4
3 51
10 64
6 77
9 53
2 88
7 80
8 29
4 71
6 62
1 24
7 66
1 96
6 31
8 51
8 11
3 74
3 23
10 68
10 41
4 51
9 36
1 76
2 58
4 43
10 90
8 72
9 20
7 10
3 98
7 30
3 100
2 43
9 48
3 58
2 65
2 85
7 67
1 91
2 60
2 11
2 13
9 61
4 43
1 61
6 49
2 89
4 48
6 96
7 46
1 54
4 88
8 99
2 99
3 96
7 18
6 88
2 63
2 96
10 71
6 83
10 64
9 93
2 30
6 39
7 37
8 47
5 3
5 77
9 2
6 35
4 81
3 94
2 20
7 91
1 14
6 62
2 79
2 53
7 91
9 73
10 18
10 25
5 38
6 59
10 42
1 49
1 69
1 21
3 65
8 74
7 66
10 31
3 86
5 21
5 94
5 98
2 31
7 96
3 24
10 73
5 81
2 25
5 25
7 13
4 64
5 80
9 35
2 78
10 38
7 62
2 81
4 1
10 30
1 18
8 46
7 27
1 59
2 92
5 6
7 2
9 27
2 33
6 27
7 16
7 10
2 80
6 33
5 92
6 82
6 76
2 24
1 96
5 22
5 97
5 92
4 79
8 37
5 69
1 8
9 43
3 73
5 21
3 69
5 22
8 99
10 76
4 17
5 46
5 15
8 4
6 50
1 30
2 30
10 66
2 38
5 79
2 29
2 75
2 7
3 98
9 85
9 41
7 14
1 55
5 47
1 62
10 37
9 61
5 18
1 33
3 59
4 98
2 94
10 14
1 64
1 21
7 92
2 40
7 11
5 84
7 16
5 10
1 21
3 86
5 26
3 32
2 60
3 23
10 50
1 73
3 19
2 32
3 37
9 52
2 55
2 85
6 88
4 20
3 5
4 59
3 72
6 98
7 68
5 70
3 54
7 4
1 50
10 25
8 7
5 13
5 79
2 66
5 46
4 81
10 38
3 5
8 58
7 96
2 89
1 14
5 7
2 95
5 6
4 25
2 45
4 32
3 70
6 27
2 15
1 93
2 100
7 12
8 11
1 77
8 84
4 45
6 20
10 20
4 94
8 24
3 85
7 37
8 6
9 72
2 57
7 42
4 90
5 60
5 63
10 58
1 1
10 97
3 57
2 100
7 92
1 78
1 18
2 58
8 76
4 93
7 38
6 55
3 85
4 61
4 14
5 73
10 27
6 19
8 74
5 5
2 41
10 39
7 61
3 85
8 3
5 6
3 24
2 45
8 53
3 51
5 64
3 77
10 27
6 71
1 71
4 14
9 52
10 67
5 4
10 50
9 9
2 74
1 21
3 90
5 85
8 21
10 18
10 83
5 68
1 5
1 56
2 96
5 54
6 77
4 49
5 48
8 91
10 51
3 28
9 98
4 78
