3 73
7 2
9 71
10 16
10 99
5 5
7 51
7 99
7 91
9 84
10 62
8 99
8 12
2 27
2 12
8 46
1 89
3 92
9 73
1 26
7 33
4 90
5 55
9 49
7 26
5 48
8 38
9 96
3 48
1 69
2 57
5 66
1 39
2 7
9 100
5 43
4 96
7 38
7 65
10 71
6 66
10 44
9 93
10 3
7 82
4 83
10 90
9 8
5 45
2 24
2 16
4 92
1 98
9 75
3 18
6 34
10 27
7 54
2 48
7 19
5 74
1 29
4 68
9 89
2 53
4 1
10 18
1 77
2 5
7 23
3 5
7 82
3 80
1 24
5 18
10 93
8 40
6 96
8 14
1 33
9 61
7 64
8 57
1 42
10 31
1 17
5 51
1 87
6 70
8 36
8 23
10 49
10 28
4 30
10 60
4 79
9 87
3 76
3 18
6 10
3 45
5 53
5 67
2 84
4 42
6 100
9 8
4 10
6 78
8 77
4 75
3 88
5 100
8 36
3 52
9 57
9 99
2 16
7 82
4 2
2 6
1 83
3 36
4 13
6 61
4 20
6 10
6 15
8 41
5 50
2 71
7 5
3 73
10 4
7 22
3 68
4 75
4 89
4 36
2 14
3 51
2 35
4 18
1 2
3 20
1 6
4 32
4 64
4 43
7 55
3 70
8 63
7 73
4 59
5 79
10 32
9 30
3 58
4 98
1 47
7 58
10 62
1 34
2 26
1 13
7 68
3 3
7 7
5 84
5 7
8 69
6 4
7 23
4 46
9 6
5 54
3 19
2 60
5 22
8 85
7 83
8 67
2 84
3 23
1 52
7 15
6 47
10 58
7 75
9 17
8 99
7 100
2 74
1 54
10 35
1 79
4 5
8 60
5 66
7 12
1 37
3 29
5 52
9 1
1 40
8 33
1 44
2 29
1 21
4 86
10 22
5 20
7 2
5 7
8 51
9 42
4 22
10 59
10 81
2 90
2 71
1 1
7 46
3 21
7 11
4 51
9 41
9 14
8 16
7 16
8 66
8 24
5 13
10 32
7 69
7 45
4 39
1 77
2 64
2 31
1 47
5 61
2 99
4 31
8 45
8 48
1 96
6 99
5 48
5 45
4 85
8 57
9 78
9 29
2 82
1 16
5 51
3 81
9 41
2 47
6 10
10 66
3 80
3 83
5 5
9 68
7 47
10 95
4 59
9 17
8 25
7 11
10 29
10 69
5 1
9 80
6 63
9 74
9 63
1 63
4 6
5 11
1 46
6 47
10 18
1 70
6 12
1 13
8 58
7 7
4 67
6 84
7 44
8 68
1 12
2 36
5 84
2 80
4 51
5 8
5 78
6 78
3 28
1 6
8 94
3 10
9 22
8 51
9 37
9 4
6 39
2 66
5 87
6 49
1 65
5 63
5 1
4 51
9 24
6 38
6 77
8 34
10 18
1 66
10 6
8 2
4 97
4 100
7 91
1 61
9 57
4 64
5 77
3 64
4 33
1 48
3 15
1 31
3 32
1 69
3 51
2 59
9 53
7 99
3 12
1 20
4 57
1 90
3 79
5 81
10 9
6 88
4 72
10 69
3 99
1 24
3 28
1 81
3 24
10 31
8 70
7 43
5 24
9 14
9 23
6 90
3 51
5 64
6 20
3 28
4 23
4 86
5 44
7 58
8 65
5 19
8 52
4 96
1 15
8 11
4 93
10 72
7 76
3 90
8 10
1 49
1 17
1 40
2 65
6 21
6 68
4 64
6 80
4 65
2 93
4 90
6 57
9 61
10 91
7 75
1 56
8 51
8 21
2 73
3 5
8 18
6 86
7 65
2 73
5 45
4 79
4 55
8 55
3 83
9 25
9 94
2 20
5 73
9 53
3 31
5 22
1 70
10 86
1 16
3 14
8 8
1 36
9 70
8 39
6 33
6 24
7 16
6 84
1 66
4 44
9 91
5 46
10 71
5 9
3 46
7 72
8 54
5 16
10 46
3 17
8 31
8 99
2 13
10 6
5 59
1 27
3 88
6 10
9 55
5 82
4 42
5 24
1 31
3 72
9 8
7 16
3 9
5 55
5 100
1 67
2 89
3 96
6 4
1 74
8 33
4 97
2 70
5 60
3 91
6 79
4 11
9 30
10 99
9 87
4 90
10 19
5 49
8 51
6 88
9 50
4 96
3 11
5 63
6 21
7 23
8 45
10 40
6 1
9 78
7 8
2 31
9 38
7 37
1 2
5 71
2 98
9 51
6 31
5 17
7 63
7 98
1 7
8 15
1 39
6 25
7 37
6 58
3 60
7 43
10 51
9 46
9 2
3 67
6 82
10 51
5 30
9 72
3 73
2 28
7 10
8 35
6 26
8 80
6 13
6 78
9 26
7 41
10 13
5 1
6 27
8 37
7 29
6 29
7 2
4 38
1 67
2 90
3 40
7 89
9 73
9 82
9 74
8 8
6 1
8 38
10 95
2 29
6 54
3 41
1 38
2 90
2 58
2 98
4 34
1 28
4 28
6 47
6 23
5 62
1 88
4 56
4 68
5 57
9 68
8 68
3 13
6 39
9 31
4 21
7 77
4 66
4 61
5 98
3 18
3 84
10 100
5 13
4 93
7 86
1 66
1 15
10 68
4 22
7 86
2 44
4 68
2 11
8 38
8 89
9 90
10 61
10 79
8 8
9 35
2 95
1 18
1 96
6 35
5 11
10 2
9 64
7 15
1 26
1 21
4 26
2 8
2 6
2 82
4 97
8 49
7 45
7 86
2 93
4 1
2 9
5 69
10 20
6 47
3 96
8 27
4 88
3 47
9 67
6 29
3 9
6 16
5 88
10 15
3 77
6 66
3 57
4 58
7 60
7 31
1 97
6 76
9 31
5 12
2 43
6 88
7 54
8 34
9 8
8 1
2 16
8 87
10 63
4 24
8 36
2 36
10 52
2 24
4 87
6 49
6 19
5 71
9 26
6 66
3 52
10 36
7 55
2 31
7 34
1 48
10 84
9 93
6 58
1 83
6 97
4 37
4 87
8 50
1 4
6 69
9 96
8 80
1 84
6 38
2 3
6 47
10 96
7 2
5 90
6 93
1 47
1 5
5 30
1 97
9 100
10 94
8 58
9 49
6 17
6 17
9 98
3 83
2 61
5 48
3 17
6 2
6 27
3 79
5 77
10 87
2 54
1 38
9 24
4 51
9 61
10 91
3 94
3 85
4 97
7 42
10 67
2 78
9 88
9 63
6 92
2 34
5 26
1 84
10 86
8 69
5 8
6 73
3 24
6 77
8 22
8 85
8 36
1 12
2 50
2 84
4 26
4 20
10 72
1 52
5 58
7 49
4 10
7 94
5 24
9 59
1 3
4 60
8 51
2 10
4 73
6 94
2 32
1 87
1 93
1 67
3 22
9 89
2 19
3 66
5 73
7 55
10 40
6 91
1 33
5 14
2 53
8 70
7 22
9 93
10 48
10 84
5 18
1 23
1 75
1 90
4 76
3 4
7 30
8 27
9 1
9 30
10 23
5 15
4 95
1 95
10 37
2 23
9 28
2 13
8 91
9 6
3 93
10 24
8 71
9 95
10 88
10 76
4 18
7 21
9 8
5 5
8 72
9 17
4 22
8 96
4 54
6 28
5 95
1 70
8 1
5 36
7 50
7 77
7 25
1 89
10 12
4 99
4 45
5 66
7 24
9 12
5 11
4 78
8 3
1 57
7 59
10 1
7 67
8 53
1 18
3 86
10 85
10 17
2 40
6 53
8 44
4 9
3 84
4 68
4 64
4 86
3 92
6 79
5 66
8 28
2 32
3 77
10 25
8 67
3 98
6 26
10 88
4 79
6 49
5 97
6 76
9 82
3 99
3 44
7 56
4 10
5 36
3 93
1 52
1 57
10 13
3 29
1 88
8 6
9 4
7 25
3 5
10 87
6 85
5 31
3 60
1 14
7 88
9 67
9 59
4 90
3 47
9 7
9 41
2 10
1 26
4 57
7 47
10 50
4 79
8 69
4 51
10 22
2 82
6 18
4 30
4 92
10 23
2 8
4 39
3 90
8 68
10 96
10 35
10 99
1 66
4 5
5 73
10 85
2 40
6 38
7 41
10 37
9 21
6 3
6 42
5 32
5 29
2 10
7 21
3 94
6 61
9 92
6 77
6 14
9 36
3 36
9 95
1 19
5 74
9 16
9 41
9 46
8 13
9 72
9 85
5 2
10 59
2 52
8 100
1 51
4 17
3 79
2 89
8 68
7 44
5 15
8 97
3 22
1 4
2 6
7 2
7 21
5 38
1 60
1 50
8 38
2 3
9 55
2 58
8 9
5 73
1 9
10 78
6 70
7 70
6 55
5 81
4 26
5 62
7 1
1 14
9 72
1 99
3 17
6 99
9 18
3 52
5 6
7 67
3 91
10 44
1 75
3 21
5 100
7 53
8 98
6 65
8 93
8 67
7 97
5 80
8 19
10 100
10 89
7 85
