1 34
8 37
6 6
9 27
10 25
10 69
9 62
2 32
1 89
10 29
4 97
10 16
3 5
1 59
8 69
1 86
7 83
1 35
5 87
10 24
8 77
7 83
3 42
5 36
4 26
1 74
6 36
4 80
9 95
7 70
9 26
3 93
10 8
2 3
9 2
8 12
5 82
6 95
1 76
1 78
9 68
2 94
10 71
2 97
5 39
2 13
5 99
9 66
9 59
2 1
3 18
2 96
6 50
9 30
7 9
9 16
7 38
3 61
4 38
4 60
10 21
9 36
8 28
9 90
2 62
3 23
6 80
5 64
7 30
7 39
2 100
5 54
9 33
6 8
3 36
5 69
9 25
2 28
5 42
10 4
4 7
10 98
6 55
4 95
9 62
10 62
6 1
5 2
10 70
3 53
9 17
8 60
7 22
3 43
2 92
7 41
3 55
2 87
10 32
3 34
6 75
2 99
9 93
6 18
9 95
2 90
1 6
2 8
5 86
1 35
6 71
8 41
10 59
5 25
6 18
10 45
3 82
2 98
7 24
10 58
5 25
7 10
8 22
7 26
5 27
7 11
5 58
7 76
9 89
5 28
9 49
2 47
2 26
5 23
4 68
6 95
10 72
2 45
4 93
7 6
3 35
7 63
1 30
7 65
9 38
2 80
9 94
2 41
9 58
5 39
8 88
1 73
8 80
9 55
10 52
9 11
8 24
3 59
2 37
7 56
5 25
5 21
9 76
9 46
7 74
6 60
5 57
5 68
10 97
10 68
5 86
8 54
9 39
7 79
4 30
2 31
6 24
6 4
5 83
1 40
2 73
7 48
5 49
5 59
1 18
10 21
3 20
10 14
3 72
8 31
3 18
10 32
5 94
10 19
9 44
10 13
10 97
6 34
10 36
7 7
10 65
7 61
4 45
3 61
10 19
8 56
3 48
1 28
9 78
4 32
5 54
5 9
5 80
4 14
10 84
2 64
1 20
9 87
2 30
4 56
9 76
8 97
9 53
9 90
7 78
3 34
9 6
1 97
7 64
1 73
7 84
8 17
5 61
1 5
7 46
4 10
4 47
7 89
5 79
4 35
8 68
2 65
5 67
8 77
1 91
9 5
9 61
6 67
7 54
6 38
5 53
8 81
1 11
6 94
8 41
10 79
7 93
2 89
7 30
2 57
9 66
1 52
1 33
9 53
4 80
8 15
4 56
8 54
9 2
4 96
4 76
10 9
3 70
7 2
1 98
6 20
1 37
8 1
9 88
7 57
2 92
1 46
2 82
8 80
2 26
8 9
1 51
4 94
7 9
1 37
4 27
9 15
10 40
8 63
8 49
3 44
3 32
7 25
5 12
7 1
2 13
4 46
2 71
9 58
7 31
3 40
6 90
5 85
3 23
9 29
5 96
9 45
2 89
1 95
2 89
10 10
10 97
4 92
9 23
10 76
4 36
10 73
4 66
3 19
3 34
4 24
6 98
8 78
2 82
8 15
5 49
3 74
9 31
7 38
9 83
7 65
10 84
4 15
2 60
6 45
6 80
5 17
6 82
2 88
2 13
2 31
9 49
10 79
10 43
10 16
7 56
10 65
2 38
7 38
6 11
10 34
7 51
6 17
10 56
5 54
5 41
1 43
4 76
1 34
8 45
9 14
3 77
10 31
6 36
3 39
9 11
1 59
4 25
8 62
4 57
3 5
5 2
2 77
1 71
10 54
2 69
2 68
9 99
6 68
9 92
3 52
3 77
4 68
9 84
10 30
4 20
8 93
2 27
6 71
8 21
5 56
7 87
5 51
1 89
8 24
4 12
4 15
1 76
10 45
5 50
2 4
6 58
8 38
5 69
3 95
1 2
7 24
7 3
1 77
9 59
9 58
4 14
6 95
10 97
7 89
6 44
2 24
4 14
5 15
3 21
1 87
8 71
1 33
7 5
9 8
3 10
8 47
6 19
1 43
2 47
4 4
8 10
1 59
8 41
9 89
3 85
8 82
10 83
5 68
9 56
7 35
1 61
3 2
3 56
6 13
9 82
8 32
8 16
3 39
10 33
4 19
9 62
5 4
3 63
7 73
10 14
5 86
7 89
2 17
2 67
4 77
7 99
9 43
5 74
8 30
2 89
3 6
6 60
7 58
4 70
7 55
10 93
4 41
9 93
2 86
6 49
9 25
2 77
7 37
4 12
6 95
10 42
6 38
8 83
10 54
3 84
1 75
10 90
5 1
6 89
2 49
6 94
7 27
4 93
7 4
2 98
9 18
5 55
10 50
4 95
4 26
3 70
5 37
10 66
10 16
5 30
10 71
9 33
10 5
5 54
6 82
9 4
3 67
6 73
8 51
4 20
10 60
6 91
4 60
10 83
9 24
8 23
9 68
6 24
1 65
9 21
2 15
8 53
10 98
7 38
8 49
7 45
9 2
9 96
7 13
9 54
10 4
4 57
6 92
10 22
5 10
2 16
6 93
5 91
4 63
5 57
7 55
4 24
3 59
6 84
2 16
3 42
2 28
5 71
7 14
4 78
4 100
7 42
5 10
5 12
1 59
10 43
7 42
2 91
6 48
9 64
9 60
2 29
4 68
3 73
10 43
10 50
2 96
8 44
9 62
3 25
1 81
8 3
10 6
10 8
2 55
6 2
7 2
5 18
2 92
5 48
8 22
1 28
1 44
10 44
6 79
5 14
6 57
4 42
8 58
1 33
8 6
4 25
5 18
7 21
2 21
1 31
8 40
5 21
2 58
9 14
5 71
6 95
7 47
8 39
1 63
10 19
9 3
1 30
4 27
10 41
1 89
10 55
2 21
9 1
6 29
8 9
1 78
4 72
10 23
5 2
9 93
8 34
7 72
10 44
6 38
4 52
7 34
4 75
7 93
9 28
5 85
7 57
4 81
1 73
5 9
7 28
9 3
6 14
6 48
2 56
7 19
8 56
10 63
3 8
8 23
8 18
4 86
6 99
4 56
4 6
3 2
6 24
6 50
6 35
4 67
3 56
10 5
6 78
6 60
9 48
7 87
5 35
1 60
8 78
10 51
8 75
8 100
8 87
1 94
1 13
4 26
10 7
8 29
8 38
5 25
4 18
6 51
7 99
8 87
3 46
7 41
4 35
4 29
7 100
8 98
7 31
7 15
4 66
9 54
5 4
7 51
10 11
2 37
7 1
4 4
8 16
6 35
3 40
1 52
1 71
1 87
9 95
9 36
3 40
5 85
5 84
6 20
7 50
4 58
10 39
7 66
9 16
9 80
2 36
5 41
5 17
10 88
1 56
6 44
9 30
3 10
9 46
10 10
8 20
4 81
3 55
8 96
2 48
10 26
6 9
8 33
5 65
10 7
6 73
7 63
10 87
4 69
5 18
1 52
7 23
4 15
3 47
2 17
9 67
2 6
2 53
1 86
6 48
4 89
4 83
9 41
8 31
5 97
10 20
9 50
7 66
5 16
5 45
2 34
10 30
2 43
1 21
2 38
8 45
1 73
2 71
8 70
6 35
2 35
8 91
10 64
10 98
10 75
8 34
7 92
4 43
1 59
4 29
7 100
9 32
5 25
2 39
6 86
9 34
1 94
6 33
1 46
4 94
9 77
9 70
6 92
9 66
5 83
4 37
3 3
4 98
2 18
9 24
6 6
3 44
7 15
9 80
6 89
8 99
7 30
10 25
8 84
4 61
2 70
1 5
10 46
1 26
4 36
10 26
8 73
8 98
5 14
8 90
7 80
2 4
1 29
2 27
8 50
7 74
10 85
6 53
6 26
1 13
1 26
6 25
8 11
10 96
7 75
2 57
9 14
3 25
9 83
1 36
1 41
8 21
4 16
9 12
8 72
5 78
1 84
10 60
7 64
10 37
7 37
8 18
9 73
6 39
2 32
4 56
4 81
10 37
7 75
7 80
3 89
7 62
5 32
7 53
4 56
10 41
1 77
9 97
3 53
1 53
10 7
7 99
9 34
3 74
8 21
6 99
1 67
3 95
10 8
8 27
1 47
2 16
5 22
10 2
7 52
6 32
3 9
9 8
2 97
6 97
6 31
7 59
4 20
1 20
2 85
6 45
2 82
7 67
7 73
4 97
7 27
3 19
3 74
7 13
9 84
4 53
5 80
1 10
9 91
6 86
7 90
10 33
4 59
9 94
2 10
9 65
10 51
4 54
10 33
8 76
5 13
3 67
5 13
5 57
7 36
9 36
4 24
6 49
9 92
3 84
3 40
4 96
1 23
5 98
8 87
9 10
3 11
8 70
2 2
1 20
8 68
9 71
4 27
5 34
8 72
1 37
6 4
9 49
6 3
10 86
10 68
9 27
4 26
6 7
1 18
1 51
4 25
9 9
6 11
5 72
9 83
3 2
5 98
9 15
9 95
5 7
7 3
1 67
5 82
7 68
3 2
8 46
10 77
5 29
8 47
3 83
8 86
3 82
6 13
6 7
9 83
2 48
7 81
4 70
7 4
1 64
9 6
7 5
10 23
7 40
6 31
