9 24
2 72
4 84
8 72
2 17
8 31
1 58
5 54
6 2
10 53
10 93
3 90
4 19
3 77
3 82
6 42
1 85
6 27
9 48
7 52
9 84
4 56
1 19
1 64
4 3
10 52
1 77
8 56
6 49
1 65
6 3
6 92
4 8
7 82
6 1
10 24
4 82
9 23
6 67
6 28
5 30
6 30
1 64
3 18
6 41
3 12
10 95
8 46
9 67
6 83
1 12
1 51
8 20
7 40
4 21
8 12
2 77
2 86
4 67
8 47
5 31
1 16
1 52
9 50
7 12
2 5
2 44
3 38
6 95
2 96
1 6
6 61
5 62
10 31
2 13
7 21
8 42
4 52
7 21
4 97
5 68
5 45
4 66
5 4
3 53
5 73
10 93
3 59
7 31
1 62
2 47
6 1
1 4
6 89
5 51
1 10
6 72
3 57
9 9
8 42
7 59
3 21
5 26
7 81
7 21
3 92
1 40
5 10
5 24
5 65
1 5
4 86
1 86
6 62
6 41
2 56
1 93
10 3
1 42
10 80
4 64
7 86
1 89
1 46
2 73
4 77
2 92
8 65
4 27
3 61
5 79
5 82
3 11
6 7
3 16
9 7
5 96
9 23
7 97
5 2
7 72
10 70
1 71
6 70
8 99
2 37
4 66
4 79
6 24
8 41
3 93
3 79
7 77
5 11
2 52
2 65
3 89
5 87
8 94
6 94
1 45
7 38
9 39
2 67
9 66
4 86
10 16
9 16
7 83
10 46
8 59
6 13
3 89
3 84
6 46
2 73
2 19
8 64
7 81
1 88
2 48
2 88
9 70
3 86
6 93
1 24
8 29
9 67
6 46
3 45
2 30
1 70
3 4
5 83
6 84
9 40
8 5
3 93
8 38
3 20
3 77
10 65
2 63
10 10
8 13
7 18
2 11
4 6
3 63
8 88
7 57
3 100
7 67
10 40
1 60
4 75
5 85
3 78
4 68
3 75
6 93
10 44
6 88
5 96
7 86
4 49
1 55
8 87
7 80
3 33
2 12
5 18
1 39
1 33
9 60
7 18
10 24
9 9
2 45
7 62
6 71
9 52
8 47
8 26
3 61
2 32
5 40
4 30
9 73
2 44
3 40
9 70
1 65
7 91
4 63
9 30
6 39
1 32
6 40
8 85
4 22
8 69
4 93
8 47
4 72
3 38
7 15
9 56
10 43
9 85
2 9
9 96
9 3
2 85
9 18
1 95
7 3
7 77
7 49
7 88
6 24
2 39
7 50
2 40
10 64
2 11
4 56
5 61
4 53
5 87
8 22
9 93
5 92
5 38
2 63
1 90
4 57
7 52
7 36
6 17
5 10
7 13
3 59
10 49
10 46
7 83
4 39
6 23
5 97
5 78
3 48
2 89
6 83
5 91
7 70
3 56
8 71
5 80
10 30
3 96
3 33
6 39
6 2
9 16
4 98
8 96
1 15
4 32
7 2
4 34
3 54
8 25
2 9
3 10
1 54
4 9
9 68
7 61
3 78
9 65
9 70
10 92
5 65
7 84
9 90
3 87
9 15
10 11
4 1
3 5
9 98
10 13
7 58
8 72
7 31
6 22
5 71
3 58
1 45
3 73
6 55
7 56
4 30
6 43
4 19
8 52
3 47
8 51
4 55
5 16
6 18
7 18
10 43
4 79
4 19
2 10
9 80
8 72
6 25
6 49
10 35
2 79
1 44
6 81
3 34
7 17
10 6
4 34
7 8
2 81
4 48
4 8
4 79
6 48
10 52
4 4
7 20
5 6
8 17
10 80
8 100
9 3
4 80
7 30
2 48
7 22
9 67
4 31
7 90
5 22
2 2
10 33
10 56
2 29
8 27
7 31
2 14
1 11
6 23
2 25
6 84
9 73
2 40
6 82
2 38
4 24
2 19
10 96
4 10
2 77
1 37
2 88
5 6
9 75
1 68
3 88
9 12
9 62
3 76
1 30
3 27
4 64
7 8
2 16
8 53
3 60
9 100
9 52
10 37
2 65
5 98
6 31
8 60
5 97
5 83
10 23
3 2
9 56
7 68
5 14
6 95
7 56
6 75
1 34
3 95
6 72
9 9
9 5
5 64
5 47
2 4
1 32
10 49
1 71
1 91
9 66
2 78
1 72
6 71
7 39
9 72
9 52
3 2
10 15
2 68
8 6
8 15
4 90
4 52
6 97
6 78
5 75
7 23
5 92
3 46
3 19
7 96
10 1
7 72
5 20
10 35
8 80
1 8
6 69
4 53
3 15
4 65
4 18
10 83
1 16
9 3
7 10
2 79
4 88
9 99
5 14
1 95
5 80
7 16
4 24
5 7
9 59
5 26
4 94
2 4
6 73
4 83
4 83
7 28
1 47
5 96
6 30
9 39
1 54
6 79
4 16
8 42
10 87
1 39
4 72
9 51
5 13
6 5
9 30
1 77
7 48
7 11
7 83
5 50
4 26
5 20
7 17
9 69
3 62
2 60
4 20
10 71
10 10
5 10
8 69
3 60
5 66
7 26
5 47
4 53
2 20
2 43
2 50
7 37
10 68
4 80
5 30
3 98
1 63
3 92
3 14
6 31
9 33
5 79
6 99
6 25
10 45
2 32
9 40
7 59
7 45
5 83
4 89
9 71
5 56
4 90
5 42
1 68
3 89
5 62
6 10
3 76
10 47
7 16
4 6
10 57
7 69
1 78
4 2
4 45
8 41
3 65
5 60
3 52
4 55
3 50
6 98
8 15
6 4
1 83
2 45
10 40
10 89
4 52
6 88
3 46
4 10
2 36
7 21
3 19
5 25
3 19
3 28
9 22
4 15
3 72
8 1
9 64
9 47
7 74
6 28
5 32
4 96
10 48
6 81
5 49
6 21
1 74
10 39
4 33
3 84
1 63
4 14
2 93
10 45
1 39
6 74
5 61
9 57
8 64
9 75
2 58
1 50
7 66
5 49
10 11
10 51
6 33
3 19
2 23
5 58
8 51
8 18
4 67
1 55
4 28
2 72
6 6
1 48
2 100
2 27
3 86
5 25
3 61
6 73
6 94
3 94
7 3
3 31
9 51
6 53
1 89
4 88
2 65
6 27
2 47
2 36
4 45
9 100
6 11
9 19
3 14
3 37
2 90
7 78
9 21
5 3
8 26
7 54
10 14
7 83
4 7
8 1
3 67
6 38
3 64
4 86
10 22
9 95
8 73
5 94
3 29
10 30
3 8
3 71
1 19
6 76
5 41
6 18
4 9
6 26
4 15
8 38
8 16
3 97
9 31
7 36
2 95
6 20
2 18
2 79
8 66
9 75
5 32
8 26
10 72
8 92
1 21
2 87
1 18
8 10
6 96
6 88
4 55
9 23
3 8
2 5
8 21
7 71
3 29
2 82
3 82
1 68
10 77
2 68
1 53
2 25
9 5
1 1
8 96
1 21
2 19
1 90
3 26
1 84
4 63
6 10
1 92
3 42
1 80
6 33
5 66
2 88
4 53
8 40
10 16
5 88
1 34
6 29
5 42
1 22
2 6
6 6
5 6
10 63
6 81
9 44
9 99
8 99
5 81
4 5
7 77
2 79
4 86
2 52
9 33
3 69
1 43
3 17
6 20
5 37
3 60
4 87
4 21
4 72
2 20
5 67
5 33
10 55
8 70
1 8
4 23
10 13
7 85
8 63
3 30
4 78
10 58
4 47
6 44
3 16
7 6
10 79
9 38
9 90
4 30
1 92
2 56
8 23
2 1
9 18
3 20
9 37
7 74
9 87
2 11
2 92
4 12
9 37
3 97
4 70
4 79
8 42
1 88
5 54
8 38
8 92
10 53
1 2
9 52
3 56
2 72
7 87
7 85
8 36
9 34
3 9
7 32
6 51
2 71
10 98
3 69
8 73
7 3
7 29
8 69
5 90
9 10
2 45
6 78
5 21
10 13
7 25
8 66
9 15
4 72
6 83
4 60
2 79
8 84
7 15
1 80
2 36
10 20
10 86
7 54
9 20
6 14
2 61
3 44
6 49
4 37
9 45
2 34
1 4
4 70
7 78
2 34
5 83
4 48
5 38
7 10
7 28
1 17
4 33
7 82
4 78
4 72
1 56
5 44
5 84
2 67
9 40
8 30
6 59
10 64
9 69
10 69
6 46
6 46
8 34
4 69
9 57
7 2
9 28
6 97
10 52
9 68
2 76
9 57
5 43
5 5
9 72
9 71
3 38
2 76
4 22
6 20
9 63
9 32
1 74
10 78
5 20
3 69
3 46
9 86
7 72
6 52
6 98
6 13
10 47
1 29
7 63
9 44
5 52
7 56
7 41
5 37
7 88
5 6
4 50
2 9
2 30
10 15
10 54
8 18
8 54
9 43
6 31
1 96
2 59
9 23
7 93
2 81
8 43
6 71
9 33
10 59
5 88
6 27
9 87
3 10
5 78
9 100
1 68
10 45
9 54
8 9
9 86
9 99
3 30
9 84
5 41
9 75
5 15
