3 62
6 37
9 58
3 91
7 86
9 94
1 93
1 13
8 65
7 78
8 3
3 71
4 61
10 34
7 21
3 56
5 32
1 6
6 100
4 12
2 24
8 23
5 83
4 15
10 48
4 66
1 64
1 16
4 73
9 80
4 8
4 16
3 39
6 70
7 30
8 19
1 31
2 24
5 28
1 55
10 69
7 31
7 83
6 2
9 45
10 29
7 21
9 33
8 71
4 89
4 67
7 59
4 16
10 69
5 54
7 58
9 85
6 94
10 87
7 86
8 69
5 64
7 69
6 3
6 100
7 75
5 55
2 17
10 80
3 51
9 29
7 15
9 79
1 45
6 61
8 51
8 80
8 37
9 75
2 17
10 98
7 9
6 95
3 61
9 53
4 16
1 3
1 96
8 85
8 38
1 100
9 19
6 4
6 48
5 4
4 36
4 100
1 98
1 66
9 30
6 8
9 74
8 99
6 78
3 18
1 88
10 45
6 46
1 11
8 5
6 83
2 92
5 80
1 34
2 85
5 33
8 65
9 100
4 94
7 96
9 66
7 35
6 47
3 41
8 39
6 12
8 84
10 44
2 53
5 9
9 67
1 10
8 52
6 10
6 46
10 36
1 52
10 31
9 94
4 20
10 98
2 58
10 28
1 53
2 62
7 35
8 69
8 12
9 81
4 32
8 35
7 23
5 9
8 32
4 58
4 39
9 30
1 98
10 82
8 3
8 36
3 9
2 26
2 16
6 35
6 50
5 80
7 68
2 14
9 11
6 69
9 1
6 5
3 48
3 87
10 13
3 64
1 37
7 38
7 82
2 40
3 41
7 69
9 57
6 33
4 34
9 4
6 71
2 20
2 92
9 73
7 28
6 64
9 61
8 82
8 49
4 27
3 87
2 79
1 83
2 35
6 99
2 97
8 73
2 31
1 74
4 7
3 48
6 13
1 32
7 81
10 34
1 19
2 30
10 1
2 53
4 80
5 49
1 27
3 26
10 94
7 58
8 87
3 96
4 63
7 38
1 7
6 16
4 53
5 1
1 55
10 13
1 40
10 32
2 23
8 51
9 32
4 5
1 49
8 25
8 22
9 95
6 25
4 73
2 38
6 92
3 62
1 40
8 71
9 100
1 20
3 16
3 27
8 17
1 89
10 59
8 74
9 67
8 86
4 90
9 80
9 55
4 1
7 37
10 61
10 54
2 79
9 60
1 18
10 20
8 88
9 69
3 6
4 71
3 99
1 98
6 12
3 39
8 29
8 57
2 77
10 4
7 91
5 96
10 72
10 97
8 6
5 44
1 96
4 97
10 59
4 59
7 90
5 58
7 85
10 4
3 1
9 20
9 56
9 95
9 95
7 60
9 26
10 32
8 75
7 23
6 55
10 90
7 74
1 98
1 54
1 61
10 87
4 9
3 7
3 98
9 81
5 30
9 20
8 92
10 66
8 84
8 26
3 95
2 91
1 94
10 11
3 77
4 81
3 79
8 27
4 69
3 3
8 93
1 16
4 9
6 70
4 92
9 4
5 13
3 99
6 10
3 96
10 56
10 61
8 34
1 44
3 16
6 13
5 87
5 84
5 22
8 36
7 71
7 58
1 45
2 37
8 94
2 42
9 34
9 24
7 91
4 63
8 46
2 75
6 39
6 17
1 52
2 50
7 18
8 63
5 78
7 12
7 58
8 92
2 70
4 62
8 52
5 4
8 60
6 93
10 96
4 41
10 11
7 65
6 52
6 32
2 61
9 86
6 55
1 86
10 76
1 71
8 23
10 93
1 17
10 43
6 61
4 75
2 59
4 93
1 24
4 16
3 14
9 93
4 84
10 17
8 2
5 3
10 47
9 77
2 82
3 85
8 7
8 4
3 75
8 26
3 28
1 19
6 28
6 58
1 80
7 57
8 18
8 2
9 12
3 53
6 7
1 35
4 15
1 55
1 48
6 43
10 63
3 86
6 17
7 85
1 89
7 16
2 88
9 88
5 62
4 43
9 91
5 24
6 26
2 52
5 69
7 26
10 93
5 40
5 10
5 26
7 19
7 17
5 17
10 68
5 29
9 51
1 76
3 46
1 70
7 8
9 43
10 66
8 79
9 66
6 90
7 41
7 88
1 93
8 13
10 40
10 89
6 71
3 7
2 19
8 9
8 46
6 54
4 86
7 27
9 79
8 55
7 82
10 41
5 14
10 84
6 90
7 63
10 66
10 51
10 16
5 22
1 15
9 58
8 99
9 31
9 27
9 10
3 65
6 23
1 24
7 49
9 20
9 50
3 25
2 10
4 14
6 25
10 38
2 66
2 86
2 34
4 11
1 18
2 65
1 49
3 65
1 89
10 68
1 14
7 18
10 4
9 71
2 51
1 88
2 58
5 89
4 20
6 14
7 60
1 12
6 51
9 16
1 4
2 19
2 99
8 97
1 55
8 8
7 70
4 64
8 52
1 65
6 29
4 1
10 36
3 96
6 73
9 54
2 1
2 49
7 45
10 1
5 9
6 29
1 56
4 86
8 78
3 18
1 49
4 31
8 61
10 71
5 75
2 93
4 73
9 66
5 80
9 86
8 51
6 41
1 4
2 87
2 77
5 100
1 49
6 96
10 92
7 35
7 53
5 45
1 67
8 22
8 13
7 80
7 88
1 66
4 82
2 90
1 100
8 59
8 67
8 69
6 73
7 89
3 60
4 40
9 17
2 37
9 63
6 12
9 61
2 47
2 46
1 55
2 28
1 31
5 1
7 57
3 91
3 89
1 82
2 53
8 69
4 99
4 85
10 86
2 50
8 47
3 88
4 91
3 1
5 39
5 54
1 53
8 11
8 19
10 93
5 5
4 95
5 39
1 17
2 17
5 46
5 8
10 32
7 22
8 46
4 49
10 70
1 20
5 17
7 95
2 92
10 86
2 88
2 83
1 95
3 5
4 14
4 20
1 91
5 2
8 100
6 63
6 49
3 58
5 24
6 73
5 67
5 12
10 60
9 45
3 29
1 95
6 33
7 32
7 88
4 29
6 3
2 19
1 28
3 96
6 25
9 5
2 67
1 38
3 87
1 46
3 44
7 42
4 65
9 65
3 67
6 63
10 38
5 99
8 49
4 78
6 75
7 2
5 22
8 56
6 16
2 99
1 41
8 34
8 4
6 41
8 56
5 7
5 10
10 28
8 10
2 82
8 24
5 82
3 78
4 55
3 44
1 98
10 19
6 76
1 10
5 61
1 63
2 65
10 3
6 30
1 70
10 6
3 98
1 71
9 98
1 78
3 86
2 84
4 58
4 60
3 20
3 9
3 96
9 78
5 28
3 81
9 13
4 62
6 57
9 75
5 58
9 9
5 55
8 49
5 26
8 8
8 50
7 20
7 32
1 5
4 66
9 69
4 63
9 41
3 62
6 4
1 58
4 37
1 11
10 45
10 99
10 54
9 48
1 84
6 93
4 31
6 36
9 90
7 44
3 95
2 85
9 91
1 50
2 81
3 53
1 7
6 86
6 94
5 21
9 36
9 57
9 71
8 4
5 24
1 9
6 41
2 98
7 44
8 58
5 62
10 26
6 85
5 33
4 27
10 54
10 7
6 75
8 1
10 28
6 74
4 93
2 10
10 12
4 79
1 27
1 15
7 90
6 54
9 86
8 9
5 87
9 67
8 19
6 70
3 48
4 98
9 7
7 99
9 76
7 76
4 4
8 49
6 84
2 13
8 64
6 9
7 99
3 98
6 50
7 17
10 53
2 42
8 97
7 99
3 37
5 87
1 60
6 71
7 10
9 31
3 55
4 14
6 99
3 77
1 54
7 99
1 31
6 79
5 86
10 74
8 25
3 4
10 93
4 85
1 73
2 65
1 75
6 97
9 22
9 100
10 97
10 15
4 30
3 58
3 95
10 37
7 49
1 26
10 7
4 12
7 20
6 85
2 88
6 33
6 25
3 47
8 22
5 30
8 21
3 65
10 82
5 47
2 80
4 99
10 36
1 75
4 93
10 76
2 99
10 18
5 100
4 46
10 28
4 50
10 29
10 45
1 73
6 20
8 68
10 41
8 53
9 26
4 96
10 78
8 98
4 53
10 30
1 29
7 14
6 74
6 29
1 18
4 62
10 69
2 66
10 5
3 43
9 86
1 11
5 23
3 39
6 61
9 13
1 84
2 5
9 39
1 47
3 40
9 87
5 94
4 97
5 60
9 85
7 43
4 12
5 3
1 13
5 34
2 74
4 99
7 38
10 87
10 28
5 22
7 87
10 46
1 90
4 16
10 55
8 100
8 71
3 29
6 56
9 9
4 64
3 53
5 78
5 46
7 15
10 6
9 87
3 13
5 1
8 30
1 5
7 25
5 30
9 79
10 5
7 70
10 73
9 12
6 43
4 99
8 38
10 23
1 5
3 63
7 30
7 46
4 55
10 38
1 55
2 80
4 26
10 88
6 86
1 90
4 23
9 50
2 10
5 72
7 51
8 57
10 80
3 47
2 74
3 8
10 54
