7 28
5 5
2 72
7 82
1 35
7 1
4 98
6 15
3 30
1 78
2 38
5 2
1 49
9 68
1 47
10 41
9 84
8 81
3 25
6 23
6 96
6 2
3 58
4 9
5 100
2 75
9 96
5 68
6 10
9 1
2 11
9 32
10 97
2 17
4 69
5 81
6 86
10 51
3 91
2 18
5 9
5 61
2 11
3 39
6 74
5 48
6 97
9 20
1 18
4 19
2 52
3 49
5 18
1 85
10 88
5 61
3 20
2 28
9 39
10 97
2 79
9 88
7 62
4 28
3 33
5 36
9 47
6 22
10 20
5 6
2 2
7 19
3 27
2 97
2 13
5 39
5 44
1 99
1 82
4 69
1 17
1 69
9 65
6 94
5 12
4 44
5 76
1 4
6 57
3 23
9 92
6 85
10 12
5 65
6 48
1 23
5 65
1 57
2 10
4 94
7 82
8 97
1 7
3 87
3 37
10 42
8 77
7 98
2 100
2 92
6 56
5 77
6 99
7 8
8 11
9 29
6 86
1 99
2 22
9 17
4 49
2 66
9 31
9 3
6 21
3 9
9 19
1 28
3 37
1 94
5 16
6 1
9 31
1 85
8 85
4 54
1 87
7 43
2 87
5 7
1 65
2 37
2 36
8 43
5 16
4 67
9 7
5 31
10 99
10 27
2 77
5 25
1 12
5 41
3 84
9 95
9 81
1 63
5 67
6 35
2 8
10 72
1 71
2 70
1 36
3 18
6 33
8 11
6 92
8 89
2 38
3 55
5 37
5 7
9 73
5 100
4 46
2 71
10 61
10 12
9 96
10 16
9 81
8 8
8 3
9 41
1 74
7 75
1 33
2 57
6 17
1 18
10 39
10 54
6 39
2 82
3 89
9 11
9 74
4 51
4 29
2 95
7 15
7 94
10 68
10 5
7 28
2 4
3 98
10 20
2 73
6 39
8 92
5 78
1 16
10 37
4 26
9 34
2 22
5 8
4 32
1 31
2 57
4 47
6 66
1 89
7 13
2 5
9 18
5 1
7 98
5 82
3 94
10 82
5 34
6 23
6 12
9 40
7 72
6 74
2 83
2 49
1 78
4 49
5 25
7 12
9 12
1 57
1 76
3 76
8 71
9 81
8 19
10 31
4 46
5 22
3 16
3 16
9 57
2 54
9 70
5 79
7 94
8 91
6 58
2 38
8 34
7 23
1 98
10 27
2 50
9 19
5 91
8 87
5 24
6 33
1 16
1 2
3 25
4 44
7 90
10 42
5 14
6 76
3 42
9 94
6 25
4 25
5 58
4 49
1 43
7 42
1 13
4 78
1 17
9 79
8 6
3 66
2 100
8 21
1 69
5 52
2 42
5 51
2 87
7 49
3 92
8 76
6 56
3 14
3 68
3 69
3 92
1 28
2 95
7 50
6 4
6 87
8 50
5 61
1 32
10 49
5 18
1 68
9 88
4 50
9 45
7 66
1 17
4 75
9 31
4 94
9 83
10 24
1 52
7 73
10 18
9 5
5 90
10 22
3 31
5 50
7 69
10 69
9 29
5 100
5 53
2 86
3 70
2 12
8 68
9 33
2 81
6 27
1 26
5 49
10 83
1 42
5 62
2 87
6 72
3 57
10 80
4 58
5 61
2 34
3 99
3 38
1 33
10 60
7 54
6 38
5 81
7 74
1 24
5 51
9 50
8 12
6 5
4 57
4 80
10 58
3 44
6 27
4 62
9 53
5 93
7 73
5 10
1 23
4 10
9 79
8 71
3 87
9 11
2 8
1 30
5 76
7 87
5 45
5 55
4 93
3 19
3 45
9 20
5 60
4 24
8 32
1 98
2 92
9 26
2 91
5 77
6 44
7 93
2 96
5 98
10 28
7 20
3 11
9 56
5 36
4 78
8 45
1 9
1 98
1 3
6 65
8 39
9 71
2 14
3 79
1 42
1 58
1 98
3 75
7 46
6 21
8 41
4 12
6 78
5 89
2 82
6 63
1 6
4 47
8 44
1 23
10 58
1 67
1 2
1 44
8 37
9 39
1 37
1 18
6 67
3 38
8 77
7 57
10 24
10 78
4 10
1 40
1 19
10 7
4 66
8 55
5 47
10 84
3 37
1 42
8 22
3 19
10 98
6 86
6 58
1 7
4 41
3 89
5 42
7 47
4 37
3 4
5 19
9 81
8 57
4 14
2 60
9 70
4 93
5 79
5 4
7 86
7 31
6 95
3 21
7 62
6 24
5 54
3 40
5 11
10 54
5 27
1 78
6 41
7 77
8 84
8 46
1 43
3 31
7 46
4 33
2 72
10 74
10 18
3 4
8 81
3 7
1 96
6 14
8 74
3 38
2 4
4 68
6 50
10 74
2 33
1 10
10 5
5 56
2 44
3 93
2 83
1 60
9 67
2 49
3 41
3 73
6 48
8 86
10 28
2 99
6 69
10 56
10 85
9 56
6 31
6 16
2 73
8 58
3 21
5 30
8 52
9 1
3 71
10 99
5 60
3 39
5 53
2 71
6 40
6 13
7 56
9 97
7 47
8 72
1 33
9 59
2 20
7 98
9 87
4 25
4 29
9 21
3 11
9 58
10 59
8 80
9 74
9 73
3 45
9 47
6 76
9 39
1 54
1 37
10 65
1 35
3 45
6 69
8 89
6 67
1 48
2 52
2 82
2 57
2 84
7 62
9 82
10 29
3 100
1 70
1 64
6 16
7 60
10 28
4 63
1 40
6 45
1 66
9 56
3 44
7 87
10 22
8 90
5 91
7 20
3 67
7 86
10 9
6 28
2 89
9 62
5 63
5 25
1 44
1 52
1 89
7 78
10 66
1 57
3 51
7 5
3 31
4 64
2 14
8 90
4 85
4 46
4 10
4 76
4 45
9 69
9 36
4 85
7 10
5 7
6 79
1 32
5 71
10 45
2 52
2 55
1 27
7 51
5 2
8 62
5 82
1 52
3 44
10 100
6 3
1 88
8 37
8 71
1 85
10 67
10 73
6 30
9 28
5 96
8 96
5 48
7 58
1 88
8 43
2 47
9 48
4 19
6 66
3 15
5 48
1 67
9 98
5 55
9 18
5 50
2 50
2 64
2 18
4 38
10 23
8 63
1 21
6 100
1 82
4 13
6 93
9 76
10 26
10 14
7 72
5 68
4 17
7 44
7 17
3 18
6 98
10 30
10 35
9 9
2 77
1 80
8 55
3 64
4 11
5 67
2 3
10 23
7 53
10 47
9 3
4 76
9 70
1 26
1 46
8 52
5 87
9 16
4 71
10 20
1 48
2 6
3 65
7 67
2 73
10 89
8 21
7 59
10 48
2 78
6 17
10 65
3 91
6 45
10 32
8 51
8 64
5 72
6 14
10 44
6 3
8 30
5 82
4 72
10 80
3 26
5 28
6 17
4 87
1 11
9 22
1 66
10 69
1 60
6 77
1 65
6 46
10 59
6 47
1 78
9 34
8 86
6 79
4 100
10 73
8 95
7 54
2 49
2 97
9 29
8 90
3 55
3 25
6 74
9 23
6 50
5 50
9 3
4 87
2 42
4 3
7 51
3 55
10 91
10 54
5 97
4 34
5 49
6 61
1 45
3 94
6 8
7 84
9 12
2 52
4 34
6 39
3 93
4 54
1 38
4 74
1 48
6 92
3 56
7 15
5 83
4 89
6 99
9 67
3 60
1 84
3 5
8 46
5 60
6 38
6 15
1 38
4 4
6 16
10 32
1 9
7 52
3 47
8 32
1 25
9 1
4 78
2 91
7 57
9 100
9 40
6 61
1 2
8 46
10 91
6 72
4 92
3 12
10 25
2 83
6 44
5 18
9 27
10 3
2 98
3 93
9 2
9 50
10 98
7 71
9 81
7 57
1 40
1 79
1 94
4 67
2 54
2 91
10 93
4 6
10 38
10 24
10 83
1 26
4 22
8 94
6 12
5 67
4 81
8 66
8 74
2 97
4 65
3 41
5 28
6 80
2 33
4 91
8 12
1 11
7 53
10 63
5 86
8 50
4 55
5 47
3 18
4 21
7 62
8 10
5 71
10 52
8 58
7 56
3 71
8 79
10 53
7 98
9 43
4 5
10 30
8 16
8 34
3 70
10 5
7 72
3 30
10 43
10 27
4 30
5 48
10 86
7 5
3 99
1 30
5 88
1 73
3 4
10 40
2 45
1 90
8 42
5 21
7 16
5 43
4 97
2 22
10 10
8 8
3 71
1 51
1 13
1 62
9 27
5 82
1 42
6 61
8 84
6 45
4 64
7 57
1 97
9 93
7 29
2 19
3 36
6 51
4 74
2 7
4 21
8 24
8 24
8 82
6 58
6 18
10 55
6 43
7 22
3 10
9 79
7 15
2 44
8 77
3 79
7 74
6 99
5 33
4 32
6 77
8 36
5 51
9 69
3 79
1 17
8 56
6 97
2 90
3 26
5 94
8 98
5 1
4 83
2 61
8 2
9 53
8 63
7 24
7 45
