8 35
7 60
2 19
5 91
9 13
5 54
7 95
6 76
2 73
3 15
9 70
7 85
7 94
6 60
3 74
3 17
6 28
2 86
10 76
6 46
6 82
5 42
2 65
7 97
10 17
7 36
7 71
9 60
6 19
7 85
2 50
3 49
6 85
2 63
3 49
8 50
7 46
2 9
2 40
6 61
3 69
10 33
9 89
4 22
1 91
10 89
2 89
8 90
3 95
7 50
9 61
5 92
3 31
4 1
1 7
5 63
9 63
8 12
3 80
4 89
9 62
4 50
3 2
5 67
2 34
7 54
5 92
3 3
5 95
8 21
1 67
1 24
7 20
9 76
3 13
4 46
5 74
5 45
1 21
9 33
8 50
8 64
4 79
3 45
6 76
10 57
10 2
5 60
5 3
2 18
5 75
8 92
6 38
1 99
2 30
9 64
2 87
3 41
8 58
2 39
6 95
10 41
10 55
6 54
8 42
6 20
4 46
7 65
7 54
8 67
4 42
7 43
6 28
7 70
8 43
4 96
4 24
9 42
3 91
6 23
9 76
7 44
6 19
10 54
9 85
7 25
1 5
5 43
1 19
6 41
5 20
7 70
6 43
8 86
9 13
5 35
7 88
5 96
2 22
3 95
5 72
5 5
5 46
9 67
1 63
1 68
3 1
8 26
1 80
9 23
6 82
10 34
7 88
8 54
4 53
4 31
8 36
1 75
3 1
6 9
3 95
10 66
6 41
2 40
7 35
6 8
8 24
2 91
6 74
7 9
6 14
6 79
5 83
4 8
7 26
5 26
3 84
1 75
3 84
9 43
7 27
1 93
3 94
4 42
1 32
5 26
5 97
8 46
7 6
1 10
10 2
3 69
4 3
9 3
3 19
6 12
7 38
1 22
3 29
2 33
6 32
10 15
3 77
2 57
9 69
7 35
6 69
1 20
7 86
10 43
4 49
8 2
7 74
7 44
1 60
4 50
8 55
1 69
7 58
3 40
10 4
9 54
10 34
5 8
9 98
3 77
10 31
1 18
6 21
7 17
1 60
1 77
5 17
10 69
9 81
7 55
4 39
10 7
4 45
1 20
3 95
10 47
1 36
2 36
3 69
8 95
8 100
6 12
8 14
7 50
3 13
9 93
4 70
7 18
5 75
9 82
8 53
5 64
8 12
3 11
5 35
8 57
9 40
7 25
3 82
3 84
5 27
10 70
4 84
10 48
8 43
4 47
5 15
7 32
1 92
4 88
3 8
1 90
2 41
8 32
1 64
8 27
2 94
6 44
9 35
2 35
9 29
9 58
7 83
3 67
3 23
7 87
6 22
10 61
5 94
4 47
6 54
3 39
6 66
5 1
9 42
7 53
1 26
3 1
5 68
1 22
6 14
8 60
5 25
1 47
2 76
10 52
5 34
4 5
4 88
4 46
3 100
5 97
3 13
10 89
6 73
3 7
9 52
3 10
8 19
3 85
8 26
8 95
10 94
7 79
1 75
2 2
8 78
7 71
9 35
6 97
9 11
6 36
6 81
7 29
7 87
2 76
8 100
5 69
6 100
3 43
3 48
5 58
7 20
5 75
7 91
8 70
4 27
4 32
3 54
5 67
5 49
10 31
1 99
6 54
4 90
2 88
10 58
10 30
2 26
8 33
3 86
1 80
6 67
4 87
4 82
1 34
4 52
2 10
2 98
9 94
9 74
3 86
6 25
6 69
5 45
5 78
5 46
10 47
3 64
4 25
9 86
7 71
5 46
3 37
1 90
2 84
2 93
3 61
1 42
5 40
9 94
10 12
2 86
9 86
6 50
2 14
10 21
3 93
6 85
5 100
6 58
4 1
4 63
2 94
3 52
7 27
1 96
1 45
5 40
10 97
7 97
1 87
3 63
5 81
6 62
10 75
3 2
8 45
8 96
2 15
8 12
1 89
1 82
10 88
2 8
2 78
3 77
7 54
4 65
9 23
7 42
9 63
9 23
4 59
5 27
9 50
8 93
4 23
5 68
6 37
6 58
6 51
2 58
1 29
7 26
10 34
6 87
6 70
5 84
7 16
2 22
8 78
7 84
6 21
4 57
8 17
8 35
2 36
3 15
8 3
2 87
4 91
4 18
4 58
9 46
2 3
5 16
10 19
1 7
10 54
1 91
4 46
8 38
4 63
10 38
4 72
1 71
6 86
4 11
5 6
8 20
5 97
5 4
3 21
10 93
6 91
9 100
2 78
9 56
3 66
8 29
5 60
6 71
1 98
10 53
3 62
8 2
6 42
10 4
7 72
7 31
9 88
8 45
6 59
7 56
2 5
4 10
9 12
4 82
1 80
6 26
5 87
3 25
6 42
5 82
7 77
2 15
10 20
9 58
7 19
6 39
4 10
9 43
9 66
1 96
9 15
8 57
3 11
3 28
10 16
6 39
3 82
6 57
1 36
8 63
6 5
8 60
3 7
6 25
8 56
10 93
2 53
2 73
8 4
4 64
8 49
8 7
3 1
1 28
6 52
8 64
7 77
7 47
1 88
7 60
4 25
4 11
10 84
5 80
1 5
7 56
5 4
1 18
8 13
6 88
8 7
7 13
6 88
1 93
1 71
6 60
1 1
5 7
7 76
4 56
2 86
10 65
1 10
8 76
1 10
7 38
8 26
2 66
4 56
8 93
6 86
6 17
2 8
2 83
10 30
6 66
5 27
2 25
6 79
3 57
4 36
4 1
6 44
6 11
10 99
6 56
6 53
3 55
5 46
8 66
6 46
4 66
8 32
2 15
8 34
7 1
1 16
7 86
7 67
2 11
6 52
9 25
7 5
9 6
6 60
3 17
3 36
1 16
8 73
4 45
1 89
7 88
7 60
6 23
5 60
5 56
4 87
7 92
5 90
9 65
10 60
1 47
9 51
7 72
10 31
7 59
3 13
2 17
5 90
1 43
9 78
8 60
2 24
10 2
8 48
9 18
2 24
10 13
5 88
3 98
4 97
5 29
6 17
1 54
5 65
4 20
6 55
8 1
7 43
6 34
6 54
4 91
2 3
4 14
8 70
4 74
2 86
6 52
10 19
4 29
7 33
9 94
10 52
8 53
6 45
7 21
6 25
4 37
4 73
3 66
8 71
5 32
6 9
10 35
1 63
3 27
4 2
6 41
8 9
1 13
3 96
5 10
7 17
5 45
5 67
5 86
4 80
2 15
3 47
3 43
8 7
7 4
4 5
3 50
2 97
1 81
10 86
3 49
3 17
6 13
1 15
8 53
1 80
10 89
6 45
10 75
7 69
8 97
1 56
2 41
8 88
2 25
6 66
1 19
2 18
1 10
9 87
4 68
5 33
1 8
3 60
1 8
9 25
8 80
6 9
7 60
6 68
9 89
5 100
8 35
4 23
6 68
1 85
2 50
5 52
8 46
8 6
3 25
1 61
2 45
7 75
10 2
2 63
6 65
5 92
5 10
1 57
8 35
5 47
8 83
5 72
10 25
10 81
5 98
9 99
4 86
2 66
2 12
4 70
5 24
8 79
2 67
5 32
6 6
8 92
5 48
7 54
2 6
10 84
7 64
5 19
9 6
5 50
1 20
5 36
8 88
10 7
6 79
1 92
6 51
1 20
1 40
5 46
7 93
4 47
2 54
10 19
5 29
4 19
8 46
8 10
2 51
9 14
4 53
1 48
6 93
2 28
5 43
5 76
1 82
4 30
3 13
1 93
7 34
9 25
4 52
3 32
5 79
5 43
10 81
6 96
3 19
3 98
7 34
7 47
3 21
8 14
8 24
4 89
1 43
7 25
7 97
8 81
7 86
9 22
10 8
3 86
5 31
7 36
1 33
6 7
5 89
3 17
1 83
4 85
10 30
2 2
2 94
5 51
3 61
2 79
6 97
4 44
4 55
8 53
7 91
5 98
2 64
4 5
10 59
8 47
9 40
2 40
10 29
8 87
8 36
3 42
6 12
4 79
1 80
5 53
4 76
2 50
7 61
1 69
7 11
6 99
9 25
10 19
7 86
3 88
5 63
5 68
10 14
10 34
4 42
8 44
6 97
5 67
5 67
4 17
5 4
3 38
3 89
8 79
9 3
1 100
3 58
5 27
6 14
4 50
2 97
3 2
10 13
2 15
6 4
4 5
3 21
5 48
8 48
10 88
6 67
5 15
1 69
9 69
5 33
4 99
1 57
3 4
8 52
9 36
7 66
8 54
3 66
6 61
9 2
8 87
2 83
5 7
8 68
7 13
8 74
5 80
4 78
7 100
7 3
4 22
1 46
8 46
10 80
5 24
3 75
4 95
7 65
3 66
5 3
10 95
7 14
3 66
3 40
1 32
9 1
10 27
5 100
2 55
5 34
3 62
5 19
4 71
7 29
5 100
9 25
9 100
9 40
7 69
1 82
1 83
7 23
5 65
3 24
2 24
6 45
7 86
9 21
8 13
1 70
9 43
10 92
6 62
6 56
2 72
5 94
4 37
1 96
6 56
7 42
7 97
6 64
3 58
