7 30
2 49
5 15
1 29
8 25
2 32
10 60
1 31
9 20
4 69
3 94
5 67
5 7
4 62
5 58
8 46
4 14
9 14
1 86
4 51
9 90
5 66
4 47
2 39
2 42
1 60
3 3
6 7
7 85
2 64
10 38
2 55
8 28
4 59
8 82
2 28
3 30
1 74
7 45
5 79
5 26
4 78
9 7
6 22
1 57
4 31
8 30
7 43
4 58
5 30
6 48
9 60
6 47
6 45
10 53
4 59
5 99
9 19
7 23
7 78
6 7
6 2
9 3
5 6
1 67
8 90
2 34
2 100
1 63
3 69
5 7
9 5
3 100
10 11
3 82
6 7
3 7
7 9
6 100
3 19
6 34
8 35
7 23
4 28
8 72
6 76
3 96
9 11
6 95
3 14
7 100
2 79
9 17
2 76
9 13
6 63
1 61
3 18
3 72
9 32
1 60
6 28
10 3
7 57
4 6
8 16
9 50
7 27
9 48
7 55
1 35
6 49
9 82
2 97
9 99
3 79
7 100
7 3
4 57
7 37
3 39
1 50
4 23
3 54
6 82
4 31
4 18
3 82
2 6
10 90
5 96
1 70
4 72
9 88
1 85
4 89
1 8
4 79
6 32
3 50
1 98
4 26
2 24
2 42
6 1
1 39
4 6
10 17
7 32
5 52
9 35
7 45
6 14
9 19
10 100
10 28
7 3
6 78
7 31
2 1
10 55
7 18
8 57
6 11
1 80
2 21
4 8
2 7
7 37
6 98
3 8
3 36
5 74
10 6
7 35
4 90
6 96
6 14
10 50
3 57
5 64
6 60
4 39
2 45
7 97
9 60
5 7
8 21
2 52
10 10
10 91
6 73
10 32
5 56
4 80
4 59
4 44
3 34
1 9
5 7
7 1
10 97
3 45
3 84
4 55
4 2
8 63
8 24
7 39
5 46
4 8
10 8
3 27
4 22
3 89
5 50
9 23
2 50
2 83
3 76
6 32
5 79
5 72
7 29
10 81
6 10
6 76
8 37
2 27
3 88
8 83
2 6
10 34
5 93
4 36
3 91
8 35
4 63
1 77
6 13
4 33
4 98
2 87
2 21
7 38
9 80
8 32
2 55
4 37
1 100
3 72
8 99
9 96
7 44
4 74
7 63
2 69
1 32
2 39
10 77
8 86
4 90
5 83
3 96
4 58
5 70
7 52
8 68
5 14
10 97
4 76
8 84
7 7
10 79
6 96
5 49
3 81
10 99
7 69
2 58
10 27
8 63
2 48
5 99
9 35
3 74
10 59
6 24
2 44
2 24
2 94
10 1
9 64
4 77
10 29
8 96
5 21
10 71
1 66
6 24
3 18
9 7
4 25
8 34
5 57
9 81
4 66
1 68
3 15
9 30
5 87
5 12
2 48
9 11
5 60
6 71
7 66
7 13
3 57
3 87
1 72
3 91
8 60
3 23
8 62
1 85
2 76
5 88
4 45
7 49
4 26
9 11
2 21
1 50
9 76
7 43
2 2
5 71
10 58
1 69
8 41
2 70
10 79
5 72
6 49
9 11
7 51
3 4
4 45
7 60
7 36
4 57
9 75
6 80
3 23
2 79
4 96
3 57
8 45
10 93
9 19
4 92
3 47
1 80
1 87
6 82
5 80
5 50
5 10
2 54
1 64
5 49
8 82
4 39
2 89
5 19
8 98
6 80
10 23
10 77
9 83
7 64
1 29
7 70
4 77
9 53
9 35
1 94
1 97
6 94
1 75
8 85
6 30
1 35
5 62
4 56
4 21
10 94
7 90
1 100
1 39
5 29
9 24
7 24
1 19
7 68
10 100
3 89
6 38
8 46
4 73
6 64
9 29
9 80
10 32
1 73
8 83
1 99
2 97
4 84
1 98
3 32
3 36
1 88
3 88
10 71
8 47
9 58
2 35
6 46
3 94
5 85
9 63
2 85
8 9
6 1
7 12
7 6
4 77
7 17
8 10
7 8
1 44
1 90
1 23
2 33
10 4
3 51
3 93
2 85
3 89
7 93
7 54
5 58
1 29
7 58
10 22
7 84
2 37
10 11
5 16
2 60
7 39
8 20
1 58
3 34
3 71
7 16
10 40
2 72
6 8
2 40
6 58
8 83
1 81
9 58
1 44
8 47
1 86
1 80
2 50
4 48
9 35
7 32
3 66
5 37
7 97
8 22
10 83
3 85
8 33
5 87
6 78
10 38
5 94
3 66
7 2
10 75
8 43
4 79
3 64
5 4
2 28
7 69
3 81
5 50
7 8
6 45
4 29
3 93
7 34
9 75
1 43
3 16
8 46
7 42
3 54
1 32
6 98
1 17
4 16
10 71
2 39
5 37
10 98
4 32
3 50
9 66
5 68
9 57
1 13
9 84
7 84
4 71
6 38
6 17
8 76
10 54
7 8
1 43
1 21
5 40
7 11
7 72
4 20
4 68
4 66
7 38
7 69
2 8
10 80
6 18
5 40
4 81
10 90
4 14
2 94
6 31
6 52
1 57
1 27
1 64
8 53
2 88
8 75
7 100
9 53
7 44
8 58
5 39
6 74
2 79
3 93
5 71
8 38
6 65
2 68
1 41
5 93
3 21
3 48
1 93
9 37
7 46
7 89
3 44
9 78
4 74
8 46
1 59
10 84
7 79
10 93
8 59
10 14
6 34
3 30
10 65
3 54
6 9
5 76
8 20
6 18
3 90
4 73
3 15
8 19
7 32
5 4
2 10
8 97
8 86
8 35
4 86
1 59
5 69
1 24
2 88
9 93
7 32
10 30
7 88
1 61
10 99
4 55
6 87
5 33
6 67
5 8
9 94
4 45
2 45
2 50
6 90
10 91
8 60
9 4
1 96
5 65
4 65
5 20
10 76
10 62
6 59
4 25
6 4
4 10
4 90
9 96
1 80
2 21
7 81
10 77
2 9
2 100
5 62
9 8
8 3
3 1
2 74
6 6
7 77
9 34
6 84
10 83
7 21
5 78
9 72
1 31
4 70
10 92
5 34
8 11
3 11
9 85
9 77
3 3
4 19
9 3
10 18
3 31
10 13
2 70
9 21
8 84
7 75
1 93
2 32
3 1
4 88
4 51
8 72
6 40
4 95
10 24
10 1
9 8
8 48
2 26
5 23
2 98
5 64
5 70
1 17
6 98
3 74
7 90
8 55
6 9
9 70
10 10
7 33
6 66
8 50
3 94
1 11
2 86
4 85
2 83
6 64
10 46
4 62
6 43
1 41
2 33
7 59
7 67
6 73
8 24
5 40
7 28
4 92
1 96
2 38
2 49
4 54
2 12
10 90
5 57
7 95
7 10
6 78
9 51
1 86
4 68
5 60
4 82
3 20
3 8
9 12
3 27
10 83
5 38
1 24
4 80
5 65
4 18
6 67
6 24
1 91
8 28
4 8
6 76
3 96
9 46
9 42
7 81
6 98
8 58
8 27
9 49
2 18
4 90
5 38
6 37
9 34
9 90
5 23
7 65
10 47
1 98
10 68
8 100
9 12
10 38
6 27
8 71
10 95
6 15
6 56
8 95
5 1
9 68
9 57
3 53
10 19
5 76
6 10
5 20
6 41
4 20
4 60
1 27
5 3
7 47
7 59
10 76
9 64
10 63
8 87
6 85
10 13
4 7
5 88
6 71
7 96
10 77
3 67
6 15
8 79
6 99
10 41
3 60
6 32
1 52
4 67
8 88
9 40
8 61
2 30
4 20
2 46
7 97
2 74
9 54
4 95
4 95
2 21
1 6
5 57
4 81
4 15
2 15
7 42
3 4
3 89
3 40
8 47
5 8
5 63
7 94
3 38
1 47
7 51
5 22
4 67
9 71
2 65
9 53
4 12
10 37
10 79
8 9
5 94
1 90
4 89
10 23
10 70
6 46
3 95
7 8
10 89
7 57
8 55
1 6
9 73
8 73
2 66
9 82
10 76
9 79
1 76
3 33
2 20
7 90
1 26
8 89
6 56
7 45
1 36
3 43
3 83
10 26
10 61
9 68
10 49
4 55
4 56
6 45
9 11
9 2
6 34
7 77
8 11
2 2
8 12
6 95
4 87
7 61
8 32
7 18
1 44
8 69
9 17
2 71
5 9
10 41
1 85
2 35
4 87
5 16
1 68
2 7
7 16
9 54
2 63
3 25
8 62
8 67
4 51
3 50
3 7
5 33
9 62
3 7
9 80
8 42
10 46
8 62
9 27
6 41
10 39
7 28
5 55
4 87
6 39
6 82
6 92
1 56
4 57
2 46
4 97
2 61
2 40
4 56
2 40
7 57
3 70
3 3
5 74
3 55
9 36
8 51
4 45
1 7
2 26
7 75
9 20
9 26
1 21
6 66
2 6
2 40
10 38
1 51
5 68
2 73
9 74
3 82
6 6
6 90
9 61
4 26
6 14
6 71
10 41
4 55
8 34
9 88
3 98
5 47
1 5
6 82
4 89
3 19
5 42
9 9
9 83
7 72
2 18
