9 53
4 77
7 35
7 1
3 26
3 24
10 61
3 83
6 60
10 46
1 36
4 25
2 80
3 85
9 56
3 67
8 57
10 68
2 53
5 65
2 81
1 3
9 64
7 75
8 98
2 11
4 4
2 55
2 75
5 4
7 81
9 45
1 3
2 1
7 47
8 64
4 91
10 40
7 91
9 11
5 6
10 48
6 67
9 96
1 41
6 20
8 89
8 97
9 37
10 95
8 44
4 99
6 53
2 43
1 35
1 100
5 62
10 9
1 93
6 54
8 65
8 36
9 67
10 51
3 69
7 47
5 69
8 33
9 91
2 69
3 10
3 26
5 15
5 32
9 35
9 38
10 59
7 64
6 61
6 37
2 76
1 63
6 56
6 59
1 89
7 77
8 48
2 4
3 69
3 46
10 100
6 55
2 74
6 21
10 79
1 13
7 10
2 80
1 16
10 81
3 31
10 39
2 88
3 71
8 53
9 64
2 24
2 15
6 39
3 81
5 37
10 56
8 71
7 79
8 54
4 90
1 17
2 3
8 46
10 98
3 68
10 9
10 80
10 91
10 39
8 10
6 12
10 89
10 55
3 71
9 41
6 100
8 91
6 81
2 39
8 14
3 17
7 52
3 40
8 90
1 20
2 79
7 20
3 65
7 42
8 56
7 42
10 96
4 97
8 1
1 62
5 43
5 99
5 96
1 59
2 82
10 91
1 52
6 67
3 99
8 20
4 78
10 4
5 25
4 50
1 60
8 35
10 97
6 82
9 74
1 69
2 52
8 28
1 37
5 91
2 53
7 8
1 69
5 31
6 53
10 80
9 45
9 3
2 87
7 53
2 27
9 10
8 87
6 51
6 30
3 88
5 53
3 56
4 42
1 88
10 29
1 93
4 32
4 53
5 41
3 6
9 20
5 43
4 44
6 40
10 92
7 53
10 35
3 90
6 47
2 78
3 84
9 2
9 65
9 34
2 97
3 79
7 67
9 68
5 79
2 71
1 97
1 14
10 69
8 92
1 6
9 6
3 23
3 23
7 36
10 97
7 81
9 94
8 2
2 20
2 55
3 7
2 87
7 56
4 29
9 20
9 54
3 19
8 86
2 9
8 53
1 83
2 78
4 9
3 60
6 23
7 9
1 42
5 89
10 2
2 35
9 19
7 91
4 73
5 36
3 78
4 25
4 34
6 91
2 45
3 5
8 21
2 37
7 2
8 31
7 45
10 20
5 61
2 57
8 33
3 90
7 26
8 10
6 57
4 29
6 98
1 22
6 56
9 2
5 61
2 33
10 60
5 64
2 42
4 73
7 3
3 72
3 67
8 98
6 41
1 44
4 20
9 33
8 89
10 13
4 9
5 27
1 31
2 63
9 94
1 37
5 69
1 57
4 68
6 56
10 13
7 35
5 23
9 8
7 62
9 54
10 71
7 38
6 79
5 60
3 1
7 99
4 1
5 74
10 77
5 44
7 10
2 67
10 22
1 33
1 2
7 12
8 99
10 53
10 60
3 72
9 54
9 30
4 7
7 67
7 61
4 62
4 6
7 48
2 43
5 26
5 10
1 44
5 49
8 72
5 48
4 6
2 39
4 38
8 82
5 63
2 70
9 99
5 68
7 69
1 53
4 10
3 5
9 74
4 45
1 59
8 41
7 48
3 58
8 59
3 26
7 39
7 6
10 33
3 85
4 3
9 27
4 82
9 91
5 65
10 15
10 90
3 23
5 63
8 5
1 9
3 96
10 59
2 22
7 18
2 64
3 26
5 94
8 92
5 93
10 94
4 19
3 85
9 65
4 46
2 62
9 1
5 91
4 42
8 6
1 69
2 14
3 33
2 91
10 66
4 50
1 9
1 56
2 20
6 95
3 71
5 46
5 21
6 59
4 65
9 47
7 6
1 18
7 33
4 56
8 98
8 79
1 49
2 44
5 32
10 93
2 27
7 46
6 95
2 37
5 96
8 59
1 21
3 40
10 98
5 94
1 70
6 15
4 23
2 53
3 84
1 97
5 77
1 80
8 26
8 16
1 2
2 98
1 19
1 69
10 15
2 29
5 45
1 47
2 79
6 49
1 96
1 100
5 94
5 69
6 90
2 45
5 48
4 18
10 22
1 92
9 77
4 57
3 3
1 46
6 12
3 34
7 92
2 4
9 18
1 68
4 19
6 95
2 13
10 78
9 64
9 58
1 48
10 2
8 37
7 36
5 79
10 57
8 20
2 52
2 77
10 71
10 70
8 31
4 58
6 94
10 28
5 26
9 79
8 79
7 33
6 98
3 79
8 22
8 41
9 93
8 62
1 13
5 29
2 84
3 39
5 21
9 78
2 48
1 99
1 50
9 37
6 31
2 61
3 13
9 53
5 54
9 41
5 49
5 74
6 66
10 48
10 4
6 10
2 93
6 56
3 34
1 28
9 87
5 49
2 14
2 50
6 40
4 76
3 1
1 100
2 70
10 36
8 60
8 56
7 88
6 29
5 66
7 98
9 15
9 23
6 97
7 23
4 65
4 41
2 91
4 11
6 31
5 12
10 47
4 32
5 70
10 91
5 63
3 23
4 83
7 34
4 57
5 68
2 96
6 89
5 77
9 83
6 89
7 75
2 46
10 95
2 2
7 97
4 34
5 99
2 45
3 75
4 24
9 73
2 75
6 15
4 17
7 37
6 9
1 83
10 73
6 72
7 88
7 28
5 45
9 78
1 4
3 33
9 48
10 86
1 54
8 28
3 68
7 67
4 95
10 41
3 96
1 59
4 21
9 92
3 77
5 49
4 13
8 41
3 83
9 16
9 29
3 8
1 42
4 7
8 26
10 28
10 83
2 4
6 52
3 93
2 58
5 83
6 70
9 23
7 39
3 21
7 9
8 22
2 75
5 88
3 26
6 6
10 66
2 91
4 18
7 14
6 60
6 60
9 3
4 19
8 21
10 83
3 94
5 39
2 55
3 26
9 7
1 92
1 76
10 60
2 38
8 52
2 82
8 84
4 38
9 80
5 57
8 9
8 94
2 95
2 73
10 73
7 98
1 97
4 43
7 100
3 97
1 78
3 10
3 11
5 86
2 34
1 91
5 15
9 55
4 1
2 87
1 21
5 47
10 2
4 25
9 94
8 29
5 93
3 91
2 9
8 28
9 99
2 87
3 10
6 21
8 54
7 35
3 90
8 56
5 3
6 92
9 62
3 57
10 21
2 48
9 55
8 90
8 41
7 73
2 84
7 99
4 5
4 27
7 17
8 92
3 51
10 98
5 100
4 54
2 77
7 10
4 84
5 68
4 89
8 69
6 19
6 33
7 64
10 45
6 13
10 80
6 63
6 60
7 16
5 59
1 35
3 30
9 7
8 28
6 10
8 95
6 93
7 48
4 5
4 10
5 90
9 30
1 75
1 10
5 10
8 93
1 80
7 6
2 62
5 65
10 13
6 54
10 4
8 27
1 40
7 7
3 44
9 26
9 51
6 60
4 47
3 10
4 95
1 7
1 76
10 88
2 78
5 72
6 95
5 7
10 14
8 14
7 63
4 59
6 54
8 62
1 89
8 33
1 26
8 53
7 82
5 67
4 72
5 27
5 47
5 35
8 19
6 28
2 47
2 93
8 80
10 100
2 58
10 15
2 10
6 88
2 30
10 42
4 28
7 60
3 66
7 24
2 3
8 17
8 37
7 93
4 75
3 30
4 9
2 3
8 54
1 56
4 66
7 56
10 2
8 80
8 45
5 56
2 21
3 4
4 12
10 94
3 25
2 80
3 30
10 74
8 39
4 81
1 93
10 53
5 73
5 21
6 29
8 22
3 2
6 63
8 59
6 48
5 98
3 69
3 65
7 63
6 25
3 94
6 3
7 38
8 94
2 72
1 33
10 27
4 37
8 81
4 100
1 4
3 96
2 55
1 59
5 66
8 67
6 21
10 96
9 10
1 37
9 45
7 21
4 77
3 8
2 69
7 31
7 45
8 48
4 28
3 70
1 100
5 62
8 4
3 20
4 57
10 17
5 23
2 5
4 28
4 20
4 57
10 34
2 96
6 29
9 61
6 48
1 72
4 34
10 41
4 95
1 20
8 75
3 92
8 37
5 19
8 24
5 35
5 50
3 56
9 61
10 42
4 56
10 2
4 86
9 18
9 98
10 70
4 3
8 95
3 66
7 70
2 54
3 24
10 72
4 21
6 49
1 99
7 78
4 75
3 87
6 36
10 100
2 8
1 92
9 91
9 15
4 50
6 43
4 40
10 91
2 76
2 93
5 48
8 38
7 79
3 33
10 59
2 60
3 25
9 55
6 66
8 35
4 82
9 14
5 95
3 71
7 17
3 24
6 33
8 53
7 21
3 99
4 39
5 12
6 86
10 63
9 58
1 16
7 58
5 96
10 37
9 80
6 58
5 91
9 74
3 41
10 1
6 98
10 60
4 12
4 17
5 54
3 32
10 57
3 75
1 9
7 26
3 42
3 13
1 6
9 47
5 16
2 35
4 37
