6 73
6 74
8 68
1 48
2 27
6 46
6 25
6 49
10 50
3 75
1 97
7 83
5 35
6 6
5 48
3 92
9 32
2 8
6 4
5 73
8 76
10 14
5 43
1 66
3 22
9 29
4 37
4 50
8 7
3 73
8 73
5 92
6 14
5 67
6 22
9 67
5 21
4 65
7 28
1 11
6 23
2 98
4 22
2 86
9 62
9 57
1 6
7 92
5 28
5 40
10 90
4 99
6 78
9 22
7 63
5 29
2 93
6 79
7 1
3 40
9 74
5 40
7 20
4 69
7 28
3 2
7 54
6 40
3 59
3 77
3 56
7 3
3 88
10 47
2 60
2 72
3 52
4 24
6 34
1 26
4 14
2 64
7 89
4 48
7 92
4 10
4 52
8 14
7 12
3 50
4 67
3 42
6 93
10 52
7 52
4 9
4 12
8 60
7 80
7 92
10 25
6 66
9 10
3 30
10 1
5 28
7 8
4 57
1 51
5 84
4 51
4 82
8 45
7 66
3 33
9 59
7 81
3 95
8 42
2 87
2 3
2 5
2 26
1 2
3 75
8 88
5 50
3 66
6 97
7 4
8 84
4 46
2 6
1 83
7 5
9 96
8 53
5 69
3 82
8 28
5 41
1 32
6 62
5 41
1 51
9 11
2 91
3 5
8 62
8 41
6 66
5 54
3 17
5 69
4 30
3 60
4 40
5 100
1 98
4 43
10 93
8 28
8 17
9 63
5 66
10 69
10 10
3 32
10 21
2 43
9 66
7 74
9 42
7 97
8 14
4 63
6 65
8 74
5 27
10 29
6 75
5 87
6 76
3 95
10 30
4 29
7 76
9 45
5 86
6 26
9 71
7 46
10 52
7 29
3 79
1 67
4 51
9 47
7 93
1 71
10 97
7 98
4 79
1 2
2 67
9 23
2 64
8 88
5 14
8 93
8 33
5 25
2 51
4 2
2 31
2 47
6 88
4 58
1 96
3 73
7 87
3 92
9 38
4 20
8 91
2 42
4 36
10 50
7 27
5 19
1 1
3 4
7 76
10 58
8 37
9 21
8 48
3 61
8 60
7 83
10 19
2 72
7 56
4 2
4 2
2 25
6 88
9 50
7 81
5 36
9 54
1 27
5 84
8 38
1 74
5 84
8 66
3 80
3 73
4 23
2 62
5 82
3 23
8 65
8 55
9 30
4 50
9 7
7 9
7 28
3 29
8 29
7 16
8 32
10 13
9 95
4 18
5 61
1 71
2 64
5 25
5 90
10 25
6 84
4 60
8 10
4 76
2 36
8 33
9 94
4 97
7 46
9 45
5 11
6 86
10 19
4 93
1 30
3 11
8 99
2 69
4 19
3 40
9 45
7 28
7 65
9 43
1 54
7 25
3 86
1 23
1 44
9 61
1 5
2 62
6 12
10 60
3 97
10 60
4 9
4 95
6 33
2 66
3 65
3 32
9 40
2 7
4 29
5 43
9 16
5 59
5 94
1 93
7 88
4 64
2 36
4 8
4 11
4 39
1 15
3 63
10 15
8 61
9 18
9 97
1 85
4 92
5 74
6 75
5 54
9 5
9 70
1 81
7 45
1 1
3 5
4 55
2 17
5 6
10 61
8 29
9 78
2 100
5 68
2 20
10 92
5 14
3 2
10 44
8 49
8 80
4 31
2 66
9 97
3 57
2 52
9 37
9 29
7 24
4 3
2 10
2 19
2 8
2 37
6 78
2 94
7 57
7 81
8 77
2 72
8 34
7 23
5 6
2 60
10 43
8 40
9 39
3 50
2 26
6 58
9 19
7 52
8 92
9 62
10 64
8 96
8 98
4 95
1 60
1 26
8 58
7 30
2 29
6 1
7 25
9 42
2 75
8 39
10 51
7 71
4 86
3 82
1 16
4 56
7 63
9 75
5 99
8 27
10 37
1 96
7 23
8 73
7 98
5 83
7 44
7 80
1 97
5 11
7 21
9 70
8 15
3 8
2 13
6 81
9 44
2 27
6 39
5 50
5 32
2 40
2 59
2 8
3 28
7 82
10 48
2 40
10 7
6 39
8 89
7 76
2 60
2 78
4 30
3 10
9 60
10 95
5 95
4 32
10 82
7 35
2 21
1 43
4 73
6 14
1 30
5 77
5 98
6 58
5 23
1 29
6 84
3 55
4 72
2 15
10 61
8 38
5 61
9 11
4 43
1 72
9 17
9 100
5 25
10 38
1 3
1 38
5 50
8 92
9 15
3 26
1 99
8 47
7 75
9 91
1 99
6 69
4 60
4 73
4 15
10 6
6 92
2 91
5 96
7 6
6 67
9 29
2 29
7 87
10 4
1 96
9 79
4 1
8 2
10 75
5 11
3 70
10 77
2 57
5 8
2 97
9 93
5 68
3 47
6 56
7 27
9 97
5 84
9 24
3 92
10 67
9 77
3 26
4 83
7 99
1 95
7 69
6 88
5 14
6 33
9 100
6 80
6 96
7 35
7 91
3 33
7 60
5 44
8 86
8 61
3 71
6 29
2 15
8 96
9 64
6 95
7 58
2 76
9 38
2 82
3 16
1 30
5 55
4 77
7 59
3 92
4 81
4 34
10 13
9 34
9 49
2 81
9 78
5 98
6 6
1 66
3 25
8 74
7 24
9 21
5 99
9 71
8 47
6 14
2 45
4 5
1 94
7 63
5 4
10 99
8 14
5 74
3 73
4 77
3 47
5 34
6 100
7 66
8 55
2 65
9 62
3 82
1 83
1 37
1 93
5 94
5 71
3 56
10 96
6 36
5 27
5 9
4 65
9 94
9 13
9 75
5 32
5 40
4 36
9 2
1 87
8 48
3 100
2 35
1 46
2 98
3 68
4 70
6 66
5 22
8 67
5 19
9 52
8 39
7 84
1 40
10 20
3 91
8 74
9 66
8 79
6 12
3 76
1 49
2 35
3 91
1 91
7 91
8 8
1 16
10 55
5 45
7 35
9 66
7 9
6 59
1 8
1 77
1 9
9 98
3 37
7 68
8 1
5 61
3 74
7 30
1 67
2 34
10 44
1 14
5 25
8 88
1 92
3 25
4 36
1 37
5 74
9 53
8 14
10 43
1 8
4 10
8 66
2 19
1 71
7 50
9 13
3 63
2 94
7 5
7 8
6 25
10 96
1 39
9 42
3 87
5 16
7 51
7 33
3 61
1 64
9 19
8 70
8 34
2 84
5 92
2 10
10 32
3 46
1 13
2 45
1 54
6 45
1 81
10 39
8 18
8 84
2 35
8 35
2 30
6 34
5 15
7 66
6 60
7 52
3 52
6 94
9 56
3 68
2 61
8 9
10 7
10 42
9 69
2 57
2 59
5 34
3 93
8 75
4 87
8 94
3 79
9 62
2 93
1 3
8 10
8 39
10 35
10 5
6 98
4 96
8 41
3 57
3 43
1 10
3 3
10 5
9 54
10 85
3 73
8 35
9 13
6 68
1 36
5 11
6 65
1 15
9 72
2 12
1 3
4 83
9 69
8 59
2 26
5 50
5 32
1 21
5 1
2 13
3 13
7 63
6 55
2 19
8 47
7 10
3 80
8 81
1 65
4 86
8 62
7 58
9 77
6 80
7 78
2 46
3 53
10 6
10 23
3 56
4 92
7 91
3 95
1 73
6 11
5 37
6 3
2 16
7 86
9 80
8 97
10 42
1 58
5 42
1 89
9 73
8 70
8 87
6 14
2 27
9 91
5 56
6 40
10 41
2 66
5 61
2 97
6 22
2 54
2 57
3 90
4 15
3 24
6 98
4 45
2 2
1 21
10 15
1 53
1 53
6 96
7 4
8 99
7 62
9 10
4 37
1 85
8 42
10 95
5 12
4 23
3 7
1 53
1 10
1 47
4 28
10 1
1 35
1 34
1 33
3 82
8 32
5 94
5 37
6 52
6 94
8 60
6 26
4 98
7 10
10 85
3 89
6 29
5 16
5 7
7 88
10 27
7 57
2 18
7 25
10 9
2 7
5 65
8 66
1 98
4 65
2 60
8 61
7 53
8 85
3 41
2 62
9 87
4 61
10 89
8 42
1 75
1 98
7 9
9 60
9 15
10 77
9 27
1 7
1 11
4 28
9 76
6 13
9 34
8 10
3 70
1 15
2 14
5 38
5 52
1 11
3 63
8 81
7 79
7 84
9 96
5 96
9 45
2 82
9 10
5 53
9 77
1 25
10 38
6 52
10 23
3 81
2 68
6 25
10 22
9 32
3 75
6 10
1 71
4 4
6 42
9 7
2 46
5 4
6 31
9 17
8 86
4 15
4 3
8 21
4 35
4 18
8 58
8 100
4 46
1 25
1 30
4 47
6 22
9 15
2 40
7 54
8 3
8 68
2 76
3 94
5 3
4 31
3 84
9 56
2 47
10 74
7 57
5 97
9 9
5 31
5 3
4 17
3 84
5 66
8 75
10 2
7 73
1 27
9 64
3 32
8 18
3 43
1 56
1 53
7 62
5 35
