6 100
10 81
9 9
5 6
7 48
8 68
1 3
1 66
6 29
4 32
9 87
7 83
5 64
4 47
7 88
7 84
8 65
9 85
9 86
9 62
2 13
3 99
4 15
1 91
10 32
1 11
1 31
5 72
3 78
1 81
1 10
1 81
3 62
9 25
1 51
9 81
3 51
2 9
10 41
7 80
5 51
1 5
4 31
6 79
5 53
7 3
2 5
8 16
10 58
10 95
1 74
3 96
3 53
5 93
9 65
1 30
6 4
8 83
2 46
9 99
3 50
4 38
10 92
4 97
2 12
2 65
5 30
5 66
9 94
10 51
3 36
4 44
7 82
10 24
7 5
2 37
4 52
9 61
7 3
8 46
6 46
9 21
1 60
5 16
4 27
10 68
1 61
3 52
3 60
2 44
7 47
8 80
8 73
10 63
5 7
5 73
7 82
8 70
7 99
2 98
1 69
2 54
9 25
8 88
7 39
1 39
10 56
3 1
8 48
8 82
2 72
5 59
10 54
2 16
7 44
3 40
9 90
2 83
6 11
7 44
8 100
7 33
5 57
4 16
9 60
8 38
2 96
5 79
10 12
5 92
9 98
9 65
1 91
6 22
4 91
1 13
6 45
10 67
7 73
8 65
8 43
7 65
8 74
1 86
10 9
9 4
9 37
10 58
2 32
7 98
8 70
3 27
9 71
7 3
8 49
1 23
2 19
2 88
4 7
8 40
4 1
5 58
5 62
4 90
2 97
2 46
6 83
3 58
4 50
4 27
9 48
7 51
4 70
8 60
9 25
3 72
7 84
6 85
8 32
6 2
2 9
6 91
3 27
4 45
2 46
7 90
1 66
5 48
5 34
1 52
4 47
10 23
3 90
8 33
6 68
8 86
6 42
10 54
4 21
5 61
6 14
5 32
10 48
4 43
6 52
1 20
5 78
4 65
7 98
9 86
2 45
9 78
1 71
1 32
5 5
10 61
1 68
9 29
9 93
10 32
8 20
10 48
6 41
3 73
5 46
9 32
1 55
6 5
1 23
7 79
3 76
5 38
1 71
3 10
2 53
6 50
6 46
2 100
1 53
1 52
2 81
5 12
9 63
3 95
9 19
1 41
9 10
7 76
2 54
1 65
7 66
5 98
7 30
3 17
7 9
2 13
3 46
8 8
3 68
7 74
4 12
3 29
5 13
7 86
5 23
10 68
3 97
5 56
4 28
7 85
5 53
8 38
1 54
10 94
10 15
8 88
3 12
5 39
5 11
5 42
1 72
8 38
4 48
4 88
8 95
5 62
2 2
9 61
1 2
1 41
2 31
9 18
7 80
3 28
5 84
3 77
3 82
3 23
1 34
9 1
3 61
1 7
5 75
8 34
8 68
2 37
7 84
10 15
1 84
10 70
9 15
6 58
3 53
2 11
10 76
1 27
8 48
7 20
8 1
8 6
5 17
2 94
1 23
10 68
6 24
1 23
4 52
7 39
4 45
4 62
3 9
6 24
7 6
8 45
1 47
1 81
5 61
3 89
4 55
6 1
3 92
10 86
7 72
9 16
10 14
9 88
8 9
9 42
5 37
2 27
6 25
9 55
7 88
7 40
10 89
2 13
5 72
2 43
2 66
4 19
10 52
7 38
7 41
1 9
6 10
5 28
2 12
2 63
2 65
2 45
7 16
5 73
7 51
7 34
6 26
4 66
6 79
1 71
4 4
2 39
1 33
8 58
2 59
6 74
9 86
5 83
9 20
9 81
8 11
7 27
10 49
8 46
1 38
4 3
10 23
4 98
5 46
4 4
6 47
3 39
3 94
7 70
10 14
4 16
6 10
1 30
6 43
7 38
10 83
10 42
3 81
4 2
7 57
6 78
9 43
2 68
9 20
8 6
5 6
7 67
2 34
5 16
1 51
2 71
2 72
7 32
6 82
1 69
10 82
3 16
5 64
6 42
9 26
4 59
9 90
1 38
4 61
8 68
5 33
7 25
6 71
5 46
1 75
1 52
5 17
5 46
2 12
9 40
6 14
6 34
4 80
9 36
5 96
2 50
8 9
10 47
1 86
7 82
10 100
3 30
5 85
2 49
10 50
1 88
6 9
6 89
5 8
1 98
7 83
5 50
4 8
5 90
6 70
2 62
6 87
3 17
9 68
4 47
5 19
5 47
8 87
6 42
2 53
5 31
3 74
4 36
3 86
9 2
2 19
6 89
5 46
10 54
6 68
9 82
2 13
2 100
10 32
1 8
2 11
3 5
7 37
8 92
9 89
2 26
4 69
3 43
8 97
9 5
5 63
6 21
1 100
7 96
5 100
6 43
5 31
1 97
2 4
5 23
8 48
4 31
2 96
1 100
4 83
2 65
5 27
1 56
3 79
6 87
8 95
1 55
8 84
1 62
2 26
3 27
2 16
1 76
9 16
7 76
7 44
3 11
6 93
7 19
4 62
9 61
4 65
2 33
3 66
2 18
2 65
9 94
1 23
4 63
3 37
8 56
3 65
9 42
5 1
10 55
3 66
9 41
4 2
10 83
4 26
6 90
3 76
1 75
9 93
3 26
3 62
2 90
2 73
5 64
2 15
2 6
8 90
3 55
7 65
3 91
7 68
10 58
10 94
6 66
2 64
9 61
5 49
6 32
6 25
9 71
4 39
10 98
4 58
7 97
2 64
8 44
10 94
1 53
6 60
10 76
8 31
8 45
8 100
8 89
7 83
10 59
1 57
2 42
3 95
1 81
10 45
4 58
5 14
5 80
7 42
9 51
3 79
3 74
10 33
4 9
1 42
6 45
4 44
5 94
5 57
6 8
8 17
3 41
8 48
8 6
1 57
4 85
5 54
1 12
10 26
5 92
8 92
10 73
4 34
9 14
10 2
3 21
9 52
7 6
1 39
5 12
7 15
8 37
9 16
4 62
6 36
5 31
8 9
7 71
10 1
2 54
1 29
3 21
2 47
8 99
1 67
5 38
5 1
7 82
1 24
5 77
9 95
1 32
2 17
1 78
8 75
5 35
8 79
4 64
1 96
5 46
4 73
5 40
7 2
7 79
2 66
8 60
2 83
3 53
3 21
6 50
6 98
7 88
6 78
8 29
5 79
4 22
5 24
9 1
4 20
9 49
3 66
3 4
6 72
5 33
5 25
3 81
9 55
8 56
4 85
2 73
8 70
1 70
4 53
3 97
8 94
1 45
2 82
9 1
4 10
8 32
5 15
1 73
10 42
4 69
4 73
5 84
7 40
6 49
3 27
10 78
4 55
1 84
6 75
5 19
3 4
9 74
9 70
4 7
10 7
10 43
1 33
4 85
4 93
1 32
9 42
7 82
8 89
6 36
10 47
8 85
2 64
4 36
8 99
3 54
8 90
6 68
2 94
5 53
2 8
4 92
6 11
10 86
1 22
7 15
4 69
2 24
8 96
3 92
6 16
5 71
2 27
7 1
3 19
2 56
8 43
2 74
5 57
7 25
9 32
6 8
6 82
5 79
8 74
1 68
2 49
6 10
4 98
6 51
8 32
7 17
9 52
9 9
5 61
2 16
9 17
9 51
6 9
5 67
10 8
6 31
6 29
6 86
1 3
2 93
9 2
7 73
4 76
9 69
8 18
1 79
8 50
1 65
8 22
10 72
5 11
1 1
2 12
8 80
1 21
6 18
8 12
3 15
8 23
7 66
8 36
6 17
1 35
8 4
8 30
4 81
5 15
6 2
4 42
7 52
3 54
1 29
4 55
2 49
4 97
9 80
5 52
2 63
7 4
2 6
2 57
2 95
3 40
3 22
2 44
5 65
1 44
10 95
2 74
3 92
5 50
1 39
9 97
6 9
7 13
9 70
9 49
4 90
3 66
5 22
8 34
3 44
8 84
2 9
2 77
4 39
4 38
2 80
2 64
4 74
2 69
5 48
2 88
5 1
8 5
10 96
4 87
6 81
2 7
10 80
9 61
5 88
10 57
1 6
8 24
8 35
6 26
9 24
3 58
4 62
5 73
7 46
10 31
4 31
2 47
4 94
2 69
6 64
4 15
2 28
3 66
9 64
1 51
4 42
5 30
1 54
7 9
3 87
4 59
7 63
7 1
1 25
9 26
8 3
7 95
5 8
5 65
10 12
10 47
5 82
8 4
1 80
6 3
2 75
10 90
2 81
4 61
1 16
7 19
10 12
10 23
1 22
7 77
10 16
7 79
9 73
1 61
4 38
2 21
6 86
9 24
2 8
2 78
4 55
4 49
1 56
3 33
3 32
2 18
1 44
2 72
6 70
10 24
6 48
4 29
1 25
1 38
3 5
4 14
7 31
4 98
9 70
9 23
9 43
4 22
3 3
8 20
6 53
2 82
7 24
7 25
10 70
5 67
4 44
7 72
7 66
9 25
2 91
4 55
5 92
10 22
3 58
3 48
2 2
7 30
7 68
5 58
2 43
5 32
1 96
10 55
8 46
4 27
2 67
2 18
8 38
10 12
6 93
10 88
8 89
9 100
10 56
