10 56
4 61
9 1
6 55
1 55
3 32
1 87
1 28
6 41
5 11
9 17
9 95
4 60
9 12
3 67
7 10
7 16
6 31
5 32
9 31
1 93
8 32
2 24
4 38
9 78
1 21
4 89
1 88
5 66
4 3
10 59
2 48
10 63
2 2
2 57
9 34
4 98
7 3
1 63
3 1
10 48
7 43
5 44
2 91
4 97
8 30
10 19
10 37
8 33
5 34
2 55
5 5
7 72
6 24
7 53
2 33
7 19
4 7
8 46
1 43
10 14
7 18
8 67
4 12
2 22
3 80
9 47
3 91
9 54
5 83
1 41
8 53
9 99
1 71
9 40
9 16
1 42
8 21
2 92
4 82
8 17
5 58
7 76
6 17
1 48
9 88
7 23
4 54
3 84
6 65
4 61
10 16
10 19
5 33
1 45
9 15
3 100
7 86
6 91
2 95
6 21
9 23
6 16
8 32
4 69
1 39
1 78
8 20
10 38
1 61
5 43
1 55
3 86
9 39
5 90
5 44
2 63
5 61
6 68
6 30
2 48
9 65
1 50
8 95
10 51
2 53
3 9
1 25
9 18
2 65
7 96
10 81
10 24
7 100
4 49
5 57
7 75
10 93
10 98
9 91
1 77
2 49
7 11
4 34
2 82
8 77
6 22
10 37
10 17
7 34
8 53
2 49
8 16
4 4
9 85
5 57
4 82
6 9
2 62
10 73
9 72
10 33
1 55
6 62
9 54
4 70
9 36
3 5
4 13
6 31
6 83
5 85
6 29
1 2
2 45
2 83
8 37
5 71
6 68
8 54
9 68
1 92
1 45
5 26
5 87
5 100
10 37
5 86
6 89
3 34
3 13
8 88
2 69
1 26
8 71
2 25
3 97
4 80
10 28
9 28
1 6
9 65
7 2
5 41
7 60
2 11
1 5
6 72
2 32
8 78
9 83
10 96
1 57
3 54
2 90
9 50
1 86
10 13
10 50
1 54
10 24
1 40
4 46
3 54
9 74
10 3
2 37
8 63
9 6
9 47
1 70
5 97
2 15
7 40
8 94
1 88
8 42
8 1
8 7
6 63
3 79
4 13
7 8
4 66
8 99
5 82
3 61
6 17
9 9
10 19
1 69
1 12
7 26
3 26
3 52
10 18
8 63
8 24
6 81
9 8
2 48
5 94
2 14
3 17
4 24
7 72
10 40
9 69
8 49
3 72
1 46
3 100
1 54
3 85
9 87
5 86
3 24
9 1
8 25
10 14
4 75
7 57
10 26
5 9
5 73
5 33
10 88
9 77
7 3
10 19
6 74
9 76
2 52
9 11
1 19
10 31
9 8
7 89
7 80
9 85
3 34
3 31
2 26
3 24
5 4
2 82
9 7
4 21
8 93
2 38
7 95
2 70
10 1
1 24
7 49
6 44
2 78
9 77
5 33
10 6
4 79
4 94
6 45
8 78
1 37
5 55
1 38
4 21
1 52
5 94
7 45
6 92
9 12
4 99
4 56
7 91
4 17
5 19
1 100
9 74
5 73
10 7
7 87
4 16
3 79
10 51
8 77
10 70
7 3
4 69
1 60
4 26
1 98
5 25
2 69
4 2
3 77
1 41
10 10
5 24
1 55
8 44
6 12
1 65
1 49
7 88
9 52
9 60
2 99
2 49
9 8
4 46
9 13
1 25
10 44
8 61
10 20
2 19
5 87
7 19
7 88
2 82
6 77
7 57
10 94
5 41
1 11
1 37
3 57
5 71
2 49
5 63
1 6
3 70
9 57
8 73
9 78
6 65
5 98
7 80
2 99
1 47
8 53
10 89
6 5
5 83
8 15
7 29
1 9
3 20
5 38
1 70
6 85
9 96
8 75
7 98
10 44
10 90
5 75
2 71
4 68
7 89
5 24
1 52
9 65
4 37
5 35
1 76
1 62
1 59
4 41
7 11
5 88
4 38
6 79
3 98
2 32
1 74
10 100
3 55
8 25
2 29
6 23
6 68
2 61
1 86
8 87
6 18
8 19
7 4
10 81
2 12
4 31
4 1
7 78
9 79
1 27
8 48
6 59
3 57
3 78
9 57
10 26
1 84
10 4
4 2
3 3
1 94
2 7
5 41
10 18
4 52
3 73
6 55
6 86
1 100
9 69
2 48
2 17
4 13
9 13
10 78
10 96
2 51
1 70
8 88
5 13
3 1
5 69
8 21
8 44
6 61
7 18
6 28
8 92
8 48
1 88
9 86
10 29
7 36
9 89
1 34
10 14
8 88
2 81
1 41
4 98
2 51
8 16
5 100
8 20
6 62
9 58
5 64
5 24
10 1
2 4
1 65
5 5
6 98
1 86
10 9
10 79
2 47
6 89
2 96
10 64
6 51
1 23
9 31
3 65
5 29
1 3
6 86
6 7
1 58
10 44
2 77
8 4
9 1
6 51
10 44
4 5
2 14
7 51
10 88
2 71
7 93
7 14
8 14
5 63
9 90
10 27
8 71
10 40
7 44
8 88
1 36
1 54
7 60
5 90
4 5
10 22
2 9
9 29
2 88
4 22
2 50
5 55
6 76
4 19
9 97
7 26
5 44
6 51
4 72
7 36
3 99
7 2
3 44
6 92
9 8
4 47
4 72
1 32
8 57
10 78
6 44
9 82
9 77
1 81
1 76
2 29
1 55
5 64
7 35
2 47
9 38
2 11
9 54
9 30
4 29
2 4
10 88
1 48
7 53
7 71
1 97
4 93
3 76
10 88
2 66
10 81
8 86
4 25
2 1
7 16
8 100
6 66
3 62
6 4
6 26
9 2
1 26
1 15
8 78
10 61
9 88
4 52
5 1
3 13
2 28
3 4
3 42
2 87
2 70
7 66
8 71
1 53
1 25
10 9
4 45
4 87
1 14
1 18
4 93
1 8
6 60
2 76
5 35
6 59
10 75
7 66
3 88
4 52
1 47
6 13
3 34
7 75
8 44
10 68
10 28
6 45
10 89
5 86
1 55
5 3
1 90
1 56
2 50
8 16
10 39
2 41
1 7
7 60
2 29
2 82
4 33
2 29
10 70
5 36
9 11
5 67
6 47
2 15
9 67
1 56
5 7
4 7
7 86
1 94
8 50
3 100
3 88
10 47
1 16
7 27
1 34
3 9
5 17
1 65
1 17
5 61
8 20
1 52
8 97
3 34
3 47
8 70
8 77
10 59
6 71
6 95
4 36
2 39
6 33
9 32
1 67
6 86
8 21
6 40
6 10
2 84
3 63
6 16
4 64
3 34
9 62
5 4
8 41
8 37
5 79
9 37
5 69
6 48
9 84
2 63
6 16
8 38
5 75
2 66
4 46
5 7
8 66
2 42
8 57
10 14
9 50
4 69
1 7
7 6
6 30
8 73
2 96
8 46
9 6
5 16
1 14
8 78
6 22
2 61
5 56
7 78
1 95
2 34
3 57
1 40
8 14
1 6
8 76
10 48
9 74
8 41
4 99
10 8
8 80
9 77
2 99
5 74
8 97
8 53
6 3
6 43
3 5
9 37
7 30
6 55
9 44
10 3
1 35
8 81
10 78
6 61
2 80
6 29
3 1
8 74
3 14
2 90
7 75
8 96
1 8
10 91
1 7
4 4
1 38
6 60
5 72
9 47
2 1
2 24
8 43
1 69
2 21
1 21
9 7
6 33
3 28
4 33
5 93
7 74
10 6
3 77
6 39
5 17
8 21
5 34
10 3
7 30
3 16
3 61
2 58
7 70
10 81
4 60
10 3
4 23
2 60
5 73
7 71
10 57
2 84
9 23
9 28
3 76
6 7
10 49
6 100
8 45
9 44
10 57
9 32
8 60
2 73
6 39
4 64
8 9
10 78
10 16
10 19
3 5
10 74
5 2
6 84
4 79
5 79
10 63
1 74
4 45
3 100
10 31
10 69
10 18
2 20
10 32
2 83
1 67
8 33
8 83
4 39
2 16
1 19
1 78
6 46
1 90
5 61
6 46
2 75
10 36
10 56
7 39
7 17
4 92
4 77
8 73
7 73
10 52
6 49
5 91
8 55
9 99
8 60
10 87
4 73
6 79
6 64
4 22
9 45
9 18
6 4
4 31
10 69
3 3
7 20
5 33
6 43
9 16
3 1
1 75
5 56
7 23
3 15
3 65
9 31
3 26
7 64
2 5
1 56
7 13
7 60
3 52
10 3
9 48
10 12
10 77
9 24
2 16
5 13
9 55
2 6
5 56
2 16
5 48
10 82
5 58
5 69
7 93
7 38
6 1
10 2
5 89
1 93
2 81
8 66
10 48
2 71
2 32
9 88
2 11
6 34
1 17
5 63
8 24
6 97
6 49
1 66
8 96
10 82
10 76
3 95
5 56
6 57
9 54
4 100
9 19
10 81
2 8
3 95
4 16
9 92
2 58
9 51
3 53
8 40
4 99
2 98
2 100
5 13
8 38
4 53
10 55
1 23
10 93
7 31
2 37
5 78
7 42
1 95
4 37
8 62
