3 41
6 4
5 87
8 58
1 65
9 32
9 67
6 68
5 49
10 87
5 53
3 83
8 83
4 23
8 82
8 16
5 57
3 30
5 40
7 99
7 42
5 72
5 1
5 31
5 40
7 92
4 12
2 4
4 94
4 95
2 17
10 81
7 77
1 82
2 15
3 56
8 11
5 26
9 13
8 46
7 69
9 87
3 75
4 26
6 18
8 75
1 12
3 65
6 39
7 94
3 23
10 92
7 85
2 82
4 100
3 75
10 66
7 46
8 9
3 85
3 85
4 8
5 7
7 27
4 100
9 88
6 73
7 100
8 34
1 24
8 5
7 68
7 48
6 43
10 35
8 47
4 89
5 52
2 19
10 92
3 100
7 67
10 68
1 72
2 39
10 44
3 72
3 1
9 99
4 44
5 48
10 21
10 52
4 49
8 23
4 35
2 55
2 38
1 24
2 83
7 36
3 98
5 10
9 68
7 47
1 48
6 89
10 6
2 92
5 10
5 35
7 1
9 9
3 96
6 38
5 74
4 4
9 7
6 50
3 34
5 24
9 83
2 49
6 84
6 6
4 11
3 44
10 90
6 98
10 70
5 97
3 52
4 61
1 65
4 45
10 50
8 30
5 6
3 76
6 56
6 7
1 44
6 85
5 73
4 82
3 41
6 65
10 78
2 30
7 82
7 46
1 34
10 85
4 43
6 7
9 22
9 5
5 22
4 19
1 27
10 37
5 70
9 55
6 32
7 22
1 73
5 61
4 11
2 68
6 4
6 61
8 49
9 77
7 55
1 45
5 44
1 58
1 88
10 10
8 14
8 59
5 2
10 71
6 17
2 5
2 28
3 58
10 98
3 58
5 25
7 84
3 28
10 87
9 62
9 95
2 11
4 31
8 70
4 91
2 3
5 14
4 91
1 87
5 12
7 70
9 71
2 39
2 94
2 82
9 14
2 81
3 16
8 59
3 87
2 14
2 82
7 97
4 21
2 20
9 88
2 28
7 89
8 66
8 58
10 84
10 12
1 41
2 12
5 51
10 59
2 51
2 41
3 80
9 10
6 95
1 14
6 36
2 83
2 30
7 46
8 54
10 22
10 6
1 45
6 43
1 61
3 30
9 14
5 20
1 22
10 83
5 54
2 61
5 29
2 30
7 84
4 66
7 30
9 8
7 68
4 3
5 4
9 68
2 26
10 33
5 66
3 45
2 79
7 36
8 48
7 94
2 92
3 29
2 26
8 44
8 80
9 59
4 55
5 88
5 28
3 11
9 65
9 27
1 54
4 54
1 83
4 51
10 36
5 7
1 56
2 29
5 79
6 43
10 99
7 63
9 30
1 50
1 27
9 65
2 82
2 81
9 93
1 77
2 62
8 3
2 23
7 76
5 62
3 55
5 97
8 96
2 93
5 18
2 76
3 41
6 44
8 18
9 48
3 51
7 50
3 75
9 39
8 44
4 40
1 98
5 50
7 43
3 100
2 34
5 64
2 98
9 72
5 29
7 44
7 1
2 10
8 38
8 48
10 85
4 2
8 34
8 36
8 65
1 65
3 44
4 75
8 9
4 73
6 66
5 3
9 19
5 8
10 47
3 47
3 48
10 36
9 9
4 25
5 13
8 69
2 98
9 86
10 76
4 52
6 57
1 10
7 90
2 76
10 56
1 10
10 80
1 9
3 44
8 60
8 60
3 19
9 74
5 11
2 51
3 53
1 54
8 50
7 98
8 100
5 91
6 71
8 54
7 46
5 51
7 9
3 97
8 81
5 62
10 40
2 96
1 80
10 80
1 86
9 9
1 53
6 5
8 37
3 53
3 23
8 15
6 45
4 45
7 24
8 35
1 28
2 46
1 24
9 93
6 21
9 26
4 42
2 90
10 4
4 21
10 8
9 46
2 26
7 67
3 75
8 97
10 87
2 54
6 17
3 95
5 6
5 10
4 1
8 35
8 36
8 15
8 12
3 9
10 42
2 99
9 39
2 44
9 82
8 38
4 49
2 16
1 54
6 31
5 19
1 70
6 30
6 46
9 95
9 55
2 20
7 42
9 36
6 12
9 23
10 10
4 6
1 82
3 22
3 45
8 48
6 63
2 56
1 39
8 83
8 98
6 60
1 99
2 17
5 49
9 80
10 93
6 68
8 10
3 47
10 23
9 15
4 40
8 16
9 1
4 70
3 29
1 98
5 98
9 3
10 67
7 20
10 47
1 97
2 8
1 91
10 85
9 89
10 96
8 69
8 25
7 56
9 83
4 26
5 52
8 74
10 50
1 22
10 21
10 7
1 16
3 40
4 35
4 93
1 94
6 43
6 13
2 71
7 58
3 48
8 41
8 9
8 25
4 81
6 2
1 46
10 74
6 73
2 70
7 4
6 16
10 18
10 100
3 53
6 96
2 89
8 51
1 65
3 18
4 22
10 54
9 4
10 82
3 78
1 66
1 90
3 80
8 58
1 75
7 42
6 6
4 100
7 29
7 94
6 15
3 58
5 6
4 23
4 32
6 88
5 42
4 35
5 68
8 24
1 24
5 31
8 92
3 57
3 88
4 39
2 33
2 62
9 65
8 99
1 79
5 13
6 38
3 82
7 70
8 82
3 47
5 8
8 99
3 12
7 34
6 25
6 84
10 76
7 40
8 77
6 97
1 95
6 19
10 16
2 87
1 50
9 15
4 65
2 81
3 25
7 86
3 28
1 88
3 46
10 46
5 37
6 100
4 9
9 100
9 48
4 11
1 95
2 96
8 13
9 54
2 16
2 85
8 95
4 93
9 27
4 52
8 23
3 18
6 26
7 57
9 43
4 46
4 41
2 71
3 49
7 92
4 42
2 30
10 35
4 95
9 28
2 64
1 74
8 37
5 1
4 83
7 9
2 68
7 9
10 67
6 81
6 14
1 29
3 2
2 8
2 2
5 23
1 77
10 83
3 86
5 87
2 49
6 25
3 69
1 5
2 72
10 48
9 80
10 3
7 76
8 41
6 14
3 93
5 21
4 66
1 45
8 89
1 16
6 25
10 48
10 39
6 99
3 23
7 57
3 15
2 20
10 3
5 82
10 59
4 96
4 50
10 38
6 12
1 71
3 22
10 91
4 85
6 36
4 37
7 66
9 57
7 67
3 77
7 40
9 8
8 14
7 92
7 17
5 66
6 3
2 47
4 72
10 89
2 25
6 31
2 32
8 30
10 40
9 17
9 26
8 44
1 16
5 95
10 58
1 93
2 35
2 22
3 61
2 14
6 33
7 61
3 17
10 8
6 52
4 49
5 54
1 23
5 37
4 16
8 12
8 84
3 75
4 95
4 68
2 60
8 17
10 55
5 14
10 5
7 38
10 89
10 90
9 93
2 10
5 15
9 77
4 72
4 20
2 60
1 70
7 4
4 71
3 16
2 67
7 59
3 83
10 82
3 31
8 3
8 18
10 100
8 51
6 15
1 37
6 39
3 23
2 100
9 47
4 61
5 8
9 12
9 29
2 84
7 77
5 31
5 30
10 18
10 68
2 70
5 11
1 17
8 23
9 42
7 95
9 73
10 65
2 35
1 67
8 31
1 68
5 7
8 33
2 74
4 22
6 82
5 36
6 49
9 2
10 93
7 61
6 53
8 30
9 85
10 10
8 38
8 52
3 50
3 51
2 27
3 70
7 22
1 43
1 8
3 56
4 37
3 33
3 37
9 70
4 44
9 72
1 94
5 73
6 36
3 73
5 78
10 8
4 6
2 98
4 45
10 17
9 86
1 30
1 1
4 83
3 50
10 1
8 42
9 50
5 49
8 34
9 11
2 97
5 86
1 65
2 74
3 16
10 52
2 72
1 48
9 83
9 89
3 72
6 43
9 61
7 97
7 87
1 17
8 10
8 50
2 12
8 81
10 31
5 44
8 32
3 22
3 12
1 19
10 53
1 25
2 69
1 21
2 27
4 61
1 54
9 27
1 64
8 70
3 20
6 72
2 97
3 9
8 12
9 47
7 65
9 23
1 17
10 16
5 26
2 63
9 48
9 99
2 97
5 67
9 45
10 14
1 32
5 51
9 16
7 53
8 67
2 58
5 2
2 49
6 5
7 34
10 4
7 80
5 98
8 50
5 48
6 9
5 16
1 73
7 72
4 6
1 39
8 98
1 72
6 82
10 51
8 95
3 17
1 37
2 55
1 19
2 82
8 49
4 98
1 46
7 16
4 80
6 34
5 7
7 56
6 87
1 61
4 10
8 65
1 46
9 52
8 75
9 27
8 2
10 36
2 35
6 36
5 65
3 36
6 80
8 48
4 86
2 6
3 31
7 10
10 31
5 14
6 26
3 95
7 41
5 85
9 20
3 92
4 24
8 79
1 69
3 5
7 72
3 3
6 65
2 61
5 77
5 45
2 72
7 14
1 88
5 74
2 48
5 8
2 1
7 73
3 96
1 86
6 42
3 58
1 20
2 95
2 94
1 16
2 60
10 76
7 81
4 1
1 32
7 36
1 60
9 10
1 95
