7 90
10 68
4 36
2 16
3 50
9 60
9 100
2 14
1 83
8 35
3 74
4 86
7 95
6 53
2 2
5 3
2 61
10 59
9 47
4 12
2 7
5 62
5 36
1 6
8 47
6 54
2 69
6 20
4 68
4 29
3 65
3 98
7 40
8 11
2 47
7 73
9 68
6 10
6 71
7 78
8 97
2 1
9 47
6 12
4 34
4 10
9 80
7 77
4 57
8 5
4 1
2 41
5 5
7 4
4 88
10 59
6 19
1 98
6 25
3 1
6 87
7 82
4 80
7 77
6 69
2 80
7 35
8 36
9 82
10 20
3 79
2 33
1 46
5 83
4 34
5 32
5 57
9 79
6 4
8 9
3 68
9 44
6 20
5 24
5 27
9 50
5 25
2 87
7 14
6 71
1 35
4 25
6 78
6 88
3 100
6 27
1 18
2 13
3 22
1 2
6 40
5 79
4 37
7 10
2 75
8 23
10 83
9 59
2 24
6 77
1 77
10 4
7 87
9 3
4 81
3 45
4 20
9 14
10 23
5 18
1 60
6 17
4 58
7 63
5 32
7 11
2 58
3 67
9 54
6 6
5 77
6 55
2 5
1 94
7 100
4 22
7 47
3 30
7 37
2 84
8 10
7 44
10 36
1 61
1 29
8 3
2 19
1 57
3 30
7 29
3 72
8 31
3 19
3 7
3 95
10 80
5 26
10 14
5 6
7 26
2 31
7 29
1 62
8 23
4 14
1 91
4 10
5 37
3 87
5 95
6 8
10 56
1 28
10 39
7 33
1 73
9 87
8 4
8 19
7 16
6 14
6 86
10 58
5 99
6 53
9 70
10 97
7 59
6 36
7 89
6 72
1 63
6 35
8 40
1 13
9 37
8 95
3 67
1 89
9 2
1 79
7 32
9 58
8 39
9 49
1 43
6 27
8 16
3 49
1 45
2 17
5 21
3 11
8 23
2 74
10 57
1 54
6 29
3 85
3 33
4 37
6 85
6 35
7 43
5 22
7 15
5 62
5 53
1 87
5 37
3 57
2 41
10 22
6 14
3 45
6 20
9 62
1 28
4 95
8 13
4 22
2 15
4 16
9 73
5 83
3 33
7 51
7 74
6 92
10 13
4 23
4 30
9 42
4 18
5 63
8 30
2 89
5 99
1 80
1 45
9 51
4 59
8 75
3 16
6 17
10 100
4 85
8 40
9 23
1 85
9 88
2 93
6 27
8 77
7 5
9 84
2 2
10 39
9 30
2 86
1 16
4 14
6 63
10 25
4 26
1 64
7 22
4 79
10 32
1 56
8 96
7 86
2 6
5 41
6 3
4 81
2 96
9 35
9 31
8 31
1 76
5 63
1 24
5 96
5 100
8 48
7 100
4 13
6 86
1 74
5 10
2 4
8 29
2 19
5 96
4 63
3 51
9 2
5 66
7 71
9 38
3 38
4 5
5 27
2 9
8 53
6 32
1 72
5 26
7 62
1 95
2 60
5 88
7 37
1 24
2 97
4 4
8 64
8 96
1 1
7 32
10 29
8 64
3 17
5 13
2 53
9 70
2 95
3 50
3 84
5 31
2 18
3 84
8 72
9 8
4 6
7 24
3 56
4 31
6 55
7 64
6 39
9 57
9 56
5 39
10 60
1 67
3 33
4 64
9 28
8 82
8 83
1 47
7 58
6 52
7 73
2 25
1 27
3 74
10 22
4 30
7 52
5 10
1 23
3 86
5 50
8 45
5 44
8 74
4 89
10 36
5 71
1 94
8 71
5 64
5 78
9 42
6 100
3 15
5 56
7 99
10 45
1 61
4 100
7 9
10 98
5 6
9 63
10 4
7 63
9 16
4 92
5 45
7 28
9 59
10 63
1 35
1 82
1 67
2 32
5 88
2 74
8 22
9 59
2 3
6 73
7 68
5 51
6 45
3 84
7 28
10 89
6 34
3 55
6 42
4 28
1 51
8 56
1 77
7 72
3 35
6 10
3 88
6 32
1 3
5 52
5 2
9 25
3 16
4 74
4 95
4 3
6 74
8 76
9 82
6 37
6 84
5 7
1 47
7 75
3 32
1 53
6 28
3 53
10 13
9 29
1 89
8 66
5 72
7 54
5 45
3 87
1 41
8 95
9 81
7 79
5 30
5 18
2 10
8 66
9 68
8 2
5 48
4 97
5 39
4 34
3 63
8 46
3 56
6 26
9 6
5 29
3 2
7 18
8 32
6 35
3 15
5 100
1 85
8 55
6 81
5 33
2 36
1 77
7 12
3 20
9 8
7 69
9 96
2 59
10 87
2 66
6 36
3 7
8 8
2 45
1 44
6 1
8 70
7 53
10 76
5 89
1 92
3 58
2 39
9 13
7 91
1 56
8 69
9 12
10 59
7 23
2 86
10 76
6 12
3 78
5 73
6 33
6 52
10 93
9 1
4 82
3 67
1 16
2 44
1 9
10 96
10 24
8 48
5 37
10 27
5 23
5 88
3 77
8 11
5 50
9 29
5 11
6 3
6 64
8 78
7 28
6 23
3 33
1 18
1 44
9 5
6 89
3 47
7 8
4 14
1 28
1 30
7 65
4 28
1 53
1 80
6 63
5 71
10 18
10 32
9 85
3 9
9 48
6 15
4 34
8 64
4 44
9 82
10 51
3 65
3 62
10 60
10 72
7 16
6 14
2 38
10 64
2 92
8 87
9 84
4 23
5 86
4 58
3 67
2 65
3 62
5 65
8 87
9 51
1 95
6 26
2 76
8 90
6 81
6 83
4 74
4 55
5 46
6 45
8 98
8 39
10 28
9 87
3 60
8 46
1 31
7 17
2 37
7 98
1 53
3 55
2 65
8 26
2 67
1 22
1 19
1 1
4 66
5 55
3 37
10 70
5 76
7 69
6 95
6 91
1 47
7 69
1 52
10 9
2 58
5 44
1 55
9 87
1 61
4 10
7 97
1 48
1 31
8 35
9 77
5 3
10 7
6 63
2 93
1 50
10 74
4 24
6 59
4 26
7 92
7 16
6 35
3 46
5 92
7 70
2 54
7 26
4 66
2 81
7 94
6 95
5 28
5 62
7 38
9 61
2 84
2 52
7 13
7 14
1 37
3 32
10 55
4 70
8 63
5 68
7 73
5 35
1 78
9 2
9 71
1 48
2 4
1 79
9 17
3 43
9 85
10 74
10 80
8 36
2 35
4 24
2 48
4 94
10 87
9 47
3 26
4 15
3 8
5 37
4 45
5 74
9 33
6 75
10 18
4 65
3 73
1 81
1 92
10 76
3 28
1 6
3 66
10 10
6 1
1 54
4 39
6 1
1 67
8 69
4 91
6 4
9 70
7 70
10 34
5 50
7 32
3 38
8 25
10 81
3 50
8 93
6 44
1 5
3 74
5 53
5 16
3 45
7 52
9 84
2 56
8 18
10 80
4 96
6 17
10 97
9 59
6 6
5 84
6 31
10 51
5 70
8 36
10 88
3 58
9 10
2 59
9 94
5 27
9 48
6 36
6 36
4 33
9 39
10 27
5 58
8 69
1 34
6 77
3 21
10 21
2 73
7 3
10 29
9 85
2 54
1 84
5 40
1 32
6 78
9 97
7 62
4 57
4 18
1 10
6 24
5 31
5 85
10 19
6 47
10 27
7 89
2 22
2 4
8 35
2 99
7 17
10 3
8 62
6 45
4 46
3 42
8 92
2 62
8 65
6 24
7 48
10 94
10 74
7 100
5 2
6 75
6 1
1 25
1 40
9 88
6 55
5 38
2 39
5 51
10 36
10 33
6 61
9 88
5 40
8 44
2 69
4 70
2 67
10 25
1 84
6 19
4 79
7 95
2 80
1 25
7 59
8 64
9 37
10 52
7 56
9 89
10 65
2 84
10 61
1 73
7 65
8 69
2 52
3 75
4 32
7 79
4 75
9 43
3 32
6 86
7 34
3 42
8 98
8 56
8 89
7 27
6 72
3 92
2 52
5 62
4 78
5 46
3 73
5 97
8 67
2 25
5 81
9 34
9 10
5 63
6 28
5 26
2 4
2 37
9 56
8 94
10 74
6 18
5 71
3 74
7 81
2 26
1 99
3 15
4 88
8 65
3 87
9 26
9 34
4 23
1 40
4 80
6 33
10 38
4 18
5 30
2 43
8 33
6 26
1 28
5 77
10 49
4 28
5 35
3 92
7 68
8 8
3 57
5 51
9 99
5 10
5 81
1 100
8 89
4 96
2 73
10 55
10 72
8 16
4 74
10 97
7 24
8 100
2 44
4 50
5 49
2 7
8 60
4 8
4 91
8 95
7 7
1 6
6 70
10 23
10 41
6 98
3 85
7 95
10 53
3 44
10 76
10 41
1 25
3 72
4 39
3 36
4 68
1 5
6 82
8 44
7 10
9 53
8 5
2 19
1 84
1 45
6 27
10 84
10 14
2 12
1 80
8 79
9 38
3 68
4 65
10 81
6 16
5 2
10 36
1 83
1 73
7 36
5 18
