2 43
5 55
9 11
9 36
4 82
6 65
5 93
4 39
7 51
10 31
5 4
9 69
5 63
7 41
10 49
3 49
1 5
3 64
6 71
6 54
8 58
6 80
5 53
8 32
2 37
5 96
1 10
5 92
4 29
4 81
6 83
4 1
8 48
4 53
1 65
9 42
10 35
5 3
7 18
4 48
9 98
3 81
6 14
3 71
4 91
5 92
6 63
4 57
6 84
5 48
8 27
9 4
4 26
8 27
5 31
8 26
7 58
10 44
9 27
10 21
6 40
3 10
8 86
4 50
6 24
2 63
7 56
8 75
9 87
5 23
8 4
3 63
2 9
9 8
7 77
4 30
9 70
3 25
5 59
4 72
3 86
5 97
9 57
10 32
5 14
1 70
10 5
8 94
10 30
3 21
10 25
10 75
1 23
3 66
3 22
10 70
4 96
9 94
6 45
2 67
7 99
10 30
6 19
1 29
2 91
6 19
5 74
6 48
5 1
1 82
10 92
9 57
6 52
10 86
5 16
3 95
4 86
2 47
8 10
4 21
4 62
4 66
1 41
4 45
7 42
7 96
9 92
10 25
10 72
10 6
6 43
3 49
9 95
10 75
5 41
4 13
1 89
6 95
4 85
6 1
2 71
8 99
6 15
3 37
1 14
8 48
1 21
9 89
5 89
6 67
7 40
6 43
1 18
2 33
3 35
6 89
8 72
5 41
10 92
9 10
10 72
5 30
5 39
8 22
1 18
3 12
10 4
10 44
7 66
6 15
10 66
2 13
4 69
8 18
9 3
3 32
4 95
9 99
8 24
8 1
2 40
8 81
4 16
2 7
5 17
10 43
4 46
6 24
3 98
9 48
5 29
9 66
8 99
10 11
3 45
7 85
2 93
7 94
1 36
3 17
4 11
8 32
9 72
10 71
8 19
7 9
4 85
8 41
3 24
7 94
1 77
10 20
5 67
2 35
3 77
10 70
1 24
4 95
8 59
10 78
3 28
9 59
6 36
4 92
10 46
6 68
2 92
6 35
8 51
1 24
4 38
6 58
1 84
4 70
1 55
9 12
10 12
1 64
9 57
9 9
5 52
7 74
2 23
1 13
1 17
5 62
10 12
9 32
1 30
8 35
6 77
9 10
6 57
5 7
7 60
1 2
9 40
7 51
5 13
7 72
10 21
7 11
3 30
7 44
6 48
10 72
1 28
7 71
2 25
7 4
2 38
4 35
2 48
3 58
5 78
5 17
6 23
1 61
1 69
2 4
9 64
10 55
6 57
6 40
5 13
10 71
6 54
10 57
5 14
1 69
2 43
2 16
7 31
1 39
4 76
8 10
5 52
2 39
9 71
2 1
2 78
9 29
10 5
4 8
6 96
7 99
6 72
2 84
6 96
9 69
3 71
5 71
3 54
1 88
2 63
2 86
1 58
4 97
4 38
7 84
10 91
10 93
3 95
2 46
4 20
6 67
8 39
6 30
10 19
9 39
1 24
10 26
10 14
1 6
3 77
1 4
6 8
8 65
3 31
9 1
6 62
9 13
2 55
7 84
1 3
8 14
4 30
6 70
4 34
3 86
9 67
4 53
5 29
4 93
3 33
7 86
7 65
4 16
5 83
9 5
2 22
3 15
6 22
8 45
8 50
3 8
7 67
1 30
10 95
10 63
4 99
10 13
8 22
2 98
10 48
7 4
4 36
7 1
3 39
6 36
7 45
7 77
7 18
3 56
10 65
4 17
4 13
7 21
4 21
5 81
9 70
9 66
9 85
10 84
6 62
8 67
5 65
9 59
8 51
3 3
6 57
9 50
6 61
1 60
8 75
7 96
8 92
9 55
4 45
8 28
7 54
9 81
7 1
9 23
7 82
3 19
3 54
2 67
10 86
9 63
9 22
7 67
3 10
6 86
3 87
1 13
1 63
10 84
10 88
2 6
4 92
3 79
2 39
1 78
3 69
1 81
8 91
3 55
9 92
5 100
9 13
8 88
8 74
7 89
1 47
1 95
9 33
2 48
8 78
2 77
5 20
7 32
2 45
4 6
3 3
10 73
6 93
8 47
3 58
10 27
2 59
8 90
4 31
3 41
10 33
2 74
7 99
8 25
6 70
8 62
3 71
4 32
8 81
5 60
7 44
9 96
7 42
3 79
5 28
4 15
8 6
3 83
1 72
7 99
5 37
5 21
1 59
6 82
2 23
3 98
10 27
6 72
5 29
6 39
4 88
10 58
9 59
6 23
5 98
6 79
7 41
8 73
10 79
8 54
7 100
7 25
8 83
5 45
4 24
2 4
7 14
3 45
5 45
3 86
5 86
9 1
7 48
6 77
3 55
6 46
6 20
5 9
9 9
7 21
2 19
10 16
7 78
10 57
9 48
8 16
9 26
3 4
3 32
3 62
6 84
5 3
10 79
7 3
5 76
7 73
9 94
8 73
1 57
2 58
1 4
10 70
9 38
3 1
8 94
3 18
5 50
6 68
8 85
5 73
8 29
7 68
5 77
7 37
1 86
3 95
10 97
4 59
3 25
6 92
10 11
1 66
2 16
7 63
1 98
5 13
2 11
9 55
9 71
1 64
8 9
1 90
4 82
8 54
1 11
8 28
4 13
7 83
4 50
3 73
7 73
7 58
7 63
1 74
5 62
10 48
9 11
5 60
1 29
4 41
3 21
9 70
7 13
9 64
1 8
5 50
4 88
9 24
9 7
1 48
3 44
7 70
2 28
4 4
2 57
1 87
7 14
2 22
10 39
6 77
2 52
9 21
7 6
8 55
7 2
5 50
4 95
10 63
8 62
6 76
9 69
5 33
4 86
4 87
2 70
5 94
3 79
7 59
6 74
5 39
2 33
2 15
6 5
4 98
1 8
6 44
8 94
2 73
2 38
7 34
2 48
6 63
3 87
8 35
8 33
1 37
6 38
10 9
10 95
5 10
9 31
8 62
10 29
3 13
10 61
2 90
7 68
5 5
8 7
7 78
7 27
5 79
8 97
2 6
4 77
3 73
8 25
9 76
10 68
7 39
6 92
2 49
2 57
1 51
8 92
2 92
10 85
4 23
4 57
7 18
1 11
5 59
6 10
4 26
2 56
6 41
9 34
1 37
6 81
3 8
7 21
4 100
9 73
4 32
8 46
3 38
7 65
6 58
8 52
9 41
4 29
2 86
3 36
9 22
6 34
4 70
9 70
4 24
7 48
4 10
9 49
7 30
9 99
10 36
6 89
10 1
5 3
6 34
9 100
9 5
5 65
3 44
6 12
10 13
1 81
4 17
5 77
5 70
4 20
9 43
7 21
6 2
7 70
8 34
10 97
6 70
9 31
9 31
6 87
2 34
6 90
2 74
7 63
3 13
9 58
4 65
8 55
4 99
6 45
2 36
4 57
10 65
3 26
8 17
7 45
9 97
3 46
7 63
1 21
5 96
3 56
9 25
3 15
4 5
1 10
9 42
3 16
7 29
7 15
6 28
7 16
10 79
7 76
7 66
3 14
7 3
3 89
1 27
1 58
7 36
4 20
4 75
1 90
10 19
10 73
4 82
6 44
3 23
3 98
7 42
1 72
1 89
8 42
10 95
10 8
4 47
10 30
7 87
4 52
8 22
6 78
1 13
8 52
6 46
6 2
5 91
9 51
3 7
9 64
8 66
4 87
1 55
10 25
2 74
6 98
5 12
8 17
8 48
10 28
8 40
9 62
5 17
5 87
5 40
3 45
10 22
5 73
4 83
9 94
10 100
5 46
2 98
3 93
2 87
2 33
10 24
7 40
6 77
2 41
5 85
1 50
5 21
6 6
2 25
7 43
1 17
4 94
2 31
8 56
4 55
5 78
4 99
3 85
9 13
6 13
8 10
8 43
7 22
1 8
2 98
7 93
8 30
2 54
3 69
1 100
2 94
5 80
7 1
3 53
4 87
10 5
6 82
6 8
6 61
7 14
2 41
7 92
6 38
5 73
4 37
10 35
2 94
3 37
8 49
4 36
3 38
8 44
10 95
10 52
9 18
5 65
1 92
2 8
4 97
8 79
7 70
6 83
5 38
9 88
5 100
2 14
9 5
10 87
7 18
6 85
2 38
7 55
2 52
9 88
1 67
10 69
4 57
6 17
8 6
10 15
9 98
6 98
10 67
7 20
7 14
3 54
1 87
4 48
9 88
4 70
4 28
1 38
9 82
4 81
7 94
3 54
8 22
10 82
5 25
5 66
6 13
9 2
1 59
5 95
2 29
1 81
4 36
4 3
2 85
2 71
4 30
2 53
10 37
9 92
8 44
3 30
1 40
7 2
5 89
4 72
10 87
7 48
8 44
9 67
7 57
3 95
5 58
1 29
9 43
6 18
1 65
10 88
7 98
8 11
5 97
7 16
4 22
4 16
5 58
2 74
9 82
2 57
7 79
8 6
9 19
4 46
7 55
6 66
6 8
9 79
5 87
4 82
8 93
6 42
1 20
5 5
5 70
4 72
5 96
9 75
2 78
