10 98
5 79
7 59
9 34
5 8
1 54
4 15
5 73
4 32
1 69
2 80
10 30
3 28
2 61
6 41
4 38
9 54
6 10
6 14
5 95
10 53
8 14
6 41
2 76
5 46
1 61
6 51
4 21
4 17
5 44
8 23
2 82
4 19
6 80
9 95
6 54
5 39
8 42
4 40
5 70
1 15
2 82
1 4
1 49
3 17
2 70
9 43
8 50
8 49
4 5
9 37
6 87
3 55
5 10
10 75
3 98
2 51
10 52
7 99
6 96
6 42
4 78
2 94
7 91
2 87
4 70
8 37
4 50
9 25
9 59
7 43
3 49
3 81
2 24
7 7
3 51
3 94
8 75
3 59
9 89
5 43
8 77
5 33
9 34
6 41
6 55
10 19
6 31
2 99
5 88
6 12
5 5
9 62
8 55
8 27
5 100
2 23
5 28
10 53
9 47
2 26
4 16
5 67
10 99
10 23
9 98
8 30
6 27
6 99
6 74
1 77
3 23
5 29
5 78
7 15
8 7
8 78
4 20
8 72
5 70
10 26
2 1
6 42
7 73
8 99
4 14
8 6
9 22
1 71
5 19
4 58
3 4
8 100
4 1
4 17
8 95
5 76
3 41
7 100
6 70
10 71
3 52
1 92
4 23
6 82
3 47
3 83
5 30
1 7
2 26
10 87
8 96
8 89
3 74
1 19
6 43
5 7
10 25
6 42
1 44
9 82
9 38
10 20
2 87
5 24
5 11
8 1
9 58
10 89
8 53
10 55
6 4
8 38
3 76
4 14
4 78
8 79
2 85
5 89
7 93
9 4
3 65
2 67
5 28
6 48
2 64
3 49
4 40
2 46
7 65
2 100
6 96
6 61
4 22
4 5
7 80
1 37
6 66
10 58
4 64
6 70
1 5
5 56
5 72
5 62
10 76
4 12
2 51
4 79
8 7
5 84
10 90
9 84
4 36
7 57
8 67
4 7
6 39
10 56
5 44
6 57
8 41
1 35
6 3
3 43
3 67
8 67
2 49
2 13
9 22
1 29
3 89
9 26
6 2
4 94
10 95
1 45
8 65
3 44
3 51
1 64
7 30
1 65
10 9
4 84
1 44
5 17
10 9
7 85
7 54
7 33
7 18
5 100
2 78
5 56
5 84
10 49
6 72
2 66
9 8
1 93
2 46
7 61
1 48
8 98
9 99
6 70
9 37
5 7
9 2
3 38
6 30
7 47
10 54
6 59
1 92
6 43
9 60
4 30
1 33
3 27
7 26
10 88
9 19
4 67
7 16
6 75
10 28
5 91
2 74
5 31
5 17
2 40
1 71
8 95
7 65
6 70
9 53
3 79
5 81
4 78
4 36
2 90
7 63
9 43
5 74
4 23
1 57
1 70
3 1
7 9
3 32
2 92
3 98
8 64
5 99
4 93
9 38
3 43
7 63
8 4
1 73
9 6
3 81
1 75
8 40
1 63
10 30
6 29
10 60
7 63
8 28
9 32
1 34
3 67
1 87
8 46
4 87
5 21
9 72
7 89
1 3
8 22
7 18
5 1
9 15
10 30
1 29
10 34
6 81
4 89
2 12
9 77
2 84
2 39
5 64
1 73
10 26
2 76
4 92
1 96
2 76
3 75
9 41
2 9
6 54
4 82
9 50
4 77
6 36
10 36
5 10
7 28
6 86
7 76
5 38
6 98
9 21
4 66
4 85
6 72
2 40
1 69
6 92
8 65
3 92
9 41
9 62
10 76
1 65
1 15
3 54
9 10
3 36
3 2
10 25
5 38
2 9
9 30
9 63
4 35
3 30
1 33
5 3
4 50
9 48
2 72
5 53
3 62
9 67
6 75
2 1
2 1
1 57
8 86
1 82
4 29
1 36
4 72
5 38
4 50
9 96
10 92
3 78
3 44
5 48
7 6
7 44
6 63
1 54
4 28
10 42
9 21
1 17
8 91
4 54
2 15
5 8
5 13
3 70
4 6
7 78
2 2
1 19
8 5
6 41
2 65
2 55
4 37
5 25
5 6
8 88
5 27
6 68
2 54
6 65
10 10
6 89
3 68
8 13
3 3
1 75
6 28
3 33
8 10
6 81
5 83
10 32
3 85
2 72
3 28
1 10
7 9
6 90
10 63
3 24
4 37
7 51
5 37
4 71
1 33
2 3
10 44
5 38
5 56
3 1
3 82
3 26
6 35
5 71
9 63
3 13
10 55
8 53
7 81
5 62
7 12
4 41
8 5
7 57
6 46
9 49
8 9
8 9
8 88
6 34
10 41
10 67
5 61
2 21
3 99
6 85
7 44
6 45
4 69
6 30
7 45
2 26
9 68
6 90
10 12
1 14
3 76
5 52
2 71
8 83
1 84
7 50
10 56
4 69
5 56
9 12
3 62
1 51
4 7
8 98
10 11
2 51
7 45
1 77
1 1
10 75
2 79
1 10
3 86
9 44
3 67
1 4
7 93
7 68
4 31
3 9
3 97
5 33
4 43
8 33
7 94
4 58
1 61
1 88
9 77
4 71
3 5
8 10
2 66
7 17
10 3
1 2
3 33
6 4
7 26
1 5
4 64
5 83
10 5
10 54
10 56
9 72
3 15
9 5
5 69
8 58
6 72
4 22
8 69
9 89
8 99
6 17
7 53
6 57
3 31
10 21
10 85
2 20
1 96
7 30
5 22
10 11
2 69
6 29
5 99
3 70
6 61
1 12
3 18
1 94
4 100
3 56
6 42
10 56
5 24
6 45
10 9
1 97
8 74
3 2
10 21
2 53
7 49
8 59
9 28
6 70
7 75
7 100
7 69
9 19
10 88
10 58
1 9
10 55
8 64
3 98
3 89
10 21
9 46
5 94
3 85
8 71
6 36
10 49
8 4
2 65
4 3
4 24
8 16
1 37
6 74
7 44
9 88
8 30
10 32
10 84
3 70
3 46
3 68
8 91
5 92
3 58
2 34
3 47
4 8
10 51
4 33
6 58
5 58
10 92
2 4
2 87
4 91
9 92
9 46
4 21
3 5
6 94
6 84
1 25
3 91
9 21
5 84
1 78
4 55
2 99
1 73
5 16
5 35
10 96
1 35
8 55
4 67
2 98
8 98
1 84
4 95
5 47
4 11
8 32
9 55
7 44
9 4
10 70
10 40
2 18
5 2
1 7
7 66
2 92
2 46
2 60
1 13
3 90
1 47
3 81
8 78
2 62
4 72
2 11
1 93
5 78
2 44
4 27
6 86
8 10
7 7
2 27
3 69
3 85
5 55
4 69
9 79
2 41
6 45
7 47
5 89
9 72
3 56
3 15
2 74
10 19
5 26
1 43
8 79
4 3
10 32
4 24
7 100
6 49
8 68
2 23
3 22
6 57
4 86
8 77
10 16
3 31
3 41
6 40
7 19
2 34
5 29
2 5
6 84
2 58
3 44
4 23
4 86
10 67
6 35
2 51
7 10
1 87
7 72
10 100
9 61
7 62
4 2
9 9
8 2
10 8
9 74
9 15
6 46
3 28
9 62
6 53
8 98
2 25
3 74
1 17
3 9
6 13
8 44
1 51
10 99
4 20
3 1
1 10
4 87
3 19
9 67
5 21
10 38
7 58
2 15
4 71
6 86
2 4
3 6
6 80
4 100
10 32
2 6
7 33
10 67
7 92
2 19
9 81
4 27
1 63
4 16
5 31
1 94
3 8
9 37
10 20
9 71
3 38
6 64
6 32
3 11
1 11
5 2
10 21
9 97
2 3
10 4
8 57
1 11
7 64
2 56
1 55
10 13
5 13
4 87
8 10
3 55
1 64
4 67
5 27
8 72
6 18
5 91
3 37
10 71
5 16
10 28
5 88
10 98
2 29
10 8
4 100
9 22
10 60
2 50
9 29
7 72
6 68
7 58
4 30
3 68
1 84
3 92
3 84
9 89
3 54
6 62
10 58
6 18
2 70
1 43
10 67
5 77
10 14
9 17
9 97
10 7
1 32
3 68
3 58
7 4
9 61
10 85
6 47
9 82
1 17
4 35
10 6
10 66
10 70
2 74
6 18
2 24
4 48
10 97
2 23
3 54
2 44
10 66
2 40
7 25
7 19
3 54
9 78
5 9
3 42
10 83
9 56
10 87
3 73
10 34
7 35
6 46
8 65
2 33
6 24
7 85
10 64
5 15
3 71
6 37
10 85
1 92
4 28
1 48
4 18
3 79
4 29
7 98
8 99
6 24
2 4
6 36
2 94
8 58
2 40
10 89
5 90
7 20
6 45
9 55
1 43
5 85
8 70
3 60
2 2
4 33
7 68
9 43
10 26
2 99
5 26
9 94
6 8
8 43
7 16
5 3
1 48
9 63
5 34
2 58
2 2
10 40
2 12
3 6
2 85
7 87
1 89
2 61
4 84
2 6
6 29
2 30
4 21
7 46
1 56
2 46
9 39
2 56
6 63
4 5
2 6
4 94
2 52
3 16
9 83
7 88
6 88
1 79
2 94
4 45
4 73
