3 66
8 36
2 11
2 9
3 1
9 98
10 26
8 14
2 20
9 99
8 99
1 72
5 88
4 56
7 78
7 80
6 27
1 78
5 82
4 9
5 16
7 66
4 61
10 17
10 77
6 16
9 41
10 52
10 73
3 2
1 15
7 81
7 5
2 64
4 99
7 34
10 33
9 31
7 1
6 33
6 30
4 71
1 80
7 99
6 18
1 75
2 78
5 43
9 21
10 81
8 84
5 69
8 51
4 72
1 65
5 97
4 33
1 71
10 96
5 7
9 15
10 65
4 72
3 13
5 88
10 93
5 69
10 50
8 11
1 29
10 9
3 99
7 39
5 68
5 86
9 9
10 3
9 37
1 52
2 36
7 5
8 28
8 45
7 4
8 46
2 66
2 62
10 84
6 55
9 75
2 73
5 92
2 12
1 76
1 63
4 12
10 35
6 78
4 68
9 80
6 42
2 47
5 44
10 11
4 83
2 6
1 45
2 30
10 81
9 29
6 20
1 76
10 6
3 52
5 47
6 89
5 64
9 88
1 97
7 93
2 58
2 79
4 71
4 44
1 49
5 56
4 27
5 89
6 42
9 20
3 33
6 17
9 16
9 70
2 7
5 98
1 47
7 88
5 39
4 58
6 62
4 65
9 69
4 47
8 6
8 80
2 39
10 89
1 98
5 76
8 74
10 57
10 84
6 35
2 87
7 71
4 38
6 100
3 5
10 77
1 99
5 99
8 4
9 36
5 13
5 74
7 81
4 99
8 83
7 31
9 54
3 16
4 86
7 66
6 32
10 88
7 46
7 93
1 60
3 44
10 3
10 8
9 8
7 8
2 10
4 52
4 13
9 48
7 2
8 21
1 45
3 35
1 37
4 67
9 76
9 42
2 15
3 66
5 96
8 67
3 15
2 91
1 78
3 20
4 18
8 83
10 24
5 39
7 29
10 99
7 51
2 49
8 44
9 24
1 16
9 53
4 83
8 14
6 52
9 72
8 50
9 15
4 18
10 32
6 94
7 95
2 45
4 99
3 80
7 87
6 69
9 38
5 50
8 63
9 40
7 72
3 26
3 33
8 50
2 94
7 8
8 65
6 7
8 17
2 1
2 5
5 2
3 25
5 64
10 41
7 49
1 23
2 86
9 77
2 13
5 28
9 99
6 43
4 89
10 94
8 40
6 72
8 3
9 55
8 45
9 36
8 64
9 5
9 42
9 60
5 62
1 67
1 59
5 64
4 50
8 80
6 41
5 19
6 69
5 88
5 68
7 92
9 12
4 52
7 61
4 84
6 70
1 74
8 72
3 41
9 66
2 8
1 92
7 22
4 95
6 11
6 47
1 57
6 41
7 46
8 77
10 35
1 43
9 22
3 89
1 40
3 13
4 77
4 97
2 69
4 29
9 65
2 92
1 52
10 36
10 12
9 4
1 40
4 48
6 75
9 12
6 22
9 48
2 96
8 20
6 37
2 16
10 50
2 81
5 71
1 64
5 29
1 47
4 47
5 94
9 28
3 3
6 72
9 43
1 25
1 21
7 69
6 48
4 61
5 36
2 4
9 46
8 74
7 99
7 84
10 39
10 19
9 39
7 85
9 85
2 35
8 15
6 20
4 96
10 31
10 71
5 10
4 65
3 47
10 30
3 83
7 87
8 97
10 16
7 13
5 2
1 95
1 28
9 12
6 16
8 72
4 96
10 5
1 85
4 83
5 93
9 69
6 61
9 53
6 55
3 52
1 98
10 25
3 66
6 40
2 68
6 59
8 48
3 93
9 27
8 83
3 48
5 37
1 77
6 65
4 54
6 42
3 50
9 52
2 31
6 32
7 25
5 81
7 15
7 14
8 99
6 91
1 47
1 30
6 92
4 94
8 2
2 56
7 42
4 65
1 65
3 45
4 35
6 21
8 97
6 9
10 7
4 34
4 1
3 62
6 33
9 15
5 38
9 12
9 25
7 100
4 17
1 33
7 21
3 93
2 53
10 53
8 77
4 5
9 20
10 40
2 85
9 81
4 56
10 68
5 7
5 80
2 15
9 10
3 43
7 38
8 45
4 42
7 9
10 24
1 94
10 17
6 27
1 76
6 67
9 83
5 37
2 98
9 91
8 83
3 98
3 55
7 12
3 12
7 90
8 78
7 89
3 15
9 39
4 7
7 62
6 17
1 14
1 74
4 13
5 80
3 17
3 90
6 77
9 7
1 80
4 44
6 23
7 32
3 78
8 79
7 23
9 51
3 30
9 87
6 85
9 69
8 68
3 16
7 22
4 27
10 84
5 90
8 25
4 38
4 35
4 56
3 40
4 91
4 94
10 26
10 83
8 82
6 8
6 76
9 53
3 73
8 77
7 3
10 80
10 31
3 34
10 17
6 70
9 94
10 61
5 35
5 78
6 60
3 4
5 20
10 3
7 71
6 95
7 64
8 14
10 86
6 72
1 95
8 58
10 77
8 44
7 17
4 80
5 97
9 9
6 77
10 88
1 15
10 23
2 81
4 28
2 36
2 33
4 38
9 50
3 39
8 26
2 73
2 79
9 51
10 14
8 46
4 24
6 52
3 36
8 17
3 22
8 27
3 39
5 41
4 63
4 92
1 100
6 67
7 53
7 53
10 23
10 33
2 11
3 58
1 99
2 5
1 23
9 92
3 49
10 77
2 97
1 76
3 13
10 70
6 24
9 83
7 57
2 75
4 33
4 17
1 15
6 12
6 97
6 36
8 24
4 89
8 67
8 44
2 53
5 63
7 25
8 61
5 60
2 27
1 14
1 66
9 33
7 88
9 11
5 62
8 46
4 67
4 11
8 94
2 61
3 5
1 28
8 24
6 10
1 94
8 98
4 47
9 4
8 74
9 92
10 2
3 55
4 93
1 16
9 96
5 56
8 85
5 25
5 90
2 73
8 60
8 28
5 46
1 52
6 21
3 26
9 76
2 37
7 55
5 41
7 33
5 30
7 63
5 64
4 57
3 49
9 60
4 58
6 74
7 86
4 15
8 3
3 72
1 39
4 66
3 44
3 88
4 12
1 67
8 49
9 80
9 29
2 79
1 6
1 23
5 69
8 41
1 12
1 47
3 70
9 90
5 47
10 88
2 90
2 72
2 36
9 91
10 85
10 9
6 41
5 93
5 1
10 82
3 21
3 43
8 32
4 47
8 67
8 42
5 2
1 27
7 60
10 86
3 26
4 45
3 19
10 16
9 95
6 44
8 6
5 94
2 57
6 4
1 48
7 87
1 63
5 75
4 83
2 74
10 31
6 1
4 41
8 73
5 11
1 60
3 35
8 71
6 100
2 66
5 22
1 96
8 62
6 65
4 31
10 73
8 41
9 90
8 69
4 39
4 95
9 77
6 72
6 86
8 37
8 28
2 5
5 20
9 89
5 9
10 25
1 29
1 7
8 7
5 7
5 29
8 22
7 33
2 9
1 87
3 49
1 95
4 65
2 91
9 68
4 75
7 22
3 77
2 65
9 94
5 53
5 93
4 89
4 37
3 58
3 91
6 31
8 7
3 6
10 37
2 97
1 38
8 52
10 33
1 32
9 75
9 50
2 19
4 74
6 72
4 18
4 84
3 87
7 84
7 52
1 82
1 43
10 55
10 36
1 77
4 23
2 75
9 10
10 57
7 29
7 27
9 67
10 92
6 74
2 25
7 70
6 62
10 39
9 1
10 34
8 41
5 55
6 50
2 52
4 24
7 96
6 70
9 51
5 66
7 15
2 79
10 66
10 86
7 23
8 41
5 29
2 33
10 99
3 52
3 2
1 97
7 70
8 32
2 31
3 58
7 59
8 9
7 54
7 8
6 31
10 39
10 35
10 86
5 23
5 8
5 50
1 87
10 12
7 46
1 60
8 48
3 61
2 96
1 3
7 38
4 45
2 66
2 95
9 43
4 12
10 43
3 33
10 78
6 76
6 52
5 8
4 96
2 78
6 28
5 26
2 71
9 80
2 55
9 8
6 24
3 41
3 97
6 23
3 70
1 74
10 22
5 44
7 31
5 4
5 12
9 97
5 3
2 69
10 94
2 44
4 85
6 35
9 53
1 24
7 55
9 17
9 99
8 36
8 40
2 46
4 57
4 61
7 67
1 34
2 14
3 77
8 6
5 1
10 52
9 48
1 45
8 89
1 83
1 79
5 38
3 29
4 3
4 10
4 53
2 51
2 12
8 65
3 59
2 83
10 65
3 87
4 9
10 42
9 64
1 43
6 19
2 80
9 70
7 32
8 99
7 43
10 36
8 54
8 61
2 30
1 14
8 13
1 97
5 34
8 36
9 75
2 54
10 72
1 69
10 42
2 15
7 94
7 93
3 25
3 15
3 53
9 89
3 30
4 11
5 70
2 35
6 38
10 40
9 23
9 72
7 82
2 27
10 28
3 16
7 2
1 36
4 93
8 14
8 45
6 42
4 8
8 59
8 70
6 87
10 56
6 49
8 6
10 14
9 91
5 9
7 61
2 2
9 61
5 26
