2 97
6 54
9 40
8 25
9 63
3 43
9 66
7 14
4 99
8 41
3 39
9 16
6 38
6 28
8 10
6 100
9 84
9 55
8 59
5 9
8 41
2 64
7 92
5 14
7 30
7 82
3 2
10 9
5 52
4 28
2 7
4 48
1 65
6 69
3 35
7 83
9 20
3 71
2 17
1 55
7 87
1 6
2 72
10 67
4 47
10 36
4 80
5 62
5 45
5 92
4 53
2 6
2 2
4 41
2 8
4 76
2 64
8 30
6 62
2 3
4 69
5 64
9 18
8 76
3 84
5 93
1 44
7 68
3 40
5 45
7 65
5 35
1 30
2 52
8 7
7 56
4 60
6 93
5 80
8 16
2 79
1 22
2 16
1 78
7 26
5 19
4 45
8 94
6 9
5 42
5 40
7 91
9 54
1 41
1 43
1 38
2 64
1 33
5 58
4 75
5 100
10 63
7 51
7 1
1 77
10 50
7 100
10 24
4 1
8 34
5 38
3 68
6 19
7 25
7 25
1 36
6 33
4 45
3 24
4 45
3 74
10 74
3 91
1 19
6 82
10 75
10 53
7 20
8 66
2 86
10 5
9 1
8 43
1 97
9 59
6 6
1 20
1 17
10 22
9 95
8 41
4 36
9 69
4 38
9 28
10 68
5 63
6 34
2 93
1 8
9 9
2 83
10 22
9 4
6 96
2 5
7 15
2 97
10 1
6 28
7 61
8 59
4 63
6 62
9 6
8 57
10 32
7 74
1 42
5 45
2 38
7 80
6 81
4 6
1 81
9 24
9 100
2 96
4 72
6 2
2 15
8 64
1 63
9 28
8 58
2 62
2 71
5 5
6 54
4 88
10 98
3 90
9 7
6 5
9 94
7 57
7 49
10 5
4 23
8 48
4 28
2 57
4 63
2 92
10 97
9 61
3 76
10 32
2 48
7 100
6 73
4 56
9 26
7 56
1 70
9 64
3 66
5 88
4 3
8 80
9 74
4 27
6 50
2 31
1 68
2 60
8 91
1 11
8 87
8 57
9 36
7 1
8 93
1 50
6 70
10 66
5 44
7 1
1 56
8 78
1 43
7 41
3 33
8 65
9 76
4 37
3 76
5 50
2 73
9 99
2 89
5 82
5 9
10 59
2 98
1 39
3 33
2 99
1 33
2 71
9 57
8 30
1 46
7 44
5 66
8 92
2 3
9 7
7 83
10 1
9 77
3 95
10 14
8 31
4 58
7 33
6 90
6 42
1 23
9 95
8 64
6 63
6 92
3 38
8 55
4 59
3 1
4 10
9 50
9 63
6 5
2 62
4 78
6 8
9 82
10 62
7 91
5 26
6 29
10 83
8 62
6 74
1 69
8 55
7 13
9 41
4 93
4 31
2 51
7 96
10 64
5 2
4 7
2 95
6 50
10 25
4 30
2 25
5 81
7 95
3 75
7 36
1 26
5 20
4 84
4 14
8 55
2 11
8 92
7 100
6 73
7 93
1 4
8 75
6 54
9 1
1 99
10 64
3 85
2 56
2 24
9 11
10 34
7 52
6 5
2 60
10 8
10 67
6 4
5 22
4 35
5 31
4 75
2 85
8 1
8 64
1 60
10 57
6 71
9 18
1 40
4 48
4 75
8 38
8 21
6 98
6 12
6 94
8 21
1 87
6 7
7 4
5 73
10 62
9 34
3 85
6 3
6 82
3 21
5 43
2 41
3 97
6 70
4 45
8 7
4 23
4 70
9 3
5 5
9 29
1 31
10 100
4 99
10 84
9 30
2 66
7 91
8 48
7 56
1 26
10 27
7 27
6 51
7 42
1 45
5 70
6 23
6 4
2 100
2 80
1 35
1 58
4 42
2 100
5 71
1 66
3 50
4 25
7 84
6 96
10 93
1 65
10 82
9 97
9 74
5 64
1 51
4 20
2 72
3 16
8 34
8 32
1 24
5 36
7 16
8 47
10 73
10 51
7 30
2 86
2 29
8 55
10 22
1 67
2 67
1 24
8 21
10 65
1 97
10 60
1 81
3 21
2 53
4 82
9 82
4 16
8 73
7 13
8 37
4 49
5 64
8 84
3 25
4 85
9 9
1 9
5 91
10 18
3 36
5 12
4 27
7 51
6 62
2 99
3 55
1 36
5 59
2 100
3 90
10 24
2 76
6 32
5 34
4 15
2 16
4 4
2 15
3 78
4 76
2 51
9 65
2 36
9 60
1 57
2 62
9 81
5 13
9 15
1 63
6 92
8 75
9 90
5 54
6 58
7 54
5 99
1 90
9 78
5 75
9 5
6 79
10 8
9 6
8 44
1 57
8 65
8 15
9 78
9 6
6 2
1 78
1 46
8 75
4 94
8 68
4 6
1 61
3 59
9 97
9 82
5 17
4 65
1 42
6 64
4 22
7 100
7 66
5 80
10 31
4 96
2 3
2 95
8 43
9 20
4 44
6 9
3 78
1 77
10 49
2 24
8 95
8 70
5 44
4 69
3 2
3 51
8 88
5 32
5 17
2 15
3 73
6 41
5 77
2 40
4 37
6 19
2 23
8 12
2 50
4 33
4 93
6 92
3 14
5 85
3 4
4 34
2 73
1 87
3 13
6 91
4 72
9 76
10 78
1 79
1 9
7 76
4 71
2 26
8 67
5 62
10 51
5 87
2 76
3 49
3 74
1 82
7 71
1 43
7 43
7 55
5 85
7 27
3 25
7 82
9 89
7 48
9 91
9 75
3 18
5 21
6 13
1 77
7 77
6 60
3 54
4 48
1 10
1 77
10 54
5 4
6 98
3 1
2 87
2 53
8 11
8 10
8 25
9 31
5 44
7 51
1 4
10 93
8 40
4 22
10 58
1 92
6 64
6 75
8 91
5 90
1 19
10 8
8 79
5 65
5 3
6 48
9 52
1 75
7 27
8 50
5 54
4 21
8 44
5 17
2 28
7 38
9 6
1 59
2 14
10 86
10 77
1 20
4 54
2 97
9 86
9 45
10 9
10 75
7 74
6 55
2 57
9 88
6 99
1 3
1 22
3 27
2 52
5 34
5 43
1 32
5 23
2 83
7 80
4 12
6 70
7 86
8 47
5 89
3 16
3 20
1 48
10 88
10 14
7 30
10 26
7 12
4 88
2 85
6 90
3 10
9 80
8 4
2 36
1 48
10 87
8 59
3 95
4 32
7 21
7 88
3 40
3 52
9 15
5 17
4 95
9 34
2 43
2 23
6 99
6 3
6 70
10 11
2 20
1 84
10 75
1 76
4 16
5 70
4 34
3 45
1 44
8 23
2 25
6 17
6 54
10 24
8 3
7 20
8 46
4 92
2 89
4 18
7 2
10 31
2 46
10 8
10 84
7 34
1 29
4 56
10 29
4 27
1 43
6 26
5 77
9 39
10 87
6 39
1 7
5 86
1 99
1 58
1 88
7 15
8 42
6 27
4 64
5 33
4 94
5 69
5 14
9 58
7 73
3 61
5 87
4 49
8 70
3 44
10 63
8 89
3 22
3 23
10 65
5 22
4 72
6 13
10 20
9 65
10 67
8 10
9 16
9 4
5 20
8 12
1 53
9 69
1 47
10 34
9 9
1 42
4 13
3 67
8 56
5 75
6 52
4 45
10 41
1 57
9 52
2 88
2 79
1 63
6 22
7 65
10 46
5 20
7 65
4 90
5 97
4 9
4 18
7 2
5 15
3 62
2 13
10 43
10 20
6 38
9 47
4 85
9 95
4 65
6 19
3 9
5 75
2 63
3 36
7 21
8 80
9 8
4 91
10 17
1 97
4 11
5 34
7 57
1 41
4 20
3 81
5 90
8 15
5 68
8 45
5 91
8 79
9 62
8 29
8 94
2 33
6 90
1 83
3 25
2 27
2 83
7 30
10 89
9 21
2 41
4 66
8 6
9 97
4 73
8 25
10 38
3 65
5 10
10 74
1 85
3 5
5 35
6 17
6 52
1 23
10 46
3 24
2 52
8 45
9 57
6 49
6 69
10 95
1 12
1 2
1 57
10 12
1 23
3 51
1 44
2 83
6 94
6 61
7 20
3 76
4 57
7 86
6 52
3 82
5 52
7 85
5 78
6 19
1 41
4 69
8 42
1 41
10 34
9 90
4 78
3 89
10 58
2 12
4 26
3 75
7 81
3 18
6 23
3 15
3 98
8 57
2 29
2 28
6 10
9 95
5 18
2 64
8 24
1 92
10 2
2 89
3 36
10 80
6 27
3 31
1 57
3 40
7 21
10 20
3 57
6 84
4 32
6 90
6 86
5 48
10 2
1 73
5 96
1 20
7 28
4 36
8 3
1 86
8 46
7 66
6 72
7 69
10 53
3 70
10 97
10 60
6 54
3 65
1 83
9 75
4 45
10 4
7 76
3 70
5 48
2 97
4 23
5 61
3 12
5 9
7 52
7 54
8 32
4 96
1 30
3 59
2 47
7 98
1 36
1 54
6 40
1 5
3 33
3 50
9 77
8 58
8 13
