6 36
4 41
1 33
8 24
10 6
1 77
3 66
1 72
8 42
4 63
8 89
5 70
1 93
6 77
6 37
6 68
6 18
10 98
9 87
7 91
5 34
7 61
8 20
6 63
10 85
3 61
6 86
2 47
5 44
9 52
2 30
10 90
7 67
9 41
8 61
7 78
2 38
1 48
5 61
4 5
8 37
7 94
7 27
4 69
1 97
1 11
4 76
1 47
2 2
3 73
5 9
8 73
2 73
7 24
4 77
2 33
9 74
5 70
1 43
5 28
2 40
1 82
6 30
8 14
3 61
10 71
2 51
2 15
3 73
10 19
7 11
5 13
10 87
8 10
5 79
8 98
9 61
9 77
6 53
7 20
1 47
1 49
10 85
2 64
2 64
5 60
5 7
9 30
4 10
1 52
3 90
5 81
7 48
10 89
2 8
10 61
9 3
7 73
5 34
1 30
10 20
2 55
5 26
6 31
8 93
3 74
9 96
7 86
4 65
4 48
2 7
5 20
4 42
10 66
8 15
1 99
6 63
9 48
9 3
6 73
6 93
10 95
9 18
3 4
3 24
5 92
2 3
3 26
9 41
6 47
10 98
9 84
6 10
6 91
7 54
7 60
3 91
5 91
3 19
3 84
6 76
6 96
6 27
5 82
7 46
2 11
9 83
10 8
10 65
4 45
4 92
3 7
7 81
10 26
7 12
2 86
2 95
8 44
4 80
6 66
1 50
10 55
3 8
4 60
5 48
10 36
5 52
1 95
9 40
3 4
9 48
2 49
5 79
9 44
6 69
1 8
8 77
10 92
8 44
3 100
2 87
10 62
2 35
9 16
9 32
3 58
9 99
8 30
10 5
1 4
10 90
2 40
5 79
4 95
6 60
2 63
1 29
1 34
6 100
6 98
2 21
7 58
5 30
8 5
7 46
7 69
7 60
3 79
7 96
4 46
8 22
4 94
4 72
3 68
10 36
3 28
1 14
5 10
7 20
4 93
3 32
9 18
1 98
6 65
7 35
4 19
9 22
9 49
2 19
2 88
10 58
10 94
9 49
3 17
7 10
6 47
10 40
7 15
3 49
8 46
2 14
3 1
7 31
4 91
10 97
7 95
9 62
10 38
8 29
2 75
3 59
9 67
3 14
2 24
3 64
8 73
3 51
3 48
2 29
9 9
7 99
8 11
7 1
1 74
8 53
2 100
7 31
6 72
7 69
7 29
8 71
7 23
10 100
6 49
6 85
8 75
9 98
6 2
6 34
5 54
10 22
1 29
2 31
2 99
9 31
10 10
8 95
7 99
2 7
6 58
8 34
3 68
1 68
7 11
9 94
8 20
1 57
8 84
6 71
2 16
2 7
5 95
7 31
2 98
3 77
10 33
4 8
4 49
3 50
3 18
4 55
8 38
6 8
10 55
6 89
8 54
5 72
7 41
9 8
8 12
8 58
7 9
7 32
1 45
8 8
3 71
4 68
7 24
2 32
1 53
10 59
7 54
9 76
9 51
4 1
5 1
3 34
5 54
9 65
8 78
4 74
2 35
1 43
2 16
3 49
1 98
5 85
5 95
2 85
1 37
4 51
1 76
5 37
7 28
5 92
7 21
6 12
6 16
7 8
6 47
9 63
3 30
1 42
5 67
2 44
1 43
5 17
3 89
5 63
1 71
1 84
4 37
1 41
3 60
8 75
2 12
5 90
5 53
8 6
6 87
2 53
5 33
7 39
1 58
6 64
5 95
7 50
8 88
8 87
8 58
4 5
6 61
3 13
1 4
2 30
8 66
8 28
2 20
2 50
10 97
5 88
8 93
3 37
1 35
10 48
9 42
9 46
6 31
2 74
1 93
10 9
6 98
2 45
7 30
10 61
9 55
7 58
8 12
3 9
6 26
2 94
7 92
5 73
8 22
2 23
5 34
7 80
2 24
9 20
6 9
1 88
8 39
3 80
6 52
7 11
6 88
9 55
10 4
1 46
3 1
4 62
6 38
8 30
5 64
3 9
5 80
5 80
8 94
2 40
4 9
9 78
5 34
4 24
10 62
3 69
6 53
2 53
1 53
6 71
8 45
7 12
8 83
6 80
8 36
7 59
8 7
1 27
3 15
4 82
10 39
2 76
8 49
7 5
1 56
9 92
10 32
2 84
10 6
7 13
8 76
5 62
7 30
9 81
3 88
7 27
9 98
4 48
3 35
2 47
1 45
5 60
2 52
1 99
4 25
6 38
8 47
1 39
4 19
9 96
8 89
1 64
9 11
6 75
3 12
10 49
3 50
4 47
2 98
1 31
6 69
4 24
5 89
3 71
3 84
10 13
5 90
3 52
8 38
10 96
10 59
3 8
3 21
3 34
6 90
7 30
6 60
7 54
5 13
2 54
2 51
8 39
6 54
1 37
7 87
1 88
2 82
3 75
2 92
5 57
2 67
6 70
7 12
2 56
1 92
4 39
8 91
2 50
7 49
5 98
6 90
6 62
9 54
7 36
4 30
6 43
1 42
9 36
6 36
5 87
4 22
4 12
1 36
6 35
3 9
3 62
7 60
1 26
6 2
2 90
7 95
5 96
1 71
7 84
5 48
8 62
6 54
10 40
10 7
3 10
9 60
6 91
5 100
1 17
8 60
6 80
8 56
8 20
3 94
9 54
6 49
7 94
6 21
7 22
6 50
9 66
1 43
10 83
7 2
7 18
7 29
9 84
3 95
9 76
3 98
6 30
1 89
10 14
6 55
6 40
6 51
9 91
3 9
3 4
3 14
1 66
9 20
4 40
8 42
3 44
6 91
1 75
7 38
9 98
3 63
10 12
10 44
6 29
7 91
10 76
3 16
1 88
9 15
4 42
2 20
4 67
9 99
3 63
7 46
6 47
8 50
8 23
6 59
8 9
1 21
8 52
2 36
7 81
2 43
4 60
2 37
3 41
2 20
4 9
5 83
5 52
7 39
1 70
4 11
7 15
1 54
6 84
1 15
1 24
1 75
10 91
1 41
2 94
6 27
5 32
5 36
10 62
4 100
8 51
6 77
1 14
6 55
9 48
7 15
10 25
6 64
9 95
10 72
3 59
1 43
4 45
6 42
3 60
4 51
8 99
5 71
10 94
9 28
8 48
7 90
7 93
7 62
5 24
8 11
4 88
10 25
8 77
5 15
10 22
2 4
10 97
5 38
10 52
8 12
4 71
2 71
8 23
5 32
4 26
6 40
9 52
7 45
9 86
6 49
4 33
4 16
5 83
9 75
5 75
5 84
8 99
6 26
2 35
1 55
9 72
1 1
5 99
10 94
4 41
3 54
1 96
7 67
8 100
5 45
7 47
7 8
5 91
9 7
9 14
7 51
8 64
2 5
2 30
1 57
6 98
4 36
4 40
10 21
2 20
3 76
4 49
7 43
7 82
9 91
2 40
3 3
5 13
8 52
9 36
5 50
4 1
8 46
1 80
3 1
4 70
8 60
5 4
6 14
3 65
10 64
3 39
10 28
1 34
1 42
10 65
3 28
3 66
4 72
1 20
2 100
2 95
4 33
5 89
4 25
5 21
6 68
9 33
7 2
1 56
4 48
1 42
10 20
6 4
2 15
8 53
4 5
9 56
2 60
2 3
5 95
6 40
9 66
4 14
8 4
4 100
5 84
6 66
5 9
2 65
6 41
4 18
10 53
3 7
1 76
1 71
2 85
10 51
4 34
4 13
8 39
7 84
6 36
4 14
10 17
2 20
7 32
9 40
6 60
4 85
7 12
10 27
8 83
10 22
5 76
3 2
8 27
3 73
4 27
3 17
10 62
5 36
9 2
5 82
4 18
5 14
10 78
3 30
1 56
2 77
2 5
3 70
4 67
3 19
9 69
2 56
5 24
10 54
6 13
8 33
9 30
2 10
8 1
1 45
8 37
10 100
8 43
6 8
1 48
5 22
2 62
10 66
8 60
2 91
6 64
8 56
2 1
3 73
4 94
2 75
5 45
7 26
1 48
2 53
1 26
8 18
4 14
5 67
2 86
1 77
7 64
9 23
2 22
3 15
1 23
9 97
4 86
7 45
1 19
1 32
10 20
6 94
2 98
9 96
9 34
6 65
9 51
7 7
3 70
5 75
9 14
6 9
5 17
2 75
2 100
7 93
4 67
8 84
9 65
2 76
4 71
9 3
10 83
8 11
7 73
8 87
4 41
1 14
4 25
9 10
6 27
6 73
9 30
6 67
6 66
4 35
9 42
1 39
8 10
2 55
4 22
3 53
4 66
4 77
3 52
3 84
3 92
10 23
7 75
1 30
1 67
3 2
3 30
8 8
1 46
9 8
6 82
3 3
10 8
7 73
10 27
8 50
6 67
5 68
1 63
7 74
6 28
7 57
5 29
1 68
3 6
3 13
5 49
9 91
5 59
8 55
9 53
4 44
3 13
9 59
8 5
9 64
1 67
4 62
2 92
3 82
2 38
2 67
8 14
9 26
3 44
3 46
8 12
4 98
8 49
3 28
6 11
