6 42
10 21
9 72
7 34
7 47
9 89
4 33
2 77
7 91
7 54
3 68
7 98
7 59
1 33
5 72
6 81
10 68
8 30
10 58
4 100
10 57
9 100
2 59
8 93
3 42
6 65
8 67
9 15
8 82
1 79
7 98
2 61
10 30
9 75
5 35
10 52
1 53
8 10
2 17
10 59
3 85
4 88
2 68
10 67
5 96
7 99
9 6
10 38
1 89
1 63
6 96
1 34
7 46
6 5
8 36
1 24
1 34
9 57
10 66
8 63
3 10
2 70
7 77
3 56
7 29
8 30
5 40
8 85
8 2
2 24
2 11
2 4
10 42
8 47
1 9
6 94
5 92
3 26
3 41
5 10
10 71
5 48
10 44
10 1
5 79
9 59
5 71
6 10
3 81
2 59
1 74
7 49
6 6
8 1
8 25
8 9
3 61
5 45
3 75
9 76
10 15
3 26
4 27
6 87
1 55
5 11
10 76
10 84
5 80
3 78
9 54
10 89
4 88
6 58
4 85
6 8
4 80
4 25
1 75
10 38
1 68
5 52
2 8
9 14
5 37
10 20
4 71
9 13
2 67
2 17
1 11
10 61
1 75
9 33
7 52
2 17
9 48
2 75
9 57
10 36
3 39
6 30
2 17
7 58
2 64
6 12
4 100
5 29
4 16
2 25
1 77
8 97
2 47
5 23
10 92
7 78
2 65
1 5
2 18
2 80
5 78
5 58
1 45
5 74
4 27
9 45
1 55
3 69
8 48
3 68
10 3
4 47
10 98
7 42
10 29
8 26
6 60
5 39
10 93
5 68
8 92
1 33
6 65
10 3
4 37
4 54
1 45
7 76
10 35
6 98
1 3
9 33
6 68
4 23
3 13
2 29
5 27
3 73
8 3
6 92
7 84
6 65
2 19
1 85
2 17
10 68
7 95
4 9
2 24
8 47
3 87
4 47
2 80
7 37
9 26
3 71
6 98
8 34
6 91
2 97
5 30
9 7
8 58
1 97
5 17
6 57
8 10
5 2
4 26
1 41
6 37
5 6
1 32
4 92
9 81
9 9
3 71
6 93
10 19
1 86
6 20
7 91
1 71
10 35
6 75
2 18
9 21
6 6
5 64
10 18
4 80
1 56
9 92
9 82
8 90
9 4
2 91
3 64
8 29
10 94
1 37
1 83
3 25
4 74
7 35
9 14
1 56
8 64
3 49
8 76
6 68
5 50
4 47
4 20
8 25
6 39
6 49
9 80
2 98
7 56
8 93
2 75
6 70
7 63
7 46
6 73
1 16
7 57
7 12
10 19
7 49
6 81
2 96
7 61
10 10
6 93
7 78
9 2
5 49
9 93
2 10
10 15
5 39
10 49
6 45
10 33
1 88
2 77
9 48
2 2
9 84
5 76
9 25
8 61
3 13
4 99
10 91
10 88
9 72
9 25
7 88
9 55
6 11
1 51
4 54
6 100
1 25
7 38
6 32
6 10
2 95
6 37
1 63
4 11
9 43
8 50
3 48
3 40
7 13
8 10
3 2
9 49
3 84
7 11
4 98
5 43
1 27
8 31
4 64
8 28
8 21
4 60
6 92
5 15
3 27
8 31
9 60
5 71
3 34
7 66
7 54
10 54
10 80
7 84
2 48
5 47
10 53
6 66
3 42
1 38
10 4
7 93
10 56
4 45
6 37
2 24
7 41
6 10
6 50
5 57
5 48
10 17
3 36
4 89
10 12
9 56
2 64
3 1
7 37
2 7
10 12
8 41
5 8
7 31
1 5
6 41
4 37
7 1
9 13
6 92
2 59
2 14
8 48
3 15
7 61
5 5
1 48
4 65
2 17
9 6
10 82
3 89
3 57
8 62
7 32
3 40
10 71
8 74
1 55
2 99
3 26
2 11
10 64
1 19
1 81
4 5
5 93
3 57
3 89
4 82
9 54
4 97
9 68
2 82
9 34
6 92
10 18
7 46
7 21
6 67
5 32
5 22
8 76
10 37
9 68
1 64
6 78
7 67
2 46
4 37
9 47
7 46
9 51
2 48
7 30
10 43
7 86
8 60
9 66
7 72
2 84
7 17
8 33
9 57
10 25
6 10
4 97
4 79
2 98
6 83
9 3
9 97
5 3
1 59
4 96
9 47
6 92
6 95
6 6
6 100
2 5
3 79
6 26
4 97
7 31
2 70
3 21
1 97
4 62
6 67
2 80
8 9
6 51
10 23
8 22
3 95
1 50
8 48
6 74
5 85
8 62
10 61
10 59
2 20
5 1
7 36
3 29
4 75
10 79
3 30
4 36
3 91
8 7
5 75
2 57
2 70
7 67
6 89
5 14
3 90
9 83
2 91
10 32
8 61
4 18
7 15
4 76
10 8
4 98
2 14
4 64
2 1
3 18
10 96
10 81
4 27
6 91
10 34
2 84
1 54
3 46
6 70
6 70
7 46
8 21
6 91
7 23
1 82
9 35
9 76
3 56
10 78
10 90
7 59
9 22
9 95
1 21
4 99
10 48
2 80
1 61
3 48
3 69
5 56
2 90
10 59
10 32
4 24
10 93
9 81
3 17
5 76
4 80
1 79
6 95
3 86
6 91
10 32
3 46
3 64
2 98
9 11
1 80
10 61
2 90
1 80
6 70
10 20
3 31
3 8
6 21
3 74
3 25
7 83
5 67
2 66
10 65
4 99
7 45
10 36
8 2
1 12
10 51
6 44
3 86
1 32
4 41
5 18
9 80
8 38
3 47
2 46
10 73
8 60
1 82
1 98
4 89
5 30
1 63
1 60
3 89
5 69
9 60
10 79
1 28
8 19
3 34
8 7
5 43
4 68
7 35
8 27
4 27
6 84
5 87
8 35
4 47
7 37
6 69
10 56
8 65
10 92
3 41
1 65
3 7
8 36
8 25
9 78
1 32
3 12
6 53
8 58
4 98
2 64
1 13
3 74
4 54
2 11
10 99
1 42
7 58
8 97
1 71
9 12
1 83
8 69
8 97
3 65
8 21
3 60
7 99
8 73
4 57
6 38
2 29
6 31
2 90
4 66
10 82
2 44
6 10
7 55
3 26
2 67
8 95
4 26
10 35
6 56
4 20
9 32
6 26
9 27
7 83
3 51
10 13
9 71
7 99
9 30
7 52
4 33
9 13
5 63
9 18
2 56
5 65
1 78
2 10
7 92
3 43
6 72
5 60
3 5
2 60
7 54
9 60
1 79
10 68
9 70
2 79
10 65
4 30
6 30
4 6
10 59
3 93
5 93
3 12
6 22
10 99
3 44
5 45
9 12
2 98
10 2
8 46
6 70
2 97
7 2
8 58
8 84
2 49
2 59
5 84
9 81
3 21
3 94
8 35
9 89
7 84
8 13
9 76
10 48
2 48
3 8
7 60
6 94
9 54
6 1
9 73
6 71
2 26
4 62
8 99
2 62
4 22
2 99
7 65
5 91
4 44
4 10
7 46
9 22
9 82
3 26
4 30
3 31
3 42
4 63
10 20
8 2
8 56
5 34
6 60
1 10
2 77
6 19
5 4
8 88
5 87
7 56
6 20
7 50
3 93
5 93
6 59
9 6
4 46
5 12
4 97
10 98
7 55
2 83
10 1
7 23
8 10
8 78
3 38
5 36
7 63
10 4
2 91
6 29
1 87
10 71
5 76
8 46
3 5
10 15
6 29
2 36
4 51
6 49
9 100
4 100
8 92
2 1
2 77
6 61
4 73
1 77
9 22
10 32
10 57
8 65
1 17
4 74
10 38
8 63
4 75
4 43
1 8
9 98
8 4
9 8
6 2
8 97
4 75
2 70
9 58
7 63
7 48
8 79
2 71
3 26
4 14
9 33
9 62
3 53
6 20
8 86
8 20
8 15
10 30
9 12
6 43
2 56
8 67
7 28
1 94
2 52
8 21
10 30
9 36
1 45
8 82
4 20
9 29
1 3
1 47
9 23
2 18
7 80
10 84
3 28
3 3
4 79
6 89
6 77
2 36
5 94
8 97
3 94
10 66
1 86
2 54
1 63
9 21
8 27
1 2
2 97
5 98
3 6
9 57
6 18
5 51
3 72
2 26
4 4
10 99
3 43
3 40
4 32
1 57
6 13
3 7
1 92
9 86
5 21
7 2
2 35
5 70
2 84
8 83
1 29
6 49
9 21
1 65
8 17
3 74
3 94
10 35
1 72
5 13
7 93
8 75
2 14
9 95
5 36
2 11
8 42
5 13
8 86
2 28
8 79
3 85
8 3
9 42
2 23
6 77
7 36
9 9
1 87
9 63
10 30
4 20
7 90
5 94
1 65
3 9
6 9
9 95
1 3
9 57
10 98
3 11
1 8
8 39
8 48
8 70
3 9
8 78
2 78
9 55
6 47
4 93
2 97
10 91
10 90
10 80
4 76
9 32
10 44
2 1
1 35
6 75
7 97
7 13
9 42
9 28
1 22
10 87
9 52
3 12
6 12
5 13
7 55
7 26
3 24
2 68
6 44
