6 60
5 94
6 73
2 66
8 3
8 5
8 38
2 46
2 75
3 81
8 59
10 23
3 37
1 99
5 3
2 25
6 57
5 59
10 58
3 20
10 87
6 95
2 78
5 56
3 88
2 10
6 47
10 37
5 16
2 39
6 77
5 26
9 59
8 20
7 30
3 68
1 6
3 21
2 50
2 21
6 28
6 84
9 5
3 75
3 71
5 52
7 9
3 44
8 18
10 92
10 62
2 29
6 46
10 19
7 55
5 25
6 95
9 99
1 8
3 12
8 29
4 84
10 11
4 54
6 93
5 63
3 17
2 43
6 96
1 61
8 96
5 35
3 88
5 72
9 36
2 97
2 88
6 69
7 28
2 73
8 6
6 78
3 96
5 16
2 60
6 55
9 46
9 32
3 57
7 5
8 94
9 34
10 22
4 37
2 24
10 73
9 71
2 47
6 10
6 42
9 94
1 18
10 68
9 47
1 96
8 92
10 29
9 82
7 36
4 35
3 49
7 42
6 14
7 52
1 95
2 2
4 37
3 56
9 10
10 98
5 43
8 11
6 70
10 10
10 55
8 71
6 89
2 59
5 93
5 96
2 28
2 7
6 19
1 43
4 45
7 27
9 48
3 68
1 4
1 50
2 13
1 94
3 60
4 32
3 73
8 15
7 20
1 86
3 47
1 74
3 52
2 78
6 36
10 58
7 16
3 6
8 43
5 70
8 77
1 55
6 6
1 97
4 16
9 27
8 32
9 13
6 48
2 88
1 71
2 2
4 84
2 37
5 5
4 9
1 16
10 98
3 40
3 26
1 27
4 85
7 95
2 4
10 20
5 17
7 85
4 82
2 23
8 11
8 55
10 26
1 6
9 14
8 19
4 79
8 6
2 17
9 45
1 99
8 96
1 29
9 66
7 47
5 26
4 14
8 20
9 16
1 62
9 38
8 87
10 10
7 11
8 79
2 56
4 83
4 33
7 27
5 70
6 6
5 35
5 48
4 58
6 70
1 48
5 71
4 40
10 5
6 25
3 94
3 17
1 63
9 78
2 84
5 88
9 90
6 86
9 61
7 63
10 65
2 29
3 1
3 26
2 31
3 93
2 31
7 12
8 15
2 48
3 68
2 82
9 23
5 74
5 11
5 25
6 94
8 53
2 7
7 60
8 76
3 77
7 70
7 45
4 43
9 94
10 86
6 22
4 85
9 23
6 43
5 22
1 46
6 30
10 74
10 76
4 24
10 85
8 58
10 72
2 43
3 20
7 43
7 10
6 100
10 54
6 84
1 63
5 16
8 79
3 46
3 76
10 92
5 92
7 64
7 96
4 23
8 3
5 94
4 92
7 77
9 58
1 68
10 29
8 43
7 29
3 70
1 53
2 50
4 14
4 24
9 27
8 95
2 43
5 8
1 1
10 31
2 23
2 36
6 98
3 10
9 38
8 91
4 87
2 84
1 68
3 73
5 67
5 56
3 82
1 45
3 54
4 53
8 30
10 40
4 75
8 10
8 66
10 49
6 18
5 1
3 57
1 84
8 50
1 93
5 70
10 92
1 17
3 73
5 70
7 43
8 16
9 4
8 7
4 51
4 46
4 57
4 89
10 92
7 86
8 46
8 7
3 87
6 34
10 90
6 100
5 86
9 88
7 81
1 44
7 54
3 99
6 68
10 33
3 59
1 73
3 15
6 52
10 87
10 67
1 25
1 79
5 1
3 85
6 43
3 46
2 53
10 41
10 38
7 65
7 31
10 49
7 100
5 29
3 59
5 99
10 36
2 24
10 39
7 78
8 72
8 39
3 86
7 96
5 80
6 19
6 100
1 11
4 26
1 23
5 37
2 2
8 41
9 58
7 45
6 22
7 51
4 35
2 91
9 3
5 97
10 61
5 47
10 51
2 39
8 81
9 62
8 67
9 22
8 69
6 90
7 91
5 24
1 60
3 48
8 88
10 4
3 71
6 84
10 21
4 69
6 3
1 45
2 56
8 21
3 26
3 71
9 27
4 68
5 65
9 10
1 29
1 19
1 4
3 35
3 44
9 23
3 38
3 51
3 47
7 81
6 88
7 44
2 19
7 77
8 71
9 1
8 24
5 46
6 56
2 63
6 90
3 25
9 78
4 8
5 73
4 15
3 71
3 37
2 35
6 45
3 100
8 85
8 11
10 7
4 52
9 93
6 50
10 83
7 89
9 39
6 39
1 81
8 88
2 45
4 43
1 86
2 92
7 37
8 35
10 35
10 3
2 24
10 79
7 77
9 62
7 33
9 83
8 80
3 55
2 5
8 31
6 6
4 49
6 82
7 24
3 67
5 22
8 81
4 83
10 20
6 30
10 10
5 82
2 65
2 39
5 56
2 15
4 20
2 90
9 43
3 10
10 94
5 64
4 72
10 28
9 42
1 63
6 97
3 84
4 11
10 36
6 19
3 59
6 65
6 100
10 1
8 45
6 43
3 77
9 72
7 39
1 73
6 48
2 95
3 88
5 58
9 18
9 70
5 15
8 7
1 53
2 72
1 37
5 96
9 82
7 67
2 80
1 56
10 14
5 100
8 56
3 70
2 70
1 81
5 26
1 4
10 5
10 28
9 9
4 81
4 38
6 70
3 7
5 87
10 4
7 67
1 23
5 43
3 92
5 7
9 66
7 50
5 63
7 16
8 43
7 28
4 26
4 64
10 16
1 91
2 11
2 33
9 72
2 50
7 99
9 36
6 33
6 27
6 55
7 41
4 93
6 79
8 41
8 95
10 15
9 94
4 38
4 38
10 45
5 81
6 35
4 42
8 68
3 6
9 82
10 6
4 21
6 48
10 47
3 96
8 40
2 62
6 25
5 25
1 24
7 22
4 20
8 39
2 100
5 19
4 91
1 84
1 17
3 33
10 21
8 78
3 74
1 77
6 65
1 27
6 74
1 16
7 83
4 44
5 91
2 23
9 10
7 15
2 90
9 81
10 78
10 82
1 47
8 61
4 17
3 19
8 64
6 71
2 12
6 4
10 30
2 56
6 88
7 62
5 89
5 60
10 55
3 16
1 57
3 65
10 74
2 91
2 64
9 19
6 90
9 16
6 69
8 92
9 49
1 78
5 92
6 19
6 63
7 79
3 86
5 54
7 67
10 52
1 11
3 85
9 17
6 4
10 47
10 98
6 3
5 35
8 31
2 20
2 58
4 92
8 100
3 18
8 36
9 9
6 77
6 75
1 42
7 11
7 78
2 65
8 76
4 69
2 88
1 17
6 85
5 19
2 52
5 74
9 22
3 12
5 9
7 95
7 48
1 42
9 53
1 28
2 36
7 79
4 62
10 64
6 11
9 63
10 70
5 3
7 32
2 86
5 85
4 48
10 91
10 57
4 15
4 76
2 90
4 45
4 73
10 27
4 21
7 37
7 18
9 56
9 91
8 75
6 68
5 94
4 48
10 23
9 70
3 14
9 42
7 61
10 32
7 81
10 78
5 45
6 44
6 57
7 86
8 70
3 37
7 29
8 6
8 33
8 84
10 83
5 53
9 9
5 45
3 31
10 99
1 38
6 56
5 94
6 74
5 56
9 86
3 13
1 70
7 58
9 82
5 86
4 74
3 77
6 38
10 15
3 55
5 81
10 38
10 79
8 17
9 80
3 17
7 47
5 67
8 80
3 1
7 70
1 70
10 15
10 52
7 31
3 70
5 90
5 45
5 57
7 86
10 11
5 19
3 61
3 58
9 53
2 11
9 50
10 76
10 5
10 87
1 97
3 69
1 48
6 71
1 27
9 46
6 45
6 88
8 37
9 97
10 97
7 17
5 63
2 48
9 59
5 84
6 19
7 95
2 72
2 14
2 28
2 3
9 14
7 36
2 70
10 3
8 86
9 19
1 2
7 87
6 58
6 29
8 28
4 96
8 5
10 64
10 30
4 81
1 53
5 87
9 68
6 85
6 29
5 44
2 4
3 4
4 70
9 86
9 40
6 37
6 36
5 79
2 28
1 15
1 90
10 5
8 55
2 58
5 81
5 62
9 27
2 20
1 19
5 49
2 96
9 97
3 73
9 84
9 7
3 33
9 23
6 30
2 40
2 87
3 88
9 48
8 89
10 54
7 68
4 85
8 82
3 29
7 40
1 59
1 45
4 92
6 58
2 73
3 1
8 6
10 7
8 77
9 25
7 38
10 18
7 78
5 28
4 92
3 100
3 16
8 12
10 43
5 80
9 36
5 88
6 26
5 10
7 47
4 75
10 81
6 21
10 27
10 21
2 91
3 82
2 39
7 74
1 70
6 92
6 29
8 40
8 56
7 68
2 52
8 35
7 54
1 40
4 2
7 73
9 85
1 33
6 76
10 17
3 14
10 39
8 66
9 5
2 19
2 66
1 41
4 90
5 18
8 92
7 81
2 32
3 66
7 95
2 54
8 24
8 43
7 93
9 65
5 3
2 40
10 91
9 34
10 95
2 88
6 32
8 5
8 98
10 59
3 89
10 71
4 3
9 63
1 17
