5 73
5 45
9 59
8 86
2 38
7 60
8 82
1 35
8 39
5 49
10 59
4 87
2 94
7 66
7 44
6 32
8 90
5 56
10 97
7 39
3 40
8 40
1 33
4 51
1 59
8 89
10 51
1 52
7 89
2 67
4 67
4 98
2 10
5 68
9 52
2 64
8 74
6 26
10 37
5 67
9 44
8 9
5 63
10 58
3 35
8 32
1 74
2 14
3 21
6 57
4 25
10 1
9 75
3 86
1 28
7 36
9 98
1 36
9 77
2 19
1 50
6 32
3 26
9 80
10 26
10 51
8 75
7 18
1 9
7 93
2 38
9 65
4 61
5 78
1 32
1 72
10 95
8 82
1 82
3 10
9 19
10 46
7 50
6 22
4 6
2 57
5 6
8 79
7 92
1 92
7 45
8 80
4 10
8 67
3 7
9 5
5 67
2 62
8 87
7 17
9 28
2 20
10 96
10 90
7 9
6 44
6 94
8 41
7 15
2 80
3 28
8 40
6 77
10 56
10 41
2 13
5 45
1 81
5 9
9 26
7 82
1 48
6 19
7 68
8 21
1 30
1 45
7 89
10 66
5 91
5 53
3 56
9 46
7 81
10 28
5 82
1 20
5 27
4 30
3 100
7 86
4 72
1 39
7 53
6 79
8 87
10 78
8 91
8 51
8 70
5 61
2 74
6 20
5 49
6 2
5 14
10 1
7 50
5 65
1 88
9 2
9 76
8 68
9 57
9 52
8 85
6 41
10 8
8 48
7 6
10 60
8 18
10 45
4 40
7 68
4 89
10 56
8 18
9 56
5 67
9 77
6 15
7 95
2 54
10 49
4 94
8 6
8 3
9 47
6 62
10 15
5 5
6 89
8 45
3 45
7 9
5 22
2 63
4 20
2 97
8 79
10 98
4 44
2 66
8 12
6 36
3 58
6 80
4 37
1 14
4 8
1 78
6 47
4 57
2 19
9 40
9 61
5 88
2 37
5 11
10 30
6 67
2 10
7 13
3 99
9 68
2 72
7 51
9 39
9 9
2 45
8 64
5 77
6 46
6 9
5 97
4 22
6 65
2 6
4 49
1 85
3 18
10 85
2 84
9 20
8 59
6 61
5 13
4 14
3 71
7 45
2 29
4 76
4 44
2 79
4 39
8 94
10 6
7 64
3 32
8 36
7 40
1 55
2 30
3 15
6 19
7 20
5 43
6 40
7 27
6 8
6 24
3 9
2 92
3 5
7 72
7 49
2 50
3 72
10 8
6 38
6 50
9 82
1 82
7 82
2 38
3 93
3 56
10 52
9 6
1 46
4 27
2 81
2 67
10 91
8 7
7 89
2 81
7 20
10 71
8 49
1 38
7 55
9 19
8 41
6 69
8 45
10 99
2 29
9 70
5 85
9 78
3 41
4 42
9 25
1 70
4 35
10 89
8 94
10 100
1 81
3 70
10 42
10 62
3 57
3 31
8 77
3 2
5 27
8 75
4 42
4 50
8 59
2 49
4 44
8 20
10 8
6 76
10 36
5 100
6 57
7 90
2 51
4 35
5 1
5 95
2 62
6 72
1 44
9 53
3 27
5 86
3 38
1 23
4 71
9 63
5 65
6 39
9 44
9 24
4 32
4 54
4 66
4 95
2 15
9 81
5 3
7 87
5 43
10 67
6 68
5 12
10 21
2 39
1 23
5 30
8 28
1 96
9 88
6 53
9 37
10 5
4 63
1 43
5 91
3 8
8 62
7 98
2 29
3 37
8 93
4 61
4 68
2 37
9 3
6 95
4 28
6 25
8 27
3 81
2 34
4 15
2 1
3 11
3 40
2 36
2 5
4 20
5 38
8 18
8 16
3 96
4 13
7 33
7 96
4 6
7 80
7 78
4 82
3 60
3 20
7 62
3 27
7 68
6 17
5 82
6 34
10 34
3 56
1 10
9 29
1 70
5 52
6 67
6 69
9 5
5 15
9 54
8 24
9 84
5 100
9 4
5 46
7 38
10 21
4 67
2 46
6 85
7 100
7 69
8 24
3 85
8 51
10 41
1 51
4 13
3 1
7 54
9 18
7 3
7 15
10 59
6 100
10 42
4 78
8 16
4 94
10 53
2 50
8 73
5 5
9 99
9 70
10 92
10 57
6 23
7 32
1 41
1 83
1 25
3 31
8 60
4 100
3 88
3 13
4 80
4 81
5 98
4 4
6 28
2 100
7 35
2 91
9 94
6 81
8 88
7 59
1 29
4 24
9 79
2 28
9 61
6 55
10 89
2 15
5 75
3 50
1 6
1 47
7 11
7 88
8 1
1 15
1 32
6 66
4 90
1 39
5 24
4 60
4 17
6 83
1 74
10 100
10 2
7 6
5 77
5 56
6 80
3 9
5 96
10 76
10 65
4 54
6 17
6 27
7 73
2 36
9 92
2 57
8 48
9 90
1 82
4 32
1 51
4 81
10 44
4 36
6 7
4 37
1 20
7 97
7 59
1 6
8 96
3 93
10 63
8 20
6 68
3 88
1 100
10 85
2 30
9 90
2 40
3 63
6 13
8 73
8 92
8 1
2 68
2 65
3 36
9 92
7 2
4 89
10 47
6 24
9 25
1 81
5 50
6 10
5 61
3 7
1 99
1 77
3 40
10 76
9 47
9 78
10 52
3 2
10 62
4 22
3 42
3 97
10 3
1 36
7 22
5 76
4 86
10 1
6 90
9 51
5 92
5 66
7 18
2 36
8 63
9 94
9 11
5 19
9 4
4 19
9 78
9 28
6 62
6 23
2 48
2 73
2 30
8 72
8 29
3 86
2 38
10 26
8 70
6 14
5 80
4 73
1 36
1 89
8 86
7 53
9 4
5 34
4 89
10 100
8 39
10 60
1 52
6 40
6 74
10 91
6 40
5 79
7 97
1 81
8 99
9 28
5 4
10 67
7 19
2 17
8 2
7 91
2 9
9 37
9 70
1 69
7 76
5 41
10 3
2 40
5 17
3 89
8 23
3 75
6 22
10 73
8 73
6 82
3 5
1 97
8 37
1 25
2 27
1 51
6 51
5 61
4 72
1 50
7 57
2 95
8 83
3 42
4 52
5 78
2 95
7 48
9 32
6 69
6 6
4 33
3 82
10 40
9 79
10 80
1 59
5 58
9 97
7 66
3 11
10 18
10 44
10 38
2 64
4 72
2 65
9 7
10 83
3 34
8 2
8 75
2 39
4 45
4 93
5 95
8 51
7 30
6 96
6 91
9 34
5 23
10 75
1 73
8 66
8 22
8 59
8 91
6 91
1 70
8 87
3 54
9 42
9 43
10 62
7 43
10 64
9 24
5 69
8 46
7 71
6 88
4 88
10 63
4 13
4 28
7 34
10 99
6 2
4 72
3 95
6 82
1 36
8 15
3 31
8 4
5 90
5 13
2 37
7 97
2 35
5 4
7 39
2 42
5 58
5 82
5 34
8 15
4 49
1 11
8 36
10 45
7 51
10 65
8 68
6 84
2 32
2 8
3 78
6 31
5 86
4 64
1 72
2 32
2 23
1 100
7 13
2 79
9 91
9 58
5 95
6 99
8 25
2 16
8 2
5 30
9 46
6 86
4 41
4 91
6 59
10 31
3 98
2 84
4 29
9 31
6 22
4 71
6 92
5 35
8 100
8 67
1 78
3 89
8 85
7 18
3 55
1 67
1 46
3 17
3 41
4 65
1 19
9 25
4 15
8 41
8 71
8 77
9 71
7 61
4 3
7 23
6 5
7 88
7 58
7 30
2 67
10 34
5 12
2 51
8 64
1 59
4 97
10 74
2 67
8 80
10 4
9 67
8 40
4 51
9 50
9 63
1 27
3 94
5 93
10 10
10 85
5 40
7 32
7 92
6 40
8 52
4 63
1 58
3 12
3 47
9 37
6 44
2 29
3 3
9 44
4 6
6 93
8 84
10 20
1 81
5 37
1 33
1 69
2 52
2 13
6 73
3 64
1 77
8 18
2 87
3 95
1 31
2 16
1 88
7 74
9 67
2 62
3 14
6 74
7 65
1 39
9 92
5 62
7 30
3 84
2 26
2 42
6 41
8 95
5 12
2 70
7 3
10 79
10 95
2 1
9 5
8 86
10 73
10 81
5 66
1 5
7 87
9 34
5 63
1 24
4 94
10 72
10 49
1 29
6 13
9 88
1 15
10 99
9 3
4 54
7 15
2 88
3 82
10 95
7 19
5 69
4 68
4 3
2 29
1 90
3 15
7 84
6 81
5 97
6 78
4 96
1 47
2 9
4 32
10 93
2 27
6 57
3 62
8 68
4 95
3 60
5 73
7 12
7 97
6 99
1 91
3 85
7 35
5 5
2 85
6 91
3 41
3 36
3 23
5 50
2 27
6 50
4 8
8 2
7 53
9 36
4 17
1 18
3 64
3 42
5 47
8 38
2 91
3 98
10 79
7 27
7 68
2 60
2 56
5 94
1 27
2 93
1 8
6 90
2 84
9 58
6 88
2 42
