7 61
5 99
8 100
7 73
8 65
2 98
2 34
9 8
5 85
4 92
10 62
5 19
5 17
4 28
9 81
9 20
9 22
7 10
3 100
10 41
9 16
6 95
4 56
8 44
7 35
1 11
4 95
2 25
9 40
6 92
1 94
3 52
1 2
2 62
1 78
10 65
1 27
2 47
6 49
8 24
3 22
6 42
6 95
4 72
8 92
1 69
9 59
6 54
8 49
3 60
2 85
10 57
5 10
8 97
5 23
7 8
1 78
4 79
2 62
8 77
9 62
1 41
5 60
7 86
7 39
5 26
6 86
6 88
2 24
9 73
4 81
3 34
6 66
4 84
2 93
9 36
8 50
9 74
4 30
6 73
3 23
7 94
9 76
10 75
3 71
9 35
7 100
6 16
5 28
4 52
9 68
1 24
7 88
5 38
5 37
10 75
7 67
7 87
5 95
3 82
7 85
8 15
5 82
6 62
3 59
2 54
3 81
2 10
9 76
6 83
6 99
4 80
3 26
10 45
8 44
6 20
10 16
5 45
4 6
9 6
9 46
1 9
7 78
7 2
6 58
4 80
6 86
8 91
8 63
2 80
6 54
10 54
6 58
8 2
7 41
7 86
4 11
5 78
9 99
5 79
10 18
9 69
1 14
8 65
4 48
1 92
8 26
1 32
6 29
4 77
6 26
7 6
5 40
3 98
3 59
4 86
4 24
6 7
9 86
3 37
6 7
9 94
6 43
7 81
8 23
1 2
6 46
1 100
7 38
7 22
4 22
1 51
3 39
3 84
7 50
2 76
4 93
7 56
3 22
7 58
3 45
5 29
5 92
4 42
9 50
3 64
8 65
4 57
5 89
5 6
9 26
5 42
7 18
6 76
3 90
10 14
8 99
5 34
5 4
9 52
10 18
10 94
10 43
10 57
4 20
7 59
8 60
3 47
5 98
4 41
7 87
6 91
9 5
4 97
4 47
8 32
9 63
10 39
8 20
6 78
3 38
9 17
8 93
10 58
9 5
8 27
1 54
8 59
7 82
6 47
2 36
1 36
5 41
4 28
9 29
6 70
8 89
5 28
7 19
7 64
3 99
8 55
5 98
10 18
4 56
5 82
5 20
3 32
1 23
6 99
9 34
6 95
3 2
5 74
5 49
3 76
8 12
6 95
9 75
10 53
9 82
4 60
5 34
1 45
7 99
10 5
10 69
3 21
3 37
10 96
2 52
8 31
3 40
7 25
9 78
2 92
7 35
7 8
2 2
1 55
6 72
8 23
2 96
2 89
10 46
5 63
5 31
9 5
1 58
7 15
5 74
10 23
1 81
9 58
10 13
2 94
6 9
6 12
7 11
1 99
1 85
6 1
4 55
8 61
9 4
5 51
7 40
10 61
8 98
8 55
5 46
9 81
6 80
7 28
3 37
1 7
4 34
5 48
4 22
3 12
6 8
9 52
5 71
3 35
3 95
4 21
4 54
8 93
4 71
8 91
10 30
10 96
4 21
6 95
9 95
9 62
1 99
5 86
7 76
8 60
1 68
8 10
1 76
7 14
9 71
8 5
4 39
3 75
7 21
4 59
7 60
9 74
4 73
1 14
3 78
8 77
8 57
9 76
3 32
9 95
4 80
2 75
1 43
9 71
10 88
2 34
3 9
3 61
2 75
7 18
9 81
5 58
5 50
3 65
6 7
7 61
8 14
10 31
4 59
8 13
8 4
6 41
9 38
10 47
7 27
6 100
9 78
9 39
10 15
6 64
3 20
1 3
8 1
8 7
4 54
10 21
10 94
10 93
6 28
5 7
2 9
1 31
3 72
3 39
4 4
9 50
10 76
4 62
9 37
1 70
5 32
8 26
3 91
1 61
9 47
2 34
5 63
9 19
2 96
6 59
5 25
2 25
6 58
9 86
2 98
3 100
10 38
1 86
8 93
4 61
6 9
4 24
7 28
6 100
2 85
10 62
8 25
2 55
6 95
4 47
4 36
2 17
7 67
9 38
8 61
3 85
8 36
3 84
10 44
3 86
4 59
7 85
9 70
3 10
10 77
7 12
10 46
9 33
9 16
3 25
8 47
4 53
10 64
1 83
9 54
7 38
7 59
2 72
5 98
1 32
10 99
9 41
3 66
10 77
8 16
4 65
5 83
9 66
2 92
4 93
8 36
1 78
5 80
6 54
6 98
3 72
4 90
3 84
6 90
9 92
5 63
8 55
5 88
3 70
6 32
4 93
4 88
2 60
3 67
1 44
1 7
1 50
8 77
9 95
1 75
6 25
2 46
1 6
3 80
1 35
4 69
9 16
6 75
3 59
6 59
2 70
7 11
8 43
6 41
1 59
5 62
7 34
3 56
10 11
7 73
3 32
6 90
4 90
5 57
5 11
2 84
6 95
7 3
1 73
2 100
2 71
6 69
2 23
2 46
6 14
6 77
7 73
4 92
8 46
8 94
1 96
5 27
3 4
10 11
3 42
2 77
3 52
7 77
7 2
7 63
7 86
8 46
6 18
10 26
3 97
8 10
10 50
1 71
9 77
3 98
9 25
2 17
9 38
8 22
5 88
2 59
6 56
10 50
3 24
3 72
1 54
2 89
6 78
8 29
9 53
9 30
10 86
7 67
6 24
2 80
7 70
1 7
6 88
2 31
6 25
1 95
8 98
9 39
8 51
4 36
6 57
6 10
10 9
4 64
2 35
1 66
2 99
2 22
9 97
5 38
7 91
5 71
6 45
8 84
4 93
5 45
6 69
4 97
5 18
5 95
8 79
5 10
1 23
9 81
9 100
1 15
10 33
3 18
3 71
5 51
10 64
10 82
1 72
4 21
5 97
1 40
1 99
7 75
1 86
5 75
9 93
3 26
6 27
4 90
4 67
3 82
7 24
4 42
6 83
6 92
2 47
2 64
4 8
1 20
4 96
4 53
8 59
2 71
4 33
8 99
6 78
2 59
10 93
1 2
2 6
8 3
4 59
4 30
1 2
1 78
3 1
3 13
4 51
7 73
6 47
8 32
3 43
9 36
9 8
8 76
6 20
1 39
9 1
7 58
4 20
10 22
4 58
10 30
6 36
9 14
2 26
10 1
1 87
8 91
8 39
9 48
2 54
1 6
6 93
2 9
8 43
1 30
9 2
7 33
10 4
7 76
9 60
3 42
7 10
8 37
4 100
5 17
2 88
3 33
7 35
9 71
7 15
2 75
1 33
1 9
3 1
4 45
9 19
3 53
4 80
3 50
9 38
4 47
6 77
2 100
8 71
9 3
10 19
7 33
6 35
8 11
4 27
4 71
6 42
2 99
9 72
1 58
5 61
1 71
2 70
9 62
8 18
10 97
10 76
1 64
5 68
6 57
3 67
10 35
4 1
2 42
6 47
9 97
7 29
4 52
10 46
10 37
6 54
4 97
5 94
6 88
3 92
5 18
2 53
10 22
7 48
7 93
9 60
5 67
10 47
5 86
5 99
5 56
2 61
9 28
6 84
2 8
4 64
10 39
4 41
1 94
9 64
1 85
7 24
5 31
6 85
10 26
7 71
3 86
8 98
6 34
7 39
10 98
4 74
8 19
10 14
2 96
6 11
10 25
5 19
4 91
5 65
9 52
7 6
1 85
6 29
9 26
7 74
8 12
1 84
1 71
10 89
7 84
4 3
1 10
1 60
1 5
7 46
4 30
4 61
6 3
1 51
1 96
4 79
7 36
6 25
9 26
9 13
3 81
1 27
10 23
3 44
2 7
3 96
9 19
2 40
9 29
2 50
10 40
7 28
2 4
3 49
8 72
7 52
6 49
3 71
4 96
4 79
5 35
6 63
8 68
7 87
10 35
5 36
10 79
5 5
4 81
8 68
10 10
5 67
6 39
4 79
5 10
7 76
7 86
10 71
3 83
10 77
7 9
6 39
5 9
2 3
9 56
9 19
2 55
8 53
4 22
9 39
7 88
3 72
4 76
9 25
2 100
10 19
7 87
4 25
6 1
1 6
2 7
8 56
9 35
4 40
1 27
4 100
5 98
10 27
8 9
6 28
9 33
8 64
1 25
5 97
5 3
4 58
5 3
1 25
1 83
5 25
10 19
9 33
3 49
4 92
2 69
2 71
5 24
10 5
10 83
3 96
5 84
3 90
5 83
1 49
7 51
6 55
6 52
1 69
2 29
2 52
4 24
5 44
6 49
10 66
6 17
7 100
1 43
9 99
3 89
6 68
9 98
10 47
2 19
1 22
7 4
1 7
3 86
7 87
3 15
3 94
6 62
2 19
9 16
1 48
5 8
10 78
4 36
9 65
5 12
3 47
4 45
6 44
3 94
6 30
6 30
2 22
9 72
9 75
7 24
2 74
5 7
4 24
10 49
4 5
2 43
9 81
1 25
7 76
1 2
7 46
8 63
5 26
8 25
1 54
5 42
6 61
8 76
10 96
4 74
10 30
2 12
3 10
2 2
6 75
9 36
5 100
9 17
10 30
9 14
2 71
5 11
5 16
