10 62
2 92
6 47
1 17
1 13
3 68
6 81
8 2
10 52
4 88
1 93
1 78
7 12
6 93
6 39
3 85
1 64
4 48
6 61
8 35
5 9
10 51
2 24
3 26
4 3
9 32
10 98
9 17
6 59
5 86
6 76
7 13
8 85
4 21
3 31
2 100
4 21
5 3
2 26
4 76
3 55
7 51
5 83
8 73
3 73
5 52
2 70
8 24
2 1
1 100
3 76
4 80
7 49
2 38
8 81
1 21
4 40
2 54
2 40
7 23
8 76
8 1
9 1
2 46
2 52
3 39
8 29
6 37
3 29
5 79
5 59
1 48
4 30
2 15
9 19
9 59
8 73
5 10
4 52
9 2
7 17
3 16
2 48
5 57
3 68
1 50
8 88
1 87
7 1
7 84
10 27
8 16
1 92
10 64
3 35
5 57
6 94
3 62
5 5
5 24
2 68
5 91
9 67
3 70
6 52
6 100
9 13
10 27
3 93
1 66
5 87
4 58
3 46
1 97
8 39
8 68
10 23
1 35
7 60
4 83
9 73
4 7
10 91
2 84
9 40
9 64
10 39
3 30
4 56
2 41
4 98
1 35
2 51
7 100
6 92
8 84
3 58
5 17
8 85
1 62
10 69
5 18
9 55
2 13
6 14
3 82
1 23
9 53
6 38
5 76
8 46
9 89
9 85
2 75
9 54
7 94
7 24
5 44
2 52
4 11
3 78
2 17
6 77
3 64
3 33
10 62
6 43
9 20
6 24
9 95
4 38
7 20
3 80
1 55
8 33
8 19
8 1
1 41
4 88
9 2
5 52
9 26
8 14
4 55
9 20
8 23
5 74
7 83
3 63
10 70
1 55
8 38
8 19
9 33
1 53
9 87
5 15
2 56
7 31
4 50
1 65
2 14
5 1
7 88
4 71
7 68
7 97
5 35
3 48
2 19
2 24
6 56
9 22
9 49
9 67
4 63
5 59
6 16
6 75
3 71
7 62
2 71
2 87
10 11
4 8
2 82
9 71
7 81
7 89
3 7
10 97
1 60
7 54
2 5
7 61
9 95
5 98
9 10
6 66
7 14
7 39
10 11
4 36
9 6
6 19
5 28
8 70
2 1
8 62
4 5
1 19
1 61
6 84
4 34
1 98
4 99
1 57
9 36
1 99
8 22
5 18
3 27
1 29
5 23
10 95
5 97
2 35
3 88
3 40
4 33
3 85
10 96
5 42
7 15
2 83
10 14
3 13
7 84
5 66
4 50
10 80
3 36
4 44
9 5
2 42
6 21
8 81
6 14
2 25
4 2
9 36
2 13
1 47
1 59
3 58
1 54
6 3
4 61
7 87
1 20
6 18
2 24
2 94
8 64
5 8
1 47
4 47
1 89
10 1
10 68
7 40
5 34
7 70
9 82
5 74
4 61
5 48
4 32
4 43
2 56
5 13
8 5
5 31
5 63
7 72
9 51
2 57
9 99
7 11
3 74
8 68
8 55
2 75
4 12
2 68
7 22
5 89
5 20
4 1
4 26
10 18
6 45
4 64
8 80
2 36
6 86
8 34
2 31
10 25
5 8
3 74
8 64
5 96
9 9
5 16
9 100
1 56
7 33
9 57
7 75
3 86
8 84
6 7
3 24
4 24
4 89
1 36
6 76
6 71
1 18
8 60
1 70
7 82
9 63
4 29
6 46
10 57
7 62
7 72
9 59
9 90
5 61
5 43
1 82
6 48
9 57
1 98
4 7
5 92
6 95
3 23
3 77
1 93
10 46
7 24
6 56
6 5
6 86
3 90
5 76
2 3
5 17
7 61
3 20
2 73
8 61
3 68
8 53
5 58
6 58
5 63
1 35
6 34
10 51
2 81
5 88
8 2
6 90
8 17
3 77
6 91
5 49
9 99
4 94
1 88
5 73
2 54
3 19
4 57
2 64
9 13
10 30
3 64
6 72
5 7
8 70
8 77
9 64
1 9
2 43
4 66
5 40
6 100
6 13
3 87
6 97
4 61
6 76
9 89
6 55
8 71
4 62
3 6
8 45
8 96
1 42
7 70
9 93
10 30
9 60
6 41
6 78
5 25
5 28
3 60
10 20
2 56
10 42
6 19
6 24
3 35
3 32
4 2
8 78
2 67
5 45
8 14
8 20
10 6
1 18
1 87
6 45
5 86
9 1
1 57
2 37
6 83
4 56
8 92
4 73
4 83
4 84
8 53
1 29
3 44
2 16
10 76
3 40
4 89
4 44
1 94
5 24
1 42
9 36
7 70
9 56
10 67
10 28
1 58
2 43
4 90
6 27
9 72
10 84
10 23
5 15
6 79
6 81
1 28
9 45
6 29
3 98
10 50
10 22
9 64
7 13
9 92
6 2
1 43
3 85
5 97
10 85
7 64
4 53
7 92
1 62
4 57
9 79
2 13
5 6
5 13
10 51
8 70
3 31
1 49
4 43
7 73
4 35
1 25
2 34
9 26
1 64
5 82
4 80
8 95
5 63
9 99
10 93
5 85
1 59
8 58
4 7
8 46
1 5
6 22
4 94
1 95
7 55
2 16
2 7
2 28
3 46
2 43
4 7
3 17
10 18
9 34
1 3
6 89
8 82
10 26
10 72
5 66
8 38
9 7
3 50
4 93
4 67
8 70
4 70
1 73
4 99
3 89
1 21
8 97
4 19
4 67
3 4
8 68
9 62
2 31
8 47
6 22
6 65
8 86
4 1
9 21
3 83
5 95
3 84
3 54
5 80
10 36
2 58
2 27
8 15
10 44
7 48
2 89
7 25
1 68
10 47
4 42
1 5
5 59
8 56
5 65
6 68
10 80
3 43
6 10
1 52
10 73
6 48
8 56
6 31
4 24
3 38
2 47
5 47
4 67
10 97
6 89
4 88
5 52
10 41
6 79
1 10
9 80
10 48
4 91
2 78
4 73
6 50
8 36
8 82
4 33
9 91
8 87
1 84
7 89
8 22
1 42
7 9
6 47
10 82
3 93
3 11
4 85
7 9
4 14
10 81
4 23
2 95
2 50
9 7
7 41
1 53
5 43
4 84
8 95
10 52
3 2
2 18
3 23
10 80
3 88
9 58
8 75
9 35
2 67
7 74
5 57
5 6
8 35
2 72
4 20
6 56
5 3
5 50
10 38
4 52
1 75
3 6
1 6
2 93
7 4
8 36
4 41
3 73
2 78
3 65
3 62
9 12
3 11
6 20
2 44
5 68
8 6
2 12
9 8
7 32
7 28
8 59
2 33
4 99
5 34
6 10
2 45
2 63
10 70
7 47
2 59
3 48
2 25
8 81
3 77
4 52
3 53
1 97
8 1
2 54
3 6
4 48
10 97
9 41
8 73
4 33
1 4
10 36
3 37
4 5
5 97
7 13
7 19
10 78
5 8
7 52
8 27
5 87
6 2
4 31
5 31
9 4
3 55
4 72
1 54
8 80
6 28
6 16
3 38
10 11
6 12
10 64
8 31
9 2
2 4
6 47
1 37
2 76
5 8
1 29
10 82
3 25
3 33
5 43
1 43
8 56
6 47
7 86
9 22
10 98
1 66
9 43
1 62
1 30
5 51
1 41
2 75
4 8
5 94
4 28
5 89
6 61
6 23
9 38
7 94
10 30
1 42
9 94
10 7
8 2
8 80
6 10
9 21
7 3
3 97
1 34
1 1
4 33
1 10
10 28
4 42
1 80
3 14
7 12
4 31
6 12
8 47
8 3
6 63
1 60
10 96
2 93
5 46
7 41
8 53
10 40
6 47
4 58
1 36
8 89
5 82
1 83
8 40
1 68
5 61
10 23
3 65
6 13
7 33
6 100
6 13
10 99
4 95
10 8
10 14
4 69
2 65
10 100
3 82
3 61
5 52
6 50
2 85
5 7
5 93
10 83
4 68
7 92
4 50
1 75
5 41
1 80
2 51
2 26
4 43
9 74
4 43
1 15
6 36
3 77
5 86
3 66
7 87
3 79
7 35
9 83
1 57
5 75
9 33
3 94
1 1
7 80
1 87
7 91
1 2
5 13
8 97
7 45
9 77
6 12
7 74
8 84
3 62
7 21
2 58
1 8
10 6
1 73
6 7
6 97
4 35
6 18
8 93
3 59
7 96
5 75
1 100
2 9
4 80
8 30
2 30
5 64
8 8
2 91
10 71
9 74
7 47
4 40
10 75
9 53
7 87
6 12
3 8
5 31
7 39
6 74
7 18
6 1
10 52
7 69
4 68
7 38
1 2
9 15
6 54
4 66
8 77
1 52
6 98
4 49
1 22
5 53
2 37
10 55
3 6
2 75
10 73
1 48
10 19
3 87
9 50
3 63
2 64
5 26
1 91
5 76
7 3
8 23
7 4
10 88
6 66
5 34
2 19
5 21
7 60
3 80
7 88
2 24
6 38
3 34
2 86
7 88
8 8
4 25
6 86
9 34
1 64
6 36
8 56
7 32
8 3
8 47
1 95
4 40
9 69
1 16
7 4
7 40
