7 52
7 79
5 71
10 6
7 80
7 48
8 19
6 36
8 12
5 67
2 71
4 45
1 65
9 32
7 28
2 72
4 50
3 24
2 47
10 69
3 9
2 16
8 61
3 43
6 49
6 57
5 92
6 50
3 47
5 32
10 38
1 67
2 98
8 60
3 62
9 85
6 48
2 29
4 40
2 51
6 56
10 96
9 35
6 11
5 76
9 30
5 34
6 39
6 22
10 52
8 81
3 47
1 21
2 93
5 59
6 23
5 27
6 41
2 43
4 51
10 77
10 65
4 45
1 15
7 72
2 54
5 75
7 47
1 79
10 45
7 74
4 13
1 100
10 23
5 69
6 79
4 18
3 67
2 18
3 68
4 26
5 36
7 5
10 20
7 4
7 2
10 94
4 50
9 64
10 25
10 52
10 71
8 47
4 48
5 45
5 26
10 53
3 41
2 6
8 83
4 70
10 95
8 6
4 9
1 19
2 85
2 56
6 34
7 56
3 34
5 51
3 32
10 73
4 1
7 83
1 47
8 15
9 48
1 10
9 99
8 53
8 90
7 66
2 61
8 5
3 99
6 87
10 87
5 22
1 56
7 47
8 98
1 77
8 77
5 95
6 80
3 82
8 9
2 73
6 12
7 78
1 81
4 90
10 26
4 60
10 82
4 34
10 89
4 17
5 30
2 24
4 88
5 10
4 80
3 85
5 22
6 30
3 62
9 87
7 31
5 90
9 64
8 33
5 19
9 27
1 20
10 46
9 14
9 40
8 65
6 15
1 88
2 59
9 81
9 42
9 44
3 18
1 61
9 83
7 6
8 19
1 9
9 80
7 30
8 6
4 18
1 58
7 49
8 75
3 2
8 80
4 93
8 78
3 52
3 28
5 95
8 89
3 75
5 27
2 58
9 22
8 21
2 35
8 86
3 11
8 21
2 84
6 35
7 40
9 67
10 61
4 82
3 29
1 17
2 2
6 96
3 90
8 25
3 65
4 55
10 92
1 23
6 11
8 2
8 78
7 57
10 2
2 42
2 50
5 75
1 29
3 37
1 16
3 78
4 37
10 44
9 24
8 39
6 52
1 14
10 1
4 95
1 73
4 4
6 14
2 13
2 77
8 48
8 97
3 45
3 82
8 28
4 56
7 40
5 15
1 14
6 6
2 63
5 73
7 7
6 68
9 99
6 5
7 34
7 29
6 100
2 100
10 40
4 68
3 88
9 17
2 87
5 63
4 43
3 75
7 12
3 35
4 66
7 85
9 19
6 100
7 93
10 44
8 27
2 60
5 74
5 25
7 76
4 29
10 9
10 81
10 47
10 24
6 100
10 50
3 50
10 38
3 71
5 49
2 34
1 31
7 7
7 76
9 34
8 23
4 31
8 67
9 99
8 75
3 71
9 56
9 32
5 83
8 14
8 36
4 25
5 19
7 49
10 37
3 45
10 3
1 68
6 51
7 62
2 45
7 98
10 78
3 93
2 47
2 46
3 40
3 31
5 51
9 97
7 40
9 65
7 88
2 81
2 92
1 41
5 52
1 33
7 20
8 96
3 25
7 47
5 73
6 74
8 86
2 60
2 78
3 9
6 29
9 72
3 79
5 3
6 37
1 45
9 58
7 66
5 87
6 46
10 64
1 79
7 5
1 81
3 47
10 74
6 96
6 7
9 62
1 18
6 19
10 80
1 41
6 3
10 3
2 9
3 76
2 69
8 37
2 100
4 9
1 91
4 51
6 68
7 33
2 83
4 76
8 20
7 81
4 46
2 11
1 70
9 10
9 74
5 36
1 89
3 74
4 21
6 24
7 69
1 78
5 65
3 7
5 87
5 49
2 96
6 37
9 40
10 73
8 42
7 3
2 93
6 70
10 44
7 97
10 69
9 56
4 49
3 23
4 35
8 65
2 24
9 74
5 23
2 93
9 71
4 54
10 54
1 36
3 15
7 31
3 88
1 72
1 27
5 46
6 71
7 41
10 96
6 78
5 7
3 47
3 63
4 81
6 54
9 88
4 83
9 2
4 38
1 96
7 26
7 38
1 60
8 50
1 73
2 37
7 5
1 82
5 23
9 48
8 27
9 19
2 16
3 82
2 28
3 68
1 83
6 80
3 68
1 40
10 42
4 83
5 75
8 59
7 34
7 3
7 47
3 72
3 1
8 23
10 5
3 43
8 66
2 65
9 32
8 30
1 13
1 88
3 51
6 69
9 9
7 13
5 82
6 87
5 44
8 84
2 76
7 89
6 74
2 79
9 73
8 72
5 95
1 11
3 88
9 37
7 80
9 60
6 18
5 85
3 26
9 83
4 87
5 15
7 56
5 23
3 78
5 6
9 100
6 14
5 62
3 9
3 54
9 22
3 16
6 22
8 50
8 19
5 9
7 92
2 96
2 57
10 35
4 2
3 3
3 40
8 61
5 56
3 24
4 49
2 77
10 8
8 14
3 15
9 23
10 24
10 9
2 76
7 84
1 17
5 13
2 96
7 9
10 67
8 81
2 43
4 32
5 82
10 66
2 8
8 55
8 4
9 16
2 22
4 21
9 81
4 73
10 75
1 91
10 60
10 87
2 73
3 56
3 97
4 24
2 35
7 19
2 55
10 32
9 86
3 3
4 5
7 76
1 57
9 41
2 91
10 100
8 83
5 55
10 15
5 90
6 78
3 13
10 82
2 79
10 19
3 85
8 10
10 22
8 51
6 17
10 19
3 52
3 61
1 21
2 64
8 48
2 98
2 11
9 92
9 99
8 59
9 90
9 23
8 22
3 83
8 18
4 72
1 44
1 79
10 48
10 6
1 55
4 39
6 12
7 26
9 4
10 100
10 60
5 12
2 18
3 10
6 68
7 71
5 80
3 97
8 98
8 15
8 59
1 61
2 36
7 18
7 43
5 35
9 42
8 26
4 23
3 43
4 35
9 3
7 28
2 58
1 49
5 63
10 8
3 88
10 92
4 7
8 20
5 45
3 5
2 21
8 100
4 76
8 40
3 9
3 55
9 64
10 59
6 61
10 53
2 3
10 14
4 79
4 99
5 96
8 55
3 47
1 95
5 44
5 45
5 55
1 10
3 18
9 7
1 29
8 83
5 100
5 88
9 10
7 71
7 1
2 10
5 78
2 9
9 70
7 8
7 88
5 21
1 91
7 89
3 12
9 34
6 70
8 1
3 48
10 33
4 31
2 84
10 30
7 49
5 16
1 92
9 14
9 75
8 4
10 9
6 2
4 13
8 60
3 53
6 86
8 96
10 92
3 31
2 94
4 76
2 92
5 49
5 53
7 49
7 30
2 76
8 77
3 81
4 15
8 88
10 72
1 98
6 87
8 42
10 10
8 18
3 40
9 67
7 33
1 78
7 67
4 24
9 67
4 41
1 36
2 42
9 20
6 52
9 71
8 65
4 79
10 70
9 22
10 23
10 59
3 59
7 32
5 59
4 92
2 51
3 73
9 35
10 4
4 45
2 86
4 65
1 36
4 41
9 23
3 67
6 51
10 88
8 17
7 68
1 46
6 84
3 79
4 76
2 8
9 15
3 58
8 8
1 18
1 67
1 27
8 9
4 75
6 56
4 82
2 7
9 72
6 75
7 70
8 52
7 83
8 47
6 57
2 44
1 71
8 51
10 86
5 24
6 54
8 17
4 46
9 64
3 55
3 86
6 22
4 99
4 49
5 80
6 17
1 8
9 26
1 78
2 32
7 71
2 37
7 28
10 67
4 24
9 25
8 38
7 78
9 41
8 87
4 91
4 47
4 68
4 41
7 48
2 68
2 85
7 26
7 40
7 72
5 33
4 18
7 2
10 4
6 62
5 52
7 40
10 67
1 44
3 16
8 92
10 8
9 71
5 64
8 51
7 80
9 9
5 93
4 99
5 99
10 10
8 77
6 83
8 97
10 28
8 55
6 7
9 94
8 74
3 100
3 46
5 72
1 91
2 18
2 69
3 98
8 14
1 97
9 11
1 93
9 12
5 11
9 17
6 16
9 7
4 46
5 20
10 57
9 43
9 66
4 92
2 86
5 96
2 44
5 48
2 3
9 33
6 36
9 65
4 100
1 97
4 8
4 30
1 65
1 49
4 16
4 31
4 56
9 50
5 15
7 28
10 70
9 22
5 37
6 12
9 64
9 48
6 36
3 28
9 17
8 14
1 12
10 75
6 70
7 99
6 25
5 21
1 56
9 99
8 18
5 25
1 26
1 64
9 22
1 21
9 61
8 40
6 91
9 67
10 17
6 83
7 31
7 55
10 3
5 56
1 23
5 46
7 35
7 45
5 56
10 70
4 17
9 29
5 69
4 4
3 37
1 75
2 12
7 80
5 25
4 73
3 85
8 9
4 67
10 87
6 33
6 7
7 17
5 99
7 80
10 2
3 22
4 17
5 69
7 58
7 32
9 50
1 8
6 6
6 66
8 55
8 66
10 47
9 73
2 76
3 86
1 12
9 40
9 99
10 96
9 38
8 85
6 8
1 15
5 74
