9 91
7 79
7 90
3 14
6 69
7 70
8 40
6 77
10 74
3 12
4 71
7 73
1 77
10 39
1 81
1 24
9 30
4 51
6 31
5 27
4 27
9 13
7 99
3 46
6 15
10 21
3 29
6 41
9 59
4 77
10 83
2 62
7 46
7 34
1 11
5 74
10 23
5 100
8 42
8 26
1 39
7 67
1 36
8 32
7 21
7 26
7 64
5 8
9 71
6 56
6 99
9 51
3 92
3 59
3 45
1 72
2 66
2 62
6 33
5 23
4 87
10 89
4 16
2 91
8 53
4 21
1 78
3 54
1 71
4 34
5 89
5 57
2 40
9 43
2 91
5 18
10 9
5 9
4 49
3 55
4 36
9 62
10 12
7 38
5 9
2 93
9 50
7 88
2 5
7 52
9 43
1 24
7 6
3 60
8 57
3 95
4 40
7 21
1 34
9 83
5 60
3 29
5 3
5 10
1 81
1 43
5 52
8 98
8 68
8 85
8 40
5 4
6 81
5 68
4 27
8 3
1 57
1 25
2 16
2 15
8 59
9 79
6 2
2 24
3 74
8 77
7 37
7 34
7 7
9 18
1 100
6 32
8 76
4 20
7 10
9 39
6 13
1 32
9 34
8 25
8 79
2 14
10 92
7 8
8 77
3 19
6 60
6 22
10 77
2 4
4 36
10 29
2 62
6 62
5 36
8 54
10 76
4 30
9 94
10 19
4 45
2 75
8 63
5 82
3 68
6 41
6 30
7 90
2 69
3 77
10 90
10 58
9 30
1 43
9 10
1 59
6 33
5 75
3 26
9 88
4 20
4 33
9 49
1 45
7 75
8 62
1 66
6 91
6 71
5 67
8 5
8 91
5 78
8 85
4 61
9 72
6 3
10 69
3 52
3 80
3 72
3 15
8 88
9 87
3 16
4 37
8 86
6 52
10 52
1 31
1 6
8 73
3 100
8 46
2 96
1 56
7 73
5 50
8 27
10 26
5 61
6 58
9 5
10 98
6 60
7 36
9 11
4 96
3 10
3 87
4 64
4 8
3 100
4 70
1 19
2 30
10 34
9 24
7 63
10 36
10 15
5 16
4 100
3 17
5 90
6 36
3 48
6 90
4 90
2 91
6 37
10 28
5 22
4 64
4 83
9 87
2 88
1 75
1 20
2 67
9 65
9 89
1 77
9 87
9 6
10 6
7 4
4 27
7 83
10 3
10 98
9 47
1 82
5 93
7 7
4 23
7 73
9 6
6 43
7 10
5 26
9 33
10 16
5 81
1 96
6 92
9 79
8 15
1 81
8 95
10 22
3 88
2 7
8 15
8 76
6 48
3 73
5 58
9 26
7 67
2 8
2 67
1 2
2 36
7 85
4 75
10 28
7 60
10 15
4 37
7 26
8 13
6 78
6 15
8 22
7 85
5 41
5 80
8 100
9 6
7 57
5 83
7 74
3 100
10 9
2 51
1 17
9 44
9 3
1 14
3 62
4 18
9 65
9 35
2 88
5 76
8 58
10 54
1 55
4 39
6 72
10 53
2 76
9 54
9 62
10 90
10 25
2 15
5 1
10 73
1 47
7 43
10 97
10 84
6 75
4 27
7 98
7 23
6 51
2 23
7 37
7 19
7 88
10 55
2 81
9 44
8 20
6 70
8 64
1 38
8 95
2 37
5 54
10 9
10 19
7 2
2 18
7 2
8 45
10 91
3 41
7 42
7 59
2 58
8 92
7 62
8 22
1 92
5 19
6 19
2 99
6 56
5 38
9 93
5 91
2 31
5 17
2 14
9 93
3 31
5 85
4 10
9 48
9 50
4 43
2 50
3 64
4 61
4 13
5 30
4 43
4 75
10 81
2 80
3 5
7 85
8 31
7 48
3 18
9 36
3 28
3 16
10 1
4 96
4 79
3 40
8 44
2 30
3 29
2 8
3 64
8 7
2 86
1 42
9 100
9 97
5 99
1 51
9 10
6 42
9 20
10 95
9 79
10 100
10 1
10 3
8 13
8 30
6 34
2 23
3 41
1 71
3 64
8 34
1 12
8 75
2 39
4 3
6 43
1 7
4 64
7 79
9 93
10 41
5 27
6 24
2 69
7 35
6 43
10 13
1 50
9 54
7 98
6 36
5 72
10 45
3 16
1 6
2 34
4 53
6 44
6 43
2 32
3 12
3 40
9 20
1 36
8 76
1 79
8 55
7 11
5 19
2 59
8 7
3 7
5 34
10 43
1 49
8 31
5 51
7 87
1 88
7 99
9 9
7 40
6 78
2 99
4 4
4 46
3 50
10 89
10 59
8 54
7 47
4 46
8 12
2 32
10 88
7 83
7 28
8 11
3 67
6 57
9 41
4 94
10 51
9 22
3 62
6 46
6 28
4 96
1 98
1 46
1 75
3 83
1 78
3 78
4 89
1 76
2 70
9 13
4 46
8 18
5 56
3 19
10 52
2 53
2 18
6 83
4 31
1 39
3 91
5 47
7 28
6 56
3 74
10 20
10 36
7 24
6 64
7 74
10 43
8 89
3 8
10 89
1 87
7 27
1 38
9 11
10 76
4 66
9 82
8 47
10 60
10 48
1 68
1 53
1 41
8 69
8 23
1 82
1 27
10 92
8 16
10 42
6 33
1 86
7 74
10 46
10 21
9 7
5 49
9 61
1 87
8 77
9 56
10 80
8 76
1 34
5 88
5 36
5 64
3 10
9 89
5 96
10 69
7 16
4 22
4 17
4 31
8 40
10 11
3 40
6 32
10 84
10 20
3 72
5 40
3 72
5 100
2 35
3 3
1 52
4 48
5 19
7 91
4 54
10 51
1 2
2 13
6 90
4 21
7 44
5 69
4 44
1 23
10 65
9 52
7 14
8 91
7 46
6 94
2 32
3 21
4 90
9 58
2 49
2 74
6 99
8 23
2 61
1 13
8 68
2 22
10 22
7 98
4 29
1 44
8 1
2 73
7 76
2 91
8 16
4 29
9 84
6 46
2 47
9 79
7 2
4 67
2 85
7 42
6 62
4 34
4 49
10 26
1 40
2 44
5 99
8 87
8 69
3 58
1 87
10 93
5 60
1 81
3 18
7 23
6 7
7 98
7 53
9 29
1 2
1 33
5 11
5 35
4 76
8 96
5 60
4 66
1 3
7 58
2 93
5 16
5 69
4 41
9 4
6 66
2 93
1 55
8 47
4 27
1 66
8 98
1 18
2 19
7 5
5 33
3 63
2 78
7 5
9 48
1 19
8 36
3 11
6 72
2 8
3 76
9 3
8 82
1 86
1 72
1 79
9 71
3 96
5 49
8 45
6 2
7 1
5 56
5 90
8 34
3 1
7 33
7 71
1 39
6 95
9 16
4 65
9 18
10 62
8 80
1 58
9 71
2 87
3 34
6 80
4 80
5 10
3 68
9 6
2 13
10 90
9 28
4 38
6 23
2 40
7 68
7 16
4 67
8 36
5 45
1 87
6 70
8 12
5 6
7 48
1 16
8 62
9 47
1 40
7 31
9 23
9 8
5 18
1 87
3 12
10 98
2 4
7 68
4 19
1 58
8 93
8 37
2 80
8 51
2 78
8 1
3 5
9 50
1 66
9 37
5 4
8 92
6 27
1 79
9 53
4 1
5 77
9 42
2 75
7 41
10 87
5 37
4 46
9 12
4 71
8 67
6 47
1 32
6 44
10 1
5 84
5 11
9 55
4 1
2 71
3 36
4 33
2 7
1 28
2 82
2 88
8 12
8 21
10 58
4 11
5 92
8 44
10 39
3 61
7 85
6 45
5 66
9 2
10 59
10 10
3 45
2 87
2 67
7 7
2 50
7 16
2 23
6 16
1 46
10 9
4 62
2 52
7 24
6 99
4 78
8 25
8 5
2 26
1 47
9 17
9 51
5 19
10 66
7 40
9 24
1 40
6 76
8 96
7 25
2 76
2 62
3 83
9 90
9 74
5 13
6 33
6 50
2 15
9 81
8 9
3 36
6 94
3 27
2 70
9 67
7 13
2 57
7 32
7 43
10 91
10 30
4 22
2 46
9 62
9 1
5 2
3 32
9 76
7 72
10 74
6 51
8 50
5 26
3 7
7 17
4 53
8 59
1 61
5 12
9 38
3 40
3 84
8 33
1 72
9 90
9 22
10 64
1 91
1 85
7 100
9 71
3 32
8 63
8 32
4 56
9 40
2 60
8 42
7 2
4 78
8 20
5 17
8 40
7 88
8 6
4 60
10 90
9 72
9 54
10 79
1 58
10 69
6 84
9 76
2 81
6 4
8 96
1 60
9 68
6 33
10 2
1 26
5 70
6 25
9 56
9 84
8 25
1 19
5 76
10 75
2 50
8 21
5 14
1 97
7 63
5 21
5 19
4 14
10 51
2 27
2 61
10 66
3 14
5 39
8 40
7 6
7 18
6 41
3 4
2 68
10 34
2 42
3 15
3 13
7 72
8 29
9 93
5 34
6 24
5 45
1 48
4 46
1 85
