8 27
9 15
6 86
9 17
5 65
9 14
9 89
9 77
7 40
8 78
8 34
10 14
4 47
2 92
5 34
4 97
6 20
2 60
2 11
9 68
8 22
6 100
1 18
4 22
1 53
7 15
10 39
7 23
4 11
9 100
7 10
5 42
7 7
10 54
6 41
8 47
2 6
4 31
1 97
9 75
7 20
10 51
1 16
4 45
7 85
1 8
7 49
7 57
5 30
4 13
4 21
3 6
6 83
5 57
10 74
5 85
10 79
2 47
4 88
7 17
7 97
4 85
1 49
2 6
3 55
7 2
9 94
1 29
6 27
6 97
1 54
1 19
9 36
1 22
3 31
7 15
1 43
2 85
5 54
4 42
1 88
1 64
7 5
6 55
2 75
10 35
2 24
5 2
2 85
1 67
10 42
7 2
5 27
6 22
5 66
3 97
5 43
6 99
4 29
9 40
3 31
10 16
3 92
3 18
2 7
8 80
3 8
1 99
7 96
10 95
5 88
4 35
10 97
3 31
2 42
7 94
8 55
1 22
3 91
4 71
7 50
5 21
10 54
5 6
8 44
4 92
9 73
6 87
5 74
1 52
9 57
4 95
8 67
8 87
5 32
5 8
10 70
9 8
1 47
4 54
10 9
2 81
9 59
9 18
9 30
8 22
5 46
4 47
10 19
7 94
1 24
3 9
1 71
10 30
10 27
1 32
4 88
1 18
2 14
5 44
9 17
4 54
2 87
6 52
9 47
2 82
6 10
4 84
3 37
8 44
5 99
1 64
5 57
4 68
3 20
10 4
3 39
3 79
10 6
3 24
2 66
4 6
1 99
2 79
7 36
10 89
6 43
4 9
4 1
3 86
6 20
6 79
10 99
4 16
3 63
3 31
9 26
4 63
10 18
6 50
4 100
7 97
9 81
8 48
9 34
3 36
4 83
3 60
4 31
6 27
9 9
5 71
2 97
2 58
6 83
7 51
10 72
9 12
8 31
8 65
10 8
4 54
7 11
10 16
2 22
7 60
2 44
3 62
6 49
8 72
3 7
10 20
7 58
6 42
8 61
9 51
10 45
4 88
4 88
2 11
5 67
7 21
1 12
5 40
5 96
5 60
8 37
3 93
4 52
2 99
5 66
9 95
2 4
2 10
1 37
9 21
6 79
10 71
6 31
1 15
4 99
1 29
1 98
8 76
2 55
2 4
4 6
3 65
7 37
9 96
1 70
9 45
7 58
9 67
4 34
9 69
3 10
2 18
1 93
6 71
3 55
7 24
7 18
2 84
10 7
7 95
10 88
5 84
7 89
1 28
9 19
3 26
3 17
9 60
10 14
9 22
7 85
9 30
1 93
10 97
7 76
4 66
10 74
6 85
1 82
10 26
8 97
1 67
4 8
5 24
4 22
6 15
1 11
8 8
6 67
5 84
6 22
3 85
5 80
7 29
2 46
9 21
3 89
1 12
9 27
4 11
1 20
4 4
2 93
8 58
7 29
2 16
10 46
4 92
7 87
4 76
8 60
10 33
8 46
1 81
1 74
10 75
7 4
3 81
5 29
6 46
5 90
4 6
10 64
5 3
10 74
1 33
5 74
1 59
3 49
6 57
7 36
10 38
6 67
2 27
10 62
3 37
2 43
5 93
3 8
5 43
8 74
5 74
6 3
5 17
8 81
8 49
6 95
2 35
2 9
9 54
4 20
7 96
4 95
9 34
7 50
9 14
3 90
9 88
10 54
10 61
1 38
10 64
9 85
3 18
7 17
7 78
3 90
2 54
9 19
7 81
5 62
5 2
3 99
9 10
10 9
9 90
2 25
1 88
3 44
5 64
6 95
6 38
10 49
9 31
7 74
4 46
1 52
1 10
9 12
8 10
7 58
5 40
9 5
5 10
1 62
4 55
3 64
9 95
5 46
9 11
4 76
2 20
8 40
6 78
7 21
8 64
3 79
3 43
6 50
4 77
4 72
7 77
7 15
3 69
7 31
10 62
2 22
2 32
2 57
4 42
4 11
3 22
4 38
10 27
1 25
3 23
1 38
1 4
4 76
6 63
3 33
6 21
3 71
9 97
2 41
5 62
8 97
1 98
9 96
7 17
10 74
3 25
7 28
2 90
9 88
7 34
8 60
6 58
5 16
5 60
5 94
8 63
6 83
4 40
1 93
4 16
3 11
7 62
4 54
10 78
10 46
10 29
4 60
6 79
9 100
4 29
8 97
4 67
10 50
10 90
9 69
5 23
8 35
9 76
3 76
6 97
10 87
10 25
1 29
8 95
1 59
7 64
2 31
5 56
5 2
6 34
7 88
10 16
6 59
9 76
2 29
6 73
8 58
7 58
9 27
3 18
4 30
1 92
4 94
1 69
4 53
7 60
2 29
7 82
9 41
4 37
2 27
2 52
8 75
7 24
4 38
6 48
4 76
9 78
3 7
5 38
3 26
10 22
3 90
4 30
10 73
5 1
7 76
9 8
1 63
4 74
3 81
5 14
4 30
3 29
4 90
1 4
7 70
1 34
7 1
3 18
8 61
8 81
2 54
8 11
6 77
10 12
3 30
10 22
6 39
1 6
4 71
2 9
3 19
8 32
8 12
7 80
5 40
9 88
4 79
9 32
9 18
9 96
9 75
2 6
10 11
6 61
5 81
10 91
5 57
3 26
3 77
4 35
2 43
6 39
10 28
2 47
10 85
3 8
10 37
1 65
10 87
5 29
2 38
1 44
1 2
9 6
10 74
6 50
8 84
5 46
7 37
2 29
3 43
4 93
7 41
10 35
2 6
10 63
5 45
2 70
6 85
10 36
4 61
1 28
5 87
8 80
2 14
5 60
4 7
2 94
8 29
9 24
2 25
9 3
3 89
10 60
9 31
10 77
8 75
4 94
7 67
10 78
10 75
1 58
6 29
2 12
8 82
6 88
10 19
7 4
8 63
1 27
6 70
1 61
6 16
2 25
4 32
2 72
4 96
9 21
8 2
8 71
7 36
8 27
10 24
1 35
9 68
5 85
2 26
2 20
6 24
7 10
8 58
10 97
1 97
6 19
2 17
9 98
9 66
7 62
10 25
2 96
8 58
1 11
4 66
5 13
1 86
8 47
3 11
8 90
10 73
6 16
9 42
4 14
1 86
6 32
6 37
8 6
7 50
7 46
6 86
2 97
1 40
5 10
7 20
2 3
6 26
3 94
2 94
3 91
5 47
4 81
10 65
3 6
1 84
4 57
9 62
10 55
10 21
10 58
7 11
10 63
6 78
4 42
3 89
3 56
1 36
5 65
6 28
2 80
6 8
6 68
5 79
8 69
7 16
10 27
2 95
10 7
5 95
3 61
3 85
10 34
4 79
3 84
4 51
8 43
4 90
9 43
3 17
9 96
7 15
6 90
8 1
7 91
9 43
5 94
6 13
10 69
1 38
8 51
2 16
9 100
8 65
6 30
9 39
4 31
1 28
2 13
4 24
7 42
5 99
3 20
8 78
3 88
5 62
9 20
5 94
4 27
7 31
6 10
6 21
4 48
9 12
2 94
6 68
5 25
5 43
5 37
1 6
3 8
7 52
1 77
7 26
8 59
4 39
9 54
2 28
10 100
10 27
1 60
7 2
2 64
7 11
5 45
1 88
4 65
4 42
6 61
7 38
5 9
4 60
5 45
1 99
1 6
1 25
5 27
1 66
4 10
4 35
1 58
6 29
5 90
7 29
2 100
6 6
1 88
9 99
7 65
3 14
9 63
3 90
2 31
7 22
2 80
4 19
4 6
4 64
7 68
10 61
7 66
4 53
3 22
10 17
5 65
10 70
3 71
3 6
3 20
7 80
8 85
5 79
8 19
7 86
5 47
6 5
10 39
2 51
8 97
7 56
5 22
6 50
3 98
8 21
5 58
1 12
6 78
6 6
9 75
1 78
7 2
9 47
10 76
5 1
10 13
1 89
4 34
5 51
8 3
10 43
2 54
9 13
2 51
6 50
7 81
10 8
9 30
4 10
9 39
3 58
9 79
2 96
7 47
5 32
9 46
5 27
4 43
9 43
10 84
10 65
4 13
2 41
1 38
7 97
2 6
6 55
2 83
7 81
8 63
10 50
4 73
1 55
5 96
1 99
6 8
3 84
2 35
1 96
8 52
7 26
7 60
6 63
8 89
2 75
3 76
1 52
4 58
4 49
6 32
3 52
2 64
6 60
2 88
5 86
7 42
10 71
10 5
3 86
7 32
10 100
7 61
8 54
4 46
5 70
4 52
5 83
4 31
2 71
4 99
6 38
7 48
5 85
8 10
8 17
2 65
7 43
2 26
8 29
6 92
5 14
3 89
9 23
10 98
5 10
4 55
7 5
4 75
4 8
5 25
4 59
2 27
8 91
2 60
3 32
8 5
7 42
8 24
9 8
3 93
2 69
8 74
6 65
2 51
8 96
6 96
7 64
5 79
8 14
2 5
3 39
5 81
5 92
3 51
3 75
7 72
5 76
9 47
8 49
5 92
