7 93
4 99
7 63
7 29
7 32
8 85
4 61
7 48
8 20
4 1
3 72
3 100
9 39
7 82
6 1
4 27
10 23
2 31
9 18
3 77
10 59
10 50
10 80
5 27
10 41
1 75
9 44
3 87
4 54
3 43
5 48
4 46
5 63
3 95
8 60
7 8
7 47
6 3
1 3
1 44
10 48
9 5
5 97
6 2
1 89
6 94
8 89
4 74
3 31
1 17
5 90
4 88
5 18
2 49
9 35
2 15
7 34
3 53
9 32
3 52
4 76
7 35
6 8
10 46
7 12
9 23
3 31
1 46
1 62
10 43
9 63
9 26
4 99
7 66
6 96
10 51
8 67
8 18
10 97
3 40
4 29
4 100
2 3
5 5
8 32
5 32
3 3
10 43
9 2
9 32
10 90
5 68
3 57
5 96
8 90
6 69
7 4
6 28
7 11
4 22
9 12
10 2
7 52
6 78
9 41
9 63
4 85
7 94
4 48
4 23
1 8
9 36
7 40
3 79
8 46
4 53
3 78
9 72
3 33
1 49
5 31
9 67
2 37
1 83
7 14
4 1
2 81
4 51
3 20
10 69
3 65
4 18
1 14
8 55
4 30
3 49
4 3
1 65
1 15
7 32
7 53
8 73
5 56
8 99
7 50
10 11
5 23
4 68
6 12
3 73
5 40
4 89
6 71
6 51
3 66
5 92
4 83
6 59
4 82
2 39
9 8
9 52
10 84
7 27
1 96
1 44
10 55
2 87
3 49
8 79
4 51
5 8
1 49
8 95
9 54
8 96
8 92
5 8
1 89
6 45
7 18
1 11
5 94
5 96
6 46
9 12
8 25
5 84
5 51
1 9
4 8
6 38
6 16
2 47
8 97
5 80
2 13
1 33
10 49
10 40
5 19
6 34
4 32
9 87
9 33
5 50
3 85
3 80
3 61
3 65
7 93
7 40
9 71
1 49
1 56
10 2
2 26
3 77
9 37
4 78
4 67
2 12
10 1
2 91
2 27
9 46
4 100
10 91
2 26
4 80
7 36
7 55
1 28
8 66
9 75
5 73
1 17
7 9
2 34
4 75
3 78
6 78
1 78
6 43
3 59
5 59
1 9
9 43
2 56
5 27
4 55
2 87
9 63
9 28
8 59
5 100
3 6
2 74
10 76
8 96
5 14
10 7
9 82
4 13
4 40
4 66
1 60
7 57
1 17
4 5
4 5
1 97
5 22
10 41
9 49
5 12
10 92
9 14
8 63
8 50
7 11
9 46
5 6
3 95
10 22
6 76
9 70
1 18
6 20
6 55
4 58
2 33
10 91
4 6
6 93
1 49
9 93
10 99
10 6
1 20
8 19
10 38
7 41
4 69
9 75
8 92
8 6
7 59
8 19
8 30
4 3
10 63
1 97
10 45
2 32
10 85
10 33
6 89
7 27
5 20
7 54
5 100
1 29
8 100
1 46
2 30
10 41
8 60
2 84
4 24
7 38
4 54
6 14
1 95
5 7
6 71
3 23
10 39
10 72
3 22
8 79
2 27
5 32
3 72
7 79
7 41
4 90
1 46
3 83
10 59
8 30
9 100
8 52
9 54
5 99
6 5
2 26
4 79
1 43
7 6
10 76
8 34
9 32
8 30
5 60
4 85
6 35
3 81
7 82
8 80
9 60
5 71
10 42
3 4
6 91
5 39
8 64
2 53
4 83
2 74
7 37
8 49
5 18
2 66
3 21
4 57
2 37
5 65
3 9
7 53
2 55
4 82
2 63
1 53
4 59
9 1
5 2
1 36
1 80
7 85
1 73
6 49
9 38
10 94
4 85
2 81
7 75
1 64
1 41
7 50
9 29
2 100
7 55
10 72
10 60
3 31
10 38
4 60
5 26
3 72
6 59
1 71
3 68
2 57
6 54
5 52
10 100
9 50
2 72
6 99
4 51
2 7
9 24
10 14
4 49
5 48
9 7
5 92
10 22
9 96
4 2
8 92
7 20
10 28
5 96
4 88
5 56
9 67
6 22
5 20
10 8
8 58
6 21
4 5
2 91
5 66
1 100
4 80
8 78
5 10
1 61
6 71
1 79
2 44
6 62
9 100
1 62
7 61
3 25
10 43
7 9
7 11
3 6
1 78
3 66
8 80
7 61
9 40
8 49
8 70
9 31
6 32
2 24
2 46
5 7
6 68
7 20
9 19
4 62
10 33
8 86
1 41
4 14
8 23
2 77
5 16
10 44
7 63
6 17
9 48
6 19
8 42
4 75
1 97
6 62
9 25
9 21
5 50
9 70
10 81
2 8
6 95
3 6
7 57
2 37
6 96
9 13
1 76
1 30
2 77
10 64
2 78
4 96
7 70
2 66
2 60
2 93
4 74
3 34
8 78
3 1
1 6
9 52
2 83
8 78
1 61
7 29
2 44
1 13
2 87
1 30
5 46
3 12
7 51
7 30
2 83
9 36
8 70
7 74
9 1
2 42
1 27
4 77
6 48
2 67
8 2
5 66
8 58
9 26
8 83
4 47
3 2
8 66
4 91
4 49
10 95
1 99
10 51
7 80
10 89
6 39
5 26
9 94
8 92
9 58
3 1
3 13
6 53
8 40
8 54
7 18
9 14
2 76
4 35
2 10
2 74
9 24
6 29
4 38
8 56
3 21
8 99
1 4
6 75
6 34
5 42
5 22
9 53
1 73
2 69
8 63
3 53
4 23
2 88
2 49
6 3
2 70
4 82
3 67
5 32
6 27
5 100
1 39
6 24
3 43
5 5
3 15
5 74
7 91
1 10
4 25
9 19
9 2
4 77
6 48
3 16
1 83
2 40
8 38
8 47
5 17
8 73
2 89
3 51
1 32
9 84
4 40
5 46
8 27
5 42
5 66
5 100
3 10
9 29
5 27
5 30
5 84
1 99
6 91
3 49
4 99
5 70
6 88
4 3
1 88
1 74
7 84
6 98
5 29
4 44
5 74
5 30
9 99
4 23
3 87
3 89
1 59
2 99
3 3
5 6
10 6
6 24
3 100
10 28
7 52
6 41
3 62
6 45
3 70
9 18
3 79
10 54
5 45
8 92
7 54
10 43
3 15
6 82
4 64
9 13
1 46
10 40
8 89
9 53
5 14
7 100
3 53
9 20
10 24
4 65
10 49
2 22
10 83
3 25
7 61
1 65
9 3
4 88
10 78
6 65
9 30
5 53
10 86
6 59
6 64
3 50
7 8
8 92
7 65
7 64
6 95
5 80
5 63
3 85
10 28
3 85
1 51
4 32
5 74
3 87
5 66
3 18
7 75
2 87
10 97
1 68
8 18
8 34
7 88
7 21
4 20
9 25
10 72
3 38
3 1
3 100
9 78
4 17
7 18
10 93
7 16
1 45
8 62
10 80
1 11
4 94
5 11
4 34
3 41
4 31
5 15
8 3
4 82
7 53
2 29
4 21
3 25
2 78
7 75
1 44
3 90
3 84
1 47
2 90
4 31
5 82
2 56
9 26
2 80
7 32
6 27
1 27
6 93
5 84
5 53
2 88
9 44
1 61
1 93
3 83
6 33
2 100
8 64
4 79
9 40
4 54
6 38
4 83
1 79
10 27
3 79
3 55
7 42
1 35
4 5
3 84
7 72
2 36
9 46
7 5
9 69
4 29
2 84
1 74
4 3
6 94
5 55
6 89
7 19
9 54
3 59
8 89
4 91
4 99
2 44
9 17
1 35
2 18
5 55
4 22
2 98
5 38
2 47
3 74
2 43
1 8
5 3
8 14
7 10
9 61
5 84
2 13
4 51
9 68
4 93
3 77
3 51
3 79
9 13
4 79
2 31
3 83
7 96
8 95
5 26
1 70
9 27
9 62
10 44
6 65
7 55
5 78
1 70
6 60
5 3
1 38
10 78
3 67
10 20
1 13
6 42
8 13
10 94
3 1
6 50
5 18
7 21
9 85
4 48
8 82
7 94
4 5
4 21
1 1
5 98
2 2
6 23
2 23
9 31
4 85
8 42
10 39
10 59
1 90
1 9
5 37
9 30
7 87
7 51
10 1
5 49
8 96
9 80
5 35
2 75
4 18
2 91
7 83
6 77
3 86
10 71
6 4
1 71
6 52
5 49
4 55
7 82
2 6
3 6
1 98
10 50
3 96
1 38
2 87
4 15
6 75
4 89
8 64
2 77
7 76
5 38
6 34
8 78
6 28
2 67
1 28
6 40
6 59
1 74
1 71
3 41
9 27
7 72
7 17
4 64
6 47
10 54
5 19
8 23
7 46
10 30
1 72
5 28
6 55
7 68
7 90
2 82
10 25
1 50
7 78
1 40
8 18
6 86
1 6
2 14
1 53
9 92
2 4
4 96
1 93
3 47
8 1
2 16
5 77
5 23
10 12
2 52
3 71
1 17
9 10
8 71
10 19
9 72
1 41
2 79
1 20
5 95
5 67
8 89
6 47
9 21
6 94
7 94
1 24
7 51
9 8
5 90
1 34
8 71
4 90
