1 71
10 26
3 95
5 81
8 15
2 22
4 78
6 50
5 62
10 7
5 26
8 17
7 25
5 67
4 43
2 54
7 1
7 12
1 70
4 88
1 53
1 81
1 44
1 34
4 38
2 14
4 14
8 78
4 76
1 33
7 90
8 47
5 80
10 29
8 60
7 40
1 33
10 44
3 87
6 77
3 17
6 71
5 75
4 27
6 35
10 94
7 42
3 12
2 31
9 22
8 61
5 90
8 40
2 84
4 78
5 54
9 34
2 60
8 93
3 11
2 6
4 89
6 73
10 26
4 72
6 9
9 42
2 29
3 20
7 15
8 82
3 23
1 11
4 39
9 61
9 91
1 40
3 30
10 31
3 81
10 14
10 72
5 10
4 11
10 82
5 59
7 66
3 9
10 79
4 10
4 19
1 19
8 31
3 25
5 82
3 85
4 68
10 49
10 26
10 41
4 29
5 2
1 67
1 43
5 49
8 39
5 65
8 2
6 29
4 62
7 33
9 97
3 60
4 26
4 9
1 30
9 31
2 70
10 35
4 99
3 27
2 41
6 42
8 61
4 83
6 61
9 33
9 58
9 12
8 39
5 83
2 32
10 7
4 70
1 49
8 69
3 47
9 73
3 7
10 91
5 81
6 7
5 72
9 4
9 29
9 66
1 61
3 76
10 65
5 66
4 55
6 67
2 70
3 17
10 42
8 81
5 35
5 99
10 66
6 10
9 27
3 44
8 74
10 89
8 64
4 99
8 33
3 91
9 100
8 50
5 62
6 43
7 69
2 65
4 50
7 33
4 23
5 6
10 46
10 21
2 53
5 31
9 75
4 74
6 97
9 1
4 88
6 84
5 83
8 65
6 52
10 84
7 54
2 51
2 54
10 1
10 1
8 20
2 46
10 51
4 81
9 45
3 27
2 6
10 37
10 91
2 61
2 88
5 83
7 98
3 30
10 44
1 2
8 97
5 70
7 11
7 68
6 2
3 88
4 34
6 3
8 11
9 56
7 81
3 73
9 6
1 53
8 48
4 69
3 46
8 69
3 5
6 46
8 8
10 26
1 79
2 32
1 22
4 53
8 95
4 76
3 24
7 99
10 38
10 2
9 63
7 57
8 3
7 94
7 43
9 9
2 71
8 62
1 79
9 9
10 29
9 67
10 77
7 100
8 53
8 53
10 40
7 22
9 47
9 38
6 32
7 38
6 43
3 7
2 86
4 83
3 59
5 100
7 22
3 89
2 10
10 98
10 42
3 63
10 53
1 40
8 97
6 8
7 22
9 60
9 75
3 8
2 83
9 77
7 25
9 34
1 45
4 73
1 71
9 72
10 79
6 30
5 52
1 84
3 73
7 77
1 94
10 83
1 51
7 4
2 44
10 14
2 9
3 9
8 49
3 66
6 11
1 78
7 80
7 77
2 100
2 15
10 15
1 61
8 84
8 27
5 42
4 49
7 39
1 84
9 3
8 60
8 29
7 49
1 41
10 31
7 50
1 100
6 75
10 52
4 81
2 75
1 79
2 47
10 95
7 72
4 17
1 95
8 98
9 59
4 3
4 51
3 40
5 12
2 72
2 99
4 63
2 60
9 92
6 78
9 16
7 55
10 31
4 18
7 90
10 48
8 23
1 49
3 50
1 1
2 48
4 91
7 6
10 66
1 75
10 39
2 99
2 39
3 17
9 37
2 5
5 8
7 99
1 79
9 19
6 86
4 86
4 63
1 93
3 49
1 78
5 72
1 84
10 37
3 92
6 17
5 54
3 51
5 41
6 95
1 64
10 31
5 74
5 24
6 37
2 76
1 31
5 68
7 18
10 45
2 3
10 66
1 30
3 4
7 48
10 49
3 73
3 83
6 52
6 84
3 10
8 41
9 56
3 52
1 82
3 79
10 74
5 26
6 88
6 49
4 60
4 40
5 81
6 24
9 13
3 6
7 71
1 43
10 96
7 83
5 96
4 83
5 97
4 23
3 10
3 52
6 21
7 88
5 85
5 12
4 99
3 43
8 85
5 49
4 28
5 65
5 15
10 17
6 52
9 29
1 37
10 27
3 51
9 34
8 29
6 16
9 92
8 18
9 20
1 92
8 46
1 35
6 88
2 89
5 63
9 23
6 88
10 48
9 43
7 21
4 80
8 48
1 99
8 28
9 35
2 77
6 84
6 8
9 87
9 54
8 82
4 97
7 77
5 28
3 19
6 1
6 71
9 41
9 40
7 4
1 11
2 22
6 100
8 89
1 35
6 2
1 74
6 59
10 53
7 68
4 53
8 83
5 90
8 5
1 75
3 70
6 4
5 28
1 60
10 13
2 97
6 87
5 54
5 91
1 43
9 10
8 60
8 90
3 36
6 64
1 85
3 35
2 53
10 19
7 71
5 33
2 33
10 19
5 98
1 86
7 100
3 59
10 44
10 11
5 22
6 100
2 84
7 22
7 59
10 63
9 17
9 96
6 18
5 60
7 2
6 14
3 52
7 74
8 21
10 29
2 83
2 64
3 6
9 80
1 62
6 60
6 59
3 10
5 89
4 79
2 50
8 98
10 39
4 5
4 100
6 25
4 96
8 64
4 2
1 24
3 93
10 73
5 67
10 12
9 57
10 12
8 47
9 75
6 64
1 15
7 79
8 62
7 57
5 79
3 64
2 82
5 37
3 64
5 79
4 61
2 27
9 43
3 3
3 28
5 23
3 43
3 8
10 96
10 98
6 78
10 76
8 3
8 46
3 24
5 30
7 85
9 55
8 60
8 80
4 26
4 74
1 11
7 22
10 80
10 78
2 70
4 74
9 14
6 75
9 16
7 28
5 73
5 53
6 55
1 5
4 63
10 43
6 1
4 73
8 65
7 74
8 9
6 90
5 64
4 29
7 49
1 33
2 89
5 80
2 63
7 22
2 98
6 51
7 47
9 1
2 75
9 25
8 96
8 9
8 36
9 19
2 88
9 33
10 51
1 37
4 2
7 27
10 73
6 21
8 43
3 51
10 15
9 25
2 71
10 46
1 70
9 78
1 15
1 88
5 90
7 43
5 86
6 88
5 12
6 6
1 94
5 53
6 1
8 43
7 42
1 53
4 55
5 94
3 47
7 3
4 47
6 67
9 85
7 98
5 83
3 86
3 24
8 41
10 28
4 26
8 33
2 90
6 2
7 51
2 48
9 81
10 20
9 81
5 97
5 15
7 43
4 100
8 41
7 10
7 4
8 16
8 84
2 21
10 72
5 84
6 98
2 46
5 97
2 93
8 19
4 29
9 40
7 45
6 73
5 100
1 81
7 78
1 58
8 78
6 16
10 50
6 12
8 6
4 84
9 30
5 39
6 67
6 52
6 97
10 59
8 47
5 100
3 31
4 25
3 50
5 71
9 92
3 8
3 37
9 76
8 56
9 73
3 29
9 53
4 23
2 17
3 47
5 73
2 72
2 39
3 36
2 23
3 47
3 25
4 39
4 58
1 45
10 65
1 20
2 31
10 36
3 57
9 32
2 38
5 85
8 42
3 32
1 27
4 39
4 42
3 29
10 16
6 23
5 95
6 90
7 93
10 67
10 29
5 11
4 54
9 61
2 60
5 30
8 36
4 39
5 56
6 2
5 74
10 95
8 83
4 93
2 51
1 18
10 15
8 83
8 6
2 29
4 2
3 82
9 85
9 1
5 48
7 85
2 34
2 68
2 25
4 43
1 58
2 19
8 44
5 60
1 68
5 41
3 100
9 12
2 55
7 38
9 60
10 48
9 43
4 55
2 8
4 82
2 89
7 94
1 25
7 2
3 60
1 97
10 34
2 9
1 76
4 37
5 17
1 10
2 22
2 44
1 50
4 13
1 33
8 72
10 24
1 21
10 17
8 4
8 80
1 27
10 3
9 52
4 55
5 12
9 17
2 82
3 89
9 37
1 53
4 85
8 38
4 1
10 55
4 62
2 10
2 88
10 37
6 44
4 50
6 20
2 4
10 42
5 38
5 96
7 94
8 37
2 95
2 87
3 63
6 41
7 36
4 63
10 85
8 56
9 86
2 64
1 30
4 28
4 38
8 79
9 26
6 47
5 90
2 18
6 8
7 59
4 98
1 68
10 48
8 17
6 43
7 87
2 99
1 31
5 71
6 91
10 44
9 24
4 37
10 5
8 34
1 28
9 47
5 39
1 41
8 95
3 72
8 89
1 44
10 88
8 30
9 15
10 69
6 55
8 19
6 58
9 46
3 58
10 73
3 73
1 12
2 73
4 27
6 90
9 100
9 3
7 51
7 3
6 87
7 22
6 59
9 73
3 99
6 98
10 74
5 92
3 38
3 80
6 94
3 18
2 7
4 43
9 49
8 11
10 94
6 98
8 63
10 44
6 46
8 55
1 83
6 78
3 94
4 36
8 27
2 33
7 66
4 17
1 58
6 3
5 33
2 14
9 5
9 88
7 86
1 47
6 16
4 78
2 88
10 64
1 76
7 72
2 28
10 89
8 77
5 48
7 88
6 96
