9 31
9 55
3 16
2 71
3 50
6 91
2 58
10 81
6 98
10 80
10 85
6 29
6 63
1 75
1 39
7 66
4 19
6 23
3 75
5 76
10 17
4 67
8 65
4 46
5 73
2 83
3 4
2 90
5 93
8 72
1 51
2 57
3 87
7 71
6 26
7 54
9 66
8 8
7 88
4 94
4 91
2 92
10 84
2 22
6 54
2 80
8 81
3 78
5 80
10 97
9 12
8 25
9 56
7 100
1 31
7 28
1 97
3 33
7 89
10 98
2 3
1 2
4 42
3 15
1 87
7 63
2 6
1 83
9 85
7 9
6 94
4 13
9 45
3 84
7 68
8 34
8 44
4 30
3 90
5 40
2 54
7 60
2 39
5 74
8 67
6 70
10 95
2 84
7 20
6 32
10 33
5 13
4 41
10 25
3 52
9 79
2 42
8 72
5 16
7 26
9 43
1 19
5 59
9 90
8 66
6 69
3 6
4 88
9 38
9 93
8 72
1 30
5 2
9 47
2 31
7 16
3 26
8 36
7 40
6 59
4 67
8 27
10 17
10 46
3 26
1 20
10 74
10 17
4 72
5 25
10 7
7 28
4 62
1 41
2 13
4 30
1 14
7 55
7 94
1 89
3 87
7 81
1 71
3 85
4 51
9 3
9 98
10 58
9 56
5 66
2 71
1 24
2 17
7 87
2 24
9 6
10 55
9 20
1 95
10 74
4 11
2 67
3 8
1 57
4 36
1 60
1 85
9 21
4 79
10 1
5 7
7 12
9 100
10 53
8 33
8 84
4 59
9 23
8 37
1 38
8 94
7 30
3 84
3 29
4 55
10 4
10 64
2 89
7 76
6 88
4 77
8 22
5 17
6 74
4 26
2 32
5 78
9 11
8 14
8 19
5 2
10 84
9 14
6 70
3 52
7 30
5 79
4 61
8 75
3 64
1 34
10 44
4 27
4 41
10 66
3 79
7 49
1 25
6 30
1 62
6 93
8 77
10 76
6 28
6 70
10 5
9 22
6 50
5 91
10 80
8 26
6 59
8 34
3 36
9 71
2 31
10 73
6 27
7 8
7 13
7 2
9 74
3 57
5 74
10 80
5 98
8 50
1 69
5 10
10 87
2 57
4 30
6 65
7 71
9 14
4 22
1 55
8 49
2 80
7 83
2 92
8 84
9 62
9 17
9 41
5 32
9 5
7 6
10 32
1 33
10 30
5 51
7 21
7 16
6 54
10 2
6 81
4 39
4 27
10 73
5 47
9 74
3 6
4 85
1 48
1 61
7 1
7 81
4 68
3 46
2 51
7 86
9 48
5 98
9 89
7 35
3 76
10 53
2 77
8 44
9 96
5 16
8 46
3 64
9 24
4 19
9 92
5 76
10 77
5 1
7 38
9 7
2 15
2 61
1 93
1 50
3 15
9 88
3 93
3 91
3 89
6 7
1 12
6 64
4 84
3 72
9 100
4 63
8 58
3 98
8 46
3 48
1 95
4 91
2 67
3 56
2 70
8 91
7 84
7 21
2 21
9 67
1 3
7 61
5 80
6 68
4 41
9 14
4 10
9 24
8 95
8 96
2 5
4 13
9 23
7 9
10 40
6 19
9 98
2 13
10 32
2 72
9 9
2 47
10 54
2 95
10 62
7 34
6 92
2 87
1 85
2 41
4 9
2 90
5 37
2 57
7 47
3 21
3 55
8 36
10 13
9 40
9 35
10 84
1 64
10 16
1 15
10 88
7 48
5 6
9 77
8 18
10 14
7 71
8 86
6 73
9 84
1 75
4 47
1 67
2 26
8 48
7 12
4 60
9 48
2 14
1 61
6 75
10 51
9 18
7 26
9 66
10 51
4 69
3 40
3 6
9 28
2 3
3 25
1 57
7 27
8 30
3 70
4 22
4 67
8 50
9 36
5 18
4 34
8 36
8 13
9 2
7 99
5 41
1 1
1 45
5 67
5 74
1 87
1 40
5 10
2 31
6 91
10 65
8 1
2 98
5 91
6 3
8 35
9 79
9 53
3 78
6 29
7 31
7 13
4 57
2 44
5 34
6 68
9 45
9 11
5 18
7 45
4 100
9 23
4 27
1 3
8 20
4 5
3 47
4 10
1 56
5 40
9 98
6 70
1 8
7 70
1 56
5 76
1 38
4 37
10 51
5 26
4 1
10 4
9 24
6 69
9 50
4 72
1 50
7 77
8 50
6 61
2 5
3 14
10 21
8 64
4 74
1 79
1 23
9 8
8 21
6 7
3 30
10 35
4 88
1 30
5 81
9 75
1 27
10 66
6 92
10 43
9 36
5 28
6 6
8 77
8 14
6 18
3 89
7 68
10 28
6 40
1 63
4 1
8 32
10 33
4 32
3 8
7 1
7 61
2 32
7 77
5 75
9 18
5 27
7 53
1 76
10 72
6 48
3 48
10 66
5 90
6 97
6 21
7 78
8 45
1 67
2 87
10 40
7 46
4 8
7 60
4 97
10 21
2 81
7 94
10 75
10 14
10 86
10 64
5 21
2 72
3 55
3 99
8 18
6 10
3 75
5 22
9 76
6 56
2 86
4 80
2 34
7 88
5 20
8 75
1 20
8 7
3 17
6 88
7 11
10 19
2 9
8 19
2 12
6 40
7 91
9 42
10 15
9 52
7 83
5 95
2 46
6 61
6 33
10 76
3 1
7 84
4 33
7 11
4 53
1 1
5 19
1 76
8 99
6 19
7 50
4 12
2 51
9 70
1 31
6 65
3 35
3 97
1 80
1 10
8 79
3 4
2 79
3 81
1 80
10 60
4 78
3 94
6 67
5 55
6 50
7 16
3 29
6 23
7 34
8 44
2 70
3 64
3 23
1 3
9 32
7 80
2 3
7 48
1 10
2 84
1 71
8 53
3 71
2 77
10 7
6 97
4 59
1 1
9 34
7 21
8 10
3 74
6 88
2 4
5 37
6 11
2 62
10 48
10 90
9 60
4 74
2 5
5 80
1 100
7 49
6 22
10 42
10 86
4 66
3 65
2 99
2 82
7 94
5 89
7 36
9 87
9 47
1 67
9 63
3 65
7 23
5 92
3 80
3 69
3 48
10 54
10 59
9 49
10 28
6 36
2 3
8 63
7 20
6 81
7 51
7 54
1 49
5 21
1 92
10 26
4 96
4 65
2 55
2 51
4 67
10 49
3 86
6 3
6 75
6 65
4 80
5 33
8 27
7 26
4 51
10 34
9 52
5 12
8 62
8 76
3 24
6 64
7 69
3 67
8 84
5 32
6 22
3 66
1 13
7 11
9 15
1 8
2 32
2 20
2 9
9 73
10 11
10 24
10 96
8 20
2 25
3 39
1 49
3 84
7 90
9 20
3 10
3 56
4 41
9 93
6 6
3 41
8 96
7 79
2 83
1 49
8 12
1 72
7 10
5 31
4 79
8 41
7 55
1 95
6 23
1 51
10 67
4 77
3 82
9 87
4 59
3 34
3 70
2 44
9 15
10 84
8 19
3 42
6 90
3 84
4 62
9 42
4 78
9 96
9 42
7 9
5 83
2 20
6 70
5 99
5 46
4 22
9 95
3 71
7 43
6 24
5 5
10 90
1 41
9 14
1 87
6 38
9 54
3 7
5 41
10 76
3 74
4 90
4 31
8 28
4 43
5 90
9 33
5 11
9 39
4 8
8 94
5 64
10 14
4 29
2 58
8 57
5 3
8 83
6 59
3 4
2 36
4 11
2 61
1 53
8 29
5 21
6 51
7 56
7 59
9 5
6 63
4 1
1 54
3 21
4 2
9 97
5 40
8 86
8 26
9 15
9 73
2 58
2 25
8 38
2 59
4 92
10 86
7 55
9 1
9 29
7 92
9 37
7 54
2 59
7 76
7 7
5 89
3 30
7 49
1 54
4 95
9 92
6 19
9 41
4 34
1 86
7 7
7 89
1 2
6 74
7 14
9 47
10 23
8 77
5 15
4 43
3 92
10 52
5 48
1 81
6 15
6 5
4 61
3 22
2 88
10 25
10 70
8 33
4 61
8 52
10 2
8 67
9 25
1 9
6 7
3 52
9 42
8 37
8 43
6 50
2 88
3 5
4 17
10 95
7 66
9 66
3 64
6 17
5 13
10 94
1 72
2 54
4 10
9 14
8 80
9 38
5 83
6 52
7 22
9 62
6 26
8 16
1 34
1 36
6 7
7 20
2 16
9 84
5 68
1 17
5 29
7 38
4 3
5 21
8 79
4 82
6 13
7 61
8 47
7 49
2 88
8 78
6 91
7 75
10 66
2 61
4 2
7 78
1 54
2 77
1 80
7 15
3 28
2 73
5 37
9 57
7 77
1 29
4 29
1 10
6 78
6 83
10 70
8 41
10 3
5 3
7 39
7 21
3 70
5 65
3 100
6 14
6 55
9 83
10 41
9 36
2 38
3 42
3 50
9 97
8 46
9 72
1 70
3 63
1 26
3 12
6 14
7 45
5 80
4 51
3 56
