10 81
4 77
1 72
3 39
10 64
7 37
10 51
1 39
8 76
9 86
5 79
8 25
5 95
6 77
3 54
4 77
6 12
3 87
6 20
1 11
5 52
2 33
3 56
3 97
6 91
9 20
9 78
8 66
2 86
2 4
10 9
1 6
4 9
2 53
4 36
9 64
5 11
9 66
6 26
6 74
1 10
9 39
1 3
3 29
7 86
8 40
10 82
6 8
4 78
9 26
3 63
3 96
3 92
1 87
9 60
8 2
6 87
9 79
7 62
1 37
5 49
10 95
9 75
3 11
3 64
1 83
6 2
7 100
9 47
2 65
1 19
10 9
3 79
6 24
7 2
9 64
9 44
10 79
10 21
9 46
2 67
4 2
8 4
9 91
9 79
2 54
8 66
8 62
5 90
1 91
9 23
10 67
8 11
9 50
5 70
1 30
10 55
9 57
1 82
10 35
2 61
2 51
5 86
5 1
10 76
10 86
9 6
2 25
6 14
7 95
3 73
1 2
6 80
5 54
8 7
7 13
7 50
5 37
10 14
2 48
9 9
9 71
4 86
8 84
4 4
4 19
7 95
8 31
9 42
3 23
10 83
3 36
9 16
1 87
2 10
7 61
2 21
9 41
6 52
5 97
4 55
10 12
3 23
4 89
2 69
6 7
9 83
4 97
5 80
10 81
2 35
6 8
6 88
8 32
8 67
3 39
7 58
9 84
4 45
3 12
8 65
9 67
6 62
4 72
6 98
7 43
2 12
6 75
5 98
3 29
7 67
10 12
7 8
1 29
5 82
9 59
2 97
7 21
3 21
9 5
5 66
6 9
9 6
4 71
6 26
4 42
7 65
5 5
9 34
2 1
8 77
9 3
7 59
5 2
10 51
4 47
10 24
8 88
4 24
6 11
3 6
1 9
7 36
5 29
6 25
4 59
3 63
4 95
2 97
8 15
6 84
6 30
1 20
10 98
5 46
1 93
7 4
7 88
8 37
4 73
7 47
7 3
6 19
3 96
5 20
6 31
9 73
8 92
1 77
5 41
8 73
10 42
7 9
5 49
8 55
3 13
10 61
5 10
1 94
9 62
4 93
10 58
6 69
3 31
1 29
8 60
4 44
3 94
10 29
7 95
8 70
9 20
1 31
6 86
3 7
8 88
6 94
3 44
5 93
3 71
1 42
4 27
6 88
8 20
5 64
5 31
7 79
8 83
5 81
7 33
1 74
9 79
9 96
4 53
4 36
6 10
4 22
10 78
8 32
8 73
9 30
4 19
7 13
6 38
5 87
10 26
3 36
8 19
8 47
1 66
7 18
10 10
4 3
1 6
9 100
2 9
9 55
4 73
6 57
4 84
7 25
1 5
5 8
6 4
8 94
10 61
2 28
8 79
7 6
6 17
8 73
10 79
2 31
6 95
1 86
9 30
9 62
1 26
9 66
4 41
7 7
5 84
1 62
9 15
10 59
1 1
1 26
1 96
9 38
6 3
1 97
3 88
6 84
9 81
8 87
10 62
4 21
8 18
9 38
8 8
4 10
3 41
3 32
4 39
6 71
6 48
10 41
3 61
3 77
9 86
8 91
1 89
1 99
2 11
2 78
5 26
8 11
10 57
7 50
3 53
6 100
5 14
5 70
6 2
5 51
1 2
3 52
7 72
9 31
7 60
5 54
6 59
2 94
4 89
3 76
6 10
1 55
3 74
5 28
4 23
8 48
8 64
2 20
2 75
3 99
4 91
10 49
5 77
6 31
10 45
4 75
4 14
6 30
3 14
2 61
1 51
5 65
6 92
1 99
8 48
2 28
5 37
1 39
10 72
6 13
3 18
10 70
8 44
9 43
4 72
3 54
6 15
4 58
1 62
1 84
3 29
5 59
4 35
1 85
1 54
10 78
9 90
1 82
4 17
3 59
8 42
4 49
2 47
6 87
6 14
8 11
9 38
2 34
2 60
6 58
9 20
1 8
2 63
9 10
5 88
2 30
1 46
6 9
5 86
3 24
8 64
2 77
1 12
7 34
3 64
1 2
6 41
6 61
7 100
10 59
4 2
3 48
3 60
5 27
5 1
8 77
1 57
3 97
2 15
3 75
2 79
1 90
9 67
6 47
10 1
10 28
1 43
6 13
3 22
4 98
9 91
2 93
5 11
1 96
7 47
8 80
6 54
4 85
9 55
6 59
1 22
1 29
10 86
2 56
10 85
9 99
8 73
6 78
5 24
10 41
8 83
6 83
4 63
10 24
2 49
5 29
3 28
9 67
2 96
8 39
2 62
10 9
5 51
9 75
7 7
10 8
3 100
8 55
1 4
3 98
7 56
9 17
1 57
8 9
8 29
3 53
3 3
3 44
8 61
10 83
8 28
7 26
10 94
4 59
8 52
9 36
6 9
9 67
3 55
8 55
8 29
6 49
7 66
8 97
5 94
4 75
4 52
6 10
6 32
9 37
9 70
6 17
9 71
2 87
7 17
9 62
2 79
4 61
1 34
1 27
5 11
10 48
3 61
9 45
8 83
5 47
2 65
6 77
10 95
5 4
8 67
4 1
9 95
10 7
10 64
8 98
3 79
9 40
2 97
7 26
3 54
2 62
9 2
3 65
5 17
10 56
10 29
5 29
8 27
10 100
10 22
5 35
2 91
3 16
7 70
8 9
10 3
3 22
2 22
1 20
4 37
8 17
3 27
1 49
7 1
9 16
7 25
10 26
2 67
10 20
5 46
2 83
9 19
2 63
5 98
9 75
6 58
9 9
10 22
6 14
1 69
9 39
4 62
2 73
1 83
9 12
9 96
8 36
6 89
7 85
6 25
4 13
4 5
4 30
2 25
5 95
1 53
1 61
8 44
9 11
5 30
10 95
9 29
10 46
9 39
5 76
4 19
4 94
1 49
6 81
9 99
10 76
5 87
9 34
1 75
2 17
1 17
5 51
7 27
9 71
1 22
5 36
1 12
4 11
1 11
4 71
7 2
3 18
2 63
8 66
9 71
1 29
7 79
8 7
7 80
8 11
1 45
5 57
1 16
2 83
10 67
5 46
1 97
4 100
2 31
6 44
2 64
3 31
7 45
2 54
2 58
7 65
6 66
5 34
3 11
5 3
8 52
5 14
5 17
2 79
7 77
6 6
5 11
8 9
9 11
5 61
5 87
8 13
2 50
4 17
5 74
7 74
4 87
2 37
10 84
10 18
5 29
6 42
9 58
1 58
10 8
5 25
8 22
5 56
3 44
4 56
1 15
7 20
7 80
7 22
2 56
6 61
4 96
5 90
4 91
1 43
8 53
3 80
5 51
10 53
2 14
3 13
1 16
7 14
2 83
6 25
5 56
6 41
8 6
8 16
6 89
4 58
4 70
6 91
7 79
7 84
10 69
6 66
3 68
5 79
2 75
9 5
8 75
5 53
4 43
6 89
4 36
4 7
2 94
7 90
6 8
4 70
10 92
3 8
1 15
5 44
3 68
9 100
8 91
4 66
5 98
2 41
9 12
7 65
8 19
5 13
2 68
6 94
6 88
9 11
7 6
7 24
1 28
2 88
1 76
7 23
9 48
3 56
1 46
1 12
4 50
3 40
2 50
2 49
8 29
10 31
2 27
7 63
2 45
7 30
3 32
10 76
8 53
10 70
8 20
4 56
7 74
2 2
1 18
10 74
3 30
1 16
5 20
5 46
1 3
9 99
1 73
7 62
8 36
2 79
2 64
2 38
5 65
5 65
3 36
5 74
2 72
8 17
1 23
5 80
3 4
5 25
1 69
5 80
1 82
4 22
6 29
7 90
4 63
5 40
10 76
2 84
7 43
6 100
7 34
3 38
1 94
5 5
10 54
8 35
5 58
6 13
3 71
9 63
6 57
6 38
1 90
5 48
2 42
10 52
10 57
1 63
3 41
1 3
6 35
3 38
1 69
7 98
7 10
3 93
4 55
7 80
4 55
5 11
2 94
1 96
10 30
10 4
1 51
4 26
3 16
10 5
2 79
9 23
2 74
2 77
1 93
8 47
8 82
2 24
4 75
2 61
2 18
4 7
9 61
5 92
2 74
4 9
8 56
5 54
7 60
4 14
10 58
6 57
6 67
8 44
7 48
2 92
8 98
10 79
1 66
9 12
4 3
9 14
9 99
5 80
2 90
6 76
5 11
7 75
6 42
9 62
5 18
2 7
4 64
4 57
1 40
9 25
5 9
3 74
1 77
6 70
7 62
6 8
4 28
10 85
4 7
3 86
4 41
9 27
3 2
3 67
6 36
6 57
7 14
4 67
10 13
8 86
7 91
2 14
4 68
1 11
4 78
7 25
3 96
6 40
1 15
5 17
10 14
3 54
5 28
8 45
2 64
9 20
9 25
7 4
4 44
10 5
7 20
3 2
9 76
2 62
9 95
3 38
4 61
8 61
7 66
9 99
6 54
2 42
3 25
1 4
9 40
2 46
5 71
7 57
8 81
2 65
2 3
2 22
9 66
1 26
9 89
3 13
4 58
