6 92
2 94
6 26
2 49
6 64
6 58
4 87
6 5
2 95
7 78
4 100
3 13
10 36
2 68
7 74
8 59
7 4
7 32
7 2
10 69
1 36
2 83
3 86
9 1
5 91
4 34
3 47
8 64
4 25
3 94
9 18
5 41
1 80
1 31
2 76
6 28
7 95
4 38
5 59
9 13
10 55
10 61
4 33
7 29
8 64
5 40
8 78
6 85
3 74
4 19
10 59
1 31
5 3
2 12
6 59
2 94
10 65
7 79
6 86
4 51
7 53
5 54
3 10
4 56
3 40
6 36
3 80
9 66
7 70
7 92
1 17
3 100
6 87
3 72
9 19
4 63
4 12
3 100
4 3
8 5
8 56
6 27
8 50
2 60
4 13
5 58
4 38
6 46
3 70
9 49
4 63
2 49
10 60
1 47
4 8
3 58
6 87
2 78
8 17
7 34
4 100
4 94
6 1
2 5
4 54
8 25
7 35
5 80
2 15
5 21
7 62
6 8
3 34
4 7
1 66
7 16
6 83
2 32
7 30
8 29
6 95
8 100
5 2
5 33
1 91
4 24
7 56
8 58
6 23
6 69
8 97
4 13
6 82
1 100
7 2
8 21
4 37
3 30
8 37
10 99
4 62
9 3
8 55
7 6
1 83
6 24
7 52
4 34
4 21
2 11
6 100
4 46
4 92
8 71
9 59
1 92
10 22
8 26
8 14
10 85
2 57
4 32
2 10
10 63
7 48
6 55
8 37
1 64
1 64
1 51
3 84
5 45
9 68
6 25
1 45
6 50
4 19
10 94
3 96
5 55
9 42
2 26
7 24
8 10
3 21
8 67
6 37
4 1
4 68
5 49
3 29
9 70
2 52
8 76
6 60
10 75
10 45
10 63
5 73
7 13
3 74
6 17
10 37
10 2
7 66
7 8
10 73
7 57
9 87
8 40
1 33
9 82
3 51
1 14
8 93
9 93
7 65
2 51
9 52
10 9
3 6
1 52
10 17
1 58
6 22
4 85
4 8
2 5
5 73
3 72
3 39
3 5
8 84
2 56
9 59
7 86
10 8
9 36
2 50
10 94
6 31
4 15
9 68
6 32
8 76
6 31
6 52
7 14
2 5
10 8
6 82
4 44
9 56
4 4
8 51
1 85
4 7
1 62
2 14
2 27
6 78
7 65
2 71
9 55
8 66
3 75
6 31
3 24
7 77
9 88
1 1
4 42
2 51
5 31
3 57
1 9
10 84
9 28
3 84
10 85
2 8
3 66
4 92
8 21
1 69
5 100
3 71
1 50
3 89
8 52
10 53
5 19
2 14
6 74
4 84
3 72
1 99
3 31
5 81
6 4
7 18
9 1
5 86
1 1
3 50
5 3
9 3
6 48
6 84
10 98
1 66
4 64
6 23
9 80
5 69
8 25
1 49
6 2
1 1
4 26
5 42
3 54
2 42
6 89
7 69
8 49
7 15
2 4
6 16
1 80
7 24
10 75
2 19
6 62
8 8
9 26
4 17
10 59
6 7
4 6
1 75
6 17
5 26
4 73
10 54
8 79
4 23
1 39
3 14
3 11
5 72
9 57
6 78
2 78
5 77
5 54
5 97
9 36
7 60
10 78
1 80
3 61
2 69
4 73
8 19
3 100
4 20
2 58
10 59
5 53
10 96
2 70
9 18
5 64
8 28
8 24
4 12
8 27
8 39
6 57
1 78
8 98
1 77
7 82
10 18
4 69
6 81
4 34
5 20
4 79
3 30
7 19
7 61
9 43
2 84
10 2
7 22
2 59
2 2
6 33
4 93
2 99
7 47
9 38
10 61
1 48
2 59
8 75
10 86
5 43
8 60
3 88
3 1
9 93
9 19
8 78
3 18
3 46
8 75
9 49
2 34
2 23
3 38
7 27
2 28
8 22
10 20
2 73
10 22
2 51
6 97
2 46
8 58
9 70
4 88
1 95
5 83
2 97
4 27
2 19
1 7
7 40
6 11
10 43
4 44
9 44
9 79
4 93
8 58
1 11
7 42
5 42
8 40
2 40
9 63
4 53
9 60
4 37
2 62
6 71
4 37
10 67
6 6
4 30
4 40
9 45
9 2
7 24
6 97
8 58
3 85
4 23
9 93
5 69
8 60
1 56
4 35
8 85
1 97
5 58
9 97
1 88
8 79
7 53
8 74
2 58
7 6
5 10
9 62
5 97
4 74
8 15
1 16
3 55
5 8
4 88
10 53
5 37
8 42
8 51
5 23
6 12
5 1
5 85
4 41
5 23
2 58
9 56
3 14
1 54
9 16
9 18
4 35
1 35
5 38
4 16
9 51
1 56
4 51
6 25
3 97
5 29
8 67
1 50
7 6
8 100
3 24
3 57
6 29
5 65
7 19
5 76
1 56
1 50
7 99
7 94
9 54
5 22
8 86
1 10
6 60
4 7
4 37
3 56
6 2
9 41
7 34
3 61
9 88
10 74
8 25
3 75
9 27
8 26
8 33
9 84
9 20
9 26
6 14
5 69
1 93
2 63
4 47
3 13
4 73
8 21
8 14
9 81
4 94
6 85
2 20
7 19
1 18
1 53
10 87
5 41
9 28
9 9
10 40
6 76
1 65
9 38
3 45
3 12
3 73
7 12
6 82
2 100
9 81
8 5
4 65
2 20
1 21
9 16
4 43
9 76
7 21
5 17
5 98
3 35
1 93
6 37
7 87
1 90
2 55
2 84
9 95
9 89
1 17
9 97
6 4
2 99
2 73
5 30
8 54
10 71
7 31
2 22
1 92
7 19
3 74
9 28
3 62
6 24
10 28
8 51
3 58
1 49
1 49
7 53
6 65
10 40
2 33
9 62
9 24
4 97
9 48
9 92
8 93
4 83
6 50
2 62
7 13
1 91
9 97
7 98
3 34
6 77
7 52
1 97
8 83
2 92
7 55
3 55
6 57
9 8
4 23
6 98
7 90
1 57
5 81
8 82
5 57
1 7
3 19
7 75
2 6
2 89
10 32
5 32
9 65
9 8
8 71
10 75
3 100
4 7
4 45
5 55
6 22
1 21
3 40
7 24
6 45
7 40
4 36
8 96
1 57
10 26
9 2
8 97
1 99
10 48
1 4
10 47
2 66
5 41
5 6
7 65
5 66
1 69
2 49
2 52
2 14
8 47
4 15
3 97
5 24
1 53
5 52
3 53
5 53
1 53
2 53
10 25
3 68
5 7
2 12
9 81
10 27
9 87
6 32
7 54
9 55
4 93
9 79
6 21
9 42
4 53
4 76
7 27
2 12
5 31
5 28
2 33
3 100
9 89
8 75
5 68
7 6
8 70
2 30
4 68
6 93
1 66
6 77
4 57
2 12
1 36
5 23
1 34
4 38
6 54
3 34
3 3
5 51
1 49
5 58
6 24
4 62
4 96
10 94
5 42
7 15
5 64
7 64
3 51
5 24
2 50
8 63
3 51
5 74
7 69
7 65
10 39
9 15
7 27
9 52
3 79
8 14
1 4
9 67
8 61
5 11
2 85
5 75
8 44
1 46
3 76
9 8
4 7
8 89
7 98
4 27
4 26
6 60
1 63
9 7
4 86
10 90
6 58
5 30
1 55
9 87
2 95
4 19
7 82
7 46
7 34
4 67
9 85
7 18
2 3
2 69
6 87
7 86
3 97
10 84
2 34
1 2
6 81
8 6
5 35
1 1
5 82
4 4
1 86
2 99
3 1
5 30
9 57
10 18
6 100
1 69
7 99
4 54
8 40
2 60
2 59
7 27
4 67
5 18
3 35
8 11
1 64
5 76
5 83
2 82
9 9
6 65
5 93
8 48
1 53
10 95
4 84
9 23
10 69
6 65
6 3
1 75
8 77
7 92
6 13
4 75
4 24
4 8
2 8
2 71
5 11
5 50
3 12
2 85
1 84
4 29
3 75
10 42
8 64
2 54
5 31
8 56
2 67
7 38
5 25
3 87
2 40
1 4
3 69
9 46
7 75
8 57
7 97
7 61
1 9
5 74
2 89
9 74
2 27
8 30
2 10
9 25
1 93
5 34
6 1
6 61
9 71
1 71
1 78
6 71
2 15
4 60
2 60
8 72
8 99
3 82
1 97
1 92
9 5
2 17
10 59
7 71
2 35
6 45
6 47
6 4
2 2
1 76
8 22
9 66
3 69
1 4
5 100
4 61
6 33
1 63
1 27
6 67
3 32
1 72
8 51
5 9
4 60
1 61
1 45
4 93
10 38
9 97
1 85
10 91
3 73
6 25
9 70
1 10
5 78
10 93
8 78
2 37
7 23
7 13
10 32
10 24
7 30
6 17
1 11
8 42
1 68
9 59
8 38
9 75
2 72
8 14
3 100
7 5
1 71
7 22
8 23
10 28
6 96
5 76
9 83
1 31
8 79
9 25
9 69
9 94
3 31
9 40
6 5
6 52
8 86
4 54
2 62
10 16
10 21
1 38
4 63
1 57
8 54
9 47
2 22
3 64
4 43
