10 60
7 86
6 17
9 7
7 63
4 73
4 100
7 90
2 11
8 16
2 26
4 94
3 4
7 73
9 63
5 50
1 34
4 99
5 42
1 11
6 67
6 100
8 82
6 16
10 61
6 96
4 11
7 42
2 26
7 61
3 55
3 67
2 21
7 75
6 51
1 4
8 80
10 67
8 45
3 61
6 98
7 77
8 21
10 81
8 4
5 39
1 34
6 25
4 74
10 86
7 47
1 23
3 8
6 77
6 56
2 52
3 46
3 59
3 36
2 57
8 14
8 68
7 99
3 51
9 75
3 60
2 23
1 60
10 21
10 1
9 48
7 43
8 57
5 78
5 5
3 36
5 80
1 50
3 58
2 98
8 9
1 17
3 50
1 10
1 97
7 56
10 36
9 16
4 79
8 95
8 40
9 34
4 82
2 39
9 44
5 18
7 96
8 77
8 4
5 66
1 62
7 11
3 56
5 47
8 64
2 8
6 55
1 45
8 96
8 10
4 68
1 94
3 12
4 25
3 42
1 100
6 57
2 83
7 29
9 1
8 4
4 63
1 96
6 27
4 85
5 67
4 6
9 95
1 20
5 40
6 88
4 55
3 94
8 10
9 2
10 58
1 23
2 19
2 19
8 88
9 27
3 63
4 35
3 25
2 54
4 66
3 12
8 96
5 85
3 62
1 96
5 94
7 88
6 68
6 75
2 50
9 100
3 88
6 87
1 51
6 40
6 87
4 52
4 51
5 14
1 34
4 46
2 8
3 77
5 34
7 60
8 27
3 2
9 92
7 40
8 86
9 84
7 63
1 60
9 95
2 21
6 26
2 4
3 13
2 16
10 33
4 3
5 59
5 59
8 57
5 65
3 82
6 52
10 50
2 67
5 25
1 50
3 3
8 19
5 96
1 79
7 94
6 67
6 4
10 4
6 69
8 23
7 38
4 10
5 1
2 61
5 81
1 100
7 87
6 31
1 22
2 96
6 51
9 56
7 23
4 21
5 79
3 88
10 63
3 92
2 83
5 87
2 58
3 25
5 44
1 42
9 31
4 28
4 38
2 71
3 47
6 46
2 67
6 67
8 73
1 55
2 36
8 4
6 69
6 55
4 85
5 30
2 47
8 63
9 70
1 15
10 66
2 75
4 2
6 85
4 59
7 99
5 100
2 20
5 86
3 64
5 25
8 95
8 29
3 9
1 71
8 77
8 53
10 92
3 38
1 89
3 66
4 16
8 67
9 40
2 84
5 98
10 11
10 12
7 17
5 18
5 69
1 76
8 72
1 61
3 25
3 88
9 94
7 18
2 29
8 67
2 32
2 18
6 68
1 97
5 89
4 10
6 17
5 61
3 62
9 1
3 98
10 37
6 34
4 88
7 23
2 42
7 17
7 84
5 29
5 91
6 3
7 68
10 69
10 71
9 52
4 74
7 25
9 4
10 99
4 8
1 35
9 40
5 68
2 64
9 87
6 73
2 60
7 42
9 23
3 26
1 61
7 34
2 90
8 10
7 92
5 56
10 7
7 78
5 77
4 30
1 81
1 35
1 83
5 22
6 34
8 11
10 71
5 66
4 85
2 26
9 3
10 50
5 38
6 43
10 44
7 90
1 30
8 98
9 37
10 18
3 30
9 17
8 43
4 23
5 35
5 33
7 97
7 88
1 4
2 43
10 92
4 43
6 80
6 38
2 58
8 12
6 63
3 36
2 44
8 91
8 86
9 82
10 97
1 43
10 9
8 15
4 2
4 75
6 59
1 33
1 13
3 57
2 2
8 61
4 80
10 39
10 68
10 94
8 33
7 55
10 62
7 58
9 13
8 77
5 33
7 41
8 39
10 17
10 57
5 32
2 84
6 7
9 76
9 63
1 58
6 33
7 77
9 73
1 86
6 56
3 43
7 50
6 44
4 88
8 66
2 4
4 7
4 99
5 74
10 100
9 19
8 99
2 64
9 83
5 49
8 73
6 70
1 43
2 43
6 10
2 40
7 97
8 74
9 62
3 26
4 98
10 42
7 81
6 86
2 100
5 94
9 68
5 33
6 44
4 69
6 75
3 30
6 71
4 77
3 62
5 37
4 91
2 28
1 73
3 39
2 85
5 4
4 2
7 36
9 34
4 50
3 55
5 3
2 87
1 48
9 18
2 25
2 55
4 20
4 22
5 79
10 45
5 95
3 49
5 23
10 88
3 65
2 45
3 40
9 37
8 62
5 49
6 12
10 69
8 16
3 91
7 7
10 25
5 73
8 70
8 46
7 35
6 27
4 23
7 98
10 63
1 71
7 56
5 77
6 49
7 5
7 54
8 89
4 44
9 64
6 100
2 42
2 50
8 36
5 99
9 22
2 4
10 25
6 68
2 44
2 80
2 14
5 45
2 11
9 58
10 61
8 41
1 5
9 53
9 11
2 71
4 3
9 9
3 6
4 91
9 41
8 13
5 16
4 74
9 44
3 44
1 31
7 64
6 49
10 97
1 37
7 53
3 65
7 100
2 19
1 62
5 12
2 24
1 43
9 71
9 100
7 89
4 7
5 72
1 33
3 57
1 54
1 86
8 100
6 1
1 27
6 33
5 74
2 34
9 71
4 93
1 23
9 2
7 81
1 15
8 97
10 26
2 97
3 70
3 36
3 39
7 67
10 12
8 77
2 22
5 67
2 40
10 77
3 46
4 72
1 3
7 61
3 95
8 83
6 33
3 57
5 98
1 95
8 35
9 99
5 89
7 83
9 96
8 99
3 77
5 73
8 5
3 62
5 36
5 7
5 47
10 96
3 26
3 42
9 98
7 51
4 82
2 85
3 9
9 51
3 16
2 92
6 70
3 34
7 94
1 22
10 24
2 84
2 45
3 49
3 28
6 9
1 18
9 23
5 30
6 71
7 10
4 84
6 84
7 15
9 4
8 32
4 51
4 80
2 8
5 20
1 91
4 69
7 96
4 73
7 37
5 22
2 44
1 90
1 12
4 32
2 23
2 73
1 38
7 94
1 29
9 66
9 1
1 20
1 32
5 45
7 41
8 64
2 41
4 42
10 22
2 85
4 10
6 12
8 43
3 98
9 51
5 28
6 80
9 36
1 95
5 37
8 1
6 53
4 42
2 99
4 81
5 46
7 45
4 18
4 24
10 26
1 67
10 74
1 54
2 95
4 56
7 21
5 86
4 58
6 5
3 86
10 51
4 11
8 49
1 54
6 35
7 75
7 60
6 87
5 40
2 16
6 56
9 79
3 41
10 25
2 61
6 7
7 3
6 21
1 58
4 17
10 45
8 82
6 82
10 80
2 46
8 19
9 18
2 45
3 48
6 48
7 39
8 85
4 16
1 70
9 34
3 63
1 83
5 46
4 94
1 80
5 92
8 8
1 34
7 31
8 4
1 42
5 74
3 5
4 68
9 12
2 83
9 44
10 51
6 87
4 8
9 65
3 42
6 12
2 61
8 39
5 21
2 55
3 95
9 30
2 37
5 66
4 73
3 47
2 26
5 9
10 42
1 61
7 28
5 69
4 6
5 3
2 11
3 59
4 76
9 46
3 16
9 52
1 79
3 61
4 43
4 84
10 58
2 84
6 17
1 65
5 62
1 31
2 46
10 14
2 64
10 63
3 33
7 18
7 5
3 81
7 60
3 40
10 28
8 3
5 67
10 51
9 12
3 76
1 33
10 61
5 48
8 33
7 13
8 81
10 40
4 64
3 32
10 78
2 39
3 38
2 41
4 27
10 20
7 94
8 78
3 95
5 27
5 45
5 70
3 31
4 3
7 38
2 94
5 41
6 59
6 89
9 98
5 5
2 27
10 37
7 20
5 59
4 18
6 91
6 44
10 38
6 50
6 50
2 76
4 61
8 49
9 47
2 51
3 33
3 96
5 40
5 42
5 31
2 52
10 27
8 53
5 69
2 26
1 73
9 44
9 10
2 48
1 77
5 97
3 48
9 88
8 92
4 57
4 62
1 9
1 32
10 76
5 68
3 11
5 75
8 4
5 68
4 29
5 46
1 10
7 44
1 26
1 37
5 26
6 17
9 10
8 71
8 92
8 87
3 7
5 39
2 22
10 19
8 47
9 67
1 63
9 31
9 34
5 70
6 83
3 78
8 78
6 63
2 27
6 34
2 100
2 2
2 43
4 40
8 14
4 88
8 64
2 20
4 37
3 76
8 17
7 43
7 9
5 53
7 39
4 30
9 78
4 80
5 51
8 17
6 91
4 45
4 61
10 39
7 58
7 30
2 48
1 70
7 28
2 13
5 42
7 6
4 88
9 88
8 6
9 40
4 25
10 61
2 65
1 68
4 38
8 69
5 8
6 33
10 83
9 78
2 6
5 45
4 18
10 27
5 88
1 80
5 1
5 21
8 62
10 36
4 64
5 21
6 20
2 87
1 85
4 66
2 96
8 45
4 25
8 49
9 100
10 61
3 90
1 16
7 7
8 49
10 4
10 42
6 74
7 61
8 42
3 82
3 84
5 13
6 76
1 85
