6 82
8 94
4 38
5 57
7 3
7 4
2 7
6 18
10 22
8 24
10 44
2 44
2 7
9 18
2 37
5 78
8 7
8 92
5 93
2 44
5 11
3 92
6 43
5 81
7 89
1 19
1 80
7 62
8 3
1 14
8 85
3 90
2 89
4 85
10 83
3 93
2 60
3 21
2 5
10 55
3 75
8 3
1 85
2 35
4 39
4 85
10 64
8 18
6 33
8 65
5 53
7 76
1 64
3 38
5 34
7 55
9 32
8 5
2 88
9 20
1 75
5 77
5 25
5 3
9 45
2 40
4 46
6 8
10 73
4 48
6 72
9 98
6 52
9 87
6 53
4 21
10 75
8 92
6 57
4 57
9 17
7 91
7 18
7 70
6 60
6 61
7 3
1 31
8 91
5 6
1 18
4 37
8 63
2 25
7 59
10 79
1 71
1 24
4 90
3 94
3 25
5 67
5 78
3 55
7 25
4 67
8 37
1 69
10 79
5 28
7 40
10 54
9 94
7 41
7 2
10 63
8 77
9 8
7 25
2 30
8 97
7 45
6 30
7 5
9 18
1 49
1 7
8 78
10 82
4 85
8 88
2 42
2 18
10 62
5 4
7 4
4 41
9 84
1 76
8 100
10 82
9 77
7 44
1 90
7 82
2 68
4 22
2 59
4 32
4 96
6 68
2 32
10 64
6 52
9 71
3 71
2 45
9 30
6 60
5 19
1 48
9 30
1 32
7 69
5 81
8 54
6 65
7 83
6 97
8 58
8 36
7 90
5 100
2 42
8 90
4 45
9 10
1 68
6 57
1 81
4 16
6 33
3 86
1 68
7 1
2 88
5 74
5 88
10 31
2 88
5 31
8 63
4 97
5 88
7 9
9 2
4 33
10 91
8 31
9 96
1 49
8 16
2 93
7 10
7 26
7 24
1 86
3 10
9 18
8 60
3 25
7 50
6 51
8 86
7 33
9 3
5 51
8 52
10 78
7 28
4 41
2 98
9 91
5 26
5 11
10 7
6 36
5 31
9 28
7 52
9 31
4 97
1 24
4 98
5 48
8 9
6 16
2 79
1 31
7 38
3 97
3 25
3 18
1 1
2 2
6 63
8 37
9 41
2 88
8 21
8 12
9 98
3 71
7 13
8 13
4 91
6 27
4 78
9 100
1 21
10 34
1 18
8 52
2 8
9 7
9 30
5 73
1 78
9 62
7 6
2 34
9 73
5 83
5 63
10 30
5 51
7 52
5 22
7 35
9 41
7 72
4 39
2 88
2 83
3 60
7 57
4 61
10 51
8 28
4 74
1 78
1 95
2 56
6 49
7 7
3 73
7 17
2 26
5 44
10 7
8 59
5 38
10 10
3 86
8 62
10 57
1 38
7 84
5 90
4 77
7 75
1 88
6 76
2 73
4 9
2 86
7 85
2 25
9 14
6 81
5 20
6 94
10 54
7 7
5 50
4 24
9 72
7 73
1 27
10 98
9 32
7 69
9 44
6 62
7 12
8 26
9 84
8 51
4 65
10 31
2 68
6 64
8 77
9 41
9 20
4 36
6 40
7 48
9 26
5 46
2 41
2 71
9 84
4 24
2 55
4 14
9 48
5 56
4 14
2 36
1 61
3 44
9 49
2 11
4 40
2 19
10 96
5 32
1 5
3 91
7 89
2 57
8 5
6 92
1 4
7 85
8 60
7 64
8 80
5 65
2 54
4 11
8 89
10 58
9 91
5 57
9 98
3 19
3 17
10 97
6 10
4 73
3 38
4 13
1 17
5 7
4 72
3 17
2 89
1 53
6 66
9 27
2 83
1 94
3 26
10 33
1 100
6 40
4 59
5 16
9 75
2 68
2 18
7 21
3 91
6 57
9 26
1 84
10 99
8 63
2 57
7 26
9 15
6 37
8 3
6 32
4 82
1 77
5 88
9 87
7 80
5 93
1 11
1 31
8 90
1 9
4 91
3 31
1 43
4 93
9 46
5 21
3 2
7 82
1 93
9 68
5 23
1 94
7 69
10 79
6 1
1 5
3 30
6 36
3 31
3 12
8 87
8 43
10 16
10 18
1 43
4 82
9 4
7 3
6 52
9 29
5 95
6 67
5 99
2 81
4 99
1 37
3 12
9 58
10 60
8 34
9 64
6 71
9 36
4 21
7 3
4 70
7 53
1 75
3 26
9 94
3 7
10 49
1 12
2 55
3 8
2 86
10 46
3 18
3 63
8 96
3 100
9 79
3 26
3 16
3 55
7 16
10 56
10 28
5 2
4 32
6 35
9 18
2 39
10 91
7 95
7 35
3 77
3 58
1 10
8 38
3 81
2 57
3 2
7 45
4 79
7 3
2 86
9 61
2 32
1 70
7 82
10 20
1 51
10 41
5 38
6 31
10 90
3 99
2 51
1 37
3 20
3 63
7 7
1 35
5 49
7 23
5 76
4 44
6 75
9 47
1 41
10 17
7 13
10 53
5 82
5 40
1 55
1 72
5 30
4 6
6 18
9 15
7 12
6 50
2 11
6 80
3 12
3 20
9 61
7 39
7 24
8 49
1 5
9 2
4 98
10 96
2 51
4 96
9 94
10 36
6 52
3 97
5 54
3 38
6 59
9 13
1 23
4 21
2 26
5 46
4 71
9 5
6 4
7 44
6 7
10 78
8 42
1 4
1 91
9 49
7 40
4 64
3 27
1 27
3 70
7 46
9 46
8 27
7 45
3 42
5 14
5 6
9 92
7 31
1 32
8 26
5 46
6 98
6 39
3 53
7 60
7 92
1 86
2 92
2 9
8 18
2 91
6 38
8 60
5 92
1 68
2 20
1 34
2 9
3 3
8 92
3 86
7 67
8 87
1 40
2 6
8 68
10 51
5 99
2 17
1 9
1 28
7 68
3 92
5 40
10 95
4 55
6 43
1 35
10 14
8 69
9 46
3 29
3 86
4 16
1 22
2 17
5 99
4 13
7 12
8 59
2 16
4 64
1 54
6 60
8 94
8 73
2 67
3 99
6 70
6 18
7 5
4 57
4 74
4 93
10 66
8 42
3 22
1 48
4 5
5 26
3 84
7 8
9 31
8 8
1 78
4 1
9 32
9 39
8 47
5 50
5 93
5 17
5 8
7 2
10 22
7 46
7 91
5 88
3 87
2 75
1 99
9 44
4 40
10 73
8 53
4 56
5 47
3 13
1 42
8 20
3 38
5 90
9 95
5 98
2 75
2 72
6 79
1 20
1 10
10 49
8 41
3 61
7 95
2 72
3 49
4 99
6 61
2 92
3 69
8 25
7 59
2 23
2 57
10 13
7 48
7 77
3 42
6 94
5 72
10 20
10 24
9 34
1 55
6 11
5 73
6 19
9 83
4 61
5 78
5 62
6 71
1 60
9 37
9 14
1 3
4 92
2 71
1 67
5 80
7 99
4 69
9 33
5 43
1 24
9 97
1 8
6 23
9 94
3 52
2 87
10 21
6 64
9 75
3 75
3 16
10 56
2 83
4 7
1 19
4 50
10 63
6 98
2 23
1 100
6 2
5 66
3 44
7 12
3 8
7 21
10 19
4 83
4 75
4 4
1 2
9 62
4 51
10 70
5 41
7 76
4 36
8 27
9 21
7 1
8 16
6 42
1 21
7 98
2 4
2 17
8 14
4 64
9 5
9 17
4 76
8 84
3 1
1 17
4 72
6 57
7 77
1 46
3 73
9 39
6 18
8 61
5 17
9 16
5 50
3 10
5 3
3 59
5 70
4 73
3 33
9 38
4 15
6 100
1 65
3 53
8 18
10 50
9 73
1 70
4 6
2 27
9 48
6 97
8 98
10 74
4 75
8 59
10 61
8 85
4 39
7 68
6 3
9 85
9 44
3 86
9 55
3 97
7 33
5 18
6 77
1 37
1 16
6 88
7 19
5 17
1 96
3 28
6 58
6 1
1 3
1 65
2 47
3 16
2 7
7 22
3 80
4 46
5 39
9 41
1 18
7 3
9 92
2 90
4 38
2 72
1 2
9 58
8 34
4 99
8 90
8 45
2 90
6 53
8 31
1 90
3 69
4 76
7 56
7 36
5 23
9 7
10 89
4 89
7 78
4 27
7 10
5 12
8 83
3 29
8 18
5 76
1 73
8 40
3 66
6 52
1 22
1 29
1 60
10 2
6 26
7 27
6 47
5 22
9 44
1 55
6 2
10 33
8 16
7 98
2 55
9 73
1 10
5 19
3 11
3 89
5 83
5 92
8 65
1 39
6 29
9 62
1 28
8 31
10 21
2 47
8 58
5 35
5 60
3 69
6 89
3 18
5 3
2 74
2 72
8 79
6 61
4 59
2 28
1 5
8 46
8 23
6 89
4 54
9 87
2 27
3 76
8 10
9 38
1 89
9 40
3 74
1 84
2 58
4 98
8 63
6 27
4 21
8 23
9 10
8 79
1 68
3 34
6 8
7 95
2 80
7 28
9 100
10 82
6 26
9 70
5 94
2 28
10 2
