2 97
1 98
4 4
8 64
2 43
8 67
6 19
9 52
4 34
10 88
3 84
3 97
1 38
8 41
4 13
10 84
7 7
3 71
1 19
5 80
8 7
8 90
8 55
9 83
3 60
7 77
5 71
10 38
2 29
9 26
9 60
1 67
4 12
9 85
5 15
5 28
5 59
1 59
5 38
1 87
2 88
6 57
2 34
1 81
6 30
6 36
4 68
8 97
6 44
3 20
4 17
3 7
7 22
1 75
10 16
9 15
3 89
6 28
7 8
5 30
8 17
8 42
1 16
1 13
6 38
10 24
7 96
6 82
9 21
4 4
9 87
8 40
5 38
1 94
10 41
7 32
3 90
4 16
5 32
6 72
8 99
8 33
1 25
6 97
3 69
6 64
7 89
3 10
9 68
2 32
1 50
8 52
6 40
10 31
4 29
8 73
9 44
8 12
2 99
3 59
8 44
7 98
8 94
8 68
6 64
9 4
10 34
9 69
6 5
8 85
10 70
6 25
9 39
3 52
9 39
4 21
8 3
6 6
8 49
8 31
7 48
4 52
2 14
6 41
10 88
3 36
5 96
4 52
8 29
7 84
6 23
4 11
10 2
9 72
5 98
2 87
7 97
4 3
9 17
2 26
1 40
1 74
7 94
10 66
7 42
6 70
3 10
7 32
4 97
6 33
9 50
6 47
1 19
7 17
6 20
7 96
2 86
6 41
4 73
1 78
2 10
6 41
5 57
6 13
6 56
4 91
2 68
3 16
5 74
8 98
10 6
10 44
2 75
8 8
10 20
2 65
5 85
4 62
6 15
7 9
9 46
5 32
6 9
7 14
2 58
4 6
5 87
8 30
3 21
9 68
7 75
8 30
3 91
1 51
7 9
10 66
7 93
3 79
9 72
2 80
6 66
4 66
3 52
7 22
6 13
7 31
9 35
5 14
3 75
9 86
4 81
7 29
8 47
10 56
7 29
2 59
10 36
9 33
2 16
6 31
9 79
4 35
4 19
3 61
6 79
10 45
1 78
8 81
7 86
10 27
8 33
1 30
10 63
6 10
10 3
1 38
3 51
8 10
6 75
10 26
9 65
10 90
6 65
1 48
9 28
9 60
2 59
5 75
7 38
5 15
7 38
7 18
8 52
3 90
3 36
8 90
3 19
8 44
5 65
10 51
2 58
8 55
7 52
3 23
3 70
2 60
7 1
5 5
5 68
9 74
7 21
9 61
7 7
7 3
8 19
9 85
10 48
5 97
1 35
10 97
9 36
1 63
6 46
10 40
7 50
2 86
10 47
10 50
5 94
9 88
3 2
10 16
4 62
2 37
7 12
6 71
7 82
8 45
6 64
1 38
9 57
1 51
5 9
1 10
5 88
4 97
7 34
4 81
8 16
10 75
1 64
7 6
4 41
5 39
8 60
2 61
3 23
8 31
10 100
3 61
10 29
3 80
8 4
3 99
2 74
1 43
6 67
8 82
7 93
10 88
3 8
1 26
1 50
5 76
10 83
3 86
6 65
3 20
7 35
2 72
1 100
9 29
5 3
4 38
1 62
4 19
5 20
2 16
2 51
9 61
10 62
9 98
5 16
8 41
10 24
6 9
5 94
7 45
10 10
8 95
7 95
9 90
7 66
2 72
5 18
1 54
10 90
9 89
10 74
10 23
9 58
7 1
1 75
10 4
6 4
10 64
2 62
7 73
7 96
3 38
4 55
7 43
2 90
8 42
1 98
9 82
7 17
3 45
3 17
10 21
4 4
4 98
7 26
5 50
10 26
2 93
1 26
9 100
2 15
1 26
3 38
4 19
4 2
7 29
5 14
9 96
2 22
5 17
10 50
3 7
8 51
5 35
7 99
7 82
5 4
4 21
3 64
2 84
7 32
6 24
8 11
8 41
4 67
4 80
5 23
3 30
8 20
3 37
9 10
4 15
6 41
2 94
2 6
9 95
3 92
6 28
4 5
6 16
4 94
1 52
1 18
5 9
10 19
9 34
6 18
3 9
10 15
6 82
5 62
1 91
4 93
4 14
7 62
3 49
2 79
5 33
10 13
9 91
10 91
7 4
2 41
2 63
6 13
6 25
7 77
5 80
10 11
3 97
8 67
5 9
5 7
4 51
10 5
3 28
6 45
4 43
4 18
5 93
2 32
4 22
5 67
4 18
7 67
1 83
10 72
5 74
8 45
9 21
10 34
2 45
6 63
4 37
2 100
1 59
6 19
7 94
2 72
4 90
7 76
8 48
8 89
1 38
7 10
5 55
2 4
2 92
6 93
6 68
9 56
7 13
4 22
8 68
5 16
5 70
6 79
5 6
5 29
7 84
2 17
5 55
5 99
5 11
10 82
10 24
5 54
7 84
7 34
9 45
7 83
9 76
10 3
1 43
1 34
8 24
3 11
2 87
4 55
5 48
10 10
2 43
1 82
1 51
4 82
5 37
7 5
1 71
4 96
4 95
7 94
9 18
9 39
4 48
10 43
9 81
6 1
4 59
8 4
1 94
5 75
1 24
3 13
10 87
1 7
7 48
9 87
6 11
4 53
7 21
10 33
8 25
1 1
5 80
3 92
10 85
7 32
7 1
7 1
10 12
5 68
4 24
4 27
9 29
6 2
3 59
9 67
10 21
5 55
10 72
7 42
1 4
8 21
7 21
6 59
1 94
9 85
3 47
9 92
2 30
8 1
7 22
2 99
4 43
3 77
10 21
5 26
4 99
2 51
6 7
6 8
10 6
6 36
4 38
9 60
4 81
4 51
1 21
6 7
2 49
3 18
8 59
2 19
9 74
9 90
9 32
2 65
3 78
2 57
3 85
2 80
6 90
3 27
6 41
2 80
2 89
5 55
4 12
9 19
1 62
1 52
4 80
1 56
6 100
6 3
6 8
7 100
6 57
3 17
5 61
5 46
5 57
4 51
1 49
7 84
4 30
7 79
4 31
9 98
10 83
2 2
7 90
3 68
3 19
6 78
6 87
10 93
5 64
2 27
1 33
3 68
8 14
7 51
6 64
1 95
8 75
2 15
10 52
7 11
1 50
4 5
7 5
6 17
7 82
3 45
1 50
6 73
6 58
2 27
2 100
9 7
10 72
5 45
7 90
6 19
4 16
1 46
1 39
6 38
10 84
9 80
2 93
4 100
5 6
1 51
4 42
4 9
8 67
5 56
3 71
9 15
1 96
1 98
3 75
2 92
8 84
5 77
10 34
2 69
3 55
4 28
1 79
5 35
1 66
9 5
6 76
6 74
4 86
4 49
9 90
1 6
7 92
10 3
4 88
2 72
2 71
10 93
6 15
9 28
10 87
7 4
9 4
7 86
7 22
8 74
6 7
3 98
1 51
4 39
10 24
1 73
1 8
1 14
1 25
5 55
7 61
3 7
3 33
2 21
7 60
10 73
3 96
7 98
5 45
9 23
1 17
1 64
9 93
5 20
10 86
6 25
2 92
7 49
4 28
1 72
9 60
4 23
4 94
3 91
1 50
3 18
6 48
9 33
2 58
4 95
2 30
5 43
10 48
10 71
7 76
7 11
9 47
3 39
7 37
8 6
5 94
6 85
8 77
1 91
8 95
2 97
6 72
2 51
1 58
10 27
6 39
9 74
7 84
1 49
7 60
1 49
1 61
1 95
4 96
3 96
4 8
8 64
10 61
8 6
7 16
4 72
3 62
6 57
6 39
6 70
5 92
9 53
1 52
7 25
4 36
2 90
10 86
8 4
3 61
1 52
1 76
8 67
4 32
4 88
7 40
5 13
7 80
9 10
9 2
4 10
8 50
1 54
8 15
5 68
2 47
4 21
3 77
2 27
1 50
2 63
8 35
8 23
4 21
2 60
8 91
5 62
6 61
7 53
9 25
6 76
5 92
1 85
9 63
8 89
8 52
4 10
7 96
8 55
1 47
9 95
8 75
2 22
5 26
7 85
8 71
9 85
3 48
5 87
3 6
9 20
10 86
3 56
10 72
4 85
4 78
7 46
1 86
10 1
3 77
4 71
3 41
3 18
10 46
10 61
7 82
7 84
8 55
5 47
10 70
6 14
7 45
7 27
2 32
9 12
3 17
5 7
2 12
9 20
4 19
9 94
9 39
5 14
8 91
1 89
10 66
8 37
3 57
2 80
2 50
8 50
7 99
8 60
7 70
9 38
1 99
2 29
10 62
2 89
10 24
6 7
8 36
4 75
1 97
1 27
7 50
1 59
6 63
3 48
7 37
1 60
1 93
2 47
4 46
6 10
4 12
5 46
6 32
10 15
5 22
1 58
7 86
8 96
3 37
9 38
3 55
3 15
10 34
4 49
1 55
6 36
10 16
2 40
9 30
2 14
5 24
3 42
8 53
9 72
8 24
3 93
7 86
7 90
7 90
5 9
2 37
1 20
8 47
9 18
1 43
10 55
4 2
9 67
5 7
10 56
4 88
8 47
3 9
8 70
9 72
4 100
5 88
1 100
7 2
9 76
6 1
7 70
5 57
