10 46
10 61
6 34
8 41
4 87
3 48
10 68
7 90
5 19
3 11
4 23
4 71
1 91
8 76
10 23
8 31
8 45
7 64
5 14
4 15
7 24
1 56
7 73
8 62
4 38
10 52
10 38
1 16
8 37
3 90
8 85
8 13
6 28
9 53
2 48
10 21
7 88
9 91
1 57
9 47
2 42
6 89
9 16
2 28
5 65
3 71
3 7
8 62
5 94
2 75
1 79
10 50
7 89
2 76
4 83
5 64
7 78
3 93
3 25
10 48
1 51
7 93
9 86
2 65
2 90
7 74
4 84
4 84
10 81
10 4
1 43
1 23
6 20
2 80
8 54
1 87
6 11
1 59
3 9
7 23
6 5
2 34
9 30
7 21
7 85
9 77
10 49
1 18
7 42
6 90
4 31
7 67
7 44
2 13
7 8
1 16
4 8
3 47
2 98
4 53
2 34
2 37
10 18
9 45
7 29
5 15
3 70
3 81
5 88
5 31
4 96
6 83
9 69
3 41
7 11
3 5
3 86
10 31
3 30
4 81
7 61
7 7
1 21
3 60
7 81
3 50
6 56
2 93
4 17
3 77
7 49
9 1
3 42
3 39
1 88
7 58
4 66
4 7
3 36
6 25
4 29
3 72
2 68
9 62
1 96
3 1
2 97
4 32
7 13
5 93
9 4
8 32
7 56
9 94
2 62
9 96
1 82
6 63
6 5
3 73
3 50
3 31
5 70
3 92
4 85
3 77
5 15
4 18
7 91
7 28
8 91
2 73
7 73
8 78
5 99
1 51
4 95
2 30
10 5
5 82
2 1
9 55
7 96
1 37
5 11
4 61
6 36
10 79
9 46
9 64
2 80
10 28
3 42
4 74
7 57
8 25
8 28
8 60
9 51
10 84
4 52
4 29
4 8
1 87
2 21
3 24
3 99
5 7
2 97
4 15
3 2
8 35
9 40
6 10
8 45
10 32
9 81
10 12
7 32
6 88
5 30
6 19
7 49
4 45
2 99
4 18
6 29
6 77
10 11
3 95
9 61
1 89
1 16
5 87
1 3
4 63
5 97
8 54
5 92
3 2
4 7
8 58
7 53
3 6
9 83
8 82
4 56
7 14
7 59
1 49
1 85
3 92
5 42
7 62
5 24
1 21
1 18
5 86
3 27
1 43
8 62
3 92
7 37
1 56
5 15
10 5
7 59
7 42
6 25
8 82
5 47
10 91
3 69
8 60
10 2
3 24
10 17
3 55
6 41
4 47
4 89
10 13
1 96
7 34
8 9
9 82
8 84
3 4
2 86
5 87
10 98
2 24
2 68
9 76
7 27
4 47
8 47
10 29
7 85
4 4
8 20
2 46
9 36
3 87
9 74
8 84
9 84
6 32
5 79
6 36
5 83
8 27
10 66
9 39
7 97
4 59
6 32
4 14
2 53
8 97
1 77
10 53
5 35
9 36
6 70
5 38
7 38
8 43
6 98
1 24
1 97
8 88
7 34
5 86
7 35
9 53
4 55
9 19
6 92
4 47
2 16
5 14
7 27
7 73
7 75
6 49
5 87
4 27
1 34
5 87
10 92
2 36
2 20
1 91
6 70
2 58
8 95
8 12
2 42
4 75
3 72
3 21
3 2
9 79
7 81
7 83
2 3
2 58
6 83
3 20
9 17
1 81
10 22
10 88
1 4
5 58
8 11
2 88
5 83
2 61
6 45
8 4
7 9
3 71
9 78
6 94
3 94
6 47
4 84
9 43
6 45
3 93
1 86
3 62
5 16
7 53
9 98
1 49
2 72
10 82
2 23
10 85
1 32
1 77
7 70
3 55
10 43
8 21
6 3
5 55
10 29
9 86
9 62
5 62
9 20
6 60
7 84
7 65
1 28
1 39
1 1
2 58
1 24
10 42
7 72
3 71
8 65
10 81
9 48
8 100
9 40
5 52
3 7
8 35
6 53
7 64
1 83
6 15
1 80
5 35
2 95
7 95
4 16
10 66
4 20
10 93
10 32
6 36
8 1
4 14
4 64
9 85
9 81
8 94
4 74
1 29
9 54
9 34
4 27
6 100
3 9
7 19
10 37
7 33
1 14
10 9
8 12
7 6
8 27
10 31
4 90
2 39
7 54
8 15
9 17
1 92
9 29
5 29
1 90
8 18
10 30
3 90
10 65
4 46
4 69
4 98
5 57
1 71
2 67
3 32
5 58
10 98
5 2
5 47
9 95
8 25
6 77
10 68
10 32
9 30
2 15
1 60
9 70
9 27
4 25
10 5
5 87
7 69
8 5
7 9
4 73
10 3
10 95
1 16
9 28
8 89
5 84
6 32
10 34
5 79
6 12
9 60
2 16
2 2
6 54
7 31
10 87
1 27
7 80
8 20
7 73
4 12
2 34
3 37
8 52
3 5
7 63
3 66
2 23
2 68
10 49
4 65
9 26
7 54
6 28
5 42
3 60
7 63
4 95
2 97
1 44
9 86
2 56
10 72
1 54
8 92
4 46
9 88
9 81
10 76
6 90
8 36
1 49
10 30
10 53
9 83
1 7
5 13
9 65
8 73
3 37
9 30
9 49
10 19
2 25
7 20
6 20
9 100
5 62
4 20
3 54
9 60
10 100
8 4
3 52
10 73
4 23
1 22
5 58
9 25
2 89
5 19
1 88
2 21
5 81
3 14
4 39
9 66
4 28
3 100
9 71
5 60
8 36
8 11
5 21
7 68
10 29
5 49
8 99
6 99
7 90
10 63
2 92
9 7
5 94
3 85
2 19
7 10
9 89
9 90
10 37
8 24
8 2
7 37
2 58
9 87
10 92
1 21
8 46
7 78
2 14
1 70
4 33
2 20
8 25
6 98
7 48
4 31
1 83
9 72
2 43
9 83
6 55
10 93
3 34
2 46
7 77
7 40
5 39
4 20
8 61
2 100
2 76
8 95
5 76
10 42
2 7
1 5
10 92
3 30
3 87
2 74
9 83
5 94
4 22
2 64
7 64
10 32
1 46
9 2
7 86
1 2
1 30
2 12
10 10
10 38
9 72
3 31
7 82
7 81
6 9
9 47
8 30
2 58
5 95
1 34
3 73
2 13
3 35
6 8
10 94
7 30
5 65
7 22
3 24
8 13
8 90
7 89
10 92
1 49
5 85
2 10
1 19
3 95
1 84
1 45
9 79
1 61
2 97
2 40
4 77
1 18
3 64
6 22
9 29
3 89
7 49
5 2
7 83
1 83
3 64
9 11
1 77
1 32
4 14
8 75
1 88
9 83
6 50
9 75
10 14
3 32
3 59
8 10
4 98
3 66
4 50
3 99
9 13
7 79
8 2
7 25
10 73
8 25
2 50
3 6
3 46
2 36
6 35
6 99
3 86
1 96
5 36
4 39
10 18
9 97
5 47
9 89
7 9
2 11
5 46
10 9
10 89
2 18
5 40
6 19
2 59
10 76
3 12
10 97
8 5
1 43
6 91
10 19
4 87
8 58
9 28
2 39
1 44
3 81
1 32
7 76
7 3
5 67
4 27
7 76
6 37
1 65
6 39
2 16
7 75
9 66
7 82
1 24
10 6
6 34
2 38
2 25
9 97
8 77
2 42
4 8
9 10
7 18
10 51
5 10
10 90
8 98
5 73
4 4
3 24
8 73
1 73
6 42
5 34
7 65
8 63
5 73
9 61
2 56
9 83
4 55
1 83
5 91
2 97
10 91
6 93
3 29
10 18
2 95
1 36
9 24
9 91
8 76
8 33
1 8
2 35
1 62
5 39
2 49
10 46
7 13
3 1
10 87
2 58
9 33
3 23
1 93
1 9
9 55
4 31
6 33
2 62
2 19
9 69
2 83
10 28
3 83
8 5
9 27
9 79
4 22
3 21
3 90
2 71
10 76
9 90
7 1
8 70
10 26
9 90
4 42
6 74
5 96
7 48
7 12
6 14
5 52
10 33
2 56
7 64
7 70
6 95
2 16
7 21
8 7
10 93
6 50
9 66
5 96
4 27
7 35
2 55
5 46
8 28
3 6
9 20
1 69
6 5
3 63
4 9
8 86
8 26
4 74
8 43
1 95
7 1
1 36
10 22
4 72
8 28
4 14
7 14
6 69
5 40
10 30
8 64
6 48
4 98
1 95
2 32
3 81
2 79
4 30
9 23
4 30
2 29
3 57
3 95
2 86
2 48
8 73
7 8
7 92
4 80
4 85
10 54
5 43
4 16
2 14
4 1
6 36
3 82
9 10
4 16
9 65
8 15
7 95
2 55
1 98
3 73
2 55
9 62
5 43
9 36
9 88
8 14
5 11
5 19
9 35
2 83
8 56
7 74
6 81
4 58
2 78
9 35
5 58
2 94
3 35
8 64
4 87
6 25
5 41
10 29
5 69
2 21
6 9
4 35
10 35
2 93
3 12
8 73
9 66
10 11
7 50
7 23
2 40
9 57
2 92
4 71
2 67
4 54
5 71
7 9
5 68
10 92
7 16
2 85
5 34
