1 20
2 77
10 65
1 4
5 96
5 91
3 72
7 39
9 20
4 31
9 47
5 7
3 57
10 55
7 82
10 77
5 15
9 27
2 52
7 4
1 14
4 73
1 13
9 59
3 58
5 80
10 52
1 3
10 69
10 78
2 51
2 71
3 89
6 63
6 72
4 39
4 68
7 44
10 44
6 3
3 65
10 7
2 84
10 84
3 50
7 24
8 86
6 67
4 65
2 91
4 2
8 30
7 73
10 10
10 34
8 4
9 81
4 65
1 52
10 54
9 77
1 46
3 48
5 18
9 9
3 73
1 25
5 53
3 43
1 98
1 27
3 70
10 93
5 15
7 31
9 70
7 22
4 73
7 92
2 8
7 68
3 15
1 13
8 96
5 100
2 68
3 50
1 89
4 99
4 24
3 29
6 36
6 5
9 32
4 39
9 60
7 17
2 95
6 75
8 94
4 14
6 97
6 63
4 100
6 77
7 84
8 79
6 96
2 21
9 50
5 99
5 91
6 90
1 32
10 50
7 96
7 3
10 15
6 78
9 32
6 69
4 35
5 85
6 9
10 76
2 49
6 7
8 57
5 77
9 90
2 62
9 53
9 100
4 96
2 24
1 37
3 97
2 21
3 38
10 40
9 57
2 17
4 24
2 69
2 3
2 30
6 72
1 2
4 13
10 83
6 97
4 58
4 94
9 23
6 58
10 8
10 35
4 12
5 21
7 88
9 96
9 46
8 88
8 15
5 10
7 15
1 32
10 84
4 36
4 19
2 41
3 22
6 20
10 7
6 87
9 82
5 92
2 96
10 25
4 96
10 27
6 11
5 85
6 42
5 7
9 79
7 36
4 14
8 2
6 15
1 97
10 18
2 79
3 63
2 27
4 32
4 4
5 68
9 81
7 81
7 91
2 74
8 15
1 8
3 30
7 87
9 67
3 25
10 77
1 75
3 38
3 64
4 64
4 99
1 99
4 33
5 96
4 72
7 36
1 47
2 32
1 23
7 26
7 39
10 18
8 36
5 27
3 43
10 97
9 85
1 51
5 70
10 89
8 13
1 58
5 35
2 84
4 27
1 57
5 47
8 45
5 34
3 14
8 62
5 25
7 24
7 38
2 87
2 68
8 97
2 74
4 14
8 10
4 83
3 21
1 98
3 20
10 54
9 6
5 25
7 38
7 58
4 99
8 88
5 11
6 81
5 66
3 90
3 18
5 88
3 41
1 44
10 49
1 2
6 39
9 83
4 82
7 6
5 91
4 99
6 96
1 4
6 74
9 32
4 96
5 32
7 21
6 36
8 26
3 64
2 13
2 85
7 38
3 64
4 45
8 10
10 49
9 98
7 20
5 3
10 31
5 65
1 82
2 31
6 17
1 55
1 93
9 51
5 10
8 57
9 86
5 22
4 11
9 27
2 27
2 40
9 69
9 34
1 63
10 29
9 3
9 51
5 55
7 92
3 30
8 19
9 45
7 70
10 50
9 79
5 64
9 11
2 84
9 63
3 17
3 21
4 24
1 24
4 98
6 57
6 50
7 84
1 54
9 79
5 74
7 34
8 5
3 43
5 66
10 20
5 51
9 40
8 52
4 63
2 38
4 98
7 18
8 67
5 38
10 21
9 43
6 52
1 14
5 17
9 45
10 6
8 69
3 53
4 23
2 74
1 88
6 30
5 22
8 44
6 64
8 43
8 37
7 90
8 62
3 21
2 98
9 91
5 12
7 54
1 69
9 79
3 11
1 22
5 9
3 27
5 60
7 94
5 16
10 7
3 73
2 86
1 45
1 25
8 31
3 60
8 93
4 17
2 47
5 6
10 57
1 80
8 47
10 82
8 96
9 75
10 64
9 29
1 6
4 39
6 91
2 6
4 73
2 56
1 37
1 73
6 88
7 99
10 12
2 22
3 8
5 46
9 66
10 26
5 21
8 69
7 35
5 30
10 55
7 76
7 48
8 12
4 84
5 57
3 64
7 15
7 74
8 68
5 59
1 32
10 66
10 27
4 75
5 73
2 49
1 13
6 13
10 51
10 35
6 85
4 90
2 25
9 68
10 53
10 20
3 4
5 93
4 49
5 64
5 22
9 37
1 76
3 11
5 13
1 42
2 11
5 15
5 27
2 51
6 98
7 48
7 94
3 57
10 80
7 25
2 43
5 96
3 15
9 62
8 75
3 9
9 23
9 38
9 14
7 75
7 14
10 32
8 65
1 20
8 26
8 15
9 73
10 3
3 72
6 71
10 77
7 36
9 65
6 63
9 58
3 72
5 49
6 19
8 22
6 96
5 33
2 9
7 19
5 4
5 78
7 30
3 42
9 51
4 33
2 51
5 98
1 66
10 67
9 70
3 60
7 63
10 88
5 60
2 87
4 12
9 29
2 13
1 47
3 34
5 12
1 25
3 83
5 5
7 84
10 96
8 85
9 27
7 15
3 19
7 26
1 62
7 73
9 99
3 12
6 45
3 72
5 46
8 17
4 81
4 48
2 61
10 94
10 57
3 2
10 46
9 11
9 20
1 11
10 65
2 72
10 39
9 43
4 29
3 31
8 62
3 32
5 46
7 42
9 93
2 62
10 30
2 87
1 21
5 61
3 17
5 84
3 34
7 56
10 98
10 62
8 67
1 14
7 34
3 87
6 59
4 25
1 38
2 2
8 4
7 93
10 2
4 59
10 8
2 59
7 22
8 42
8 94
3 32
10 5
5 70
10 39
4 69
5 86
4 43
9 31
3 74
9 85
1 26
6 62
8 49
4 36
6 94
1 49
7 17
10 64
2 35
9 41
2 81
9 31
9 75
7 44
3 28
8 73
3 81
9 61
3 80
1 53
6 7
1 34
9 45
3 11
5 33
6 5
1 45
3 88
10 22
5 12
10 67
1 3
1 12
3 27
10 94
5 100
8 96
5 15
2 40
7 100
8 97
6 62
6 37
10 22
7 55
1 20
4 80
4 22
8 2
7 69
4 69
6 57
7 6
9 65
10 75
9 1
3 74
6 22
8 73
2 56
6 71
8 86
7 85
3 86
6 76
7 75
1 87
1 61
2 49
2 96
4 16
8 34
3 89
2 87
6 66
4 55
6 86
8 75
2 12
8 44
1 61
9 33
3 31
4 63
5 69
7 92
6 1
4 22
1 10
8 10
3 99
2 38
5 3
10 7
6 79
5 43
3 38
6 46
7 42
2 8
5 65
3 93
6 25
2 1
7 96
3 76
1 95
5 9
4 63
5 34
5 52
9 84
9 71
6 52
1 6
10 55
5 30
5 31
1 76
5 56
10 8
8 11
10 16
10 1
4 58
1 23
7 7
2 62
4 19
8 90
10 65
10 37
1 91
2 21
8 34
3 22
9 34
9 92
2 89
5 65
9 27
9 32
6 58
7 5
5 79
10 35
2 85
1 49
9 77
3 1
9 44
3 100
9 42
6 63
1 79
4 62
2 71
1 43
5 66
7 58
3 47
6 73
7 64
8 71
8 76
6 14
6 36
7 85
3 39
6 11
3 32
5 35
1 54
3 26
7 92
10 28
10 87
7 74
4 41
3 84
3 84
7 51
2 48
9 17
10 53
10 46
6 62
6 52
7 11
2 55
4 75
5 40
8 46
7 95
3 48
10 67
6 84
5 49
3 51
1 53
9 2
9 95
5 72
7 34
3 87
3 39
6 75
7 73
10 88
10 48
3 14
7 76
5 16
2 72
6 25
1 44
9 84
5 93
6 93
4 32
3 66
7 75
10 36
2 35
10 67
1 97
7 1
6 64
3 38
10 17
7 42
7 79
9 40
7 90
1 40
3 99
5 99
7 93
4 42
2 59
6 69
5 18
3 63
10 30
5 56
10 94
4 98
5 65
2 49
7 8
3 50
2 70
2 71
2 46
10 73
9 80
2 6
1 67
3 15
2 63
6 67
4 31
10 98
3 43
7 56
8 65
10 20
6 81
9 89
9 82
6 50
9 87
1 16
6 96
3 85
2 66
8 70
1 22
2 92
5 99
2 9
6 47
4 59
8 89
4 7
7 4
4 96
8 15
3 57
10 64
6 81
5 4
7 22
2 14
10 70
5 24
6 27
8 39
1 85
4 33
10 90
7 78
4 74
10 4
6 33
6 81
10 83
2 12
10 71
10 15
4 99
5 43
10 67
9 17
1 60
7 66
2 53
3 59
8 42
6 51
4 2
2 5
3 3
3 66
2 44
10 88
9 75
7 26
4 89
4 97
8 95
7 43
4 74
6 86
7 96
3 68
4 94
1 42
1 66
9 55
6 6
3 3
7 14
5 37
10 100
8 83
10 50
1 56
6 22
8 33
8 66
7 97
3 41
4 18
4 15
10 22
4 9
6 34
10 13
5 75
9 57
6 86
9 14
1 78
9 85
8 22
6 1
9 84
6 65
6 26
2 42
10 55
10 84
6 70
9 38
2 28
6 99
9 84
5 13
2 20
4 78
10 10
10 78
9 45
5 12
3 38
2 19
7 63
3 16
