10 5
4 65
3 73
5 64
8 81
4 67
7 78
10 73
10 37
7 50
9 97
8 28
10 21
8 87
1 93
8 64
1 65
10 10
9 82
2 38
10 14
10 97
10 39
3 28
2 71
9 39
4 91
9 55
3 74
1 44
1 54
3 47
4 18
6 65
1 43
6 52
8 69
9 6
3 68
3 25
7 33
2 54
4 71
3 51
3 36
7 71
3 57
6 43
4 9
10 72
5 46
10 97
5 93
2 4
1 42
3 33
8 13
4 86
5 24
3 93
2 69
6 48
5 90
8 32
1 28
2 74
7 38
10 55
5 20
1 38
7 88
3 12
6 92
4 87
3 2
8 96
1 10
4 84
8 98
9 62
5 28
4 11
3 20
7 66
9 61
10 60
5 31
9 37
8 62
7 49
10 90
10 6
3 51
2 41
3 48
6 64
5 57
5 96
5 66
7 8
7 83
8 14
7 46
8 37
5 43
7 37
10 67
5 87
3 88
4 93
8 57
10 62
9 7
7 51
1 52
1 43
10 59
4 24
1 93
7 51
4 71
10 1
1 22
10 33
4 8
10 47
5 28
2 62
8 6
4 94
9 1
1 87
6 5
6 47
8 33
10 24
8 46
2 27
3 82
2 2
8 77
7 31
6 38
1 74
1 22
2 87
7 13
5 50
4 53
4 18
7 45
4 16
4 48
4 90
5 87
5 98
6 49
6 17
6 14
3 87
5 50
6 64
5 80
1 78
7 7
4 77
10 86
2 43
4 60
7 26
2 22
10 71
10 14
9 50
9 76
6 20
1 80
5 44
4 96
8 39
6 67
9 48
6 19
4 80
6 68
3 75
6 47
9 47
5 86
4 12
3 89
6 6
10 22
7 64
4 14
7 51
8 57
10 3
5 100
6 12
7 46
8 77
4 40
8 98
2 91
9 93
9 76
6 21
3 86
7 38
10 92
3 96
4 17
7 34
1 18
5 74
5 99
7 93
3 95
7 37
10 99
1 52
1 94
10 48
1 50
9 8
8 65
3 94
5 34
8 73
10 13
8 7
5 64
8 85
3 8
6 88
1 91
9 25
10 10
9 80
1 99
9 52
8 94
5 55
6 62
2 81
8 71
9 47
10 35
9 15
7 42
1 3
6 43
5 84
4 52
4 48
2 49
10 36
7 70
2 72
10 59
1 41
2 90
5 78
6 89
7 62
7 17
6 37
10 27
4 82
9 13
5 58
9 76
4 35
9 78
8 84
6 71
3 9
4 62
3 71
6 86
3 38
7 38
9 27
4 34
2 57
5 12
4 84
1 96
8 81
4 100
4 37
9 92
9 81
1 42
9 83
8 34
5 47
2 92
6 37
3 66
3 27
10 21
6 86
1 1
9 47
6 15
9 84
3 51
2 5
4 14
7 5
9 48
5 74
4 75
8 82
6 46
8 67
10 1
8 30
1 43
1 99
2 68
3 49
3 92
4 22
3 75
8 94
8 2
8 25
8 12
7 95
5 45
7 69
7 48
4 13
10 5
10 31
9 18
7 91
5 27
1 38
9 36
7 30
2 67
3 54
8 35
2 15
4 97
2 49
7 41
1 26
6 9
6 74
9 90
5 23
4 32
4 87
4 93
4 44
6 30
4 20
6 6
10 60
9 4
8 47
7 72
6 95
2 77
4 88
8 50
4 48
2 7
2 24
4 39
3 77
3 72
3 55
10 64
3 23
10 87
4 95
3 62
3 13
2 86
10 73
6 89
7 75
2 88
3 49
1 74
9 5
10 6
1 43
1 98
10 63
6 42
10 34
2 6
6 64
1 93
4 69
3 36
5 36
8 30
3 70
1 8
5 39
7 30
4 25
5 54
7 14
10 69
10 87
2 12
4 23
2 88
8 68
10 26
3 87
10 79
3 47
9 27
7 64
5 49
6 3
9 23
10 77
1 72
5 78
1 69
2 3
10 68
2 27
2 92
3 67
9 61
1 69
3 87
4 32
2 47
10 27
3 90
3 99
3 35
10 31
4 100
10 83
10 89
6 25
1 69
5 81
2 77
5 18
2 71
9 38
7 96
6 84
7 98
2 77
9 98
1 38
5 58
9 76
9 3
3 86
10 17
7 96
6 60
8 64
1 83
6 23
10 96
2 2
5 100
3 91
3 81
4 55
3 54
6 86
4 2
3 94
9 13
6 61
6 76
9 42
10 52
10 7
10 62
6 33
2 71
9 73
8 47
1 7
9 8
1 89
6 9
10 65
1 48
4 92
7 98
2 68
2 69
1 73
3 96
2 29
6 79
9 6
8 66
1 81
5 9
2 20
8 82
1 23
2 63
8 64
4 74
9 87
6 43
5 6
4 97
8 58
10 5
1 98
10 68
1 17
9 88
4 36
5 91
9 73
9 73
8 6
9 15
10 1
8 21
2 82
7 60
5 13
9 68
1 47
7 46
1 47
5 42
4 12
10 38
10 33
4 34
1 18
8 23
2 88
2 95
4 48
9 66
3 49
3 57
7 71
6 1
5 35
5 82
8 89
2 33
2 61
7 11
6 92
4 49
10 90
2 86
9 13
1 60
2 78
7 7
1 35
5 71
8 97
1 25
10 35
6 57
1 48
2 15
9 75
6 32
10 17
10 65
10 77
10 100
3 88
6 95
3 50
10 33
4 46
7 66
1 25
8 58
10 38
5 59
5 83
9 22
2 84
3 53
8 15
5 35
2 67
2 79
8 53
10 71
5 88
10 37
10 72
7 96
10 40
2 34
10 42
3 37
1 36
8 33
7 68
9 29
5 51
9 38
7 24
10 52
6 25
7 55
4 80
8 99
3 96
9 36
9 86
3 95
3 67
3 45
5 15
3 46
3 25
10 85
4 66
8 94
10 44
6 95
9 52
6 71
3 44
6 90
6 91
6 86
2 42
5 2
2 62
4 66
3 52
2 58
1 96
6 36
7 45
2 13
9 13
5 32
1 55
9 4
1 3
1 75
6 54
1 59
8 18
7 100
8 11
1 33
8 34
5 29
7 40
10 42
1 91
2 85
7 81
8 68
2 16
8 82
1 94
3 1
7 34
10 26
1 4
5 89
5 43
4 11
3 22
6 78
8 21
3 60
1 14
1 48
8 26
5 51
5 86
8 39
8 72
2 78
4 15
2 70
2 100
6 88
3 93
5 51
3 44
5 35
2 86
10 28
8 59
7 94
5 30
4 53
4 49
3 18
7 2
5 9
8 81
9 85
2 91
5 84
4 36
7 80
1 73
2 19
1 48
9 74
9 42
7 36
7 52
10 44
10 42
1 49
5 93
4 75
1 59
2 82
3 80
6 17
8 60
9 41
6 4
2 21
1 23
3 64
1 23
7 45
7 100
6 22
10 85
3 72
3 97
10 15
9 21
1 39
1 50
2 79
3 29
7 17
9 12
3 59
7 39
9 37
9 47
7 89
2 32
3 45
3 45
1 74
6 59
2 62
5 30
5 72
9 72
8 84
8 76
5 99
10 35
4 80
4 19
2 13
7 100
6 98
10 72
5 68
9 29
3 82
5 82
1 24
10 81
9 32
7 81
4 12
3 33
3 62
8 8
1 67
8 55
7 82
9 96
2 68
3 24
5 3
5 66
2 72
7 39
3 62
6 46
8 49
2 18
4 31
10 6
2 10
3 77
9 59
9 15
2 63
6 36
10 33
7 24
6 68
5 59
1 79
6 84
1 18
1 61
2 55
7 26
3 7
4 43
5 100
9 24
1 24
9 60
10 56
4 73
1 94
10 57
6 5
1 73
6 48
9 3
2 38
5 66
8 9
9 49
2 44
5 43
5 83
10 13
10 51
4 14
9 20
3 76
10 65
1 11
7 26
7 64
1 99
2 24
7 32
6 39
7 37
6 16
6 21
2 59
6 48
9 82
2 10
8 97
8 2
9 64
9 100
9 79
6 24
3 39
6 9
3 56
1 21
5 39
8 17
2 93
1 5
8 5
10 3
10 11
8 42
5 82
8 67
6 21
4 63
6 75
3 99
10 33
5 77
9 96
1 100
10 52
1 72
2 11
5 3
8 99
8 16
8 12
10 23
8 14
10 13
7 56
8 18
3 41
2 41
8 36
9 73
2 19
2 55
9 100
5 7
1 53
9 80
3 38
9 38
5 17
8 47
5 74
5 59
4 53
2 33
8 2
3 41
1 55
5 47
3 93
6 58
4 89
9 73
4 5
6 6
7 88
7 11
9 54
6 18
8 1
9 85
9 86
5 94
2 28
6 36
4 64
6 25
7 42
10 84
3 79
1 75
6 52
9 90
1 42
3 22
5 45
10 85
9 72
6 19
1 70
9 94
5 51
10 27
10 40
9 30
4 50
1 76
10 36
1 84
3 48
6 79
10 52
9 53
1 72
7 45
3 80
1 29
3 33
7 96
7 69
3 37
10 41
1 61
10 70
9 40
4 23
6 1
6 67
6 81
5 6
2 74
10 55
1 77
4 50
1 97
1 83
9 34
1 32
5 75
1 66
