7 83
9 12
9 70
3 33
4 69
3 45
2 58
7 25
3 16
2 70
2 91
8 60
10 38
7 46
9 30
2 3
1 64
5 95
5 8
9 31
6 74
4 72
6 91
1 4
9 14
7 88
6 60
6 47
7 13
9 70
10 41
1 61
6 39
7 17
3 14
9 52
7 73
8 59
6 25
1 62
1 35
6 67
9 75
6 1
5 93
2 100
1 22
9 36
1 55
4 6
6 54
5 90
8 71
4 90
10 27
8 55
6 43
9 23
4 3
5 40
1 17
10 77
6 77
7 83
7 84
1 30
10 95
7 58
8 42
10 25
4 93
4 74
10 89
6 65
3 28
8 94
3 84
3 24
7 47
2 99
2 13
2 69
4 46
7 71
4 95
6 88
8 39
7 96
1 87
7 71
5 43
8 76
8 51
3 8
1 55
4 4
2 16
1 16
6 49
7 58
10 73
8 27
8 70
7 69
8 3
5 3
6 63
5 65
8 59
2 31
9 70
1 30
6 23
5 86
2 52
2 15
4 34
9 3
6 90
10 64
5 67
6 3
9 81
1 26
8 54
10 73
7 35
4 92
1 12
6 30
4 5
1 61
7 25
4 31
4 29
2 50
4 37
2 37
5 88
6 15
5 69
1 16
7 35
6 42
6 81
3 54
2 7
2 37
6 9
1 83
4 58
6 59
4 46
3 88
8 36
3 11
6 84
3 9
8 1
4 62
9 31
6 82
10 11
1 83
8 12
2 91
4 98
7 42
8 26
4 53
10 14
3 27
4 31
1 57
5 13
8 98
7 98
3 76
10 99
6 26
7 24
6 31
10 87
3 100
3 93
10 34
3 77
9 99
10 62
7 83
6 56
4 23
10 82
7 13
4 95
3 7
2 50
2 79
8 33
8 32
4 3
7 17
7 26
1 66
5 81
7 23
8 1
5 40
9 39
10 62
6 98
4 42
8 71
8 68
1 71
6 56
9 48
10 84
8 36
9 73
10 11
2 17
6 80
4 82
8 52
7 46
10 88
4 30
6 21
10 13
9 77
7 21
8 99
7 73
6 59
9 56
10 14
9 5
10 94
3 81
6 87
9 49
2 97
10 72
8 57
6 37
1 7
9 66
4 86
6 79
2 56
7 54
3 80
8 8
9 55
4 84
6 7
6 75
2 43
8 100
6 51
9 62
9 10
1 89
9 55
6 82
3 55
7 16
8 67
3 60
3 1
2 12
5 75
4 96
8 31
10 25
1 74
2 48
4 18
10 95
9 28
8 87
3 34
2 14
7 57
7 43
7 35
4 37
4 88
5 36
1 79
9 68
4 100
5 5
6 94
2 23
3 39
2 76
3 51
9 11
3 87
6 56
5 46
4 70
4 15
10 68
5 94
4 97
10 12
10 54
9 30
5 91
1 25
2 83
7 90
8 96
10 5
4 87
10 12
1 64
8 86
6 95
7 37
10 23
10 61
2 4
7 83
8 12
2 35
7 30
2 22
9 5
7 83
10 36
2 56
2 67
5 46
9 57
9 79
1 39
8 93
9 74
8 68
2 53
7 39
9 63
8 31
1 17
9 65
5 23
7 11
5 14
10 27
9 22
8 45
5 57
8 22
1 44
4 45
10 40
1 82
6 42
10 38
7 37
9 67
7 1
9 96
1 38
3 61
5 94
2 17
3 16
1 69
3 94
3 55
10 18
2 7
7 41
2 14
4 60
3 68
2 65
4 60
6 94
1 8
7 9
1 46
2 21
2 2
4 24
5 53
6 6
8 92
1 25
4 75
4 12
3 42
9 46
2 22
10 92
10 63
1 48
1 97
6 31
2 82
2 6
4 88
1 57
6 96
8 83
2 62
9 10
6 100
2 74
1 34
1 46
3 100
2 81
7 93
3 79
9 26
1 25
4 35
8 7
1 22
8 21
2 23
6 37
7 1
8 61
5 45
7 80
8 17
5 2
4 35
4 61
10 21
8 100
9 15
3 83
6 44
10 93
4 12
10 7
9 42
3 97
7 90
6 99
6 84
8 18
6 45
4 81
4 38
8 35
3 79
8 14
4 96
8 14
6 40
5 45
3 55
1 91
5 62
1 27
1 43
7 33
1 6
2 70
4 21
9 66
6 75
2 24
3 80
8 69
8 12
1 14
1 77
3 56
2 80
2 40
6 11
7 55
2 39
4 85
2 9
1 77
5 64
4 93
1 18
7 60
6 98
3 8
1 54
5 27
4 89
6 29
3 29
4 25
10 91
2 57
1 96
1 12
8 53
1 52
1 3
2 48
10 81
2 100
6 87
8 8
8 27
10 23
5 11
3 33
1 23
1 15
9 16
5 12
10 42
7 1
4 19
3 82
5 74
6 29
9 79
3 27
8 17
8 5
7 54
8 1
10 94
10 39
1 7
9 95
7 56
6 38
5 70
2 57
7 40
10 17
7 80
2 20
1 96
1 16
8 38
7 8
10 84
7 61
2 27
6 7
4 91
9 29
4 84
8 33
1 56
5 29
2 57
1 83
6 26
8 60
9 30
5 26
5 6
4 48
5 21
3 67
9 34
3 50
4 4
3 78
5 97
1 84
7 85
8 97
1 3
5 5
5 48
1 91
10 15
9 49
5 57
6 43
2 69
7 86
7 84
10 56
4 59
8 75
7 14
6 77
5 70
4 78
5 55
3 12
1 48
8 63
6 55
5 19
1 28
5 85
9 2
1 60
2 47
1 62
1 38
8 30
7 63
2 92
4 26
1 31
2 24
5 71
8 83
8 20
5 100
3 51
7 28
4 72
10 12
1 36
7 11
10 6
3 99
4 54
3 58
4 94
10 63
9 41
10 61
8 13
1 25
7 95
9 68
10 30
7 91
2 27
5 51
10 1
3 73
6 29
10 76
4 20
7 66
3 92
2 12
10 41
2 49
10 34
5 11
2 21
9 51
3 80
4 39
7 33
7 77
5 9
4 98
6 13
8 76
9 85
8 38
8 46
9 71
1 88
2 2
8 17
8 1
9 74
10 79
9 7
7 28
9 53
1 37
10 5
5 34
5 88
7 81
4 27
8 80
3 68
7 55
10 14
10 75
2 11
9 71
6 76
8 42
8 94
2 29
4 60
8 71
3 36
7 59
1 60
7 6
7 31
3 7
7 89
7 16
2 47
7 63
5 43
5 37
10 88
3 38
3 27
5 7
9 34
1 98
2 94
10 9
5 29
1 18
9 64
9 17
10 92
2 22
9 28
2 79
5 43
9 20
10 44
10 71
3 66
2 87
7 31
6 12
7 33
5 43
8 5
2 44
9 44
7 70
4 47
6 64
1 2
7 91
7 1
5 27
6 23
3 14
4 89
6 87
1 4
5 60
7 7
4 69
5 59
2 94
2 32
10 19
4 93
10 98
6 53
3 37
3 2
4 39
7 99
8 50
4 13
2 20
5 78
9 23
1 51
9 65
8 4
2 60
8 82
6 31
10 76
4 67
6 71
5 46
3 85
7 30
5 53
8 50
10 50
8 90
10 10
9 52
2 25
5 28
1 3
9 40
1 46
1 81
5 49
3 79
7 35
9 3
5 12
5 80
4 47
2 87
2 20
4 72
3 21
7 94
8 76
8 15
3 48
10 30
9 65
5 66
3 41
10 72
4 82
2 76
6 26
3 49
1 46
5 39
8 83
8 35
9 71
10 46
5 52
5 82
5 71
8 50
5 96
6 85
2 38
5 47
2 69
2 20
4 52
4 66
8 63
2 46
5 90
1 2
6 36
1 98
8 38
5 49
1 86
7 19
5 85
7 93
8 14
9 53
6 50
6 41
8 89
7 47
7 61
1 51
10 71
2 33
8 55
9 93
8 21
10 45
5 46
3 50
2 68
3 51
3 31
7 24
9 41
7 67
7 45
1 81
5 33
9 3
1 53
7 95
5 44
1 39
8 50
6 62
10 23
2 27
3 32
8 63
6 12
6 5
5 98
2 28
6 2
1 73
8 10
3 8
8 59
1 66
7 21
4 49
4 96
7 8
9 77
2 77
2 77
4 2
8 60
5 4
1 42
2 99
6 44
9 2
10 82
3 30
6 70
3 11
10 29
4 3
4 41
8 20
2 39
7 17
7 78
6 21
8 82
8 7
7 7
4 46
1 82
3 93
4 22
8 71
8 59
1 59
1 69
9 94
10 12
5 18
6 81
4 10
10 60
3 11
7 72
10 48
9 85
10 81
2 21
6 7
6 91
2 88
4 48
4 53
7 88
8 34
6 25
5 69
2 70
9 27
5 7
6 92
3 45
6 50
2 43
2 17
2 4
3 87
7 23
8 11
10 13
2 60
4 37
8 76
6 47
2 30
2 4
10 54
9 13
5 31
1 55
3 39
8 58
2 19
1 6
2 81
10 8
1 29
8 34
7 76
6 71
10 44
1 22
3 41
10 77
3 92
8 29
1 79
1 73
9 96
7 81
3 28
4 90
3 96
2 95
3 14
3 15
7 38
10 78
3 87
5 49
8 38
3 99
