3 85
1 66
5 81
5 79
10 42
10 42
4 50
1 16
3 65
7 48
10 52
7 59
3 48
9 84
5 62
5 45
7 14
9 6
7 32
10 4
3 99
2 54
1 1
1 23
6 96
9 25
1 4
6 91
8 85
6 4
4 72
7 29
2 47
5 72
4 30
1 44
5 30
3 26
9 40
9 90
8 5
6 67
9 33
7 35
6 34
3 42
4 37
10 82
1 21
10 58
9 12
4 85
3 54
7 75
2 11
9 66
6 89
6 17
2 80
1 18
4 3
8 99
5 29
2 52
5 56
2 95
9 33
6 36
6 77
8 8
2 72
10 98
8 88
9 85
7 41
6 82
5 24
8 97
3 22
6 34
5 44
5 7
8 34
7 25
8 73
7 57
8 100
5 20
9 34
1 62
10 82
8 60
8 89
9 82
4 71
7 29
10 37
2 6
7 97
10 47
10 11
4 70
3 49
8 57
10 23
5 41
5 57
6 35
7 46
3 24
2 77
10 1
7 23
7 76
7 9
10 87
2 39
5 67
10 54
5 28
4 87
1 56
4 90
9 21
4 14
5 9
7 42
3 9
8 33
2 38
2 31
9 64
1 77
9 96
6 16
9 98
8 45
8 37
1 84
4 83
4 23
1 96
5 18
8 50
6 21
5 39
10 6
10 100
6 25
3 6
7 26
5 71
9 51
7 86
6 79
1 81
6 71
4 33
4 59
9 64
9 6
10 66
1 11
5 25
9 11
1 68
1 33
7 38
6 19
1 45
1 20
2 46
1 4
2 68
4 64
5 82
6 63
10 53
3 92
4 95
1 7
1 22
2 59
9 88
8 59
9 65
6 2
8 95
6 4
9 10
5 38
5 29
7 25
2 35
4 12
7 95
6 61
8 16
6 23
6 89
10 13
6 50
9 70
2 11
5 12
8 73
1 51
4 32
9 9
7 9
6 56
2 25
4 12
2 58
5 95
3 48
9 74
4 53
6 11
3 75
2 68
7 87
7 35
7 44
1 33
8 61
3 15
9 53
4 42
3 36
4 23
1 50
10 62
7 56
5 57
1 51
8 56
1 79
9 49
8 93
8 94
9 69
3 34
3 22
1 57
10 39
7 23
6 7
9 97
4 97
2 1
10 27
4 92
3 81
4 1
1 11
9 76
6 83
3 16
9 100
8 94
8 29
5 56
6 50
5 67
10 71
7 46
3 74
5 4
7 5
9 92
4 65
9 91
4 41
5 5
6 85
8 30
7 92
1 70
6 80
4 32
5 98
5 29
6 88
5 67
7 92
4 45
4 8
3 82
1 2
2 38
6 15
6 95
3 79
5 11
5 57
1 52
9 94
6 33
8 63
3 67
9 68
10 28
2 39
4 23
1 11
8 90
3 75
9 98
5 18
9 21
1 92
10 30
8 75
7 18
10 97
6 74
6 55
10 6
1 71
3 17
9 42
2 26
5 40
10 3
1 22
3 84
6 98
6 68
7 10
9 93
6 67
9 50
1 12
2 78
9 20
1 99
9 73
8 21
7 71
8 18
10 73
4 83
10 75
2 80
1 45
4 1
7 8
2 57
10 79
6 5
10 42
7 95
9 74
4 91
10 48
6 38
10 49
9 82
3 50
1 32
6 2
1 99
7 49
5 60
9 76
4 58
10 96
5 59
8 43
10 13
1 90
3 57
7 20
9 30
7 28
9 22
6 20
3 6
3 90
7 19
9 79
2 82
7 14
2 52
9 47
4 22
1 78
7 58
8 100
9 46
3 25
6 59
8 87
6 90
7 10
5 34
6 13
5 3
1 78
10 74
5 66
3 71
2 72
9 44
4 48
9 51
10 8
3 15
7 11
10 20
6 58
6 25
6 25
6 20
5 66
2 37
7 88
9 59
10 63
7 8
7 48
9 72
5 38
1 22
1 89
5 67
1 14
7 68
10 18
3 78
5 99
10 65
8 54
10 74
3 16
3 11
1 81
1 5
8 58
8 20
2 51
7 8
10 45
3 67
9 14
8 76
2 72
3 10
5 11
10 17
10 31
2 71
5 5
8 15
5 26
2 65
6 3
2 38
6 28
7 73
9 84
1 23
1 22
1 96
5 14
8 12
8 55
4 61
3 70
7 2
10 12
2 53
6 68
8 85
1 71
9 48
4 97
7 9
8 17
6 50
9 37
2 5
2 29
3 5
2 95
4 88
2 28
1 23
1 98
10 82
3 85
1 78
3 99
4 81
7 68
3 98
2 19
6 38
4 1
8 95
8 100
4 87
10 15
10 41
3 89
3 28
1 27
4 69
2 8
10 40
5 36
1 38
6 85
10 15
8 90
2 99
7 21
1 31
5 85
9 29
10 93
9 28
10 37
10 7
6 22
6 33
9 57
7 44
2 5
2 43
8 49
10 44
4 38
1 39
1 98
7 88
9 43
3 65
9 78
8 89
6 23
10 17
10 38
6 86
8 61
9 54
4 70
9 44
5 72
10 39
4 49
6 51
10 1
7 88
2 95
10 19
5 66
5 83
2 48
1 1
2 11
3 29
8 60
10 86
3 69
5 31
10 10
9 24
9 25
10 56
3 16
5 37
4 80
1 87
7 87
9 97
5 69
5 83
1 56
6 73
5 71
8 9
1 55
6 20
7 26
2 65
5 68
1 99
4 95
8 34
8 6
10 78
1 18
6 40
7 78
6 38
7 21
6 62
3 90
10 83
1 84
8 68
1 92
7 45
10 92
6 91
8 46
10 64
5 42
4 53
7 25
3 46
7 43
5 96
9 48
2 45
7 75
2 56
4 15
2 71
3 76
1 43
5 30
6 55
4 50
4 46
4 30
7 7
5 22
1 82
1 12
9 25
1 16
6 25
6 39
7 36
6 50
3 65
3 32
9 7
9 64
1 77
10 72
1 62
4 44
9 21
8 43
2 17
4 29
2 84
1 61
1 74
9 54
6 61
10 86
10 47
9 94
9 68
4 37
7 55
1 55
7 96
9 21
10 60
6 64
4 16
8 32
1 87
1 16
2 52
4 80
5 5
7 79
4 95
4 50
2 30
6 5
10 68
10 17
10 1
6 40
4 42
6 34
2 97
1 88
2 81
3 51
5 71
3 71
8 97
4 82
2 18
1 36
8 79
8 76
7 13
7 49
6 53
9 44
5 34
4 91
4 81
8 83
9 43
7 86
1 58
8 15
4 1
10 87
9 8
7 94
8 61
10 27
10 78
1 94
7 71
2 39
1 43
4 88
4 75
5 84
6 99
6 38
9 14
8 50
3 49
7 99
6 99
6 38
10 16
7 19
5 60
7 86
3 7
3 77
2 80
5 77
8 87
6 46
4 64
2 98
3 70
8 74
8 80
10 35
2 71
2 95
10 45
3 35
6 6
7 59
3 86
7 70
1 7
5 16
2 65
8 97
3 95
6 87
10 60
8 53
10 40
10 52
8 38
2 74
3 67
6 97
2 25
3 66
8 66
10 64
10 3
3 21
2 1
1 72
1 99
8 63
5 2
10 56
8 87
9 87
10 83
8 68
4 61
2 65
2 44
2 30
9 43
3 9
7 40
10 47
5 93
6 7
1 74
5 48
6 27
4 79
8 33
1 52
6 66
2 27
1 78
1 81
8 13
8 61
8 94
8 44
7 86
4 9
9 47
7 79
3 92
6 76
4 82
10 61
5 7
1 76
6 95
3 98
10 17
3 13
8 42
2 81
3 89
4 47
5 1
3 18
5 100
5 96
2 4
3 50
10 26
10 16
5 32
10 92
6 39
10 93
2 93
2 39
8 28
8 54
6 65
3 49
7 17
5 42
4 18
3 28
4 17
9 36
3 60
1 40
5 71
8 25
8 69
2 89
1 25
9 15
2 22
5 71
6 17
9 18
8 33
1 38
5 74
10 86
10 19
7 90
6 21
9 42
4 81
7 1
3 77
7 41
1 77
7 34
5 41
3 52
4 88
1 41
1 59
5 44
5 38
7 21
4 72
9 55
10 94
5 84
1 25
6 4
9 89
9 83
1 61
10 72
4 88
10 69
5 1
4 81
8 60
6 46
5 46
7 44
10 63
5 98
10 87
10 92
3 82
7 53
5 53
9 11
10 99
1 85
7 28
7 89
5 26
8 53
2 69
6 97
3 85
6 74
1 28
2 13
4 81
2 46
2 61
10 76
5 12
6 62
10 56
9 65
8 91
1 45
7 71
4 6
2 35
6 93
1 8
7 95
4 45
6 58
3 17
7 50
4 12
5 8
6 77
10 75
7 51
9 67
7 42
5 27
3 70
8 47
1 79
3 11
3 7
6 87
7 89
2 99
1 2
7 31
10 47
4 1
6 87
9 35
10 59
2 53
7 88
8 63
10 13
5 60
4 54
7 71
3 84
10 70
5 55
5 30
10 34
9 62
5 14
6 96
7 10
7 27
7 56
1 22
7 21
1 73
4 43
7 90
8 100
1 40
9 50
7 33
7 49
6 9
9 21
9 43
3 71
2 92
7 3
3 27
