1 67
8 10
3 82
3 23
9 79
6 66
9 28
2 50
6 65
10 92
10 61
10 1
3 36
2 20
8 27
7 44
6 100
1 31
3 95
2 98
1 36
5 65
2 82
5 15
1 57
8 21
4 30
5 92
4 41
8 73
3 55
8 84
7 89
4 32
9 92
10 14
9 88
1 5
2 61
10 99
2 73
7 55
8 28
2 47
5 100
4 88
7 14
8 4
5 59
3 76
4 92
5 32
5 17
7 93
3 48
1 62
7 11
5 50
9 11
6 53
10 92
7 97
2 54
10 33
6 70
6 51
6 11
9 32
7 61
7 17
5 64
7 43
3 76
8 14
7 4
10 67
1 88
7 77
6 2
3 3
6 46
1 61
6 54
5 53
6 82
9 69
4 99
3 94
9 39
5 99
9 74
3 96
7 96
10 90
1 87
1 66
8 7
6 14
5 24
10 16
9 1
5 49
2 20
10 97
6 62
2 10
7 37
5 54
8 63
9 30
5 23
9 65
7 52
10 19
9 90
8 48
3 26
8 65
5 48
10 26
3 28
6 25
7 42
10 95
6 19
6 52
6 6
1 17
8 99
3 75
10 83
7 7
10 61
4 50
1 74
5 22
3 48
6 34
1 40
3 67
9 66
6 12
4 22
4 58
1 62
9 29
6 100
2 78
1 86
4 27
9 67
7 8
1 24
1 44
1 16
5 83
9 10
5 39
9 62
8 3
1 91
9 71
3 68
8 84
8 93
1 95
7 45
2 5
8 14
2 39
1 21
2 23
3 89
5 67
7 43
2 69
9 56
10 36
3 99
8 79
5 73
8 68
10 31
6 5
1 95
10 27
7 12
4 63
3 44
9 54
5 7
1 47
4 86
8 13
8 86
2 36
5 16
2 74
10 54
8 23
3 44
3 76
1 100
8 90
3 47
2 3
9 58
3 7
2 14
7 56
6 80
10 30
4 68
2 3
5 73
2 80
3 71
7 83
4 85
5 97
2 94
10 17
4 23
9 42
1 2
7 91
3 70
3 63
10 87
2 88
10 9
3 96
1 93
9 94
6 68
5 55
9 81
9 23
9 26
7 99
10 47
5 81
2 7
4 28
4 79
6 62
1 9
8 82
6 26
6 59
8 96
7 21
1 40
2 22
4 4
4 92
6 64
2 37
7 7
1 76
1 97
7 12
7 93
3 23
10 50
10 81
6 86
8 79
4 2
9 87
10 8
10 10
10 35
2 5
7 3
2 21
6 9
6 94
7 6
10 19
10 76
3 44
4 13
6 92
9 17
6 27
10 46
5 60
7 43
9 61
6 94
5 28
2 63
3 64
9 99
2 69
2 34
1 1
5 5
5 13
6 63
4 16
2 43
1 31
1 24
2 7
3 25
2 16
4 51
4 14
5 37
6 14
5 10
5 18
1 95
10 6
7 6
6 52
6 14
4 31
10 61
4 81
2 11
9 34
1 1
3 53
3 79
8 18
6 78
6 9
1 2
4 59
3 92
2 26
2 36
8 64
5 35
3 49
5 12
1 90
1 61
7 75
1 77
7 4
10 4
8 57
10 15
9 71
2 98
2 78
8 4
7 89
3 11
5 29
10 41
9 23
5 47
9 58
3 48
10 89
10 97
9 61
8 69
8 18
10 20
1 13
10 63
3 31
3 47
6 80
4 5
9 66
3 86
1 97
7 75
5 20
1 14
8 11
7 88
4 62
6 14
7 81
8 35
4 49
1 92
1 30
3 13
5 47
6 96
5 64
3 27
8 11
10 9
6 7
3 73
9 77
9 8
2 8
6 31
1 88
6 30
9 24
2 52
3 49
8 75
10 11
1 39
8 64
2 83
7 3
2 51
9 7
2 46
4 53
4 88
4 60
6 89
8 60
3 14
9 93
2 56
9 11
8 47
2 15
10 12
1 17
10 23
1 74
4 40
5 36
9 61
4 68
4 93
6 88
7 12
1 83
4 64
4 62
5 64
2 61
9 59
8 7
5 20
10 80
1 50
9 97
8 71
4 65
6 6
6 98
6 93
4 22
8 65
3 98
10 93
7 42
8 90
7 59
9 59
8 25
2 23
4 100
7 76
4 7
7 47
1 88
3 38
5 55
7 12
10 22
2 7
2 62
10 64
5 84
6 50
4 43
9 13
2 97
5 35
9 77
8 94
7 85
6 2
2 62
5 4
6 22
7 17
9 92
10 16
10 46
5 32
5 4
9 14
5 69
4 49
5 12
8 37
2 34
5 46
3 34
6 79
10 30
1 39
4 25
10 88
8 94
4 14
7 24
1 67
7 83
2 5
8 64
10 82
10 77
10 72
9 64
5 4
6 46
7 6
4 72
7 30
3 46
2 78
6 89
1 84
2 75
10 76
4 80
7 67
10 28
8 31
5 48
7 79
4 27
9 33
2 30
5 99
10 80
1 84
1 1
10 85
9 53
8 37
9 1
10 69
3 29
7 84
8 21
10 83
7 67
8 29
10 71
1 11
6 39
4 75
5 28
8 78
2 25
1 92
3 67
6 60
9 66
6 6
6 92
2 62
9 12
6 5
3 55
7 98
5 35
5 91
10 71
5 75
3 87
7 62
3 81
8 24
2 38
8 22
1 57
10 18
2 5
9 26
6 69
6 88
10 56
6 81
6 62
10 4
7 92
4 74
2 92
6 17
2 21
7 50
8 83
6 72
2 14
9 18
9 97
7 1
9 46
8 80
6 85
2 85
2 42
4 21
9 36
3 75
4 44
4 61
10 59
8 20
7 51
8 76
8 1
3 45
8 81
1 24
9 3
6 13
6 91
3 78
8 40
7 89
1 17
10 64
7 52
3 46
5 13
10 5
2 35
9 35
6 34
10 42
4 37
1 34
7 78
9 85
7 81
7 9
3 98
9 2
9 99
3 66
8 26
7 68
10 84
8 33
1 92
1 66
5 90
4 14
5 83
3 19
2 26
7 22
6 86
7 52
7 12
1 36
6 44
4 90
10 23
5 81
2 82
2 46
4 8
10 51
8 91
7 11
6 9
6 99
1 89
4 25
8 95
1 64
9 62
5 93
6 57
3 17
8 87
9 13
8 48
6 87
7 92
4 38
10 35
10 93
7 19
10 93
5 79
2 38
5 88
1 40
7 26
5 47
6 40
2 96
6 57
9 59
4 52
10 99
1 51
10 29
2 28
2 13
2 41
8 1
6 26
10 28
2 37
2 20
3 70
2 53
9 57
4 7
5 86
9 94
7 7
10 41
4 96
7 48
3 68
2 95
7 4
4 68
5 87
7 92
4 86
7 40
1 21
10 51
7 77
6 8
10 4
1 86
4 20
5 22
5 9
1 86
4 83
8 25
5 80
10 23
4 38
8 51
2 36
9 47
2 4
3 16
6 42
2 24
2 15
4 68
9 32
10 44
7 2
2 46
1 43
4 69
10 100
5 96
8 83
2 3
8 88
5 43
9 20
4 79
2 57
4 78
1 5
8 23
1 96
5 47
3 5
5 2
7 43
4 51
6 2
7 74
10 70
5 76
3 22
2 22
5 38
6 71
5 95
4 100
9 27
2 89
2 14
4 30
8 7
8 91
1 1
9 66
7 99
5 52
1 46
7 91
10 14
10 79
9 35
1 23
7 55
3 47
4 49
3 49
1 4
9 48
4 19
4 21
1 49
9 97
2 46
6 73
1 9
4 10
5 52
10 24
1 82
4 50
1 91
7 82
4 71
4 11
10 49
7 13
4 10
7 30
6 47
4 71
6 28
1 9
3 35
8 67
7 9
3 81
7 48
3 19
1 98
10 27
9 22
1 64
7 33
4 64
9 64
8 95
6 65
7 96
4 36
9 79
8 33
10 20
10 59
4 26
3 63
3 17
3 27
3 43
5 70
3 94
8 78
2 23
3 62
7 22
7 26
4 26
1 21
9 44
10 21
5 4
1 93
2 92
4 12
7 62
4 18
1 61
6 89
3 4
6 78
5 87
8 90
3 87
8 89
2 52
8 50
9 41
8 80
4 17
9 16
5 65
10 91
9 15
6 13
3 14
9 9
7 28
1 12
5 57
7 25
9 25
9 41
3 89
7 64
1 34
3 88
8 68
8 15
5 47
8 61
3 9
2 56
3 20
6 59
2 37
7 49
8 38
7 43
6 92
9 38
3 50
5 20
7 79
10 37
3 18
2 5
9 41
6 37
7 47
7 4
1 100
9 49
6 15
10 67
3 94
4 60
10 2
2 27
10 90
6 13
1 23
5 31
6 54
7 34
5 94
8 43
10 36
3 6
8 97
6 98
5 39
1 24
6 52
8 98
5 72
1 15
10 31
6 89
3 12
2 6
9 84
8 51
2 42
1 54
6 31
5 60
1 63
10 77
6 24
1 89
9 19
2 3
8 77
3 55
7 38
6 73
7 66
2 49
1 86
1 63
9 90
5 29
10 17
5 3
5 1
3 75
7 81
5 33
4 65
4 63
10 46
3 47
6 43
10 85
4 48
4 80
3 57
1 92
