10 94
10 67
8 79
4 49
3 79
3 59
8 47
9 94
4 64
4 77
8 39
8 35
4 43
4 77
7 13
3 29
5 85
5 78
9 72
3 78
1 42
10 78
3 64
1 8
3 16
2 64
6 32
3 33
6 32
2 62
5 75
7 53
10 86
7 64
5 69
2 65
9 91
2 1
7 41
9 32
1 10
1 83
2 26
8 62
4 21
3 89
3 43
3 90
1 47
4 78
4 77
3 26
7 1
6 4
2 70
5 31
1 91
6 23
10 85
7 59
9 22
9 54
8 90
1 12
9 29
1 42
5 5
1 28
8 82
2 72
3 71
8 9
2 31
3 57
2 30
2 3
6 19
8 25
4 35
9 79
5 40
3 50
1 64
1 40
10 100
4 99
2 41
3 85
9 10
10 92
4 16
7 63
6 75
1 98
6 59
9 90
4 4
9 73
2 74
7 81
1 20
5 23
6 76
4 32
8 12
4 52
3 48
4 67
9 52
2 81
8 21
6 34
3 100
6 59
5 96
6 12
6 50
4 39
8 66
5 30
10 36
5 45
3 65
10 55
8 5
1 39
6 62
9 6
5 38
5 100
3 65
2 73
10 6
9 51
2 73
9 10
4 20
4 39
1 3
6 70
2 37
3 19
2 88
9 35
9 41
5 37
2 62
10 11
1 4
2 63
6 13
5 13
1 19
9 47
5 55
8 17
6 38
5 36
9 86
6 77
3 80
7 76
5 26
3 48
2 52
7 36
10 37
1 35
5 56
4 87
10 28
4 11
8 22
1 40
10 33
8 56
1 13
6 59
6 17
1 49
3 2
7 100
6 97
8 19
7 48
4 5
10 15
8 57
8 18
5 7
2 88
8 91
2 6
2 21
1 52
6 29
9 53
9 37
8 34
5 10
5 60
10 56
9 11
4 3
5 82
6 79
2 8
5 6
2 84
2 78
4 50
1 58
3 27
5 46
10 39
10 51
6 14
2 56
3 40
2 80
4 34
8 57
4 75
6 87
1 11
2 34
5 68
5 40
8 74
9 51
4 77
1 76
3 31
2 1
8 43
1 73
8 14
3 46
6 32
5 60
2 75
8 73
6 5
10 25
4 24
10 96
6 3
5 6
1 51
3 48
4 43
2 66
6 54
9 65
10 16
2 18
5 36
7 24
3 37
3 63
10 51
1 98
5 25
7 44
1 66
1 99
5 53
9 26
9 18
8 2
9 26
10 32
1 58
4 57
4 9
4 50
7 88
10 67
10 80
9 28
3 56
1 36
9 48
4 10
10 21
7 17
2 27
4 99
3 1
7 2
9 32
8 28
4 59
5 89
5 72
10 7
6 4
3 22
4 28
7 10
3 13
7 82
5 42
8 75
6 16
2 50
10 27
10 3
9 56
8 51
7 55
1 9
10 16
3 57
1 2
4 25
6 72
1 78
3 63
2 43
7 37
4 29
5 1
2 99
6 87
4 41
4 71
4 1
6 42
10 81
1 10
3 8
4 88
6 79
10 75
9 80
3 74
1 59
3 71
9 54
2 64
6 51
1 16
1 20
3 44
10 94
10 58
7 11
1 47
4 99
4 89
8 90
9 9
6 89
8 71
5 98
10 23
10 33
8 89
7 29
2 92
4 93
5 4
6 85
2 2
5 5
6 25
8 96
10 36
7 37
3 16
10 7
7 19
4 24
8 38
9 85
5 91
7 20
1 56
9 35
3 41
10 61
4 28
1 7
9 68
4 9
10 91
3 54
2 10
7 74
1 67
1 8
1 77
9 37
10 1
3 44
1 4
1 95
1 22
9 67
1 77
6 80
10 95
9 55
5 26
7 81
3 26
10 89
5 6
6 47
5 75
8 22
4 91
8 67
3 29
7 7
3 95
7 10
5 13
3 2
6 9
8 96
4 52
8 66
10 78
10 94
4 99
7 55
3 10
10 94
10 64
2 64
6 66
2 51
2 91
9 94
6 45
5 63
8 67
3 20
3 13
4 82
7 100
10 7
5 89
3 51
10 20
6 13
9 38
3 3
2 52
1 16
4 75
9 50
9 14
1 10
9 87
9 40
6 10
6 83
5 47
7 89
5 27
3 52
4 31
8 27
9 45
8 96
1 35
6 62
3 50
8 62
10 52
7 66
9 46
8 51
4 58
4 42
1 61
9 55
10 68
7 5
9 93
1 25
1 41
10 21
4 70
4 53
10 83
10 94
2 12
3 47
5 56
2 66
2 20
8 46
9 51
8 75
2 33
3 48
3 37
10 65
6 99
1 6
5 34
4 51
9 90
8 26
7 86
7 55
1 71
2 62
10 98
5 24
6 88
10 28
5 83
5 93
4 23
1 6
5 63
8 1
2 11
1 21
9 61
4 18
2 23
4 55
7 11
8 32
7 46
10 58
5 42
3 69
8 13
6 17
9 7
9 100
1 84
4 99
4 79
3 84
6 54
5 81
9 20
7 88
3 72
4 26
8 68
4 45
5 3
1 78
6 43
9 53
8 87
1 53
3 93
10 28
3 16
5 19
9 2
2 18
9 97
10 60
10 52
1 82
9 17
2 22
1 81
4 6
7 55
1 47
5 11
6 62
4 60
10 94
4 37
3 12
2 89
5 71
5 37
6 90
1 91
4 85
1 62
9 85
6 77
10 21
10 93
3 54
9 34
10 61
5 61
2 16
4 17
8 96
2 76
7 67
1 90
6 58
3 70
1 65
4 40
9 58
5 54
7 72
5 67
9 58
5 82
4 4
6 97
1 18
2 1
3 100
10 30
4 46
3 60
6 86
9 37
5 3
4 4
7 84
7 38
9 58
5 44
1 79
9 44
7 2
8 5
3 77
1 37
6 25
2 46
8 60
4 19
6 75
8 22
4 47
7 83
9 4
4 78
3 50
5 2
10 48
9 78
7 62
4 73
7 50
3 7
1 63
5 58
4 7
9 47
6 100
6 35
9 78
5 82
9 83
9 35
1 63
8 45
1 11
5 38
8 10
1 2
4 67
3 67
8 79
10 100
5 98
1 53
10 57
1 70
3 43
9 36
9 52
2 69
1 76
8 75
5 29
4 1
2 73
2 5
1 42
4 98
8 51
10 74
1 64
1 48
7 99
5 45
10 23
9 60
8 34
7 92
1 22
6 82
5 64
3 21
1 93
10 23
2 87
7 25
10 92
6 22
7 58
5 41
2 71
8 33
7 4
2 6
5 6
2 30
3 20
7 54
5 96
9 28
5 96
9 39
2 41
1 73
7 84
5 56
8 10
9 31
6 6
3 100
3 40
9 70
7 5
8 45
10 58
4 89
3 83
9 90
2 94
6 21
1 93
7 43
9 53
3 64
1 28
8 23
4 38
2 40
6 59
6 48
2 84
2 6
5 53
9 25
2 41
6 42
3 69
3 21
3 27
10 26
1 18
5 38
8 14
6 45
8 14
1 34
7 50
8 47
9 9
5 73
8 35
8 96
4 17
1 22
1 30
5 58
7 68
9 17
7 92
2 68
7 15
1 24
10 19
1 28
5 71
7 5
7 79
7 87
7 79
7 35
5 50
10 85
3 11
5 45
8 97
1 95
9 77
8 100
4 28
6 100
10 79
4 50
7 55
3 47
5 49
7 71
10 45
5 73
9 81
5 94
2 61
5 49
1 68
10 90
7 21
6 77
9 45
6 78
3 43
9 52
7 94
5 95
5 97
1 55
3 28
4 86
2 72
6 98
6 60
4 93
4 89
7 5
4 6
2 52
4 25
3 45
6 18
1 26
6 42
6 95
8 47
10 7
4 69
9 61
8 41
5 69
7 17
5 82
3 64
8 65
8 59
4 16
2 93
9 96
2 50
4 16
7 54
10 17
6 97
10 51
1 35
5 23
1 33
9 62
8 29
5 68
4 81
1 27
10 24
9 2
9 86
10 40
2 90
10 59
9 99
8 5
4 10
3 6
3 24
7 14
6 60
3 78
4 49
1 87
6 93
2 72
1 93
7 82
3 9
1 13
2 68
1 93
1 15
1 2
1 39
2 30
6 89
8 26
1 93
1 28
4 70
4 60
1 73
7 49
7 97
1 12
7 40
4 88
8 25
4 92
9 70
1 58
4 68
10 40
4 65
1 43
5 66
10 60
10 15
2 99
8 41
6 19
7 43
5 2
8 4
6 43
2 12
2 98
4 77
1 61
1 3
9 1
5 1
7 12
7 63
7 2
2 1
2 10
7 36
9 71
6 36
2 88
7 62
10 86
1 65
1 88
10 88
10 97
3 7
1 63
6 72
2 75
8 57
1 94
3 15
7 31
4 61
10 22
4 36
5 25
8 47
2 30
4 59
4 66
8 9
7 1
5 27
7 46
7 89
7 74
1 98
10 26
10 92
6 78
4 25
2 5
9 94
4 62
4 26
3 80
6 21
2 51
1 67
3 56
5 45
2 35
4 71
1 51
9 79
10 51
7 86
8 77
10 76
1 48
2 62
6 19
9 45
6 44
3 54
4 87
6 2
10 88
7 87
