10 57
2 87
6 17
5 44
4 96
10 38
3 26
1 85
6 18
3 88
7 1
1 34
2 13
8 1
1 55
5 27
7 6
4 68
5 89
9 71
7 60
7 63
10 30
4 53
7 59
5 61
7 65
9 27
4 85
2 9
9 38
6 75
8 77
3 26
5 71
4 1
8 96
6 58
5 56
9 46
3 73
2 65
7 73
10 81
6 94
2 1
6 77
2 25
9 79
9 17
7 75
8 19
4 4
6 83
6 41
4 79
6 48
6 20
3 1
9 28
6 50
8 85
4 96
10 62
5 64
2 17
9 87
3 21
10 75
8 67
2 32
5 29
4 24
3 90
6 4
2 37
5 71
6 29
3 20
6 22
7 32
3 14
5 1
10 91
8 51
1 72
5 46
9 11
6 1
6 23
8 86
9 32
6 38
8 1
9 100
6 68
2 18
9 13
9 65
8 8
2 11
2 68
4 22
1 71
8 51
2 48
3 12
7 29
2 99
7 85
2 73
5 97
3 12
2 60
9 22
5 29
7 26
7 30
7 4
5 55
9 65
3 64
5 9
5 87
1 6
4 26
4 42
6 73
3 73
6 33
5 20
4 6
2 46
9 10
1 9
8 19
7 77
6 42
10 6
10 83
8 71
7 67
5 28
3 35
3 28
3 35
3 56
6 22
10 29
1 81
8 76
9 20
7 65
5 36
4 30
10 96
10 66
4 19
1 90
2 69
6 66
6 82
1 49
3 38
6 24
6 45
2 14
6 14
9 66
6 13
1 65
7 24
8 51
9 64
9 28
2 64
1 60
2 58
3 92
8 29
8 43
1 24
7 70
9 45
10 41
10 38
3 40
4 44
4 81
5 86
3 55
4 43
7 88
1 91
3 72
1 96
2 18
1 57
8 45
9 36
8 32
3 49
2 78
5 35
9 14
5 87
6 30
7 20
1 39
5 90
1 45
10 7
7 33
7 87
7 25
9 4
7 84
10 8
1 99
7 3
3 12
7 52
10 33
9 11
7 49
1 49
7 64
1 69
4 60
6 1
7 33
5 60
2 61
1 25
3 16
3 45
5 20
4 30
4 5
10 58
8 90
2 66
9 48
6 52
4 79
3 4
6 78
6 10
10 3
2 58
8 21
7 24
8 91
4 100
8 2
7 35
2 38
2 20
8 25
5 45
1 58
10 53
9 66
1 23
8 57
10 54
9 1
2 5
3 67
7 82
9 35
9 58
4 80
1 79
10 68
7 51
6 4
8 89
4 77
10 6
5 85
4 94
10 72
4 72
5 77
4 24
8 80
10 61
8 70
9 4
6 41
1 12
2 3
9 34
5 50
9 1
9 38
4 92
2 78
4 97
2 29
3 22
1 97
6 42
1 95
1 33
7 79
5 57
2 33
5 38
2 29
9 77
4 27
10 2
9 48
9 99
8 22
5 77
2 51
3 33
4 74
10 20
3 62
5 41
4 7
3 20
5 59
5 57
3 46
3 62
10 86
1 42
8 6
8 35
3 22
7 7
4 100
8 51
9 55
1 1
6 38
3 40
8 71
7 30
9 37
3 10
1 51
8 40
4 52
10 10
10 60
4 44
2 6
9 8
6 65
7 17
3 96
2 99
1 81
6 100
1 73
1 37
10 95
9 83
8 27
8 97
9 60
1 32
3 94
2 62
10 8
7 12
1 78
1 39
2 6
2 26
3 78
7 99
5 22
9 23
7 41
3 48
4 99
5 78
4 21
4 26
9 33
6 87
6 4
10 54
5 37
1 94
4 52
7 88
6 98
10 62
7 72
9 63
10 11
5 23
10 7
3 22
5 27
1 86
8 21
7 71
5 7
9 29
8 47
4 37
9 4
5 42
1 78
8 43
6 76
10 39
2 52
7 68
6 3
10 24
5 95
8 98
5 3
4 94
4 99
4 49
4 30
2 84
6 1
9 78
2 73
5 93
9 16
4 74
10 20
7 34
4 1
4 11
3 6
6 71
6 100
8 59
1 55
2 23
5 74
4 78
9 34
3 54
4 14
3 54
1 74
2 44
5 2
3 34
6 59
6 88
5 85
3 25
4 76
10 72
2 53
1 86
1 87
10 93
6 76
9 11
10 82
3 37
6 28
10 79
10 82
1 75
4 52
5 82
8 24
8 94
3 86
1 62
9 49
3 47
8 12
4 73
10 19
8 94
8 53
4 55
4 76
2 6
2 3
2 43
7 75
7 99
5 5
5 18
3 68
5 12
8 56
6 5
3 22
2 59
7 6
10 61
8 40
9 41
10 72
6 14
6 98
7 69
5 13
7 30
10 63
6 60
5 6
2 29
10 82
9 51
6 40
5 89
5 51
6 34
9 61
2 89
1 48
10 20
2 88
9 31
8 18
2 78
9 43
4 27
5 52
10 31
7 77
4 95
9 4
10 99
2 67
7 82
5 2
3 30
3 40
6 83
7 58
1 39
2 51
8 74
3 51
10 31
1 22
9 63
8 63
2 96
6 26
3 19
8 27
9 28
1 23
7 8
7 90
9 86
7 62
7 69
4 31
7 86
10 55
10 61
6 25
2 67
4 46
8 79
9 64
9 9
7 7
6 13
6 26
6 48
6 48
4 75
5 37
10 65
1 67
6 90
1 81
2 45
10 43
6 86
5 60
3 67
1 61
7 86
4 23
9 81
1 97
9 49
4 32
10 19
5 56
4 92
1 8
5 25
5 29
8 61
4 95
9 31
7 34
4 51
1 52
8 24
1 89
2 72
1 20
7 77
5 41
6 45
6 53
6 29
9 4
7 18
5 10
8 1
4 48
6 77
9 26
2 50
9 88
4 25
10 22
1 3
8 57
10 100
8 88
7 10
1 43
9 67
9 88
7 16
4 8
10 90
2 20
10 11
6 45
10 27
7 61
9 45
7 6
10 25
9 26
9 44
1 40
9 71
4 37
1 17
10 41
10 64
10 99
6 39
1 78
10 49
10 94
9 14
3 38
1 45
7 82
5 2
8 45
3 46
6 54
8 7
6 37
6 46
3 70
5 97
5 89
10 41
7 60
6 43
9 94
10 62
7 73
1 73
8 16
5 80
5 31
2 59
5 91
6 8
7 73
3 17
5 31
5 15
6 20
7 23
8 26
3 94
7 46
3 100
8 3
8 41
5 58
4 49
3 63
5 50
9 73
8 13
1 49
3 45
3 53
4 80
7 82
6 96
8 85
4 81
4 99
10 45
5 10
4 57
7 88
2 60
1 81
4 59
1 17
4 5
8 11
4 11
9 62
8 75
10 39
1 33
1 84
6 61
8 84
9 34
6 39
3 43
8 13
7 55
6 64
7 81
1 87
3 31
2 42
5 70
6 71
2 67
2 26
10 100
4 22
8 41
9 17
10 94
9 54
9 51
2 86
10 87
3 52
2 70
9 18
3 98
8 18
4 61
10 21
6 74
6 32
3 5
7 68
8 44
4 100
7 61
5 54
5 66
8 47
2 77
2 82
6 76
3 67
1 80
4 1
7 75
4 32
9 87
9 85
6 3
4 74
4 41
8 90
4 86
1 79
7 39
8 37
10 29
10 26
2 63
3 73
2 51
1 21
2 31
4 100
8 19
6 64
3 97
1 61
5 67
3 60
3 29
9 25
3 27
9 24
8 60
4 83
5 42
7 44
9 16
7 93
2 46
8 94
8 63
7 82
10 50
8 31
5 99
8 80
1 52
6 4
7 4
1 5
8 53
3 3
3 87
7 52
6 65
2 93
3 7
3 87
4 17
9 91
4 88
6 87
3 27
5 43
8 18
4 9
8 46
9 54
4 4
8 93
7 69
8 13
7 19
10 6
7 90
9 77
2 73
4 34
10 16
4 60
7 8
2 93
3 79
5 47
10 51
3 83
2 13
10 8
10 92
3 12
1 72
10 68
2 90
1 10
3 60
1 20
4 99
9 10
6 39
7 13
2 67
2 36
1 92
8 85
7 77
7 33
7 27
9 20
5 95
8 41
1 5
2 54
6 46
1 12
1 90
1 25
1 52
10 82
6 85
4 25
5 68
7 62
9 11
7 62
3 99
8 28
9 45
9 74
8 50
1 59
10 21
5 89
7 84
1 95
2 41
7 94
8 86
2 9
7 73
7 1
8 86
10 78
5 31
4 37
4 39
5 75
2 82
3 21
5 5
4 69
6 77
10 4
5 23
9 86
5 11
4 86
5 66
9 77
1 3
4 66
5 52
6 8
2 55
5 68
9 67
3 53
8 6
3 10
8 82
1 79
3 23
6 48
9 97
2 60
10 13
6 25
10 58
5 94
2 31
3 86
8 28
5 55
4 82
9 32
6 60
5 67
5 24
5 40
10 55
8 26
7 77
2 87
7 57
3 13
6 89
5 36
3 62
2 87
4 59
3 82
5 36
4 13
9 78
5 80
3 66
4 49
6 51
9 8
3 64
9 44
9 92
1 33
6 97
1 29
1 96
3 1
6 11
9 19
1 13
5 99
2 32
7 23
9 76
5 66
4 48
