2 69
2 24
1 8
4 24
3 47
9 37
2 2
4 71
5 21
3 35
3 88
7 2
2 44
5 72
10 40
7 99
8 69
10 37
6 14
1 91
6 63
10 6
6 21
2 12
9 39
10 28
10 92
9 84
1 89
1 41
1 38
3 57
5 53
4 96
6 52
7 92
8 73
6 92
6 99
6 99
6 19
7 87
3 41
8 29
5 1
8 92
7 54
7 19
6 67
2 7
3 45
2 82
3 81
1 38
5 42
9 13
2 30
3 95
3 11
6 98
6 41
7 14
4 85
1 98
3 57
8 65
5 33
6 90
2 14
1 44
1 25
1 74
4 9
8 8
10 94
9 86
7 70
6 66
10 82
5 1
3 68
1 27
9 45
10 64
4 78
4 34
6 45
5 6
9 58
10 51
5 19
8 10
6 22
7 11
4 1
10 97
7 32
9 19
4 64
5 8
8 7
1 56
3 85
2 12
8 86
3 90
2 34
8 42
4 78
9 35
6 75
7 6
2 21
5 7
10 87
7 57
1 43
8 15
8 26
9 40
2 81
4 11
1 77
5 6
6 77
8 9
5 27
6 44
3 35
9 18
4 76
2 15
6 12
3 93
6 11
1 16
4 19
5 29
4 35
6 69
7 69
8 10
5 14
6 94
7 58
1 59
3 94
7 12
1 95
7 52
2 36
2 42
6 72
6 92
7 57
2 8
9 81
1 68
3 15
1 61
7 10
2 96
7 95
5 66
4 88
5 19
2 18
2 90
5 43
9 16
9 21
7 62
9 40
3 88
7 95
2 76
6 79
1 77
9 35
10 38
3 83
1 2
3 32
7 45
2 2
8 33
8 62
5 100
9 48
2 39
9 9
10 80
9 96
4 64
7 62
5 31
10 32
7 98
2 27
2 99
4 92
7 40
9 45
9 90
3 83
6 64
5 93
7 89
7 19
7 71
9 97
9 30
10 3
5 29
7 54
9 96
5 92
1 83
5 53
8 35
6 67
1 59
7 83
8 3
3 90
7 88
8 4
2 79
6 60
8 65
2 29
7 63
5 59
6 44
8 15
2 96
6 54
5 80
3 81
1 5
6 46
10 77
8 62
10 65
9 23
9 68
1 65
7 69
1 14
8 90
6 2
10 33
3 85
10 20
9 96
4 35
7 16
1 65
10 71
8 85
1 23
6 48
10 9
9 98
1 3
10 5
7 15
3 9
6 84
8 45
7 70
10 71
4 74
6 24
2 48
3 11
3 22
1 24
2 42
7 1
1 19
6 57
1 88
3 25
10 75
6 29
5 50
2 19
6 61
9 31
4 20
5 87
3 30
5 77
8 59
4 75
9 38
10 19
6 88
10 89
10 82
4 74
8 41
9 68
2 25
9 52
4 11
1 92
8 40
1 1
2 100
5 16
5 16
3 65
2 24
7 12
1 40
10 30
7 30
3 9
1 38
9 9
8 54
8 70
4 20
1 17
1 38
4 43
6 5
10 9
9 50
1 43
7 71
7 25
4 18
10 63
7 55
9 64
9 68
4 75
10 51
7 38
2 4
8 97
10 24
9 46
3 38
8 34
1 98
4 17
4 76
9 18
5 30
3 91
5 6
7 40
9 75
1 55
3 67
9 13
5 3
8 72
8 91
3 8
3 100
7 67
1 80
1 37
1 61
10 25
9 15
8 12
10 68
10 60
1 10
2 80
4 80
10 91
6 65
3 14
10 22
8 84
2 47
5 69
2 78
2 23
3 63
8 53
6 52
1 65
2 53
2 54
1 73
6 23
4 53
8 96
5 21
6 91
5 96
7 22
9 79
1 27
5 31
9 52
10 62
4 34
10 69
7 55
1 56
2 93
6 6
8 53
7 55
9 67
7 39
3 63
9 66
4 87
1 79
1 37
3 82
9 64
2 13
2 46
4 6
8 15
1 24
8 82
4 25
9 2
6 25
7 1
9 97
4 17
4 69
9 55
6 83
5 46
4 30
1 32
1 3
9 71
9 96
7 87
9 7
9 24
2 2
6 16
9 65
3 79
10 63
4 15
10 27
6 55
1 23
4 16
10 55
3 8
9 85
5 43
9 33
6 7
7 73
4 67
5 50
1 44
8 81
1 73
10 100
4 33
1 69
4 11
2 82
6 6
7 36
10 11
9 55
10 41
5 34
3 95
2 4
3 24
9 30
8 100
9 43
9 99
2 71
2 5
4 64
9 61
9 68
3 66
4 68
7 76
2 5
7 51
4 2
7 52
3 46
7 1
7 8
5 42
4 73
3 45
3 45
9 26
5 90
1 70
3 70
4 90
10 83
7 29
7 86
9 58
4 6
1 31
3 31
5 100
3 20
5 24
2 61
2 23
3 93
10 13
7 19
7 66
5 44
1 11
2 59
2 4
2 53
9 84
9 76
4 27
9 99
2 6
6 31
6 70
1 33
9 99
3 33
9 16
7 15
2 73
7 32
1 77
7 100
8 9
4 7
7 37
1 50
5 63
10 5
2 18
3 91
3 45
2 82
6 96
4 52
10 68
1 31
6 61
1 69
2 81
10 48
5 84
7 14
5 90
1 25
10 7
9 86
6 35
3 39
4 67
3 35
4 92
4 30
1 96
4 95
9 50
8 31
8 31
8 86
7 55
8 60
2 37
5 19
3 73
7 56
6 4
6 53
5 93
10 22
9 62
10 44
10 1
4 7
6 86
4 95
5 8
2 91
3 9
1 84
6 46
5 94
4 54
6 82
1 6
2 95
2 27
1 92
4 93
2 62
4 50
1 16
5 71
2 16
8 61
7 68
9 51
6 2
3 39
9 41
5 52
4 14
3 44
4 39
3 100
1 98
6 21
4 98
6 8
8 76
1 3
7 77
6 11
2 87
6 2
4 30
5 86
4 92
10 4
10 66
7 31
4 8
4 1
1 4
7 57
1 31
10 30
1 35
9 7
8 72
5 52
7 18
5 66
9 28
9 91
9 29
7 29
8 21
1 69
1 58
6 52
3 100
8 26
4 30
4 15
8 61
6 99
1 48
4 33
8 29
3 37
2 98
4 52
8 95
4 61
9 17
1 45
5 85
7 79
2 15
10 54
3 89
7 56
7 92
3 50
4 47
7 26
3 44
4 17
7 79
5 9
9 60
3 98
9 25
4 45
2 58
4 21
1 74
7 8
1 35
5 55
8 5
9 66
9 100
6 79
10 9
4 89
7 72
5 29
8 95
7 100
5 2
9 4
1 2
3 46
1 40
8 77
6 37
3 94
10 40
5 95
5 93
7 74
1 60
9 14
4 53
2 85
9 87
7 31
4 74
5 94
3 56
6 59
3 17
10 92
5 68
9 97
10 78
3 94
7 40
4 90
5 49
6 39
9 49
2 97
3 35
9 84
5 62
3 50
5 99
10 66
10 30
10 40
8 34
7 79
3 61
5 41
2 96
4 74
2 13
8 22
4 99
8 17
9 91
1 54
3 45
2 55
7 41
5 17
1 92
1 64
3 66
10 55
6 30
6 34
8 47
8 88
7 75
4 87
5 34
2 94
4 20
10 11
4 74
3 88
6 99
1 53
9 76
7 11
6 36
8 51
3 58
7 5
3 27
9 32
7 51
1 32
2 28
4 27
7 75
2 76
5 64
10 2
7 46
7 42
7 88
1 41
7 10
4 65
9 47
10 50
7 43
10 53
8 97
9 65
4 32
5 98
9 76
1 43
10 84
1 100
8 14
5 85
2 80
5 22
3 42
10 99
10 65
6 28
8 75
4 83
5 76
7 30
10 69
10 41
5 71
1 88
6 96
10 98
2 79
8 98
7 14
5 99
1 45
2 51
4 13
7 28
6 79
10 87
7 52
3 19
4 54
8 19
7 25
5 3
7 63
3 29
6 69
1 68
8 4
4 82
1 65
8 16
1 94
2 70
5 85
8 52
10 30
1 36
3 24
3 26
4 29
10 37
5 45
9 35
6 94
1 67
8 30
2 19
4 36
2 75
7 36
6 54
7 30
6 36
9 31
6 43
6 64
7 28
7 12
5 61
7 45
7 36
2 87
3 17
4 93
5 93
3 5
6 33
7 86
9 27
3 92
8 12
3 57
7 78
4 28
10 77
5 15
10 69
4 49
7 34
1 58
3 93
7 3
2 51
1 31
3 5
8 29
4 98
2 11
2 57
5 3
1 74
10 76
6 4
3 9
7 87
10 14
6 55
1 100
2 45
1 96
1 61
8 12
9 38
7 7
5 3
8 66
1 74
9 63
5 75
4 81
2 83
7 46
5 50
7 99
1 56
4 14
3 100
8 38
8 43
1 75
3 16
10 81
3 53
8 36
1 50
10 98
2 29
1 17
9 55
4 11
5 19
4 12
2 61
8 3
10 41
8 74
6 5
7 12
6 13
8 64
3 47
4 68
3 75
10 4
3 18
3 93
8 54
1 51
10 21
9 43
2 16
7 9
9 78
2 66
4 100
9 94
6 36
1 15
2 85
10 18
3 58
7 34
7 73
7 78
4 20
