3 16
8 88
9 81
5 74
9 1
9 74
7 81
1 4
2 6
3 12
1 63
5 33
8 35
2 53
6 86
10 51
3 28
5 72
4 42
6 46
7 58
10 51
6 9
4 54
3 68
3 53
2 61
3 96
5 88
6 38
3 58
9 6
6 9
8 39
10 90
9 33
10 88
5 100
8 90
5 87
10 5
1 48
7 40
7 71
2 97
8 48
1 81
3 97
7 3
3 21
9 69
9 36
5 20
2 49
7 99
9 35
8 17
7 87
8 36
8 37
3 61
8 45
4 70
10 54
8 81
8 95
7 12
10 94
6 6
2 79
9 45
2 81
10 3
1 32
3 30
10 35
5 54
6 36
2 69
4 51
10 21
8 72
2 50
2 61
3 6
2 72
10 47
8 81
7 37
5 69
10 81
10 32
7 62
8 45
7 75
3 52
7 13
2 15
10 59
6 10
5 16
10 14
2 54
3 33
4 13
3 68
3 62
3 37
2 82
1 76
3 87
7 82
6 79
10 78
1 12
9 61
6 12
4 56
9 65
5 55
10 57
5 56
2 44
1 22
3 55
2 66
1 74
3 97
1 97
6 40
9 1
7 9
9 97
6 38
6 40
2 8
10 47
6 1
5 64
3 43
6 87
3 90
7 83
2 77
5 60
7 94
10 64
1 87
1 5
9 12
1 76
1 19
5 44
6 84
6 85
3 31
9 35
4 3
4 70
4 21
3 57
1 30
8 56
10 94
3 55
6 34
7 100
2 45
6 48
7 35
7 39
5 71
7 63
8 3
8 44
5 14
6 82
7 86
10 58
10 35
2 82
7 13
6 48
2 2
9 3
8 8
5 55
9 2
9 15
8 5
2 56
8 91
3 68
7 84
3 64
5 82
7 59
9 7
5 61
4 81
3 25
2 94
2 36
3 9
2 14
8 38
4 75
2 41
9 46
1 86
7 42
6 58
3 74
6 6
6 47
2 23
8 46
5 13
7 67
9 92
4 26
10 24
7 88
4 84
5 90
4 91
3 98
2 85
7 84
4 85
1 25
4 80
7 58
9 21
8 39
2 2
6 46
6 68
6 99
10 44
4 15
9 84
5 15
6 92
4 91
6 96
8 39
1 87
4 36
4 26
8 12
7 85
1 93
5 79
7 57
6 60
9 76
4 47
6 6
4 10
7 24
2 64
2 97
10 37
10 14
9 29
9 11
6 78
10 56
4 44
8 18
7 37
9 35
7 10
6 85
8 73
3 30
5 71
2 28
1 34
1 26
9 60
4 35
5 64
9 8
9 95
5 88
6 14
5 34
7 67
4 4
3 30
1 55
1 83
10 8
3 73
1 22
4 9
10 17
4 69
4 99
4 80
6 69
5 52
3 87
10 36
8 1
4 96
6 14
4 2
2 80
3 51
9 24
6 91
9 88
9 93
6 18
9 72
9 77
7 23
2 44
3 76
8 83
9 100
8 26
5 2
9 64
7 31
10 21
8 54
5 44
8 66
9 13
5 29
4 83
8 18
8 34
2 51
10 47
2 66
2 17
9 58
6 76
9 59
3 57
6 26
8 26
2 74
1 44
5 1
10 71
3 18
6 97
1 5
4 47
6 53
10 45
10 95
5 89
8 76
3 52
10 4
10 89
10 50
10 99
9 74
6 2
7 67
2 53
5 31
10 47
8 22
7 27
2 83
6 83
1 89
3 14
4 22
9 90
6 45
4 82
10 26
10 35
8 20
1 54
1 100
10 78
7 53
7 44
4 3
5 13
8 76
6 35
10 86
5 64
8 88
10 20
8 17
5 10
10 91
9 99
7 31
6 20
3 61
3 58
2 72
7 59
10 54
4 34
10 63
4 28
10 15
2 43
9 21
2 96
2 21
10 46
9 38
4 46
10 95
6 90
6 57
2 29
4 35
5 85
6 37
6 4
8 37
10 21
2 31
9 45
9 13
9 18
8 44
4 27
9 91
1 16
5 26
9 57
2 94
4 27
5 52
4 91
8 91
5 92
5 24
3 47
3 5
8 10
6 30
7 63
9 100
3 87
8 43
2 8
6 28
5 15
4 76
3 46
5 56
1 38
9 47
8 77
9 33
1 79
5 10
9 91
4 35
5 1
3 16
8 16
3 64
7 78
4 78
3 99
3 78
5 100
6 43
10 8
3 99
7 22
4 42
7 66
1 87
4 93
6 66
7 84
8 23
10 80
6 84
1 62
7 39
9 94
4 70
7 18
6 25
3 69
6 48
1 21
1 50
1 54
10 100
3 21
9 25
7 54
7 24
9 46
6 91
10 16
8 72
3 51
3 67
5 37
3 78
2 87
2 34
9 6
6 37
10 42
1 1
8 98
7 17
5 19
8 51
6 94
1 87
5 69
4 42
1 6
9 95
6 17
2 63
5 19
1 11
4 87
5 97
4 29
7 3
4 42
4 79
4 40
9 65
9 46
1 54
4 72
1 39
8 57
6 86
4 58
8 53
1 77
3 30
4 66
9 6
10 34
8 43
1 85
10 16
2 94
1 51
4 87
3 15
9 98
7 59
6 20
10 12
1 32
3 11
5 55
7 3
10 8
4 6
4 23
1 74
5 12
7 28
7 10
3 61
1 22
9 86
2 27
5 14
4 10
6 74
4 23
10 48
10 2
8 57
8 85
4 34
4 100
5 10
6 99
10 3
6 49
10 46
10 48
5 45
8 33
5 8
6 85
8 39
4 23
6 52
4 66
4 56
8 75
4 65
7 5
3 12
10 7
9 12
1 46
5 79
7 69
10 40
4 31
8 75
10 85
2 10
5 55
7 4
7 97
5 72
7 27
4 76
3 69
9 67
5 67
10 70
3 93
5 59
9 99
2 32
10 56
8 72
2 37
1 83
5 8
4 12
7 14
7 3
7 7
2 21
1 50
3 9
3 29
1 57
2 99
4 18
10 60
8 41
10 66
7 75
10 86
9 100
4 51
1 5
10 47
7 43
8 78
9 36
9 54
3 37
4 9
1 78
3 86
10 70
6 55
4 18
1 3
9 50
2 28
2 58
1 75
9 24
5 61
5 48
6 75
9 60
2 18
4 18
3 38
5 55
1 92
10 87
8 93
9 35
4 74
5 79
3 75
10 54
6 41
1 91
4 89
6 10
10 62
5 48
3 58
3 35
3 25
9 10
6 39
1 82
6 29
1 3
2 98
9 58
5 48
5 39
4 58
7 82
7 37
2 91
3 33
5 48
5 49
10 95
4 54
2 41
5 85
1 58
7 52
4 59
5 16
10 39
2 5
10 89
9 15
6 94
7 80
2 87
7 98
1 39
6 92
9 13
6 93
8 52
1 54
9 14
5 50
5 19
9 88
2 63
5 79
1 80
8 5
2 79
4 19
2 48
3 53
10 45
7 79
3 53
10 87
8 55
5 14
6 7
4 95
1 55
1 19
10 74
6 47
3 38
6 39
4 84
2 56
3 26
6 34
1 81
3 4
9 58
1 56
9 87
5 66
7 78
10 97
9 45
6 55
8 17
4 51
6 86
1 81
7 8
10 85
5 33
10 60
6 22
2 12
6 47
2 74
10 16
9 15
6 18
3 77
4 67
1 4
8 50
2 93
9 23
1 5
2 91
3 43
2 75
1 98
6 4
5 47
10 12
7 59
4 84
1 47
9 45
6 28
2 48
3 15
7 90
9 63
8 5
8 2
6 99
3 29
2 69
6 4
7 75
8 47
10 43
3 43
2 51
4 28
3 5
2 75
9 38
7 93
2 46
7 100
6 60
10 67
4 86
3 5
6 64
4 37
4 47
2 25
2 28
6 84
7 47
7 94
8 46
5 4
7 50
10 86
6 14
5 14
4 63
8 98
8 1
10 22
2 84
6 43
5 17
9 88
4 84
10 8
7 43
8 44
4 70
9 23
8 95
2 24
7 36
2 12
1 100
5 54
3 86
7 52
9 30
8 40
6 46
2 71
9 21
10 57
3 36
10 88
2 89
8 51
8 13
6 39
9 73
1 9
9 42
1 13
1 2
4 64
5 3
10 1
8 47
8 63
2 54
9 99
8 57
5 36
5 7
8 82
10 73
6 6
9 47
2 68
6 26
2 51
1 6
10 10
2 62
2 54
7 19
10 39
3 18
10 15
4 93
7 37
8 36
3 79
1 92
3 9
10 22
5 19
4 88
3 13
10 70
1 29
10 26
5 65
1 33
6 72
3 14
9 77
7 70
3 39
9 35
7 47
6 85
6 78
10 47
3 22
7 94
6 54
10 90
8 19
3 81
4 59
3 8
7 33
4 58
7 13
10 36
4 50
6 12
6 45
5 5
3 46
4 59
2 75
3 100
3 65
10 88
5 12
1 23
1 25
6 41
7 87
6 93
9 71
2 7
9 97
7 16
5 88
9 57
2 50
6 49
3 90
10 32
4 43
1 13
2 86
1 14
6 75
4 11
5 85
10 73
6 64
10 22
4 21
10 55
3 61
3 54
10 66
6 9
6 63
3 79
6 95
5 18
