4 48
7 24
5 74
5 71
6 24
1 6
4 1
9 8
1 20
10 87
6 44
8 16
5 60
7 48
10 42
8 31
7 64
9 34
3 47
1 90
3 32
3 93
6 18
3 56
10 7
5 74
4 38
2 89
8 89
5 83
4 46
5 32
2 66
8 63
2 87
3 35
4 83
9 1
9 3
8 55
8 28
7 47
6 73
3 78
3 78
8 80
7 29
3 34
4 28
7 56
7 87
6 29
2 75
7 80
8 100
10 45
1 80
7 41
10 62
5 46
2 30
9 11
8 63
8 45
2 39
2 48
7 2
5 45
2 22
1 56
3 78
3 17
8 23
2 27
2 56
1 74
2 31
8 72
9 70
10 100
9 90
3 90
4 92
9 66
9 22
4 80
1 45
5 68
7 44
8 79
3 28
8 6
1 32
9 52
7 80
1 60
8 51
3 45
5 10
6 17
6 76
6 32
7 55
6 2
9 5
1 64
3 85
4 30
4 24
8 45
1 41
10 24
10 1
5 98
6 79
4 62
6 72
7 40
5 15
10 70
2 77
9 87
5 59
6 41
5 69
4 1
7 84
1 65
8 11
9 66
8 72
4 68
8 18
3 88
3 46
6 85
5 7
7 58
4 83
2 20
1 61
2 95
7 17
9 15
7 35
3 70
5 16
2 92
7 34
4 12
7 26
6 6
8 37
6 75
4 32
4 22
4 46
4 63
5 9
1 62
6 19
6 88
10 63
1 30
5 55
4 33
9 51
1 47
4 1
10 21
6 67
8 12
5 22
10 9
1 43
9 73
6 77
6 90
3 66
10 90
2 91
4 6
9 79
4 14
6 64
3 72
7 27
2 62
3 42
2 45
9 87
6 12
4 31
6 39
4 40
7 27
1 37
6 71
5 29
3 63
1 3
6 20
5 80
4 99
1 18
7 32
9 14
5 29
6 90
2 39
5 22
3 1
2 48
2 84
1 22
4 88
8 12
2 73
8 79
7 12
4 6
10 61
9 79
8 62
1 54
10 91
2 59
4 58
4 21
5 77
5 24
2 66
6 20
5 51
8 20
1 65
1 94
5 95
9 75
7 92
4 27
3 85
9 7
6 12
6 29
9 2
10 43
8 64
8 74
1 63
7 1
1 13
3 81
5 40
4 77
7 74
6 93
3 71
6 7
8 59
8 14
2 68
3 10
10 68
5 24
10 43
9 92
8 81
9 13
4 23
7 74
3 61
3 64
5 11
3 55
5 69
9 89
2 41
2 65
1 87
8 37
7 49
6 61
4 33
2 85
6 9
6 69
7 13
4 15
2 91
10 61
6 60
9 2
1 7
10 44
9 93
1 65
7 28
9 83
10 64
2 76
4 28
2 38
3 97
3 88
2 82
5 67
1 84
7 45
3 45
7 12
9 61
9 83
8 100
3 34
5 87
10 95
2 26
1 66
2 62
7 21
1 69
7 81
8 3
8 30
2 43
1 41
4 20
4 24
10 54
4 67
9 34
4 43
1 37
3 56
7 68
7 64
3 2
4 74
7 39
1 64
3 50
7 78
2 85
9 65
2 56
1 1
8 48
7 58
1 35
5 93
2 82
6 91
1 87
3 50
2 96
3 97
9 100
1 91
8 49
8 16
8 80
10 60
1 2
1 65
4 83
5 72
6 85
1 91
6 94
10 78
9 51
1 60
3 91
10 21
6 36
4 42
8 45
2 25
9 51
9 8
9 33
10 41
6 45
4 72
4 45
10 45
9 8
10 64
2 26
6 67
8 69
1 43
5 27
7 19
6 9
6 39
1 82
2 45
4 81
5 46
3 39
7 19
8 67
10 14
5 49
7 45
9 82
6 27
8 70
2 79
7 66
1 42
10 44
5 31
6 78
3 1
3 36
6 93
1 75
5 27
2 20
3 68
10 88
1 34
1 38
9 96
6 74
10 12
6 57
7 71
9 71
2 69
5 89
8 14
3 37
6 97
6 51
6 91
2 86
3 40
10 47
2 91
9 82
9 15
8 4
10 42
4 22
10 69
4 80
3 79
4 37
1 37
7 6
4 47
1 34
3 36
10 2
7 19
2 74
1 9
6 53
10 16
5 93
2 71
4 67
5 87
7 94
10 59
1 66
7 31
5 45
2 32
5 62
2 100
5 14
9 96
9 72
4 100
5 92
4 26
6 69
8 67
6 21
8 71
5 30
10 32
7 14
9 58
4 99
1 31
2 57
2 70
9 17
8 58
5 64
5 49
4 10
6 74
1 61
3 32
3 1
1 73
4 66
3 80
4 45
2 79
8 48
9 76
8 89
5 79
7 17
3 5
2 78
9 36
4 91
8 8
2 10
9 26
7 81
1 92
9 88
1 92
2 46
4 90
1 2
9 54
3 35
2 27
9 53
1 94
5 87
10 42
4 66
4 100
8 34
1 11
5 44
6 11
1 80
1 61
5 2
4 15
6 25
1 13
1 87
9 27
10 65
8 77
9 50
8 58
3 74
2 41
4 82
7 88
9 90
3 90
10 16
5 99
9 64
6 92
9 85
10 28
6 40
3 87
3 35
6 44
7 65
4 38
9 76
4 93
8 92
5 4
4 60
2 45
10 55
5 32
1 22
6 56
2 41
2 66
10 87
2 51
1 10
2 62
2 16
2 9
3 77
10 82
8 94
8 74
10 60
3 1
5 58
6 3
9 15
4 23
5 8
9 43
3 38
8 61
3 33
3 81
2 98
10 64
8 11
6 21
4 72
7 70
6 89
7 30
9 79
10 90
1 61
2 59
3 89
1 59
8 39
4 31
8 66
6 61
8 89
4 78
4 74
2 97
3 23
1 56
10 57
5 71
7 26
1 95
4 38
5 59
3 43
9 15
6 10
1 19
7 70
2 46
6 96
9 9
4 92
1 38
7 64
10 26
3 87
2 95
5 30
1 11
4 59
9 83
8 30
2 52
8 57
2 48
7 75
8 49
3 73
1 91
8 37
8 27
8 13
3 36
10 5
1 41
2 9
8 6
5 61
9 1
1 38
10 53
2 2
4 63
3 57
1 47
6 4
2 58
3 14
6 58
2 34
8 91
1 59
8 41
9 56
10 15
4 21
8 68
9 6
5 37
2 83
7 63
4 100
5 87
5 28
3 35
6 98
5 43
9 3
1 70
9 91
6 84
8 54
6 70
3 67
10 52
5 61
7 10
6 23
1 29
5 6
4 26
4 52
3 62
1 76
10 65
5 65
5 25
7 94
6 66
6 32
3 64
6 47
9 69
5 78
3 90
8 16
3 76
6 74
1 64
3 71
6 93
4 83
5 94
1 83
4 16
4 46
3 1
1 31
9 43
9 36
3 72
3 90
6 59
9 74
2 29
3 30
5 34
5 45
2 59
8 55
8 49
3 93
4 15
1 78
1 96
2 99
2 12
5 93
6 83
4 32
1 41
4 46
5 96
10 42
2 63
6 93
6 100
5 49
1 74
5 57
3 1
1 3
2 82
3 99
10 75
7 65
3 96
3 80
3 97
4 79
10 84
1 97
9 65
2 53
2 54
3 31
3 49
9 74
4 94
3 74
8 35
9 61
7 50
3 91
6 74
3 8
10 76
1 24
9 45
2 81
2 46
5 8
5 89
1 2
7 20
8 5
5 15
1 44
7 10
9 39
4 85
5 64
2 81
10 40
1 76
1 87
10 100
10 80
7 20
7 95
10 4
8 72
5 64
5 57
2 62
3 36
4 25
9 84
9 53
8 23
7 44
9 53
5 26
4 23
9 11
5 90
2 10
3 35
2 58
3 25
6 36
5 90
3 87
6 24
7 10
5 95
6 40
1 59
6 98
1 97
2 28
1 39
2 82
4 18
5 44
10 43
4 65
5 34
5 26
5 51
7 50
9 62
6 33
7 51
10 46
8 3
8 42
1 54
9 68
6 22
4 2
1 84
8 22
9 87
9 90
8 30
3 94
7 51
5 5
4 31
8 75
4 80
2 30
1 38
6 43
5 73
6 1
10 28
5 5
10 80
1 88
9 17
4 38
5 34
7 51
5 59
1 5
7 71
8 75
10 56
6 36
3 5
5 52
4 27
1 55
8 91
6 28
8 55
2 78
3 68
4 72
6 13
6 84
7 86
1 38
10 12
8 36
5 73
9 99
7 36
2 20
7 47
4 96
5 37
6 17
2 95
6 99
3 62
8 88
1 53
9 53
6 49
7 69
9 53
10 83
6 71
5 44
8 97
4 46
10 66
7 77
6 85
5 61
3 1
2 85
7 46
8 87
7 12
9 24
3 73
6 19
10 90
10 10
6 79
4 50
8 64
2 29
5 89
7 77
9 96
2 39
7 46
10 45
1 44
1 49
4 86
1 4
7 47
9 60
9 95
2 27
1 1
2 56
3 99
10 95
7 48
1 61
2 70
5 34
9 79
7 76
3 58
3 1
1 79
7 9
7 91
4 17
2 25
8 36
6 11
8 8
6 65
1 41
7 33
1 51
9 18
6 1
2 71
2 87
3 53
