7 3
3 22
3 35
6 93
4 74
8 1
2 78
5 26
7 7
7 33
3 79
4 87
8 75
8 26
5 58
3 59
4 50
9 86
2 58
3 51
6 100
8 45
4 75
8 76
7 65
3 91
5 92
9 61
9 79
6 91
4 20
6 83
9 20
10 35
9 11
5 61
8 90
9 99
6 23
9 79
4 24
7 45
6 13
1 48
1 64
2 59
7 34
6 22
2 17
1 46
5 21
6 50
2 60
9 75
1 65
4 47
1 24
3 82
8 93
6 73
4 39
9 28
9 89
8 43
2 9
8 18
4 52
3 91
5 34
9 45
3 74
3 67
1 77
3 29
2 12
5 51
10 1
1 53
1 1
4 75
5 80
9 35
3 96
3 100
1 35
9 62
3 45
3 64
9 39
4 73
2 87
3 75
3 16
6 66
9 89
3 18
10 89
10 73
8 54
6 76
1 25
2 28
7 74
7 65
8 18
9 19
3 41
10 17
3 53
8 39
6 29
3 87
1 18
1 92
6 62
10 68
5 26
10 9
3 74
4 95
1 37
8 56
9 55
1 49
7 76
7 60
3 25
8 31
3 34
8 69
3 90
4 24
10 48
1 48
5 77
4 10
3 50
3 89
1 60
5 90
3 93
7 34
10 10
6 82
7 20
4 30
10 85
9 56
8 9
8 13
7 21
1 65
3 7
3 92
9 28
8 4
5 15
4 55
3 8
5 7
10 29
7 5
4 64
9 63
4 98
9 20
1 20
2 78
1 17
4 7
9 4
6 93
2 20
5 37
10 37
9 63
3 34
1 37
9 73
1 13
5 31
9 57
3 22
10 58
8 25
5 97
7 11
6 19
1 75
8 59
1 64
3 6
5 41
5 78
5 40
4 8
2 64
7 53
1 2
2 12
2 13
10 2
9 82
1 86
7 59
5 97
7 6
8 83
1 91
9 72
8 84
6 46
6 21
8 6
1 92
2 86
4 90
3 95
3 44
1 64
4 57
3 99
5 73
6 91
6 96
3 80
8 29
5 87
4 62
1 78
2 37
4 84
4 96
7 90
7 73
7 35
3 50
6 30
1 25
3 33
7 48
7 44
1 32
4 81
3 95
7 28
5 4
5 64
7 30
9 17
9 34
4 64
3 60
6 64
2 57
3 55
3 54
7 42
3 40
10 90
6 31
6 96
2 5
4 100
10 74
5 18
7 46
2 86
3 16
2 3
5 41
6 54
1 68
1 37
10 33
3 30
10 44
8 70
10 77
3 65
2 59
3 35
9 66
7 6
1 66
3 78
10 29
8 85
8 93
7 53
10 92
4 63
9 52
1 79
3 28
4 22
9 96
10 63
5 37
10 23
5 98
4 41
8 26
10 94
5 96
8 58
6 92
4 83
8 25
1 89
8 84
2 16
5 51
10 91
10 4
8 19
4 64
4 80
5 32
3 82
4 91
5 24
7 90
9 30
5 5
8 98
9 4
8 7
1 10
5 5
4 93
9 68
3 79
3 31
7 74
5 88
4 20
5 40
7 65
3 94
9 9
4 17
7 5
3 22
2 26
4 39
8 63
4 58
7 53
7 15
1 92
8 2
1 28
9 40
1 17
3 76
6 73
6 58
10 97
5 14
3 28
8 91
4 71
3 95
3 97
4 54
5 63
8 97
2 11
2 10
1 23
8 59
7 57
6 13
8 19
8 91
9 62
1 15
3 100
2 56
7 82
10 38
4 82
3 36
1 61
8 49
7 31
2 33
1 81
4 83
1 4
5 52
8 61
7 46
9 11
9 76
7 5
10 58
2 33
1 13
5 62
1 33
8 35
3 75
9 1
9 98
5 31
7 82
4 37
7 52
3 2
6 41
6 3
6 34
3 65
3 45
7 46
10 78
4 25
6 85
9 53
10 84
8 65
10 16
4 57
5 62
6 4
5 16
9 46
1 70
9 66
9 23
6 61
4 85
2 65
2 30
5 68
1 40
2 29
10 60
3 27
3 18
2 58
2 13
3 63
3 47
2 22
2 48
9 23
5 64
2 58
2 87
6 96
2 78
9 59
5 71
2 70
2 66
3 99
1 11
8 46
4 99
1 91
5 32
5 47
9 25
4 28
4 99
9 59
1 58
5 52
1 12
5 21
1 9
9 20
4 71
5 87
3 72
2 69
10 38
5 79
3 31
6 44
6 88
3 27
9 64
6 40
8 49
1 10
10 51
2 92
8 72
8 57
8 13
6 43
2 15
4 5
3 62
8 9
7 59
7 50
1 84
9 61
1 31
1 39
5 60
6 47
5 79
5 54
2 58
3 13
9 51
3 58
5 2
6 48
8 35
3 25
3 79
6 1
1 62
4 37
1 68
3 98
2 56
7 85
7 75
5 88
3 57
9 10
6 32
6 44
6 62
3 76
7 96
4 84
6 53
10 84
2 75
10 48
6 71
2 93
5 28
3 99
4 54
7 94
3 98
5 97
5 13
6 43
4 95
9 40
8 73
7 56
5 74
2 33
3 55
10 100
7 42
1 55
8 74
1 32
8 90
3 64
7 7
1 70
10 48
2 16
7 21
8 69
1 52
3 38
7 81
8 44
6 63
6 34
5 84
2 89
7 31
7 16
1 69
9 77
5 51
1 53
5 46
4 63
3 57
2 3
3 12
9 38
4 69
8 43
8 37
8 16
7 81
1 54
1 11
4 75
1 76
9 81
6 100
4 54
2 77
2 75
6 73
8 26
3 35
2 8
2 57
6 83
2 72
3 9
6 45
1 2
2 76
7 16
1 79
7 70
9 52
1 2
6 84
2 48
2 49
6 25
10 23
10 57
1 36
10 73
5 46
3 8
8 18
7 65
6 2
3 50
9 98
8 72
2 8
7 16
9 16
8 50
6 52
1 57
10 17
6 7
8 10
7 79
9 42
3 56
8 74
8 36
5 92
3 86
1 78
3 50
7 82
10 32
2 48
4 5
5 28
6 30
10 31
5 81
7 32
1 2
2 38
3 26
4 37
8 72
1 90
1 54
5 1
2 19
1 26
6 15
1 44
3 39
7 71
9 55
10 16
7 14
2 63
5 62
4 56
7 1
6 48
5 23
6 31
6 26
3 3
6 68
5 45
1 41
2 51
10 57
6 86
1 76
1 21
5 86
2 23
6 33
7 3
5 39
9 26
10 33
5 27
3 76
7 83
2 96
1 86
4 91
9 35
3 81
8 43
5 39
4 94
7 17
5 43
2 84
9 89
2 8
2 65
10 87
3 10
4 65
5 73
7 93
2 69
7 37
1 78
6 57
8 47
8 16
8 98
4 56
5 29
6 96
2 90
8 73
2 66
9 87
1 48
3 47
3 38
7 50
2 70
6 28
1 83
3 42
7 86
2 45
8 40
7 33
8 1
8 18
10 44
7 99
5 86
8 65
4 45
4 74
4 38
8 40
6 63
6 16
3 91
3 8
3 80
10 86
10 68
5 26
2 15
4 72
4 68
7 34
8 62
5 61
9 83
8 84
1 50
7 81
6 3
6 21
6 3
7 19
5 9
2 85
2 2
7 86
10 42
4 40
10 85
4 66
6 29
5 66
6 68
4 54
8 28
5 60
10 19
5 16
9 12
10 58
8 60
7 30
5 43
3 65
8 47
4 85
10 68
4 53
4 97
9 66
10 66
4 65
1 35
6 3
4 86
6 27
9 62
6 27
4 28
1 79
10 6
9 71
5 67
6 80
5 81
10 97
1 11
2 96
1 31
6 5
4 15
6 50
5 13
1 46
2 5
6 92
7 60
5 47
2 94
4 68
6 32
1 52
5 57
7 53
9 32
6 24
6 63
9 85
5 81
9 82
6 73
5 29
7 20
2 98
9 43
9 22
7 43
3 75
1 88
5 43
2 32
6 95
8 77
5 30
10 63
10 80
6 17
6 78
6 74
9 35
9 27
4 40
10 45
8 12
7 25
6 28
4 5
5 95
10 85
1 70
4 70
5 31
4 56
4 99
5 2
8 30
5 41
4 79
8 25
1 61
9 100
2 98
9 29
3 7
2 65
7 97
5 66
6 35
1 4
9 8
7 21
2 44
3 75
6 11
3 93
9 62
1 85
4 31
2 22
10 71
9 71
8 75
7 23
3 69
8 75
2 85
4 13
3 20
9 90
6 44
4 1
10 30
1 51
10 29
3 39
10 92
8 12
1 48
9 57
5 8
4 57
6 90
2 44
1 3
10 70
1 22
1 63
7 85
1 95
4 5
2 9
9 90
6 23
3 76
6 5
8 44
5 83
4 62
4 93
8 40
9 62
9 48
6 32
7 12
5 29
1 27
8 14
1 99
1 49
1 66
10 37
7 22
9 9
5 31
8 16
7 15
10 55
9 100
5 29
6 74
1 32
1 7
8 44
10 65
3 62
8 100
3 71
2 66
7 47
6 95
9 9
10 37
10 45
9 92
2 17
2 59
1 93
9 29
10 85
1 100
7 29
9 76
9 54
1 66
8 56
6 75
9 76
4 89
10 83
