1 14
3 74
7 3
10 16
7 100
1 59
1 87
5 15
6 56
8 38
6 29
5 7
8 10
10 67
8 80
3 98
9 81
2 60
1 81
4 34
4 8
9 97
8 36
3 54
8 81
5 43
8 60
4 5
6 73
8 91
8 73
8 48
10 76
8 18
4 64
5 91
3 20
6 85
4 40
5 9
10 14
7 36
6 69
8 94
6 58
3 64
5 33
4 49
1 14
9 90
10 9
8 44
5 83
3 23
5 23
9 1
5 1
6 63
9 34
9 64
2 1
10 48
3 15
9 37
9 94
7 66
8 56
7 33
1 10
7 51
7 80
9 73
9 73
1 30
5 87
10 56
1 74
5 25
2 8
4 64
9 78
6 28
4 91
10 45
8 86
5 33
3 47
8 99
5 37
4 36
8 95
2 54
3 1
8 18
2 62
6 1
8 96
1 75
6 100
10 25
9 61
2 30
7 24
1 48
1 18
7 89
9 6
5 41
5 73
1 27
7 40
4 12
7 18
9 4
7 39
6 48
3 16
9 16
2 16
7 23
8 37
7 5
3 41
4 78
1 24
3 92
5 27
2 67
10 22
4 5
7 43
10 95
5 87
7 9
6 27
7 46
1 56
6 21
4 79
4 96
7 52
7 86
1 86
10 60
8 93
9 79
9 60
1 86
6 70
7 24
4 20
5 22
7 12
1 99
10 41
3 8
6 71
7 87
9 62
5 15
7 35
10 63
7 7
7 9
6 33
8 37
10 83
3 54
7 17
6 49
3 46
8 42
3 91
4 1
2 34
10 22
10 68
9 24
1 23
7 27
4 12
5 96
3 65
3 68
4 95
7 42
10 30
5 37
7 29
10 47
1 62
9 15
5 44
1 62
9 37
6 8
10 70
4 66
2 1
6 57
5 17
9 74
7 98
8 10
1 18
9 40
8 87
10 22
1 58
4 97
8 60
10 2
5 69
2 37
7 23
7 92
9 57
9 41
3 61
5 45
6 20
2 15
1 24
8 1
8 40
7 89
4 28
5 75
9 24
7 67
9 64
9 71
3 34
5 16
8 76
8 94
5 51
3 1
8 54
8 14
7 48
2 59
2 2
4 52
5 66
5 71
3 83
4 59
2 47
1 69
7 22
3 44
6 69
7 27
6 20
10 85
10 36
1 37
7 5
10 8
6 88
7 65
9 37
6 23
9 37
10 54
4 11
1 63
5 45
8 70
4 58
9 11
2 74
7 17
7 98
3 76
1 46
3 45
9 29
2 84
10 73
8 78
7 60
7 9
3 27
6 9
1 37
6 72
10 36
8 42
2 16
10 52
4 84
10 71
7 56
7 26
4 5
8 49
10 32
3 92
8 34
2 8
10 48
5 40
9 8
3 72
10 95
4 55
1 91
9 96
3 16
4 73
3 14
4 3
9 32
7 41
5 16
7 79
3 24
2 82
6 95
9 3
7 36
7 2
5 4
8 86
8 96
1 80
2 12
6 96
6 91
7 91
10 71
7 90
4 36
10 87
6 61
4 84
3 74
5 73
9 6
3 91
7 78
6 19
9 39
3 97
9 97
3 39
10 72
4 85
7 4
10 99
4 62
4 93
6 98
9 55
5 76
10 14
6 54
10 60
1 79
5 80
4 3
5 65
1 96
5 17
9 85
4 89
5 57
7 88
8 43
8 13
9 70
10 67
6 68
10 21
8 92
9 71
1 44
10 28
4 13
8 80
1 94
1 6
8 76
8 84
1 58
10 95
2 7
2 39
8 33
4 66
9 89
6 1
10 33
10 73
10 36
4 20
1 72
2 93
9 54
4 5
9 9
2 64
7 45
2 92
6 48
6 97
6 76
2 50
3 61
6 8
10 69
5 76
10 2
1 23
9 22
9 55
4 55
10 17
9 58
8 20
3 94
9 64
8 59
7 10
4 69
1 56
8 67
9 56
6 40
10 76
8 30
3 6
9 53
5 30
8 47
4 85
9 14
10 31
4 64
1 86
6 32
3 10
6 12
5 53
1 15
4 20
5 52
5 39
2 5
8 82
1 12
1 29
4 25
10 64
7 29
7 4
5 26
5 25
10 79
3 85
7 98
2 38
8 45
7 64
4 15
1 14
4 93
4 99
6 86
3 69
4 71
8 30
2 87
4 59
8 19
8 34
10 66
4 59
6 25
3 95
9 82
2 22
8 86
9 35
3 13
5 50
7 54
2 83
6 5
4 58
9 6
7 39
9 50
5 78
5 4
8 47
4 90
2 13
5 79
2 66
1 27
1 29
6 82
9 39
3 73
9 18
8 26
4 68
10 7
3 96
6 98
5 40
3 44
8 68
8 56
10 14
4 87
4 72
6 79
8 74
10 69
2 72
2 80
5 25
6 55
10 81
5 83
8 30
8 7
4 62
6 13
6 1
10 10
2 31
1 93
1 64
10 28
2 76
2 56
10 34
8 45
4 4
5 87
3 42
1 72
9 85
4 57
4 94
7 71
3 99
9 60
8 74
1 15
5 42
9 82
6 67
6 95
7 11
1 70
1 74
2 85
9 14
1 70
4 37
1 46
9 76
3 71
8 22
7 77
1 5
9 14
8 49
1 45
5 91
8 39
7 24
1 37
9 12
8 86
10 58
6 92
8 94
3 44
10 78
6 95
3 42
1 12
8 47
5 3
6 15
9 16
7 11
2 38
2 57
2 43
5 37
6 44
4 4
8 73
4 77
2 80
6 80
10 84
6 44
4 34
6 45
4 19
7 87
1 16
4 38
4 11
4 7
5 19
2 35
6 23
10 63
1 96
2 45
9 78
8 51
4 9
5 9
5 57
10 92
8 11
6 11
1 27
7 58
5 100
9 47
3 75
5 25
3 100
8 14
10 41
3 45
7 85
2 33
3 50
8 91
7 20
6 7
3 11
2 40
3 43
7 67
8 55
7 37
8 43
5 90
2 31
8 47
4 45
3 47
10 87
7 58
4 7
2 34
10 91
2 100
1 33
4 64
5 12
5 1
6 90
7 99
5 34
1 78
9 90
5 19
6 30
8 47
5 94
4 14
9 63
5 86
2 29
8 5
2 26
7 87
10 8
1 2
4 84
10 56
1 11
5 23
10 95
5 57
4 48
2 37
4 47
3 78
7 68
5 15
6 41
7 93
10 69
1 70
6 63
2 23
3 24
9 97
10 92
8 24
6 18
6 4
9 94
2 17
10 89
3 50
8 40
6 78
1 26
3 36
10 72
8 2
7 54
7 29
9 28
9 32
5 30
5 58
6 34
2 1
8 69
5 26
4 9
7 74
5 90
5 12
3 95
4 45
4 48
6 69
7 11
2 21
6 84
2 24
8 9
5 100
10 51
9 22
4 27
4 50
3 41
3 74
7 92
6 12
1 15
7 35
9 96
7 31
4 58
9 62
1 21
7 81
4 11
2 34
7 29
5 92
5 48
5 61
1 71
4 80
2 82
6 51
5 21
1 95
7 67
10 7
5 4
5 80
8 2
3 52
3 97
9 50
5 99
8 93
7 95
9 39
1 81
10 3
4 8
2 8
6 68
7 93
9 11
6 21
6 95
10 78
8 77
10 19
1 61
1 28
8 26
6 75
4 49
6 1
9 46
6 54
10 83
6 49
2 70
1 20
8 42
6 89
9 18
5 19
8 50
2 40
9 43
7 31
9 5
6 53
1 59
2 53
7 4
9 86
7 21
9 54
6 84
4 24
6 48
8 66
6 11
1 69
3 93
2 7
5 14
7 76
9 63
4 17
1 33
1 6
3 48
5 5
6 44
4 68
8 55
9 80
10 31
10 9
8 82
6 87
3 87
3 62
4 78
4 78
6 45
5 97
7 15
1 67
9 47
4 17
1 23
5 22
10 50
3 10
3 88
6 56
7 52
6 91
3 92
4 81
4 81
7 61
2 38
7 95
10 36
1 86
10 64
9 54
9 1
4 64
5 20
8 100
8 10
5 90
9 9
6 77
9 19
9 56
1 1
2 97
5 64
7 48
9 54
7 82
3 63
2 61
7 86
4 37
1 28
5 56
3 85
2 53
3 83
7 94
1 31
1 18
9 86
7 7
1 12
3 29
5 81
7 87
5 78
2 34
10 55
1 56
5 15
2 19
9 12
3 53
6 94
10 40
8 58
4 22
9 100
2 63
3 98
4 26
9 44
9 55
4 66
5 52
8 89
6 99
6 78
9 67
1 60
3 97
10 9
10 2
4 96
8 44
1 18
10 4
4 92
2 100
5 13
7 45
4 45
10 47
6 82
8 64
8 38
9 19
2 14
4 51
7 94
5 57
9 10
3 7
3 86
3 61
3 17
10 54
2 69
6 84
4 55
10 69
2 40
4 4
2 77
2 32
5 84
6 44
2 58
10 27
1 41
6 43
4 17
5 9
10 67
4 43
10 69
6 86
5 94
10 79
9 35
9 46
9 51
6 15
6 56
8 18
3 55
6 76
1 58
2 23
1 40
5 15
1 9
5 83
10 100
8 28
5 4
10 69
