5 24
9 26
4 88
5 19
1 1
5 32
3 64
3 75
5 32
8 76
4 5
5 35
9 59
6 19
10 74
2 25
3 93
5 10
2 60
2 30
7 39
6 42
7 32
6 69
2 40
1 55
5 95
3 75
5 91
4 39
2 52
7 98
8 74
9 70
2 46
2 35
4 86
7 37
2 40
8 26
9 31
6 44
9 47
5 30
1 83
2 53
10 84
8 87
7 64
1 16
3 48
9 50
3 95
1 31
3 45
6 53
3 25
10 14
10 52
9 21
8 34
8 90
6 91
4 81
9 86
7 74
3 6
10 74
9 66
8 46
8 99
4 31
6 78
7 33
7 55
1 52
8 2
6 92
5 44
8 80
7 26
4 31
1 22
8 73
1 36
6 61
9 89
2 80
1 86
5 85
10 83
8 62
4 54
2 56
8 99
2 16
6 91
3 84
1 7
4 100
2 71
2 16
8 3
3 75
8 100
10 26
4 56
5 61
5 5
1 59
9 89
4 52
1 100
4 51
6 18
8 34
9 28
8 36
2 13
4 25
8 6
9 81
3 91
10 14
10 12
2 84
8 70
3 45
3 51
1 30
10 97
6 29
7 62
9 91
4 92
7 78
9 18
5 36
2 95
7 16
3 48
3 83
7 84
8 18
5 6
3 99
8 96
5 86
5 55
9 99
4 36
5 93
1 86
2 1
6 85
8 33
2 35
6 96
8 85
1 84
5 15
6 40
8 25
4 88
4 82
8 46
10 28
1 7
9 8
2 47
1 8
3 69
10 2
1 68
9 69
1 91
4 44
3 52
6 39
3 64
10 94
3 14
3 8
7 99
2 25
10 94
9 96
4 90
5 21
3 1
6 63
10 38
10 62
4 11
6 11
6 10
10 21
3 58
6 84
9 11
9 13
10 22
8 50
4 46
9 100
5 13
4 31
5 82
8 73
7 97
4 91
10 33
6 61
4 11
7 97
4 96
5 88
2 100
4 61
6 50
4 95
1 34
8 42
3 71
10 37
3 19
2 23
2 62
7 35
4 23
2 19
1 5
3 38
4 18
3 98
10 17
8 58
2 14
8 31
10 88
1 70
1 36
10 30
3 81
5 60
10 83
9 73
8 28
4 59
6 54
9 84
2 56
4 84
4 53
5 46
10 3
9 63
3 79
6 72
1 25
1 54
6 40
7 83
6 74
4 94
6 79
6 96
8 19
8 51
9 49
4 36
8 85
8 86
3 98
6 66
2 39
2 26
6 17
8 21
10 75
5 21
10 49
4 92
10 97
10 49
8 35
9 57
9 37
7 2
10 84
2 59
1 83
1 4
7 66
1 21
8 46
4 3
7 60
4 87
10 39
3 64
5 60
7 31
7 81
10 22
6 50
3 55
5 4
5 27
2 55
6 8
4 48
3 3
6 4
5 66
7 8
7 46
1 67
6 89
5 5
5 91
1 30
9 55
8 39
7 49
7 76
8 12
1 100
5 22
10 54
9 27
3 62
5 84
8 63
10 28
3 87
9 70
6 14
3 70
5 75
4 89
6 54
9 56
10 91
2 28
10 8
3 70
5 67
9 14
2 6
9 90
2 9
5 33
2 40
7 57
9 30
1 98
6 32
5 41
9 81
5 30
3 100
3 62
8 35
4 28
2 56
1 43
9 99
5 57
9 46
6 43
6 10
7 30
2 33
10 94
7 65
6 30
5 21
1 11
4 15
10 26
1 47
9 57
4 30
5 14
9 59
4 57
10 63
1 63
3 75
6 55
9 85
10 73
7 15
2 38
4 83
6 12
5 97
9 86
5 34
8 64
3 3
2 93
10 86
4 46
4 41
9 9
1 22
4 26
3 82
6 50
10 35
1 93
8 12
6 46
3 67
6 99
9 51
3 18
7 55
8 32
2 68
7 20
9 75
5 15
7 43
4 20
8 50
8 7
5 42
1 68
9 96
5 42
7 77
9 10
3 22
2 83
7 86
4 14
2 98
8 19
2 36
4 22
8 97
2 53
4 30
2 8
5 54
4 39
4 19
6 65
8 90
8 68
9 13
8 5
9 20
10 81
6 55
8 27
6 48
2 26
2 4
6 59
6 37
7 9
1 40
10 59
1 28
7 90
7 27
1 77
4 84
2 91
4 23
8 85
6 2
1 35
1 72
3 41
3 80
5 91
6 84
5 41
7 43
1 51
6 18
3 53
3 23
5 67
2 20
4 72
6 60
2 61
7 7
9 72
8 88
1 94
1 7
5 79
6 89
5 22
1 33
5 21
3 41
8 67
4 30
8 4
2 13
4 74
3 39
2 90
5 32
6 99
7 25
10 75
5 63
6 46
5 92
1 50
7 33
2 49
9 46
5 78
6 22
2 91
8 74
9 95
5 6
2 4
8 54
1 15
1 100
5 17
3 52
2 67
5 28
4 54
8 50
3 86
3 67
3 16
2 79
2 25
5 87
4 82
1 27
5 3
8 10
8 33
7 87
6 13
6 2
10 94
1 4
3 30
7 99
5 93
5 2
6 95
9 26
4 37
1 15
8 94
3 70
7 12
7 79
10 62
5 62
5 21
8 7
7 85
1 40
7 89
2 47
2 22
6 81
9 49
5 62
9 68
8 23
5 40
10 59
8 85
10 17
3 27
4 54
5 28
10 43
9 34
3 31
10 92
5 81
4 37
8 60
1 90
7 26
7 10
7 63
9 56
2 63
9 3
1 44
4 53
6 71
6 95
2 100
3 9
8 25
1 11
5 45
6 19
4 31
9 42
4 95
4 59
9 39
3 15
6 6
8 11
1 98
2 47
6 40
6 24
3 82
10 82
5 17
1 56
1 62
7 68
7 99
1 94
9 82
10 77
3 81
8 35
8 9
8 51
4 82
3 17
3 8
10 65
9 45
10 28
8 90
6 36
6 95
2 34
10 60
3 67
8 98
5 37
4 67
7 4
2 94
10 41
7 15
3 97
2 43
9 23
4 91
5 42
2 8
3 23
8 36
5 75
2 68
1 35
5 65
6 56
6 88
9 67
7 22
5 39
10 29
6 66
6 71
1 5
6 29
6 20
7 7
6 91
2 47
5 71
6 11
4 56
5 13
4 59
9 90
9 37
4 58
1 20
6 40
10 31
6 58
3 57
6 52
2 33
4 11
6 89
10 32
6 8
5 35
7 42
2 50
5 88
9 78
10 54
6 82
9 70
8 87
8 22
10 33
4 66
2 48
6 55
7 85
3 100
6 36
10 28
1 63
2 8
4 86
9 31
4 71
10 16
1 8
6 12
7 28
7 46
1 14
9 56
3 10
10 100
8 38
2 79
9 69
4 81
1 20
8 56
2 21
4 79
2 61
6 63
7 45
9 25
7 2
1 65
7 6
8 80
9 83
10 97
4 67
4 39
2 26
7 91
10 89
1 84
3 67
4 94
2 49
6 74
7 31
8 64
10 98
8 3
7 66
4 46
6 2
2 66
5 11
2 95
1 66
2 75
4 81
9 45
4 68
9 7
1 40
3 53
8 70
9 79
8 88
9 17
4 6
5 25
4 62
1 25
3 61
4 68
1 54
1 9
7 26
9 83
3 19
3 31
4 49
6 94
6 91
5 86
1 6
4 18
4 2
10 95
5 25
8 27
5 4
5 53
8 98
5 9
10 72
8 78
4 92
6 5
3 69
1 86
6 55
10 11
9 60
1 21
2 32
7 68
9 87
5 21
10 41
1 23
8 25
5 31
2 87
7 65
5 16
1 28
9 49
10 50
8 93
7 10
10 80
6 63
7 89
10 38
7 42
10 15
2 35
7 29
10 1
8 48
2 50
10 65
2 35
9 81
3 54
2 86
6 17
10 7
5 67
4 99
1 6
8 38
9 67
10 40
8 39
5 67
7 2
8 64
4 62
10 25
6 17
5 74
7 73
6 26
8 62
7 37
7 1
2 20
1 76
9 81
6 53
2 94
10 21
5 53
7 46
6 2
6 60
6 97
7 61
7 70
6 93
7 47
6 35
2 33
8 82
8 35
8 18
8 57
3 65
1 13
8 2
2 44
5 82
4 87
10 20
6 33
9 52
2 97
3 67
7 89
8 21
5 87
10 51
5 8
7 51
2 35
6 95
3 87
4 52
7 33
9 36
8 5
7 15
6 8
6 73
6 44
6 49
4 4
2 39
5 54
8 36
8 44
9 29
2 31
2 24
9 71
7 22
7 7
8 94
5 56
5 3
2 58
1 26
2 15
3 31
5 21
2 51
5 75
6 71
1 28
8 39
2 99
10 82
4 19
6 25
9 43
1 3
10 87
1 1
5 19
9 27
6 19
7 32
7 60
5 34
3 97
7 62
3 23
10 67
5 13
9 37
10 99
9 10
1 58
6 77
2 8
7 15
3 46
3 51
2 32
1 1
6 20
2 72
5 91
10 86
3 5
9 53
4 100
1 39
10 53
10 22
1 87
6 94
1 88
2 36
2 86
3 46
1 55
9 49
2 22
3 42
8 55
6 73
3 65
6 15
