6 33
4 3
4 18
8 24
5 9
5 25
3 75
7 15
6 32
6 63
7 29
9 87
7 27
1 23
8 23
1 28
4 41
2 81
4 62
2 94
7 16
8 70
5 36
7 64
7 2
3 2
1 98
2 11
3 42
3 55
2 13
5 2
8 26
4 90
1 50
4 61
9 84
6 79
3 59
7 20
8 64
10 22
7 72
6 94
9 53
1 14
1 69
4 56
5 69
4 2
5 28
4 54
3 95
10 84
1 82
9 62
3 56
6 52
7 24
8 66
3 36
1 59
2 51
2 83
8 24
10 69
2 63
4 76
4 19
5 97
6 25
1 51
4 87
6 22
1 30
9 32
6 39
10 86
9 24
4 83
8 40
8 44
7 92
1 40
6 2
10 59
6 68
10 91
8 89
1 10
3 57
7 83
7 82
7 59
1 91
10 68
3 17
6 78
9 61
4 66
2 10
6 84
8 28
9 41
5 34
8 23
6 37
1 65
3 61
3 46
7 97
2 45
1 75
1 11
10 14
5 66
7 28
3 70
10 73
6 82
5 18
8 9
10 62
2 51
10 43
9 99
1 97
1 55
1 81
9 67
9 17
2 27
10 76
3 64
5 61
7 78
9 60
9 28
6 57
4 68
3 18
8 71
2 28
6 85
6 5
2 90
6 85
7 29
2 18
2 42
2 94
5 84
3 58
8 100
6 86
1 41
3 12
6 45
3 40
6 16
4 98
9 12
3 75
6 70
5 94
10 37
3 48
9 69
10 62
10 85
9 35
6 74
9 43
8 45
10 100
5 24
9 55
6 82
1 5
5 56
4 92
5 87
2 78
5 68
3 70
4 36
5 23
4 94
5 73
6 55
5 85
9 44
8 97
3 91
8 39
9 28
5 96
1 86
3 92
10 91
9 12
9 92
3 99
1 66
7 51
2 75
8 10
10 38
2 37
8 58
9 15
3 33
5 70
9 96
10 55
5 40
7 25
2 17
4 61
10 38
8 5
8 25
3 44
4 47
10 49
7 9
10 36
5 84
1 73
5 67
9 50
10 15
2 34
10 27
6 1
4 62
1 71
5 6
4 53
7 82
2 54
10 71
7 23
5 21
2 59
1 14
6 90
3 25
5 25
8 46
7 42
9 1
5 33
2 36
5 40
6 33
1 84
8 5
6 38
7 55
4 50
6 54
4 14
7 38
9 71
7 82
3 40
3 23
9 27
9 9
9 14
7 49
5 71
1 45
5 73
9 23
4 7
6 53
2 47
7 50
1 32
3 48
4 28
3 62
6 89
3 72
7 90
3 21
2 59
3 53
4 51
7 53
7 67
9 28
4 47
1 84
10 43
5 71
1 77
6 64
3 39
10 73
9 85
3 82
1 48
8 4
7 52
6 68
8 20
3 24
7 5
2 1
1 66
5 46
5 39
8 25
6 56
8 40
4 38
7 56
6 9
1 42
6 1
5 33
1 19
2 16
9 42
7 100
7 32
9 79
6 83
10 95
5 26
6 14
4 25
7 94
3 76
7 31
6 25
8 52
4 76
8 4
1 100
4 35
5 72
2 18
8 88
3 15
7 91
4 17
4 59
10 45
3 23
10 55
1 60
3 88
4 22
5 48
9 43
3 3
9 8
3 9
5 31
9 44
10 40
5 43
4 55
5 9
7 44
7 82
6 15
1 50
2 27
5 24
4 78
1 63
8 34
6 37
10 95
10 8
7 49
3 3
1 21
9 37
8 89
4 17
1 53
3 18
9 78
10 73
2 17
1 29
2 47
9 95
1 20
5 32
2 54
4 57
1 42
2 58
5 47
3 19
9 27
6 87
8 46
6 66
9 97
9 30
9 59
7 54
1 7
9 56
8 87
7 73
2 74
4 4
7 86
9 7
6 56
6 94
1 5
5 90
3 61
6 61
8 90
8 70
8 36
4 71
3 92
7 28
10 16
8 98
9 26
4 91
7 45
1 58
4 93
2 27
10 5
10 31
9 76
6 75
5 73
6 2
10 45
4 16
5 72
7 73
5 47
5 79
1 84
4 73
8 43
9 40
6 90
10 16
10 25
6 69
2 4
8 61
6 58
2 55
5 38
7 72
4 5
1 5
6 16
6 92
8 31
9 86
9 31
5 16
4 49
7 97
9 45
1 23
4 42
10 20
8 39
8 45
2 40
6 46
1 7
1 14
1 49
4 63
1 69
5 38
6 15
1 61
2 79
1 57
9 3
4 51
2 35
2 66
2 99
10 67
5 49
9 93
7 29
6 49
10 83
6 67
3 41
4 79
5 82
7 66
10 83
5 76
5 29
9 55
8 96
5 27
2 18
3 22
9 27
10 58
8 82
1 98
10 70
8 82
8 67
4 59
2 56
5 11
9 93
1 37
5 33
10 34
2 7
2 69
3 7
4 40
1 53
9 96
2 53
8 98
3 69
2 20
6 64
6 36
9 51
9 60
5 67
5 56
10 72
7 49
3 1
3 26
4 36
2 33
10 47
5 87
2 89
2 41
3 84
1 20
9 20
8 44
3 79
2 37
1 35
4 7
8 48
3 24
1 44
5 92
8 72
7 41
5 50
6 37
4 16
9 98
2 12
4 72
7 87
1 58
5 30
7 58
8 22
2 95
7 60
4 14
3 36
7 13
10 40
6 5
4 40
8 46
10 58
1 9
8 84
10 1
4 29
1 23
9 29
3 61
4 60
10 91
1 75
9 89
4 24
8 4
5 88
10 40
4 70
3 22
5 90
3 80
4 23
1 50
6 63
5 96
7 17
4 6
9 49
5 3
1 9
4 11
10 92
4 76
6 81
2 12
5 45
7 46
4 84
7 74
10 6
4 11
4 55
10 92
6 6
8 82
8 100
8 66
5 3
2 22
9 42
4 75
3 8
2 35
2 21
7 45
8 99
2 6
8 100
5 61
4 18
10 94
9 76
3 92
3 15
4 87
4 73
2 39
2 13
8 23
1 89
3 64
1 66
2 21
6 91
5 12
6 57
8 32
9 61
10 59
8 78
1 6
3 39
2 59
1 63
10 71
1 69
9 94
2 87
8 8
2 13
4 6
4 66
6 22
10 4
2 4
1 74
8 3
6 7
7 36
10 33
8 1
7 8
1 89
8 94
9 100
2 60
4 79
2 15
6 6
1 8
3 6
3 1
3 22
7 2
2 65
4 81
6 35
5 86
8 86
1 6
10 47
8 23
5 62
3 38
3 27
7 66
5 75
1 100
10 87
2 95
3 95
1 85
8 28
3 44
9 76
2 45
6 63
8 31
3 48
8 76
9 76
6 97
4 83
2 75
2 18
1 7
5 94
8 66
4 12
3 73
4 24
3 26
8 71
8 43
7 52
2 33
7 80
10 49
9 24
7 6
5 32
2 36
3 85
2 32
2 35
3 86
7 90
9 40
9 63
2 36
10 84
8 5
2 16
9 91
9 88
3 17
7 7
1 25
3 33
8 43
1 65
7 86
4 69
2 64
6 71
3 97
2 5
1 60
8 25
1 14
5 44
3 72
4 25
6 8
3 2
10 7
9 26
7 18
1 54
5 7
10 43
6 43
7 46
6 38
5 24
6 91
9 79
6 35
4 81
8 1
6 28
7 52
4 59
3 72
8 29
6 27
6 80
5 20
1 73
8 59
1 31
6 33
3 82
7 50
6 7
9 20
1 34
4 26
9 63
7 23
10 89
1 1
6 33
1 71
10 43
8 59
7 60
7 8
7 61
9 96
7 87
2 46
4 84
6 12
4 66
3 16
4 39
5 5
5 97
10 65
6 24
6 69
2 42
5 57
3 11
8 11
8 22
3 50
9 28
10 88
3 68
5 77
2 95
10 87
1 42
9 80
2 47
1 75
2 33
1 15
9 17
10 29
8 74
3 37
5 68
9 44
3 61
1 98
10 72
6 75
10 16
4 16
4 29
7 79
7 18
6 39
10 30
6 87
5 37
2 54
7 84
6 38
7 90
2 26
1 19
6 12
3 33
10 24
7 21
5 31
2 55
8 44
6 12
6 69
3 30
10 86
7 26
2 16
5 17
8 73
6 87
9 24
9 62
1 20
4 80
1 73
5 10
2 79
10 49
5 43
5 89
2 36
8 4
8 23
5 40
8 48
4 66
1 22
4 28
9 57
3 14
4 42
8 22
8 71
5 93
4 37
9 62
10 56
7 62
3 31
4 14
5 50
5 78
4 85
6 58
6 34
7 54
2 46
9 71
8 64
9 85
9 27
1 58
1 87
10 97
8 84
9 71
9 19
1 95
1 70
6 60
10 59
5 54
2 45
10 81
1 27
3 17
1 53
2 63
1 64
9 93
4 46
8 3
7 36
1 82
6 74
8 30
3 21
5 51
10 43
8 8
5 91
4 13
4 87
8 43
2 72
7 66
10 93
9 86
6 41
10 99
5 43
2 8
1 75
9 20
3 3
6 84
3 12
2 92
5 44
9 5
6 26
9 87
2 53
3 61
4 8
10 66
5 54
1 47
10 26
8 87
