4 20
1 15
5 5
3 90
9 100
3 61
2 43
1 71
1 86
1 87
7 94
1 45
6 12
2 16
2 5
4 60
3 77
6 97
6 82
8 100
7 15
4 95
1 9
1 44
3 93
2 87
6 43
2 61
2 84
3 41
5 64
6 18
9 67
6 3
7 22
8 88
5 28
1 8
7 32
5 16
7 55
7 80
3 38
1 13
5 79
5 76
9 84
6 25
7 78
8 56
8 53
1 21
9 27
8 22
3 31
8 47
7 15
6 66
9 87
10 13
6 95
3 93
7 95
6 61
10 61
4 72
10 51
7 68
4 72
8 88
7 7
5 93
2 3
3 57
4 41
1 100
1 98
1 44
9 68
2 45
2 38
10 67
7 38
7 65
6 31
9 10
10 3
8 5
2 69
5 97
9 72
6 63
7 50
5 10
2 12
3 22
5 23
4 81
10 35
10 43
1 36
3 20
10 55
5 24
3 31
9 66
1 61
8 54
3 49
7 74
6 82
4 36
10 94
10 38
7 52
4 91
10 23
1 18
1 4
3 21
8 39
4 80
2 75
1 20
7 32
8 71
1 35
10 26
8 61
2 79
10 56
1 12
2 63
2 17
9 29
3 33
3 94
7 36
1 70
2 82
10 27
5 44
7 78
9 89
6 45
2 71
6 60
10 76
1 18
6 91
7 63
7 60
9 40
7 33
6 79
10 28
10 30
10 38
2 83
3 37
1 90
8 5
3 19
4 9
9 26
5 50
9 25
10 2
5 13
10 39
8 58
3 97
9 1
9 50
6 3
5 85
1 92
6 3
4 45
8 39
9 25
6 45
4 75
2 46
10 13
1 62
7 49
8 94
4 80
3 69
5 69
4 94
8 27
6 69
8 99
2 15
9 61
5 12
10 98
2 57
8 16
6 86
10 30
8 22
4 66
9 13
5 14
8 68
9 23
4 61
5 33
4 41
9 67
8 55
5 98
3 74
3 86
3 68
9 85
1 71
4 41
9 64
2 49
3 26
8 84
3 33
7 9
5 37
4 87
10 95
8 29
7 26
6 11
5 14
8 53
1 2
3 20
7 53
4 58
5 77
4 73
7 71
10 86
6 46
8 73
10 78
5 42
6 97
2 90
2 50
5 18
1 54
4 66
9 72
3 90
8 64
9 40
10 49
10 13
8 93
8 69
10 38
3 50
5 86
8 49
3 75
4 73
5 37
2 92
8 18
1 76
4 57
4 43
9 2
5 4
9 77
8 75
2 74
4 35
3 10
9 54
6 69
5 45
4 96
8 7
1 93
8 97
2 26
3 96
5 90
3 66
7 16
1 98
1 78
8 44
8 33
7 46
9 76
10 83
3 75
7 5
2 35
4 60
5 7
7 29
2 89
10 48
5 15
1 28
3 34
1 50
1 50
4 94
9 36
1 42
4 77
4 3
3 66
6 49
3 53
2 39
6 52
4 61
8 65
5 48
10 66
2 92
6 26
5 96
1 2
2 74
6 6
4 21
7 12
2 17
10 16
8 14
5 49
2 58
10 84
10 81
3 43
5 35
4 21
3 69
7 53
4 72
9 36
5 63
9 48
7 55
10 24
4 18
4 94
1 86
3 53
5 68
5 51
9 2
4 78
9 21
3 84
3 19
4 49
2 28
3 11
2 60
7 92
5 31
4 38
3 1
4 7
1 21
4 76
3 69
6 58
1 63
10 13
6 40
4 78
7 82
3 27
5 19
1 17
8 29
7 41
3 52
6 87
3 17
6 25
3 73
2 65
10 73
8 43
5 6
3 58
9 16
5 82
1 53
5 66
10 23
9 87
7 26
7 33
4 70
4 34
8 21
3 30
2 14
6 87
3 53
3 26
6 97
6 30
1 64
9 92
7 59
1 93
4 24
2 17
9 85
6 68
9 54
8 42
9 45
6 83
4 90
7 82
1 78
5 57
5 11
6 3
7 35
10 37
4 29
8 14
3 97
9 25
6 15
10 81
2 56
2 37
3 68
2 98
7 24
2 46
7 71
9 90
3 65
10 85
10 17
1 92
10 92
3 71
5 92
3 38
7 5
7 12
7 56
6 53
5 73
3 13
1 87
8 26
6 47
1 100
6 73
3 53
3 5
2 8
6 86
9 6
6 85
8 15
10 21
2 43
9 46
8 27
1 40
8 75
9 26
1 86
4 16
9 55
8 3
9 18
3 100
7 45
6 84
7 61
4 47
9 70
7 47
10 34
9 36
8 5
6 30
5 63
2 47
6 6
6 8
5 64
1 11
2 70
10 31
8 79
7 91
7 84
5 20
8 24
7 90
6 67
6 55
6 43
8 81
8 12
9 86
4 83
3 90
4 26
3 28
6 22
5 48
2 65
3 73
10 48
8 79
8 97
9 25
6 75
4 54
8 7
8 38
6 13
9 77
5 56
4 83
7 99
8 71
3 83
2 90
5 69
7 2
7 65
2 28
3 81
2 47
1 43
7 53
2 64
8 57
9 90
3 62
2 52
2 91
9 48
1 38
9 78
2 100
4 29
5 16
2 91
2 84
3 50
1 61
8 50
1 61
8 57
6 48
1 43
1 96
10 16
3 71
10 88
8 44
7 86
5 5
8 40
2 19
2 66
2 3
9 77
2 98
6 24
4 24
8 87
7 15
9 65
9 71
3 40
5 70
2 95
9 22
6 12
6 38
9 31
1 47
5 100
8 7
2 5
9 4
4 76
1 39
9 53
4 44
2 43
8 87
10 85
6 61
1 43
3 25
5 55
5 76
10 71
5 72
6 93
3 98
7 7
6 89
10 8
2 52
6 72
9 82
6 64
3 16
2 66
3 31
8 4
7 64
3 19
1 78
5 31
7 72
6 62
6 20
4 4
4 48
7 42
9 7
10 7
7 8
5 63
7 44
4 42
4 30
4 70
9 76
6 89
1 76
8 35
8 9
8 2
2 52
1 60
2 47
3 23
7 21
2 28
7 33
6 59
5 29
10 30
5 75
9 24
2 47
7 33
4 19
7 41
7 12
8 91
6 74
10 27
2 11
8 16
6 93
9 52
1 71
8 33
10 50
9 15
7 61
7 84
4 90
9 39
5 84
4 44
1 46
5 37
9 14
8 59
10 36
2 92
2 70
4 45
10 98
7 20
7 2
4 20
9 67
6 5
3 76
10 32
3 82
10 47
10 94
3 33
8 67
5 81
3 39
8 21
5 21
7 60
2 6
1 13
1 85
5 91
10 11
3 61
10 15
4 73
8 55
6 66
9 98
8 12
4 2
6 30
9 90
1 74
10 45
3 95
3 28
3 60
9 79
2 25
8 55
2 89
5 57
8 11
3 59
8 65
6 88
5 74
2 26
8 47
6 2
10 15
7 5
6 65
3 23
1 31
7 10
4 40
8 3
3 14
8 8
2 91
8 70
4 47
7 92
5 79
7 35
2 92
7 71
3 69
7 78
9 51
9 14
3 21
7 75
7 45
4 21
7 63
2 79
7 7
10 41
10 45
6 26
7 46
5 15
5 42
8 13
2 30
2 70
6 90
5 23
7 7
1 21
7 84
3 46
4 48
10 91
3 70
4 73
10 49
3 80
8 77
3 48
2 30
1 99
1 40
2 45
10 88
7 60
8 71
5 83
7 9
3 25
5 90
3 62
10 73
1 23
7 13
3 40
8 37
4 63
8 75
9 79
10 25
2 43
9 64
8 93
9 98
1 56
5 68
1 94
7 66
8 35
8 64
6 79
7 93
4 18
4 10
10 42
7 36
1 29
9 79
9 66
3 20
1 75
4 61
9 77
5 93
2 56
1 39
5 78
9 96
3 15
8 22
10 18
6 75
5 87
6 63
1 48
1 73
9 67
10 89
2 31
1 84
4 59
4 93
4 100
10 25
8 34
10 18
2 51
1 96
2 88
4 41
9 53
5 47
4 43
7 39
3 12
2 57
6 75
7 59
8 91
7 33
7 88
7 23
3 85
4 17
9 92
8 36
6 99
10 81
1 15
4 36
2 84
8 47
6 29
10 5
9 98
6 66
1 44
10 53
6 4
8 97
7 76
1 73
5 39
5 75
10 16
10 4
10 31
9 58
3 24
10 31
2 28
4 42
5 82
7 36
8 83
2 36
8 95
1 24
1 49
6 25
4 69
5 78
6 52
1 18
9 88
6 80
7 27
5 71
3 99
10 15
6 24
4 87
5 50
7 100
1 33
9 51
8 11
10 15
9 45
5 24
1 66
7 8
9 61
7 27
1 86
6 39
8 10
4 84
6 84
6 90
6 23
7 98
8 97
10 59
5 36
6 15
10 29
3 53
10 40
5 97
1 48
2 31
6 92
9 17
1 29
4 74
5 95
8 72
10 27
4 41
3 83
6 94
8 14
2 9
3 94
9 9
3 56
4 12
7 99
1 77
4 34
1 12
1 92
10 23
4 50
9 54
5 88
3 95
6 44
2 61
9 32
2 28
9 35
9 46
1 71
2 20
9 2
2 87
2 96
2 98
4 69
10 2
