8 52
2 58
10 85
1 96
9 63
1 44
6 20
3 45
1 55
7 47
3 27
4 59
5 97
5 88
6 57
10 69
4 8
5 11
10 42
7 66
9 87
2 85
7 19
5 62
2 11
6 55
3 71
7 48
1 91
8 95
10 26
6 14
8 30
2 11
6 26
4 81
5 40
9 11
9 71
6 63
8 58
5 29
9 64
3 69
1 17
2 76
8 78
8 95
1 16
3 27
7 61
5 61
6 16
6 96
4 68
5 14
3 57
1 76
9 66
9 50
5 3
4 43
7 16
7 89
2 95
4 42
1 72
4 67
3 77
5 98
6 84
10 92
6 98
2 7
8 34
2 39
4 73
10 36
5 96
2 4
8 11
4 11
3 42
10 91
1 89
5 100
7 13
2 40
1 30
8 44
2 52
8 19
10 31
2 27
8 39
3 91
3 72
8 52
8 3
6 25
10 34
1 86
6 15
1 19
5 89
7 74
4 30
4 27
8 37
5 49
6 52
4 51
5 30
1 9
6 40
6 96
2 13
7 60
6 89
4 81
7 90
8 46
6 11
10 71
1 62
4 24
3 20
10 8
9 93
2 76
10 4
8 29
4 75
4 78
8 67
10 6
8 99
10 50
10 72
2 66
10 60
7 50
1 6
8 85
4 52
8 46
9 100
7 12
6 74
2 96
9 82
1 77
9 47
3 36
10 35
2 69
4 22
4 18
8 54
2 23
5 1
7 80
1 47
4 36
4 15
3 67
9 69
7 66
5 21
1 86
10 79
6 59
6 19
5 84
8 65
1 57
4 55
5 97
8 30
3 10
9 89
2 94
4 16
7 15
5 71
10 10
2 57
2 53
9 16
9 85
10 62
10 73
10 77
3 9
8 52
5 37
1 70
5 8
8 8
8 6
6 11
5 39
4 28
3 35
4 94
9 7
6 50
7 53
8 52
2 68
3 73
10 2
9 9
9 39
1 89
10 56
9 63
3 13
2 61
4 37
6 39
1 40
9 40
4 1
3 13
6 10
10 46
7 1
10 13
7 59
7 89
6 76
9 29
8 49
6 91
10 78
6 80
9 79
5 36
4 78
7 14
1 44
10 78
1 54
5 44
2 58
7 35
6 67
1 18
8 53
8 82
7 55
5 61
10 39
1 35
4 36
6 60
6 100
9 54
8 68
9 60
3 21
3 76
3 85
1 98
6 79
8 31
5 3
3 2
5 39
7 16
10 31
5 87
7 100
6 89
6 100
1 35
3 73
6 86
8 21
4 85
7 18
1 45
1 35
9 74
3 60
4 80
5 30
1 83
4 27
8 75
4 49
6 7
8 9
1 40
9 80
2 83
1 34
9 53
3 19
1 99
7 19
3 50
4 2
3 79
8 17
9 73
1 52
5 69
2 65
2 7
5 2
8 51
6 27
3 94
6 75
10 64
4 25
6 82
5 50
6 25
6 42
4 46
5 61
3 25
1 65
1 26
2 38
8 67
10 65
8 28
1 70
6 56
10 96
10 49
6 67
2 72
2 87
9 66
9 31
5 7
9 13
10 90
2 25
3 22
6 69
8 44
2 28
2 64
10 54
4 47
2 53
5 99
4 50
2 55
4 39
10 83
10 54
8 18
3 62
4 7
1 13
4 73
4 79
7 21
6 82
2 66
6 31
2 16
5 25
8 58
6 93
9 41
10 78
4 46
3 27
4 39
1 15
7 100
9 25
10 21
8 68
8 76
8 99
8 21
5 55
3 69
5 49
7 16
8 59
1 35
10 54
2 31
10 98
7 44
10 15
6 9
4 53
8 49
10 70
4 67
8 68
6 3
2 50
2 90
8 68
2 96
1 3
9 29
5 6
4 25
1 16
6 1
7 63
2 24
5 43
6 70
5 32
3 81
8 80
9 73
8 37
1 70
5 35
4 70
5 19
8 100
5 49
3 97
8 4
9 1
4 68
9 70
3 7
10 50
7 5
8 23
9 38
8 80
2 74
2 46
10 78
3 36
3 74
2 97
9 87
10 29
10 37
1 7
8 1
7 54
8 83
2 6
5 4
3 10
8 92
2 37
2 85
7 62
7 22
4 49
9 64
1 63
1 32
1 13
2 15
8 74
10 62
3 51
10 89
3 9
5 56
7 50
7 18
8 45
2 14
4 12
6 95
3 75
9 83
5 56
4 72
1 93
3 32
4 46
7 7
1 56
3 75
10 79
2 92
8 1
2 50
1 88
6 24
5 94
7 95
8 31
5 4
5 20
5 35
8 7
9 97
7 72
10 88
8 75
6 23
7 31
3 69
7 23
6 47
5 20
2 19
1 100
9 43
2 26
9 79
10 74
3 87
4 16
7 65
10 77
7 11
2 35
10 24
5 91
6 25
8 40
9 16
5 37
4 13
3 67
2 22
5 63
8 81
8 1
1 39
8 19
5 80
2 11
4 91
9 62
7 37
4 66
6 98
1 80
2 71
2 92
4 65
10 14
10 79
7 89
8 1
3 27
5 51
1 77
4 53
6 45
5 55
5 78
3 4
6 11
10 59
7 1
2 95
4 2
3 98
5 99
4 53
9 58
7 50
6 77
6 35
4 40
6 23
5 17
8 35
9 19
3 47
1 92
6 38
4 73
3 44
2 92
10 24
5 20
5 27
5 62
2 76
8 15
3 25
10 59
6 43
9 40
9 94
4 47
9 51
7 45
2 7
3 86
3 85
1 97
10 25
1 4
6 98
6 54
5 17
8 30
1 31
7 6
4 40
1 62
10 22
4 68
7 50
8 81
8 17
4 41
9 40
4 28
10 30
9 69
4 84
9 45
9 84
3 45
10 77
9 68
9 30
4 96
10 21
8 60
9 24
3 12
8 76
1 1
8 83
7 43
10 4
5 93
8 85
8 81
8 97
10 45
10 84
9 46
4 16
3 27
6 90
7 70
7 74
8 7
9 43
3 26
8 63
2 100
1 64
6 42
9 13
6 74
4 79
2 2
3 52
8 99
8 98
7 79
3 96
9 99
1 3
8 17
2 4
4 46
4 91
4 51
1 11
5 38
6 73
7 76
1 39
5 31
6 36
4 18
2 96
8 85
1 23
7 3
1 79
1 73
4 54
10 90
1 37
9 50
2 60
7 80
1 91
7 7
2 70
5 29
1 77
1 31
4 18
3 81
1 57
1 92
3 26
1 49
1 98
8 92
7 48
10 98
5 3
8 20
6 38
3 98
1 83
2 67
2 29
2 87
8 48
10 60
4 7
1 34
1 94
10 83
5 26
9 33
8 23
6 2
3 25
1 22
10 58
7 37
1 23
10 2
7 18
8 47
8 25
7 71
6 89
7 33
9 62
1 35
2 67
5 87
10 14
4 29
8 99
4 68
10 81
4 68
3 58
8 49
9 43
3 17
10 44
3 62
2 12
5 62
1 39
10 14
10 94
5 68
9 100
8 76
4 55
10 98
6 71
10 13
6 42
2 68
6 85
1 30
8 51
5 76
10 24
7 64
9 29
4 97
8 39
3 46
6 61
2 71
8 60
1 75
5 1
7 64
10 2
8 90
7 31
9 63
4 17
1 11
5 2
8 12
3 47
6 97
10 58
7 29
4 42
10 7
8 49
1 53
4 18
6 2
10 94
10 4
9 97
9 74
9 34
5 63
8 83
5 18
10 46
9 71
6 26
9 27
6 70
1 7
5 37
10 8
4 46
3 3
3 14
9 34
10 29
6 1
1 26
8 88
7 11
5 76
6 85
3 64
8 80
2 21
10 31
8 55
7 32
3 64
9 76
4 50
9 42
1 22
8 77
6 23
6 27
1 2
5 57
5 88
3 58
5 93
9 81
9 76
8 91
1 47
7 69
1 75
2 26
5 41
9 37
7 12
7 71
10 87
4 24
7 94
1 41
3 73
10 25
5 61
10 4
1 60
8 98
4 52
7 41
9 72
9 95
6 58
10 82
6 41
7 57
3 59
10 88
7 43
6 1
1 74
3 51
3 63
3 28
1 41
4 6
2 21
6 74
6 82
1 29
8 42
8 24
1 46
10 88
3 69
5 4
9 86
5 87
8 40
1 46
4 55
2 54
9 41
6 2
3 71
2 52
1 51
4 34
5 75
9 57
10 28
8 82
3 53
3 85
6 66
7 63
3 77
4 36
3 60
8 95
1 33
5 74
4 72
9 41
7 3
3 14
4 76
1 95
1 19
4 5
6 35
2 6
7 100
3 22
5 58
8 49
6 17
3 56
4 33
1 35
7 62
3 52
4 61
8 23
7 21
6 62
2 49
9 76
3 83
8 49
6 15
8 8
8 62
1 22
2 98
10 27
4 66
5 43
6 95
6 27
7 39
4 97
1 57
5 54
5 98
9 84
1 27
1 93
5 81
1 83
1 90
10 29
7 13
10 30
9 34
9 53
7 24
5 18
3 12
3 93
10 22
2 61
1 30
10 35
3 21
5 60
9 31
2 53
10 71
9 3
10 34
4 67
9 80
1 4
5 68
9 79
3 22
1 41
