7 72
6 65
10 67
7 23
2 96
8 26
5 55
10 7
5 34
5 67
10 100
3 98
1 15
1 23
8 99
3 29
9 89
1 56
4 21
8 31
3 98
8 99
5 73
7 40
10 18
9 51
9 91
4 96
9 5
1 31
1 64
5 91
9 15
1 10
3 98
1 4
1 62
3 83
7 91
10 72
1 8
10 16
8 83
6 70
3 63
8 81
7 48
10 74
4 58
1 24
7 3
3 52
4 39
6 31
2 94
8 91
4 61
9 15
3 25
3 36
9 93
8 41
3 66
7 45
9 58
3 49
3 91
1 16
5 18
8 48
5 1
6 56
10 5
8 15
10 28
10 17
2 42
2 99
3 91
9 69
9 19
9 97
2 38
6 71
9 19
7 13
8 8
10 76
3 47
7 96
1 85
8 45
5 16
10 92
10 78
5 10
5 1
10 56
4 69
2 67
5 51
3 66
10 84
6 99
4 93
8 66
9 71
5 50
4 34
8 10
1 20
3 64
4 99
9 58
10 11
9 37
4 64
5 3
4 4
7 32
9 14
1 93
6 10
3 62
2 83
5 87
8 36
9 70
7 47
2 39
8 65
8 12
8 31
9 76
6 41
4 80
3 97
10 58
5 79
9 74
9 29
8 34
3 98
10 41
7 83
5 64
4 70
1 61
10 7
4 18
2 94
9 74
7 100
4 59
1 41
4 9
3 38
5 15
8 94
7 84
1 69
5 51
3 22
3 16
10 22
7 91
10 75
5 100
6 69
1 94
8 53
10 88
1 87
10 38
7 70
2 52
3 99
2 42
9 82
9 16
5 67
1 93
4 41
3 28
10 65
7 46
10 10
6 55
2 88
8 67
4 71
10 1
4 26
3 36
9 5
5 38
6 81
9 19
6 15
3 86
3 77
6 99
7 56
1 9
3 17
9 55
3 99
1 50
8 26
4 9
5 44
10 78
4 78
8 81
2 18
7 47
8 7
9 5
4 44
9 47
7 34
9 52
4 25
7 76
2 59
5 14
7 66
6 11
5 80
5 51
5 41
10 91
10 64
1 25
4 53
8 49
5 55
3 72
7 14
4 39
10 9
1 45
5 28
3 62
10 57
1 86
10 12
3 2
1 87
6 21
4 44
9 30
4 12
6 6
7 69
4 2
3 84
6 48
1 84
2 99
2 87
9 84
3 28
8 19
3 58
7 39
9 56
3 99
7 12
10 22
1 15
9 82
5 4
5 37
3 45
8 93
8 51
3 91
1 4
4 35
1 96
6 26
7 5
8 12
1 89
7 72
9 19
9 99
2 9
1 14
10 64
8 53
4 13
10 70
1 57
6 57
6 5
5 90
2 44
9 96
8 45
4 41
10 97
4 36
1 2
4 38
8 31
2 63
4 25
2 65
3 50
6 83
5 96
7 3
8 20
4 8
3 98
4 35
6 94
8 22
10 53
10 42
8 42
10 98
9 22
5 52
4 23
6 26
6 6
7 37
2 38
1 28
10 14
3 88
9 29
6 25
9 48
1 72
8 80
10 19
10 46
6 67
2 81
3 41
8 100
1 45
8 81
10 79
4 42
3 79
8 78
8 84
4 92
10 98
10 13
4 62
8 100
6 15
1 71
2 86
9 20
5 29
9 34
3 22
3 86
3 84
1 54
5 100
1 9
8 18
1 6
2 58
10 83
7 74
1 70
3 10
10 7
4 63
5 4
6 97
6 70
9 43
5 5
8 81
3 52
9 10
1 58
1 28
8 29
1 26
6 93
1 56
5 29
10 18
9 55
9 79
5 18
9 1
4 54
5 50
10 99
7 53
9 1
5 36
2 28
1 66
10 97
9 1
5 42
7 30
3 100
8 73
8 46
8 60
8 85
6 80
6 70
4 31
6 56
5 57
9 45
5 10
7 72
7 5
5 22
2 7
5 70
7 82
6 77
6 74
7 50
6 19
6 27
1 5
8 23
2 28
4 13
5 22
3 45
3 48
8 73
2 66
5 81
5 80
1 41
1 38
5 70
8 90
3 81
1 25
7 76
4 48
10 42
10 35
10 61
6 37
5 78
5 33
7 62
2 64
7 13
9 20
2 61
8 2
10 4
6 61
9 77
8 74
1 53
1 39
4 43
1 32
5 31
3 50
9 17
5 9
3 100
8 56
3 62
1 67
7 39
7 64
6 62
10 94
10 37
10 88
9 60
10 11
9 70
7 8
9 72
5 81
2 35
8 18
8 81
8 88
9 7
8 54
10 30
9 12
5 52
3 97
5 30
7 80
8 37
3 87
9 93
4 85
10 43
6 47
6 38
7 50
3 77
1 91
9 65
2 19
5 57
3 2
10 100
1 4
5 86
1 63
3 44
4 8
9 22
2 65
9 94
6 76
6 67
7 55
7 64
10 100
6 11
8 95
3 27
7 58
9 62
6 85
3 56
8 24
2 5
8 6
3 1
2 3
10 18
6 87
8 38
10 98
7 32
2 48
10 62
7 51
5 49
7 59
7 45
5 94
9 76
2 69
1 2
2 99
3 2
7 17
5 20
8 62
7 54
8 10
8 78
2 91
9 71
10 7
1 44
4 33
4 75
7 90
7 13
8 72
8 47
10 59
5 1
10 36
5 55
5 43
6 90
3 89
2 16
9 24
9 32
3 27
10 49
8 33
8 43
1 9
6 37
5 48
10 25
4 48
8 25
5 97
6 42
8 38
10 60
7 74
8 62
2 53
3 100
1 63
5 31
10 3
8 100
5 88
3 5
1 45
5 53
6 15
7 15
10 62
6 23
2 77
6 1
2 62
10 27
1 78
4 49
7 73
5 60
5 39
4 4
9 4
1 75
7 69
4 60
7 88
6 24
3 81
4 29
4 15
9 57
4 20
7 18
8 68
4 16
3 33
6 79
9 60
5 63
4 32
5 58
3 49
1 57
2 86
7 75
6 16
4 79
6 48
6 5
8 48
8 58
5 55
1 45
3 2
2 41
6 82
10 32
8 5
10 72
3 85
3 78
10 68
2 70
10 50
3 39
10 17
7 44
8 12
8 14
10 90
2 37
9 49
1 74
6 95
8 31
1 81
3 31
6 20
7 64
9 58
8 63
6 90
1 15
8 31
9 79
5 35
8 14
1 79
4 41
9 100
1 68
3 94
8 45
10 68
7 66
9 40
5 66
8 27
5 28
2 26
10 35
10 2
10 90
3 50
5 80
6 3
3 72
1 20
10 12
4 84
5 64
4 73
10 75
7 98
5 65
8 1
3 63
8 79
3 79
4 9
8 68
2 2
5 67
1 71
7 21
9 15
4 74
5 67
9 38
2 73
2 27
10 18
6 18
7 57
1 79
2 45
10 32
9 2
10 29
4 95
3 75
2 77
7 56
6 36
2 96
6 17
8 50
5 14
3 96
4 53
9 20
1 48
10 92
3 50
8 42
8 61
10 27
3 72
9 90
7 67
9 88
3 57
8 33
6 22
6 22
9 59
7 27
2 56
2 17
4 12
1 86
5 12
10 40
4 26
6 75
3 68
3 38
7 42
10 70
3 85
3 79
6 10
5 76
1 79
7 18
4 53
10 29
2 68
9 91
8 83
3 9
1 3
4 87
3 100
9 76
8 39
4 92
1 71
10 75
1 55
6 4
3 77
10 38
4 65
4 94
2 5
10 14
3 69
7 94
8 2
10 66
4 36
3 92
1 82
10 80
4 99
7 14
6 43
10 95
5 95
6 100
9 66
10 64
9 20
10 44
3 5
6 46
9 24
1 20
9 42
9 39
6 79
3 72
8 64
10 86
3 62
5 82
3 18
10 1
5 94
8 16
2 37
10 26
5 27
8 87
2 80
6 32
4 76
6 11
1 11
9 100
3 10
4 99
6 50
7 38
4 82
7 67
5 65
3 79
1 34
5 57
7 88
2 74
2 32
4 30
7 69
5 38
9 60
2 84
1 14
3 31
9 40
1 68
1 54
4 54
10 76
6 43
10 69
7 15
1 25
1 62
7 42
5 38
9 59
1 63
9 46
1 20
10 48
10 99
8 4
8 21
8 28
10 64
10 56
7 13
4 85
5 70
6 97
1 69
3 59
8 15
4 93
10 29
3 79
4 73
1 86
8 53
1 93
1 32
7 100
5 2
7 42
4 19
1 76
6 79
9 44
9 33
9 8
9 98
9 39
5 97
3 57
2 70
2 52
10 44
10 75
9 64
8 47
4 60
4 84
9 60
5 78
6 48
6 95
9 86
1 78
5 52
8 16
6 67
9 50
10 47
2 3
9 28
5 1
1 61
7 60
3 31
3 74
3 5
5 37
1 35
5 83
4 41
1 93
5 66
2 64
3 14
7 92
4 6
1 90
7 75
7 50
9 30
1 18
2 82
10 75
2 55
5 66
8 40
8 22
7 42
6 32
1 44
2 47
2 42
7 72
2 9
5 87
2 16
1 20
3 86
7 52
3 40
7 11
1 50
4 15
6 74
2 84
6 70
1 100
10 24
3 93
6 63
5 58
