6 78
1 46
4 86
1 27
10 69
10 29
8 69
4 59
8 53
3 45
7 26
6 24
9 55
2 76
2 82
10 77
6 22
8 53
7 76
10 29
3 95
5 71
8 72
7 5
2 2
8 53
3 35
2 96
1 25
10 24
3 80
9 74
1 25
8 34
6 39
1 68
4 77
7 95
1 49
2 83
9 13
2 99
10 48
7 6
1 52
5 69
9 30
1 14
6 59
7 47
5 43
3 57
4 99
8 49
3 21
7 26
3 76
6 41
4 9
9 33
10 62
3 65
10 93
6 69
8 96
8 94
10 77
4 95
3 29
8 17
7 87
6 77
5 40
8 17
8 21
6 78
7 97
8 50
7 32
10 70
2 20
5 34
3 12
1 96
8 19
2 95
1 24
7 86
2 64
6 89
9 84
3 28
1 90
9 47
2 63
2 74
2 7
8 3
5 37
7 41
7 97
4 59
10 87
1 70
7 42
3 24
7 55
3 92
7 89
5 28
8 87
3 57
1 61
3 17
8 87
2 17
1 46
8 38
9 33
7 40
5 1
4 39
7 57
6 6
4 42
3 41
8 39
3 26
3 65
6 64
7 38
1 25
4 36
7 75
8 49
6 78
8 68
3 84
3 47
9 53
9 93
10 22
8 16
4 26
2 9
3 93
6 31
6 37
3 5
6 45
9 87
2 37
8 45
10 100
3 96
3 6
5 82
2 47
8 21
8 93
7 7
9 34
2 33
9 16
5 14
5 50
4 20
3 100
10 6
4 60
1 32
6 33
2 45
5 17
4 30
9 10
10 5
2 17
3 21
10 75
3 76
8 38
5 91
1 96
1 81
3 63
2 28
2 26
3 37
2 75
2 40
5 6
7 69
4 25
5 94
3 70
3 1
2 83
4 44
10 33
10 60
6 1
2 47
10 44
2 100
3 53
4 82
1 64
1 32
6 86
4 20
6 16
7 10
3 54
9 48
6 91
7 72
5 2
4 34
3 79
6 36
10 59
6 13
6 74
7 50
4 8
6 64
4 87
4 71
5 40
3 30
8 77
9 45
6 94
10 92
5 81
1 3
3 5
7 16
1 30
2 75
10 7
3 25
1 92
9 59
10 92
7 99
8 43
4 31
6 14
8 50
9 64
8 3
5 39
6 99
4 32
5 99
9 24
3 36
4 54
2 76
8 66
7 74
5 71
5 78
8 20
4 74
6 16
3 81
5 54
5 43
9 93
2 38
10 70
10 60
2 75
1 93
3 94
2 88
4 51
6 98
4 6
3 75
2 47
9 37
1 89
7 31
10 37
7 63
4 81
10 33
5 35
3 21
7 16
1 48
3 43
10 46
8 27
3 2
9 23
6 31
8 91
2 4
4 92
5 12
4 45
2 88
8 27
1 90
6 61
6 34
2 41
10 88
7 3
7 17
2 8
9 71
8 62
1 89
6 93
10 44
4 34
3 96
8 51
6 54
6 95
10 55
4 3
7 78
9 63
9 44
4 40
9 25
9 10
10 42
3 33
6 26
8 12
9 46
9 71
4 70
9 20
7 6
6 77
2 90
4 1
3 18
7 97
9 73
8 65
10 68
5 63
2 19
6 48
3 97
3 70
10 79
9 7
3 95
9 21
6 86
3 74
2 59
6 67
6 38
4 28
1 22
10 76
2 44
6 52
8 22
9 17
6 31
3 68
2 27
7 45
4 47
7 11
8 64
9 51
7 94
1 24
5 21
4 24
5 35
5 18
10 8
4 80
5 63
5 11
9 42
6 1
7 9
2 67
6 68
10 17
1 71
3 20
2 84
5 95
8 37
1 93
10 63
8 6
9 47
1 96
4 79
1 67
8 28
2 42
7 55
5 85
10 27
9 16
10 96
1 68
6 90
10 45
2 28
2 100
9 70
10 20
4 30
7 37
7 28
8 28
9 62
4 22
3 60
5 12
3 40
3 56
3 49
5 22
4 86
10 62
2 22
8 70
7 23
6 35
5 73
2 50
1 77
5 21
4 43
9 24
1 64
9 2
5 100
5 89
10 33
10 27
3 6
7 13
2 7
4 46
10 46
8 54
4 10
10 70
6 16
8 72
10 97
6 71
7 2
10 16
10 2
4 12
3 21
3 35
1 90
7 86
5 49
7 14
10 95
9 16
4 71
9 53
6 74
5 47
8 78
10 61
10 33
10 72
5 69
10 64
1 51
7 11
2 69
2 13
7 32
8 84
5 60
2 54
3 87
8 13
9 90
10 23
4 56
8 8
6 8
10 10
10 10
2 12
8 25
7 6
9 16
8 65
9 55
7 39
9 61
4 10
3 52
8 58
10 33
5 80
9 15
8 82
6 47
3 94
5 54
6 32
4 27
5 24
9 3
3 40
7 7
9 18
6 42
8 18
8 32
4 80
7 30
4 69
1 43
3 57
8 97
10 92
2 38
8 37
10 14
6 1
3 78
7 100
6 26
7 87
4 28
10 51
10 45
6 2
6 26
4 88
5 32
3 39
3 80
6 12
3 31
4 78
2 77
10 89
2 9
2 10
10 1
1 30
6 96
7 69
9 31
2 12
5 76
10 70
4 42
9 76
5 21
2 24
2 65
6 85
9 83
3 58
4 84
3 20
10 91
7 26
1 66
1 68
3 17
1 96
10 19
7 89
1 21
7 93
10 57
3 31
6 48
4 74
9 68
7 50
6 90
2 53
8 92
7 81
8 7
10 1
7 31
9 53
2 43
5 87
10 69
3 20
7 4
4 88
9 58
3 60
4 69
1 10
5 8
8 63
7 57
1 77
8 31
8 22
3 20
10 89
3 74
6 64
1 78
1 32
5 41
8 9
10 51
3 38
4 10
5 1
5 81
4 28
7 82
2 37
3 38
9 23
10 39
10 42
7 60
6 32
1 53
7 91
1 2
10 96
7 35
4 37
9 34
4 2
6 57
10 89
3 54
2 53
1 25
2 87
6 97
9 57
6 95
8 87
7 40
8 67
4 98
4 36
3 15
6 68
6 59
5 27
2 75
8 64
6 63
8 19
4 4
8 48
6 62
4 100
6 42
10 29
5 8
6 29
1 62
9 92
1 36
1 7
5 47
7 22
1 65
9 77
10 98
2 88
6 27
5 28
1 32
7 10
8 20
8 10
4 97
3 20
6 97
2 96
3 53
1 33
4 92
5 14
4 28
8 5
1 61
10 87
9 23
5 96
1 23
1 56
2 77
5 11
3 9
3 99
2 12
5 12
1 95
1 70
3 28
2 95
9 84
1 15
7 1
10 84
4 16
4 94
5 42
9 77
4 93
5 100
9 46
10 59
6 47
6 16
6 39
4 34
2 5
1 98
4 2
1 83
7 67
7 41
2 68
9 67
7 52
8 83
8 85
8 6
10 27
2 77
4 29
3 82
8 55
3 89
1 96
6 96
5 5
10 53
3 63
4 59
8 6
3 99
8 2
9 50
10 35
8 76
10 94
9 92
5 59
9 95
3 38
9 83
7 5
2 37
9 27
7 59
5 4
9 76
9 94
2 21
10 84
2 54
8 5
3 26
1 68
6 1
1 100
3 24
9 95
2 14
9 96
6 41
8 29
8 84
6 11
3 81
1 9
3 15
5 88
7 2
10 31
2 79
4 65
3 27
2 68
10 68
10 9
7 59
1 62
8 8
6 62
1 65
1 51
5 91
3 2
1 91
7 98
1 8
6 87
3 37
2 52
2 78
4 100
9 77
1 10
10 75
4 19
4 89
9 17
9 37
5 78
4 93
1 52
10 65
6 84
5 76
6 45
9 41
3 15
2 97
4 50
7 95
1 65
10 69
5 51
2 46
8 46
8 61
4 6
4 93
10 37
5 58
2 21
8 73
8 12
10 96
9 1
1 81
4 82
6 37
6 46
2 49
9 92
8 57
7 51
2 98
5 70
6 14
9 16
3 61
2 73
6 51
8 35
7 29
8 5
3 30
4 65
6 67
6 1
7 67
6 12
8 42
5 36
1 52
3 1
5 90
3 59
3 92
4 53
5 66
8 13
9 34
5 37
2 64
6 13
7 18
8 7
4 45
3 41
6 72
8 8
3 60
5 82
1 17
7 62
1 29
1 76
10 71
5 29
10 4
2 80
6 90
9 7
8 40
7 13
5 66
2 70
5 98
3 50
10 61
8 42
9 34
10 88
9 76
2 98
1 46
7 42
6 11
8 49
2 83
1 78
3 95
5 54
9 93
8 91
5 68
6 6
1 4
2 30
2 1
10 95
2 51
3 23
8 33
3 12
10 22
8 7
7 50
3 81
4 29
3 61
8 7
7 45
1 68
1 30
5 46
9 60
4 74
4 83
2 28
10 33
7 20
4 80
9 90
10 30
7 45
10 60
1 100
8 28
7 77
6 29
7 96
9 86
5 80
3 38
9 37
5 51
3 38
5 36
9 5
8 81
8 98
10 43
5 53
8 74
1 45
5 1
9 13
2 56
3 73
5 35
10 83
10 14
1 60
8 12
7 27
1 83
2 43
