6 98
5 89
3 80
2 55
4 66
9 89
1 53
8 70
7 61
10 58
6 31
10 62
6 9
7 3
5 20
10 26
1 20
8 95
9 37
8 7
3 33
5 25
5 14
10 63
8 2
9 67
6 34
7 20
3 41
3 84
10 34
5 1
1 33
7 47
10 15
4 6
10 39
6 35
5 86
5 49
8 35
10 39
4 52
9 97
3 31
8 36
4 8
1 55
1 96
6 64
2 38
1 100
4 22
1 95
7 72
1 72
5 74
8 74
2 70
4 99
2 83
2 93
4 55
9 23
4 19
1 14
4 71
8 59
10 24
8 29
6 100
6 75
8 18
4 76
8 31
3 10
5 77
7 94
10 14
5 11
3 5
1 77
9 5
10 77
9 79
5 22
2 55
4 19
6 74
9 81
8 64
3 20
3 69
10 95
1 25
7 68
2 77
8 49
9 21
7 42
9 77
10 17
8 24
6 48
10 24
2 13
4 28
6 67
1 74
9 57
9 1
4 45
2 4
9 87
5 82
7 63
5 3
10 14
10 72
8 89
3 30
5 97
1 71
9 99
4 94
4 74
6 90
7 56
3 47
9 34
1 56
9 72
9 21
10 25
1 46
3 39
8 5
10 32
1 58
10 69
3 11
1 40
6 54
8 26
6 56
8 53
6 68
2 93
2 55
4 10
7 70
4 46
2 33
8 9
3 20
10 65
7 27
1 82
9 23
6 66
7 8
6 74
8 82
8 89
6 29
6 17
4 25
1 61
1 78
2 34
10 9
6 95
4 68
9 44
2 13
3 21
3 19
7 64
8 56
6 41
8 75
5 19
4 14
4 41
3 8
9 7
6 74
6 62
8 43
9 50
4 35
8 31
5 8
2 56
10 89
4 69
3 56
8 90
9 14
4 86
5 63
8 46
4 14
2 31
8 73
4 44
10 5
4 80
8 1
4 88
8 74
10 52
4 30
5 96
7 100
4 55
10 78
8 20
1 30
7 38
6 44
6 26
5 44
5 19
7 1
1 26
4 17
10 31
4 48
6 52
2 36
2 33
1 99
5 86
5 5
4 90
10 9
9 9
7 43
9 100
1 35
7 76
6 41
8 85
2 61
5 58
2 59
1 71
6 61
3 15
4 48
1 24
7 63
2 68
4 2
5 5
5 49
2 32
4 59
10 31
3 74
5 3
10 40
6 75
8 7
3 43
2 2
1 79
9 4
1 66
8 38
4 24
4 69
7 29
8 42
5 81
10 16
3 37
2 92
1 11
2 14
8 50
3 27
6 44
9 67
7 33
5 35
6 86
5 41
5 67
10 47
6 91
8 41
1 78
1 2
4 87
1 19
10 64
10 40
5 75
2 3
3 45
7 27
6 38
1 55
4 87
2 1
2 32
4 58
9 13
3 6
2 20
5 96
3 2
4 68
1 20
9 34
10 68
3 57
2 65
5 68
2 83
10 76
9 5
9 43
6 57
3 97
8 86
4 78
6 66
5 92
6 26
5 38
9 19
3 54
5 83
5 8
6 61
4 85
9 17
1 24
7 49
9 18
10 25
9 93
3 50
2 71
6 2
7 21
1 19
8 80
8 47
4 15
1 20
7 19
9 61
1 32
7 42
8 86
5 56
5 89
10 89
4 13
10 7
10 17
4 75
5 66
5 94
2 33
7 100
3 51
5 1
9 73
9 97
9 68
8 56
9 61
6 71
1 7
9 6
7 79
6 91
8 97
7 4
2 65
4 41
5 28
6 17
8 66
8 75
10 60
1 52
10 91
2 36
10 48
1 91
3 83
3 79
7 88
10 84
8 5
10 59
10 26
5 44
4 54
6 10
10 47
8 25
4 18
10 1
3 12
3 69
7 89
5 87
8 24
8 35
3 64
8 35
6 70
2 86
8 42
2 52
2 49
8 67
5 33
10 8
2 85
6 25
10 17
4 20
10 32
5 88
10 73
3 71
6 31
4 21
9 35
10 72
6 88
8 17
10 6
1 7
4 84
4 3
7 7
4 88
8 60
5 61
4 45
1 69
5 6
9 59
4 71
6 62
4 34
8 45
6 23
1 9
5 95
9 87
3 22
6 1
7 97
10 44
2 5
10 4
3 78
6 69
2 95
6 31
4 67
4 100
10 25
8 70
10 81
10 80
6 68
10 26
8 98
3 13
1 23
5 84
10 51
9 98
4 39
7 77
10 50
1 25
4 36
7 58
1 27
2 26
7 11
10 3
5 56
3 9
2 24
7 9
8 74
1 15
7 79
8 54
9 67
8 86
3 60
7 33
2 4
9 15
10 13
1 76
10 10
2 100
4 48
8 12
7 74
9 84
6 3
5 69
4 11
8 95
1 69
10 23
7 44
6 49
2 56
3 62
9 72
10 6
10 35
8 91
7 48
3 60
8 15
7 94
9 53
7 22
9 91
8 13
2 32
4 24
3 9
10 15
5 35
3 18
9 68
7 36
10 95
6 44
8 82
10 61
5 85
3 93
3 94
2 66
5 11
9 42
8 4
7 53
3 78
5 69
2 25
4 90
4 75
4 32
3 42
8 62
9 20
3 73
8 41
7 70
3 14
5 77
4 65
5 91
5 90
6 46
10 9
2 53
7 45
9 71
7 25
8 89
9 54
2 89
5 78
3 77
6 4
7 69
10 4
5 37
6 58
1 15
4 19
1 29
10 25
10 82
3 5
4 75
6 86
9 86
5 19
6 91
5 33
6 84
9 17
4 43
2 87
7 81
6 13
5 98
6 45
2 25
9 72
7 71
10 52
6 24
3 6
2 65
8 18
10 83
2 40
6 21
1 43
2 67
7 53
3 13
9 67
2 27
2 59
5 93
5 12
7 54
6 93
4 93
3 31
8 77
10 60
5 56
9 9
10 11
3 44
1 32
6 91
2 21
8 6
8 85
5 11
8 49
9 45
9 17
5 10
4 84
4 91
5 38
2 26
2 50
1 10
9 53
7 88
10 18
4 33
5 47
8 29
2 45
3 94
3 24
8 33
7 65
3 35
10 53
9 4
3 71
1 51
4 87
1 62
10 20
4 40
7 15
2 16
7 97
9 24
10 50
1 16
8 16
6 38
9 28
4 43
2 87
6 11
5 2
8 82
8 52
1 63
8 62
9 71
5 50
5 83
6 91
5 10
5 44
6 62
6 79
10 46
3 38
9 50
8 38
9 71
10 81
3 77
4 70
5 83
2 7
8 75
2 7
2 35
8 50
1 48
2 38
9 45
4 68
9 88
3 36
4 33
1 17
7 32
2 89
10 38
9 34
4 68
1 43
8 24
2 77
2 8
5 14
6 97
4 72
9 9
1 74
1 1
1 81
4 43
2 42
2 84
4 53
8 93
3 29
9 20
8 47
3 2
5 81
1 9
6 22
4 32
4 74
2 31
7 81
3 25
9 21
1 3
4 8
2 48
5 19
3 64
2 30
3 98
5 21
3 37
10 24
5 51
3 83
5 93
2 36
1 15
7 95
3 50
3 48
3 55
7 84
4 74
3 26
6 56
1 17
6 46
8 20
9 56
1 41
6 37
2 11
10 97
6 42
10 42
8 9
9 60
9 56
6 69
1 72
9 59
8 61
8 12
3 63
5 24
4 4
7 39
1 5
4 20
5 56
4 25
8 63
5 97
2 95
7 75
9 100
3 53
4 29
5 73
6 12
8 67
8 45
2 18
4 43
8 50
3 16
10 75
7 89
9 91
6 14
7 84
10 90
3 4
3 45
10 32
6 4
1 34
3 94
4 98
6 33
8 96
6 81
10 39
10 40
2 14
2 63
7 48
4 13
3 46
10 78
7 2
9 51
10 43
10 29
7 36
4 15
6 81
10 18
7 61
1 79
5 54
10 8
10 16
7 69
3 49
8 75
9 97
3 8
6 14
5 97
8 79
2 24
7 67
10 20
2 89
8 83
9 11
4 16
4 16
2 8
6 38
9 15
1 36
5 20
7 37
8 25
1 12
4 12
3 77
2 88
1 73
4 48
1 73
1 51
6 10
8 20
3 73
1 28
3 72
10 39
8 7
5 84
2 70
1 69
7 34
10 47
3 90
8 62
6 19
2 49
10 37
7 86
1 34
7 2
4 88
5 20
5 32
6 71
10 89
6 41
1 40
9 3
9 70
9 88
3 87
3 75
5 30
2 45
1 13
7 19
9 29
10 84
1 3
9 55
7 38
9 33
8 57
8 14
3 80
7 67
3 35
4 7
7 91
10 94
9 10
10 44
2 94
7 23
7 70
7 45
4 68
2 84
4 15
9 39
9 33
8 62
5 61
6 43
3 56
1 37
5 97
9 14
3 7
10 44
10 39
4 52
4 4
5 19
6 36
2 2
1 88
6 90
9 59
5 42
3 92
3 69
8 78
7 100
8 9
10 88
1 23
10 4
1 1
8 98
9 29
4 76
3 73
5 99
2 54
6 88
9 99
3 63
8 60
7 9
5 75
10 70
9 74
2 29
9 3
1 24
10 14
3 95
7 21
9 60
