6 2
8 58
10 24
8 76
10 12
4 72
6 93
9 8
7 45
4 12
2 24
6 24
6 2
9 87
6 7
8 58
6 85
6 62
3 30
10 91
3 9
2 42
9 72
1 53
5 28
6 10
6 89
5 79
3 29
8 94
6 100
5 98
9 37
10 56
8 96
3 63
9 3
10 31
7 52
10 29
7 54
6 82
6 80
1 17
6 27
5 39
8 7
4 22
8 86
8 46
8 97
10 17
9 68
4 17
7 68
10 47
10 3
10 31
2 8
5 55
10 18
10 38
5 80
4 99
2 8
7 35
9 77
9 76
10 90
7 59
3 48
8 24
6 99
4 73
3 54
6 41
9 89
1 36
2 17
1 5
4 47
5 35
10 17
2 97
9 58
5 5
4 1
5 40
10 18
4 52
9 1
10 42
4 47
2 75
7 35
4 52
5 82
6 58
5 52
1 40
7 92
4 83
5 70
3 6
4 39
10 48
1 33
5 28
6 54
6 73
4 8
10 79
1 51
5 61
3 87
10 84
8 48
4 69
2 7
3 75
5 84
2 6
6 75
6 100
8 96
10 41
9 63
5 46
4 64
4 98
6 93
9 86
4 82
9 99
3 89
9 99
6 79
1 72
10 46
6 57
10 75
6 35
2 81
5 15
9 31
1 35
1 2
1 38
2 45
5 2
8 36
6 93
6 30
3 64
6 63
9 77
9 65
2 83
9 69
3 8
3 78
6 35
10 47
9 51
10 75
7 29
5 7
1 98
2 63
8 33
3 49
8 93
7 83
4 77
8 75
8 6
5 82
7 42
7 23
7 58
2 55
9 56
10 30
6 82
5 23
1 63
1 48
4 88
9 1
9 30
7 88
3 40
9 31
6 20
2 23
3 31
9 12
9 27
1 89
9 8
8 98
6 14
2 93
3 31
6 95
10 25
8 76
2 63
10 13
2 85
9 34
7 70
7 51
6 30
9 97
9 29
6 36
5 99
4 15
7 38
10 93
7 61
2 41
9 15
8 80
7 6
2 48
1 54
5 61
2 53
5 38
3 16
2 49
5 56
3 87
7 8
9 22
9 44
2 97
9 11
6 36
1 89
9 46
9 19
3 12
3 81
9 15
1 46
7 9
3 15
3 32
8 14
2 100
2 73
10 36
9 92
6 57
9 88
4 87
2 55
3 29
3 13
6 60
8 67
4 75
9 91
4 78
4 28
3 62
4 73
9 73
9 78
5 31
3 82
7 32
10 48
4 8
4 84
9 74
7 51
4 73
7 80
9 26
2 89
10 87
10 22
10 40
3 92
10 21
5 7
8 60
6 30
4 45
8 100
2 12
4 53
8 94
10 86
5 4
4 90
2 28
6 90
1 50
4 47
4 73
10 75
2 35
1 58
7 68
8 73
2 46
1 14
8 97
9 45
2 6
8 42
9 26
1 99
1 14
3 83
8 13
9 67
9 46
9 40
8 40
4 17
7 37
7 13
1 47
6 94
9 42
10 43
6 15
1 43
4 65
8 79
1 18
8 57
2 5
1 60
10 95
10 17
9 28
5 24
7 84
3 3
4 48
3 87
5 92
8 13
4 6
10 24
8 68
7 59
3 30
4 81
7 56
8 38
6 84
1 12
1 45
3 86
2 83
8 46
5 57
8 94
9 9
4 94
4 4
3 8
7 67
2 16
3 46
7 47
6 20
6 96
1 96
8 18
9 99
4 6
10 14
1 88
1 19
4 92
10 51
3 8
10 68
5 13
1 58
8 52
5 84
6 42
4 2
10 19
8 57
2 88
9 10
4 4
4 79
3 7
10 12
7 71
1 32
2 7
9 85
9 49
3 37
3 67
7 70
2 2
7 92
10 63
9 79
6 19
2 66
1 35
5 2
1 21
7 71
10 55
5 57
9 10
2 27
5 42
1 2
9 85
6 88
3 77
5 52
6 20
7 23
4 95
3 41
2 87
6 94
9 12
2 83
8 11
2 24
4 88
5 69
7 82
1 14
1 19
2 8
6 95
3 18
2 80
3 89
8 7
2 44
9 4
10 51
2 37
9 74
10 77
4 26
2 23
10 94
1 29
5 73
7 28
4 56
7 54
1 45
1 87
3 18
3 40
4 41
8 15
7 41
3 80
1 79
3 42
3 50
4 10
7 45
9 79
10 44
7 68
4 78
10 50
3 39
8 83
6 80
6 53
10 56
7 70
7 70
4 26
10 1
4 43
9 49
4 69
3 87
1 87
8 33
8 8
4 11
8 35
5 26
7 79
6 51
2 11
9 77
3 75
3 88
4 31
10 49
3 4
2 68
4 74
8 12
3 10
6 71
8 45
3 86
2 57
6 59
3 66
2 10
1 86
8 89
8 59
9 29
9 58
7 11
6 94
6 84
5 66
8 78
9 88
5 11
8 87
8 31
6 28
3 54
1 41
1 67
4 3
3 61
6 34
7 41
9 27
7 61
8 62
9 48
5 54
6 87
6 38
5 48
2 85
4 93
1 78
4 27
4 7
6 65
2 36
1 9
5 33
6 67
9 80
5 26
1 16
7 84
9 68
10 81
6 48
4 67
1 96
10 72
2 38
5 21
2 80
3 28
2 99
8 18
5 22
3 60
3 49
9 71
7 71
5 82
8 10
9 28
10 19
7 79
10 40
4 73
6 59
6 13
10 30
10 34
2 83
7 97
1 95
5 72
2 26
1 60
8 75
8 79
4 75
6 55
5 3
4 12
3 39
1 45
10 5
3 79
4 28
4 89
9 11
4 47
8 49
1 62
3 18
9 6
2 88
1 24
6 61
9 96
9 70
2 82
10 61
2 64
8 71
4 36
7 16
1 68
3 12
3 32
2 64
9 83
10 47
1 47
7 31
10 51
2 83
5 83
1 62
8 59
5 65
2 15
5 91
5 55
5 20
7 59
3 93
1 48
10 62
2 99
2 80
10 38
5 78
8 45
8 55
10 82
9 31
2 6
2 48
2 28
10 32
5 67
7 64
10 75
5 75
4 65
5 13
4 50
2 23
7 58
7 70
8 6
2 92
10 4
1 66
9 46
3 75
9 7
3 78
3 26
8 1
9 24
2 62
3 5
6 86
4 2
1 88
5 23
2 24
4 85
6 10
4 31
6 27
7 55
7 51
5 99
5 48
6 92
1 74
10 44
6 24
9 68
10 84
3 90
4 87
10 45
7 88
4 69
9 79
5 91
5 66
3 15
10 8
10 74
5 18
8 59
8 4
8 36
5 8
5 85
9 29
6 49
8 15
9 98
7 15
2 44
8 52
8 94
2 53
5 14
9 38
4 26
4 41
9 67
3 89
1 25
1 83
2 57
3 4
8 24
6 76
3 18
1 32
1 100
7 52
9 94
9 65
3 32
6 9
9 92
4 10
4 13
2 11
8 48
10 19
9 24
4 100
10 80
10 4
3 16
5 96
1 12
3 36
8 91
1 67
9 36
4 32
9 7
1 63
10 46
10 91
5 26
2 29
6 86
6 85
1 4
3 97
2 80
1 7
6 61
9 24
1 22
2 35
3 26
4 82
6 60
5 77
4 22
1 42
6 61
6 94
2 11
8 47
2 45
7 97
6 52
2 90
8 6
5 70
10 5
5 8
4 97
8 1
3 76
10 31
8 72
8 41
1 56
6 90
8 19
9 7
1 26
4 99
8 73
1 26
8 74
10 94
6 93
8 86
1 84
4 72
1 3
4 55
2 61
5 22
9 51
8 73
7 56
7 53
7 78
5 99
10 59
7 14
9 5
1 9
1 10
1 49
5 79
9 87
6 12
4 80
9 56
4 98
3 7
7 26
10 17
1 40
1 97
10 33
9 20
8 6
8 49
3 51
8 79
10 23
1 26
6 74
5 54
2 15
5 81
5 57
1 87
8 46
7 9
7 24
7 35
8 4
3 39
2 60
6 56
5 36
9 87
10 22
5 58
3 84
7 47
5 47
1 72
5 33
8 9
2 82
7 1
7 72
9 86
10 18
7 1
1 9
9 27
5 43
10 11
5 64
10 73
9 90
2 42
6 44
1 74
5 59
6 35
3 46
4 76
10 32
7 58
5 24
7 54
10 25
2 94
7 20
6 38
2 71
6 92
1 4
5 12
8 83
6 44
5 53
1 87
4 58
4 32
7 34
5 56
7 60
6 14
3 7
3 64
9 39
9 63
3 48
1 86
5 35
9 16
4 78
8 100
9 24
6 95
3 14
2 53
6 81
2 80
8 91
10 10
6 33
7 65
5 98
9 78
5 85
1 96
8 28
2 27
7 79
5 49
10 73
5 77
7 30
8 83
9 41
6 43
7 17
6 6
5 24
6 63
6 19
8 91
9 28
10 48
6 93
3 24
3 47
5 59
10 29
8 39
1 64
10 29
10 31
1 84
4 78
2 32
4 32
8 85
2 78
8 39
9 12
2 32
2 67
9 29
9 21
2 85
9 6
5 90
10 35
10 6
7 45
6 63
8 59
7 83
10 30
1 76
10 27
8 16
7 6
