8 57
3 74
3 72
6 60
2 12
6 53
10 52
1 48
10 98
10 70
7 45
8 1
6 19
2 25
7 44
3 5
8 9
5 80
3 53
5 90
9 54
6 70
8 8
4 86
4 48
8 90
10 48
3 2
9 91
4 19
10 68
4 5
10 23
8 99
3 40
1 43
6 25
3 78
3 3
5 4
3 80
9 1
1 84
10 36
3 85
9 65
9 45
2 23
4 17
7 19
1 81
8 100
10 39
7 44
2 11
5 35
5 57
6 27
8 34
9 25
4 81
3 56
6 79
10 92
5 45
7 24
8 82
3 17
8 42
5 20
7 75
10 39
2 78
9 61
8 40
4 59
9 87
8 30
5 41
2 7
10 53
1 75
8 34
3 73
6 24
7 62
6 88
6 35
9 8
2 70
7 30
6 43
8 11
2 73
8 7
9 86
8 67
10 19
6 98
4 25
2 94
7 34
9 77
7 17
7 52
9 5
8 2
4 40
6 81
6 35
7 46
6 83
4 64
9 12
7 76
5 1
3 100
3 68
2 11
5 94
5 20
8 12
3 59
4 15
2 64
2 46
2 45
5 86
5 97
3 66
5 12
5 85
4 78
2 65
1 60
10 89
1 61
7 30
8 74
6 68
5 18
10 97
5 57
8 92
2 80
9 41
6 69
10 16
8 8
9 43
8 15
9 4
4 31
9 76
5 93
4 46
9 57
7 25
3 65
4 1
4 54
8 73
8 95
10 70
4 78
10 84
4 69
10 92
6 74
6 92
6 48
4 78
7 34
7 56
5 22
10 33
4 39
4 99
1 99
6 49
5 52
8 19
6 21
2 88
1 46
2 76
7 82
4 72
6 18
2 15
9 14
8 27
1 34
8 14
4 76
7 99
10 30
9 28
10 56
2 61
8 99
5 51
2 3
1 79
7 75
4 47
10 4
9 8
6 41
8 77
2 50
1 64
1 19
9 55
9 85
2 75
5 4
4 37
5 48
10 84
4 82
9 67
6 73
6 79
6 95
4 42
5 54
5 86
8 21
3 13
7 40
4 53
8 87
10 30
1 4
1 51
5 11
5 67
2 23
9 94
4 59
7 9
9 15
4 90
4 42
9 80
1 38
1 68
2 50
9 78
6 11
4 51
9 5
4 39
2 66
10 90
2 39
2 16
4 66
2 15
5 19
2 2
1 46
10 36
2 23
4 21
5 22
10 97
5 82
4 31
9 9
8 66
1 53
9 32
9 34
7 59
4 32
10 86
6 12
4 64
7 24
9 64
2 92
2 9
6 29
3 100
7 100
6 64
1 18
4 34
10 39
6 15
1 57
7 88
4 53
9 33
6 58
10 74
10 6
3 22
7 5
5 85
2 4
2 93
6 6
8 13
2 70
6 31
9 18
8 4
5 61
3 23
8 53
10 10
3 11
3 57
4 16
2 77
4 48
7 8
3 1
9 41
7 27
1 2
6 31
2 43
7 3
5 45
4 85
1 26
2 36
8 57
9 76
5 58
7 92
9 34
8 79
7 62
10 48
7 53
7 52
5 71
4 51
6 16
8 26
10 6
6 83
3 84
5 42
4 83
5 13
3 51
7 100
3 84
1 27
9 32
7 5
9 18
10 61
4 59
9 28
8 16
5 7
9 55
1 50
4 49
4 34
4 7
5 12
2 96
2 40
2 6
9 69
3 75
1 14
7 40
1 15
7 1
2 74
6 29
2 56
3 86
4 44
6 57
5 62
10 44
3 66
2 68
4 98
1 26
9 66
1 53
9 10
9 42
8 72
4 56
4 36
9 44
3 22
5 18
10 96
1 82
8 77
6 45
7 38
10 3
8 64
2 74
5 51
8 6
9 21
6 77
10 50
3 57
9 61
8 17
9 73
3 21
1 22
7 62
9 55
10 10
8 64
6 28
8 8
1 97
7 46
7 96
10 46
5 39
4 80
6 43
7 8
9 61
8 16
7 15
1 23
3 11
2 66
2 63
6 90
10 87
3 79
2 12
10 92
8 21
9 51
7 36
3 66
8 78
7 36
1 96
10 3
2 3
8 15
1 87
8 90
3 52
8 14
9 94
1 51
8 19
6 99
4 91
7 15
4 80
8 73
7 72
9 19
2 45
3 91
1 19
10 70
8 9
4 1
10 29
5 69
7 34
4 27
3 53
2 59
2 68
9 23
7 80
5 15
5 77
5 29
8 96
3 15
5 64
3 24
10 98
2 68
4 24
9 15
5 14
8 70
2 32
5 15
1 63
4 39
1 83
1 49
8 9
8 77
8 51
9 70
10 57
9 50
2 47
4 40
9 1
8 40
6 94
2 48
1 26
7 75
9 63
7 84
7 27
8 76
2 41
7 11
10 93
5 45
9 90
9 66
1 31
9 45
5 21
1 75
7 85
2 22
3 85
6 73
3 98
4 95
1 22
1 48
10 100
7 94
7 17
1 63
10 52
5 73
7 9
4 59
4 27
10 18
7 94
5 24
3 58
5 80
3 22
4 68
8 67
10 9
1 84
1 98
10 79
3 12
3 71
8 8
9 82
1 1
6 61
10 78
7 54
10 98
7 2
4 80
10 89
1 2
3 47
1 36
9 97
5 57
1 5
9 95
9 39
10 29
9 86
1 30
10 79
7 24
5 16
2 51
2 44
9 85
2 91
1 39
9 2
9 82
7 13
6 87
4 29
2 28
6 41
4 69
5 12
1 16
1 74
4 77
7 41
4 45
7 58
5 10
4 81
2 65
2 38
8 93
8 2
8 3
9 10
7 26
10 78
10 40
3 3
8 59
8 83
9 68
7 2
5 38
4 23
9 79
4 75
1 88
5 14
9 22
7 73
2 26
8 69
9 5
7 59
2 40
9 95
2 29
9 74
1 82
8 91
5 20
8 39
5 16
2 87
4 17
8 51
9 67
8 16
3 95
3 6
8 29
4 81
4 67
8 94
7 15
3 27
1 52
3 47
6 94
2 87
8 16
10 70
10 32
6 100
3 94
10 64
10 21
7 36
1 11
1 58
6 8
7 76
2 63
3 68
10 97
2 95
6 19
1 52
5 39
10 33
9 74
8 61
10 93
2 93
8 54
1 82
1 18
6 41
7 57
6 91
7 30
8 10
1 30
1 24
7 88
9 99
2 75
5 34
6 63
3 60
3 42
1 71
8 11
8 8
3 62
4 50
7 28
2 29
2 73
3 50
6 67
2 57
5 45
10 22
8 78
3 16
2 24
9 24
8 2
1 42
9 10
10 75
4 79
8 48
8 51
4 82
9 17
5 59
7 19
9 81
8 47
7 78
2 48
8 84
7 24
5 19
7 80
1 97
8 32
2 14
7 18
7 37
4 77
4 83
9 63
4 43
4 56
7 34
9 78
2 5
4 11
5 70
6 94
7 72
8 82
8 40
1 68
1 89
4 56
4 47
6 51
6 20
4 1
7 47
7 50
9 15
7 67
1 4
10 86
2 29
1 86
3 57
5 98
2 36
9 45
8 99
1 21
8 17
7 73
6 22
9 7
4 8
1 35
6 8
2 82
3 58
5 99
3 55
3 88
10 37
7 21
4 97
9 91
4 56
1 24
9 54
4 23
8 17
8 71
9 19
8 92
10 57
9 6
7 28
4 46
4 24
3 75
5 55
9 22
10 35
7 51
1 73
2 97
3 31
8 60
8 21
9 69
1 89
9 18
2 44
9 40
6 81
5 87
6 13
10 94
7 57
6 73
10 77
5 40
9 85
5 25
2 61
9 73
10 98
5 55
6 44
10 26
8 89
4 74
1 4
5 59
6 42
2 10
8 70
6 89
3 83
9 98
10 57
3 16
9 24
4 50
10 72
6 64
1 62
2 31
6 96
3 73
1 14
4 3
4 33
1 9
9 21
8 28
10 98
3 46
5 23
4 98
5 88
3 98
9 78
1 11
2 89
3 56
6 77
1 52
1 38
6 62
7 19
6 30
2 63
2 66
3 75
4 63
5 51
4 99
6 4
7 77
2 14
5 68
10 88
5 35
5 17
2 33
8 14
3 9
5 66
1 10
10 89
6 34
10 10
4 45
10 72
3 5
6 24
6 76
7 1
4 34
6 1
5 14
3 60
9 96
10 16
7 17
3 20
4 95
1 85
8 42
9 54
3 12
3 11
10 34
9 46
4 77
5 35
4 33
8 87
8 60
1 76
5 98
2 75
8 80
1 19
7 52
1 22
2 73
10 2
8 44
5 18
7 43
1 50
7 13
1 18
6 4
4 7
6 43
3 5
8 15
8 77
8 57
1 60
10 21
5 34
2 44
4 73
9 100
3 8
1 72
1 49
1 68
4 37
7 98
3 35
10 76
6 62
10 10
3 37
3 87
6 46
9 20
6 15
8 93
3 22
6 25
10 28
2 17
4 97
10 56
8 38
8 22
10 15
9 59
5 40
1 67
2 88
6 45
5 1
8 53
5 31
9 11
6 7
9 38
9 92
4 17
10 3
7 89
9 44
6 24
10 49
9 90
2 89
