5 82
4 68
4 3
7 7
7 86
7 68
10 74
6 91
7 83
6 16
3 60
2 23
10 73
10 38
6 9
6 46
2 9
7 27
9 59
4 33
5 66
9 48
10 78
3 18
3 58
1 97
4 91
6 16
7 82
6 99
8 90
4 23
8 59
6 19
9 17
2 2
5 6
10 30
4 29
3 99
7 25
10 49
3 76
10 66
2 6
3 76
3 59
3 99
8 48
5 32
10 16
1 35
6 22
5 75
10 19
5 64
10 45
4 72
10 37
10 3
3 15
3 85
2 89
9 46
9 96
2 3
6 56
5 76
5 81
10 42
8 94
4 38
6 54
1 35
7 22
8 13
9 10
2 31
3 84
3 60
3 55
3 62
1 1
7 44
1 13
5 27
1 33
9 88
2 95
9 100
10 38
8 92
4 4
7 100
1 15
1 20
6 97
6 99
7 52
6 80
5 61
5 30
7 85
9 83
8 18
9 65
1 21
9 86
9 87
10 66
9 62
3 67
9 26
1 33
2 57
10 44
4 16
1 43
5 20
4 23
3 18
3 49
10 59
8 21
9 64
4 56
9 42
6 9
5 45
8 56
7 55
2 31
3 28
1 91
7 93
6 7
6 78
7 28
10 78
9 89
9 47
3 46
6 90
7 1
5 96
7 44
3 78
5 34
1 15
7 24
8 61
5 44
2 12
4 30
3 11
6 16
4 47
9 20
10 42
9 100
9 1
8 17
4 11
7 73
8 18
7 4
2 67
6 98
8 10
9 76
2 12
8 24
7 42
9 78
3 63
3 49
10 74
7 40
9 61
2 51
7 58
2 30
5 84
5 20
5 38
2 80
5 12
6 37
9 75
1 57
2 68
2 73
8 1
6 7
4 4
9 61
2 13
1 70
4 11
9 19
6 30
1 100
7 64
1 44
9 81
6 59
5 2
3 60
4 67
8 24
4 81
3 6
9 76
6 88
9 40
5 63
6 35
3 83
10 79
5 73
2 62
5 86
7 48
9 17
6 72
1 30
1 48
8 4
5 74
3 56
1 36
1 71
4 69
7 77
1 13
8 52
3 24
10 93
2 14
10 38
3 32
9 45
6 71
2 77
6 13
9 27
6 2
9 52
7 68
9 82
3 75
9 12
5 64
1 88
4 85
1 64
8 67
9 37
7 100
6 13
6 76
9 48
10 91
6 61
8 27
9 66
6 53
9 38
10 75
6 51
5 93
2 6
6 32
4 39
4 15
1 25
8 67
9 14
5 2
9 56
1 64
8 22
7 61
6 10
4 39
8 51
7 76
8 42
8 93
6 49
3 51
2 69
3 5
5 31
10 91
4 43
7 14
4 32
1 90
4 83
4 9
10 78
10 52
6 41
1 65
9 33
6 8
3 13
10 43
3 58
9 3
8 42
8 40
9 90
2 33
2 30
8 60
6 42
9 1
2 70
6 23
2 46
9 43
2 60
6 62
10 16
5 57
8 14
9 32
6 67
8 84
3 90
9 34
10 14
2 2
1 6
8 33
7 68
2 23
4 95
6 24
1 71
4 86
6 55
4 64
2 83
10 42
6 52
2 6
10 86
4 3
6 93
2 13
4 11
1 33
10 61
7 6
4 33
10 41
2 37
2 49
5 35
3 32
1 100
1 95
5 38
1 61
7 58
1 56
6 80
8 40
8 59
5 96
3 93
1 18
7 23
4 3
3 21
3 53
10 26
8 51
6 15
4 51
8 62
6 70
6 5
1 4
3 97
7 10
9 47
6 78
2 98
5 95
4 23
8 30
10 57
4 64
1 59
1 2
4 13
3 23
10 40
9 98
6 47
7 40
9 87
3 28
7 45
8 62
3 35
4 98
6 6
1 76
3 56
9 57
3 74
1 55
4 76
4 37
2 4
4 94
3 21
9 33
7 5
6 67
7 7
6 77
6 92
9 9
4 80
6 96
10 70
8 10
3 17
1 45
8 9
10 43
5 41
1 4
7 26
6 61
6 22
8 100
4 28
7 32
2 17
7 4
10 89
1 24
9 15
10 51
5 13
8 1
1 52
3 38
7 40
1 48
10 88
1 18
4 18
4 61
6 75
4 76
9 2
10 24
9 90
8 63
10 13
8 59
10 76
3 25
5 46
10 43
6 38
9 60
8 77
6 84
8 8
1 41
4 98
4 52
3 90
5 60
4 37
5 52
3 19
1 8
10 57
10 92
7 18
1 73
6 86
4 77
3 65
10 9
7 13
4 38
5 36
6 42
3 72
1 37
8 28
5 8
9 8
6 29
7 38
1 5
3 33
6 96
1 83
5 39
1 6
3 8
8 19
10 22
5 79
3 54
1 39
5 7
8 20
6 56
2 17
5 1
6 53
1 56
10 33
10 85
7 46
5 16
3 71
3 83
8 22
8 24
6 85
9 1
9 93
7 47
4 47
3 96
1 11
8 43
9 95
7 55
3 80
8 43
2 92
7 29
1 96
1 21
6 36
1 37
3 34
5 23
2 84
1 3
6 27
4 43
5 69
10 61
9 18
3 65
1 2
4 1
5 22
9 53
4 42
5 99
5 80
7 68
5 16
5 45
1 93
5 82
4 19
3 69
4 5
5 2
7 53
10 34
7 80
5 66
8 74
8 20
6 47
3 54
3 20
3 70
2 36
8 66
2 53
7 84
5 52
4 34
4 6
5 41
6 69
4 23
9 8
3 27
8 75
8 9
6 74
1 15
1 76
2 80
10 24
9 16
6 61
8 77
5 16
9 13
10 98
5 96
1 56
6 77
1 59
10 32
1 76
9 4
1 67
10 56
6 38
1 48
6 41
6 10
2 2
4 18
7 15
3 76
8 42
2 25
10 3
3 37
2 9
5 3
7 43
6 18
4 73
8 1
10 100
7 43
1 58
6 17
1 51
8 17
3 30
8 31
2 93
4 99
1 9
7 90
9 4
10 26
5 52
2 50
4 49
10 66
1 52
4 5
1 7
5 33
2 37
2 100
10 15
10 5
10 44
5 5
5 35
3 88
4 71
9 19
8 97
1 45
8 62
7 3
8 79
8 21
8 58
1 3
10 45
2 60
7 87
4 43
2 40
4 60
9 3
10 17
3 51
7 46
7 61
7 42
9 34
4 57
7 21
1 92
8 57
7 33
8 40
10 40
7 91
8 73
8 38
5 71
2 8
10 6
1 38
1 23
4 1
7 58
1 54
2 48
9 73
2 62
5 25
10 57
5 47
4 5
10 6
7 42
9 12
3 42
6 52
5 5
7 80
2 13
1 77
4 55
7 1
6 56
6 5
1 37
10 97
10 18
10 82
8 21
6 91
4 88
4 91
8 20
9 10
7 41
2 70
1 71
9 58
1 59
3 76
9 76
6 53
10 46
10 26
10 89
6 52
6 41
9 47
2 85
3 8
2 5
8 10
1 35
6 84
7 91
10 58
3 23
4 98
7 91
4 6
7 96
8 35
2 68
6 16
2 51
4 9
6 57
3 67
4 44
6 35
1 72
7 31
4 21
5 45
8 78
4 10
7 37
9 50
3 83
3 51
8 38
6 43
9 56
6 47
4 36
6 70
4 61
9 80
4 95
3 29
6 75
9 86
8 5
5 67
6 33
1 38
6 47
5 100
7 88
7 25
3 91
2 74
3 84
6 88
7 80
8 64
9 46
7 67
10 27
10 75
4 93
3 75
10 41
6 64
8 27
5 81
7 27
5 15
8 79
6 42
3 37
7 3
10 47
1 76
2 64
4 5
4 33
10 89
2 69
10 92
8 47
2 32
2 83
5 36
4 68
2 76
4 13
7 41
5 94
2 28
10 30
9 34
7 99
7 92
6 6
5 16
10 74
10 44
4 24
9 94
8 53
5 81
8 48
7 8
6 10
9 49
3 48
9 22
10 44
9 20
2 93
7 64
6 29
4 75
2 96
8 76
1 3
5 2
1 67
3 65
2 77
1 91
5 11
5 60
10 41
10 73
6 21
3 39
10 80
7 72
2 19
10 4
7 43
2 61
1 5
3 23
7 37
9 72
8 38
1 45
2 96
4 96
5 82
6 50
9 19
9 50
3 88
4 27
10 35
2 52
4 55
2 84
1 100
1 61
5 74
10 89
2 26
8 83
5 29
10 48
4 50
2 100
4 95
2 8
7 36
8 66
5 12
1 93
5 76
5 35
10 46
9 39
5 63
3 92
9 13
4 18
8 17
3 39
3 17
9 81
3 73
3 50
6 52
2 13
4 38
2 73
2 54
4 32
3 51
1 34
5 55
3 80
1 63
4 68
1 37
1 11
1 44
7 86
2 20
5 18
7 74
5 91
10 35
5 20
5 21
6 65
1 54
9 41
6 70
5 28
3 7
4 37
8 8
6 98
3 39
8 1
3 4
6 1
8 36
9 18
3 83
8 6
6 10
6 58
9 40
1 81
1 4
6 92
10 37
7 40
2 26
1 57
5 8
9 11
6 78
7 79
2 59
4 59
2 32
5 99
8 27
9 69
9 95
5 72
