6 20
7 57
3 30
10 48
9 16
7 78
4 51
4 27
4 91
5 81
8 45
5 62
10 5
2 91
5 35
5 6
7 13
7 72
1 21
8 21
10 37
2 73
6 77
7 93
10 52
1 12
10 36
2 48
1 20
3 32
2 48
6 31
1 4
4 38
5 60
10 80
10 40
8 77
6 52
6 50
10 97
7 59
9 48
9 49
9 75
4 51
9 94
3 60
1 39
10 16
9 63
1 29
1 97
3 45
2 100
8 21
1 52
6 4
5 78
6 62
9 59
7 64
6 43
8 91
5 71
5 29
5 69
4 87
4 95
8 96
2 28
2 75
2 35
3 14
8 25
7 7
2 82
5 39
7 7
4 29
10 24
9 57
7 2
1 63
7 76
9 64
6 28
8 4
8 12
8 57
3 85
10 39
9 41
7 93
6 21
3 73
10 51
1 16
3 66
8 25
3 10
2 8
2 96
4 67
2 20
7 85
5 47
2 83
9 84
1 5
3 65
8 57
6 30
10 26
5 82
5 96
6 19
2 72
1 41
9 85
1 59
7 38
6 39
10 95
1 59
1 62
6 100
4 2
6 26
2 36
9 34
6 5
9 57
3 25
2 47
2 73
10 25
10 13
10 47
6 78
4 17
9 66
6 69
5 87
9 10
9 92
3 25
1 88
10 45
3 37
7 69
3 29
10 37
4 81
6 17
2 41
3 56
2 56
8 13
1 77
4 4
6 24
7 55
9 12
4 23
3 30
9 7
3 26
6 9
6 42
3 21
8 76
7 14
2 33
4 27
7 60
6 99
3 71
5 73
6 62
9 95
10 79
5 90
9 43
7 84
1 84
5 18
4 42
5 97
5 3
5 47
2 51
5 14
10 65
7 78
1 6
4 93
3 28
5 89
1 10
6 89
1 99
1 48
8 32
2 11
7 52
9 94
8 59
7 63
3 67
3 58
5 19
2 37
7 53
10 52
3 32
3 62
6 91
6 80
1 86
8 81
10 90
2 15
10 64
1 12
8 59
4 22
2 78
6 23
6 54
10 24
8 88
3 61
7 61
8 17
5 11
4 32
4 55
3 50
2 45
4 50
5 22
8 69
1 31
1 34
6 32
3 60
1 56
4 27
7 87
8 67
9 56
2 34
4 6
6 52
5 95
8 50
8 49
6 68
9 21
10 100
1 49
5 45
8 97
2 28
7 63
6 39
10 1
6 76
6 20
10 17
6 70
3 38
3 19
2 90
2 41
8 79
3 23
6 58
2 46
8 84
6 36
1 80
10 29
9 54
8 79
5 79
9 21
10 7
10 64
9 32
2 7
3 13
7 49
10 35
8 89
10 99
3 38
5 27
4 41
9 83
5 4
5 57
4 29
2 93
1 56
5 41
6 30
8 40
7 23
5 37
2 47
10 61
2 1
5 7
8 76
8 73
6 40
8 20
2 45
10 83
2 72
10 97
3 39
5 65
2 77
1 40
4 7
9 2
9 10
1 93
3 52
5 31
3 30
4 62
2 15
4 47
2 86
4 93
5 37
7 20
4 12
8 62
1 54
2 66
4 63
1 8
8 82
3 28
6 42
3 87
4 81
3 4
9 92
9 44
8 53
5 21
3 10
10 97
6 56
2 52
9 46
9 52
10 85
1 42
5 36
2 37
3 35
7 93
3 5
1 42
1 99
9 76
2 33
3 89
1 32
4 18
4 70
5 2
8 19
6 3
1 88
1 23
10 2
9 44
1 28
8 64
7 95
6 9
5 48
7 57
6 47
7 86
7 79
3 97
2 37
7 92
7 95
7 58
9 98
5 15
8 20
10 94
8 60
8 44
7 51
10 17
10 29
10 81
5 25
3 9
10 42
7 69
9 87
10 64
2 3
6 99
6 58
5 22
3 39
3 80
10 54
9 6
2 1
3 11
2 40
5 75
4 12
10 54
1 34
8 77
4 44
9 20
1 63
9 55
5 19
8 47
8 78
8 91
2 61
2 33
10 5
3 79
3 96
7 51
8 51
8 64
10 78
1 90
7 32
6 86
2 97
8 39
2 5
4 1
1 6
10 61
8 99
8 87
7 17
4 72
8 34
10 13
8 12
8 5
5 40
7 49
1 25
6 93
7 41
9 19
10 63
3 7
1 37
6 98
9 77
8 49
1 23
1 65
3 55
4 61
10 47
7 68
6 71
5 82
5 41
10 17
9 54
9 21
9 69
8 85
4 9
7 86
5 71
4 23
4 59
5 94
4 57
2 89
1 50
10 4
4 33
3 48
7 87
7 98
10 35
8 46
10 12
4 22
2 4
5 3
9 96
7 52
1 18
9 75
2 67
6 44
7 57
8 67
8 23
5 58
6 37
5 57
1 99
3 75
10 36
10 26
8 77
1 86
8 46
6 11
9 93
6 34
8 61
7 19
8 94
10 24
2 92
7 32
10 54
9 39
7 10
5 71
2 55
2 26
2 74
1 31
8 85
7 69
8 69
6 15
7 88
3 26
1 29
1 42
4 32
2 11
1 62
9 99
2 53
9 22
1 32
4 67
8 3
4 31
2 74
3 59
1 12
1 6
1 11
6 68
9 82
5 40
2 12
1 77
8 8
5 19
5 58
2 49
4 62
8 31
5 83
2 20
2 27
3 9
10 18
6 88
8 16
7 88
2 60
4 70
2 64
3 58
6 19
7 44
2 43
7 36
10 32
7 5
3 5
10 59
5 58
9 86
10 26
5 60
3 23
5 36
3 88
7 93
1 43
2 33
8 78
4 80
8 89
4 83
9 9
5 64
9 23
5 49
9 27
2 72
8 76
10 38
6 97
6 1
3 35
9 82
6 38
3 53
2 50
7 41
10 12
3 40
5 21
8 81
1 83
1 7
5 22
3 13
10 35
4 2
10 13
4 15
6 20
8 33
1 47
6 7
2 21
9 35
2 77
2 10
3 60
9 79
6 47
4 100
5 34
3 60
2 39
5 7
4 68
8 82
4 13
4 70
3 38
6 73
9 41
1 14
2 68
7 75
8 58
10 84
5 57
8 22
10 51
3 90
9 81
7 45
3 15
1 77
5 85
3 14
2 67
7 22
6 63
8 2
2 88
5 91
7 88
1 10
2 51
4 80
1 36
7 66
1 80
10 97
6 70
4 21
10 94
10 16
2 67
10 38
4 43
8 56
2 1
2 58
4 94
5 27
1 33
1 37
10 50
3 85
5 10
3 44
9 66
1 83
6 66
4 97
8 77
3 84
1 18
2 64
2 81
2 12
10 95
2 98
10 73
9 25
9 37
1 73
3 48
7 24
2 100
6 84
3 40
9 46
8 99
8 30
6 98
1 29
8 3
9 32
4 23
8 42
8 31
10 42
8 2
10 62
2 26
9 44
5 50
2 7
9 38
3 62
2 75
9 25
6 85
9 89
3 13
2 95
6 63
1 57
5 10
1 13
5 56
1 51
8 82
4 86
1 61
8 58
4 18
2 17
5 32
3 51
7 36
3 81
1 38
1 31
3 67
8 6
8 94
7 10
1 29
9 15
8 52
10 67
1 29
3 52
3 81
2 8
8 35
3 27
5 35
10 92
2 29
1 1
4 31
3 21
1 81
9 71
9 84
2 81
10 95
3 11
6 11
5 42
9 66
4 34
6 39
9 40
5 100
9 76
4 36
3 31
6 35
10 41
7 1
2 36
10 60
2 16
9 12
7 66
6 93
8 24
5 42
2 31
4 52
10 53
6 29
4 82
10 68
8 90
2 35
1 60
4 17
9 54
9 74
10 85
7 56
1 72
6 67
4 65
3 89
7 44
3 65
2 1
8 87
3 37
1 61
3 84
3 36
3 62
6 33
5 33
7 95
9 95
4 71
2 41
7 4
6 72
7 33
7 99
6 36
1 98
6 32
3 82
3 23
10 51
2 6
4 51
9 83
8 92
2 14
9 81
4 20
3 93
5 44
7 34
3 47
10 42
6 16
9 32
4 33
4 62
4 17
8 50
9 55
10 76
10 15
4 7
5 73
8 20
6 35
10 56
9 100
6 28
6 96
2 24
1 94
1 25
3 66
9 44
7 23
1 97
7 68
6 89
2 43
9 96
8 38
3 70
6 44
7 9
4 85
6 52
7 30
5 7
3 52
10 24
8 27
5 82
9 42
2 53
3 58
8 34
4 77
6 100
3 61
8 32
8 58
2 85
2 33
2 85
5 16
8 14
10 99
9 4
2 60
6 4
2 62
5 89
8 51
9 62
10 89
5 1
5 25
6 72
8 96
2 2
8 5
6 57
9 43
9 10
10 32
9 66
9 92
3 73
4 1
5 4
10 7
5 13
8 95
7 91
6 81
6 3
8 12
1 34
4 68
4 89
1 90
1 19
3 78
6 19
8 98
3 18
10 19
4 83
3 23
4 15
8 66
7 79
2 5
6 66
8 32
2 100
5 72
3 83
9 6
5 10
4 19
10 84
6 29
9 4
5 51
6 79
10 18
7 98
10 20
10 95
1 41
6 31
9 48
