1 38
1 95
5 1
2 49
4 95
6 23
10 19
6 32
2 33
3 17
7 8
4 46
10 68
1 38
8 51
10 99
5 56
3 22
5 93
7 98
5 41
4 3
3 35
2 15
9 33
6 33
8 54
6 66
7 18
1 65
1 79
5 62
5 86
6 60
4 84
9 65
9 61
6 87
9 75
10 20
4 43
3 22
1 28
9 9
5 57
8 66
10 17
1 46
6 18
7 29
2 51
10 41
8 91
4 67
9 20
8 100
4 52
8 56
2 16
1 36
8 55
5 26
7 66
3 15
6 34
7 5
1 6
6 3
5 95
8 23
3 22
9 79
2 53
3 75
1 78
6 50
4 17
6 35
1 29
2 49
10 7
6 60
9 36
10 79
1 84
5 23
10 47
2 96
6 88
7 31
8 49
3 4
4 63
9 39
2 55
10 95
4 17
10 75
4 77
7 45
9 36
8 11
8 89
1 80
8 22
7 41
7 65
1 42
8 9
5 13
6 42
7 10
9 48
3 40
2 45
5 72
1 81
1 40
6 56
3 35
3 59
3 7
4 19
6 12
2 39
5 93
2 45
3 69
10 12
8 61
4 85
4 5
3 37
1 60
2 19
9 76
9 27
3 11
7 2
3 61
5 85
7 51
8 1
10 42
2 41
4 73
4 89
1 59
2 10
4 21
5 2
7 60
10 86
2 8
7 11
7 82
9 34
5 76
8 8
2 30
4 23
7 48
5 23
5 23
1 37
4 94
2 30
2 67
1 43
4 50
8 53
6 54
1 92
5 74
4 74
8 8
5 82
1 14
5 34
10 93
10 14
10 71
7 58
2 80
2 76
2 10
1 56
2 98
5 81
8 3
5 18
9 90
10 29
7 71
1 63
9 12
9 41
10 16
3 67
3 20
10 80
6 86
1 81
6 38
3 3
9 66
6 28
7 89
3 42
4 60
3 28
1 1
7 70
5 30
1 88
5 67
8 18
2 12
6 51
5 65
6 20
8 83
1 41
2 64
8 7
2 92
7 69
4 24
9 16
7 19
3 1
2 96
3 95
9 30
1 11
1 56
8 97
1 34
6 28
5 100
6 13
5 10
7 20
2 1
4 13
6 77
9 43
4 12
2 40
2 90
9 64
5 51
5 86
4 15
5 85
9 81
1 45
5 32
10 44
8 23
2 100
9 71
4 57
6 58
2 95
3 51
4 2
2 37
4 11
6 79
2 93
5 38
7 17
1 22
10 14
1 90
10 76
3 41
7 52
7 68
8 81
6 54
2 86
8 31
6 28
8 37
8 24
7 1
5 82
2 22
4 4
5 24
10 18
8 3
8 35
7 20
9 26
2 9
5 39
7 81
10 49
10 28
2 76
9 23
3 16
10 45
9 54
7 79
5 39
6 18
1 82
6 30
8 34
1 54
1 98
4 3
5 6
1 34
8 55
8 47
8 14
7 56
5 75
2 47
3 21
6 64
2 6
2 71
8 4
10 11
4 90
4 96
3 6
5 78
3 77
5 11
7 98
2 14
9 11
4 14
3 93
4 19
8 70
9 43
6 30
9 26
2 8
1 48
4 35
2 29
2 61
2 91
3 51
5 67
3 75
7 82
6 27
8 46
7 67
3 10
3 83
4 66
2 50
4 4
3 99
1 5
3 15
9 25
7 76
10 95
9 46
2 27
7 23
7 5
4 8
7 63
6 2
8 79
7 43
2 32
4 24
6 12
5 48
3 23
10 91
3 62
9 32
6 7
5 77
10 52
7 9
6 47
1 45
9 22
3 40
1 12
3 32
4 88
6 15
9 81
8 82
2 8
3 58
1 95
7 36
5 59
3 31
10 33
1 10
10 53
1 7
3 47
1 28
3 91
4 65
5 57
5 11
7 66
6 7
7 34
10 14
2 95
10 98
1 46
4 10
10 94
9 28
5 82
6 76
1 36
5 45
10 53
5 100
8 55
4 40
7 2
1 22
8 6
6 44
10 30
6 73
9 39
4 46
4 17
9 16
9 16
9 79
1 17
8 62
3 91
4 76
10 56
1 51
2 6
3 19
8 21
2 95
9 14
6 85
8 83
7 80
2 37
8 84
2 63
7 33
10 2
7 40
9 80
7 62
6 94
7 87
2 14
6 16
8 58
2 90
1 25
3 52
8 40
6 19
8 81
7 89
9 40
1 31
6 61
6 32
4 98
10 27
2 41
6 96
5 4
10 4
8 35
4 72
5 66
3 33
1 79
1 53
6 45
7 93
3 44
2 11
8 6
4 23
6 40
1 75
7 54
2 32
10 48
5 83
4 26
7 73
1 82
5 99
8 14
6 83
7 64
8 28
3 91
1 68
3 57
8 25
10 86
8 64
4 33
6 83
3 8
8 7
2 86
10 14
3 69
8 60
7 59
10 23
8 3
3 41
2 89
10 77
6 6
4 99
6 5
1 50
1 36
6 56
2 35
2 53
5 88
7 92
6 87
7 12
5 12
6 58
3 83
10 13
7 84
8 31
8 73
4 42
6 82
5 31
5 92
8 6
5 74
1 84
6 8
1 74
10 65
6 56
4 60
7 67
8 43
8 68
9 69
3 53
6 3
7 37
10 54
8 7
10 39
10 4
1 11
7 91
5 98
10 79
8 84
6 84
2 20
10 42
2 49
3 8
2 97
2 89
4 88
1 49
6 23
3 54
4 16
1 54
7 15
6 53
10 18
7 57
1 77
10 38
1 88
1 71
1 98
5 27
3 12
4 40
9 51
5 84
8 95
3 54
9 13
7 81
7 55
5 20
1 63
6 92
5 95
4 2
5 57
4 56
5 72
6 29
9 41
10 86
3 7
10 9
7 26
3 4
1 63
2 90
5 95
2 90
3 17
10 21
4 34
2 31
7 84
4 13
7 67
7 95
9 100
10 21
9 24
1 96
6 17
9 7
10 84
5 35
2 63
2 8
7 77
6 73
4 37
7 7
4 80
9 15
1 48
1 19
6 74
7 76
9 54
1 2
4 66
1 32
1 73
4 46
6 55
4 65
9 67
4 14
6 20
10 55
8 25
9 27
5 100
3 33
1 30
2 97
5 9
9 35
3 98
9 73
6 22
7 47
10 73
8 90
5 47
9 94
8 80
6 13
6 70
9 94
9 100
7 15
7 61
9 76
9 40
1 99
5 52
6 84
1 69
2 10
6 54
10 85
10 8
1 37
7 64
2 100
7 57
4 55
3 47
10 69
6 32
5 6
1 48
7 16
9 24
7 4
10 51
10 15
3 98
4 15
2 38
5 10
5 65
7 27
10 89
8 13
6 45
9 4
7 2
6 65
3 41
10 6
9 40
7 92
5 46
5 11
2 9
8 28
7 3
1 53
10 37
3 33
7 85
5 26
5 14
1 53
5 66
2 46
3 100
6 85
2 91
1 84
6 76
1 47
8 32
5 30
3 78
7 59
5 44
4 64
6 88
2 20
6 92
6 66
6 63
3 93
1 10
7 44
4 31
5 26
7 8
6 6
4 32
9 71
9 28
7 50
3 49
1 17
10 42
4 39
5 65
2 21
1 51
6 2
2 50
1 86
9 82
5 22
4 47
6 19
10 63
1 52
9 20
6 48
1 97
5 57
1 70
3 80
4 97
10 97
5 17
7 70
1 63
5 67
1 28
8 58
1 26
7 22
1 36
10 34
9 61
8 44
8 71
10 47
9 45
4 66
10 80
5 90
7 26
9 44
9 13
9 1
9 16
9 92
6 79
2 74
6 41
10 48
4 26
5 52
7 67
1 77
5 52
3 39
1 68
8 56
4 24
10 62
3 10
3 61
10 64
2 20
2 10
5 100
4 69
6 18
6 50
4 62
6 75
2 72
5 69
9 87
9 28
8 41
2 80
4 27
1 68
9 29
5 4
2 18
7 91
2 74
4 15
5 77
7 43
10 26
8 85
6 76
5 25
5 49
9 53
3 20
7 21
9 45
7 38
7 61
3 60
3 90
8 38
10 86
7 31
4 84
3 19
2 81
4 27
4 62
10 66
9 66
10 77
9 62
6 61
7 84
6 52
2 26
3 46
8 45
7 87
10 51
1 64
1 64
10 78
2 57
10 18
10 15
10 82
5 7
3 25
3 4
4 40
3 77
1 92
4 38
5 84
9 13
6 15
2 87
6 23
9 17
10 35
1 88
5 50
2 97
2 65
10 94
8 18
8 27
8 16
9 40
3 72
5 97
4 65
7 32
6 48
8 86
8 95
6 5
8 28
2 46
2 46
9 52
3 96
4 81
1 73
10 65
6 97
4 92
5 66
9 16
10 35
5 21
4 46
2 62
5 1
3 10
8 16
8 59
5 85
9 30
9 76
7 79
10 78
10 44
3 26
6 43
3 79
9 57
9 45
3 47
6 3
5 43
8 26
9 95
2 37
6 30
1 1
8 32
7 39
1 29
2 60
7 89
4 20
4 23
4 36
10 20
10 75
4 76
6 57
3 36
2 48
10 54
7 87
6 22
5 48
3 86
3 93
