3 4
4 91
9 11
7 71
5 30
7 95
7 98
8 29
4 79
2 68
6 22
1 46
8 99
7 68
10 50
1 64
5 45
2 10
2 82
6 1
9 7
1 58
3 9
7 87
4 9
3 46
5 49
2 31
5 30
6 60
5 23
6 21
10 80
3 13
8 53
4 36
3 58
5 81
1 28
10 3
8 65
8 86
8 85
1 41
9 30
7 43
6 41
3 90
4 87
1 63
6 84
5 76
7 7
6 89
7 51
4 35
9 40
5 78
6 71
8 14
9 57
9 57
1 95
6 12
1 71
2 4
6 18
3 59
6 6
1 53
7 79
4 21
10 91
2 40
1 86
5 30
4 44
8 56
2 66
6 7
6 53
8 60
4 95
3 95
9 26
10 85
4 11
8 13
2 4
3 35
7 35
4 95
7 43
8 93
1 60
5 90
5 83
6 63
8 40
6 17
7 89
7 53
5 32
6 72
8 60
4 8
6 4
8 31
9 6
2 49
3 64
3 86
9 94
9 9
4 12
10 96
8 29
5 97
6 53
7 98
3 35
4 85
6 8
1 2
1 65
6 11
7 7
2 11
6 18
5 50
8 35
10 85
3 79
5 61
10 38
4 35
8 29
1 84
1 48
6 62
6 59
4 91
3 40
4 8
7 78
2 51
10 18
7 64
7 55
8 74
10 44
9 38
4 45
10 55
7 22
2 77
3 6
5 97
10 8
7 62
10 16
5 31
8 72
1 24
5 13
1 95
4 46
7 32
4 57
7 64
3 90
7 39
7 56
4 97
5 58
2 1
8 43
5 34
2 74
8 98
1 29
5 19
5 65
7 33
10 96
4 58
10 83
2 62
4 19
5 84
6 82
2 89
2 98
8 72
10 51
1 78
1 31
8 40
1 92
9 44
3 61
2 89
4 93
2 96
3 1
10 76
2 45
10 1
5 23
8 49
7 83
5 35
4 51
5 22
9 19
3 86
3 34
9 54
8 37
9 81
4 60
3 31
9 38
4 33
6 12
7 65
1 83
8 74
7 5
6 75
5 99
4 86
3 97
4 99
1 90
1 87
10 98
5 80
5 97
6 63
2 38
2 33
1 14
9 38
9 25
1 52
10 71
5 9
7 47
2 42
5 20
1 64
1 56
3 43
6 63
1 28
8 62
10 52
5 13
6 49
7 46
4 90
8 28
2 47
4 32
5 6
9 32
2 100
8 30
7 56
8 20
8 3
7 98
5 70
2 35
7 49
1 97
6 68
9 81
10 47
2 84
5 66
3 5
10 84
5 68
7 27
7 83
9 62
10 83
3 63
10 69
8 78
3 63
2 74
9 19
3 99
3 47
8 21
9 40
3 72
2 77
8 49
3 4
8 30
10 1
4 11
9 10
1 1
8 38
8 76
8 20
9 12
2 77
3 20
4 12
6 68
2 99
9 49
6 35
10 11
8 39
1 74
5 2
6 70
1 95
9 10
10 11
10 53
1 46
5 56
8 82
2 87
7 65
10 62
6 41
2 12
2 23
3 25
3 58
3 93
5 62
3 64
3 77
3 72
10 82
2 78
2 41
8 10
3 10
5 50
7 50
2 58
1 28
4 26
4 73
10 25
4 99
8 91
7 5
1 90
2 80
2 69
6 89
4 8
10 16
6 81
5 77
9 33
5 1
6 75
2 79
9 31
1 90
7 50
6 48
5 70
4 34
1 80
2 47
6 3
8 65
10 85
6 46
10 60
5 44
4 39
7 1
3 6
2 43
2 41
6 64
2 5
6 74
8 93
10 78
7 1
4 22
8 23
2 93
1 80
9 27
9 46
9 39
8 76
1 86
2 24
4 72
2 39
6 13
4 84
2 58
8 74
6 75
10 56
1 95
2 100
2 19
7 72
8 95
3 14
3 34
4 3
2 93
8 55
9 31
5 63
3 20
8 51
2 64
2 79
8 100
4 41
7 16
8 50
7 60
3 63
4 1
10 26
9 94
8 90
9 77
9 24
5 24
9 100
3 57
5 92
3 31
10 15
3 62
7 58
1 63
4 93
6 33
2 86
7 28
1 76
10 89
3 9
7 1
1 96
10 14
8 35
5 84
10 50
7 33
2 78
2 90
6 69
4 31
8 77
3 26
6 4
7 83
2 40
3 47
5 61
8 11
3 96
3 96
3 85
6 61
1 89
1 21
8 82
9 100
1 25
7 80
5 59
6 89
4 64
7 66
7 84
9 36
4 87
9 74
7 65
1 70
5 83
6 22
3 9
6 34
9 61
5 31
8 41
2 14
9 65
8 23
6 80
4 52
3 45
4 78
3 21
5 56
3 72
2 32
5 34
4 90
4 61
9 46
8 93
5 66
5 35
8 46
1 71
7 97
1 53
7 69
8 38
7 10
9 49
9 24
5 85
2 20
2 42
10 10
8 68
4 84
7 75
6 86
8 58
4 65
5 26
2 70
8 96
2 18
7 92
2 84
8 49
3 72
7 18
3 90
7 14
3 42
8 83
5 35
10 4
10 5
7 90
7 78
4 71
5 78
8 3
3 96
8 42
5 89
3 19
10 70
1 34
9 10
6 97
7 29
3 78
5 6
7 1
2 48
8 54
8 48
10 53
6 62
7 18
1 9
1 7
1 71
10 21
3 81
1 64
7 37
6 52
1 54
9 5
3 73
4 13
8 22
8 66
9 21
4 11
5 91
7 16
1 28
5 70
8 11
8 96
6 71
9 33
7 82
4 19
2 43
5 2
5 73
2 90
8 42
6 33
10 82
7 37
7 50
3 59
1 20
10 37
4 26
3 50
6 14
7 80
5 49
8 31
6 45
2 29
9 39
9 74
8 47
6 22
5 48
2 53
5 12
3 48
3 2
1 35
3 89
2 7
3 49
3 9
3 26
3 12
6 92
10 8
8 7
8 92
5 42
10 47
1 99
3 39
2 56
9 19
7 9
2 56
7 7
9 87
1 60
3 81
3 92
8 39
4 84
7 45
1 33
7 67
9 1
10 52
2 79
8 27
8 1
7 63
1 71
7 70
5 18
5 78
10 95
9 53
6 43
9 55
6 4
1 98
3 2
9 10
9 51
4 35
5 48
7 52
4 90
9 90
6 54
6 74
5 6
1 88
5 72
6 29
2 84
2 48
2 65
7 85
1 41
5 74
8 92
9 64
4 55
6 82
8 87
2 61
8 16
1 28
9 67
4 23
2 4
7 16
2 24
2 33
6 52
6 5
4 59
1 5
8 87
4 91
9 4
7 51
7 61
10 59
10 40
5 81
4 8
6 67
7 73
4 82
5 89
6 84
2 98
10 81
10 13
1 21
4 50
3 61
1 54
4 95
9 14
4 7
9 89
10 36
6 90
10 53
9 63
6 82
7 98
8 75
9 50
7 7
6 74
3 9
4 66
6 28
5 95
10 22
7 58
8 52
3 41
10 24
10 14
10 84
5 13
3 75
3 25
6 2
8 26
8 73
7 42
8 40
6 81
8 8
4 28
10 7
9 39
4 85
9 79
10 62
9 20
10 53
8 14
6 6
7 55
4 88
6 81
2 24
10 98
9 31
10 22
7 57
1 84
5 83
8 10
7 23
2 31
10 29
6 94
10 38
9 13
3 98
8 16
2 3
8 84
10 54
3 53
8 49
6 24
8 2
1 13
10 60
5 97
7 44
3 44
5 91
2 92
7 15
3 82
6 79
6 68
9 25
7 27
3 31
6 99
3 43
10 74
2 8
1 8
9 65
1 21
10 13
7 36
9 27
9 83
10 77
8 43
1 53
6 79
6 17
9 65
2 76
3 45
7 48
5 27
3 51
8 84
7 7
9 88
8 19
10 100
2 5
9 39
6 24
6 10
4 41
2 9
6 63
8 41
7 36
6 37
3 8
10 33
6 22
7 98
4 21
2 28
8 62
3 65
2 91
5 71
10 80
4 21
6 82
7 78
1 56
1 20
6 36
7 69
10 21
7 16
2 95
7 19
10 93
9 65
10 7
5 47
4 5
4 15
6 27
4 21
2 67
5 82
8 29
7 35
9 61
8 4
2 32
5 6
3 33
7 98
2 27
6 40
10 53
9 85
8 73
7 49
10 70
5 28
7 68
1 60
3 34
9 44
4 48
10 37
9 51
4 26
3 11
1 45
5 76
3 5
5 92
4 99
5 64
10 78
4 74
5 63
2 8
5 89
9 92
8 14
9 27
4 48
9 55
2 27
2 61
10 64
5 9
7 78
10 71
1 72
6 70
10 72
7 94
10 20
7 78
3 75
6 29
6 55
8 48
8 45
4 29
1 42
8 94
2 90
10 100
3 38
7 40
8 56
2 73
10 59
9 20
5 68
8 36
5 93
2 72
1 32
9 100
1 7
3 49
9 44
1 2
10 28
7 92
8 94
3 32
10 27
5 8
9 44
5 89
10 8
3 33
2 99
7 49
3 91
6 77
4 31
2 27
5 82
1 86
10 43
6 57
9 51
9 44
2 91
6 11
4 89
6 78
9 18
3 61
