1 71
6 83
3 44
10 82
5 34
3 65
10 71
3 92
7 76
2 76
1 5
2 29
9 88
3 69
7 9
8 28
5 87
3 33
2 25
5 29
4 32
10 10
8 14
7 91
4 18
4 35
3 60
10 11
2 22
4 14
1 47
8 60
8 35
8 27
8 22
5 86
5 40
2 99
2 42
1 9
6 70
9 35
7 43
3 93
1 84
1 13
8 76
8 9
7 89
3 23
8 2
6 9
10 22
2 5
4 22
6 42
8 6
6 13
8 72
3 2
5 38
7 5
6 88
10 94
3 39
6 91
6 85
9 46
7 5
1 54
5 26
7 53
8 36
10 71
10 59
1 11
10 92
5 33
9 58
3 24
1 94
9 65
3 8
1 24
6 43
4 28
7 51
6 3
7 17
5 59
10 95
2 32
5 74
9 26
1 70
6 79
10 6
10 83
1 30
4 100
10 82
10 17
10 36
2 47
6 73
9 72
4 96
8 28
9 72
1 41
6 69
5 10
9 83
3 96
7 35
4 78
6 95
4 87
4 17
4 6
6 72
2 62
4 51
2 88
5 90
2 47
4 6
10 54
4 13
2 52
8 16
2 93
9 15
6 45
5 3
10 52
5 82
7 33
10 63
6 44
1 36
5 62
9 54
2 51
8 28
1 68
10 61
1 22
2 20
7 92
7 9
4 40
1 23
2 66
6 20
4 7
1 57
4 20
5 24
2 28
1 28
1 62
4 68
7 48
2 51
7 90
2 44
9 91
3 98
6 47
7 47
10 46
2 23
9 12
2 56
2 6
2 96
4 96
1 28
8 13
7 92
8 81
6 83
6 25
2 77
6 82
1 20
4 80
5 56
4 38
2 15
5 40
5 34
6 97
7 6
3 63
2 59
5 35
9 95
7 82
3 2
7 38
9 73
4 78
3 86
10 87
3 80
4 16
9 68
10 5
6 60
1 34
8 8
10 78
8 23
2 9
1 91
4 51
8 97
8 56
5 91
6 89
1 24
1 47
6 92
5 12
7 21
4 95
4 14
2 9
7 95
10 86
8 78
4 1
4 33
8 38
3 84
2 90
3 82
8 12
5 20
9 54
9 74
5 66
10 11
1 44
5 64
6 59
2 48
1 85
6 31
2 15
1 81
8 88
3 82
10 65
6 89
4 63
8 34
5 90
9 37
1 52
2 53
2 10
10 45
3 29
8 62
3 72
4 46
3 57
8 53
4 43
6 67
10 56
8 6
4 97
5 22
2 67
7 38
1 39
1 85
9 47
2 71
3 4
3 39
9 24
6 15
4 69
6 34
4 44
3 97
8 56
5 60
10 91
10 4
4 92
2 48
6 30
2 9
5 56
5 100
8 26
4 2
5 61
3 18
9 79
6 55
6 22
2 60
8 23
10 15
7 83
3 58
10 74
3 41
10 96
2 84
6 45
8 44
6 20
10 19
1 21
1 69
9 89
3 38
9 35
8 53
7 16
5 11
1 15
1 30
10 15
3 97
9 55
8 45
9 65
6 96
8 82
3 38
10 62
3 66
4 55
4 9
10 25
2 74
1 81
9 60
3 26
5 57
1 90
6 84
10 42
2 91
3 2
10 51
1 44
4 40
8 27
4 4
8 28
6 97
3 4
7 80
4 65
7 70
6 36
7 69
4 76
5 70
9 54
9 3
2 48
6 96
7 56
6 68
5 17
10 38
10 5
4 25
10 44
3 46
7 100
8 13
10 62
10 3
10 13
4 86
6 78
4 38
1 20
2 21
3 73
4 47
8 31
4 32
1 22
1 42
3 38
9 51
6 45
3 96
4 18
1 57
8 17
8 14
3 13
4 93
4 88
10 70
9 86
1 8
6 71
2 34
1 71
2 87
6 73
9 38
7 15
10 11
6 94
6 15
9 50
4 51
9 42
9 8
2 26
5 57
8 9
3 94
6 93
4 42
7 6
4 25
4 52
9 17
2 17
3 71
3 79
8 56
5 18
6 61
6 35
4 8
3 70
3 2
9 46
10 3
2 47
9 57
6 23
4 38
9 17
1 44
7 24
4 46
6 77
2 97
7 97
2 49
7 50
7 10
8 65
8 11
2 64
10 70
5 49
1 98
10 75
9 59
10 89
7 93
2 31
4 76
3 49
9 18
9 95
10 94
5 33
9 21
5 11
2 36
1 51
10 34
2 51
2 56
3 83
8 63
3 99
10 6
10 86
5 89
6 51
1 13
9 97
10 10
9 62
4 39
3 88
5 46
9 88
9 80
2 45
5 87
3 98
7 86
3 39
2 22
4 66
6 97
7 38
1 9
5 53
7 35
8 40
10 24
5 39
8 49
8 23
5 10
4 87
3 90
3 74
6 4
6 54
1 40
3 33
9 82
2 54
9 27
2 3
5 98
7 8
9 11
9 73
8 6
1 3
5 37
8 83
9 15
6 53
3 84
1 87
10 38
3 71
2 73
3 85
3 92
10 98
3 32
1 59
3 75
9 22
4 50
10 16
10 31
6 55
10 3
6 71
3 12
6 44
3 71
1 82
4 45
8 2
7 55
7 21
2 100
4 72
3 62
3 18
1 86
8 78
9 18
8 48
4 9
3 83
1 14
9 95
5 13
8 40
2 60
8 83
8 49
8 52
4 41
4 22
9 29
4 92
6 33
3 57
10 56
7 82
4 26
4 67
6 17
7 75
5 86
8 46
9 63
10 51
10 28
10 23
8 66
8 69
6 24
8 83
1 17
10 73
4 20
8 41
6 80
5 92
6 7
7 13
1 69
1 8
4 37
7 57
3 8
10 70
5 23
8 27
7 61
1 78
8 34
9 15
1 58
2 51
1 13
10 96
4 55
8 28
5 69
6 44
2 24
6 43
6 6
7 26
10 51
3 23
1 100
3 41
2 8
9 99
1 9
1 11
8 78
7 43
1 47
5 56
1 1
10 80
6 45
9 14
8 31
10 76
8 28
1 41
10 5
1 13
5 59
10 50
7 89
10 32
10 53
10 90
10 4
3 80
8 51
1 29
5 86
1 26
3 61
2 72
9 90
8 100
10 35
2 6
9 37
2 25
5 30
10 4
1 40
7 8
5 66
9 22
9 60
6 93
7 31
4 35
3 26
8 17
2 45
2 45
8 85
4 71
1 57
7 36
2 33
3 27
2 32
4 5
10 64
8 97
10 65
9 45
2 74
8 68
10 41
2 53
10 62
8 45
1 76
4 13
7 44
4 67
8 35
2 55
7 30
5 69
3 32
8 98
10 29
3 9
8 51
4 85
4 75
7 13
6 41
10 95
6 44
8 9
2 17
5 98
2 47
2 58
8 5
4 94
1 91
7 19
9 63
5 21
10 8
1 87
6 78
6 78
5 65
3 84
9 91
10 16
2 70
8 20
4 10
3 17
9 21
7 7
7 68
1 85
9 30
10 97
1 53
7 2
6 56
6 2
2 57
8 59
1 31
5 34
2 96
9 8
4 6
10 60
7 8
2 69
5 84
8 25
10 15
6 44
9 57
2 64
6 7
3 9
4 23
6 25
5 31
3 89
2 43
2 43
2 33
5 70
7 98
1 91
6 88
5 3
6 14
4 61
5 25
5 33
3 81
9 100
9 67
5 62
6 31
3 28
7 64
1 26
1 13
9 45
8 88
8 22
5 2
10 95
4 31
1 24
5 86
3 52
10 52
5 70
4 54
10 27
1 66
8 79
2 1
1 29
2 51
3 59
5 2
2 79
7 72
3 12
9 61
4 9
8 90
10 13
5 93
4 71
9 69
10 28
1 68
4 27
3 72
8 85
8 88
1 84
1 58
7 99
3 50
4 67
1 97
5 11
5 95
4 13
2 66
4 1
8 93
1 89
4 53
3 29
9 60
8 40
10 87
4 3
6 90
1 17
4 24
2 65
9 73
2 52
7 93
2 31
10 61
8 57
2 32
2 65
9 28
1 48
7 33
5 34
5 8
5 39
8 73
9 45
7 50
4 77
9 86
1 48
2 94
9 3
5 3
4 35
10 15
2 95
1 42
2 95
4 5
8 75
8 46
3 37
1 98
1 16
2 32
3 70
6 100
2 57
10 8
5 14
7 50
9 18
7 67
7 90
1 32
4 71
9 80
4 96
9 18
2 72
5 97
2 11
8 69
10 73
9 61
7 13
9 75
2 93
6 64
9 64
4 98
9 40
4 4
1 46
5 57
7 58
4 24
3 45
7 52
7 83
3 96
8 79
10 46
9 3
9 53
4 59
7 54
7 29
7 60
8 39
7 20
4 74
8 84
1 23
8 30
1 96
7 18
1 73
6 42
1 37
5 6
10 5
9 84
1 91
7 69
5 59
3 70
6 71
7 2
6 62
9 85
2 96
7 99
3 96
7 39
9 23
3 3
10 4
9 57
9 94
2 11
9 34
5 83
8 62
4 51
4 28
9 41
1 3
9 31
10 61
9 21
9 88
10 56
9 66
7 32
2 5
8 81
8 49
5 24
9 35
7 49
4 86
5 1
10 12
