6 40
10 83
8 30
10 35
1 81
10 70
4 5
2 40
10 1
10 37
3 50
3 30
8 3
7 46
7 11
10 14
10 54
3 9
7 67
5 99
9 94
1 68
4 6
6 33
7 100
5 90
5 28
10 95
2 32
9 82
10 87
5 67
10 34
7 20
10 46
7 22
9 59
10 96
9 90
2 71
9 87
7 39
2 61
10 26
3 22
8 27
8 23
7 7
6 9
4 68
8 15
10 61
4 24
10 38
1 88
8 5
9 43
5 67
9 82
6 55
9 27
1 24
1 7
4 97
1 75
10 97
3 40
9 76
7 85
7 67
10 28
8 8
2 20
9 82
5 58
2 77
1 61
4 81
5 8
1 58
8 84
6 59
4 60
6 43
10 1
5 14
4 42
9 72
5 89
3 73
8 73
10 97
3 29
4 50
2 69
2 85
2 43
3 2
5 84
2 33
1 6
1 90
9 83
10 100
10 76
2 42
2 88
3 42
10 79
9 68
2 59
10 75
10 50
9 35
8 90
2 39
3 46
3 65
7 55
3 37
10 56
10 31
9 2
4 6
3 95
5 41
9 69
10 4
3 100
2 29
3 37
8 8
3 87
10 22
4 85
1 86
3 32
7 51
1 51
10 82
9 9
3 55
9 64
10 99
4 48
9 72
6 78
8 38
8 91
2 18
9 97
9 97
2 98
6 10
10 56
9 65
4 13
5 37
7 19
9 9
8 63
10 48
1 16
3 59
5 15
7 91
6 43
5 76
1 4
6 8
2 45
3 5
7 86
10 19
5 66
9 82
8 98
9 17
2 88
4 3
6 76
8 71
6 92
3 87
1 35
5 65
5 80
7 47
7 66
1 29
2 74
4 33
3 71
3 35
3 73
3 51
1 36
6 17
9 44
6 39
9 19
7 61
9 87
5 82
1 43
3 16
6 50
8 19
2 27
1 55
3 31
1 95
7 12
5 77
3 30
1 64
4 56
4 85
1 98
8 7
10 3
1 54
2 10
7 60
1 34
3 23
8 87
2 54
7 43
7 11
3 50
8 22
3 86
9 76
6 56
7 74
5 24
10 1
10 23
1 99
5 68
5 25
7 4
5 14
8 99
7 99
1 49
2 100
5 17
3 18
8 57
6 83
5 83
6 8
9 85
5 41
4 49
6 52
2 83
7 84
10 83
5 61
3 18
9 3
7 89
6 47
10 38
6 21
7 40
5 38
6 46
10 54
3 96
6 20
7 7
2 3
4 74
4 50
1 41
2 18
2 10
4 43
2 38
1 29
8 79
9 66
1 41
5 97
8 43
10 33
5 88
4 13
1 26
4 64
2 23
10 78
9 27
10 98
9 30
2 38
1 20
10 45
1 63
2 87
4 13
2 76
6 15
10 71
10 97
3 37
3 99
3 11
1 50
3 61
5 13
10 29
1 31
10 24
9 82
1 16
8 17
8 48
7 71
1 40
7 37
10 92
10 94
3 60
3 85
1 59
1 23
3 38
7 96
7 4
5 22
9 11
9 12
3 92
1 29
1 57
10 12
5 22
1 95
3 18
3 9
4 99
5 25
3 60
6 87
2 48
5 65
6 13
9 59
6 18
10 32
3 86
6 23
5 33
6 79
2 25
10 55
4 47
5 78
9 48
2 7
9 60
6 34
5 82
4 72
1 53
10 100
8 94
4 78
5 30
9 13
10 13
8 33
2 83
5 83
2 42
6 78
2 24
7 38
9 69
9 4
10 38
9 62
2 78
5 93
4 94
1 97
4 85
2 24
5 73
9 31
6 5
10 30
8 44
4 51
6 19
3 63
4 67
5 77
9 90
2 4
1 52
1 40
10 41
10 52
5 98
9 67
6 50
5 76
7 44
5 61
9 55
8 81
9 69
2 18
6 25
6 62
9 12
9 69
1 19
7 73
6 83
7 89
4 53
7 56
7 89
8 22
10 70
8 58
5 17
10 4
2 64
10 37
10 22
2 28
4 97
5 10
9 55
7 40
1 61
3 15
9 89
10 25
4 56
6 5
7 42
7 43
9 75
8 44
10 90
3 10
5 64
4 41
2 50
3 77
10 7
4 83
10 46
9 83
1 1
3 64
2 72
3 24
6 9
2 38
3 89
4 71
7 39
5 24
5 72
1 22
5 39
9 52
9 75
4 94
10 64
2 33
8 83
5 66
7 63
1 84
9 25
10 81
6 23
4 1
5 45
2 95
7 28
5 76
7 12
5 82
8 82
9 62
7 11
7 18
7 97
3 91
4 28
5 22
6 84
1 70
7 45
6 47
2 39
3 18
10 66
5 98
1 22
7 45
6 85
6 63
1 50
7 69
8 17
5 2
3 85
8 93
3 93
8 90
10 16
8 46
4 75
10 10
4 6
4 3
2 68
10 34
5 71
7 51
8 80
6 60
7 47
5 64
7 92
2 53
4 42
5 63
3 93
6 99
9 55
9 12
8 19
10 22
7 44
6 41
6 81
10 76
6 97
1 24
8 77
3 95
9 58
9 15
7 63
5 44
2 60
6 40
1 20
6 43
8 28
6 79
6 88
3 31
7 9
10 37
9 66
1 48
4 68
9 24
3 5
5 61
8 27
10 63
6 14
10 70
7 56
4 77
7 22
3 88
1 69
8 39
4 59
7 69
9 39
8 75
5 67
8 95
10 49
8 85
3 14
7 98
10 75
9 18
2 18
6 28
1 93
6 34
1 86
4 2
2 88
8 100
3 93
6 41
9 53
1 26
10 10
3 31
2 6
2 36
5 27
2 46
1 19
7 85
7 20
2 69
2 22
8 91
6 23
9 88
9 56
8 18
7 76
5 62
7 49
6 53
10 71
1 18
9 96
8 66
10 82
9 72
4 66
2 92
9 30
3 35
4 30
4 64
6 50
1 19
10 4
4 55
1 21
9 5
9 51
1 55
2 55
7 63
1 36
3 23
2 97
4 31
3 90
10 26
3 66
5 48
2 90
9 8
9 14
8 98
4 98
1 82
8 91
4 69
1 48
7 48
1 67
2 91
9 21
7 98
8 67
7 67
9 20
2 25
5 20
6 90
1 78
3 85
1 82
8 62
6 77
7 55
1 94
6 67
3 11
10 77
10 65
7 12
10 89
8 30
7 37
9 44
1 7
4 97
1 28
5 11
1 68
10 87
2 46
10 80
7 67
4 12
1 49
10 50
1 55
4 12
7 16
2 36
7 20
4 63
10 62
10 31
8 68
1 42
6 29
1 73
7 14
2 97
1 97
10 77
6 87
9 20
8 44
1 87
5 50
9 33
10 10
6 67
8 18
6 18
10 21
1 90
4 96
10 57
3 39
8 90
3 68
9 57
8 16
1 37
7 4
4 16
2 86
3 86
4 38
1 72
9 48
3 80
7 76
3 56
8 46
8 100
8 44
3 34
1 93
7 92
3 3
10 35
5 5
6 36
2 92
9 33
1 40
7 15
2 47
9 73
2 50
4 56
9 40
9 27
1 88
1 18
2 91
8 32
3 75
8 74
5 63
5 27
2 80
3 1
9 17
5 26
5 95
7 65
9 71
10 83
8 62
6 11
3 92
1 78
2 72
7 7
1 7
3 55
3 64
3 77
7 21
1 30
9 21
7 79
1 70
8 28
10 37
5 10
1 97
6 24
3 37
10 4
9 62
1 25
6 84
4 80
1 12
6 44
9 89
7 27
3 65
6 84
1 55
2 35
8 47
4 60
7 48
3 24
10 38
8 53
2 97
3 40
7 22
5 14
2 53
6 100
3 7
9 89
3 19
5 79
8 93
7 28
4 31
2 99
10 64
7 58
2 73
10 41
2 90
5 90
2 75
4 39
3 69
2 5
8 53
10 65
8 44
7 30
4 93
9 10
7 11
5 22
9 90
5 57
3 29
4 45
9 58
2 43
9 79
6 9
6 38
9 97
7 12
9 40
1 70
2 48
4 32
4 56
6 91
7 59
8 63
8 28
2 98
3 60
1 36
6 53
5 96
8 100
2 76
5 11
8 22
1 18
2 63
5 19
2 100
5 56
1 23
4 45
1 59
5 91
10 98
7 49
6 41
3 41
3 5
2 47
8 97
10 39
1 51
4 100
8 1
9 38
3 98
7 57
4 82
4 55
5 58
4 5
5 100
9 33
4 55
8 8
9 71
1 27
8 53
6 8
5 67
9 65
1 75
7 71
7 9
6 45
10 59
4 8
4 45
5 79
4 93
10 82
3 65
2 83
7 85
9 61
8 100
7 7
9 36
8 29
2 22
3 44
9 11
4 4
8 16
7 52
2 84
6 92
9 46
3 10
3 10
6 40
5 94
8 79
4 98
1 18
3 32
4 5
10 26
9 55
4 97
6 7
10 88
1 28
7 94
8 73
9 81
10 93
3 28
4 74
9 68
1 82
1 7
10 11
7 1
2 23
6 80
8 20
6 16
8 45
1 13
5 15
1 62
2 12
2 2
10 46
8 68
9 68
6 51
9 70
8 8
6 62
8 78
10 44
3 9
