8 29
1 53
1 74
3 13
1 73
2 19
5 86
9 37
7 90
1 31
6 7
9 69
5 79
9 49
10 12
2 70
6 26
8 39
4 100
2 33
5 48
3 29
1 15
1 22
2 58
3 8
6 45
4 2
3 89
7 17
8 39
9 14
5 67
6 32
1 38
5 48
10 58
2 60
1 93
1 46
7 30
2 27
2 40
10 34
4 71
3 3
2 33
9 46
6 18
1 53
10 80
1 67
3 10
2 14
9 52
4 52
7 40
10 50
5 56
3 6
3 57
1 67
2 69
5 75
3 9
7 45
4 84
7 77
7 76
8 73
7 26
9 97
3 30
7 31
1 66
10 10
9 28
2 70
10 3
4 13
9 69
6 4
3 1
7 64
2 71
6 12
5 18
6 93
10 78
8 45
6 6
10 25
3 82
10 82
4 16
1 31
2 46
7 18
4 88
1 52
9 89
10 23
3 1
5 71
1 89
5 45
4 91
5 16
6 39
7 77
2 39
8 78
9 84
9 51
9 79
2 87
8 40
3 14
9 29
1 44
1 95
6 85
1 37
7 23
9 37
6 34
4 37
9 38
4 91
8 48
2 22
5 31
4 57
8 98
6 34
9 59
9 28
9 94
5 89
5 81
7 71
2 13
1 49
5 30
8 83
10 55
4 76
3 48
9 97
10 93
3 82
9 54
4 95
8 89
4 94
2 63
1 45
5 14
6 44
3 52
7 96
2 42
5 49
4 44
10 54
10 97
4 20
10 15
5 82
5 17
10 44
6 21
4 34
5 45
5 81
5 33
3 29
10 84
8 26
2 17
4 85
1 1
2 17
7 34
4 52
6 10
3 52
10 22
7 88
3 6
1 80
1 12
3 64
4 25
3 74
4 47
2 86
9 81
9 15
4 68
2 16
1 52
2 1
2 15
5 29
7 18
8 66
8 19
6 99
5 17
8 13
3 92
7 72
1 21
1 22
3 33
3 32
2 12
2 36
4 88
8 38
4 92
8 46
9 18
7 40
8 49
7 16
3 90
4 33
9 33
5 41
3 65
10 86
3 96
3 64
4 16
9 3
3 100
2 88
4 71
9 69
5 27
9 90
7 1
4 20
1 94
7 20
3 19
3 67
10 58
10 5
6 56
7 37
3 42
6 9
6 92
3 91
4 73
8 24
8 62
4 8
5 82
2 32
5 83
7 83
4 80
3 12
4 99
3 13
5 50
5 69
6 45
6 62
10 50
3 5
8 45
5 15
2 83
10 12
7 19
7 58
5 12
10 13
6 19
3 38
2 8
9 43
10 27
6 30
8 62
3 42
7 98
4 11
9 88
9 80
10 65
8 28
5 41
2 94
8 42
6 11
9 41
10 87
7 22
5 67
6 97
8 62
2 56
2 13
8 81
3 33
3 94
8 57
3 100
1 10
2 8
6 36
5 83
4 17
3 70
10 61
10 28
9 77
10 8
3 9
8 42
6 58
3 57
9 73
4 71
4 62
1 54
6 80
9 4
3 2
10 98
10 8
1 1
7 16
1 38
8 56
7 4
10 20
2 87
4 4
4 80
9 24
5 24
9 69
3 23
1 18
2 55
8 39
7 54
10 58
7 89
9 27
9 77
9 22
6 100
2 37
1 73
6 79
7 30
4 89
6 76
1 56
5 69
2 80
10 53
6 59
1 90
1 25
7 71
7 37
9 87
10 86
6 40
1 52
2 63
10 18
1 24
5 100
9 7
3 29
3 20
5 72
8 48
8 45
9 41
9 68
1 70
1 25
7 80
8 50
2 12
8 18
3 65
10 54
3 54
10 59
1 71
3 49
8 16
9 43
2 67
5 23
10 90
3 43
8 94
7 58
1 48
1 54
8 25
4 43
6 97
8 3
2 44
2 44
2 78
8 18
1 29
4 67
5 70
8 88
2 84
9 87
10 100
1 78
4 26
7 7
6 34
5 55
6 12
6 55
5 42
3 100
8 55
2 47
10 44
9 9
6 87
2 29
4 48
1 38
7 62
2 73
3 22
5 64
7 88
6 58
7 11
3 95
1 46
8 91
8 60
3 24
8 36
9 13
4 56
5 6
3 8
1 25
2 68
9 86
10 15
1 76
2 26
3 29
8 8
4 24
10 84
5 89
2 34
10 62
4 35
6 62
3 41
5 96
6 42
10 21
8 16
7 1
3 14
10 64
2 99
7 70
2 78
1 50
5 97
9 17
6 34
10 21
9 91
3 97
4 1
5 73
3 94
5 50
9 64
5 9
1 58
2 99
2 54
2 26
7 49
7 97
9 16
4 65
4 12
9 92
4 76
1 93
7 34
9 14
9 68
3 100
1 33
1 94
3 70
8 93
3 6
6 78
4 54
2 44
10 66
4 50
4 56
10 35
7 1
3 2
5 33
9 65
4 85
4 32
4 15
3 50
9 97
9 17
9 24
9 100
9 31
3 78
1 65
6 49
8 68
4 17
5 52
7 32
8 68
7 95
1 60
4 79
9 68
1 89
6 13
5 67
6 98
10 5
10 15
10 97
6 45
10 35
8 5
5 100
5 4
10 11
3 91
9 74
10 53
4 63
1 22
7 30
7 7
7 78
5 49
1 97
9 78
10 21
1 75
10 15
4 87
3 38
3 57
2 92
3 43
5 54
6 35
10 9
1 31
3 18
3 80
8 78
5 26
2 38
4 76
6 60
3 27
2 19
3 6
10 65
4 86
1 54
7 75
1 60
1 68
1 48
8 51
1 40
1 17
6 39
9 49
8 26
10 59
3 55
3 77
4 57
9 2
6 96
1 51
1 7
1 20
5 52
10 47
7 63
10 36
6 15
7 45
8 95
10 68
10 56
6 43
1 16
1 92
10 87
7 67
1 22
5 10
5 83
3 80
2 3
8 69
10 27
5 98
3 5
3 8
10 18
1 44
8 58
8 50
1 80
9 26
2 45
7 13
5 96
7 25
9 16
1 14
8 17
4 80
5 53
1 45
8 47
4 75
9 47
9 42
3 74
3 5
3 68
4 76
8 71
2 35
6 2
8 73
8 48
2 89
3 79
6 97
6 58
6 33
4 51
4 51
5 85
6 20
1 26
8 72
2 65
10 90
10 80
5 68
4 85
5 71
10 23
6 42
3 84
10 41
8 45
9 93
4 14
9 66
2 33
2 74
8 62
5 89
4 40
4 94
9 14
4 42
3 33
5 27
9 59
6 92
7 7
7 32
10 13
5 84
9 63
5 55
4 44
5 33
1 64
3 72
3 19
8 7
6 33
7 44
5 47
10 90
9 91
6 76
6 68
2 18
6 65
8 94
1 5
7 26
6 26
10 76
5 19
5 66
7 99
9 54
1 99
5 19
9 47
5 30
9 29
4 47
6 43
2 78
3 57
1 35
8 20
5 44
3 42
4 67
6 30
6 79
2 87
10 46
5 25
3 68
7 92
2 44
5 53
2 94
2 95
8 77
8 71
2 82
6 89
2 97
7 8
7 5
2 12
1 44
6 70
6 64
5 92
1 81
8 31
8 75
8 39
9 92
9 51
7 64
10 39
9 21
7 15
5 74
5 21
3 28
9 54
6 1
9 41
1 41
4 25
2 90
7 70
8 99
6 44
10 73
4 52
9 67
3 8
3 68
7 18
9 43
9 1
3 71
3 84
7 29
6 59
3 76
1 83
9 59
5 70
3 1
3 5
9 94
2 72
7 66
8 28
7 33
6 87
2 70
5 36
5 13
8 13
2 71
4 51
7 40
5 45
4 17
7 74
2 11
1 85
6 93
4 2
3 93
6 48
3 91
9 53
1 84
10 18
9 93
6 41
9 9
8 69
6 47
3 5
4 37
7 96
6 43
5 77
2 80
6 63
3 20
8 32
5 51
7 28
4 13
1 9
9 27
3 25
1 9
2 37
9 10
8 53
5 98
7 72
9 58
3 30
1 31
2 25
9 33
8 57
5 75
7 32
2 49
6 19
1 2
2 95
2 24
1 48
2 24
4 52
2 23
4 71
6 63
4 58
5 51
6 87
7 16
8 69
7 65
4 93
5 42
1 53
4 23
7 57
7 47
9 12
1 26
4 52
5 32
1 62
7 33
8 100
9 74
10 73
6 4
1 9
10 49
10 58
3 92
3 47
3 22
2 44
1 15
9 3
9 98
9 26
5 67
6 21
3 99
2 15
5 5
10 9
6 99
6 75
4 15
9 36
10 81
6 61
5 8
7 61
10 2
9 56
1 16
8 34
3 13
6 71
9 50
1 62
7 64
9 99
10 15
8 58
10 61
5 10
5 59
7 82
2 14
5 83
10 97
5 79
6 58
5 66
5 56
3 20
5 61
1 27
3 2
10 99
5 24
2 47
8 4
6 98
2 52
5 68
6 37
6 44
6 89
5 28
9 82
1 63
5 9
6 58
3 81
10 9
1 52
1 89
3 77
3 61
9 63
3 38
2 21
2 5
7 83
1 3
8 90
8 67
10 24
5 96
7 55
9 13
9 88
7 92
2 40
