8 80
10 83
9 33
1 31
5 21
2 88
9 65
6 37
7 14
10 2
8 20
1 87
8 10
3 22
10 86
9 89
8 82
7 97
10 97
10 51
2 21
5 72
3 78
1 100
7 74
3 91
1 27
9 5
7 49
8 60
7 22
10 33
5 67
1 71
2 50
1 47
6 17
3 5
2 62
9 5
2 2
7 47
5 30
8 41
2 59
3 34
7 46
9 83
6 80
9 94
7 16
7 11
8 9
8 81
3 16
10 89
6 19
8 39
1 13
2 58
4 78
10 97
7 26
5 23
6 83
1 55
6 8
3 63
2 73
10 27
6 40
9 39
8 41
1 54
2 95
1 97
4 56
9 99
7 79
1 39
2 16
1 93
7 17
3 10
7 37
8 12
8 23
1 49
3 80
5 59
10 68
10 33
9 75
1 86
4 5
5 65
2 5
8 16
6 4
3 97
5 60
2 2
2 80
1 40
2 40
8 37
2 33
4 43
10 56
6 81
3 2
1 25
7 93
2 28
8 44
6 19
1 52
9 27
2 71
3 3
8 16
2 53
2 17
8 3
10 91
2 60
4 69
2 85
7 72
10 69
7 69
7 33
5 43
3 21
5 5
7 31
9 2
4 92
8 49
8 44
10 8
3 100
9 95
7 82
10 53
6 84
10 36
10 87
10 51
10 86
6 21
10 96
3 84
3 91
3 8
10 35
4 27
3 67
4 66
2 83
1 22
10 87
6 56
1 36
4 70
9 65
5 76
9 98
9 96
7 72
9 78
9 16
2 39
10 95
7 62
2 10
4 21
9 12
1 38
6 93
6 97
6 58
4 89
6 20
4 76
4 81
1 84
8 78
9 66
3 78
8 29
8 96
3 51
2 54
4 73
9 94
3 56
2 34
2 45
4 47
7 21
10 29
9 89
3 39
7 67
8 70
7 2
10 61
1 28
3 1
10 29
10 14
6 99
8 83
4 75
7 50
4 87
4 76
7 90
8 36
3 57
3 46
6 10
8 68
7 96
4 9
9 51
4 54
6 90
6 91
8 67
7 74
6 54
1 47
5 18
8 8
3 22
5 71
1 39
9 98
10 27
10 15
3 58
4 2
4 33
6 13
8 18
4 95
7 74
5 100
7 62
2 21
6 64
10 27
1 97
4 51
5 57
5 81
2 7
4 45
1 52
10 96
8 75
10 92
8 91
6 61
5 44
9 27
10 76
4 48
7 10
3 22
2 54
4 49
2 97
8 80
8 55
7 3
7 98
3 62
3 41
3 44
9 95
3 92
4 42
5 68
5 45
5 48
5 46
7 58
10 32
3 95
2 45
1 67
5 76
1 29
5 67
6 31
7 92
2 78
7 38
7 69
6 31
5 44
9 4
2 84
1 97
6 89
1 48
7 65
5 61
6 28
9 83
1 17
2 29
1 9
2 96
4 6
8 98
1 35
2 50
2 35
5 76
4 15
4 86
4 22
3 99
8 32
6 27
8 23
10 42
5 90
5 64
4 7
6 98
3 45
2 70
5 67
7 75
1 13
3 8
5 5
4 96
6 73
7 37
9 11
10 42
2 21
2 86
4 77
6 10
6 34
4 50
10 21
4 64
1 54
5 6
3 85
6 60
4 30
7 59
8 51
6 45
9 34
7 77
3 70
5 30
5 29
4 8
4 51
10 47
3 99
4 24
5 85
1 90
3 84
7 62
1 81
5 88
1 52
2 19
2 48
1 79
8 59
7 9
3 7
8 63
6 48
5 74
5 54
9 42
4 75
10 54
4 43
3 22
6 20
2 98
2 21
10 12
6 39
10 33
7 36
2 20
2 8
9 76
7 81
8 33
7 22
9 55
1 88
9 79
10 30
6 15
6 35
4 41
6 6
4 12
10 98
8 7
2 4
3 22
6 11
4 30
6 74
8 9
8 68
8 48
6 9
3 91
6 81
9 43
2 100
7 18
1 45
10 71
2 12
5 96
3 90
9 30
8 87
8 8
7 100
6 61
1 74
10 84
7 28
1 57
4 88
9 31
6 62
10 100
2 79
7 85
6 80
7 16
6 52
9 60
5 58
8 64
9 48
4 19
1 18
10 60
7 59
3 14
10 35
7 63
6 18
4 91
7 48
8 48
8 6
6 56
4 100
9 44
8 9
1 16
10 73
4 99
10 93
10 97
6 74
5 76
8 32
1 16
10 70
8 11
1 20
1 58
6 13
5 62
1 95
2 75
1 39
5 63
5 98
1 74
7 98
1 29
2 34
5 30
10 15
1 8
10 92
3 100
10 85
10 24
5 34
8 80
8 70
6 19
6 85
9 27
4 47
4 53
4 28
1 91
6 41
5 32
3 3
10 32
9 60
1 53
4 83
6 46
4 41
7 15
10 50
8 46
4 49
8 37
4 78
7 92
10 18
9 38
8 92
9 32
1 30
3 82
3 2
2 39
5 96
3 24
2 3
8 28
1 9
10 27
8 67
7 41
2 76
7 26
10 33
8 93
2 75
8 22
3 26
1 29
3 32
6 89
4 42
8 21
7 1
8 90
1 20
4 78
7 61
6 45
6 27
4 87
2 16
4 78
4 21
1 78
6 59
5 62
7 79
3 5
1 43
6 67
1 20
3 51
5 28
2 35
6 57
2 62
4 16
1 45
4 96
7 68
2 7
2 44
2 76
10 64
2 78
8 5
7 100
7 80
2 46
6 6
7 61
1 46
5 31
6 75
2 2
2 40
8 3
8 71
3 63
7 34
10 6
3 13
8 20
6 8
4 21
4 4
8 4
10 3
1 21
9 97
7 65
1 90
5 43
8 49
5 8
9 15
1 63
1 6
6 11
7 21
1 55
6 9
9 69
6 48
4 54
5 10
2 34
5 30
8 39
10 89
6 61
4 86
7 29
1 8
9 78
7 73
5 58
4 64
4 66
8 83
7 18
10 99
1 100
8 84
6 55
4 28
6 52
6 57
5 40
9 16
10 41
9 2
4 44
1 5
8 36
3 30
5 42
1 51
8 68
10 76
3 28
2 24
9 41
8 42
8 69
10 13
8 56
9 2
5 100
2 13
10 90
10 19
2 49
8 10
10 30
4 38
1 64
8 17
5 21
2 99
4 67
2 80
9 22
7 14
3 58
9 95
8 85
7 68
2 86
1 25
6 9
8 10
5 29
10 57
8 4
4 82
3 86
7 72
4 51
2 98
3 63
8 75
2 37
5 70
1 95
4 39
8 26
6 59
5 70
4 79
3 78
1 56
4 90
7 85
2 49
9 58
6 89
8 46
1 18
6 81
4 80
3 65
6 77
7 99
5 11
4 68
1 94
10 25
10 59
6 48
1 42
9 58
9 6
4 67
6 95
1 9
4 91
10 14
1 81
5 80
9 4
10 34
4 81
8 65
3 85
8 45
3 62
5 34
2 25
2 47
8 56
6 50
7 93
1 6
4 15
9 59
6 29
9 17
10 59
2 48
1 5
5 10
3 99
2 98
3 9
5 65
5 15
2 84
1 15
8 74
6 71
10 8
1 75
8 7
9 19
6 38
2 14
1 9
10 35
1 89
1 29
10 66
3 14
6 55
1 16
9 62
5 88
9 56
2 5
1 7
5 38
3 94
1 51
6 2
4 62
4 21
7 94
7 5
9 1
5 75
2 80
10 60
9 7
8 57
2 95
1 30
8 91
5 46
5 78
10 72
2 30
7 72
3 9
9 18
6 62
9 55
6 7
1 90
9 68
9 39
7 29
2 22
3 31
3 77
10 43
1 47
2 21
1 20
9 7
2 82
7 67
4 17
7 1
7 24
2 18
9 4
7 51
9 55
3 46
4 62
2 100
6 43
10 15
10 19
6 87
5 56
6 24
9 11
3 66
6 49
2 42
1 79
9 73
8 32
4 32
1 98
5 90
7 94
4 66
9 78
4 84
10 13
5 7
5 42
3 55
9 13
6 44
6 76
4 51
2 41
8 52
8 57
8 54
1 97
2 40
8 77
1 73
6 4
7 70
6 42
10 11
10 37
7 31
9 66
2 62
9 99
2 11
8 92
10 39
4 50
8 45
8 84
4 7
9 61
10 17
6 32
6 81
8 36
5 76
6 59
5 85
5 97
7 8
8 73
1 81
1 12
8 34
5 11
4 23
7 77
7 78
2 62
1 63
9 66
10 79
7 81
4 8
10 51
8 68
3 13
8 4
2 48
2 43
8 18
3 30
8 83
7 51
5 20
9 65
2 80
3 27
1 17
5 79
6 34
1 87
1 43
9 32
9 93
10 56
4 9
7 90
2 47
6 12
4 20
9 9
6 45
7 89
5 15
10 66
7 21
8 56
6 1
2 14
10 4
3 8
10 79
7 69
1 26
9 18
3 21
6 4
7 54
4 8
6 31
6 86
3 81
4 73
7 90
8 60
7 88
1 60
1 6
9 46
5 80
8 57
5 63
8 55
5 62
6 33
4 57
10 85
6 49
6 99
1 45
9 60
8 61
9 7
8 12
4 61
4 96
4 57
