6 88
9 49
8 38
6 65
5 96
9 38
2 5
10 91
7 27
1 12
7 29
1 10
10 15
3 10
1 8
5 9
10 43
2 92
2 39
7 25
6 27
9 98
6 47
7 61
8 77
4 81
2 97
7 85
4 52
8 35
3 7
1 25
3 28
4 8
10 69
3 44
10 62
3 61
1 3
6 15
5 35
10 22
2 43
5 14
3 74
2 60
1 61
7 23
5 52
7 9
2 21
3 20
8 9
10 53
7 37
4 94
2 50
7 89
7 81
7 48
6 43
6 90
2 52
9 48
7 99
7 60
8 7
4 98
3 12
2 92
3 86
4 78
2 74
3 52
2 67
2 40
4 57
2 23
8 44
2 84
2 45
3 43
4 53
6 65
9 19
3 45
7 53
2 11
6 7
9 13
4 8
5 18
2 41
2 29
4 84
7 38
3 66
4 68
10 13
6 87
3 18
4 41
4 55
5 24
3 85
10 74
1 80
5 34
1 56
3 71
8 52
8 35
10 42
6 62
9 79
7 61
1 1
9 62
1 3
5 82
6 28
4 10
10 80
10 87
4 100
2 61
7 13
1 3
2 73
3 9
9 82
7 66
8 31
10 62
6 49
2 84
10 75
9 73
1 59
4 1
6 82
7 99
2 54
9 65
3 70
7 30
5 22
4 23
10 62
2 87
7 54
6 79
6 40
8 40
9 70
7 86
4 86
2 93
7 36
1 14
1 3
7 35
2 84
9 16
8 32
8 95
6 2
4 91
5 93
4 69
4 36
6 52
5 16
5 72
2 74
1 65
7 58
8 94
10 11
7 52
1 70
8 73
5 75
9 68
6 28
7 42
9 17
6 100
2 71
5 6
7 36
10 76
5 69
2 73
8 88
4 56
10 45
2 33
8 11
10 61
7 83
1 86
6 30
2 85
8 1
9 61
4 71
5 93
7 46
9 74
3 22
1 80
8 87
1 40
9 34
4 14
9 15
8 13
7 86
9 36
1 97
5 24
1 50
2 28
8 42
6 60
5 78
1 12
4 1
1 36
8 31
3 69
10 80
7 7
2 94
5 5
2 62
7 19
4 94
10 98
5 5
4 72
2 30
4 3
1 19
4 71
5 14
6 60
5 98
7 8
1 37
2 23
1 29
2 10
6 54
1 3
1 63
4 80
8 97
8 33
6 89
6 64
3 8
3 8
4 89
6 9
10 60
2 35
7 75
7 37
4 38
9 15
9 20
3 37
3 96
10 4
2 86
5 78
7 88
1 88
6 41
8 48
5 17
8 49
10 10
6 29
10 95
9 97
5 56
10 8
9 45
1 2
4 88
8 76
7 90
1 93
2 6
2 55
10 59
5 100
1 67
5 53
3 24
2 58
7 46
5 100
6 80
1 19
3 13
10 31
2 67
1 79
9 100
10 97
3 3
4 37
9 42
4 5
6 62
9 6
6 52
5 29
3 48
7 21
5 91
2 84
4 11
4 45
1 66
10 90
9 3
3 76
3 3
10 25
9 32
10 48
6 4
2 71
9 45
4 25
5 52
5 92
4 92
10 60
6 30
4 90
10 11
8 16
6 46
2 53
3 86
1 13
1 80
4 10
6 72
8 90
3 21
7 30
2 53
1 68
7 2
6 62
3 22
1 38
3 66
10 9
2 97
7 32
6 62
1 35
3 64
5 42
2 3
6 73
1 7
5 76
3 91
4 84
8 72
10 58
5 33
2 25
6 89
5 14
7 79
10 93
8 21
2 82
6 68
5 8
7 8
8 53
2 61
6 54
7 18
1 95
1 17
9 82
7 80
7 79
1 64
10 31
6 36
10 82
4 73
4 96
4 28
6 23
4 40
5 15
9 15
3 30
8 88
3 15
9 8
4 74
1 55
5 83
3 84
5 37
2 38
9 22
6 33
6 93
10 84
8 63
6 31
2 6
1 52
4 72
10 77
7 21
10 80
4 32
8 18
3 32
7 54
7 67
7 42
3 32
5 37
6 74
10 63
1 13
7 63
1 25
8 66
2 17
6 5
5 27
7 53
1 59
9 11
4 85
7 68
2 3
2 99
4 68
3 75
5 85
2 83
3 6
3 75
7 85
3 69
4 82
6 26
10 37
7 28
6 26
4 49
3 32
5 82
7 90
6 49
6 66
9 89
2 40
9 33
9 75
2 72
4 75
7 40
1 95
4 72
9 49
8 69
6 9
9 81
3 35
4 15
3 1
6 21
8 81
8 35
7 56
4 89
1 64
4 79
2 48
1 49
9 38
7 38
3 70
6 42
4 74
5 33
4 30
4 39
2 79
4 1
3 35
2 82
2 27
1 16
7 49
3 41
6 22
3 7
3 92
7 19
5 97
1 38
7 61
9 34
7 77
9 8
9 25
9 93
7 55
2 82
9 26
6 85
7 15
2 5
7 35
2 58
9 84
8 82
6 13
8 16
1 43
1 92
6 26
9 23
2 77
9 73
9 39
6 65
10 83
9 26
8 11
4 45
2 53
6 2
9 23
6 64
10 97
5 67
1 89
10 17
5 23
2 98
8 79
8 77
5 84
6 46
7 7
8 49
10 41
10 85
8 14
8 45
5 91
3 44
9 95
5 61
4 82
9 77
2 91
10 97
6 24
4 15
10 20
3 78
9 9
5 28
4 55
2 37
10 18
2 80
4 68
5 96
8 7
2 49
1 82
4 45
10 86
2 8
3 9
7 52
10 72
9 42
4 2
8 38
3 56
1 93
2 51
9 42
6 85
4 42
6 57
9 49
10 31
4 86
6 3
6 31
2 53
1 35
3 42
1 69
5 47
2 70
4 77
9 82
1 32
3 20
1 84
9 85
8 73
7 7
6 78
1 39
1 94
5 52
7 89
6 2
5 54
10 4
5 30
8 82
5 96
4 24
3 47
9 40
9 14
6 75
8 30
1 83
6 35
10 44
10 48
9 13
7 5
2 70
7 73
7 33
7 73
5 26
9 17
5 88
3 68
3 5
1 90
10 85
7 90
8 40
4 98
8 82
1 77
6 1
4 11
3 46
10 52
7 73
7 18
6 91
4 97
4 49
7 15
6 3
6 45
2 99
4 1
2 65
3 48
6 4
10 8
10 47
3 47
4 1
2 68
10 70
7 56
5 92
6 16
10 19
2 18
8 9
3 18
8 50
6 60
6 35
9 3
9 70
9 76
10 38
2 85
8 38
7 33
4 29
3 38
9 3
3 27
10 87
10 44
1 48
7 27
8 63
5 33
4 88
3 38
7 81
10 10
3 65
10 53
3 96
5 9
4 56
7 3
8 48
4 28
5 69
8 71
2 43
5 89
2 46
6 1
2 50
10 74
4 100
2 78
10 18
5 88
9 31
7 98
2 89
9 86
3 7
1 47
6 68
10 89
8 98
9 69
2 76
7 62
4 27
10 26
3 51
3 40
3 26
2 29
10 49
7 45
3 4
9 96
7 89
6 38
5 33
7 59
9 59
8 14
4 69
10 60
4 5
9 61
2 53
8 18
4 24
4 66
8 42
9 40
10 66
5 91
10 83
2 73
9 72
5 37
7 96
4 95
2 62
2 71
8 34
1 51
8 55
3 13
6 62
9 44
3 92
1 22
5 19
3 77
3 78
9 72
1 59
1 38
6 14
9 65
8 76
10 30
6 77
3 5
8 36
5 97
7 70
8 32
1 55
6 6
2 81
8 19
2 85
10 70
8 4
2 39
10 63
8 21
10 95
7 27
9 88
9 70
7 93
4 57
2 54
5 52
6 58
4 61
5 64
9 100
9 32
3 7
10 42
3 23
2 16
5 27
10 34
4 23
5 80
8 92
5 55
9 63
10 68
10 3
6 66
2 33
9 71
1 87
1 59
5 17
2 1
9 52
10 18
3 92
8 24
9 38
1 28
3 11
3 100
7 4
1 80
5 48
8 40
7 15
6 40
8 41
7 89
5 35
6 68
8 97
6 43
3 74
5 59
7 21
1 25
8 34
5 71
5 36
7 44
2 53
10 2
7 41
7 28
7 16
5 47
1 3
5 76
10 9
7 37
3 59
3 8
5 63
10 97
7 64
8 62
8 3
4 69
9 7
9 31
5 18
8 21
1 93
5 64
2 95
10 70
8 7
9 75
8 27
9 67
7 33
2 62
7 17
3 82
8 77
3 41
2 6
8 72
8 54
6 53
5 32
1 94
2 24
8 25
10 32
7 93
7 12
7 17
4 20
4 71
6 26
4 70
6 43
6 86
6 16
10 23
3 79
9 17
9 42
6 11
10 31
1 34
6 34
3 70
4 44
5 28
3 22
8 55
2 38
9 25
4 94
9 25
3 60
4 55
4 73
8 56
9 39
1 44
9 5
2 42
5 85
9 71
6 78
1 67
3 91
5 38
3 5
7 67
3 77
6 8
2 74
10 93
7 74
3 50
6 11
2 12
5 90
2 63
2 60
1 59
7 78
3 41
5 79
6 42
6 4
4 11
3 35
2 40
8 21
10 95
9 63
3 84
10 60
