8 99
9 26
7 73
10 53
9 72
8 43
5 27
1 86
9 53
4 80
7 18
3 44
5 61
4 68
3 51
8 84
6 94
5 85
8 4
3 53
9 66
5 6
1 89
8 14
6 40
8 79
7 52
1 29
1 34
9 81
8 39
7 11
5 10
4 28
5 18
8 78
6 30
1 58
1 64
9 29
3 2
2 3
7 32
10 68
2 18
10 84
7 65
10 59
10 79
6 58
3 28
5 13
9 64
8 18
4 10
7 7
9 71
2 12
5 41
6 80
1 55
6 30
8 94
7 91
6 96
7 91
6 33
4 54
7 36
9 18
1 46
7 39
6 58
4 2
6 75
9 67
10 3
1 54
3 37
10 8
8 83
4 80
7 34
1 45
1 94
6 39
10 25
7 38
1 97
2 46
8 31
4 42
4 28
7 12
10 22
10 10
7 86
10 7
6 46
8 93
10 38
10 19
3 65
3 32
10 78
1 90
8 88
6 8
7 84
3 96
7 2
10 73
10 91
3 22
5 57
4 86
2 40
3 68
2 22
1 16
8 75
3 88
9 59
7 54
6 16
10 18
10 36
10 36
3 36
7 44
2 84
8 50
10 32
9 44
7 18
4 95
4 14
8 27
1 23
4 92
10 64
10 70
1 20
9 52
8 14
8 93
9 86
4 55
4 93
3 29
8 8
9 88
7 16
3 83
6 44
6 13
6 100
9 93
4 3
7 52
10 97
7 13
9 28
4 94
5 49
6 82
3 53
7 13
2 49
8 84
6 55
3 94
3 36
10 33
1 80
8 69
9 33
9 40
4 21
6 90
1 22
2 20
1 39
1 96
4 41
5 99
9 83
1 51
4 44
5 8
5 16
8 67
10 74
8 47
2 57
6 12
9 1
1 49
9 38
9 5
10 68
8 66
5 1
3 23
10 4
8 49
1 30
7 1
8 84
8 8
3 5
8 56
7 54
4 10
7 72
9 53
3 94
5 27
10 52
6 27
8 55
10 64
5 83
3 64
7 11
6 93
2 16
9 53
2 57
1 24
2 28
9 36
10 70
4 85
7 57
8 55
7 3
6 69
10 22
2 72
10 39
10 57
7 43
4 44
4 74
1 62
9 11
6 78
7 18
5 52
5 6
6 38
9 42
6 45
7 3
10 84
3 27
2 16
4 93
5 68
4 5
10 48
10 55
3 22
5 8
3 56
8 78
9 57
3 54
2 66
2 3
3 9
3 13
10 54
1 87
4 15
7 74
4 10
10 28
5 33
4 6
5 13
1 74
1 72
3 33
10 42
8 57
4 59
1 87
2 8
2 20
4 67
10 49
6 40
9 29
4 66
1 82
8 8
5 53
10 38
2 60
1 44
9 93
1 65
8 66
10 68
2 72
2 24
6 34
7 59
3 46
10 38
10 41
3 56
2 80
7 100
4 71
8 84
7 44
7 64
3 10
2 76
1 8
9 88
6 8
5 10
4 96
3 41
4 56
5 52
1 61
7 14
6 74
5 42
6 54
7 40
2 95
2 75
4 3
5 25
3 92
10 28
10 78
3 51
7 69
10 74
2 3
8 11
7 57
8 35
2 50
7 76
5 97
8 21
4 33
6 31
1 35
7 3
5 60
10 47
6 9
7 57
3 7
4 76
10 32
6 73
3 28
7 81
1 100
10 86
7 91
3 39
6 3
8 74
5 31
5 29
9 71
2 26
1 88
6 20
5 55
6 94
3 100
10 3
4 88
4 58
4 52
7 9
1 85
5 50
2 78
6 23
7 53
7 51
10 71
3 77
2 41
6 53
8 43
5 37
6 5
1 26
4 77
6 29
2 37
7 73
4 34
2 99
3 66
5 58
5 23
7 80
4 76
2 86
4 69
2 64
8 2
5 69
9 53
8 42
5 11
9 69
1 54
4 30
2 45
8 21
4 8
7 28
4 82
10 57
1 85
4 75
8 97
4 38
9 93
8 81
1 3
5 60
1 55
4 3
5 96
7 94
5 75
6 67
5 9
9 18
3 51
6 96
1 68
9 27
6 100
7 85
8 9
7 96
2 44
1 35
7 25
6 88
2 19
10 14
4 87
8 85
6 7
10 16
9 77
9 39
4 2
8 63
3 81
7 36
2 1
3 74
9 10
3 31
5 88
8 64
3 17
7 47
9 38
6 58
8 54
4 7
6 4
1 59
7 90
2 28
6 95
3 15
1 13
7 84
7 87
2 63
6 7
6 87
6 36
7 72
5 72
6 37
5 45
4 89
1 14
9 81
8 21
4 11
4 75
7 61
8 4
4 72
10 1
4 77
2 28
8 67
2 99
9 19
1 2
2 96
6 99
8 1
5 15
5 78
10 64
5 96
9 69
10 74
4 11
2 49
8 14
3 51
3 59
4 75
5 6
6 37
5 70
8 38
8 78
1 95
10 80
3 88
6 33
8 27
5 72
8 31
10 15
5 71
7 40
4 35
10 97
6 99
3 8
3 27
9 90
10 79
10 95
6 81
3 97
8 84
5 34
2 3
3 22
9 31
5 54
3 74
6 72
8 43
7 15
7 56
7 25
6 74
9 80
2 15
9 39
9 20
5 40
4 34
6 79
1 9
1 8
9 61
2 62
2 53
10 64
3 41
1 74
1 71
5 69
8 22
2 7
2 56
6 5
7 83
1 47
9 91
5 60
5 42
10 80
8 56
5 35
9 42
1 98
8 3
9 68
6 3
5 99
8 48
3 3
2 13
6 1
10 18
6 29
2 35
9 61
8 18
3 60
6 63
3 35
9 54
1 39
4 16
9 18
9 71
2 68
3 55
7 78
9 45
6 26
10 90
5 9
3 44
1 90
4 33
7 21
9 15
6 96
9 75
2 57
9 70
1 69
2 50
10 85
2 9
1 4
1 25
5 17
4 65
6 3
5 27
1 26
5 87
5 8
6 71
9 70
8 53
7 70
7 7
1 63
7 10
2 83
9 35
5 92
7 23
4 73
4 17
5 29
1 30
1 24
9 48
5 57
3 60
5 75
7 50
4 31
3 56
9 20
3 96
5 63
2 90
8 6
8 51
9 95
5 71
9 50
6 6
2 40
5 66
8 80
5 4
9 9
5 66
3 73
4 24
7 37
1 96
8 20
3 33
2 42
6 51
4 63
4 62
8 22
3 51
5 69
9 36
10 90
6 36
2 19
2 88
9 90
6 31
9 93
9 63
3 82
5 33
5 99
9 26
10 56
5 77
9 94
4 42
10 25
10 84
7 41
5 15
5 11
5 55
7 55
1 30
2 61
2 94
5 49
10 92
3 16
3 18
1 62
10 30
2 70
9 60
8 29
4 8
1 19
5 98
9 7
5 29
8 10
4 34
9 35
9 47
5 30
9 86
7 15
7 36
8 50
10 80
4 18
7 77
2 43
1 42
6 73
8 19
2 74
9 69
3 20
2 99
10 1
7 87
1 91
2 69
7 61
2 74
4 55
2 85
6 74
1 19
1 89
2 6
8 11
4 82
6 59
10 100
2 53
3 99
8 4
1 7
9 13
2 16
3 30
3 97
8 76
5 75
5 11
7 70
3 21
4 22
8 50
1 62
6 11
2 94
4 88
5 28
6 8
10 62
10 41
4 83
10 74
4 52
5 70
4 9
7 79
1 56
4 51
8 22
5 2
5 33
6 72
8 23
3 94
8 10
6 37
7 13
10 96
7 90
8 56
1 92
4 73
8 5
4 7
4 18
3 42
10 28
2 16
8 48
8 18
6 46
8 31
4 25
7 44
1 98
5 19
5 72
6 28
5 5
7 6
1 92
1 4
3 75
3 12
2 79
10 100
7 30
7 89
2 25
5 16
6 40
3 33
1 48
7 35
6 88
9 20
9 55
1 56
9 9
9 72
1 76
9 9
1 84
10 4
10 48
3 20
8 88
1 56
9 96
7 70
8 41
6 41
6 3
7 32
5 3
1 64
3 16
3 60
2 30
2 84
5 22
8 19
6 57
2 53
9 60
2 34
8 93
5 53
9 76
5 38
4 97
8 40
6 42
4 94
8 8
10 20
2 92
8 33
7 76
2 29
1 40
6 2
9 11
4 44
3 55
1 82
4 30
7 63
9 58
4 70
8 51
8 42
4 16
7 71
1 77
6 14
2 52
9 7
5 44
1 97
10 34
3 27
5 59
7 23
4 59
3 48
10 59
7 25
9 20
1 56
2 95
8 9
3 37
5 100
2 68
1 46
2 15
3 89
2 87
5 98
8 68
2 61
9 4
3 44
9 35
8 49
3 35
3 78
4 86
2 66
7 26
5 26
1 5
9 1
4 99
6 69
9 66
5 68
9 81
9 9
5 1
4 1
9 76
9 76
1 67
8 84
1 19
7 12
8 88
1 50
5 99
7 21
5 62
1 82
3 35
9 38
2 30
5 64
7 11
3 49
4 16
9 94
1 3
5 5
10 100
1 25
5 51
5 36
3 25
10 70
2 34
2 8
4 46
7 31
1 88
6 8
8 37
4 93
7 21
