1 74
6 50
6 14
3 72
8 54
6 63
7 75
10 99
1 84
3 1
4 11
2 11
7 75
6 94
5 99
6 25
10 61
8 13
4 77
5 60
8 13
8 27
3 14
8 40
7 37
3 18
4 35
8 73
2 79
9 73
1 95
2 51
8 29
10 19
3 40
7 37
5 14
8 23
8 38
4 100
7 89
3 39
6 50
6 75
2 74
10 3
8 88
10 25
2 6
3 72
1 30
6 88
4 21
9 8
6 95
3 94
4 28
7 77
2 85
1 72
10 70
9 51
6 48
8 32
1 76
1 85
10 44
10 5
2 98
7 68
1 19
3 19
1 13
8 89
10 6
6 73
9 25
2 5
10 71
4 60
10 94
4 92
6 53
9 19
9 89
6 41
7 60
4 79
1 38
2 34
8 12
4 69
10 25
9 65
6 47
2 45
7 94
2 79
9 90
4 47
4 78
5 81
10 78
9 97
3 85
10 11
4 44
10 69
4 76
9 67
1 19
7 26
1 94
6 5
5 46
10 8
7 89
9 90
4 80
9 38
6 64
9 86
4 97
10 81
8 19
9 20
7 60
10 68
3 20
6 30
10 81
1 55
10 14
2 15
3 98
5 22
9 81
1 19
2 76
6 73
2 71
3 54
2 68
6 51
6 6
6 54
8 64
8 24
2 20
4 24
2 85
9 92
7 25
6 20
10 16
10 52
8 70
3 71
10 3
6 42
8 65
10 42
7 58
4 3
1 1
4 98
5 84
3 25
7 96
8 94
6 57
1 47
9 9
2 26
4 52
1 30
1 1
8 8
8 96
3 75
5 39
8 59
3 60
8 53
9 74
2 98
10 68
9 97
10 27
7 15
2 95
8 14
8 78
4 18
4 5
6 17
7 28
2 29
7 84
6 15
4 83
6 55
10 72
1 31
2 22
10 14
5 76
2 11
2 84
9 15
3 53
1 28
4 98
7 79
3 92
2 92
4 23
4 33
5 90
2 41
1 85
3 92
6 17
3 69
10 99
9 23
2 73
6 73
9 50
7 57
4 73
9 96
6 14
8 100
5 69
4 58
10 55
6 3
5 75
2 44
5 62
10 38
9 24
9 32
7 96
4 3
3 74
5 50
8 63
6 84
7 29
3 40
4 94
10 93
8 96
4 47
5 95
9 81
3 15
8 92
4 64
2 93
4 35
7 83
3 36
8 6
6 11
10 56
4 72
10 29
1 3
5 86
8 16
6 42
10 93
9 38
8 94
5 75
1 89
3 15
10 83
1 8
10 70
2 41
6 39
8 47
4 45
7 43
9 75
5 99
3 38
9 10
2 9
5 26
10 36
2 89
2 54
3 88
10 39
1 93
5 53
2 83
5 73
3 36
1 58
10 3
8 59
1 51
6 87
7 61
3 95
9 58
4 55
2 93
9 29
10 81
7 83
4 53
10 7
8 18
3 74
5 58
9 55
1 42
10 27
7 52
6 22
10 70
9 75
7 31
3 48
2 56
9 33
9 86
3 80
1 64
3 75
10 68
2 95
1 87
5 48
3 11
9 61
1 48
10 26
4 62
6 13
9 75
2 27
10 37
4 28
8 3
10 29
8 57
3 66
1 86
7 71
4 18
7 9
7 85
4 52
3 75
8 75
5 70
2 77
5 17
6 1
5 67
8 4
7 34
6 84
9 94
5 77
2 29
3 54
3 100
10 89
9 56
1 39
9 80
5 14
5 8
8 29
9 95
8 36
1 65
5 82
9 55
7 4
5 73
7 35
3 62
3 57
7 59
3 48
2 90
4 84
4 65
8 100
5 72
2 65
7 40
8 95
2 31
5 17
5 17
10 36
6 23
8 87
3 51
8 14
6 68
7 26
10 45
1 49
7 90
3 11
5 6
3 36
4 64
8 28
8 88
5 42
3 43
4 53
5 96
9 54
10 65
2 47
6 34
6 56
9 20
8 49
9 27
4 60
10 10
2 77
4 64
8 68
2 85
2 22
8 6
1 84
8 62
8 56
2 78
3 98
4 95
6 57
6 35
4 31
9 34
7 8
4 93
4 66
1 70
6 45
7 37
2 6
10 90
7 22
7 7
9 34
5 99
6 25
5 91
9 14
3 68
4 72
2 17
5 5
3 89
3 15
8 74
3 78
4 31
10 35
9 95
10 65
2 87
7 14
6 37
8 73
3 96
10 23
6 5
1 60
3 48
5 68
5 63
8 92
9 47
5 68
10 41
8 94
2 92
2 16
7 19
7 50
4 13
1 28
6 94
8 52
3 72
3 61
5 18
10 51
6 2
7 77
4 58
3 53
2 10
10 56
9 88
1 95
2 84
1 70
5 95
2 80
8 16
1 64
10 38
7 15
8 94
10 46
9 4
3 91
8 40
6 67
5 32
10 32
1 81
9 90
8 84
7 48
8 50
2 58
4 91
8 89
4 36
5 74
4 20
4 67
3 47
8 92
1 27
9 16
2 47
3 93
1 49
7 49
1 79
7 54
2 18
9 64
8 63
1 23
8 39
2 2
1 67
5 54
9 81
1 31
2 63
5 53
1 82
6 43
5 30
7 74
5 85
8 72
9 9
3 84
6 76
7 59
4 43
5 9
2 87
2 90
7 36
10 95
2 47
8 24
10 8
9 37
9 26
5 86
7 83
2 8
4 27
1 2
2 16
3 25
6 71
8 8
9 20
2 51
8 53
9 2
6 45
2 18
4 75
10 26
5 13
9 81
1 4
2 4
9 70
5 89
3 99
9 86
5 80
2 13
6 19
9 69
5 96
5 27
5 90
5 74
8 62
1 25
5 27
6 68
9 52
4 78
4 82
9 71
6 51
6 52
10 17
8 16
7 42
3 74
6 58
8 89
6 59
7 25
8 93
9 19
9 99
6 77
2 92
10 19
2 43
7 42
9 75
2 55
10 83
3 85
9 51
9 72
4 67
8 17
5 16
4 84
10 18
2 44
7 18
6 95
10 77
3 34
2 21
10 27
1 34
10 46
9 18
4 45
4 63
1 45
1 2
5 55
4 50
6 32
1 78
6 6
5 36
1 91
2 47
8 67
2 80
1 90
5 61
9 79
10 39
9 5
6 58
3 5
7 15
3 69
6 98
1 44
9 34
10 95
8 94
5 64
10 13
10 69
3 22
10 19
10 75
6 77
2 16
3 53
9 1
6 59
1 72
7 58
3 96
5 80
1 8
2 65
6 80
6 75
1 24
2 84
6 6
3 17
10 4
7 8
6 35
10 34
1 86
1 20
3 77
3 59
3 7
3 34
2 30
3 32
8 87
1 87
6 16
2 21
4 91
4 53
8 46
4 42
10 51
7 25
3 19
1 68
8 58
7 64
6 55
6 39
4 67
8 51
1 11
10 12
5 51
3 65
10 61
5 63
6 64
10 57
5 59
2 15
4 1
1 54
9 86
9 6
10 88
1 88
2 61
9 100
9 62
4 70
10 37
8 92
10 7
4 12
3 20
7 32
1 44
7 84
6 84
1 7
2 59
3 67
1 3
4 43
2 63
5 23
5 34
10 59
1 65
10 95
9 55
3 87
9 16
7 99
9 81
3 52
8 42
6 59
6 92
8 54
7 82
6 93
4 19
10 66
9 23
8 38
8 84
8 60
2 68
5 55
3 80
6 11
9 55
10 9
3 97
2 58
10 95
1 62
9 70
6 98
2 40
2 12
7 10
9 58
5 43
5 11
7 82
1 66
6 9
5 84
10 90
3 73
10 2
2 78
1 40
7 83
10 4
2 41
8 2
10 15
4 11
9 75
9 43
9 71
5 40
8 64
3 86
10 20
10 12
9 80
2 48
5 86
10 63
4 49
7 96
10 13
5 87
1 83
9 2
3 15
6 36
10 94
1 90
4 47
8 76
8 16
7 16
9 25
3 77
2 1
10 7
5 2
5 91
8 100
4 20
10 66
8 97
1 26
5 14
8 58
2 13
7 91
1 69
7 21
5 63
10 85
3 28
6 32
4 88
5 82
7 32
5 60
7 88
1 90
7 29
5 44
4 77
3 60
10 14
4 17
6 47
6 80
2 23
9 44
8 60
6 32
8 68
5 28
7 76
1 88
3 32
4 99
7 35
5 88
4 56
7 79
9 19
10 34
8 7
1 62
10 61
6 62
10 5
3 60
7 21
8 76
9 27
6 81
1 72
9 70
10 99
7 10
10 78
10 60
9 33
10 42
7 66
4 29
8 46
10 43
8 91
4 13
7 93
2 36
10 58
10 6
3 34
2 61
9 4
4 89
10 53
1 88
8 35
8 56
4 57
9 24
10 30
10 51
7 23
7 26
4 59
8 49
9 26
10 94
2 14
4 9
8 46
7 68
8 88
1 63
6 55
10 21
5 58
9 99
2 65
1 52
9 29
9 6
1 19
10 43
1 14
7 53
9 65
3 30
3 29
7 79
5 95
8 44
4 60
9 64
2 66
9 87
7 22
10 81
1 80
7 85
2 85
7 8
10 46
10 93
9 87
2 15
10 51
