10 58
10 90
2 59
1 99
9 30
4 7
1 80
3 9
9 72
10 73
7 88
2 62
10 78
3 41
9 58
4 86
4 37
8 74
6 30
7 58
3 41
6 55
7 46
8 3
5 91
1 92
4 34
9 16
1 22
6 14
10 49
2 11
5 40
1 48
3 87
7 88
9 59
5 82
1 46
7 11
7 99
2 54
4 19
4 76
2 92
2 11
6 64
2 82
10 1
7 40
5 37
1 90
8 42
9 6
5 29
9 39
2 11
4 51
8 36
2 37
4 23
3 84
9 47
2 52
8 6
8 96
1 5
4 4
3 12
2 13
8 14
1 67
5 4
8 48
10 47
1 28
8 5
4 61
6 47
1 32
2 57
7 41
1 62
10 1
9 50
2 38
6 42
5 5
5 3
8 99
6 7
6 73
1 53
4 87
7 36
8 71
8 27
10 100
10 60
6 86
4 84
2 33
9 8
10 75
5 30
4 70
3 77
4 19
8 98
7 12
5 72
3 97
7 65
9 76
8 80
5 50
9 70
8 38
5 84
3 37
8 30
1 56
1 92
1 91
6 86
3 66
2 29
7 94
8 13
10 1
2 10
5 43
7 24
2 46
6 19
4 9
3 31
6 53
9 37
1 60
10 75
5 4
10 95
5 89
8 84
1 59
10 8
3 75
3 34
3 55
6 80
1 49
2 69
7 41
8 10
1 28
7 2
9 46
1 33
1 83
10 73
6 10
4 88
2 58
6 91
3 87
9 76
3 53
10 8
8 52
6 38
4 81
7 43
9 100
1 51
5 35
3 10
5 34
10 90
8 73
7 41
2 33
1 70
7 74
5 51
2 59
3 62
10 11
9 47
4 59
8 94
8 42
3 82
4 48
2 25
1 60
10 43
8 49
2 70
1 80
2 24
1 53
3 37
3 15
7 52
3 49
4 9
9 16
8 20
5 71
10 5
4 59
7 16
7 15
10 73
6 3
5 38
3 37
10 52
4 97
2 94
6 36
4 92
2 68
8 6
8 75
10 43
1 1
10 49
1 7
3 14
7 62
9 68
5 57
4 22
2 45
8 91
1 51
4 32
7 39
5 82
5 80
2 42
7 19
3 23
9 6
1 30
8 46
4 75
4 96
7 75
1 78
10 94
5 10
5 73
1 25
6 86
7 38
2 3
1 44
3 60
9 14
5 88
7 15
1 36
8 19
7 40
6 13
2 6
10 5
3 93
9 57
4 76
6 53
4 73
9 81
7 45
1 53
5 20
1 88
8 61
9 16
4 60
10 37
6 49
6 40
8 14
8 28
4 57
6 46
8 16
2 18
10 6
2 18
8 19
5 86
10 75
7 53
1 19
5 23
5 33
6 48
5 24
8 74
3 81
8 55
4 5
8 59
10 79
2 29
1 36
3 40
6 6
5 72
3 34
6 83
9 40
7 36
4 86
5 90
4 44
3 82
8 19
10 95
8 75
5 22
10 12
2 43
5 42
10 95
10 65
5 8
2 72
3 71
10 56
4 21
5 66
3 26
3 35
1 43
2 36
8 42
4 34
7 55
8 34
8 33
3 43
2 80
6 82
10 99
2 83
4 27
1 10
4 51
3 72
5 98
5 45
6 75
4 42
2 16
8 16
3 87
8 60
7 84
9 46
7 39
10 82
1 59
5 58
4 54
3 62
6 13
5 13
9 91
10 61
1 65
10 35
4 19
8 36
8 7
10 12
8 32
6 18
7 34
8 80
4 69
4 94
1 68
9 85
9 65
2 71
9 54
8 86
8 58
7 36
9 91
7 24
4 36
10 34
2 64
4 2
7 6
10 35
3 62
9 18
9 1
4 6
1 69
9 54
1 25
6 68
1 13
8 90
6 53
10 78
2 68
5 6
3 87
6 38
4 96
7 66
8 19
6 8
1 68
7 92
5 39
5 43
5 36
6 29
1 98
2 71
9 7
4 13
6 70
7 78
7 78
6 14
2 55
2 41
6 40
7 50
8 4
4 1
1 5
2 47
1 78
6 36
4 93
7 68
9 62
3 59
9 55
3 86
9 90
2 56
4 52
6 25
9 68
3 99
7 100
9 42
4 92
8 18
2 21
4 97
10 68
10 62
6 44
9 74
2 2
10 37
9 41
1 49
1 15
10 32
3 20
3 60
4 13
8 44
8 36
5 21
5 90
6 58
4 21
9 98
5 29
8 41
9 87
2 62
4 30
7 92
7 62
9 99
5 74
5 42
10 49
10 88
6 62
3 68
10 53
9 1
4 66
9 99
10 65
2 72
10 36
10 28
9 94
6 84
8 56
6 61
4 14
8 13
1 14
7 31
5 65
1 17
6 77
10 35
4 4
8 79
8 32
5 91
4 23
7 47
9 37
7 16
6 92
7 94
4 100
6 19
1 25
8 1
10 26
7 94
4 64
9 30
4 28
2 74
2 58
2 100
3 67
3 68
9 18
7 70
8 35
1 25
3 64
1 28
8 34
3 72
1 60
2 3
6 27
3 36
8 55
9 87
10 57
10 8
10 22
3 60
1 51
9 24
3 91
3 75
8 55
10 67
8 17
10 4
4 78
7 29
9 77
7 68
8 95
8 32
8 1
7 18
5 77
10 77
4 10
4 7
6 23
10 30
1 71
8 67
8 59
8 14
7 65
7 95
10 46
2 29
7 70
8 82
6 15
7 91
5 48
5 34
9 73
8 42
8 41
9 38
2 87
9 7
5 35
2 99
9 76
10 91
9 47
8 5
9 95
6 91
8 90
8 57
2 25
6 77
6 12
6 82
6 7
2 78
6 98
9 34
3 35
7 48
6 1
8 95
9 39
2 36
2 12
6 4
1 55
1 7
10 76
4 27
8 94
4 97
10 83
10 38
2 85
1 86
4 35
10 8
4 1
1 94
5 81
7 11
3 20
1 82
8 84
2 61
4 16
9 52
1 89
3 20
3 8
6 65
3 31
9 72
3 53
6 22
3 98
4 62
6 18
8 4
6 73
3 88
10 33
10 78
6 5
3 9
8 52
8 32
2 78
2 59
8 1
9 47
5 54
4 88
2 55
2 33
3 35
4 20
4 10
10 15
2 95
5 39
5 99
9 95
9 31
8 81
5 10
10 1
4 47
10 23
4 50
3 28
6 57
1 37
1 77
1 16
3 47
10 71
7 38
9 23
9 67
10 89
9 1
5 69
10 39
3 69
8 51
3 21
7 88
9 78
3 96
9 92
1 52
8 45
9 2
4 19
5 10
5 5
2 45
10 75
8 82
4 52
4 22
9 41
1 40
2 65
8 78
2 43
7 95
10 97
1 41
3 63
9 79
4 36
5 53
3 33
3 1
2 82
9 51
5 92
9 64
3 32
7 99
4 54
4 55
2 51
7 97
2 92
10 7
10 81
10 91
6 57
7 16
2 28
8 91
2 56
3 49
4 100
9 31
3 93
6 90
10 38
8 89
10 22
2 98
8 93
5 7
7 7
9 43
9 95
1 100
10 95
1 14
4 78
10 58
3 43
10 77
9 4
8 42
7 79
5 87
1 92
3 67
8 10
5 73
8 21
6 84
5 17
8 76
6 16
2 52
1 40
7 31
5 91
7 58
1 73
9 51
2 10
1 68
9 70
1 91
2 39
4 70
6 8
3 19
5 67
3 66
10 88
7 78
4 9
8 6
1 24
4 14
5 31
5 11
10 92
3 68
1 80
6 42
7 59
6 35
6 99
6 3
4 72
5 59
7 88
10 59
1 75
4 55
1 63
5 79
4 95
7 33
6 66
2 16
7 75
4 15
2 52
8 51
8 8
1 97
7 9
7 96
10 62
3 71
4 14
10 48
3 56
9 74
3 52
2 9
9 70
5 20
10 49
9 86
3 2
3 33
5 24
1 21
9 90
1 74
7 24
8 98
8 74
4 78
3 53
4 63
9 96
6 89
3 60
7 92
1 13
5 83
4 49
1 22
8 78
10 55
10 77
2 1
3 73
1 54
2 83
3 4
7 16
8 91
10 68
7 69
1 58
1 51
6 44
1 7
1 39
5 87
10 12
6 10
3 78
4 66
3 80
10 59
1 90
3 54
8 76
4 18
3 11
3 28
3 29
6 37
4 28
8 78
5 59
6 79
6 68
8 66
1 62
5 100
10 83
2 77
10 30
10 93
5 32
6 90
2 80
6 22
5 1
2 79
3 80
7 30
7 20
4 5
5 7
10 71
9 62
9 6
10 28
3 4
3 99
3 47
1 93
5 32
2 23
7 83
7 24
8 62
7 61
3 67
8 48
6 60
7 79
6 10
3 95
9 62
3 83
2 5
2 59
4 98
5 25
2 82
8 3
5 87
10 75
6 46
3 89
9 68
3 91
2 28
9 99
1 95
5 1
9 57
2 48
2 100
8 92
10 19
7 73
6 69
4 19
6 36
5 38
7 85
7 2
4 18
3 16
6 44
3 23
10 46
9 82
7 82
1 23
7 87
7 34
2 1
5 76
4 17
1 15
1 93
5 18
6 81
