1 6
4 98
9 94
7 26
2 9
8 67
2 15
7 25
10 14
3 78
2 80
10 25
10 99
6 49
6 38
9 75
7 6
5 4
10 54
1 75
9 9
1 6
4 23
10 94
7 67
6 40
1 32
8 52
2 6
9 55
4 88
1 21
3 81
5 60
8 72
3 3
7 100
4 55
4 45
4 61
5 53
10 78
6 20
2 39
6 47
2 48
4 83
3 13
4 90
3 69
5 39
8 59
10 44
10 34
2 97
5 64
6 72
10 11
1 79
1 20
1 74
7 58
5 54
8 16
5 71
5 87
4 27
6 15
9 4
4 91
3 4
2 91
2 99
2 31
10 50
10 27
1 91
5 36
5 86
6 61
6 15
7 78
10 69
2 94
8 59
6 10
9 18
4 64
6 68
2 86
1 20
7 4
1 94
6 50
1 6
1 21
8 37
8 58
3 36
3 17
2 30
4 76
3 33
7 17
1 17
1 80
10 85
10 98
6 15
4 36
7 98
7 68
7 47
9 23
8 69
7 91
6 62
10 80
5 80
8 78
2 88
8 65
2 22
3 50
9 86
10 14
4 59
7 2
2 87
4 82
8 67
4 22
9 93
7 42
6 100
5 69
8 19
3 38
1 34
6 76
9 94
10 53
10 37
7 6
3 22
3 57
5 27
1 52
1 84
8 90
10 15
3 48
6 87
6 82
8 54
1 43
1 5
3 47
9 34
3 65
7 64
3 54
6 92
5 1
5 71
3 32
3 28
9 95
7 68
2 85
1 81
1 92
6 85
8 66
5 64
9 34
8 89
2 92
7 98
4 58
8 30
2 28
9 52
5 24
1 70
8 79
1 56
6 43
8 91
7 89
10 75
6 50
6 89
4 99
10 74
6 75
9 81
4 63
6 38
5 49
2 97
4 52
6 38
7 7
8 64
6 12
2 10
9 41
6 56
2 71
5 11
6 32
7 31
10 95
6 27
4 54
5 33
10 12
10 11
7 29
8 14
5 23
1 33
5 3
2 74
9 57
6 57
9 32
3 26
10 26
7 98
9 48
9 17
1 44
1 48
6 36
5 38
7 55
1 77
2 39
6 70
5 87
4 53
10 92
7 28
2 7
7 83
10 59
1 23
7 74
10 96
9 10
5 88
1 38
8 21
4 97
7 38
2 95
9 30
9 88
9 3
10 34
2 91
4 99
7 26
10 96
4 19
2 32
3 20
3 78
10 77
6 15
6 20
1 72
4 5
6 47
9 49
1 48
10 97
8 39
4 1
1 73
6 30
9 37
5 46
7 58
9 70
1 83
5 50
10 22
8 37
8 34
9 11
10 31
2 86
4 60
1 89
1 29
7 1
6 91
2 97
1 46
4 20
8 61
6 14
5 45
9 35
4 76
2 10
5 49
4 5
6 34
1 35
2 60
1 86
3 91
4 39
10 14
9 61
9 31
6 69
3 21
2 18
3 22
7 36
8 76
1 35
5 52
8 13
8 71
10 76
4 16
10 94
3 14
5 23
4 7
7 87
9 79
7 74
9 84
7 77
2 2
1 62
10 43
4 28
5 48
10 32
8 24
9 72
10 59
8 54
10 50
9 52
3 50
4 92
6 45
8 95
8 82
1 21
1 6
6 20
10 45
2 36
10 88
10 15
7 15
1 81
2 63
7 64
9 25
9 27
8 23
1 41
7 89
1 33
3 18
7 85
2 69
7 12
1 23
6 32
1 64
10 88
8 63
3 31
4 34
5 28
8 83
4 35
2 13
10 20
5 83
10 78
1 64
7 94
5 63
8 71
5 49
10 32
4 78
4 45
8 45
8 74
4 20
6 52
8 100
7 30
9 13
6 29
9 6
5 49
10 73
3 4
5 6
10 48
5 55
6 94
8 4
1 53
4 20
5 54
7 100
4 90
7 55
10 57
7 92
5 18
6 12
10 67
7 36
2 69
2 15
10 29
8 20
10 62
6 64
6 11
6 91
5 28
4 41
9 81
10 32
1 71
2 89
8 20
10 93
2 82
7 13
10 35
10 54
10 92
3 3
2 29
9 72
2 45
1 45
3 91
6 8
8 36
7 48
9 39
8 83
8 35
5 87
1 89
7 9
5 28
3 66
6 46
8 31
7 36
10 53
6 5
7 63
8 31
8 16
9 44
5 68
10 45
1 7
6 57
10 57
3 5
5 97
10 59
3 37
6 13
7 90
5 48
9 9
6 87
2 86
9 10
10 74
4 43
5 41
8 20
9 70
10 59
1 23
4 16
1 36
1 29
7 19
2 60
5 26
4 1
7 86
1 7
1 20
2 38
1 50
6 2
10 12
10 95
10 65
3 69
9 94
8 64
7 49
10 25
2 34
4 99
7 99
2 73
7 47
7 5
6 86
7 27
6 7
7 44
3 99
8 14
1 90
1 36
8 88
9 27
8 38
8 25
6 78
3 17
7 5
8 32
3 1
8 75
7 12
3 39
10 88
9 26
2 40
3 11
6 43
8 90
7 96
2 78
3 3
10 11
7 8
1 24
6 94
3 6
5 61
4 23
8 61
4 3
6 44
8 65
9 91
3 30
8 38
9 38
9 65
2 59
5 34
7 32
2 62
4 52
7 76
4 1
7 42
6 24
9 98
3 25
6 96
5 98
1 35
1 94
1 81
3 97
1 49
10 5
10 48
4 12
6 80
1 91
7 42
2 36
2 30
2 7
8 65
9 88
8 7
3 93
7 51
8 33
4 76
3 70
6 94
9 28
6 45
9 40
5 14
1 12
5 9
10 20
4 35
6 70
4 66
1 51
1 6
4 55
5 79
10 67
4 85
9 6
9 40
3 33
8 50
1 73
5 22
7 79
10 50
9 14
8 69
9 49
7 71
6 87
10 59
2 45
7 48
5 3
2 91
5 64
1 29
9 21
10 81
5 77
4 17
7 70
9 18
9 10
1 78
3 21
3 6
7 28
6 1
7 48
4 32
2 9
10 48
3 69
6 30
3 21
9 73
5 91
2 75
8 83
5 26
10 72
7 54
5 50
7 97
10 99
4 30
8 47
7 31
2 9
6 53
1 71
10 2
2 17
1 51
4 11
4 28
8 34
10 53
8 37
7 75
5 29
9 17
8 2
5 53
6 21
5 30
4 48
5 23
3 48
10 42
2 95
8 56
9 1
10 1
6 29
4 48
3 70
4 53
4 11
3 75
10 100
1 26
10 51
6 49
8 36
9 68
1 37
8 77
7 30
3 73
7 49
8 56
2 30
5 34
10 85
10 80
5 84
8 91
7 25
6 76
6 5
6 61
3 96
3 36
3 81
3 22
9 77
3 3
6 4
6 28
6 24
6 9
2 80
1 99
1 5
6 75
9 95
6 14
2 14
9 68
1 94
10 26
10 74
1 4
4 26
7 76
6 45
1 66
8 35
6 33
7 51
8 15
10 29
5 61
2 99
9 82
1 97
10 15
8 83
4 31
3 3
4 1
2 56
8 67
4 47
6 69
5 16
9 68
5 25
9 4
5 87
7 50
6 90
7 23
7 12
2 50
10 86
9 35
4 76
10 99
3 70
1 60
6 3
6 53
5 53
7 82
7 15
3 76
4 69
9 40
3 86
3 67
6 53
10 14
2 89
5 83
10 73
7 100
8 45
1 23
4 91
2 51
10 55
1 31
4 82
4 33
5 9
7 19
1 86
6 86
6 15
5 50
8 88
9 59
3 93
8 77
1 5
2 72
8 25
1 92
9 60
4 54
5 63
7 13
3 86
9 87
6 15
1 14
6 47
8 43
7 63
10 76
6 88
7 31
5 63
1 86
4 89
4 96
10 38
7 66
7 85
9 18
2 25
2 44
9 70
4 14
7 44
8 80
8 4
9 90
8 61
6 46
6 7
6 5
6 6
10 98
6 79
7 65
2 19
2 19
5 1
9 39
7 63
4 25
6 25
3 59
6 74
3 96
8 87
10 7
10 94
7 16
9 72
8 50
10 55
4 57
7 84
8 63
10 69
3 98
1 19
2 64
9 90
3 52
9 54
9 93
6 70
8 9
6 32
6 76
1 89
1 71
7 31
7 100
5 17
5 32
2 54
4 4
4 78
8 25
10 82
4 55
5 3
5 29
4 67
7 67
7 84
1 64
8 85
10 92
4 71
4 54
8 29
9 83
7 29
2 31
8 64
1 97
6 40
5 83
1 48
7 40
5 84
10 1
2 96
4 93
9 8
2 61
2 30
4 34
1 88
7 72
6 88
4 31
7 22
3 16
1 29
3 73
6 26
1 66
10 54
10 25
6 96
6 33
5 63
10 79
4 94
10 18
1 70
5 62
10 52
3 3
3 32
4 60
2 21
1 82
1 12
10 55
3 13
7 78
4 66
1 88
1 79
10 90
10 33
9 96
5 50
6 78
1 95
6 55
10 34
4 2
2 15
10 87
2 5
8 39
7 89
7 80
8 96
2 79
2 63
3 95
2 29
3 23
7 96
5 64
3 12
1 66
2 93
3 38
9 16
8 92
