4 31
8 62
2 76
2 45
3 12
3 70
5 60
1 93
3 89
1 8
2 13
3 77
6 99
6 55
7 42
5 16
7 50
5 32
2 39
3 90
3 46
10 69
8 98
5 83
2 16
3 66
8 80
7 11
9 37
4 80
4 58
3 97
6 31
6 36
7 71
4 79
4 40
9 27
10 58
10 74
4 28
8 76
10 6
4 59
3 12
2 82
5 100
2 98
9 95
4 81
3 56
6 91
4 38
1 86
3 89
5 65
1 53
2 1
3 7
8 33
3 57
10 4
5 57
6 13
3 74
8 7
5 99
4 47
2 96
9 7
7 10
1 17
5 51
6 21
5 48
10 96
8 53
4 78
4 99
2 75
5 48
10 74
9 11
3 26
3 90
2 95
6 38
2 93
3 82
7 13
5 33
9 9
2 58
8 77
8 85
6 43
10 4
6 51
9 32
1 86
6 75
9 69
6 88
10 71
2 30
2 79
6 24
5 3
4 65
7 39
2 72
7 18
9 72
7 24
1 75
10 64
4 5
2 5
7 80
1 13
7 18
4 37
6 55
7 28
4 98
4 26
8 63
8 92
5 51
5 83
1 3
9 11
10 66
4 87
3 67
7 55
8 96
4 94
5 46
1 49
5 97
9 32
1 63
9 12
7 16
1 55
7 85
7 29
9 40
8 39
5 96
10 90
6 86
10 46
1 88
1 41
7 5
4 3
5 74
1 23
4 80
10 4
7 76
10 39
6 25
7 26
5 16
1 42
8 90
8 17
10 41
3 14
1 40
7 58
10 3
10 89
7 72
7 62
3 89
6 29
6 94
5 22
2 10
1 19
1 86
2 47
3 70
3 45
8 89
5 33
2 44
4 70
9 78
1 5
9 79
8 10
8 3
8 61
2 22
8 52
7 27
10 44
1 2
3 45
7 79
3 65
2 33
9 53
3 51
7 66
3 66
5 58
5 80
4 94
3 65
6 90
8 1
10 77
6 54
2 71
1 12
9 4
4 26
1 34
7 19
3 32
1 43
7 15
7 85
5 77
10 58
5 52
5 68
10 33
5 33
9 35
7 34
4 24
7 8
2 83
4 78
1 94
2 45
5 83
1 86
2 30
9 62
9 43
9 88
5 20
5 39
3 97
10 38
4 36
8 55
1 82
6 28
7 30
6 17
2 51
1 2
9 14
1 36
8 35
9 5
7 66
10 45
2 64
5 96
1 76
9 85
9 87
8 93
7 68
6 46
2 98
10 71
7 27
3 93
5 4
8 66
4 87
1 82
10 17
1 28
6 44
9 93
9 20
4 76
5 66
4 80
2 29
4 91
4 31
3 83
4 37
1 17
7 47
6 67
5 47
3 2
9 40
1 16
9 74
7 67
5 97
9 80
8 36
2 12
8 37
9 61
4 47
5 76
8 63
6 59
10 19
10 58
9 36
7 24
5 56
8 20
4 62
1 81
4 98
5 76
6 81
7 92
2 93
10 25
1 33
5 62
2 97
1 32
10 25
5 96
10 92
6 32
2 52
8 16
4 9
8 4
6 91
5 47
2 28
6 90
6 47
2 89
8 40
5 39
2 6
1 81
10 63
10 12
3 87
6 76
6 78
2 12
9 7
1 67
1 88
4 28
1 64
9 27
5 57
2 65
8 7
9 38
4 21
7 18
9 75
4 97
10 80
2 48
8 6
7 42
6 12
6 63
10 28
2 41
9 56
5 60
9 40
2 92
3 57
8 71
3 16
5 84
5 61
9 92
7 43
2 87
9 17
7 27
2 60
7 70
6 28
8 50
9 33
5 54
5 28
8 7
4 86
3 40
5 45
6 80
8 77
3 43
10 79
1 96
9 14
4 18
4 74
10 93
6 2
4 93
7 30
6 70
4 42
2 14
9 18
6 4
1 18
8 33
6 82
3 82
1 32
9 90
8 82
3 94
1 64
6 39
3 50
3 100
2 19
9 81
4 74
4 67
5 73
4 18
6 81
9 73
8 13
10 93
9 43
4 45
6 62
6 7
8 9
6 84
8 16
9 94
6 25
9 23
10 47
6 33
8 72
8 76
1 4
2 28
8 62
10 46
3 51
2 38
6 62
10 92
2 87
6 31
8 57
5 74
7 34
4 14
2 73
9 57
1 96
1 70
1 63
2 1
3 41
1 74
2 74
10 42
3 40
9 59
7 96
8 46
5 8
5 6
1 74
3 39
6 2
8 32
6 25
5 66
1 56
7 55
3 37
8 16
10 65
1 19
1 30
5 29
5 3
5 4
6 91
9 89
5 59
3 36
7 85
6 1
7 34
8 12
9 83
1 52
1 67
10 17
8 33
8 44
8 53
4 84
7 90
8 76
10 36
10 69
10 63
8 85
1 56
10 37
7 99
7 91
8 67
7 13
5 50
8 15
9 9
6 23
9 9
3 56
5 55
4 16
7 38
6 92
8 71
4 11
1 2
1 93
4 24
2 14
9 36
6 86
2 20
1 89
7 16
5 81
1 78
7 16
1 67
3 100
9 86
2 65
3 43
1 51
9 6
4 80
8 41
6 21
9 52
3 85
9 100
5 83
6 28
6 26
6 2
4 47
4 13
3 67
6 27
6 98
5 45
7 16
8 22
3 68
5 54
6 67
7 93
9 42
5 26
6 56
1 34
8 55
1 68
3 14
9 22
7 97
9 97
2 93
6 39
9 95
1 71
6 95
8 55
7 18
7 74
9 69
1 56
1 41
4 95
10 21
1 31
7 23
10 62
3 52
1 19
7 45
1 54
3 90
1 53
6 67
10 37
1 94
8 43
8 61
2 78
5 13
4 43
3 68
4 41
4 67
10 19
4 68
7 63
1 40
6 24
4 36
4 96
4 66
1 92
9 83
8 38
10 53
8 54
4 15
5 69
9 73
1 2
1 50
1 22
2 80
6 40
2 71
7 26
4 70
8 99
1 55
4 54
10 34
10 24
1 22
1 58
8 36
2 66
1 48
6 11
8 78
4 72
5 14
4 99
7 61
1 76
6 29
6 78
7 99
7 88
1 51
5 24
1 24
2 16
9 3
9 23
1 26
4 45
3 23
3 27
5 47
2 26
7 45
2 82
3 28
2 14
7 55
6 91
10 5
8 23
4 61
6 36
7 5
6 74
7 60
9 14
6 89
5 86
2 82
9 90
10 62
7 72
8 27
6 3
9 68
7 41
2 35
1 20
5 35
7 93
7 14
7 61
8 62
2 39
5 94
8 34
7 32
2 32
9 45
8 13
10 77
1 39
8 61
3 2
1 67
2 7
4 1
4 14
10 3
10 50
1 31
3 3
8 18
10 26
10 70
10 23
4 42
2 28
8 95
6 6
6 65
1 55
5 81
1 75
5 35
6 11
1 34
8 31
8 89
8 8
8 66
4 55
7 54
5 93
1 12
6 80
5 2
7 79
5 54
3 71
1 66
9 14
2 32
6 48
2 1
6 12
7 64
5 64
10 50
8 98
3 42
9 13
2 13
9 60
1 88
6 42
7 89
5 22
7 87
10 45
6 76
2 98
6 14
5 46
1 100
2 19
5 12
5 99
8 74
9 25
2 22
4 36
8 7
10 47
5 12
8 86
7 17
9 28
1 31
9 82
9 43
10 7
1 65
8 16
4 74
3 84
7 86
10 5
4 84
10 51
1 91
4 99
6 53
6 100
1 14
3 62
2 24
4 90
6 99
4 23
8 100
8 26
3 50
7 90
8 85
8 92
3 35
4 49
9 70
3 66
3 77
9 84
7 47
5 6
4 68
8 72
4 41
1 30
9 64
5 74
6 22
9 91
7 98
3 39
8 56
3 83
6 42
6 38
1 54
9 41
2 61
9 67
10 100
8 30
5 98
8 80
6 70
8 43
2 27
4 24
5 1
1 71
1 50
3 86
6 55
7 92
1 2
8 100
8 54
10 99
6 33
4 34
10 97
6 29
4 41
3 62
8 72
7 54
3 26
4 39
8 58
1 66
10 59
10 16
6 46
9 88
4 9
10 4
2 24
9 65
2 10
6 88
4 86
5 23
1 68
3 58
9 93
10 48
4 80
10 86
6 12
3 94
6 11
9 16
6 74
7 34
6 88
4 54
6 77
10 87
8 41
1 61
9 27
5 62
6 57
10 61
3 49
10 61
4 72
7 15
6 71
2 1
3 9
6 9
4 37
1 22
3 44
8 50
10 77
6 51
9 90
4 47
6 8
6 16
1 67
10 86
8 24
5 6
5 87
4 51
9 12
2 19
3 79
2 11
10 37
4 8
2 82
5 43
7 25
3 16
4 59
9 44
10 56
5 20
5 19
8 42
2 93
2 43
5 93
10 14
5 55
7 53
8 67
2 62
9 5
8 93
8 44
6 81
6 20
5 36
10 5
4 57
3 53
2 73
6 78
9 90
3 58
9 29
7 23
7 10
10 7
10 70
1 61
7 21
10 67
7 2
7 21
1 80
1 94
6 6
9 33
7 63
5 94
5 5
4 48
6 53
3 4
8 92
