3 21
8 28
1 98
8 65
7 45
10 74
5 38
9 40
3 82
1 43
4 82
6 29
3 16
3 15
4 16
4 58
9 69
3 72
8 98
5 30
6 88
6 30
3 16
1 69
8 13
7 90
9 84
10 10
1 34
1 89
8 80
3 26
1 89
3 8
8 100
1 16
3 9
10 62
2 43
2 28
1 7
5 59
7 100
5 42
8 79
2 24
1 71
2 66
4 70
9 30
9 63
2 75
1 15
6 86
7 94
6 71
4 37
3 25
2 26
4 34
4 4
7 34
1 8
8 99
1 77
8 60
6 20
1 40
5 40
1 63
8 6
5 27
6 33
5 39
3 65
8 13
10 93
10 51
5 19
8 61
1 28
2 29
9 10
5 95
6 42
10 68
4 14
3 99
10 16
2 7
8 77
5 73
4 18
5 21
7 5
6 43
9 96
7 21
3 30
1 60
3 38
2 85
5 31
8 65
9 2
7 64
7 51
2 96
8 79
1 74
8 57
2 50
6 29
9 28
4 14
3 42
1 25
6 38
5 75
3 34
10 71
6 27
4 66
8 58
3 35
3 68
10 48
1 10
1 46
7 30
4 13
7 18
2 17
3 7
8 49
2 85
8 38
1 10
2 30
9 68
5 40
7 77
4 53
8 62
10 85
4 8
3 4
4 20
1 43
1 73
10 66
6 31
5 9
3 99
3 92
5 82
4 12
3 52
4 76
3 83
8 73
8 85
4 62
3 43
8 39
10 46
8 69
10 60
3 71
10 52
10 36
5 96
5 57
7 41
5 46
9 9
1 85
6 44
10 36
5 80
4 65
2 96
8 3
6 83
2 75
5 7
3 61
6 25
7 37
2 40
9 46
7 27
10 75
4 23
1 25
6 62
7 17
5 78
5 86
5 41
2 62
9 99
3 75
2 18
8 17
3 14
4 41
5 22
9 29
2 85
1 73
8 22
8 90
9 92
7 21
1 38
6 17
10 8
4 38
5 90
7 82
2 82
6 30
5 97
9 96
3 71
3 29
2 84
4 78
4 74
2 13
3 6
5 14
2 7
5 15
4 46
6 26
9 83
10 85
6 41
9 48
1 67
10 36
5 56
10 35
9 68
7 77
2 84
10 10
9 86
8 18
2 22
10 6
1 63
8 87
9 22
4 13
7 31
6 11
1 49
9 43
8 99
2 54
9 28
2 65
8 83
9 25
3 82
2 17
4 21
1 75
2 76
9 83
5 98
4 16
8 71
6 44
3 37
2 15
7 96
2 3
3 85
6 35
2 9
9 37
6 90
5 54
8 82
9 98
9 63
5 42
3 80
5 63
7 68
2 16
10 50
2 72
10 88
5 85
2 20
9 45
3 80
9 23
5 69
5 62
10 4
9 95
3 94
10 12
1 59
10 54
10 94
5 19
7 88
9 69
9 18
5 52
5 56
3 39
4 64
4 27
1 5
9 7
6 54
5 71
1 34
7 64
9 25
6 90
6 61
2 58
7 12
7 60
4 15
7 29
8 24
3 56
4 92
7 74
9 15
8 12
1 90
2 75
8 67
2 72
5 84
1 81
1 38
1 27
2 52
1 73
7 17
1 19
1 15
1 97
5 38
8 95
9 9
3 98
5 72
9 20
3 95
3 61
2 35
6 79
3 47
1 27
2 11
9 46
3 24
4 36
10 71
10 48
6 9
6 29
1 55
3 39
2 56
4 87
2 80
4 50
7 64
3 37
9 37
2 30
4 21
4 2
10 29
5 35
9 20
1 37
5 89
5 70
8 82
6 22
10 77
9 89
2 72
3 80
8 7
7 36
3 41
10 91
8 61
9 3
6 44
6 5
9 42
3 59
10 29
9 79
9 49
2 40
2 97
5 98
2 43
8 2
6 96
2 48
1 63
9 54
3 68
2 18
7 77
3 71
2 69
7 80
3 89
8 87
2 89
1 54
10 75
6 1
5 75
10 52
5 39
7 66
3 17
10 55
4 23
5 30
4 47
2 8
2 69
4 82
2 58
2 97
1 36
6 41
3 80
8 99
1 88
4 76
1 53
8 60
1 84
5 68
9 85
10 8
3 92
9 64
10 86
9 34
9 89
1 30
3 45
6 78
10 62
10 64
1 41
1 94
6 15
6 81
8 73
9 46
1 23
7 35
9 57
6 14
4 51
9 35
5 68
5 80
4 91
8 3
7 10
8 40
4 61
4 60
9 58
3 38
6 98
3 70
6 57
8 24
9 82
5 94
5 39
9 14
5 60
5 55
1 95
5 3
7 97
9 35
4 4
10 95
5 12
1 80
9 51
3 88
7 41
1 17
2 73
5 47
6 92
6 88
8 8
5 70
2 16
10 68
8 71
4 65
5 50
6 62
8 36
8 91
9 97
4 66
8 43
3 51
4 1
6 36
9 1
8 93
4 10
7 73
10 47
6 1
6 24
3 5
2 35
5 96
5 58
3 99
9 79
7 31
5 60
4 78
2 58
6 57
9 59
5 48
4 13
2 46
2 69
5 15
7 7
7 35
1 7
1 10
2 91
1 3
3 45
5 14
5 20
2 45
6 10
10 66
8 55
7 12
8 50
4 77
5 98
10 1
5 53
5 61
4 81
10 49
5 27
4 11
5 94
2 10
5 72
7 79
7 51
5 24
5 11
9 71
3 72
10 66
10 48
1 81
9 71
10 35
10 23
8 39
2 99
5 87
10 36
4 99
5 76
5 13
5 91
9 57
2 3
5 21
8 95
3 14
9 20
2 57
1 65
2 84
2 97
9 61
8 23
2 62
6 58
1 60
8 91
9 39
10 65
9 86
5 55
10 92
3 4
7 74
4 76
7 99
7 99
10 19
10 53
10 100
1 69
9 48
3 2
6 96
1 60
6 25
9 79
4 6
1 92
1 42
5 41
5 28
5 10
2 9
3 33
1 25
7 10
7 22
3 74
7 26
6 98
6 7
3 29
9 30
9 22
10 98
1 11
9 27
9 64
1 60
9 92
6 29
2 79
3 41
2 65
9 67
1 70
5 48
7 87
4 79
10 48
2 5
3 16
9 96
8 83
3 63
8 2
4 47
10 42
9 49
3 67
9 93
7 68
7 99
8 97
3 96
9 65
9 28
4 1
4 19
7 73
5 46
7 63
6 29
4 74
3 35
9 13
10 2
4 52
2 8
8 60
1 23
8 97
1 17
8 73
2 12
9 56
5 54
5 38
3 89
8 63
9 14
8 27
1 19
2 63
3 75
8 92
4 14
3 44
8 3
3 30
10 23
6 87
6 62
5 71
8 44
8 89
7 95
7 77
9 76
8 36
4 85
3 37
4 22
7 74
8 84
10 41
6 43
4 46
10 11
3 76
4 99
9 45
9 12
8 90
3 90
2 42
8 34
3 54
6 75
2 67
3 84
2 9
10 26
6 26
9 56
5 55
6 52
4 1
1 16
7 31
6 90
1 67
1 33
3 8
8 46
3 60
2 79
5 92
1 66
10 89
4 50
10 84
10 12
5 59
1 1
8 7
10 83
2 26
2 6
5 26
8 84
8 12
4 50
5 51
2 72
6 33
1 44
1 33
5 39
10 46
9 55
5 71
4 24
1 40
5 62
7 62
9 48
1 87
5 81
5 53
10 65
5 57
9 66
8 44
3 24
8 90
4 54
10 87
2 21
2 47
3 68
6 29
10 81
3 33
2 42
2 12
6 19
10 89
5 5
7 57
7 69
1 55
10 63
8 86
7 89
5 16
9 88
9 34
10 43
5 70
5 80
2 73
7 75
3 81
5 100
3 86
7 85
4 97
4 42
8 57
5 94
3 12
7 27
3 39
2 45
5 18
1 80
4 39
2 85
8 97
1 64
3 89
8 95
1 64
1 46
5 52
7 58
9 82
7 92
8 17
6 29
1 2
8 92
9 99
5 1
9 30
9 64
1 98
10 77
10 49
5 99
7 91
4 34
9 34
5 4
6 35
7 57
2 64
9 20
7 85
8 82
1 58
1 48
10 34
9 81
4 15
1 9
10 33
1 47
9 100
5 86
9 38
7 91
10 98
10 34
8 80
4 42
7 23
3 21
3 89
8 96
8 22
4 33
10 38
4 63
2 17
3 39
9 50
7 29
4 3
3 5
7 81
3 32
9 56
5 10
10 87
4 50
8 90
2 55
2 4
1 71
10 79
5 2
4 38
2 48
10 71
10 26
3 24
6 35
7 29
1 92
5 15
2 56
10 51
9 18
9 29
7 39
1 60
1 3
7 88
10 36
8 55
7 99
2 36
1 80
10 90
9 6
7 86
1 84
3 93
7 54
10 73
5 39
8 10
5 35
6 33
6 81
7 53
10 36
9 10
7 48
7 43
4 64
9 16
2 30
5 97
4 24
1 78
3 82
10 19
8 29
10 12
2 15
10 39
7 16
5 26
8 37
8 89
5 79
1 40
6 32
4 6
2 55
2 30
5 46
1 63
3 49
4 67
6 1
1 44
8 43
10 75
3 48
9 27
6 62
4 79
