10 59
2 37
6 98
3 22
5 91
5 17
3 70
9 69
7 61
1 78
10 68
8 34
7 4
10 70
10 71
3 42
4 85
3 33
9 31
6 34
10 74
7 93
5 86
7 51
9 12
10 94
6 93
3 11
9 62
8 29
10 46
10 95
1 31
10 42
9 45
4 78
8 16
3 3
7 49
4 8
9 24
7 85
3 29
4 6
1 89
4 92
6 97
5 14
1 95
6 92
4 72
6 57
10 18
10 68
1 62
2 79
7 53
10 7
4 45
8 91
6 27
4 55
10 41
7 8
1 46
8 79
4 65
5 76
7 60
7 67
1 89
9 50
2 83
3 68
9 96
1 1
8 86
9 14
6 65
3 17
8 56
3 20
7 80
6 87
2 37
2 31
9 99
3 49
2 82
3 65
2 58
8 61
8 32
9 61
9 1
7 9
4 97
3 13
5 87
1 1
2 75
6 46
2 43
4 18
4 54
7 88
9 36
8 39
2 59
2 97
6 50
3 55
7 89
7 4
4 72
6 95
3 41
1 67
7 17
2 15
4 43
10 59
7 34
1 62
2 80
5 25
5 59
1 16
8 79
9 80
8 39
9 81
8 2
3 27
2 26
9 69
7 84
1 85
4 86
3 3
7 23
5 100
1 93
2 71
2 65
3 25
7 27
4 74
7 80
7 44
2 50
5 63
4 59
9 58
7 30
5 30
1 88
5 88
4 95
1 98
6 97
4 31
6 28
7 23
1 97
7 24
3 31
10 98
2 10
4 58
8 10
6 74
2 2
8 21
9 21
1 94
2 89
1 38
10 55
9 96
3 74
10 1
1 23
5 58
2 35
7 66
5 21
10 84
9 91
10 29
8 36
10 26
5 87
4 31
5 67
7 60
8 4
2 89
3 34
2 50
5 56
8 16
7 67
1 64
5 50
7 69
8 87
10 36
1 12
1 4
8 44
5 92
8 1
3 19
1 7
8 39
2 22
3 10
10 33
10 13
9 78
1 26
3 15
9 37
3 52
9 87
1 79
7 12
6 10
8 24
6 78
2 8
6 29
5 35
7 14
10 12
6 25
6 91
7 3
5 28
7 39
2 95
8 51
2 51
3 90
2 22
10 76
4 79
2 13
8 23
7 26
6 44
2 21
3 100
4 96
2 74
8 9
4 76
8 33
9 6
10 75
9 50
1 8
10 86
4 34
7 30
10 30
8 15
4 95
2 73
2 45
1 39
5 58
8 51
3 72
9 12
2 36
9 33
5 23
9 17
2 72
1 100
5 13
6 2
4 84
7 62
7 14
10 3
5 90
7 86
4 45
10 15
6 33
7 10
2 24
4 26
7 99
4 46
7 44
3 80
3 42
5 75
9 28
8 89
7 85
1 11
1 11
6 45
2 69
7 49
4 47
3 34
7 42
10 19
10 2
6 51
1 78
5 77
10 70
4 89
2 26
2 76
2 70
6 54
2 86
6 10
10 49
9 24
8 55
5 94
4 100
6 88
7 27
1 83
10 28
4 41
7 59
4 47
9 23
3 63
6 46
6 13
10 1
5 62
10 24
6 5
9 53
3 75
7 55
7 81
10 91
3 95
9 78
8 95
8 37
3 44
8 74
3 87
3 100
3 13
6 99
9 71
7 89
5 23
4 85
10 95
6 35
7 36
9 68
5 16
9 16
10 33
9 90
6 26
5 41
9 41
8 46
6 41
2 93
9 4
10 72
4 69
7 62
9 19
2 26
9 11
3 73
5 29
4 14
6 88
2 37
4 97
10 90
9 29
10 56
10 100
8 2
9 55
9 46
2 69
9 18
2 22
6 12
1 65
6 10
7 92
7 62
1 94
3 63
10 5
4 47
4 65
7 17
8 54
9 55
6 22
2 85
9 7
7 99
10 16
1 78
7 6
10 3
4 15
6 41
7 51
9 49
7 80
2 91
8 24
1 44
9 85
4 27
1 93
10 69
7 83
10 22
9 42
6 17
8 17
6 60
5 93
7 70
8 36
8 6
5 7
10 77
10 7
5 27
10 36
7 39
1 18
5 1
3 81
4 50
4 56
10 44
2 62
1 51
6 22
8 99
3 30
1 19
10 96
6 27
2 64
3 23
2 8
9 29
7 17
10 74
8 24
7 24
10 95
7 63
1 10
9 66
9 57
6 45
3 43
3 66
6 45
8 29
4 22
10 9
8 68
9 12
4 40
8 26
4 82
7 59
8 72
2 99
9 65
9 24
2 89
9 83
2 32
5 43
6 48
9 28
9 17
6 64
9 61
4 76
8 36
8 34
4 91
4 18
10 4
10 39
9 37
5 96
6 99
9 64
7 6
1 83
6 12
3 43
6 58
6 56
10 46
4 80
7 31
3 27
3 52
1 10
1 25
10 15
9 68
6 37
9 47
5 62
3 5
8 12
5 32
8 56
8 87
8 74
7 74
5 97
9 79
8 54
1 39
9 9
3 78
7 84
3 23
1 62
3 88
8 15
8 83
1 25
2 91
8 55
7 30
9 98
1 31
7 62
7 75
9 94
3 41
1 25
6 56
9 53
2 78
4 65
8 86
7 39
2 14
8 4
2 12
5 88
4 7
10 51
1 14
7 71
2 37
4 35
4 8
8 91
6 50
8 49
2 86
5 86
9 4
2 60
4 23
2 65
1 55
7 76
4 28
6 94
8 7
6 86
9 15
7 26
7 3
10 40
7 59
9 98
3 26
2 71
8 80
1 75
5 76
9 1
1 49
9 87
1 21
1 26
6 75
2 45
9 99
10 73
1 68
6 43
4 83
4 54
5 83
8 15
3 80
5 43
6 24
5 48
9 5
3 57
6 90
1 72
7 9
1 77
8 50
1 41
6 98
4 24
7 15
8 65
9 69
1 29
6 38
7 24
5 94
3 80
7 4
3 2
10 58
3 23
1 49
9 20
2 49
2 82
6 13
1 5
10 98
8 60
6 70
2 94
10 28
4 41
8 75
9 93
1 100
7 19
9 81
4 91
7 39
5 35
1 1
8 7
4 75
6 91
4 58
9 96
10 91
10 67
2 65
2 35
3 61
7 90
5 29
4 40
3 97
1 68
1 82
10 23
3 4
6 50
8 56
6 4
1 39
8 35
1 18
2 85
8 63
10 39
1 93
8 61
7 1
7 91
2 81
6 33
4 89
6 70
3 44
10 100
8 69
5 60
1 72
10 75
2 4
10 43
9 2
3 55
7 80
3 51
4 5
9 4
8 51
1 43
8 43
5 82
5 19
1 18
9 93
10 78
8 23
5 89
8 92
8 10
3 3
4 5
6 80
4 6
9 92
7 47
5 25
10 47
6 75
1 58
2 93
3 16
8 17
3 41
4 39
8 50
2 25
6 16
5 48
4 21
9 42
2 8
10 57
3 39
10 4
9 60
2 37
1 17
2 64
8 52
4 62
1 23
7 34
6 21
8 81
5 87
3 36
8 66
6 33
9 58
10 82
1 18
3 17
7 3
3 25
6 89
7 82
9 53
2 2
1 94
5 36
1 22
3 62
3 24
4 6
5 24
8 61
9 14
4 69
6 93
5 57
5 25
7 43
5 16
7 42
9 54
10 77
1 67
9 37
7 74
7 15
4 73
4 78
10 48
2 52
7 74
4 55
3 31
7 48
10 12
7 60
3 14
6 88
1 42
6 95
10 85
7 78
9 100
3 3
4 19
10 91
1 52
6 67
8 91
5 58
3 80
10 14
2 21
2 20
7 95
5 41
8 24
10 8
1 23
4 78
2 15
8 9
1 9
5 25
8 66
8 97
8 78
8 75
6 84
7 46
10 70
4 20
5 39
5 8
1 60
3 86
10 61
10 76
6 39
3 97
7 23
2 72
2 56
6 91
1 54
5 97
10 83
9 7
4 31
7 83
8 17
8 35
5 12
1 69
5 52
5 64
1 27
8 12
8 16
3 6
4 75
4 87
2 89
5 70
3 76
5 93
7 40
6 1
1 97
6 11
5 41
5 20
7 37
9 100
7 12
9 20
10 8
9 57
1 78
2 25
3 96
7 49
7 82
9 84
5 91
1 8
8 34
5 39
9 17
1 45
5 53
10 21
1 64
7 74
6 60
4 49
8 33
3 76
7 87
9 41
3 54
10 93
8 99
7 4
2 12
5 83
4 95
6 50
3 47
2 12
8 77
2 72
1 51
2 62
9 27
9 71
1 11
1 77
10 28
6 39
6 17
9 74
1 58
8 34
10 94
6 92
8 91
7 4
4 65
7 50
10 66
7 73
3 9
6 54
10 37
5 68
10 81
7 25
9 74
5 5
1 33
8 93
5 19
1 32
6 43
10 57
8 20
1 69
5 41
9 5
8 89
8 36
4 47
4 65
7 39
3 43
10 7
7 80
10 45
6 76
2 74
9 55
10 1
9 35
8 74
1 81
5 86
6 69
1 71
1 37
8 72
6 52
2 24
1 61
6 45
9 56
10 61
1 35
2 56
7 49
4 76
3 8
9 30
9 89
6 42
3 54
