5 96
2 93
9 1
1 18
5 60
5 31
7 47
6 36
6 69
4 70
8 43
3 16
1 86
9 36
2 30
5 11
10 66
7 85
4 9
10 88
5 69
3 11
2 62
2 6
2 11
2 45
9 2
4 75
1 58
5 57
7 83
4 48
9 49
5 20
2 49
3 15
1 52
1 91
2 22
8 71
3 88
1 41
5 79
1 93
9 70
8 5
7 6
9 46
8 37
6 2
10 92
10 61
6 14
3 19
5 62
10 71
2 20
4 10
9 5
4 98
4 86
6 63
10 68
5 5
5 94
9 12
1 46
1 80
2 25
9 59
7 14
4 17
8 91
2 89
1 25
2 39
5 85
9 58
6 8
3 76
7 19
3 88
5 56
3 84
4 82
8 19
10 67
3 3
8 81
3 56
1 38
7 72
5 13
5 92
9 58
9 68
10 50
2 84
10 61
9 26
6 25
3 36
4 44
10 22
5 33
3 45
7 100
6 77
7 72
10 69
9 23
8 76
10 25
9 3
4 89
8 34
9 66
2 73
6 53
5 41
8 93
10 67
9 80
6 49
8 48
4 79
4 26
7 10
9 90
4 21
5 41
4 92
7 73
3 82
8 23
4 58
8 55
1 6
7 73
1 37
9 91
5 79
1 52
10 39
8 67
1 62
5 21
5 7
7 1
4 7
1 78
2 25
7 40
1 26
5 3
2 84
7 42
4 50
10 68
1 2
3 13
5 30
8 95
8 24
2 60
2 16
5 28
4 16
5 17
2 47
3 3
9 35
5 93
8 83
2 90
1 17
8 85
2 97
8 66
5 30
5 52
6 29
8 8
6 33
9 40
3 82
10 77
10 34
2 56
6 78
7 71
7 73
2 97
9 84
1 59
9 58
7 95
6 59
7 87
7 28
8 62
8 34
2 31
7 49
8 15
3 19
4 86
9 18
2 6
10 50
10 32
3 84
1 83
7 60
10 15
8 71
3 7
5 74
2 48
4 27
10 30
10 10
9 48
2 7
9 99
3 87
1 44
1 47
2 25
3 94
4 79
7 48
10 38
3 16
2 29
7 73
2 84
9 59
1 8
7 33
8 94
5 63
5 96
8 49
9 65
8 32
8 40
9 39
4 77
10 72
2 76
7 86
5 71
1 95
1 86
8 87
8 78
3 14
8 87
8 11
1 43
3 94
10 41
4 78
5 87
1 4
7 33
1 79
7 81
6 41
9 59
5 14
10 98
5 96
5 38
6 4
3 23
10 28
2 39
8 55
7 15
6 69
5 86
3 84
5 44
4 32
5 51
1 58
3 20
7 86
4 24
5 38
4 9
2 3
2 53
5 38
7 75
3 96
5 14
3 84
2 30
2 78
7 84
5 74
4 6
4 86
9 85
9 34
3 13
7 14
10 91
1 29
7 93
9 56
2 34
3 80
3 96
2 27
5 8
1 55
3 86
8 34
2 54
6 7
3 67
1 88
2 58
4 70
3 74
5 77
6 24
3 88
7 78
1 13
9 59
7 25
3 78
6 1
1 31
5 62
10 98
9 11
10 13
9 61
4 83
7 87
9 76
7 55
3 68
4 13
9 60
6 84
10 67
10 15
5 50
1 67
1 32
10 50
2 29
1 15
7 70
1 66
1 60
8 26
10 6
9 52
1 59
5 67
9 29
4 17
6 93
8 85
6 7
10 41
10 93
4 12
9 48
2 18
6 59
3 73
7 36
4 37
7 89
9 74
4 56
5 33
8 92
3 93
6 52
7 45
5 17
8 64
5 44
8 48
8 26
2 19
7 46
3 100
2 37
4 3
4 36
8 41
1 13
2 31
1 71
6 84
8 82
5 62
5 32
5 14
1 75
1 33
9 7
5 97
5 68
8 44
2 24
9 88
4 3
2 22
6 69
9 76
3 35
3 95
3 31
2 90
8 66
10 59
2 57
3 72
2 12
4 42
1 86
4 25
7 47
10 11
6 68
9 40
3 93
4 94
8 13
2 51
6 74
1 24
2 82
9 10
4 76
9 16
5 65
6 23
8 11
4 54
10 36
8 36
8 83
5 1
2 69
9 6
3 7
6 33
6 76
9 89
7 26
10 47
4 68
3 59
7 75
7 6
3 27
10 56
2 34
1 53
3 4
9 57
6 82
4 86
4 77
5 27
3 38
3 15
1 100
5 94
6 2
9 44
4 68
6 68
8 12
4 61
8 27
9 85
4 78
1 30
3 10
2 79
9 100
4 63
3 98
1 61
10 72
4 96
4 59
4 81
2 20
10 39
3 64
3 79
1 95
8 42
9 11
1 17
3 69
10 60
7 56
2 98
5 70
7 89
10 83
5 49
7 71
9 32
7 36
5 90
6 10
2 94
3 12
10 37
10 65
7 37
6 75
6 39
2 3
5 72
5 74
8 10
3 31
9 91
5 47
3 2
3 83
9 89
9 53
3 15
8 82
8 76
6 83
9 59
4 79
9 48
10 78
7 63
10 40
8 1
10 85
5 67
8 32
6 100
6 58
5 60
3 59
6 19
1 88
8 15
9 55
7 38
10 40
4 56
8 5
3 14
10 90
6 1
6 95
3 54
10 83
7 23
5 9
9 26
6 54
3 89
6 47
7 46
5 40
5 6
3 14
8 6
7 82
9 52
1 60
5 93
4 87
5 79
2 14
6 15
7 48
4 2
2 9
10 100
10 82
5 31
3 68
10 24
4 4
3 73
10 90
5 11
1 64
3 86
4 30
9 87
9 76
10 51
3 36
5 71
3 2
7 48
6 2
6 96
8 78
7 19
5 57
6 28
8 8
9 64
8 39
1 1
8 73
4 67
7 13
5 88
3 60
9 82
5 4
2 16
4 74
3 14
8 26
3 1
2 33
8 31
4 80
7 11
1 46
10 30
10 6
2 50
4 28
3 60
2 87
3 46
1 46
9 58
1 48
6 42
9 69
3 88
3 30
9 14
6 28
8 72
10 54
10 75
3 42
9 2
4 55
1 23
5 76
4 31
8 56
7 43
1 37
2 48
9 95
1 74
8 100
5 37
4 78
10 88
9 41
8 36
7 6
8 90
10 81
6 45
2 57
6 11
1 29
1 6
4 19
10 34
3 56
5 6
5 69
6 24
7 55
5 99
9 19
4 8
3 49
3 53
9 91
2 63
3 61
3 10
9 93
5 15
7 37
3 53
9 72
9 45
9 90
2 13
9 31
1 93
5 8
2 97
10 43
7 2
9 9
5 36
8 29
6 48
7 87
3 24
1 54
6 76
3 91
7 68
3 24
5 12
3 46
6 99
9 88
10 33
4 41
4 40
2 47
4 10
8 90
9 98
6 31
3 12
6 43
7 59
6 13
9 30
1 7
1 74
2 70
4 56
4 92
9 22
8 77
1 65
3 29
6 31
4 24
1 86
1 84
1 90
5 11
4 3
4 31
9 70
10 66
5 38
8 96
1 39
6 48
9 81
9 34
1 59
4 96
8 66
5 87
1 69
8 61
1 74
6 89
4 96
1 64
7 12
6 39
6 94
10 14
10 45
4 28
8 2
10 12
5 16
5 80
9 84
7 64
6 8
3 43
5 50
4 79
1 70
3 87
3 42
8 38
9 50
10 30
3 29
9 7
1 15
5 91
6 79
8 47
3 48
6 55
3 78
8 51
10 72
9 74
4 37
6 9
9 91
10 65
1 55
3 65
2 11
3 39
4 79
9 30
3 44
9 79
4 70
1 64
4 37
1 69
5 19
2 6
1 21
5 6
4 15
5 35
10 82
2 86
3 39
10 54
4 46
6 45
2 68
10 52
8 33
2 64
4 46
6 97
4 16
8 39
5 75
9 92
2 66
10 95
4 87
5 78
3 54
8 26
6 31
10 24
1 70
1 19
4 43
4 59
4 11
3 65
10 51
1 29
7 16
6 1
8 99
10 19
1 49
8 10
6 16
1 82
5 94
9 42
2 63
10 52
2 43
3 56
3 73
3 1
7 67
6 25
7 51
5 32
8 83
1 77
4 89
3 61
6 57
5 73
6 81
10 66
4 4
2 12
7 70
9 60
9 68
7 16
5 55
7 49
3 76
6 7
4 28
2 34
9 13
8 56
5 49
4 60
5 5
9 25
7 87
5 23
5 43
3 76
1 96
9 63
10 39
5 84
4 11
4 32
9 44
10 14
9 31
3 75
10 59
10 79
1 63
1 98
10 11
7 22
3 21
7 97
4 81
7 32
10 56
10 47
10 26
9 9
10 7
9 5
9 22
4 21
1 10
10 71
5 29
10 18
7 45
10 44
5 77
4 42
8 34
5 60
5 21
8 99
7 90
1 25
5 89
2 65
2 60
8 32
8 49
5 4
4 26
6 87
9 21
5 36
1 41
1 58
2 39
7 98
6 78
1 80
10 65
3 61
2 73
2 37
6 94
9 48
7 64
5 23
10 98
9 28
8 42
7 10
1 100
2 20
2 65
8 37
10 90
10 51
9 9
10 17
9 9
1 25
8 93
6 30
5 31
