1 76
2 19
5 22
10 76
4 49
6 56
7 61
9 46
10 58
2 2
7 80
8 87
10 29
1 68
3 85
3 82
3 60
8 84
1 92
9 88
2 85
9 98
4 24
1 39
2 64
1 28
5 68
10 49
4 81
3 41
5 12
3 12
3 9
4 65
5 3
4 89
10 4
9 96
7 55
6 35
1 1
9 80
6 2
8 35
6 46
3 37
7 68
8 35
9 31
6 52
5 24
7 44
3 88
8 34
4 14
7 2
6 93
6 32
10 12
6 80
7 75
5 75
1 32
10 74
8 14
10 99
10 77
10 73
5 82
6 93
3 66
6 15
10 80
10 26
1 80
8 9
3 16
6 39
2 73
9 90
1 17
8 92
10 29
2 7
1 22
5 44
1 79
8 43
6 85
2 45
7 42
4 70
10 8
7 17
7 61
2 51
7 22
10 73
4 49
6 67
2 72
1 91
4 11
5 17
3 86
9 73
9 93
6 18
3 89
8 62
8 79
8 28
8 32
1 53
10 36
4 21
3 24
10 10
5 8
8 59
8 53
3 2
6 97
2 26
2 13
3 28
6 52
1 98
4 22
9 85
2 50
8 80
5 50
1 21
6 70
8 46
9 60
10 60
2 51
9 18
9 17
6 17
9 87
4 1
8 85
1 99
10 32
3 45
3 70
6 48
10 12
3 53
1 45
10 100
2 58
1 1
1 77
2 60
3 17
4 20
1 98
5 17
9 13
8 60
6 11
1 95
7 14
10 94
6 45
6 12
7 90
5 48
8 50
6 13
6 65
8 72
1 51
3 45
7 18
6 68
1 39
10 39
7 32
1 30
4 89
1 46
5 24
6 99
7 30
4 20
6 7
9 53
2 29
6 49
5 6
7 62
9 44
4 11
8 100
2 56
2 55
7 97
9 15
8 61
1 73
2 10
8 8
3 94
1 44
4 48
8 14
7 86
3 72
6 11
2 19
10 97
8 40
1 53
7 36
2 7
7 5
1 45
4 51
4 48
3 56
8 86
8 77
7 7
6 33
8 11
3 75
8 13
8 95
3 78
7 66
1 92
9 73
8 19
8 1
10 63
9 69
5 4
8 99
2 10
7 96
9 83
5 63
1 28
7 30
9 25
1 30
7 17
1 97
1 95
6 5
6 86
7 50
6 88
1 17
4 54
9 9
7 20
2 100
9 89
6 12
2 100
9 47
4 10
8 12
6 33
1 67
2 70
2 25
2 68
3 50
3 60
10 16
4 32
6 97
2 88
10 52
4 65
1 33
9 91
1 7
1 45
5 24
3 95
4 53
10 15
8 86
4 92
5 77
5 37
3 71
3 39
6 88
10 71
5 57
3 63
1 11
9 99
2 47
3 48
2 73
2 85
6 86
6 42
3 64
10 18
7 56
7 80
3 86
1 98
1 46
6 3
5 14
1 15
6 33
7 26
10 26
6 90
9 90
8 93
9 40
2 87
7 67
1 48
2 64
10 66
5 100
2 2
3 1
1 70
1 73
8 32
1 17
2 26
5 100
6 82
9 19
2 64
7 6
5 42
3 52
2 52
3 64
4 74
3 52
9 83
6 19
2 51
6 68
6 17
8 35
6 16
8 55
7 45
6 57
9 39
10 59
8 34
1 90
7 52
6 79
6 62
9 76
2 31
10 48
6 92
7 28
9 12
4 74
6 59
8 68
8 11
2 9
5 42
1 25
9 59
7 54
9 83
7 83
10 68
5 29
2 78
1 81
8 46
10 78
4 4
2 64
9 85
1 70
8 79
6 29
3 17
3 85
7 74
1 77
10 69
3 3
3 35
6 90
5 86
3 84
3 18
6 85
6 10
7 86
4 45
10 18
8 83
8 51
1 47
9 53
7 63
9 57
7 11
3 21
6 75
4 96
5 32
9 45
9 14
1 20
9 48
4 45
2 64
5 42
4 71
8 36
6 33
10 29
10 78
8 93
9 45
10 10
4 58
4 18
7 76
1 66
4 52
4 2
7 13
7 48
6 85
5 16
8 52
2 94
5 36
9 67
8 2
5 50
10 65
1 40
9 29
10 22
2 73
9 99
10 14
7 91
10 81
10 48
9 36
3 67
8 14
3 9
9 56
6 88
9 27
4 82
7 72
3 26
8 56
5 87
6 26
9 97
10 47
1 1
5 12
2 89
5 71
8 35
3 52
5 40
5 78
9 16
4 39
9 60
1 96
1 87
5 42
5 67
10 47
10 78
2 90
8 41
2 2
5 87
7 93
3 54
7 16
6 23
7 96
5 53
8 49
10 77
2 94
4 93
10 13
5 36
10 51
2 25
7 9
8 68
7 96
9 73
3 23
3 50
6 63
4 26
10 83
4 25
2 58
1 63
5 58
10 85
3 94
4 74
2 91
7 55
5 9
4 31
9 2
4 22
5 61
5 13
4 22
1 78
1 33
5 73
4 12
1 64
10 57
1 100
10 81
10 6
9 95
10 38
8 6
4 94
3 82
7 31
9 70
9 76
9 63
3 19
3 25
5 22
7 81
9 95
3 41
1 69
3 47
8 83
4 89
10 55
7 38
7 84
7 92
4 72
3 14
10 41
5 12
7 14
7 1
10 35
5 1
2 67
9 49
5 39
3 4
8 79
1 68
2 7
5 11
5 17
2 12
5 67
8 29
5 93
9 34
1 80
2 68
3 36
2 28
10 28
3 32
3 21
4 1
3 54
1 22
7 39
6 81
10 88
6 64
10 94
3 8
8 29
5 2
6 97
3 57
9 39
4 84
3 14
3 4
5 52
7 83
10 87
2 55
7 98
10 74
10 77
5 58
1 36
3 95
8 81
2 88
6 64
4 96
9 20
4 99
9 80
4 82
6 12
3 51
5 95
6 89
4 47
6 81
5 43
8 51
9 80
7 96
10 18
1 16
5 59
5 47
9 4
1 25
7 23
7 60
10 76
1 63
8 7
3 17
9 16
5 18
10 51
5 94
6 7
7 4
4 62
9 79
10 14
2 85
10 27
4 40
5 77
1 71
3 57
5 61
4 77
4 21
9 57
5 62
7 46
2 89
2 49
7 25
10 3
1 15
3 40
1 92
8 38
8 33
7 18
2 34
9 83
5 43
5 59
10 7
2 46
2 78
3 69
7 34
5 27
1 26
3 91
3 40
6 7
7 77
8 38
6 56
7 22
1 27
4 72
10 18
7 57
1 94
5 89
6 65
6 6
2 26
10 88
6 51
1 28
1 96
4 4
4 50
1 90
10 59
7 57
5 18
8 53
2 55
6 61
4 95
1 16
2 43
9 25
6 34
8 41
2 92
9 60
9 89
9 83
5 67
9 4
8 9
2 3
3 60
10 66
4 20
2 13
4 33
2 60
4 29
2 14
2 43
9 42
7 8
8 81
9 9
8 8
6 44
6 11
7 54
3 31
3 4
2 9
3 33
3 93
7 91
10 66
8 40
4 15
10 97
8 40
6 90
7 39
7 82
3 9
6 23
1 9
9 74
10 59
9 45
8 75
1 21
1 59
8 79
8 27
10 78
10 31
2 95
3 37
1 81
5 5
4 77
8 99
4 83
7 33
10 39
3 18
5 98
2 99
7 52
1 69
5 59
2 40
7 7
10 34
7 86
7 43
2 66
8 70
5 42
6 18
2 42
4 7
6 67
2 64
3 87
3 57
9 9
7 37
4 10
4 23
10 25
1 19
6 32
7 73
5 84
8 9
2 82
1 5
6 88
4 4
8 24
3 99
3 20
9 51
1 96
4 12
3 13
3 97
1 86
8 16
6 1
10 59
7 67
2 41
2 81
9 56
5 92
7 4
4 4
7 83
6 81
5 75
10 55
8 100
5 76
5 24
5 40
2 84
3 37
7 14
6 45
4 28
5 42
8 28
6 36
5 71
7 22
7 98
9 18
6 86
4 99
3 44
4 62
5 92
3 97
4 36
8 9
4 56
6 6
8 34
5 73
8 32
8 21
4 57
5 79
9 93
7 61
4 20
10 23
5 7
1 29
6 4
10 56
7 84
2 24
6 26
5 74
7 54
7 16
4 91
9 90
4 99
5 76
5 37
8 30
3 89
9 67
9 49
2 47
6 100
8 4
6 29
8 84
9 97
3 38
8 24
5 42
6 18
4 91
10 83
8 76
2 82
6 86
10 4
6 50
5 11
4 74
9 30
2 91
7 92
8 91
6 73
1 41
6 27
2 38
2 100
5 49
2 2
4 54
9 24
3 72
7 71
6 55
10 41
8 67
10 45
10 75
7 89
3 92
7 30
2 97
10 87
5 56
4 21
2 12
9 13
4 59
6 42
5 42
1 63
2 59
5 27
2 79
7 57
9 14
10 43
8 4
6 49
2 34
2 22
2 86
6 92
6 28
7 58
4 71
2 59
3 60
2 85
10 45
9 76
5 13
8 78
9 80
10 44
10 31
8 75
6 66
3 44
5 42
1 81
1 50
3 86
8 57
10 97
2 71
7 78
6 86
3 90
10 63
8 23
9 50
