2 84
7 54
1 23
9 85
2 33
7 14
10 29
1 91
3 95
8 99
4 56
9 36
7 53
5 3
7 15
5 90
3 91
8 86
6 13
7 24
5 79
9 28
6 40
9 50
10 78
6 42
3 57
8 33
5 38
5 45
2 92
4 98
3 47
7 31
1 19
9 42
1 91
4 67
9 64
6 28
4 28
7 5
3 73
8 23
8 75
2 45
6 9
6 63
3 40
2 51
6 1
9 1
2 90
5 34
8 89
4 65
10 29
1 31
2 58
8 65
6 8
4 96
8 87
5 57
3 95
9 75
2 31
6 70
8 71
7 62
8 35
3 9
3 6
9 6
1 97
6 31
1 82
6 6
2 9
2 68
7 47
8 51
9 48
9 94
9 95
2 79
2 86
6 9
3 75
8 43
4 46
3 17
5 64
2 15
7 98
6 61
7 24
8 98
10 30
10 36
3 89
2 88
10 97
6 71
6 46
6 18
2 73
7 100
10 91
7 82
10 18
3 18
9 79
5 21
8 83
9 84
4 97
9 26
5 78
5 21
10 14
6 50
3 78
6 66
6 78
10 63
10 36
1 37
7 32
8 67
4 21
4 94
2 60
7 13
9 55
3 13
5 84
10 24
10 93
9 1
4 14
5 100
10 2
10 53
7 5
6 62
5 26
8 78
1 33
8 72
9 6
3 45
5 54
6 99
1 66
10 80
8 74
1 31
5 78
1 58
1 33
9 15
2 71
2 1
1 81
5 72
5 65
2 25
2 15
10 80
9 81
2 63
9 50
10 97
8 9
1 52
1 1
3 29
10 29
8 5
7 27
9 8
4 77
8 75
4 72
2 51
8 93
6 14
1 63
8 37
9 20
6 3
9 3
1 58
1 78
2 48
5 11
10 69
9 47
1 84
1 80
4 36
5 84
2 18
8 40
3 52
1 57
6 80
5 6
8 83
6 99
9 25
4 62
4 95
5 77
10 97
2 92
9 18
7 44
10 57
7 73
1 46
4 29
2 78
9 11
6 35
5 19
10 92
1 28
7 70
1 100
3 65
10 35
8 90
9 43
8 45
6 39
6 82
3 12
7 32
5 9
10 15
5 8
3 93
6 15
5 49
4 55
2 11
3 85
8 67
2 39
9 85
6 2
2 37
10 21
9 92
8 77
1 51
10 5
2 65
2 41
4 25
1 8
2 70
10 75
9 54
1 49
9 57
4 84
9 47
2 98
6 1
2 26
3 15
7 45
5 54
6 2
7 37
3 54
4 15
1 8
9 55
5 85
2 45
10 20
9 59
5 98
10 52
6 52
7 94
8 90
9 30
6 77
8 54
1 72
4 47
1 5
3 33
9 83
2 53
6 55
5 30
8 60
6 47
9 56
1 73
8 46
5 80
4 34
4 4
4 40
6 87
4 37
9 97
2 99
1 37
10 7
7 23
9 30
3 84
3 89
7 7
7 67
3 68
6 6
4 35
7 36
3 57
1 8
4 51
6 8
9 46
6 64
6 12
7 42
1 46
9 92
3 25
6 19
1 78
10 48
4 74
5 50
9 39
8 83
7 67
3 20
9 67
6 80
3 71
9 81
2 21
4 92
7 15
6 87
3 58
2 100
3 57
1 100
7 12
7 89
6 20
6 30
3 84
10 82
10 72
2 32
3 21
2 49
9 80
10 63
8 13
8 71
2 10
3 35
1 96
2 87
2 2
7 9
5 45
6 95
3 45
7 73
1 70
3 20
6 85
1 87
3 86
8 4
1 99
4 63
7 68
5 52
3 35
5 14
10 90
10 13
1 47
3 5
8 76
3 5
4 34
2 47
6 44
6 40
10 45
1 44
6 2
10 76
5 77
9 46
2 75
5 60
1 41
3 67
6 28
8 14
8 26
8 90
8 53
9 54
6 47
7 26
6 40
3 88
5 20
9 71
1 77
6 47
9 53
6 49
7 4
10 37
9 30
6 70
7 60
10 39
4 10
4 97
10 32
6 80
6 34
8 42
3 82
9 2
2 52
7 70
4 58
1 66
7 18
1 46
5 58
5 18
10 98
9 52
7 20
9 70
9 45
4 47
10 56
5 5
8 18
6 86
2 93
4 8
3 45
1 65
5 1
3 35
4 94
6 73
3 31
4 56
8 73
8 74
6 10
4 65
2 42
4 32
3 89
10 27
2 96
9 12
1 31
8 3
3 63
8 86
8 14
2 62
9 48
3 39
1 76
4 10
7 73
9 65
5 3
9 68
6 71
1 72
8 18
8 5
2 41
10 85
2 39
9 31
2 68
4 61
10 43
8 3
9 6
10 78
3 73
10 54
1 97
2 19
6 88
4 66
9 79
1 100
10 88
8 95
7 73
2 58
2 53
6 72
9 22
7 69
7 53
3 61
4 31
2 74
1 60
4 29
9 46
2 24
5 63
7 7
4 28
2 29
2 60
9 34
3 81
9 35
5 98
7 34
2 72
6 81
2 50
7 90
1 50
3 85
7 26
7 98
4 29
1 17
9 87
3 20
3 6
8 20
10 72
4 64
5 82
1 100
6 19
7 54
7 14
10 63
4 72
2 80
1 36
3 63
10 46
6 82
4 35
7 84
3 23
1 64
8 7
10 79
3 61
8 80
9 79
10 22
2 57
7 46
4 100
6 72
3 21
4 21
1 89
8 19
2 15
8 57
5 11
5 29
1 42
4 12
6 92
3 82
8 46
3 11
10 90
7 90
5 16
9 96
7 35
10 13
5 76
9 52
8 59
6 96
9 33
9 55
7 87
1 98
3 85
4 80
9 10
10 30
10 31
9 88
4 3
8 29
3 79
2 96
5 59
6 18
3 42
1 61
8 98
7 88
7 100
8 76
2 59
3 68
2 43
8 60
8 82
5 97
10 55
5 57
2 7
6 85
10 93
3 77
6 65
9 55
3 38
9 8
7 30
3 24
10 55
5 65
2 55
2 79
9 4
8 96
9 42
5 87
10 42
7 15
10 73
6 26
3 55
9 15
2 10
6 33
2 26
10 98
3 87
8 77
7 46
1 32
3 5
4 69
7 6
8 12
10 74
6 74
1 75
2 13
9 16
9 89
9 7
10 63
10 54
4 29
4 9
2 41
3 99
9 63
6 15
10 19
2 100
5 60
6 26
10 43
6 80
1 71
7 27
1 5
3 87
2 52
10 61
9 36
6 13
6 34
10 91
3 32
1 18
8 2
2 60
4 36
9 26
5 62
8 47
3 27
8 43
3 54
3 19
8 97
2 43
6 51
7 41
6 56
4 65
9 21
4 90
7 45
9 81
10 84
4 68
5 25
6 2
7 3
6 73
3 34
5 77
10 65
9 69
9 58
7 16
4 17
4 55
5 93
7 46
5 35
3 100
1 92
4 39
3 27
5 77
3 74
8 30
7 91
7 79
7 95
7 5
6 10
2 83
1 44
10 48
3 88
8 41
10 8
8 67
9 50
8 34
4 14
3 31
9 5
7 64
1 86
5 61
6 23
9 50
10 39
6 32
3 83
2 58
9 76
4 54
2 24
3 88
3 80
9 83
5 62
3 54
3 23
5 3
9 18
6 92
10 81
9 66
8 56
2 39
2 68
3 67
10 40
6 84
10 92
9 3
4 60
6 7
5 3
3 1
10 42
3 33
4 19
2 57
5 39
10 32
1 56
4 99
10 40
7 76
2 64
3 91
9 21
5 42
3 13
8 48
1 6
8 42
2 60
7 46
5 44
7 82
10 53
3 46
4 50
5 86
3 99
6 90
2 46
10 75
5 34
5 91
9 84
10 66
4 44
3 21
9 43
8 19
1 39
9 87
5 20
8 80
1 30
6 9
1 8
9 94
5 41
2 19
10 46
3 48
4 36
5 29
6 4
6 73
6 92
1 67
6 40
8 68
2 79
8 48
1 69
9 79
1 87
4 84
9 13
6 10
10 71
3 40
6 94
6 31
5 71
7 17
8 95
8 49
3 14
6 26
10 30
2 87
9 19
7 57
6 37
3 32
2 54
4 83
10 31
1 9
4 33
5 95
8 73
8 88
3 46
3 28
10 83
6 56
5 77
7 67
2 50
10 28
6 16
6 65
10 33
10 39
3 20
10 39
1 86
4 59
10 67
2 90
9 96
3 28
1 42
4 30
3 60
4 47
6 5
3 80
9 9
6 50
9 16
3 25
2 58
1 39
8 93
7 99
7 56
1 46
3 97
8 74
10 99
10 94
6 34
4 4
7 11
10 28
7 24
4 66
8 73
4 33
6 66
5 4
5 5
10 30
8 46
7 34
7 67
10 80
2 42
10 19
1 83
10 59
9 80
10 54
10 39
10 96
5 91
2 17
7 5
6 61
2 58
9 42
3 83
6 13
6 82
8 23
4 93
3 62
2 80
4 73
8 67
6 92
9 14
2 33
9 18
1 37
4 85
6 16
5 29
7 41
10 9
2 36
3 81
3 49
10 21
8 30
9 55
8 45
5 66
6 53
2 26
7 72
4 93
2 10
4 55
1 4
