3 52
4 28
1 8
10 43
9 79
5 33
2 55
5 71
4 69
8 85
4 26
4 73
4 50
2 62
10 76
5 72
8 34
6 51
2 12
9 58
3 75
9 7
2 1
7 44
8 40
8 40
1 42
1 29
9 6
2 18
10 40
10 78
8 76
3 12
10 33
1 28
3 88
9 11
4 24
5 23
3 92
7 91
4 78
7 7
10 72
10 35
4 28
4 14
3 52
9 93
4 20
2 54
3 4
4 81
2 42
7 78
5 86
9 85
1 61
3 42
8 59
7 12
2 13
3 21
4 15
2 4
1 80
5 84
10 16
4 61
2 91
6 98
9 76
8 94
6 35
5 91
6 57
9 36
8 58
4 31
1 26
9 80
5 45
7 45
7 4
9 80
10 26
4 38
4 95
5 18
9 97
7 78
5 88
2 66
4 80
4 95
10 15
4 6
4 100
6 18
5 100
10 92
2 31
9 7
1 95
7 33
2 70
3 38
1 2
6 31
8 18
6 50
7 47
3 92
6 16
2 31
5 96
1 11
8 39
1 97
10 32
2 4
1 62
9 84
9 45
3 96
5 56
6 39
6 50
6 68
3 46
8 91
5 55
10 88
5 53
6 35
2 58
10 74
4 78
3 48
10 26
4 74
4 23
6 32
6 59
5 4
7 5
5 3
5 59
10 79
2 1
10 86
4 13
4 90
3 57
6 33
3 45
9 55
9 66
2 46
3 20
8 70
4 73
1 95
6 55
6 32
1 76
2 34
7 64
8 6
4 20
10 80
10 22
7 37
5 54
5 64
3 20
8 97
9 91
1 6
7 94
10 40
5 2
3 6
10 53
6 57
9 94
10 21
9 97
4 75
8 82
4 92
1 6
1 65
1 66
1 33
1 17
4 61
2 45
6 75
4 86
6 4
9 35
9 19
3 66
8 77
4 30
8 95
5 52
3 87
8 83
4 8
4 89
6 77
4 16
5 17
4 29
10 85
6 92
7 67
3 97
4 76
8 67
3 48
6 96
6 85
1 9
7 70
9 12
1 51
4 88
2 75
9 56
10 53
9 9
9 17
8 33
7 38
2 93
3 57
8 39
3 5
8 65
10 12
6 63
4 75
10 19
8 46
6 40
4 85
2 76
6 100
9 72
5 1
7 94
6 75
10 65
7 13
4 46
6 98
2 86
3 85
3 97
8 18
2 9
10 24
10 63
6 49
10 84
8 3
3 36
8 73
6 50
10 51
1 40
1 71
1 17
3 30
1 80
2 34
8 39
4 90
9 2
1 15
1 2
9 90
2 63
9 89
9 74
9 63
10 68
3 48
2 76
2 40
6 62
4 3
7 54
8 35
2 52
8 19
1 59
2 62
2 78
2 4
2 5
10 15
5 97
9 76
10 30
8 41
2 39
5 77
8 30
8 52
8 73
2 45
1 89
5 37
5 41
3 53
6 83
1 68
8 3
10 37
2 69
6 12
3 86
6 99
5 95
9 39
9 70
9 93
6 33
3 84
5 9
3 85
4 79
1 31
3 35
4 25
5 51
2 93
1 91
1 98
5 24
9 62
1 94
5 98
8 99
5 96
6 61
5 76
7 15
4 51
6 81
6 56
6 38
10 28
5 79
9 62
2 63
6 76
2 77
1 29
4 87
5 75
7 93
9 89
2 94
5 91
5 51
7 59
4 20
1 81
7 34
5 6
1 6
1 85
2 64
2 89
10 13
9 3
4 86
8 89
2 95
10 73
8 91
7 90
10 30
4 9
2 6
1 19
10 26
9 25
1 31
10 40
4 44
4 71
2 48
2 48
10 39
3 25
5 89
9 45
5 25
3 66
2 17
3 56
4 16
8 36
5 49
6 11
1 42
2 24
1 77
7 57
7 98
1 41
10 80
5 83
2 27
8 38
7 67
2 58
6 98
8 34
1 86
3 97
7 61
3 60
3 99
1 33
2 48
1 74
5 60
3 89
8 5
2 72
6 74
3 73
9 89
9 96
4 58
5 96
4 55
6 88
5 82
2 36
1 53
9 25
4 74
3 22
5 98
6 12
3 97
10 89
6 57
4 45
6 6
7 57
5 86
6 57
9 9
8 61
7 41
5 61
4 61
3 91
10 32
8 66
1 49
6 85
6 22
2 25
2 38
3 3
7 11
3 62
6 40
7 9
4 20
4 34
1 6
9 100
7 50
10 87
9 36
7 98
8 87
9 52
7 32
5 7
5 34
3 3
5 92
5 36
7 26
6 32
10 12
10 40
7 95
8 33
1 94
2 31
9 82
9 86
5 71
3 5
4 67
7 12
10 88
4 65
8 23
10 75
5 79
3 4
8 97
9 38
7 54
4 97
10 86
5 99
9 72
5 61
8 58
5 17
5 73
9 37
6 66
6 52
5 12
4 88
7 42
8 25
1 32
7 64
10 38
2 92
3 49
5 10
7 43
8 99
6 30
10 68
9 41
10 89
8 94
10 60
9 40
7 2
4 37
10 55
6 12
10 63
1 90
10 68
8 6
2 16
3 79
2 97
9 2
5 72
9 50
8 71
9 45
10 73
3 20
7 32
6 14
1 50
3 93
1 61
1 43
1 74
2 37
1 1
5 78
8 44
5 43
7 49
6 6
6 42
5 97
8 8
9 73
1 84
1 29
8 55
10 25
4 36
9 67
2 40
2 49
7 53
4 81
6 60
5 75
3 2
5 37
8 10
5 85
1 41
9 55
9 91
4 42
6 42
6 82
6 13
5 75
2 87
6 25
4 18
3 4
9 75
7 36
4 72
1 54
10 58
3 21
6 44
3 76
9 88
1 97
5 5
7 48
2 99
5 10
10 3
1 85
1 63
3 80
6 7
1 96
10 85
9 11
3 91
8 48
1 27
3 64
6 47
3 100
5 71
5 9
10 37
6 93
10 17
1 7
3 82
8 23
7 4
9 80
10 68
7 22
5 1
3 80
7 57
10 31
8 17
9 53
8 10
1 10
8 85
6 25
10 66
6 3
4 90
3 84
10 54
6 59
3 16
9 68
3 48
8 93
5 32
4 15
2 66
3 11
9 23
10 33
5 27
2 91
4 82
1 96
7 78
2 77
6 47
4 81
8 75
1 45
6 20
4 85
4 55
10 27
4 80
2 87
9 100
10 53
3 51
7 71
8 48
3 84
4 62
4 18
3 80
10 21
2 81
3 10
2 55
3 15
1 14
6 80
10 62
3 87
7 78
5 45
10 75
5 2
5 65
2 36
7 44
9 51
9 59
9 79
7 2
2 76
7 59
9 67
7 73
4 51
2 20
4 35
5 48
5 98
4 80
2 13
4 90
5 9
8 15
5 18
9 74
6 44
3 90
3 89
3 76
6 43
7 50
2 16
6 42
8 36
1 60
1 88
9 72
6 17
8 55
1 39
1 73
9 52
10 75
10 45
7 52
6 24
5 26
6 9
8 83
8 23
3 87
7 90
6 19
5 16
1 33
8 37
6 83
4 20
3 38
2 47
2 13
2 50
10 90
4 41
5 45
1 21
9 3
4 69
7 98
4 94
1 56
8 48
4 49
7 96
3 8
9 76
5 66
2 53
2 33
5 61
1 88
6 8
7 27
10 61
1 91
4 35
8 68
8 65
2 7
3 92
7 11
9 83
5 80
9 65
1 99
5 40
1 1
3 53
5 51
5 69
9 47
8 31
9 94
2 87
5 69
4 63
4 77
2 29
7 82
9 62
8 69
10 18
8 32
6 48
3 75
5 29
2 77
1 49
1 36
10 3
5 66
7 75
1 17
6 61
1 94
4 88
6 61
8 88
2 57
10 89
4 24
2 38
2 50
10 79
10 12
6 3
6 95
1 86
8 67
7 59
7 46
9 34
3 65
10 21
1 43
5 28
3 48
10 55
1 30
4 16
8 80
2 62
3 23
3 98
8 67
7 48
8 46
8 94
9 52
5 85
6 15
10 65
4 1
7 80
2 24
6 87
5 54
4 10
10 48
4 73
10 49
10 55
6 23
10 22
5 18
4 13
6 4
9 16
9 74
8 58
4 21
7 78
6 5
6 75
4 3
2 80
7 98
2 97
10 97
3 96
8 43
4 41
9 48
3 73
10 23
1 93
2 85
4 19
10 9
10 69
8 91
9 47
7 88
2 53
1 68
7 82
2 39
3 15
8 64
10 83
4 84
9 99
6 44
8 35
3 43
8 33
10 2
10 51
8 93
2 27
5 3
5 93
7 23
7 69
2 3
5 20
2 61
4 67
8 81
2 26
5 85
4 27
9 93
9 57
10 48
5 48
9 95
1 13
10 57
4 55
3 55
3 30
6 59
9 6
9 76
8 84
7 61
7 33
3 83
8 100
9 69
5 35
1 83
3 2
5 83
9 56
6 33
7 74
3 45
8 58
6 39
9 49
6 74
5 66
7 38
6 11
8 52
3 37
3 20
10 24
8 28
9 52
3 72
8 77
3 90
4 34
1 8
1 53
4 12
7 75
4 19
9 82
1 34
9 5
2 82
