8 47
2 33
10 22
9 37
8 15
1 95
5 66
7 21
3 25
9 9
8 15
1 39
1 67
10 28
8 76
3 52
8 100
5 24
9 89
2 35
1 72
1 4
10 9
8 89
10 36
4 22
7 95
4 47
4 100
3 92
3 95
10 17
9 89
2 11
4 80
1 74
1 91
3 16
2 48
2 35
9 69
3 83
8 93
3 31
8 13
7 26
7 44
2 14
6 31
5 21
10 17
6 96
9 3
8 5
7 96
4 96
9 1
9 66
1 44
3 59
8 30
5 90
10 19
9 31
10 18
9 50
9 6
10 78
2 74
6 90
3 84
3 51
1 36
2 6
7 100
10 10
10 75
6 69
2 29
2 98
2 38
7 66
6 87
3 7
1 54
3 2
10 12
2 53
4 26
6 7
2 62
7 37
8 40
1 37
7 21
6 4
5 35
5 45
10 63
10 93
7 72
4 48
10 65
7 50
7 31
8 69
7 29
2 83
1 49
3 92
9 60
5 12
10 21
5 23
3 26
8 77
10 12
4 85
7 99
8 17
1 3
7 21
4 97
9 57
4 53
7 21
2 73
6 92
5 43
8 45
7 81
5 51
1 22
5 14
9 48
4 27
6 65
1 33
7 11
10 11
6 94
5 72
6 92
1 45
1 91
8 13
6 91
6 82
4 38
7 20
6 78
8 28
6 91
8 79
6 23
7 69
2 38
6 17
9 38
3 83
6 76
9 93
5 85
1 75
2 72
1 13
6 25
10 60
7 99
5 22
3 51
2 78
1 71
5 64
5 62
4 5
1 33
8 32
1 6
10 41
7 4
7 67
1 36
2 90
3 59
6 66
8 50
2 43
2 79
9 62
3 9
1 16
4 3
10 94
3 74
3 77
6 66
4 61
2 19
9 18
5 13
1 67
9 77
6 87
7 83
5 1
5 86
9 79
4 39
5 51
8 38
10 95
4 13
7 32
7 79
4 22
6 14
7 13
4 70
3 52
4 3
10 71
4 89
8 40
8 87
1 76
4 69
3 19
6 75
4 42
7 47
2 4
3 30
7 21
1 12
5 15
10 39
3 47
10 91
5 68
3 100
2 71
1 31
5 56
5 78
3 96
8 80
3 80
4 85
1 90
5 36
4 7
2 75
9 85
2 43
4 6
8 14
9 82
7 25
5 87
2 19
6 31
7 29
9 96
1 63
1 35
6 37
1 82
9 87
1 13
10 86
3 20
8 17
9 28
9 87
4 59
2 7
4 42
10 78
1 38
3 24
2 14
7 32
5 53
9 98
9 16
5 67
1 91
6 28
4 65
7 56
4 33
6 36
1 45
10 72
6 10
2 16
8 95
2 40
6 75
7 82
10 56
10 75
1 26
7 65
10 81
4 20
3 41
1 55
3 20
10 86
7 58
3 94
6 16
2 85
2 29
3 37
2 63
5 68
4 27
2 79
4 53
4 11
4 78
2 52
6 39
6 13
4 72
9 96
8 74
3 56
6 39
3 97
3 4
2 45
10 79
10 21
7 3
4 82
9 57
10 87
6 83
6 16
3 68
10 80
10 22
6 52
5 44
2 40
2 47
1 91
7 45
2 37
7 61
2 85
7 22
4 91
5 82
6 71
6 95
4 92
1 91
10 98
7 37
10 31
7 32
8 56
3 15
7 21
8 74
8 31
5 93
7 62
2 94
8 15
2 9
10 26
10 53
3 57
5 54
1 86
1 83
7 36
4 82
10 70
6 30
8 12
1 69
9 27
9 78
8 71
6 34
5 19
9 88
3 5
6 15
8 85
9 21
8 62
6 77
7 100
8 13
8 28
8 10
1 9
2 78
6 64
7 73
6 79
4 24
2 3
4 23
6 36
1 52
3 62
6 49
1 79
5 31
6 53
8 70
7 49
8 66
9 21
8 35
2 66
8 73
6 63
1 74
2 87
9 94
6 13
2 34
5 67
1 89
6 92
3 71
10 88
3 99
8 42
9 88
6 4
7 16
5 43
10 22
3 58
9 98
4 70
3 7
6 44
8 13
6 27
8 69
8 52
7 71
1 52
6 19
1 21
8 59
1 25
2 77
1 52
10 16
5 58
8 29
6 94
5 77
4 61
4 70
4 50
6 44
9 50
3 65
9 45
5 56
2 57
9 55
1 91
1 68
6 44
5 16
4 92
2 84
2 51
10 24
7 78
8 21
6 77
1 53
8 31
4 38
6 46
5 34
3 93
4 47
3 20
5 15
8 92
7 50
2 76
4 27
8 68
7 82
9 44
9 80
9 25
4 18
8 100
3 99
4 56
1 91
5 95
4 91
1 16
4 39
5 8
2 21
8 24
3 31
6 7
2 58
4 13
7 50
3 44
10 81
1 82
8 14
2 84
10 84
2 38
1 4
7 68
4 52
4 21
1 8
6 87
10 87
4 72
8 15
1 9
1 98
8 92
2 35
2 35
5 13
8 24
4 67
3 19
2 72
1 61
8 42
5 83
3 54
7 43
10 18
7 51
6 59
8 46
6 46
7 81
1 15
8 75
3 26
3 14
8 46
4 43
3 31
5 8
3 8
8 56
7 38
9 19
1 24
7 40
6 75
2 46
2 70
10 71
10 96
8 72
3 18
4 70
3 73
4 21
2 48
5 28
7 63
3 56
8 52
7 18
4 63
7 8
1 49
10 56
1 49
2 54
3 60
4 95
3 55
2 79
10 47
5 75
2 69
4 95
7 44
9 60
9 8
9 30
9 37
9 38
6 29
8 75
3 83
7 87
1 97
1 60
2 1
7 81
3 92
2 67
10 40
8 86
8 92
10 41
6 94
7 29
3 92
9 67
6 68
7 36
8 23
1 51
2 93
4 29
3 32
10 37
8 71
5 79
1 10
2 47
6 47
8 49
7 71
3 67
4 59
5 3
6 14
4 33
9 41
9 13
4 50
6 88
7 70
1 77
10 86
10 24
5 81
1 53
8 28
10 66
2 83
5 16
3 40
8 53
2 6
5 32
4 5
4 16
6 92
7 42
1 64
6 94
5 99
2 55
2 77
4 32
4 85
10 95
8 43
5 4
3 55
3 33
5 37
4 62
6 82
10 88
7 52
5 8
2 47
10 53
6 25
3 46
8 76
4 67
1 34
1 100
3 2
8 93
6 30
10 17
5 48
9 37
3 3
7 75
3 90
1 44
9 64
7 100
6 9
6 50
9 85
5 100
5 23
9 21
10 72
10 65
1 2
3 86
7 3
2 69
9 59
5 13
7 19
2 60
4 60
10 35
9 52
7 73
1 8
9 27
9 99
6 51
7 91
1 59
9 58
3 38
2 60
1 94
2 80
3 73
2 45
2 21
4 79
8 74
3 51
5 48
7 44
7 75
2 96
10 64
4 11
8 25
6 86
5 64
8 77
3 88
9 83
9 86
7 99
2 52
10 72
5 96
9 1
3 64
5 76
6 73
8 70
4 38
3 1
5 55
4 44
2 3
10 99
2 20
7 43
10 70
2 57
4 67
4 100
7 90
10 84
8 73
5 79
9 10
5 80
4 43
7 15
7 30
6 32
8 60
8 58
4 64
4 4
10 1
6 68
3 85
1 64
6 98
1 31
6 84
6 16
9 76
5 37
7 7
1 11
4 46
4 54
5 3
5 89
8 74
7 21
1 22
3 75
5 3
10 28
9 36
5 80
9 57
7 71
8 65
7 8
1 66
7 62
6 98
9 50
6 93
9 8
8 49
9 19
5 39
2 96
2 87
5 57
9 20
3 63
7 57
3 50
4 24
9 67
7 6
9 97
9 12
5 79
2 52
7 5
7 28
9 86
3 92
4 27
7 19
5 46
6 13
3 58
5 100
10 27
2 78
1 2
5 93
6 24
10 74
5 44
6 60
6 70
4 32
6 21
10 60
6 73
5 65
8 36
2 38
8 72
3 74
2 59
8 9
6 1
7 80
7 38
1 20
8 48
5 66
10 80
6 89
4 63
2 15
1 63
8 65
2 1
6 47
3 18
9 33
1 16
5 68
1 63
10 76
10 36
8 95
5 92
6 19
1 100
3 58
6 8
1 95
4 29
7 48
8 87
3 63
8 88
4 62
7 37
7 28
3 3
9 29
2 65
6 30
6 76
8 75
4 7
6 14
6 74
4 70
7 87
1 88
8 38
4 21
2 14
6 56
8 15
6 91
1 30
1 46
4 3
9 92
3 68
1 96
7 8
2 84
1 30
10 44
7 4
5 41
5 47
1 52
7 58
2 82
8 7
7 79
5 54
10 61
3 34
3 51
5 61
4 90
3 32
7 7
9 8
9 30
6 11
9 48
4 27
6 17
8 78
3 69
1 79
5 89
3 77
8 64
6 47
8 97
7 92
1 17
4 84
10 58
3 75
9 99
2 90
10 13
2 13
3 76
7 64
6 72
10 39
3 47
5 24
7 60
4 3
6 9
1 46
1 86
5 23
10 47
2 67
9 84
6 77
2 63
8 88
5 87
9 74
5 96
5 10
8 20
5 76
