4 21
10 62
6 28
6 27
5 65
8 62
1 2
2 20
10 59
5 71
6 91
3 26
10 85
1 36
8 3
6 57
4 46
8 64
10 68
6 63
1 63
4 89
10 95
6 55
8 96
7 35
1 34
8 14
1 14
3 77
6 86
4 71
8 80
10 88
9 19
9 93
4 20
10 57
2 65
9 17
6 32
4 81
5 7
6 99
1 51
2 88
2 63
10 29
2 19
6 72
4 18
5 41
9 98
6 52
2 99
2 77
5 27
9 32
9 53
6 87
1 16
1 33
5 47
3 68
3 51
5 23
1 25
7 3
3 66
9 48
8 57
9 68
9 5
5 68
3 60
8 59
1 72
4 20
6 25
1 12
2 12
3 53
3 79
8 58
5 32
2 92
3 20
2 26
3 82
3 61
3 33
1 86
10 57
8 14
3 41
7 21
10 33
10 66
2 60
2 87
2 60
9 84
10 99
10 94
7 65
1 27
2 84
8 57
6 45
7 90
8 44
10 34
4 8
5 39
5 32
2 21
5 18
6 88
9 99
6 77
6 20
3 95
10 92
9 96
4 34
7 99
5 89
10 100
6 43
10 6
4 92
1 41
8 62
2 69
4 59
5 79
4 29
5 79
2 69
9 2
7 38
3 11
6 21
2 34
9 76
5 69
1 36
1 63
5 92
1 25
9 19
5 11
5 2
4 85
9 80
6 92
4 14
9 66
7 31
6 25
1 21
6 67
10 39
6 70
9 8
9 2
10 52
6 34
10 1
3 56
9 56
9 38
1 94
10 6
8 16
8 65
7 95
7 40
4 17
3 47
9 29
1 79
5 21
9 8
4 27
3 20
6 77
6 76
10 54
7 88
3 55
7 37
10 22
8 72
3 86
1 90
4 57
6 52
4 23
7 32
4 88
9 9
6 44
2 49
2 30
2 97
4 96
4 14
10 47
8 91
6 55
6 74
6 66
10 49
8 29
10 99
5 92
6 80
3 20
8 37
10 34
9 92
2 48
8 12
4 47
7 30
4 16
3 4
8 85
5 71
4 75
10 88
4 99
4 27
9 58
2 62
6 6
2 77
4 82
9 78
10 5
9 71
1 68
3 72
1 38
6 24
8 50
7 53
10 45
4 24
8 5
1 10
4 62
4 32
2 2
7 62
2 16
2 20
10 3
2 85
4 2
9 86
5 81
5 72
3 73
8 22
6 81
5 21
9 1
7 29
7 21
9 17
9 12
7 4
1 54
6 64
10 11
10 96
10 21
4 89
7 77
4 13
9 99
4 13
10 29
7 57
6 43
8 14
6 68
7 95
4 56
4 13
4 77
8 94
5 77
1 61
5 8
3 65
4 46
1 80
10 60
8 74
9 54
4 51
2 38
6 77
7 97
3 95
10 54
6 32
7 37
6 44
5 53
6 22
1 19
1 30
9 83
8 82
1 49
10 44
2 60
7 55
10 2
7 39
6 81
6 74
6 6
8 86
4 65
1 5
5 53
9 92
6 98
9 20
8 69
9 75
3 87
6 39
6 58
9 13
5 2
2 81
2 24
6 66
10 17
6 44
4 21
9 26
1 21
10 24
8 8
10 85
2 95
9 11
7 94
1 56
6 80
3 67
1 89
6 96
4 63
2 73
1 26
9 28
9 64
3 74
9 29
6 57
10 77
3 58
10 89
8 33
9 37
10 66
3 83
9 98
2 12
7 79
10 44
7 1
4 27
6 38
1 25
7 81
2 43
6 44
6 28
3 19
10 11
10 49
10 86
6 42
5 20
5 78
3 96
7 86
5 70
4 17
8 67
5 62
7 13
5 45
7 42
8 88
10 35
6 60
6 97
5 97
4 98
9 98
3 81
9 35
1 41
2 82
2 88
6 12
4 89
7 89
10 11
7 14
2 97
9 43
9 44
10 10
10 20
6 88
4 7
10 95
5 87
10 52
9 91
1 18
1 70
6 85
2 28
3 61
9 29
1 59
5 48
10 94
2 9
2 74
1 95
2 7
2 78
2 37
7 8
4 29
5 92
4 67
3 72
5 34
1 91
10 74
2 36
4 73
3 76
3 98
8 60
10 46
5 48
8 48
6 36
4 33
6 6
1 89
3 83
1 77
9 19
3 82
10 96
8 50
4 35
7 63
3 23
9 77
3 67
3 86
4 58
9 65
9 50
8 10
10 98
2 26
2 29
9 38
9 33
4 67
10 68
7 89
2 43
7 64
1 65
10 53
9 3
8 22
6 86
5 50
4 13
8 96
9 17
9 22
7 27
3 17
2 57
10 4
9 5
6 79
6 95
5 19
10 86
2 31
10 79
8 90
8 10
8 60
2 38
6 50
1 72
8 51
3 40
2 69
9 52
7 25
4 53
6 79
5 44
5 1
6 33
5 68
5 36
9 29
6 26
7 59
5 98
8 39
8 62
4 42
6 68
1 63
3 23
8 77
1 87
6 4
9 16
2 38
7 84
1 72
3 23
6 31
6 93
5 69
7 7
2 5
5 90
8 40
8 37
9 85
2 62
7 52
6 56
5 30
1 40
2 21
10 66
9 48
9 68
5 79
9 87
2 93
6 89
7 29
5 7
7 83
3 78
10 56
10 13
9 2
2 52
3 31
8 92
3 29
6 87
7 79
2 82
5 46
3 82
9 62
2 36
10 31
8 33
10 25
10 83
2 13
8 10
9 80
8 79
1 57
10 67
4 93
1 23
1 32
1 36
2 43
10 82
8 78
9 59
4 54
1 66
2 75
10 97
10 49
9 68
9 35
4 11
4 91
2 4
1 23
10 79
3 87
7 99
3 90
8 75
7 84
2 17
4 89
10 58
7 29
7 19
9 24
4 48
8 50
2 36
7 47
7 20
8 86
6 9
3 1
3 5
5 27
10 34
9 41
1 27
7 70
10 100
3 73
8 61
9 69
7 90
9 45
5 6
9 78
6 22
4 78
6 94
8 91
2 43
4 49
1 28
6 29
7 50
4 71
6 30
10 58
5 31
8 4
10 6
8 5
6 95
6 66
3 49
2 35
4 45
4 20
1 43
6 61
10 87
1 45
6 4
8 50
9 40
7 92
9 39
1 4
7 96
1 43
2 78
7 63
1 9
8 38
1 47
8 95
7 94
6 87
6 82
8 61
6 59
6 69
1 93
6 78
10 53
9 66
1 58
9 57
5 53
8 91
5 97
5 71
1 74
1 1
6 85
1 74
3 57
9 59
4 77
2 40
8 58
7 64
4 28
1 43
5 54
9 3
3 55
7 40
2 60
5 67
1 40
6 58
1 2
9 38
10 98
10 98
10 99
9 20
7 85
1 46
5 88
7 19
7 25
3 47
9 41
7 1
6 35
9 61
5 90
8 87
5 9
4 67
5 12
7 66
9 12
4 81
6 70
6 97
1 38
2 20
3 75
7 76
1 55
4 14
2 56
2 57
7 5
10 12
6 44
2 6
3 74
3 81
6 58
5 95
1 30
6 26
1 79
3 10
9 39
9 26
10 74
10 95
1 82
5 9
8 5
5 100
1 26
10 70
5 3
4 12
6 70
5 6
1 21
1 53
9 52
9 44
7 99
7 11
4 85
4 69
5 9
10 29
4 80
1 51
2 84
7 36
6 53
10 68
1 61
4 92
7 85
5 41
8 90
7 17
8 70
8 5
10 74
9 79
6 33
5 13
3 83
3 99
6 79
4 3
6 7
7 3
8 38
4 21
5 33
2 71
8 15
5 4
7 94
3 88
7 4
7 88
6 6
5 10
10 17
3 20
9 30
6 75
4 52
10 12
7 38
7 10
7 2
9 68
9 90
6 83
8 82
6 31
10 62
9 79
6 22
10 43
3 28
3 78
5 43
3 21
2 38
8 15
5 19
5 47
8 66
4 8
1 38
2 11
10 48
3 4
7 31
3 83
3 4
7 66
5 29
1 69
9 69
5 25
1 57
4 85
7 38
8 15
1 88
7 4
10 66
6 44
1 11
3 81
2 49
10 98
8 4
10 51
2 35
10 36
9 20
4 24
6 6
5 84
10 77
2 1
1 61
5 19
9 51
9 100
9 36
2 54
2 80
10 16
6 32
7 92
5 81
2 49
7 42
9 92
8 16
6 99
5 97
8 33
4 69
9 66
10 58
7 98
1 80
2 80
2 72
8 57
7 99
4 15
9 22
8 94
7 86
5 66
7 49
3 26
10 64
5 92
1 93
9 90
1 40
10 50
7 91
3 4
9 34
4 44
8 49
5 73
5 90
9 45
2 23
5 63
7 37
10 9
3 62
8 22
10 57
3 39
2 53
4 51
3 75
4 65
8 21
6 67
2 32
10 21
5 46
6 83
9 79
5 23
2 45
8 59
6 14
8 39
10 81
1 32
1 54
8 82
10 96
6 11
7 97
10 85
8 1
2 33
6 91
6 27
3 66
9 20
5 39
7 30
4 97
2 78
3 89
2 14
7 96
9 14
2 36
1 10
4 66
2 99
2 83
10 12
2 16
9 100
5 29
5 7
