8 76
5 16
2 4
3 94
8 83
10 34
8 28
1 50
5 28
2 53
6 40
1 53
10 100
2 43
7 53
9 41
6 54
8 80
3 77
9 24
9 81
3 10
5 3
3 21
2 6
6 100
6 56
10 71
6 68
6 1
3 94
6 99
10 58
8 8
2 69
2 8
4 25
7 62
4 59
5 22
2 16
7 17
2 61
10 58
4 96
4 97
7 17
8 13
10 42
1 94
3 88
2 10
7 46
2 55
7 39
4 79
4 72
5 94
3 96
3 36
8 93
3 55
7 16
3 37
1 56
3 84
7 19
7 53
7 10
4 68
4 44
1 82
6 63
2 25
7 4
1 22
5 41
7 87
10 16
9 88
1 98
10 73
10 81
8 99
9 32
10 44
3 41
4 87
3 17
3 73
4 81
7 31
2 89
4 86
3 43
4 89
4 89
5 53
5 39
2 57
8 99
3 78
8 43
5 59
2 79
4 71
2 36
2 36
4 93
7 10
2 64
3 70
7 81
7 12
8 96
5 14
2 100
3 63
5 13
1 14
4 50
1 25
3 40
7 77
2 1
8 61
9 24
8 19
4 62
4 95
3 84
2 16
4 64
2 100
2 100
9 72
10 49
5 29
1 50
3 81
5 36
1 18
6 58
6 66
8 88
8 53
2 44
4 91
7 97
9 70
10 74
5 88
2 79
1 61
4 5
10 81
10 76
1 65
10 3
8 13
4 30
8 1
4 47
9 77
8 44
4 99
1 70
10 19
5 48
10 27
6 26
8 49
7 67
3 99
9 18
8 81
7 14
4 45
7 58
9 60
9 41
2 61
8 65
5 88
1 31
5 78
5 11
3 24
10 43
3 66
10 83
1 17
6 63
6 72
6 40
3 44
4 28
3 99
7 13
2 57
7 22
6 94
2 87
6 63
4 34
5 7
9 35
5 66
8 32
5 95
7 50
10 94
6 33
7 5
9 70
3 91
6 55
5 32
10 79
10 82
9 74
9 83
9 25
2 56
9 26
4 40
10 31
6 74
6 91
5 48
6 79
9 73
1 88
8 74
7 5
6 48
2 41
10 73
10 37
6 90
3 70
3 53
4 83
6 24
9 84
1 30
8 40
9 25
4 59
9 74
8 61
8 6
5 16
5 77
8 72
3 1
10 26
10 40
3 99
10 51
10 43
6 33
9 82
1 20
6 45
3 31
3 70
6 23
9 11
4 15
5 74
5 24
4 71
6 27
4 10
2 24
7 39
1 84
7 40
10 97
10 90
2 4
8 76
3 17
4 58
7 32
1 82
3 21
4 69
2 61
3 56
4 15
6 1
10 22
10 18
3 25
3 38
2 88
6 12
4 29
9 76
9 18
6 44
4 30
1 48
6 10
1 18
4 27
2 26
1 94
2 57
10 24
9 1
4 88
1 37
6 54
5 67
7 23
2 76
9 11
8 68
2 91
6 15
4 65
10 56
10 17
3 100
7 58
10 11
3 25
8 64
7 22
5 10
5 66
3 55
8 18
7 12
5 54
6 36
2 4
5 8
10 4
7 60
1 26
5 3
3 16
9 15
1 94
8 36
3 35
3 41
5 24
9 46
9 29
9 96
10 54
9 66
10 4
10 16
5 44
9 19
4 80
10 1
3 10
5 83
5 2
10 89
8 16
8 12
8 19
5 64
2 5
3 66
2 67
6 37
5 38
10 5
9 8
1 36
6 33
5 97
2 99
10 7
2 32
7 100
1 32
10 11
5 73
7 59
4 83
3 78
9 74
8 83
8 14
2 20
6 68
5 31
5 39
1 75
6 97
4 80
1 92
4 53
7 99
2 19
8 95
1 87
8 89
4 91
7 62
9 25
1 70
8 37
10 80
2 74
3 75
6 85
8 83
1 47
3 19
8 49
9 8
5 57
3 38
9 18
9 6
10 72
10 12
1 43
7 36
9 32
8 73
4 96
10 1
7 56
6 100
2 72
2 28
5 71
8 18
2 36
1 4
2 77
10 70
3 49
1 90
3 72
2 88
1 15
3 59
1 85
10 52
1 2
7 80
2 9
2 5
10 1
1 30
3 98
7 88
4 39
5 38
2 22
6 7
10 63
2 100
8 33
5 40
4 81
10 17
4 36
2 86
6 61
9 74
6 26
8 77
7 61
8 56
9 43
1 95
6 55
2 96
10 48
4 43
2 34
2 58
4 40
6 94
10 92
4 27
9 94
4 5
10 35
1 81
6 58
9 72
8 93
5 19
10 27
4 99
10 13
4 63
10 87
9 81
1 74
4 13
7 32
5 42
10 64
5 11
8 95
3 58
1 48
5 5
6 97
1 97
9 62
2 36
6 100
1 10
10 14
2 12
10 28
5 66
3 50
6 48
10 39
4 36
2 56
9 70
7 99
4 16
10 85
10 21
10 92
4 82
10 42
2 13
7 88
5 70
10 71
1 27
6 53
8 75
10 48
10 31
1 4
4 93
2 66
9 27
8 13
4 8
7 56
8 66
5 19
6 25
10 96
4 4
6 90
5 6
8 97
2 26
9 76
3 100
3 57
9 76
6 75
1 2
1 62
5 73
8 82
10 60
2 66
1 83
4 89
4 74
1 8
7 93
7 28
5 12
10 13
2 62
8 24
7 98
7 30
4 69
9 87
10 79
3 71
2 84
10 7
10 35
6 7
9 95
7 59
7 54
9 40
5 12
10 91
9 32
3 13
5 34
5 66
5 45
10 88
6 28
1 91
6 84
7 87
1 4
9 54
2 10
5 100
9 54
8 85
10 73
3 87
10 64
10 57
7 67
6 49
4 89
10 25
4 34
1 8
4 29
5 48
4 63
10 19
8 60
8 100
6 45
7 96
8 60
10 99
4 97
8 61
4 21
5 22
6 97
5 26
8 52
9 53
10 82
1 55
8 67
4 68
9 8
3 64
5 76
5 73
1 74
7 62
1 7
7 49
9 8
8 61
1 23
5 70
1 99
8 77
2 49
1 75
7 77
8 11
9 42
1 49
1 35
2 91
5 75
1 26
8 20
8 69
6 89
5 90
9 89
9 97
4 4
6 44
4 53
4 13
1 41
9 91
2 64
8 23
4 89
1 38
1 49
10 17
9 45
7 90
2 81
3 3
10 83
7 36
8 48
5 77
2 9
4 6
9 72
4 32
1 62
2 45
2 55
2 11
6 78
10 13
7 15
6 67
9 6
9 69
8 5
10 29
2 46
4 14
1 4
3 20
4 84
8 61
10 93
1 5
9 65
4 7
7 2
6 37
8 57
8 83
7 69
8 23
9 100
4 52
6 32
7 56
6 33
4 100
2 31
2 53
2 19
10 33
10 11
10 65
5 64
10 33
1 75
1 56
10 48
3 3
2 71
3 65
7 96
8 62
2 78
6 9
1 5
10 87
9 66
1 2
6 64
3 19
4 48
4 49
8 12
3 55
6 82
8 41
9 9
5 50
3 62
2 26
6 25
2 87
6 22
1 50
4 43
7 18
5 44
5 84
10 78
7 45
1 9
9 21
3 88
5 32
2 91
1 20
9 49
5 87
1 44
6 23
8 35
7 49
7 6
4 78
3 37
7 20
1 75
2 61
6 62
4 33
3 52
6 63
4 8
1 47
4 72
5 7
1 15
5 72
9 52
10 87
4 33
3 89
8 97
10 24
4 29
2 56
3 98
9 3
1 67
10 18
7 33
8 88
4 19
10 80
9 71
6 99
7 87
7 99
1 94
5 8
3 91
3 2
4 73
1 52
8 36
10 56
10 100
9 71
6 11
1 52
9 70
1 33
6 17
10 35
9 96
8 28
8 59
5 10
2 8
8 65
10 40
2 38
3 32
7 40
9 60
2 41
4 15
8 95
3 57
2 64
3 80
4 63
5 77
4 48
7 44
7 32
3 96
3 11
10 23
4 19
5 80
2 18
7 75
2 60
2 45
2 38
9 37
6 55
3 13
8 77
5 85
10 100
3 23
5 88
1 82
1 8
9 81
9 12
2 17
6 55
3 23
6 50
3 61
3 78
4 75
8 4
4 94
2 72
1 29
6 27
7 60
10 15
4 18
3 46
10 90
5 9
10 14
4 91
4 85
2 21
10 64
2 74
9 32
7 33
4 86
10 67
6 19
6 39
9 3
6 20
1 82
8 79
4 38
9 10
9 32
10 20
4 10
5 94
3 62
1 96
6 62
3 42
9 52
1 82
5 40
2 47
3 40
10 67
1 36
3 42
9 60
5 7
3 71
3 44
6 81
5 31
1 2
6 40
1 82
8 87
5 45
4 38
10 81
10 70
7 98
3 15
8 70
4 94
5 26
2 17
2 81
5 23
1 68
8 5
10 18
2 21
1 47
2 17
6 13
6 32
7 30
7 94
10 73
9 57
6 51
5 57
1 58
9 36
9 26
1 86
2 44
6 73
3 77
9 61
7 39
5 13
8 11
9 42
3 51
7 8
1 66
4 66
7 55
2 34
6 31
8 63
6 8
5 55
8 78
2 18
6 36
