10 25
10 53
7 46
4 95
9 63
9 26
10 76
4 58
5 79
7 46
7 97
6 75
5 54
7 97
6 68
1 32
9 15
9 3
9 43
3 14
8 60
3 35
9 79
3 5
2 15
6 44
4 43
1 36
1 94
4 80
10 49
8 54
7 61
2 23
3 2
7 26
6 52
5 30
9 53
1 24
4 47
9 10
8 80
2 90
6 44
1 56
7 64
3 40
8 37
8 23
1 79
1 69
3 4
8 11
4 17
1 20
6 92
7 58
4 77
6 55
6 91
9 35
3 14
6 87
3 96
3 57
10 65
6 15
4 68
1 26
10 59
8 13
10 66
6 78
4 57
9 41
9 81
3 87
4 65
1 22
6 86
7 88
6 44
6 1
7 80
3 84
7 24
5 26
8 57
2 17
3 13
5 48
6 28
1 59
8 77
3 43
2 47
10 60
6 53
10 3
7 80
9 39
7 91
5 92
3 61
1 19
3 64
9 9
9 81
7 67
5 73
5 67
2 83
3 2
2 39
9 25
6 59
4 45
2 37
5 6
7 10
6 21
6 98
6 8
2 20
3 95
3 13
8 17
1 17
1 64
10 39
9 82
7 19
9 41
10 33
5 50
6 52
6 89
10 100
6 61
6 21
6 88
2 14
10 78
6 95
4 72
6 83
6 67
5 98
4 43
9 79
1 26
3 46
1 17
8 89
7 75
5 68
1 76
8 3
5 30
8 24
4 32
10 46
3 35
3 34
6 67
1 20
6 50
2 86
7 80
3 29
8 67
2 49
6 93
9 56
2 92
2 91
9 62
4 2
4 20
10 21
6 21
10 59
2 67
8 38
1 22
8 97
6 8
3 64
1 54
2 34
2 69
5 38
6 37
6 79
4 99
8 60
5 70
10 77
10 65
7 88
10 79
8 81
9 72
3 85
2 47
3 65
8 41
4 3
4 85
6 81
10 15
3 67
7 64
4 29
5 56
9 62
4 67
7 67
2 68
4 43
8 28
7 83
2 100
6 23
5 31
10 97
10 94
6 51
8 1
4 39
7 23
1 29
7 99
7 89
10 87
3 48
2 33
4 3
2 93
4 2
5 61
6 83
1 89
7 61
2 100
5 56
9 75
9 37
4 45
10 91
7 11
9 78
6 95
3 2
9 16
6 96
3 49
9 17
5 51
8 12
7 49
7 71
9 63
7 98
7 99
7 56
2 89
3 78
9 5
4 42
8 95
5 97
10 2
3 10
9 42
4 71
6 24
3 53
9 8
10 88
6 36
1 8
1 96
6 57
5 14
2 58
3 80
1 53
8 64
3 59
4 63
9 14
7 38
5 77
4 98
7 83
10 92
4 20
6 41
5 97
4 12
6 7
8 79
7 80
9 43
5 58
2 25
10 8
1 85
9 79
7 85
4 58
10 23
9 7
5 8
5 31
3 82
2 8
2 5
3 49
1 47
8 23
1 46
7 7
8 99
1 20
1 52
1 79
2 97
4 2
6 52
5 47
4 61
8 2
2 94
10 42
7 93
4 56
4 23
1 17
6 79
6 96
10 92
5 96
6 99
5 92
7 31
2 41
4 11
10 68
4 66
3 1
4 63
10 24
6 7
2 44
10 41
9 25
4 48
2 47
5 72
5 85
3 86
4 32
7 38
8 82
9 80
5 60
8 51
1 84
9 67
3 90
6 1
2 85
1 5
4 46
7 99
8 62
3 56
2 30
9 84
4 93
2 53
2 85
5 4
1 74
8 87
5 36
7 95
9 68
9 67
4 90
7 86
9 38
5 95
6 74
9 75
4 60
7 65
4 73
4 82
8 46
10 94
5 38
2 24
3 37
4 17
4 51
7 41
4 2
9 75
3 47
8 66
10 84
8 63
10 20
6 45
6 6
9 57
6 44
5 58
5 100
3 16
5 89
9 74
9 89
7 46
3 90
10 10
2 40
6 28
1 98
1 45
3 13
1 32
5 78
8 27
9 94
4 92
5 32
8 30
6 32
9 62
5 84
5 73
5 48
6 75
9 99
5 75
1 76
9 22
3 51
7 18
8 70
6 9
1 52
8 94
5 49
3 83
3 19
6 25
10 9
6 18
8 39
10 6
8 65
6 84
2 81
5 47
7 8
2 78
1 53
6 69
9 83
4 47
2 48
9 64
9 18
5 63
5 81
7 66
10 60
10 50
6 94
10 70
6 17
8 55
6 83
7 99
8 71
4 40
10 67
4 76
1 48
10 86
1 15
3 95
1 16
4 43
6 36
10 28
8 69
2 78
7 81
3 48
7 15
4 14
4 36
2 36
2 98
7 60
1 55
2 17
4 85
10 8
4 53
1 11
1 71
9 73
7 45
8 24
10 99
5 55
1 19
6 68
3 89
6 37
1 3
8 76
2 28
3 97
6 11
1 97
2 23
4 36
9 77
4 67
5 70
9 13
8 23
10 33
2 3
6 81
2 13
2 25
5 96
6 5
1 56
8 45
7 61
4 53
4 6
8 30
7 52
7 72
8 6
8 93
4 59
8 35
6 90
6 46
6 5
7 17
5 9
1 95
1 34
7 46
7 80
5 16
6 62
10 69
6 67
1 26
1 22
6 16
10 27
4 33
5 72
5 56
9 42
8 91
6 10
5 87
7 91
7 65
9 3
4 88
7 85
4 46
5 10
9 71
4 86
5 77
4 44
6 96
2 47
1 26
2 83
9 1
1 27
8 5
4 7
1 25
3 65
3 95
8 51
1 81
9 4
10 78
10 6
10 7
7 99
5 62
7 4
10 16
4 36
2 36
4 23
6 63
1 92
2 80
4 84
1 6
8 4
9 28
9 49
4 97
10 28
9 61
1 42
4 80
5 46
6 34
5 91
8 27
5 88
1 30
1 65
4 37
2 88
8 32
4 2
3 63
3 5
5 54
10 55
9 84
8 21
1 96
7 1
5 49
2 90
1 47
3 71
2 7
2 7
4 80
9 52
9 33
5 61
7 61
2 11
7 21
4 24
5 96
4 16
3 44
6 66
2 37
6 33
1 68
3 88
4 50
6 79
7 43
1 22
1 2
7 72
8 7
1 45
1 84
4 57
1 77
6 100
5 30
2 99
6 63
4 93
2 9
9 52
6 32
5 98
2 9
10 53
10 81
6 58
7 55
1 6
4 23
8 35
1 68
10 66
10 58
4 60
8 49
10 46
4 85
3 70
7 35
9 19
8 100
3 97
7 45
3 30
2 11
7 21
5 58
10 26
3 54
4 35
1 2
9 70
6 89
2 26
2 54
3 64
7 99
7 56
2 50
4 18
4 81
5 65
2 9
7 49
10 14
5 100
7 80
6 79
10 77
5 66
3 64
2 28
1 24
1 92
8 43
8 29
9 9
7 90
9 15
5 34
9 84
4 84
6 56
6 9
4 13
5 42
9 76
5 42
10 12
4 13
2 34
8 24
5 50
2 66
6 13
7 74
7 64
9 11
9 33
1 61
4 85
4 50
6 62
2 78
4 42
9 71
6 49
3 90
5 1
3 75
1 24
1 59
3 28
3 81
4 62
10 30
4 48
5 58
10 94
8 8
1 96
3 26
8 95
1 51
5 77
9 46
3 83
10 92
3 46
10 14
9 37
1 52
10 99
10 46
5 73
8 78
9 83
7 22
5 40
5 92
3 71
9 3
1 94
1 22
7 94
3 45
2 42
2 92
9 53
10 53
7 13
10 77
1 70
2 10
8 88
5 36
5 3
6 2
3 29
8 72
10 38
10 96
3 75
4 98
10 99
3 81
2 20
5 87
5 30
7 84
3 56
6 8
7 68
7 43
1 60
7 11
7 88
2 97
8 89
9 49
8 89
10 12
2 61
6 35
2 99
7 87
2 70
8 43
5 35
9 34
3 64
10 26
5 72
8 42
8 77
2 13
9 82
5 11
5 84
1 2
5 53
1 10
8 76
4 37
2 16
9 51
10 71
5 93
8 51
9 33
3 50
6 62
7 23
2 39
3 45
6 91
8 79
7 10
3 5
4 39
9 3
6 77
3 47
8 45
8 37
1 55
5 4
9 81
6 36
8 22
8 100
3 14
8 26
4 43
4 93
2 24
8 83
6 74
2 55
3 33
2 58
2 65
5 27
9 86
1 4
4 29
2 34
10 84
4 61
8 94
9 36
2 85
9 4
4 84
9 47
10 98
9 21
5 25
3 3
6 4
9 44
3 20
8 97
10 69
6 85
10 57
10 74
2 77
6 28
8 21
3 11
9 23
9 75
1 80
3 36
6 43
9 84
10 58
6 75
10 99
10 14
8 17
2 4
8 92
7 85
6 83
5 16
1 48
10 84
2 62
6 91
7 28
1 47
1 57
4 19
6 96
3 19
1 41
8 60
10 51
6 51
5 51
5 76
5 22
4 27
6 94
3 46
1 30
1 54
8 28
1 53
3 12
8 29
9 3
4 92
2 42
8 60
5 33
9 73
3 16
1 25
10 38
7 67
7 17
1 9
8 62
2 53
8 6
7 52
