7 54
10 19
9 36
6 28
2 98
2 16
3 14
5 36
5 7
9 37
4 32
4 27
5 50
10 8
8 81
1 14
5 39
4 29
6 53
3 62
2 74
4 41
6 14
6 59
4 88
6 57
6 12
8 25
3 73
3 59
7 6
1 67
6 41
5 85
9 45
10 89
3 41
4 67
9 78
9 80
5 44
6 79
8 70
1 55
6 92
5 84
5 42
8 4
1 28
7 98
1 9
5 7
8 61
9 57
10 3
10 31
9 31
3 43
9 37
3 68
3 2
2 36
7 21
7 79
3 7
10 61
6 4
4 93
2 79
10 75
2 100
6 98
1 44
2 87
5 73
6 73
8 57
4 38
9 34
3 66
5 48
5 55
5 98
5 82
4 15
6 9
4 33
8 19
4 37
4 76
9 47
1 26
10 59
9 1
3 89
2 10
9 41
6 97
2 76
10 60
9 73
5 80
6 67
4 54
4 8
8 47
8 94
7 26
9 37
2 91
9 55
6 90
2 40
5 93
9 78
2 83
3 48
7 78
2 98
1 97
7 3
10 11
10 19
10 66
2 60
8 88
3 39
5 47
10 3
4 49
6 87
2 9
8 58
5 89
4 41
8 77
2 24
4 28
8 5
5 38
8 2
10 86
5 93
9 21
6 3
3 20
9 55
6 44
3 62
1 100
8 20
3 81
5 12
2 2
7 76
9 53
10 8
9 2
9 26
8 96
1 20
8 86
8 71
4 17
10 95
1 87
5 43
2 99
4 83
6 77
7 17
2 52
1 90
6 77
2 78
1 71
8 42
1 4
1 66
10 11
3 66
4 50
2 35
8 88
7 41
3 57
6 83
8 91
10 88
9 58
7 35
2 26
3 69
1 76
4 72
4 27
6 60
2 10
7 24
10 32
2 82
9 95
4 91
4 53
10 93
4 5
2 51
8 11
9 57
1 28
7 58
6 1
6 75
1 9
9 41
2 94
10 34
5 33
9 84
1 7
6 11
8 66
8 26
2 40
9 42
6 18
2 15
9 48
7 16
2 29
7 82
1 27
5 100
7 21
8 26
1 29
1 20
2 17
10 79
10 53
8 16
5 24
9 36
2 17
3 87
6 65
9 40
10 26
3 66
5 94
4 78
5 14
3 22
6 95
8 18
9 40
9 58
9 57
10 80
1 80
7 40
3 5
10 58
1 92
9 22
6 68
3 47
4 67
7 95
4 14
1 80
1 67
1 70
4 50
5 27
6 68
10 99
7 61
8 68
4 17
6 46
7 96
8 34
8 20
3 77
5 96
1 16
4 74
1 54
9 37
3 90
6 90
9 59
1 37
3 27
8 65
8 100
2 36
6 70
5 40
8 66
9 88
4 55
8 87
4 47
6 88
8 45
10 13
7 30
6 22
7 66
10 99
6 57
3 10
9 36
8 56
2 79
8 78
10 8
7 28
9 57
3 89
7 74
7 67
5 51
2 6
9 62
4 4
10 50
9 29
10 11
6 28
6 12
9 2
9 7
5 1
5 100
7 98
8 35
3 10
10 45
1 67
5 82
5 79
8 37
10 89
9 83
3 79
2 25
5 60
6 73
3 36
1 24
10 18
8 28
2 14
5 5
4 44
6 58
4 45
5 35
4 34
8 25
5 82
6 85
8 61
3 33
8 91
8 17
9 5
5 12
7 24
5 60
3 81
8 71
3 86
8 95
10 68
5 52
3 60
9 14
2 28
6 4
3 14
5 23
7 8
1 43
9 84
6 12
10 86
1 21
8 10
6 79
3 15
10 52
4 19
2 95
8 44
5 29
10 34
10 2
1 21
10 26
10 18
9 90
6 84
3 10
10 96
10 6
7 100
3 66
1 64
2 23
4 47
7 88
9 39
2 97
8 34
8 96
8 49
2 38
4 37
1 60
2 88
9 99
2 82
10 18
2 6
6 60
7 17
8 50
8 33
1 2
1 42
9 86
4 74
6 28
2 79
5 87
2 56
8 64
8 81
1 98
3 23
5 48
3 12
10 6
6 51
6 31
2 97
1 6
1 60
9 79
10 93
8 62
8 78
6 19
2 37
6 8
9 36
4 80
8 93
9 93
2 34
3 22
3 67
8 91
4 5
8 73
1 11
8 85
9 2
8 45
1 62
9 4
9 81
7 92
5 21
7 90
3 14
5 29
2 56
6 3
1 30
10 37
5 73
5 97
6 86
1 39
7 76
6 45
7 41
8 68
1 7
3 25
7 74
5 21
7 13
7 26
6 66
2 26
2 80
10 41
7 92
4 43
10 52
3 47
6 40
8 32
10 3
3 39
6 95
2 66
6 44
5 48
6 83
5 26
5 26
7 74
7 41
1 26
9 24
8 91
9 80
8 36
8 57
4 3
10 92
9 96
9 47
9 30
8 26
10 43
3 69
1 19
9 48
7 44
1 54
1 24
1 39
7 44
10 29
5 62
3 94
1 39
7 17
6 32
8 62
10 26
10 32
3 24
7 26
4 45
4 41
5 43
7 34
1 4
6 3
8 23
3 41
3 23
10 90
10 60
6 12
8 67
2 39
7 26
10 22
5 48
2 45
2 47
6 24
5 31
6 44
10 66
7 97
8 79
6 50
10 77
2 92
7 86
2 34
8 76
4 70
10 91
1 91
3 16
1 26
6 63
5 90
4 4
10 17
3 93
4 77
6 32
6 14
2 99
10 85
7 70
7 68
2 24
2 25
2 43
3 92
1 30
4 15
8 69
2 85
5 48
4 16
8 3
8 69
4 22
9 20
2 69
9 88
1 37
2 81
2 59
8 82
8 57
7 62
10 31
1 11
1 39
2 22
2 14
5 29
6 99
10 52
3 13
10 12
3 36
3 33
9 77
2 47
8 69
4 92
10 64
8 21
5 67
2 38
9 56
4 52
5 61
10 76
10 97
6 66
1 42
7 43
3 68
3 19
5 28
8 11
4 44
4 4
1 4
8 54
9 89
9 16
3 38
10 16
5 25
10 66
4 44
7 78
4 68
6 12
2 87
5 20
10 66
2 67
2 35
8 22
3 97
2 21
1 20
5 40
7 45
1 65
3 24
4 51
6 22
10 4
4 14
1 28
2 22
8 95
2 78
3 24
1 25
3 57
3 29
6 24
3 34
5 79
3 43
6 16
9 33
10 15
5 28
3 86
7 45
2 48
8 81
7 61
3 13
6 94
2 59
8 32
3 76
2 88
7 89
7 82
3 22
3 51
7 71
2 10
8 94
5 77
1 46
4 2
5 16
1 77
6 99
6 1
6 54
4 59
2 89
9 54
2 84
10 78
5 82
2 48
1 85
2 7
7 20
4 94
6 74
9 13
8 97
4 37
9 24
7 5
4 85
9 7
2 60
2 44
5 4
3 44
3 87
9 78
3 63
8 57
6 68
9 47
1 41
3 66
10 47
7 1
1 76
10 65
2 45
8 15
1 99
10 7
10 16
2 37
1 66
5 51
10 69
3 86
4 87
5 55
4 6
7 89
6 61
4 20
7 19
4 89
2 49
10 99
7 23
6 69
10 59
1 84
10 73
7 16
6 63
10 68
9 89
6 94
3 22
5 16
1 18
7 58
2 7
7 14
6 88
2 58
7 68
9 24
2 93
10 51
6 5
7 62
5 53
2 83
3 33
6 62
7 24
6 40
10 90
5 63
10 39
10 35
7 42
7 64
7 20
7 95
3 20
3 15
1 1
3 74
4 71
7 97
8 86
9 80
10 12
5 22
9 17
1 25
5 6
7 91
5 3
9 34
10 50
8 33
5 86
10 44
7 16
10 76
4 74
6 69
1 70
7 27
1 62
2 4
9 90
4 60
3 89
10 65
10 89
6 95
10 91
2 44
4 20
8 77
4 55
10 41
7 28
7 62
2 48
1 31
1 83
6 9
9 87
10 39
6 63
6 29
4 80
4 95
2 87
4 99
10 58
4 49
9 21
10 96
8 46
9 35
6 16
2 46
2 40
2 78
3 66
2 79
9 14
6 61
4 29
8 67
6 62
5 89
6 47
2 12
1 25
6 96
2 19
9 65
8 80
1 95
5 47
10 45
5 5
2 90
7 22
6 99
2 60
5 72
5 5
1 85
9 31
2 29
1 47
5 39
1 28
1 98
9 22
5 63
4 27
1 33
6 29
7 93
6 63
8 23
3 66
1 13
6 20
7 87
6 100
4 97
5 75
4 54
3 11
2 22
5 70
8 86
4 36
8 79
2 15
7 5
3 20
6 75
10 98
9 2
3 49
2 54
6 25
9 80
8 26
1 53
10 38
9 19
6 61
7 83
10 61
1 32
4 17
6 60
9 84
2 77
3 4
8 14
10 59
9 23
6 67
8 19
10 98
5 98
7 58
2 60
6 72
2 53
7 66
4 18
2 7
9 1
6 91
10 1
9 57
1 68
8 73
10 71
7 82
2 20
2 53
8 27
2 12
4 79
9 15
2 83
7 53
5 57
2 79
9 99
3 41
3 35
3 94
1 2
1 31
6 84
