4 65
4 71
5 15
1 50
1 53
3 5
7 97
10 71
7 95
8 75
9 64
1 55
10 54
5 62
6 29
9 5
5 60
2 85
2 9
10 29
4 76
3 72
8 66
4 39
1 43
2 57
1 85
10 59
8 16
9 63
2 100
2 76
7 90
2 5
4 92
10 88
9 63
4 37
7 58
10 100
2 12
6 3
6 50
1 69
6 93
9 93
1 8
9 3
8 7
7 54
6 24
10 78
9 97
5 100
2 11
3 37
8 82
9 32
3 47
9 100
3 39
10 79
10 49
4 16
10 59
5 4
10 77
1 88
4 88
10 10
4 55
9 31
6 89
1 92
1 38
8 86
6 95
5 53
7 21
7 43
6 22
2 55
1 4
1 93
9 23
1 17
2 10
1 25
3 13
8 15
10 2
4 24
10 89
10 63
3 63
1 98
10 27
10 75
3 45
5 74
3 85
1 67
10 35
6 76
9 29
5 6
9 20
3 29
7 17
9 69
9 52
9 67
5 16
8 49
5 11
5 83
5 15
9 43
6 10
10 44
6 55
1 99
4 46
10 99
7 27
2 67
7 94
10 46
4 43
5 43
4 50
3 47
9 98
7 53
4 12
6 72
1 85
4 12
9 84
8 59
5 3
10 66
9 9
10 33
4 58
5 51
6 82
7 23
1 16
1 73
8 4
8 93
3 4
4 4
4 89
2 16
7 8
4 77
1 19
9 93
6 39
4 32
10 28
7 7
6 38
10 63
10 86
6 91
3 21
1 75
7 25
9 39
1 92
10 52
3 35
6 65
3 55
1 26
5 4
7 30
5 56
6 8
2 15
5 22
5 78
4 45
4 4
9 100
2 49
4 39
10 30
4 35
10 66
4 81
1 5
4 5
5 6
1 83
6 10
6 5
8 52
6 94
3 19
8 34
2 37
3 50
7 34
7 16
10 68
5 54
6 3
2 24
3 100
4 27
4 100
1 16
10 95
7 59
4 78
8 78
2 50
6 77
10 99
9 40
6 21
10 59
2 55
2 62
10 90
4 10
3 4
3 61
9 98
3 18
1 56
8 56
5 45
9 69
2 27
6 78
7 69
1 50
1 96
1 88
1 87
5 39
9 95
9 78
4 43
1 49
8 25
1 11
8 94
6 81
8 53
8 87
2 96
2 98
6 50
9 82
8 13
5 27
3 4
3 39
5 53
3 67
3 38
8 76
9 13
7 56
10 98
5 26
8 69
5 11
2 46
9 59
7 54
1 40
1 47
6 86
6 91
3 84
4 26
1 39
8 30
9 100
9 8
10 93
8 82
5 37
5 87
2 92
7 12
5 48
4 9
4 45
10 87
3 64
3 85
2 3
6 37
3 33
5 59
1 5
10 65
5 4
8 54
8 1
10 93
2 81
10 41
6 89
2 75
5 72
10 52
5 37
2 14
1 65
6 74
3 29
9 3
2 73
8 54
9 37
5 46
5 61
5 3
9 81
9 60
1 38
6 18
8 24
7 40
7 37
1 37
1 3
7 33
3 94
3 80
6 33
6 47
4 3
2 48
2 54
2 31
5 72
7 88
7 90
8 49
10 54
10 5
3 20
10 37
9 41
8 2
2 45
2 68
9 48
9 76
10 79
8 58
7 77
4 33
9 1
7 95
10 83
6 17
10 55
7 56
2 1
5 3
7 68
5 9
8 38
5 38
2 26
4 18
9 57
6 34
10 17
10 16
1 24
3 89
3 89
8 70
7 86
8 68
6 43
10 50
4 58
10 14
9 97
2 51
1 4
9 58
5 83
10 26
6 17
7 90
6 90
7 39
4 8
3 32
1 73
8 26
7 5
10 40
2 60
9 68
9 50
1 41
5 23
6 86
8 22
8 19
9 34
1 54
1 12
9 24
2 52
4 23
7 54
7 5
9 16
5 79
10 60
2 52
4 97
7 64
1 7
10 81
9 76
1 9
3 88
2 78
9 34
9 80
2 89
4 41
4 97
1 39
2 96
3 2
1 52
7 16
7 89
6 55
9 88
4 27
2 86
3 37
8 23
2 36
4 54
1 99
4 15
7 35
5 56
7 87
2 61
3 66
7 87
8 70
9 68
1 63
3 97
6 6
3 72
2 16
5 73
5 63
1 25
8 33
2 43
10 48
7 7
1 98
2 33
7 73
1 26
3 50
4 57
5 32
9 61
2 21
6 3
4 89
2 100
8 11
4 21
8 81
4 60
4 99
2 47
7 40
8 43
7 37
3 10
5 64
3 62
7 49
5 34
2 39
8 28
10 74
3 79
6 80
7 89
10 71
5 13
8 100
5 58
5 2
5 89
2 29
10 86
2 73
8 96
4 98
9 44
2 18
3 87
1 92
10 41
2 36
6 67
3 32
9 76
9 78
1 52
9 11
6 58
4 13
9 100
8 24
8 69
7 59
4 83
5 30
6 30
5 8
3 98
10 44
10 49
4 89
1 53
2 35
1 21
1 40
9 74
7 84
9 2
4 53
1 17
7 76
4 49
10 13
2 44
6 61
8 36
10 43
5 59
7 44
6 28
8 48
3 66
3 31
10 32
2 64
9 99
8 65
1 57
10 36
8 19
9 99
10 90
9 16
10 90
10 3
5 99
7 36
1 13
1 4
2 67
6 92
4 4
4 74
1 67
6 49
1 74
2 100
1 3
3 48
8 74
10 27
1 29
7 28
2 85
1 75
6 59
1 1
10 13
8 38
4 19
1 61
10 41
9 51
7 46
3 70
2 67
9 96
7 11
4 43
10 52
5 85
7 59
10 86
8 28
2 26
2 9
4 25
8 16
10 65
8 76
7 76
10 90
8 43
3 97
7 54
3 13
3 37
3 68
3 9
3 78
2 97
4 100
2 4
2 12
3 100
8 56
3 20
10 21
4 75
2 87
9 54
6 60
7 24
2 13
6 24
7 80
9 87
3 36
9 37
9 11
4 28
7 20
6 71
3 70
7 69
8 48
7 33
6 57
3 81
8 27
6 52
6 45
3 21
10 35
4 8
2 43
1 55
7 94
5 78
4 48
5 44
4 24
10 8
3 32
1 85
3 42
3 66
10 1
1 27
4 91
5 96
7 3
4 36
7 2
9 11
3 71
10 32
10 53
7 79
1 58
5 35
1 45
3 64
8 4
5 15
1 5
9 3
6 87
3 80
6 49
5 7
4 59
6 98
9 45
3 46
1 86
7 11
5 49
7 63
1 66
9 99
3 72
8 3
10 39
8 29
5 11
6 26
10 24
1 65
6 60
5 13
1 15
4 38
1 66
5 19
1 24
1 3
2 53
1 13
7 52
8 99
6 20
1 76
5 51
1 2
9 100
10 83
1 79
7 55
4 7
8 24
8 64
9 93
9 44
2 34
7 24
6 100
7 15
5 5
4 99
4 100
9 91
9 58
2 89
8 6
9 29
9 73
9 48
9 48
7 32
3 84
10 37
4 31
10 61
9 40
5 84
4 19
6 41
1 77
9 34
2 72
8 56
7 68
5 99
4 61
7 54
3 72
10 82
3 37
6 5
5 23
10 2
3 28
2 88
7 99
2 4
5 93
3 51
3 44
3 81
8 38
9 37
4 38
3 91
5 64
10 1
9 8
6 81
7 55
6 10
4 33
7 33
6 15
7 11
10 8
6 86
2 43
9 47
8 81
2 40
4 48
5 94
6 85
5 5
3 82
5 39
4 8
4 67
7 80
9 60
5 77
9 23
10 19
1 14
6 79
5 57
9 68
9 67
6 60
10 83
5 11
2 33
2 98
4 56
9 4
4 21
5 76
10 2
2 78
3 62
7 71
10 27
6 36
6 66
8 34
6 45
10 18
7 53
3 76
6 59
10 70
2 87
9 63
10 85
7 1
7 81
4 88
3 16
6 45
8 32
3 83
3 61
6 66
4 86
10 82
2 17
6 98
7 10
6 83
9 83
1 3
6 84
6 72
9 14
9 98
3 100
7 4
3 10
8 23
1 50
7 64
6 72
3 45
10 41
9 8
7 40
9 24
8 66
9 41
7 8
7 7
7 11
7 70
10 12
8 90
4 14
9 38
9 69
5 42
4 9
1 78
6 4
8 33
4 53
8 88
5 94
4 73
3 61
1 8
7 3
10 70
1 18
6 67
4 21
10 86
5 26
9 45
7 16
10 42
7 42
3 21
4 32
4 67
1 74
2 77
7 36
10 3
9 61
1 5
1 55
10 20
3 27
7 72
9 18
9 89
5 41
7 8
10 59
5 18
6 89
9 25
10 77
2 50
2 28
1 78
4 15
5 60
10 73
6 25
6 68
1 53
3 89
10 81
9 17
9 33
5 82
5 43
6 4
4 79
7 82
9 8
5 5
1 55
2 4
6 74
8 92
2 55
1 91
5 64
6 88
5 33
6 11
3 1
1 68
10 8
5 65
10 85
9 37
10 68
5 55
10 41
10 4
6 61
3 66
10 77
1 35
5 17
6 22
6 29
4 25
10 60
2 42
5 30
7 60
6 8
6 99
