6 53
2 81
2 92
8 84
9 98
3 62
4 11
7 64
8 99
2 69
7 88
6 22
9 43
2 53
4 98
9 45
10 59
3 85
2 15
2 2
4 77
7 51
1 87
2 36
7 12
8 47
8 1
4 100
7 99
9 2
7 53
2 11
3 76
6 86
4 35
10 32
8 52
8 2
6 20
2 65
3 74
2 8
7 6
4 99
10 5
5 100
3 2
7 60
1 99
2 84
10 61
8 30
9 94
10 75
2 88
5 75
1 85
9 32
5 94
9 96
5 49
2 22
9 55
1 96
7 66
7 11
4 52
5 20
6 17
1 31
4 31
10 54
10 13
2 19
2 25
3 79
7 35
3 72
5 60
5 46
3 72
4 23
7 44
4 57
2 75
9 13
8 92
9 77
8 17
10 69
3 67
3 51
6 11
4 95
9 45
9 99
6 84
3 100
7 18
3 85
4 70
10 5
8 3
5 33
9 75
2 3
2 21
6 5
6 93
8 33
9 55
7 99
9 48
4 67
5 73
5 14
6 52
6 7
2 61
7 9
10 33
1 52
7 31
10 13
8 61
2 72
1 94
2 13
5 62
2 75
2 58
8 98
6 70
5 79
10 13
9 90
10 9
5 67
4 8
7 75
4 94
5 58
1 9
2 38
5 63
4 4
4 4
5 62
3 48
9 13
8 11
10 84
2 85
3 34
3 64
2 58
6 38
6 57
7 76
6 62
8 91
8 70
1 11
6 89
3 90
2 22
2 80
3 26
2 62
3 29
8 76
6 30
1 47
4 96
3 31
1 72
3 86
6 57
1 44
2 72
6 88
5 52
2 76
8 85
9 4
3 30
3 99
5 77
3 67
2 40
3 51
5 13
9 84
5 61
10 26
10 63
10 58
6 13
8 29
3 53
3 43
4 94
4 5
6 33
9 100
7 47
10 32
7 92
3 49
5 95
4 34
2 61
5 8
3 28
1 81
9 1
5 87
7 66
9 95
8 78
10 87
10 59
5 9
1 47
8 85
3 18
3 59
1 51
4 93
1 69
8 36
10 10
5 11
8 57
6 16
5 54
9 8
9 86
2 38
6 80
5 100
9 17
6 61
7 93
5 39
5 44
1 81
1 4
8 73
7 63
5 1
3 51
8 55
3 10
10 67
8 91
1 93
7 71
8 37
4 14
2 28
1 70
5 52
9 91
7 60
3 48
6 17
7 57
3 12
6 82
9 94
9 61
5 6
8 1
9 74
7 23
8 58
5 53
10 70
8 22
9 3
6 12
3 48
6 38
1 95
2 90
1 100
9 22
9 17
2 80
6 85
7 4
9 75
8 15
8 38
9 69
7 27
5 43
6 27
10 64
8 28
6 91
5 47
3 46
2 80
6 4
10 73
9 96
6 72
2 55
7 89
2 98
4 69
6 78
4 90
6 79
8 66
9 27
9 58
5 64
4 9
1 30
5 15
5 48
9 13
7 17
2 58
2 62
7 71
3 8
9 43
8 68
3 87
3 36
6 66
9 56
6 65
1 85
2 38
9 55
1 6
8 57
1 53
2 68
9 58
1 4
10 16
10 7
1 9
4 36
4 74
7 20
2 44
6 25
9 66
4 87
4 87
10 40
3 43
2 34
1 90
2 24
2 49
2 72
7 14
3 97
9 14
8 94
9 30
4 82
6 56
9 70
7 20
1 8
2 47
10 69
9 71
5 88
7 25
2 18
7 28
2 46
7 3
5 47
10 99
2 52
8 87
7 84
7 21
5 63
10 6
7 21
10 69
6 98
10 48
6 82
7 100
5 56
10 37
1 90
2 71
5 64
7 71
8 10
1 53
5 32
3 75
8 25
6 83
5 15
4 11
2 92
8 54
5 69
4 98
4 60
2 29
5 56
10 45
6 84
8 34
1 95
4 78
3 22
8 95
4 80
1 1
4 59
4 82
5 55
5 4
8 41
9 47
2 78
1 37
10 6
7 30
2 36
9 20
1 80
4 99
9 52
1 2
2 28
8 64
3 48
6 95
10 36
10 87
2 33
8 69
1 99
9 38
6 63
1 56
1 42
3 13
7 87
8 35
9 98
4 60
7 74
3 34
3 46
6 55
8 25
1 83
3 48
5 79
3 64
6 79
5 21
7 43
9 65
8 40
9 6
3 62
10 12
9 45
10 87
6 77
3 22
9 3
2 100
4 23
4 56
2 56
5 12
1 10
6 94
10 4
9 100
7 93
4 22
6 5
7 15
10 78
9 36
2 60
7 72
3 11
7 38
1 43
10 24
5 19
5 35
3 23
8 44
1 27
9 41
4 29
8 45
10 90
6 72
5 18
5 64
5 75
7 82
8 89
1 57
2 20
8 94
5 69
6 77
10 94
10 23
2 2
6 25
1 49
9 77
4 14
10 32
2 55
3 32
1 65
6 59
1 42
5 37
9 75
9 68
1 19
6 50
10 19
6 53
5 39
1 70
5 35
9 51
9 50
1 88
3 44
6 85
7 60
9 59
4 93
8 100
9 51
5 89
9 56
4 3
4 64
2 85
6 62
9 6
10 26
1 38
3 57
10 12
5 24
8 4
4 9
4 14
7 100
3 24
6 10
6 83
9 16
6 73
10 66
8 72
6 58
1 47
9 32
8 87
2 21
6 12
6 90
5 26
10 43
7 35
9 64
1 67
8 26
7 63
1 51
10 54
3 25
10 70
1 78
8 59
3 18
8 72
10 73
10 67
5 68
1 82
2 18
2 48
4 4
4 61
2 14
4 88
2 57
9 95
3 43
1 48
4 77
10 82
1 44
8 78
3 46
2 70
5 57
1 73
10 80
6 89
8 94
3 89
2 88
8 46
1 17
4 62
1 40
4 56
1 31
7 35
4 47
8 89
6 29
7 92
1 8
7 2
9 36
9 66
10 71
1 3
5 18
1 76
9 49
4 45
7 40
5 85
1 14
7 97
3 97
3 38
2 86
9 19
1 7
7 71
5 10
1 70
3 58
4 78
2 86
10 89
9 42
1 61
2 98
6 85
10 69
7 35
2 43
9 71
8 15
10 87
4 61
8 84
9 92
2 78
10 96
10 96
1 98
4 99
8 9
8 21
7 5
3 14
10 31
6 99
9 29
6 91
4 12
4 51
7 24
8 22
2 71
2 58
1 18
4 31
7 45
5 33
2 82
8 28
1 90
10 96
9 8
7 87
2 59
6 81
2 19
7 23
8 87
1 76
1 82
2 4
4 16
3 73
6 48
3 21
2 16
5 27
7 81
2 42
3 98
9 49
9 24
3 52
3 84
4 80
1 69
7 2
1 44
5 18
4 82
8 32
6 9
1 50
4 35
8 33
10 68
7 15
10 3
10 42
6 94
8 64
1 67
3 55
9 94
3 47
6 44
8 62
10 4
3 79
10 51
9 88
6 95
4 55
2 81
7 9
4 88
8 63
2 41
2 37
8 90
10 16
7 91
2 42
9 63
4 21
1 47
4 42
8 21
7 94
10 54
3 16
10 12
1 81
6 14
5 72
3 12
2 49
3 10
2 81
4 77
8 20
7 86
10 100
7 88
8 42
10 93
9 24
3 16
5 86
4 82
7 17
9 72
5 26
4 29
4 43
5 21
9 33
5 9
5 42
3 6
6 25
7 78
9 93
3 94
1 47
6 18
8 48
7 81
10 55
1 53
5 92
5 56
10 46
3 7
9 55
1 76
2 54
1 33
5 90
10 32
7 14
10 17
9 85
2 89
9 12
10 73
4 63
6 99
3 33
8 21
9 48
9 50
7 5
2 19
4 12
10 91
5 73
9 52
4 15
9 62
9 90
2 38
3 17
10 96
10 57
4 65
10 45
7 40
2 26
4 92
1 83
7 3
4 87
3 78
3 47
5 90
3 8
9 15
9 45
10 28
8 46
8 86
10 9
10 22
2 66
7 22
4 42
4 56
2 44
7 40
4 77
10 23
9 14
1 8
8 88
8 15
8 88
2 89
3 97
8 24
2 63
9 64
3 14
6 98
6 8
6 53
9 84
5 6
9 80
2 58
6 34
8 37
6 31
6 65
10 4
3 86
7 27
8 51
7 23
10 25
1 71
10 33
2 13
4 72
1 14
6 21
9 74
7 17
10 55
2 67
8 68
8 23
6 21
2 41
1 84
8 72
9 66
5 41
9 75
4 79
10 17
5 43
9 69
4 85
3 61
10 49
2 75
6 81
9 73
1 74
9 94
9 25
2 15
3 8
6 68
5 36
7 19
9 50
8 91
4 15
5 64
6 6
6 81
6 90
9 15
5 36
6 96
5 47
8 96
10 34
5 97
8 6
6 58
3 70
6 44
10 25
7 64
4 8
4 83
1 3
9 83
10 54
9 47
3 45
6 4
6 56
7 41
1 79
3 25
7 50
5 3
9 53
2 21
8 7
1 45
10 1
4 89
2 9
8 95
5 60
8 23
1 2
8 62
5 46
6 64
8 42
7 28
2 13
4 11
2 79
8 75
8 58
1 74
8 15
5 36
