10 90
8 13
2 61
4 99
8 69
7 81
5 67
1 74
10 1
8 96
8 83
7 14
2 97
9 91
5 65
10 34
5 39
10 27
3 12
1 14
8 68
3 58
4 24
4 73
4 5
8 86
2 99
1 56
2 9
10 27
10 10
8 94
7 13
10 100
4 98
8 51
8 6
7 43
1 93
5 63
7 27
6 83
3 32
9 90
8 77
2 10
7 57
7 54
6 36
8 80
9 20
8 22
1 73
3 48
2 83
8 15
10 16
4 40
5 7
4 11
1 1
5 34
4 30
2 87
9 36
4 60
6 97
7 78
3 67
6 5
6 5
10 2
6 100
5 6
6 87
3 95
4 13
8 49
2 30
5 9
6 33
5 90
3 93
2 92
1 34
8 26
6 79
8 3
2 99
5 22
10 13
7 88
8 21
4 86
4 56
9 75
10 35
10 72
2 17
8 28
9 99
7 12
10 10
2 36
3 36
8 34
9 92
5 100
3 64
5 25
2 53
5 38
7 26
7 80
7 60
7 53
10 42
1 85
9 85
3 70
8 33
3 16
2 44
4 59
9 68
9 35
9 59
5 26
3 1
8 12
6 51
9 60
8 31
8 23
5 45
2 96
9 85
5 11
2 54
3 79
9 19
9 66
7 21
10 19
3 22
6 15
1 69
7 9
4 6
8 5
1 33
5 92
5 43
4 39
9 26
2 17
1 11
5 92
7 53
4 96
5 51
1 42
2 26
8 31
9 87
10 7
5 54
8 43
4 69
4 69
4 34
2 96
9 18
6 91
7 35
9 45
5 50
5 79
9 83
10 59
4 74
10 74
4 14
8 57
3 77
10 51
8 92
10 82
10 77
7 77
2 91
5 35
8 25
3 56
7 88
5 73
6 54
4 76
4 48
2 25
10 84
10 75
3 68
6 68
10 96
1 33
2 2
8 90
1 73
6 91
2 91
8 12
4 89
8 7
7 37
4 51
6 26
8 76
2 1
4 58
6 31
9 79
9 56
8 90
10 34
4 90
9 22
8 5
1 17
7 46
3 75
3 1
5 23
4 26
5 79
3 67
5 30
8 96
5 35
2 62
2 28
9 8
7 21
4 71
7 12
10 33
2 50
2 77
5 35
4 25
6 71
8 60
10 97
9 38
6 42
5 71
1 19
4 45
10 11
6 40
1 52
1 48
10 1
9 24
3 98
6 65
7 92
8 17
7 39
5 3
2 90
8 25
2 7
7 70
5 12
10 78
3 38
9 95
3 36
4 53
5 8
10 54
9 18
3 89
10 2
7 82
1 13
1 31
4 32
6 17
9 93
3 57
4 82
6 62
7 40
2 89
5 81
2 57
6 98
5 17
2 73
7 75
9 79
10 90
6 25
10 68
2 17
10 14
1 88
4 62
2 100
6 100
6 72
6 5
7 72
9 44
6 87
6 78
2 62
3 18
8 16
2 2
6 81
6 1
6 52
6 14
6 36
2 41
3 7
2 70
2 2
10 11
2 85
5 3
6 81
7 14
9 31
6 27
3 44
7 34
10 10
4 49
5 41
2 77
4 24
4 40
9 91
2 74
10 12
1 51
2 93
5 11
4 60
2 47
1 98
5 76
3 57
9 17
8 99
7 92
9 40
1 31
7 72
7 97
5 42
8 60
8 96
8 64
8 45
1 86
1 84
3 32
7 99
8 6
9 20
2 90
1 68
7 55
4 87
10 99
6 92
6 100
7 6
10 18
1 59
3 76
10 33
8 9
1 90
5 58
5 63
7 10
6 6
2 93
7 95
4 57
6 74
7 94
3 18
3 85
5 46
1 18
10 81
2 48
2 60
10 67
6 1
9 92
6 31
3 95
4 37
5 54
5 44
9 2
5 4
3 77
7 42
10 79
2 37
7 77
3 51
3 59
5 4
9 18
4 23
7 47
9 64
4 95
10 5
7 52
3 9
10 97
5 31
1 75
1 29
8 23
7 12
3 56
6 43
3 82
4 77
4 92
6 21
8 76
7 35
7 53
6 4
10 18
3 57
1 54
3 60
10 100
5 12
6 29
4 71
10 92
1 59
8 74
8 11
9 52
1 85
2 71
9 57
4 83
7 83
3 36
9 74
3 13
8 81
8 70
4 71
8 77
1 48
5 93
1 2
5 25
4 98
8 36
10 65
5 57
3 15
4 13
7 67
2 81
3 99
3 71
4 80
7 93
9 55
2 86
4 51
3 60
1 39
3 63
9 31
7 8
2 3
5 86
9 28
8 26
1 60
5 9
2 93
5 28
5 58
10 44
8 9
2 48
10 65
4 96
2 28
10 80
2 17
5 66
4 13
7 81
7 3
6 42
6 66
4 49
10 91
9 90
3 9
10 83
7 34
7 79
1 47
3 44
3 3
4 72
4 49
3 17
4 100
9 72
4 36
6 21
9 3
3 74
7 26
6 21
7 11
3 84
8 20
9 100
8 62
7 90
8 76
7 39
6 14
4 42
6 54
10 44
1 82
1 19
8 32
5 40
9 36
1 80
7 56
3 2
3 10
2 71
6 34
10 47
8 35
5 76
6 1
3 17
1 85
7 61
6 52
7 46
4 5
1 5
6 19
7 80
5 99
7 44
4 44
8 64
2 57
5 46
3 84
1 85
4 33
7 65
9 34
4 92
7 70
9 17
9 39
5 39
10 89
7 67
4 74
2 95
4 85
4 25
10 23
2 40
7 33
1 45
1 16
1 5
4 75
9 27
9 23
8 6
7 68
7 58
2 51
5 32
9 20
10 67
7 11
6 73
5 48
3 23
8 48
3 66
1 91
4 79
7 16
5 58
8 72
7 92
4 11
3 98
3 28
7 42
3 39
3 73
3 74
5 66
4 18
10 39
9 40
4 74
3 48
10 87
2 13
5 77
9 11
4 98
4 50
5 73
9 56
9 27
7 14
4 22
1 85
5 23
9 68
4 98
2 66
5 48
8 98
4 25
3 82
3 44
7 22
2 80
1 33
1 24
4 70
10 51
9 13
5 87
4 57
5 45
4 35
3 6
7 61
4 28
5 96
9 35
9 7
6 7
8 75
10 44
10 40
5 81
5 11
10 74
10 45
10 73
1 58
7 57
4 28
5 70
5 46
8 76
9 87
8 18
4 29
2 15
4 50
9 21
1 26
10 70
4 69
6 80
9 48
5 44
2 4
4 24
7 95
10 2
2 45
5 46
9 87
1 52
2 62
3 6
8 38
6 53
4 29
10 53
7 56
2 52
8 49
10 21
8 96
4 19
1 72
2 1
3 53
6 8
5 93
10 19
4 16
7 19
3 21
8 24
3 18
3 1
3 55
5 80
10 60
9 65
7 26
8 93
6 73
10 74
7 51
2 86
6 71
9 10
5 89
4 78
2 63
10 70
4 26
9 55
4 72
10 100
1 1
2 9
2 12
6 15
8 24
4 30
6 12
10 83
5 49
7 93
6 22
10 52
9 6
3 70
7 91
9 93
6 86
10 97
9 24
10 75
5 100
4 20
4 70
7 65
6 20
2 91
3 8
9 7
10 23
5 51
5 41
10 56
10 65
1 17
9 76
10 13
10 75
4 30
4 54
3 74
9 56
1 23
5 92
7 42
6 5
7 27
4 3
10 53
10 30
5 38
2 13
9 50
9 4
1 66
8 79
3 83
5 7
10 61
9 14
6 38
9 75
8 79
6 36
10 83
4 49
4 58
2 78
10 66
5 49
3 94
2 49
1 60
5 35
1 21
1 23
4 54
3 87
3 30
1 100
1 31
5 50
3 15
5 24
9 85
7 80
5 52
2 17
5 40
6 70
1 7
10 6
3 31
8 51
4 52
1 16
3 12
3 93
2 84
3 25
1 22
3 67
9 63
10 46
4 28
3 21
5 76
10 8
4 5
3 85
3 17
2 12
4 88
3 70
8 49
10 44
2 25
7 64
9 67
6 20
1 75
7 13
7 58
3 68
6 100
2 35
3 5
6 74
3 32
4 96
9 14
7 27
8 64
6 56
10 25
8 12
7 54
3 84
3 83
9 18
1 67
5 34
4 9
5 29
9 83
1 29
9 55
6 74
5 17
2 47
5 75
8 62
10 89
6 23
8 94
5 51
3 87
9 22
3 51
6 22
8 95
9 55
4 33
4 25
5 68
1 61
2 63
2 85
4 92
10 53
8 95
3 66
5 91
5 51
9 41
4 79
10 85
3 44
2 71
10 85
10 95
4 18
5 36
10 25
3 62
10 56
5 26
4 24
8 89
4 69
4 98
3 28
8 16
2 42
4 40
10 98
1 48
3 14
5 54
1 14
6 19
6 43
3 8
7 64
3 62
9 16
6 14
4 87
7 73
5 82
7 98
9 14
5 95
1 65
8 53
3 89
6 81
7 69
4 87
6 63
2 65
1 67
9 77
5 71
3 48
1 8
6 41
10 19
5 70
8 22
5 93
3 50
8 98
7 100
8 37
5 95
5 40
9 76
2 96
1 65
5 33
7 40
7 59
7 41
5 31
