7 61
2 30
7 72
7 10
9 50
10 13
4 67
5 16
10 29
4 48
6 78
9 41
1 89
4 16
6 40
2 92
3 12
1 37
9 1
6 33
8 93
5 64
7 8
5 64
8 33
9 95
9 92
10 25
2 7
8 5
3 32
9 23
2 30
10 44
7 44
2 75
6 72
5 13
5 39
7 96
2 2
1 84
8 33
9 71
5 92
7 3
4 52
10 62
1 67
5 1
10 8
6 98
8 18
6 41
7 53
4 81
9 80
9 1
10 97
1 34
3 70
9 25
4 4
1 91
10 15
9 79
6 86
9 15
10 81
6 94
3 1
4 27
6 27
8 85
1 29
4 23
7 50
8 31
6 37
10 82
8 54
8 30
10 29
1 41
5 12
3 34
4 75
3 2
8 19
3 25
6 96
4 30
8 20
3 9
6 94
4 69
1 60
3 35
7 13
6 6
3 54
7 35
3 32
7 25
2 27
9 11
7 47
7 43
5 40
10 51
7 96
10 49
4 32
6 96
3 11
3 67
3 20
10 75
6 99
7 73
5 45
3 84
2 13
10 5
2 10
4 6
8 50
2 49
5 72
7 19
9 58
5 39
2 75
8 25
1 69
8 85
6 43
8 89
6 98
6 16
7 14
10 20
9 68
1 31
1 90
7 34
10 55
4 59
1 45
9 77
4 25
9 2
7 58
10 29
1 71
2 30
3 55
3 11
6 23
6 64
1 71
9 3
4 17
3 27
6 35
3 96
7 8
5 40
4 59
6 84
10 27
5 41
9 35
8 26
2 14
1 68
10 43
1 73
2 92
9 34
5 1
2 12
1 61
4 50
6 68
7 58
7 79
1 13
7 76
8 77
4 62
8 30
5 26
7 21
9 89
10 25
9 83
3 83
1 20
7 73
9 42
10 7
10 38
2 12
6 72
4 28
10 82
2 67
5 80
2 73
5 23
2 76
9 21
10 80
3 74
4 21
8 97
1 44
7 88
2 12
4 37
5 88
9 70
6 79
7 29
4 91
6 67
2 66
1 39
3 83
5 30
2 54
8 88
6 19
6 70
4 73
9 12
10 19
8 63
6 97
8 33
8 17
1 60
5 24
9 88
7 16
3 44
10 83
5 33
3 30
3 64
9 29
6 77
3 51
1 32
9 58
5 92
10 45
5 7
5 66
8 30
3 83
4 5
8 28
2 95
10 4
9 64
6 42
2 20
7 43
9 38
8 97
8 49
6 90
6 51
1 35
3 59
7 96
8 85
3 39
3 57
10 77
4 52
1 92
2 73
8 31
3 8
5 7
8 14
9 32
5 76
4 68
1 81
1 52
7 50
3 26
1 69
3 10
5 100
8 17
8 36
4 11
7 50
10 44
9 41
5 84
7 94
8 41
10 78
4 6
2 30
10 9
3 57
10 85
6 79
9 75
6 85
6 31
6 69
10 76
10 40
5 56
2 7
5 89
7 67
2 38
7 89
8 78
2 78
3 31
3 41
10 30
2 51
1 12
4 80
6 46
3 81
2 2
5 40
6 81
2 64
3 72
5 26
5 43
1 41
4 17
1 7
1 4
6 4
3 100
1 20
10 15
3 61
10 12
8 71
10 29
10 81
4 84
6 21
1 92
2 48
10 34
4 48
9 42
5 90
2 5
7 96
1 22
10 16
7 100
6 27
5 92
3 70
4 62
2 43
9 14
7 24
3 94
9 92
2 3
2 75
3 78
2 65
8 32
9 98
1 66
1 9
5 43
2 15
3 7
3 27
2 13
5 17
4 69
5 44
5 9
8 5
8 47
6 6
5 37
6 59
5 8
8 4
5 21
10 23
9 37
5 98
1 13
10 70
6 44
10 71
5 77
8 57
5 36
7 3
8 56
8 66
10 31
9 73
8 27
10 100
9 34
2 15
10 5
8 73
10 9
2 14
8 3
5 27
3 10
5 69
8 90
2 9
2 88
10 7
9 81
1 21
1 81
10 30
5 18
4 45
7 22
5 100
3 78
5 79
1 51
2 67
8 63
3 95
9 1
5 34
4 71
6 61
6 6
3 84
2 88
10 29
8 98
7 82
10 59
5 53
5 85
6 85
4 79
6 71
7 44
10 87
5 32
4 49
10 22
8 52
10 54
1 87
9 84
2 3
9 21
4 81
3 67
5 96
6 17
6 15
1 100
1 57
5 9
6 34
3 47
7 55
10 57
9 33
8 55
4 95
10 17
5 10
10 29
2 35
5 73
6 17
4 58
2 24
9 81
3 86
10 91
5 16
3 52
10 40
3 84
3 95
5 67
4 30
10 35
9 51
2 21
6 2
10 16
1 25
8 49
9 98
3 24
8 55
4 85
9 24
6 52
9 70
8 95
2 59
7 37
3 83
1 43
9 54
1 51
6 32
10 25
10 70
5 64
6 65
9 25
10 45
5 20
5 61
10 64
3 95
8 64
2 56
9 39
3 41
6 4
10 35
9 13
7 62
3 62
2 74
6 19
1 7
6 95
6 3
8 51
8 56
2 75
5 49
3 59
9 79
4 74
7 85
9 76
10 13
7 51
6 36
7 53
3 46
2 5
4 92
7 59
10 95
9 29
4 42
9 13
9 88
3 85
10 11
5 23
9 77
7 73
1 29
7 60
1 42
1 74
2 45
9 37
4 13
9 60
9 80
10 1
8 76
1 21
3 3
3 85
6 41
5 62
2 49
1 27
7 59
5 94
8 93
4 73
3 88
9 99
2 14
2 13
8 18
2 14
9 17
9 19
10 92
4 28
9 39
10 76
5 48
5 69
3 81
8 94
3 88
3 79
8 57
5 75
2 76
9 57
4 63
5 37
9 39
7 65
6 59
2 28
8 3
1 28
7 96
2 65
10 87
2 18
10 76
5 31
10 56
7 72
7 88
2 30
1 99
2 40
1 18
3 66
2 58
3 25
9 86
9 62
3 80
6 98
10 39
8 50
3 96
2 9
1 1
6 55
5 18
7 37
2 35
2 32
1 95
9 74
9 88
4 49
6 3
1 10
4 59
8 4
4 2
2 43
6 80
6 64
10 57
3 97
7 74
6 51
4 48
7 38
7 77
4 57
3 79
8 97
5 83
8 13
6 19
2 50
2 45
8 12
5 36
6 90
10 40
8 58
3 54
9 65
5 14
1 34
3 54
10 77
6 80
3 36
2 91
9 86
7 75
10 45
9 63
4 62
6 76
6 98
7 21
9 96
1 90
3 14
2 46
1 6
9 77
9 10
3 54
5 40
7 94
6 16
5 26
4 96
2 79
2 67
4 21
6 53
1 61
4 55
9 96
5 46
6 46
2 39
4 32
8 46
8 46
3 36
4 56
3 44
6 28
3 96
7 62
9 46
9 64
5 37
7 41
1 15
3 84
6 30
2 49
10 70
2 32
7 99
3 55
3 90
5 8
10 18
2 87
1 17
3 42
9 98
3 67
5 79
5 38
1 36
10 4
10 39
1 96
6 1
7 6
8 66
6 14
5 9
4 46
9 60
1 40
9 8
7 63
8 44
2 41
7 88
8 15
5 25
5 29
8 71
4 32
7 72
7 98
8 48
10 46
2 11
1 13
1 47
9 25
10 37
3 84
1 31
1 16
5 92
5 47
4 1
7 50
6 69
5 45
2 72
9 18
2 24
10 14
5 17
8 20
3 14
4 83
6 65
3 29
4 12
10 19
5 39
4 25
6 40
6 30
6 57
8 83
6 24
6 73
5 47
7 26
2 44
4 15
8 78
1 80
9 2
8 48
6 80
4 3
2 93
8 26
5 10
8 22
8 32
6 21
7 48
3 42
8 97
3 72
5 25
7 18
2 52
8 98
7 29
1 57
10 4
7 80
5 60
6 69
8 70
6 7
5 10
3 91
1 47
3 32
5 75
2 92
5 56
2 98
2 90
6 15
4 9
1 84
4 79
5 57
5 96
5 57
4 86
8 59
3 68
6 81
2 79
4 44
5 69
4 64
4 90
7 45
10 96
9 31
5 94
6 14
3 69
9 67
4 16
9 52
9 14
10 19
6 18
7 26
7 11
9 70
6 46
10 11
5 90
3 4
5 42
4 92
7 25
9 44
2 19
2 3
9 24
1 21
10 24
6 64
1 63
7 78
5 86
6 64
5 77
7 99
6 95
6 79
8 57
6 88
1 40
3 92
3 27
5 91
2 16
3 5
5 39
1 64
3 77
7 78
6 43
5 37
4 92
6 30
8 47
4 68
1 27
5 67
10 61
6 82
5 35
4 41
8 76
5 3
8 68
1 75
6 95
10 62
3 38
1 27
7 97
1 31
7 19
8 28
5 96
10 33
6 69
6 7
6 83
9 7
5 18
5 65
9 77
2 13
3 8
5 60
3 18
5 18
3 61
1 67
2 70
9 32
9 82
8 25
6 95
5 77
9 4
2 54
9 38
7 2
6 80
5 91
9 10
2 48
5 72
2 64
5 29
9 64
9 1
6 13
3 72
1 32
2 18
8 63
10 100
1 62
1 95
