7 1
6 89
2 21
2 14
9 73
2 90
5 71
10 76
1 92
9 37
1 85
5 89
10 5
9 39
6 16
5 20
7 22
2 88
1 61
4 54
10 34
1 1
3 39
9 14
3 55
5 72
7 1
2 56
7 31
10 73
10 11
10 35
2 28
2 41
4 24
2 45
8 13
7 69
5 87
9 59
8 17
6 48
10 96
2 63
10 93
3 50
2 13
3 43
6 47
1 73
9 19
2 25
6 95
4 92
6 55
7 78
10 34
2 82
4 83
8 41
2 26
10 77
9 17
1 64
6 91
7 37
10 92
8 30
6 22
3 52
9 56
9 41
9 86
9 65
5 28
3 23
9 76
6 42
2 35
3 53
6 92
9 56
4 54
1 66
7 87
10 67
10 41
2 94
8 36
8 33
5 3
7 9
1 81
5 5
5 100
3 58
1 26
2 26
3 58
1 39
9 30
9 27
4 79
5 1
8 78
2 38
10 99
7 30
1 43
7 19
7 60
7 53
8 4
6 71
6 10
3 57
3 35
3 7
3 65
6 67
6 14
7 48
7 96
3 39
9 20
4 66
4 34
8 44
4 88
5 39
3 98
2 6
10 46
3 31
4 56
5 72
2 34
1 3
3 27
10 88
1 18
8 68
7 82
1 43
10 88
1 66
10 9
8 84
5 86
9 96
3 10
3 44
5 68
3 92
8 11
7 60
4 23
1 20
4 92
5 8
1 33
3 33
4 59
2 11
5 25
7 96
7 30
1 42
1 49
7 29
5 72
4 80
10 44
2 38
8 57
2 69
8 15
6 27
5 97
5 12
3 22
10 33
10 89
9 39
1 86
3 32
4 83
8 51
10 29
1 94
9 89
6 50
2 18
4 4
8 98
5 95
10 52
1 45
6 73
6 34
5 49
10 8
5 91
7 67
7 42
6 45
3 10
2 76
10 10
5 12
9 18
2 76
4 16
6 86
5 10
8 48
8 83
1 25
5 65
5 70
4 26
4 61
10 3
9 63
9 71
1 55
7 66
9 54
8 35
5 71
1 95
4 85
3 59
2 75
8 36
3 76
5 15
6 64
2 57
3 95
8 93
9 65
8 42
9 14
2 15
6 25
10 72
7 12
7 19
9 15
7 61
4 38
4 88
4 29
1 42
8 43
7 4
6 35
8 32
4 84
1 13
10 2
2 54
5 38
9 2
9 27
4 51
8 84
4 72
2 68
1 38
4 68
5 79
6 27
5 99
8 31
3 69
5 44
9 56
10 87
2 15
1 29
9 50
8 42
10 81
2 85
6 7
3 6
8 60
10 79
5 48
6 4
9 79
4 13
3 50
1 62
7 92
3 64
2 87
5 39
10 61
7 96
3 12
3 4
1 61
4 62
2 45
1 66
9 42
8 27
9 97
9 89
5 35
1 52
3 45
7 36
6 25
10 26
6 58
5 23
4 56
4 80
2 33
9 70
10 60
8 61
5 53
10 65
5 58
10 45
2 25
3 44
7 25
7 61
8 19
2 46
2 79
1 49
5 69
9 28
8 28
3 40
10 96
3 1
8 43
6 11
9 26
9 68
4 33
2 63
5 15
4 59
2 55
9 46
1 76
6 80
2 13
6 66
2 69
2 79
5 67
1 87
5 20
9 80
2 5
2 99
8 97
9 31
1 64
1 41
3 71
4 89
9 65
9 76
4 13
6 79
8 98
6 68
10 36
3 24
9 45
5 85
9 5
7 25
6 26
7 48
4 45
10 100
2 86
8 39
2 2
10 55
4 24
5 53
9 93
5 3
10 17
5 37
3 67
2 91
4 5
9 22
8 62
8 32
10 29
6 22
1 19
6 41
5 89
6 68
6 39
5 6
5 37
8 92
5 29
4 6
4 49
4 7
2 99
4 10
2 26
4 65
2 37
6 29
8 4
7 85
9 3
10 36
5 84
8 92
1 28
6 45
5 1
9 91
8 11
8 94
3 45
10 68
3 99
5 41
5 59
10 74
5 37
1 62
10 84
5 15
6 38
4 37
4 47
2 11
5 95
4 99
6 82
2 71
8 34
10 35
9 96
9 52
4 64
1 8
3 95
9 48
7 70
3 14
4 62
9 5
9 58
6 18
2 89
4 63
3 85
8 35
1 61
9 28
3 48
8 53
6 94
4 99
6 25
4 92
8 13
7 83
7 8
5 75
8 30
9 34
10 76
9 42
10 4
4 17
1 93
8 50
7 2
4 72
7 34
9 42
10 77
2 76
5 2
10 26
3 68
6 50
7 84
1 48
10 6
10 67
4 64
3 31
9 49
7 79
4 21
7 45
9 26
3 64
1 67
3 54
5 41
9 18
4 48
1 5
9 56
8 58
6 49
10 79
9 100
1 93
7 11
9 88
5 1
2 87
5 88
4 55
3 11
2 82
1 89
2 88
4 100
2 10
1 43
10 47
6 7
9 100
1 20
3 88
7 96
9 69
1 60
5 31
5 4
10 58
6 62
8 62
10 99
2 59
1 62
6 55
1 65
3 66
1 26
7 21
5 44
9 31
7 7
6 92
5 70
8 95
2 23
5 47
5 9
3 94
2 35
6 54
10 68
5 66
3 91
2 10
4 100
9 83
1 74
1 94
10 46
4 23
8 41
1 70
9 61
4 13
8 33
4 41
3 47
6 36
2 99
3 32
2 22
5 87
5 69
3 43
6 80
8 92
6 35
2 48
7 21
10 42
2 12
6 36
9 61
9 68
1 37
10 39
7 13
1 46
9 94
10 41
5 96
2 29
1 42
10 28
8 44
2 24
5 5
6 98
5 36
10 35
6 17
7 18
10 96
8 84
8 75
9 40
2 42
9 46
7 65
6 15
7 5
8 11
3 19
2 36
2 82
5 83
2 80
3 50
10 69
2 81
10 16
1 86
2 22
2 19
7 13
10 25
6 46
8 92
3 35
7 58
4 80
5 6
5 21
1 99
10 22
9 62
2 16
6 40
4 4
3 8
5 56
5 50
2 21
8 57
2 20
1 11
4 91
2 19
3 33
5 84
3 100
4 89
6 59
1 69
7 15
10 58
4 69
4 57
9 23
2 52
4 79
7 44
10 25
10 86
2 95
2 42
2 76
10 52
10 66
3 99
8 69
2 31
10 65
3 15
2 12
7 88
4 74
8 41
5 91
8 31
2 31
7 77
10 48
9 66
3 64
4 47
10 72
1 85
5 46
9 35
5 8
7 13
6 44
10 17
1 9
5 55
1 30
6 100
5 81
7 19
1 13
8 53
8 10
5 11
9 32
3 94
3 3
4 7
2 18
2 49
3 50
5 44
3 15
3 100
9 55
7 71
8 26
4 56
7 29
4 85
10 50
9 80
9 33
7 34
1 3
7 85
2 80
10 32
4 91
7 5
5 1
7 58
6 70
5 61
9 34
8 75
10 68
5 56
4 6
7 58
1 56
5 36
7 98
3 98
4 33
5 74
10 9
9 5
10 70
3 91
5 81
3 10
1 27
2 63
1 17
8 40
3 23
4 7
3 15
6 14
5 53
7 92
7 58
10 70
1 37
8 12
9 90
7 52
7 10
3 81
5 44
8 23
1 23
5 85
1 77
2 96
5 60
4 78
6 75
1 71
9 12
7 98
10 49
4 83
6 37
10 22
1 82
10 63
9 45
6 35
4 98
9 92
10 97
3 6
2 30
10 83
4 82
7 1
2 2
10 94
1 73
7 49
8 30
8 44
9 96
6 61
5 59
7 71
4 73
4 85
6 85
9 70
2 47
7 62
2 61
9 93
8 10
5 18
7 49
6 42
10 93
10 51
3 84
3 59
3 19
7 58
3 97
3 45
5 76
7 57
7 97
1 60
2 30
5 43
3 71
7 13
10 83
2 48
1 81
2 62
8 39
5 55
1 66
2 86
4 52
3 38
10 92
7 19
3 36
8 86
1 84
4 38
8 34
5 65
6 50
6 7
9 94
1 61
2 84
1 75
2 12
8 32
6 76
7 67
4 1
2 19
1 76
9 51
8 63
7 69
2 75
7 2
5 19
5 91
9 51
2 10
7 35
9 11
6 86
3 6
9 95
7 20
10 83
2 6
8 49
3 45
10 16
4 59
5 23
10 99
7 63
9 37
4 49
10 69
7 95
2 50
3 41
10 27
6 21
8 30
10 49
6 97
2 89
9 67
9 33
5 6
9 28
3 39
3 15
7 44
4 13
1 62
1 28
8 84
10 66
3 31
3 78
2 80
3 41
6 44
10 14
6 91
8 70
5 8
7 16
6 17
10 33
4 34
1 15
9 53
2 94
8 82
7 44
9 8
9 86
4 100
1 84
7 100
4 80
9 93
4 13
3 27
6 55
9 55
6 39
4 92
9 4
1 89
5 72
6 38
5 58
2 94
8 2
3 98
5 88
1 76
5 29
8 59
5 90
4 79
1 15
4 25
8 30
6 30
6 93
10 53
2 38
8 78
5 5
5 12
4 56
2 79
6 32
8 41
8 4
4 36
6 43
2 26
