1 8
1 60
9 25
10 66
7 75
10 21
4 89
9 59
4 73
10 88
5 56
6 77
8 40
10 84
7 32
9 18
6 6
5 16
6 77
9 91
4 67
6 55
2 66
7 2
2 91
7 43
7 51
2 78
9 82
3 39
5 26
4 36
5 70
8 11
7 8
5 49
4 37
1 81
2 11
1 25
2 77
2 55
8 67
8 31
4 9
5 37
5 31
7 15
4 79
5 58
6 71
9 18
8 41
1 75
2 89
3 94
9 26
6 41
2 41
7 100
7 31
9 53
10 22
3 7
4 8
6 7
7 17
2 20
1 18
6 73
8 19
5 69
8 77
8 23
4 44
7 12
3 49
7 35
9 76
9 95
9 39
5 40
6 6
6 12
9 62
8 80
6 73
9 72
4 15
1 87
1 57
10 52
2 24
5 31
9 68
7 45
7 90
2 88
10 79
9 45
9 32
4 27
10 52
10 29
1 37
6 52
9 63
10 84
2 90
3 21
1 63
8 22
9 78
7 71
1 47
6 40
7 87
4 94
4 31
7 48
5 57
10 6
2 78
8 43
2 60
10 2
5 88
10 17
1 15
10 89
10 43
2 81
2 17
10 33
2 79
5 66
7 84
6 69
10 47
5 74
9 46
7 45
7 39
7 24
10 1
1 6
3 46
7 27
8 92
7 16
8 47
9 15
6 90
7 50
9 34
2 93
2 31
2 33
1 85
3 95
8 88
3 87
2 68
8 95
2 98
1 15
3 47
5 71
8 7
9 39
9 29
9 27
6 89
10 16
4 33
4 8
8 20
7 2
1 70
8 53
10 9
2 31
10 72
3 17
3 79
7 2
4 98
10 89
1 55
9 29
7 55
2 21
4 45
4 17
9 12
5 92
4 90
7 23
9 73
5 98
8 89
9 98
2 41
5 31
2 72
1 93
10 40
3 71
9 66
3 95
4 60
9 9
7 73
9 70
7 27
2 81
2 87
1 47
9 53
6 80
3 54
7 34
4 64
5 13
10 49
9 48
1 36
3 12
5 30
7 22
8 13
3 48
2 31
2 89
10 46
1 53
5 23
1 66
3 29
2 36
6 72
6 36
8 36
2 36
2 20
4 55
5 19
7 68
4 11
9 32
8 13
3 2
5 12
6 55
3 13
1 24
8 45
5 32
5 67
10 90
1 17
2 59
8 70
2 32
3 9
2 81
3 57
9 38
10 98
8 7
3 60
4 40
7 54
6 26
9 61
7 58
1 24
5 67
2 29
8 78
5 42
3 18
6 18
1 94
6 27
7 1
3 57
2 25
6 28
5 92
10 87
8 23
7 60
1 40
9 13
3 71
1 14
7 25
9 53
7 14
10 100
2 38
10 52
6 98
4 7
3 45
9 44
2 74
2 55
6 73
5 97
3 74
5 77
2 25
8 29
6 57
1 40
4 16
4 94
8 77
2 83
4 61
9 60
8 2
4 91
7 6
2 30
10 88
2 55
2 46
8 59
1 16
10 9
7 8
9 78
10 56
6 32
3 52
6 20
8 89
2 53
8 35
2 79
7 65
1 96
4 93
7 46
5 38
8 66
1 95
9 49
7 51
10 62
1 30
9 99
8 4
4 46
7 44
5 36
4 41
3 60
1 80
6 39
4 33
2 23
1 80
4 18
8 96
7 93
4 88
3 22
7 74
7 12
9 85
7 18
2 3
9 55
3 53
9 29
2 67
6 99
3 59
2 97
3 16
7 52
2 73
4 72
10 9
7 52
7 35
2 60
10 75
10 48
6 34
4 8
10 36
10 12
8 32
6 23
9 50
2 65
5 16
10 94
10 66
3 61
5 81
2 70
4 87
1 85
2 77
3 85
3 69
2 12
10 75
4 19
3 88
4 46
8 67
7 39
3 61
9 73
1 43
2 61
7 41
9 72
6 53
8 47
5 58
2 32
1 77
3 42
7 31
6 85
1 29
1 87
9 61
6 99
4 45
6 1
5 42
7 66
9 70
1 78
10 71
3 48
4 12
3 7
9 43
6 60
10 39
8 31
9 98
2 38
10 87
5 48
5 69
2 52
7 53
3 87
5 51
4 64
8 30
2 59
10 83
6 8
3 23
10 94
8 34
2 84
3 41
5 92
8 47
1 44
8 84
6 82
1 39
2 28
9 2
3 76
3 88
3 93
2 67
8 77
2 11
3 99
2 96
7 77
10 12
8 47
3 17
9 1
10 82
3 96
9 60
2 1
10 77
6 35
5 33
1 71
9 58
4 41
8 6
7 50
5 87
6 81
1 95
6 7
7 13
6 88
5 44
10 15
10 55
8 22
5 91
9 88
6 82
8 36
5 21
4 83
2 1
9 69
2 46
1 17
1 28
7 35
9 27
4 96
6 90
8 50
2 32
5 1
2 100
10 33
3 40
9 49
8 54
4 97
6 34
7 49
8 74
9 43
7 3
6 16
10 94
3 26
8 5
5 17
3 20
7 96
7 7
8 55
9 45
7 72
8 31
10 27
8 84
2 19
10 62
5 58
4 22
8 68
10 84
7 89
8 66
4 1
3 3
3 14
8 75
1 1
6 98
5 25
10 34
3 62
7 55
6 42
9 83
2 62
10 26
2 28
10 85
4 16
10 82
6 61
9 31
3 42
6 85
5 82
7 88
1 45
6 30
3 17
4 4
4 54
8 24
6 46
9 17
3 49
3 94
7 32
7 43
8 5
3 54
10 47
1 53
9 100
7 83
6 98
5 14
2 18
4 73
6 12
1 84
5 95
1 97
8 72
5 49
9 67
1 92
3 70
3 53
7 72
9 78
6 81
6 45
5 91
8 89
8 13
5 96
9 4
7 29
5 64
9 13
3 68
9 19
5 43
8 90
7 47
4 56
10 55
10 20
9 57
2 64
8 46
2 30
5 34
8 1
8 25
9 48
3 97
6 95
8 93
8 22
10 57
6 36
2 91
2 96
5 20
9 58
6 22
10 17
6 91
1 29
9 34
8 14
2 8
2 97
2 96
5 45
1 96
7 65
4 62
3 73
9 44
5 100
8 33
4 58
5 89
7 2
7 75
3 47
7 85
5 43
1 16
2 25
10 47
9 25
6 59
5 98
6 37
10 29
6 88
3 9
10 9
3 26
5 9
8 14
9 50
9 23
3 43
8 44
9 50
7 63
3 87
10 56
3 27
6 60
8 22
1 65
8 79
3 59
1 71
6 80
7 86
1 48
9 66
7 46
5 80
2 40
5 49
3 3
9 10
10 23
6 56
8 91
9 83
4 80
6 22
4 12
2 72
10 90
8 91
10 45
7 83
7 70
9 53
1 27
4 73
9 45
1 41
3 47
10 69
6 33
6 49
4 56
5 54
10 89
2 65
8 71
2 49
9 91
1 32
7 99
4 50
3 83
1 58
3 40
2 17
3 14
2 72
2 30
2 34
7 9
10 93
9 100
4 3
6 5
10 13
1 11
10 87
5 7
1 81
6 55
8 7
6 39
8 24
5 46
8 30
10 23
9 90
7 18
8 1
6 46
8 53
9 60
9 1
9 6
3 33
8 79
7 14
8 49
7 65
4 65
1 88
3 5
9 84
7 95
2 8
6 57
3 43
8 2
4 64
5 13
10 59
4 74
4 76
1 34
5 53
7 63
10 17
4 45
9 44
8 67
7 98
4 55
9 3
8 49
4 40
2 67
6 22
3 86
4 59
7 16
6 2
10 27
5 85
4 66
7 82
10 31
1 11
10 90
10 10
10 68
3 37
5 48
4 23
6 51
7 1
5 38
6 8
10 27
3 76
2 72
7 88
9 23
3 49
1 67
6 15
9 40
5 39
6 36
7 60
1 46
3 72
7 16
5 90
8 8
7 62
2 3
1 100
6 31
8 67
3 43
1 87
9 81
5 58
5 60
7 40
2 83
9 89
5 95
9 68
1 17
10 39
10 96
4 86
8 46
7 56
8 81
7 61
7 82
10 34
9 58
3 28
10 38
9 52
2 61
10 3
5 36
1 26
7 29
4 25
6 13
5 38
6 57
6 89
7 52
7 14
10 32
10 83
4 86
5 5
3 75
8 14
8 58
9 77
4 72
6 5
2 59
3 71
9 39
10 68
2 75
10 20
4 57
6 42
3 16
8 4
8 50
1 17
9 26
3 10
1 48
4 3
6 10
8 89
3 51
3 65
6 30
8 82
6 53
7 88
5 55
8 33
3 1
4 89
9 5
2 91
6 9
9 94
9 7
5 50
1 94
3 1
6 34
8 50
9 92
10 21
6 65
4 27
7 40
3 50
1 63
1 42
2 95
9 43
6 13
1 67
9 30
9 59
3 18
3 30
3 18
2 14
1 51
9 28
2 91
9 74
3 99
5 100
3 82
3 61
1 74
10 96
3 29
1 39
1 99
5 95
8 75
7 50
1 8
6 50
6 7
10 67
1 78
9 61
9 15
1 72
10 83
2 37
9 78
6 34
9 89
2 37
6 24
1 77
8 98
8 7
6 98
9 77
6 36
