7 48
10 52
2 98
4 22
3 18
10 40
4 6
7 18
2 24
7 22
2 95
10 80
3 50
7 31
3 23
4 51
1 9
7 37
9 51
3 24
7 74
6 23
2 77
8 100
8 19
10 56
8 10
2 74
10 87
2 11
8 27
5 19
3 73
6 74
5 89
4 13
7 77
3 17
3 95
6 63
6 48
7 77
3 16
1 20
3 31
6 84
6 87
1 89
8 84
7 8
9 45
8 42
1 97
6 89
7 79
10 66
6 42
3 82
1 70
3 73
1 64
3 92
5 72
10 99
1 21
6 84
9 54
3 95
6 61
7 19
4 45
10 6
7 5
4 37
6 71
9 47
2 99
3 8
4 25
2 54
9 62
9 80
1 92
4 36
1 20
7 31
6 94
9 6
9 16
2 76
10 60
5 71
7 23
4 85
1 79
6 17
9 85
10 62
5 88
6 76
7 15
2 29
1 37
2 32
5 49
10 94
3 95
5 45
5 74
8 6
3 57
7 42
6 52
1 1
5 25
1 28
7 19
4 14
4 71
5 53
9 18
7 63
5 43
1 40
1 31
5 59
4 47
3 73
1 97
9 62
7 16
3 35
7 90
10 56
9 15
2 36
2 60
5 75
6 78
5 77
5 10
1 52
4 2
1 88
10 29
2 35
1 55
3 90
7 61
3 21
3 57
4 71
9 83
2 63
9 12
7 63
6 30
1 98
8 49
5 29
7 56
6 21
8 61
2 25
8 84
9 24
4 14
10 47
3 43
2 49
3 81
6 71
4 60
3 99
8 36
6 96
7 2
4 93
6 76
4 36
9 47
8 97
1 46
6 56
8 44
4 23
4 50
9 49
6 9
5 61
1 96
9 43
4 19
5 46
2 72
8 42
7 21
3 48
2 39
9 21
4 78
7 92
3 91
9 88
9 75
10 31
4 33
6 4
8 79
9 100
2 9
9 16
10 64
2 54
6 43
7 55
4 13
3 16
9 10
10 26
4 59
5 89
1 73
7 43
4 6
4 35
5 4
5 53
1 43
1 21
4 70
9 85
7 41
2 15
6 18
4 36
6 89
10 47
9 19
1 82
6 3
6 63
9 37
3 74
5 49
9 27
10 99
2 100
3 25
9 2
1 40
9 37
5 73
5 5
5 76
7 91
9 12
10 45
5 79
5 91
7 47
9 59
10 6
8 100
2 87
7 3
4 62
4 3
1 55
10 31
5 58
2 26
2 3
7 47
6 70
7 79
9 78
9 9
2 88
6 52
7 13
10 44
7 36
8 63
1 27
10 30
1 17
10 65
8 82
3 87
8 90
5 3
3 4
5 53
4 52
10 85
7 44
6 24
4 45
8 52
7 100
4 77
1 31
5 37
6 47
6 24
8 4
5 99
10 98
8 87
2 18
8 3
3 77
7 51
1 1
7 39
7 40
8 16
1 95
6 61
7 63
3 70
7 84
7 70
9 80
8 100
8 39
9 58
3 62
10 33
10 92
5 76
8 85
2 67
2 90
2 83
10 14
10 77
7 69
2 13
3 90
5 95
4 50
6 41
10 12
2 14
7 15
8 50
6 5
1 34
1 78
1 100
8 44
5 74
10 95
8 88
7 20
2 19
4 28
7 76
10 91
3 67
2 2
6 74
6 34
2 25
4 15
5 52
4 37
10 23
4 3
6 6
6 78
2 74
9 60
5 37
9 26
9 82
1 32
6 76
7 53
5 85
8 39
4 46
9 33
7 2
3 44
1 56
7 51
1 71
1 15
1 62
6 55
9 73
2 49
3 27
8 18
4 33
2 89
2 43
8 40
2 86
4 30
7 6
2 65
7 55
1 92
7 91
7 37
5 19
7 6
4 60
3 17
5 12
6 22
5 90
4 73
3 3
4 6
1 83
1 86
7 44
1 55
2 14
6 51
9 68
4 14
1 43
6 18
1 40
1 88
2 45
4 98
7 49
5 7
2 56
3 72
1 92
2 5
4 77
2 59
1 92
9 69
2 31
2 29
3 33
9 47
7 53
4 41
1 84
4 86
10 5
10 5
6 33
10 89
2 1
2 51
9 48
10 84
7 21
4 70
9 21
10 26
7 45
7 63
6 61
8 34
3 25
7 90
1 73
3 91
1 69
3 76
5 78
2 50
6 96
9 40
9 33
9 97
3 91
3 1
1 58
1 56
2 9
8 83
10 31
6 100
6 62
4 75
5 76
7 48
9 14
2 13
8 94
4 21
1 44
8 53
1 97
4 62
10 9
4 8
9 24
3 44
10 71
8 58
3 57
4 1
7 89
9 59
6 67
2 17
4 59
7 64
4 41
7 99
7 32
5 93
6 6
3 14
2 14
6 62
5 65
6 14
8 61
4 60
3 68
9 13
3 33
4 82
1 98
2 40
6 59
4 26
4 90
10 62
5 9
2 11
9 48
9 6
7 79
2 42
8 29
5 6
8 10
9 19
2 8
9 84
3 57
10 18
5 77
6 16
4 76
1 28
5 82
1 41
3 39
2 62
10 82
10 7
5 78
5 86
3 16
9 48
4 12
10 59
3 78
5 37
9 84
5 7
8 92
4 36
4 9
7 52
3 83
2 97
9 76
7 77
9 32
8 82
7 90
7 72
2 77
6 1
10 17
9 15
10 72
1 78
7 12
1 12
7 73
6 67
1 84
2 87
2 58
9 61
4 91
2 92
10 50
3 31
2 99
5 19
7 36
3 19
10 73
9 30
5 7
6 26
3 36
1 67
7 61
2 58
3 28
6 80
1 29
3 51
3 37
2 53
10 27
2 68
5 3
9 34
10 93
7 29
7 46
1 26
10 73
9 60
1 73
4 37
10 99
2 41
10 76
8 27
2 65
2 29
8 72
10 27
8 39
5 84
10 35
9 9
1 66
7 76
7 10
3 93
1 10
4 7
2 48
6 54
7 27
10 16
1 81
10 3
1 49
10 28
1 98
9 18
9 69
6 25
4 94
8 73
6 16
6 2
3 60
8 70
5 99
3 32
8 77
4 96
4 51
7 20
9 72
7 82
5 68
3 51
4 14
6 77
9 88
2 28
4 29
3 99
2 3
5 14
4 2
5 68
1 54
10 28
4 69
8 1
5 13
8 19
3 53
5 32
1 34
7 24
3 26
8 29
3 49
5 96
10 53
10 9
8 36
8 9
2 84
4 27
3 47
7 84
10 76
2 56
7 58
3 87
10 36
8 40
3 87
8 37
7 13
4 44
2 31
7 35
10 74
5 60
6 90
4 3
3 99
9 56
5 77
7 76
4 87
2 64
6 52
8 14
9 99
10 61
3 86
10 28
1 71
3 40
4 42
8 51
5 25
9 84
8 17
5 59
6 79
5 77
2 13
4 42
10 31
3 17
6 49
3 87
9 50
3 18
2 11
9 48
1 43
6 15
2 28
3 93
9 83
4 58
10 36
4 90
4 5
8 25
2 56
10 5
4 52
3 88
10 42
10 91
3 17
9 98
3 65
5 81
3 48
3 33
3 82
4 89
2 12
8 44
4 92
3 96
10 52
7 76
6 13
10 75
4 39
1 30
8 52
9 28
2 73
2 36
1 84
1 31
9 48
7 25
1 79
10 68
7 16
6 47
3 6
3 37
10 40
9 85
8 5
7 21
2 83
10 48
2 37
5 65
10 59
8 48
4 71
7 79
7 26
7 78
10 32
1 92
8 52
10 28
3 88
1 53
5 86
7 82
6 33
1 67
10 43
9 4
3 99
6 68
1 46
1 83
7 83
2 28
2 81
1 91
5 26
3 71
9 61
7 96
4 64
7 79
9 25
1 91
4 83
5 4
6 33
1 71
6 79
10 54
5 25
7 30
3 2
7 71
9 45
9 39
5 6
1 63
1 56
4 99
8 7
10 9
5 51
6 2
8 4
7 53
10 12
1 25
7 19
6 26
7 46
3 31
7 80
1 15
2 25
1 33
7 32
8 7
8 40
3 56
9 91
5 34
7 80
10 83
7 91
7 91
8 47
2 96
8 84
7 9
7 28
10 14
1 100
8 88
7 23
9 29
6 79
4 100
5 23
5 38
2 41
8 6
3 1
3 41
5 68
5 96
5 80
3 100
2 13
4 11
10 73
1 72
1 80
4 3
10 85
1 81
5 30
4 76
10 52
3 4
7 67
4 21
1 70
9 20
8 50
1 53
10 73
7 71
10 62
5 72
6 76
3 51
10 60
1 29
1 59
9 28
1 33
2 14
5 5
2 50
7 67
7 16
2 81
9 8
4 9
3 23
8 10
10 9
7 41
8 35
7 91
2 8
10 18
4 43
3 3
8 61
10 32
8 68
9 30
8 69
7 73
5 54
7 83
6 16
4 31
7 80
9 20
5 21
9 67
6 75
7 18
2 67
3 37
5 96
1 11
10 80
2 15
9 55
2 45
4 46
2 56
1 48
10 37
7 24
8 6
8 26
1 82
9 79
2 15
6 96
10 2
6 42
2 41
6 66
7 69
9 8
4 79
4 70
8 35
