8 3
10 98
1 94
10 50
2 66
6 6
5 12
7 96
4 45
2 95
1 80
1 34
2 54
3 3
8 4
8 80
5 96
10 26
9 9
8 17
2 49
10 73
4 12
5 42
3 83
4 20
6 91
4 91
7 1
8 60
10 79
2 74
3 96
3 47
3 45
2 28
3 8
10 77
5 71
2 97
4 70
9 95
2 81
2 93
8 73
6 22
1 30
6 47
9 12
8 82
3 90
9 71
6 27
2 88
10 67
2 9
2 34
4 30
1 38
9 93
8 64
2 67
1 61
9 55
1 42
5 21
5 1
9 70
3 82
1 17
10 87
3 30
4 87
5 51
8 23
3 39
4 4
5 9
3 21
7 89
7 42
10 50
10 49
1 88
3 80
8 81
2 52
3 43
9 41
6 20
6 36
5 39
1 70
9 87
1 98
1 26
6 14
2 24
10 35
4 66
4 67
7 54
6 12
4 1
4 76
6 96
9 56
6 20
4 90
8 1
9 67
2 62
2 33
7 19
8 46
2 87
7 50
9 69
5 47
9 83
6 8
10 63
10 51
9 62
10 12
3 71
5 80
4 48
10 83
4 51
10 34
7 20
4 56
2 7
8 60
9 10
4 4
4 54
5 93
10 63
6 28
4 81
8 73
10 29
1 7
5 93
1 68
10 9
10 95
2 3
5 23
4 66
4 22
4 23
5 51
9 93
7 2
4 72
1 39
4 76
3 67
4 28
9 83
4 17
3 93
6 65
4 81
2 98
7 100
9 76
10 53
3 97
9 62
3 42
6 82
5 27
2 65
8 95
6 88
1 77
4 7
3 25
9 61
4 4
3 63
1 4
3 42
9 46
6 95
9 57
3 40
8 72
1 86
8 36
10 14
8 57
4 1
7 16
8 67
7 1
1 16
9 63
8 30
3 13
1 99
5 20
1 84
9 27
1 6
8 6
6 41
6 60
10 39
10 44
9 88
2 8
8 93
5 17
3 45
3 78
4 88
2 3
3 79
8 33
3 89
2 97
3 2
5 59
1 5
3 15
2 75
1 19
3 67
5 70
2 57
10 20
6 20
2 34
7 43
4 30
10 43
3 90
5 16
1 54
6 35
2 59
6 21
4 59
10 38
2 11
9 11
7 16
2 61
5 85
1 48
4 42
7 84
9 11
4 96
1 17
6 33
5 86
2 97
10 91
4 42
7 10
6 41
3 78
4 20
6 93
5 5
10 52
3 16
4 54
1 1
10 67
6 82
7 12
4 20
2 44
8 6
6 9
9 34
8 29
1 93
9 53
4 46
7 1
4 83
5 14
5 43
8 24
7 4
7 51
9 1
10 46
7 4
3 31
3 71
10 30
5 100
5 12
4 83
4 96
2 16
9 3
10 99
6 85
7 65
5 92
7 72
8 8
6 98
7 68
8 79
10 33
7 45
10 32
10 85
7 11
10 17
6 5
1 84
8 54
5 19
3 76
10 78
9 55
6 18
2 48
1 62
3 61
2 24
6 97
10 92
8 51
8 80
4 20
3 59
6 27
1 100
9 10
1 62
6 71
2 46
2 36
6 77
1 87
5 41
6 37
3 75
10 47
1 55
2 9
8 15
2 71
8 13
8 9
8 73
7 99
3 92
4 42
7 95
1 99
9 87
4 73
3 14
8 61
5 92
4 55
5 49
4 83
6 10
5 31
2 26
3 28
6 42
7 88
3 21
6 72
3 20
9 42
4 42
10 90
3 88
4 45
4 100
8 27
2 23
6 64
5 89
1 50
2 73
5 69
10 86
2 11
4 6
2 59
6 10
4 77
7 99
2 69
4 76
8 98
1 80
5 62
1 7
1 76
4 65
10 17
5 91
3 19
10 11
1 20
1 46
5 43
4 21
2 62
1 58
10 37
6 73
7 27
8 99
2 19
9 62
1 76
1 43
2 18
5 57
8 21
1 55
6 12
3 86
6 1
2 33
4 36
1 66
9 73
4 74
8 26
8 32
2 26
6 26
6 5
4 89
9 90
10 24
10 88
5 46
6 24
1 53
3 70
8 54
1 10
9 83
3 99
3 38
5 100
6 73
3 15
3 35
3 8
2 70
7 74
1 20
8 97
10 83
1 32
10 15
1 5
5 58
3 92
9 94
5 65
5 71
1 58
6 87
3 25
5 88
5 6
10 98
4 22
3 10
5 97
6 43
9 98
10 96
6 97
4 90
3 100
5 8
9 19
2 29
7 91
7 47
8 22
1 54
6 37
2 47
6 34
9 3
6 13
6 52
6 39
1 8
7 83
10 73
10 34
9 81
1 85
10 82
8 36
1 98
2 45
3 17
6 91
6 56
3 15
4 3
4 62
10 82
7 73
8 34
6 18
10 42
5 19
9 41
3 57
9 92
3 46
4 53
8 48
3 40
10 7
8 12
9 54
2 73
2 95
3 9
2 36
8 54
6 89
2 61
4 12
8 97
9 57
7 30
4 16
4 40
9 40
9 59
1 70
6 94
4 31
9 93
7 23
4 4
7 91
10 25
9 26
7 61
2 4
2 44
2 20
10 16
5 56
7 29
8 11
1 67
10 15
5 3
3 24
7 39
8 82
1 25
3 35
6 36
5 89
10 44
2 95
4 56
3 18
9 13
3 84
6 13
10 77
2 89
6 11
10 60
4 28
6 14
1 50
4 58
3 15
7 13
8 78
5 39
3 67
9 68
1 6
4 7
10 83
6 71
1 11
8 87
9 27
3 72
3 96
9 71
6 10
8 16
8 73
9 87
3 41
2 81
5 29
4 67
7 52
10 67
5 6
8 61
9 22
6 90
3 9
8 51
10 50
3 36
9 47
7 63
7 13
1 8
3 21
3 16
4 41
10 28
9 41
7 84
5 41
3 48
4 72
7 49
5 71
1 81
2 66
4 58
6 20
2 58
3 17
4 69
5 8
7 91
1 71
8 29
5 37
9 90
9 22
9 43
8 2
6 76
1 43
3 85
1 81
3 3
6 70
8 56
6 71
9 2
9 10
2 51
2 80
1 89
10 75
8 63
2 13
9 28
4 93
6 57
6 68
6 25
3 31
6 91
8 64
5 1
10 91
4 60
2 76
3 73
10 34
8 7
7 38
9 38
3 82
3 64
7 25
5 54
2 77
4 16
7 1
7 66
5 73
7 39
5 31
5 93
6 64
10 5
7 44
10 53
2 2
3 39
4 77
2 38
4 52
3 73
10 45
9 4
10 33
5 83
4 19
10 81
2 4
1 14
9 83
10 53
3 87
6 86
2 42
7 92
9 75
1 79
1 20
3 20
5 47
3 46
6 31
1 73
8 84
6 94
5 47
7 59
1 31
4 21
10 82
9 48
10 59
1 22
6 38
9 24
9 86
3 26
7 4
2 18
5 77
4 45
9 1
9 14
7 79
1 100
6 55
1 71
6 88
1 30
10 12
1 4
3 27
2 36
5 36
3 28
2 38
2 55
9 59
10 75
5 54
9 51
5 15
1 28
1 65
6 11
10 41
7 11
10 74
6 53
1 88
8 46
3 41
5 56
1 3
8 77
9 9
7 25
5 6
2 79
1 56
8 88
2 32
9 61
8 22
10 47
5 9
6 96
1 59
1 15
1 40
3 97
1 12
3 88
10 42
5 61
1 14
5 35
6 87
1 7
7 56
1 3
9 14
3 86
9 16
10 6
7 50
7 21
7 66
3 50
5 60
8 58
2 2
6 59
9 29
9 68
6 100
2 61
4 71
2 62
9 11
7 72
2 25
3 20
7 48
6 49
8 41
2 48
4 34
1 43
7 39
10 92
8 57
4 4
5 92
1 49
5 9
8 40
1 41
10 75
6 93
4 67
2 40
7 42
6 22
6 80
6 43
8 20
5 92
8 6
10 1
3 49
8 21
10 51
7 79
6 4
10 51
10 5
1 12
7 61
10 100
2 19
3 15
10 19
10 8
1 42
9 87
4 41
3 4
5 1
5 85
4 59
4 72
10 95
5 39
2 43
5 86
6 98
3 1
2 42
2 67
8 95
3 29
8 22
6 74
2 3
2 13
2 43
9 24
1 5
5 41
6 84
10 28
6 90
8 75
5 92
1 47
10 39
9 78
1 87
2 6
3 95
6 66
8 80
9 100
7 43
2 88
6 70
3 47
4 95
6 40
3 6
5 8
10 100
8 52
5 76
8 58
1 42
6 72
9 39
1 96
5 1
4 70
10 91
10 3
9 81
4 72
3 62
3 31
9 3
3 26
8 58
8 7
1 11
4 99
9 51
9 64
2 6
1 45
1 43
8 64
3 80
4 28
8 47
10 64
9 65
7 49
8 13
4 80
10 8
10 20
7 5
5 67
7 44
10 95
2 9
10 45
2 87
10 98
6 43
8 11
5 36
2 51
1 59
3 39
7 72
1 1
7 11
1 90
7 2
5 27
7 81
8 47
7 52
3 16
1 22
9 51
7 13
2 30
1 90
2 1
3 90
1 100
5 16
5 53
1 35
9 65
3 20
3 74
