2 67
8 5
8 89
4 49
7 66
4 83
10 83
7 22
5 71
6 92
3 90
3 14
2 48
7 55
10 89
9 68
5 88
1 6
9 45
6 41
4 12
8 51
3 80
3 89
1 20
2 40
9 45
8 51
5 33
2 60
1 4
5 26
1 50
7 67
1 29
5 92
10 89
7 90
6 13
6 90
6 28
2 50
1 14
8 39
2 50
4 83
9 58
1 64
5 77
7 35
10 40
9 11
6 31
7 82
7 87
9 71
1 19
1 77
5 100
10 47
2 35
3 77
1 17
4 44
4 97
4 66
7 94
7 13
3 11
9 26
1 10
6 74
2 33
5 13
10 44
3 83
1 71
1 4
5 67
5 27
5 90
6 96
6 60
6 68
2 69
10 54
9 80
4 99
8 98
10 50
6 1
7 54
4 44
4 90
7 84
6 12
3 3
7 29
10 41
5 25
10 29
1 38
5 20
5 92
9 37
8 44
2 67
2 1
4 88
2 85
9 35
1 85
7 46
4 69
1 98
6 3
1 3
9 18
5 99
7 51
3 72
6 71
10 71
7 4
2 29
5 19
8 44
3 95
2 9
4 17
10 10
5 47
3 15
4 27
9 67
2 68
3 49
1 20
9 48
7 99
4 73
4 3
1 96
1 17
9 18
7 96
7 85
3 13
1 17
4 83
3 84
2 92
5 78
9 22
7 51
6 77
6 93
6 21
6 78
5 100
6 47
7 21
8 4
5 4
9 89
8 40
9 36
3 7
9 33
6 81
2 75
5 66
5 97
10 86
3 10
5 16
4 17
4 14
5 6
9 89
9 58
8 93
7 14
4 45
8 63
1 29
6 76
9 8
10 9
1 56
7 45
8 13
5 36
1 35
4 28
5 84
4 14
10 86
3 23
8 65
5 80
3 82
7 11
6 29
8 77
8 57
5 26
3 2
4 24
5 6
1 13
8 96
4 3
8 11
9 17
3 76
5 88
4 40
3 60
2 85
10 41
5 72
9 66
9 35
5 65
4 32
6 89
9 54
8 94
9 8
10 44
7 46
7 3
10 64
4 21
4 54
1 89
10 8
2 60
4 58
5 39
8 2
9 13
9 26
5 47
6 90
7 78
4 82
9 49
1 97
2 48
5 78
2 52
2 96
3 45
2 65
5 66
10 51
6 73
8 95
8 91
1 16
4 66
8 93
2 69
6 34
9 1
5 73
1 56
10 25
2 84
2 72
2 46
1 63
5 23
10 62
1 48
7 26
6 41
1 14
10 45
8 73
3 35
5 41
10 11
2 100
8 85
9 5
8 54
3 54
10 65
8 51
8 90
10 40
9 81
10 70
4 76
1 10
6 66
9 24
6 39
4 22
7 73
2 42
9 36
2 60
8 19
9 57
8 75
6 98
6 18
2 37
3 77
1 19
5 26
3 38
7 18
3 70
2 71
5 11
2 94
6 89
7 40
5 29
8 58
10 88
7 23
1 23
10 1
8 29
4 21
9 89
4 37
9 43
5 84
2 86
8 45
6 18
10 68
3 63
3 47
3 2
5 28
3 19
3 48
9 89
10 44
1 15
9 88
8 32
5 63
6 37
3 9
3 30
7 76
6 70
10 77
9 25
4 62
7 30
1 11
3 66
7 13
7 64
3 7
1 38
8 64
3 92
1 59
9 28
5 7
4 95
9 42
2 16
2 44
6 71
1 76
8 44
8 19
7 45
4 2
3 2
10 64
2 41
7 17
8 94
4 5
7 86
4 68
9 55
1 86
7 51
10 36
3 59
7 27
1 26
9 41
10 21
1 6
8 94
10 11
4 28
3 39
6 38
4 64
6 54
5 81
4 22
2 74
6 15
4 48
1 83
1 64
2 49
9 82
5 19
3 71
8 20
5 8
6 100
4 62
7 17
6 40
9 95
1 96
5 61
5 27
6 19
9 62
8 24
10 93
4 33
6 80
9 15
6 53
3 67
1 86
9 61
6 84
7 12
6 45
9 79
2 83
2 75
8 29
2 57
6 15
7 92
2 22
3 70
4 97
5 8
3 96
3 52
3 24
1 94
4 12
8 43
7 56
2 54
5 27
9 44
3 67
1 76
7 52
4 20
3 85
5 99
7 28
1 92
1 97
1 12
8 27
5 44
4 55
7 50
9 82
1 14
4 1
10 44
8 27
3 9
3 16
8 92
3 6
5 72
3 98
6 44
7 96
5 66
1 11
3 72
1 40
10 61
5 46
5 97
9 40
1 49
2 58
6 82
8 86
6 76
5 55
2 34
5 65
1 1
10 36
10 99
10 94
9 3
7 69
5 99
7 93
10 100
10 16
10 10
8 95
10 52
2 61
7 56
2 92
8 5
3 79
3 9
9 88
1 54
4 82
6 69
9 35
10 7
1 81
9 67
6 79
3 80
6 43
5 20
3 82
7 39
2 48
7 39
7 30
6 16
1 22
1 84
2 2
10 8
9 30
1 34
3 60
10 69
8 41
6 30
7 39
4 54
7 73
5 36
2 80
6 100
4 92
6 23
6 38
8 89
5 58
6 75
8 51
2 89
8 68
10 92
1 79
1 65
4 37
9 22
7 66
10 67
10 57
10 19
9 43
10 57
9 61
9 62
6 81
5 78
1 88
8 72
1 98
8 70
6 93
1 58
2 51
8 79
8 44
3 12
7 45
5 28
2 56
7 98
6 56
1 99
2 79
1 50
6 27
5 96
3 59
2 71
8 37
6 34
4 21
7 22
2 4
6 18
6 42
1 84
3 69
9 16
1 92
6 36
9 24
8 4
4 47
9 75
5 78
3 74
9 65
6 40
5 39
1 92
6 48
3 35
4 72
7 70
1 68
9 8
7 43
7 8
10 43
10 15
8 72
4 97
8 11
4 62
1 72
8 96
10 93
3 20
10 37
8 11
1 45
10 82
6 70
1 22
7 26
3 98
2 65
1 62
7 92
3 62
5 65
8 20
6 53
10 19
3 55
2 97
7 71
3 12
3 11
6 1
10 37
6 97
6 70
2 97
4 3
7 94
10 19
7 35
4 61
5 55
10 16
7 6
9 44
3 40
2 52
6 8
6 6
7 44
7 27
4 95
3 73
4 87
1 51
8 53
2 4
8 85
9 55
4 88
2 39
2 50
10 27
9 14
9 45
6 42
8 56
5 62
4 85
2 32
4 55
5 78
2 55
7 9
3 3
8 42
1 29
2 27
8 5
8 16
5 9
8 76
10 1
7 8
8 27
6 42
6 36
10 74
6 9
3 10
6 65
5 53
10 64
7 3
10 42
6 79
8 62
4 34
6 30
7 35
2 40
2 13
7 6
10 57
8 46
5 97
1 10
9 71
8 96
10 6
8 34
7 88
2 100
8 71
5 63
6 25
8 75
5 8
7 32
3 76
10 51
6 70
2 76
9 17
8 80
5 67
5 44
4 9
9 73
2 56
10 59
6 70
3 72
10 48
1 36
10 70
4 47
4 64
7 28
5 92
2 20
10 19
3 98
9 36
1 2
10 85
6 48
9 96
2 84
9 65
3 85
10 35
4 19
3 92
9 62
6 31
5 8
6 41
6 75
4 16
7 21
4 45
8 92
8 40
9 71
9 6
3 98
9 47
4 22
8 30
8 46
10 50
7 53
6 67
9 78
4 89
10 9
10 41
1 9
9 75
5 7
4 84
2 41
5 34
10 33
6 41
4 32
3 53
9 31
7 18
1 69
8 36
2 27
3 65
9 81
5 64
10 39
8 91
5 32
8 5
4 46
1 50
2 3
10 100
1 5
10 77
3 46
10 47
6 14
1 32
3 5
5 34
2 8
7 66
5 88
3 22
3 8
8 53
5 61
8 92
8 19
6 2
7 14
4 12
4 30
3 23
5 61
1 79
5 92
1 98
9 90
5 83
1 96
6 77
8 33
1 84
2 70
2 50
8 45
9 2
9 68
4 26
9 29
7 67
7 38
10 7
4 64
2 63
1 36
7 83
10 70
9 59
3 81
3 64
5 11
7 49
5 44
6 76
8 9
1 92
6 23
7 72
3 15
2 86
4 72
1 50
7 73
9 55
3 40
7 13
1 88
8 13
1 16
6 86
8 81
8 72
10 18
5 94
8 55
9 72
6 51
7 28
10 63
5 43
6 8
9 93
3 56
5 78
7 54
4 23
9 49
6 41
7 64
1 37
4 35
10 25
10 29
2 43
1 2
1 36
10 100
9 24
4 75
1 8
9 42
10 12
10 60
5 89
3 52
9 68
3 81
4 82
7 11
6 95
1 43
10 32
9 1
6 85
10 25
8 76
1 63
8 77
8 76
9 55
10 74
1 28
6 20
9 49
3 64
7 57
10 18
5 81
9 26
5 64
9 1
6 89
1 21
4 42
10 79
10 3
10 79
9 84
9 27
8 8
8 45
4 93
1 83
10 57
6 44
10 47
7 33
1 6
5 69
2 46
3 90
10 53
5 86
2 90
5 48
5 62
6 65
4 7
8 45
1 42
7 86
4 16
