5 14
2 61
8 51
8 87
6 2
6 2
2 85
5 71
8 55
2 9
9 54
1 42
4 18
8 11
4 79
2 63
10 87
5 33
4 43
5 95
1 36
2 15
2 53
10 69
9 3
1 95
5 24
1 18
5 37
6 56
5 33
2 48
8 91
5 30
10 64
9 60
6 46
7 74
7 72
1 45
2 36
7 76
7 37
7 3
4 67
8 74
9 30
5 35
10 14
9 56
10 79
5 4
8 3
5 92
9 85
4 73
6 34
3 13
8 18
7 91
3 10
6 37
6 8
2 77
2 12
3 52
2 47
3 11
3 9
2 27
4 57
2 25
2 28
5 48
6 99
5 68
8 95
4 31
2 58
2 77
7 37
9 88
6 16
7 30
2 27
3 81
8 15
6 14
6 56
1 26
5 18
10 10
8 2
3 29
3 61
3 48
10 97
6 22
6 91
5 85
2 24
8 9
7 11
2 84
5 41
3 92
7 69
3 42
3 95
8 68
4 60
2 26
2 7
4 32
2 91
3 44
8 86
8 99
5 90
3 19
9 2
3 61
10 16
2 32
6 10
5 18
1 96
3 62
10 73
10 100
8 25
3 30
1 95
9 80
2 67
6 62
7 1
2 17
6 74
6 88
5 99
4 1
1 19
6 37
7 25
2 17
8 48
8 60
6 44
7 94
5 67
5 2
7 36
7 100
3 79
5 73
7 94
3 64
6 32
8 59
8 80
2 7
8 61
5 21
8 97
5 99
6 29
2 19
10 44
9 54
3 84
4 56
8 94
5 64
2 33
10 19
5 42
10 15
8 11
9 10
5 38
10 81
4 53
10 80
1 9
7 12
8 64
4 8
9 69
3 71
2 14
2 46
5 4
4 43
6 58
8 79
4 83
6 42
1 40
10 70
1 3
9 64
3 4
9 34
5 45
9 2
4 47
7 8
6 16
1 41
6 83
8 80
1 8
5 69
10 53
4 60
5 98
1 32
5 71
9 62
5 71
5 14
7 77
4 8
3 62
6 60
2 5
6 76
5 9
10 59
5 73
5 63
10 14
4 55
4 5
9 3
6 84
4 86
10 8
9 43
2 76
2 16
3 5
1 52
10 62
9 26
7 87
2 71
1 83
8 61
3 67
4 87
5 74
5 38
3 30
7 49
6 65
7 41
1 50
7 75
9 70
3 72
1 64
1 36
1 89
1 10
6 96
8 51
9 18
6 34
5 69
2 57
9 21
4 23
9 72
2 22
2 31
10 35
9 14
2 89
3 95
2 22
8 65
4 70
5 16
3 58
1 97
6 80
4 71
2 71
4 4
1 61
8 3
8 57
1 80
8 26
2 39
7 74
1 13
3 18
8 84
10 47
7 73
3 26
7 5
10 99
8 17
7 75
3 15
4 21
7 27
4 25
5 43
8 85
2 80
9 44
10 53
8 27
3 65
9 38
3 17
9 25
6 8
6 57
2 36
4 63
7 42
4 40
10 76
5 10
1 75
2 75
10 81
4 64
9 30
4 41
9 52
10 24
9 4
5 55
8 60
9 48
1 2
8 92
8 19
10 47
4 37
7 16
10 14
10 17
1 19
7 91
6 70
10 64
7 1
7 76
10 72
8 74
5 49
7 96
9 18
7 72
9 55
3 95
7 10
6 62
7 21
7 27
9 75
6 33
6 84
10 81
1 72
4 55
9 14
8 65
8 2
4 43
8 92
4 51
3 19
7 59
1 55
8 50
5 63
1 59
10 16
4 14
4 71
4 50
7 30
6 71
1 99
6 65
1 96
9 13
9 19
6 93
6 57
8 39
5 62
7 75
7 18
4 98
10 75
3 43
2 64
5 17
5 97
10 35
8 64
1 77
1 12
9 54
4 28
1 27
10 72
1 52
5 73
7 82
5 51
7 66
9 53
1 16
2 59
5 8
7 71
6 18
4 23
8 56
8 8
5 14
3 73
9 54
8 6
5 2
7 54
4 27
2 64
1 52
4 51
4 100
6 86
10 49
4 60
5 30
2 67
4 36
4 40
5 5
1 47
6 69
1 42
2 70
2 93
10 24
4 40
4 67
8 68
4 34
2 79
9 8
5 83
5 84
6 43
8 17
1 79
9 20
7 33
9 44
1 49
5 77
8 33
7 9
1 18
1 20
1 4
5 34
7 80
7 75
3 72
7 38
2 47
7 51
5 64
1 12
5 19
8 75
4 31
10 90
10 70
3 92
2 18
3 68
7 37
6 56
8 17
2 17
9 13
5 21
2 36
6 50
2 83
7 5
3 63
1 71
1 15
3 37
4 87
1 67
7 86
2 88
3 28
7 16
2 93
5 67
10 15
5 66
5 38
1 76
10 95
2 71
2 22
1 93
8 13
8 45
10 19
2 47
5 18
9 21
4 46
9 61
2 58
2 28
8 40
6 96
5 64
2 50
6 58
4 38
7 82
4 88
10 70
1 49
2 99
6 87
9 28
7 26
1 65
1 32
2 100
1 84
2 46
7 44
3 36
7 84
1 24
9 19
1 16
4 49
4 59
10 58
6 100
5 67
4 35
7 71
7 90
5 89
10 81
10 33
1 14
10 8
1 84
1 86
3 19
7 24
6 30
6 58
1 25
9 95
3 66
3 43
5 22
6 71
9 97
10 89
10 31
5 66
9 87
2 93
6 70
6 73
10 40
3 44
8 91
6 20
8 97
9 70
8 61
7 25
9 45
7 61
5 36
9 74
4 27
4 57
10 62
4 85
10 8
3 66
9 15
4 28
2 35
3 87
1 79
2 64
5 15
1 3
5 12
5 95
3 97
9 56
1 90
2 48
1 76
4 54
8 25
6 95
2 62
5 66
2 43
2 99
7 21
8 33
2 36
7 22
10 45
7 100
8 27
2 13
4 74
6 63
9 23
3 30
7 76
8 88
2 85
9 48
4 81
9 66
10 83
6 46
6 62
8 4
5 8
8 1
7 32
4 33
10 24
5 85
2 6
5 11
7 65
2 97
5 49
10 14
5 73
2 65
1 58
2 16
1 1
7 68
4 28
3 68
1 73
10 20
9 88
6 97
9 60
2 22
7 86
3 37
5 11
10 52
7 16
3 72
10 51
6 57
6 67
1 76
8 48
5 66
8 2
5 52
4 46
3 88
8 61
2 52
5 4
7 94
5 71
10 80
10 81
2 73
5 61
10 30
7 93
1 12
2 68
5 58
3 54
6 31
9 64
1 17
10 100
7 1
10 96
3 45
8 87
1 64
5 42
3 33
2 6
5 77
4 50
2 62
10 84
5 35
8 8
4 66
8 84
2 18
3 28
2 70
10 38
5 61
3 2
9 56
10 97
3 50
9 96
10 81
6 25
2 43
10 48
6 46
8 40
5 84
1 29
2 54
9 66
3 57
3 45
6 97
5 42
1 79
3 86
10 97
6 84
2 4
2 90
5 97
2 47
5 84
3 28
8 7
10 53
4 36
2 59
4 44
6 28
6 75
7 7
7 60
10 33
8 9
2 49
3 99
5 57
8 26
4 37
10 64
5 78
3 61
6 75
7 47
9 75
7 11
8 97
6 12
6 17
9 55
4 64
1 61
9 86
5 46
1 16
8 18
2 50
4 93
10 91
8 35
9 96
4 79
7 50
4 35
6 7
3 66
9 21
3 69
1 75
7 11
7 49
10 99
9 39
5 36
10 89
2 57
8 66
5 11
2 7
3 28
4 32
4 25
3 50
5 77
5 56
8 65
7 72
5 37
2 16
4 49
3 39
5 76
4 98
6 94
1 45
5 91
4 59
2 18
6 17
1 68
1 4
4 74
6 72
2 94
5 70
2 41
10 55
3 100
3 19
9 100
3 62
6 37
8 89
5 90
5 12
7 94
5 79
4 96
4 23
7 4
6 4
8 92
10 10
5 97
10 46
10 71
3 3
2 28
2 16
7 68
6 44
7 47
3 22
3 68
6 43
4 14
9 95
7 73
6 80
10 7
2 33
8 89
4 36
4 86
8 35
3 34
4 37
6 99
7 20
3 17
6 58
4 97
6 26
6 89
7 85
4 42
9 51
2 98
1 68
4 54
1 24
9 73
3 75
4 27
5 85
9 28
5 66
2 63
4 6
5 91
4 49
9 31
9 33
8 28
9 53
6 56
2 75
8 24
6 94
5 13
3 14
4 89
5 16
6 86
6 37
10 61
6 80
5 84
9 25
2 61
1 10
7 64
1 48
7 48
7 85
1 79
9 42
6 51
7 88
10 84
10 34
1 80
10 57
5 31
4 87
5 85
9 10
4 82
3 68
4 9
9 90
1 80
3 30
1 59
4 82
2 7
7 90
5 59
10 30
10 67
6 94
8 22
7 87
7 62
3 50
2 2
5 96
4 44
7 61
10 44
7 66
3 46
7 39
9 12
3 86
8 64
4 58
10 82
2 71
8 41
5 71
3 20
10 46
2 31
1 11
4 96
7 84
6 85
4 17
8 20
5 72
3 51
1 76
1 5
8 23
5 82
10 66
9 11
