6 33
3 8
7 80
5 32
7 57
2 9
2 41
3 8
6 72
9 54
4 13
1 77
4 49
10 15
10 83
4 82
1 26
10 97
5 46
6 95
4 25
8 74
3 42
3 35
2 61
3 97
2 83
3 100
7 56
2 49
7 22
9 96
4 40
5 1
9 89
2 35
9 71
2 43
5 73
8 41
6 61
3 42
5 70
7 51
1 74
9 61
6 60
8 30
2 10
4 60
1 30
8 33
3 99
9 31
10 47
2 22
6 99
4 76
3 83
7 57
4 9
6 60
9 60
7 54
10 54
5 34
1 59
2 77
10 69
5 56
1 82
2 69
1 45
10 7
3 65
7 7
10 99
4 4
5 59
7 26
9 42
5 59
7 24
2 78
6 13
8 58
6 50
8 3
7 25
3 56
6 21
4 100
10 77
7 27
2 16
1 22
10 96
3 56
6 4
5 33
2 6
3 79
2 10
7 11
7 45
4 57
10 46
4 86
4 59
3 60
2 24
3 72
8 14
3 55
2 43
4 69
1 2
5 100
7 30
4 78
7 47
5 84
8 9
10 23
1 77
1 51
2 78
4 58
2 85
7 62
2 62
6 44
1 24
10 2
3 47
9 72
4 52
6 28
2 97
9 19
4 71
1 44
4 10
5 32
7 53
4 24
7 8
5 80
6 99
6 48
6 84
1 28
10 88
7 5
6 98
3 67
7 9
1 32
9 29
6 79
6 86
5 5
3 17
7 93
3 24
2 22
2 9
3 84
10 23
6 63
1 13
5 43
9 11
6 73
7 70
9 71
4 44
4 13
1 42
7 76
6 68
8 92
7 11
5 57
6 61
2 70
9 41
4 91
6 17
6 41
10 14
3 92
2 47
1 28
6 35
10 57
7 41
2 94
1 29
5 34
1 1
8 54
9 2
8 46
7 98
9 35
2 4
3 65
10 99
1 87
8 78
4 8
3 20
7 21
2 44
2 41
6 13
9 68
3 81
9 21
3 16
1 23
8 32
9 71
9 3
2 100
3 41
3 56
10 33
4 79
2 99
1 83
8 76
2 7
5 98
10 52
9 13
4 49
2 79
10 74
7 93
8 65
3 40
2 78
9 88
7 46
5 75
4 75
6 73
3 6
3 23
4 38
8 27
2 49
5 76
5 21
1 47
4 81
8 34
2 33
6 32
8 85
5 31
1 62
1 70
8 100
3 6
7 44
9 56
2 27
7 8
2 5
9 71
9 96
4 15
8 7
4 95
8 72
2 99
5 8
2 73
4 74
9 95
1 65
5 21
6 48
8 98
5 25
6 63
9 62
5 96
6 25
3 56
7 35
5 88
9 68
1 39
5 21
1 17
3 30
10 26
10 7
4 82
5 27
5 52
10 64
7 68
8 38
2 10
9 98
4 69
2 19
3 20
3 86
6 60
4 31
3 91
9 20
10 17
7 32
7 66
6 81
4 80
5 68
10 91
1 82
10 18
10 85
4 84
9 67
2 21
4 83
2 20
7 31
8 74
7 11
3 13
10 80
7 83
6 72
2 5
2 65
10 60
7 65
1 95
5 70
6 35
4 24
4 61
2 4
1 18
8 34
2 9
7 75
8 37
3 93
9 21
2 9
10 51
8 60
6 61
7 34
8 87
9 31
1 25
9 7
2 64
5 58
5 66
9 81
4 95
8 96
10 19
3 85
7 9
4 94
2 94
9 55
8 92
7 31
6 30
5 65
1 37
2 18
9 55
8 18
5 36
9 9
6 39
6 9
4 9
6 42
1 25
5 53
1 70
2 78
3 50
10 73
10 48
5 23
7 62
9 87
8 33
8 96
2 97
5 98
9 100
10 5
10 4
5 69
3 42
1 25
9 19
2 91
9 73
7 81
8 1
5 58
3 69
3 28
3 5
9 18
6 88
10 83
3 81
4 65
9 99
7 67
2 47
10 11
8 97
5 64
5 62
2 21
8 48
7 53
9 87
2 99
3 69
10 43
5 30
2 51
8 14
4 17
1 79
1 89
7 11
1 51
10 31
2 19
7 83
3 5
9 75
10 63
10 85
3 6
1 25
5 62
4 66
9 71
3 51
7 1
8 91
4 87
5 45
7 48
2 41
9 42
3 36
6 52
1 23
10 95
8 27
4 22
3 67
7 80
7 23
2 72
7 2
4 27
9 64
2 16
8 71
3 5
4 84
3 25
4 4
8 84
7 88
7 47
1 86
6 89
2 91
9 20
6 51
5 28
8 64
6 75
9 76
5 49
10 21
1 51
6 26
8 91
3 64
4 34
4 90
2 70
5 51
8 31
8 63
5 74
5 25
3 42
1 28
9 19
10 60
2 68
2 13
6 24
1 51
5 53
4 20
4 10
5 3
1 48
10 53
4 28
5 27
1 47
8 68
5 35
2 81
3 5
8 87
2 80
10 29
4 10
5 43
5 70
7 2
9 83
8 78
6 91
6 30
3 48
7 11
8 96
3 24
8 59
5 71
8 27
9 9
9 72
8 48
1 30
8 58
5 4
7 25
1 75
5 78
7 84
10 30
5 47
3 5
2 25
6 10
7 17
2 65
10 11
8 81
1 1
6 69
1 84
4 78
5 31
2 74
5 3
1 80
4 31
7 76
9 39
1 14
10 49
10 63
8 55
1 69
4 92
6 61
9 33
7 42
6 56
4 52
9 9
6 82
5 38
2 1
9 37
1 23
2 100
3 9
4 12
10 13
8 79
2 68
3 41
7 20
7 38
4 90
9 7
1 27
5 38
1 80
9 11
10 52
5 77
2 57
7 59
4 12
1 29
1 99
6 3
8 4
2 84
1 81
1 95
5 27
1 67
3 1
6 86
10 49
9 41
7 40
6 39
9 11
4 95
9 70
7 51
2 31
10 47
6 17
7 19
6 79
8 55
5 63
6 37
5 83
2 20
1 3
2 75
4 44
6 33
1 57
4 73
9 97
8 23
5 86
3 74
9 30
6 40
4 55
3 35
3 53
8 78
10 4
5 13
5 90
7 66
6 60
3 94
1 73
10 99
2 80
3 4
3 28
7 82
8 38
8 50
8 19
7 70
1 28
2 4
10 14
9 19
3 55
5 76
10 43
8 32
4 35
9 13
4 22
4 22
5 30
5 89
8 50
10 12
8 74
3 29
4 87
3 79
8 42
3 45
4 51
3 14
1 39
9 25
5 47
4 28
4 16
8 77
9 65
9 98
6 88
4 6
9 90
6 12
7 36
7 44
1 50
2 24
5 76
8 45
3 56
5 80
7 100
4 64
7 17
5 54
8 69
6 57
10 82
2 15
3 59
3 89
7 68
9 23
1 85
6 20
10 36
7 13
10 62
2 28
8 77
9 5
5 88
9 96
1 15
4 51
5 65
3 72
4 28
5 26
1 16
7 65
10 80
5 96
8 34
2 39
4 26
3 34
6 27
8 5
10 26
1 22
6 80
8 57
10 94
7 23
4 19
8 74
3 27
6 44
9 80
2 35
5 19
6 94
4 12
3 27
3 86
7 45
3 6
7 76
3 6
7 71
4 76
6 98
5 73
9 42
4 72
2 7
9 36
6 69
4 41
6 54
2 59
3 7
4 56
2 22
2 97
7 41
5 29
9 14
3 95
4 42
2 41
9 83
1 86
10 30
4 80
6 11
6 22
5 94
1 46
1 78
1 95
4 83
8 59
9 60
4 44
3 76
10 17
6 92
9 100
5 50
3 26
6 24
1 63
1 99
9 20
9 56
5 59
5 50
1 30
8 6
4 45
9 39
1 46
5 8
10 42
2 57
3 91
8 71
6 68
5 77
1 86
3 80
7 61
6 34
4 10
3 46
6 85
9 80
8 45
3 33
7 33
4 90
3 67
10 47
7 36
1 6
6 67
1 2
7 94
6 62
2 23
7 26
7 92
3 82
4 79
8 58
4 21
9 18
7 10
5 88
10 52
3 99
8 97
9 30
4 61
10 62
10 17
4 85
1 3
7 38
2 82
6 19
6 40
9 29
4 67
9 62
10 82
8 43
10 43
5 1
1 14
2 28
4 67
10 40
7 77
9 12
9 47
4 68
6 85
8 2
2 44
9 29
1 50
3 55
5 40
10 86
4 62
2 10
10 3
10 89
3 51
5 51
4 70
6 53
10 61
1 6
6 63
7 10
2 70
9 35
2 78
9 52
7 28
5 49
3 56
3 90
10 76
3 37
10 47
7 98
8 2
10 49
8 46
1 23
6 65
8 94
7 95
8 78
10 85
10 52
9 93
9 29
6 20
10 83
4 81
3 60
2 24
10 42
3 7
6 42
5 84
2 61
2 64
3 1
7 68
7 96
10 63
8 100
2 80
7 76
7 98
4 26
10 29
2 2
10 63
9 6
2 81
1 68
10 41
4 66
8 98
4 69
1 86
8 22
8 11
6 2
1 16
7 28
4 16
2 45
6 3
6 55
8 56
4 23
10 22
8 25
3 58
8 55
10 99
4 87
2 86
3 25
7 73
9 66
6 14
2 50
