1 4
8 62
8 80
2 22
9 47
10 14
6 97
7 2
9 83
8 52
10 40
5 52
8 52
3 69
1 22
6 1
8 50
4 13
7 6
2 92
6 50
9 47
2 18
4 97
9 28
4 1
4 63
1 69
8 68
2 21
3 75
8 61
3 50
4 96
1 78
7 60
9 3
6 3
10 35
3 20
9 11
10 38
10 46
9 13
5 11
10 47
10 54
3 59
5 62
9 34
10 58
5 2
8 22
9 40
4 29
10 17
10 57
4 5
2 56
2 1
7 74
4 72
8 88
2 77
9 99
4 27
10 29
2 21
2 2
1 89
7 19
2 36
5 47
4 70
8 74
1 8
2 33
8 86
6 40
7 43
4 66
4 55
5 4
9 86
1 93
9 6
9 70
4 35
5 79
8 3
8 66
10 47
9 36
4 59
2 46
3 14
4 41
10 87
7 10
9 60
6 26
10 32
10 57
9 60
1 86
6 18
2 59
1 50
10 51
9 10
5 79
3 30
5 17
2 41
10 4
6 28
4 4
3 57
7 57
9 40
3 56
9 17
1 54
6 57
9 90
5 59
3 62
7 91
8 54
2 99
5 1
4 66
6 48
7 39
4 57
2 18
6 41
8 70
3 70
1 7
7 37
6 42
9 52
6 76
1 52
9 68
1 85
10 46
5 99
8 1
2 5
5 55
4 53
4 88
3 16
8 81
4 20
2 64
5 20
7 38
4 10
5 12
4 53
1 51
10 67
4 51
8 2
3 2
2 91
5 23
7 91
4 18
3 26
1 39
9 62
10 60
3 10
10 55
9 64
5 61
8 65
9 57
10 51
1 97
10 25
8 91
2 63
10 63
2 65
9 53
1 47
9 19
8 67
5 22
2 71
5 54
10 21
7 91
10 97
3 98
5 98
2 81
2 77
7 96
9 23
9 85
6 46
3 59
4 16
8 99
7 49
8 32
1 10
4 1
6 67
1 69
10 73
6 19
8 92
5 32
5 61
7 15
1 56
9 35
7 23
5 32
2 14
8 52
7 46
2 44
8 13
7 16
2 31
9 63
7 57
8 24
8 12
3 95
5 44
5 13
1 18
8 88
6 27
7 45
9 28
10 59
2 100
6 25
3 41
4 32
5 43
2 24
4 18
1 89
9 99
4 26
5 54
3 51
7 3
6 32
3 35
10 26
2 27
9 88
3 69
10 86
2 26
6 83
8 24
8 46
9 40
6 61
9 99
6 5
6 99
10 29
4 45
8 13
4 75
9 50
3 92
6 97
6 43
9 86
1 38
3 21
5 83
7 84
4 45
7 74
1 98
9 91
8 44
5 36
10 27
9 75
10 34
5 98
7 70
8 13
6 79
8 49
9 41
7 95
8 100
5 15
2 88
8 19
10 14
7 35
5 99
1 51
2 47
9 79
5 85
7 31
6 73
2 64
10 93
10 40
4 44
9 10
9 78
10 29
4 41
10 3
4 20
3 93
1 75
7 78
2 66
10 69
1 35
7 53
5 55
6 25
8 85
6 57
7 4
9 92
4 82
7 19
1 45
5 54
2 21
7 6
8 53
9 71
4 8
1 73
10 84
9 11
9 62
7 35
2 88
7 5
1 41
1 54
9 87
10 37
6 35
1 55
3 57
8 76
7 90
7 50
10 52
1 45
4 1
9 40
1 20
5 8
1 26
5 74
6 29
7 32
10 47
10 69
4 26
5 93
3 55
7 34
9 33
8 40
6 16
6 96
2 4
6 36
4 12
4 51
5 95
5 40
10 95
7 24
6 17
5 86
3 68
6 91
7 45
1 72
2 25
7 64
9 71
4 74
5 69
8 95
8 14
2 64
1 85
10 29
9 21
9 58
4 54
8 11
1 56
6 32
1 54
8 94
7 53
7 58
3 12
7 27
4 29
8 22
3 30
1 90
2 90
7 58
10 43
1 29
9 93
4 53
4 40
3 44
8 95
10 3
1 56
1 80
5 17
3 91
3 58
1 85
3 73
1 66
8 40
8 26
2 28
2 74
6 7
5 45
5 96
2 46
2 47
4 93
3 89
1 66
7 69
8 17
2 97
8 13
1 44
6 56
6 54
10 65
10 7
4 61
1 12
10 58
2 55
1 70
10 94
4 60
2 59
4 58
8 67
7 28
8 73
5 20
5 34
6 36
8 4
3 12
4 80
2 25
8 85
4 3
2 87
9 53
9 72
4 89
9 98
7 70
4 66
3 59
5 9
9 51
10 66
1 50
5 47
6 40
2 82
7 92
7 64
2 45
5 96
1 76
2 75
10 45
8 87
1 4
6 10
6 16
3 45
4 80
7 42
1 34
9 4
1 37
1 26
4 3
3 83
1 37
5 5
10 31
6 35
1 7
2 93
3 100
5 84
10 33
10 72
8 97
1 96
7 27
2 64
8 63
4 76
10 94
2 20
10 64
8 32
8 100
2 15
9 66
6 89
7 4
4 38
10 34
7 69
5 97
2 18
8 87
7 65
4 25
5 89
5 37
6 60
6 11
10 95
3 48
2 86
4 79
3 59
3 41
3 97
1 83
10 9
5 85
7 28
4 1
10 39
3 34
6 100
1 13
3 6
3 71
2 5
7 73
5 71
3 37
4 59
4 49
2 89
1 50
7 26
3 6
1 66
6 39
3 64
2 88
3 11
5 43
6 76
10 11
10 95
7 82
6 94
10 71
3 20
7 65
4 12
9 61
7 71
5 83
8 4
4 10
4 75
4 95
2 76
3 79
6 98
8 90
2 64
7 57
9 24
6 91
1 100
6 24
10 22
9 23
8 52
5 58
1 68
1 60
3 29
4 3
10 13
2 31
1 23
8 68
5 5
8 72
4 15
3 49
7 49
10 94
3 16
3 48
4 5
10 29
2 91
1 53
9 79
9 38
10 93
2 2
5 42
3 63
10 77
9 3
10 75
3 97
10 92
9 24
6 59
4 51
10 10
9 91
7 36
6 42
8 44
9 21
8 63
10 57
5 33
4 62
1 57
7 16
1 71
9 39
10 84
2 70
4 14
6 64
3 57
2 16
4 93
7 24
1 73
8 34
8 65
2 66
5 77
4 62
5 87
3 43
4 88
8 90
5 26
8 61
9 25
3 44
1 92
7 71
8 87
3 1
1 4
10 87
2 47
10 12
2 95
10 6
9 82
2 90
6 96
10 20
3 93
4 2
8 37
3 83
7 50
8 95
1 53
2 10
9 53
2 54
5 78
1 35
2 74
3 23
2 22
6 30
8 48
10 65
8 84
10 38
8 5
9 63
3 46
2 33
7 22
7 92
7 65
8 58
1 89
6 88
6 34
6 100
8 58
7 25
7 61
1 74
7 68
7 63
6 85
7 42
2 23
7 49
9 64
7 79
2 78
7 62
6 66
4 61
4 60
5 84
1 51
1 21
8 44
7 97
7 27
5 76
9 86
3 89
7 24
1 90
2 65
4 93
5 91
6 37
10 97
5 52
3 24
3 57
9 44
7 13
3 56
5 79
7 71
4 30
5 11
6 92
8 83
4 8
5 53
2 64
10 90
2 34
7 78
8 13
2 97
5 80
9 85
4 59
4 93
2 70
4 13
4 28
6 19
10 32
5 92
5 10
6 54
10 13
10 35
3 97
1 62
10 94
2 64
10 17
2 40
1 65
7 96
5 5
6 90
1 9
9 84
1 40
2 1
8 22
1 53
1 66
5 31
9 99
9 53
3 23
1 68
6 77
4 55
1 33
10 63
7 58
10 17
8 5
6 100
5 61
2 77
1 22
7 97
4 94
3 18
9 91
1 75
8 52
3 58
1 19
1 83
8 64
3 35
8 8
4 2
3 61
10 27
3 39
9 51
4 4
9 66
9 76
7 46
9 22
5 80
8 52
1 21
9 99
7 66
10 43
2 36
4 35
5 7
10 88
2 38
10 32
6 28
4 82
2 91
6 17
7 99
1 2
3 33
1 3
4 61
1 21
7 25
3 19
6 1
8 33
8 53
10 80
9 18
6 45
2 5
8 7
4 61
3 87
5 72
5 11
6 34
1 59
3 54
9 28
10 61
3 14
4 92
2 50
8 38
9 53
8 49
5 84
6 15
6 13
8 57
7 71
8 95
7 19
3 73
4 71
8 55
6 63
4 4
5 14
6 26
8 27
3 30
5 74
4 73
8 50
2 17
7 92
5 49
9 98
3 1
10 39
1 74
2 65
3 25
10 69
5 80
1 69
7 40
1 11
6 32
6 93
3 39
4 30
6 20
3 21
4 15
4 70
6 100
9 78
1 73
1 95
8 29
4 17
5 84
6 71
3 66
4 87
9 59
8 69
2 16
4 83
4 78
7 62
8 67
5 16
8 94
8 15
3 41
10 18
7 42
8 15
9 47
10 94
8 50
8 72
1 49
3 52
4 11
8 79
7 1
7 94
6 92
8 7
3 20
6 76
5 36
9 71
1 81
9 95
6 35
7 40
1 91
8 72
5 20
7 54
3 40
5 68
1 14
10 52
